{"proj": [[[0.5508570671081543, 0.48928359150886536, 2.3294309330722167e-17, 0.0011347141116857529, -8.830475970314711e-17, -0.07928520441055298, 0.012883390299975872, -2.412374649198624e-17, -0.026229988783597946, -2.2297851168893838e-17, 0.01762625202536583, -0.00331473839469254, -2.2702549283585407e-17, 0.009873556904494762, 2.832537525827331e-18, -0.006809181533753872, 0.000810528639703989, -8.328535826300388e-18, -0.0028303521685302258, 9.363662820609194e-19, 0.0021354600321501493, -0.0007765538175590336, 5.895912829682232e-19, 0.0007611462497152388, 4.9140095311172326e-18, -0.0005671542603522539, 0.00027064766618423164, 2.8126916017758056e-18, -0.0002033215860137716, 4.9615451193788174e-18], [0.48928359150886536, 0.44401296973228455, 3.42827618763338e-17, -0.0013047968968749046, -1.0389594296202431e-16, 0.007926424965262413, 0.07032281160354614, -2.51862269015861e-17, -0.028852228075265884, -2.2813735592802334e-17, 0.002334005432203412, -0.01609901897609234, -2.3234216313581415e-17, 0.008710495196282864, 3.215114142602241e-18, 0.00040870625525712967, 0.0061634499579668045, -7.100788039034882e-18, -0.0013667709426954389, 6.149605504637066e-19, -0.0004143196274526417, -0.0017983404686674476, 2.4164902863363815e-19, -9.405692253494635e-06, 4.3036974772021326e-18, 0.0002706301456782967, 0.0005810406873933971, 2.9813382190388826e-18, 0.00015329172310885042, 4.145317618906911e-18], [2.3294309330722167e-17, 3.42827618763338e-17, -0.0012705770786851645, 3.477893293188393e-18, 2.65014143447969e-32, 8.287394344173839e-18, -2.1762132608257545e-17, 0.0010753152891993523, -1.8466645047846282e-17, 2.1866800114649558e-32, -2.1439977523403662e-16, -2.2543959238696535e-16, -5.9476472974875896e-33, 9.871552750692518e-18, 8.240728208674782e-33, 1.1215612223686454e-16, 9.503509821357257e-17, 4.857846484840247e-33, 1.513092342244044e-17, -2.9240157490475467e-33, -3.9899146182001446e-17, -2.5218222247679653e-17, 3.7440838167821168e-34, -1.3584272693617366e-17, -3.1813076311312924e-34, -3.159292934298896e-17, -4.5704346043012897e-17, 3.496833411519278e-33, 4.77686753504931e-18, -3.2691445638688166e-33], [0.0011347141116857529, -0.0013047968968749046, 3.477893293188393e-18, -0.0006599391344934702, -1.6138726728261453e-19, 0.03123878315091133, 0.028852852061390877, 1.861966601654308e-18, 0.002432428300380707, 2.366985181036308e-18, -0.011390100233256817, -0.00677945651113987, 2.6849110154952984e-18, -0.002488517900928855, -3.8150694299590826e-19, 0.0032708575017750263, 0.0009687826968729496, 1.9956319576076705e-18, 0.0013758547138422728, -2.3680433518349164e-19, -0.0009526011999696493, 0.0001762254978530109, -3.2641650740472347e-19, -0.0004750382504425943, -1.125533802755365e-18, 0.00020332142594270408, -0.00015329165034927428, -3.311006761172464e-19, 0.00014169371570460498, -1.2254260980812234e-18], [-8.830475970314711e-17, -1.0389594296202431e-16, 2.65014143447969e-32, -1.6138726728261453e-19, -0.0012705689296126366, -2.858273637584724e-17, -5.119778814859801e-17, 1.1360533562111319e-32, 1.882386175460639e-18, 0.0010753145907074213, -8.939594328000256e-17, -1.123739817578763e-16, 1.676422268546582e-33, -5.817439652535398e-18, -1.2709300923032597e-32, -6.781310041515466e-17, -7.304787652574955e-17, 2.8933735500574867e-33, 1.3642283697156322e-17, 6.898816918554675e-33, 8.133349325878701e-17, 7.641571922870205e-17, 2.5587661443600455e-33, -3.2853246126102826e-18, -7.675516178323863e-34, -8.012494267917763e-17, -8.343471730312891e-17, -2.533285283925057e-33, -8.394060111343164e-18, 4.200685541493582e-34], [-0.07928520441055298, 0.007926424965262413, 8.287394344173839e-18, 0.03123878315091133, -2.858273637584724e-17, 0.5630282759666443, 0.4808783233165741, 9.348036758452608e-18, -0.0002010664902627468, 1.8396314843444574e-17, -0.08296821266412735, 0.00791015662252903, 2.8560667197104325e-17, -0.030330244451761246, -5.162771692633367e-18, 0.01987188123166561, 0.0006832180661149323, 2.1245242332724184e-17, 0.010578732006251812, -2.72843601855692e-18, -0.006998065393418074, 0.0013701983261853456, -3.7129209478136975e-18, -0.0031541374046355486, -1.24924819661923e-17, 0.002135462360456586, -0.00041431275894865394, -4.586232182357889e-18, 0.0009526008507236838, -1.3231912777823864e-17], [0.012883390299975872, 0.07032281160354614, -2.1762132608257545e-17, 0.028852852061390877, -5.119778814859801e-17, 0.4808783233165741, 0.4374662935733795, -1.2038792838951359e-18, 0.0017934005009010434, 1.2346680629881865e-17, 0.009604807943105698, 0.08148060739040375, 2.9015054051191954e-17, -0.03088873252272606, -7.293892525854774e-18, -0.0034275378566235304, -0.017711691558361053, 2.1337729397013738e-17, 0.0070160445757210255, -2.4097100936504375e-18, 0.0013701774878427386, 0.005340696312487125, -3.8548597642538154e-18, -0.0009438418783247471, -1.3081579318937252e-17, -0.0007765538757666945, -0.00179832533467561, -5.862091275591317e-18, -0.00017622495943214744, -1.332975914530215e-17], [-2.412374649198624e-17, -2.51862269015861e-17, 0.0010753152891993523, 1.861966601654308e-18, 1.1360533562111319e-32, 9.348036758452608e-18, -1.2038792838951359e-18, 0.0018369165481999516, -2.4909907217962763e-18, 7.674345643089833e-33, -5.475186560338315e-17, -5.447356895809581e-17, 0.001021618372760713, 2.1672223038756706e-18, 2.6298207371054218e-33, 3.589852685405813e-17, 3.117389618828185e-17, 2.0724880086538662e-33, 3.683473731597116e-18, -1.3169159639533053e-33, -1.716921887450176e-17, -1.3988954264696683e-17, 1.6931337344945698e-34, -4.501030924903702e-18, -4.497758677885298e-34, -1.5138416024428946e-17, -2.079150564259802e-17, 6.757293919035899e-34, 1.7940391501369127e-18, -1.4803056379557723e-33], [-0.026229988783597946, -0.028852228075265884, -1.8466645047846282e-17, 0.002432428300380707, 1.882386175460639e-18, -0.0002010664902627468, 0.0017934005009010434, -2.4909907217962763e-18, 0.004122372716665268, -1.2011574460895302e-18, 0.02855456806719303, 0.03070855513215065, 1.5971080224057741e-18, 0.0006935634883120656, -9.7307242174296e-19, -0.010807531885802746, -0.00830382201820612, -9.770270947033936e-20, -0.002113928785547614, 1.088410453851868e-19, 0.003154138568788767, 0.0009438440902158618, 4.4108307565139154e-20, 0.0011757748434320092, -2.1207729588547327e-19, -0.0007611448527313769, 9.406409844814334e-06, -7.048050311900951e-19, -0.0004750383959617466, 4.635675249112021e-20], [-2.2297851168893838e-17, -2.2813735592802334e-17, 2.1866800114649558e-32, 2.366985181036308e-18, 0.0010753145907074213, 1.8396314843444574e-17, 1.2346680629881865e-17, 7.674345643089833e-33, -1.2011574460895302e-18, 0.0018369166646152735, -4.17772928500276e-17, -4.3300330881084734e-17, -8.678098065205076e-34, -1.0850693679601897e-18, 0.0010216173250228167, 1.0474780829841714e-17, 1.0551169305049761e-17, 2.8367171100707525e-33, 5.938952898109744e-18, 9.655472026745883e-34, 2.2368755436640658e-17, 2.324699625404536e-17, 1.1053166952297238e-33, -5.003904624957352e-18, -8.463051475626716e-34, -4.4670257780758305e-17, -5.007505259445734e-17, -1.0072546605967247e-33, -2.1639344677359254e-18, -1.2469755194473177e-33], [0.01762625202536583, 0.002334005432203412, -2.1439977523403662e-16, -0.011390100233256817, -8.939594328000256e-17, -0.08296821266412735, 0.009604807943105698, -5.475186560338315e-17, 0.02855456806719303, -4.17772928500276e-17, 0.5620646476745605, 0.47718679904937744, -8.002577034117742e-18, -0.0020276547875255346, -1.1662270563874878e-18, -0.07876380532979965, 0.010058102197945118, -1.0830982172399912e-17, -0.03479795902967453, -2.260327685673108e-18, 0.019871871918439865, -0.0034275411162525415, 1.343630931398087e-18, 0.010807527229189873, 3.363680330110134e-18, -0.0068091838620603085, 0.00040869004442356527, -5.339234546299611e-18, -0.0032708575017750263, 5.183111236715434e-18], [-0.00331473839469254, -0.01609901897609234, -2.2543959238696535e-16, -0.00677945651113987, -1.123739817578763e-16, 0.00791015662252903, 0.08148060739040375, -5.447356895809581e-17, 0.03070855513215065, -4.3300330881084734e-17, 0.47718679904937744, 0.43844538927078247, -5.969964312864664e-18, -0.001671202597208321, 3.293847881642029e-18, 0.010058089159429073, 0.07846183329820633, -8.42994486067694e-18, -0.03605818375945091, -5.7806450045278146e-18, 0.000683220278006047, -0.017711665481328964, 7.004710183706235e-19, 0.008303818292915821, 1.9893766110203914e-18, 0.0008105154265649617, 0.006163437385112047, -5.748359318039257e-18, -0.0009687825804576278, 2.8525507471577452e-18], [-2.2702549283585407e-17, -2.3234216313581415e-17, -5.9476472974875896e-33, 2.6849110154952984e-18, 1.676422268546582e-33, 2.8560667197104325e-17, 2.9015054051191954e-17, 0.001021618372760713, 1.5971080224057741e-18, -8.678098065205076e-34, -8.002577034117742e-18, -5.969964312864664e-18, 0.0017308450769633055, -3.587070794287736e-18, -1.586464440943037e-33, -1.4848788659110854e-17, -1.843930838296263e-17, 0.00041338978917337954, 1.1923227435571575e-18, 7.126009762690387e-34, 1.0795900615440925e-17, 1.4737782675267463e-17, -1.0756788092256477e-33, 3.468759978454889e-18, -1.1722766187079038e-33, 3.457639445017787e-17, 4.1327852536003035e-17, -4.861317154869924e-35, -6.501784888261877e-19, -4.5153116554434555e-34], [0.009873556904494762, 0.008710495196282864, 9.871552750692518e-18, -0.002488517900928855, -5.817439652535398e-18, -0.030330244451761246, -0.03088873252272606, 2.1672223038756706e-18, 0.0006935634883120656, -1.0850693679601897e-18, -0.0020276547875255346, -0.001671202597208321, -3.587070794287736e-18, 0.0036474093794822693, 3.672114060244925e-18, 0.03479795530438423, 0.036058180034160614, -1.2204323053256642e-18, 0.0013729818165302277, -1.512646161021633e-18, -0.010578731074929237, -0.007016043644398451, 1.6122158559085957e-19, -0.002113928785547614, 1.0085148362441727e-18, 0.002830351237207651, 0.0013667705934494734, 9.230427805369512e-19, 0.0013758547138422728, 3.7651865616130137e-19], [2.832537525827331e-18, 3.215114142602241e-18, 8.240728208674782e-33, -3.8150694299590826e-19, -1.2709300923032597e-32, -5.162771692633367e-18, -7.293892525854774e-18, 2.6298207371054218e-33, -9.7307242174296e-19, 0.0010216173250228167, -1.1662270563874878e-18, 3.293847881642029e-18, -1.586464440943037e-33, 3.672114060244925e-18, 0.0017308404203504324, 3.4868630743147957e-17, 3.3778869916946096e-17, -4.8292053813114695e-34, -2.5437499556261335e-18, 0.0004133841139264405, -3.511013770351139e-17, -3.318839199975879e-17, -4.989984080322669e-34, -1.1914025051256923e-18, 4.109011675808828e-34, 1.3874278907656007e-17, 1.1522956805108697e-17, 1.2238309540345884e-33, 3.510358891460181e-18, -4.521837944977923e-34], [-0.006809181533753872, 0.00040870625525712967, 1.1215612223686454e-16, 0.0032708575017750263, -6.781310041515466e-17, 0.01987188123166561, -0.0034275378566235304, 3.589852685405813e-17, -0.010807531885802746, 1.0474780829841714e-17, -0.07876380532979965, 0.010058089159429073, -1.4848788659110854e-17, 0.03479795530438423, 3.4868630743147957e-17, 0.5620646476745605, 0.47718679904937744, 5.4953057435051975e-18, 0.0020276596769690514, -1.860677440669644e-17, -0.08296811580657959, 0.009604811668395996, -2.299571408679308e-19, -0.028554588556289673, 4.506823774130987e-19, 0.01762625202536583, 0.0023340063635259867, 4.938736027577974e-18, 0.011390098370611668, -7.09146902225386e-18], [0.000810528639703989, 0.0061634499579668045, 9.503509821357257e-17, 0.0009687826968729496, -7.304787652574955e-17, 0.0006832180661149323, -0.017711691558361053, 3.117389618828185e-17, -0.00830382201820612, 1.0551169305049761e-17, 0.010058102197945118, 0.07846183329820633, -1.843930838296263e-17, 0.036058180034160614, 3.3778869916946096e-17, 0.47718679904937744, 0.43844544887542725, 4.9716085987111376e-18, 0.0016711894422769547, -1.8393156667865846e-17, 0.00791011843830347, 0.08148054778575897, 1.0373351529540156e-18, -0.030708573758602142, 1.0086259886389845e-18, -0.0033147349022328854, -0.016099020838737488, 3.405239538446023e-18, 0.00677945651113987, -6.419288821603468e-18], [-8.328535826300388e-18, -7.100788039034882e-18, 4.857846484840247e-33, 1.9956319576076705e-18, 2.8933735500574867e-33, 2.1245242332724184e-17, 2.1337729397013738e-17, 2.0724880086538662e-33, -9.770270947033936e-20, 2.8367171100707525e-33, -1.0830982172399912e-17, -8.42994486067694e-18, 0.00041338978917337954, -1.2204323053256642e-18, -4.8292053813114695e-34, 5.4953057435051975e-18, 4.9716085987111376e-18, 0.0017308463575318456, 1.5878884740934112e-18, -2.1388708034358783e-35, 4.28002853115454e-18, 5.42792112926479e-18, 0.0010216124355793, -1.1264393587309574e-18, -6.790420360032529e-34, -6.538123242764061e-18, -7.413964409211746e-18, -3.34378276134527e-34, -3.38985930402773e-19, -8.012130924296325e-34], [-0.0028303521685302258, -0.0013667709426954389, 1.513092342244044e-17, 0.0013758547138422728, 1.3642283697156322e-17, 0.010578732006251812, 0.0070160445757210255, 3.683473731597116e-18, -0.002113928785547614, 5.938952898109744e-18, -0.03479795902967453, -0.03605818375945091, 1.1923227435571575e-18, 0.0013729818165302277, -2.5437499556261335e-18, 0.0020276596769690514, 0.0016711894422769547, 1.5878884740934112e-18, 0.003647403558716178, 1.4134293620635007e-18, 0.030330263078212738, 0.03088875114917755, 3.39160336265051e-19, 0.0006935730343684554, -6.034259304119609e-19, -0.009873555041849613, -0.008710493333637714, -4.414713077020145e-19, -0.002488518599420786, -3.812567984087934e-19], [9.363662820609194e-19, 6.149605504637066e-19, -2.9240157490475467e-33, -2.3680433518349164e-19, 6.898816918554675e-33, -2.72843601855692e-18, -2.4097100936504375e-18, -1.3169159639533053e-33, 1.088410453851868e-19, 9.655472026745883e-34, -2.260327685673108e-18, -5.7806450045278146e-18, 7.126009762690387e-34, -1.512646161021633e-18, 0.0004133841139264405, -1.860677440669644e-17, -1.8393156667865846e-17, -2.1388708034358783e-35, 1.4134293620635007e-18, 0.0017308499664068222, 1.821375277353167e-17, 1.7562465500793144e-17, 2.181473691883866e-34, 8.601922017278885e-19, 0.0010216099908575416, -4.0686388033038575e-18, -2.362393501456026e-18, -4.685016305503731e-34, -1.7837229671274577e-18, 4.179382461449812e-34], [0.0021354600321501493, -0.0004143196274526417, -3.9899146182001446e-17, -0.0009526011999696493, 8.133349325878701e-17, -0.006998065393418074, 0.0013701774878427386, -1.716921887450176e-17, 0.003154138568788767, 2.2368755436640658e-17, 0.019871871918439865, 0.000683220278006047, 1.0795900615440925e-17, -0.010578731074929237, -3.511013770351139e-17, -0.08296811580657959, 0.00791011843830347, 4.28002853115454e-18, 0.030330263078212738, 1.821375277353167e-17, 0.5630283355712891, 0.4808783233165741, 4.447598366055226e-18, 0.0002010755124501884, -2.492970785387575e-18, -0.07928521186113358, 0.007926419377326965, -9.522450272151251e-18, -0.031238775700330734, 4.151990484908376e-18], [-0.0007765538175590336, -0.0017983404686674476, -2.5218222247679653e-17, 0.0001762254978530109, 7.641571922870205e-17, 0.0013701983261853456, 0.005340696312487125, -1.3988954264696683e-17, 0.0009438440902158618, 2.324699625404536e-17, -0.0034275411162525415, -0.017711665481328964, 1.4737782675267463e-17, -0.007016043644398451, -3.318839199975879e-17, 0.009604811668395996, 0.08148054778575897, 5.42792112926479e-18, 0.03088875114917755, 1.7562465500793144e-17, 0.4808783233165741, 0.43746626377105713, 3.594697399535475e-18, -0.001793361036106944, -3.093847603645589e-18, 0.012883416377007961, 0.07032282650470734, -8.871615467207791e-18, -0.028852831572294235, 3.7103901887295915e-18], [5.895912829682232e-19, 2.4164902863363815e-19, 3.7440838167821168e-34, -3.2641650740472347e-19, 2.5587661443600455e-33, -3.7129209478136975e-18, -3.8548597642538154e-18, 1.6931337344945698e-34, 4.4108307565139154e-20, 1.1053166952297238e-33, 1.343630931398087e-18, 7.004710183706235e-19, -1.0756788092256477e-33, 1.6122158559085957e-19, -4.989984080322669e-34, -2.299571408679308e-19, 1.0373351529540156e-18, 0.0010216124355793, 3.39160336265051e-19, 2.181473691883866e-34, 4.447598366055226e-18, 3.594697399535475e-18, 0.0018368905875831842, -8.433672963697716e-19, 1.1047905467133607e-34, -1.1240051936628823e-17, -1.250770043510205e-17, 0.001075312728062272, -5.063878217897167e-19, 5.936230974412575e-35], [0.0007611462497152388, -9.405692253494635e-06, -1.3584272693617366e-17, -0.0004750382504425943, -3.2853246126102826e-18, -0.0031541374046355486, -0.0009438418783247471, -4.501030924903702e-18, 0.0011757748434320092, -5.003904624957352e-18, 0.010807527229189873, 0.008303818292915821, 3.468759978454889e-18, -0.002113928785547614, -1.1914025051256923e-18, -0.028554588556289673, -0.030708573758602142, -1.1264393587309574e-18, 0.0006935730343684554, 8.601922017278885e-19, 0.0002010755124501884, -0.001793361036106944, -8.433672963697716e-19, 0.004122364800423384, -6.221457627661818e-21, 0.026229972019791603, 0.02885221317410469, 3.077776466620661e-19, 0.002432430861517787, 8.024181854344285e-19], [4.9140095311172326e-18, 4.3036974772021326e-18, -3.1813076311312924e-34, -1.125533802755365e-18, -7.675516178323863e-34, -1.24924819661923e-17, -1.3081579318937252e-17, -4.497758677885298e-34, -2.1207729588547327e-19, -8.463051475626716e-34, 3.363680330110134e-18, 1.9893766110203914e-18, -1.1722766187079038e-33, 1.0085148362441727e-18, 4.109011675808828e-34, 4.506823774130987e-19, 1.0086259886389845e-18, -6.790420360032529e-34, -6.034259304119609e-19, 0.0010216099908575416, -2.492970785387575e-18, -3.093847603645589e-18, 1.1047905467133607e-34, -6.221457627661818e-21, 0.0018369010649621487, -8.667239817361252e-19, -1.2088052478404657e-18, 1.7127695411055907e-34, 1.9461931301541777e-19, 0.001075314823538065], [-0.0005671542603522539, 0.0002706301456782967, -3.159292934298896e-17, 0.00020332142594270408, -8.012494267917763e-17, 0.002135462360456586, -0.0007765538757666945, -1.5138416024428946e-17, -0.0007611448527313769, -4.4670257780758305e-17, -0.0068091838620603085, 0.0008105154265649617, 3.457639445017787e-17, 0.002830351237207651, 1.3874278907656007e-17, 0.01762625202536583, -0.0033147349022328854, -6.538123242764061e-18, -0.009873555041849613, -4.0686388033038575e-18, -0.07928521186113358, 0.012883416377007961, -1.1240051936628823e-17, 0.026229972019791603, -8.667239817361252e-19, 0.5508571863174438, 0.48928362131118774, 8.88104698055212e-18, -0.001134715974330902, 2.8005490039738335e-18], [0.00027064766618423164, 0.0005810406873933971, -4.5704346043012897e-17, -0.00015329165034927428, -8.343471730312891e-17, -0.00041431275894865394, -0.00179832533467561, -2.079150564259802e-17, 9.406409844814334e-06, -5.007505259445734e-17, 0.00040869004442356527, 0.006163437385112047, 4.1327852536003035e-17, 0.0013667705934494734, 1.1522956805108697e-17, 0.0023340063635259867, -0.016099020838737488, -7.413964409211746e-18, -0.008710493333637714, -2.362393501456026e-18, 0.007926419377326965, 0.07032282650470734, -1.250770043510205e-17, 0.02885221317410469, -1.2088052478404657e-18, 0.48928362131118774, 0.44401296973228455, 9.111366323130773e-18, 0.0013048071414232254, 3.933685940727056e-18], [2.8126916017758056e-18, 2.9813382190388826e-18, 3.496833411519278e-33, -3.311006761172464e-19, -2.533285283925057e-33, -4.586232182357889e-18, -5.862091275591317e-18, 6.757293919035899e-34, -7.048050311900951e-19, -1.0072546605967247e-33, -5.339234546299611e-18, -5.748359318039257e-18, -4.861317154869924e-35, 9.230427805369512e-19, 1.2238309540345884e-33, 4.938736027577974e-18, 3.405239538446023e-18, -3.34378276134527e-34, -4.414713077020145e-19, -4.685016305503731e-34, -9.522450272151251e-18, -8.871615467207791e-18, 0.001075312728062272, 3.077776466620661e-19, 1.7127695411055907e-34, 8.88104698055212e-18, 9.111366323130773e-18, -0.0012705732369795442, 9.639055027970708e-19, 5.318658499708571e-35], [-0.0002033215860137716, 0.00015329172310885042, 4.77686753504931e-18, 0.00014169371570460498, -8.394060111343164e-18, 0.0009526008507236838, -0.00017622495943214744, 1.7940391501369127e-18, -0.0004750383959617466, -2.1639344677359254e-18, -0.0032708575017750263, -0.0009687825804576278, -6.501784888261877e-19, 0.0013758547138422728, 3.510358891460181e-18, 0.011390098370611668, 0.00677945651113987, -3.38985930402773e-19, -0.002488518599420786, -1.7837229671274577e-18, -0.031238775700330734, -0.028852831572294235, -5.063878217897167e-19, 0.002432430861517787, 1.9461931301541777e-19, -0.001134715974330902, 0.0013048071414232254, 9.639055027970708e-19, -0.0006599680054932833, -4.0814944824926387e-19], [4.9615451193788174e-18, 4.145317618906911e-18, -3.2691445638688166e-33, -1.2254260980812234e-18, 4.200685541493582e-34, -1.3231912777823864e-17, -1.332975914530215e-17, -1.4803056379557723e-33, 4.635675249112021e-20, -1.2469755194473177e-33, 5.183111236715434e-18, 2.8525507471577452e-18, -4.5153116554434555e-34, 3.7651865616130137e-19, -4.521837944977923e-34, -7.09146902225386e-18, -6.419288821603468e-18, -8.012130924296325e-34, -3.812567984087934e-19, 4.179382461449812e-34, 4.151990484908376e-18, 3.7103901887295915e-18, 5.936230974412575e-35, 8.024181854344285e-19, 0.001075314823538065, 2.8005490039738335e-18, 3.933685940727056e-18, 5.318658499708571e-35, -4.0814944824926387e-19, -0.0012705823173746467]], [[0.5548338890075684, 0.48507702350616455, 1.7597183594590974e-16, 0.00023930612951517105, 2.564695202711742e-19, -0.08733075857162476, 0.017793459817767143, 4.975345387128346e-18, -0.029211483895778656, -1.1591068511107538e-17, 0.018462857231497765, -0.003915977198630571, 1.2672327574973579e-17, 0.012064225040376186, 8.081433816273648e-18, -0.007747245486825705, 0.0009786798618733883, -3.471343677098198e-18, -0.003850852604955435, -1.0772910784676239e-17, 0.0027635188307613134, -0.0009042323217727244, 3.100260786633501e-19, 0.0011871068272739649, -1.0391136946685812e-18, -0.0008347162511199713, 0.00028159303474240005, 1.478586068721573e-18, -0.0003839515266008675, 1.1173085875778368e-17], [0.48507702350616455, 0.44064316153526306, 2.227200078213482e-16, 0.0007169339805841446, -5.6043161541208045e-18, 0.011557181365787983, 0.0806773453950882, 9.762728869305042e-18, -0.03084373101592064, -1.0313076119074335e-17, 0.0026112461928278208, -0.01665765792131424, 9.407736864802397e-18, 0.010822825133800507, 7.01613272078498e-18, 0.00020663418399635702, 0.006753448396921158, -3.11258489888114e-18, -0.0021695937030017376, -9.916923607291052e-18, -0.000333273084834218, -0.002244170056656003, 3.696150584677221e-19, 0.00020844192476943135, -1.053293017933812e-18, 0.0002816130290739238, 0.0008066363516263664, 4.561208831454817e-19, 0.0001398896420141682, 8.675012833577412e-18], [1.7597183594590974e-16, 2.227200078213482e-16, 0.0001329377992078662, 1.3105192843883803e-17, -1.0634130803612139e-31, 1.2069827745635675e-16, 1.1560734474556239e-16, 0.0008592857047915459, -3.640757049430081e-17, -1.2326166171797335e-32, -2.267289618211436e-16, -2.1671695297525897e-16, -2.577743031286133e-32, 1.0338018096084647e-17, -5.819438608201799e-34, 1.5418757791062763e-16, 1.2496271776886773e-16, -6.344548005925942e-34, 1.3972248525045562e-17, 5.2483379940017335e-33, -8.390683229210478e-17, -5.2548564162729756e-17, -2.2485787154459757e-33, -1.0204922253983027e-17, -4.3007569367825176e-33, 7.779096324535311e-17, 7.433487691465345e-17, -1.0981214759412414e-32, 1.2609337771327666e-17, -2.139585740477581e-32], [0.00023930612951517105, 0.0007169339805841446, 1.3105192843883803e-17, -0.001069790218025446, -4.172907401058004e-18, 0.033276814967393875, 0.02947641909122467, 2.0532486027895923e-18, 0.002596440725028515, 3.326334986609743e-18, -0.014601044356822968, -0.008676956407725811, -4.363573773022396e-18, -0.003310845233500004, -2.2663204024159016e-18, 0.004703320562839508, 0.001622826443053782, 8.878170873562274e-19, 0.0020135343074798584, 2.3400405997630056e-18, -0.0015272010350599885, 9.501750901108608e-05, 6.231435897697523e-20, -0.0007933021988719702, 2.561175032217446e-19, 0.00038395155570469797, -0.00013988853606861085, -1.0117223324669236e-18, 0.0002885877911467105, -3.685722835682648e-18], [2.564695202711742e-19, -5.6043161541208045e-18, -1.0634130803612139e-31, -4.172907401058004e-18, 0.0001329313963651657, -8.306652659797722e-19, 3.2549166674712514e-17, -6.447181556456389e-32, 1.8565939808577148e-17, 0.0008592824451625347, 2.305118109635813e-16, 2.526717810505299e-16, 1.735904854092082e-33, -2.06824745524671e-18, 4.332016637648744e-33, -1.7011932135386026e-17, 9.282194836054612e-18, -4.674318847733767e-34, -2.1551520843772968e-17, 4.928440981749872e-34, -1.307203034594594e-17, -2.7451978824126026e-17, -2.133113762455541e-33, 5.2051324389828205e-18, 1.5262340389523222e-33, -1.1485357310365099e-17, -1.1508175087562374e-17, 8.627379157386941e-33, -6.793590750045401e-21, 1.3845195807911559e-32], [-0.08733075857162476, 0.011557181365787983, 1.2069827745635675e-16, 0.033276814967393875, -8.306652659797722e-19, 0.5701184272766113, 0.47482070326805115, -6.681723451464492e-18, -0.0013118356000632048, 3.7448841992994815e-17, -0.08484531193971634, 0.010378163307905197, -3.925356810985076e-17, -0.036346130073070526, -2.121789243295073e-17, 0.021715538576245308, 0.00023161954595707357, 8.686025089072331e-18, 0.013260086998343468, 2.2362113176321857e-17, -0.008367067202925682, 0.0015343009727075696, 2.439143144399029e-19, -0.004368958994746208, 3.652304738935505e-18, 0.0027635134756565094, -0.00033325262484140694, -6.8855399272169455e-18, 0.001527202664874494, -3.069339689661715e-17], [0.017793459817767143, 0.0806773453950882, 1.1560734474556239e-16, 0.02947641909122467, 3.2549166674712514e-17, 0.47482070326805115, 0.42920634150505066, -3.090136002878033e-17, 0.0022565394174307585, 4.4054415197267675e-17, 0.013864642009139061, 0.08949309587478638, -3.736734485032364e-17, -0.034039441496133804, -2.172641991249118e-17, -0.003893178189173341, -0.0189592856913805, 9.207410264054305e-18, 0.008872700855135918, 2.283588583524528e-17, 0.001534305396489799, 0.006178597453981638, 1.5203299192798205e-19, -0.0015016619581729174, 4.956937723366897e-18, -0.0009042444289661944, -0.002244146540760994, -4.597139385915013e-18, -9.50169560383074e-05, -2.744749881392844e-17], [4.975345387128346e-18, 9.762728869305042e-18, 0.0008592857047915459, 2.0532486027895923e-18, -6.447181556456389e-32, -6.681723451464492e-18, -3.090136002878033e-17, 0.0019385175546631217, -1.3686012600238938e-17, -2.1572565062431108e-32, -1.338426935505266e-16, -1.331220935055398e-16, 0.00081906549166888, 1.234051978867957e-17, 3.943279370134867e-34, 1.186851713083089e-16, 1.097906172955344e-16, -8.26059185915177e-34, 9.739088047398277e-18, 9.93184590148107e-35, -4.335142086443846e-17, -3.147356056315266e-17, 5.353153978364176e-34, -1.5960592194276028e-17, -4.6146686624077785e-33, -4.5217189601778367e-17, -6.095883701407896e-17, -6.368221543796542e-33, 5.8949770816142815e-18, -1.1389476437080472e-32], [-0.029211483895778656, -0.03084373101592064, -3.640757049430081e-17, 0.002596440725028515, 1.8565939808577148e-17, -0.0013118356000632048, 0.0022565394174307585, -1.3686012600238938e-17, 0.005012694746255875, 3.113737988655039e-18, 0.032033372670412064, 0.03470312058925629, 1.3016682657184251e-18, -0.0005204945337027311, -2.1859416079328987e-19, -0.013629628345370293, -0.010288503021001816, 2.8996632842347975e-19, -0.002728242427110672, 6.352217708815219e-19, 0.004368958529084921, 0.0015016611432656646, -1.59439412036417e-19, 0.0016928911209106445, 6.4939333932851e-19, -0.0011871076421812177, -0.00020843965467065573, 1.4399187872047457e-18, -0.0007933022570796311, 1.8692364852628834e-18], [-1.1591068511107538e-17, -1.0313076119074335e-17, -1.2326166171797335e-32, 3.326334986609743e-18, 0.0008592824451625347, 3.7448841992994815e-17, 4.4054415197267675e-17, -2.1572565062431108e-32, 3.113737988655039e-18, 0.0019385262858122587, 1.5174773921073102e-17, 1.7664695098337347e-17, 6.952744191266586e-33, -6.655240850563301e-18, 0.0008190685184672475, -2.4123946669694477e-17, -1.6515972838072707e-17, 1.679401412041947e-33, 4.570794096995505e-18, 2.1530538200653334e-33, 7.545335745172315e-17, 8.455377355790495e-17, 5.298038446167477e-34, 4.913239839557252e-18, 2.2506758708362396e-33, 3.556128200959781e-17, 4.938215979126862e-17, 4.329374163082294e-34, -7.00668797255085e-18, -7.601972017113139e-34], [0.018462857231497765, 0.0026112461928278208, -2.267289618211436e-16, -0.014601044356822968, 2.305118109635813e-16, -0.08484531193971634, 0.013864642009139061, -1.338426935505266e-16, 0.032033372670412064, 1.5174773921073102e-17, 0.5660327672958374, 0.47165945172309875, 1.5640637078979292e-17, -0.0023589320480823517, 1.0145400818645549e-17, -0.08280303329229355, 0.013444829732179642, -1.5550000831310325e-18, -0.0393439382314682, -2.5860556944648518e-18, 0.021715523675084114, -0.0038931823801249266, -3.511934670527094e-18, 0.013629627414047718, 3.614676706460774e-18, -0.007747241761535406, 0.0002066422312054783, 1.7945337627841888e-17, -0.004703320097178221, 3.200193706867193e-17], [-0.003915977198630571, -0.01665765792131424, -2.1671695297525897e-16, -0.008676956407725811, 2.526717810505299e-16, 0.010378163307905197, 0.08949309587478638, -1.331220935055398e-16, 0.03470312058925629, 1.7664695098337347e-17, 0.47165945172309875, 0.4309433400630951, 3.006830684746848e-18, -0.00110834080260247, 9.532866957605131e-18, 0.013444770127534866, 0.0881396010518074, -8.98979269337171e-19, -0.038698382675647736, 2.023094147149278e-18, 0.00023160736600402743, -0.018959296867251396, -4.948264321053972e-18, 0.010288503021001816, 2.956344956830593e-18, 0.0009786570444703102, 0.006753439083695412, 1.772610995009696e-17, -0.0016228283056989312, 2.7929501919946763e-17], [1.2672327574973579e-17, 9.407736864802397e-18, -2.577743031286133e-32, -4.363573773022396e-18, 1.735904854092082e-33, -3.925356810985076e-17, -3.736734485032364e-17, 0.00081906549166888, 1.3016682657184251e-18, 6.952744191266586e-33, 1.5640637078979292e-17, 3.006830684746848e-18, 0.001720295986160636, -2.351935250176365e-18, 5.550155352124972e-34, -5.783758677789587e-17, -5.64185683632285e-17, 1.650783815421164e-06, 5.746478241471652e-21, -2.5910562394931645e-33, 3.484385833816322e-17, 3.205210391846205e-17, 4.874192835814385e-34, 6.831189197888536e-18, 1.643806157402102e-33, 2.1926417295355476e-17, 3.05679036715255e-17, 1.676898343758665e-33, -4.00762223900919e-18, 5.2872894686841685e-33], [0.012064225040376186, 0.010822825133800507, 1.0338018096084647e-17, -0.003310845233500004, -2.06824745524671e-18, -0.036346130073070526, -0.034039441496133804, 1.234051978867957e-17, -0.0005204945337027311, -6.655240850563301e-18, -0.0023589320480823517, -0.00110834080260247, -2.351935250176365e-18, 0.004058227874338627, 2.910421543582874e-18, 0.0393439345061779, 0.038698386400938034, -1.1181338449954656e-18, -0.0005410603480413556, -1.176219708379858e-18, -0.013260089792311192, -0.008872701786458492, -6.783845722324217e-19, -0.0027282426599413157, -1.4445426234313405e-18, 0.0038508542347699404, 0.002169594168663025, -2.2201522471044434e-19, 0.0020135347731411457, 7.538550320568997e-19], [8.081433816273648e-18, 7.01613272078498e-18, -5.819438608201799e-34, -2.2663204024159016e-18, 4.332016637648744e-33, -2.121789243295073e-17, -2.172641991249118e-17, 3.943279370134867e-34, -2.1859416079328987e-19, 0.0008190685184672475, 1.0145400818645549e-17, 9.532866957605131e-18, 5.550155352124972e-34, 2.910421543582874e-18, 0.0017202990129590034, 8.941131725886747e-18, 9.611559130819139e-18, -7.3799381238095985e-34, -2.5655813199429393e-18, 1.6534613678231835e-06, -1.3506831217489539e-17, -1.3250979290943212e-17, -6.3782181130598275e-34, 4.753745458784191e-19, -4.305936366930332e-34, 9.682742985613002e-18, 9.720711402909799e-18, 5.007990725231847e-34, 1.5390421147536595e-18, 1.718992245448634e-33], [-0.007747245486825705, 0.00020663418399635702, 1.5418757791062763e-16, 0.004703320562839508, -1.7011932135386026e-17, 0.021715538576245308, -0.003893178189173341, 1.186851713083089e-16, -0.013629628345370293, -2.4123946669694477e-17, -0.08280303329229355, 0.013444770127534866, -5.783758677789587e-17, 0.0393439345061779, 8.941131725886747e-18, 0.5660327672958374, 0.471659392118454, -2.5916538460554575e-18, 0.0023589315824210644, 8.329648384224272e-18, -0.0848454087972641, 0.013864690437912941, -5.3189231263583714e-18, -0.03203333541750908, -1.1403162854437542e-17, 0.018462851643562317, 0.00261124549433589, -8.164990638670079e-18, 0.014601042494177818, -2.0205157011028582e-17], [0.0009786798618733883, 0.006753448396921158, 1.2496271776886773e-16, 0.001622826443053782, 9.282194836054612e-18, 0.00023161954595707357, -0.0189592856913805, 1.097906172955344e-16, -0.010288503021001816, -1.6515972838072707e-17, 0.013444829732179642, 0.0881396010518074, -5.64185683632285e-17, 0.038698386400938034, 9.611559130819139e-18, 0.471659392118454, 0.4309433102607727, -2.3499090712659164e-18, 0.001108373748138547, 7.274363618773009e-18, 0.010378176346421242, 0.08949318528175354, -4.5975397413314885e-18, -0.0347030907869339, -1.1512507859610927e-17, -0.00391598604619503, -0.01665767841041088, -6.4115741216204925e-18, 0.008676957339048386, -1.700935794931976e-17], [-3.471343677098198e-18, -3.11258489888114e-18, -6.344548005925942e-34, 8.878170873562274e-19, -4.674318847733767e-34, 8.686025089072331e-18, 9.207410264054305e-18, -8.26059185915177e-34, 2.8996632842347975e-19, 1.679401412041947e-33, -1.5550000831310325e-18, -8.98979269337171e-19, 1.650783815421164e-06, -1.1181338449954656e-18, -7.3799381238095985e-34, -2.5916538460554575e-18, -2.3499090712659164e-18, 0.0017202948220074177, 8.632493578743079e-19, 3.6305756027083204e-34, 6.331451339537075e-18, 6.497070682553361e-18, 0.0008190630469471216, -1.3275747353229734e-19, 1.8700657233081086e-34, -2.8701107575864803e-18, -2.633738314080318e-18, -1.2397291477874753e-34, -6.783576371637254e-19, -5.926541296418575e-34], [-0.003850852604955435, -0.0021695937030017376, 1.3972248525045562e-17, 0.0020135343074798584, -2.1551520843772968e-17, 0.013260086998343468, 0.008872700855135918, 9.739088047398277e-18, -0.002728242427110672, 4.570794096995505e-18, -0.0393439382314682, -0.038698382675647736, 5.746478241471652e-21, -0.0005410603480413556, -2.5655813199429393e-18, 0.0023589315824210644, 0.001108373748138547, 8.632493578743079e-19, 0.004058167338371277, 2.467185859634284e-19, 0.03634609282016754, 0.034039415419101715, 1.2671949967023948e-18, -0.0005205406341701746, 1.2451062499681144e-19, -0.012064224109053612, -0.010822824202477932, -1.711926998680305e-18, -0.003310845699161291, -3.4220211719183458e-18], [-1.0772910784676239e-17, -9.916923607291052e-18, 5.2483379940017335e-33, 2.3400405997630056e-18, 4.928440981749872e-34, 2.2362113176321857e-17, 2.283588583524528e-17, 9.93184590148107e-35, 6.352217708815219e-19, 2.1530538200653334e-33, -2.5860556944648518e-18, 2.023094147149278e-18, -2.5910562394931645e-33, -1.176219708379858e-18, 1.6534613678231835e-06, 8.329648384224272e-18, 7.274363618773009e-18, 3.6305756027083204e-34, 2.467185859634284e-19, 0.0017202978488057852, -3.3463682670700115e-18, -1.1659630823745068e-18, -3.1229069136482815e-34, -4.7145827865533244e-20, 0.000819056760519743, 8.39895784775009e-18, 9.015066783397962e-18, -3.957714532598461e-34, 6.022230547049439e-19, -1.8129537333426827e-33], [0.0027635188307613134, -0.000333273084834218, -8.390683229210478e-17, -0.0015272010350599885, -1.307203034594594e-17, -0.008367067202925682, 0.001534305396489799, -4.335142086443846e-17, 0.004368958529084921, 7.545335745172315e-17, 0.021715523675084114, 0.00023160736600402743, 3.484385833816322e-17, -0.013260089792311192, -1.3506831217489539e-17, -0.0848454087972641, 0.010378176346421242, 6.331451339537075e-18, 0.03634609282016754, -3.3463682670700115e-18, 0.5701184272766113, 0.47482073307037354, 9.213453645609617e-18, 0.0013118237257003784, 6.102212294838417e-18, -0.08733072876930237, 0.011557197198271751, 7.371657843192415e-19, -0.03327685594558716, 1.5419918408180236e-18], [-0.0009042323217727244, -0.002244170056656003, -5.2548564162729756e-17, 9.501750901108608e-05, -2.7451978824126026e-17, 0.0015343009727075696, 0.006178597453981638, -3.147356056315266e-17, 0.0015016611432656646, 8.455377355790495e-17, -0.0038931823801249266, -0.018959296867251396, 3.205210391846205e-17, -0.008872701786458492, -1.3250979290943212e-17, 0.013864690437912941, 0.08949318528175354, 6.497070682553361e-18, 0.034039415419101715, -1.1659630823745068e-18, 0.47482073307037354, 0.42920634150505066, 8.336239359345095e-18, -0.0022565796971321106, 5.457044090681251e-18, 0.017793426290154457, 0.0806773453950882, -1.0834256566854703e-18, -0.029476482421159744, -2.6196210293610286e-18], [3.100260786633501e-19, 3.696150584677221e-19, -2.2485787154459757e-33, 6.231435897697523e-20, -2.133113762455541e-33, 2.439143144399029e-19, 1.5203299192798205e-19, 5.353153978364176e-34, -1.59439412036417e-19, 5.298038446167477e-34, -3.511934670527094e-18, -4.948264321053972e-18, 4.874192835814385e-34, -6.783845722324217e-19, -6.3782181130598275e-34, -5.3189231263583714e-18, -4.5975397413314885e-18, 0.0008190630469471216, 1.2671949967023948e-18, -3.1229069136482815e-34, 9.213453645609617e-18, 8.336239359345095e-18, 0.0019385070772841573, -6.409358311554616e-19, 9.863949623284062e-35, -1.0910388202482552e-17, -1.1520683712785401e-17, 0.0008592875674366951, -1.1162930579398054e-18, -1.3092463224916706e-34], [0.0011871068272739649, 0.00020844192476943135, -1.0204922253983027e-17, -0.0007933021988719702, 5.2051324389828205e-18, -0.004368958994746208, -0.0015016619581729174, -1.5960592194276028e-17, 0.0016928911209106445, 4.913239839557252e-18, 0.013629627414047718, 0.010288503021001816, 6.831189197888536e-18, -0.0027282426599413157, 4.753745458784191e-19, -0.03203333541750908, -0.0347030907869339, -1.3275747353229734e-19, -0.0005205406341701746, -4.7145827865533244e-20, 0.0013118237257003784, -0.0022565796971321106, -6.409358311554616e-19, 0.00501266261562705, 1.234221923124806e-18, 0.0292114969342947, 0.030843783169984818, 1.0768153462178293e-18, 0.002596425823867321, 2.494907628791868e-18], [-1.0391136946685812e-18, -1.053293017933812e-18, -4.3007569367825176e-33, 2.561175032217446e-19, 1.5262340389523222e-33, 3.652304738935505e-18, 4.956937723366897e-18, -4.6146686624077785e-33, 6.4939333932851e-19, 2.2506758708362396e-33, 3.614676706460774e-18, 2.956344956830593e-18, 1.643806157402102e-33, -1.4445426234313405e-18, -4.305936366930332e-34, -1.1403162854437542e-17, -1.1512507859610927e-17, 1.8700657233081086e-34, 1.2451062499681144e-19, 0.000819056760519743, 6.102212294838417e-18, 5.457044090681251e-18, 9.863949623284062e-35, 1.234221923124806e-18, 0.0019385097548365593, 3.330739930166741e-18, 4.77431609644989e-18, 2.4097925769557196e-34, -7.33039083640791e-19, 0.000859282910823822], [-0.0008347162511199713, 0.0002816130290739238, 7.779096324535311e-17, 0.00038395155570469797, -1.1485357310365099e-17, 0.0027635134756565094, -0.0009042444289661944, -4.5217189601778367e-17, -0.0011871076421812177, 3.556128200959781e-17, -0.007747241761535406, 0.0009786570444703102, 2.1926417295355476e-17, 0.0038508542347699404, 9.682742985613002e-18, 0.018462851643562317, -0.00391598604619503, -2.8701107575864803e-18, -0.012064224109053612, 8.39895784775009e-18, -0.08733072876930237, 0.017793426290154457, -1.0910388202482552e-17, 0.0292114969342947, 3.330739930166741e-18, 0.5548338294029236, 0.48507705330848694, 3.8985079138291307e-19, -0.00023927539587020874, 1.4120736130395263e-18], [0.00028159303474240005, 0.0008066363516263664, 7.433487691465345e-17, -0.00013988853606861085, -1.1508175087562374e-17, -0.00033325262484140694, -0.002244146540760994, -6.095883701407896e-17, -0.00020843965467065573, 4.938215979126862e-17, 0.0002066422312054783, 0.006753439083695412, 3.05679036715255e-17, 0.002169594168663025, 9.720711402909799e-18, 0.00261124549433589, -0.01665767841041088, -2.633738314080318e-18, -0.010822824202477932, 9.015066783397962e-18, 0.011557197198271751, 0.0806773453950882, -1.1520683712785401e-17, 0.030843783169984818, 4.77431609644989e-18, 0.48507705330848694, 0.44064319133758545, 9.526254475788383e-19, -0.0007169404998421669, 2.7480