{"HF": -421.55297430302, "coordinates": [[-0.086023764, 1.409226118, -0.011558871], [-0.013853695, -0.084622302, 0.060671394], [0.202343496, -1.000024707, -1.178176199], [0.962772194, -2.147317402, -0.467647028], [1.880622369, -1.548206941, 0.478125599], [0.70019243, -0.996340823, 1.1033403], [-0.20823968, -2.153012821, 0.572941684], [-1.023739012, -1.134900131, -0.296599688], [-2.363363724, -0.973912934, -0.536505428], [0.91220557, 1.849676222, -0.111866806], [-0.684768902, 1.730328343, -0.869731761], [-0.551592043, 1.828422569, 0.887338741], [0.31962212, -0.583466055, -2.169891028], [1.375432417, -2.992085579, -1.017373789], [0.843723213, -0.674978751, 2.134400768], [-0.550846031, -3.00979916, 1.14755923], [-2.646758449, -1.64712338, -1.165661579]], "elements": ["C", "C", "C", "C", "O", "C", "C", "C", "O", "H", "H", "H", "H", "H", "H", "H", "H"], "Enn": 463.6895503885, "S": [[1.0, 0.325565, 0.151774, 0.0, -0.0, 0.0, 0.0, -0.0, 0.0, -0.0, 0.0, 0.0, -0.0, 0.0, 0.0, 0.016636, 0.054718, -0.001058, -0.001057, 0.021885, -0.00535, -0.005345, 0.110641, -0.010818, 8.8e-05, -0.001816, -0.018738, -0.001815, 0.0, 2.3e-05, 0.00561, 3e-06, -1e-06, 6e-06, 0.006134, -0.001516, 0.012667, -0.0, -0.0, 0.0, -0.0, -0.0, 0.0, 0.0, 0.000266, 0.0, -0.0, 0.0, 6.9e-05, -0.00016, 0.000541, 0.0, 0.0, 0.0, 0.0, 0.0, 0.0, 0.0, 4e-06, 0.0, 0.0, 0.0, -1e-06, -6e-06, 9e-06, 0.0, 0.0, 0.0, 0.0, 0.0, 0.0, 1.3e-05, 0.004678, -1e-06, -1e-06, 3e-06, -0.004747, -0.003348, 0.010243, -0.0, 0.0, -0.0, -0.0, -0.0, 0.0, 0.0, 0.000402, -0.0, 0.0, 0.0, -0.000144, 3e-05, 0.000877, 0.0, 0.0, 0.0, 0.0, 0.0, 0.0, 1.8e-05, 0.005158, 1e-06, 2e-06, 5e-06, 0.001359, 0.004472, 0.012134, -0.0, 0.0, 0.0, -0.0, 0.0, 0.0, 0.0, 1.6e-05, 0.0, 0.0, 0.0, 8e-06, 3.4e-05, 3.5e-05, 0.0, 0.0, 0.0, 0.0, 0.0, 0.049654, 0.086672, 0.007445, -0.07409, -0.032691, 0.049836, 0.086762, 0.064079, 0.044708, -0.023977, 0.049656, 0.086673, -0.066721, 0.034557, -0.031115, 1e-06, 0.003449, 0.0, -0.0, 0.0, 0.0, 1e-05, 0.0, 0.0, 0.0, 0.0, 0.002237, -0.0, -0.0, 0.0, 0.0, 1.9e-05, 0.0, 0.0, 0.0, 0.0, 9.6e-05, 0.0, 0.0, 0.0], [0.325565, 1.0, 0.798485, -0.0, -0.0, 0.0, 0.0, -0.0, 0.0, 0.0, 0.0, 0.0, -0.0, -0.0, 0.016636, 0.199671, 0.36209, -0.010891, -0.010881, 0.225236, -0.026903, -0.026881, 0.556405, -0.088415, 0.000717, -0.014844, -0.153141, -0.014832, 2.3e-05, 0.005468, 0.061924, 0.002583, -0.000639, 0.005335, 0.060052, -0.014844, 0.124016, -0.001048, -0.000386, 0.003223, -0.003281, -0.000797, 0.0, 4.4e-05, 0.005811, 4e-06, -9e-06, 3e-05, 0.001656, -0.003808, 0.012912, -7e-06, -1e-06, 3e-06, -1.1e-05, -7e-06, -0.0, 4e-06, 0.00074, -1e-06, -2e-06, 3e-06, -0.000304, -0.001221, 0.001836, -3e-06, 1e-06, -1e-06, -2e-06, -5e-06, 1.3e-05, 0.004104, 0.05379, -0.00177, -0.001248, 0.003819, -0.049011, -0.034562, 0.105749, -0.000886, 0.000686, -0.0021, -0.002023, -0.001481, 0.0, 8.5e-05, 0.008012, -1e-05, 2e-06, 6.4e-05, -0.003042, 0.000636, 0.018538, -1.6e-05, -0.0, -9e-06, -2.8e-05, 2e-06, 1.8e-05, 0.004789, 0.058022, 0.000541, 0.00178, 0.00483, 0.013641, 0.044874, 0.121748, -0.001995, 0.000257, 0.000697, -0.002688, 0.002293, -0.0, 2.1e-05, 0.001924, 3e-06, 1.5e-05, 1.5e-05, 0.000888, 0.003852, 0.004031, -1.6e-05, 6e-06, 7e-06, -1e-06, 2.9e-05, 0.366204, 0.519956, 0.033016, -0.328565, -0.144973, 0.366925, 0.520383, 0.28313, 0.197539, -0.105939, 0.366211, 0.51996, -0.295877, 0.153244, -0.137981, 0.001073, 0.041098, 0.000499, -9.4e-05, 0.000461, 0.0, 0.000418, 0.0, -0.0, 0.0, 0.000497, 0.029229, -0.000187, -8.1e-05, 0.000182, 0.0, 0.000675, -0.0, 0.0, 0.0, 2e-06, 0.00245, 0.0, 0.0, 0.0], [0.151774, 0.798485, 1.0, -0.0, 0.0, -0.0, 0.0, 0.0, -0.0, -0.0, 0.0, 0.0, -0.0, 0.0, 0.054718, 0.36209, 0.592133, -0.009863, -0.009855, 0.20398, -0.027881, -0.027858, 0.576638, -0.034205, 0.000277, -0.005743, -0.059246, -0.005738, 0.00561, 0.061924, 0.183742, 0.023474, -0.005802, 0.048478, 0.127725, -0.031571, 0.263772, -0.006508, -0.002396, 0.020017, -0.020373, -0.004948, 0.000266, 0.005811, 0.038306, 0.000712, -0.001638, 0.005555, 0.009229, -0.021222, 0.071965, -0.001852, -0.00023, 0.00078, -0.002778, -0.001794, -0.000262, 0.003266, 0.017348, -0.000398, -0.001598, 0.002403, -0.004784, -0.019212, 0.028892, -0.001185, 0.000326, -0.00049, -0.000825, -0.001967, 0.004678, 0.05379, 0.167372, -0.019262, -0.013584, 0.041562, -0.110393, -0.077848, 0.238191, -0.006863, 0.005318, -0.01627, -0.015678, -0.011474, 0.000402, 0.008012, 0.047394, -0.001291, 0.00027, 0.007868, -0.014874, 0.00311, 0.090652, -0.002407, -5e-05, -0.001444, -0.004396, 0.000302, 0.005158, 0.058022, 0.175987, 0.005345, 0.017585, 0.04771, 0.029791, 0.098006, 0.265901, -0.013725, 0.001768, 0.004796, -0.018495, 0.015777, -0.000577, 0.006506, 0.029452, 0.000873, 0.003787, 0.003963, 0.008829, 0.038304, 0.040084, -0.002073, 0.000832, 0.000871, -0.000172, 0.003778, 0.453396, 0.762157, 0.017065, -0.169829, -0.074934, 0.453808, 0.762579, 0.146145, 0.101965, -0.054683, 0.4534, 0.762161, -0.152931, 0.079208, -0.071318, 0.027821, 0.137582, 0.017383, -0.003267, 0.016049, 0.000188, 0.006233, 3.3e-05, -4.7e-05, 0.000143, 0.01916, 0.109325, -0.011474, -0.004971, 0.011144, 0.000316, 0.008607, -6.7e-05, 2.7e-05, 0.000255, 0.001282, 0.020534, 0.000314, 0.000696, 0.00083], [0.0, -0.0, -0.0, 1.0, 0.0, -0.0, 0.531899, 0.0, 0.0, 0.0, 0.0, 0.0, -0.0, -0.0, 0.001058, 0.010891, 0.009863, 0.073245, -0.000812, 0.016799, 0.199699, -0.000908, 0.018799, -0.01582, -0.005707, 0.118125, -0.01583, -0.001533, -3e-06, -0.002583, -0.023474, -0.000816, 0.000322, -0.00269, -0.004025, 0.00667, -0.05573, 0.000847, 0.000138, -0.001154, 0.001717, 0.000417, -0.0, -4e-06, -0.000712, 0.0, 1e-06, -2e-06, 0.001049, 0.000525, -0.001781, 0.0, -0.0, 0.0, 1e-06, 0.0, -0.0, 0.0, 0.000102, 0.0, -0.0, 0.0, 9.9e-05, -0.000184, 0.000277, -0.0, -0.0, 0.0, -0.0, -0.0, 1e-06, 0.00177, 0.019262, -0.000474, -0.000566, 0.001733, -0.001411, -0.014623, 0.044742, -0.000587, 0.000207, -0.000632, -0.000932, -0.000682, 0.0, 1e-05, 0.001291, 1e-06, 0.0, 7e-06, 0.001335, 0.000116, 0.003383, -1e-06, 0.0, 0.0, -2e-06, 0.0, -1e-06, -0.000541, -0.005345, 0.000341, -0.000213, -0.000579, 0.019715, -0.004893, -0.013276, 0.000304, 0.000136, 0.000369, 0.000331, -0.000282, 0.0, -1e-06, -0.000319, 0.0, -1e-06, -1e-06, 0.000285, -0.000706, -0.000739, 1e-06, 0.0, 0.0, 0.0, -2e-06, -0.035723, -0.019099, 0.196734, 0.050758, 0.022396, -0.306398, -0.163541, -0.172081, -0.261315, 0.140141, 0.320133, 0.171151, -0.207775, 0.212153, -0.191022, -0.000753, -0.026552, -0.000263, 5.4e-05, -0.000267, -0.0, -9e-05, -0.0, 0.0, -0.0, 0.000305, 0.018291, -7.9e-05, -3.8e-05, 8.5e-05, 0.0, 0.000173, -0.0, 0.0, 0.0, -0.0, -0.000686, -0.0, -0.0, -0.0], [-0.0, -0.0, 0.0, 0.0, 1.0, 0.0, 0.0, 0.531899, 0.0, -0.0, 0.0, -0.0, 0.0, 0.0, 0.001057, 0.010881, 0.009855, -0.000812, 0.073247, 0.016785, -0.000908, 0.199701, 0.018783, -0.005794, -0.005712, -0.001533, -0.021598, 0.118128, 1e-06, 0.000639, 0.005802, 0.000322, 0.000407, 0.000665, 0.00667, 0.021311, 0.013775, -9.9e-05, 0.000208, 0.000417, -0.000488, 0.00043, 0.0, 9e-06, 0.001638, 1e-06, -1e-06, 5e-06, 0.000525, 7e-05, 0.004095, -1e-06, -0.0, 0.0, -1e-06, -1e-06, -0.0, 1e-06, 0.00041, -0.0, -0.0, 0.0, -0.000184, -0.000593, 0.001111, -0.0, 0.0, -0.0, -0.0, -1e-06, 1e-06, 0.001248, 0.013584, -0.000566, -7e-05, 0.001222, -0.014623, 0.009013, 0.031551, -0.000225, 6.8e-05, -0.000682, -0.000767, -0.000146, -0.0, -2e-06, -0.00027, 0.0, 2e-06, -1e-06, 0.000116, 0.001866, -0.000707, 0.0, -0.0, 0.0, 1e-06, 1e-06, -2e-06, -0.00178, -0.017585, -0.000213, -0.000296, -0.001904, -0.004893, 0.005105, -0.043673, 0.000711, -5.3e-05, -0.000282, 0.001256, -0.000474, 0.0, -6e-06, -0.001383, -1e-06, -4e-06, -4e-06, -0.000706, -0.002617, -0.003207, 4e-06, -2e-06, -2e-06, 1e-06, -8e-06, 0.355501, 0.190062, 0.050758, -0.303295, -0.222879, -0.213773, -0.114102, -0.261315, 0.02014, 0.097776, -0.165807, -0.088645, 0.212153, 0.09196, 0.098937, 0.000141, 0.00499, 5.4e-05, 1.7e-05, 5e-05, 0.0, 0.000131, 0.0, -0.0, 0.0, 0.000132, 0.007925, -3.8e-05, -8e-06, 3.7e-05, -0.0, -6.9e-05, 0.0, 0.0, -0.0, -1e-06, -0.001521, -0.0, -0.0, -0.0], [0.0, 0.0, -0.0, -0.0, 0.0, 1.0, 0.0, 0.0, 0.531899, -0.0, -0.0, 0.0, -0.0, 0.0, -0.021885, -0.225236, -0.20398, 0.016799, 0.016785, -0.273377, 0.018799, 0.018783, -0.188189, 0.119936, -0.001533, 0.025949, 0.207738, 0.025927, -6e-06, -0.005335, -0.048478, -0.00269, 0.000665, -0.005069, -0.05573, 0.013775, -0.09213, 0.000825, 0.000417, -0.003226, 0.003013, 0.000797, -0.0, -3e-05, -0.005555, -2e-06, 5e-06, -1.6e-05, -0.001781, 0.004095, -0.012609, 3e-06, 0.0, -1e-06, 4e-06, 3e-06, 0.0, -1e-06, -0.000616, 0.0, 0.0, -1e-06, 0.000277, 0.001111, -0.001525, 1e-06, -0.0, 0.0, 0.0, 1e-06, -3e-06, -0.003819, -0.041562, 0.001733, 0.001222, -0.003409, 0.044742, 0.031551, -0.077212, 0.000687, -0.000682, 0.001932, 0.001676, 0.001362, -0.0, -6.4e-05, -0.007868, 7e-06, -1e-06, -4e-05, 0.003383, -0.000707, -0.018727, 7e-06, 0.0, 4e-06, 1.3e-05, -1e-06, -5e-06, -0.00483, -0.04771, -0.000579, -0.001904, -0.00476, -0.013276, -0.043673, -0.097288, 0.00193, -0.000282, -0.000715, 0.0025, -0.002353, 0.0, -7e-06, -0.001448, -1e-06, -4e-06, -4e-06, -0.000739, -0.003207, -0.002908, 5e-06, -2e-06, -2e-06, -0.0, -8e-06, 0.156858, 0.083861, 0.022396, -0.222879, 0.103494, 0.114645, 0.061192, 0.140141, 0.097776, 0.150022, 0.149293, 0.079815, -0.191022, 0.098937, 0.112759, -0.000695, -0.024514, -0.000267, 5e-05, -0.00022, -0.0, -0.000393, -0.0, 0.0, -0.0, -0.000297, -0.017765, 8.5e-05, 3.7e-05, -7.4e-05, -0.0, -0.000659, 0.0, -0.0, -0.0, -1e-06, -0.001815, -0.0, -0.0, -0.0], [0.0, 0.0, 0.0, 0.531899, 0.0, 0.0, 1.0, 0.0, 0.0, 0.0, 0.0, 0.0, 0.0, 0.0, 0.00535, 0.026903, 0.027881, 0.199699, -0.000908, 0.018799, 0.541139, -0.001542, 0.031928, -0.011269, -0.006428, 0.133059, -0.00659, -0.000638, -0.006134, -0.060052, -0.127725, -0.004025, 0.00667, -0.05573, 0.035747, 0.025423, -0.212407, 0.021007, 0.000642, -0.005366, 0.027632, 0.006711, -6.9e-05, -0.001656, -0.009229, 0.001049, 0.000525, -0.001781, 0.019734, 0.005805, -0.019686, 0.000894, -0.000356, 0.001207, 0.001011, 0.000653, -7.9e-05, 0.001044, 0.005366, 0.000484, -0.00058, 0.000872, 0.008166, -0.006644, 0.009991, -0.000661, -0.000449, 0.000675, -0.000343, -0.000818, 0.004747, 0.049011, 0.110393, -0.001411, -0.014623, 0.044742, 0.040058, -0.059411, 0.181778, -0.018394, 0.000819, -0.002505, -0.019871, -0.014542, 0.000144, 0.003042, 0.014874, 0.001335, 0.000116, 0.003383, 0.023217, 0.001111, 0.032392, -0.00161, 5.3e-05, 0.001557, -0.002157, 0.000148, -0.001359, -0.013641, -0.029791, 0.019715, -0.004893, -0.013276, 0.125962, -0.019208, -0.052115, 0.007236, 0.007212, 0.019567, 0.006066, -0.005174, 0.000212, -0.002457, -0.010319, 0.001051, -0.001635, -0.001711, 0.014453, -0.015051, -0.01575, 0.00144, 0.001136, 0.001188, 8.5e-05, -0.001874, -0.051721, -0.048725, 0.263676, 0.024402, 0.010767, -0.442951, -0.417106, 0.086749, -0.125361, 0.06723, 0.463498, 0.436642, 0.069214, 0.10199, -0.091831, -0.04746, -0.166767, -0.026865, 0.006595, -0.032398, -8e-05, -0.002801, 1e-06, 2.1e-05, -6.2e-05, 0.030996, 0.129536, -0.016591, -0.009423, 0.021123, 0.000165, 0.004565, -7e-06, 1.5e-05, 0.000139, -0.000796, -0.011564, -3.8e-05, -0.000468, -0.000558], [-0.0, -0.0, 0.0, 0.0, 0.531899, 0.0, 0.0, 1.0, 0.0, 0.0, 0.0, 0.0, 0.0, 0.0, 0.005345, 0.026881, 0.027858, -0.000908, 0.199701, 0.018783, -0.001542, 0.541142, 0.031901, -7.2e-05, -0.006434, -0.000638, -0.013043, 0.13306, 0.001516, 0.014844, 0.031571, 0.00667, 0.021311, 0.013775, 0.025423, 0.132315, 0.052503, -0.000677, 0.009745, 0.006711, -0.009438, 0.020125, 0.00016, 0.003808, 0.021222, 0.000525, 7e-05, 0.004095, 0.005805, 0.008909, 0.04527, -0.001295, -1e-06, 0.000653, -0.002764, -1.1e-05, -0.000318, 0.004195, 0.021551, -0.00058, -0.0017, 0.003501, -0.006644, -0.016862, 0.040125, -0.001642, 0.000399, -0.000818, -0.001962, -0.002408, 0.003348, 0.034562, 0.077848, -0.014623, 0.009013, 0.031551, -0.059411, 0.08241, 0.128188, -0.002715, -0.003644, -0.014542, -0.019934, 0.007862, -3e-05, -0.000636, -0.00311, 0.000116, 0.001866, -0.000707, 0.001111, 0.0283, -0.006773, 0.000202, -0.000367, 0.000148, 0.000529, 0.002234, -0.004472, -0.044874, -0.098006, -0.004893, 0.005105, -0.043673, -0.019208, 0.068609, -0.171445, 0.01031, 0.000461, -0.005174, 0.027746, 0.004118, 0.000921, -0.010657, -0.044768, -0.001635, -0.005666, -0.007423, -0.015051, -0.047373, -0.068329, 0.003566, -0.001434, -0.001874, 0.001918, -0.00651, 0.514711, 0.48489, 0.024402, 0.023289, -0.107148, -0.309046, -0.291014, -0.125361, 0.178963, 0.046906, -0.240061, -0.226151, 0.10199, 0.213307, 0.047562, 0.00892, 0.031343, 0.006595, 0.006986, 0.006089, 0.000116, 0.00407, 2.1e-05, -1.5e-05, 9e-05, 0.013429, 0.056122, -0.009423, 0.001075, 0.009151, -6.6e-05, -0.001831, 1.5e-05, 2.4e-05, -5.6e-05, -0.001765, -0.025659, -0.000468, -0.000865, -0.001238], [0.0, 0.0, -0.0, 0.0, 0.0, 0.531899, 0.0, 0.0, 1.0, -0.0, 0.0, 0.0, -0.0, 0.0, -0.110641, -0.556405, -0.576638, 0.018799, 0.018783, -0.188189, 0.031928, 0.031901, -0.11764, 0.001495, -0.000638, 0.006746, 0.002591, 0.00674, -0.012667, -0.124016, -0.263772, -0.05573, 0.013775, -0.09213, -0.212407, 0.052503, -0.300055, 0.005653, 0.006711, -0.04552, 0.035281, 0.011252, -0.000541, -0.012912, -0.071965, -0.001781, 0.004095, -0.012609, -0.019686, 0.04527, -0.131255, 0.004393, 0.000653, -0.002023, 0.006391, 0.004652, 0.000478, -0.006308, -0.032409, 0.000872, 0.003501, -0.004637, 0.009991, 0.040125, -0.050519, 0.002469, -0.000818, 0.001085, 0.001194, 0.004358, -0.010243, -0.105749, -0.238191, 0.044742, 0.031551, -0.077212, 0.181778, 0.128188, -0.267908, 0.008308, -0.014542, 0.036098, 0.024757, 0.025456, -0.000877, -0.018538, -0.090652, 0.003383, -0.000707, -0.018727, 0.032392, -0.006773, -0.168884, 0.005891, 0.000148, 0.003948, 0.010882, -0.000825, -0.012134, -0.121748, -0.265901, -0.013276, -0.043673, -0.097288, -0.052115, -0.171445, -0.333348, 0.027972, -0.005174, -0.01167, 0.032999, -0.038392, 0.000964, -0.011152, -0.046848, -0.001711, -0.007423, -0.00634, -0.01575, -0.068329, -0.053581, 0.003732, -0.001874, -0.001604, -0.001234, -0.006959, 0.227107, 0.213949, 0.010767, -0.107148, 0.218851, 0.165739, 0.156068, 0.06723, 0.046906, 0.241272, 0.21615, 0.203626, -0.091831, 0.047562, 0.223306, -0.043818, -0.153968, -0.032398, 0.006089, -0.021685, -0.00035, -0.012257, -6.2e-05, 9e-05, -0.000257, -0.030104, -0.125808, 0.021123, 0.009151, -0.015358, -0.000631, -0.017404, 0.000139, -5.6e-05, -0.000499, -0.002107, -0.030625, -0.000558, -0.001238, -0.001305], [-0.0, 0.0, -0.0, 0.0, -0.0, -0.0, 0.0, 0.0, -0.0, 1.0, 0.0, 0.0, 0.0, 0.0, -0.010818, -0.088415, -0.034205, 0.01582, 0.005794, -0.119936, 0.011269, 7.2e-05, -0.001495, 0.090313, -0.001461, 0.030248, 0.088105, 0.008533, -0.0, -0.001048, -0.006508, -0.000847, 9.9e-05, -0.000825, -0.021007, 0.000677, -0.005653, -9.5e-05, 9.8e-05, -0.000816, 0.000379, 9.2e-05, 0.0, -7e-06, -0.001852, -0.0, 1e-06, -3e-06, -0.000894, 0.001295, -0.004393, 0.0, 0.0, -0.0, 0.0, 0.0, 0.0, -0.0, -0.000257, 0.0, 0.0, -0.0, 0.000153, 0.000446, -0.000671, 0.0, -0.0, 0.0, 0.0, 0.0, -0.0, -0.000886, -0.006863, 0.000587, 0.000225, -0.000687, 0.018394, 0.002715, -0.008308, 1.1e-05, -0.000172, 0.000526, 0.000276, 0.000202, 0.0, -1.6e-05, -0.002407, 1e-06, -0.0, -7e-06, 0.00161, -0.000202, -0.005891, 1e-06, 0.0, 1e-06, 1e-06, -0.0, -0.0, -0.001995, -0.013725, -0.000304, -0.000711, -0.00193, -0.007236, -0.01031, -0.027972, 0.000706, -0.000122, -0.00033, 0.000934, -0.000797, 0.0, -1e-06, -0.000715, -0.0, -0.0, -0.0, -0.000507, -0.001509, -0.001579, 0.0, -0.0, -0.0, 0.0, -1e-06, -0.146474, -0.023935, -0.06469, 0.117777, 0.051967, 0.12697, 0.020702, -0.084012, 0.257991, -0.138359, 0.15314, 0.025023, 0.039827, 0.224703, -0.202322, 0.000211, 0.006012, 4e-05, -1.2e-05, 5.7e-05, -0.0, -0.000126, 0.0, 0.0, 0.0, 5.8e-05, 0.003159, -6e-06, -5e-06, 1.1e-05, -0.0, -0.00019, 0.0, 0.0, 0.0, -0.0, -0.000633, -0.0, -0.0, -0.0], [0.0, 0.0, 0.0, 0.0, 0.0, -0.0, 0.0, 0.0, 0.0, 0.0, 1.0, 0.0, 0.0, 0.0, 8.8e-05, 0.000717, 0.000277, 0.005707, 0.005712, 0.001533, 0.006428, 0.006434, 0.000638, -0.001461, 0.039457, 0.012336, -0.002531, 0.012347, -0.0, -0.000386, -0.002396, -0.000138, -0.000208, -0.000417, -0.000642, -0.009745, -0.006711, 9.8e-05, -7e-05, -0.000183, 0.000281, -0.000195, 0.0, -1e-06, -0.00023, 0.0, 0.0, -0.0, 0.000356, 1e-06, -0.000653, 0.0, -0.0, 0.0, 0.0, 0.0, 0.0, 0.0, 7.1e-05, 0.0, -0.0, 0.0, 6.3e-05, -0.000114, 0.000208, -0.0, -0.0, 0.0, -0.0, -0.0, 0.0, 0.000686, 0.005318, -0.000207, -6.8e-05, 0.000682, -0.000819, 0.003644, 0.014542, -0.000172, 3.5e-05, -0.000248, -0.000378, -0.000106, 0.0, -0.0, -5e-05, -0.0, 0.0, -0.0, -5.3e-05, 0.000367, -0.000148, 0.0, 0.0, -0.0, 0.0, 0.0, 0.0, 0.000257, 0.001768, -0.000136, 5.3e-05, 0.000282, -0.007212, -0.000461, 0.005174, -0.000122, -2.8e-05, -0.000128, -0.000168, 7.7e-05, 0.0, 0.0, 0.000287, -0.0, 0.0, 0.0, -0.000237, 0.000606, 0.00073, -0.0, -0.0, -0.0, -0.0, 0.0, -0.043412, -0.007094, 0.294955, 0.056355, 0.03833, 0.22347, 0.036436, 0.201795, 0.006332, -0.143901, -0.181446, -0.029649, 0.185321, 0.10413, 0.152478, -0.000124, -0.003519, -3e-05, -7e-06, -3e-05, -0.0, -3.3e-05, 0.0, 0.0, 0.0, 9.9e-05, 0.005455, -1.6e-05, -4e-06, 1.6e-05, -0.0, -2.1e-05, 0.0, 0.0, 0.0, 0.0, 0.00049, 0.0, 0.0, 0.0], [0.0, 0.0, 0.0, 0.0, -0.0, 0.0, 0.0, 0.0, 0.0, 0.0, 0.0, 1.0, 0.0, 0.0, -0.001816, -0.014844, -0.005743, -0.118125, 0.001533, -0.025949, -0.133059, 0.000638, -0.006746, 0.030248, 0.012336, -0.215295, 0.027325, 0.003255, 0.0, 0.003223, 0.020017, 0.001154, -0.000417, 0.003226, 0.005366, -0.006711, 0.04552, -0.000816, -0.000183, 0.001434, -0.001835, -0.000477, 0.0, 3e-06, 0.00078, -0.0, -0.0, 1e-06, -0.001207, -0.000653, 0.002023, -0.0, 0.0, -0.0, -0.0, -0.0, 0.0, -0.0, -0.000106, -0.0, 0.0, -0.0, -9.5e-05, 0.000208, -0.000288, 0.0, 0.0, -0.0, 0.0, 0.0, -0.0, -0.0021, -0.01627, 0.000632, 0.000682, -0.001932, 0.002505, 0.014542, -0.036098, 0.000526, -0.000248, 0.000714, 0.000881, 0.000701, 0.0, -9e-06, -0.001444, -0.0, -0.0, -4e-06, -0.001557, -0.000148, -0.003948, 1e-06, -0.0, -0.0, 1e-06, -0.0, 0.0, 0.000697, 0.004796, -0.000369, 0.000282, 0.000715, -0.019567, 0.005174, 0.01167, -0.00033, -0.000128, -0.000329, -0.000354, 0.000327, 0.0, 0.0, 0.0003, -0.0, 0.0, 0.0, -0.000248, 0.00073, 0.000673, -0.0, -0.0, -0.0, 0.0, 0.0, -0.019155, -0.00313, 0.130144, 0.03833, -0.013603, -0.119845, -0.01954, -0.108221, -0.143901, -0.184821, 0.163374, 0.026696, -0.166863, 0.152478, 0.136184, 0.000607, 0.017287, 0.000145, -3e-05, 0.000132, 0.0, 9.9e-05, 0.0, 0.0, 0.0, -0.000223, -0.012228, 3.5e-05, 1.6e-05, -3.4e-05, -0.0, -0.000198, 0.0, 0.0, 0.0, 0.0, 0.000585, 0.0, 0.0, 0.0], [-0.0, -0.0, -0.0, -0.0, 0.0, -0.0, 0.0, 0.0, -0.0, 0.0, 0.0, 0.0, 1.0, 0.0, -0.018738, -0.153141, -0.059246, 0.01583, 0.021598, -0.207738, 0.00659, 0.013043, -0.002591, 0.088105, -0.002531, 0.027325, 0.192054, 0.039825, -0.0, -0.003281, -0.020373, -0.001717, 0.000488, -0.003013, -0.027632, 0.009438, -0.035281, 0.000379, 0.000281, -0.001835, 0.001624, 0.000517, 0.0, -1.1e-05, -0.002778, -1e-06, 1e-06, -4e-06, -0.001011, 0.002764, -0.006391, 0.0, 0.0, -0.0, 1e-06, 0.0, 0.0, -0.0, -0.000179, 0.0, 0.0, -0.0, 8.7e-05, 0.000448, -0.000379, 0.0, -0.0, 0.0, 0.0, 0.0, -0.0, -0.002023, -0.015678, 0.000932, 0.000767, -0.001676, 0.019871, 0.019934, -0.024757, 0.000276, -0.000378, 0.000881, 0.00067, 0.000719, 0.0, -2.8e-05, -0.004396, 2e-06, -1e-06, -1.3e-05, 0.002157, -0.000529, -0.010882, 1e-06, 0.0, 1e-06, 2e-06, -0.0, -0.0, -0.002688, -0.018495, -0.000331, -0.001256, -0.0025, -0.006066, -0.027746, -0.032999, 0.000934, -0.000168, -0.000354, 0.001073, -0.001333, 0.0, -0.0, -5.9e-05, -0.0, -0.0, 0.0, -3.3e-05, -0.000542, 0.000266, 0.0, -0.0, 0.0, -0.0, -0.0, 0.173956, 0.028425, 0.034979, -0.044418, -0.287589, 0.055536, 0.009055, 0.095577, -0.116109, -0.133792, 0.008894, 0.001453, -0.016027, -0.13334, -0.135008, -0.000268, -0.007649, -7e-05, 1.5e-05, -5.2e-05, -0.0, -0.000194, 0.0, 0.0, 0.0, -8.7e-05, -0.004756, 1.5e-05, 8e-06, -1.1e-05, -0.0, -0.000373, 0.0, 0.0, 0.0, -0.0, -0.000231, -0.0, -0.0, -0.0], [0.0, -0.0, 0.0, -0.0, 0.0, 0.0, 0.0, 0.0, 0.0, 0.0, 0.0, 0.0, 0.0, 1.0, -0.001815, -0.014832, -0.005738, 0.001533, -0.118128, -0.025927, 0.000638, -0.13306, -0.00674, 0.008533, 0.012347, 0.003255, 0.039825, -0.215301, -0.0, -0.000797, -0.004948, -0.000417, -0.00043, -0.000797, -0.006711, -0.020125, -0.011252, 9.2e-05, -0.000195, -0.000477, 0.000517, -0.000379, 0.0, -7e-06, -0.001794, -0.0, 1e-06, -3e-06, -0.000653, 1.1e-05, -0.004652, 0.0, 0.0, -0.0, 0.0, 0.0, 0.0, -0.0, -0.000427, 0.0, 0.0, -0.0, 0.000208, 0.000688, -0.001157, 0.0, -0.0, 0.0, 0.0, 0.0, -0.0, -0.001481, -0.011474, 0.000682, 0.000146, -0.001362, 0.014542, -0.007862, -0.025456, 0.000202, -0.000106, 0.000701, 0.000719, 0.000214, 0.0, 2e-06, 0.000302, -0.0, -1e-06, 1e-06, -0.000148, -0.002234, 0.000825, -0.0, 0.0, -0.0, -0.0, -0.0, 0.0, 0.002293, 0.015777, 0.000282, 0.000474, 0.002353, 0.005174, -0.004118, 0.038392, -0.000797, 7.7e-05, 0.000327, -0.001333, 0.000647, 0.0, 2e-06, 0.001303, 0.0, 1e-06, 1e-06, 0.00073, 0.002752, 0.002918, -1e-06, 0.0, 0.0, -0.0, 1e-06, 0.19062, 0.031148, 0.03833, -0.247455, 0.135377, -0.083616, -0.013633, -0.143901, -0.002369, -0.128949, -0.084617, -0.013827, 0.152478, 0.048561, -0.070534, -0.000114, -0.003249, -3e-05, -6e-06, -2.5e-05, -0.0, -0.000145, 0.0, 0.0, 0.0, -9.7e-05, -0.005298, 1.6e-05, 4e-06, -1.5e-05, 0.0, 7.9e-05, 0.0, 0.0, 0.0, 0.0, 0.001298, 0.0, 0.0, 0.0], [0.0, 0.016636, 0.054718, 0.001058, 0.001057, -0.021885, 0.00535, 0.005345, -0.110641, -0.010818, 8.8e-05, -0.001816, -0.018738, -0.001815, 1.0, 0.325565, 0.151774, 0.0, -0.0, -0.0, 0.0, -0.0, -0.0, -0.0, -0.0, 0.0, -0.0, -0.0, 0.0, 0.013154, 0.050474, 0.013297, -0.002321, 0.009826, 0.083542, -0.014579, 0.06173, 0.006898, -0.002929, 0.012403, -0.004327, -0.002164, 0.0, 0.000229, 0.012498, 2.7e-05, -5e-05, 0.000106, 0.007042, -0.013018, 0.027494, -9e-06, -4e-06, 8e-06, -1.2e-05, -1.4e-05, 0.0, 0.0, 0.001459, -0.0, -0.0, 0.0, -0.000808, -0.003668, 0.002834, -0.0, 0.0, -0.0, 0.0, -0.0, 0.0, 0.013001, 0.050272, -0.01102, -0.007547, 0.009636, -0.069986, -0.047928, 0.061196, 0.002575, 0.00797, -0.010177, -0.00172, -0.006969, 0.0, 0.000759, 0.018901, -0.000127, 4.8e-05, 0.000515, -0.011039, 0.004189, 0.044571, -6.6e-05, -6e-06, -6.4e-05, -0.000129, 2.4e-05, 0.0, 0.016448, 0.054505, 0.005156, 0.014574, 0.015157, 0.026341, 0.074458, 0.077436, -0.008888, 0.005948, 0.006186, -0.000686, 0.017485, 0.0, 0.0, 0.000755, 0.0, 0.0, 0.0, 0.000568, 0.002237, 0.000847, -0.0, 0.0, 0.0, 0.0, 0.0, 0.000344, 0.020213, 3e-06, -1.8e-05, -3.7e-05, 0.000353, 0.020377, 1.9e-05, 1.3e-05, -3.6e-05, 0.000342, 0.020183, -1.6e-05, 1e-05, -3.6e-05, 0.000124, 0.014974, 8e-06, -1e-06, 2e-06, 0.0, 0.001073, 0.0, 0.0, 0.0, 0.000116, 0.014666, -7e-06, -3e-06, 2e-06, 0.0, 0.002044, -0.0, 0.0, 0.0, 0.0, 0.001424, 0.0, 0.0, 0.0], [0.016636, 0.199671, 0.36209, 0.010891, 0.010881, -0.225236, 0.026903, 0.026881, -0.556405, -0.088415, 0.000717, -0.014844, -0.153141, -0.014832, 0.325565, 1.0, 0.798485, 0.0, -0.0, -0.0, 0.0, -0.0, 0.0, 0.0, 0.0, 0.0, -0.0, 0.0, 0.013154, 0.175768, 0.340123, 0.16039, -0.02799, 0.118514, 0.430172, -0.075071, 0.31786, 0.073225, -0.031096, 0.131665, -0.045931, -0.022978, 0.000229, 0.019383, 0.115246, 0.005096, -0.009421, 0.019898, 0.054551, -0.100841, 0.212982, -0.008292, -0.003187, 0.006731, -0.010194, -0.012443, -6.5e-05, 0.003153, 0.035695, -0.000632, -0.002867, 0.002215, -0.015119, -0.068613, 0.053007, -0.002357, 0.0012, -0.000927, 0.001098, -0.004206, 0.013001, 0.174659, 0.339068, -0.133976, -0.09175, 0.117149, -0.360794, -0.247081, 0.315481, 0.027692, 0.085715, -0.109444, -0.018499, -0.07495, 0.000759, 0.037253, 0.158819, -0.010607, 0.004025, 0.042827, -0.075768, 0.028751, 0.305929, -0.016124, -0.001467, -0.015611, -0.031238, 0.005924, 0.016448, 0.198443, 0.360995, 0.053472, 0.151146, 0.157192, 0.13262, 0.374872, 0.389866, -0.073564, 0.04923, 0.051199, -0.005677, 0.144722, -2.3e-05, 0.001517, 0.023331, 0.000407, 0.001602, 0.000606, 0.013845, 0.054472, 0.020618, -0.001079, 0.000937, 0.000355, 0.001579, 0.001395, 0.02536, 0.165328, 0.002141, -0.011492, -0.024003, 0.025732, 0.166384, 0.011758, 0.008478, -0.022936, 0.025293, 0.16514, -0.010225, 0.006651, -0.023662, 0.014784, 0.130553, 0.014084, -0.002106, 0.00315, 0.000134, 0.016383, 1.8e-05, -2.3e-05, 4.8e-05, 0.014244, 0.128439, -0.012497, -0.005168, 0.003558, 0.000423, 0.027221, -7.7e-05, 3.8e-05, 0.000208, 0.000222, 0.020482, 3.9e-05, 8.3e-05, 4.9e-05], [0.054718, 0.36209, 0.592133, 0.009863, 0.009855, -0.20398, 0.027881, 0.027858, -0.576638, -0.034205, 0.000277, -0.005743, -0.059246, -0.005738, 0.151774, 0.798485, 1.0, -0.0, -0.0, 0.0, -0.0, 0.0, 0.0, -0.0, 0.0, 0.0, -0.0, 0.0, 0.050474, 0.340123, 0.568078, 0.15804, -0.02758, 0.116778, 0.457319, -0.079809, 0.33792, 0.031257, -0.013274, 0.056203, -0.019607, -0.009808, 0.012498, 0.115246, 0.27731, 0.020831, -0.038507, 0.081329, 0.090101, -0.166557, 0.351778, -0.019396, -0.007455, 0.015746, -0.023847, -0.029107, -0.006431, 0.053497, 0.14852, -0.006205, -0.028158, 0.021753, -0.036963, -0.167745, 0.129592, -0.009829, 0.005003, -0.003865, 0.004576, -0.017539, 0.050272, 0.339068, 0.566911, -0.132566, -0.090784, 0.115917, -0.384048, -0.263006, 0.335815, 0.011879, 0.036768, -0.046947, -0.007935, -0.03215, 0.018901, 0.158819, 0.342968, -0.028595, 0.010851, 0.115457, -0.109828, 0.041675, 0.44345, -0.022785, -0.002073, -0.022059, -0.044141, 0.008371, 0.054505, 0.360995, 0.590946, 0.048624, 0.137443, 0.142941, 0.137612, 0.388982, 0.404541, -0.028596, 0.019136, 0.019902, -0.002207, 0.056256, -0.004527, 0.039365, 0.117351, 0.006451, 0.025382, 0.009607, 0.041519, 0.16335, 0.061828, -0.007413, 0.006436, 0.002436, 0.010848, 0.009585, 0.128169, 0.351854, 0.007405, -0.039745, -0.083018, 0.129069, 0.353368, 0.040238, 0.029016, -0.078493, 0.128008, 0.351583, -0.035431, 0.023047, -0.081993, 0.098858, 0.300039, 0.072075, -0.010775, 0.016119, 0.010176, 0.07398, 0.002874, -0.003704, 0.007752, 0.0971, 0.296752, -0.065705, -0.027172, 0.018705, 0.017725, 0.104202, -0.005335, 0.002636, 0.014359, 0.012988, 0.086008, 0.004276, 0.009181, 0.005449], [-0.001058, -0.010891, -0.009863, 0.073245, -0.000812, 0.016799, 0.199699, -0.000908, 0.018799, 0.01582, 0.005707, -0.118125, 0.01583, 0.001533, 0.0, 0.0, -0.0, 1.0, 0.0, 0.0, 0.531899, -0.0, -0.0, -0.0, 0.0, -0.0, 0.0, -0.0, -0.013297, -0.16039, -0.15804, -0.135683, 0.03441, -0.145696, -0.061772, 0.043193, -0.182885, -0.03064, 0.038235, -0.161892, 0.077061, 0.038551, -2.7e-05, -0.005096, -0.020831, 0.001236, 0.002828, -0.005972, 0.037279, 0.021938, -0.046334, 0.003885, -0.000586, 0.001238, 0.003488, 0.004258, -4e-06, 0.000525, 0.006792, 0.00014, -0.000521, 0.000403, 0.011015, -0.015102, 0.011667, -0.000655, -0.000296, 0.000229, 0.000239, -0.000915, 0.01102, 0.133976, 0.132566, -0.077423, -0.094748, 0.120977, 0.010372, -0.119607, 0.152718, -0.037783, 0.075175, -0.095986, -0.026053, -0.105552, 0.000127, 0.010607, 0.028595, 0.003249, 0.001359, 0.014464, 0.056288, 0.006281, 0.066837, -0.009445, 0.000372, 0.00396, -0.012612, 0.002392, -0.005156, -0.053472, -0.048624, 0.053704, -0.055651, -0.057877, 0.177706, -0.062626, -0.065131, 0.070209, 0.054942, 0.057139, 0.002895, -0.073794, 2e-06, -0.000308, -0.006008, 8e-06, -0.000345, -0.000131, 0.004546, -0.016105, -0.006096, 0.000347, 1e-05, 4e-06, -0.000401, -0.000354, -0.002413, -0.009521, 0.003155, 0.001263, 0.002639, -0.013237, -0.051697, -0.003532, -0.005046, 0.013651, 0.011526, 0.045562, -0.002004, 0.003501, -0.012453, -0.016555, -0.095394, -0.015751, 0.002577, -0.003855, -3.4e-05, -0.004929, -2e-06, 4e-06, -8e-06, 0.014734, 0.087138, -0.012669, -0.005821, 0.004007, 0.000128, 0.008581, -1.1e-05, 9e-06, 4.7e-05, -6.9e-05, -0.007129, -6e-06, -1.8e-05, -1.1e-05], [-0.001057, -0.010881, -0.009855, -0.000812, 0.073247, 0.016785, -0.000908, 0.199701, 0.018783, 0.005794, 0.005712, 0.001533, 0.021598, -0.118128, -0.0, -0.0, -0.0, 0.0, 1.0, 0.0, -0.0, 0.531899, 0.0, -0.0, -0.0, -0.0, 0.0, -0.0, 0.002321, 0.02799, 0.02758, 0.03441, 0.055488, 0.025426, 0.043193, 0.178196, 0.031916, 0.029486, 0.070754, 0.038551, -0.027385, 0.052281, 5e-05, 0.009421, 0.038507, 0.002828, -0.002462, 0.011039, 0.021938, 0.008594, 0.08565, -0.004277, -0.001109, 0.004258, -0.008125, -0.00433, -2e-05, 0.002383, 0.030825, -0.000521, -0.002111, 0.001828, -0.015102, -0.054194, 0.052948, -0.002006, 0.001062, -0.000915, 0.000526, -0.003723, 0.007547, 0.09175, 0.090784, -0.094748, -0.003956, 0.082848, -0.119607, 0.103115, 0.104585, 0.052999, 0.016172, -0.105552, -0.063379, -0.014141, -4.8e-05, -0.004025, -0.010851, 0.001359, 0.006315, -0.005488, 0.006281, 0.070457, -0.025362, 0.001913, -0.002317, 0.002392, 0.00575, 0.009355, -0.014574, -0.151146, -0.137443, -0.055651, -0.083915, -0.163599, -0.062626, 0.022839, -0.184104, 0.059817, -0.042639, -0.073794, 0.088227, -0.125346, 6e-06, -0.001213, -0.023637, -0.000345, -0.001263, -0.000514, -0.016105, -0.054724, -0.023983, 0.000935, -0.000873, -0.000354, -0.001329, -0.0013, 0.012951, 0.051103, 0.001263, -0.00339, -0.014162, -0.009545, -0.037278, -0.005046, -0.000172, 0.009844, -0.007497, -0.029638, 0.003501, 0.0011, 0.008101, 0.002475, 0.014262, 0.002577, 0.001103, 0.000576, 4.3e-05, 0.006352, 4e-06, -4e-06, 1e-05, 0.006093, 0.036035, -0.005821, -0.001001, 0.001657, -6.3e-05, -0.00424, 9e-06, 2e-06, -2.3e-05, -0.000147, -0.015306, -1.8e-05, -3.6e-05, -2.3e-05], [0.021885, 0.225236, 0.20398, 0.016799, 0.016785, -0.273377, 0.018799, 0.018783, -0.188189, -0.119936, 0.001533, -0.025949, -0.207738, -0.025927, -0.0, -0.0, 0.0, 0.0, 0.0, 1.0, -0.0, 0.0, 0.531899, 0.0, -0.0, -0.0, 0.0, 0.0, -0.009826, -0.118514, -0.116778, -0.145696, 0.025426, -0.046164, -0.182885, 0.031916, 0.050597, -0.124847, 0.038551, -0.083368, -0.002068, 0.014549, -0.000106, -0.019898, -0.081329, -0.005972, 0.011039, -0.020551, -0.046334, 0.08565, -0.131752, 0.009033, 0.004258, -0.008086, 0.010078, 0.014947, 1.5e-05, -0.001841, -0.023814, 0.000403, 0.001828, -0.001157, 0.011667, 0.052948, -0.026563, 0.001549, -0.000915, 0.000584, -0.001268, 0.002651, -0.009636, -0.117149, -0.115917, 0.120977, 0.082848, -0.044853, 0.152718, 0.104585, 0.051487, -0.06767, -0.105552, 0.068277, -0.035363, 0.046758, -0.000515, -0.042827, -0.115457, 0.014464, -0.005488, -0.05157, 0.066837, -0.025362, -0.197025, 0.02036, 0.002392, 0.022906, 0.040659, -0.008692, -0.015157, -0.157192, -0.142941, -0.057877, -0.163599, -0.09675, -0.065131, -0.184104, 0.008395, 0.062209, -0.073794, -0.048428, -0.074736, -0.13689, 2e-06, -0.000459, -0.008947, -0.000131, -0.000514, -9.9e-05, -0.006096, -0.023983, -0.000438, 0.000354, -0.000354, -7.1e-05, -0.000691, -0.000279, 0.027051, 0.106741, 0.002639, -0.014162, -0.026191, 0.025821, 0.100845, 0.013651, 0.009844, -0.023163, 0.026672, 0.105438, -0.012453, 0.008101, -0.025442, -0.003702, -0.021334, -0.003855, 0.000576, 0.000627, -9.1e-05, -0.013293, -8e-06, 1e-05, -2e-05, -0.004194, -0.024807, 0.004007, 0.001657, 0.000266, -0.000345, -0.023095, 4.7e-05, -2.3e-05, -0.000121, -8.7e-05, -0.009084, -1.1e-05, -2.3e-05, -1.1e-05], [-0.00535, -0.026903, -0.027881, 0.199699, -0.000908, 0.018799, 0.541139, -0.001542, 0.031928, 0.011269, 0.006428, -0.133059, 0.00659, 0.000638, 0.0, 0.0, -0.0, 0.531899, -0.0, -0.0, 1.0, 0.0, 0.0, 0.0, 0.0, -0.0, 0.0, 0.0, -0.083542, -0.430172, -0.457319, -0.061772, 0.043193, -0.182885, 0.084372, 0.07551, -0.319716, 0.058999, 0.007232, -0.030622, 0.037033, 0.018526, -0.007042, -0.054551, -0.090101, 0.037279, 0.021938, -0.046334, 0.189917, 0.063021, -0.133105, 0.025505, -0.014722, 0.031094, 0.01617, 0.019736, -0.002793, 0.021576, 0.048977, 0.01463, -0.013333, 0.010301, 0.098936, -0.062632, 0.048387, -0.009496, -0.01348, 0.010414, 0.002501, -0.009583, 0.069986, 0.360794, 0.384048, 0.010372, -0.119607, 0.152718, 0.210053, -0.209394, 0.267362, -0.080072, -0.000262, 0.000334, -0.012609, -0.051084, 0.011039, 0.075768, 0.109828, 0.056288, 0.006281, 0.066837, 0.245952, 0.015584, 0.165822, -0.033927, 0.004534, 0.048249, -0.03054, 0.005791, -0.026341, -0.13262, -0.137612, 0.177706, -0.062626, -0.065131, 0.503733, -0.106512, -0.110772, 0.052502, 0.079506, 0.082686, 0.001214, -0.030935, 0.002655, -0.021757, -0.054018, 0.008018, -0.016405, -0.006209, 0.064648, -0.085016, -0.032179, 0.009607, 0.009109, 0.003448, -0.008086, -0.007145, -0.021275, -0.036544, 0.053872, 0.008103, 0.016926, -0.115636, -0.19797, 0.011581, -0.031935, 0.086389, 0.101788, 0.174943, 0.020692, 0.022509, -0.080078, -0.205092, -0.398146, -0.142509, 0.027297, -0.040833, -0.007635, -0.042783, -0.00015, 0.0032, -0.006697, 0.186845, 0.3658, -0.115132, -0.063818, 0.043932, 0.014381, 0.062312, -0.000383, 0.0025, 0.013621, -0.011431, -0.057213, -0.001195, -0.009368, -0.00556], [-0.005345, -0.026881, -0.027858, -0.000908, 0.199701, 0.018783, -0.001542, 0.541142, 0.031901, 7.2e-05, 0.006434, 0.000638, 0.013043, -0.13306, -0.0, -0.0, 0.0, -0.0, 0.531899, 0.0, 0.0, 1.0, 0.0, 0.0, 0.0, 0.0, 0.0, -0.0, 0.014579, 0.075071, 0.079809, 0.043193, 0.178196, 0.031916, 0.07551, 0.503878, 0.055795, 0.020603, 0.097848, 0.018526, -0.024302, 0.072301, 0.013018, 0.100841, 0.166557, 0.021938, 0.008594, 0.08565, 0.063021, 0.107511, 0.246051, -0.012893, 0.001354, 0.019736, -0.049667, 0.005287, -0.012675, 0.097914, 0.222267, -0.013333, -0.042941, 0.046747, -0.062632, -0.171497, 0.219586, -0.015011, 0.008832, -0.009583, -0.004866, -0.030964, 0.047928, 0.247081, 0.263006, -0.119607, 0.103115, 0.104585, -0.209394, 0.372418, 0.183096, 0.046806, -0.045682, -0.051084, -0.067317, 0.039944, -0.004189, -0.028751, -0.041675, 0.006281, 0.070457, -0.025362, 0.015584, 0.281106, -0.062923, 0.002536, -0.015185, 0.005791, 0.017557, 0.061314, -0.074458, -0.374872, -0.388982, -0.062626, 0.022839, -0.184104, -0.106512, 0.240342, -0.313115, -0.00753, 0.002105, -0.030935, 0.093459, 0.006187, 0.010447, -0.085598, -0.212525, -0.016405, -0.052357, -0.02443, -0.085016, -0.248228, -0.126603, 0.013711, -0.015342, -0.007145, -0.017907, -0.022846, 0.114189, 0.196139, 0.008103, 0.01189, -0.090845, -0.083385, -0.142757, -0.031935, 0.032839, 0.062296, -0.066212, -0.113799, 0.022509, 0.040654, 0.05209, 0.030662, 0.059524, 0.027297, 0.035993, 0.006105, 0.00984, 0.055135, 0.0032, -0.001791, 0.008631, 0.077269, 0.151274, -0.063818, 0.012796, 0.018168, -0.007105, -0.030786, 0.0025, 0.003443, -0.006729, -0.024543, -0.122836, -0.009368, -0.016945, -0.011936], [0.110641, 0.556405, 0.576638, 0.018799, 0.018783, -0.188189, 0.031928, 0.031901, -0.11764, -0.001495, 0.000638, -0.006746, -0.002591, -0.00674, -0.0, 0.0, 0.0, -0.0, 0.0, 0.531899, 0.0, 0.0, 1.0, 0.0, 0.0, 0.0, 0.0, 0.0, -0.06173, -0.31786, -0.33792, -0.182885, 0.031916, 0.050597, -0.319716, 0.055795, 0.280813, -0.087234, 0.018526, 0.023783, -0.04817, -0.00415, -0.027494, -0.212982, -0.351778, -0.046334, 0.08565, -0.131752, -0.133105, 0.246051, -0.295667, 0.027232, 0.019736, -0.030985, 0.02136, 0.057277, 0.009792, -0.075644, -0.171713, 0.010301, 0.046747, -0.018546, 0.048387, 0.219586, -0.056905, 0.011597, -0.009583, 0.003831, -0.021292, 0.017385, -0.061196, -0.315481, -0.335815, 0.152718, 0.104585, 0.051487, 0.267362, 0.183096, 0.282033, -0.059763, -0.051084, -0.020464, -0.063903, -0.014014, -0.044571, -0.305929, -0.44345, 0.066837, -0.025362, -0.197025, 0.165822, -0.062923, -0.382517, 0.026982, 0.005791, 0.045895, 0.0598, -0.017415, -0.077436, -0.389866, -0.404541, -0.065131, -0.184104, 0.008395, -0.110772, -0.313115, 0.215776, -0.007831, -0.030935, -0.000323, -0.090062, -0.000912, 0.003954, -0.032399, -0.080441, -0.006209, -0.02443, 0.002941, -0.032179, -0.126603, 0.038337, 0.00519, -0.007145, 0.00083, -0.017305, 0.003267, 0.23851, 0.409684, 0.016926, -0.090845, -0.134369, 0.225572, 0.386183, 0.086389, 0.062296, -0.112654, 0.235555, 0.404848, -0.080078, 0.05209, -0.130019, -0.045867, -0.089042, -0.040833, 0.006105, 0.030942, -0.020593, -0.115385, -0.006697, 0.008631, -0.015729, -0.053192, -0.104137, 0.043932, 0.018168, 0.026681, -0.038705, -0.167702, 0.013621, -0.006729, -0.031979, -0.014565, -0.072897, -0.00556, -0.011936, -0.003915], [-0.010818, -0.088415, -0.034205, -0.01582, -0.005794, 0.119936, -0.011269, -7.2e-05, 0.001495, 0.090313, -0.001461, 0.030248, 0.088105, 0.008533, -0.0, 0.0, -0.0, -0.0, -0.0, 0.0, 0.0, 0.0, 0.0, 1.0, 0.0, 0.0, 0.0, 0.0, 0.006898, 0.073225, 0.031257, 0.03064, -0.029486, 0.124847, -0.058999, -0.020603, 0.087234, -0.077061, -0.029565, 0.12518, -0.105441, -0.052748, -9e-06, -0.008292, -0.019396, -0.003885, 0.004277, -0.009033, -0.025505, 0.012893, -0.027232, 0.003818, 0.002564, -0.005415, 0.004982, 0.006081, 1e-06, -0.000927, -0.013907, 0.000253, 0.000826, -0.000638, 0.011667, 0.026246, -0.020277, 0.000824, -0.000599, 0.000462, -0.000387, 0.001483, 0.002575, 0.027692, 0.011879, 0.037783, -0.052999, 0.06767, 0.080072, -0.046806, 0.059763, -0.122964, 0.007278, -0.009293, -0.026347, -0.106745, -6.6e-05, -0.016124, -0.022785, 0.009445, -0.001913, -0.02036, 0.033927, -0.002536, -0.026982, 0.008185, 0.001522, 0.016196, 0.017254, -0.003272, -0.008888, -0.073564, -0.028596, -0.070209, -0.059817, -0.062209, -0.052502, 0.00753, 0.007831, 0.034724, -0.087666, -0.091173, 0.001841, -0.046924, 0.0, -0.000322, -0.00854, -0.000108, -0.00031, -0.000118, -0.009795, -0.019604, -0.00742, 0.000231, -0.000298, -0.000113, -0.00036, -0.000318, -0.013087, -0.025415, -0.00192, 0.006662, 0.013915, -0.005918, -0.011351, -0.006114, -0.001696, 0.004587, -0.007418, -0.014438, 0.006138, -0.001887, 0.006713, 0.013377, 0.041112, 0.012476, -0.002343, 0.003506, -2e-05, -0.003305, -1e-06, 1e-06, -2e-06, 0.009972, 0.031632, -0.008078, -0.004488, 0.003089, -7.5e-05, -0.004721, 7e-06, -3e-06, -1.4e-05, -3.1e-05, -0.003361, -2e-06, -4e-06, -2e-06], [8.8e-05, 0.000717, 0.000277, -0.005707, -0.005712, -0.001533, -0.006428, -0.006434, -0.000638, -0.001461, 0.039457, 0.012336, -0.002531, 0.012347, -0.0, 0.0, 0.0, 0.0, -0.0, -0.0, 0.0, 0.0, 0.0, 0.0, 1.0, 0.0, 0.0, 0.0, -0.002929, -0.031096, -0.013274, -0.038235, -0.070754, -0.038551, -0.007232, -0.097848, -0.018526, -0.029565, -0.09254, -0.060385, 0.051434, -0.088583, -4e-06, -0.003187, -0.007455, 0.000586, 0.001109, -0.004258, 0.014722, -0.001354, -0.019736, 0.002564, -0.000138, 0.00046, 0.003321, 0.002117, -1e-06, 0.000472, 0.007078, 8e-05, -0.000434, 0.000367, 0.011475, -0.014492, 0.01382, -0.000599, -0.00017, 0.000143, 0.00015, -0.000885, 0.00797, 0.085715, 0.036768, -0.075175, -0.016172, 0.105552, 0.000262, 0.045682, 0.051084, 0.007278, 0.029963, -0.122045, -0.096705, -0.038641, -6e-06, -0.001467, -0.002073, -0.000372, 0.002317, -0.002392, -0.004534, 0.015185, -0.005791, 0.001522, 0.000323, -0.000415, 0.0029, 0.003901, 0.005948, 0.04923, 0.019136, -0.054942, 0.042639, 0.073794, -0.079506, -0.002105, 0.030935, -0.087666, -0.04883, -0.077321, -0.046319, 0.082389, -0.0, 0.00028, 0.007415, 1e-05, 0.000286, 0.000115, -0.005211, 0.019723, 0.008517, -0.000298, 4e-05, 1.6e-05, 0.000346, 0.00033, -0.001596, -0.003099, 0.001925, 0.000568, 0.002006, 0.006357, 0.012194, 0.002307, 0.000621, -0.007556, -0.004424, -0.00861, 0.001158, 0.000325, 0.005493, -0.003594, -0.011046, -0.003649, -0.00126, -0.000878, -1.3e-05, -0.002128, -0.0, 1e-06, -1e-06, 0.008173, 0.025925, -0.007474, -0.001763, 0.002316, -2.3e-05, -0.001472, 1e-06, 0.0, -5e-06, 5.4e-05, 0.005905, 3e-06, 7e-06, 4e-06], [-0.001816, -0.014844, -0.005743, 0.118125, -0.001533, 0.025949, 0.133059, -0.000638, 0.006746, 0.030248, 0.012336, -0.215295, 0.027325, 0.003255, 0.0, 0.0, 0.0, -0.0, -0.0, -0.0, -0.0, 0.0, 0.0, 0.0, 0.0, 1.0, 0.0, 0.0, 0.012403, 0.131665, 0.056203, 0.161892, -0.038551, 0.083368, 0.030622, -0.018526, -0.023783, 0.12518, -0.060385, 0.148874, -0.013311, -0.033657, 8e-06, 0.006731, 0.015746, -0.001238, -0.004258, 0.008086, -0.031094, -0.019736, 0.030985, -0.005415, 0.00046, -0.000891, -0.004559, -0.006482, 0.0, -0.000364, -0.005468, -6.2e-05, 0.000367, -0.000243, -0.008865, 0.01382, -0.00728, 0.000462, 0.000143, -9.6e-05, -0.000273, 0.000643, -0.010177, -0.109444, -0.046947, 0.095986, 0.105552, -0.068277, -0.000334, 0.051084, 0.020464, -0.009293, -0.122045, 0.09021, -