{"HF": -384.5242647096, "coordinates": [[0.039259253, 1.531831266, 0.17292886], [0.017191286, 0.078087486, 0.098046745], [-0.003058704, -1.123351122, 0.036138708], [-0.036223724, -2.585140036, -0.035388923], [-1.414616174, -3.156824669, -0.163844541], [-2.040459987, -3.861808507, -1.144015003], [-3.364762844, -4.13560907, -0.665555771], [-3.438148684, -3.574780999, 0.56777434], [-2.259261099, -2.976389349, 0.889731156], [0.623497097, 1.965253205, -0.646418739], [-0.972983453, 1.946716588, 0.112540563], [0.482206097, 1.87649539, 1.113905791], [0.547316117, -2.932136443, -0.89607718], [0.452784571, -3.005498538, 0.854620476], [-1.614166512, -4.148704834, -2.092659881], [-4.147883639, -4.675270559, -1.174365886], [-4.211996358, -3.512424156, 1.314745816]], "elements": ["C", "C", "C", "C", "C", "C", "C", "C", "O", "H", "H", "H", "H", "H", "H", "H", "H"], "Enn": 385.5159644696, "S": [[1.0, 0.325565, 0.151774, 0.0, -0.0, 0.0, 0.0, 0.0, 0.0, -0.0, 0.0, 0.0, -0.0, 0.0, 0.0, 0.019567, 0.057856, 0.00136, 0.000401, 0.026409, 0.005917, 0.001744, 0.114875, -0.013768, 3.7e-05, 0.002469, -0.023964, 0.000728, 0.0, 2.9e-05, 0.006084, 0.0, 0.0, 9e-06, 0.00079, 0.000244, 0.015338, -0.0, 0.0, 0.0, -1e-06, 0.0, 0.0, 0.0, 6.7e-05, 0.0, 0.0, 0.0, 6e-06, 2e-06, 0.000126, 0.0, 0.0, 0.0, 0.0, 0.0, 0.0, 0.0, 3e-06, 0.0, 0.0, 0.0, 0.0, 1e-06, 3e-06, 0.0, 0.0, 0.0, 0.0, 0.0, 0.0, 0.0, 0.0, 0.0, 0.0, 0.0, 0.0, 0.0, 0.0, 0.0, 0.0, 0.0, 0.0, 0.0, 0.0, 0.0, 0.0, 0.0, 0.0, 0.0, 0.0, 0.0, 0.0, 0.0, 0.0, 0.0, 0.0, 0.0, 0.0, 0.0, 0.0, 0.0, 0.0, 0.0, -0.0, 0.0, 0.0, 0.0, 0.0, 0.0, 0.0, 0.0, 0.0, 0.0, 0.0, 0.0, 0.0, 0.0, -0.0, 0.0, 0.0, 0.0, 0.0, 0.0, 0.0, 0.0, 0.049654, 0.086672, 0.060813, -0.043363, -0.032169, 0.049662, 0.086676, 0.004483, 0.07515, -0.030802, 0.049661, 0.086675, -0.069856, -0.032883, -0.025587, 0.0, 1.7e-05, 0.0, 0.0, 0.0, 0.0, 1.8e-05, 0.0, 0.0, 0.0, 0.0, 0.0, 0.0, 0.0, 0.0, 0.0, 0.0, 0.0, 0.0, 0.0, 0.0, 0.0, 0.0, 0.0, 0.0], [0.325565, 1.0, 0.798485, 0.0, -0.0, -0.0, 0.0, 0.0, 0.0, 0.0, 0.0, 0.0, -0.0, 0.0, 0.019567, 0.218051, 0.378085, 0.012546, 0.003697, 0.243559, 0.029275, 0.008627, 0.568342, -0.093883, 0.000256, 0.016837, -0.163402, 0.004962, 2.9e-05, 0.006215, 0.06594, 0.000351, 0.000109, 0.006821, 0.007555, 0.002337, 0.146647, -0.002753, 8e-06, 0.000494, -0.004792, 0.000153, 0.0, 5e-06, 0.001987, 0.0, 0.0, 3e-06, 0.000227, 8.2e-05, 0.004492, -0.0, 0.0, 0.0, -1e-06, 0.0, 0.0, 0.0, 0.000156, 0.0, 0.0, 0.0, 2.1e-05, 9.2e-05, 0.000296, -0.0, 0.0, 0.0, -0.0, 0.0, 0.0, 0.0, 3e-06, 0.0, 0.0, 0.0, 1e-06, 2e-06, 5e-06, 0.0, 0.0, 0.0, 0.0, 0.0, 0.0, 0.0, 0.0, 0.0, 0.0, 0.0, 0.0, 0.0, 0.0, 0.0, 0.0, 0.0, 0.0, 0.0, 0.0, 0.0, 1e-06, 0.0, 0.0, 0.0, -0.0, 1e-06, 1e-06, 0.0, 0.0, 0.0, 0.0, 0.0, 0.0, 0.0, 0.0, 0.0, 0.0, 0.0, -0.0, 1e-06, 1e-06, 0.0, 0.0, 0.0, 0.0, 0.0, 0.366204, 0.519956, 0.269687, -0.192301, -0.14266, 0.366236, 0.519975, 0.019879, 0.333212, -0.136573, 0.36623, 0.519971, -0.309746, -0.145807, -0.113455, 0.0, 0.000623, 0.0, -0.0, 0.0, 0.0, 0.000645, -0.0, -0.0, 0.0, 0.0, 1e-06, 0.0, 0.0, 0.0, 0.0, 0.0, 0.0, 0.0, 0.0, 0.0, 0.0, 0.0, 0.0, 0.0], [0.151774, 0.798485, 1.0, -0.0, -0.0, -0.0, -0.0, -0.0, 0.0, -0.0, 0.0, 0.0, -0.0, 0.0, 0.057856, 0.378085, 0.609338, 0.010717, 0.003158, 0.208049, 0.02981, 0.008785, 0.578734, -0.033935, 9.2e-05, 0.006086, -0.059063, 0.001794, 0.006084, 0.06594, 0.191554, 0.002946, 0.000911, 0.057186, 0.015663, 0.004846, 0.304028, -0.015491, 4.4e-05, 0.002779, -0.02696, 0.00086, 6.7e-05, 0.001987, 0.018816, 0.000102, 3.7e-05, 0.002024, 0.00196, 0.00071, 0.038745, -0.00069, 2e-06, 0.000122, -0.001201, 4.4e-05, 3e-06, 0.000156, 0.003487, 1.1e-05, 4.6e-05, 0.000149, 0.000516, 0.002228, 0.007184, -5.4e-05, 4e-06, 1.2e-05, -7.8e-05, 5.3e-05, 0.0, 3e-06, 0.00027, 1e-06, 1e-06, 3e-06, 0.000129, 0.000203, 0.000526, -1e-06, 0.0, 1e-06, -1e-06, 1e-06, 0.0, 0.0, 3.1e-05, 0.0, 0.0, 0.0, 8e-06, 3.2e-05, 5.4e-05, -0.0, 0.0, 0.0, -0.0, 0.0, 0.0, 1e-06, 0.000129, -0.0, 1e-06, 1e-06, -1.7e-05, 0.000153, 0.000224, -0.0, -0.0, -0.0, -0.0, 0.0, -1e-06, 1.6e-05, 0.000288, -2e-06, 7e-06, 1.4e-05, -0.000104, 0.000334, 0.000655, -9e-06, -2e-06, -4e-06, -9e-06, 1.3e-05, 0.453396, 0.762157, 0.139395, -0.099396, -0.073738, 0.453414, 0.762175, 0.010274, 0.17222, -0.070587, 0.45341, 0.762172, -0.160094, -0.075361, -0.05864, 0.000289, 0.008153, 5.6e-05, -2.7e-05, 0.000234, 0.000301, 0.008348, -3.7e-05, -2.3e-05, 0.000248, 0.0, 0.000117, 0.0, 0.0, 0.0, 0.0, 2e-06, 0.0, 0.0, 0.0, 0.0, 4.1e-05, -0.0, 0.0, 0.0], [0.0, 0.0, -0.0, 1.0, 0.0, 0.0, 0.531899, 0.0, 0.0, -0.0, -0.0, 0.0, 0.0, -0.0, -0.00136, -0.012546, -0.010717, 0.083266, -0.000294, -0.019374, 0.210543, -0.000304, -0.020006, 0.018524, 0.002027, 0.133555, 0.018221, -0.000553, -0.0, -0.000351, -0.002946, 0.000559, -7e-06, -0.000414, 0.024396, -0.000124, -0.007779, 0.000218, 1.1e-05, 0.000692, 0.000305, -1e-05, 0.0, -0.0, -0.000102, 0.0, -0.0, -0.0, 0.000333, -5e-06, -0.000255, 0.0, 0.0, 0.0, 0.0, -0.0, 0.0, -0.0, -1.1e-05, 0.0, -0.0, -0.0, 1.4e-05, -7e-06, -2.1e-05, 0.0, 0.0, 0.0, 0.0, 0.0, 0.0, 0.0, -1e-06, 0.0, 0.0, 0.0, -0.0, -0.0, -1e-06, 0.0, 0.0, 0.0, 0.0, 0.0, 0.0, 0.0, -0.0, 0.0, 0.0, 0.0, 0.0, -0.0, -0.0, 0.0, 0.0, 0.0, 0.0, 0.0, 0.0, 0.0, 0.0, 0.0, 0.0, 0.0, 0.0, 0.0, 0.0, 0.0, 0.0, 0.0, 0.0, 0.0, 0.0, 0.0, 0.0, 0.0, 0.0, 0.0, 0.0, 0.0, 0.0, 0.0, 0.0, 0.0, 0.0, 0.0, -0.291796, -0.156003, -0.138479, 0.242662, 0.180021, -0.021509, -0.011498, 0.200013, -0.030991, 0.012702, 0.335141, 0.179167, -0.247044, -0.211311, -0.164425, -0.0, -0.000146, -0.0, 0.0, -0.0, 0.0, 9.7e-05, -0.0, -0.0, 0.0, 0.0, -0.0, 0.0, 0.0, 0.0, 0.0, -0.0, 0.0, 0.0, 0.0, 0.0, 0.0, 0.0, 0.0, 0.0], [-0.0, -0.0, -0.0, 0.0, 1.0, 0.0, 0.0, 0.531899, 0.0, 0.0, -0.0, -0.0, -0.0, 0.0, -0.000401, -0.003697, -0.003158, -0.000294, 0.084177, -0.00571, -0.000304, 0.211484, -0.005896, 0.001898, 0.006968, -0.000553, 0.007426, 0.135269, -0.0, -0.000109, -0.000911, -7e-06, 0.000578, -0.000128, -0.000124, 0.024758, -0.002406, 4.8e-05, 3.7e-05, -1e-05, 0.000106, 0.00072, 0.0, -0.0, -3.7e-05, -0.0, 0.0, -0.0, -5e-06, 0.000345, -9.2e-05, 0.0, 0.0, -0.0, 0.0, 0.0, 0.0, -0.0, -4.6e-05, -0.0, -0.0, -0.0, -7e-06, -1.3e-05, -9.2e-05, 0.0, 0.0, 0.0, 0.0, 0.0, 0.0, 0.0, -1e-06, 0.0, 0.0, 0.0, -0.0, -0.0, -1e-06, 0.0, 0.0, 0.0, 0.0, 0.0, 0.0, 0.0, -0.0, 0.0, 0.0, 0.0, -0.0, -0.0, -0.0, 0.0, 0.0, 0.0, 0.0, 0.0, 0.0, 0.0, -1e-06, 0.0, 0.0, 0.0, 0.0, -0.0, -1e-06, 0.0, 0.0, 0.0, 0.0, 0.0, 0.0, 0.0, -0.0, 0.0, 0.0, 0.0, 0.0, -0.0, -0.0, 0.0, 0.0, 0.0, 0.0, 0.0, 0.208066, 0.111238, 0.242662, 0.028805, -0.128364, -0.360531, -0.192738, -0.030991, -0.317624, 0.21292, 0.157761, 0.084339, -0.211311, 0.102386, -0.0774, 0.0, 7e-05, 0.0, 0.0, 0.0, 0.0, 5.9e-05, -0.0, 0.0, 0.0, 0.0, -0.0, 0.0, 0.0, 0.0, 0.0, -0.0, 0.0, 0.0, 0.0, 0.0, -0.0, 0.0, 0.0, 0.0], [0.0, -0.0, -0.0, 0.0, 0.0, 1.0, 0.0, 0.0, 0.531899, -0.0, -0.0, -0.0, -0.0, -0.0, -0.026409, -0.243559, -0.208049, -0.019374, -0.00571, -0.291855, -0.020006, -0.005896, -0.176817, 0.12505, -0.000553, -0.029474, 0.218307, -0.008686, -9e-06, -0.006821, -0.057186, -0.000414, -0.000128, -0.007464, -0.007779, -0.002406, -0.126194, 0.002985, -1e-05, -0.000573, 0.005199, -0.000177, 0.0, -3e-06, -0.002024, -0.0, -0.0, -1e-06, -0.000255, -9.2e-05, -0.004689, 0.0, -0.0, -0.0, 0.0, -0.0, 0.0, -0.0, -0.000149, -0.0, -0.0, -0.0, -2.1e-05, -9.2e-05, -0.000281, 0.0, 0.0, 0.0, 0.0, 0.0, 0.0, 0.0, -3e-06, 0.0, 0.0, 0.0, -1e-06, -1e-06, -4e-06, 0.0, 0.0, 0.0, 0.0, 0.0, 0.0, 0.0, -0.0, 0.0, 0.0, 0.0, -0.0, -0.0, -0.0, 0.0, 0.0, 0.0, 0.0, 0.0, 0.0, 0.0, -1e-06, 0.0, 0.0, 0.0, 0.0, -1e-06, -1e-06, 0.0, 0.0, 0.0, 0.0, 0.0, 0.0, 0.0, -0.0, 0.0, 0.0, 0.0, 0.0, -0.0, -1e-06, 0.0, 0.0, 0.0, 0.0, 0.0, 0.154355, 0.082523, 0.180021, -0.128364, 0.106607, 0.14777, 0.078997, 0.012702, 0.21292, 0.114593, 0.122757, 0.065626, -0.164425, -0.0774, 0.141631, -0.0, -0.000611, -0.0, 0.0, -0.0, -0.0, -0.000644, 0.0, 0.0, -0.0, 0.0, -1e-06, 0.0, 0.0, 0.0, 0.0, -0.0, 0.0, 0.0, 0.0, 0.0, -0.0, 0.0, 0.0, 0.0], [0.0, 0.0, -0.0, 0.531899, 0.0, 0.0, 1.0, 0.0, 0.0, 0.0, 0.0, 0.0, 0.0, 0.0, -0.005917, -0.029275, -0.02981, 0.210543, -0.000304, -0.020006, 0.559404, -0.000506, -0.033306, 0.012125, 0.002078, 0.13691, 0.006858, -0.000208, -0.00079, -0.007555, -0.015663, 0.024396, -0.000124, -0.007779, 0.144012, -0.000459, -0.028814, 0.004038, 0.000408, 0.025602, 0.004331, -0.000138, -6e-06, -0.000227, -0.00196, 0.000333, -5e-06, -0.000255, 0.009484, -8.3e-05, -0.004542, 0.000122, 8e-06, 0.000412, 0.000168, -6e-06, -0.0, -2.1e-05, -0.000516, 1.4e-05, -7e-06, -2.1e-05, 0.001276, -0.000363, -0.001171, 1e-05, 5e-06, 1.6e-05, 1.2e-05, -8e-06, -0.0, -1e-06, -0.000129, -0.0, -0.0, -1e-06, 4e-06, -0.000103, -0.000267, 0.0, -0.0, -0.0, 0.0, -0.0, -0.0, -0.0, -8e-06, 0.0, -0.0, -0.0, 3e-06, -9e-06, -1.4e-05, 0.0, 0.0, 0.0, 0.0, -0.0, 0.0, 0.0, 1.7e-05, 0.0, 0.0, 0.0, 2.7e-05, 2.2e-05, 3.2e-05, -0.0, 0.0, 0.0, -0.0, 0.0, -0.0, 3e-06, 8.5e-05, 1e-06, 2e-06, 3e-06, 5.9e-05, 0.000108, 0.000211, -3e-06, 1e-06, 1e-06, -3e-06, 3e-06, -0.422476, -0.397998, 0.102524, 0.116659, 0.086544, -0.031139, -0.029334, 0.265253, -0.014898, 0.006106, 0.485208, 0.457089, 0.050348, -0.10158, -0.079041, -0.000138, -0.003972, -1e-06, 1.3e-05, -0.000116, 9.2e-05, 0.002598, 1.6e-05, -7e-06, 7.9e-05, -0.0, -8.9e-05, -0.0, -0.0, -0.0, -0.0, -1e-06, 0.0, 0.0, 0.0, 0.0, 1.4e-05, -0.0, 0.0, 0.0], [0.0, 0.0, -0.0, 0.0, 0.531899, 0.0, 0.0, 1.0, 0.0, 0.0, 0.0, 0.0, 0.0, 0.0, -0.001744, -0.008627, -0.008785, -0.000304, 0.211484, -0.005896, -0.000506, 0.56097, -0.009815, -4.5e-05, 0.007085, -0.000208, 0.00411, 0.137556, -0.000244, -0.002337, -0.004846, -0.000124, 0.024758, -0.002406, -0.000459, 0.145355, -0.008914, 0.00053, 0.00134, -0.000138, 0.001755, 0.026005, -2e-06, -8.2e-05, -0.00071, -5e-06, 0.000345, -9.2e-05, -8.3e-05, 0.009683, -0.001646, 3.1e-05, 2.2e-05, -6e-06, 6.9e-05, 0.000426, -1e-06, -9.2e-05, -0.002228, -7e-06, -1.3e-05, -9.2e-05, -0.000363, -0.000207, -0.005054, 3.2e-05, -1e-06, -8e-06, 5.6e-05, -1.7e-05, -0.0, -2e-06, -0.000203, -0.0, -0.0, -1e-06, -0.000103, -9.4e-05, -0.000421, 0.0, -0.0, -0.0, 1e-06, -0.0, -0.0, -0.0, -3.2e-05, -0.0, -0.0, -0.0, -9e-06, -2.9e-05, -5.8e-05, 0.0, -0.0, -0.0, 0.0, -0.0, -0.0, -1e-06, -0.000153, 0.0, -0.0, -1e-06, 2.2e-05, -0.000162, -0.000281, 0.0, 0.0, 0.0, 0.0, -0.0, 0.0, -1.1e-05, -0.000272, 2e-06, -4e-06, -1.1e-05, 0.000108, -0.000252, -0.000677, 7e-06, 1e-06, 3e-06, 9e-06, -9e-06, 0.301247, 0.283794, 0.116659, 0.182945, -0.061711, -0.521961, -0.49171, -0.014898, 0.016424, 0.102351, 0.228402, 0.215166, -0.10158, 0.218322, -0.037207, 6.6e-05, 0.001888, 1.3e-05, 2e-05, 5.5e-05, 5.6e-05, 0.001576, -7e-06, 2.3e-05, 4.8e-05, -0.0, -6.5e-05, -0.0, -0.0, -0.0, -0.0, -2e-06, 0.0, 0.0, 0.0, -0.0, -5.3e-05, 0.0, -0.0, -0.0], [0.0, 0.0, 0.0, 0.0, 0.0, 0.531899, 0.0, 0.0, 1.0, -0.0, 0.0, 0.0, -0.0, 0.0, -0.114875, -0.568342, -0.578734, -0.020006, -0.005896, -0.176817, -0.033306, -0.009815, -0.08547, -0.002961, -0.000208, -0.00663, -0.004484, -0.001954, -0.015338, -0.146647, -0.304028, -0.007779, -0.002406, -0.126194, -0.028814, -0.008914, -0.413796, 0.03326, -0.000138, -0.007322, 0.058012, -0.002265, -0.000126, -0.004492, -0.038745, -0.000255, -9.2e-05, -0.004689, -0.004542, -0.001646, -0.080055, 0.001664, -6e-06, -0.000315, 0.002897, -0.000114, -3e-06, -0.000296, -0.007184, -2.1e-05, -9.2e-05, -0.000281, -0.001171, -0.005054, -0.014939, 0.000103, -8e-06, -2.5e-05, 0.000145, -0.000107, -0.0, -5e-06, -0.000526, -1e-06, -1e-06, -4e-06, -0.000267, -0.000421, -0.001024, 1e-06, -0.0, -1e-06, 1e-06, -1e-06, -0.0, -0.0, -5.4e-05, -0.0, -0.0, -0.0, -1.4e-05, -5.8e-05, -9.1e-05, 0.0, -0.0, -0.0, 0.0, -0.0, -0.0, -1e-06, -0.000224, 0.0, -1e-06, -1e-06, 3.2e-05, -0.000281, -0.000383, 0.0, 0.0, 0.0, 0.0, -0.0, 1e-06, -2.2e-05, -0.000534, 3e-06, -1.1e-05, -2e-05, 0.000211, -0.000677, -0.001234, 1.4e-05, 3e-06, 6e-06, 1.4e-05, -2.1e-05, 0.223483, 0.210535, 0.086544, -0.061711, 0.220348, 0.213935, 0.201536, 0.006106, 0.102351, 0.224191, 0.177724, 0.167424, -0.079041, -0.037207, 0.237188, -0.000578, -0.016587, -0.000116, 5.5e-05, -0.000457, -0.000613, -0.017293, 7.9e-05, 4.8e-05, -0.000496, -0.0, -0.000222, -0.0, -0.0, -0.0, -0.0, -3e-06, 0.0, 0.0, 0.0, -0.0, -6.3e-05, 0.0, -0.0, -0.0], [-0.0, 0.0, -0.0, -0.0, 0.0, -0.0, 0.0, 0.0, -0.0, 1.0, 0.0, 0.0, 0.0, 0.0, -0.013768, -0.093883, -0.033935, -0.018524, -0.001898, -0.12505, -0.012125, 4.5e-05, 0.002961, 0.095546, -0.000529, -0.034818, 0.084694, -0.002572, -0.0, -0.002753, -0.015491, -0.000218, -4.8e-05, -0.002985, -0.004038, -0.00053, -0.03326, 0.001137, -4e-06, -0.000271, 0.001916, -6.1e-05, 0.0, -0.0, -0.00069, -0.0, -0.0, -0.0, -0.000122, -3.1e-05, -0.001664, 0.0, -0.0, -0.0, 0.0, -0.0, 0.0, -0.0, -5.4e-05, 0.0, 0.0, 0.0, -1e-05, -3.2e-05, -0.000103, 0.0, 0.0, 0.0, 0.0, 0.0, 0.0, 0.0, -1e-06, 0.0, 0.0, 0.0, -0.0, -0.0, -1e-06, 0.0, 0.0, 0.0, 0.0, 0.0, 0.0, 0.0, -0.0, 0.0, 0.0, 0.0, -0.0, -0.0, -0.0, 0.0, 0.0, 0.0, 0.0, 0.0, 0.0, 0.0, -0.0, 0.0, 0.0, 0.0, 0.0, -0.0, -0.0, 0.0, 0.0, 0.0, 0.0, 0.0, 0.0, 0.0, -0.0, 0.0, 0.0, 0.0, 0.0, -0.0, -0.0, 0.0, 0.0, 0.0, 0.0, 0.0, 0.101811, 0.016636, -0.120601, -0.221858, -0.164587, -0.14889, -0.024327, -0.039241, -0.12431, 0.050951, 0.182232, 0.029775, -0.01316, -0.239626, -0.186457, -0.0, -0.000182, 0.0, 0.0, 0.0, -0.0, -0.00021, 0.0, 0.0, 0.0, 0.0, -0.0, 0.0, 0.0, 0.0, 0.0, -0.0, 0.0, 0.0, 0.0, 0.0, -0.0, 0.0, 0.0, 0.0], [0.0, 0.0, 0.0, -0.0, -0.0, -0.0, 0.0, 0.0, 0.0, 0.0, 1.0, 0.0, 0.0, 0.0, 3.7e-05, 0.000256, 9.2e-05, -0.002027, -0.006968, 0.000553, -0.002078, -0.007085, 0.000208, -0.000529, 0.047594, -0.004368, -0.000919, -0.015043, 0.0, 8e-06, 4.4e-05, -1.1e-05, -3.7e-05, 1e-05, -0.000408, -0.00134, 0.000138, -4e-06, 3.9e-05, -1.2e-05, -8e-06, -4.2e-05, 0.0, 0.0, 2e-06, -0.0, -0.0, 0.0, -8e-06, -2.2e-05, 6e-06, -0.0, 0.0, -0.0, -0.0, -0.0, 0.0, 0.0, 4e-06, 0.0, 0.0, 0.0, -5e-06, 1e-06, 8e-06, 0.0, 0.0, 0.0, 0.0, 0.0, 0.0, 0.0, 0.0, 0.0, 0.0, 0.0, 0.0, 0.0, 0.0, 0.0, 0.0, 0.0, 0.0, 0.0, 0.0, 0.0, 0.0, 0.0, 0.0, 0.0, -0.0, 0.0, 0.0, 0.0, 0.0, 0.0, 0.0, 0.0, 0.0, 0.0, -0.0, 0.0, 0.0, 0.0, -0.0, -0.0, -0.0, 0.0, 0.0, 0.0, 0.0, 0.0, 0.0, 0.0, -0.0, 0.0, 0.0, 0.0, -0.0, -0.0, -0.0, 0.0, 0.0, 0.0, 0.0, 0.0, -0.207539, -0.033913, -0.163145, -0.006197, 0.180322, 0.026506, 0.004331, -0.304786, 0.035412, -0.022045, 0.180726, 0.029529, -0.206142, 0.125824, -0.124871, -0.0, -1.9e-05, 0.0, 0.0, 0.0, 0.0, 1e-05, 0.0, 0.0, 0.0, 0.0, 0.0, 0.0, 0.0, 0.0, 0.0, 0.0, 0.0, 0.0, 0.0, 0.0, -0.0, 0.0, 0.0, 0.0], [0.0, 0.0, 0.0, 0.0, -0.0, -0.0, 0.0, 0.0, 0.0, 0.0, 0.0, 1.0, 0.0, 0.0, 0.002469, 0.016837, 0.006086, -0.133555, 0.000553, 0.029474, -0.13691, 0.000208, 0.00663, -0.034818, -0.004368, -0.240095, -0.0304, 0.001152, 0.0, 0.000494, 0.002779, -0.000692, 1e-05, 0.000573, -0.025602, 0.000138, 0.007322, -0.000271, -1.2e-05, -0.000745, -0.000387, 1.3e-05, 0.0, 0.0, 0.000122, -0.0, 0.0, 0.0, -0.000412, 6e-06, 0.000315, -0.0, -0.0, -0.0, -0.0, 0.0, 0.0, 0.0, 1.2e-05, 0.0, 0.0, 0.0, -1.6e-05, 8e-06, 2.5e-05, 0.0, 0.0, 0.0, 0.0, 0.0, 0.0, 0.0, 1e-06, 0.0, 0.0, 0.0, 0.0, 0.0, 1e-06, 0.0, 0.0, 0.0, 0.0, 0.0, 0.0, 0.0, 0.0, 0.0, 0.0, 0.0, -0.0, 0.0, 0.0, 0.0, 0.0, 0.0, 0.0, 0.0, 0.0, 0.0, -0.0, 0.0, 0.0, 0.0, -0.0, -0.0, -0.0, 0.0, 0.0, 0.0, 0.0, 0.0, 0.0, 0.0, -0.0, 0.0, 0.0, 0.0, -0.0, -0.0, -0.0, 0.0, 0.0, 0.0, 0.0, 0.0, -0.153965, -0.025159, -0.121031, 0.180322, -0.115491, -0.010864, -0.001775, 0.124922, -0.022045, -0.009339, 0.140626, 0.022977, -0.160402, -0.124871, 0.189139, 0.0, 0.000168, 0.0, 0.0, 0.0, -0.0, -0.000113, 0.0, 0.0, 0.0, 0.0, 0.0, 0.0, 0.0, 0.0, 0.0, 0.0, 0.0, 0.0, 0.0, 0.0, -0.0, 0.0, 0.0, 0.0], [-0.0, -0.0, -0.0, 0.0, -0.0, -0.0, 0.0, 0.0, -0.0, 0.0, 0.0, 0.0, 1.0, 0.0, -0.023964, -0.163402, -0.059063, -0.018221, -0.007426, -0.218307, -0.006858, -0.00411, 0.004484, 0.084694, -0.000919, -0.0304, 0.197134, -0.013398, -1e-06, -0.004792, -0.02696, -0.000305, -0.000106, -0.005199, -0.004331, -0.001755, -0.058012, 0.001916, -8e-06, -0.000387, 0.003378, -0.000133, 0.0, -1e-06, -0.001201, -0.0, -0.0, -0.0, -0.000168, -6.9e-05, -0.002897, 0.0, -0.0, -0.0, 0.0, -0.0, 0.0, -0.0, -7.8e-05, 0.0, 0.0, 0.0, -1.2e-05, -5.6e-05, -0.000145, 0.0, 0.0, 0.0, 0.0, 0.0, 0.0, 0.0, -1e-06, 0.0, 0.0, 0.0, -0.0, -1e-06, -1e-06, 0.0, 0.0, 0.0, 0.0, 0.0, 0.0, 0.0, -0.0, 0.0, 0.0, 0.0, -0.0, -0.0, -0.0, 0.0, 0.0, 0.0, 0.0, 0.0, 0.0, 0.0, -0.0, 0.0, 0.0, 0.0, 0.0, -0.0, -0.0, 0.0, 0.0, 0.0, 0.0, 0.0, 0.0, 0.0, -0.0, 0.0, 0.0, 0.0, 0.0, -0.0, -0.0, 0.0, 0.0, 0.0, 0.0, 0.0, 0.033271, 0.005437, 0.054647, 0.138773, -0.160765, 0.184828, 0.030199, 0.022375, 0.067063, -0.279961, 0.016782, 0.002742, -0.031657, 0.119869, -0.116463, -0.0, -0.000347, 0.0, 0.0, 0.0, -0.0, -0.000374, 0.0, 0.0, 0.0, 0.0, -0.0, 0.0, 0.0, 0.0, 0.0, -0.0, 0.0, 0.0, 0.0, 0.0, -0.0, 0.0, 0.0, 0.0], [0.0, 0.0, 0.0, -0.0, 0.0, -0.0, 0.0, 0.0, 0.0, 0.0, 0.0, 0.0, 0.0, 1.0, 0.000728, 0.004962, 0.001794, 0.000553, -0.135269, 0.008686, 0.000208, -0.137556, 0.001954, -0.002572, -0.015043, 0.001152, -0.013398, -0.243664, 0.0, 0.000153, 0.00086, 1e-05, -0.00072, 0.000177, 0.000138, -0.026005, 0.002265, -6.1e-05, -4.2e-05, 1.3e-05, -0.000133, -0.000783, 0.0, 0.0, 4.4e-05, 0.0, -0.0, 0.0, 6e-06, -0.000426, 0.000114, -0.0, -0.0, 0.0, -0.0, -0.0, 0.0, 0.0, 5.3e-05, 0.0, 0.0, 0.0, 8e-06, 1.7e-05, 0.000107, 0.0, 0.0, 0.0, 0.0, 0.0, 0.0, 0.0, 1e-06, 0.0, 0.0, 0.0, 0.0, 0.0, 1e-06, 0.0, 0.0, 0.0, 0.0, 0.0, 0.0, 0.0, 0.0, 0.0, 0.0, 0.0, 0.0, 0.0, 0.0, 0.0, 0.0, 0.0, 0.0, 0.0, 0.0, 0.0, 0.0, 0.0, 0.0, 0.0, -0.0, 0.0, 0.0, 0.0, 0.0, 0.0, 0.0, 0.0, 0.0, 0.0, 0.0, 0.0, 0.0, 0.0, -0.0, 0.0, 0.0, 0.0, 0.0, 0.0, 0.0, 0.0, 0.109785, 0.017939, 0.180322, 0.003278, 0.082351, -0.182102, -0.029754, -0.022045, -0.243288, -0.156539, 0.066197, 0.010816, -0.124871, 0.046087, 0.089033, -0.0, -8e-05, 0.0, 0.0, 0.0, -0.0, -6.9e-05, 0.0, 0.0, 0.0, 0.0, 0.0, 0.0, 0.0, 0.0, 0.0, 0.0, 0.0, 0.0, 0.0, 0.0, 0.0, 0.0, 0.0, 0.0], [0.0, 0.019567, 0.057856, -0.00136, -0.000401, -0.026409, -0.005917, -0.001744, -0.114875, -0.013768, 3.7e-05, 0.002469, -0.023964, 0.000728, 1.0, 0.325565, 0.151774, 0.0, 0.0, -0.0, 0.0, 0.0, 0.0, -0.0, 0.0, 0.0, -0.0, 0.0, 1.9e-05, 0.04765, 0.078541, 0.003689, 0.001207, 0.071595, 0.006977, 0.002282, 0.135404, -0.04859, 0.000147, 0.008717, -0.084561, 0.002851, 0.0, 2.7e-05, 0.005966, 0.0, 0.0, 8e-06, 0.000753, 0.000302, 0.015039, -0.0, 0.0, 0.0, -1e-06, 0.0, 0.0, 0.0, 0.000496, 0.0, 0.0, 0.0, 8.2e-05, 0.00045, 0.001017, 0.0, 0.0, 0.0, 0.0, 0.0, 0.0, 0.0, 9e-06, 0.0, 0.0, 0.0, 4e-06, 7e-06, 1.2e-05, 0.0, 0.0, 0.0, 0.0, 0.0, 0.0, 0.0, 0.0, 0.0, 0.0, 0.0, 0.0, 0.0, 0.0, 0.0, 0.0, 0.0, 0.0, 0.0, 0.0, 0.0, 1e-06, 0.0, 0.0, 0.0, -0.0, 1e-06, 1e-06, 0.0, 0.0, 0.0, 0.0, 0.0, 0.0, 0.0, 1e-06, 0.0, 0.0, 0.0, -0.0, 1e-06, 1e-06, 0.0, 0.0, 0.0, 0.0, 0.0, 0.000424, 0.021502, 2e-05, -1.6e-05, -5.1e-05, 0.000431, 0.021601, -0.0, 2.7e-05, -5.2e-05, 0.000425, 0.021509, -2.8e-05, -1.3e-05, -4.9e-05, 0.0, 0.001796, 0.0, -0.0, 0.0, 0.0, 0.001843, -0.0, -0.0, 0.0, 0.0, 3e-06, 0.0, 0.0, 0.0, 0.0, 0.0, 0.0, 0.0, 0.0, 0.0, 0.0, 0.0, 0.0, 0.0], [0.019567, 0.218051, 0.378085, -0.012546, -0.003697, -0.243559, -0.029275, -0.008627, -0.568342, -0.093883, 0.000256, 0.016837, -0.163402, 0.004962, 0.325565, 1.0, 0.798485, 0.0, 0.0, 0.0, 0.0, 0.0, 0.0, 0.0, 0.0, 0.0, -0.0, 0.0, 0.04765, 0.353348, 0.479177, 0.018545, 0.006066, 0.359896, 0.031564, 0.010324, 0.612556, -0.121897, 0.000369, 0.021868, -0.212138, 0.007153, 2.7e-05, 0.006026, 0.064949, 0.000331, 0.000132, 0.006601, 0.007246, 0.0029, 0.144615, -0.00266, 9e-06, 0.000464, -0.004626, 0.000186, 0.0, 0.000118, 0.009433, 7e-06, 3.8e-05, 8.5e-05, 0.001636, 0.008947, 0.020214, -2.5e-05, 3e-06, 6e-06, -2.9e-05, 3.2e-05, 0.0, 0.0, 0.000436, 0.0, 0.0, 0.0, 0.000248, 0.00041, 0.000785, -0.0, 0.0, 0.0, -0.0, 0.0, 0.0, 0.0, 2.2e-05, 0.0, 0.0, 0.0, 5e-06, 2.4e-05, 2.9e-05, 0.0, 0.0, 0.0, 0.0, 0.0, 0.0, 0.0, 9.9e-05, -0.0, 0.0, 0.0, -1.8e-05, 0.000131, 0.000138, -0.0, -0.0, -0.0, -0.0, 0.0, -0.0, 0.0, 0.000207, -0.0, 0.0, 0.0, -0.000129, 0.000371, 0.000498, -0.0, -0.0, -0.0, -0.0, 1e-06, 0.02835, 0.173575, 0.010619, -0.008648, -0.026917, 0.028586, 0.174202, -0.000209, 0.01427, -0.026929, 0.028367, 0.173618, -0.0145, -0.006637, -0.02567, 0.000336, 0.024588, 5.3e-05, -2.8e-05, 0.00016, 0.000352, 0.025087, -4.3e-05, -2.5e-05, 0.000174, 0.0, 0.000164, 0.0, 0.0, 0.0, 0.0, 1e-06, 0.0, 0.0, 0.0, 0.0, 1.6e-05, 0.0, 0.0, 0.0], [0.057856, 0.378085, 0.609338, -0.010717, -0.003158, -0.208049, -0.02981, -0.008785, -0.578734, -0.033935, 9.2e-05, 0.006086, -0.059063, 0.001794, 0.151774, 0.798485, 1.0, 0.0, -0.0, 0.0, -0.0, -0.0, -0.0, -0.0, 0.0, 0.0, -0.0, 0.0, 0.078541, 0.479177, 0.712932, 0.011462, 0.003749, 0.222451, 0.029185, 0.009546, 0.566396, -0.03036, 9.2e-05, 0.005447, -0.052835, 0.001782, 0.005966, 0.064949, 0.189641, 0.002827, 0.001132, 0.056427, 0.015115, 0.00605, 0.301671, -0.015325, 5.4e-05, 0.002672, -0.026656, 0.00107, 0.000496, 0.009433, 0.052808, 0.00069, 0.003772, 0.008521, 0.007488, 0.040938, 0.092492, -0.002985, 0.000313, 0.000708, -0.003515, 0.003869, 9e-06, 0.000436, 0.006886, 0.000119, 0.000198, 0.000379, 0.00396, 0.00656, 0.012561, -0.000121, 6.4e-05, 0.000123, -0.000142, 0.000204, 0.0, 2.2e-05, 0.00095, 3e-06, 1.3e-05, 1.6e-05, 0.000288, 0.001277, 0.001591, -7e-06, 2e-06, 3e-06, -3e-06, 1.2e-05, 1e-06, 9.9e-05, 0.002578, -9e-06, 6.8e-05, 7.1e-05, -0.00052, 0.003824, 0.004042, -3.3e-05, -8e-06, -8e-06, -3e-06, 5.9e-05, -9.2e-05, 0.001302, 0.008563, -0.000248, 0.000712, 0.000955, -0.003746, 0.010773, 0.014454, -0.000494, -0.000233, -0.000312, -0.000268, 0.000898, 0.135219, 0.363599, 0.033877, -0.02759, -0.085875, 0.135757, 0.364485, -0.000662, 0.045253, -0.085401, 0.135257, 0.36366, -0.04624, -0.021167, -0.08186, 0.015859, 0.09729, 0.004318, -0.002303, 0.013075, 0.016211, 0.098618, -0.003367, -0.001938, 0.013721, 6.8e-05, 0.00331, 2.3e-05, 1.7e-05, 4.4e-05, 0.0, 8.5e-05, 0.0, 0.0, 0.0, 6e-06, 0.000694, -1e-06, 3e-06, 2e-06], [0.00136, 0.012546, 0.010717, 0.083266, -0.000294, -0.019374, 0.210543, -0.000304, -0.020006, -0.018524, -0.002027, -0.133555, -0.018221, 0.000553, 0.0, 0.0, 0.0, 1.0, 0.0, 0.0, 0.531899, 0.0, 0.0, -0.0, -0.0, 0.0, 0.0, -0.0, -0.003689, -0.018545, -0.011462, 0.171727, -0.000474, -0.028122, 0.282344, -0.000309, -0.018319, 0.029927, 0.004357, 0.258521, 0.025046, -0.000845, -0.0, -0.000331, -0.002827, 0.000537, -8e-06, -0.000389, 0.023966, -0.00015, -0.007471, 0.000204, 1.3e-05, 0.000661, 0.000285, -1.1e-05, -0.0, -7e-06, -0.00069, 2e-06, -2e-06, -4e-06, 0.00217, -0.000744, -0.00168, 1e-06, 1e-06, 1e-06, 1e-06, -1e-06, 0.0, -0.0, -0.000119, -0.0, -0.0, -0.0, -1.8e-05, -0.00012, -0.00023, 0.0, -0.0, -0.0, 0.0, -0.0, 0.0, -0.0, -3e-06, 0.0, 0.0, 0.0, 1e-06, -3e-06, -4e-06, 0.0, 0.0, 0.0, 0.0, 0.0, 0.0, 0.0, 9e-06, 0.0, 0.0, 0.0, 7e-06, 1.3e-05, 1.3e-05, 0.0, 0.0, 0.0, 0.0, 0.0, 0.0, 0.0, 4e-05, -0.0, 0.0, 0.0, 6e-06, 7.6e-05, 0.000103, -0.0, -0.0, -0.0, -0.0, 0.0, -0.011872, -0.043299, -0.001178, 0.004232, 0.013172, 0.000233, 0.000846, 0.004067, 0.000136, -0.000257, 0.016211, 0.059099, -0.005662, -0.004433, -0.017143, -9e-05, -0.007035, -6e-06, 6e-06, -3.1e-05, 7.2e-05, 0.005471, -2e-06, -4e-06, 2.6e-05, -0.0, -7.2e-05, 0.0, 0.0, 0.0, 0.0, -0.0, 0.0, 0.0, 0.0, 0.0, 3e-06, 0.0, 0.0, 0.0], [0.000401, 0.003697, 0.003158, -0.000294, 0.084177, -0.00571, -0.000304, 0.211484, -0.005896, -0.001898, -0.006968, 0.000553, -0.007426, -0.135269, 0.0, 0.0, -0.0, 0.0, 1.0, 0.0, 0.0, 0.531899, 0.0, 0.0, -0.0, -0.0, -0.0, 0.0, -0.001207, -0.006066, -0.003749, -0.000474, 0.173021, -0.009199, -0.000309, 0.283187, -0.005992, 0.002167, 0.01344, -0.000845, 0.012593, 0.260826, -0.0, -0.000132, -0.001132, -8e-06, 0.000553, -0.000156, -0.00015, 0.024281, -0.002991, 5.8e-05, 3.4e-05, -1.1e-05, 0.000128, 0.000685, -0.0, -3.8e-05, -0.003772, -2e-06, -8e-06, -2.4e-05, -0.000744, -0.001759, -0.009185, 5e-06, -0.0, -1e-06, 7e-06, -5e-06, 0.0, -0.0, -0.000198, -0.0, -0.0, -0.0, -0.00012, -0.000144, -0.000381, 0.0, -0.0, -0.0, 0.0, -0.0, 0.0, -0.0, -1.3e-05, 0.0, 0.0, 0.0, -3e-06, -1.3e-05, -1.8e-05, 0.0, 0.0, 0.0, 0.0, 0.0, 0.0, -0.0, -6.8e-05, 0.0, -0.0, -0.0, 1.3e-05, -8.4e-05, -9.8e-05, 0.0, 0.0, 0.0, 0.0, 0.0, 0.0, -0.0, -0.000114, 0.0, -0.0, -0.0, 7.6e-05, -0.000188, -0.000295, 0.0, 0.0, 0.0, 0.0, -0.0, 0.009669, 0.035263, 0.004232, 0.000572, -0.010727, -0.015945, -0.057814, 0.000136, -0.00524, 0.017568, 0.007421, 0.027053, -0.004433, 0.001993, -0.007847, 4.8e-05, 0.003751, 6e-06, 2e-06, 1.7e-05, 4.2e-05, 0.00315, -4e-06, 3e-06, 1.5e-05, -0.0, -5.3e-05, 0.0, 0.0, 0.0, 0.0, -0.0, 0.0, 0.0, 0.0, 0.0, -1.2e-05, 0.0, 0.0, 0.0], [0.026409, 0.243559, 0.208049, -0.019374, -0.00571, -0.291855, -0.020006, -0.005896, -0.176817, -0.12505, 0.000553, 0.029474, -0.218307, 0.008686, -0.0, 0.0, 0.0, 0.0, 0.0, 1.0, 0.0, 0.0, 0.531899, -0.0, -0.0, -0.0, -0.0, -0.0, -0.071595, -0.359896, -0.222451, -0.028122, -0.009199, -0.372585, -0.018319, -0.005992, -0.072232, 0.128546, -0.000845, -0.036651, 0.224953, -0.011989, -8e-06, -0.006601, -0.056427, -0.000389, -0.000156, -0.007201, -0.007471, -0.002991, -0.124768, 0.00287, -1.1e-05, -0.000535, 0.004994, -0.000214, -0.0, -8.5e-05, -0.008521, -4e-06, -2.4e-05, -5.1e-05, -0.00168, -0.009185, -0.018445, 1.1e-05, -1e-06, -3e-06, 1.3e-05, -1.5e-05, 0.0, -0.0, -0.000379, -0.0, -0.0, -0.0, -0.00023, -0.000381, -0.000674, 0.0, -0.0, -0.0, 0.0, -0.0, 0.0, -0.0, -1.6e-05, 0.0, 0.0, 0.0, -4e-06, -1.8e-05, -2.1e-05, 0.0, 0.0, 0.0, 0.0, 0.0, 0.0, -0.0, -7.1e-05, 0.0, -0.0, -0.0, 1.3e-05, -9.8e-05, -9.4e-05, 0.0, 0.0, 0.0, 0.0, 0.0, 0.0, -0.0, -0.000153, 0.0, -0.0, -0.0, 0.000103, -0.000295, -0.000363, 0.0, 0.0, 0.0, 0.0, -0.0, 0.030095, 0.109759, 0.013172, -0.010727, -0.029371, 0.030092, 0.109105, -0.000257, 0.017568, -0.029084, 0.028699, 0.104625, -0.017143, -0.007847, -0.026327, -0.000272, -0.021302, -3.1e-05, 1.7e-05, -9e-05, -0.000294, -0.022298, 2.6e-05, 1.5e-05, -0.000102, -0.0, -0.000138, 0.0, 0.0, 0.0, 0.0, -0.0, 0.0, 0.0, 0.0, 0.0, -1e-05, 0.0, 0.0, 0.0], [0.005917, 0.029275, 0.02981, 0.210543, -0.000304, -0.020006, 0.559404, -0.000506, -0.033306, -0.012125, -0.002078, -0.13691, -0.006858, 0.000208, 0.0, 0.0, -0.0, 0.531899, 0.0, 0.0, 1.0, 0.0, 0.0, 0.0, 0.0, 0.0, 0.0, 0.0, -0.006977, -0.031564, -0.029185, 0.282344, -0.000309, -0.018319, 0.672487, -0.000461, -0.02733, 0.01223, 0.002598, 0.154148, 0.005267, -0.000178, -0.000753, -0.007246, -0.015115, 0.023966, -0.00015, -0.007471, 0.142407, -0.000559, -0.027864, 0.003878, 0.000505, 0.025201, 0.004167, -0.000167, -8.2e-05, -0.001636, -0.007488, 0.00217, -0.000744, -0.00168, 0.031159, -0.006618, -0.014953, 0.000911, 0.001055, 0.002383, 0.000793, -0.000873, -4e-06, -0.000248, -0.00396, -1.8e-05, -0.00012, -0.00023, 0.000478, -0.00419, -0.008024, 0.0001, -1.2e-05, -2.4e-05, 9.3e-05, -0.000134, -0.0, -5e-06, -0.000288, 1e-06, -3e-06, -4e-06, 0.000203, -0.00042, -0.000523, 2e-06, 0.0, 1e-06, 1e-06, -3e-06, 0.0, 1.8e-05, 0.00052, 7e-06, 1.3e-05, 1.3e-05, 0.000841, 0.000846, 0.000894, -8e-06, 6e-06, 6e-06, -1e-06, 1.2e-05, -3.8e-05, 0.000592, 0.003978, 8.4e-05, 0.000363, 0.000487, 0.002464, 0.005572, 0.007477, -0.000378, 8.8e-05, 0.000118, -0.000156, 0.000524, -0.097526, -0.163337, 0.029155, 0.02447, 0.076164, 0.001907, 0.003188, 0.059483, 0.000782, -0.001476, 0.13312, 0.222921, 0.003257, -0.025618, -0.099076, -0.011604, -0.052944, 0.000387, 0.001964, -0.011152, 0.009053, 0.040884, 0.001991, -0.001262, 0.008937, -5.6e-05, -0.003092, -1.4e-05, -1.4e-05, -3.6e-05, -0.0, -3.5e-05, -0.0, -0.0, -0.0, 2e-06, 0.000321, -0.0, 1e-06, 1e-06], [0.001744, 0.008627, 0.008785, -0.000304, 0.211484, -0.005896, -0.000506, 0.56097, -0.009815, 4.5e-05, -0.007085, 0.000208, -0.00411, -0.137556, 0.0, 0.0, -0.0, 0.0, 0.531899, 0.0, 0.0, 1.0, 0.0, 0.0, 0.0, 0.0, 0.0, 0.0, -0.002282, -0.010324, -0.009546, -0.000309, 0.283187, -0.005992, -0.000461, 0.673745, -0.00894, -0.000515, 0.007968, -0.000178, 0.00433, 0.154633, -0.000302, -0.0029, -0.00605, -0.00015, 0.024281, -0.002991, -0.000559, 0.14358, -0.011154, 0.000662, 0.00128, -0.000167, 0.002182, 0.025551, -0.00045, -0.008947, -0.040938, -0.000744, -0.001759, -0.009185, -0.006618, -0.003813, -0.081749, 0.003033, -0.000181, -0.000873, 0.005462, -0.002231, -7e-06, -0.00041, -0.00656, -0.00012, -0.000144, -0.000381, -0.00419, -0.003935, -0.013292, 0.000115, -5.2e-05, -0.000134, 0.000184, -0.000165, -0.0, -2.4e-05, -0.001277, -3e-06, -1.3e-05, -1.8e-05, -0.00042, -0.001562, -0.002317, 7e-06, -2e-06, -3e-06, 4e-06, -1.2e-05, -1e-06, -0.000131, -0.003824, 1.3e-05, -8.4e-05, -9.8e-05, 0.000846, -0.005267, -0.006578, 4.4e-05, 1e-05, 1.2e-05, 1.2e-05, -7.7e-05, 0.000108, -0.001702, -0.01144, 0.000363, -0.000834, -0.001401, 0.005572, -0.011622, -0.021499, 0.0007, 0.000312, 0.000524, 0.000673, -0.001205, 0.079427, 0.133024, 0.02447, 0.039272, -0.06203, -0.130298, -0.217815, 0.000782, 0.006079, 0.100804, 0.060937, 0.102043, -0.025618, 0.047495, -0.045353, 0.006188, 0.028233, 0.001964, 0.003022, 0.005947, 0.005212, 0.023539, -0.001262, 0.003456, 0.005145, -4.1e-05, -0.002302, -1.4e-05, -6e-06, -2.7e-05, -0.0, -0.000115, -0.0, -0.0, -0.0, -6e-06, -0.001114, 1e-06, -3e-06, -2e-06], [0.114875, 0.568342, 0.578734, -0.020006, -0.005896, -0.176817, -0.033306, -0.009815, -0.08547, 0.002961, 0.000208, 0.00663, 0.004484, 0.001954, 0.0, 0.0, -0.0, 0.0, 0.0, 0.531899, 0.0, 0.0, 1.0, 0.0, 0.0, 0.0, 0.0, 0.0, -0.135404, -0.612556, -0.566396, -0.018319, -0.005992, -0.072232, -0.02733, -0.00894, 0.143508, -0.030581, -0.000178, -0.002565, -0.052484, -0.000839, -0.015039, -0.144615, -0.301671, -0.007471, -0.002991, -0.124768, -0.027864, -0.011154, -0.412335, 0.033021, -0.000167, -0.007053, 0.057544, -0.002823, -0.001017, -0.020214, -0.092492, -0.00168, -0.009185, -0.018445, -0.014953, -0.081749, -0.152327, 0.006852, -0.000873, -0.001767, 0.007254, -0.00966, -1.2e-05, -0.000785, -0.012561, -0.00023, -0.000381, -0.000674, -0.008024, -0.013292, -0.022444, 0.000219, -0.000134, -0.000238, 0.000239, -0.000395, -0.0, -2.9e-05, -0.001591, -4e-06, -1.8e-05, -2.1e-05, -0.000523, -0.002317, -0.002589, 9e-06, -3e-06, -3e-06, 2e-06, -1.5e-05, -1e-06, -0.000138, -0.004042, 1.3e-05, -9.8e-05, -9.4e-05, 0.000894, -0.006578, -0.005998, 4.6e-05, 1.2e-05, 1.1e-05, -3e-06, -8.2e-05, 0.000145, -0.002284, -0.01535, 0.000487, -0.001401, -0.00167, 0.007477, -0.021499, -0.024446, 0.000939, 0.000524, 0.000625, 0.000302, -0.001797, 0.247221, 0.414047, 0.076164, -0.06203, -0.13387, 0.245895, 0.411053, -0.001476, 0.100804, -0.130741, 0.235667, 0.394645, -0.099076, -0.045353, -0.116176, -0.035139, -0.160316, -0.011152, 0.005947, -0.0297, -0.036897, -0.16663, 0.008937, 0.005145, -0.032241, -0.000107, -0.005965, -3.6e-05, -2.7e-05, -6.5e-05, -0.0, -0.000132, -0.0, -0.0, -0.0, -5e-06, -0.000946, 1e-06, -2e-06, -2e-06], [-0.013768, -0.093883, -0.033935, 0.018524, 0.001898, 0.12505, 0.012125, -4.5e-05, -0.002961, 0.095546, -0.000529, -0.034818, 0.084694, -0.002572, -0.0, 0.0, -0.0, -0.0, 0.0, -0.0, 0.0, 0.0, 0.0, 1.0, 0.0, 0.0, 0.0, 0.0, -0.04859, -0.121897, -0.03036, -0.029927, -0.002167, -0.128546, -0.01223, 0.000515, 0.030581, 0.128132, -0.000798, -0.047337, 0.007751, -0.000261, -0.0, -0.00266, -0.015325, -0.000204, -5.8e-05, -0.00287, -0.003878, -0.000662, -0.033021, 0.001085, -5e-06, -0.000251, 0.001827, -7.3e-05, 0.0, -2.5e-05, -0.002985, -1e-06, -5e-06, -1.1e-05, -0.000911, -0.003033, -0.006852, 1e-06, -0.0, -0.0, 2e-06, -2e-06, 0.0, -0.0, -0.000121, -0.0, -0.0, -0.0, -0.0001, -0.000115, -0.000219, 0.0, 0.0, 0.0, 0.0, 0.0, 0.0, 0.0, -7e-06, 0.0, 0.0, 0.0, -2e-06, -7e-06, -9e-06, 0.0, 0.0, 0.0, 0.0, 0.0, 0.0, -0.0, -3.3e-05, 0.0, 0.0, 0.0, 8e-06, -4.4e-05, -4.6e-05, 0.0, 0.0, 0.0, 0.0, 0.0, 0.0, -0.0, -5.8e-05, 0.0, -0.0, -0.0, 5e-05, -0.000107, -0.000143, 0.0, 0.0, 0.0, 0.0, -0.0, -0.009449, -0.016685, -0.007249, 0.002966, 0.009232, -0.015148, -0.02656, 0.000199, -0.00875, 0.016512, -0.004649, -0.008204, 0.006538, 0.000737, 0.002851, -6.2e-05, -0.004781, -5e-06, 2e-06, -1.1e-05, -7.7e-05, -0.00568, 4e-06, 2e-06, -1.4e-05, -0.0, -2.5e-05, 0.0, 0.0, 0.0, 0.0, -0.0, 0.0, 0.0, 0.0, 0.0, -5e-06, 0.0, 0.0, 0.0], [3.7e-05, 0.000256, 9.2e-05, 0.002027, 0.006968, -0.000553, 0.002078, 0.007085, -0.000208, -0.000529, 0.047594, -0.004368, -0.000919, -0.015043, 0.0, 0.0, 0.0, -0.0, -0.0, -0.0, 0.0, 0.0, 0.0, 0.0, 1.0, 0.0, 0.0, 0.0, 0.000147, 0.000369, 9.2e-05, -0.004357, -0.01344, 0.000845, -0.002598, -0.007968, 0.000178, -0.000798, 0.124916, -0.008692, -0.001386, -0.026837, 0.0, 9e-06, 5.4e-05, -1.3e-05, -3.4e-05, 1.1e-05, -0.000505, -0.00128, 0.000167, -5e-06, 3.6e-05, -1.5e-05, -9e-06, -3.9e-05, 0.0, 3e-06, 0.000313, -1e-06, 0.0, 1e-06, -0.001055, 0.000181, 0.000873, -0.0, -0.0, -0.0, -0.0, 0.0, 0.0, 0.0, 6.4e-05, 0.0, 0.0, 0.0, 1.2e-05, 5.2e-05, 0.000134, 0.0, 0.0, 0.0, 0.0, 0.0, 0.0, 0.0, 2e-06, 0.0, 0.0, 0.0, -0.0, 2e-06, 3e-06, 0.0, 0.0, 0.0, 0.0, 0.0, 0.0, -0.0, -8e-06, 0.0, 0.0, 0.0, -6e-06, -1e-05, -1.2e-05, 0.0, 0.0, 0.0, 0.0, 0.0, 0.0, -0.0, -2.7e-05, 0.0, -0.0, -0.0, -2e-06, -4.9e-05, -7.5e-05, 0.0, 0.0, 0.0, 0.0, -0.0, -0.005238, -0.009249, -0.000989, 0.000105, 0.006807, -0.000168, -0.000295, -0.002811, -7.4e-05, 0.000218, 0.005486, 0.009683, -0.002537, 0.001087, -0.006796, -1.5e-05, -0.001185, -1e-06, -0.0, -3e-06, 1e-05, 0.000758, -0.0, 0.0, 2e-06, 0.0, 2.8e-05, 0.0, 0.0, 0.0, 0.0, 0.0, 0.0, 0.0, 0.0, 0.0, -3e-06, 0.0, 0.0, 0.0], [0.002469, 0.016837, 0.006086, 0.133555, -0.000553, -0.029474, 0.13691, -0.000208, -0.00663, -0.034818, -0.004368, -0.240095, -0.0304, 0.001152, 0.0, 0.0, 0.0, 0.0, -0.0, -0.0, 0.0, 0.0, 0.0, 0.0, 0.0, 1.0, 0.0, 0.0, 0.008717, 0.021868, 0.005447, -0.258521, 0.000845, 0.036651, -0.154148, 0.000178, 0.002565, -0.047337, -0.008692, -0.390664, -0.028515, 0.001415, 0.0, 0.000464, 0.002672, -0.000661, 1.1e-05, 0.000535, -0.025201, 0.000167, 0.007053, -0.000251, -1.5e-05, -0.000707, -0.000358, 1.5e-05, 0.0, 6e-06, 0.000708, -1e-06, 1e-06, 3e-06, -0.002383, 0.000873, 0.001767, -0.0, -0.0, -0.0, -0.0, 0.0, 0.0, 0.0, 0.000123, 0.0, 0.0, 0.0, 2.4e-05, 0.000134, 0.000238, 0.0, 0.0, 0.0, 0.0, 0.0, 0.0, 0.0, 3e-06, 0.0, 0.0, 0.0, -1e-06, 3e-06, 3e-06, 0.0, 0.0, 0.0, 0.0, 0.0, 0.0, -0.0, -8e-06, 0.0, 0.0, 0.0, -6e-06, -1.2e-05, -1.1e-05, 0.0, 0.0, 0.0, 0.0, 0.0, 0.0, -0.0, -3.7e-05, 0.0, -0.0, -0.0, -2e-06, -7.5e-05, -9.3e-05, 0.0, 0.0, 0.0, 0.0, -0.0, -0.016304, -0.028789, -0.003079, 0.006807, 0.019106, 0.000318, 0.000557, 0.005305, 0.000218, -0.00037, 0.021217, 0.037447, -0.009811, -0.006796, -0.02344, 8.8e-05, 0.006729, 4e-06, -3e-06, 1.6e-05, -7.3e-05, -0.005366, 1e-06, 2e-06, -1.4e-05, 0.0, 7.2e-05, 0.0, 0.0, 0.0, 0.0, 0.0, 0.0, 0.0, 0.0, 0.0, -2e-06, 0.0, 0.0, 0.0], [-0.023964, -0.163402, -0.059063, 0.018221, 0.007426, 0.218307, 0.006858, 0.00411, -0.004484, 0.084694, -0.000919, -0.0304, 0.197134, -0.013398, -0.0, -0.0, -0.0, 0.0, -0.0, -0.0, 0.0, 0.0, 0.0, 0.0, 0.0, 0.0, 1.0, 0.0, -0.084561, -0.212138, -0.052835, -0.025046, -0.012593, -0.224953, -0.005267, -0.00433, 0.052484, 0.007751, -0.001386, -0.028515, 0.142124, -0.018116, -1e-06, -0.004626, -0.026656, -0.000285, -0.000128, -0.004994, -0.004167, -0.002182, -0.057544, 0.001827, -9e-06, -0.000358, 0.003219, -0.000159, 0.0, -2.9e-05, -0.003515, -1e-06, -7e-06, -1.3e-05, -0.000793, -0.005462, -0.007254, 2e-06, -0.0, -0.0, 2e-06, -2e-06, 0.0, -0.0, -0.000142, -0.0, -0.0, -0.0, -9.3e-05, -0.000184, -0.000239, 0.0, 0.0, 0.0, 0.0, 0.0, 0.0, 0.0, -3e-06, 0.0, 0.0, 0.0, -1e-06, -4e-06, -2e-06, 0.0, 0.0, 0.0, 0.0, 0.0, 0.0, -0.0, -3e-06, 0.0, 0.0, 0.0, 1e-06, -1.2e-05, 3e-06, 0.0, 0.0, 0.0, 0.0, 0.0, 0.0, -0.0, -3.1e-05, 0.0, -0.0, -0.0, 2.2e-05, -8.6e-05, -5.8e-05, 0.0, 0.0, 0.0, 0.0, -0.0, -0.018532, -0.032723, -0.009501, 0.009433, 0.018804, -0.014735, -0.025836, 0.000148, -0.012903, 0.013734, -0.017525, -0.030931, 0.012264, 0.006916, 0.016675, -0.000129, -0.009872, -8e-06, 5e-06, -2.3e-05, -0.000146, -0.010718, 7e-06, 4e-06, -2.7e-05, -0.0, -5.9e-05, 0.0, 0.0, 0.0, 0.0, -0.0, 0.0, 0.0, 0.0, 0.0, 1e-06, 0.0, 0.0, 0.0], [0.000728, 0.004962, 0.001794, -0.000553, 0.135269, -0.008686, -0.000208, 0.137556, -0.001954, -0.002572, -0.015043, 0.001152, -0.013398, -0.243664, 0.0, 0.0, 0.0, -0.0, 0.0, -0.0, 0.0, 0.0, 0.0, 0.0, 0.0, 0.0, 0.0, 1.0, 0.002851, 0.007153, 0.001782, 0.000845, -0.260826, 0.011989, 0.000178, -0.154633, 0.000839, -0.000261, -0.026837, 0.001415, -0.018116, -0.394526, 0.0, 0.000186, 0.00107, 1.1e-05, -0.000685, 0.000214, 0.000167, -0.025551, 0.002823, -7.3e-05, -3.9e-05, 1.5e-05, -0.000159, -0.000738, 0.0, 3.2e-05, 0.003869, 1e-06, 5e-06, 1.5e-05, 0.000873, 0.002231, 0.00966, -2e-06, 0.0, 0.0, -2e-06, 2e-06, 0.0, 0.0, 0.000204, 0.0, 0.0, 0.0, 0.000134, 0.000165, 0.000395, 0.0, 0.0, 0.0, 0.0, 0.0, 0.0, 0.0, 1.2e-05, 0.0, 0.0, 0.0, 3e-06, 1.2e-05, 1.5e-05, 0.0, 0.0, 0.0, 0.0, 0.0, 0.0, 0.0, 5.9e-05, 0.0, 0.0, 0.0, -1.2e-05, 7.7e-05, 8.2e-05, 0.0, 0.0, 0.0, 0.0, 0.0, 0.0, 0.0, 0.000105, -0.0, 0.0, 0.0, -7.5e-05, 0.000188, 0.000269, -0.0, -0.0, -0.0, -0.0, 0.0, 0.013278, 0.023446, 0.006807, -0.000265, -0.01556, -0.021713, -0.03807, 0.000218, -0.00956, 0.025247, 0.009712, 0.017142, -0.006796, 0.001925, -0.01073, -4.7e-05, -0.003588, -3e-06, -0.0, -9e-06, -4.2e-05, -0.00309, 2e-06, -1e-06, -8e-06, 0.0, 5.4e-05, 0.0, 0.0, 0.0, 0.0, 0.0, 0.0, 0.0, 0.0, 0.0, 9e-06, 0.0, 0.0, 0.0], [0.0, 2.9e-05, 0.006084, -0.0, -0.0, -9e-06, -0.00079, -0.000244, -0.015338, -0.0, 0.0, 0.0, -1e-06, 0.0, 1.9e-05, 0.04765, 0.078541, -0.003689, -0.001207, -0.071595, -0.006977, -0.002282, -0.135404, -0.04859, 0.000147, 0.008717, -0.084561, 0.002851, 1.0, 0.325565, 0.151774, 0.0, 0.0, -0.0, 0.0, -0.0, -0.0, -0.0, 0.0, 0.0, -0.0, 0.0, 0.0, 0.018965, 0.057238, 0.001247, 0.000578, 0.025478, 0.005582, 0.002588, 0.11408, -0.013155, 5.1e-05, 0.002239, -0.022871, 0.001038, 0.0, 9.4e-05, 0.009174, 3e-06, 2.2e-05, 3.2e-05, 0.001861, 0.013138, 0.018926, -2e-06, 0.0, 1e-06, -1e-06, 4e-06, 0.0, 0.0, 0.000402, 0.0, 0.0, 0.0, 0.000291, 0.000502, 0.000675, 0.0, 0.0, 0.0, 0.0, 0.0, 0.0, 0.0, 1.1e-05, 0.0, 0.0, 0.0, 3e-06, 1.3e-05, 1.2e-05, 0.0, 0.0, 0.0, 0.0, 0.0, 0.0, 0.0, 4.1e-05, 0.0, 0.0, 0.0, -9e-06, 5.9e-05, 4.2e-05, 0.0, 0.0, 0.0, 0.0, 0.0, 0.0, 0.0, 8.1e-05, 0.0, 0.0, 0.0, -7.3e-05, 0.000194, 0.000159, 0.0, 0.0, 0.0, 0.0, 0.0, 0.0, 0.001746, 0.0, -0.0, -0.0, 0.0, 0.001765, -0.0, 0.0, -0.0, 0.0, 0.001747, -0.0, -0.0, -0.0, 0.000449, 0.021867, 2.8e-05, -1.6e-05, 5.4e-05, 0.000465, 0.022085, -2.6e-05, -1.4e-05, 5.9e-05, 0.0, 0.000144, 0.0, 0.0, 0.0, 0.0, 0.0, 0.0, 0.0, 0.0, 0.0, 3e-06, 0.0, 0.0, 0.0], [2.9e-05, 0.006215, 0.06594, -0.000351, -0.000109, -0.006821, -0.007555, -0.002337, -0.146647, -0.002753, 8e-06, 0.000494, -0.004792, 0.000153, 0.04765, 0.353348, 0.479177, -0.018545, -0.006066, -0.359896, -0.031564, -0.010324, -0.612556, -0.121897, 0.000369, 0.021868, -0.212138, 0.007153, 0.325565, 1.0, 0.798485, 0.0, -0.0, -0.0, 0.0, 0.0, 0.0, 0.0, -0.0, 0.0, -0.0, 0.0, 0.018965, 0.214388, 0.374953, 0.011743, 0.005445, 0.239986, 0.027704, 0.012846, 0.566186, -0.092884, 0.000359, 0.015812, -0.161486, 0.007331, 9.4e-05, 0.011892, 0.090673, 0.001092, 0.007707, 0.011103, 0.015783, 0.111402, 0.160485, -0.005629, 0.00091, 0.001311, -0.003454, 0.009255, 0.0, 8.5e-05, 0.008021, 2.1e-05, 3.7e-05, 4.9e-05, 0.006149, 0.010616, 0.014269, -1.2e-05, 1.1e-05, 1.5e-05, -8e-06, 2.5e-05, 0.0, 0.0, 0.000508, 0.0, 0.0, 0.0, 0.000166, 0.000795, 0.000712, -0.0, 0.0, 0.0, 0.0, 0.0, 0.0, 2e-06, 0.001351, -0.0, 1e-06, 1e-06, -0.000376, 0.002433, 0.001736, -0.0, -0.0, -0.0, 0.0, 0.0, -1e-06, 0.000127, 0.005516, -3.9e-05, 0.000104, 8.5e-05, -0.00436, 0.011523, 0.009464, -8.4e-05, -8e-05, -6.5e-05, 3.4e-05, 0.000173, 0.000319, 0.024042, 3.4e-05, -3.1e-05, -0.000154, 0.000326, 0.024252, -4e-06, 5e-05, -0.000157, 0.00032, 0.024057, -5.4e-05, -2.4e-05, -0.00015, 0.029223, 0.175886, 0.013809, -0.008153, 0.026794, 0.029753, 0.177271, -0.0124, -0.006906, 0.028514, 4e-06, 0.003366, 0.0, 0.0, 1e-06, 0.0, 2.3e-05, 0.0, 0.0, 0.0, 0.0, 0.000179, -0.0, 0.0, 0.0], [0.006084, 0.06594, 0.191554, -0.002946, -0.000911, -0.057186, -0.015663, -0.004846, -0.304028, -0.015491, 4.4e-05, 0.002779, -0.02696, 0.00086, 0.078541, 0.479177, 0.712932, -0.011462, -0.003749, -0.222451, -0.029185, -0.009546, -0.566396, -0.03036, 9.2e-05, 0.005447, -0.0