{"HF": -399.57684150595, "coordinates": [[0.004052874, 1.603991268, 0.020637585], [0.023562161, 0.10511697, 0.012428993], [-0.90327066, -0.798297781, 0.860612159], [-1.744560239, -1.780887396, 0.369913679], [0.563960968, -0.967001848, 0.970680138], [0.997374186, -1.786676698, -0.15209369], [0.629813697, -0.760452291, -1.039816675], [0.836070015, -0.649599764, -2.268739427], [0.996746281, 2.016773579, -0.184262327], [-0.6799749, 1.980214511, -0.746595173], [-0.333269986, 1.987529944, 0.98816086], [-1.377066973, -0.243071726, 1.666251414], [-1.188886196, -2.442685676, -0.062197084], [1.22023374, -0.928431886, 1.83088083], [1.330611719, -1.460380123, -2.64379587]], "elements": ["C", "C", "C", "O", "C", "O", "C", "N", "H", "H", "H", "H", "H", "H", "H"], "Enn": 381.2953039091, "S": [[1.0, 0.325565, 0.151774, 0.0, 0.0, 0.0, 0.0, -0.0, -0.0, -0.0, 0.0, 0.0, -0.0, 0.0, 0.0, 0.016525, 0.054592, 0.000119, -0.000283, 0.021765, 0.000606, -0.001441, 0.110717, -0.010785, -3e-06, 0.000205, -0.018674, -0.000486, 0.0, 2.1e-05, 0.005481, -2e-06, 2e-06, 5e-06, -0.004299, 0.004643, 0.012294, -0.0, -0.0, -0.0, -0.0, 0.0, 0.0, 0.0, 1e-06, 0.0, 0.0, 0.0, -0.0, 1e-06, 2e-06, 0.0, 0.0, 0.0, 0.0, 0.0, 0.0, 1.1e-05, 0.004314, -1e-06, -1e-06, 2e-06, -0.003682, -0.00217, 0.009964, -0.0, 0.0, -0.0, -0.0, -0.0, 0.0, 0.0, 5e-06, 0.0, 0.0, 0.0, 1e-06, -4e-06, 1.4e-05, 0.0, 0.0, 0.0, 0.0, 0.0, 0.0, 2.7e-05, 0.005984, 3e-06, -2e-06, 7e-06, 0.00601, -0.003546, 0.013399, -0.0, -0.0, 0.0, -0.0, -0.0, 0.0, 0.0, 0.000162, -0.0, 0.0, -0.0, 0.000221, -8e-05, 0.000217, 0.0, 0.0, 0.0, 0.0, 0.0, 0.049854, 0.086771, 0.015309, -0.074169, -0.030841, 0.049834, 0.086761, 0.057286, 0.051073, -0.028091, 0.049915, 0.086802, -0.072435, 0.025254, -0.028714, 3e-06, 0.004776, -0.0, 0.0, 0.0, 0.0, 7.5e-05, 0.0, 0.0, 0.0, 0.0, 0.001258, -0.0, -0.0, 0.0, 0.0, 6.2e-05, 0.0, 0.0, 0.0], [0.325565, 1.0, 0.798485, 0.0, 0.0, 0.0, 0.0, 0.0, 0.0, 0.0, 0.0, 0.0, -0.0, 0.0, 0.016525, 0.198946, 0.361444, 0.001232, -0.002929, 0.225012, 0.003051, -0.007252, 0.557161, -0.088799, -2.2e-05, 0.001684, -0.153762, -0.004003, 2.1e-05, 0.005271, 0.060817, -0.001782, 0.001925, 0.005097, -0.042372, 0.04577, 0.121183, -0.001634, -0.000832, -0.002204, -0.002702, 0.00238, -0.0, 1e-06, 0.000274, -0.0, 0.0, 1e-06, -7.6e-05, 0.000382, 0.00074, -1e-06, -0.0, -0.0, -1e-06, 1e-06, 1.1e-05, 0.003611, 0.050513, -0.0013, -0.000766, 0.003519, -0.038923, -0.022939, 0.105334, -0.000976, 0.000351, -0.001613, -0.002079, -0.00095, -0.0, 6e-06, 0.000895, 0.0, -2e-06, 5e-06, 0.000131, -0.000753, 0.00257, -4e-06, -0.0, 1e-06, -7e-06, -4e-06, 2.7e-05, 0.006055, 0.065102, 0.002643, -0.00156, 0.005893, 0.057736, -0.034069, 0.128732, -0.001415, -0.000872, 0.003293, -0.003414, -0.001943, -0.0, 8.1e-05, 0.005862, -4.8e-05, 1.8e-05, -4.8e-05, 0.00919, -0.00334, 0.009046, 1.7e-05, -2.4e-05, 6.6e-05, -2.8e-05, -2.4e-05, 0.366998, 0.520426, 0.067617, -0.327589, -0.136218, 0.366919, 0.520379, 0.253122, 0.225671, -0.124122, 0.36724, 0.52057, -0.319535, 0.111404, -0.126668, 0.001917, 0.053099, -0.000792, 0.000665, 0.000889, 1e-06, 0.002022, 0.0, 0.0, 0.0, 0.000178, 0.018579, -4.3e-05, -2.9e-05, 6e-05, 1e-06, 0.001743, 0.0, -0.0, 0.0], [0.151774, 0.798485, 1.0, 0.0, 0.0, 0.0, -0.0, -0.0, -0.0, -0.0, 0.0, 0.0, -0.0, 0.0, 0.054592, 0.361444, 0.591433, 0.001119, -0.002659, 0.204269, 0.003165, -0.007521, 0.577841, -0.03445, -9e-06, 0.000653, -0.059653, -0.001553, 0.005481, 0.060817, 0.181559, -0.016575, 0.017904, 0.047403, -0.090787, 0.098066, 0.259646, -0.010439, -0.005317, -0.014079, -0.01726, 0.015208, -0.000115, 0.001593, 0.009999, -0.000135, 0.000674, 0.001306, -0.001938, 0.009703, 0.018782, -0.000657, -9.7e-05, -0.000189, -0.00067, 0.000944, 0.004314, 0.050513, 0.160544, -0.015335, -0.009038, 0.041499, -0.089944, -0.053009, 0.243406, -0.008344, 0.003004, -0.013794, -0.01778, -0.00813, -0.000307, 0.003746, 0.019275, 0.000162, -0.000931, 0.003177, 0.00188, -0.010812, 0.036905, -0.0014, -6.7e-05, 0.000229, -0.002052, -0.001315, 0.005984, 0.065102, 0.189939, 0.022526, -0.013292, 0.050225, 0.120323, -0.071001, 0.268279, -0.008125, -0.005003, 0.018905, -0.0196, -0.011156, -0.00077, 0.010077, 0.04705, -0.006093, 0.002214, -0.005998, 0.057298, -0.020823, 0.056402, 0.001405, -0.001968, 0.00533, -0.002266, -0.001937, 0.453849, 0.762622, 0.034897, -0.16907, -0.070303, 0.453804, 0.762575, 0.130657, 0.116487, -0.064069, 0.453988, 0.762764, -0.164838, 0.05747, -0.065344, 0.036835, 0.163539, -0.018033, 0.015135, 0.020241, 0.00104, 0.018038, 1.8e-05, 0.000257, 0.000873, 0.011675, 0.080533, -0.005614, -0.003772, 0.007854, 0.000885, 0.016321, 0.000481, -0.000239, 0.000553], [0.0, 0.0, 0.0, 1.0, 0.0, 0.0, 0.531899, 0.0, 0.0, -0.0, -0.0, -0.0, 0.0, -0.0, -0.000119, -0.001232, -0.001119, 0.073654, 2.5e-05, -0.001905, 0.200156, 2.8e-05, -0.002139, 0.001796, -0.001553, 0.119298, 0.001803, 4.7e-05, 2e-06, 0.001782, 0.016575, -0.000179, 0.000694, 0.001837, 0.008775, 0.014781, 0.039134, -0.000812, -0.000121, -0.000321, -0.001007, 0.000888, 0.0, 0.0, 2.4e-05, 0.0, 0.0, 0.0, 3.8e-05, 3.6e-05, 7e-05, -0.0, 0.0, 0.0, -0.0, 0.0, 1e-06, 0.0013, 0.015335, -0.000213, -0.000288, 0.001324, 0.003954, -0.008216, 0.037725, -0.000493, 7e-05, -0.000319, -0.000787, -0.00036, 0.0, -0.0, -4.5e-05, 0.0, 0.0, -0.0, 0.000174, 4.1e-05, -0.00014, 0.0, -0.0, 0.0, 0.0, 0.0, -3e-06, -0.002643, -0.022526, -0.000678, 0.000731, -0.002761, 0.000701, 0.013991, -0.052865, 0.001013, 0.000264, -0.000996, 0.001673, 0.000952, 0.0, -3.6e-05, -0.004315, 1.7e-05, -7e-06, 1.9e-05, -0.006288, 0.002751, -0.00745, -4e-06, 8e-06, -2.3e-05, 1e-05, 9e-06, -0.073175, -0.039051, 0.181163, 0.103478, 0.043028, -0.273923, -0.146209, -0.096904, -0.266893, 0.146794, 0.345823, 0.184451, -0.274012, 0.166215, -0.188987, 0.001126, 0.026679, -0.000345, 0.000344, 0.00046, -0.0, -4e-05, 0.0, -0.0, -0.0, 7.8e-05, 0.009476, -1.1e-05, -9e-06, 1.8e-05, -0.0, -0.001098, -0.0, 0.0, -0.0], [0.0, 0.0, 0.0, 0.0, 1.0, 0.0, 0.0, 0.531899, -0.0, 0.0, -0.0, -0.0, -0.0, -0.0, 0.000283, 0.002929, 0.002659, 2.5e-05, 0.073606, 0.004528, 2.8e-05, 0.200102, 0.005083, -0.001579, 0.000653, 4.7e-05, -0.005839, 0.119206, -2e-06, -0.001925, -0.017904, 0.000694, -0.000286, -0.001984, 0.014781, 0.006493, -0.042272, 0.000549, 0.00016, 0.000888, 0.001278, -0.000458, 0.0, -0.0, -0.00012, 0.0, -0.0, -0.0, 3.6e-05, -0.000136, -0.000349, 0.0, 0.0, 0.0, 0.0, -0.0, 1e-06, 0.000766, 0.009038, -0.000288, 0.000106, 0.00078, -0.008216, 0.013053, 0.022233, -0.000181, -2.9e-05, -0.00036, -0.000527, 7.9e-05, -0.0, 1e-06, 0.000256, 0.0, -0.0, 0.0, 4.1e-05, -5.4e-05, 0.000805, -0.0, -0.0, 0.0, -1e-06, -0.0, 2e-06, 0.00156, 0.013292, 0.000731, 0.000129, 0.001629, 0.013991, 0.016155, 0.031195, -0.000315, 2.5e-05, 0.000952, -0.00115, 5.6e-05, -0.0, 1.3e-05, 0.001568, -7e-06, 1e-06, -7e-06, 0.002751, 0.000281, 0.002708, 3e-06, -1e-06, 9e-06, -4e-06, -1e-06, 0.354518, 0.189193, 0.103478, -0.298805, -0.208462, -0.244217, -0.130353, -0.266893, -0.035496, 0.130875, -0.12057, -0.064308, 0.166215, 0.144782, 0.06589, -0.000945, -0.022391, 0.000344, -0.000224, -0.000386, -0.0, -0.000577, -0.0, -0.0, -0.0, 5.3e-05, 0.006366, -9e-06, -4e-06, 1.2e-05, 0.0, 0.000547, 0.0, -0.0, 0.0], [0.0, 0.0, 0.0, 0.0, 0.0, 1.0, 0.0, -0.0, 0.531899, 0.0, -0.0, -0.0, 0.0, -0.0, -0.021765, -0.225012, -0.204269, -0.001905, 0.004528, -0.27419, -0.002139, 0.005083, -0.190388, 0.121286, 4.7e-05, -0.002954, 0.209981, 0.007021, -5e-06, -0.005097, -0.047403, 0.001837, -0.001984, -0.004789, 0.039134, -0.042272, -0.089463, 0.001453, 0.000888, 0.002175, 0.00238, -0.002349, 0.0, -0.0, -0.000232, 0.0, -0.0, -0.0, 7e-05, -0.000349, -0.000631, 0.0, 0.0, 0.0, 0.0, -0.0, -2e-06, -0.003519, -0.041499, 0.001324, 0.00078, -0.003307, 0.037725, 0.022233, -0.084197, 0.000831, -0.00036, 0.001544, 0.001838, 0.00091, 0.0, -2e-06, -0.000874, -0.0, 0.0, -1e-06, -0.00014, 0.000805, -0.002566, 1e-06, 0.0, -0.0, 2e-06, 1e-06, -7e-06, -0.005893, -0.050225, -0.002761, 0.001629, -0.005595, -0.052865, 0.031195, -0.093459, 0.00119, 0.000952, -0.003321, 0.003112, 0.001959, 0.0, -3.6e-05, -0.004247, 1.9e-05, -7e-06, 1.7e-05, -0.00745, 0.002708, -0.006053, -7e-06, 9e-06, -2.2e-05, 8e-06, 8e-06, 0.147416, 0.07867, 0.043028, -0.208462, 0.115839, 0.134322, 0.071696, 0.146794, 0.130875, 0.130471, 0.137089, 0.073119, -0.188987, 0.06589, 0.127815, -0.001264, -0.029945, 0.00046, -0.000386, -0.000452, -1e-06, -0.001956, -0.0, -0.0, -0.0, -0.00011, -0.013256, 1.8e-05, 1.2e-05, -2.4e-05, -0.0, -0.001263, -0.0, 0.0, -0.0], [0.0, 0.0, -0.0, 0.531899, 0.0, 0.0, 1.0, 0.0, 0.0, 0.0, 0.0, 0.0, 0.0, 0.0, -0.000606, -0.003051, -0.003165, 0.200156, 2.8e-05, -0.002139, 0.541914, 4.7e-05, -0.003636, 0.001282, -0.001742, 0.133828, 0.000754, 2e-05, 0.004299, 0.042372, 0.090787, 0.008775, 0.014781, 0.039134, 0.084098, 0.056798, 0.150381, -0.018732, 0.002836, 0.007509, -0.016807, 0.014808, -2.2e-05, 0.000329, 0.002083, 0.000237, 0.000157, 0.000303, 0.0048, 0.002252, 0.00436, -0.000225, 0.000193, 0.000374, -0.000178, 0.000251, 0.003682, 0.038923, 0.089944, 0.003954, -0.008216, 0.037725, 0.060137, -0.034344, 0.157701, -0.016537, -0.000674, 0.003096, -0.019011, -0.008693, 3.3e-05, -0.000431, -0.002126, 0.000719, 0.000122, -0.000415, 0.010837, 0.001334, -0.004554, 0.00028, -0.000338, 0.001153, 0.000307, 0.000197, -0.00601, -0.057736, -0.120323, 0.000701, 0.013991, -0.052865, 0.055729, 0.052127, -0.196961, 0.021912, 0.00018, -0.00068, 0.024357, 0.013863, 0.001251, -0.016644, -0.067492, 0.009138, -0.004187, 0.011341, -0.065936, 0.034069, -0.092278, -0.000313, 0.003412, -0.009241, 0.004921, 0.004207, -0.105771, -0.099595, 0.256214, 0.049631, 0.020638, -0.396008, -0.372903, 0.122811, -0.128039, 0.070423, 0.499617, 0.470377, 0.03806, 0.079665, -0.09058, 0.049653, 0.153082, -0.017292, 0.024319, 0.032524, -4.5e-05, -0.000722, 0.000132, -1.2e-05, -4.1e-05, 0.014967, 0.078695, -0.005547, -0.005589, 0.011638, -0.001211, -0.020862, -0.000596, 0.000351, -0.00081], [-0.0, 0.0, -0.0, 0.0, 0.531899, -0.0, 0.0, 1.0, 0.0, -0.0, 0.0, 0.0, 0.0, 0.0, 0.001441, 0.007252, 0.007521, 2.8e-05, 0.200102, 0.005083, 4.7e-05, 0.541822, 0.008641, -2.9e-05, 0.000733, 2e-05, -0.003534, 0.13379, -0.004643, -0.04577, -0.098066, 0.014781, 0.006493, -0.042272, 0.056798, 0.075328, -0.162439, 0.006353, -0.001826, 0.014808, 0.026169, 0.005223, 0.000109, -0.001646, -0.010428, 0.000157, -0.000516, -0.001517, 0.002252, -0.006026, -0.021828, 0.000747, 8.6e-05, 0.000251, 0.00111, -0.000831, 0.00217, 0.022939, 0.053009, -0.008216, 0.013053, 0.022233, -0.034344, 0.09817, 0.092941, -0.003015, -0.004701, -0.008693, -0.015091, 0.012723, -0.000193, 0.002477, 0.012227, 0.000122, 4.1e-05, 0.002387, 0.001334, 0.003397, 0.026189, -0.001006, 3e-06, 0.000197, -0.002116, 5.4e-05, 0.003546, 0.034069, 0.071001, 0.013991, 0.016155, 0.031195, 0.052127, 0.113307, 0.116224, -0.002472, 0.006563, 0.013863, -0.020411, 0.014633, -0.000455, 0.006049, 0.024528, -0.004187, -0.000861, -0.004122, 0.034069, 0.015427, 0.033536, 0.001607, 0.000818, 0.004207, -0.00265, 0.000806, 0.512438, 0.482517, 0.049631, 0.026007, -0.099985, -0.353062, -0.332463, -0.128039, 0.152271, 0.062786, -0.174189, -0.163995, 0.079665, 0.238784, 0.03158, -0.041673, -0.128478, 0.024319, -0.008726, -0.027296, -0.00065, -0.0104, -1.2e-05, -4e-05, -0.000587, 0.010055, 0.05287, -0.005589, -0.000983, 0.007819, 0.000603, 0.010387, 0.000351, -6.6e-05, 0.000403], [-0.0, 0.0, -0.0, 0.0, -0.0, 0.531899, 0.0, 0.0, 1.0, 0.0, 0.0, 0.0, 0.0, 0.0, -0.110717, -0.557161, -0.577841, -0.002139, 0.005083, -0.190388, -0.003636, 0.008641, -0.121923, 0.002223, 2e-05, -0.000775, 0.003811, 0.001842, -0.012294, -0.121183, -0.259646, 0.039134, -0.042272, -0.089463, 0.150381, -0.162439, -0.293404, 0.016822, 0.014808, 0.031788, 0.02685, -0.034337, 0.00021, -0.003186, -0.020187, 0.000303, -0.001517, -0.002669, 0.00436, -0.021828, -0.037003, 0.001446, 0.000251, 0.000441, 0.0013, -0.00221, -0.009964, -0.105334, -0.243406, 0.037725, 0.022233, -0.084197, 0.157701, 0.092941, -0.308356, 0.013842, -0.008693, 0.033321, 0.033603, 0.019638, 0.000657, -0.008456, -0.041738, -0.000415, 0.002387, -0.007408, -0.004554, 0.026189, -0.078327, 0.003434, 0.000197, -0.000612, 0.004849, 0.003521, -0.013399, -0.128732, -0.268279, -0.052865, 0.031195, -0.093459, -0.196961, 0.116224, -0.295089, 0.009342, 0.013863, -0.042151, 0.031494, 0.024873, 0.001231, -0.016383, -0.066437, 0.011341, -0.004122, 0.008781, -0.092278, 0.033536, -0.063028, -0.004352, 0.004207, -0.009023, 0.002509, 0.003279, 0.213082, 0.200641, 0.020638, -0.099985, 0.224883, 0.194188, 0.182858, 0.070423, 0.062786, 0.231892, 0.198055, 0.186463, -0.09058, 0.03158, 0.230652, -0.055732, -0.171822, 0.032524, -0.027296, -0.02482, -0.002206, -0.035278, -4.1e-05, -0.000587, -0.001859, -0.020938, -0.11009, 0.011638, 0.007819, -0.013508, -0.001393, -0.023993, -0.00081, 0.000403, -0.000824], [-0.0, 0.0, -0.0, -0.0, 0.0, 0.0, 0.0, -0.0, 0.0, 1.0, 0.0, 0.0, 0.0, 0.0, -0.010785, -0.088799, -0.03445, -0.001796, 0.001579, -0.121286, -0.001282, 2.9e-05, -0.002223, 0.092581, 4.5e-05, -0.003448, 0.090441, 0.002355, -0.0, -0.001634, -0.010439, 0.000812, -0.000549, -0.001453, 0.018732, -0.006353, -0.016822, 0.000305, 0.000313, 0.000828, 0.000653, -0.000575, 0.0, -0.0, -8.8e-05, 0.0, -0.0, -0.0, 3.4e-05, -0.000129, -0.000249, 0.0, 0.0, 0.0, 0.0, -0.0, -0.0, -0.000976, -0.008344, 0.000493, 0.000181, -0.000831, 0.016537, 0.003015, -0.013842, 0.000123, -0.000102, 0.000468, 0.000385, 0.000176, 0.0, -0.0, -0.000333, -0.0, 0.0, -0.0, -7.1e-05, 0.000297, -0.001014, 0.0, 0.0, -0.0, 0.0, 0.0, -0.0, -0.001415, -0.008125, -0.001013, 0.000315, -0.00119, -0.021912, 0.002472, -0.009342, 1.9e-05, 0.00027, -0.001022, 0.000558, 0.000317, -0.0, 4e-06, 0.000989, -1e-06, 1e-06, -2e-06, 0.000605, -0.000954, 0.002585, -0.0, -1e-06, 2e-06, -1e-06, -1e-06, -0.134614, -0.021943, -0.127573, 0.092957, 0.038653, 0.071291, 0.011624, -0.160769, 0.218357, -0.120099, 0.202575, 0.032997, -0.05152, 0.196606, -0.223543, 9e-06, 0.00015, 3.1e-05, 1.6e-05, 2.2e-05, -0.0, -0.000685, -0.0, -0.0, -0.0, -5e-06, -0.000633, 1e-06, 0.0, -0.0, 0.0, 9.9e-05, 0.0, -0.0, 0.0], [0.0, 0.0, 0.0, -0.0, -0.0, -0.0, 0.0, 0.0, 0.0, 0.0, 1.0, 0.0, 0.0, 0.0, -3e-06, -2.2e-05, -9e-06, 0.001553, -0.000653, -4.7e-05, 0.001742, -0.000733, -2e-05, 4.5e-05, 0.040314, 0.003371, 7.8e-05, -0.001417, -0.0, -0.000832, -0.005317, 0.000121, -0.00016, -0.000888, -0.002836, 0.001826, -0.014808, 0.000313, 4.1e-05, 0.000187, 0.00052, -0.000231, 0.0, -0.0, -1.3e-05, -0.0, -0.0, -0.0, -1.9e-05, -1.6e-05, -4.1e-05, 0.0, -0.0, -0.0, 0.0, -0.0, 0.0, 0.000351, 0.003004, -7e-05, 2.9e-05, 0.00036, 0.000674, 0.004701, 0.008693, -0.000102, -2e-06, -9.1e-05, -0.000212, 1e-05, 0.0, -0.0, -1.6e-05, 0.0, 0.0, -0.0, 6.1e-05, 5e-06, -5.5e-05, 0.0, -0.0, 0.0, 0.0, 0.0, -0.0, -0.000872, -0.005003, -0.000264, -2.5e-05, -0.000952, -0.00018, -0.006563, -0.013863, 0.00027, 1e-05, -0.000365, 0.000623, 3.3e-05, 0.0, -6e-06, -0.001385, 2e-06, -0.0, 2e-06, -0.002311, -0.000173, -0.002692, -1e-06, 0.0, -2e-06, 1e-06, 0.0, -0.088491, -0.014425, 0.266807, 0.113593, 0.073255, 0.22824, 0.037214, 0.142349, 0.078864, -0.172202, -0.142136, -0.023152, 0.172688, 0.199665, 0.109342, -0.000701, -0.012204, 0.000165, -0.00013, -0.000212, 0.0, 1.3e-05, -0.0, 0.0, 0.0, 2.8e-05, 0.003606, -2e-06, -1e-06, 3e-06, -0.0, -0.000399, -0.0, 0.0, -0.0], [0.0, 0.0, 0.0, -0.0, -0.0, -0.0, 0.0, 0.0, 0.0, 0.0, 0.0, 1.0, 0.0, 0.0, 0.000205, 0.001684, 0.000653, -0.119298, -4.7e-05, 0.002954, -0.133828, -2e-05, 0.000775, -0.003448, 0.003371, -0.21867, -0.003134, -0.0001, -0.0, -0.002204, -0.014079, 0.000321, -0.000888, -0.002175, -0.007509, -0.014808, -0.031788, 0.000828, 0.000187, 0.000466, 0.001036, -0.000999, 0.0, -0.0, -2.5e-05, -0.0, -0.0, -0.0, -3.7e-05, -4.1e-05, -7.4e-05, 0.0, -0.0, -0.0, 0.0, -0.0, -0.0, -0.001613, -0.013794, 0.000319, 0.00036, -0.001544, -0.003096, 0.008693, -0.033321, 0.000468, -9.1e-05, 0.000394, 0.000779, 0.00038, 0.0, 0.0, 5.4e-05, -0.0, -0.0, 0.0, -0.000207, -5.5e-05, 0.000175, -0.0, 0.0, -0.0, -0.0, -0.0, 0.0, 0.003293, 0.018905, 0.000996, -0.000952, 0.003321, 0.00068, -0.013863, 0.042151, -0.001022, -0.000365, 0.001293, -0.001796, -0.001107, -0.0, 1.7e-05, 0.003751, -6e-06, 2e-06, -6e-06, 0.006258, -0.002692, 0.006124, 2e-06, -2e-06, 6e-06, -2e-06, -2e-06, -0.036796, -0.005998, 0.110944, 0.073255, -0.032116, -0.125535, -0.020468, -0.078294, -0.172202, -0.139511, 0.16161, 0.026324, -0.196347, 0.109342, 0.171508, -0.000938, -0.016322, 0.00022, -0.000212, -0.000255, 0.0, 4.5e-05, -0.0, 0.0, 0.0, -5.7e-05, -0.007509, 4e-06, 3e-06, -6e-06, 0.0, 0.000921, 0.0, -0.0, 0.0], [-0.0, -0.0, -0.0, 0.0, -0.0, 0.0, 0.0, 0.0, 0.0, 0.0, 0.0, 0.0, 1.0, 0.0, -0.018674, -0.153762, -0.059653, -0.001803, 0.005839, -0.209981, -0.000754, 0.003534, -0.003811, 0.090441, 7.8e-05, -0.003134, 0.196811, 0.01082, -0.0, -0.002702, -0.01726, 0.001007, -0.001278, -0.00238, 0.016807, -0.026169, -0.02685, 0.000653, 0.00052, 0.001036, 0.000951, -0.001303, 0.0, -0.0, -9e-05, 0.0, -0.0, -0.0, 2.9e-05, -0.000168, -0.000235, 0.0, 0.0, 0.0, 0.0, -0.0, -0.0, -0.002079, -0.01778, 0.000787, 0.000527, -0.001838, 0.019011, 0.015091, -0.033603, 0.000385, -0.000212, 0.000779, 0.000867, 0.000517, 0.0, -0.0, -0.000489, -0.0, 0.0, -0.0, -8.5e-05, 0.000553, -0.001453, 0.0, 0.0, -0.0, 0.0, 0.0, -0.0, -0.003414, -0.0196, -0.001673, 0.00115, -0.003112, -0.024357, 0.020411, -0.031494, 0.000558, 0.000623, -0.001796, 0.001524, 0.001225, 0.0, -7e-06, -0.001594, 3e-06, -1e-06, 2e-06, -0.003149, 0.001568, -0.001951, -1e-06, 1e-06, -2e-06, 1e-06, 1e-06, 0.177295, 0.028901, 0.072854, -0.049793, -0.272834, 0.070965, 0.011571, 0.109187, -0.111476, -0.168396, -0.007255, -0.001182, 0.014078, -0.108048, -0.11169, -0.000232, -0.004039, 6.3e-05, -7.7e-05, -3.8e-05, -0.0, -0.000997, -0.0, -0.0, -0.0, -3.1e-05, -0.004041, 3e-06, 2e-06, -3e-06, -0.0, -0.00043, -0.0, 0.0, -0.0], [0.0, 0.0, 0.0, -0.0, -0.0, -0.0, 0.0, 0.0, 0.0, 0.0, 0.0, 0.0, 0.0, 1.0, -0.000486, -0.004003, -0.001553, -4.7e-05, -0.119206, -0.007021, -2e-05, -0.13379, -0.001842, 0.002355, -0.001417, -0.0001, 0.01082, -0.218474, 0.0, 0.00238, 0.015208, -0.000888, 0.000458, 0.002349, -0.014808, -0.005223, 0.034337, -0.000575, -0.000231, -0.000999, -0.001303, 0.00062, 0.0, 0.0, 0.000127, -0.0, 0.0, 0.0, -4.1e-05, 0.000159, 0.000372, -0.0, -0.0, -0.0, -0.0, 0.0, -0.0, -0.00095, -0.00813, 0.00036, -7.9e-05, -0.00091, 0.008693, -0.012723, -0.019638, 0.000176, 1e-05, 0.00038, 0.000517, -2.6e-05, 0.0, -0.0, -0.000313, -0.0, 0.0, -0.0, -5.5e-05, 9.7e-05, -0.001007, 0.0, 0.0, -0.0, 0.0, 0.0, -0.0, -0.001943, -0.011156, -0.000952, -5.6e-05, -0.001959, -0.013863, -0.014633, -0.024873, 0.000317, 3.3e-05, -0.001107, 0.001225, 6.9e-05, 0.0, -6e-06, -0.001363, 2e-06, -0.0, 2e-06, -0.002692, -0.00017, -0.002226, -1e-06, 0.0, -2e-06, 1e-06, 0.0, 0.17827, 0.02906, 0.073255, -0.228839, 0.155594, -0.111921, -0.018249, -0.172202, -0.038672, -0.124381, -0.056345, -0.009178, 0.109342, 0.07915, -0.059796, 0.000787, 0.013698, -0.000212, 0.000146, 0.000214, 0.0, 0.000644, 0.0, 0.0, 0.0, -3.8e-05, -0.005045, 3e-06, 2e-06, -4e-06, -0.0, -0.000459, -0.0, 0.0, -0.0], [0.0, 0.016525, 0.054592, -0.000119, 0.000283, -0.021765, -0.000606, 0.001441, -0.110717, -0.010785, -3e-06, 0.000205, -0.018674, -0.000486, 1.0, 0.325565, 0.151774, 0.0, 0.0, 0.0, -0.0, 0.0, 0.0, -0.0, 0.0, 0.0, -0.0, 0.0, 0.0, 0.013594, 0.051048, -0.009509, 0.010391, 0.010129, -0.057953, 0.063327, 0.061727, -0.000793, -0.009132, -0.008902, 0.000249, 0.009727, 0.0, 0.0, 0.000667, -0.0, 0.0, 0.0, -0.000298, 0.001473, 0.001571, -0.0, -0.0, -0.0, -0.0, 0.0, 0.0, 0.014236, 0.051865, -0.011421, -0.006441, 0.012778, -0.066692, -0.03761, 0.074617, 0.001442, 0.006548, -0.01299, -0.005421, -0.007326, 0.0, 7e-06, 0.004689, 0.0, -1e-06, 3e-06, 0.001122, -0.006641, 0.012901, -2e-06, -0.0, 0.0, -2e-06, -3e-06, 0.0, 0.017038, 0.055169, 0.015911, -0.009167, 0.013089, 0.07868, -0.045332, 0.064722, 0.005573, -0.01122, 0.016019, -0.003356, -0.009229, 0.0, 3e-06, 0.003089, -0.0, 0.0, -0.0, 0.006772, -0.002412, 0.00224, 0.0, -0.0, 0.0, 0.0, -0.0, 0.000338, 0.020116, 4e-06, -1.8e-05, -3.6e-05, 0.000365, 0.020575, 1.6e-05, 1.5e-05, -4e-05, 0.000347, 0.020264, -1.9e-05, 7e-06, -3.7e-05, 0.000262, 0.018652, -2e-05, 1.7e-05, 4e-06, 3e-06, 0.004899, 0.0, 0.0, 0.0, 6.3e-05, 0.012257, -2e-06, -1e-06, 1e-06, 0.0, 0.001234, 0.0, -0.0, 0.0], [0.016525, 0.198946, 0.361444, -0.001232, 0.002929, -0.225012, -0.003051, 0.007252, -0.557161, -0.088799, -2.2e-05, 0.001684, -0.153762, -0.004003, 0.325565, 1.0, 0.798485, 0.0, -0.0, -0.0, 0.0, 0.0, 0.0, 0.0, 0.0, 0.0, -0.0, 0.0, 0.013594, 0.178935, 0.343118, -0.112178, 0.12258, 0.119483, -0.297427, 0.325007, 0.316795, -0.008112, -0.093466, -0.091104, 0.002548, 0.099552, -1.9e-05, 0.001322, 0.021537, -0.00021, 0.001038, 0.001107, -0.007621, 0.037693, 0.040206, -0.001062, -0.000362, -0.000386, -0.000123, 0.001909, 0.014236, 0.183477, 0.347365, -0.130587, -0.073643, 0.146104, -0.340688, -0.192129, 0.381172, 0.014018, 0.063656, -0.12629, -0.052699, -0.07122, -0.000416, 0.011538, 0.075846, 0.001027, -0.006078, 0.011808, 0.013138, -0.077762, 0.151066, -0.008385, -0.00104, 0.002021, -0.008541, -0.011963, 0.017038, 0.202276, 0.364401, 0.161132, -0.092836, 0.132546, 0.394728, -0.227423, 0.3247, 0.044351, -0.089286, 0.127477, -0.02671, -0.073446, -4.4e-05, 0.004033, 0.047511, -0.003896, 0.001388, -0.001289, 0.093426, -0.033276, 0.03091, 0.003674, -0.002571, 0.002388, 6.3e-05, -0.00085, 0.025141, 0.164703, 0.002414, -0.011946, -0.023466, 0.026184, 0.167654, 0.009803, 0.009086, -0.024217, 0.025476, 0.165661, -0.012178, 0.004453, -0.023494, 0.021943, 0.155195, -0.017125, 0.014504, 0.003605, 0.002006, 0.05418, 3.8e-05, 0.000618, 0.001299, 0.010324, 0.111517, -0.007315, -0.004814, 0.004158, 0.000172, 0.018299, 6.1e-05, -3e-05, 3.6e-05], [0.054592, 0.361444, 0.591433, -0.001119, 0.002659, -0.204269, -0.003165, 0.007521, -0.577841, -0.03445, -9e-06, 0.000653, -0.059653, -0.001553, 0.151774, 0.798485, 1.0, -0.0, -0.0, 0.0, -0.0, -0.0, -0.0, -0.0, 0.0, 0.0, -0.0, 0.0, 0.051048, 0.343118, 0.571388, -0.109239, 0.119368, 0.116352, -0.315071, 0.344286, 0.335587, -0.003415, -0.039351, -0.038357, 0.001073, 0.041914, -0.004238, 0.037157, 0.112264, -0.003637, 0.017988, 0.019187, -0.023749, 0.117462, 0.125293, -0.008013, -0.00273, -0.002911, -0.00093, 0.0144, 0.051865, 0.347365, 0.576065, -0.125075, -0.070535, 0.139937, -0.359095, -0.202509, 0.401766, 0.005789, 0.026287, -0.052153, -0.021763, -0.029411, -0.011983, 0.092141, 0.225483, 0.004305, -0.025483, 0.049505, 0.022363, -0.132367, 0.257146, -0.014435, -0.001791, 0.003479, -0.014704, -0.020595, 0.055169, 0.364401, 0.594635, 0.144677, -0.083356, 0.11901, 0.408023, -0.235083, 0.335637, 0.016987, -0.034199, 0.048827, -0.01023, -0.028131, -0.00628, 0.058006, 0.166004, -0.038768, 0.013809, -0.012826, 0.218226, -0.077728, 0.072199, 0.018165, -0.012708, 0.011804, 0.000311, -0.004204, 0.127636, 0.350956, 0.008403, -0.041578, -0.081673, 0.130154, 0.355185, 0.033128, 0.030706, -0.081839, 0.128452, 0.352331, -0.041978, 0.015352, -0.080986, 0.119555, 0.337157, -0.065783, 0.055712, 0.01385, 0.037657, 0.165777, 0.000838, 0.013612, 0.028605, 0.083139, 0.269778, -0.048618, -0.031994, 0.027633, 0.011483, 0.079712, 0.008089, -0.00398, 0.004767], [0.000119, 0.001232, 0.001119, 0.073654, 2.5e-05, -0.001905, 0.200156, 2.8e-05, -0.002139, -0.001796, 0.001553, -0.119298, -0.001803, -4.7e-05, 0.0, 0.0, -0.0, 1.0, 0.0, 0.0, 0.531899, 0.0, 0.0, -0.0, -0.0, -0.0, 0.0, -0.0, 0.009509, 0.112178, 0.109239, -0.031827, 0.103741, 0.10112, 0.070467, 0.128157, 0.124918, -0.074467, -0.046593, -0.045416, 0.002949, 0.115223, -1e-06, 0.000156, 0.003286, 5.3e-05, 0.000129, 0.000138, 0.006521, 0.006594, 0.007033, -0.000191, 0.000101, 0.000108, -1.8e-05, 0.000279, 0.011421, 0.130587, 0.125075, -0.060373, -0.070961, 0.140781, 0.038627, -0.085712, 0.170047, -0.058197, 0.046662, -0.092575, -0.069652, -0.094131, 2e-05, -0.001005, -0.006292, 0.001364, 0.00061, -0.001185, 0.034049, 0.007571, -0.014707, 0.001378, -0.001634, 0.003174, 0.001054, 0.001476, -0.015911, -0.161132, -0.144677, -0.100325, 0.101287, -0.144612, 0.007759, 0.112019, -0.159934, 0.032334, 0.085582, -0.122189, 0.040455, 0.111241, 1.3e-05, -0.00375, -0.043361, 0.003524, -0.001368, 0.001271, -0.083762, 0.035912, -0.033358, -0.003391, 0.002649, -0.00246, -7e-05, 0.000948, -0.002723, -0.01081, 0.003044, 0.001493, 0.002934, -0.011022, -0.042522, -0.001223, -0.004433, 0.011816, 0.01372, 0.053961, -0.004166, 0.002772, -0.014624, 0.019509, 0.085239, -0.014613, 0.014679, 0.003649, -5.4e-05, -0.001236, 6.9e-05, -1.5e-05, -3.1e-05, 0.008865, 0.065608, -0.005755, -0.004353, 0.00376, -0.000111, -0.013679, -2.5e-05, 1.3e-05, -1.6e-05], [-0.000283, -0.002929, -0.002659, 2.5e-05, 0.073606, 0.004528, 2.8e-05, 0.200102, 0.005083, 0.001579, -0.000653, -4.7e-05, 0.005839, -0.119206, 0.0, -0.0, -0.0, 0.0, 1.0, 0.0, 0.0, 0.531899, 0.0, 0.0, -0.0, -0.0, -0.0, -0.0, -0.010391, -0.12258, -0.119368, 0.103741, -0.05025, -0.110497, 0.128157, 0.047708, -0.136502, -0.025297, 0.06185, 0.115223, 0.058363, -0.065877, 3e-06, -0.000772, -0.016251, 0.000129, -0.00056, -0.000682, 0.006594, -0.024758, -0.034787, 0.000679, 0.000231, 0.000279, 0.000243, -0.001216, 0.006441, 0.073643, 0.070535, -0.070961, 0.025438, 0.079393, -0.085712, 0.142277, 0.095897, 0.032082, -0.018999, -0.094131, -0.076751, 0.021256, -0.00012, 0.005949, 0.037245, 0.00061, -0.002143, 0.007013, 0.007571, -0.009483, 0.087053, -0.005106, -0.000462, 0.001476, -0.007999, -0.005313, 0.009167, 0.092836, 0.083356, 0.101287, 0.017119, 0.083318, 0.112019, 0.137646, 0.092146, 0.067368, 0.008262, 0.111241, -0.072958, 0.006796, -5e-06, 0.001336, 0.015444, -0.001368, 0.000171, -0.000453, 0.035912, 0.004273, 0.011881, 0.001585, -0.000409, 0.000948, -0.000193, -0.000135, 0.013472, 0.053484, 0.001493, -0.004043, -0.014515, -0.010217, -0.039413, -0.004433, -0.00055, 0.010952, -0.005017, -0.019734, 0.002772, 0.0024, 0.005348, -0.016522, -0.072189, 0.014679, -0.009712, -0.00309, -0.000875, -0.020088, -1.5e-05, -0.000169, -0.000502, 0.005834, 0.043175, -0.004353, -0.002005, 0.002474, 5.4e-05, 0.006731, 1.3e-05, -5e-06, 8e-06], [0.021765, 0.225012, 0.204269, -0.001905, 0.004528, -0.27419, -0.002139, 0.005083, -0.190388, -0.121286, -4.7e-05, 0.002954, -0.209981, -0.007021, 0.0, -0.0, 0.0, 0.0, 0.0, 1.0, 0.0, 0.0, 0.531899, 0.0, -0.0, -0.0, 0.0, -0.0, -0.010129, -0.119483, -0.116352, 0.10112, -0.110497, -0.044594, 0.124918, -0.136502, 0.054696, -0.024658, 0.115223, 0.055952, -0.063171, -0.06114, 4e-06, -0.000824, -0.017335, 0.000138, -0.000682, -0.000648, 0.007033, -0.034787, -0.029251, 0.000725, 0.000279, 0.000267, -6.9e-05, -0.001319, -0.012778, -0.146104, -0.139937, 0.140781, 0.079393, -0.092054, 0.170047, 0.095897, 0.00036, -0.063649, -0.094131, 0.120305, 0.003588, 0.067845, 0.000232, -0.011556, -0.072355, -0.001185, 0.007013, -0.012157, -0.014707, 0.087053, -0.133787, 0.009919, 0.001476, -0.00257, 0.008694, 0.01521, -0.013089, -0.132546, -0.11901, -0.144612, 0.083318, -0.043481, -0.159934, 0.092146, 0.070625, -0.096184, 0.111241, -0.072647, -0.03761, 0.041856, 4e-06, -0.001241, -0.014346, 0.001271, -0.000453, 0.000104, -0.033358, 0.011881, 0.006027, -0.001472, 0.000948, -0.000269, -0.000226, 9.6e-05, 0.026463, 0.10506, 0.002934, -0.014515, -0.025166, 0.02723, 0.105046, 0.011816, 0.010952, -0.025631, 0.026469, 0.104103, -0.014624, 0.005348, -0.024799, -0.004107, -0.017946, 0.003649, -0.00309, 0.001951, -0.001839, -0.042212, -3.1e-05, -0.000502, -0.000985, -0.005039, -0.03729, 0.00376, 0.002474, -0.001277, -6.5e-05, -0.008062, -1.6e-05, 8e-06, -8e-06], [0.000606, 0.003051, 0.003165, 0.200156, 2.8e-05, -0.002139, 0.541914, 4.7e-05, -0.003636, -0.001282, 0.001742, -0.133828, -0.000754, -2e-05, -0.0, 0.0, -0.0, 0.531899, 0.0, 0.0, 1.0, 0.0, 0.0, 0.0, 0.0, 0.0, -0.0, 0.0, 0.057953, 0.297427, 0.315071, 0.070467, 0.128157, 0.124918, 0.316371, 0.223136, 0.217498, -0.086163, 0.026394, 0.025727, 0.001389, 0.054278, -0.001472, 0.012195, 0.030792, 0.009982, 0.006899, 0.007359, 0.074656, 0.036418, 0.038846, -0.005823, 0.008557, 0.009128, -0.000411, 0.006369, 0.066692, 0.340688, 0.359095, 0.038627, -0.085712, 0.170047, 0.262418, -0.148389, 0.294394, -0.085348, -0.007293, 0.014468, -0.031902, -0.043114, 0.002271, -0.015804, -0.030607, 0.032728, 0.005169, -0.010041, 0.177759, 0.020394, -0.039619, 0.006507, -0.015601, 0.030308, 0.003444, 0.004824, -0.07868, -0.394728, -0.408023, 0.007759, 0.112019, -0.159934, 0.216117, 0.189692, -0.270831, 0.082092, 0.000761, -0.001087, 0.016594, 0.045629, 0.014296, -0.120284, -0.266376, 0.075222, -0.033822, 0.031417, -0.284553, 0.144537, -0.134256, -0.027859, 0.028798, -0.026749, -0.000883, 0.011956, -0.024139, -0.041545, 0.053144, 0.009657, 0.01897, -0.095232, -0.162396, 0.02667, -0.027605, 0.073575, 0.120614, 0.206961, 0.007118, 0.017706, -0.093407, 0.188503, 0.334591, -0.076413, 0.107725, 0.02678, -0.002308, -0.007044, 0.011951, -0.000995, -0.002091, 0.137495, 0.289565, -0.065492, -0.064349, 0.055577, -0.021555, -0.114208, -0.014827, 0.008632, -0.010339], [-0.001441, -0.007252, -0.007521, 2.8e-05, 0.200102, 0.005083, 4.7e-05, 0.541822, 0.008641, 2.9e-05, -0.000733, -2e-05, 0.003534, -0.13379, 0.0, 0.0, -0.0, 0.0, 0.531899, 0.0, 0.0, 1.0, 0.0, 0.0, 0.0, 0.0, 0.0, 0.0, -0.063327, -0.325007, -0.344286, 0.128157, 0.047708, -0.136502, 0.223136, 0.276745, -0.237666, -0.039827, -0.015104, 0.054278, 0.075835, 0.016088, 0.007281, -0.060315, -0.152298, 0.006899, -0.022744, -0.036397, 0.036418, -0.098104, -0.192133, 0.01189, 0.003996, 0.006369, 0.011799, -0.021084, 0.03761, 0.192129, 0.202509, -0.085712, 0.142277, 0.095897, -0.148389, 0.441862, 0.166022, 0.031244, -0.059531, -0.043114, -0.063818, 0.066605, -0.013441, 0.093545, 0.181164, 0.005169, 0.003007, 0.059435, 0.020394, 0.060493, 0.234503, -0.010763, 0.000224, 0.004824, -0.036406, 0.002571, 0.045332, 0.227423, 0.235083, 0.112019, 0.137646, 0.092146, 0.189692, 0.436067, 0.156039, 0.047461, 0.062996, 0.045629, -0.064269, 0.05182, -0.005092, 0.042843, 0.094878, -0.033822, -0.00769, -0.01119, 0.144537, 0.069762, 0.047819, 0.022637, 0.007738, 0.011956, -0.007026, 0.00256, 0.119435, 0.205555, 0.009657, 0.007312, -0.093862, -0.08827, -0.150525, -0.027605, 0.030865, 0.068196, -0.044109, -0.075687, 0.017706, 0.049059, 0.034159, -0.159644, -0.283367, 0.107725, -0.040448, -0.02268, -0.037506, -0.114445, -0.000995, -0.004158, -0.033979, 0.090481, 0.190555, -0.064349, -0.010054, 0.036574, 0.010606, 0.056199, 0.008632, -0.001532, 0.005087], [0.110717, 0.557161, 0.577841, -0.002139, 0.005083, -0.190388, -0.003636, 0.008641, -0.121923, -0.002223, -2e-05, 0.000775, -0.003811, -0.001842, 0.0, 0.0, -0.0, 0.0, 0.0, 0.531899, 0.0, 0.0, 1.0, 0.0, 0.0, 0.0, 0.0, 0.0, -0.061727, -0.316795, -0.335587, 0.124918, -0.136502, 0.054696, 0.217498, -0.237666, 0.288911, -0.038821, 0.054278, -0.017883, -0.076878, 0.019541, 0.007766, -0.064337, -0.162452, 0.007359, -0.036397, -0.027446, 0.038846, -0.192133, -0.122923, 0.012683, 0.006369, 0.004819, -0.008245, -0.023835, -0.074617, -0.381172, -0.401766, 0.170047, 0.095897, 0.00036, 0.294394, 0.166022, 0.196168, -0.061986, -0.043114, 0.004272, -0.055226, 0.002409, 0.026111, -0.181727, -0.351942, -0.010041, 0.059435, -0.081861, -0.039619, 0.234503, -0.274357, 0.02091, 0.004824, -0.006665, 0.008479, 0.039448, -0.064722, -0.3247, -0.335637, -0.159934, 0.092146, 0.070625, -0.270831, 0.156039, 0.322575, -0.067762, 0.045629, 0.029809, -0.06446, -0.017174, 0.00473, -0.039796, -0.08813, 0.031417, -0.01119, -0.009342, -0.134256, 0.047819, 0.076825, -0.021027, 0.011956, 0.009504, -0.007111, -0.003385, 0.23461, 0.403779, 0.01897, -0.093862, -0.12928, 0.235262, 0.401185, 0.073575, 0.068196, -0.125307, 0.232693, 0.399275, -0.093407, 0.034159, -0.124668, -0.039687, -0.070443, 0.02678, -0.02268, 0.045147, -0.078813, -0.240492, -0.002091, -0.033979, -0.05939, -0.078147, -0.16458, 0.055577, 0.036574, 0.000704, -0.012704, -0.067311, -0.010339, 0.005087, -0.003378], [-0.010785, -0.088799, -0.03445, 0.001796, -0.001579, 0.121286, 0.001282, -2.9e-05, 0.002223, 0.092581, 4.5e-05, -0.003448, 0.090441, 0.002355, -0.0, 0.0, -0.0, -0.0, 0.0, 0.0, 0.0, 0.0, 0.0, 1.0, 0.0, 0.0, 0.0, 0.0, -0.000793, -0.008112, -0.003415, 0.074467, 0.025297, 0.024658, 0.086163, 0.039827, 0.038821, -0.107819, 0.056708, 0.055275, 0.001921, 0.075067, 0.0, -0.000301, -0.008881, 5.8e-05, -0.000216, -0.00023, 0.005804, -0.015882, -0.016941, 0.000263, 0.000119, 0.000127, 3e-05, -0.000471, 0.001442, 0.014018, 0.005789, 0.058197, -0.032082, 0.063649, 0.085348, -0.031244, 0.061986, -0.129364, -0.01279, 0.025375, -0.062313, -0.084213, 2.9e-05, -0.005367, -0.029404, -0.000774, 0.0031, -0.006022, -0.011, 0.028127, -0.054641, 0.005798, 0.001042, -0.002024, 0.005592, 0.007832, 0.005573, 0.044351, 0.016987, -0.032334, -0.067368, 0.096184, -0.082092, -0.047461, 0.067762, -0.144413, -0.024932, 0.035597, -0.046854, -0.128838, -1e-06, 0.002226, 0.02312, -0.001915, 0.000866, -0.000804, 0.040925, -0.026571, 0.024681, 0.001741, -0.001658, 0.00154, 4.9e-05, -0.00067, -0.012891, -0.025221, -0.002148, 0.006861, 0.013477, -0.008604, -0.01626, -0.006429, -0.003021, 0.00805, -0.005125, -0.009914, 0.005839, -0.000719, 0.003794, 0.008036, 0.017655, -0.004699, 0.008185, 0.002035, -0.000753, -0.012608, -1.1e-05, -0.00014, -0.000294, 0.003539, 0.014754, -0.001718, -0.002006, 0.001732, 3.4e-05, 0.004626, 3e-06, -2e-06, 3e-06], [-3e-06, -2.2e-05, -9e-06, -0.001553, 0.000653, 4.7e-05, -0.001742, 0.000733, 2e-05, 4.5e-05, 0.040314, 0.003371, 7.8e-05, -0.001417, 0.0, 0.0, 0.0, -0.0, -0.0, -0.0, 0.0, 0.0, 0.0, 0.0, 1.0, 0.0, 0.0, 0.0, -0.009132, -0.093466, -0.039351, 0.046593, -0.06185, -0.115223, -0.026394, 0.015104, -0.054278, 0.056708, 0.05017, 0.082534, 0.068935, -0.104077, 0.0, -0.000103, -0.003025, -2.3e-05, -7.3e-05, -8.7e-05, -0.006016, -0.005369, -0.007324, 0.000119, -4.3e-05, -5.1e-05, 3e-05, -0.000178, 0.006548, 0.063656, 0.026287, -0.046662, 0.018999, 0.094131, 0.007293, 0.059531, 0.043114, -0.01279, -0.009244, -0.092337, -0.113108, 0.016715, 4e-06, -0.000666, -0.003648, 0.000779, 0.000301, -0.000866, 0.020505, 0.001412, -0.009751, 0.001042, -0.000774, 0.002172, 0.001147, 0.00091, -0.01122, -0.089286, -0.034199, -0.085582, -0.008262, -0.111241, -0.000761, -0.062996, -0.045629, -0.024932, 0.004513, -0.135293, 0.117485, 0.005429, 1e-06, -0.001557, -0.016174, 0.001474, -0.000265, 0.000523, -0.037411, -0.00365, -0.014668, -0.001658, 0.000612, -0.001087, 0.000181, 0.000215, -0.001889, -0.003696, 0.001935, 0.00075, 0.002337, 0.005568, 0.010521, 0.001096, 0.000758, -0.006899, -0.003499, -0.006768, 0.001406, 0.001423, 0.004291, -0.019038, -0.041824, 0.016546, -0.013202, -0.003995, 3e-05, 0.000497, -2.3e-05, 5e-06, 1.3e-05, 0.006486, 0.027039, -0.004268, -0.002373, 0.002713, -4.1e-05, -0.00559, -5e-06, 2e-06, -3e-06], [0.000205, 0.001684, 0.000653, 0.119298, 4.7e-05, -0.002954, 0.133828, 2e-05, -0.000775, -0.003448, 0.003371, -0.21867, -0.003134, -0.0001, 0.0, 0.0, 0.0, -0.0, -0.0, -0.0, 0.0, 0.0, 0.0, 0.0, 0.0, 1.0, 0.0, 0.0, -0.008902, -0.091104, -0.038357, 0.045416, -0.115223, -0.055952, -0.025727, -0.054278, 0.017883, 0.055275, 0.082534, 0.045946, -0.075957, -0.097783, 0.0, -0.000109, -0.003227, -2.5e-05, -8.7e-05, -8.5e-05, -0.006417, -0.007324, -0.006316, 0.000127, -5.1e-05, -5e-05, -5e-06, -0.000192, -0.01299, -0.12629, -0.052153, 0.092575, 0.094131, -0.120305, -0.014468, 0.043114, -0.004272, 0.025375, -0.092337, 0.127404, 0.022669, 0.11611, -7e-06, 0.001294, 0.007087, -0.001513, -0.000866, 0.001538, -0.039834, -0.009751, 0.015336, -0.002024, 0.002172, -0.003875, -0.001419, -0.002346, 0.016019, 0.127477, 0.048827, 0.122189, -0.111241, 0.072647, 0.001087, -0.045629, -0.029809, 0.035597, -0.135293, 0.102916, 0.049372, -0.086706, -1e-06, 0.001446, 0.015024, -0.001369, 0.000523, -0.000187, 0.03475, -0.014668, -0.005817, 0.00154, -0.001087, 0.000451, 0.000225, -0.000171, -0.003711, -0.007261, 0.003801, 0.002337, 0.004151, -0.014839, -0.028042, -0.002921, -0.006899, 0.016556, 0.018457, 0.035703, -0.007419, 0.004291, -0.020398, -0.004733, -0.010397, 0.004113, -0.003995, 0.001874, 6.2e-05, 0.001045, -4.8e-05, 1.3e-05, 2.5e-05, -0.005602, -0.023354, 0.003686, 0.002713, -0.001575, 5e-05, 0.006695, 6e-06, -3e-06, 3e-06], [-0.018674, -0.153762, -0.059653, 0.001803, -0.005839, 0.209981, 0.000754, -0.003534, 0.003811, 0.090441, 7.8e-05, -0.003134, 0.196811, 0.01082, -0.0, -0.0, -0.0, 0.0, -0.0, 0.0, -0.0, 0.0, 0.0, 0.0, 0.0, 0.0, 1.0, 0.0, 0.000249, 0.002548, 0.001073, -0.002949, -0.058363, 0.063171, -0.001389, -0.075835, 0.076878, 0.001921, 0.068935, -0.075957, -0.123656, 0.004788, 0.0, -3.5e-05, -0.001031, 6e-06, -6.7e-05, 1.3e-05, 0.000473, -0.009744, 0.005402, 3e-05, 3e-05, -5e-06, -0.000169, -6.7e-05, -0.005421, -0.052699, -0.021763, 0.069652, 0.076751, -0.003588, 0.031902, 0.063818, 0.055226, -0.062313, -0.113108, 0.022669, -0.055607, 0.069666, 2.9e-05, -0.005467, -0.029951, -0.000618, 0.004514, -0.00545, -0.006962, 0.06256, -0.038571, 0.005592, 0.001147, -0.001419, 0.002203, 0.010793, -0.003356, -0.02671, -0.01023, -0.040455, 0.072958, 0.03761, -0.016594, 0.064269, 0.06446, -0.046854, 0.117485, 0.049372, -0.078982, 0.034098, -0.0, 3.8e-05, 0.000395, -3.9e-05, -9.2e-05, -0.000111, 0.001083, 0.006539, 0.006791, 4.9e-05, 0.000181, 0.000225, -0.000104, -1e-05, -0.013362, -0.026141, -0.0017, 0.010589, 0.012253, -0.015749, -0.029761, -0.007899, -0.009019, 0.014992, -0.017164, -0.033202, 0.01091, -0.004808, 0.016735, 0.007563, 0.016616, -0.007538, 0.003956, 0.002191, -0.000824, -0.013792, -1e-05, -0.000191, -0.000304, 0.000542, 0.00226, -0.000399, 0.000243, 0.000663, -4e-06, -0.000598, -1e-06, 1e-06, -0.0], [-0.000486, -0.004003, -0.001553, 4.7e-05, 0.119206, 0.007021, 2e-05, 0.13379, 0.001842, 0.002355, -0.001417, -0.0001, 0.01082, -0.218474, 0.0, 0.0, 0.0, -0.0, -0.0, -0.0, 0.0, 0.0, 0.0, 0.0, 0.0, 0.0, 0.0, 1.0, 0.009727, 0.099552, 0.041914, -0.115223, 0.065877, 0.06114, -0.054278, -0.016088, -0.019541, 0.075067, -0.104077, -0.097783, 0.004788, 0.063311, -0.0, 0.000541, 0.01596, -8.7e-05, 0.000387, 0.000418, -0.007324, 0.028328, 0.031237, -0.000471, -0.000178, -0.000192, -6.7e-05, 0.000861, -0.007326, -0.07122, -0.029411, 0.094131, -0.021256, -0.067845, 0.043114, -0.066605, -0.002409, -0.084213, 0.016715, 0.11611, 0.069666, -0.013006, 4.1e-05, -0.007657, -0.041951, -0.000866, 0.003466, -0.009104, -0.009751, 0.016236, -0.090772, 0.007832, 0.00091, -0.002346, 0.010793, 0.009614, -0.009229, -0.073446, -0.028131, -0.111241, -0.006796, -0.041856, -0.045629, -0.05182, 0.017174, -0.128838, 0.005429, -0.086706, 0.034098, 0.002379, 0.0, -0.000515, -0.005351, 0.000523, -8.8e-05, 6.7e-05, -0.014668, -0.001208, 0.002072, -0.00067, 0.000215, -0.000171, -1e-05, 3.2e-05, 0.018363, 0.035926, 0.002337, -0.007289, -0.020537, -0.013754, -0.025992, -0.006899, -0.001872, 0.015346, -0.00675, -0.013057, 0.004291, 0.002744, 0.00746, 0.004008, 0.008805, -0.003995, 0.00278, -0.001587, 0.001013, 0.01697, 1.3e-05, 0.000157, 0.000411, -0.003687, -0.015368, 0.002713, 0.001349, -0.001037, -2.4e-05, -0.003294, -3e-06, 1e-06, -1e-06], [0.0, 2.1e-05, 0.005481, 2e-06, -2e-06, -5e-06, 0.004299, -0.004643, -0.012294, -0.0, -0.0, -0.0, -0.0, 0.0, 0.0, 0.013594, 0.051048, 0.009509, -0.010391, -0.010129, 0.057953, -0.063327, -0.061727, -0.000793, -0.009132, -0.008902, 0.000249, 0.009727, 1.0, 0.325565, 0.151774, 0.0, -0.0, -0.0, 0.0, -0.0, -0.0, -0.0, 0.0, 0.0, -0.0, -0.0, -0.0, 0.004357, 0.046012, 0.001837, 0.00315, 0.003679, 0.039298, 0.067375, 0.078692, -0.003208, 0.003849, 0.004496, -0.001201, 0.007708, 0.0, 0.017743, 0.055943, -0.001756, -0.023412, 0.002692, -0.008365, -0.111501, 0.012821, -0.011799, 0.00306, -0.000352, 0.020127, -0.00469, 0.0, 1e-06, 0.001875, 0.0, -0.0, 0.0, 0.00257, -0.004823, 0.002508, -0.0, -0.0, 0.0, 0.0, -0.0, 0.0, 0.000122, 0.010066, 4.3e-05, -3.5e-05, -1e-06, 0.019701, -0.015893, -0.000392, 3e-06, -7e-06, -0.0, 3e-06, 0.0, 0.0, 0.0, 5e-05, 0.0, 0.0, 0.0, 7.7e-05, -4.3e-05, -4e-06, 0.0, 0.0, 0.0, 0.0, 0.0, 0.0, 0.000678, 0.0, 0.0, 0.0, 0.0, 0.001779, 0.0, -0.0, -0.0, 2e-06, 0.004626, -0.0, -0.