{"HF": -364.62027967593, "coordinates": [[-0.023849688, 1.539729988, 0.01453765], [1.298694041, 0.809098384, 0.027304299], [-0.004735633, 0.029060109, 0.0393616], [-0.059352619, -0.684467994, -1.3004914], [1.046844836, -1.728674084, -1.511538435], [2.329616054, -0.96101061, -1.523371155], [1.935027328, 0.509054284, -1.31893297], [0.796040632, 0.133860007, -2.304710557], [1.546182513, -1.127160623, -2.794368324], [-0.315342055, 2.040975922, 0.930820908], [-0.341513139, 2.056616951, -0.885967092], [1.925889987, 0.871128902, 0.909806693], [-0.343733077, -0.487134071, 0.930797178], [-1.040934883, -0.997286523, -1.659047122], [1.004851263, -2.802523414, -1.36926952], [3.297681056, -1.430400954, -1.390409837], [2.66962199, 1.223263964, -1.693362314], [0.375215553, 0.825858501, -3.029653511]], "elements": ["C", "C", "C", "C", "C", "C", "C", "C", "N", "H", "H", "H", "H", "H", "H", "H", "H", "H"], "Enn": 451.6314272666, "S": [[1.0, 0.325565, 0.151774, 0.0, -0.0, 0.0, 0.0, -0.0, 0.0, -0.0, -0.0, 0.0, -0.0, 0.0, 0.0, 0.015755, 0.053704, -0.000174, -0.018028, 0.009959, -0.000925, -0.095849, 0.052951, -0.010037, 0.000257, -0.000142, 0.009256, -0.014718, 0.0, 0.015755, 0.053704, -0.000338, -0.000261, 0.020592, -0.001799, -0.001385, 0.109483, -0.010031, 7e-06, -0.000571, -0.017378, -0.00044, 0.0, 4.8e-05, 0.007274, 9e-06, 0.0, 1.5e-05, 0.009348, 0.000252, 0.015811, -0.0, 0.0, 1e-06, -1e-06, 0.0, 0.0, 0.0, 0.000242, 0.0, -0.0, 0.0, 0.000209, -0.000147, 0.000447, 0.0, 0.0, 0.0, 0.0, 0.0, 0.0, 0.0, 0.000242, 0.0, -0.0, 0.0, 0.000211, -0.000322, 0.000342, 0.0, 0.0, 0.0, 0.0, 0.0, 0.0, 4.8e-05, 0.007274, 9e-06, -1.3e-05, 7e-06, 0.009479, -0.013925, 0.007327, -0.0, -1e-06, 1e-06, 1e-06, -1e-06, 0.0, 8e-06, 0.003936, 1e-06, -1e-06, 1e-06, 0.008081, -0.002857, 0.004898, 0.0, -0.0, 0.0, -0.0, -0.0, 0.0, 0.0, 3e-06, 0.0, 0.0, 0.0, 2e-06, -1e-06, 2e-06, 0.0, 0.0, 0.0, 0.0, 0.0, 0.051512, 0.087587, -0.072256, 0.022986, -0.039527, 0.051268, 0.087468, 0.070457, 0.024854, -0.040442, 0.000187, 0.016903, -6e-06, -1.4e-05, 5e-06, 0.000187, 0.016903, -6e-06, 2e-06, 1.4e-05, 0.0, 0.001842, 0.0, 0.0, 0.0, 0.0, 1.4e-05, 0.0, 0.0, 0.0, 0.0, 1.4e-05, 0.0, 0.0, 0.0, 0.0, 0.001842, 0.0, -0.0, 0.0, 0.0, 0.002124, 0.0, -0.0, 0.0], [0.325565, 1.0, 0.798485, 0.0, -0.0, -0.0, 0.0, -0.0, 0.0, 0.0, -0.0, 0.0, -0.0, -0.0, 0.015755, 0.19386, 0.356879, -0.001858, -0.192487, 0.106338, -0.004678, -0.484662, 0.267749, -0.087157, 0.002233, -0.001234, 0.080373, -0.12781, 0.015755, 0.19386, 0.356879, -0.003613, -0.002782, 0.219868, -0.009097, -0.007005, 0.553604, -0.087105, 6.3e-05, -0.00496, -0.150903, -0.003819, 4.8e-05, 0.008242, 0.075741, 0.004688, 0.000127, 0.00793, 0.084832, 0.00229, 0.143482, -0.000851, 9.2e-05, 0.00579, -0.004896, 0.000156, 0.0, 3.8e-05, 0.005413, 1.1e-05, -8e-06, 2.3e-05, 0.005118, -0.003591, 0.010961, -3e-06, -3e-06, 8e-06, -7e-06, -5e-06, 0.0, 3.8e-05, 0.005413, 1.1e-05, -1.7e-05, 1.8e-05, 0.005158, -0.007893, 0.008387, -3e-06, -6e-06, 6e-06, -1e-06, -9e-06, 4.8e-05, 0.008242, 0.075741, 0.004754, -0.006984, 0.003675, 0.086021, -0.126365, 0.066488, -0.000768, -0.005171, 0.002721, 0.002747, -0.003997, 8e-06, 0.003124, 0.047047, 0.002684, -0.000949, 0.001627, 0.087744, -0.031019, 0.053188, 0.001275, -0.001035, 0.001775, -0.000355, -0.000628, -0.0, 0.0, 0.000307, -0.0, 0.0, -0.0, 0.000427, -0.000238, 0.000405, 0.0, -0.0, 0.0, -0.0, -0.0, 0.373525, 0.524271, -0.308809, 0.09824, -0.168932, 0.372569, 0.523711, 0.302564, 0.106733, -0.173671, 0.018381, 0.143621, -0.007427, -0.016175, 0.005547, 0.018381, 0.14362, -0.007601, 0.002654, 0.016814, 0.000351, 0.025077, 9.4e-05, 5.7e-05, 0.000143, 0.0, 0.000527, 0.0, -0.0, 0.0, 0.0, 0.000527, 0.0, -0.0, 0.0, 0.000351, 0.025077, 9.6e-05, -0.000152, 1.8e-05, 0.000453, 0.028056, 0.000236, -3.1e-05, 5.5e-05], [0.151774, 0.798485, 1.0, -0.0, 0.0, -0.0, -0.0, 0.0, -0.0, -0.0, 0.0, 0.0, -0.0, 0.0, 0.053704, 0.356879, 0.586473, -0.001716, -0.177767, 0.098206, -0.004877, -0.505259, 0.279127, -0.034496, 0.000884, -0.000488, 0.031811, -0.050586, 0.053704, 0.356879, 0.586473, -0.003337, -0.002569, 0.203053, -0.009484, -0.007302, 0.57713, -0.034475, 2.5e-05, -0.001963, -0.059726, -0.001512, 0.007274, 0.075741, 0.209977, 0.032907, 0.000888, 0.055658, 0.166226, 0.004488, 0.281149, -0.003852, 0.000418, 0.026202, -0.022153, 0.000707, 0.000242, 0.005413, 0.03655, 0.002209, -0.00155, 0.00473, 0.029358, -0.020597, 0.062876, -0.000919, -0.000725, 0.002214, -0.002116, -0.001553, 0.000242, 0.005413, 0.03655, 0.002226, -0.003406, 0.003619, 0.029586, -0.045276, 0.048109, -0.000905, -0.001606, 0.001707, -0.000159, -0.002612, 0.007274, 0.075741, 0.209976, 0.033368, -0.049018, 0.025791, 0.168556, -0.24761, 0.130281, -0.003474, -0.0234, 0.012312, 0.012429, -0.018086, 0.003936, 0.047047, 0.153158, 0.034665, -0.012255, 0.021013, 0.208713, -0.073783, 0.126517, 0.012192, -0.009904, 0.016982, -0.003396, -0.006003, -4e-05, 0.000855, 0.007954, -0.00055, 0.000307, -0.000522, 0.010617, -0.005934, 0.01008, 0.000128, -0.000316, 0.000537, -0.000167, -0.0003, 0.457557, 0.766418, -0.157443, 0.050087, -0.086128, 0.457017, 0.765865, 0.154533, 0.054513, -0.088702, 0.109788, 0.319982, -0.032443, -0.070655, 0.024229, 0.109787, 0.319981, -0.033204, 0.011592, 0.07345, 0.016205, 0.098592, 0.007444, 0.004524, 0.011284, 0.000241, 0.007283, 5.9e-05, -4.4e-05, 0.000186, 0.000241, 0.007283, 6e-05, -0.000142, 0.000127, 0.016204, 0.098591, 0.007596, -0.01198, 0.001408, 0.018321, 0.106347, 0.015495, -0.002031, 0.003634], [0.0, 0.0, -0.0, 1.0, -0.0, 0.0, 0.531899, 0.0, 0.0, -0.0, 0.0, -0.0, 0.0, 0.0, 0.000174, 0.001858, 0.001716, 0.070904, -0.002514, 0.001389, 0.197032, -0.002889, 0.001596, -0.002695, -0.100684, 0.055622, 0.001449, -0.002305, 0.000338, 0.003613, 0.003337, 0.070837, -7.1e-05, 0.005583, 0.196955, -8.1e-05, 0.006418, -0.005238, -0.001454, 0.114879, -0.005292, -0.000134, -9e-06, -0.004688, -0.032907, -0.002054, -7.9e-05, -0.004919, -0.014521, -0.001185, -0.074256, 0.001218, -4.6e-05, -0.002888, 0.003251, -0.000104, -0.0, -1.1e-05, -0.002209, -2e-06, 2e-06, -5e-06, -0.001173, 0.001645, -0.005023, 1e-06, 0.0, -1e-06, 1e-06, 1e-06, -0.0, -1.1e-05, -0.002226, -2e-06, 4e-06, -4e-06, -0.00121, 0.003645, -0.003873, 1e-06, 1e-06, -1e-06, 0.0, 2e-06, -9e-06, -0.004754, -0.033368, -0.002136, 0.004393, -0.002311, -0.015761, 0.066315, -0.034892, 0.001179, 0.002639, -0.001389, -0.001849, 0.002691, -1e-06, -0.002684, -0.034665, -0.002165, 0.000846, -0.00145, -0.05974, 0.026918, -0.046157, -0.00089, 0.000844, -0.001448, 0.000315, 0.000556, 0.0, -0.0, -0.000207, 0.0, -0.0, 0.0, -0.000267, 0.000168, -0.000285, -0.0, 0.0, -0.0, 0.0, 0.0, 0.334761, 0.176027, -0.2315, 0.139881, -0.240538, -0.327909, -0.172796, -0.215533, -0.149184, 0.242745, 0.008577, 0.04244, -0.001799, -0.008438, 0.002893, 0.008778, 0.043435, -0.001982, 0.001417, 0.008977, -0.000159, -0.012097, -2.6e-05, -1.9e-05, -4.7e-05, -0.0, -0.000158, -0.0, 0.0, -0.0, -0.0, -0.000161, -0.0, 0.0, -0.0, -0.000163, -0.012345, -2.8e-05, 5.1e-05, -6e-06, -0.000389, -0.024829, -0.000146, 2e-05, -3.6e-05], [-0.0, -0.0, 0.0, -0.0, 1.0, -0.0, 0.0, 0.531899, 0.0, -0.0, -0.0, 0.0, 0.0, -0.0, 0.018028, 0.192487, 0.177767, -0.002514, -0.189498, 0.143871, -0.002889, -0.102274, 0.165365, -0.104675, 0.0032, -0.002305, 0.049431, -0.183135, 0.000261, 0.002782, 0.002569, -7.1e-05, 0.070875, 0.004299, -8.1e-05, 0.196998, 0.004941, -0.001511, -0.001889, -0.000134, -0.00553, 0.11495, -0.0, -0.000127, -0.000888, -7.9e-05, 0.000852, -0.000133, -0.001185, 0.02935, -0.002005, 6e-06, 0.000564, -0.000104, 0.000103, 0.000953, 0.0, 8e-06, 0.00155, 2e-06, -1e-06, 4e-06, 0.001645, 1.8e-05, 0.003524, -0.0, -0.0, 1e-06, -1e-06, -0.0, 0.0, 1.7e-05, 0.003406, 4e-06, -6e-06, 6e-06, 0.003645, -0.004406, 0.005927, -1e-06, -1e-06, 2e-06, -0.0, -2e-06, 1.3e-05, 0.006984, 0.049018, 0.004393, -0.005599, 0.003395, 0.066315, -0.068035, 0.051257, -0.000273, -0.004541, 0.002691, 0.001874, -0.00351, 1e-06, 0.000949, 0.012255, 0.000846, -7.2e-05, 0.000513, 0.026918, 0.006888, 0.016317, 0.000442, -0.000117, 0.000556, -0.000185, -7.1e-05, 0.0, 0.0, 0.000116, -0.0, 0.0, -0.0, 0.000168, -6e-05, 0.00016, 0.0, -0.0, 0.0, -0.0, -0.0, -0.106496, -0.055999, 0.139881, 0.163706, 0.076521, -0.115674, -0.060956, -0.149184, 0.154744, 0.085631, 0.01868, 0.092426, -0.008438, -0.0163, 0.006301, -0.003065, -0.015164, 0.001417, 0.001581, -0.003134, -9.7e-05, -0.007352, -1.9e-05, -7e-06, -2.9e-05, 0.0, 0.000118, 0.0, -0.0, 0.0, 0.0, 0.00038, 0.0, -0.0, 0.0, 0.000256, 0.019468, 5.1e-05, -7.6e-05, 1e-05, 5.1e-05, 0.003255, 2e-05, 4e-06, 5e-06], [0.0, -0.0, -0.0, 0.0, -0.0, 1.0, 0.0, 0.0, 0.531899, 0.0, 0.0, -0.0, 0.0, 0.0, -0.009959, -0.106338, -0.098206, 0.001389, 0.143871, -0.008552, 0.001596, 0.165365, 0.105705, 0.057827, -0.002305, 0.000301, -0.138597, 0.031188, -0.020592, -0.219868, -0.203053, 0.005583, 0.004299, -0.268857, 0.006418, 0.004941, -0.193489, 0.119455, -0.000134, 0.008694, 0.206972, 0.006695, -1.5e-05, -0.00793, -0.055658, -0.004919, -0.000133, -0.007466, -0.074256, -0.002005, -0.096213, 0.000404, -0.000104, -0.005937, 0.004542, -0.00016, -0.0, -2.3e-05, -0.00473, -5e-06, 4e-06, -1.1e-05, -0.005023, 0.003524, -0.009585, 1e-06, 1e-06, -3e-06, 2e-06, 2e-06, -0.0, -1.8e-05, -0.003619, -4e-06, 6e-06, -6e-06, -0.003873, 0.005927, -0.005126, 1e-06, 2e-06, -2e-06, -0.0, 2e-06, -7e-06, -0.003675, -0.025791, -0.002311, 0.003395, -0.000932, -0.034892, 0.051257, 0.002413, 0.000144, 0.002691, -0.000843, -0.001873, 0.001238, -1e-06, -0.001627, -0.021013, -0.00145, 0.000513, -0.000652, -0.046157, 0.016317, -0.011575, -0.000758, 0.000556, -0.000746, 6.5e-05, 0.000264, 0.0, -0.0, -0.000197, 0.0, -0.0, 0.0, -0.000285, 0.00016, -0.000237, -0.0, 0.0, -0.0, 0.0, 0.0, 0.183129, 0.096294, -0.240538, 0.076521, 0.076622, 0.188219, 0.099184, 0.242745, 0.085631, 0.068035, -0.006406, -0.031695, 0.002893, 0.006301, -8.5e-05, -0.019418, -0.096082, 0.008977, -0.003134, -0.017782, -0.000241, -0.018338, -4.7e-05, -2.9e-05, -6.7e-05, -0.0, -0.000497, -0.0, 0.0, -0.0, -0.0, -0.00034, -0.0, 0.0, -0.0, -3e-05, -0.002287, -6e-06, 1e-05, 4e-06, -9.1e-05, -0.005823, -3.6e-05, 5e-06, -1e-06], [0.0, 0.0, -0.0, 0.531899, 0.0, 0.0, 1.0, 0.0, 0.0, 0.0, -0.0, -0.0, -0.0, 0.0, 0.000925, 0.004678, 0.004877, 0.197032, -0.002889, 0.001596, 0.536589, -0.00494, 0.002729, -0.001971, -0.116142, 0.064162, 0.000624, -0.000992, 0.001799, 0.009097, 0.009484, 0.196955, -8.1e-05, 0.006418, 0.536456, -0.000139, 0.010973, -0.003832, -0.001678, 0.132608, -0.002278, -5.8e-05, -0.009348, -0.084832, -0.166226, -0.014521, -0.001185, -0.074256, 0.009246, -0.004123, -0.258271, 0.023914, -0.000243, -0.015243, 0.034971, -0.001117, -0.000209, -0.005118, -0.029358, -0.001173, 0.001645, -0.005023, -0.005686, 0.018774, -0.05731, 0.00178, 0.000464, -0.001415, 0.002547, 0.00187, -0.000211, -0.005158, -0.029586, -0.00121, 0.003645, -0.003873, -0.006103, 0.041588, -0.04419, 0.001777, 0.001049, -0.001115, 0.000192, 0.003169, -0.009479, -0.086021, -0.168556, -0.015761, 0.066315, -0.034892, 0.004933, 0.230651, -0.121359, 0.023643, 0.014454, -0.007605, -0.019896, 0.028952, -0.008081, -0.087744, -0.208713, -0.05974, 0.026918, -0.046157, -0.216637, 0.116207, -0.199261, -0.014517, 0.020372, -0.034931, 0.008766, 0.015494, 4.9e-05, -0.00125, -0.011893, 0.000763, -0.000494, 0.00084, -0.014214, 0.009895, -0.016807, -7.4e-05, 0.000496, -0.000843, 0.000302, 0.000544, 0.477381, 0.447758, 0.062223, 0.065831, -0.113203, -0.468531, -0.439706, 0.069187, -0.070403, 0.114557, 0.092673, 0.171236, 0.01215, -0.073, 0.025033, 0.094845, 0.17525, 0.010559, 0.012257, 0.077666, -0.020016, -0.090412, -0.006543, -0.006517, -0.016256, -0.000146, -0.004555, -1.6e-05, 2.7e-05, -0.000116, -0.000148, -0.004625, -1.7e-05, 9e-05, -8e-05, -0.020426, -0.092264, -0.006987, 0.017612, -0.002069, -0.041807, -0.178386, -0.036502, 0.005424, -0.009703], [-0.0, -0.0, 0.0, 0.0, 0.531899, 0.0, 0.0, 1.0, 0.0, 0.0, 0.0, 0.0, -0.0, -0.0, 0.095849, 0.484662, 0.505259, -0.002889, -0.102274, 0.165365, -0.00494, 0.02484, 0.282739, -0.003027, 0.000675, -0.000992, -0.051523, -0.038614, 0.001385, 0.007005, 0.007302, -8.1e-05, 0.196998, 0.004941, -0.000139, 0.53653, 0.008449, -4.3e-05, -0.00218, -5.8e-05, -0.003433, 0.132638, -0.000252, -0.00229, -0.004488, -0.001185, 0.02935, -0.002005, -0.004123, 0.161835, -0.006973, -7.7e-05, 0.015425, -0.001117, 0.001361, 0.02609, 0.000147, 0.003591, 0.020597, 0.001645, 1.8e-05, 0.003524, 0.018774, 0.007901, 0.040209, -0.00054, -2.9e-05, 0.00187, -0.002196, -6.2e-05, 0.000322, 0.007893, 0.045276, 0.003645, -0.004406, 0.005927, 0.041588, -0.042569, 0.067625, -0.00116, -0.002394, 0.003169, -0.001194, -0.003893, 0.013925, 0.126365, 0.24761, 0.066315, -0.068035, 0.051257, 0.230651, -0.176883, 0.178277, 0.005113, -0.039366, 0.028952, 0.006223, -0.030427, 0.002857, 0.031019, 0.073783, 0.026918, 0.006888, 0.016317, 0.116207, 0.071, 0.070442, 0.01412, 0.005643, 0.015494, -0.008288, 0.003421, -2.8e-05, 0.000699, 0.006647, -0.000494, 0.000155, -0.000469, 0.009895, -0.002042, 0.009394, 0.000174, -0.000183, 0.000544, -0.000245, -0.000174, -0.151867, -0.142443, 0.065831, 0.248216, 0.036013, -0.16528, -0.155112, -0.070403, 0.243929, 0.040411, 0.201825, 0.372923, -0.073, -0.113312, 0.054518, -0.033112, -0.061183, 0.012257, 0.04139, -0.027115, -0.012164, -0.054946, -0.006517, 0.00022, -0.009879, 0.000109, 0.003386, 2.7e-05, 1e-06, 8.6e-05, 0.000351, 0.010934, 9e-05, -0.000192, 0.00019, 0.032213, 0.145507, 0.017612, -0.023595, 0.003263, 0.00548, 0.023385, 0.005424, 0.004165, 0.001272], [0.0, 0.0, -0.0, 0.0, 0.0, 0.531899, 0.0, 0.0, 1.0, 0.0, 0.0, 0.0, 0.0, -0.0, -0.052951, -0.267749, -0.279127, 0.001596, 0.165365, 0.105705, 0.002729, 0.282739, 0.380439, 0.001672, -0.000992, -0.000573, -0.099879, -0.059376, -0.109483, -0.553604, -0.57713, 0.006418, 0.004941, -0.193489, 0.010973, 0.008449, -0.131118, 0.003409, -5.8e-05, 0.002376, 0.005936, 0.00183, -0.015811, -0.143482, -0.281149, -0.074256, -0.002005, -0.096213, -0.258271, -0.006973, -0.274886, -0.004794, -0.001117, -0.054517, 0.033029, -0.001472, -0.000447, -0.010961, -0.062876, -0.005023, 0.003524, -0.009585, -0.05731, 0.040209, -0.101668, 0.001647, 0.00187, -0.005124, 0.004206, 0.003595, -0.000342, -0.008387, -0.048109, -0.003873, 0.005927, -0.005126, -0.04419, 0.067625, -0.050783, 0.001233, 0.003169, -0.002779, -0.000643, 0.004253, -0.007327, -0.066488, -0.130281, -0.034892, 0.051257, 0.002413, -0.121359, 0.178277, 0.068144, -0.00269, 0.028952, 0.000426, -0.027482, -0.000626, -0.004898, -0.053188, -0.126517, -0.046157, 0.016317, -0.011575, -0.199261, 0.070442, -0.008706, -0.024212, 0.015494, -0.011889, -0.003584, 0.004203, 4.7e-05, -0.001187, -0.011291, 0.00084, -0.000469, 0.000675, -0.016807, 0.009394, -0.012469, -0.000296, 0.000544, -0.000787, 0.000156, 0.00044, 0.261148, 0.244943, -0.113203, 0.036013, 0.207232, 0.268936, 0.25239, 0.114557, 0.040411, 0.203009, -0.069209, -0.127882, 0.025033, 0.054518, 0.026974, -0.209807, -0.387673, 0.077666, -0.027115, -0.126137, -0.030342, -0.137057, -0.016256, -0.009879, -0.020462, -0.000458, -0.014293, -0.000116, 8.6e-05, -0.000342, -0.000313, -0.009777, -8e-05, 0.00019, -0.000149, -0.003785, -0.017096, -0.002069, 0.003263, 0.003797, -0.009804, -0.041832, -0.009703, 0.001272, 0.002601], [-0.0, 0.0, -0.0, -0.0, -0.0, 0.0, 0.0, 0.0, 0.0, 1.0, 0.0, 0.0, 0.0, 0.0, -0.010037, -0.087157, -0.034496, 0.002695, 0.104675, -0.057827, 0.001971, 0.003027, -0.001672, 0.090832, -0.004549, 0.002513, -0.048439, 0.077029, -0.010031, -0.087105, -0.034475, 0.005238, 0.001511, -0.119455, 0.003832, 4.3e-05, -0.003409, 0.090621, -0.000128, 0.010099, 0.090806, 0.002298, -0.0, -0.000851, -0.003852, -0.001218, -6e-06, -0.000404, -0.023914, 7.7e-05, 0.004794, -0.000633, -1.7e-05, -0.001087, 3.8e-05, -1e-06, 0.0, -3e-06, -0.000919, -1e-06, 0.0, -1e-06, -0.00178, 0.00054, -0.001647, 0.0, 0.0, -0.0, 0.0, 0.0, 0.0, -3e-06, -0.000905, -1e-06, 1e-06, -1e-06, -0.001777, 0.00116, -0.001233, 0.0, 0.0, -0.0, 0.0, 0.0, -0.0, -0.000768, -0.003474, -0.001179, 0.000273, -0.000144, -0.023643, -0.005113, 0.00269, -0.000663, 0.000906, -0.000477, 1.3e-05, -2e-05, 0.0, 0.001275, 0.012192, 0.00089, -0.000442, 0.000758, 0.014517, -0.01412, 0.024212, 0.000238, -0.000348, 0.000596, -0.000153, -0.00027, 0.0, 0.0, 3.9e-05, -0.0, 0.0, -0.0, 2.8e-05, -4.2e-05, 7.1e-05, -0.0, -0.0, 0.0, -0.0, -0.0, 0.173471, 0.027722, 0.013624, 0.154784, -0.266165, 0.161287, 0.02585, -0.034111, 0.160581, -0.26129, -0.004946, -0.012632, 0.003718, 0.003894, -0.001335, -0.004732, -0.012087, 0.003698, -0.000601, -0.003811, -1.7e-05, -0.001241, -3e-06, -1e-06, -2e-06, -0.0, -0.000135, 0.0, 0.0, 0.0, -0.0, -0.000134, 0.0, 0.0, 0.0, -1.4e-05, -0.00101, -3e-06, 1e-06, -0.0, 0.000227, 0.013462, 4.8e-05, -7e-06, 1.3e-05], [-0.0, -0.0, 0.0, 0.0, -0.0, 0.0, -0.0, 0.0, 0.0, 0.0, 1.0, 0.0, 0.0, 0.0, 0.000257, 0.002233, 0.000884, 0.100684, -0.0032, 0.002305, 0.116142, -0.000675, 0.000992, -0.004549, -0.153175, 0.105792, 0.001361, -0.004084, 7e-06, 6.3e-05, 2.5e-05, 0.001454, 0.001889, 0.000134, 0.001678, 0.00218, 5.8e-05, -0.000128, 0.038233, 0.003157, -0.000221, 0.004103, 0.0, 9.2e-05, 0.000418, 4.6e-05, -0.000564, 0.000104, 0.000243, -0.015425, 0.001117, -1.7e-05, -0.000283, 6.4e-05, -7.7e-05, -0.0006, 0.0, -3e-06, -0.000725, -0.0, 0.0, -1e-06, -0.000464, 2.9e-05, -0.00187, 0.0, 0.0, -0.0, 0.0, 0.0, 0.0, -6e-06, -0.001606, -1e-06, 1e-06, -2e-06, -0.001049, 0.002394, -0.003169, 0.0, 0.0, -0.0, 0.0, 0.0, -1e-06, -0.005171, -0.0234, -0.002639, 0.004541, -0.002691, -0.014454, 0.039366, -0.028952, 0.000906, 0.002927, -0.001695, -0.001593, 0.002817, -0.0, -0.001035, -0.009904, -0.000844, 0.000117, -0.000556, -0.020372, -0.005643, -0.015494, -0.000348, 0.000138, -0.000495, 0.000163, 9e-05, 0.0, -0.0, -9.6e-05, 0.0, -0.0, 0.0, -0.000131, 5.5e-05, -0.000139, -0.0, 0.0, -0.0, 0.0, 0.0, -0.119514, -0.0191, 0.12848, 0.218679, 0.120539, 0.127479, 0.020431, 0.131215, -0.201067, -0.132521, 0.011304, 0.028872, -0.003131, -0.010989, 0.004151, -0.001898, -0.004848, 0.000557, 0.000807, -0.002113, 5.3e-05, 0.003914, 5e-06, 2e-06, 9e-06, -0.0, -4.2e-05, 0.0, 0.0, 0.0, -0.0, -0.000136, 0.0, 0.0, 0.0, -0.000144, -0.010577, -1.4e-05, 2.4e-05, -3e-06, -5.3e-05, -0.003171, -1.2e-05, -2e-06, -3e-06], [0.0, 0.0, 0.0, -0.0, 0.0, -0.0, -0.0, 0.0, 0.0, 0.0, 0.0, 1.0, 0.0, 0.0, -0.000142, -0.001234, -0.000488, -0.055622, 0.002305, -0.000301, -0.064162, 0.000992, 0.000573, 0.002513, 0.105792, -0.020121, -0.002795, 0.000971, -0.000571, -0.00496, -0.001963, -0.114879, 0.000134, -0.008694, -0.132608, 5.8e-05, -0.002376, 0.010099, 0.003157, -0.211255, 0.00928, 0.000287, 1e-06, 0.00579, 0.026202, 0.002888, 0.000104, 0.005937, 0.015243, 0.001117, 0.054517, -0.001087, 6.4e-05, 0.003727, -0.00365, 0.000126, 0.0, 8e-06, 0.002214, 1e-06, -1e-06, 3e-06, 0.001415, -0.00187, 0.005124, -0.0, -0.0, 0.0, -0.0, -0.0, 0.0, 6e-06, 0.001707, 1e-06, -2e-06, 2e-06, 0.001115, -0.003169, 0.002779, -0.0, -0.0, 0.0, -0.0, -0.0, 1e-06, 0.002721, 0.012312, 0.001389, -0.002691, 0.000843, 0.007605, -0.028952, -0.000426, -0.000477, -0.001695, 0.000598, 0.001404, -0.001094, 0.0, 0.001775, 0.016982, 0.001448, -0.000556, 0.000746, 0.034931, -0.015494, 0.011889, 0.000596, -0.000495, 0.000699, -8.4e-05, -0.000264, 0.0, 0.0, 0.000164, -0.0, 0.0, -0.0, 0.000223, -0.000139, 0.000209, 0.0, -0.0, 0.0, -0.0, -0.0, 0.205515, 0.032843, -0.220933, 0.120539, 0.0815, -0.207427, -0.033245, -0.213507, -0.132521, -0.066878, -0.003876, -0.009901, 0.001074, 0.004151, -0.000309, -0.012026, -0.030718, 0.003528, -0.002113, -0.012246, 0.000133, 0.009762, 1.3e-05, 9e-06, 2.1e-05, 0.0, 0.000175, 0.0, 0.0, 0.0, 0.0, 0.000122, 0.0, 0.0, 0.0, 1.7e-05, 0.001243, 2e-06, -3e-06, -1e-06, 9.6e-05, 0.005673, 2.1e-05, -3e-06, 2e-06], [-0.0, -0.0, -0.0, 0.0, 0.0, 0.0, -0.0, -0.0, 0.0, 0.0, 0.0, 0.0, 1.0, 0.0, 0.009256, 0.080373, 0.031811, -0.001449, -0.049431, 0.138597, -0.000624, 0.051523, 0.099879, -0.048439, 0.001361, -0.002795, -0.096175, -0.183736, -0.017378, -0.150903, -0.059726, 0.005292, 0.00553, -0.206972, 0.002278, 0.003433, -0.005936, 0.090806, -0.000221, 0.00928, 0.195631, 0.010309, -1e-06, -0.004896, -0.022153, -0.003251, -0.000103, -0.004542, -0.034971, -0.001361, -0.033029, 3.8e-05, -7.7e-05, -0.00365, 0.002649, -0.000115, 0.0, -7e-06, -0.002116, -1e-06, 1e-06, -2e-06, -0.002547, 0.002196, -0.004206, 0.0, 0.0, -0.0, 0.0, 0.0, 0.0, -1e-06, -0.000159, -0.0, 0.0, 0.0, -0.000192, 0.001194, 0.000643, 0.0, 0.0, -0.0, -0.0, 0.0, 1e-06, 0.002747, 0.012429, 0.001849, -0.001874, 0.001873, 0.019896, -0.006223, 0.027482, 1.3e-05, -0.001593, 0.001404, 0.000195, -0.001647, -0.0, -0.000355, -0.003396, -0.000315, 0.000185, -6.5e-05, -0.008766, 0.008288, 0.003584, -0.000153, 0.000163, -8.4e-05, -3.2e-05, 6.4e-05, 0.0, -0.0, -5.1e-05, 0.0, -0.0, 0.0, -7.7e-05, 5.8e-05, -4.8e-05, -0.0, 0.0, -0.0, 0.0, 0.0, -0.037203, -0.005945, 0.06859, -0.113687, -0.120452, -0.037046, -0.005938, -0.067094, -0.123327, -0.123648, 0.010862, 0.027742, -0.00534, -0.009203, 0.00482, -0.01297, -0.03313, 0.006527, -0.002677, -0.011914, -8.4e-05, -0.00621, -9e-06, -6e-06, -1.2e-05, -0.0, -0.00026, 0.0, 0.0, 0.0, 0.0, 3.2e-05, 0.0, 0.0, 0.0, 0.000112, 0.008225, 1.3e-05, -1.8e-05, 3e-06, -8e-06, -0.000457, -2e-06, 1e-06, 0.0], [0.0, -0.0, 0.0, 0.0, -0.0, 0.0, 0.0, -0.0, -0.0, 0.0, 0.0, 0.0, 0.0, 1.0, -0.014718, -0.12781, -0.050586, 0.002305, 0.183135, -0.031188, 0.000992, 0.038614, 0.059376, 0.077029, -0.004084, 0.000971, -0.183736, 0.080462, -0.00044, -0.003819, -0.001512, 0.000134, -0.11495, -0.006695, 5.8e-05, -0.132638, -0.00183, 0.002298, 0.004103, 0.000287, 0.010309, -0.211407, 0.0, 0.000156, 0.000707, 0.000104, -0.000953, 0.00016, 0.001117, -0.02609, 0.001472, -1e-06, -0.0006, 0.000126, -0.000115, -0.000943, 0.0, -5e-06, -0.001553, -1e-06, 0.0, -2e-06, -0.00187, 6.2e-05, -0.003595, 0.0, 0.0, -0.0, 0.0, 0.0, 0.0, -9e-06, -0.002612, -2e-06, 2e-06, -2e-06, -0.003169, 0.003893, -0.004253, 0.0, 0.0, -0.0, 0.0, 0.0, -1e-06, -0.003997, -0.018086, -0.002691, 0.00351, -0.001238, -0.028952, 0.030427, 0.000626, -2e-05, 0.002817, -0.001094, -0.001647, 0.00146, -0.0, -0.000628, -0.006003, -0.000556, 7.1e-05, -0.000264, -0.015494, -0.003421, -0.004203, -0.00027, 9e-05, -0.000264, 6.4e-05, 4.5e-05, 0.0, -0.0, -9.2e-05, 0.0, -0.0, 0.0, -0.000139, 5.2e-05, -0.000117, -0.0, 0.0, -0.0, 0.0, 0.0, -0.065379, -0.010448, 0.120539, 0.119627, -0.025927, -0.073172, -0.011727, -0.132521, 0.115412, -0.023592, -0.008442, -0.021562, 0.004151, 0.008207, -0.000673, 0.004199, 0.010724, -0.002113, -0.001786, 0.004275, 8.1e-05, 0.005933, 9e-06, 4e-06, 1.3e-05, -0.0, -0.00013, 0.0, 0.0, 0.0, -0.0, -0.000288, 0.0, 0.0, 0.0, -2.7e-05, -0.00196, -3e-06, 4e-06, 1e-06, -1.3e-05, -0.000744, -3e-06, -0.0, -0.0], [0.0, 0.015755, 0.053704, 0.000174, 0.018028, -0.009959, 0.000925, 0.095849, -0.052951, -0.010037, 0.000257, -0.000142, 0.009256, -0.014718, 1.0, 0.325565, 0.151774, 0.0, -0.0, -0.0, 0.0, 0.0, -0.0, -0.0, 0.0, 0.0, -0.0, 0.0, 0.0, 0.015254, 0.053111, -0.000157, 0.017022, 0.010187, -0.000863, 0.093252, 0.055807, -0.00956, -0.000226, -0.000135, 0.007826, 0.014594, 0.0, 0.000144, 0.010657, 3.7e-05, 3.8e-05, 4.2e-05, 0.014707, 0.015042, 0.016543, -0.0, 5e-06, 6e-06, -1e-06, 6e-06, 0.0, 3e-06, 0.002681, 0.0, 0.0, 0.0, 0.003433, 0.000562, 0.005662, -0.0, 0.0, 0.0, -0.0, 0.0, 0.0, 5.3e-05, 0.007533, 1.2e-05, -8e-06, 1.3e-05, 0.01148, -0.007632, 0.013105, 0.0, -1e-06, 1e-06, -1e-06, -1e-06, 0.0, 0.015259, 0.053116, 0.017589, -0.008314, 0.00392, 0.096326, -0.045531, 0.021469, 0.012976, -0.012303, 0.005801, 0.002261, -0.002742, 0.0, 9.6e-05, 0.00926, 3.8e-05, 8e-06, 1.1e-05, 0.021942, 0.004729, 0.006353, 4e-06, 2e-06, 2e-06, -0.0, 0.0, 0.0, 0.0, 9.9e-05, 0.0, 0.0, 0.0, 0.000154, -1.4e-05, 0.000106, 0.0, 0.0, 0.0, 0.0, 0.0, 0.00022, 0.017719, -8e-06, 1.5e-05, -1.1e-05, 0.000179, 0.016685, 6e-06, 1.1e-05, -8e-06, 0.051494, 0.087578, -0.069551, -0.04943, -0.004889, 0.000152, 0.0159, -5e-06, 8e-06, 6e-06, 0.0, 0.001057, 0.0, 0.0, 0.0, 0.0, 0.000239, 0.0, 0.0, 0.0, 0.0, 0.00134, 0.0, -0.0, 0.0, 0.000198, 0.01718, 1.3e-05, -1.1e-05, -3e-06, 0.0, 0.0019, 0.0, 0.0, -0.0], [0.015755, 0.19386, 0.356879, 0.001858, 0.192487, -0.106338, 0.004678, 0.484662, -0.267749, -0.087157, 0.002233, -0.001234, 0.080373, -0.12781, 0.325565, 1.0, 0.798485, 0.0, 0.0, -0.0, 0.0, 0.0, 0.0, 0.0, 0.0, 0.0, -0.0, 0.0, 0.015254, 0.190487, 0.353817, -0.001718, 0.185766, 0.111172, -0.004376, 0.473068, 0.283108, -0.086058, -0.002031, -0.001215, 0.070453, 0.131376, 0.000144, 0.015068, 0.101845, 0.00955, 0.009768, 0.010742, 0.119366, 0.122085, 0.134268, -0.0007, 0.007967, 0.008762, -0.000854, 0.008961, 3e-06, 0.001703, 0.034931, 0.000882, 0.000144, 0.001455, 0.041701, 0.006825, 0.068772, -0.000124, 9.4e-05, 0.000949, -0.000775, 0.000155, 5.3e-05, 0.008711, 0.077825, 0.005895, -0.003919, 0.00673, 0.103122, -0.068558, 0.117715, 0.000377, -0.003406, 0.005849, -0.002206, -0.003888, 0.015259, 0.190519, 0.353846, 0.191905, -0.090709, 0.042771, 0.48865, -0.230973, 0.108908, 0.11677, -0.110718, 0.052206, 0.020349, -0.024676, 9.6e-05, 0.012069, 0.091334, 0.012954, 0.002792, 0.003751, 0.185551, 0.039995, 0.053727, 0.009652, 0.003855, 0.005178, -0.000334, 0.001116, -0.0, 4.2e-05, 0.004142, -2.9e-05, 3e-06, -2e-05, 0.007703, -0.000676, 0.005286, 2e-05, -4e-06, 3.2e-05, -1.1e-05, -3e-06, 0.020007, 0.149051, -0.008335, 0.014889, -0.011364, 0.017956, 0.142158, 0.007358, 0.013214, -0.01005, 0.373453, 0.524229, -0.297355, -0.211331, -0.020901, 0.016467, 0.136869, -0.006531, 0.011872, 0.009369, 0.000131, 0.016192, 2.7e-05, 3.8e-05, 2.9e-05, 9e-06, 0.005027, 1e-06, 0.0, 2e-06, 0.0002, 0.019521, 3.9e-05, -5.5e-05, 6.2e-05, 0.018927, 0.145473, 0.014807, -0.011798, -0.003564, 0.000371, 0.025703, 0.000185, 5.6e-05, -1e-06], [0.053704, 0.356879, 0.586473, 0.001716, 0.177767, -0.098206, 0.004877, 0.505259, -0.279127, -0.034496, 0.000884, -0.000488, 0.031811, -0.050586, 0.151774, 0.798485, 1.0, -0.0, 0.0, -0.0, -0.0, 0.0, -0.0, -0.0, 0.0, 0.0, -0.0, 0.0, 0.053111, 0.353817, 0.583134, -0.001606, 0.173565, 0.10387, -0.004578, 0.494905, 0.296176, -0.034525, -0.000815, -0.000488, 0.028265, 0.052706, 0.010657, 0.101845, 0.255501, 0.04579, 0.046833, 0.051507, 0.207329, 0.212053, 0.233213, -0.001989, 0.022633, 0.024891, -0.002425, 0.025459, 0.002681, 0.034931, 0.125734, 0.016668, 0.002728, 0.027489, 0.111977, 0.018326, 0.184665, -0.001893, 0.001438, 0.01449, -0.01183, 0.002371, 0.007533, 0.077825, 0.213787, 0.039961, -0.026567, 0.045616, 0.199845, -0.132861, 0.228125, 0.001635, -0.01477, 0.025361, -0.009565, -0.016861, 0.053116, 0.353846, 0.583165, 0.179281, -0.084742, 0.039958, 0.511189, -0.241626, 0.113932, 0.04684, -0.044412, 0.020941, 0.008163, -0.009898, 0.00926, 0.091334, 0.237708, 0.07147, 0.015405, 0.020694, 0.336902, 0.072617, 0.097551, 0.032543, 0.012996, 0.017458, -0.001127, 0.003763, -0.000544, 0.007537, 0.038165, -0.005522, 0.000484, -0.003789, 0.056528, -0.004958, 0.03879, 0.002639, -0.000527, 0.004123, -0.001391, -0.000362, 0.114361, 0.328094, -0.034236, 0.061158, -0.046678, 0.108559, 0.317781, 0.032691, 0.058712, -0.044655, 0.457516, 0.766376, -0.151624, -0.10776, -0.010658, 0.104128, 0.309756, -0.0309, 0.056172, 0.044332, 0.010046, 0.073398, 0.004433, 0.006151, 0.004749, 0.002804, 0.033343, 0.0009, 0.000189, 0.002327, 0.012323, 0.083265, 0.004666, -0.00658, 0.007371, 0.111346, 0.322761, 0.063322, -0.050451, -0.015242, 0.016647, 0.100245, 0.014005, 0.004231, -7.7e-05], [-0.000174, -0.001858, -0.001716, 0.070904, -0.002514, 0.001389, 0.197032, -0.002889, 0.001596, 0.002695, 0.100684, -0.055622, -0.001449, 0.002305, 0.0, 0.0, -0.0, 1.0, 0.0, 0.0, 0.531899, 0.0, 0.0, -0.0, 0.0, -0.0, 0.0, -0.0, 0.000157, 0.001718, 0.001606, 0.069113, 0.002279, 0.001364, 0.194956, 0.002661, 0.001593, -0.002484, 0.096306, 0.057634, 0.001191, 0.002221, -3.7e-05, -0.00955, -0.04579, -0.00486, -0.00697, -0.007665, -0.022159, -0.065861, -0.072433, 0.002309, -0.004813, -0.005293, 0.000682, -0.007158, -0.0, -0.000882, -0.016668, -0.000361, -7.5e-05, -0.000758, -0.011877, -0.003809, -0.038384, 0.000121, -3.8e-05, -0.000384, 0.000383, -7.7e-05, -1.2e-05, -0.005895, -0.039961, -0.003442, 0.002901, -0.004981, -0.03274, 0.041961, -0.072047, 0.000542, 0.002225, -0.003821, 0.001755, 0.003093, -0.017589, -0.191905, -0.179281, -0.1937, 0.124243, -0.058583, -0.111903, 0.145066, -0.068402, -0.105451, 0.161912, -0.076345, -0.038405, 0.046572, -3.8e-05, -0.012954, -0.07147, -0.014027, -0.003334, -0.004479, -0.136793, -0.037451, -0.050309, -0.010546, -0.004668, -0.006271, 0.00044, -0.001468, 0.0, -2.1e-05, -0.003628, 1.1e-05, -1e-06, 8e-06, -0.006651, 0.000657, -0.005137, -7e-06, 1e-06, -1.2e-05, 4e-06, 1e-06, 0.009562, 0.044581, -0.00213, 0.008025, -0.006125, -0.008513, -0.042817, -0.001887, -0.006987, 0.005314, 0.322338, 0.169523, -0.199609, -0.28979, -0.028661, 0.007609, 0.040661, -0.00158, 0.006063, 0.004785, -5.1e-05, -0.007614, -6e-06, -1e-05, -7e-06, -2e-06, -0.001794, -0.0, -0.0, -0.0, -7e-05, -0.007827, -7e-06, 1.3e-05, -1.5e-05, -0.017061, -0.082704, -0.012796, 0.011924, 0.003602, -0.00031, -0.02269, -0.000109, -3.4e-05, 1e-06], [-0.018028, -0.192487, -0.177767, -0.002514, -0.189498, 0.143871, -0.002889, -0.102274, 0.165365, 0.104675, -0.0032, 0.002305, -0.049431, 0.183135, -0.0, 0.0, 0.0, 0.0, 1.0, 0.0, 0.0, 0.531899, 0.0, -0.0, -0.0, -0.0, 0.0, -0.0, -0.017022, -0.185766, -0.173565, 0.002279, -0.177204, -0.147421, 0.002661, -0.092686, -0.172155, 0.10162, 0.002819, 0.002221, -0.032389, -0.182392, -3.8e-05, -0.009768, -0.046833, -0.00697, -0.005174, -0.00784, -0.065861, -0.025127, -0.074084, -0.000323, -0.004992, -0.007158, 0.002248, -0.005616, -0.0, -0.000144, -0.002728, -7.5e-05, 8.7e-05, -0.000124, -0.003809, 0.010775, -0.006282, 5e-06, 4.4e-05, -7.7e-05, 7.1e-05, 7.3e-05, 8e-06, 0.003919, 0.026567, 0.002901, -0.001007, 0.003311, 0.041961, 0.002479, 0.047898, 0.000479, -0.001073, 0.003093, -0.001651, -0.001224, 0.008314, 0.090709, 0.084742, 0.124243, 0.010424, 0.027691, 0.145066, 0.126432, 0.032332, 0.131331, 0.000763, 0.046572, -0.028894, 0.00017, -8e-06, -0.002792, -0.015405, -0.003334, 0.000722, -0.000965, -0.037451, 0.028884, -0.010844, -0.002967, 0.000766, -0.001468, 0.000495, 0.000222, -0.0, 2e-06, 0.000318, -1e-06, -1e-06, -1e-06, 0.000657, 0.000777, 0.000451, 1e-06, 1e-06, 1e-06, -0.0, 1e-06, -0.017082, -0.07964, 0.008025, -0.011973, 0.010941, -0.015289, -0.076899, -0.006987, -0.010545, 0.009544, 0.229086, 0.12048, -0.28979, 0.002189, -0.020369, -0.013832, -0.073916, 0.006063, -0.009267, -0.008699, -7.1e-05, -0.010563, -1e-05, -1.2e-05, -1e-05, -0.0, -0.000377, -0.0, 0.0, -0.0, 9.9e-05, 0.011036, 1.3e-05, -1.7e-05, 2.1e-05, 0.013593, 0.065893, 0.011924, -0.00733, -0.00287, -9.4e-05, -0.006854, -3.4e-05, -5e-06, 0.0], [0.009959, 0.106338, 0.098206, 0.001389, 0.143871, -0.008552, 0.001596, 0.165365, 0.105705, -0.057827, 0.002305, -0.000301, 0.138597, -0.031188, -0.0, -0.0, -0.0, 0.0, 0.0, 1.0, 0.0, 0.0, 0.531899, 0.0, -0.0, -0.0, 0.0, 0.0, -0.010187, -0.111172, -0.10387, 0.001364, -0.147421, -0.01909, 0.001593, -0.172155, 0.091955, 0.060814, 0.002221, 0.000438, -0.134693, -0.047316, -4.2e-05, -0.010742, -0.051507, -0.007665, -0.00784, -0.006667, -0.072433, -0.074084, -0.039241, -0.000355, -0.007158, -0.006356, -0.000938, -0.006501, -0.0, -0.001455, -0.027489, -0.000758, -0.000124, -0.001151, -0.038384, -0.006282, -0.051902, 5.2e-05, -7.7e-05, -0.000722, 0.000546, -0.000118, -1.3e-05, -0.00673, -0.045616, -0.004981, 0.003311, -0.004765, -0.072047, 0.047898, -0.051867, -0.000823, 0.003093, -0.004582, 0.001171, 0.003047, -0.00392, -0.042771, -0.039958, -0.058583, 0.027691, 0.056094, -0.068402, 0.032332, 0.179756, -0.061925, 0.046572, 0.077573, -0.030743, -0.036667, -1.1e-05, -0.003751, -0.020694, -0.004479, -0.000965, 0.000144, -0.050309, -0.010844, 0.022389, -0.003986, -0.001468, -0.000113, -0.000411, -2.4e-05, 0.0, -1.4e-05, -0.002489, 8e-06, -1e-06, 5e-06, -0.005137, 0.000451, -0.00269, -6e-06, 1e-06, -8e-06, 2e-06, 1e-06, 0.013037, 0.060783, -0.006125, 0.010941, -0.005988, 0.011629, 0.058488, 0.005314, 0.009544, -0.005256, 0.022657, 0.011916, -0.028661, -0.020369, 0.206128, -0.010916, -0.058336, 0.004785, -0.008699, -0.00511, -5.5e-05, -0.008156, -7e-06, -1e-05, -7e-06, -5e-06, -0.004639, -0.0, -0.0, -1e-06, -0.00011, -0.012364, -1.5e-05, 2.1e-05, -2.1e-05, 0.004107, 0.019907, 0.003602, -0.00287, 0.001303, 2e-06, 0.000124, 1e-06, 0.0, 5e-06], [-0.000925, -0.004678, -0.004877, 0.197032, -0.002889, 0.001596, 0.536589, -0.00494, 0.002729, 0.001971, 0.116142, -0.064162, -0.000624, 0.000992, 0.0, 0.0, -0.0, 0.531899, 0.0, 0.0, 1.0, 0.0, 0.0, 0.0, 0.0, 0.0, -0.0, 0.0, 0.000863, 0.004376, 0.004578, 0.194956, 0.002661, 0.001593, 0.533032, 0.004568, 0.002734, -0.001848, 0.113192, 0.06774, 0.000523, 0.000975, -0.014707, -0.119366, -0.207329, -0.022159, -0.065861, -0.072433, 0.007879, -0.200178, -0.220153, 0.029769, -0.014393, -0.01583, 0.004052, -0.042539, -0.003433, -0.041701, -0.111977, -0.011877, -0.003809, -0.038384, -0.025926, -0.018816, -0.189596, 0.010733, -0.001266, -0.012752, 0.019322, -0.003873, -0.01148, -0.103122, -0.199845, -0.03274, 0.041961, -0.072047, -0.051451, 0.144153, -0.247513, 0.018724, 0.015074, -0.025882, 0.017883, 0.031522, -0.096326, -0.48865, -0.511189, -0.111903, 0.145066, -0.068402, 0.006296, 0.249011, -0.117414, 0.03828, 0.03646, -0.017192, -0.01686, 0.020445, -0.021942, -0.185551, -0.336902, -0.136793, -0.037451, -0.050309, -0.367809, -0.11962, -0.160691, -0.053538, -0.029956, -0.040242, 0.00325, -0.010853, 0.001028, -0.014764, -0.066193, 0.010644, -0.001081, 0.008456, -0.089747, 0.009782, -0.076529, -0.004394, 0.001169, -0.009145, 0.003559, 0.000925, 0.09794, 0.177523, 0.012131, 0.064169, -0.048975, -0.093341, -0.173389, 0.010638, -0.061773, 0.046984, 0.459734, 0.431225, 0.077191, -0.13641, -0.013491, 0.088094, 0.166885, 0.010795, 0.058097, 0.045851, -0.011773, -0.066359, -0.003683, -0.008296, -0.006405, -0.00232, -0.023551, -0.000364, -0.000174, -0.002136, -0.012457, -0.06388, -0.002494, 0.007699, -0.008625, -0.180972, -0.332178, -0.079534, 0.100399, 0.030331, -0.037687, -0.168119, -0.032683, -0.01118, 0.000203], [-0.095849, -0.484662, -0.505259, -0.002889, -0.102274, 0.165365, -0.00494, 0.02484, 0.282739, 0.003027, -0.000675, 0.000992, 0.051523, 0.038614, 0.0, 0.0, 0.0, 0.0, 0.531899, 0.0, 0.0, 1.0, 0.0, 0.0, 0.0, 0.0, 0.0, 0.0, -0.093252, -0.473068, -0.494905, 0.002661, -0.092686, -0.172155, 0.004568, 0.039264, -0.295521, 0.003682, 0.000582, 0.000975, 0.056684, -0.037652, -0.015042, -0.122085, -0.212053, -0.065861, -0.025127, -0.074084, -0.200178, -0.001141, -0.225169, -0.010125, -0.015777, -0.042539, 0.027569, -0.017746, -0.000562, -0.006825, -0.018326, -0.003809, 0.010775, -0.006282, -0.018816, 0.08596, -0.03103, -0.000119, 0.006233, -0.003873, 0.004245, 0.010279, 0.007632, 0.068558, 0.132861, 0.041961, 0.002479, 0.047898, 0.144153, 0.069543, 0.164552, 0.009273, 0.000505, 0.031522, -0.02443, 0.000576, 0.045531, 0.230973, 0.241626, 0.145066, 0.126432, 0.032332, 0.249011, 0.415407, 0.055499, 0.077643, 0.073578, 0.020445, -0.047304, 0.016399, -0.004729, -0.039995, -0.072617, -0.037451, 0.028884, -0.010844, -0.11962, 0.161374, -0.034636, -0.024576, 0.02684, -0.010853, 0.008227, 0.007772, -9e-05, 0.001295, 0.005806, -0.001081, -0.001583, -0.000742, 0.009782, 0.02092, 0.006712, 0.000695, 0.001922, 0.000925, -0.000491, 0.001319, -0.17496, -0.317126, 0.064169, -0.066579, 0.087489, -0.167638, -0.311401, -0.061773, -0.06591, 0.084382, 0.326734, 0.306472, -0.13641, 0.172182, -0.009588, -0.160142, -0.303375, 0.058097, -0.062859, -0.083352, -0.016334, -0.092066, -0.008296, -0.009214, -0.008887, -0.000488, -0.004955, -0.000174, 0.000426, -0.000449, 0.017564, 0.090071, 0.007699, -0.007889, 0.012162, 0.144188, 0.26466, 0.100399, -0.033514, -0.024166, -0.011385, -0.050787, -0.01118, 0.000947, 6.1e-05], [0.052951, 0.267749, 0.279127, 0.001596, 0.165365, 0.105705, 0.002729, 0.282739, 0.380439, -0.001672, 0.000992, 0.000573, 0.099879, 0.059376, -0.0, 0.0, -0.0, 0.0, 0.0, 0.531899, 0.0, 0.0, 1.0, 0.0, 0.0, 0.0, 0.0, 0.0, -0.055807, -0.283108, -0.296176, 0.001593, -0.172155, 0.091955, 0.002734, -0.295521, 0.35622, 0.002204, 0.000975, -0.000464, -0.101575, 0.05013, -0.016543, -0.134268, -0.233213, -0.072433, -0.074084, -0.039241, -0.220153, -0.225169, -0.044041, -0.011135, -0.042539, -0.023881, -0.021203, -0.024425, -0.005662, -0.068772, -0.184665, -0.038384, -0.006282, -0.051902, -0.189596, -0.03103, -0.223631, -0.001201, -0.003873, -0.03241, 0.020951, -0.005304, -0.013105, -0.117715, -0.228125, -0.072047, 0.047898, -0.051867, -0.247513, 0.164552, -0.117159, -0.015922, 0.031522, -0.035261, -0.00112, 0.023442, -0.021469, -0.108908, -0.113932, -0.068402, 0.032332, 0.179756, -0.117414, 0.055499, 0.50694, -0.03661, 0.020445, 0.107297, -0.02982, -0.050717, -0.006353, -0.053727, -0.097551, -0.050309, -0.010844, 0.022389, -0.160691, -0.034636, 0.140629, -0.033015, -0.010853, 0.02034, -0.00917, 0.004384, 0.000706, -0.010131, -0.045422, 0.008456, -0.000742, 0.004124, -0.076529, 0.006712, -0.030737, -0.00544, 0.000925, -0.005196, 0.001042, 0.000456, 0.133534, 0.242039, -0.048975, 0.087489, -0.018723, 0.127503, 0.236847, 0.046984, 0.084382, -0.019146, 0.032314, 0.030311, -0.013491, -0.009588, 0.268181, -0.126387, -0.239429, 0.045851, -0.083352, -0.023028, -0.012611, -0.071082, -0.006405, -0.008887, -0.004565, -0.006001, -0.060903, -0.002136, -0.000449, -0.005061, -0.019678, -0.100908, -0.008625, 0.012162, -0.010658, 0.04356, 0.079956, 0.030331, -0.024166, 0.039178, 0.000207, 0.000922, 0.000203, 6.1e-05, 0.004323], [-0.010037, -0.087157, -0.034496, -0.002695, -0.104675, 0.057827, -0.001971, -0.003027, 0.001672, 0.090832, -0.004549, 0.002513, -0.048439, 0.077029, -0.0, 0.0, -0.0, -0.0, -0.0, 0.0, 0.0, 0.0, 0.0, 1.0, 0.0, 0.0, 0.0, 0.0, -0.00956, -0.086058, -0.034525, 0.002484, -0.10162, -0.060814, 0.001848, -0.003682, -0.002204, 0.089688, 0.004123, 0.002467, -0.043138, -0.080441, -0.0, -0.0007, -0.001989, -0.002309, 0.000323, 0.000355, -0.029769, 0.010125, 0.011135, -0.002244, -0.001268, -0.001394, -9.3e-05, 0.000972, -0.0, -0.000124, -0.001893, -0.000121, -5e-06, -5.2e-05, -0.010733, 0.000119, 0.001201, -3.8e-05, -7e-06, -7.1e-05, 9e-06, -2e-06, 0.0, 0.000377, 0.001635, -0.000542, -0.000479, 0.000823, -0.018724, -0.009273, 0.015922, -0.000957, 2.6e-05, -4.5e-05, -0.000395, -0.000696, 0.012976, 0.11677, 0.04684, 0.105451, -0.131331, 0.061925, -0.03828, -0.077643, 0.03661, 0.010643, -0.181631, 0.085643, 0.062238, -0.075473, 4e-06, 0.009652, 0.032543, 0.010546, 0.002967, 0.003986, 0.053538, 0.024576, 0.033015, 0.007675, 0.004019, 0.005399, -0.000426, 0.001422, 0.0, 5e-06, 0.001683, -2e-06, 0.0, -1e-06, 0.002836, -0.000386, 0.003017, 1e-06, -0.0, 1e-06, -1e-06, -0.0, -0.005217, -0.012399, 0.004229, -0.003476, 0.002653, -0.004671, -0.01217, -0.003571, -0.003028, 0.002303, 0.149846, 0.023952, 0.054972, -0.303184, -0.029985, -0.004426, -0.012413, 0.00313, -0.002807, -0.002215, -7e-06, -0.001234, -1e-06, -1e-06, -0.0, -1e-06, -0.000995, -0.0, -0.0, -0.0, -2.1e-05, -0.002496, -2e-06, 2e-06, -2e-06, 0.007526, 0.018751, 0.00461, -0.006795, -0.002053, 0.000173, 0.012173, 3.3e-05, 1.1e-05, -0.0], [0.000257, 0.002233, 0.000884, -0.100684, 0.0032, -0.002305, -0.116142, 0.000675, -0.000992, -0.004549, -0.153175, 0.105792, 0.001361, -0.004084, 0.0, 0.0, 0.0, 0.0, -0.0, -0.0, 0.0, 0.0, 0.0, 0.0, 1.0, 0.0, 0.0, 0.0, -0.000226, -0.002031, -0.000815, -0.096306, -0.002819, -0.002221, -0.113192, -0.000582, -0.000975, 0.004123, -0.142623, -0.107502, -0.000927, -0.003834, 5e-06, 0.007967, 0.022633, 0.004813, 0.004992, 0.007158, 0.014393, 0.015777, 0.042539, -0.001268, 0.004118, 0.005589, -0.00191, 0.005779, 0.0, 9.4e-05, 0.001438, 3.8e-05, -4.4e-05, 7.7e-05, 0.001266, -0.006233, 0.003873, -7e-06, -1.5e-05, 3.3e-05, -3.5e-05, -2.9e-05, -1e-06, -0.003406, -0.01477, -0.002225, 0.001073, -0.003093, -0.015074, -0.000505, -0.031522, 2.6e-05, 0.000961, -0.00246, 0.001453, 0.001284, -0.012303, -0.110718, -0.044412, -0.161912, -0.000763, -0.046572, -0.03646, -0.073578, -0.020445, -0.181631, 0.024261, -0.084399, 0.049873, 0.006702, 2e-06, 0.003855, 0.012996, 0.004668,