{"proj": [[[0.551527202129364, 0.48985880613327026, -1.6314425318740486e-17, 0.0003744550049304962, -4.037859329992698e-17, -0.0791284590959549, 0.012874694541096687, 8.988528347805423e-18, -0.02625969983637333, 1.5482634001453088e-17, 0.01763150840997696, -0.003329052124172449, -1.4892907164261983e-18, 0.009882660582661629, -2.641534284558477e-17, -0.00679659191519022, 0.0008226546342484653, 1.3207362884423903e-17, -0.0028324483428150415, 4.4209685270050004e-18, 0.002134806476533413, -0.0008029650780372322, 1.1019061536998544e-17, 0.0007716786931268871, 9.915370575690984e-19, -0.0006012064986862242, 0.0003394443483557552, -8.277356507440508e-18, -0.0002109368797391653, -2.574862079620631e-18, 0.00016901649360079318, -0.00015663198428228498, 1.6977633918467127e-18, 3.128143725916743e-05, -2.3925601580103756e-18, -4.006969902548008e-05, 5.4018244554754347e-05, -4.875986106309701e-18, 1.177525791717926e-05, 2.8899535797107086e-18], [0.48985880613327026, 0.4419806897640228, -3.081901047648792e-18, -0.0003586416132748127, -2.3884893127027878e-17, 0.007960095070302486, 0.06971575319766998, 1.0883148317730568e-17, -0.028975915163755417, 1.8143262096091126e-17, 0.0023272596299648285, -0.01610117405653, -1.91776324269346e-18, 0.008708708919584751, -2.9434375064752236e-17, 0.00041525380220264196, 0.0061541227623820305, 1.3411988342815433e-17, -0.0013704875018447638, 3.906010545382563e-18, -0.0004402794293127954, -0.0018065442563965917, 9.253371727610202e-18, 6.573230621143011e-06, 1.258678551910702e-18, 0.0003275980707257986, 0.0005877307849004865, -7.099169246576116e-18, 0.00011565187014639378, -2.401666589373972e-18, -0.00013384388876147568, -0.00014913656923454255, 2.5480055413837774e-19, -8.022894326131791e-05, -3.0075242756904738e-18, 5.4037034715292975e-05, 5.46146220585797e-05, -3.8810127336809045e-18, 5.0761089369188994e-05, 2.6507699628927848e-18], [-1.6314425318740486e-17, -3.081901047648792e-18, -0.001539136515930295, 8.457374169789198e-18, 5.820195556768751e-31, 5.3492307758481306e-17, 9.123328181968902e-18, 0.0010757939890027046, -2.1613410497204186e-17, 5.311770975249966e-32, -2.529756011807982e-16, -2.2658107516250893e-16, 1.1601534442474462e-31, 2.5700006978016263e-17, -7.751638217013039e-32, 3.0865713838335214e-16, 2.6374591627271223e-16, 1.269173169059162e-32, -2.6681817011967197e-18, 1.4457443224329716e-32, -3.0151747120116604e-16, -2.5919880518383473e-16, 1.563660768892046e-33, -7.791666657432034e-18, 5.951919852110844e-33, 2.044689359673006e-16, 1.7318333730909958e-16, -7.636142076688109e-33, 2.5463880000356876e-17, 9.28018847574816e-33, -6.342822260545596e-17, -3.390314222345361e-17, -2.3157539931626462e-32, -2.2738685495825398e-17, -3.273145799702222e-32, -4.3187410801303895e-17, -6.555101290272835e-17, 1.278377583699688e-32, 7.864781151775596e-18, 1.668923826816885e-32], [0.0003744550049304962, -0.0003586416132748127, 8.457374169789198e-18, -0.001066028606146574, 1.426883413367645e-17, 0.03134257718920708, 0.029157863929867744, 1.60543390546385e-18, 0.0024363468401134014, -4.491641778716371e-20, -0.011389435268938541, -0.006770011503249407, -4.880877949054763e-19, -0.002493845298886299, 1.6121660182766894e-18, 0.0032647140324115753, 0.0009624725207686424, -1.7080250843333159e-18, 0.0013764941832050681, -9.994927773030568e-19, -0.0009426636388525367, 0.00019783328752964735, -2.7444833224404487e-18, -0.00047835896839387715, -4.7745320552132515e-20, 0.00021256093168631196, -0.0001904229138744995, 2.0289973215907626e-18, 0.00014108240429777652, 4.511302957147962e-19, -3.780632323469035e-05, 9.784563007997349e-05, -1.0799395039938655e-18, -2.9600101697724313e-05, 1.2334724716404389e-19, -1.1774850463552866e-05, -5.075924127595499e-05, 1.3010389880674254e-18, 1.7621921699628729e-07, -6.885201713743988e-19], [-4.037859329992698e-17, -2.3884893127027878e-17, 5.820195556768751e-31, 1.426883413367645e-17, -0.001539150020107627, 1.232993832884767e-16, 8.61658956322116e-17, -2.7131512230679467e-31, -1.8582400702766953e-17, 0.0010757949203252792, -2.4768381578238615e-16, -2.1121657247869576e-16, 2.963258334905963e-31, 1.8590333364841337e-17, -1.1928836738528718e-31, 2.752713877068831e-16, 2.12599380234868e-16, 1.7022455651796443e-32, -7.621433714549234e-18, 2.139836120774306e-32, -3.3827494240329923e-16, -2.8109201283195743e-16, 7.937109772800893e-33, 8.738482401978606e-18, -5.112406766008521e-33, 3.5997653531688524e-16, 3.2357291212846754e-16, -1.5398448492682035e-32, 1.8356201546819427e-17, 1.4009199310370346e-32, -1.9020331294876207e-16, -1.4595480147512006e-16, -1.764219978343697e-32, -2.779291123975711e-17, -3.863157271106637e-32, 2.972893738960482e-17, 1.3794528150053085e-18, 1.5237599723187267e-32, 2.126507646945198e-17, 1.87733148144119e-32], [-0.0791284590959549, 0.007960095070302486, 5.3492307758481306e-17, 0.03134257718920708, 1.232993832884767e-16, 0.5630726218223572, 0.48128512501716614, 2.508340504272331e-17, -0.00028074870351701975, 4.371342653335494e-18, -0.08324623107910156, 0.008115313947200775, 1.6706810850014203e-18, -0.03032178059220314, 1.5670685241910893e-17, 0.01984664984047413, 0.0006283056573010981, -1.8102065192863536e-17, 0.010579465888440609, -1.0470129593257329e-17, -0.007025342434644699, 0.0014521656557917595, -2.8824766114357806e-17, -0.0031646641436964273, -1.1808287587530035e-18, 0.0023105558939278126, -0.0006454705726355314, 2.196274210477513e-17, 0.0009266518754884601, 5.019534202631541e-18, -0.0006782395066693425, 0.00038847955875098705, -8.57303635330065e-18, -0.0002214201376773417, 4.185861049450585e-18, 0.00016901548951864243, -0.00013383026816882193, 1.3048399450206525e-17, 3.7807083572261035e-05, -7.503630787612494e-18], [0.012874694541096687, 0.06971575319766998, 9.123328181968902e-18, 0.029157863929867744, 8.61658956322116e-17, 0.48128512501716614, 0.43698960542678833, 3.7664104166883165e-17, 0.0021215039305388927, 8.134733199043502e-18, 0.009604089893400669, 0.0812024474143982, 4.970236719665218e-18, -0.031065145507454872, 1.6451882884212098e-17, -0.003413338214159012, -0.01770312897861004, -1.866160490078013e-17, 0.007038010284304619, -1.0627364219994471e-17, 0.0014352819416671991, 0.005381403956562281, -2.869787660839217e-17, -0.0009794753277674317, -2.112393877743512e-18, -0.000926513341255486, -0.001849523512646556, 2.2717240011264348e-17, -9.60597099037841e-05, 5.1128951832382574e-18, 0.00038851049612276256, 0.0004560546949505806, -5.400386354624431e-18, 0.00015314116899389774, 7.652615114920033e-18, -0.00015662160876672715, -0.00014910662139300257, 1.2151193862897821e-17, -9.784683788893744e-05, -8.202068182447156e-18], [8.988528347805423e-18, 1.0883148317730568e-17, 0.0010757939890027046, 1.60543390546385e-18, -2.7131512230679467e-31, 2.508340504272331e-17, 3.7664104166883165e-17, 0.0018370674224570394, 2.6782908822578834e-18, -4.182714528756913e-32, 9.922007459335803e-18, -9.198343537360111e-18, 0.0010611189063638449, -1.5051398278349593e-17, 4.2937264520070433e-32, -1.368442209735712e-16, -1.2359155671572023e-16, -7.298389488918249e-33, 1.3547314263848496e-17, -1.41684038571419e-32, 1.632502878157668e-16, 1.419638072207844e-16, -9.827691867374933e-33, -5.627404005788078e-18, -2.301479634652825e-33, -1.9380840428628458e-16, -2.005129877011576e-16, 2.6419191453692756e-33, -1.9037187912271058e-17, -7.211950246514501e-33, -3.5720772357865385e-17, -6.601627883623227e-17, 3.862348604461668e-33, 2.1811384596290177e-17, 1.557900148623246e-32, 6.917581099116432e-17, 8.298188554859288e-17, -2.4078673835320115e-33, 8.775883786965498e-19, -1.2299914444207596e-32], [-0.02625969983637333, -0.028975915163755417, -2.1613410497204186e-17, 0.0024363468401134014, -1.8582400702766953e-17, -0.00028074870351701975, 0.0021215039305388927, 2.6782908822578834e-18, 0.004096864257007837, -2.6288177268089697e-19, 0.02859174646437168, 0.030733171850442886, 2.5486406609978532e-18, 0.0007443142822012305, 2.637017051233325e-18, -0.010785418562591076, -0.008279696106910706, -9.156872837349765e-19, -0.0021105213090777397, 1.8181109977663038e-20, 0.003145848400890827, 0.0008937728707678616, 3.353168673982175e-19, 0.0011752533027902246, -5.173410889672024e-19, -0.0008295350125990808, 0.0001061639777617529, 1.2451769480610935e-19, -0.0004497127956710756, 1.3716448504082673e-19, 0.00022141996305435896, -0.00015314054326154292, 1.830662571757698e-18, 0.00012762031110469252, 1.7076402385533256e-18, -3.128266325802542e-05, 8.022865949897096e-05, -5.397870484791351e-19, -2.9600050766021013e-05, -2.201745410523607e-19], [1.5482634001453088e-17, 1.8143262096091126e-17, 5.311770975249966e-32, -4.491641778716371e-20, 0.0010757949203252792, 4.371342653335494e-18, 8.134733199043502e-18, -4.182714528756913e-32, -2.6288177268089697e-19, 0.0018370791804045439, 1.442280222417462e-17, 1.80648387565762e-17, 4.3144632009131055e-33, 5.965420816555063e-19, 0.0010611130855977535, -5.2874050634782634e-18, -1.585416217358128e-17, 9.191859809846458e-34, -7.025592358270136e-18, 5.482590508233599e-33, -7.602489955032789e-17, -8.239215871140178e-17, 4.8287258163505324e-33, 3.707192722071768e-18, -1.2824193373539983e-33, 3.392975427812067e-17, 2.8202345790636154e-17, -2.9696139095999125e-33, 5.522592777552097e-18, 1.3308807450055779e-33, -2.25070517632534e-17, -2.5420383535026387e-17, 5.714280995793649e-34, -8.487608448358624e-18, -8.335045650951939e-34, -6.443551683330874e-17, -7.84662271753271e-17, -1.0399961271934602e-34, 1.6512969345268527e-18, 2.8039654497339435e-33], [0.01763150840997696, 0.0023272596299648285, -2.529756011807982e-16, -0.011389435268938541, -2.4768381578238615e-16, -0.08324623107910156, 0.009604089893400669, 9.922007459335803e-18, 0.02859174646437168, 1.442280222417462e-17, 0.5628960132598877, 0.4775724411010742, 4.375312293095136e-17, -0.001972314901649952, -3.0663926519343414e-18, -0.07863050699234009, 0.00998671818524599, 7.045474471473461e-18, -0.03514073044061661, 5.919598939727535e-18, 0.020016688853502274, -0.0036251319106668234, 1.7176205241955382e-17, 0.010816633701324463, -1.2660169881125428e-18, -0.00747804855927825, 0.0010938611812889576, -9.628085372277336e-18, -0.0031281178817152977, -1.0603919853483187e-18, 0.0023105598520487547, -0.0009265163680538535, 2.355477361636409e-17, 0.0008295342558994889, 1.5445223931069765e-17, -0.0006012156954966486, 0.00032759419991634786, -1.1870718423877016e-17, -0.0002125609462382272, 5.46409084231959e-18], [-0.003329052124172449, -0.01610117405653, -2.2658107516250893e-16, -0.006770011503249407, -2.1121657247869576e-16, 0.008115313947200775, 0.0812024474143982, -9.198343537360111e-18, 0.030733171850442886, 1.80648387565762e-17, 0.4775724411010742, 0.4373987913131714, 5.899672489643378e-17, -0.0016653896309435368, -7.986926776928239e-18, 0.010024834424257278, 0.07790961861610413, 7.450585349290694e-18, -0.037248190492391586, 5.572888667517771e-18, 0.0004416619776748121, -0.01790480688214302, 1.4405138609374163e-17, 0.008387086912989616, 7.22482914856119e-19, 0.0010938539635390043, 0.006611074786633253, -8.296491676550697e-18, -0.0011340107303112745, -5.451652734243783e-20, -0.000645472842734307, -0.0018495202530175447, 2.2386804517606565e-17, -0.00010616381769068539, 1.4271952604585775e-17, 0.00033945165341719985, 0.0005877517396584153, -1.0116123588044847e-17, 0.0001904232776723802, 7.745539757753627e-18], [-1.4892907164261983e-18, -1.91776324269346e-18, 1.1601534442474462e-31, -4.880877949054763e-19, 2.963258334905963e-31, 1.6706810850014203e-18, 4.970236719665218e-18, 0.0010611189063638449, 2.5486406609978532e-18, 4.3144632009131055e-33, 4.375312293095136e-17, 5.899672489643378e-17, 0.001731401076540351, 3.77898538179647e-18, -1.1530295958331579e-31, 2.9503328840614656e-17, 1.324553230660955e-17, 0.0005278029711917043, -1.44525261323061e-17, 1.351349922010034e-32, -9.463654935955472e-17, -6.338605624655046e-17, 1.9546613773100342e-32, 2.227160472805753e-17, -1.7791599237954728e-32, 2.3373352724824264e-16, 1.972466036634184e-16, -3.1084237763214947e-32, -1.7657839425420508e-17, 6.464539346851012e-33, -3.131660006407052e-16, -2.870611069508177e-16, 9.450552137328865e-33, 3.770025361401296e-18, -1.6487742373390585e-32, 2.608364904477917e-16, 2.620813377126799e-16, 2.001439293380244e-33, 3.210214834552151e-17, 8.119365029108104e-33], [0.009882660582661629, 0.008708708919584751, 2.5700006978016263e-17, -0.002493845298886299, 1.8590333364841337e-17, -0.03032178059220314, -0.031065145507454872, -1.5051398278349593e-17, 0.0007443142822012305, 5.965420816555063e-19, -0.001972314901649952, -0.0016653896309435368, 3.77898538179647e-18, 0.0037642251700162888, -5.5934991132504485e-18, 0.03466404229402542, 0.03730945661664009, 2.9746868597333437e-18, 0.0023260649759322405, 9.338573398654695e-19, -0.010622967965900898, -0.006908706855028868, 1.659399789012269e-18, -0.002094648312777281, 1.7065731755631322e-18, 0.003128115786239505, 0.001134009682573378, -2.0155084873418604e-18, 0.001255938084796071, -2.7307829884486743e-19, -0.0009266525157727301, 9.606117237126455e-05, -1.244495402935138e-18, -0.0004497129702940583, -2.595226232325921e-18, 0.00021093599207233638, -0.00011565472959773615, -2.024707433687092e-19, 0.00014108237519394606, 2.2362161979977998e-18], [-2.641534284558477e-17, -2.9434375064752236e-17, -7.751638217013039e-32, 1.6121660182766894e-18, -1.1928836738528718e-31, 1.5670685241910893e-17, 1.6451882884212098e-17, 4.2937264520070433e-32, 2.637017051233325e-18, 0.0010611130855977535, -3.0663926519343414e-18, -7.986926776928239e-18, -1.1530295958331579e-31, -5.5934991132504485e-18, 0.0017313999123871326, -3.608944013943537e-17, -2.7128791086995433e-17, -7.394804270256662e-33, 7.278683983112374e-18, 0.000527795113157481, 7.967625344514927e-17, 7.306870162485118e-17, -6.81081867676815e-33, -4.694410035686961e-18, 3.222012015846643e-33, -7.688988562559704e-17, -6.62679204134607e-17, 9.077923366854077e-33, -2.5614133636314377e-18, -4.001310771170079e-33, 4.1865076565354175e-17, 2.269643311013619e-17, -9.146838376209964e-34, -6.517291939807832e-19, 6.728930066870023e-33, -9.24805130191026e-17, -9.977106456246328e-17, -3.8448363100283085e-34, -5.730340842756015e-18, -2.6073114896551136e-33], [-0.00679659191519022, 0.00041525380220264196, 3.0865713838335214e-16, 0.0032647140324115753, 2.752713877068831e-16, 0.01984664984047413, -0.003413338214159012, -1.368442209735712e-16, -0.010785418562591076, -5.2874050634782634e-18, -0.07863050699234009, 0.010024834424257278, 2.9503328840614656e-17, 0.03466404229402542, -3.608944013943537e-17, 0.5635789036750793, 0.4772392511367798, 1.808964424878544e-17, 0.0015839633997529745, -1.950870112735129e-18, -0.08501055836677551, 0.008786294609308243, -8.870272953073617e-18, -0.03024304285645485, 2.1005546897902243e-17, 0.020016686990857124, 0.00044167289161123335, -1.61105242637704e-18, 0.010622967034578323, -8.23934290540275e-19, -0.00702534569427371, 0.0014352871803566813, -2.1945232345568608e-17, -0.0031458502635359764, -2.6287918980943427e-17, 0.0021347934380173683, -0.0004402944468893111, 9.100503787326727e-18, 0.0009426636970601976, 2.0333843153284682e-17], [0.0008226546342484653, 0.0061541227623820305, 2.6374591627271223e-16, 0.0009624725207686424, 2.12599380234868e-16, 0.0006283056573010981, -0.01770312897861004, -1.2359155671572023e-16, -0.008279696106910706, -1.585416217358128e-17, 0.00998671818524599, 0.07790961861610413, 1.324553230660955e-17, 0.03730945661664009, -2.7128791086995433e-17, 0.4772392511367798, 0.436875581741333, 2.053471238451461e-17, 0.0017339278711006045, -4.5895181573412556e-18, 0.00878628995269537, 0.08304640650749207, -9.601260732192853e-18, -0.03410714492201805, 2.437020330113519e-17, -0.0036251498386263847, -0.01790483295917511, -7.428448445135126e-19, 0.00690870638936758, -3.248839536946947e-18, 0.0014521591365337372, 0.005381395108997822, -2.102631740308345e-17, -0.0008937722304835916, -2.5870328429224607e-17, -0.000802965194452554, -0.0018065334297716618, 7.941954621384956e-18, -0.00019783231255132705, 2.2668029382262344e-17], [1.3207362884423903e-17, 1.3411988342815433e-17, 1.269173169059162e-32, -1.7080250843333159e-18, 1.7022455651796443e-32, -1.8102065192863536e-17, -1.866160490078013e-17, -7.298389488918249e-33, -9.156872837349765e-19, 9.191859809846458e-34, 7.045474471473461e-18, 7.450585349290694e-18, 0.0005278029711917043, 2.9746868597333437e-18, -7.394804270256662e-33, 1.808964424878544e-17, 2.053471238451461e-17, 0.0020151198841631413, -1.3209021795142378e-18, 1.1113743482272973e-33, -4.7471874674902944e-18, -1.294099046125682e-18, 0.0005875416682101786, 6.971657209651353e-20, 1.3315944617831253e-35, 1.0817216232645804e-17, 8.005373731768784e-18, -2.9123454778667815e-33, -9.393004984887981e-19, -2.1425841143258416e-34, -2.054759158665206e-17, -2.035457229943526e-17, 1.6219581255241313e-34, -1.041038724899751e-19, -1.9409028036808347e-33, 8.761957787762861e-18, 7.632141567578733e-18, -2.5530871750308796e-34, 1.9439321353473406e-18, 1.810442767206731e-33], [-0.0028324483428150415, -0.0013704875018447638, -2.6681817011967197e-18, 0.0013764941832050681, -7.621433714549234e-18, 0.010579465888440609, 0.007038010284304619, 1.3547314263848496e-17, -0.0021105213090777397, -7.025592358270136e-18, -0.03514073044061661, -0.037248190492391586, -1.44525261323061e-17, 0.0023260649759322405, 7.278683983112374e-18, 0.0015839633997529745, 0.0017339278711006045, -1.3209021795142378e-18, 0.004421709105372429, -2.3214637775662897e-18, 0.030243055894970894, 0.03410715237259865, -3.085444896188122e-18, 0.002418592805042863, 5.544659371355597e-19, -0.010816629976034164, -0.008387086912989616, 2.4586845625875583e-18, -0.0020946490112692118, -8.454117249524847e-19, 0.003164664376527071, 0.0009794732322916389, -1.807237850785962e-18, 0.0011752537684515119, -3.9296980512951498e-19, -0.000771678052842617, -6.572479378519347e-06, 9.737080066461304e-19, -0.00047835891018621624, -9.540807684690487e-19], [4.4209685270050004e-18, 3.906010545382563e-18, 1.4457443224329716e-32, -9.994927773030568e-19, 2.139836120774306e-32, -1.0470129593257329e-17, -1.0627364219994471e-17, -1.41684038571419e-32, 1.8181109977663038e-20, 5.482590508233599e-33, 5.919598939727535e-18, 5.572888667517771e-18, 1.351349922010034e-32, 9.338573398654695e-19, 0.000527795113157481, -1.950870112735129e-18, -4.5895181573412556e-18, 1.1113743482272973e-33, -2.3214637775662897e-18, 0.0020151245407760143, -1.913355279927226e-17, -1.9291751091423027e-17, 2.4385949895334984e-33, 2.0769638709514876e-18, 0.0005875377682968974, 2.1245305198450738e-17, 2.0851601968461224e-17, -1.6465412021486793e-33, 1.1639250127427527e-18, 7.21660226540788e-34, -6.143087838398031e-18, -3.689732180111692e-18, 8.015132108310768e-34, -1.983637011545039e-18, -9.220205754090583e-34, -3.003405123035113e-18, -4.824780731260525e-18, -3.3580409108900194e-34, 7.881002060190185e-19, 9.168706244555105e-34], [0.002134806476533413, -0.0004402794293127954, -3.0151747120116604e-16, -0.0009426636388525367, -3.3827494240329923e-16, -0.007025342434644699, 0.0014352819416671991, 1.632502878157668e-16, 0.003145848400890827, -7.602489955032789e-17, 0.020016688853502274, 0.0004416619776748121, -9.463654935955472e-17, -0.010622967965900898, 7.967625344514927e-17, -0.08501055836677551, 0.00878628995269537, -4.7471874674902944e-18, 0.030243055894970894, -1.913355279927226e-17, 0.5635789632797241, 0.4772392213344574, -1.331659539303398e-17, -0.0015839646803215146, 1.9263359357668063e-18, -0.07863049954175949, 0.010024778544902802, 1.777254952404691e-17, -0.03466403856873512, -1.1797817342131492e-17, 0.01984666846692562, -0.003413317957893014, 5.844598473587352e-18, 0.010785424150526524, 6.747520292519104e-18, -0.006796612404286861, 0.000415240996517241, -1.9573547951472386e-18, -0.003264715662226081, -3.5230110325194855e-18], [-0.0008029650780372322, -0.0018065442563965917, -2.5919880518383473e-16, 0.00019783328752964735, -2.8109201283195743e-16, 0.0014521656557917595, 0.005381403956562281, 1.419638072207844e-16, 0.0008937728707678616, -8.239215871140178e-17, -0.0036251319106668234, -0.01790480688214302, -6.338605624655046e-17, -0.006908706855028868, 7.306870162485118e-17, 0.008786294609308243, 0.08304640650749207, -1.294099046125682e-18, 0.03410715237259865, -1.9291751091423027e-17, 0.4772392213344574, 0.43687549233436584, -1.4246223978812926e-17, -0.0017339320620521903, 2.8718652076657053e-18, 0.009986774064600468, 0.07790961116552353, 1.8593322795575103e-17, -0.03730945661664009, -1.1900358786766628e-17, 0.0006283026887103915, -0.017703117802739143, 3.8285860264572936e-18, 0.00827969890087843, 4.0358695263496865e-19, 0.0008226445061154664, 0.0061541106551885605, 4.7173569112209314e-21, -0.0009624737431295216, 3.615634116321016e-19], [1.1019061536998544e-17, 9.253371727610202e-18, 1.563660768892046e-33, -2.7444833224404487e-18, 7.937109772800893e-33, -2.8824766114357806e-17, -2.869787660839217e-17, -9.827691867374933e-33, 3.353168673982175e-19, 4.8287258163505324e-33, 1.7176205241955382e-17, 1.4405138609374163e-17, 1.9546613773100342e-32, 1.659399789012269e-18, -6.81081867676815e-33, -8.870272953073617e-18, -9.601260732192853e-18, 0.0005875416682101786, -3.085444896188122e-18, 2.4385949895334984e-33, -1.331659539303398e-17, -1.4246223978812926e-17, 0.0020151054486632347, 2.758946161860632e-18, -1.2891017472319345e-33, 1.9712046523744896e-17, 1.898863737339787e-17, 0.0005277967429719865, -3.200724004603083e-20, 2.7942618816211498e-34, -1.4086637677594295e-17, -1.2744779497646486e-17, 1.9095351042711266e-33, -1.4590221098613516e-18, -6.123949960604832e-34, 6.332826527305444e-19, -1.3296348286385367e-18, -1.1502630992658564e-33, 1.4561310102229022e-18, 1.151531255632302e-33], [0.0007716786931268871, 6.573230621143011e-06, -7.791666657432034e-18, -0.00047835896839387715, 8.738482401978606e-18, -0.0031646641436964273, -0.0009794753277674317, -5.627404005788078e-18, 0.0011752533027902246, 3.707192722071768e-18, 0.010816633701324463, 0.008387086912989616, 2.227160472805753e-17, -0.002094648312777281, -4.694410035686961e-18, -0.03024304285645485, -0.03410714492201805, 6.971657209651353e-20, 0.002418592805042863, 2.0769638709514876e-18, -0.0015839646803215146, -0.0017339320620521903, 2.758946161860632e-18, 0.0044217356480658054, -2.801028355138808e-18, 0.03514073044061661, 0.037248190492391586, -1.0343873914436063e-18, 0.002326058456674218, 9.280259233421238e-19, -0.010579464957118034, -0.007038008887320757, 2.6798002800806396e-18, -0.0021105213090777397, 1.7558281104266968e-19, 0.002832449972629547, 0.0013704876182600856, -6.204266633490336e-19, 0.0013764938339591026, -1.3903812667644177e-19], [9.915370575690984e-19, 1.258678551910702e-18, 5.951919852110844e-33, -4.7745320552132515e-20, -5.112406766008521e-33, -1.1808287587530035e-18, -2.112393877743512e-18, -2.301479634652825e-33, -5.173410889672024e-19, -1.2824193373539983e-33, -1.2660169881125428e-18, 7.22482914856119e-19, -1.7791599237954728e-32, 1.7065731755631322e-18, 3.222012015846643e-33, 2.1005546897902243e-17, 2.437020330113519e-17, 1.3315944617831253e-35, 5.544659371355597e-19, 0.0005875377682968974, 1.9263359357668063e-18, 2.8718652076657053e-18, -1.2891017472319345e-33, -2.801028355138808e-18, 0.002015102654695511, -1.4097134599567593e-17, -1.3943393156557262e-17, 1.0885716863667642e-33, 1.1935081967725226e-18, 0.0005277986638247967, 1.3929597438301103e-17, 1.294747514366893e-17, -1.4004170214929742e-33, 2.752603237525999e-19, -3.1845501129118907e-34, -8.06989712827037e-18, -7.555920182854421e-18, 2.102845747194577e-34, -1.4310096384172433e-18, 5.334808001296694e-34], [-0.0006012064986862242, 0.0003275980707257986, 2.044689359673006e-16, 0.00021256093168631196, 3.5997653531688524e-16, 0.0023105558939278126, -0.000926513341255486, -1.9380840428628458e-16, -0.0008295350125990808, 3.392975427812067e-17, -0.00747804855927825, 0.0010938539635390043, 2.3373352724824264e-16, 0.003128115786239505, -7.688988562559704e-17, 0.020016686990857124, -0.0036251498386263847, 1.0817216232645804e-17, -0.010816629976034164, 2.1245305198450738e-17, -0.07863049954175949, 0.009986774064600468, 1.9712046523744896e-17, 0.03514073044061661, -1.4097134599567593e-17, 0.5628960132598877, 0.47757241129875183, -5.250310148908323e-18, 0.0019723144359886646, 1.1568270586244964e-17, -0.08324625343084335, 0.009604107588529587, 8.88349626234589e-18, -0.028591735288500786, -2.192157828877204e-17, 0.017631515860557556, 0.002327264053747058, 2.4357654557652453e-18, 0.011389432474970818, 1.3106673497180273e-17], [0.0003394443483557552, 0.0005877307849004865, 1.7318333730909958e-16, -0.0001904229138744995, 3.2357291212846754e-16, -0.0006454705726355314, -0.001849523512646556, -2.005129877011576e-16, 0.0001061639777617529, 2.8202345790636154e-17, 0.0010938611812889576, 0.006611074786633253, 1.972466036634184e-16, 0.001134009682573378, -6.62679204134607e-17, 0.00044167289161123335, -0.01790483295917511, 8.005373731768784e-18, -0.008387086912989616, 2.0851601968461224e-17, 0.010024778544902802, 0.07790961116552353, 1.898863737339787e-17, 0.037248190492391586, -1.3943393156557262e-17, 0.47757241129875183, 0.4373988211154938, 1.0599418956975133e-18, 0.0016653998754918575, 1.1966036927403339e-17, 0.008115291595458984, 0.08120246976613998, 1.0842274014941873e-17, -0.03073316067457199, -2.1314932299331776e-17, -0.0033290316350758076, -0.016101159155368805, 1.6806430279135496e-18, 0.0067700110375881195, 1.2696648339343863e-17], [-8.277356507440508e-18, -7.099169246576116e-18, -7.636142076688109e-33, 2.0289973215907626e-18, -1.5398448492682035e-32, 2.196274210477513e-17, 2.2717240011264348e-17, 2.6419191453692756e-33, 1.2451769480610935e-19, -2.9696139095999125e-33, -9.628085372277336e-18, -8.296491676550697e-18, -3.1084237763214947e-32, -2.0155084873418604e-18, 9.077923366854077e-33, -1.61105242637704e-18, -7.428448445135126e-19, -2.9123454778667815e-33, 2.4586845625875583e-18, -1.6465412021486793e-33, 1.777254952404691e-17, 1.8593322795575103e-17, 0.0005277967429719865, -1.0343873914436063e-18, 1.0885716863667642e-33, -5.250310148908323e-18, 1.0599418956975133e-18, 0.001731404336169362, 1.024018475670101e-18, 5.612619331135493e-35, 3.173454928130294e-17, 3.2789115226801896e-17, 0.0010611097095534205, -5.391990264611865e-19, 9.702836183889367e-34, -1.389544645953124e-17, -1.2434370046618612e-17, 5.9537296542336295e-34, -2.872053391255061e-18, -1.0665770850369253e-33], [-0.0002109368797391653, 0.00011565187014639378, 2.5463880000356876e-17, 0.00014108240429777652, 1.8356201546819427e-17, 0.0009266518754884601, -9.60597099037841e-05, -1.9037187912271058e-17, -0.0004497127956710756, 5.522592777552097e-18, -0.0031281178817152977, -0.0011340107303112745, -1.7657839425420508e-17, 0.001255938084796071, -2.5614133636314377e-18, 0.010622967034578323, 0.00690870638936758, -9.393004984887981e-19, -0.0020946490112692118, 1.1639250127427527e-18, -0.03466403856873512, -0.03730945661664009, -3.200724004603083e-20, 0.002326058456674218, 1.1935081967725226e-18, 0.0019723144359886646, 0.0016653998754918575, 1.024018475670101e-18, 0.003764207474887371, 1.2059582989672114e-18, 0.030321765691041946, 0.031065121293067932, -1.1361452892435015e-18, 0.0007443015929311514, -2.3219962750856207e-19, -0.009882660582661629, -0.008708706125617027, 1.1309570056464158e-19, -0.002493844600394368, 3.1744826690221183e-20], [-2.574862079620631e-18, -2.401666589373972e-18, 9.28018847574816e-33, 4.511302957147962e-19, 1.4009199310370346e-32, 5.019534202631541e-18, 5.1128951832382574e-18, -7.211950246514501e-33, 1.3716448504082673e-19, 1.3308807450055779e-33, -1.0603919853483187e-18, -5.451652734243783e-20, 6.464539346851012e-33, -2.7307829884486743e-19, -4.001310771170079e-33, -8.23934290540275e-19, -3.248839536946947e-18, -2.1425841143258416e-34, -8.454117249524847e-19, 7.21660226540788e-34, -1.1797817342131492e-17, -1.1900358786766628e-17, 2.7942618816211498e-34, 9.280259233421238e-19, 0.0005277986638247967, 1.1568270586244964e-17, 1.1966036927403339e-17, 5.612619331135493e-35, 1.2059582989672114e-18, 0.0017314080614596605, 5.0289669567467896e-18, 8.415815788633921e-18, 1.1489158954960927e-34, -5.179060533255762e-19, 0.0010611101752147079, 6.3120390649216804e-18, 7.42124608014405e-18, 1.628350220439838e-34, -1.5834830910967128e-19, -1.3042420915116515e-34], [0.00016901649360079318, -0.00013384388876147568, -6.342822260545596e-17, -3.780632323469035e-05, -1.9020331294876207e-16, -0.0006782395066693425, 0.00038851049612276256, -3.5720772357865385e-17, 0.00022141996305435896, -2.25070517632534e-17, 0.0023105598520487547, -0.000645472842734307, -3.131660006407052e-16, -0.0009266525157727301, 4.1865076565354175e-17, -0.00702534569427371, 0.0014521591365337372, -2.054759158665206e-17, 0.003164664376527071, -6.143087838398031e-18, 0.01984666846692562, 0.0006283026887103915, -1.4086637677594295e-17, -0.010579464957118034, 1.3929597438301103e-17, -0.08324625343084335, 0.008115291595458984, 3.173454928130294e-17, 0.030321765691041946, 5.0289669567467896e-18, 0.5630725622177124, 0.48128512501716614, -4.130910200587768e-18, 0.0002807553973980248, 9.966950663557647e-18, -0.07912848889827728, 0.007960135117173195, -2.792456282450921e-18, -0.03134257346391678, -1.0063465270249721e-17], [-0.00015663198428228498, -0.00014913656923454255, -3.390314222345361e-17, 9.784563007997349e-05, -1.4595480147512006e-16, 0.00038847955875098705, 0.0004560546949505806, -6.601627883623227e-17, -0.00015314054326154292, -2.5420383535026387e-17, -0.0009265163680538535, -0.0018495202530175447, -2.870611069508177e-16, 9.606117237126455e-05, 2.269643311013619e-17, 0.0014352871803566813, 0.005381395108997822, -2.035457229943526e-17, 0.0009794732322916389, -3.689732180111692e-18, -0.003413317957893014, -0.017703117802739143, -1.2744779497646486e-17, -0.007038008887320757, 1.294747514366893e-17, 0.009604107588529587, 0.08120246976613998, 3.2789115226801896e-17, 0.031065121293067932, 8.415815788633921e-18, 0.48128512501716614, 0.4369896352291107, -3.424963866947503e-18, -0.002121508587151766, 7.273380101024684e-18, 0.01287468709051609, 0.06971579790115356, -2.6098001207433396e-18, -0.0291578508913517, -1.0297100779904099e-17], [1.6977633918467127e-18, 2.5480055413837774e-19, -2.3157539931626462e-32, -1.0799395039938655e-18, -1.764219978343697e-32, -8.57303635330065e-18, -5.400386354624431e-18, 3.862348604461668e-33, 1.830662571757698e-18, 5.714280995793649e-34, 2.355477361636409e-17, 2.2386804517606565e-17, 9.450552137328865e-33, -1.244495402935138e-18, -9.146838376209964e-34, -2.1945232345568608e-17, -2.102631740308345e-17, 1.6219581255241313e-34, -1.807237850785962e-18, 8.015132108310768e-34, 5.844598473587352e-18, 3.8285860264572936e-18, 1.9095351042711266e-33, 2.6798002800806396e-18, -1.4004170214929742e-33, 8.88349626234589e-18, 1.0842274014941873e-17, 0.0010611097095534205, -1.1361452892435015e-18, 1.1489158954960927e-34, -4.130910200587768e-18, -3.424963866947503e-18, 0.0018370450707152486, -1.2747418048704165e-19, 1.249898275948042e-33, 4.23627233111171e-18, 4.373662894953705e-18, 0.001075787004083395, 5.056763430653445e-19, -2.850341686527508e-34], [3.128143725916743e-05, -8.022894326131791e-05, -2.2738685495825398e-17, -2.9600101697724313e-05, -2.779291123975711e-17, -0.0002214201376773417, 0.00015314116899389774, 2.1811384596290177e-17, 0.00012762031110469252, -8.487608448358624e-18, 0.0008295342558994889, -0.00010616381769068539, 3.770025361401296e-18, -0.0004497129702940583, -6.517291939807832e-19, -0.0031458502635359764, -0.0008937722304835916, -1.041038724899751e-19, 0.0011752537684515119, -1.983637011545039e-18, 0.010785424150526524, 0.00827969890087843, -1.4590221098613516e-18, -0.0021105213090777397, 2.752603237525999e-19, -0.028591735288500786, -0.03073316067457199, -5.391990264611865e-19, 0.0007443015929311514, -5.179060533255762e-19, 0.0002807553973980248, -0.002121508587151766, -1.2747418048704165e-19, 0.0040968856774270535, 1.334337040228171e-18, 0.02625969797372818, 0.02897591143846512, -1.9430795706297399e-19, 0.0024363421835005283, -1.6594087846014305e-18], [-2.3925601580103756e-18, -3.0075242756904738e-18, -3.273145799702222e-32, 1.2334724716404389e-19, -3.863157271106637e-32, 4.185861049450585e-18, 7.652615114920033e-18, 1.557900148623246e-32, 1.7076402385533256e-18, -8.335045650951939e-34, 1.5445223931069765e-17, 1.4271952604585775e-17, -1.6487742373390585e-32, -2.595226232325921e-18, 6.728930066870023e-33, -2.6287918980943427e-17, -2.5870328429224607e-17, -1.9409028036808347e-33, -3.9296980512951498e-19, -9.220205754090583e-34, 6.747520292519104e-18, 4.0358695263496865e-19, -6.123949960604832e-34, 1.7558281104266968e-19, -3.1845501129118907e-34, -2.192157828877204e-17, -2.1314932299331776e-17, 9.702836183889367e-34, -2.3219962750856207e-19, 0.0010611101752147079, 9.966950663557647e-18, 7.273380101024684e-18, 1.249898275948042e-33, 1.334337040228171e-18, 0.0018370419275015593, -3.840591725867888e-18, -2.7253510484624034e-18, -7.5177326940198565e-34, -1.1631890287927336e-18, 0.0010757874697446823], [-4.006969902548008e-05, 5.4037034715292975e-05, -4.3187410801303895e-17, -1.1774850463552866e-05, 2.972893738960482e-17, 0.00016901548951864243, -0.00015662160876672715, 6.917581099116432e-17, -3.128266325802542e-05, -6.443551683330874e-17, -0.0006012156954966486, 0.00033945165341719985, 2.608364904477917e-16, 0.00021093599207233638, -9.24805130191026e-17, 0.0021347934380173683, -0.000802965194452554, 8.761957787762861e-18, -0.000771678052842617, -3.003405123035113e-18, -0.006796612404286861, 0.0008226445061154664, 6.332826527305444e-19, 0.002832449972629547, -8.06989712827037e-18, 0.017631515860557556, -0.0033290316350758076, -1.389544645953124e-17, -0.009882660582661629, 6.3120390649216804e-18, -0.07912848889827728, 0.01287468709051609, 4.23627233111171e-18, 0.02625969797372818, -3.840591725867888e-18, 0.551527202129364, 0.4898587465286255, 1.2009375194441676e-19, -0.0003744596615433693, -8.973990648539804e-18], [5.4018244554754347e-05, 5.46146220585797e-05, -6.555101290272835e-17, -5.075924127595499e-05, 1.3794528150053085e-18, -0.00013383026816882193, -0.00014910662139300257, 8.298188554859288e-17, 8.022865949897096e-05, -7.84662271753271e-17, 0.00032759419991634786, 0.0005877517396584153, 2.620813377126799e-16, -0.00011565472959773615, -9.977106456246328e-17, -0.0004402944468893111, -0.0018065334297716618, 7.632141567578733e-18, -6.572479378519347e-06, -4.824780731260525e-18, 0.000415240996517241, 0.0061541106551885605, -1.3296348286385367e-18, 0.0013704876182600856, -7.555920182854421e-18, 0.002327264053747058, -0.016101159155368805, -1.2434370046618612e-17, -0.008708706125617027, 7.42124608014405e-18, 0.007960135117173195, 0.06971579790115356, 4.373662894953705e-18, 0.02897591143846512, -2.7253510484624034e-18, 0.4898587465286255, 0.4419806897640228, -2.620991305744511e-19, 0.00035862997174263, -1.1828523940830686e-17], [-4.875986106309701e-18, -3.8810127336809045e-18, 1.278377583699688e-32, 1.3010389880674254e-18, 1.5237599723187267e-32, 1.3048399450206525e-17, 1.2151193862897821e-17, -2.4078673835320115e-33, -5.397870484791351e-19, -1.0399961271934602e-34, -1.1870718423877016e-17, -1.0116123588044847e-17, 2.001439293380244e-33, -2.024707433687092e-19, -3.8448363100283085e-34, 9.100503787326727e-18, 7.941954621384956e-18, -2.5530871750308796e-34, 9.737080066461304e-19, -3.3580409108900194e-34, -1.9573547951472386e-18, 4.7173569112209314e-21, -1.1502630992658564e-33, -6.204266633490336e-19, 2.102845747194577e-34, 2.4357654557652453e-18, 1.6806430279135496e-18, 5.9537296542336295e-34, 1.1309570056464158e-19, 1.628350220439838e-34, -2.792456282450921e-18, -2.6098001207433396e-18, 0.001075787004083395, -1.9430795706297399e-19, -7.5177326940198565e-34, 1.2009375194441676e-19, -2.620991305744511e-19, -0.001539143966510892, 2.6097036508044006e-19, 1.1555078474103133e-34], [1.177525791717926e-05, 5.0761089369188994e-05, 7.864781151775596e-18, 1.7621921699628729e-07, 2.126507646945198e-17, 3.7807083572261035e-05, -9.784683788893744e-05, 8.775883786965498e-19, -2.9600050766021013e-05, 1.6512969345268527e-18, -0.0002125609462382272, 0.0001904232776723802, 3.210214834552151e-17, 0.00014108237519394606, -5.730340842756015e-18, 0.0009426636970601976, -0.00019783231255132705, 1.9439321353473406e-18, -0.00047835891018621624, 7.881002060190185e-19, -0.003264715662226081, -0.0009624737431295216, 1.4561310102229022e-18, 0.0013764938339591026, -1.4310096384172433e-18, 0.011389432474970818, 0.0067700110375881195, -2.872053391255061e-18, -0.002493844600394368, -1.5834830910967128e-19, -0.03134257346391678, -0.0291578508913517, 5.056763430653445e-19, 0.0024363421835005283, -1.1631890287927336e-18, -0.0003744596615433693, 0.00035862997174263, 2.6097036508044006e-19, -0.0010660379193723202, 8.96374374190665e-19], [2.8899535797107086e-18, 2.6507699628927848e-18, 1.668923826816885e-32, -6.885201713743988e-19, 1.87733148144119e-32, -7.503630787612494e-18, -8.202068182447156e-18, -1.2299914444207596e-32, -2.201745410523607e-19, 2.8039654497339435e-33, 5.46409084231959e-18, 7.745539757753627e-18, 8.119365029108104e-33, 2.2362161979977998e-18, -2.6073114896551136e-33, 2.0333843153284682e-17, 2.2668029382262344e-17, 1.810442767206731e-33, -9.540807684690487e-19, 9.168706244555105e-34, -3.5230110325194855e-18, 3.615634116321016e-19, 1.151531255632302e-33, -1.3903812667644177e-19, 5.334808001296694e-34, 1.3106673497180273e-17, 1.2696648339343863e-17, -1.0665770850369253e-33, 3.1744826690221183e-20, -1.3042420915116515e-34, -1.0063465270249721e-17, -1.0297100779904099e-17, -2.850341686527508e-34, -1.6594087846014305e-18, 0.0010757874697446823, -8.973990648539804e-18, -1.1828523940830686e-17, 1.1555078474103133e-34, 8.96374374190665e-19, -0.0015391416382044554]], [[0.5558507442474365, 0.4856759309768677, 9.782325936069281e-17, -0.0005500065162777901, -8.487305203946062e-17, -0.08727404475212097, 0.0177889596670866, -2.081427544331977e-18, -0.029164455831050873, 2.212614501734008e-17, 0.018468065187335014, -0.003934428561478853, -1.2406655566990176e-18, 0.012077819555997849, -1.4921073698095179e-18, -0.00773376040160656, 0.0010007284581661224, 7.720504309334097e-18, -0.0038551604375243187, 2.5584363406068593e-18, 0.002774469554424286, -0.000953212846070528, 1.6121027182803138e-17, 0.0011990979546681046, -6.847104566464363e-18, -0.000925704138353467, 0.00041306798812001944, -4.763676899411233e-18, -0.0003823820152319968, 2.7035465158167173e-19, 0.00030568699003197253, -0.00021614626166410744, 1.516546813918188e-17, 8.647287904750556e-05, 2.2800228560579956e-18, -8.828162390273064e-05, 7.654703222215176e-05, -6.05141017033786e-18, -1.4011841358296806e-06, -6.107052955783077e-18], [0.4856759309768677, 0.4379075765609741, 1.2390677208610703e-16, 0.0015726815909147263, -9.095894406081336e-17, 0.011620525270700455, 0.08011719584465027, 1.4478206781603423e-17, -0.030983705073595047, 2.1717959509185988e-17, 0.0025977788027375937, -0.016661405563354492, -4.535075610964853e-18, 0.010823329910635948, 1.3324541703588471e-18, 0.0002233463164884597, 0.00674683740362525, 1.2939371255207748e-17, -0.0021793432533740997, 1.4989418462231607e-18, -0.00038131666951812804, -0.0022715036757290363, 1.3362018362011105e-17, 0.00023773704015184194, -5.593254267789133e-18, 0.00036658596945926547, 0.0008455913630314171, -3.7260863544430914e-18, 8.161206642398611e-05, 5.085994959525303e-19, -0.0001700806460576132, -0.00025747233303263783, 1.2801923615903487e-17, -9.83008139883168e-05, 1.9977377526520774e-18, 7.655600347789004e-05, 0.00010594476043479517, -4.678280427332483e-18, 7.696231477893889e-05, -5.156007836764521e-18], [9.782325936069281e-17, 1.2390677208610703e-16, -0.00018289382569491863, 7.186538544415804e-18, -1.5005411303567049e-33, 3.8454845819092007e-17, 1.3321360780542899e-17, 0.0008775531314313412, -3.155340334459873e-17, 2.0076738215434177e-32, -2.7260778672512354e-16, -2.9147621324882153e-16, 1.385028569845062e-31, 6.0869375776470124e-18, 6.8783960102869996e-34, 9.357906181213223e-17, 8.778288152852006e-17, 2.284276605436327e-32, 3.537765122233349e-17, -1.9461061294247496e-32, 1.187554485731514