{"HF": -421.5728343252, "coordinates": [[-0.095546339, 1.519278505, 0.017802975], [1.471332301, 1.286011, 0.003542371], [1.266127774, 0.067928258, 0.941245795], [2.150842396, -1.002961377, 0.629854375], [1.832317838, -1.181279758, -0.761265692], [0.533531809, -2.04859326, -0.829094382], [-0.552126935, -1.196756025, -0.331843333], [0.114213456, 0.000663335, -0.095347274], [1.26854701, 0.204860326, -1.101406871], [-0.524980509, 1.908081537, 0.944954722], [-0.506290855, 2.026511761, -0.857415246], [2.240232034, 2.052813807, 0.059198594], [1.112142047, 0.174198139, 2.01336791], [2.684137045, -1.59965427, -1.297807901], [0.291442645, -2.364428564, -1.851829951], [0.624013488, -2.925887113, -0.183503682], [1.03187452, 0.473686002, -2.129555906]], "elements": ["C", "C", "C", "O", "C", "C", "O", "C", "C", "H", "H", "H", "H", "H", "H", "H", "H"], "Enn": 482.9405271057, "S": [[1.0, 0.325565, 0.151774, 0.0, -0.0, 0.0, 0.0, -0.0, 0.0, -0.0, 0.0, 0.0, -0.0, 0.0, 0.0, 0.011673, 0.048443, 0.000131, -0.014359, 0.002138, 0.000917, -0.100739, 0.014997, -0.006363, -0.000196, 2.9e-05, 0.010545, -0.003211, 0.0, 0.000557, 0.016985, -0.000153, -0.000225, 0.00024, -0.017576, -0.025918, 0.027624, -2.3e-05, 4.4e-05, -4.7e-05, -4e-06, -6.9e-05, 0.0, 0.0, 9e-06, 0.0, 0.0, 0.0, -5e-06, -1.8e-05, 2.1e-05, 0.0, 0.0, 0.0, 0.0, 0.0, 0.0, 0.0, 0.00077, 0.0, -0.0, 0.0, 0.000408, -0.001009, 0.001414, -0.0, -0.0, 0.0, -0.0, -0.0, 0.0, 0.0, 0.00028, 0.0, -0.0, 0.0, 0.000137, -0.000102, 0.000577, 0.0, 0.0, 0.0, 0.0, 0.0, 0.0, 0.0, 0.000308, 0.0, 0.0, 0.0, 0.000126, 0.000165, 0.000982, -0.0, 0.0, 0.0, -0.0, 0.0, 0.0, 0.014174, 0.051787, 0.001341, -0.002486, 0.017995, 0.007861, -0.014573, 0.105509, -0.008418, -0.000298, 0.002155, -0.014188, -0.003996, 0.0, 0.000537, 0.016772, 0.000177, -0.000215, 0.000207, 0.020993, -0.025586, 0.024654, -1e-05, -5e-05, 4.8e-05, 2e-06, -5.8e-05, 0.050049, 0.086868, -0.069719, 0.032292, -0.029237, 0.050286, 0.086986, 0.06633, 0.031129, -0.038441, 6.9e-05, 0.012599, -0.0, -3e-06, -1e-06, 8e-06, 0.006642, -0.0, -0.0, 0.0, 0.0, 4.2e-05, 0.0, 0.0, 0.0, 0.0, 5.1e-05, 0.0, 0.0, 0.0, 0.0, 2.6e-05, 0.0, 0.0, 0.0, 1.2e-05, 0.007463, 0.0, -0.0, 0.0], [0.325565, 1.0, 0.798485, -0.0, 0.0, -0.0, 0.0, 0.0, 0.0, 0.0, 0.0, 0.0, -0.0, -0.0, 0.011673, 0.164727, 0.329462, 0.001709, -0.18775, 0.027951, 0.004778, -0.525002, 0.078159, -0.07714, -0.00238, 0.000354, 0.127838, -0.038926, 0.000557, 0.031467, 0.146191, -0.015691, -0.023138, 0.024661, -0.124474, -0.183544, 0.195632, -0.007662, 0.0148, -0.015774, -0.001485, -0.02326, -0.0, 1.1e-05, 0.001345, -2e-06, -7e-06, 8e-06, -0.000711, -0.002611, 0.002931, -8e-06, 4e-06, -4e-06, -2e-06, -1.5e-05, 0.0, 0.000237, 0.013266, 4.6e-05, -0.000113, 0.000159, 0.007134, -0.017653, 0.024728, -5e-05, -2.6e-05, 3.7e-05, -3.1e-05, -9.2e-05, 0.0, 4.8e-05, 0.00605, 8e-06, -6e-06, 3.3e-05, 0.003217, -0.002389, 0.013552, -7e-06, -1e-06, 6e-06, -1.3e-05, -5e-06, -6e-06, 0.000559, 0.013062, 8e-05, 0.000105, 0.000625, 0.004411, 0.00576, 0.034265, -0.000462, 3.5e-05, 0.000207, -0.000782, 0.00027, 0.014174, 0.183045, 0.346963, 0.015376, -0.028505, 0.206369, 0.040176, -0.07448, 0.539216, -0.082232, -0.002908, 0.021057, -0.138606, -0.039035, 0.000537, 0.030846, 0.144767, 0.018579, -0.022644, 0.021819, 0.149216, -0.181864, 0.175241, -0.003584, -0.017498, 0.016861, 0.000763, -0.02055, 0.367769, 0.520883, -0.306728, 0.142069, -0.128627, 0.368709, 0.521438, 0.290431, 0.136301, -0.16832, 0.010846, 0.113958, -0.000177, -0.009996, -0.002283, 0.003452, 0.068848, -0.00202, -0.001222, 0.001362, 0.0, 0.001275, 0.0, -0.0, 0.0, 1e-06, 0.001485, 0.0, -0.0, 0.0, 0.0, 0.000873, 0.0, -0.0, 0.0, 0.004251, 0.075464, 0.002826, -0.001484, 0.001376], [0.151774, 0.798485, 1.0, -0.0, 0.0, 0.0, -0.0, 0.0, 0.0, -0.0, 0.0, 0.0, -0.0, 0.0, 0.048443, 0.329462, 0.556217, 0.001757, -0.193091, 0.028746, 0.005146, -0.565417, 0.084176, -0.034619, -0.001068, 0.000159, 0.057371, -0.017469, 0.016985, 0.146191, 0.324648, -0.047118, -0.069478, 0.074054, -0.186616, -0.275177, 0.2933, -0.012333, 0.023821, -0.02539, -0.002389, -0.037439, -0.000429, 0.005026, 0.024157, -0.000778, -0.002857, 0.003207, -0.008399, -0.030828, 0.034613, -0.001635, 0.00073, -0.00082, -0.000349, -0.00301, 0.00077, 0.013266, 0.066195, 0.002965, -0.007337, 0.010278, 0.028411, -0.070304, 0.098482, -0.003483, -0.00185, 0.002592, -0.002203, -0.006413, 0.00028, 0.00605, 0.039343, 0.001382, -0.001026, 0.005821, 0.017637, -0.013101, 0.074301, -0.0017, -0.000268, 0.001522, -0.003106, -0.00113, -0.002804, 0.025904, 0.085099, 0.002444, 0.003192, 0.018988, 0.017478, 0.022824, 0.135771, -0.006271, 0.000472, 0.00281, -0.010607, 0.00367, 0.051787, 0.346963, 0.575624, 0.01475, -0.027344, 0.197967, 0.042367, -0.078541, 0.568617, -0.03402, -0.001203, 0.008711, -0.057343, -0.016149, 0.016772, 0.144767, 0.322548, 0.056504, -0.068867, 0.066359, 0.224604, -0.273747, 0.263778, -0.005858, -0.028602, 0.02756, 0.001246, -0.03359, 0.454289, 0.763073, -0.158074, 0.073216, -0.066289, 0.454825, 0.763622, 0.149411, 0.070119, -0.086591, 0.08514, 0.273747, -0.001136, -0.064096, -0.014641, 0.048969, 0.194857, -0.029882, -0.018084, 0.020141, 0.00063, 0.013216, 0.000163, -0.000344, 0.000386, 0.000744, 0.014649, 0.000278, -5.8e-05, 0.000578, 0.000418, 0.010238, 1.6e-05, -5.7e-05, 0.000349, 0.054154, 0.207299, 0.035904, -0.018851, 0.017482], [0.0, -0.0, -0.0, 1.0, 0.0, -0.0, 0.531899, 0.0, 0.0, -0.0, -0.0, 0.0, 0.0, 0.0, -0.000131, -0.001709, -0.001757, 0.055943, 0.002605, -0.000388, 0.178564, 0.003465, -0.000516, 0.002401, -0.090447, 0.013465, -0.002403, 0.000732, 0.000153, 0.015691, 0.047118, -0.003781, -0.013544, 0.014436, 0.017222, -0.071629, 0.076346, -0.009317, 0.005096, -0.005432, -0.001026, -0.016079, -0.0, 1e-06, 0.000249, 0.0, -0.0, 1e-06, 0.000149, -0.000532, 0.000597, -1e-06, 0.0, -0.0, -0.0, -1e-06, -0.0, -4.6e-05, -0.002965, -1e-06, 2e-05, -2.8e-05, 0.00167, 0.004517, -0.006327, 8e-06, 1e-06, -2e-06, 4e-06, 1.3e-05, -0.0, -8e-06, -0.001382, -0.0, 1e-06, -5e-06, 0.000515, 0.000614, -0.003485, 1e-06, 0.0, -0.0, 1e-06, 0.0, 0.0, -5.4e-05, -0.001828, 1.7e-05, -1e-05, -6.1e-05, 0.003631, -0.000917, -0.005454, 6.3e-05, 8e-06, 4.8e-05, 8.8e-05, -3e-05, -0.001341, -0.015376, -0.01475, 0.063484, 0.003241, -0.023463, 0.188226, 0.003923, -0.028401, 0.021844, -0.014033, 0.101596, 0.02161, 0.006086, -0.000177, -0.018579, -0.056504, -0.007864, 0.015991, -0.015409, -0.005489, 0.085927, -0.082798, 0.007702, 0.009593, -0.009244, -0.000635, 0.017113, 0.332008, 0.17687, -0.235636, 0.203254, -0.184023, -0.314444, -0.167155, -0.188683, -0.184291, 0.227583, 0.000214, 0.001529, 0.000924, -0.000209, -4.8e-05, 0.00271, 0.042802, -0.001327, -0.0009, 0.001003, -0.0, -0.000388, -0.0, 0.0, -0.0, -0.0, -0.000649, -0.0, 0.0, -0.0, -0.0, -4e-05, 0.0, 0.0, -0.0, -0.003716, -0.050846, -0.002149, 0.001244, -0.001154], [-0.0, 0.0, 0.0, 0.0, 1.0, -0.0, 0.0, 0.531899, 0.0, 0.0, -0.0, 0.0, -0.0, 0.0, 0.014359, 0.18775, 0.193091, 0.002605, -0.230261, 0.042612, 0.003465, -0.202074, 0.056672, -0.107069, -0.004091, 0.000732, 0.173526, -0.066921, 0.000225, 0.023138, 0.069478, -0.013544, -0.014567, 0.021287, -0.071629, -0.039823, 0.112578, -0.004846, 0.011604, -0.016079, -0.006647, -0.018237, -0.0, 3e-06, 0.000914, -0.0, -2e-06, 2e-06, -0.000532, -0.001659, 0.002193, -2e-06, 1e-06, -1e-06, -1e-06, -3e-06, 0.0, 0.000113, 0.007337, 2e-05, -4.2e-05, 6.9e-05, 0.004517, -0.007682, 0.015657, -1.6e-05, -8e-06, 1.3e-05, -1.4e-05, -2.9e-05, 0.0, 6e-06, 0.001026, 1e-06, 0.0, 3e-06, 0.000614, 0.000886, 0.002588, -0.0, 0.0, 0.0, -1e-06, 0.0, 0.0, -7e-05, -0.002387, -1e-05, 1.2e-05, -8e-05, -0.000917, 0.003136, -0.007123, 6.1e-05, 4e-06, -3e-05, 0.000127, 3.1e-05, 0.002486, 0.028505, 0.027344, 0.003241, 0.059224, 0.043496, 0.003923, 0.18307, 0.05265, -0.015403, 0.006974, 0.006086, -0.054547, 0.093597, 0.000215, 0.022644, 0.068867, 0.015991, -0.014234, 0.01878, 0.085927, -0.039716, 0.100914, -0.000763, -0.013675, 0.017113, -0.004205, -0.01606, -0.153778, -0.081922, 0.203254, 0.109048, 0.085235, -0.14757, -0.078447, -0.184291, 0.117517, 0.106806, 0.012062, 0.086265, -0.000209, -0.010842, -0.002688, 0.00164, 0.025903, -0.0009, -0.000384, 0.000607, 0.0, 0.000819, 0.0, -0.0, 0.0, 0.0, 0.000134, 0.0, 0.0, 0.0, 0.0, 0.000141, 0.0, -0.0, 0.0, 0.001951, 0.026696, 0.001244, -0.000432, 0.000606], [0.0, -0.0, 0.0, -0.0, -0.0, 1.0, 0.0, 0.0, 0.531899, 0.0, 0.0, -0.0, 0.0, -0.0, -0.002138, -0.027951, -0.028746, -0.000388, 0.042612, 0.049623, -0.000516, 0.056672, 0.170158, 0.01594, 0.000732, 0.000715, -0.052777, -0.078524, -0.00024, -0.024661, -0.074054, 0.014436, 0.021287, -0.017285, 0.076346, 0.112578, -0.054193, 0.005165, -0.016079, 0.013656, -0.003859, 0.020137, 0.0, -3e-06, -0.001026, 1e-06, 2e-06, -2e-06, 0.000597, 0.002193, -0.002168, 2e-06, -1e-06, 1e-06, 0.0, 4e-06, -0.0, -0.000159, -0.010278, -2.8e-05, 6.9e-05, -8.9e-05, -0.006327, 0.015657, -0.018437, 2.2e-05, 1.3e-05, -1.7e-05, 1.2e-05, 4.3e-05, -0.0, -3.3e-05, -0.005821, -5e-06, 3e-06, -1.8e-05, -0.003485, 0.002588, -0.013338, 3e-06, 0.0, -3e-06, 5e-06, 2e-06, 1e-06, -0.000417, -0.014201, -6.1e-05, -8e-05, -0.00045, -0.005454, -0.007123, -0.038036, 0.000363, -3e-05, -0.000172, 0.000613, -0.000225, -0.017995, -0.206369, -0.197967, -0.023463, 0.043496, -0.249673, -0.028401, 0.05265, -0.19083, 0.111514, 0.006086, -0.036246, 0.185149, 0.067193, -0.000207, -0.021819, -0.066359, -0.015409, 0.01878, -0.01284, -0.082798, 0.100914, -0.032227, 0.000735, 0.017113, -0.012405, -0.005543, 0.015119, 0.139228, 0.074171, -0.184023, 0.085235, 0.12602, 0.182236, 0.096875, 0.227583, 0.106806, 0.07211, 0.002755, 0.019704, -4.8e-05, -0.002688, 0.000313, -0.001827, -0.02885, 0.001003, 0.000607, -0.000515, -0.0, -0.000919, -0.0, 0.0, -0.0, -0.0, -0.001348, -0.0, 0.0, -0.0, -0.0, -0.000873, -0.0, 0.0, -0.0, -0.00181, -0.024758, -0.001154, 0.000606, -0.000341], [0.0, 0.0, -0.0, 0.531899, 0.0, 0.0, 1.0, 0.0, 0.0, 0.0, 0.0, 0.0, 0.0, 0.0, -0.000917, -0.004778, -0.005146, 0.178564, 0.003465, -0.000516, 0.504429, 0.006146, -0.000915, 0.002053, -0.124033, 0.018465, -0.001241, 0.000378, 0.017576, 0.124474, 0.186616, 0.017222, -0.071629, 0.076346, 0.144041, -0.184579, 0.196735, -0.044583, -0.008227, 0.008769, -0.002941, -0.046083, -0.000176, 0.002134, 0.009667, 0.000673, -0.001383, 0.001553, 0.010542, -0.013819, 0.015516, -0.001261, -0.000714, 0.000802, -0.000194, -0.001673, -0.000408, -0.007134, -0.028411, 0.00167, 0.004517, -0.006327, 0.028188, 0.034502, -0.04833, 0.00357, -0.001048, 0.001468, 0.001561, 0.004545, -0.000137, -0.003217, -0.017637, 0.000515, 0.000614, -0.003485, 0.013983, 0.006671, -0.037832, 0.001588, -9.5e-05, 0.000541, 0.002112, 0.000769, 0.00089, -0.007906, -0.02218, 0.006534, -0.001133, -0.006741, 0.054723, -0.006713, -0.039935, 0.004011, 0.001441, 0.008572, 0.004339, -0.001501, -0.007861, -0.040176, -0.042367, 0.188226, 0.003923, -0.028401, 0.52141, 0.006795, -0.049195, 0.016951, -0.017553, 0.127082, 0.009924, 0.002795, -0.020993, -0.149216, -0.224604, -0.005489, 0.085927, -0.082798, 0.084699, 0.222418, -0.214318, 0.043912, 0.005462, -0.005263, -0.001856, 0.050033, 0.479131, 0.450946, 0.056778, 0.097267, -0.088064, -0.452898, -0.426015, 0.079762, -0.087951, 0.108612, 0.003215, 0.006696, 0.033212, -0.002945, -0.000673, 0.083016, 0.224068, -0.044143, -0.036808, 0.040996, -0.000408, -0.008212, -4.1e-05, 0.000236, -0.000265, -0.000699, -0.013035, -0.000192, 5.8e-05, -0.000579, -3.9e-05, -0.000955, 4e-05, 6e-06, -3.4e-05, -0.100073, -0.257683, -0.060947, 0.041928, -0.038885], [-0.0, 0.0, 0.0, 0.0, 0.531899, 0.0, 0.0, 1.0, 0.0, 0.0, 0.0, 0.0, 0.0, 0.0, 0.100739, 0.525002, 0.565417, 0.003465, -0.202074, 0.056672, 0.006146, -0.170846, 0.100539, -0.01066, -0.001409, 0.000378, 0.012306, -0.023053, 0.025918, 0.183544, 0.275177, -0.071629, -0.039823, 0.112578, -0.184579, -0.002957, 0.290099, -0.000705, 0.017771, -0.046083, -0.041885, -0.027931, -0.000644, 0.007833, 0.03548, -0.001383, -0.004025, 0.005699, -0.013819, -0.036411, 0.056946, -0.002687, 0.001185, -0.001673, -0.001833, -0.004882, 0.001009, 0.017653, 0.070304, 0.004517, -0.007682, 0.015657, 0.034502, -0.043247, 0.119597, -0.004747, -0.002291, 0.004545, -0.006222, -0.007943, 0.000102, 0.002389, 0.013101, 0.000614, 0.000886, 0.002588, 0.006671, 0.018008, 0.028102, -0.000698, 0.000238, 0.000769, -0.001847, 0.001005, 0.001163, -0.010323, -0.028964, -0.001133, 0.005922, -0.008802, -0.006713, 0.051097, -0.052149, 0.002407, 0.000999, -0.001501, 0.007301, 0.007761, 0.014573, 0.07448, 0.078541, 0.003923, 0.18307, 0.05265, 0.006795, 0.512478, 0.091199, -0.00066, 0.009195, 0.002795, -0.036159, 0.123409, 0.025586, 0.181864, 0.273747, 0.085927, -0.039716, 0.100914, 0.222418, -0.003895, 0.261211, 0.010808, -0.021451, 0.050033, -0.034877, -0.025192, -0.221922, -0.208867, 0.097267, 0.221727, 0.040789, -0.212547, -0.199931, -0.087951, 0.225892, 0.050972, 0.181418, 0.377823, -0.002945, -0.132928, -0.037961, 0.05024, 0.135603, -0.036808, -0.005597, 0.02481, 0.000862, 0.017351, 0.000236, -0.000429, 0.000561, 0.000145, 0.002698, 5.8e-05, 7.5e-05, 0.00012, 0.000141, 0.003414, 6e-06, 2.2e-05, 0.000123, 0.052541, 0.13529, 0.041928, -0.003101, 0.020416], [0.0, 0.0, 0.0, 0.0, 0.0, 0.531899, 0.0, 0.0, 1.0, 0.0, 0.0, 0.0, 0.0, 0.0, -0.014997, -0.078159, -0.084176, -0.000516, 0.056672, 0.170158, -0.000915, 0.100539, 0.489518, 0.001587, 0.000378, 0.001073, -0.038769, -0.117874, -0.027624, -0.195632, -0.2933, 0.076346, 0.112578, -0.054193, 0.196735, 0.290099, -0.039986, 0.000751, -0.046083, 0.023654, -0.035399, 0.034879, 0.000723, -0.008795, -0.039837, 0.001553, 0.005699, -0.005349, 0.015516, 0.056946, -0.049632, 0.003017, -0.001673, 0.001573, -0.000457, 0.005773, -0.001414, -0.024728, -0.098482, -0.006327, 0.015657, -0.018437, -0.04833, 0.119597, -0.125401, 0.00665, 0.004545, -0.005414, 0.002107, 0.013397, -0.000577, -0.013552, -0.074301, -0.003485, 0.002588, -0.013338, -0.037832, 0.028102, -0.13642, 0.00396, 0.000769, -0.003986, 0.007322, 0.002961, 0.006917, -0.06141, -0.172295, -0.006741, -0.008802, -0.04496, -0.039935, -0.052149, -0.250353, 0.014317, -0.001501, -0.00768, 0.023987, -0.010028, -0.105509, -0.539216, -0.568617, -0.028401, 0.05265, -0.19083, -0.049195, 0.091199, -0.135184, 0.004777, 0.002795, -0.010653, 0.004601, 0.019748, -0.024654, -0.175241, -0.263778, -0.082798, 0.100914, -0.032227, -0.214318, 0.261211, 0.015489, -0.010415, 0.050033, -0.017738, -0.037968, 0.021619, 0.200925, 0.189105, -0.088064, 0.040789, 0.229848, 0.262477, 0.246897, 0.108612, 0.050972, 0.204222, 0.041439, 0.086302, -0.000673, -0.037961, 0.024593, -0.055956, -0.151029, 0.040996, 0.02481, -0.010954, -0.000968, -0.019469, -0.000265, 0.000561, -0.000558, -0.001452, -0.027078, -0.000579, 0.00012, -0.001115, -0.000869, -0.021093, -3.4e-05, 0.000123, -0.000719, -0.048727, -0.125471, -0.038885, 0.020416, -2.1e-05], [-0.0, 0.0, -0.0, -0.0, 0.0, 0.0, 0.0, 0.0, 0.0, 1.0, 0.0, 0.0, 0.0, 0.0, -0.006363, -0.07714, -0.034619, -0.002401, 0.107069, -0.01594, -0.002053, 0.01066, -0.001587, 0.080199, 0.004686, -0.000698, -0.086993, 0.026489, -2.3e-05, -0.007662, -0.012333, 0.009317, 0.004846, -0.005165, 0.044583, 0.000705, -0.000751, -0.002645, -0.009042, 0.009638, 0.000262, 0.004111, 0.0, -0.0, -0.000474, 0.0, 0.0, -0.0, 0.000379, 0.000965, -0.001084, 0.0, -0.0, 0.0, 0.0, 0.0, -0.0, -5e-05, -0.003483, -8e-06, 1.6e-05, -2.2e-05, -0.00357, 0.004747, -0.00665, 3e-06, 2e-06, -3e-06, 2e-06, 6e-06, 0.0, -7e-06, -0.0017, -1e-06, 0.0, -3e-06, -0.001588, 0.000698, -0.00396, 0.0, 0.0, -0.0, 0.0, 0.0, 0.0, -9.5e-05, -0.005458, -1.5e-05, -1.5e-05, -9e-05, -0.003234, -0.002508, -0.014918, 7.6e-05, -7e-06, -4.3e-05, 0.000128, -4.4e-05, -0.008418, -0.082232, -0.03402, -0.021844, 0.015403, -0.111514, -0.016951, 0.00066, -0.004777, 0.081698, 0.005785, -0.041885, 0.084268, 0.023732, -1e-05, -0.003584, -0.005858, -0.007702, 0.000763, -0.000735, -0.043912, -0.010808, 0.010415, -0.006344, 0.006367, -0.006135, 4.9e-05, -0.001329, 0.174352, 0.028354, 0.003868, 0.226219, -0.204815, 0.139937, 0.022692, -0.065376, 0.188401, -0.232659, -0.005275, -0.021089, 0.000113, 0.004494, 0.001026, 0.000925, 0.009766, -0.000292, -0.000289, 0.000322, -0.0, -0.00032, -0.0, 0.0, -0.0, -0.0, -0.000224, -0.0, 0.0, -0.0, -0.0, -0.000301, 0.0, 0.0, 0.0, 0.001787, 0.015818, 0.000769, -0.000559, 0.000518], [0.0, 0.0, 0.0, -0.0, -0.0, 0.0, 0.0, 0.0, 0.0, 0.0, 1.0, 0.0, 0.0, 0.0, -0.000196, -0.00238, -0.001068, 0.090447, 0.004091, -0.000732, 0.124033, 0.001409, -0.000378, 0.004686, -0.166715, 0.028947, -0.004301, 0.001585, 4.4e-05, 0.0148, 0.023821, -0.005096, -0.011604, 0.016079, 0.008227, -0.017771, 0.046083, -0.009042, 0.006374, -0.008375, -0.005047, -0.016993, 0.0, 0.0, 0.000212, -0.0, -0.0, 0.0, 0.00011, -0.000428, 0.000555, -0.0, 0.0, -0.0, -0.0, -0.0, -0.0, -2.6e-05, -0.00185, -1e-06, 8e-06, -1.3e-05, 0.001048, 0.002291, -0.004545, 2e-06, 0.0, -1e-06, 2e-06, 4e-06, 0.0, -1e-06, -0.000268, -0.0, -0.0, -0.0, 9.5e-05, -0.000238, -0.000769, 0.0, 0.0, -0.0, 0.0, 0.0, -0.0, 7e-06, 0.000411, -1e-06, -1e-06, 7e-06, -0.000813, -0.000526, 0.00138, -7e-06, 0.0, -4e-06, -1.2e-05, -2e-06, -0.000298, -0.002908, -0.001203, 0.014033, -0.006974, -0.006086, 0.017553, -0.009195, -0.002795, 0.005785, 0.028812, 0.02999, 0.009814, -0.014681, -5e-05, -0.017498, -0.028602, -0.009593, 0.013675, -0.017113, -0.005462, 0.021451, -0.050033, 0.006367, 0.011047, -0.013111, 0.003507, 0.018005, -0.173796, -0.028264, 0.191642, 0.134479, 0.13557, 0.157561, 0.02555, 0.150314, -0.139616, -0.16042, 0.000308, 0.001231, 0.001076, -0.00028, -6.8e-05, 0.001644, 0.017359, -0.000674, -0.00034, 0.000498, -0.0, -0.00029, -0.0, 0.0, -0.0, -0.0, -6.8e-05, -0.0, -0.0, -0.0, -0.0, -7e-06, 0.0, 0.0, 0.0, -0.002186, -0.019344, -0.001092, 0.000449, -0.000575], [0.0, 0.0, 0.0, 0.0, 0.0, -0.0, 0.0, 0.0, 0.0, 0.0, 0.0, 1.0, 0.0, 0.0, 2.9e-05, 0.000354, 0.000159, -0.013465, -0.000732, -0.000715, -0.018465, -0.000378, -0.001073, -0.000698, 0.028947, 0.023412, 0.001168, 0.001495, -4.7e-05, -0.015774, -0.02539, 0.005432, 0.016079, -0.013656, -0.008769, 0.046083, -0.023654, 0.009638, -0.008375, 0.007443, -0.00253, 0.018617, 0.0, -0.0, -0.000238, 0.0, 0.0, -0.0, -0.000124, 0.000555, -0.000557, 0.0, -0.0, 0.0, 0.0, 0.0, 0.0, 3.7e-05, 0.002592, 2e-06, -1.3e-05, 1.7e-05, -0.001468, -0.004545, 0.005414, -3e-06, -1e-06, 1e-06, -2e-06, -5e-06, 0.0, 6e-06, 0.001522, 0.0, -0.0, 3e-06, -0.000541, -0.000769, 0.003986, -0.0, -0.0, 0.0, -0.0, -0.0, -0.0, 4.2e-05, 0.002446, -9e-06, 7e-06, 4.2e-05, -0.004835, 0.00138, 0.007451, -4.3e-05, -4e-06, -2.4e-05, -6.3e-05, 2.3e-05, 0.002155, 0.021057, 0.008711, -0.101596, -0.006086, 0.036246, -0.127082, -0.002795, 0.010653, -0.041885, 0.02999, -0.184165, -0.037468, -0.012962, 4.8e-05, 0.016861, 0.02756, 0.009244, -0.017113, 0.012405, 0.005263, -0.050033, 0.017738, -0.006135, -0.013111, 0.010074, 0.004965, -0.01704, 0.157353, 0.02559, -0.173509, 0.13557, 0.161473, -0.194574, -0.031552, -0.185624, -0.16042, -0.071416, 7e-05, 0.000281, 0.000246, -6.8e-05, 4e-06, -0.001831, -0.019334, 0.00075, 0.000498, -0.000447, 0.0, 0.000325, 0.0, -0.0, 0.0, 0.0, 0.000683, 0.0, -0.0, 0.0, 0.0, 4.6e-05, 0.0, 0.0, 0.0, 0.002027, 0.01794, 0.001013, -0.000575, 0.000363], [-0.0, -0.0, -0.0, 0.0, -0.0, 0.0, 0.0, 0.0, 0.0, 0.0, 0.0, 0.0, 1.0, 0.0, 0.010545, 0.127838, 0.057371, 0.002403, -0.173526, 0.052777, 0.001241, -0.012306, 0.038769, -0.086993, -0.004301, 0.001168, 0.15506, -0.099322, -4e-06, -0.001485, -0.002389, 0.001026, 0.006647, 0.003859, 0.002941, 0.041885, 0.035399, 0.000262, -0.005047, -0.00253, -0.010519, 0.002101, 0.0, -0.0, -0.000101, 0.0, 0.0, -0.0, 6.4e-05, 0.000482, 1e-05, 0.0, -0.0, 0.0, -0.0, 0.0, -0.0, -3.1e-05, -0.002203, -4e-06, 1.4e-05, -1.2e-05, -0.001561, 0.006222, -0.002107, 2e-06, 2e-06, -2e-06, -0.0, 5e-06, 0.0, -1.3e-05, -0.003106, -1e-06, 1e-06, -5e-06, -0.002112, 0.001847, -0.007322, 0.0, 0.0, -0.0, 1e-06, 0.0, 0.0, -0.00016, -0.009232, -2.1e-05, -3e-05, -0.000151, -0.003989, -0.006199, -0.025093, 0.000128, -1.2e-05, -6.3e-05, 0.000215, -8.9e-05, -0.014188, -0.138606, -0.057343, -0.02161, 0.054547, -0.185149, -0.009924, 0.036159, -0.004601, 0.084268, 0.009814, -0.037468, 0.161712, 0.100587, 2e-06, 0.000763, 0.001246, 0.000635, 0.004205, 0.005543, 0.001856, 0.034877, 0.037968, 4.9e-05, 0.003507, 0.004965, -0.009148, -0.000966, 0.007256, 0.00118, -0.013497, -0.12539, -0.124847, -0.019411, -0.003148, -0.0341, -0.142491, -0.136438, 0.008235, 0.032924, -0.000142, -0.006909, -0.002072, -0.00012, -0.001263, 5.4e-05, 9.7e-05, 3.6e-05, -0.0, -7.9e-05, -0.0, 0.0, -0.0, -0.0, -0.000703, -0.0, 0.0, -0.0, -0.0, -0.000497, 0.0, 0.0, 0.0, 8e-05, 0.00071, 4.3e-05, 6.7e-05, 0.000104], [0.0, -0.0, 0.0, 0.0, 0.0, -0.0, 0.0, 0.0, 0.0, 0.0, 0.0, 0.0, 0.0, 1.0, -0.003211, -0.038926, -0.017469, -0.000732, 0.066921, 0.078524, -0.000378, 0.023053, 0.117874, 0.026489, 0.001585, 0.001495, -0.099322, -0.140881, -6.9e-05, -0.02326, -0.037439, 0.016079, 0.018237, -0.020137, 0.046083, 0.027931, -0.034879, 0.004111, -0.016993, 0.018617, 0.002101, 0.022269, 0.0, -1e-06, -0.000873, 0.0, 0.0, -0.0, 0.000555, 0.001763, -0.002043, 0.0, -0.0, 0.0, 0.0, 1e-06, -0.0, -9.2e-05, -0.006413, -1.3e-05, 2.9e-05, -4.3e-05, -0.004545, 0.007943, -0.013397, 6e-06, 4e-06, -5e-06, 5e-06, 1.2e-05, 0.0, -5e-06, -0.00113, -0.0, -0.0, -2e-06, -0.000769, -0.001005, -0.002961, 0.0, 0.0, -0.0, 0.0, 0.0, -0.0, 5.5e-05, 0.003194, 7e-06, -5e-06, 5.5e-05, 0.00138, -0.00409, 0.00973, -4.4e-05, -2e-06, 2.3e-05, -8.9e-05, -1.2e-05, -0.003996, -0.039035, -0.016149, -0.006086, -0.093597, -0.067193, -0.002795, -0.123409, -0.019748, 0.023732, -0.014681, -0.012962, 0.100587, -0.167129, -5.8e-05, -0.02055, -0.03359, -0.017113, 0.01606, -0.015119, -0.050033, 0.025192, -0.021619, -0.001329, 0.018005, -0.01704, -0.000966, 0.016862, -0.072882, -0.011852, 0.13557, 0.056394, -0.074791, -0.091315, -0.014808, -0.16042, 0.080915, -0.033516, 0.003969, 0.015869, -6.8e-05, -0.003604, 0.000202, -0.001108, -0.0117, 0.000498, 0.000229, -0.000271, -0.0, -0.000687, -0.0, 0.0, -0.0, -0.0, -0.000141, -0.0, -0.0, -0.0, -0.0, -0.000165, 0.0, 0.0, 0.0, -0.001064, -0.009419, -0.000575, 0.000219, -0.00019], [0.0, 0.011673, 0.048443, -0.000131, 0.014359, -0.002138, -0.000917, 0.100739, -0.014997, -0.006363, -0.000196, 2.9e-05, 0.010545, -0.003211, 1.0, 0.325565, 0.151774, 0.0, 0.0, 0.0, 0.0, 0.0, 0.0, -0.0, 0.0, -0.0, -0.0, 0.0, 0.0, 0.013406, 0.050804, -0.010321, 0.002259, 0.013407, -0.063714, 0.013943, 0.082765, 0.000761, -0.002179, -0.012934, -0.008162, 0.00283, 0.0, 0.0, 0.00124, -0.0, -0.0, 0.0, -0.001018, -0.001104, 0.00372, -0.0, 0.0, -0.0, -0.0, -0.0, 0.0, 4.1e-05, 0.006871, 4e-06, -2e-06, 1.3e-05, 0.005089, -0.002402, 0.016417, -0.0, -0.0, 1e-06, -1e-06, -0.0, 0.0, 0.0, 0.000472, 0.0, 0.0, 0.0, 0.000247, 0.000278, 0.00099, 0.0, 0.0, 0.0, 0.0, 0.0, 0.0, 0.0, 3.1e-05, 0.0, 0.0, 0.0, 1e-05, 6.1e-05, 7.5e-05, 0.0, 0.0, 0.0, 0.0, 0.0, 0.0, 0.003136, 0.03082, 0.00016, 0.002191, 0.002075, 0.00376, 0.051602, 0.048873, -0.000799, 0.000107, 0.000101, 7.6e-05, 0.00139, 0.0, 0.012956, 0.050211, 0.011624, 0.002133, 0.011374, 0.074062, 0.013592, 0.072466, 0.003782, 0.002383, 0.012706, -0.005997, 0.002332, 0.000139, 0.015471, -4e-06, 9e-06, -3e-06, 0.000151, 0.015856, 4e-06, 1e-05, -4e-06, 0.051017, 0.087345, -0.00432, -0.059675, -0.059513, 0.000112, 0.014541, -6e-06, 1e-06, 3e-06, 0.0, 0.001097, 0.0, 0.0, 0.0, 0.0, 6.5e-05, 0.0, 0.0, 0.0, 0.0, 5.6e-05, 0.0, 0.0, 0.0, 0.000113, 0.01455, 6e-06, 1e-06, 2e-06], [0.011673, 0.164727, 0.329462, -0.001709, 0.18775, -0.027951, -0.004778, 0.525002, -0.078159, -0.07714, -0.00238, 0.000354, 0.127838, -0.038926, 0.325565, 1.0, 0.798485, 0.0, 0.0, 0.0, 0.0, 0.0, 0.0, 0.0, 0.0, 0.0, -0.0, 0.0, 0.013406, 0.177587, 0.341845, -0.122903, 0.026896, 0.159651, -0.327453, 0.071659, 0.425363, 0.007908, -0.022649, -0.134441, -0.084842, 0.029421, -5e-05, 0.002633, 0.032141, -0.000779, -0.000845, 0.002845, -0.02032, -0.022046, 0.074264, -0.001759, 0.000527, -0.001776, -0.00296, -0.001927, 4.1e-05, 0.007533, 0.07247, 0.002456, -0.001159, 0.007924, 0.046956, -0.022163, 0.151482, -0.00256, -0.000485, 0.003314, -0.005232, -0.001564, 0.0, 0.000109, 0.009077, 2e-05, 2.3e-05, 8e-05, 0.004983, 0.005613, 0.019958, -1.9e-05, 5e-06, 1.7e-05, -3.2e-05, 2e-05, -0.0, 4.3e-05, 0.002956, 5e-06, 2.9e-05, 3.6e-05, 0.00089, 0.005372, 0.006591, -3.6e-05, 8e-06, 1e-05, -1.3e-05, 6.2e-05, 0.003136, 0.080645, 0.23203, 0.005078, 0.069692, 0.066006, 0.022369, 0.306982, 0.290747, -0.041294, 0.005526, 0.005233, 0.003904, 0.07182, 0.012956, 0.174325, 0.338749, 0.141653, 0.025997, 0.138602, 0.381941, 0.070096, 0.373715, 0.040835, 0.025731, 0.137184, -0.064754, 0.025177, 0.015678, 0.133955, -0.006398, 0.013568, -0.004228, 0.016386, 0.136573, 0.006185, 0.014206, -0.005319, 0.371586, 0.523133, -0.018641, -0.257531, -0.256829, 0.014026, 0.127573, -0.011879, 0.002123, 0.006572, 0.00014, 0.016682, 2.3e-05, -2.1e-05, 5.1e-05, 1e-06, 0.001796, 0.0, 0.0, 0.0, 1e-06, 0.001607, 0.0, 0.0, 0.0, 0.014042, 0.127634, 0.012625, 0.002601, 0.004808], [0.048443, 0.329462, 0.556217, -0.001757, 0.193091, -0.028746, -0.005146, 0.565417, -0.084176, -0.034619, -0.001068, 0.000159, 0.057371, -0.017469, 0.151774, 0.798485, 1.0, 0.0, -0.0, 0.0, -0.0, -0.0, -0.0, -0.0, 0.0, 0.0, -0.0, 0.0, 0.050804, 0.341845, 0.569983, -0.120282, 0.026322, 0.156247, -0.347402, 0.076025, 0.451278, 0.003349, -0.009591, -0.056934, -0.03593, 0.012459, -0.005898, 0.049599, 0.140137, -0.008604, -0.009335, 0.031446, -0.052245, -0.056683, 0.190941, -0.008294, 0.002487, -0.008377, -0.013959, -0.009089, 0.006871, 0.07247, 0.203924, 0.018245, -0.008612, 0.058859, 0.093678, -0.044215, 0.302206, -0.012414, -0.002352, 0.016075, -0.025375, -0.007587, 0.000472, 0.009077, 0.051479, 0.002104, 0.00237, 0.008427, 0.023162, 0.026088, 0.092762, -0.002449, 0.000624, 0.00222, -0.004094, 0.0025, -0.000822, 0.00887, 0.037366, 0.00077, 0.004643, 0.005697, 0.007202, 0.043453, 0.053317, -0.00279, 0.000654, 0.000802, -0.000997, 0.004838, 0.03082, 0.23203, 0.440912, 0.008328, 0.114294, 0.108249, 0.027787, 0.381337, 0.36117, -0.032155, 0.004303, 0.004075, 0.00304, 0.055926, 0.050211, 0.338749, 0.566557, 0.14034, 0.025756, 0.137318, 0.406714, 0.074642, 0.397955, 0.017542, 0.011054, 0.058933, -0.027818, 0.010816, 0.101693, 0.305291, -0.031374, 0.066531, -0.020732, 0.103879, 0.309303, 0.029369, 0.06746, -0.02526, 0.45646, 0.765295, -0.009538, -0.131774, -0.131415, 0.096381, 0.295402, -0.063165, 0.011289, 0.034942, 0.010379, 0.074889, 0.003546, -0.003305, 0.007863, 0.000915, 0.016652, 0.000347, 0.000221, 0.000683, 0.00081, 0.015448, 3.1e-05, 0.000139, 0.000689, 0.096432, 0.295498, 0.067078, 0.013819, 0.025544], [0.000131, 0.001709, 0.001757, 0.055943, 0.002605, -0.000388, 0.178564, 0.003465, -0.000516, -0.002401, 0.090447, -0.013465, 0.002403, -0.000732, 0.0, 0.0, 0.0, 1.0, 0.0, 0.0, 0.531899, 0.0, -0.0, 0.0, -0.0, 0.0, -0.0, 0.0, 0.010321, 0.122903, 0.120282, -0.052305, 0.025106, 0.149028, 0.044204, 0.031226, 0.185353, -0.060942, -0.015426, -0.091569, -0.108212, 0.037525, -5e-06, 0.000632, 0.00905, -3e-06, -0.00022, 0.000741, 0.00605, -0.007167, 0.024143, -0.000711, 8e-06, -2.8e-05, -0.000919, -0.000598, -4e-06, -0.002456, -0.018245, -0.000114, 0.00041, -0.002804, 0.013769, 0.006639, -0.04538, 0.001291, 4.8e-05, -0.00033, 0.001969, 0.000589, -0.0, -2e-05, -0.002104, -1e-06, -4e-06, -1.3e-05, 0.000889, -0.001477, -0.005253, 3e-06, -0.0, -1e-06, 4e-06, -2e-06, 0.0, -2e-06, -0.00033, 1e-06, -1e-06, -2e-06, 0.000634, -0.000667, -0.000819, 2e-06, 1e-06, 1e-06, 1e-06, -3e-06, -0.00016, -0.005078, -0.008328, 0.019754, -0.005495, -0.005204, 0.115056, -0.013503, -0.012789, 0.006131, 0.023283, 0.022051, -0.00039, -0.007175, -0.011624, -0.141653, -0.14034, -0.094168, -0.028433, -0.151591, -0.011103, -0.035955, -0.191694, 0.02021, -0.02548, -0.135846, 0.096562, -0.037544, 0.007484, 0.041394, -0.001731, 0.007123, -0.00222, -0.007208, -0.038656, -0.001264, -0.006904, 0.002585, 0.020198, 0.010667, 0.204903, -0.022221, -0.02216, 0.014024, 0.083839, -0.01154, 0.002308, 0.007144, -4.2e-05, -0.006067, -3e-06, 4e-06, -1e-05, -0.0, -0.00079, -0.0, -0.0, -0.0, -0.0, -7.1e-05, 0.0, -0.0, -0.0, -0.014903, -0.089027, -0.013195, -0.003002, -0.005549], [-0.014359, -0.18775, -0.193091, 0.002605, -0.230261, 0.042612, 0.003465, -0.202074, 0.056672, 0.107069, 0.004091, -0.000732, -0.173526, 0.066921, 0.0, 0.0, -0.0, 0.0, 1.0, 0.0, 0.0, 0.531899, -0.0, 0.0, 0.0, 0.0, -0.0, 0.0, -0.002259, -0.026896, -0.026322, 0.025106, 0.056926, -0.032613, 0.031226, 0.180059, -0.040562, -0.009979, -0.055191, 0.037525, 0.037142, 0.071693, -5e-06, 0.000686, 0.009819, -0.00022, -3.8e-05, 0.000804, -0.007167, 0.00488, 0.026194, -0.000503, 3.4e-05, -0.000598, -0.001152, -0.000126, 2e-06, 0.001159, 0.008612, 0.00041, 0.000561, 0.001324, 0.006639, 0.024702, 0.021419, -0.000377, 0.000198, 0.000589, -0.001063, 0.000639, -0.0, -2.3e-05, -0.00237, -4e-06, -2e-06, -1.4e-05, -0.001477, 0.000536, -0.005917, 2e-06, -0.0, -2e-06, 5e-06, -1e-06, 0.0, -1.4e-05, -0.00199, -1e-06, -8e-06, -1.1e-05, -0.000667, -0.00328, -0.004938, 1.1e-05, -2e-06, -3e-06, 6e-06, -1.8e-05, -0.002191, -0.069692, -0.114294, -0.005495, -0.055251, -0.071418, -0.013503, -0.069272, -0.175512, 0.042856, -0.005839, -0.007175, 0.018482, -0.075896, -0.002133, -0.025997, -0.025756, -0.028433, 0.055542, -0.027821, -0.035955, 0.178212, -0.03518, -0.018618, 0.063196, -0.037544, 0.030612, 0.061835, -0.015871, -0.087779, 0.007123, -0.013477, 0.004707, -0.016558, -0.088793, -0.006904, -0.014118, 0.005938, 0.279033, 0.147366, -0.022221, -0.100474, -0.306148, -0.002506, -0.014983, 0.002308, 0.000961, -0.001277, 4e-05, 0.005654, 4e-06, -3e-06, 9e-06, -0.0, -0.000502, -0.0, -0.0, -0.0, -0.0, -0.00032, -0.0, -0.0, -0.0, -0.00307, -0.018341, -0.003002, 0.000758, -0.001143], [0.002138, 0.027951, 0.028746, -0.000388, 0.042612, 0.049623, -0.000516, 0.056672, 0.170158, -0.01594, -0.000732, -0.000715, 0.052777, 0.078524, 0.0, 0.0, 0.0, 0.0, 0.0, 1.0, -0.0, -0.0, 0.531899, 0.0, 0.0, 0.0, 0.0, -0.0, -0.013407, -0.159651, -0.156247, 0.149028, -0.032613, -0.131168, 0.185353, -0.040562, -0.053883, -0.059235, 0.037525, 0.161234, 0.060664, -0.035284, 1.7e-05, -0.002311, -0.033076, 0.000741, 0.000804, -0.002508, 0.024143, 0.026194, -0.075581, 0.001693, -0.000598, 0.001872, 0.002835, 0.002031, -1.3e-05, -0.007924, -0.058859, -0.002804, 0.001324, -0.008292, -0.04538, 0.021419, -0.118561, 0.002577, 0.000589, -0.003739, 0.005433, 0.001765, -0.0, -8e-05, -0.008427, -1.3e-05, -1.4e-05, -4.9e-05, -0.005253, -0.005917, -0.018838, 9e-06, -2e-06, -8e-06, 1.4e-05, -9e-06, 0.0, -1.7e-05, -0.002442, -2e-06, -1.1e-05, -1.2e-05, -0.000819, -0.004938, -0.005314, 1.3e-05, -3e-06, -4e-06, 3e-06, -2.3e-05, -0.002075, -0.066006, -0.108249, -0.005204, -0.071418, -0.047486, -0.012789, -0.175512, -0.05019, 0.040589, -0.007175, -0.005059, -0.027644, -0.069427, -0.011374, -0.138602, -0.137318, -0.151591, -0.027821, -0.087566, -0.191694, -0.03518, -0.002754, -0.099261, -0.037544, -0.129927, 0.025757, -0.023845, 0.004946, 0.027353, -0.00222, 0.004707, 0.000162, 0.0062, 0.033247, 0.002585, 0.005938, -0.000482, 0.278272, 0.146964, -0.02216, -0.306148, -0.098801, -0.007758, -0.046379, 0.007144, -0.001277, -0.002578, -9.4e-05, -0.013453, -1e-05, 9e-06, -2.1e-05, -0.0, -0.001554, -0.0, -0.0, -0.0, -0.0, -0.001591, -0.0, -0.0, -0.0, -0.005676, -0.033903, -0.005549, -0.001143, -0.000737], [0.000917, 0.004778, 0.005146, 0.178564, 0.003465, -0.000516, 0.504429, 0.006146, -0.000915, -0.002053, 0.124033, -0.018465, 0.001241, -0.000378, 0.0, 0.0, -0.0, 0.531899, 0.0, -0.0, 1.0, 0.0, 0.0, 0.0, 0.0, 0.0, -0.0, 0.0, 0.063714, 0.327453, 0.347402, 0.044204, 0.031226, 0.185353, 0.270215, 0.054461, 0.323276, -0.085141, 0.00332, 0.019709, -0.051408, 0.017827, -0.003789, 0.029695, 0.068916, 0.01001, -0.006556, 0.022084, 0.076453, -0.031551, 0.10628, -0.012371, -0.003295, 0.011099, -0.01131, -0.007364, -0.005089, -0.046956, -0.093678, 0.013769, 0.006639, -0.04538, 0.106596, 0.023561, -0.161036, 0.021111, -0.001859, 0.012706, 0.023134, 0.006917, -0.000247, -0.004983, -0.023162, 0.000889, -0.001477, -0.005253, 0.019544, -0.013378, -0.047569, 0.002466, 0.000256, 0.000911, 0.002919, -0.001783, 0.000205, -0.002235, -0.008575, 0.001842, -0.001343, -0.001647, 0.021634, -0.011198, -0.01374, 0.00131, 0.00178, 0.002184, 0.000331, -0.001609, -0.00376, -0.022369, -0.027787, 0.115056, -0.013503, -0.012789, 0.382687, -0.028153, -0.026665, 0.010297, 0.067554, 0.063981, -0.000431, -0.007934, -0.074062, -0.381941, -0.406714, -0.011103, -0.035955, -0.191694, 0.172309, -0.062973, -0.335741, 0.075194, -0.001965, -0.010474, 0.046833, -0.018209, 0.089369, 0.171199, 0.007822, 0.071441, -0.022262, -0.08372, -0.158779, 0.013693, -0.066463, 0.024886, 0.028918, 0.027155, 0.267598, -0.010516, -0.010488, 0.179574, 0.352795, -0.104793, 0.025667, 0.079448, -0.009425, -0.052327, -0.001317, 0.003457, -0.008225, -0.000875, -0.014844, -0.000243, -0.000226, -0.0007, -7.7e-05, -0.001381, 9.4e-05, -1.4e-05, -7e-05, -0.190702, -0.374564, -0.123032, -0.033351, -0.061649], [-0.100739, -0.525002, -0.565417, 0.003465, -0.202074, 0.056672, 0.006146, -0.170846, 0.100539, 0.01066, 0.001409, -0.000378, -0.012306, 0.023053, 0.0, 0.0, -0.0, 0.0, 0.531899, -0.0, 0.0, 1.0, 0.0, 0.0, 0.0, 0.0, 0.0, 0.0, -0.013943, -0.071659, -0.076025, 0.031226, 0.180059, -0.040562, 0.054461, 0.507161, -0.070745, -0.010889, -0.074881, 0.017827, 0.028294, 0.09727, -0.00411, 0.032218, 0.074769, -0.006556, 0.00894, 0.023959, -0.031551, 0.071303, 0.115307, -0.004225, -0.002708, -0.007364, -0.017581, 0.009897, 0.002402, 0.022163, 0.044215, 0.006639, 0.024702, 0.021419, 0.023561, 0.145393, 0.076008, -0.003031, 0.007469, 0.006917, -0.014922, 0.024096, -0.000278, -0.005613, -0.026088, -0.001477, 0.000536, -0.005917, -0.013378, 0.016354, -0.053577, 0.001563, 0.000121, -0.001783, 0.003989, 0.000485, 0.001237, -0.013482, -0.051732, -0.001343, -0.006036, -0.00994, -0.011198, -0.044072, -0.082898, 0.004443, -0.00098, -0.001609, 0.003996, -0.007255, -0.051602, -0.306982, -0.381337, -0.013503, -0.069272, -0.175512, -0.028153, -0.001627, -0.365933, 0.02325, -0.00341, -0.007934, 0.062245, -0.044324, -0.013592, -0.070096, -0.074642, -0.035955, 0.178212, -0.03518, -0.062973, 0.503884, -0.061617, -0.01503, 0.087282, -0.018209, 0.02524, 0.085402, -0.189512, -0.363036, 0.071441, -0.109982, 0.047207, -0.192306, -0.364715, -0.066463, -0.110038, 0.057164, 0.399504, 0.375145, -0.010516, 0.123073, -0.144889, -0.032093, -0.063051, 0.025667, 0.034239, -0.014199, 0.008783, 0.048766, 0.003457, -0.00083, 0.007666, -0.000556, -0.00944, -0.000226, -3.1e-05, -0.000445, -0.000349, -0.006254, -1.4e-05, 3.3e-05, -0.000317, -0.039288, -0.077167, -0.033351, 0.031981, -0.012701], [0.014997, 0.078159, 0.084176, -0.000516, 0.056672, 0.170158, -0.000915, 0.100539, 0.489518, -0.001587, -0.000378, -0.001073, 0.038769, 0.117874, 0.0, 0.0, -0.0, -0.0, -0.0, 0.531899, 0.0, 0.0, 1.0, 0.0, 0.0, 0.0, 0.0, 0.0, -0.082765, -0.425363, -0.451278, 0.185353, -0.040562, -0.053883, 0.323276, -0.070745, 0.099142, -0.064636, 0.017827, 0.027936, -0.034392, -0.006114, 0.013846, -0.108528, -0.251865, 0.022084, 0.023959, -0.064656, 0.10628, 0.115307, -0.282886, 0.014232, -0.007364, 0.019913, 0.023449, 0.021604, -0.016417, -0.151482, -0.302206, -0.04538, 0.021419, -0.118561, -0.161036, 0.076008, -0.362992, 0.020715, 0.006917, -0.038799, 0.04727, 0.018313, -0.00099, -0.019958, -0.092762, -0.005253, -0.005917, -0.018838, -0.047569, -0.053577, -0.159086, 0.005556, -0.001783, -0.005717, 0.009198, -0.00644, 0.001517, -0.016542, -0.063475, -0.001647, -0.00994, -0.010131, -0.01374, -0.082898, -0.078225, 0.005451, -0.001609, -0.001643, 3e-06, -0.009912, -0.048873, -0.290747, -0.36117, -0.012789, -0.175512, -0.05019, -0.026665, -0.365933, 0.038158, 0.02202, -0.007934, -0.002548, -0.070165, -0.034961, -0.072466, -0.373715, -0.397955, -0.191694, -0.03518, -0.002754, -0.335741, -0.061617, 0.186931, -0.080134, -0.018209, -0.006384, -0.04292, -0.001172, 0.059054, 0.113126, -0.022262, 0.047207, 0.026802, 0.072007, 0.136564, 0.024886, 0.057164, 0.021223, 0.398415, 0.374122, -0.010488, -0.144889, 0.123865, -0.099338, -0.195162, 0.079448, -0.014199, -0.005124, -0.020898, -0.116032, -0.008225, 0.007666, -0.015848, -0.001721, -0.029205, -0.0007, -0.000445, -0.001265, -0.001734, -0.031089, -7e-05, -0.000317, -0.001478, -0.072623, -0.142641, -0.061649, -0.012701, 0.015375], [-0.006363, -0.07714, -0.034619, 0.002401, -0.107069, 0.01594, 0.002053, -0.01066, 0.001587, 0.080199, 0.004686, -0.000698, -0.086993, 0.026489, -0.0, 0.0, -0.0, 0.0, 0.0, 0.0, 0.0, 0.0, 0.0, 1.0, 0.0, 0.0, 0.0, 0.0, 0.000761, 0.007908, 0.003349, 0.060942, 0.009979, 0.059235, 0.085141, 0.010889, 0.064636, -0.12128, 0.006824, 0.040506, -0.089315, 0.030972, 1e-06, -0.000646, -0.011155, 0.00026, 0.000197, -0.000663, 0.014373, 0.00725, -0.024423, 0.000443, -0.000215, 0.000725, 0.000823, 0.000536, -0.0, -0.00256, -0.012414, -0.001291, 0.000377, -0.002577, -0.021111, 0.003031, -0.020715, 0.000613, 0.000225, -0.001539, 0.001542, 0.000461, 0.0, -1.9e-05, -0.002449, -3e-06, -2e-06, -9e-06, -0.002466, -0.001563, -0.005556, 1e-06, -0.0, -1e-06, 1e-06, -1e-06, 0.0, -3e-06, -0.001184, -0.0, -1e-06, -2e-06, -0.000557, -0.002284, -0.002803, 2e-06, -0.0, -1e-06, 1e-06, -3e-06, -0.000799, -0.041294, -0.032155, -0.006131, -0.042856, -0.040589, -0.010297, -0.02325, -0.02202, 0.0392, -0.008852, -0.008383, -0.003108, -0.057167, 0.003782, 0.040835, 0.017542, -0.02021, 0.018618, 0.099261, -0.075194, 0.01503, 0.080134, -0.117058, 0.008714, 0.04646, -0.108546, 0.042203, -0.003924, -0.011473, 0.00287, -0.002891, 0.000901, -0.004768, -0.013428, -0.00312, -0.003728, 0.001396, -0.150265, -0.024155, 0.036879, 0.09364, 0.093385, 0.008724, 0.028037, -0.006607, 0.001648, 0.0051, -1.7e-05, -0.002684, -1e-06, 1e-06, -2e-06, -0.0, -0.000264, -0.0, -0.0, -0.0, -0.0, -0.000546, -0.0, -0.0, -0.0, 0.010733, 0.034461, 0.009055, 0.002438, 0.004506], [-0.000196, -0.00238, -0.001068, -0.090447, -0.004091, 0.000732, -0.124033, -0.001409, 0.000378, 0.004686, -0.166715, 0.028947, -0.004301, 0.001585, 0.0, 0.0, 0.0, -0.0, 0.0, 0.0, 0.0, 0.0, 0.0, 0.0, 1.0, 0.0, 0.0, 0.0, -0.002179, -0.022649, -0.009591, 0.015426, 0.055191, -0.037525, -0.00332, 0.074881, -0.017827, 0.006824, -0.04284, 0.034775, 0.054165, 0.092455, -0.0, 0.000194, 0.003345, -1.3e-05, -2.2e-05, 0.000227, 0.002045, 0.001432, 0.010133, -0.000215, 5e-06, -5e-05, -0.000363, -7.8e-05, -0.0, -0.000485, -0.002352, -4.8e-05, -0.000198, -0.000589, 0.001859, -0.007469, -0.006917, 0.000225, -2.5e-05, -0.000103, 0.000452, -0.000204, 0.0, 5e-06, 0.000624, 0.0, 0.0, 2e-06, -0.000256, -0.000121, 0.001783, -0.0, 0.0, 0.0, -0.0, 0.0, -0.0, 1e-06, 0.000277, -0.0, 0.0, 0.0, -0.000519, 0.000516, 0.00076, -0.0, -0.0, -0.0, -0.0, 1e-06, 0.000107, 0.005526, 0.004303, -0.023283, 0.005839, 0.007175, -0.067554, 0.00341, 0.007934, -0.008852, -0.027781, -0.032486, -0.001875, 0.010378, 0.002383, 0.025731, 0.011054, 0.02548, -0.063196, 0.037544, 0.001965, -0.087282, 0.018209, 0.008714, -0.06816, 0.048374, -0.051883, -0.093498, -0.009826, -0.028731, 0.002827, -0.009036, 0.003087, 0.009447, 0.026605, 0.002219, 0.008793, -0.003616, 0.01899, 0.003053, 0.237963, -0.011974, -0.029272, -0.00325, -0.010444, 0.00284, 0.000952, -0.00172, -1.4e-05, -0.002289, -1e-06, 1e-06, -2e-06, 0.0, 0.000255, 0.0, 0.0, 0.0, 0.0, 1.6e-05, -0.0, 0.0, 0.0, 0.004226, 0.013569, 0.003964, -0.000719, 0.001635], [2.9e-05, 0.000354, 0.000159, 0.013465, 0.000732, 0.000715, 0.018465, 0.000378, 0.001073, -0.000698, 0.028947, 0.023412, 0.001168, 0.001495, -0.0, 0.0, 0.0, 0.0, 0.0, 0.0, 0.0, 0.0, 0.0, 0.0, 0.0, 1.0, -0.0, 0.0, -0.012934, -0.134441, -0.056934, 0.091569, -0.037525, -0.161234, -0.019709, -0.017827, -0.027936, 0.040506, 0.034775, 0.157724, 0.111324, -0.057344, 1e-06, -0.000652, -0.011268, 4.5e-05, 0.000227, -0.000721, -0.006888, 0.010133, -0.029693, 0.000725, -5e-05, 0.000158, 0.000957, 0.000671, 1e-06, 0.003314, 0.016075, 0.00033, -0.000589, 0.003739, -0.012706, -0.006917, 0.038799, -0.001539, -0.000103, 0.000663, -0.002438, -0.000779, 0.0, 1.7e-05, 0.00222, 1e-06, 2e-06, 8e-06, -0.000911, 