{"HF": -438.82360479729, "coordinates": [[-0.151700375, 1.445967479, 0.010801385], [-0.017745581, -0.045069178, 0.08283515], [-0.044123385, -0.945306084, -1.179698405], [0.732371103, -2.157558259, -0.82800835], [0.016617275, -2.118918322, 0.493142934], [0.70947448, -0.88900876, 1.139604762], [2.103950635, -0.898032799, 1.2026084], [-1.077488073, -1.108105285, -0.090682749], [-2.434287523, -0.960085428, 0.020672091], [0.819474703, 1.917168104, -0.173815241], [-0.832586384, 1.747941192, -0.791981366], [-0.548433269, 1.849796638, 0.948523344], [-0.086731573, -0.525593919, -2.176754734], [0.376082113, -2.941707615, -1.371164207], [-0.115825049, -3.061001693, 1.02127722], [0.318565633, -0.679654388, 2.139485976], [2.381471359, -1.321686454, 0.375784357], [-2.866646397, -1.642915365, -0.50513162]], "elements": ["C", "C", "C", "N", "C", "C", "O", "C", "O", "H", "H", "H", "H", "H", "H", "H", "H", "H"], "Enn": 479.2754978851, "S": [[1.0, 0.325565, 0.151774, 0.0, -0.0, 0.0, 0.0, -0.0, 0.0, -0.0, 0.0, 0.0, -0.0, 0.0, 0.0, 0.016542, 0.054611, -0.001047, -0.001948, 0.021679, -0.005323, -0.009899, 0.110181, -0.010727, 0.000161, -0.001789, -0.018367, -0.003327, 0.0, 2.6e-05, 0.005875, 3e-06, -0.0, 7e-06, 0.006604, -0.000597, 0.013266, -0.0, -0.0, 0.0, -0.0, -0.0, 0.0, 0.0, 1.7e-05, 0.0, 0.0, 0.0, 6e-06, -6e-06, 2.6e-05, 0.0, 0.0, 0.0, 0.0, 0.0, 0.0, 0.0, 0.000416, -0.0, -0.0, 0.0, -0.000124, -4.3e-05, 0.000914, 0.0, 0.0, 0.0, 0.0, 0.0, 0.0, 1.7e-05, 0.005077, -2e-06, -1e-06, 4e-06, -0.005286, -0.004033, 0.010934, -0.0, 0.0, -0.0, -0.0, -0.0, 0.0, 0.0, 8e-06, 0.0, 0.0, 0.0, -8e-06, -1.5e-05, 1.6e-05, 0.0, 0.0, 0.0, 0.0, 0.0, 0.0, 1.9e-05, 0.005259, 0.0, 2e-06, 5e-06, 0.000495, 0.004516, 0.012458, -0.0, 0.0, 0.0, -0.0, 0.0, 0.0, 0.0, 1.8e-05, 0.0, 0.0, 0.0, -0.0, 3.9e-05, 4.1e-05, 0.0, 0.0, 0.0, 0.0, 0.0, 0.049745, 0.086717, 0.013744, -0.072299, -0.035078, 0.049748, 0.086718, 0.059769, 0.050693, -0.022483, 0.049708, 0.086698, -0.069722, 0.029498, -0.030026, 1e-06, 0.003625, 0.0, -0.0, 0.0, 0.0, 1.6e-05, 0.0, 0.0, 0.0, 0.0, 1.7e-05, 0.0, 0.0, 0.0, 0.0, 0.002817, -0.0, -0.0, 0.0, 0.0, 0.000346, 0.0, 0.0, 0.0, 0.0, 9.8e-05, 0.0, 0.0, 0.0], [0.325565, 1.0, 0.798485, 0.0, -0.0, -0.0, 0.0, 0.0, 0.0, 0.0, 0.0, 0.0, -0.0, 0.0, 0.016542, 0.199053, 0.36154, -0.010821, -0.020122, 0.22398, -0.026784, -0.049808, 0.554412, -0.088225, 0.001322, -0.014715, -0.151063, -0.027364, 2.6e-05, 0.005882, 0.064183, 0.002869, -0.000259, 0.005763, 0.063792, -0.005764, 0.128134, -0.001056, -0.000162, 0.003598, -0.003606, -0.000325, -0.0, 4e-06, 0.001207, -1e-06, 1e-06, -3e-06, 0.000583, -0.000614, 0.002503, -1e-06, -0.0, 1e-06, -2e-06, -1e-06, 0.0, 9e-05, 0.008232, -9e-06, -3e-06, 6.8e-05, -0.002587, -0.000903, 0.019123, -1.7e-05, 0.0, -8e-06, -3.1e-05, -3e-06, 1.7e-05, 0.004671, 0.057315, -0.002082, -0.001588, 0.004307, -0.05328, -0.040648, 0.110213, -0.000979, 0.000904, -0.002451, -0.00219, -0.00187, -0.0, 9e-06, 0.00119, -3e-06, -6e-06, 6e-06, -0.001218, -0.002305, 0.002395, -5e-06, 6e-06, -6e-06, -0.0, -1.1e-05, 1.9e-05, 0.004938, 0.058898, 0.0002, 0.001821, 0.005024, 0.004939, 0.045053, 0.124293, -0.002127, 9.4e-05, 0.000259, -0.002836, 0.002367, -0.0, 2.4e-05, 0.002082, -0.0, 1.7e-05, 1.8e-05, -1.8e-05, 0.004195, 0.004422, -2e-05, -0.0, -0.0, -2e-06, 3.5e-05, 0.366563, 0.520169, 0.060837, -0.320035, -0.155276, 0.366575, 0.520176, 0.264554, 0.224383, -0.099514, 0.366416, 0.520081, -0.308862, 0.130674, -0.133011, 0.001173, 0.042738, 0.000566, -1.7e-05, 0.00051, 0.0, 0.0006, 0.0, -0.0, 0.0, 0.0, 0.000622, -0.0, -0.0, 0.0, 0.000748, 0.035042, -0.000312, -6.9e-05, 0.000312, 1.8e-05, 0.006724, -0.0, -3e-06, 4e-06, 2e-06, 0.002494, 0.0, 0.0, 0.0], [0.151774, 0.798485, 1.0, -0.0, -0.0, 0.0, -0.0, 0.0, 0.0, -0.0, -0.0, 0.0, -0.0, -0.0, 0.054611, 0.36154, 0.591537, -0.00982, -0.018261, 0.203259, -0.027775, -0.051652, 0.574928, -0.034214, 0.000513, -0.005706, -0.058582, -0.010612, 0.005875, 0.064183, 0.188157, 0.024902, -0.00225, 0.050019, 0.133715, -0.012083, 0.268584, -0.0062, -0.00095, 0.021119, -0.021168, -0.001908, -0.000158, 0.002687, 0.018154, -0.000551, 0.000581, -0.002368, 0.007625, -0.008036, 0.032757, -0.000883, -0.000183, 0.000748, -0.001509, -0.000788, 0.000416, 0.008232, 0.048251, -0.001097, -0.000383, 0.008108, -0.012514, -0.004367, 0.092488, -0.002534, 5.8e-05, -0.00123, -0.004535, -0.000429, 0.005077, 0.057315, 0.174562, -0.020889, -0.015937, 0.04321, -0.116949, -0.089221, 0.241913, -0.006863, 0.006339, -0.017189, -0.015359, -0.013113, -0.000388, 0.0046, 0.022568, -0.001382, -0.002616, 0.002719, -0.015252, -0.028867, 0.029998, -0.001082, 0.001302, -0.001353, -9.8e-05, -0.00256, 0.005259, 0.058898, 0.177743, 0.001934, 0.017645, 0.04868, 0.010721, 0.097799, 0.269809, -0.014292, 0.000632, 0.001744, -0.019058, 0.015906, -0.000616, 0.006888, 0.030771, -1.7e-05, 0.004027, 0.004245, -0.000174, 0.040159, 0.042331, -0.002346, -1.7e-05, -1.8e-05, -0.000214, 0.004059, 0.453601, 0.762367, 0.031424, -0.165307, -0.080205, 0.453608, 0.762374, 0.136647, 0.115898, -0.051401, 0.453517, 0.762281, -0.159581, 0.067516, -0.068723, 0.02904, 0.141263, 0.018467, -0.000548, 0.016644, 0.000278, 0.007949, 6.9e-05, -2.6e-05, 0.00022, 0.000289, 0.008139, -5.3e-05, -2e-06, 0.000235, 0.023367, 0.123556, -0.014155, -0.003127, 0.014135, 0.003851, 0.040573, -0.000334, -0.002316, 0.00253, 0.001307, 0.020778, 0.000143, 0.000753, 0.000857], [0.0, 0.0, -0.0, 1.0, 0.0, 0.0, 0.531899, 0.0, 0.0, 0.0, -0.0, -0.0, -0.0, 0.0, 0.001047, 0.010821, 0.00982, 0.072919, -0.001495, 0.016644, 0.199331, -0.001678, 0.018677, -0.01571, -0.010537, 0.117288, -0.015552, -0.002817, -3e-06, -0.002869, -0.024902, -0.000961, 0.000136, -0.003012, -0.005375, 0.002653, -0.058983, 0.000919, 6.1e-05, -0.001367, 0.001967, 0.000177, 0.0, -0.0, -0.000278, 0.0, -0.0, 0.0, 3.8e-05, 0.000152, -0.000621, 0.0, 0.0, -0.0, 0.0, 0.0, 0.0, 9e-06, 0.001097, 1e-06, -0.0, 6e-06, 0.001563, -0.000136, 0.002887, -1e-06, -0.0, 0.0, -2e-06, -0.0, 2e-06, 0.002082, 0.020889, -0.00059, -0.00075, 0.002033, -0.002091, -0.01753, 0.04753, -0.000697, 0.00029, -0.000786, -0.00106, -0.000905, -0.0, 1e-06, 0.000422, -0.0, -1e-06, 1e-06, -0.000221, -0.0009, 0.000935, -1e-06, 1e-06, -1e-06, -0.0, -1e-06, -0.0, -0.0002, -0.001934, 0.000415, -7.8e-05, -0.000216, 0.021403, -0.001752, -0.004833, 0.000116, 0.00017, 0.000468, 0.000125, -0.000105, -0.0, 0.0, 7e-06, 0.0, 0.0, 0.0, 0.000492, 1.5e-05, 1.5e-05, -0.0, 1e-06, 1e-06, -0.0, 0.0, -0.065831, -0.035166, 0.18484, 0.091036, 0.044169, -0.28627, -0.152919, -0.125081, -0.277549, 0.123093, 0.334201, 0.178588, -0.244156, 0.188768, -0.192144, -0.000845, -0.02807, -0.00031, 1e-05, -0.000307, -0.0, -0.000182, -0.0, 0.0, -0.0, 0.0, 0.000138, -0.0, -0.0, 0.0, 0.000488, 0.022057, -0.000147, -3.6e-05, 0.000162, 1e-06, 0.000641, 0.0, -0.0, 0.0, -0.0, -0.000312, 0.0, -0.0, -0.0], [-0.0, -0.0, -0.0, 0.0, 1.0, 0.0, 0.0, 0.531899, 0.0, 0.0, 0.0, 0.0, -0.0, -0.0, 0.001948, 0.020122, 0.018261, -0.001495, 0.070942, 0.030951, -0.001678, 0.197112, 0.034733, -0.010728, -0.005486, -0.002817, -0.039593, 0.113564, 0.0, 0.000259, 0.00225, 0.000136, 0.000526, 0.000272, 0.002653, 0.02375, 0.00533, -3.7e-05, 0.000289, 0.000177, -0.000205, 0.00058, -0.0, 0.0, 0.000293, -0.0, 0.0, -0.0, 0.000152, 2.2e-05, 0.000655, -0.0, -0.0, 0.0, -0.0, -0.0, 0.0, 3e-06, 0.000383, -0.0, 2e-06, 2e-06, -0.000136, 0.001906, 0.001008, -0.0, -0.0, -0.0, -1e-06, 1e-06, 1e-06, 0.001588, 0.015937, -0.00075, -0.000179, 0.001551, -0.01753, 0.007513, 0.036261, -0.000276, 0.00014, -0.000905, -0.000957, -0.00029, -0.0, 2e-06, 0.0008, -1e-06, -1e-06, 1e-06, -0.0009, -0.001449, 0.00177, -1e-06, 1e-06, -1e-06, -0.0, -2e-06, -2e-06, -0.001821, -0.017645, -7.8e-05, -0.00029, -0.001968, -0.001752, 0.005613, -0.044089, 0.000758, -1.9e-05, -0.000105, 0.001318, -0.000475, 0.0, -8e-06, -0.001515, 0.0, -4e-06, -5e-06, 1.5e-05, -0.002889, -0.003564, 6e-06, 0.0, 0.0, 1e-06, -1e-05, 0.346303, 0.184993, 0.091036, -0.276748, -0.232352, -0.242802, -0.1297, -0.277549, -0.033249, 0.104402, -0.141394, -0.075557, 0.188768, 0.122154, 0.081293, 2.5e-05, 0.000834, 1e-05, 3e-05, 9e-06, 0.0, 6.9e-05, 0.0, 0.0, 0.0, 0.0, 5e-06, -0.0, 0.0, 0.0, 0.000108, 0.004873, -3.6e-05, 7e-06, 3.6e-05, 8e-06, 0.004447, -0.0, -1e-06, 1e-06, -1e-06, -0.001643, -0.0, -0.0, -0.0], [0.0, -0.0, 0.0, 0.0, 0.0, 1.0, 0.0, 0.0, 0.531899, 0.0, 0.0, 0.0, 0.0, -0.0, -0.021679, -0.22398, -0.203259, 0.016644, 0.030951, -0.270785, 0.018677, 0.034733, -0.186375, 0.119411, -0.002817, 0.025617, 0.203103, 0.047637, -7e-06, -0.005763, -0.050019, -0.003012, 0.000272, -0.005512, -0.058983, 0.00533, -0.094485, 0.000813, 0.000177, -0.003645, 0.003355, 0.000329, 0.0, -2e-06, -0.001194, 0.0, -0.0, 1e-06, -0.000621, 0.000655, -0.002485, 0.0, 0.0, -0.0, 1e-06, 0.0, -0.0, -6.8e-05, -0.008108, 6e-06, 2e-06, -4.3e-05, 0.002887, 0.001008, -0.019388, 8e-06, -0.0, 4e-06, 1.4e-05, 1e-06, -4e-06, -0.004307, -0.04321, 0.002033, 0.001551, -0.003812, 0.04753, 0.036261, -0.077432, 0.000748, -0.000905, 0.00226, 0.001792, 0.001724, 0.0, -2e-06, -0.000831, 1e-06, 1e-06, -1e-06, 0.000935, 0.00177, -0.001585, 1e-06, -1e-06, 1e-06, -0.0, 3e-06, -5e-06, -0.005024, -0.04868, -0.000216, -0.001968, -0.005005, -0.004833, -0.044089, -0.100039, 0.00209, -0.000105, -0.00027, 0.002677, -0.002461, 0.0, -8e-06, -0.001597, 0.0, -5e-06, -5e-06, 1.5e-05, -0.003564, -0.003265, 6e-06, 0.0, 0.0, -0.0, -1e-05, 0.168022, 0.089756, 0.044169, -0.232352, 0.089412, 0.107683, 0.057522, 0.123093, 0.104402, 0.155853, 0.143923, 0.076909, -0.192144, 0.081293, 0.119271, -0.000762, -0.025299, -0.000307, 9e-06, -0.000246, -0.0, -0.000577, -0.0, 0.0, -0.0, -0.0, -0.000615, 0.0, 0.0, -0.0, -0.000487, -0.022025, 0.000162, 3.6e-05, -0.000146, -8e-06, -0.004859, 0.0, 1e-06, -1e-06, -1e-06, -0.001869, -0.0, -0.0, -0.0], [0.0, 0.0, -0.0, 0.531899, 0.0, 0.0, 1.0, 0.0, 0.0, 0.0, -0.0, 0.0, 0.0, 0.0, 0.005323, 0.026784, 0.027775, 0.199331, -0.001678, 0.018677, 0.540511, -0.002852, 0.031744, -0.011224, -0.011908, 0.13255, -0.006497, -0.001177, -0.006604, -0.063792, -0.133715, -0.005375, 0.002653, -0.058983, 0.032377, 0.00995, -0.22118, 0.021652, 0.000304, -0.006747, 0.029465, 0.002656, 7.3e-05, -0.001365, -0.008743, -0.00017, -0.000331, 0.001348, 0.005006, 0.004361, -0.017778, 0.000767, -6e-05, 0.000243, 0.000977, 0.00051, 0.000124, 0.002587, 0.012514, 0.001563, -0.000136, 0.002887, 0.02544, -0.00129, 0.027316, -0.001398, -8.7e-05, 0.001848, -0.001845, -0.000175, 0.005286, 0.05328, 0.116949, -0.002091, -0.01753, 0.04753, 0.039851, -0.0692, 0.187627, -0.019555, 0.001175, -0.003186, -0.01991, -0.016998, -0.000304, 0.003756, 0.017462, -0.000341, -0.002433, 0.002529, 2.9e-05, -0.025009, 0.025988, -0.001772, 0.000378, -0.000393, -0.000105, -0.002732, -0.000495, -0.004939, -0.010721, 0.021403, -0.001752, -0.004833, 0.132586, -0.00683, -0.018844, 0.002666, 0.00777, 0.021435, 0.002231, -0.001862, -4e-06, 4.9e-05, 0.000204, 0.001528, 3.3e-05, 3.5e-05, 0.018836, 0.000298, 0.000314, -3e-05, 0.001662, 0.001752, -2e-06, 3.8e-05, -0.095242, -0.089704, 0.257967, 0.043719, 0.021212, -0.414154, -0.390071, 0.109136, -0.133285, 0.059112, 0.483659, 0.455578, 0.051853, 0.090693, -0.092315, -0.050483, -0.173885, -0.029354, 0.00113, -0.034277, -0.000171, -0.004997, -1.9e-05, 1.7e-05, -0.00014, 0.00013, 0.003748, 2e-06, -1e-06, 0.00011, 0.038452, 0.146538, -0.020825, -0.006061, 0.027398, 0.000866, 0.007599, 0.000605, -0.000583, 0.000637, -0.000363, -0.005235, 0.000134, -0.000227, -0.000258], [-0.0, 0.0, 0.0, 0.0, 0.531899, 0.0, 0.0, 1.0, 0.0, 0.0, 0.0, 0.0, -0.0, 0.0, 0.009899, 0.049808, 0.051652, -0.001678, 0.197112, 0.034733, -0.002852, 0.536742, 0.059031, -0.000148, -0.006328, -0.001177, -0.024046, 0.130994, 0.000597, 0.005764, 0.012083, 0.002653, 0.02375, 0.00533, 0.00995, 0.141592, 0.019986, -0.000192, 0.011157, 0.002656, -0.003682, 0.022411, -7.7e-05, 0.001439, 0.009215, -0.000331, -0.000135, -0.00142, 0.004361, 0.004547, 0.018737, -0.000499, 4.4e-05, 0.00051, -0.001208, 0.000189, 4.3e-05, 0.000903, 0.004367, -0.000136, 0.001906, 0.001008, -0.00129, 0.028686, 0.009532, -0.000296, -0.000309, -0.000175, -0.000755, 0.002287, 0.004033, 0.040648, 0.089221, -0.01753, 0.007513, 0.036261, -0.0692, 0.077763, 0.143142, -0.002721, -0.002962, -0.016998, -0.022232, 0.006127, -0.000575, 0.00711, 0.033049, -0.002433, -0.00366, 0.004786, -0.025009, -0.034089, 0.049186, -0.001602, 0.002095, -0.002732, -0.00121, -0.004121, -0.004516, -0.045053, -0.097799, -0.001752, 0.005613, -0.044089, -0.00683, 0.071024, -0.171904, 0.010732, 0.000185, -0.001862, 0.028193, 0.004656, 0.000996, -0.0114, -0.047096, 3.3e-05, -0.006099, -0.00804, 0.000298, -0.050109, -0.072676, 0.004146, 2.9e-05, 3.8e-05, 0.002128, -0.00708, 0.501019, 0.471889, 0.043719, 0.036294, -0.111585, -0.351268, -0.330842, -0.133285, 0.153236, 0.050136, -0.204627, -0.192747, 0.090693, 0.227846, 0.039057, 0.001499, 0.005164, 0.00113, 0.008645, 0.001018, 6.5e-05, 0.001909, 1.7e-05, 1.9e-05, 5.3e-05, 5e-06, 0.000133, -1e-06, 2.6e-05, 4e-06, 0.008495, 0.032373, -0.006061, 0.005273, 0.006053, 0.006012, 0.052739, -0.000583, -0.003359, 0.004423, -0.001912, -0.02755, -0.000227, -0.001018, -0.001359], [0.0, 0.0, 0.0, 0.0, 0.0, 0.531899, 0.0, 0.0, 1.0, -0.0, 0.0, 0.0, -0.0, -0.0, -0.110181, -0.554412, -0.574928, 0.018677, 0.034733, -0.186375, 0.031744, 0.059031, -0.115022, 0.001644, -0.001177, 0.006665, 0.001293, 0.012394, -0.013266, -0.128134, -0.268584, -0.058983, 0.00533, -0.094485, -0.22118, 0.019986, -0.301776, 0.004258, 0.002656, -0.047772, 0.036533, 0.004317, 0.000312, -0.005865, -0.03756, 0.001348, -0.00142, 0.005305, -0.017778, 0.018737, -0.067229, 0.002034, 0.00051, -0.00191, 0.00347, 0.002013, -0.000914, -0.019123, -0.092488, 0.002887, 0.001008, -0.019388, 0.027316, 0.009532, -0.172753, 0.006262, -0.000175, 0.00338, 0.011285, 0.001179, -0.010934, -0.110213, -0.241913, 0.04753, 0.036261, -0.077432, 0.187627, 0.143142, -0.257558, 0.007376, -0.016998, 0.036858, 0.022089, 0.028119, 0.000598, -0.007388, -0.034343, 0.002529, 0.004786, -0.004028, 0.025988, 0.049186, -0.03787, 0.001665, -0.002732, 0.002305, -0.000844, 0.004363, -0.012458, -0.124293, -0.269809, -0.004833, -0.044089, -0.100039, -0.018844, -0.171904, -0.340916, 0.029607, -0.001862, -0.004276, 0.034501, -0.039012, 0.00105, -0.012016, -0.049643, 3.5e-05, -0.00804, -0.006947, 0.000314, -0.072676, -0.057769, 0.004371, 3.8e-05, 3.3e-05, -0.001262, -0.007647, 0.243087, 0.228954, 0.021212, -0.111585, 0.212138, 0.155788, 0.146729, 0.059112, 0.050136, 0.244047, 0.208287, 0.196194, -0.092315, 0.039057, 0.226461, -0.045499, -0.156716, -0.034277, 0.001018, -0.022214, -0.000542, -0.015866, -0.00014, 5.3e-05, -0.000418, -0.000582, -0.016717, 0.00011, 4e-06, -0.000464, -0.038396, -0.146328, 0.027398, 0.006053, -0.020746, -0.006569, -0.057621, 0.000637, 0.004423, -0.004143, -0.002176, -0.031345, -0.000258, -0.001359, -0.001369], [-0.0, 0.0, -0.0, 0.0, 0.0, 0.0, 0.0, 0.0, -0.0, 1.0, 0.0, 0.0, 0.0, 0.0, -0.010727, -0.088225, -0.034214, 0.01571, 0.010728, -0.119411, 0.011224, 0.000148, -0.001644, 0.090135, -0.002692, 0.029969, 0.087194, 0.015795, -0.0, -0.001056, -0.0062, -0.000919, 3.7e-05, -0.000813, -0.021652, 0.000192, -0.004258, -0.000153, 4e-05, -0.000888, 0.00037, 3.3e-05, 0.0, -0.0, -0.000397, 0.0, -0.0, 0.0, -0.000282, 0.000205, -0.000834, 0.0, 0.0, -0.0, 0.0, 0.0, 0.0, -1.7e-05, -0.002534, 1e-06, 0.0, -8e-06, 0.001398, 0.000296, -0.006262, 1e-06, -0.0, 0.0, 1e-06, 0.0, -0.0, -0.000979, -0.006863, 0.000697, 0.000276, -0.000748, 0.019555, 0.002721, -0.007376, -1.7e-05, -0.000232, 0.000629, 0.00029, 0.000248, 0.0, -0.0, -0.000296, 0.0, 0.0, -0.0, 0.000491, 0.000566, -0.000588, 0.0, -0.0, 0.0, 0.0, 0.0, -0.0, -0.002127, -0.014292, -0.000116, -0.000758, -0.00209, -0.002666, -0.010732, -0.029607, 0.0008, -4.6e-05, -0.000128, 0.001035, -0.000864, 0.0, -1e-06, -0.000841, 0.0, -1e-06, -1e-06, 1.1e-05, -0.001806, -0.001904, 1e-06, 0.0, 0.0, 0.0, -1e-06, -0.137516, -0.022446, -0.11587, 0.096897, 0.047013, 0.092029, 0.015021, -0.134387, 0.245447, -0.108856, 0.180161, 0.02942, -0.008956, 0.213055, -0.216866, 0.000261, 0.006888, 5.4e-05, -2e-06, 7.3e-05, -0.0, -0.000153, 0.0, 0.0, 0.0, -0.0, -0.000185, 0.0, 0.0, 0.0, 0.000108, 0.004189, -1.5e-05, -6e-06, 2.6e-05, -2e-06, -0.00207, 0.0, 0.0, -0.0, -0.0, -0.0008, -0.0, -0.0, -0.0], [0.0, 0.0, -0.0, -0.0, 0.0, 0.0, -0.0, 0.0, 0.0, 0.0, 1.0, 0.0, 0.0, 0.0, 0.000161, 0.001322, 0.000513, 0.010537, 0.005486, 0.002817, 0.011908, 0.006328, 0.001177, -0.002692, 0.037769, 0.022716, -0.004623, 0.011763, -0.0, -0.000162, -0.00095, -6.1e-05, -0.000289, -0.000177, -0.000304, -0.011157, -0.002656, 4e-05, -0.000109, -8.3e-05, 0.000123, -0.00029, 0.0, -0.0, -8.2e-05, 0.0, -0.0, 0.0, 7e-06, -2e-06, -0.0002, 0.0, 0.0, -0.0, 0.0, 0.0, 0.0, 0.0, 5.8e-05, 0.0, 0.0, 0.0, 8.7e-05, 0.000309, 0.000175, -0.0, 0.0, 0.0, -0.0, 0.0, 0.0, 0.000904, 0.006339, -0.00029, -0.00014, 0.000905, -0.001175, 0.002962, 0.016998, -0.000232, 6.9e-05, -0.000353, -0.0005, -0.000196, 0.0, 0.0, 0.000356, -0.0, -0.0, 0.0, -0.000227, -0.000716, 0.000859, -0.0, 0.0, -0.0, -0.0, -0.0, 0.0, 9.4e-05, 0.000632, -0.00017, 1.9e-05, 0.000105, -0.00777, -0.000185, 0.001862, -4.6e-05, -3.7e-05, -0.000171, -6.3e-05, 2.8e-05, 0.0, -0.0, -6e-06, -0.0, -0.0, -0.0, -0.000442, -1.3e-05, -1.5e-05, 0.0, -0.0, -0.0, 0.0, -0.0, -0.077855, -0.012708, 0.267153, 0.095339, 0.073555, 0.237364, 0.038743, 0.174548, 0.079383, -0.143717, -0.161441, -0.026363, 0.182691, 0.157161, 0.130707, -2.3e-05, -0.000597, -6e-06, -1.5e-05, -6e-06, -0.0, -2.5e-05, 0.0, 0.0, 0.0, 0.0, 1e-06, 0.0, 0.0, 0.0, 8.7e-05, 0.00336, -1.7e-05, 2e-06, 1.8e-05, 1e-06, 0.00048, 0.0, -0.0, 0.0, 0.0, 0.000237, -0.0, 0.0, 0.0], [0.0, 0.0, 0.0, -0.0, 0.0, 0.0, 0.0, 0.0, 0.0, 0.0, 0.0, 1.0, 0.0, 0.0, -0.001789, -0.014715, -0.005706, -0.117288, 0.002817, -0.025617, -0.13255, 0.001177, -0.006665, 0.029969, 0.022716, -0.213035, 0.026658, 0.005961, 0.0, 0.003598, 0.021119, 0.001367, -0.000177, 0.003645, 0.006747, -0.002656, 0.047772, -0.000888, -8.3e-05, 0.001722, -0.002142, -0.000207, 0.0, 0.0, 0.000336, -0.0, 0.0, -0.0, -2.9e-05, -0.0002, 0.000763, -0.0, -0.0, 0.0, -0.0, -0.0, 0.0, -8e-06, -0.00123, -0.0, 0.0, -4e-06, -0.001848, 0.000175, -0.00338, 0.0, 0.0, -0.0, 1e-06, 0.0, -0.0, -0.002451, -0.017189, 0.000786, 0.000905, -0.00226, 0.003186, 0.016998, -0.036858, 0.000629, -0.000353, 0.000896, 0.001005, 0.000943, 0.0, -0.0, -0.00037, 0.0, 0.0, -0.0, 0.000236, 0.000859, -0.000782, 0.0, -0.0, 0.0, -0.0, 0.0, 0.0, 0.000259, 0.001744, -0.000468, 0.000105, 0.00027, -0.021435, 0.001862, 0.004276, -0.000128, -0.000171, -0.000445, -0.000137, 0.000123, 0.0, -0.0, -6e-06, -0.0, -0.0, -0.0, -0.000466, -1.5e-05, -1.4e-05, 0.0, -0.0, -0.0, -0.0, -0.0, -0.037774, -0.006166, 0.129619, 0.073555, -0.020575, -0.105271, -0.017182, -0.077412, -0.143717, -0.180929, 0.164329, 0.026835, -0.185959, 0.130707, 0.152527, 0.000686, 0.018119, 0.000175, -6e-06, 0.000155, 0.0, 0.000205, 0.0, 0.0, 0.0, -0.0, -0.00016, 0.0, 0.0, 0.0, -0.000392, -0.015187, 7.6e-05, 1.8e-05, -7.6e-05, -1e-06, -0.000524, -0.0, 0.0, -0.0, 0.0, 0.000269, -0.0, 0.0, 0.0], [-0.0, -0.0, -0.0, -0.0, -0.0, 0.0, 0.0, -0.0, -0.0, 0.0, 0.0, 0.0, 1.0, 0.0, -0.018367, -0.151063, -0.058582, 0.015552, 0.039593, -0.203103, 0.006497, 0.024046, -0.001293, 0.087194, -0.004623, 0.026658, 0.182652, 0.072632, -0.0, -0.003606, -0.021168, -0.001967, 0.000205, -0.003355, -0.029465, 0.003682, -0.036533, 0.00037, 0.000123, -0.002142, 0.001881, 0.000221, 0.0, -0.0, -0.000679, 0.0, -0.0, 0.0, -0.000382, 0.000457, -0.001424, 0.0, 0.0, -0.0, 0.0, 0.0, 0.0, -3.1e-05, -0.004535, 2e-06, 1e-06, -1.4e-05, 0.001845, 0.000755, -0.011285, 1e-06, -0.0, 1e-06, 3e-06, 0.0, -0.0, -0.00219, -0.015359, 0.00106, 0.000957, -0.001792, 0.01991, 0.022232, -0.022089, 0.00029, -0.0005, 0.001005, 0.000666, 0.0009, 0.0, -0.0, -2.7e-05, 0.0, 0.0, 0.0, 3.3e-05, 0.000272, 0.000153, 0.0, -0.0, -0.0, -0.0, 0.0, -0.0, -0.002836, -0.019058, -0.000125, -0.001318, -0.002677, -0.002231, -0.028193, -0.034501, 0.001035, -6.3e-05, -0.000137, 0.001181, -0.001422, 0.0, -0.0, -7.7e-05, 0.0, -0.0, 0.0, 1e-06, -0.00063, 0.000268, 0.0, 0.0, -0.0, -0.0, -0.0, 0.156573, 0.025557, 0.057957, -0.008912, -0.291527, 0.080862, 0.013198, 0.130156, -0.097124, -0.140993, -0.001233, -0.000201, 0.002317, -0.1218, -0.121983, -0.000309, -0.008156, -8.5e-05, 3e-06, -6.3e-05, -0.0, -0.00032, 0.0, 0.0, 0.0, -0.0, -0.000357, 0.0, 0.0, 0.0, -0.000186, -0.007211, 3.9e-05, 1e-05, -3.3e-05, -0.0, -0.000323, 0.0, 0.0, -0.0, -0.0, -0.000183, -0.0, -0.0, -0.0], [0.0, 0.0, -0.0, 0.0, -0.0, -0.0, 0.0, 0.0, -0.0, 0.0, 0.0, 0.0, 0.0, 1.0, -0.003327, -0.027364, -0.010612, 0.002817, -0.113564, -0.047637, 0.001177, -0.130994, -0.012394, 0.015795, 0.011763, 0.005961, 0.072632, -0.205156, -0.0, -0.000325, -0.001908, -0.000177, -0.00058, -0.000329, -0.002656, -0.022411, -0.004317, 3.3e-05, -0.00029, -0.000207, 0.000221, -0.000546, 0.0, -0.0, -0.000354, 0.0, -0.0, 0.0, -0.0002, -8e-06, -0.000804, 0.0, 0.0, -0.0, 0.0, 0.0, 0.0, -3e-06, -0.000429, 0.0, -1e-06, -1e-06, 0.000175, -0.002287, -0.001179, 0.0, 0.0, 0.0, 0.0, -0.0, -0.0, -0.00187, -0.013113, 0.000905, 0.00029, -0.001724, 0.016998, -0.006127, -0.028119, 0.000248, -0.000196, 0.000943, 0.0009, 0.00038, 0.0, -0.0, -0.0007, 0.0, 0.0, -0.0, 0.000859, 0.001407, -0.001479, 0.0, -0.0, 0.0, 0.0, 0.0, 0.0, 0.002367, 0.015906, 0.000105, 0.000475, 0.002461, 0.001862, -0.004656, 0.039012, -0.000864, 2.8e-05, 0.000123, -0.001422, 0.000664, -0.0, 2e-06, 0.001454, -0.0, 1e-06, 1e-06, -1.5e-05, 0.0031, 0.003316, -1e-06, -0.0, -0.0, -0.0, 2e-06, 0.198712, 0.032435, 0.073555, -0.243337, 0.108235, -0.089287, -0.014573, -0.143717, -0.029861, -0.153456, -0.069524, -0.011353, 0.130707, 0.067681, -0.064531, -2e-05, -0.000538, -6e-06, -1.4e-05, -5e-06, -0.0, -7.8e-05, 0.0, 0.0, 0.0, -0.0, -6e-06, 0.0, 0.0, 0.0, -8.7e-05, -0.003355, 1.8e-05, -2e-06, -1.7e-05, -4e-06, -0.003639, 0.0, 0.0, -0.0, 0.0, 0.001418, 0.0, 0.0, 0.0], [0.0, 0.016542, 0.054611, 0.001047, 0.001948, -0.021679, 0.005323, 0.009899, -0.110181, -0.010727, 0.000161, -0.001789, -0.018367, -0.003327, 1.0, 0.325565, 0.151774, 0.0, -0.0, -0.0, 0.0, 0.0, -0.0, -0.0, 0.0, 0.0, -0.0, 0.0, 0.0, 0.013406, 0.050804, 0.013896, 0.00029, 0.009909, 0.085786, 0.001792, 0.061169, 0.00777, 0.000377, 0.012871, -0.004585, 0.000269, 0.0, 8e-06, 0.004485, -1e-06, 1e-06, -2e-06, 0.00417, -0.003435, 0.009672, -0.0, -0.0, 0.0, -0.0, -0.0, 0.0, 0.000875, 0.019853, -0.000123, -1e-05, 0.000623, -0.009361, -0.000784, 0.047314, -9e-05, 1e-06, -6.7e-05, -0.000169, -6e-06, 0.0, 0.014271, 0.051909, -0.012636, -0.008696, 0.010091, -0.073621, -0.050663, 0.058794, 0.003639, 0.009761, -0.011328, -0.001165, -0.007795, 0.0, 0.0, 0.000886, -0.0, -0.0, 0.0, -0.001266, -0.002399, 0.000964, -0.0, 0.0, -0.0, 0.0, -0.0, 0.0, 0.015753, 0.053702, 0.002365, 0.014443, 0.014488, 0.012575, 0.076799, 0.077037, -0.00964, 0.0028, 0.002809, -5.3e-05, 0.017155, 0.0, 0.0, 0.000747, 0.0, 0.0, 0.0, 5.8e-05, 0.002272, 0.00086, -0.0, 0.0, 0.0, 0.0, 0.0, 0.00035, 0.020313, 5e-06, -1.6e-05, -3.9e-05, 0.000336, 0.020082, 1.6e-05, 1.5e-05, -3.3e-05, 0.000348, 0.020275, -1.7e-05, 1e-05, -3.7e-05, 0.000123, 0.014936, 8e-06, 0.0, 2e-06, 0.0, 0.001562, 0.0, -0.0, 0.0, 0.0, 0.002079, -0.0, 0.0, 0.0, 0.000291, 0.019235, -3e-05, -5e-06, 9e-06, 6e-06, 0.006045, -0.0, -0.0, 0.0, 0.0, 0.001343, 0.0, 0.0, 0.0], [0.016542, 0.199053, 0.36154, 0.010821, 0.020122, -0.22398, 0.026784, 0.049808, -0.554412, -0.088225, 0.001322, -0.014715, -0.151063, -0.027364, 0.325565, 1.0, 0.798485, 0.0, -0.0, -0.0, 0.0, 0.0, -0.0, 0.0, 0.0, 0.0, -0.0, 0.0, 0.013406, 0.177588, 0.341846, 0.165479, 0.003457, 0.117993, 0.440887, 0.009211, 0.31437, 0.080762, 0.00392, 0.133781, -0.047655, 0.002795, -9.5e-05, 0.006606, 0.061891, -0.002717, 0.002237, -0.006301, 0.050028, -0.0412, 0.116029, -0.002438, -0.001714, 0.004828, -0.004893, -0.003976, 0.000875, 0.040261, 0.164989, -0.009305, -0.000779, 0.047033, -0.063336, -0.005304, 0.320123, -0.018701, 0.00023, -0.013901, -0.035122, -0.001164, 0.014271, 0.183723, 0.347594, -0.144244, -0.099262, 0.115193, -0.375993, -0.258741, 0.300269, 0.035281, 0.094639, -0.109828, -0.011292, -0.075579, -3e-05, 0.001811, 0.025862, -0.000926, -0.001755, 0.000705, -0.028923, -0.054802, 0.022032, -0.00064, 0.001936, -0.000778, 0.001537, -0.001474, 0.015753, 0.193846, 0.356866, 0.025252, 0.154225, 0.154704, 0.063585, 0.38834, 0.389547, -0.083722, 0.02432, 0.024395, -0.000462, 0.148992, -2.3e-05, 0.001498, 0.023161, 4.2e-05, 0.001625, 0.000615, 0.00143, 0.055597, 0.021052, -0.001268, 9.9e-05, 3.7e-05, 0.001647, 0.001456, 0.025587, 0.165975, 0.003221, -0.010506, -0.024623, 0.025065, 0.164486, 0.010698, 0.009965, -0.021927, 0.025502, 0.165732, -0.010818, 0.006632, -0.023678, 0.014718, 0.130293, 0.014187, 0.000433, 0.003017, 0.000262, 0.022028, 5.6e-05, -1.5e-05, 0.000113, 0.000436, 0.02759, -6.9e-05, 7e-06, 0.000223, 0.023193, 0.159001, -0.022826, -0.003733, 0.007043, 0.002918, 0.063929, -0.00024, -0.001965, 0.001045, 0.0002, 0.019561, 1.6e-05, 7.9e-05, 4.4e-05], [0.054611, 0.36154, 0.591537, 0.00982, 0.018261, -0.203259, 0.027775, 0.051652, -0.574928, -0.034214, 0.000513, -0.005706, -0.058582, -0.010612, 0.151774, 0.798485, 1.0, 0.0, 0.0, 0.0, 0.0, 0.0, 0.0, -0.0, 0.0, 0.0, -0.0, 0.0, 0.050804, 0.341846, 0.569985, 0.161949, 0.003384, 0.115476, 0.467747, 0.009773, 0.333522, 0.034202, 0.00166, 0.056654, -0.020181, 0.001184, -0.008187, 0.072365, 0.194675, -0.019571, 0.016117, -0.045389, 0.103223, -0.085009, 0.239403, -0.008462, -0.00595, 0.016757, -0.016982, -0.0138, 0.019853, 0.164989, 0.351741, -0.02387, -0.001999, 0.120647, -0.090393, -0.00757, 0.456879, -0.024889, 0.000307, -0.018501, -0.046743, -0.001549, 0.051909, 0.347594, 0.576317, -0.138033, -0.094988, 0.110233, -0.396201, -0.272647, 0.316407, 0.014554, 0.039042, -0.045308, -0.004658, -0.031179, -0.004929, 0.042401, 0.12424, -0.013069, -0.024762, 0.009955, -0.082548, -0.156408, 0.062879, -0.003895, 0.011781, -0.004736, 0.009357, -0.008974, 0.053702, 0.356866, 0.586459, 0.023322, 0.142437, 0.14288, 0.066288, 0.404849, 0.406108, -0.033138, 0.009626, 0.009656, -0.000183, 0.058973, -0.0045, 0.039157, 0.116875, 0.000668, 0.025963, 0.009831, 0.004304, 0.167311, 0.063352, -0.008783, 0.000685, 0.000259, 0.011411, 0.010087, 0.128721, 0.352782, 0.011067, -0.036101, -0.084613, 0.127451, 0.350643, 0.037316, 0.034758, -0.076482, 0.128514, 0.352434, -0.037263, 0.022843, -0.081564, 0.098642, 0.299637, 0.072838, 0.002224, 0.01549, 0.014063, 0.090336, 0.005534, -0.001499, 0.011024, 0.017988, 0.105151, -0.004681, 0.000489, 0.015045, 0.122784, 0.342714, -0.084224, -0.013773, 0.025988, 0.045146, 0.185353, -0.004013, -0.032864, 0.017487, 0.012351, 0.083381, 0.00194, 0.0094, 0.005272], [-0.001047, -0.010821, -0.00982, 0.072919, -0.001495, 0.016644, 0.199331, -0.001678, 0.018677, 0.01571, 0.010537, -0.117288, 0.015552, 0.002817, 0.0, 0.0, 0.0, 1.0, -0.0, -0.0, 0.531899, 0.0, 0.0, -0.0, 0.0, 0.0, 0.0, 0.0, -0.013896, -0.165479, -0.161949, -0.145557, -0.004345, -0.148296, -0.071777, -0.005404, -0.184442, -0.043058, -0.005001, -0.170686, 0.081837, -0.0048, 1.5e-05, -0.002695, -0.023209, 0.000583, -0.000992, 0.002795, 0.001347, 0.018412, -0.051852, 0.001834, 0.000459, -0.001294, 0.002504, 0.002035, 0.000123, 0.009305, 0.02387, 0.005047, -0.000215, 0.012957, 0.065201, -0.000932, 0.056253, -0.008862, -0.000117, 0.007073, -0.011632, -0.000386, 0.012636, 0.144244, 0.138033, -0.087758, -0.105523, 0.12246, 0.005773, -0.127305, 0.147738, -0.033352, 0.087481, -0.101522, -0.016468, -0.110225, -4e-06, 0.000717, 0.012656, -0.000271, -0.000742, 0.000298, -0.006512, -0.030845, 0.0124, -0.000495, 0.000681, -0.000274, 0.000769, -0.000737, -0.002365, -0.025252, -0.023322, 0.066439, -0.027375, -0.027461, 0.191899, -0.031467, -0.031565, 0.035778, 0.074739, 0.074971, 0.000113, -0.036519, 0.0, -3.2e-05, -0.00062, 9.3e-05, -3.6e-05, -1.4e-05, 0.00852, -0.001709, -0.000647, 4.1e-05, 0.000248, 9.4e-05, -4.3e-05, -3.8e-05, -0.003627, -0.014223, 0.002909, 0.001722, 0.004036, -0.012067, -0.048009, -0.002613, -0.005536, 0.012181, 0.012187, 0.047897, -0.002556, 0.003663, -0.01308, -0.016681, -0.096428, -0.016091, -0.000536, -0.003736, -9.8e-05, -0.009141, -1.2e-05, 4e-06, -3e-05, 0.000115, 0.007517, -7e-06, 1e-06, 4.4e-05, 0.025894, 0.108811, -0.026215, -0.004771, 0.009002, 0.000327, 0.005801, 0.0001, -0.000203, 0.000108, -2.9e-05, -0.003253, 0.0, -8e-06, -4e-06], [-0.001948, -0.020122, -0.018261, -0.001495, 0.070942, 0.030951, -0.001678, 0.197112, 0.034733, 0.010728, 0.005486, 0.002817, 0.039593, -0.113564, -0.0, -0.0, 0.0, -0.0, 1.0, 0.0, 0.0, 0.531899, 0.0, -0.0, -0.0, 0.0, 0.0, 0.0, -0.00029, -0.003457, -0.003384, -0.004345, 0.06233, -0.003098, -0.005404, 0.18678, -0.003853, -0.003897, 0.082681, -0.0048, 0.00344, 0.058955, -1.2e-05, 0.002219, 0.019113, -0.000992, 0.000195, -0.002302, 0.018412, 0.008541, 0.042702, -0.000786, -0.000215, 0.002035, -0.00248, -0.000499, 1e-05, 0.000779, 0.001999, -0.000215, 0.007593, 0.001085, -0.000932, 0.076252, 0.004711, -0.000407, -0.002304, -0.000386, -0.001168, 0.011645, 0.008696, 0.099262, 0.094988, -0.105523, -0.007032, 0.084271, -0.127305, 0.103162, 0.101666, 0.064588, 0.021536, -0.110225, -0.061873, -0.017199, -8e-06, 0.001359, 0.023979, -0.000742, -0.001285, 0.000565, -0.030845, -0.048677, 0.023495, -0.000441, 0.001682, -0.000737, 0.001169, -0.001282, -0.014443, -0.154225, -0.142437, -0.027375, -0.096272, -0.167713, -0.031467, 0.004867, -0.192781, 0.078736, -0.023192, -0.036519, 0.081392, -0.142084, 6e-06, -0.001229, -0.024111, -3.6e-05, -0.001319, -0.000535, -0.001709, -0.057881, -0.025159, 0.001153, -9.5e-05, -3.8e-05, -0.001435, -0.001396, 0.011833, 0.046396, 0.001722, -0.002181, -0.013167, -0.01124, -0.044718, -0.005536, -0.001826, 0.011346, -0.007471, -0.029362, 0.003663, 0.001174, 0.008019, -0.000509, -0.002944, -0.000536, 0.001462, -0.000114, 2.7e-05, 0.002476, 4e-06, 2e-06, 8e-06, -1.2e-05, -0.000786, 1e-06, 7e-06, -5e-06, 0.004234, 0.017793, -0.004771, 0.002179, 0.001472, 0.002679, 0.047509, -0.000203, -0.001538, 0.000884, -0.000141, -0.015763, -8e-06, -3.6e-05, -2.1e-05], [0.021679, 0.22398, 0.203259, 0.016644, 0.030951, -0.270785, 0.018677, 0.034733, -0.186375, -0.119411, 0.002817, -0.025617, -0.203103, -0.047637, -0.0, -0.0, 0.0, -0.0, 0.0, 1.0, 0.0, 0.0, 0.531899, 0.0, 0.0, -0.0, 0.0, 0.0, -0.009909, -0.117993, -0.115476, -0.148296, -0.003098, -0.04332, -0.184442, -0.003853, 0.055378, -0.132989, -0.0048, -0.080993, -0.000702, -0.001692, 3.5e-05, -0.00625, -0.053828, 0.002795, -0.002302, 0.00586, -0.051852, 0.042702, -0.096554, 0.002214, 0.002035, -0.005223, 0.00463, 0.004301, -0.000623, -0.047033, -0.120647, 0.012957, 0.001085, -0.057881, 0.056253, 0.004711, -0.207994, 0.024564, -0.000386, 0.020961, 0.047117, 0.001755, -0.010091, -0.115193, -0.110233, 0.12246, 0.084271, -0.032212, 0.147738, 0.101666, 0.072784, -0.074954, -0.110225, 0.054472, -0.045501, 0.037485, 3e-06, -0.000546, -0.00964, 0.000298, 0.000565, -0.000106, 0.0124, 0.023495, 0.000321, 0.000177, -0.000737, 0.000145, -0.000701, 0.000274, -0.014488, -0.154704, -0.14288, -0.027461, -0.167713, -0.097313, -0.031565, -0.192781, 0.003671, 0.078981, -0.036519, -0.023419, -0.080256, -0.143028, 2e-06, -0.000465, -0.00913, -1.4e-05, -0.000535, -0.000109, -0.000647, -0.025159, -0.000962, 0.000437, -3.8e-05, -8e-06, -0.000733, -0.000313, 0.027732, 0.10874, 0.004036, -0.013167, -0.027424, 0.024733, 0.0984, 0.012181, 0.011346, -0.021636, 0.026675, 0.104841, -0.01308, 0.008019, -0.025211, -0.003547, -0.020506, -0.003736, -0.000114, 0.000684, -0.000196, -0.018211, -3e-05, 8e-06, -5.7e-05, -0.000369, -0.024159, 4.4e-05, -5e-06, -0.000135, -0.00799, -0.033574, 0.009002, 0.001472, 0.000181, -0.001426, -0.025279, 0.000108, 0.000884, -0.000346, -7.9e-05, -0.008841, -4e-06, -2.1e-05, -1e-05], [-0.005323, -0.026784, -0.027775, 0.199331, -0.001678, 0.018677, 0.540511, -0.002852, 0.031744, 0.011224, 0.011908, -0.13255, 0.006497, 0.001177, 0.0, 0.0, 0.0, 0.531899, 0.0, 0.0, 1.0, 0.0, 0.0, 0.0, 0.0, -0.0, -0.0, 0.0, -0.085786, -0.440887, -0.467747, -0.071777, -0.005404, -0.184442, 0.067934, -0.009426, -0.321686, 0.055198, -0.001007, -0.03437, 0.038878, -0.00228, 0.00777, -0.061692, -0.126567, -0.006001, -0.016297, 0.045896, 0.06811, 0.064176, -0.180733, 0.02244, -0.001917, 0.005398, 0.01996, 0.01622, 0.009361, 0.063336, 0.090393, 0.065201, -0.000932, 0.056253, 0.268467, -0.002272, 0.137148, -0.029162, -0.000938, 0.056594, -0.026061, -0.000864, 0.073621, 0.375993, 0.396201, 0.005773, -0.127305, 0.147738, 0.205637, -0.220331, 0.255694, -0.080038, 0.001398, -0.001623, -0.007531, -0.050409, -0.005497, 0.044402, 0.107875, -0.002704, -0.030353, 0.012203, 0.010968, -0.153602, 0.061751, -0.013876, 0.002925, -0.001176, 0.01323, -0.012688, -0.012575, -0.063585, -0.066288, 0.191899, -0.031467, -0.031565, 0.527812, -0.053803, -0.053971, 0.026431, 0.090507, 0.090788, 4.9e-05, -0.015721, 0.000274, -0.002251, -0.005598, 0.012066, -0.001745, -0.000661, 0.085626, -0.00906, -0.003431, 0.001103, 0.01416, 0.005362, -0.000885, -0.000782, -0.031801, -0.054513, 0.052321, 0.010956, 0.025678, -0.107187, -0.184602, 0.016454, -0.035899, 0.078995, 0.107069, 0.183677, 0.017434, 0.023377, -0.08347, -0.207249, -0.402747, -0.146892, -0.005705, -0.039737, -0.014824, -0.071507, -0.003276, 0.001836, -0.013501, 0.012624, 0.054328, 0.000922, 0.000402, 0.01235, 0.241587, 0.423458, -0.15085, -0.033252, 0.062744, 0.011119, 0.031173, 0.013884, -0.009698, 0.00516, -0.005179, -0.026532, 0.002033, -0.004563, -0.002559], [-0.009899, -0.049808, -0.051652, -0.001678, 0.197112, 0.034733, -0.002852, 0.536742, 0.059031, 0.000148, 0.006328, 0.001177, 0.024046, -0.130994, 0.0, 0.0, 0.0, 0.0, 0.531899, 0.0, 0.0, 1.0, 0.0, 0.0, 0.0, 0.0, 0.0, -0.0, -0.001792, -0.009211, -0.009773, -0.005404, 0.18678, -0.003853, -0.009426, 0.518883, -0.006721, -0.002641, 0.104797, -0.00228, 0.003003, 0.074725, -0.006399, 0.050806, 0.104233, -0.016297, -0.012369, -0.037798, 0.064176, 0.093186, 0.148841, -0.003047, 0.00506, 0.01622, -0.025348, 0.011736, 0.000784, 0.005304, 0.00757, -0.000932, 0.076252, 0.004711, -0.002272, 0.295411, 0.011486, -0.000522, -0.013224, -0.000864, -0.003291, 0.066837, 0.050663, 0.258741, 0.272647, -0.127305, 0.103162, 0.101666, -0.220331, 0.374192, 0.175957, 0.051829, -0.046257, -0.050409, -0.066906, 0.036941, -0.010416, 0.084131, 0.204396, -0.030353, -0.044196, 0.023121, -0.153602, -0.199003, 0.117003, -0.002508, 0.024313, -0.012688, 0.011336, -0.01852, -0.076799, -0.38834, -0.404849, -0.031467, 0.004867, -0.192781, -0.053803, 0.208023, -0.32962, 0.000217, -0.000433, -0.015721, 0.093371, -0.002653, 0.01067, -0.087511, -0.217611, -0.001745, -0.05574, -0.025691, -0.00906, -0.266355, -0.133365, 0.018266, -0.0017, -0.000782, -0.020178, -0.025022, 0.103737, 0.177826, 0.010956, 0.01994, -0.083763, -0.099838, -0.171946, -0.035899, 0.021558, 0.073579, -0.065636, -0.112599, 0.023377, 0.041237, 0.051169, -0.006327, -0.012296, -0.005705, 0.039791, -0.001213, 0.004015, 0.019368, 0.001836, 0.003003, 0.003657, -0.001319, -0.005678, 0.000402, 0.004723, -0.001291, 0.039505, 0.069245, -0.033252, 0.047062, 0.01026, 0.091063, 0.255307, -0.009698, -0.064358, 0.042262, -0.025096, -0.128559, -0.004563, -0.019136, -0.012401], [0.110181, 0.554412, 0.574928, 0.018677, 0.034733, -0.186375, 0.031744, 0.059031, -0.115022, -0.001644, 0.001177, -0.006665, -0.001293, -0.012394, -0.0, -0.0, 0.0, 0.0, 0.0, 0.531899, 0.0, 0.0, 1.0, 0.0, 0.0, 0.0, 0.0, 0.0, -0.061169, -0.31437, -0.333522, -0.184442, -0.003853, 0.055378, -0.321686, -0.006721, 0.289706, -0.090151, -0.00228, 0.027041, -0.047051, 0.000565, 0.01802, -0.143081, -0.293543, 0.045896, -0.037798, 0.080656, -0.180733, 0.148841, -0.273132, 0.00858, 0.01622, -0.03486, 0.021199, 0.028708, -0.047314, -0.320123, -0.456879, 0.056253, 0.004711, -0.207994, 0.137148, 0.011486, -0.397598, 0.031506, -0.000864, 0.038898, 0.064813, 0.003258, -0.058794, -0.300269, -0.316407, 0.147738, 0.101666, 0.072784, 0.255694, 0.175957, 0.321615, -0.060148, -0.050409, -0.031194, -0.065615, -0.021466, 0.004187, -0.033822, -0.082171, 0.012203, 0.023121, 0.004021, 0.061751, 0.117003, 0.044998, 0.001008, -0.012688, -0.002146, -0.015598, -0.004067, -0.077037, -0.389547, -0.406108, -0.031565, -0.192781, 0.003671, -0.053971, -0.32962, 0.205977, 0.000218, -0.015721, -0.000531, -0.093064, -0.003241, 0.00404, -0.033136, -0.082398, -0.000661, -0.025691, 0.002383, -0.003431, -0.133365, 0.035361, 0.006916, -0.000782, 6.9e-05, -0.018404, 0.002701, 0.243133, 0.416779, 0.025678, -0.083763, -0.140641, 0.219688, 0.378356, 0.078995, 0.073579, -0.10691, 0.234358, 0.402043, -0.08347, 0.051169, -0.127136, -0.044074, -0.085648, -0.039737, -0.001213, 0.031515, -0.029532, -0.142456, -0.013501, 0.003657, -0.023396, -0.040572, -0.174596, 0.01235, -0.001291, -0.034926, -0.074542, -0.130659, 0.062744, 0.01026, 0.03314, -0.048454, -0.135848, 0.00516, 0.042262, -0.00742, -0.014075, -0.072104, -0.002559, -0.012401, -0.00398], [-0.010727, -0.088225, -0.034214, -0.01571, -0.010728, 0.119411, -0.011224, -0.000148, 0.001644, 0.090135, -0.002692, 0.029969, 0.087194, 0.015795, -0.0, 0.0, -0.0, -0.0, -0.0, 0.0, 0.0, 0.0, 0.0, 1.0, 0.0, 0.0, 0.0, 0.0, 0.00777, 0.080762, 0.034202, 0.043058, 0.003897, 0.132989, -0.055198, 0.002641, 0.090151, -0.064474, 0.004238, 0.144621, -0.116041, 0.006806, 1e-06, -0.001644, -0.011608, 0.001072, -0.000494, 0.001391, -0.026044, 0.005641, -0.015888, 0.000152, 0.000716, -0.002016, 0.001076, 0.000875, -9e-05, -0.018701, -0.024889, 0.008862, 0.000407, -0.024564, 0.029162, 0.000522, -0.031506, 0.011726, -0.000261, 0.015766, 0.021901, 0.000726, 0.003639, 0.035281, 0.014554, 0.033352, -0.064588, 0.074954, 0.080038, -0.051829, 0.060148, -0.129765, 0.018241, -0.021169, -0.017811, -0.119213, 0.0, -0.000204, -0.004717, 0.000159, 0.00016, -6.4e-05, 0.013763, 0.006502, -0.002614, -4.8e-05, -0.00037, 0.000149, -0.000138, 0.000133, -0.00964, -0.083722, -0.033138, -0.035778, -0.078736, -0.078981, -0.026431, -0.000217, -0.000218, 0.077065, -0.048047, -0.048196, 0.00025, -0.08066, 0.0, -0.000377, -0.010082, -1.3e-05, -0.00038, -0.000144, -0.00114, -0.025023, -0.009475, 0.000365, -3.7e-05, -1.4e-05, -0.000462, -0.000409, -0.012895, -0.024853, -0.002846, 0.005933, 0.013905, -0.006664, -0.013071, -0.006011, -0.002462, 0.005417, -0.006894, -0.013324, 0.006185, -0.001681, 0.006003, 0.01383, 0.042667, 0.013121, 0.000499, 0.003474, -2.6e-05, -0.002475, -3e-06, 0.0, -4e-06, -8.9e-05, -0.00543, 7e-06, -1e-06, -1.8e-05, 0.020307, 0.042555, -0.021342, -0.00461, 0.008699, -0.001133, -0.013795, 8.1e-05, 0.000505, -0.000269, -4.2e-05, -0.005001, -1e-06, -5e-06, -3e-06], [0.000161, 0.001322, 0.000513, -0.010537, -0.005486, -0.002817, -0.011908, -0.006328, -0.001177, -0.002692, 0.037769, 0.022716, -0.004623, 0.011763, 0.0, 0.0, 0.0, 0.0, -0.0, 0.0, 0.0, 0.0, 0.0, 0.0, 1.0, 0.0, 0.0, 0.0, 0.000377, 0.00392, 0.00166, 0.005001, -0.082681, 0.0048, 0.001007, -0.104797, 0.00228, 0.004238, -0.114235, 0.007765, -0.006609, -0.104374, 1e-06, -0.001156, -0.008162, 0.000308, -0.000166, 0.001235, -0.000189, -0.00341, -0.021605, 0.000716, 0.000116, -0.000741, 0.001405, 0.000433, 1e-06, 0.00023, 0.000307, 0.000117, 0.002304, 0.000386, 0.000938, 0.013224, 0.000864, -0.000261, 0.000872, 0.000178, -0.000485, 0.004084, 0.009761, 0.094639, 0.039042, -0.087481, -0.021536, 0.110225, -0.001398, 0.046257, 0.050409, 0.018241, 0.038558, -0.132338, -0.095471, -0.04485, -0.0, 0.000618, 0.014265, -0.000249, -0.000582, 0.000251, -0.009491, -0.033432, 0.015838, -0.00037, 0.000661, -0.000284, 0.000619, -0.000657, 0.0028, 0.02432, 0.009626, -0.074739, 0.023192, 0.036519, -0.090507, 0.000433, 0.015721, -0.048047, -0.077377, -0.112764, -0.02034, 0.044612, -0.0, 2.9e-05, 0.000787, -6.6e-05, 3.1e-05, 1.2e-05, -0.011071, 0.002168, 0.000929, -3.7e-05, -0.000186, -7.4e-05, 3.9e-05, 3.7e-05, -0.002172, -0.004186, 0.00157, 0.000594, 0.002783, 0.007008, 0.013745, 0.002149, 0.001744, -0.008116, -0.004623, -0.008934, 0.00139, 0.000388, 0.005709, 0.000749, 0.00231, 0.00077, -0.00183, 0.000176, -1.2e-05, -0.001137, -1e-06, -0.0, -2e-06, -4e-06, -0.000236, 0.0, 1e-06, -1e-06, 0.006125, 0.01