{"HF": -389.37464654834, "coordinates": [[-0.111467628, 1.51754401, -0.194294465], [-0.069004135, -0.000660325, -0.000651988], [-1.45709534, -0.646630659, -0.046785746], [-1.416543195, -2.155700707, 0.150973842], [-2.732188227, -2.660135827, 0.077151234], [-2.805256849, -4.058860875, 0.260615909], [-4.244390224, -4.49141119, 0.203212833], [-4.902584336, -4.736957792, -1.128820552], [-4.581051891, -5.898539612, -0.222392508], [0.8918073, 1.95332316, -0.15692563], [-0.553647714, 1.78055002, -1.161606606], [-0.713510646, 1.99854635, 0.584485266], [0.568689044, -0.449829632, -0.773653651], [0.410656066, -0.232835427, 0.959615735], [-2.10144895, -0.209868821, 0.726241992], [-1.939368455, -0.434249409, -1.008992728], [-0.781323764, -2.626542684, -0.620805185], [-0.963902259, -2.40328585, 1.127918661], [-2.224556068, -4.58110363, -0.521062659], [-2.356565754, -4.33760061, 1.230528482], [-4.867176079, -4.05430632, 0.978204014], [-5.940467784, -4.448148837, -1.250137221], [-4.297642967, -4.60443328, -2.019658469], [-3.763482185, -6.55338937, -0.506473112], [-5.39642611, -6.404657495, 0.282002447]], "elements": ["C", "C", "C", "C", "O", "C", "C", "C", "C", "H", "H", "H", "H", "H", "H", "H", "H", "H", "H", "H", "H", "H", "H", "H", "H"], "Enn": 447.6114938232, "S": [[1.0, 0.325565, 0.151774, -0.0, -0.0, 0.0, -0.0, 0.0, 0.0, -0.0, 0.0, 0.0, -0.0, 0.0, 0.0, 0.01453, 0.052231, -0.002371, -0.00052, 0.018591, -0.013588, -0.00298, 0.106531, -0.008458, 0.000108, -0.00386, -0.015118, -0.000846, 0.0, 5.9e-05, 0.007828, -1e-06, 1.2e-05, 1.9e-05, -0.001142, 0.010417, 0.016754, -1e-06, -0.0, -0.0, -1e-06, 2e-06, 0.0, 0.0, 0.000143, -0.0, 0.0, 0.0, -2.6e-05, 9.7e-05, 0.000273, 0.0, 0.0, 0.0, 0.0, 0.0, 0.0, 0.0, 0.0, 0.0, 0.0, 0.0, -0.0, 0.0, 0.0, 0.0, 0.0, 0.0, 0.0, 0.0, 0.0, 0.0, 0.0, 0.0, 0.0, 0.0, -0.0, 0.0, 0.0, 0.0, 0.0, 0.0, 0.0, 0.0, 0.0, 0.0, 0.0, 0.0, 0.0, 0.0, 0.0, 0.0, 0.0, 0.0, 0.0, 0.0, 0.0, 0.0, 0.0, 0.0, 0.0, 0.0, 0.0, 0.0, 0.0, 0.0, 0.0, 0.0, 0.0, 0.0, 0.0, 0.0, 0.0, 0.0, 0.0, 0.0, 0.0, 0.0, 0.0, 0.0, 0.0, 0.0, 0.0, 0.0, 0.0, 0.0, 0.049851, 0.08677, -0.002792, -0.074951, -0.032556, 0.049664, 0.086677, 0.071819, 0.03283, -0.019527, 0.049669, 0.086679, -0.057831, 0.044707, -0.035718, 0.000325, 0.019873, 1e-05, -1.2e-05, 3.4e-05, 0.000325, 0.01988, -2e-05, -9e-06, 3.1e-05, 4e-06, 0.005278, -0.0, 0.0, 0.0, 4e-06, 0.005227, 0.0, 0.0, 0.0, 0.0, 7.5e-05, 0.0, 0.0, 0.0, 0.0, 7.4e-05, 0.0, 0.0, 0.0, 0.0, 0.0, 0.0, 0.0, 0.0, 0.0, 0.0, 0.0, 0.0, 0.0, 0.0, 0.0, 0.0, 0.0, 0.0, 0.0, 0.0, 0.0, 0.0, 0.0, 0.0, 0.0, 0.0, 0.0, 0.0, 0.0, 0.0, 0.0, 0.0, 0.0, 0.0, 0.0, 0.0, 0.0, 0.0], [0.325565, 1.0, 0.798485, 0.0, -0.0, 0.0, -0.0, -0.0, 0.0, 0.0, 0.0, 0.0, -0.0, 0.0, 0.01453, 0.185528, 0.349265, -0.026742, -0.005864, 0.209661, -0.069268, -0.01519, 0.54308, -0.080376, 0.001026, -0.036678, -0.143668, -0.008043, 5.9e-05, 0.009257, 0.080181, -0.000602, 0.00549, 0.00883, -0.010143, 0.092528, 0.148812, -0.004302, -0.000459, -0.000738, -0.003319, 0.006728, 0.0, 1.7e-05, 0.003599, -1e-06, 4e-06, 1e-05, -0.000733, 0.00277, 0.007796, -2e-06, -0.0, -1e-06, -3e-06, 2e-06, 0.0, 0.0, 1e-06, -0.0, 0.0, 0.0, -0.0, 2e-06, 3e-06, -0.0, -0.0, -0.0, -0.0, 0.0, 0.0, 0.0, 1e-06, 0.0, 0.0, 0.0, -0.0, 1e-06, 1e-06, 0.0, 0.0, 0.0, 0.0, 0.0, 0.0, 0.0, 0.0, 0.0, 0.0, 0.0, -0.0, 0.0, 0.0, 0.0, 0.0, 0.0, 0.0, 0.0, 0.0, 0.0, 0.0, 0.0, 0.0, 0.0, 0.0, 0.0, 0.0, 0.0, 0.0, 0.0, 0.0, 0.0, 0.0, 0.0, 0.0, 0.0, 0.0, 0.0, 0.0, 0.0, 0.0, 0.0, 0.0, 0.0, 0.0, 0.0, 0.366984, 0.520418, -0.012331, -0.331066, -0.143801, 0.366243, 0.519979, 0.318429, 0.145561, -0.086579, 0.366264, 0.519991, -0.256383, 0.198199, -0.158351, 0.024596, 0.163135, 0.00692, -0.008124, 0.023498, 0.024613, 0.163183, -0.013794, -0.006241, 0.020924, 0.002291, 0.057453, -0.000555, 0.0012, 0.001042, 0.002251, 0.057012, 0.000481, 0.001079, 0.001152, 1e-06, 0.002023, 0.0, 0.0, 0.0, 1e-06, 0.001994, -0.0, 0.0, 0.0, 0.0, 1e-06, 0.0, 0.0, 0.0, 0.0, 1e-06, 0.0, 0.0, 0.0, 0.0, 0.0, 0.0, 0.0, 0.0, 0.0, 0.0, 0.0, 0.0, 0.0, 0.0, 0.0, 0.0, 0.0, 0.0, 0.0, 0.0, 0.0, 0.0, 0.0, 0.0, 0.0, 0.0, 0.0, 0.0], [0.151774, 0.798485, 1.0, 0.0, 0.0, 0.0, 0.0, 0.0, -0.0, -0.0, 0.0, 0.0, -0.0, 0.0, 0.052231, 0.349265, 0.578152, -0.025425, -0.005575, 0.19934, -0.072849, -0.015975, 0.571152, -0.032909, 0.00042, -0.015017, -0.058823, -0.003293, 0.007828, 0.080181, 0.218054, -0.003926, 0.035815, 0.057601, -0.019419, 0.177149, 0.284909, -0.0178, -0.001897, -0.003051, -0.013731, 0.027836, 0.000143, 0.003599, 0.027887, -0.000322, 0.001216, 0.003424, -0.004964, 0.018762, 0.052806, -0.001204, -0.000126, -0.000354, -0.001643, 0.001336, -1e-06, 3.1e-05, 0.00049, -2e-06, 1.7e-05, 2.7e-05, -6.8e-05, 0.000658, 0.001049, -1.8e-05, -2e-06, -3e-06, -1.4e-05, 2.9e-05, 0.0, 1e-06, 0.000122, -0.0, 0.0, 1e-06, -1.9e-05, 0.000111, 0.000231, -0.0, -0.0, -0.0, -0.0, 0.0, 0.0, 0.0, 4e-06, -0.0, 0.0, 0.0, -0.0, 4e-06, 6e-06, -0.0, -0.0, -0.0, -0.0, 0.0, 0.0, 0.0, 0.0, 0.0, 0.0, 0.0, 0.0, 0.0, 1e-06, -0.0, 0.0, 0.0, -0.0, 0.0, 0.0, 0.0, 0.0, 0.0, 0.0, 0.0, 0.0, 0.0, 0.0, 0.0, 0.0, 0.0, 0.0, 0.0, 0.453842, 0.762614, -0.006364, -0.170869, -0.074218, 0.453418, 0.762179, 0.164577, 0.075232, -0.044748, 0.45343, 0.762192, -0.132504, 0.102434, -0.081839, 0.1263, 0.348698, 0.024469, -0.028727, 0.083092, 0.12634, 0.348767, -0.048753, -0.02206, 0.073954, 0.040158, 0.172469, -0.01109, 0.023974, 0.020811, 0.03982, 0.171574, 0.009724, 0.021818, 0.023297, 0.001041, 0.018044, 9.2e-05, 0.000145, 0.000894, 0.001025, 0.017867, -0.00028, 0.000181, 0.000831, 0.0, 8.1e-05, 0.0, 0.0, 0.0, 0.0, 8.9e-05, -0.0, 0.0, 0.0, 0.0, 4e-06, -0.0, 0.0, 0.0, 0.0, 0.0, 0.0, 0.0, 0.0, 0.0, 2e-06, 0.0, 0.0, 0.0, 0.0, 0.0, 0.0, 0.0, 0.0, 0.0, 0.0, 0.0, 0.0, 0.0], [-0.0, 0.0, 0.0, 1.0, 0.0, -0.0, 0.531899, 0.0, 0.0, 0.0, 0.0, -0.0, -0.0, 0.0, 0.002371, 0.026742, 0.025425, 0.0613, -0.001146, 0.040966, 0.185649, -0.00137, 0.048989, -0.037371, -0.002725, 0.09744, -0.038556, -0.002158, 1e-06, 0.000602, 0.003926, 0.000958, 0.000392, 0.00063, 0.030913, 0.005404, 0.008692, -0.00042, 0.000663, 0.001066, -0.000256, 0.000518, 0.0, 1e-06, 0.000322, 0.0, 0.0, 0.0, 0.00064, 0.000276, 0.000776, -0.0, 0.0, 0.0, -0.0, 0.0, 0.0, 0.0, 0.0, 0.0, 0.0, 0.0, 0.0, 0.0, 0.0, 0.0, 0.0, 0.0, 0.0, 0.0, 0.0, 0.0, 0.0, 0.0, 0.0, 0.0, 0.0, 0.0, 0.0, 0.0, 0.0, 0.0, 0.0, 0.0, 0.0, 0.0, 0.0, 0.0, 0.0, 0.0, 0.0, 0.0, 0.0, 0.0, 0.0, 0.0, 0.0, 0.0, 0.0, 0.0, -0.0, 0.0, 0.0, 0.0, 0.0, 0.0, 0.0, 0.0, 0.0, 0.0, 0.0, 0.0, 0.0, 0.0, 0.0, 0.0, 0.0, 0.0, 0.0, 0.0, 0.0, 0.0, 0.0, 0.0, 0.0, 0.0, 0.013345, 0.007122, 0.2018, -0.019072, -0.008284, -0.344537, -0.184184, -0.272539, -0.216862, 0.128988, 0.277406, 0.14829, -0.105644, 0.237739, -0.189942, -0.007816, -0.031513, 0.000703, 0.002973, -0.0086, 0.01558, 0.062785, -0.006817, -0.004551, 0.015255, 0.000776, 0.016246, -8.3e-05, 0.000365, 0.000317, -0.000673, -0.01426, -4.5e-05, -0.000289, -0.000308, -0.0, -0.000206, 0.0, -0.0, -0.0, 0.0, 0.000629, -0.0, 0.0, 0.0, 0.0, -0.0, 0.0, 0.0, 0.0, 0.0, 0.0, 0.0, 0.0, 0.0, 0.0, 0.0, 0.0, 0.0, 0.0, 0.0, -0.0, 0.0, 0.0, 0.0, 0.0, -0.0, 0.0, 0.0, 0.0, 0.0, 0.0, 0.0, 0.0, 0.0, 0.0, 0.0, 0.0, 0.0, 0.0], [-0.0, -0.0, 0.0, 0.0, 1.0, 0.0, 0.0, 0.531899, 0.0, -0.0, 0.0, 0.0, 0.0, -0.0, 0.00052, 0.005864, 0.005575, -0.001146, 0.066274, 0.008983, -0.00137, 0.191597, 0.010743, -0.002998, -0.013623, -0.002158, -0.011455, 0.106809, -1.2e-05, -0.00549, -0.035815, 0.000392, -0.002571, -0.005746, 0.005404, -0.017794, -0.079289, 0.00262, 0.000246, 0.000518, 0.00303, -0.003604, -0.0, -4e-06, -0.001216, 0.0, -0.0, -2e-06, 0.000276, -0.00033, -0.002935, 0.0, 0.0, 0.0, 0.0, -0.0, 0.0, 0.0, -0.0, 0.0, 0.0, 0.0, 0.0, -1e-06, -1e-06, 0.0, 0.0, 0.0, 0.0, 0.0, 0.0, 0.0, -0.0, 0.0, 0.0, 0.0, 0.0, -0.0, -0.0, 0.0, 0.0, 0.0, 0.0, 0.0, 0.0, 0.0, -0.0, 0.0, 0.0, 0.0, 0.0, -0.0, -0.0, 0.0, 0.0, 0.0, 0.0, 0.0, 0.0, 0.0, -0.0, 0.0, 0.0, 0.0, 0.0, 0.0, 0.0, 0.0, 0.0, 0.0, 0.0, 0.0, 0.0, 0.0, 0.0, 0.0, 0.0, 0.0, 0.0, 0.0, 0.0, 0.0, 0.0, 0.0, 0.0, 0.0, 0.358279, 0.191207, -0.019072, -0.30953, -0.222408, -0.157496, -0.084195, -0.216862, 0.102736, 0.058963, -0.214451, -0.114637, 0.237739, 0.0181, 0.146836, 0.009176, 0.036996, 0.002973, -0.000254, 0.010096, 0.007049, 0.028409, -0.004551, 0.00118, 0.006903, -0.001677, -0.035121, 0.000365, -0.000703, -0.000685, -0.001509, -0.031993, -0.000289, -0.000565, -0.000692, -0.0, -0.000324, -0.0, -0.0, -0.0, -0.0, -0.000406, 0.0, -0.0, -0.0, 0.0, -0.0, 0.0, 0.0, 0.0, 0.0, -0.0, 0.0, 0.0, 0.0, 0.0, -0.0, 0.0, 0.0, 0.0, 0.0, -0.0, 0.0, 0.0, 0.0, 0.0, -0.0, 0.0, 0.0, 0.0, 0.0, 0.0, 0.0, 0.0, 0.0, 0.0, 0.0, 0.0, 0.0, 0.0], [0.0, 0.0, 0.0, -0.0, 0.0, 1.0, 0.0, 0.0, 0.531899, 0.0, 0.0, 0.0, 0.0, 0.0, -0.018591, -0.209661, -0.19934, 0.040966, 0.008983, -0.254656, 0.048989, 0.010743, -0.192192, 0.107175, -0.002158, 0.063488, 0.195002, 0.013922, -1.9e-05, -0.00883, -0.057601, 0.00063, -0.005746, -0.008239, 0.008692, -0.079289, -0.096015, 0.004213, 0.000518, 0.000757, 0.002627, -0.006904, -0.0, -1e-05, -0.003424, 0.0, -2e-06, -5e-06, 0.000776, -0.002935, -0.007548, 1e-06, 0.0, 0.0, 1e-06, -1e-06, 0.0, 0.0, -1e-06, 0.0, 0.0, 0.0, 0.0, -1e-06, -2e-06, 0.0, 0.0, 0.0, 0.0, 0.0, 0.0, 0.0, -1e-06, 0.0, 0.0, 0.0, 0.0, -0.0, -1e-06, 0.0, 0.0, 0.0, 0.0, 0.0, 0.0, 0.0, -0.0, 0.0, 0.0, 0.0, 0.0, -0.0, -0.0, 0.0, 0.0, 0.0, 0.0, 0.0, 0.0, 0.0, -0.0, 0.0, 0.0, 0.0, 0.0, 0.0, 0.0, 0.0, 0.0, 0.0, 0.0, 0.0, 0.0, 0.0, 0.0, 0.0, 0.0, 0.0, 0.0, 0.0, 0.0, 0.0, 0.0, 0.0, 0.0, 0.0, 0.155621, 0.083052, -0.008284, -0.222408, 0.105906, 0.093677, 0.050079, 0.128988, 0.058963, 0.166797, 0.171336, 0.091589, -0.189942, 0.146836, 0.084571, -0.026542, -0.107012, -0.0086, 0.010096, -0.025968, -0.023633, -0.095239, 0.015255, 0.006903, -0.019901, -0.001455, -0.030487, 0.000317, -0.000685, -0.000509, -0.001611, -0.034162, -0.000308, -0.000692, -0.000655, -1e-06, -0.002004, -0.0, -0.0, -0.0, -0.0, -0.001866, 0.0, -0.0, -0.0, 0.0, -1e-06, 0.0, 0.0, 0.0, 0.0, -1e-06, 0.0, 0.0, 0.0, 0.0, -0.0, 0.0, 0.0, 0.0, 0.0, -0.0, 0.0, 0.0, 0.0, 0.0, -0.0, 0.0, 0.0, 0.0, 0.0, 0.0, 0.0, 0.0, 0.0, 0.0, 0.0, 0.0, 0.0, 0.0], [-0.0, -0.0, 0.0, 0.531899, 0.0, 0.0, 1.0, 0.0, 0.0, 0.0, 0.0, 0.0, 0.0, 0.0, 0.013588, 0.069268, 0.072849, 0.185649, -0.00137, 0.048989, 0.516976, -0.002366, 0.0846, -0.028854, -0.003502, 0.125211, -0.01744, -0.000976, 0.001142, 0.010143, 0.019419, 0.030913, 0.005404, 0.008692, 0.167227, 0.018316, 0.029458, -0.005335, 0.016676, 0.026821, -0.002454, 0.004974, 2.6e-05, 0.000733, 0.004964, 0.00064, 0.000276, 0.000776, 0.014371, 0.003776, 0.010629, -0.000397, 0.000262, 0.000736, -0.000419, 0.000341, -0.0, 3e-06, 5.8e-05, 2e-06, 2e-06, 3e-06, 0.000162, 8.5e-05, 0.000136, -2e-06, 3e-06, 4e-06, -2e-06, 3e-06, 0.0, 0.0, 1.9e-05, 0.0, 0.0, 0.0, 2.4e-05, 1.8e-05, 3.8e-05, -0.0, 0.0, 0.0, -0.0, 0.0, 0.0, 0.0, 0.0, 0.0, 0.0, 0.0, 0.0, 0.0, 1e-06, -0.0, 0.0, 0.0, -0.0, 0.0, 0.0, 0.0, -0.0, 0.0, 0.0, 0.0, 0.0, -0.0, -0.0, 0.0, 0.0, 0.0, 0.0, 0.0, 0.0, 0.0, -0.0, 0.0, 0.0, 0.0, 0.0, -0.0, -0.0, 0.0, 0.0, 0.0, 0.0, 0.0, 0.01929, 0.018164, 0.266112, -0.009148, -0.003973, -0.498797, -0.469887, 0.038101, -0.104244, 0.062004, 0.401592, 0.378311, 0.118335, 0.114272, -0.091298, -0.070262, -0.121527, 0.037664, 0.019622, -0.056758, 0.139991, 0.242096, -0.01193, -0.030013, 0.100617, 0.030617, 0.090664, 0.002916, 0.021836, 0.018955, -0.02684, -0.079792, 0.005052, -0.017565, -0.018755, -0.000233, -0.00372, 0.000111, -3.5e-05, -0.000215, 0.000708, 0.01141, -7.8e-05, 0.000134, 0.000618, -0.0, -9e-06, 0.0, -0.0, -0.0, 0.0, 4.2e-05, -0.0, 0.0, 0.0, 0.0, 1e-06, -0.0, 0.0, 0.0, 0.0, -0.0, 0.0, 0.0, 0.0, -0.0, -1e-06, 0.0, 0.0, 0.0, 0.0, -0.0, 0.0, 0.0, 0.0, 0.0, 0.0, 0.0, 0.0, 0.0], [0.0, -0.0, 0.0, 0.0, 0.531899, 0.0, 0.0, 1.0, 0.0, 0.0, 0.0, 0.0, 0.0, 0.0, 0.00298, 0.01519, 0.015975, -0.00137, 0.191597, 0.010743, -0.002366, 0.527247, 0.018552, -4.6e-05, -0.016511, -0.000976, -0.007451, 0.129449, -0.010417, -0.092528, -0.177149, 0.005404, -0.017794, -0.079289, 0.018316, 0.00215, -0.268723, 0.019192, 0.001228, 0.004974, 0.039398, -0.01801, -9.7e-05, -0.00277, -0.018762, 0.000276, -0.00033, -0.002935, 0.003776, 0.001096, -0.040176, 0.000992, 4.3e-05, 0.000341, 0.001879, -0.000463, 1e-06, -2.8e-05, -0.00056, 2e-06, -1.4e-05, -2.6e-05, 8.5e-05, -0.000652, -0.001311, 1.8e-05, 2e-06, 3e-06, 1.8e-05, -2.6e-05, -0.0, -1e-06, -0.000111, 0.0, -0.0, -0.0, 1.8e-05, -8e-05, -0.000223, 0.0, 0.0, 0.0, 0.0, -0.0, 0.0, -0.0, -4e-06, 0.0, -0.0, -0.0, 0.0, -4e-06, -7e-06, 0.0, 0.0, 0.0, 0.0, -0.0, 0.0, 0.0, -0.0, 0.0, 0.0, 0.0, -0.0, -0.0, -1e-06, 0.0, 0.0, 0.0, 0.0, 0.0, 0.0, 0.0, -0.0, 0.0, 0.0, 0.0, -0.0, -0.0, -0.0, 0.0, 0.0, 0.0, 0.0, 0.0, 0.51789, 0.487655, -0.009148, 0.020853, -0.106678, -0.228011, -0.214796, -0.104244, 0.218492, 0.028343, -0.310454, -0.292457, 0.114272, 0.177814, 0.070579, 0.082486, 0.14267, 0.019622, 0.031342, 0.066633, 0.063344, 0.109544, -0.030013, 0.04082, 0.045527, -0.066187, -0.195993, 0.021836, -0.034187, -0.040976, -0.060219, -0.179027, -0.017565, -0.026529, -0.04208, -0.000365, -0.005842, -3.5e-05, 7.8e-05, -0.000338, -0.000457, -0.007356, 0.000134, 4.4e-05, -0.000399, -0.0, -5.6e-05, -0.0, -0.0, -0.0, -0.0, -6.5e-05, 0.0, -0.0, -0.0, -0.0, -5e-06, 0.0, -0.0, -0.0, 0.0, -0.0, 0.0, 0.0, 0.0, -0.0, -2e-06, 0.0, 0.0, 0.0, 0.0, -0.0, 0.0, 0.0, 0.0, 0.0, -0.0, 0.0, 0.0, 0.0], [0.0, 0.0, -0.0, 0.0, 0.0, 0.531899, 0.0, 0.0, 1.0, 0.0, 0.0, 0.0, 0.0, 0.0, -0.106531, -0.54308, -0.571152, 0.048989, 0.010743, -0.192192, 0.0846, 0.018552, -0.135518, 0.001635, -0.000976, 0.018369, 0.00707, 0.004028, -0.016754, -0.148812, -0.284909, 0.008692, -0.079289, -0.096015, 0.029458, -0.268723, -0.262953, 0.030866, 0.004974, 0.006135, 0.008632, -0.055963, -0.000273, -0.007796, -0.052806, 0.000776, -0.002935, -0.007548, 0.010629, -0.040176, -0.097709, 0.002791, 0.000341, 0.000882, 0.003635, -0.003335, 1e-06, -4.5e-05, -0.000892, 3e-06, -2.6e-05, -4e-05, 0.000136, -0.001311, -0.00192, 2.9e-05, 3e-06, 5e-06, 1.9e-05, -4.7e-05, -0.0, -1e-06, -0.000231, 0.0, -0.0, -1e-06, 3.8e-05, -0.000223, -0.000434, 0.0, 0.0, 0.0, 0.0, -0.0, 0.0, -0.0, -6e-06, 0.0, -0.0, -0.0, 1e-06, -7e-06, -9e-06, 0.0, 0.0, 0.0, 0.0, -0.0, 0.0, 0.0, -1e-06, 0.0, 0.0, 0.0, -0.0, -1e-06, -1e-06, 0.0, 0.0, 0.0, 0.0, 0.0, 0.0, 0.0, -0.0, 0.0, 0.0, 0.0, -0.0, -0.0, -0.0, 0.0, 0.0, 0.0, 0.0, 0.0, 0.224949, 0.211816, -0.003973, -0.106678, 0.220116, 0.13562, 0.127759, 0.062004, 0.028343, 0.249286, 0.248038, 0.233658, -0.091298, 0.070579, 0.209764, -0.238593, -0.412677, -0.056758, 0.066633, -0.138359, -0.212354, -0.367239, 0.100617, 0.045527, -0.098227, -0.057454, -0.170133, 0.018955, -0.040976, -0.022552, -0.0643, -0.191161, -0.018755, -0.04208, -0.032052, -0.00226, -0.036141, -0.000215, -0.000338, -0.001957, -0.0021, -0.033833, 0.000618, -0.000399, -0.001703, -0.0, -0.000161, -0.0, -0.0, -0.0, -0.0, -0.000171, 0.0, -0.0, -0.0, -0.0, -6e-06, 0.0, -0.0, -0.0, 0.0, -0.0, 0.0, 0.0, 0.0, -0.0, -3e-06, 0.0, 0.0, 0.0, 0.0, -0.0, 0.0, 0.0, 0.0, 0.0, -0.0, 0.0, 0.0, 0.0], [-0.0, 0.0, -0.0, 0.0, -0.0, 0.0, 0.0, 0.0, 0.0, 1.0, 0.0, 0.0, 0.0, 0.0, -0.008458, -0.080376, -0.032909, 0.037371, 0.002998, -0.107175, 0.028854, 4.6e-05, -0.001635, 0.071956, -0.001996, 0.071348, 0.079273, 0.004438, -1e-06, -0.004302, -0.0178, 0.00042, -0.00262, -0.004213, 0.005335, -0.019192, -0.030866, 0.00209, 0.000303, 0.000488, 0.001551, -0.003144, 0.0, -2e-06, -0.001204, 0.0, -0.0, -1e-06, 0.000397, -0.000992, -0.002791, 0.0, 0.0, 0.0, 0.0, -0.0, 0.0, 0.0, -0.0, 0.0, 0.0, 0.0, 0.0, -0.0, -0.0, 0.0, 0.0, 0.0, 0.0, 0.0, 0.0, 0.0, -0.0, 0.0, 0.0, 0.0, 0.0, -0.0, -0.0, 0.0, 0.0, 0.0, 0.0, 0.0, 0.0, 0.0, -0.0, 0.0, 0.0, 0.0, 0.0, -0.0, -0.0, 0.0, 0.0, 0.0, 0.0, 0.0, 0.0, 0.0, -0.0, 0.0, 0.0, 0.0, 0.0, 0.0, 0.0, 0.0, 0.0, 0.0, 0.0, 0.0, 0.0, 0.0, 0.0, 0.0, 0.0, 0.0, 0.0, 0.0, 0.0, 0.0, 0.0, 0.0, 0.0, 0.0, -0.149902, -0.024437, 0.024411, 0.124719, 0.054173, 0.20112, 0.03286, 0.050137, 0.255961, -0.152244, 0.077514, 0.012664, 0.152638, 0.199328, -0.159254, -0.010131, -0.020194, -0.00519, 0.003565, -0.010312, -0.001865, -0.003715, 0.00424, -2.5e-05, 8.3e-05, -0.000595, -0.008895, 0.000125, -0.000185, -0.000161, -0.000644, -0.009782, -0.000116, -0.000185, -0.000198, -0.0, -0.000665, -0.0, -0.0, -0.0, -0.0, -0.000478, 0.0, -0.0, -0.0, 0.0, -0.0, 0.0, 0.0, 0.0, 0.0, -0.0, 0.0, 0.0, 0.0, 0.0, -0.0, 0.0, 0.0, 0.0, 0.0, 0.0, 0.0, 0.0, 0.0, 0.0, -0.0, 0.0, 0.0, 0.0, 0.0, 0.0, 0.0, 0.0, 0.0, 0.0, 0.0, 0.0, 0.0, 0.0], [0.0, 0.0, 0.0, 0.0, 0.0, 0.0, 0.0, 0.0, 0.0, 0.0, 1.0, 0.0, 0.0, 0.0, 0.000108, 0.001026, 0.00042, 0.002725, 0.013623, 0.002158, 0.003502, 0.016511, 0.000976, -0.001996, 0.031209, 0.005778, -0.003541, 0.029357, -0.0, -0.000459, -0.001897, -0.000663, -0.000246, -0.000518, -0.016676, -0.001228, -0.004974, 0.000303, -0.000355, -0.000708, 0.000263, -0.000345, 0.0, -0.0, -0.000126, -0.0, -0.0, -0.0, -0.000262, -4.3e-05, -0.000341, 0.0, -0.0, -0.0, 0.0, -0.0, 0.0, 0.0, -0.0, 0.0, 0.0, 0.0, -0.0, -0.0, -0.0, 0.0, 0.0, 0.0, 0.0, 0.0, 0.0, 0.0, -0.0, 0.0, 0.0, 0.0, -0.0, -0.0, -0.0, 0.0, 0.0, 0.0, 0.0, 0.0, 0.0, 0.0, -0.0, 0.0, 0.0, 0.0, -0.0, -0.0, -0.0, 0.0, 0.0, 0.0, 0.0, 0.0, 0.0, 0.0, 0.0, 0.0, 0.0, 0.0, 0.0, 0.0, 0.0, 0.0, 0.0, 0.0, 0.0, 0.0, 0.0, 0.0, 0.0, 0.0, 0.0, 0.0, 0.0, 0.0, 0.0, 0.0, 0.0, 0.0, 0.0, 0.0, 0.01631, 0.002659, 0.305159, -0.021404, -0.014254, 0.185473, 0.030304, 0.225115, -0.129925, -0.09779, -0.203328, -0.033219, 0.134232, -0.008409, 0.196063, -0.003777, -0.007528, 6e-05, 0.0004, -0.004753, 0.005779, 0.011513, -0.003145, 0.000548, 0.006473, -0.000719, -0.010753, 7e-05, -0.000235, -0.000224, 0.000571, 0.008666, 3.9e-05, 0.000167, 0.000199, 0.0, 3.8e-05, -0.0, 0.0, 0.0, -0.0, -0.000148, 0.0, -0.0, -0.0, 0.0, 0.0, 0.0, 0.0, 0.0, 0.0, -0.0, 0.0, 0.0, 0.0, 0.0, -0.0, 0.0, 0.0, 0.0, 0.0, 0.0, 0.0, 0.0, 0.0, 0.0, 0.0, 0.0, 0.0, 0.0, 0.0, 0.0, 0.0, 0.0, 0.0, 0.0, 0.0, 0.0, 0.0, 0.0], [0.0, 0.0, 0.0, -0.0, 0.0, 0.0, 0.0, 0.0, 0.0, 0.0, 0.0, 1.0, 0.0, 0.0, -0.00386, -0.036678, -0.015017, -0.09744, 0.002158, -0.063488, -0.125211, 0.000976, -0.018369, 0.071348, 0.005778, -0.1752, 0.067571, 0.004609, -0.0, -0.000738, -0.003051, -0.001066, -0.000518, -0.000757, -0.026821, -0.004974, -0.006135, 0.000488, -0.000708, -0.001053, 0.000257, -0.000637, 0.0, -1e-06, -0.000354, -0.0, -0.0, -0.0, -0.000736, -0.000341, -0.000882, 0.0, -0.0, -0.0, 0.0, -0.0, 0.0, 0.0, -0.0, 0.0, 0.0, 0.0, -0.0, -0.0, -0.0, 0.0, 0.0, 0.0, 0.0, 0.0, 0.0, 0.0, -0.0, 0.0, 0.0, 0.0, -0.0, -0.0, -0.0, 0.0, 0.0, 0.0, 0.0, 0.0, 0.0, 0.0, -0.0, 0.0, 0.0, 0.0, -0.0, -0.0, -0.0, 0.0, 0.0, 0.0, 0.0, 0.0, 0.0, 0.0, 0.0, 0.0, 0.0, 0.0, 0.0, 0.0, 0.0, 0.0, 0.0, 0.0, 0.0, 0.0, 0.0, 0.0, 0.0, 0.0, 0.0, 0.0, 0.0, 0.0, 0.0, 0.0, 0.0, 0.0, 0.0, 0.0, 0.007084, 0.001155, 0.132548, -0.014254, 0.005221, -0.110318, -0.018025, -0.133897, -0.09779, -0.236169, 0.162449, 0.02654, -0.107245, 0.196063, 0.080347, 0.010924, 0.021774, -0.000173, -0.004753, 0.012504, -0.019375, -0.038598, 0.010545, 0.006473, -0.019221, -0.000624, -0.009335, 6.1e-05, -0.000224, -0.000172, 0.00061, 0.009253, 4.2e-05, 0.000199, 0.000193, 0.0, 0.000236, -0.0, 0.0, 0.0, -0.0, -0.000681, 0.0, -0.0, -0.0, 0.0, 0.0, 0.0, 0.0, 0.0, 0.0, -0.0, 0.0, 0.0, 0.0, 0.0, -0.0, 0.0, 0.0, 0.0, 0.0, 0.0, 0.0, 0.0, 0.0, 0.0, 0.0, 0.0, 0.0, 0.0, 0.0, 0.0, 0.0, 0.0, 0.0, 0.0, 0.0, 0.0, 0.0, 0.0], [-0.0, -0.0, -0.0, -0.0, 0.0, 0.0, 0.0, 0.0, 0.0, 0.0, 0.0, 0.0, 1.0, 0.0, -0.015118, -0.143668, -0.058823, 0.038556, 0.011455, -0.195002, 0.01744, 0.007451, -0.00707, 0.079273, -0.003541, 0.067571, 0.183864, 0.021288, -1e-06, -0.003319, -0.013731, 0.000256, -0.00303, -0.002627, 0.002454, -0.039398, -0.008632, 0.001551, 0.000263, 0.000257, -6.5e-05, -0.003097, 0.0, -3e-06, -0.001643, 0.0, -0.0, -1e-06, 0.000419, -0.001879, -0.003635, 0.0, 0.0, 0.0, 0.0, -0.0, 0.0, 0.0, -0.0, 0.0, 0.0, 0.0, 0.0, -0.0, -0.0, 0.0, 0.0, 0.0, 0.0, 0.0, 0.0, 0.0, -0.0, 0.0, 0.0, 0.0, 0.0, -0.0, -0.0, 0.0, 0.0, 0.0, 0.0, 0.0, 0.0, 0.0, -0.0, 0.0, 0.0, 0.0, 0.0, -0.0, -0.0, 0.0, 0.0, 0.0, 0.0, 0.0, 0.0, 0.0, -0.0, 0.0, 0.0, 0.0, 0.0, 0.0, 0.0, 0.0, 0.0, 0.0, 0.0, 0.0, 0.0, 0.0, 0.0, 0.0, 0.0, 0.0, 0.0, 0.0, 0.0, 0.0, 0.0, 0.0, 0.0, 0.0, 0.177633, 0.028957, -0.013312, -0.051023, -0.28832, 0.027395, 0.004476, 0.053122, -0.110263, -0.094471, 0.028425, 0.004644, -0.044378, -0.148902, -0.173784, -0.016331, -0.032552, -0.006052, 0.008564, -0.01633, -0.013387, -0.02667, 0.009885, 0.005595, -0.011234, 0.000192, 0.002865, -3.2e-05, 1.9e-05, 0.000103, -9e-05, -0.001363, -1.3e-05, -7.3e-05, 1.6e-05, -0.0, -0.001116, -0.0, -0.0, -0.0, -0.0, -0.000962, 0.0, -0.0, -0.0, 0.0, -0.0, 0.0, 0.0, 0.0, 0.0, -0.0, 0.0, 0.0, 0.0, 0.0, -0.0, 0.0, 0.0, 0.0, 0.0, 0.0, 0.0, 0.0, 0.0, 0.0, -0.0, 0.0, 0.0, 0.0, 0.0, 0.0, 0.0, 0.0, 0.0, 0.0, 0.0, 0.0, 0.0, 0.0], [0.0, 0.0, 0.0, 0.0, -0.0, 0.0, 0.0, 0.0, 0.0, 0.0, 0.0, 0.0, 0.0, 1.0, -0.000846, -0.008043, -0.003293, 0.002158, -0.106809, -0.013922, 0.000976, -0.129449, -0.004028, 0.004438, 0.029357, 0.004609, 0.021288, -0.19521, 2e-06, 0.006728, 0.027836, -0.000518, 0.003604, 0.006904, -0.004974, 0.01801, 0.055963, -0.003144, -0.000345, -0.000637, -0.003097, 0.004687, 0.0, 2e-06, 0.001336, -0.0, 0.0, 1e-06, -0.000341, 0.000463, 0.003335, -0.0, -0.0, -0.0, -0.0, 0.0, 0.0, 0.0, 0.0, 0.0, 0.0, 0.0, -0.0, 0.0, 1e-06, 0.0, 0.0, 0.0, 0.0, 0.0, 0.0, 0.0, 0.0, 0.0, 0.0, 0.0, -0.0, 0.0, 0.0, 0.0, 0.0, 0.0, 0.0, 0.0, 0.0, 0.0, 0.0, 0.0, 0.0, 0.0, -0.0, 0.0, 0.0, 0.0, 0.0, 0.0, 0.0, 0.0, 0.0, 0.0, 0.0, 0.0, 0.0, 0.0, 0.0, 0.0, 0.0, 0.0, 0.0, 0.0, 0.0, 0.0, 0.0, 0.0, 0.0, 0.0, 0.0, 0.0, 0.0, 0.0, 0.0, 0.0, 0.0, 0.0, 0.0, 0.0, 0.190196, 0.031005, -0.014254, -0.249602, 0.140161, -0.050429, -0.008239, -0.09779, 0.035326, -0.107958, -0.125582, -0.020517, 0.196063, -0.005194, -0.062113, -0.012824, -0.025563, -0.004753, 0.001358, -0.014679, -0.008767, -0.017465, 0.006473, -0.000832, -0.008697, 0.001349, 0.020179, -0.000224, 0.000442, 0.000371, 0.001368, 0.020761, 0.000199, 0.0004, 0.000434, 0.0, 0.000371, 0.0, 0.0, 0.0, 0.0, 0.000439, -0.0, 0.0, 0.0, 0.0, 0.0, 0.0, 0.0, 0.0, 0.0, 0.0, 0.0, 0.0, 0.0, 0.0, 0.0, 0.0, 0.0, 0.0, 0.0, 0.0, 0.0, 0.0, 0.0, 0.0, 0.0, 0.0, 0.0, 0.0, 0.0, 0.0, 0.0, 0.0, 0.0, 0.0, 0.0, 0.0, 0.0, 0.0], [0.0, 0.01453, 0.052231, 0.002371, 0.00052, -0.018591, 0.013588, 0.00298, -0.106531, -0.008458, 0.000108, -0.00386, -0.015118, -0.000846, 1.0, 0.325565, 0.151774, -0.0, -0.0, -0.0, -0.0, -0.0, 0.0, -0.0, 0.0, 0.0, -0.0, 0.0, 0.0, 0.014493, 0.052185, 0.000563, 0.01694, 0.007883, 0.003234, 0.0973, 0.04528, -0.008825, 0.000837, 0.000389, 0.009862, 0.011716, 0.0, 6.2e-05, 0.007947, -1e-06, 1.2e-05, 2e-05, -0.001195, 0.010616, 0.016978, -1e-06, -0.0, -0.0, -1e-06, 2e-06, 0.0, 0.0, 1e-06, 0.0, 0.0, 0.0, -0.0, 2e-06, 2e-06, 0.0, 0.0, 0.0, 0.0, 0.0, 0.0, 0.0, 3e-06, 0.0, 0.0, 0.0, -0.0, 2e-06, 3e-06, 0.0, 0.0, 0.0, 0.0, 0.0, 0.0, 0.0, 0.0, 0.0, 0.0, 0.0, -0.0, 0.0, 0.0, 0.0, 0.0, 0.0, 0.0, 0.0, 0.0, 0.0, 0.0, 0.0, 0.0, 0.0, 0.0, 0.0, 0.0, 0.0, 0.0, 0.0, 0.0, 0.0, 0.0, 0.0, 0.0, 0.0, 0.0, 0.0, 0.0, 0.0, 0.0, 0.0, 0.0, 0.0, 0.0, 0.0, 0.000282, 0.019072, 2e-06, -1.3e-05, -2.7e-05, 0.000287, 0.019155, 1.6e-05, 7e-06, -2.5e-05, 0.000287, 0.019162, -8e-06, 9e-06, -2.8e-05, 0.049257, 0.086473, 0.056617, -0.046707, 0.032899, 0.049245, 0.086467, -0.070306, -0.035118, 0.016999, 0.000309, 0.019587, -1.2e-05, 3.3e-05, 3e-06, 0.000309, 0.019586, 1.6e-05, 3e-05, 7e-06, 4e-06, 0.005288, 0.0, 0.0, 0.0, 3e-06, 0.005155, -0.0, 0.0, 0.0, 0.0, 2e-06, 0.0, 0.0, 0.0, 0.0, 3e-06, 0.0, 0.0, 0.0, 0.0, 0.0, 0.0, 0.0, 0.0, 0.0, 0.0, 0.0, 0.0, 0.0, 0.0, 0.0, 0.0, 0.0, 0.0, 0.0, 0.0, 0.0, 0.0, 0.0, 0.0, 0.0, 0.0, 0.0, 0.0], [0.01453, 0.185528, 0.349265, 0.026742, 0.005864, -0.209661, 0.069268, 0.01519, -0.54308, -0.080376, 0.001026, -0.036678, -0.143668, -0.008043, 0.325565, 1.0, 0.798485, -0.0, -0.0, -0.0, -0.0, 0.0, -0.0, 0.0, 0.0, 0.0, -0.0, 0.0, 0.014493, 0.185267, 0.349024, 0.00636, 0.19137, 0.089057, 0.01649, 0.496153, 0.230893, -0.08411, 0.007974, 0.003711, 0.093986, 0.111657, 6.2e-05, 0.009479, 0.081122, -0.000636, 0.005652, 0.009039, -0.010563, 0.093878, 0.150134, -0.004415, -0.000487, -0.000779, -0.003372, 0.006925, -0.0, 1e-06, 0.000355, -0.0, 1e-06, 1e-06, -2.2e-05, 0.000765, 0.000764, -1e-06, -0.0, -0.0, 0.0, 1e-06, 0.0, 0.0, 0.000167, -0.0, 0.0, 0.0, -1.8e-05, 0.000186, 0.000275, -0.0, -0.0, -0.0, -0.0, 0.0, 0.0, 0.0, 1e-06, 0.0, 0.0, 0.0, -0.0, 1e-06, 1e-06, 0.0, 0.0, 0.0, 0.0, 0.0, 0.0, 0.0, 0.0, 0.0, 0.0, 0.0, 0.0, 0.0, 0.0, 0.0, 0.0, 0.0, 0.0, 0.0, 0.0, 0.0, 0.0, 0.0, 0.0, 0.0, 0.0, 0.0, 0.0, 0.0, 0.0, 0.0, 0.0, 0.0, 0.022841, 0.157941, 0.001702, -0.010461, -0.021275, 0.02302, 0.158482, 0.012765, 0.005329, -0.019584, 0.023034, 0.158525, -0.006439, 0.007092, -0.021998, 0.36462, 0.519015, 0.253117, -0.208811, 0.147079, 0.364575, 0.518988, -0.31439, -0.15704, 0.076014, 0.023962, 0.161284, -0.008403, 0.023496, 0.002419, 0.023961, 0.161282, 0.011656, 0.021621, 0.005012, 0.002298, 0.057532, 0.000376, 0.000431, 0.00159, 0.002196, 0.056393, -0.000645, 0.000512, 0.001374, 0.0, 0.000135, 0.0, 0.0, 0.0, 0.0, 0.000152, -0.0, 0.0, 0.0, 0.0, 1e-06, 0.0, 0.0, 0.0, 0.0, 0.0, 0.0, 0.0, 0.0, 0.0, 0.0, 0.0, 0.0, 0.0, 0.0, 0.0, 0.0, 0.0, 0.0, 0.0, 0.0, 0.0, 0.0, 0.0], [0.052231, 0.349265, 0.578152, 0.025425, 0.005575, -0.19934, 0.072849, 0.015975, -0.571152, -0.032909, 0.00042, -0.015017, -0.058823, -0.003293, 0.151774, 0.798485, 1.0, -0.0, -0.0, -0.0, 0.0, 0.0, 0.0, -0.0, 0.0, 0.0, -0.0, 0.0, 0.052185, 0.349024, 0.577887, 0.006053, 0.18212, 0.084752, 0.017347, 0.521946, 0.242896, -0.034475, 0.003269, 0.001521, 0.038523, 0.045766, 0.007947, 0.081122, 0.219747, -0.004087, 0.036322, 0.058087, -0.020128, 0.178884, 0.286078, -0.017935, -0.001979, -0.003165, -0.013698, 0.02813, -0.000143, 0.001922, 0.011546, -3.6e-05, 0.001248, 0.001246, -0.0005, 0.017129, 0.017106, -0.000793, -4e-05, -4e-05, 2e-06, 0.001375, 3e-06, 0.000167, 0.003642, -9e-06, 9.4e-05, 0.000139, -0.00042, 0.004394, 0.006517, -5.8e-05, -6e-06, -9e-06, -3.8e-05, 9.4e-05, 0.0, 1e-06, 0.000151, -0.0, 1e-06, 1e-06, -1.1e-05, 0.000218, 0.000234, -0.0, -0.0, -0.0, -0.0, 1e-06, 0.0, 0.0, 1.7e-05, 0.0, 0.0, 0.0, 5e-06, 2.4e-05, 2.3e-05, -0.0, 0.0, 0.0, 0.0, 0.0, 0.0, 0.0, 2e-06, 0.0, 0.0, 0.0, 0.0, 3e-06, 4e-06, -0.0, 0.0, 0.0, -0.0, 0.0, 0.121884, 0.341171, 0.006348, -0.039032, -0.079379, 0.122343, 0.341958, 0.047357, 0.019769, -0.072658, 0.122379, 0.34202, -0.023876, 0.026299, -0.081577, 0.452489, 0.761226, 0.131225, -0.108255, 0.076251, 0.452463, 0.7612, -0.163005, -0.081422, 0.039412, 0.124724, 0.346024, -0.030282, 0.084671, 0.008716, 0.124722, 0.346021, 0.042007, 0.077918, 0.018063, 0.040219, 0.172629, 0.007484, 0.008596, 0.031687, 0.039346, 0.170315, -0.013295, 0.010542, 0.028304, 5.5e-05, 0.00291, 4e-06, 1.8e-05, 3.8e-05, 6.2e-05, 0.003142, -1.2e-05, 2.2e-05, 4.2e-05, 0.0, 0.00011, -0.0, 0.0, 0.0, 0.0, 3e-06, 0.0, 0.0, 0.0, 0.0, 5.9e-05, 0.0, 0.0, 0.0, 0.0, 3e-06, 0.0, 0.0, 0.0, 0.0, 0.0, 0.0, 0.0, 0.0], [-0.002371, -0.026742, -0.025425, 0.0613, -0.001146, 0.040966, 0.185649, -0.00137, 0.048989, 0.037371, 0.002725, -0.09744, 0.038556, 0.002158, -0.0, -0.0, -0.0, 1.0, 0.0, 0.0, 0.531899, 0.0, 0.0, 0.0, 0.0, 0.0, -0.0, 0.0, -0.000563, -0.00636, -0.006053, 0.066093, -0.008904, -0.004144, 0.19138, -0.010662, -0.004962, 0.00913, 0.097344, 0.045301, -0.006005, -0.007135, 1e-06, 0.000636, 0.004087, 0.000988, 0.000417, 0.000666, 0.031324, 0.005643, 0.009025, -0.000446, 0.000688, 0.0011, -0.000269, 0.000552, -0.0, 0.0, 7e-06, 0.0, 0.0, 0.0, 6e-05, 1.7e-05, 1.7e-05, -0.0, 0.0, 0.0, 0.0, 0.0, 0.0, 0.0, 9e-06, 0.0, 0.0, 0.0, 1.6e-05, 1e-05, 1.5e-05, 0.0, 0.0, 0.0, 0.0, 0.0, 0.0, 0.0, 0.0, 0.0, 0.0, 0.0, 0.0, 0.0, 0.0, 0.0, 0.0, 0.0, 0.0, 0.0, 0.0, 0.0, -0.0, 0.0, 0.0, 0.0, -0.0, -0.0, -0.0, 0.0, 0.0, 0.0, 0.0, 0.0, 0.0, 0.0, -0.0, 0.0, 0.0, 0.0, 0.0, -0.0, -0.0, 0.0, 0.0, 0.0, 0.0, 0.0, -0.001932, -0.008208, 0.002726, 0.001012, 0.002057, -0.014489, -0.061206, -0.006265, -0.003837, 0.014101, 0.007308, 0.030858, 0.000591, 0.002574, -0.007984, -0.273756, -0.146891, -0.100283, 0.248106, -0.174757, 0.340021, 0.182466, -0.263597, -0.231783, 0.112192, 0.00951, 0.039054, -0.000721, 0.010711, 0.001103, -0.013191, -0.054174, -0.004261, -0.013672, -0.00317, -0.000524, -0.010961, 9e-06, -8.8e-05, -0.000326, 0.000905, 0.019522, -0.000157, 0.000189, 0.000506, -0.0, -1.4e-05, 0.0, 0.0, 0.0, 0.0, 3.7e-05, 0.0, 0.0, 0.0, 0.0, 0.0, 0.0, 0.0, 0.0, 0.0, -0.0, 0.0, 0.0, 0.0, 0.0, -0.0, 0.0, 0.0, 0.0, 0.0, -0.0, 0.0, 0.0, 0.0, 0.0, 0.0, 0.0, 0.0, 0.0], [-0.00052, -0.005864, -0.005575, -0.001146, 0.066274, 0.008983, -0.00137, 0.191597, 0.010743, 0.002998, 0.013623, 0.002158, 0.011455, -0.106809, -0.0, -0.0, -0.0, 0.0, 1.0, 0.0, 0.0, 0.531899, 0.0, -0.0, 0.0, 0.0, 0.0, 0.0, -0.01694, -0.19137, -0.18212, -0.008904, -0.201532, -0.124681, -0.010662, -0.129068, -0.14929, 0.105211, -0.012079, -0.007135, -0.082841, -0.16913, -1.2e-05, -0.005652, -0.036322, 0.000417, -0.002667, -0.00592, 0.005643, -0.018194, -0.080208, 0.002708, 0.000263, 0.000552, 0.003115, -0.003744, 0.0, -0.0, -0.000244, 0.0, -0.0, -0.0, 1.7e-05, -0.000508, -0.000568, 0.0, 0.0, 0.0, 0.0, -0.0, 0.0, -0.0, -9.4e-05, 0.0, -0.0, -0.0, 1e-05, -9.2e-05, -0.000162, 0.0, 0.0, 0.0, 0.0, 0.0, 0.0, 0.0, -1e-06, 0.0, 0.0, 0.0, 0.0, -1e-06, -1e-06, 0.0, 0.0, 0.0, 0.0, 0.0, 0.0, 0.0, -0.0, 0.0, 0.0, 0.0, -0.0, -0.0, -0.0, 0.0, 0.0, 0.0, 0.0, 0.0, 0.0, 0.0, -0.0, 0.0, 0.0, 0.0, -0.0, -0.0, -0.0, 0.0, 0.0, 0.0, 0.0, 0.0, 0.011881, 0.050468, 0.001012, -0.003329, -0.01265, -0.006048, -0.025551, -0.003837, 0.001324, 0.005886, -0.008049, -0.033988, 0.002574, 9.3e-05, 0.008794, 0.225837, 0.121179, 0.248106, -0.00421, 0.144167, 0.169843, 0.091143, -0.231783, 0.08465, 0.056041, -0.02659, -0.109197, 0.010711, -0.026838, -0.003083, -0.024468, -0.100488, -0.013672, -0.022251, -0.005879, -0.000602, -0.01259, -8.8e-05, -1.5e-05, -0.000374, -0.000718, -0.01548, 0.000189, -6.9e-05, -0.000401, -0.0, -5.7e-05, 0.0, 0.0, 0.0, -0.0, -6.9e-05, 0.0, 0.0, 0.0, 0.0, -1e-06, 0.0, 0.0, 0.0, 0.0, -0.0, 0.0, 0.0, 0.0, 0.0, -0.0, 0.0, 0.0, 0.0, 0.0, -0.0, 0.0, 0.0, 0.0, 0.0, -0.0, 0.0, 0.0, 0.0], [0.018591, 0.209661, 0.19934, 0.040966, 0.008983, -0.254656, 0.048989, 0.010743, -0.192192, -0.107175, 0.002158, -0.063488, -0.195002, -0.013922, -0.0, -0.0, -0.0, 0.0, 0.0, 1.0, 0.0, 0.0, 0.531899, -0.0, 0.0, 0.0, -0.0, 0.0, -0.007883, -0.089057, -0.084752, -0.004144, -0.124681, 0.008366, -0.004962, -0.14929, 0.12226, 0.048962, -0.007135, -6.8e-05, -0.129627, -0.002046, -2e-05, -0.009039, -0.058087, 0.000666, -0.00592, -0.008433, 0.009025, -0.080208, -0.096312, 0.004331, 0.000552, 0.000801, 0.002659, -0.007119, 0.0, -0.0, -0.000243, 0.0, -0.0, -0.0, 1.7e-05, -0.000568, -0.000506, 0.0, 0.0, 0.0, -0.0, -0.0, 0.0, -0.0, -0.000139, 0.0, -0.0, -0.0, 1.5e-05, -0.000162, -0.000224, 0.0, 0.0, 0.0, 0.0, 0.0, 0.0, 0.0, -1e-06, 0.0, 0.0, 0.0, 0.0, -1e-06, -1e-06, 0.0, 0.0, 0.0, 0.0, 0.0, 0.0, 0.0, -0.0, 0.0, 0.0, 0.0, -0.0, -0.0, -0.0, 0.0, 0.0, 0.0, 0.0, 0.0, 0.0, 0.0, -0.0, 0.0, 0.0, 0.0, -0.0, -0.0, -0.0, 0.0, 0.0, 0.0, 0.0, 0.0, 0.024163, 0.102635, 0.002057, -0.01265, -0.022835, 0.02223, 0.093906, 0.014101, 0.005886, -0.018709, 0.024968, 0.105429, -0.007984, 0.008794, -0.024351, -0.159072, -0.085354, -0.174757, 0.144167, 0.09892, -0.082211, -0.044117, 0.112192, 0.056041, 0.173301, -0.002737, -0.01124, 0.001103, -0.003083, 0.002792, -0.005672, -0.023295, -0.00317, -0.005879, 0.001747, -0.00222, -0.046413, -0.000326, -0.000374, -0.001294, -0.001927, -0.041561, 0.000506, -0.000401, -0.000998, -0.0, -0.000122, 0.0, 0.0, 0.0, -0.0, -0.000131, 0.0, 0.0, 0.0, 0.0, -1e-06, 0.0, 0.0, 0.0, 0.0, -0.0, 0.0, 0.0, 0.0, 0.0, -0.0, 0.0, 0.0, 0.0, 0.0, -0.0, 0.0, 0.0, 0.0, 0.0, -0.0, 0.0, 0.0, 0.0], [-0.013588, -0.069268, -0.072849, 0.185649, -0.00137, 0.048989, 0.516976, -0.002366, 0.0846, 0.028854, 0.003502, -0.125211, 0.01744, 0.000976, -0.0, -0.0, 0.0, 0.531899, 0.0, 0.0, 1.0, 0.0, 0.0, 0.0, 0.0, 0.0, 0.0, 0.0, -0.003234, -0.01649, -0.017347, 0.19138, -0.010662, -0.004962, 0.526872, -0.018418, -0.008571, 0.00698, 0.118214, 0.055013, -0.002721, -0.003232, 0.001195, 0.010563, 0.020128, 0.031324, 0.005643, 0.009025, 0.168627, 0.019025, 0.030425, -0.005548, 0.016935, 0.027084, -0.002521, 0.005176, -6e-06, 9.1e-05, 0.000544, 0.000333, 6.6e-05, 6.6e-05, 0.006156, 0.0009, 0.000899, -6.2e-05, 0.000416, 0.000415, 0.0, 8.4e-05, 0.0, 1.8e-05, 0.00042, 1.6e-05, 1e-05, 1.5e-05, 0.001377, 0.000558, 0.000827, -8e-06, 1.1e-05, 1.6e-05, -4e-06, 1.1e-05, 0.0, 0.0, 1.1e-05, 0.0, 0.0, 0.0, 3.4e-05, 1.6e-05, 1.7e-05, -0.0, 0.0, 0.0, -0.0, 0.0, -0.0, -0.0, -5e-06, -0.0, -0.0, -0.0, 1e-06, -8e-06, -8e-06, 0.0, -0.0, -0.0, -0.0, -0.0, 0.0, -0.0, -0.0, 0.0, -0.0, -0.0, 0.0, -0.0, -0.0, 0.0, 0.0, 0.0, 0.0, -0.0, -0.018205, -0.032021, 0.050857, 0.007153, 0.014546, -0.135819, -0.238471, -0.012242, -0.026929, 0.098971, 0.068478, 0.120216, 0.035891, 0.018056, -0.056008, -0.397674, -0.374994, 0.12021, 0.119832, -0.084406, 0.493982, 0.465821, 0.041302, -0.111963, 0.054195, 0.086912, 0.151218, 0.027632, 0.072425, 0.007455, -0.120561, -0.209767, 0.00369, -0.092454, -0.021433, -0.020661, -0.06114, 0.008449, -0.005276, -0.019448, 0.036681, 0.109663, -0.002111, 0.011735, 0.031507, -1e-05, -0.00064, 2e-06, -3e-06, -7e-06, 2.8e-05, 0.001643, -1e-06, 1e-05, 1.9e-05, 0.0, 3.6e-05, 0.0, 0.0, 0.0, -0.0, -1e-06, -0.0, -0.0, -0.0, -0.0, -3.8e-05, -0.0, -0.0, -0.0, -0.0, -0.0, 0.0, 0.0, 0.0, 0.0, 0.0, 0.0, 0.0, 0.0], [-0.00298, -0.01519, -0.015975, -0.00137, 0.191597, 0.010743, -0.002366, 0.527247, 0.018552, 4.6e-05, 0.016511, 0.000976, 0.007451, -0.129449, -0.0, 0.0, 0.0, 0.0, 0.531899, 0.0, 0.0, 1.0, 0.0, 0.0, 0.0, 0.0, 0.0, 0.0, -0.0973, -0.496153, -0.521946, -0.010662, -0.129068, -0.14929, -0.018418, -0.026686, -0.257892, 0.004877, -0.003009, -0.003232, 0.036581, -0.042135, -0.010616, -0.093878, -0.178884, 0.005643, -0.018194, -0.080208, 0.019025, 0.00169, -0.270396, 0.019344, 0.00129, 0.005176, 0.039702, -0.018338, 0.000212, -0.003104, -0.018617, 6.6e-05, -0.001937, -0.002269, 0.0009, -0.024621, -0.030761, 0.001411, 7.2e-05, 8.4e-05, 0.000414, -0.002448, -2e-06, -0.000186, -0.004394, 1e-05, -9.2e-05, -0.000162, 0.000558, -0.00441, -0.008662, 6.5e-05, 6e-06, 1.1e-05, 5.8e-05, -9.9e-05, -0.0, -1e-06, -0.000218, 0.0, -1e-06, -1e-06, 1.6e-05, -0.000297, -0.000357, 0.0, 0.0, 0.0, 0.0, -1e-06, -0.0, -0.0, -2.4e-05, -0.0, -0.0, -0.0, -8e-06, -3.1e-05, -3.3e-05, 0.0, -0.0, -0.0, 0.0, -0.0, 0.0, -0.0, -3e-06, -0.0, -0.0, -0.0, -0.0, -3e-06, -4e-06, 0.0, -0.0, -0.0, 0.0, -0.0, 0.111928, 0.196872, 0.007153, 0.008044, -0.089434, -0.056698, -0.09955, -0.026929, 0.041023, 0.041316, -0.075425, -0.132414, 0.018056, 0.032396, 0.061691, 0.328064, 0.309354, 0.119832, 0.166613, 0.069631, 0.246747, 0.232681, -0.111963, 0.209524, 0.027071, -0.243011, -0.422817, 0.072425, -0.148972, -0.020845, -0.223628, -0.389095, -0.092454, -0.117959, -0.039756, -0.023732, -0.070226, -0.005276, 0.006982, -0.022338, -0.029087, -0.086957, 0.011735, 0.003383, -0.024983, -4.3e-05, -0.002649, -3e-06, -1.1e-05, -3e-05, -5.3e-05, -0.003052, 1e-05, -1.4e-05, -3.5e-05, -0.0, -0.000176, 0.0, -0.0, -0.0, -0.0, -5e-06, -0.0, -0.0, -0.0, -0.0, -8e-05, -0.0, -0.0, -0.0, -0.0, -3e-06, 0.0, 0.0, 0.0, 0.0, -0.0, 0.0, 0.0, 0.0], [0.106531, 0.54308, 0.571152, 0.048989, 0.010743, -0.192192, 0.0846, 0.018552, -0.135518, -0.001635, 0.000976, -0.018369, -0.00707, -0.004028, 0.0, -0.0, 0.0, 0.0, 0.0, 0.531899, 0.0, 0.0, 1.0, -0.0, 0.0, 0.0, -0.0, 0.0, -0.04528, -0.230893, -0.242896, -0.004962, -0.14929, 0.12226, -0.008571, -0.257892, 0.40747, 0.00227, -0.003232, 0.002432, -0.093217, 0.073185, -0.016978, -0.150134, -0.286078, 0.009025, -0.080208, -0.096312, 0.030425, -0.270396, -0.261661, 0.030936, 0.005176, 0.006332, 0.008161, -0.056272, 0.000212, -0.003099, -0.018592, 6.6e-05, -0.002269, -0.001931, 0.000899, -0.030761, -0.024535, 0.001409, 8.4e-05, 7.1e-05, -0.000422, -0.002443, -3e-06, -0.000275, -0.006517, 1.5e-05, -0.000162, -0.000224, 0.000827, -0.008662, -0.011416, 9.7e-05, 1.1e-05, 1.5e-05, 5.3e-05, -0.000161, -0.0, -1e-06, -0.000234, 0.0, -1e-06, -1e-06, 1.7e-05, -0.000357, -0.000349, 0.0, 0.0, 0.0, 0.0, -1e-06, -0.0, -0.0, -2.3e-05, -0.0, -0.0, -0.0, -8e-06, -3.3e-05, -3e-05, 0.0, -0.0, -0.0, -0.0, -0.0, 0.0, -0.0, -4e-06, -0.0, -0.0, -0.0, -0.0, -4e-06, -5e-06, 0.0, -0.0, -0.0, 0.0, -0.0, 0.227626, 0.400374, 0.014546, -0.089434, -0.129859, 0.208382, 0.365877, 0.098971, 0.041316, -0.099582, 0.233964, 0.410736, -0.056008, 0.061691, -0.139076, -0.231077, -0.217898, -0.084406, 0.069631, 0.216423, -0.119436, -0.112627, 0.054195, 0.027071, 0.252347, -0.025014, -0.043522, 0.007455, -0.020845, 0.051389, -0.051842, -0.0902, -0.021433, -0.039756, 0.044317, -0.087486, -0.258881, -0.019448, -0.022338, -0.069306, -0.078092, -0.233462, 0.031507, -0.024983, -0.054387, -9.2e-05, -0.005629, -7e-06, -3e-05, -5.9e-05, -0.0001, -0.005787, 1.9e-05, -3.5e-05, -6.2e-05, -0.0, -0.000148, 0.0, -0.0, -0.0, -0.0, -4e-06, -0.0, -0.0, -0.0, -0.0, -8.7e-05, -0.0, -0.0, -0.0, -0.0, -4e-06, 0.0, 0.0, 0.0, 0.0, -0.0, 0.0, 0.0, 0.0], [-0.008458, -0.080376, -0.032909, -0.037371, -0.002998, 0.107175, -0.028854, -4.6e-05, 0.001635, 0.071956, -0.001996, 0.071348, 0.079273, 0.004438, -0.0, 0.0, -0.0, 0.0, -0.0, -0.0, 0.0, 0.0, -0.0, 1.0, 0.0, 0.0, 0.0, 0.0, -0.008825, -0.08411, -0.034475, -0.00913, -0.105211, -0.048962, -0.00698, -0.004877, -0.00227, 0.087003, -0.016069, -0.007478, -0.058545, -0.069552, -1e-06, -0.004415, -0.017935, 0.000446, -0.002708, -0.004331, 0.005548, -0.019344, -0.030936, 0.002163, 0.000326, 0.000521, 0.001589, -0.003263, 0.0, -0.0, -0.000121, 0.0, -0.0, -0.0, 1.1e-05, -0.000273, -0.000273, 0.0, 0.0, 0.0, -0.0, -0.0, 0.0, -0.0, -5.8e-05, 0.0, 0.0, 0.0, 8e-06, -6.5e-05, -9.7e-05, 0.0, 0.0, 0.0, 0.0, 0.0, 0.0, 0.0, -0.0, 0.0, 0.0, 0.0, 0.0, -0.0, -0.0, 0.0, 0.0, 0.0, 0.0, 0.0, 0.0, 0.0, -0.0, 0.0, 0.0, 0.0, -0.0, -0.0, -0.0, 0.0, 0.0, 0.0, 0.0, 0.0, 0.0, 0.0, -0.0, 0.0, 0.0, 0.0, -0.0, -0.0, -0.0, 0.0, 0.0, 0.0, 0.0, 0.0, -0.011751, -0.024947, -0.001467, 0.005912, 0.012022, -0.001802, -0.0038, -0.003835, -9e-06, 3.3e-05, -0.009441, -0.0199, 0.004697, -0.003055, 0.009476, 0.072918, 0.011973, -0.156552, -0.204281, 0.143888, 0.193892, 0.031842, -0.038268, -0.269858, 0.130622, -0.008328, -0.016974, 0.005535, -0.008282, -0.000853, -0.004414, -0.008997, -0.005188, -0.003003, -0.000696, -0.000755, -0.011259, -0.000103, -8.7e-05, -0.000321, -0.000431, -0.00668, 0.000116, -5.6e-05, -0.000151, -0.0, -4.5e-05, 0.0, 0.0, 0.0, -0.0, -4.3e-05, 0.0, 0.0, 0.0, 0.0, -0.0, 0.0, 0.0, 0.0, 0.0, -0.0, 0.0, 0.0, 0.0, 0.0, -0.0, 0.0, 0.0, 0.0, 0.0, -0.0, 0.0, 0.0, 0.0, 0.0, -0.0, 0.0, 0.0, 0.0], [0.000108, 0.001026, 0.00042, -0.002725, -0.013623, -0.002158, -0.003502, -0.016511, -0.000976, -0.001996, 0.031209, 0.005778, -0.003541, 0.029357, 0.0, 0.0, 0.0, 0.0, 0.0, 0.0, 0.0, 0.0, 0.0, 0.0, 1.0, 0.0, 0.0, 0.0, 0.000837, 0.007974, 0.003269, -0.097344, 0.012079, 0.007135, -0.118214, 0.003009, 0.003232, -0.016069, -0.156863, -0.089204, 0.007411, 0.013437, -0.0, -0.000487, -0.001979, -0.000688, -0.000263, -0.000552, -0.016935, -0.00129, -0.005176, 0.000326, -0.000372, -0.000737, 0.00028, -0.000372, 0.0, -0.0, -6e-06, -0.0, -0.0, -0.0, -5e-05, -1.4e-05, -1.5e-05, 0.0, -0.0, -0.0, 0.0, -0.0, 0.0, -0.0, -6e-06, 0.0, 0.0, 0.0, -1.1e-05, -6e-06, -1.1e-05, 0.0, 0.0, 0.0, 0.0, 0.0, 0.0, 0.0, -0.0, 0.0, 0.0, 0.0, -0.0, -0.0, -0.0, 0.0, 0.0, 0.0, 0.0, 0.0, 0.0, 0.0, 0.0, 0.0, 0.0, 0.0, 0.0, 0.0, 0.0, 0.0, 0.0, 0.0, 0.0, 0.0, 0.0, 0.0, 0.0, 0.0, 0.0, 0.0, -0.0, 0.0, 0.0, 0.0, 0.0, 0.0, 0.0, 0.0, -0.001303, -0.002765, 0.00167, 0.000478, 0.001566, 0.004932, 0.010403, 0.00262, -0.000724, -0.005429, -0.003309, -0.006975, -2.7e-05, -0.000207, 0.004089, -0.212244, -0.034851, -0.136113, 0.037744, -0.190951, 0.198282, 0.032563, -0.236598, 0.099325, 0.092207, -0.01367, -0.027861, 0.002116, -0.016046, -0.001805, 0.01745, 0.035566, 0.00728, 0.018533, 0.004774, 0.000174, 0.002597, 2e-06, 7e-06, 8.3e-05, -0.000374, -0.005805, 5.4e-05, -3.3e-05, -0.000159, 0.0, 7e-06, 0.0, 0.0, 0.0, -0.0, -2e-05, 0.0, 0.0, 0.0, 0.0, -0.0, 0.0, 0.0, 0.0, 0.0, 0.0, 0.0, 0.0, 0.0, 0.0, 0.0, 0.0, 0.0, 0.0, 0.0, 0.0, 0.0, 0.0, 0.0, 0.0, -0.0, 0.0, 0.0, 0.0], [-0.00386, -0.036678, -0.015017, 0.09744, -0.002158, 0.063488, 0.125211, -0.000976, 0.0183