{"HF": -386.95664172477, "coordinates": [[-0.07734489, 1.5436052, -0.017061426], [-0.001622577, 0.010873759, 0.006121389], [0.716585566, -0.528786077, -1.237849471], [0.95178252, -1.92660581, -1.137698478], [1.821098896, -2.252144662, -0.086884565], [2.244371533, -3.693790218, -0.075511812], [3.243906149, -2.633881664, -0.473406181], [1.570756539, -1.520529979, 1.173305028], [0.713908758, -0.50112358, 1.233234688], [0.924474801, 1.987141853, -0.013306621], [-0.603167378, 1.900927802, -0.908965349], [-0.612577508, 1.9218918, 0.85972324], [-1.02947022, -0.381662896, 0.002328386], [0.111966487, -0.387767339, -2.1384741], [1.667929331, 0.010382508, -1.375384048], [2.35658016, -4.188015244, 0.883196406], [1.828712736, -4.310880593, -0.863783702], [3.486034739, -2.54905296, -1.526591599], [4.052710528, -2.393773729, 0.208059883], [2.116880705, -1.85487742, 2.051124244], [0.527619277, 0.006624194, 2.17655353]], "elements": ["C", "C", "C", "O", "C", "C", "C", "C", "C", "H", "H", "H", "H", "H", "H", "H", "H", "H", "H", "H", "H"], "Enn": 460.3495944225, "S": [[1.0, 0.325565, 0.151774, 0.0, -0.0, 0.0, -0.0, 0.0, 0.0, -0.0, 0.0, 0.0, -0.0, -0.0, 0.0, 0.014315, 0.051963, -0.000278, -0.000909, 0.018401, -0.001617, -0.005282, 0.10691, -0.00868, 2.2e-05, -0.000454, -0.014967, -0.001482, 0.0, 6.8e-05, 0.008195, 1.3e-05, -8e-06, 2.1e-05, 0.009967, -0.006482, 0.01692, -0.0, -1e-06, 2e-06, -1e-06, -1e-06, 0.0, 0.0, 1e-06, 0.0, 0.0, 0.0, 1e-06, -1e-06, 3e-06, 0.0, 0.0, 0.0, 0.0, 0.0, 0.0, 0.0, 4.2e-05, 0.0, 0.0, 0.0, 1e-06, -3.4e-05, 6.8e-05, 0.0, 0.0, 0.0, 0.0, 0.0, 0.0, 0.0, 0.0, 0.0, 0.0, 0.0, 0.0, -0.0, 0.0, 0.0, 0.0, 0.0, 0.0, 0.0, 0.0, 0.0, 0.0, 0.0, 0.0, 0.0, 0.0, -0.0, 0.0, 0.0, 0.0, 0.0, 0.0, 0.0, 0.0, 0.0, 0.000324, -0.0, -0.0, 0.0, -0.000228, -0.000316, 0.000587, 0.0, 0.0, 0.0, 0.0, 0.0, 0.0, 7.2e-05, 0.008365, -1.4e-05, -9e-06, 2.3e-05, -0.010455, -0.006616, 0.017098, -0.0, 1e-06, -2e-06, -2e-06, -1e-06, 0.049664, 0.086677, -0.000279, -0.074382, -0.032931, 0.049718, 0.086703, 0.066338, 0.039109, -0.026577, 0.049816, 0.086753, -0.065427, 0.03994, -0.028228, 0.000352, 0.020344, -0.0, 1.9e-05, 3.8e-05, 2e-06, 0.004314, 0.0, -0.0, 0.0, 8e-06, 0.006665, 0.0, -0.0, 0.0, 0.0, 0.0, 0.0, 0.0, 0.0, 0.0, 0.0, 0.0, 0.0, 0.0, 0.0, 0.0, 0.0, 0.0, 0.0, 0.0, 0.0, 0.0, 0.0, 0.0, 0.0, 2.3e-05, 0.0, 0.0, 0.0, 5e-06, 0.005872, -0.0, -0.0, 0.0], [0.325565, 1.0, 0.798485, -0.0, -0.0, 0.0, 0.0, 0.0, 0.0, 0.0, 0.0, 0.0, -0.0, 0.0, 0.014315, 0.184028, 0.347877, -0.003171, -0.010356, 0.209625, -0.008256, -0.026966, 0.545835, -0.083865, 0.000217, -0.004385, -0.144618, -0.014324, 6.8e-05, 0.009951, 0.083079, 0.005418, -0.003523, 0.009197, 0.087351, -0.056808, 0.148286, -0.001428, -0.002465, 0.006435, -0.004661, -0.004185, -0.0, 1e-06, 0.00032, 0.0, -0.0, 1e-06, 0.000289, -0.000265, 0.000894, -1e-06, -0.0, 1e-06, -1e-06, -1e-06, 0.0, 2e-06, 0.001388, 0.0, -1e-06, 1e-06, 5.1e-05, -0.001385, 0.002769, -0.0, -0.0, 0.0, -0.0, -0.0, 0.0, 0.0, 7e-06, 0.0, 0.0, 0.0, 0.0, -5e-06, 1.1e-05, 0.0, 0.0, 0.0, 0.0, 0.0, 0.0, 0.0, 3.2e-05, 0.0, -0.0, 0.0, 5e-06, -3.6e-05, 4.5e-05, -0.0, -0.0, 0.0, -0.0, -0.0, 0.0, 6e-05, 0.006774, -1.4e-05, -2e-05, 3.7e-05, -0.005132, -0.007106, 0.013211, -8e-06, 6e-06, -1e-05, -9e-06, -1.4e-05, 7.2e-05, 0.01028, 0.084415, -0.005762, -0.003647, 0.009424, -0.091076, -0.057638, 0.148945, -0.001289, 0.002628, -0.00679, -0.004721, -0.004297, 0.366245, 0.51998, -0.001236, -0.32979, -0.146008, 0.366456, 0.520105, 0.293809, 0.173215, -0.117708, 0.366848, 0.520337, -0.289198, 0.17654, -0.124774, 0.025658, 0.166175, -0.000244, 0.011989, 0.024243, 0.001599, 0.049019, 0.000813, -7.3e-05, 0.00074, 0.003474, 0.069037, 0.001386, -0.001781, 0.001564, 0.0, 1e-06, 0.0, 0.0, 0.0, 0.0, 2e-06, 0.0, 0.0, 0.0, 0.0, 1.9e-05, 0.0, 0.0, 0.0, 0.0, 1.4e-05, 0.0, 0.0, 0.0, 0.0, 0.000784, -0.0, -0.0, 0.0, 0.002771, 0.062484, -0.001682, -0.000464, 0.001179], [0.151774, 0.798485, 1.0, -0.0, 0.0, -0.0, 0.0, 0.0, -0.0, -0.0, 0.0, 0.0, -0.0, 0.0, 0.051963, 0.347877, 0.576628, -0.003031, -0.009899, 0.200379, -0.008697, -0.028406, 0.574981, -0.034553, 8.9e-05, -0.001807, -0.059583, -0.005902, 0.008195, 0.083079, 0.223246, 0.033766, -0.021959, 0.057321, 0.164838, -0.107201, 0.279827, -0.005587, -0.009647, 0.025181, -0.018237, -0.016376, -0.000131, 0.001783, 0.010902, 0.000486, -0.000446, 0.001505, 0.006795, -0.00624, 0.021042, -0.000549, -0.000207, 0.000698, -0.000986, -0.000641, 4.2e-05, 0.001388, 0.014831, 2.3e-05, -0.000634, 0.001268, 0.000509, -0.013828, 0.027647, -0.000489, -1.2e-05, 2.5e-05, -0.000509, -0.000679, 0.0, 7e-06, 0.000466, 0.0, -3e-06, 6e-06, 1e-05, -0.000407, 0.000918, -2e-06, -0.0, 0.0, -3e-06, -3e-06, 0.0, 3.2e-05, 0.001224, 3e-06, -1.9e-05, 2.4e-05, 0.000226, -0.001648, 0.002073, -1e-05, -2e-06, 2e-06, -4e-06, -1.8e-05, 0.000324, 0.006774, 0.042404, -0.002194, -0.003037, 0.005647, -0.026872, -0.037206, 0.069172, -0.001533, 0.001124, -0.00209, -0.001911, -0.002893, 0.008365, 0.084415, 0.225618, -0.035185, -0.022267, 0.057541, -0.170755, -0.108063, 0.279252, -0.004917, 0.010027, -0.025912, -0.018015, -0.016398, 0.453419, 0.762181, -0.000639, -0.170449, -0.075463, 0.45354, 0.762304, 0.151792, 0.089489, -0.060812, 0.453764, 0.762534, -0.149299, 0.091139, -0.064415, 0.128892, 0.353069, -0.000837, 0.041116, 0.083139, 0.033745, 0.154952, 0.021117, -0.001884, 0.019225, 0.049117, 0.195219, 0.020407, -0.02622, 0.023035, 0.0, 0.000133, -0.0, -0.0, 0.0, 1e-06, 0.000165, 0.0, -0.0, 0.0, 7e-06, 0.000782, 1e-06, -3e-06, 3e-06, 5e-06, 0.000641, -0.0, -2e-06, 2e-06, 0.000371, 0.009517, -0.000143, -0.000151, 0.000235, 0.044028, 0.182516, -0.029233, -0.008062, 0.020482], [0.0, -0.0, -0.0, 1.0, 0.0, -0.0, 0.531899, 0.0, 0.0, -0.0, 0.0, -0.0, 0.0, -0.0, 0.000278, 0.003171, 0.003031, 0.065669, -0.000242, 0.004891, 0.19087, -0.000291, 0.005892, -0.004551, -0.005271, 0.106683, -0.00463, -0.000459, -1.3e-05, -0.005418, -0.033766, -0.002143, 0.002113, -0.005514, -0.009479, 0.027565, -0.071952, 0.001751, 0.001142, -0.00298, 0.003034, 0.002724, 0.0, -0.0, -9.1e-05, -0.0, 0.0, -0.0, -3.5e-05, 8.2e-05, -0.000276, 0.0, 0.0, -0.0, 0.0, 0.0, 0.0, -0.0, -2.3e-05, 0.0, 0.0, -0.0, 0.000223, 2.5e-05, -5.1e-05, 0.0, -0.0, 0.0, 0.0, 0.0, 0.0, 0.0, -0.0, 0.0, 0.0, 0.0, 0.0, 0.0, -0.0, 0.0, 0.0, 0.0, 0.0, 0.0, 0.0, -0.0, -3e-06, 0.0, 0.0, 0.0, 2e-06, 3e-06, -4e-06, 0.0, 0.0, 0.0, 0.0, 0.0, 0.0, 1.4e-05, 0.002194, -2e-06, -4e-06, 7e-06, -0.000335, -0.002597, 0.004828, -1e-06, 1e-06, -1e-06, -1e-06, -2e-06, 1.4e-05, 0.005762, 0.035185, -0.002407, -0.002255, 0.005827, -0.011783, -0.028693, 0.074146, -0.001754, 0.001282, -0.003313, -0.003177, -0.002892, 0.001337, 0.000715, 0.201863, -0.001907, -0.000844, -0.317916, -0.169871, -0.201658, -0.238008, 0.161738, 0.312958, 0.167072, -0.188434, 0.238579, -0.168621, 0.000275, 0.001076, 0.003448, 0.000149, 0.0003, -0.001176, -0.031554, -0.000467, 4.6e-05, -0.00047, -0.001858, -0.029221, -0.000534, 0.000894, -0.000786, 0.0, 0.0, 0.0, 0.0, 0.0, 0.0, -0.0, 0.0, 0.0, 0.0, 0.0, -5e-06, 0.0, 0.0, 0.0, 0.0, 1e-06, 0.0, 0.0, 0.0, 0.0, 0.000362, -0.0, -0.0, 0.0, 0.002306, 0.04238, -0.001169, -0.000354, 0.000899], [-0.0, -0.0, 0.0, 0.0, 1.0, -0.0, 0.0, 0.531899, 0.0, -0.0, -0.0, -0.0, 0.0, -0.0, 0.000909, 0.010356, 0.009899, -0.000242, 0.064954, 0.015976, -0.000291, 0.190008, 0.019245, -0.005723, -0.001593, -0.000459, -0.020401, 0.105326, 8e-06, 0.003523, 0.021959, 0.002113, -0.000268, 0.003586, 0.027565, 0.01498, 0.046794, -0.000337, -0.000332, 0.002724, -0.002436, -0.000563, -0.0, 0.0, 8.4e-05, 0.0, -0.0, 0.0, 8.2e-05, -2.1e-05, 0.000253, -0.0, -0.0, 0.0, -0.0, -0.0, 0.0, 1e-06, 0.000634, 0.0, -0.0, 0.0, 2.5e-05, -0.000468, 0.001383, -0.0, -0.0, 0.0, -0.0, -0.0, 0.0, 0.0, 3e-06, 0.0, 0.0, 0.0, 0.0, -1e-06, 4e-06, 0.0, 0.0, 0.0, 0.0, 0.0, 0.0, 0.0, 1.9e-05, 0.0, 0.0, 0.0, 3e-06, -2e-05, 2.8e-05, 0.0, 0.0, 0.0, 0.0, 0.0, 0.0, 2e-05, 0.003037, -4e-06, -5e-06, 1e-05, -0.002597, -0.002055, 0.006685, -1e-06, 1e-06, -2e-06, -2e-06, -2e-06, 9e-06, 0.003647, 0.022267, -0.002255, -0.000271, 0.003688, -0.028693, 0.015398, 0.046924, -0.000268, 0.000351, -0.002892, -0.002497, -0.000573, 0.35683, 0.190755, -0.001907, -0.306993, -0.225289, -0.187428, -0.100147, -0.238008, 0.061735, 0.095353, -0.191045, -0.101989, 0.238579, 0.056751, 0.102935, -0.0135, -0.052832, 0.000149, -0.003845, -0.014754, 0.000105, 0.002816, 4.6e-05, 4.5e-05, 4.2e-05, 0.002387, 0.037545, 0.000894, -0.000987, 0.001009, 0.0, 0.0, 0.0, 0.0, 0.0, 0.0, 1e-06, 0.0, 0.0, 0.0, 0.0, 1.2e-05, 0.0, 0.0, 0.0, 0.0, 1e-05, 0.0, 0.0, 0.0, 0.0, 0.000384, -0.0, -0.0, 0.0, 0.000636, 0.011688, -0.000354, 1.7e-05, 0.000248], [0.0, 0.0, -0.0, -0.0, -0.0, 1.0, 0.0, 0.0, 0.531899, 0.0, -0.0, -0.0, 0.0, 0.0, -0.018401, -0.209625, -0.200379, 0.004891, 0.015976, -0.25764, 0.005892, 0.019245, -0.198595, 0.11585, -0.000459, 0.007667, 0.1993, 0.025044, -2.1e-05, -0.009197, -0.057321, -0.005514, 0.003586, -0.008255, -0.071952, 0.046794, -0.089239, 0.00088, 0.002724, -0.006399, 0.003941, 0.004161, 0.0, -0.0, -0.000283, -0.0, 0.0, -0.0, -0.000276, 0.000253, -0.0008, 0.0, 0.0, -0.0, 0.0, 0.0, 0.0, -1e-06, -0.001268, -0.0, 0.0, -0.0, -5.1e-05, 0.001383, -0.002541, 0.0, 0.0, -0.0, 0.0, 0.0, 0.0, 0.0, -6e-06, 0.0, 0.0, 0.0, -0.0, 4e-06, -9e-06, 0.0, 0.0, 0.0, 0.0, 0.0, 0.0, -0.0, -2.4e-05, 0.0, 0.0, 0.0, -4e-06, 2.8e-05, -3.2e-05, 0.0, 0.0, 0.0, 0.0, 0.0, -0.0, -3.7e-05, -0.005647, 7e-06, 1e-05, -1.8e-05, 0.004828, 0.006685, -0.010888, 3e-06, -2e-06, 4e-06, 3e-06, 5e-06, -2.3e-05, -0.009424, -0.057541, 0.005827, 0.003688, -0.008374, 0.074146, 0.046924, -0.087702, 0.000692, -0.002892, 0.006704, 0.003939, 0.004243, 0.15798, 0.084453, -0.000844, -0.225289, 0.102127, 0.127366, 0.068055, 0.161738, 0.095353, 0.137256, 0.135025, 0.072083, -0.168621, 0.102935, 0.129641, -0.027299, -0.10683, 0.0003, -0.014754, -0.026383, -0.001071, -0.028727, -0.00047, 4.2e-05, -0.000379, -0.002097, -0.032983, -0.000786, 0.001009, -0.000724, 0.0, -1e-06, 0.0, 0.0, 0.0, 0.0, -2e-06, 0.0, 0.0, 0.0, 0.0, -1.4e-05, 0.0, 0.0, 0.0, 0.0, -1e-05, 0.0, 0.0, 0.0, -0.0, -0.000594, 0.0, 0.0, -0.0, -0.001616, -0.029694, 0.000899, 0.000248, -0.000515], [-0.0, 0.0, 0.0, 0.531899, 0.0, 0.0, 1.0, 0.0, 0.0, -0.0, -0.0, 0.0, 0.0, 0.0, 0.001617, 0.008256, 0.008697, 0.19087, -0.000291, 0.005892, 0.52599, -0.000504, 0.010194, -0.0035, -0.006431, 0.130165, -0.002114, -0.000209, -0.009967, -0.087351, -0.164838, -0.009479, 0.027565, -0.071952, 0.032597, 0.091924, -0.239949, 0.026975, 0.003834, -0.010009, 0.027122, 0.024355, 8.1e-05, -0.001199, -0.007353, -6.2e-05, 0.000338, -0.00114, 0.000682, 0.004692, -0.015822, 0.000661, 3.2e-05, -0.000107, 0.000854, 0.000556, -1e-06, -5.1e-05, -0.000509, 0.000223, 2.5e-05, -5.1e-05, 0.00734, 0.000532, -0.001063, 2.7e-05, -0.000123, 0.000247, 2.3e-05, 3e-05, -0.0, -0.0, -1e-05, 0.0, 0.0, -0.0, 0.00013, 1e-05, -2.2e-05, 0.0, -0.0, 0.0, 0.0, 0.0, -0.0, -5e-06, -0.000226, 2e-06, 3e-06, -4e-06, 0.000355, 0.000331, -0.000417, 2e-06, -1e-06, 2e-06, 1e-06, 3e-06, 0.000228, 0.005132, 0.026872, -0.000335, -0.002597, 0.004828, 0.005698, -0.026807, 0.049839, -0.002195, 0.000251, -0.000466, -0.00186, -0.002815, 0.010455, 0.091076, 0.170755, -0.011783, -0.028693, 0.074146, 0.026, -0.094993, 0.245476, -0.027025, 0.004616, -0.011927, -0.02751, -0.025041, 0.001936, 0.001824, 0.266142, -0.000917, -0.000406, -0.460053, -0.433333, 0.072294, -0.114337, 0.077698, 0.452507, 0.426125, 0.078861, 0.11448, -0.080911, 0.002406, 0.004122, 0.055752, 0.000943, 0.001907, -0.057989, -0.186237, -0.032686, 0.003851, -0.039292, -0.056699, -0.152821, -0.011544, 0.036344, -0.031928, 0.0, 4e-05, 0.0, -0.0, 0.0, -0.0, -4.8e-05, 0.0, 0.0, -0.0, -3e-06, -0.000452, -0.0, 1e-06, -1e-06, 0.0, 5.4e-05, 0.0, -0.0, 0.0, 0.000354, 0.009074, -0.000106, -0.000151, 0.000233, 0.080938, 0.229593, -0.049745, -0.017746, 0.045086], [0.0, 0.0, 0.0, 0.0, 0.531899, 0.0, 0.0, 1.0, 0.0, 0.0, -0.0, 0.0, -0.0, 0.0, 0.005282, 0.026966, 0.028406, -0.000291, 0.190008, 0.019245, -0.000504, 0.524499, 0.033296, -0.000289, -0.001959, -0.000209, -0.013337, 0.129545, 0.006482, 0.056808, 0.107201, 0.027565, 0.01498, 0.046794, 0.091924, 0.114162, 0.156049, 0.000666, 0.006834, 0.024355, -0.028151, 0.011602, -7.4e-05, 0.001101, 0.006752, 0.000338, -4e-06, 0.001046, 0.004692, 0.001483, 0.01453, -0.000352, -4e-06, 0.000556, -0.000932, -1.2e-05, 3.4e-05, 0.001385, 0.013828, 2.5e-05, -0.000468, 0.001383, 0.000532, -0.007103, 0.028915, -0.000519, -1e-05, 3e-05, -0.000737, -0.00057, 0.0, 5e-06, 0.000407, 0.0, -1e-06, 4e-06, 1e-05, -0.000252, 0.000861, -1e-06, -0.0, 0.0, -2e-06, -2e-06, 0.0, 3.6e-05, 0.001648, 3e-06, -2e-05, 2.8e-05, 0.000331, -0.00201, 0.003033, -1.1e-05, -2e-06, 3e-06, -6e-06, -1.9e-05, 0.000316, 0.007106, 0.037206, -0.002597, -0.002055, 0.006685, -0.026807, -0.012055, 0.069003, -0.001579, 0.000905, -0.002815, -0.003418, -0.002331, 0.006616, 0.057638, 0.108063, -0.028693, 0.015398, 0.046924, -0.094993, 0.115985, 0.15535, 0.001424, -0.007212, -0.025041, -0.028106, 0.011794, 0.516592, 0.48665, -0.000917, 0.02154, -0.108294, -0.271224, -0.255471, -0.114337, 0.198826, 0.045807, -0.276233, -0.260128, 0.11448, 0.196511, 0.049392, -0.118151, -0.202408, 0.000943, 0.009473, -0.093619, 0.005175, 0.016619, 0.003851, 0.010129, 0.003506, 0.072851, 0.196355, 0.036344, -0.029956, 0.041023, 0.0, 0.000109, -0.0, -0.0, 0.0, 0.0, 0.000107, 0.0, -0.0, 0.0, 7e-06, 0.001068, 1e-06, -2e-06, 3e-06, 5e-06, 0.000999, -0.0, -2e-06, 2e-06, 0.000376, 0.009627, -0.000151, -0.000124, 0.000248, 0.022321, 0.063318, -0.017746, 0.009709, 0.012434], [0.0, 0.0, -0.0, 0.0, 0.0, 0.531899, 0.0, 0.0, 1.0, 0.0, 0.0, -0.0, 0.0, -0.0, -0.10691, -0.545835, -0.574981, 0.005892, 0.019245, -0.198595, 0.010194, 0.033296, -0.147816, 0.005848, -0.000209, 0.002268, 0.009509, 0.007407, -0.01692, -0.148286, -0.279827, -0.071952, 0.046794, -0.089239, -0.239949, 0.156049, -0.23339, -0.001738, 0.024355, -0.04741, 0.018601, 0.030833, 0.000251, -0.003714, -0.022768, -0.00114, 0.001046, -0.003223, -0.015822, 0.01453, -0.043204, 0.001185, 0.000556, -0.001713, 0.002148, 0.001573, -6.8e-05, -0.002769, -0.027647, -5.1e-05, 0.001383, -0.002541, -0.001063, 0.028915, -0.050453, 0.001037, 3e-05, -5.6e-05, 0.000979, 0.001512, -0.0, -1.1e-05, -0.000918, -0.0, 4e-06, -9e-06, -2.2e-05, 0.000861, -0.001813, 3e-06, 0.0, -0.0, 4e-06, 4e-06, -0.0, -4.5e-05, -0.002073, -4e-06, 2.8e-05, -3.2e-05, -0.000417, 0.003033, -0.003414, 1.4e-05, 3e-06, -3e-06, 4e-06, 2.5e-05, -0.000587, -0.013211, -0.069172, 0.004828, 0.006685, -0.010888, 0.049839, 0.069003, -0.10323, 0.002936, -0.002815, 0.004625, 0.003221, 0.006404, -0.017098, -0.148945, -0.279252, 0.074146, 0.046924, -0.087702, 0.245476, 0.15535, -0.225349, -0.003679, -0.025041, 0.047809, 0.017349, 0.030256, 0.228712, 0.215455, -0.000406, -0.108294, 0.2182, 0.184311, 0.173606, 0.077698, 0.045807, 0.235105, 0.195233, 0.18385, -0.080911, 0.049392, 0.231487, -0.23891, -0.409284, 0.001907, -0.093619, -0.133533, -0.052794, -0.169553, -0.039292, 0.003506, -0.0253, -0.064, -0.172498, -0.031928, 0.041023, -0.019297, -0.0, -0.000256, 0.0, 0.0, -0.0, -1e-06, -0.00033, -0.0, 0.0, -0.0, -8e-06, -0.001227, -1e-06, 3e-06, -3e-06, -5e-06, -0.000952, 0.0, 2e-06, -2e-06, -0.000582, -0.01491, 0.000233, 0.000248, -0.000347, -0.05671, -0.160867, 0.045086, 0.012434, -0.016987], [-0.0, 0.0, -0.0, -0.0, -0.0, 0.0, -0.0, 0.0, 0.0, 1.0, 0.0, 0.0, 0.0, 0.0, -0.00868, -0.083865, -0.034553, 0.004551, 0.005723, -0.11585, 0.0035, 0.000289, -0.005848, 0.087257, -0.000437, 0.008839, 0.091033, 0.009017, -0.0, -0.001428, -0.005587, -0.001751, 0.000337, -0.00088, -0.026975, -0.000666, 0.001738, -0.000712, 0.000633, -0.001651, 0.000246, 0.000221, 0.0, -0.0, -7.9e-05, -0.0, 0.0, -0.0, -0.000104, 6.6e-05, -0.000224, 0.0, 0.0, -0.0, 0.0, 0.0, 0.0, -0.0, -0.000489, -0.0, 0.0, -0.0, -2.7e-05, 0.000519, -0.001037, 0.0, 0.0, -0.0, 0.0, 0.0, 0.0, 0.0, -2e-06, 0.0, 0.0, 0.0, -0.0, 1e-06, -3e-06, 0.0, 0.0, 0.0, 0.0, 0.0, 0.0, -0.0, -1e-05, 0.0, 0.0, 0.0, -2e-06, 1.1e-05, -1.4e-05, 0.0, 0.0, 0.0, 0.0, 0.0, 0.0, -8e-06, -0.001533, 1e-06, 1e-06, -3e-06, 0.002195, 0.001579, -0.002936, 0.0, -0.0, 0.0, 0.0, 0.0, -0.0, -0.001289, -0.004917, 0.001754, 0.000268, -0.000692, 0.027025, -0.001424, 0.003679, -0.00085, -0.00062, 0.001602, 0.000131, 0.000119, -0.150256, -0.02455, 0.00245, 0.125767, 0.055681, 0.1487, 0.02428, -0.047795, 0.249234, -0.169367, 0.139052, 0.022677, 0.064483, 0.243552, -0.172135, -0.013508, -0.025973, 0.000223, -0.007134, -0.014425, 0.000365, 0.007413, 8.4e-05, -1.2e-05, 0.000119, -0.000339, -0.00356, -0.000189, 7.9e-05, -6.9e-05, 0.0, -0.0, 0.0, 0.0, 0.0, 0.0, -1e-06, 0.0, 0.0, 0.0, 0.0, -5e-06, 0.0, 0.0, 0.0, 0.0, -5e-06, 0.0, 0.0, 0.0, -0.0, -0.000103, 0.0, 0.0, 0.0, 0.00101, 0.012849, -0.000353, -0.000135, 0.000342], [0.0, 0.0, 0.0, 0.0, -0.0, -0.0, -0.0, -0.0, 0.0, 0.0, 1.0, 0.0, 0.0, 0.0, 2.2e-05, 0.000217, 8.9e-05, 0.005271, 0.001593, 0.000459, 0.006431, 0.001959, 0.000209, -0.000437, 0.033954, 0.011446, -0.000754, 0.003452, -1e-06, -0.002465, -0.009647, -0.001142, 0.000332, -0.002724, -0.003834, -0.006834, -0.024355, 0.000633, 0.000273, -0.001604, 0.001808, 0.000606, 0.0, -0.0, -3e-05, -0.0, 0.0, -0.0, -1.4e-05, 1e-05, -9.7e-05, 0.0, 0.0, -0.0, 0.0, 0.0, 0.0, -0.0, -1.2e-05, 0.0, 0.0, -0.0, 0.000123, 1e-05, -3e-05, 0.0, -0.0, 0.0, 0.0, 0.0, 0.0, 0.0, -0.0, 0.0, 0.0, 0.0, 0.0, 0.0, -0.0, 0.0, 0.0, 0.0, 0.0, 0.0, 0.0, -0.0, -2e-06, 0.0, 0.0, 0.0, 1e-06, 2e-06, -3e-06, 0.0, 0.0, 0.0, 0.0, 0.0, 0.0, 6e-06, 0.001124, -1e-06, -1e-06, 2e-06, -0.000251, -0.000905, 0.002815, -0.0, 0.0, -0.0, -0.0, -0.0, 1e-06, 0.002628, 0.010027, -0.001282, -0.000351, 0.002892, -0.004616, 0.007212, 0.025041, -0.00062, 0.000305, -0.00179, -0.001919, -0.000644, 0.001631, 0.000267, 0.304825, -0.002133, -0.00145, 0.203552, 0.033236, 0.203825, -0.057081, -0.145824, -0.204029, -0.033274, 0.19539, 0.048588, 0.154774, -0.000187, -0.00036, -0.002209, -7.2e-05, -0.000236, -9.7e-05, -0.00197, -2.8e-05, -2.4e-05, -2.8e-05, -0.001631, -0.017128, -0.000405, 0.000569, -0.000565, 0.0, 0.0, 0.0, 0.0, 0.0, 0.0, -0.0, 0.0, 0.0, 0.0, 0.0, -4e-06, 0.0, 0.0, 0.0, 0.0, 0.0, 0.0, 0.0, 0.0, 0.0, 0.000207, 0.0, 0.0, 0.0, 0.000673, 0.008566, -0.000274, -4e-06, 0.000207], [0.0, 0.0, 0.0, -0.0, -0.0, -0.0, 0.0, 0.0, -0.0, 0.0, 0.0, 1.0, 0.0, 0.0, -0.000454, -0.004385, -0.001807, -0.106683, 0.000459, -0.007667, -0.130165, 0.000209, -0.002268, 0.008839, 0.011446, -0.197155, 0.008239, 0.00099, 2e-06, 0.006435, 0.025181, 0.00298, -0.002724, 0.006399, 0.010009, -0.024355, 0.04741, -0.001651, -0.001604, 0.003845, -0.003206, -0.003268, 0.0, 0.0, 0.000101, 0.0, -0.0, 0.0, 4.8e-05, -9.7e-05, 0.000308, -0.0, -0.0, 0.0, -0.0, -0.0, 0.0, 0.0, 2.5e-05, -0.0, -0.0, 0.0, -0.000247, -3e-05, 5.6e-05, -0.0, 0.0, -0.0, -0.0, -0.0, 0.0, 0.0, 0.0, 0.0, 0.0, 0.0, -0.0, -0.0, 0.0, 0.0, 0.0, 0.0, 0.0, 0.0, 0.0, 0.0, 2e-06, 0.0, 0.0, 0.0, -2e-06, -3e-06, 3e-06, 0.0, 0.0, 0.0, 0.0, 0.0, 0.0, -1e-05, -0.00209, 1e-06, 2e-06, -4e-06, 0.000466, 0.002815, -0.004625, 0.0, -0.0, 0.0, 0.0, 1e-06, -2e-06, -0.00679, -0.025912, 0.003313, 0.002892, -0.006704, 0.011927, 0.025041, -0.047809, 0.001602, -0.00179, 0.004238, 0.003328, 0.003456, 0.000722, 0.000118, 0.134955, -0.00145, 0.0005, -0.138323, -0.022585, -0.138509, -0.145824, -0.172576, 0.144202, 0.023517, -0.138096, 0.154774, 0.158186, -0.000379, -0.000728, -0.004466, -0.000236, -0.000432, 0.00099, 0.0201, 0.000288, -2.8e-05, 0.000258, 0.001432, 0.015047, 0.000356, -0.000565, 0.000422, 0.0, -0.0, 0.0, 0.0, 0.0, 0.0, 0.0, 0.0, 0.0, 0.0, 0.0, 4e-06, 0.0, 0.0, 0.0, 0.0, -0.0, 0.0, 0.0, 0.0, -0.0, -0.000321, 0.0, 0.0, 0.0, -0.00171, -0.021762, 0.000696, 0.000207, -0.000448], [-0.0, -0.0, -0.0, 0.0, 0.0, 0.0, 0.0, -0.0, 0.0, 0.0, 0.0, 0.0, 1.0, 0.0, -0.014967, -0.144618, -0.059583, 0.00463, 0.020401, -0.1993, 0.002114, 0.013337, -0.009509, 0.091033, -0.000754, 0.008239, 0.189395, 0.038373, -1e-06, -0.004661, -0.018237, -0.003034, 0.002436, -0.003941, -0.027122, 0.028151, -0.018601, 0.000246, 0.001808, -0.003206, 0.001501, 0.002577, 0.0, -0.0, -0.000143, -0.0, 0.0, -0.0, -0.000149, 0.000154, -0.000404, 0.0, 0.0, -0.0, 0.0, 0.0, 0.0, -0.0, -0.000509, -0.0, 0.0, -0.0, -2.3e-05, 0.000737, -0.000979, 0.0, 0.0, -0.0, 0.0, 0.0, 0.0, 0.0, -3e-06, 0.0, 0.0, 0.0, -0.0, 2e-06, -4e-06, 0.0, 0.0, 0.0, 0.0, 0.0, 0.0, -0.0, -4e-06, 0.0, 0.0, 0.0, -1e-06, 6e-06, -4e-06, 0.0, 0.0, 0.0, 0.0, 0.0, 0.0, -9e-06, -0.001911, 1e-06, 2e-06, -3e-06, 0.00186, 0.003418, -0.003221, 0.0, -0.0, 0.0, 0.0, 1e-06, -2e-06, -0.004721, -0.018015, 0.003177, 0.002497, -0.003939, 0.02751, 0.028106, -0.017349, 0.000131, -0.001919, 0.003328, 0.001458, 0.002622, 0.174952, 0.028585, -0.001317, -0.046525, -0.29052, 0.032294, 0.005273, 0.057747, -0.126119, -0.131975, 0.031167, 0.005083, -0.054799, -0.129889, -0.139088, -0.014204, -0.02731, 0.00018, -0.011054, -0.013411, -0.000446, -0.009062, -0.000141, 1.5e-05, -0.000104, 0.000239, 0.002512, 7.3e-05, 1e-06, 0.000166, 0.0, -0.0, 0.0, 0.0, 0.0, 0.0, -1e-06, 0.0, 0.0, 0.0, 0.0, -1e-06, 0.0, 0.0, 0.0, 0.0, 0.0, 0.0, 0.0, 0.0, -0.0, -0.000154, 0.0, 0.0, 0.0, -0.000506, -0.006443, 0.000222, 8.3e-05, -0.000101], [-0.0, 0.0, 0.0, -0.0, -0.0, 0.0, 0.0, 0.0, -0.0, 0.0, 0.0, 0.0, 0.0, 1.0, -0.001482, -0.014324, -0.005902, 0.000459, -0.105326, -0.025044, 0.000209, -0.129545, -0.007407, 0.009017, 0.003452, 0.00099, 0.038373, -0.194224, -1e-06, -0.004185, -0.016376, -0.002724, 0.000563, -0.004161, -0.024355, -0.011602, -0.030833, 0.000221, 0.000606, -0.003268, 0.002577, 0.000945, 0.0, -0.0, -9.3e-05, -0.0, 0.0, -0.0, -9.7e-05, 3.2e-05, -0.000283, 0.0, 0.0, -0.0, 0.0, 0.0, 0.0, -0.0, -0.000679, -0.0, 0.0, -0.0, -3e-05, 0.00057, -0.001512, 0.0, 0.0, -0.0, 0.0, 0.0, 0.0, 0.0, -3e-06, 0.0, 0.0, 0.0, -0.0, 2e-06, -4e-06, 0.0, 0.0, 0.0, 0.0, 0.0, 0.0, -0.0, -1.8e-05, 0.0, 0.0, 0.0, -3e-06, 1.9e-05, -2.5e-05, 0.0, 0.0, 0.0, 0.0, 0.0, 0.0, -1.4e-05, -0.002893, 2e-06, 2e-06, -5e-06, 0.002815, 0.002331, -0.006404, 0.0, -0.0, 1e-06, 1e-06, 1e-06, -1e-06, -0.004297, -0.016398, 0.002892, 0.000573, -0.004243, 0.025041, -0.011794, -0.030256, 0.000119, -0.000644, 0.003456, 0.002622, 0.000964, 0.19268, 0.031481, -0.00145, -0.252007, 0.133515, -0.081549, -0.013315, -0.145824, 0.022868, -0.101742, -0.088028, -0.014356, 0.154774, 0.020963, -0.096564, 0.018597, 0.035757, -0.000236, 0.007108, 0.021201, -8.8e-05, -0.001794, -2.8e-05, -2.2e-05, -2.3e-05, -0.001841, -0.019334, -0.000565, 0.000642, -0.000542, 0.0, -0.0, 0.0, 0.0, 0.0, 0.0, -1e-06, 0.0, 0.0, 0.0, 0.0, -1e-05, 0.0, 0.0, 0.0, 0.0, -8e-06, 0.0, 0.0, 0.0, -0.0, -0.000341, 0.0, 0.0, 0.0, -0.000472, -0.006002, 0.000207, 2e-06, -0.000123], [0.0, 0.014315, 0.051963, 0.000278, 0.000909, -0.018401, 0.001617, 0.005282, -0.10691, -0.00868, 2.2e-05, -0.000454, -0.014967, -0.001482, 1.0, 0.325565, 0.151774, 0.0, -0.0, 0.0, 0.0, -0.0, 0.0, -0.0, 0.0, 0.0, -0.0, 0.0, 0.0, 0.014334, 0.051987, 0.014961, -0.008638, 0.006491, 0.086815, -0.050123, 0.037662, 0.008457, -0.01144, 0.008596, 0.001438, -0.004963, 0.0, 0.0, 0.001378, 0.0, -0.0, 0.0, 0.002083, -0.001736, 0.003528, -0.0, -0.0, 0.0, -0.0, -0.0, 0.0, 5e-06, 0.003245, 0.0, -1e-06, 1e-06, 0.000259, -0.005075, 0.006301, -0.0, -0.0, 0.0, -0.0, -0.0, 0.0, 0.0, 3e-05, 0.0, 0.0, 0.0, 1e-06, -2.7e-05, 4.4e-05, 0.0, 0.0, 0.0, 0.0, 0.0, 0.0, 0.0, 4.7e-05, 0.0, 0.0, 0.0, 1e-05, -6.6e-05, 5.4e-05, 0.0, 0.0, 0.0, 0.0, 0.0, 0.0, 9.2e-05, 0.009122, -1.8e-05, -2.4e-05, 2.4e-05, -0.010792, -0.014539, 0.01416, -1e-06, 2e-06, -2e-06, 0.0, -3e-06, 0.0, 0.015822, 0.053782, -0.016821, -0.009808, 0.007018, -0.089082, -0.051944, 0.037168, 0.009915, 0.013478, -0.009644, 0.001918, -0.005623, 0.000283, 0.019088, 0.0, -1.3e-05, -2.7e-05, 0.00028, 0.019025, 1.2e-05, 8e-06, -2.6e-05, 0.000287, 0.019168, -1.2e-05, 9e-06, -2.7e-05, 0.048919, 0.086303, 0.000275, 0.074433, 0.028426, 0.00028, 0.019028, 2.9e-05, -2e-06, 5e-06, 0.000312, 0.019645, 2.3e-05, -2.7e-05, 0.0, 0.0, 6e-06, 0.0, 0.0, 0.0, 0.0, 9e-06, 0.0, 0.0, 0.0, 0.0, 1.9e-05, 0.0, 0.0, 0.0, 0.0, 1.1e-05, 0.0, 0.0, 0.0, 0.0, 0.000829, 0.0, 0.0, 0.0, 0.000204, 0.017333, -1.8e-05, -4e-06, 0.0], [0.014315, 0.184028, 0.347877, 0.003171, 0.010356, -0.209625, 0.008256, 0.026966, -0.545835, -0.083865, 0.000217, -0.004385, -0.144618, -0.014324, 0.325565, 1.0, 0.798485, -0.0, 0.0, 0.0, 0.0, -0.0, 0.0, 0.0, 0.0, 0.0, -0.0, 0.0, 0.014334, 0.184163, 0.348002, 0.170281, -0.098312, 0.073871, 0.44318, -0.255871, 0.192261, 0.081591, -0.110373, 0.082934, 0.013873, -0.047882, -6e-05, 0.002961, 0.034409, 0.001616, -0.001347, 0.002737, 0.039863, -0.033227, 0.067522, -0.000835, -0.001541, 0.003132, -0.00201, -0.002611, 5e-06, 0.002303, 0.040503, 7.6e-05, -0.001482, 0.001839, 0.002975, -0.058304, 0.072388, -0.000883, -6.2e-05, 7.6e-05, -0.000326, -0.001497, 0.0, 1e-06, 0.001062, 0.0, -0.0, 1e-06, 4.4e-05, -0.001214, 0.002002, -0.0, -0.0, 0.0, -0.0, -0.0, 0.0, 3e-06, 0.00152, 0.0, -1e-06, 1e-06, 0.000387, -0.002623, 0.002137, -0.0, -0.0, 0.0, 0.0, -0.0, 9.2e-05, 0.011786, 0.090277, -0.006307, -0.008497, 0.008275, -0.091666, -0.123488, 0.12027, -0.001925, 0.005848, -0.005695, 0.000203, -0.007672, 0.015822, 0.194303, 0.357279, -0.179085, -0.104425, 0.074721, -0.450255, -0.262544, 0.187863, 0.085693, 0.11649, -0.083354, 0.016573, -0.048604, 0.022875, 0.158045, 0.000212, -0.010102, -0.021558, 0.022738, 0.15763, 0.009907, 0.006513, -0.020463, 0.023047, 0.158562, -0.009399, 0.006727, -0.021042, 0.363271, 0.518212, 0.001237, 0.335078, 0.127967, 0.022746, 0.157653, 0.023228, -0.00123, 0.004318, 0.024091, 0.161662, 0.016078, -0.01943, 6e-06, 0.0, 0.000258, -0.0, -0.0, 0.0, 0.0, 0.000383, 0.0, -0.0, 0.0, 0.0, 0.00068, 0.0, -0.0, 0.0, 0.0, 0.000456, -0.0, -0.0, 0.0, 8.5e-05, 0.013381, -1.9e-05, -2e-05, 1.7e-05, 0.01923, 0.146487, -0.019053, -0.004646, 3.7e-05], [0.051963, 0.347877, 0.576628, 0.003031, 0.009899, -0.200379, 0.008697, 0.028406, -0.574981, -0.034553, 8.9e-05, -0.001807, -0.059583, -0.005902, 0.151774, 0.798485, 1.0, -0.0, -0.0, 0.0, -0.0, 0.0, -0.0, -0.0, 0.0, 0.0, -0.0, -0.0, 0.051987, 0.348002, 0.576765, 0.162692, -0.09393, 0.070579, 0.466776, -0.269494, 0.202497, 0.033597, -0.045449, 0.03415, 0.005712, -0.019717, -0.00624, 0.0521, 0.145533, 0.016539, -0.013786, 0.028015, 0.099188, -0.082676, 0.168012, -0.003634, -0.00671, 0.013635, -0.008752, -0.011365, 0.003245, 0.040503, 0.138688, 0.001182, -0.023169, 0.028766, 0.007521, -0.147404, 0.183012, -0.010682, -0.000744, 0.000924, -0.00395, -0.018114, 3e-05, 0.001062, 0.01242, 2e-05, -0.000562, 0.000928, 0.000491, -0.013514, 0.022291, -0.000376, -1.3e-05, 2.1e-05, -0.000301, -0.000578, 4.7e-05, 0.00152, 0.015755, 0.000177, -0.001196, 0.000975, 0.003728, -0.025229, 0.020559, -0.000515, -0.000163, 0.000133, 0.000185, -0.000897, 0.009122, 0.090277, 0.235882, -0.035323, -0.047586, 0.046346, -0.167227, -0.225281, 0.21941, -0.00661, 0.02008, -0.019556, 0.000696, -0.026345, 0.053782, 0.357279, 0.586908, -0.16514, -0.096294, 0.068903, -0.469176, -0.273577, 0.195758, 0.033857, 0.046024, -0.032933, 0.006548, -0.019203, 0.121972, 0.341322, 0.00079, -0.037652, -0.080348, 0.12162, 0.340716, 0.037086, 0.024379, -0.0766, 0.122411, 0.342075, -0.034841, 0.024937, -0.078001, 0.451716, 0.760432, 0.000643, 0.174163, 0.066513, 0.121639, 0.34075, 0.086931, -0.004604, 0.016159, 0.125046, 0.346572, 0.057716, -0.069749, 2.1e-05, 0.000111, 0.004503, -1.6e-05, -4.3e-05, 7.6e-05, 0.000171, 0.005871, 2.5e-05, -5.3e-05, 0.000126, 0.000318, 0.008648, 8.9e-05, -0.000203, 0.000149, 0.000206, 0.006606, -7e-06, -0.000146, 8.7e-05, 0.008158, 0.06454, -0.004275, -0.004429, 0.0039, 0.1122, 0.324277, -0.080544, -0.01964, 0.000158], [-0.000278, -0.003171, -0.003031, 0.065669, -0.000242, 0.004891, 0.19087, -0.000291, 0.005892, 0.004551, 0.005271, -0.106683, 0.00463, 0.000459, 0.0, -0.0, -0.0, 1.0, -0.0, 0.0, 0.531899, 0.0, 0.0, -0.0, 0.0, 0.0, 0.0, 0.0, -0.014961, -0.170281, -0.162692, -0.147434, 0.123119, -0.092511, -0.06567, 0.148214, -0.111368, -0.039981, 0.139561, -0.104866, -0.023841, 0.082287, 1e-05, -0.001332, -0.017854, -0.000558, 0.00066, -0.001342, -0.010181, 0.019929, -0.0405, 0.000845, 0.000646, -0.001313, 0.001178, 0.001529, -0.0, -7.6e-05, -0.001182, 0.000147, 5e-05, -6.2e-05, 0.013557, 0.001997, -0.00248, 3.5e-05, -9.8e-05, 0.000121, 1.1e-05, 4.9e-05, 0.0, -0.0, -2e-05, 0.0, 0.0, -0.0, 0.000161, 2.5e-05, -4.2e-05, 0.0, -0.0, 0.0, 0.0, 0.0, 0.0, -0.0, -0.000177, 0.0, 0.0, -0.0, 0.000201, 0.000334, -0.000272, 0.0, -0.0, 0.0, -0.0, 0.0, 1.8e-05, 0.006307, 0.035323, -0.002355, -0.005052, 0.00492, -0.006474, -0.057803, 0.056296, -0.002292, 0.002616, -0.002548, 0.000132, -0.005015, 0.016821, 0.179085, 0.16514, -0.153808, -0.131182, 0.093867, -0.060719, -0.15047, 0.107668, 0.040356, 0.147422, -0.105488, 0.028758, -0.084336, -0.000241, -0.001021, 0.002895, 0.000122, 0.000259, -0.011256, -0.047964, -0.002732, -0.003683, 0.011573, 0.010667, 0.045027, -0.002047, 0.003562, -0.011143, -0.001337, -0.00072, 0.199297, -0.00195, -0.000745, -0.02639, -0.112425, -0.027919, 0.001631, -0.005724, -0.018188, -0.074412, -0.010815, 0.016859, -5e-06, 0.0, 4.7e-05, 0.0, 0.0, 0.0, -0.0, -7.1e-05, -0.0, 0.0, -0.0, -0.0, -0.00023, -0.0, 0.0, -0.0, 0.0, 2e-05, 0.0, -0.0, 0.0, 3.7e-05, 0.007522, -5e-06, -5e-06, 5e-06, 0.021926, 0.105106, -0.022174, -0.005949, 4.8e-05], [-0.000909, -0.010356, -0.009899, -0.000242, 0.064954, 0.015976, -0.000291, 0.190008, 0.019245, 0.005723, 0.001593, 0.000459, 0.020401, -0.105326, -0.0, 0.0, -0.0, -0.0, 1.0, 0.0, 0.0, 0.531899, 0.0, -0.0, -0.0, 0.0, 0.0, 0.0, 0.008638, 0.098312, 0.09393, 0.123119, -0.00527, 0.053411, 0.148214, 0.105472, 0.064298, 0.10989, -0.022705, 0.082287, -0.036353, -0.00985, -9e-06, 0.00111, 0.014882, 0.00066, -0.000316, 0.001118, 0.019929, -0.002883, 0.033757, -0.000259, -0.000444, 0.001529, -0.001238, -0.000753, 1e-06, 0.001482, 0.023169, 5e-05, -0.000824, 0.001209, 0.001997, -0.025486, 0.0486, -0.000506, -3.4e-05, 4.9e-05, -0.000308, -0.000832, 0.0, 0.0, 0.000562, 0.0, -0.0, 0.0, 2.5e-05, -0.000537, 0.001153, -0.0, -0.0, 0.0, -0.0, -0.0, 0.0, 1e-06, 0.001196, 0.0, -0.0, 0.0, 0.000334, -0.002008, 0.00184, -0.0, -0.0, 0.0, 0.0, -0.0, 2.4e-05, 0.008497, 0.047586, -0.005052, -0.005411, 0.006628, -0.057803, -0.041436, 0.07584, -0.000999, 0.004254, -0.005015, -0.001028, -0.005581, 0.009808, 0.104425, 0.096294, -0.131182, -0.005327, 0.054734, -0.15047, 0.109593, 0.062782, 0.118287, 0.024041, -0.084336, -0.037939, -0.010031, 0.011472, 0.048679, 0.000122, -0.002895, -0.01236, -0.007399, -0.031529, -0.003683, 0.00045, 0.007608, -0.007635, -0.032227, 0.003562, 0.000381, 0.007975, -0.362275, -0.194991, -0.00195, -0.329207, -0.201839, 0.001398, 0.005955, 0.001631, 0.002786, 0.000303, 0.02198, 0.089927, 0.016859, -0.017239, 6e-06, 0.0, 0.000126, 0.0, 0.0, 0.0, 0.0, 0.000149, 0.0, -0.0, 0.0, 0.0, 0.000524, 0.0, -0.0, 0.0, 0.0, 0.000397, -0.0, -0.0, 0.0, 3.9e-05, 0.007792, -5e-06, -5e-06, 5e-06, 0.005346, 0.025629, -0.005949, 0.000773, 1.2e-05], [0.018401, 0.209625, 0.200379, 0.004891, 0.015976, -0.25764, 0.005892, 0.019245, -0.198595, -0.11585, 0.000459, -0.007667, -0.1993, -0.025044, 0.0, 0.0, 0.0, 0.0, 0.0, 1.0, 0.0, 0.0, 0.531899, -0.0, 0.0, -0.0, -0.0, 0.0, -0.006491, -0.073871, -0.070579, -0.092511, 0.053411, 0.02568, -0.111368, 0.064298, 0.14273, -0.082571, 0.082287, 0.024976, -0.048001, -0.01442, 1.8e-05, -0.002257, -0.030243, -0.001342, 0.001118, -0.002038, -0.0405, 0.033757, -0.054873, 0.000527, 0.001529, -0.0028, 0.001473, 0.002334, -1e-06, -0.001839, -0.028766, -6.2e-05, 0.001209, -0.001351, -0.00248, 0.0486, -0.046681, 0.000628, 4.9e-05, -5.5e-05, 0.000135, 0.001086, 0.0, -1e-06, -0.000928, -0.0, 0.0, -0.0, -4.2e-05, 0.001153, -0.00174, 0.0, 0.0, -0.0, 0.0, 0.0, 0.0, -1e-06, -0.000975, -0.0, 0.0, -0.0, -0.000272, 0.00184, -0.00125, 0.0, 0.0, -0.0, -0.0, 0.0, -2.4e-05, -0.008275, -0.046346, 0.00492, 0.006628, -0.005061, 0.056296, 0.07584, -0.037431, 0.000973, -0.005015, 0.003989, -0.001348, 0.005374, -0.007018, -0.074721, -0.068903, 0.093867, 0.054734, 0.032001, 0.107668, 0.062782, 0.152408, -0.08464, -0.084336, -0.033475, -0.051145, -0.019519, 0.024481, 0.103879, 0.000259, -0.01236, -0.023479, 0.023248, 0.099066, 0.011573, 0.007608, -0.021033, 0.023882, 0.100804, -0.011143, 0.007975, -0.022016, -0.138353, -0.074468, -0.000745, -0.201839, 0.122222, -0.004905, -0.020898, -0.005724, 0.000303, 0.001808, -6e-06, -2.6e-05, -5e-06, 6e-06, 0.003135, -0.0, -0.000224, 0.0, 0.0, 0.0, -0.0, -0.000351, -0.0, 0.0, -0.0, -0.0, -0.000385, -0.0, 0.0, -0.0, -0.0, -0.000236, 0.0, 0.0, -0.0, -3.4e-05, -0.006862, 5e-06, 5e-06, -4e-06, -4.3e-05, -0.000206, 4.8e-05, 1.2e-05, 0.002223], [-0.001617, -0.008256, -0.008697, 0.19087, -0.000291, 0.005892, 0.52599, -0.000504, 0.010194, 0.0035, 0.006431, -0.130165, 0.002114, 0.000209, 0.0, 0.0, -0.0, 0.531899, 0.0, 0.0, 1.0, 0.0, 0.0, 0.0, 0.0, 0.0, 0.0, 0.0, -0.086815, -0.44318, -0.466776, -0.06567, 0.148214, -0.111368, 0.082229, 0.256379, -0.192643, 0.058149, 0.025462, -0.019132, -0.010874, 0.037531, 0.007388, -0.057361, -0.13122, -0.004349, 0.017814, -0.036202, 0.008916, 0.084393, -0.1715, 0.016368, 0.0021, -0.004268, 0.013049, 0.016945, -0.000259, -0.002975, -0.007521, 0.013557, 0.001997, -0.00248, 0.099358, 0.009228, -0.011457, 0.001639, -0.009423, 0.011699, 0.000399, 0.001831, -1e-06, -4.4e-05, -0.000491, 0.000161, 2.5e-05, -4.2e-05, 0.005962, 0.000598, -0.000987, 2.3e-05, -0.000103, 0.00017, 1.5e-05, 2.9e-05, -1e-05, -0.000387, -0.003728, 0.000201, 0.000334, -0.000272, 0.006906, 0.006701, -0.005461, 0.0002, -0.000188, 0.000154, -5.7e-05, 0.000277, 0.010792, 0.091666, 0.167227, -0.006474, -0.057803, 0.056296, 0.047705, -0.185607, 0.18077, -0.029403, 0.00574, -0.005591, 0.001002, -0.03796, 0.089082, 0.450255, 0.469176, -0.060719, -0.15047, 0.107668, 0.096117, -0.257138, 0.183995, -0.060791, 0.023848, -0.017064, 0.012347, -0.03621, -0.002265, -0.003983, 0.052049, 0.000858, 0.001831, -0.10634, -0.187234, 0.012097, -0.026152, 0.082168, 0.099925, 0.175402, 0.017404, 0.024977, -0.078126, -0.001948, -0.001838, 0.264903, -0.000946, -0.000361, -0.249263, -0.438849, -0.166656, 0.011575, -0.040624, -0.165663, -0.287888, -0.040158, 0.113435, -3.3e-05, 3.9e-05, 0.001723, 2e-06, -1.5e-05, 2.7e-05, -6.2e-05, -0.002272, 4e-06, 2e-05, -4.7e-05, -0.000221, -0.006068, -3.4e-05, 0.000146, -0.000107, 1.8e-05, 0.000599, 1.7e-05, -1.3e-05, 8e-06, 0.011295, 0.070091, -0.005004, -0.007016, 0.006179, 0.230254, 0.42112, -0.155492, -0.049357, 0.000396], [-0.005282, -0.026966, -0.028406, -0.000291, 0.190008, 0.019245, -0.000504, 0.524499, 0.033296, 0.000289, 0.001959, 0.000209, 0.013337, -0.129545, -0.0, -0.0, 0.0, 0.0, 0.531899, 0.0, 0.0, 1.0, 0.0, 0.0, 0.0, 0.0, 0.0, 0.0, 0.050123, 0.255871, 0.269494, 0.148214, 0.105472, 0.064298, 0.256379, 0.378269, 0.111223, 0.072171, 0.055795, 0.037531, -0.054773, 0.024205, -0.006158, 0.047812, 0.109376, 0.017814, 0.002174, 0.030175, 0.084393, 0.039821, 0.14295, 4.7e-05, 0.001144, 0.016945, -0.01878, 0.001938, 0.005075, 0.058304, 0.147404, 0.001997, -0.025486, 0.0486, 0.009228, -0.081011, 0.224524, -0.015673, -0.00099, 0.001831, -0.017322, -0.024085, 2.7e-05, 0.001214, 0.013514, 2.5e-05, -0.000537, 0.001153, 0.000598, -0.010474, 0.027146, -0.000454, -1.4e-05, 2.9e-05, -0.000516, -0.000619, 6.6e-05, 0.002623, 0.025229, 0.000334, -0.002008, 0.00184, 0.006701, -0.037456, 0.036958, -0.000939, -0.000305, 0.000277, 0.000148, -0.001681, 0.014539, 0.123488, 0.225281, -0.057803, -0.041436, 0.07584, -0.185607, -0.06456, 0.243526, 0.000559, 0.021761, -0.03796, -0.021841, -0.028551, 0.051944, 0.262544, 0.273577, -0.15047, 0.109593, 0.062782, -0.257138, 0.387163, 0.107288, 0.073562, -0.05733, -0.03621, -0.055737, 0.02392, 0.107972, 0.189849, 0.000858, 0.011175, -0.087264, -0.069904, -0.123081, -0.026152, 0.034689, 0.054014, -0.07152, -0.125542, 0.024977, 0.034424, 0.055918, -0.527755, -0.498064, -0.000946, 0.008625, -0.097874, 0.013202, 0.023244, 0.011575, 0.051277, 0.002152, 0.200204, 0.347913, 0.113435, -0.08338, 4e-05, 0.000104, 0.004632, -1.5e-05, -3.2e-05, 7.2e-05, 0.000131, 0.00478, 2e-05, -2.8e-05, 9.8e-05, 0.000502, 0.013807, 0.000146, -0.000303, 0.000244, 0.000359, 0.012019, -1.3e-05, -0.000243, 0.000154, 0.0117, 0.07261, -0.007016, -0.005499, 0.006401, 0.056146, 0.102687, -0.049357, 0.034887, 9.7e-05], [0.10691, 0.545835, 0.574981, 0.005892, 0.019245, -0.198595, 0.010194, 0.033296, -0.147816, -0.005848, 0.000209, -0.002268, -0.009509, -0.007407, 0.0, 0.0, -0.0, 0.0, 0.0, 0.531899, 0.0, 0.0, 1.0, 0.0, 0.0, 0.0, 0.0, 0.0, -0.037662, -0.192261, -0.202497, -0.111368, 0.064298, 0.14273, -0.192643, 0.111223, 0.442717, -0.054229, 0.037531, 0.077543, -0.050591, -0.044769, 0.012514, -0.097162, -0.22227, -0.036202, 0.030175, -0.044298, -0.1715, 0.14295, -0.180335, -9.5e-05, 0.016945, -0.024953, 0.006041, 0.020799, -0.006301, -0.072388, -0.183012, -0.00248, 0.0486, -0.046681, -0.011457, 0.224524, -0.178931, 0.019459, 0.001831, -0.001788, -0.002079, 0.035046, -4.4e-05, -0.002002, -0.022291, -4.2e-05, 0.001153, -0.00174, -0.000987, 0.027146, -0.038793, 0.000749, 2.9e-05, -4.4e-05, 0.000508, 0.001199, -5.4e-05, -0.002137, -0.020559, -0.000272, 0.00184, -0.00125, -0.005461, 0.036958, -0.02222, 0.000765, 0.000277, -0.000191, -0.00051, 0.00129, -0.01416, -0.12027, -0.21941, 0.056296, 0.07584, -0.037431, 0.18077, 0.243526, -0.051698, -0.000544, -0.03796, 0.019756, -0.023903, 0.026614, -0.037168, -0.187863, -0.195758, 0.107668, 0.062782, 0.152408, 0.183995, 0.107288, 0.460331, -0.052637, -0.03621, -0.082025, -0.050186, -0.047829, 0.23041, 0.405133, 0.001831, -0.087264, -0.134152, 0.219638, 0.386721, 0.082168, 0.054014, -0.117833, 0.223709, 0.392685, -0.078126, 0.055918, -0.122606, -0.201551, -0.190211, -0.000361, -0.097874, 0.227528, -0.046333, -0.081574, -0.040624, 0.002152, 0.044339, -5.9e-05, -0.000102, -3.3e-05, 4e-05, 0.053707, -0.000186, -0.008247, 2.7e-05, 7.2e-05, -0.00012, -0.000309, -0.011286, -4.7e-05, 9.8e-05, -0.000219, -0.000369, -0.010134, -0.000107, 0.000244, -0.000149, -0.000213, -0.007129, 8e-06, 0.000154, -7.4e-05, -0.010305, -0.063947, 0.006179, 0.006401, -0.003869, -0.000451, -0.000825, 0.000396, 9.7e-05, 0.046922], [-0.00868, -0.083865, -0.034553, -0.004551, -0.005723, 0.11585, -0.0035, -0.000289, 0.005848, 0.087257, -0.000437, 0.008839, 0.091033, 0.009017, -0.0, 0.0, -0.0, -0.0, -0.0, -0.0, 0.0, 0.0, 0.0, 1.0, 0.0, 0.0, 0.0, 0.0, 0.008457, 0.081591, 0.033597, 0.039981, -0.10989, 0.082571, -0.058149, -0.072171, 0.054229, -0.07281, -0.115717, 0.08695, 0.033783, -0.116602, 0.0, -0.00032, -0.005052, -0.000308, 0.000112, -0.000228, -0.017929, 0.002139, -0.004347, -0.000207, 0.000325, -0.000661, 0.000142, 0.000184, -0.0, -0.000883, -0.010682, -3.5e-05, 0.000506, -0.000628, -0.001639, 0.015673, -0.019459, 0.000235, 2.1e-05, -2.6e-05, 8.5e-05, 0.00039, 0.0, -0.0, -0.000376, -0.0, 0.0, -0.0, -2.3e-05, 0.000454, -0.000749, 0.0, 0.0, -0.0, 0.0, 0.0, 0.0, -0.0, -0.000515, -0.0, 0.0, -0.0, -0.0002, 0.000939, -0.000765, 0.0, 0.0, -0.0, -0.0, 0.0, -1e-06, -0.001925, -0.00661, 0.002292, 0.000999, -0.000973, 0.029403, -0.000559, 0.000544, -0.00085, -0.001771, 0.001725, -1.5e-05, 0.000576, 0.009915, 0.085693, 0.033857, -0.040356, -0.118287, 0.08464, 0.060791, -0.073562, 0.052637, -0.079649, 0.122494, -0.087651, 0.041235, -0.120928, -0.01195, -0.025339, -0.000185, 0.005814, 0.012408, -0.005624, -0.011985, -0.005118, -0.001433, 0.004504, -0.006509, -0.013714, 0.005308, -0.001789, 0.005594, -0.149577, -0.024663, -0.002449, -0.12976, -0.049556, 0.022478, 0.047893, 0.025011, -0.001689, 0.005929, 0.00277, 0.005621, -0.000871, -0.004917, 1e-06, -0.0, -8.1e-05, 0.0, 0.0, 0.0, -0.0, -0.00012, 0.0, 0.0, 0.0, -0.0, -0.000157, 0.0, 0.0, 0.0, -0.0, -0.000158, 0.0, 0.0, 0.0, 1e-06, 0.000129, 0.0, -0.0, 0.0, 0.018159, 0.044636, -0.01877, -0.005819, 4.7e-05], [2.2e-05, 0.000217, 8.9e-05, -0.005271, -0.001593, -0.000459, -0.006431, -0.001959, -0.000209, -0.000437, 0.033954, 0.011446, -0.000754, 0.003452, 0.0, 0.0, 0.0, 0.0, -0.0, 0.0, 0.0, 0.0, 0.0, 0.0, 1.0, 0.0, 0.0, 0.0, -0.01144, -0.110373, -0.045449, -0.139561, 0.022705, -0.082287, -0.025462, -0.055795, -0.037531, -0.115717, 0.056096, -0.131145, 0.06002, 0.031449, 1e-06, -0.000592, -0.009327, -0.000272, 0.000196, -0.000602, -0.006799, 0.00296, -0.0240