{"HF": -440.15798063546, "coordinates": [[-0.351371286, 1.075756052, -0.692707198], [0.221567171, -0.247202192, -0.192285106], [1.57013731, -0.628772693, -0.81471071], [2.192343029, -1.544674916, 0.092139145], [1.573856256, -1.446551912, 1.3824123], [0.575038893, -0.283242115, 1.304518243], [0.89153888, -2.766026337, 1.787326128], [1.110252145, -3.793688272, 0.93093242], [0.228193681, -2.841748182, 2.805100034], [0.338530954, 1.90323676, -0.491098305], [-0.536213055, 1.049144602, -1.771891545], [-1.301228249, 1.304873541, -0.20015131], [-0.493516737, -1.053439699, -0.400754061], [1.479881377, -1.11666992, -1.79063449], [2.207742912, 0.260872183, -0.93503793], [2.352595565, -1.264037686, 2.13269003], [1.06000399, 0.654446957, 1.59747478], [-0.277428814, -0.451238229, 1.963813087], [1.714076728, -3.650590316, 0.139025372], [0.763482513, -4.70890801, 1.163083623]], "elements": ["C", "C", "C", "O", "C", "C", "C", "N", "O", "H", "H", "H", "H", "H", "H", "H", "H", "H", "H", "H"], "Enn": 481.3383610223, "S": [[1.0, 0.325565, 0.151774, -0.0, -0.0, 0.0, -0.0, 0.0, 0.0, -0.0, 0.0, -0.0, -0.0, 0.0, 0.0, 0.014829, 0.052597, -0.006295, -0.007207, 0.016642, -0.0354, -0.04053, 0.093586, -0.006206, 0.003907, -0.009022, -0.009689, -0.010329, 0.0, 5.2e-05, 0.007493, 1e-06, -1.4e-05, 1.3e-05, 0.000898, -0.014137, 0.012541, -1e-06, -0.0, 0.0, 0.0, -2e-06, 0.0, 0.0, 1e-06, 0.0, 0.0, 0.0, -1e-06, -3e-06, 3e-06, 0.0, 0.0, 0.0, 0.0, 0.0, 0.0, 0.0, 0.00022, -0.0, -0.0, 0.0, -0.000253, -0.000235, 0.000308, 0.0, 0.0, 0.0, 0.0, 0.0, 0.0, 4.7e-05, 0.00722, -1.3e-05, -6e-06, 9e-06, -0.014075, -0.006529, 0.009577, 1e-06, 1e-06, -1e-06, -0.0, -1e-06, 0.0, 0.0, 6e-06, 0.0, 0.0, 0.0, -4e-06, -2e-06, 7e-06, 0.0, 0.0, 0.0, 0.0, 0.0, 0.0, 0.0, 0.0, 0.0, 0.0, 0.0, -0.0, -0.0, 0.0, 0.0, 0.0, 0.0, 0.0, 0.0, 0.0, 0.0, 0.0, 0.0, 0.0, 0.0, -0.0, -0.0, 0.0, 0.0, 0.0, 0.0, 0.0, 0.0, 0.049594, 0.086642, -0.014934, -0.051103, -0.061294, 0.049728, 0.086709, 0.080296, 0.013753, 0.00198, 0.04989, 0.086789, -0.036845, 0.071052, -0.017139, 0.000339, 0.020127, -5e-06, 3e-06, 4e-05, 0.0, 0.002706, 0.0, -0.0, 0.0, 8e-06, 0.006581, 0.0, -0.0, 0.0, 0.0, 2.1e-05, 0.0, 0.0, 0.0, 6e-06, 0.006194, -0.0, -0.0, 0.0, 0.0, 0.002673, -0.0, -0.0, 0.0, 0.0, 1e-06, 0.0, 0.0, 0.0, 0.0, 0.0, 0.0, 0.0, 0.0], [0.325565, 1.0, 0.798485, 0.0, -0.0, -0.0, 0.0, -0.0, 0.0, 0.0, 0.0, 0.0, -0.0, 0.0, 0.014829, 0.187585, 0.351161, -0.070024, -0.080171, 0.185121, -0.180096, -0.206194, 0.476118, -0.057658, 0.036298, -0.083816, -0.090012, -0.095961, 5.2e-05, 0.008637, 0.077501, 0.000459, -0.007234, 0.006417, 0.008076, -0.127188, 0.112825, -0.003995, -0.000494, 0.000438, 0.000829, -0.006901, -0.0, 1e-06, 0.000401, -0.0, -1e-06, 1e-06, -0.000256, -0.00083, 0.000855, -1e-06, 1e-06, -1e-06, -0.0, -2e-06, 0.0, 3.3e-05, 0.005015, -1.2e-05, -1.1e-05, 1.5e-05, -0.006387, -0.005926, 0.007764, -1e-06, 5e-06, -7e-06, -2e-06, -6e-06, 4.7e-05, 0.008146, 0.075304, -0.007024, -0.003258, 0.004779, -0.128007, -0.059376, 0.087102, 0.002966, 0.003606, -0.00529, -0.000963, -0.002454, 0.0, 0.0, 0.00029, -0.0, -0.0, 0.0, -0.000313, -0.000157, 0.000485, -0.0, 0.0, -0.0, -0.0, -0.0, 0.0, 0.0, 2e-06, 0.0, 0.0, 0.0, -1e-06, -1e-06, 3e-06, 0.0, 0.0, 0.0, 0.0, 0.0, 0.0, 0.0, 0.0, 0.0, 0.0, 0.0, -0.0, -0.0, 0.0, 0.0, 0.0, 0.0, 0.0, 0.0, 0.365965, 0.519814, -0.066307, -0.226903, -0.272151, 0.366499, 0.520131, 0.355553, 0.060899, 0.008768, 0.367139, 0.52051, -0.162618, 0.313597, -0.075644, 0.025165, 0.164774, -0.003588, 0.001747, 0.026169, 0.000697, 0.033948, 0.000147, -0.000245, 0.000294, 0.003396, 0.068348, 0.00024, -0.002537, 0.000808, 0.0, 0.000751, -0.0, -0.0, 0.0, 0.003048, 0.065167, -0.001981, -0.001221, 0.000364, 0.000682, 0.033624, -0.000346, -1e-05, 0.000199, 0.0, 8.5e-05, -0.0, -0.0, 0.0, 0.0, 2e-06, 0.0, 0.0, 0.0], [0.151774, 0.798485, 1.0, 0.0, 0.0, -0.0, 0.0, 0.0, -0.0, -0.0, 0.0, 0.0, -0.0, 0.0, 0.052597, 0.351161, 0.580229, -0.066093, -0.075671, 0.174729, -0.188988, -0.216375, 0.499626, -0.023407, 0.014736, -0.034026, -0.036542, -0.038957, 0.007493, 0.077501, 0.213198, 0.00313, -0.049294, 0.043728, 0.015677, -0.246901, 0.219021, -0.017435, -0.002156, 0.001912, 0.003617, -0.030118, -0.000158, 0.002098, 0.012352, -0.000403, -0.001306, 0.001345, -0.00541, -0.017534, 0.018063, -0.000744, 0.000425, -0.000438, -4.2e-05, -0.001418, 0.00022, 0.005015, 0.034743, -0.002765, -0.002566, 0.003361, -0.037799, -0.035069, 0.045945, -0.000171, 0.001625, -0.002129, -0.00054, -0.001975, 0.00722, 0.075304, 0.209174, -0.049666, -0.023037, 0.033795, -0.251418, -0.11662, 0.171076, 0.013546, 0.016466, -0.024155, -0.004399, -0.011204, 6e-06, 0.00029, 0.005256, -0.000154, -7.7e-05, 0.000238, -0.005912, -0.002963, 0.009158, -1.8e-05, 4.9e-05, -0.000151, -0.000105, -7.6e-05, -0.0, 1.3e-05, 0.000383, 4e-06, 3e-06, -1.1e-05, -0.000244, -0.000219, 0.000731, -4e-06, 2e-06, -6e-06, -8e-06, -5e-06, -0.0, 8e-06, 0.000165, -5e-06, -1e-06, 6e-06, -0.000287, -4.8e-05, 0.000322, 1e-06, 1e-06, -8e-06, -4e-06, -1e-06, 0.453259, 0.762017, -0.034288, -0.117334, -0.140733, 0.453565, 0.76233, 0.183676, 0.03146, 0.004529, 0.45393, 0.762704, -0.083906, 0.161806, -0.03903, 0.127696, 0.351058, -0.01248, 0.006076, 0.091014, 0.022569, 0.120939, 0.007028, -0.011721, 0.014033, 0.048579, 0.193902, 0.003597, -0.037986, 0.012096, 0.000355, 0.009248, -0.000185, -0.000177, 0.000153, 0.046106, 0.187767, -0.032102, -0.019783, 0.005906, 0.022334, 0.120161, -0.016809, -0.000468, 0.009662, 3.3e-05, 0.002123, -4e-06, -1e-05, 2.3e-05, 1e-06, 0.000184, -0.0, -0.0, 0.0], [-0.0, 0.0, 0.0, 1.0, 0.0, 0.0, 0.531899, 0.0, 0.0, 0.0, -0.0, -0.0, -0.0, -0.0, 0.006295, 0.070024, 0.066093, 0.032124, -0.040621, 0.093796, 0.151171, -0.048097, 0.11106, -0.081785, -0.01596, 0.036852, -0.062724, -0.066869, -1e-06, -0.000459, -0.00313, 0.000884, 0.00042, -0.000373, 0.029832, 0.006122, -0.005431, 0.000315, -0.00086, 0.000763, -5.2e-05, 0.000431, -0.0, 0.0, 8.2e-05, -0.0, -0.0, 0.0, 1.3e-05, -0.000185, 0.00019, -0.0, 0.0, -0.0, -0.0, -0.0, 0.0, 1.2e-05, 0.002765, -3e-06, -4e-06, 5e-06, -0.002882, -0.003665, 0.004801, -0.0, 1e-06, -1e-06, -0.0, -1e-06, 1.3e-05, 0.007024, 0.049666, -0.00576, -0.003062, 0.004491, -0.071378, -0.046641, 0.068421, 0.002008, 0.003233, -0.004743, -0.000968, -0.002466, 0.0, 0.0, 0.000154, -0.0, -0.0, 0.0, -0.000143, -8.8e-05, 0.000273, -0.0, 0.0, -0.0, -0.0, -0.0, 0.0, 0.0, 0.0, 0.0, 0.0, 0.0, -0.0, -0.0, 1e-06, 0.0, 0.0, 0.0, 0.0, 0.0, 0.0, 0.0, 0.0, 0.0, 0.0, 0.0, -0.0, -0.0, 0.0, 0.0, 0.0, 0.0, 0.0, 0.0, 0.071739, 0.038375, 0.181046, -0.070433, -0.084478, -0.38473, -0.205551, -0.389076, -0.101254, -0.014577, 0.175992, 0.09389, 0.079141, 0.238165, -0.057448, 0.004046, 0.016053, 0.002685, 0.000324, 0.004857, -0.000232, -0.010994, -2.5e-05, 6.4e-05, -7.7e-05, -0.000323, -0.005157, 0.000135, 0.000226, -7.2e-05, 0.0, 0.000472, -0.0, -0.0, 0.0, 0.00269, 0.046297, -0.001486, -0.000998, 0.000298, 0.000546, 0.026329, -0.000205, -6e-06, 0.000126, 0.0, 1.3e-05, 0.0, 0.0, 0.0, 0.0, 1e-06, 0.0, 0.0, 0.0], [-0.0, -0.0, 0.0, 0.0, 1.0, -0.0, 0.0, 0.531899, 0.0, 0.0, 0.0, -0.0, -0.0, -0.0, 0.007207, 0.080171, 0.075671, -0.040621, 0.021096, 0.107389, -0.048097, 0.138114, 0.127154, -0.022182, -0.007073, -0.066869, -0.113067, 0.018699, 1.4e-05, 0.007234, 0.049294, 0.00042, -0.005712, 0.005874, 0.006122, -0.066197, 0.08553, -0.003414, -0.000429, 0.000431, -7.6e-05, -0.005996, -0.0, 0.0, 0.000267, -0.0, -0.0, 0.0, -0.000185, -0.000529, 0.000617, -0.0, 0.0, -0.0, -0.0, -0.0, 0.0, 1.1e-05, 0.002566, -4e-06, -3e-06, 4e-06, -0.003665, -0.002332, 0.004455, -0.0, 1e-06, -1e-06, -0.0, -1e-06, 6e-06, 0.003258, 0.023037, -0.003062, -0.00058, 0.002083, -0.046641, 0.00754, 0.031737, 0.001608, 0.000839, -0.002466, -0.00084, -0.000571, 0.0, 0.0, 7.7e-05, -0.0, -0.0, 0.0, -8.8e-05, -1.1e-05, 0.000137, -0.0, 0.0, -0.0, -0.0, -0.0, 0.0, 0.0, 0.0, 0.0, 0.0, 0.0, -0.0, -0.0, 1e-06, 0.0, 0.0, 0.0, 0.0, 0.0, 0.0, 0.0, 0.0, 0.0, 0.0, 0.0, -0.0, 0.0, 0.0, 0.0, 0.0, 0.0, 0.0, 0.0, 0.245489, 0.131318, -0.070433, -0.039391, -0.289082, -0.065896, -0.035207, -0.101254, 0.184747, -0.002497, -0.339387, -0.181061, 0.238165, -0.25664, 0.110785, -0.00197, -0.007816, 0.000324, 0.003193, -0.002365, 0.000386, 0.018338, 6.4e-05, -9.4e-05, 0.000129, 0.003409, 0.05446, 0.000226, -0.002229, 0.00076, 0.0, 0.000452, -0.0, -0.0, 0.0, 0.001658, 0.028531, -0.000998, -0.000482, 0.000184, 1.5e-05, 0.000733, -6e-06, 1.3e-05, 3e-06, 0.0, 3.3e-05, 0.0, 0.0, 0.0, 0.0, 0.0, 0.0, 0.0, 0.0], [0.0, -0.0, -0.0, 0.0, -0.0, 1.0, 0.0, 0.0, 0.531899, 0.0, -0.0, 0.0, 0.0, -0.0, -0.016642, -0.185121, -0.174729, 0.093796, 0.107389, -0.180365, 0.11106, 0.127154, -0.100427, 0.051221, -0.066869, 0.118374, 0.070563, 0.135528, -1.3e-05, -0.006417, -0.043728, -0.000373, 0.005874, -0.0043, -0.005431, 0.08553, -0.045651, 0.003028, 0.000431, -0.000326, -0.001514, 0.005129, 0.0, -0.0, -0.000275, 0.0, 0.0, -0.0, 0.00019, 0.000617, -0.000565, 0.0, -0.0, 0.0, -0.0, 0.0, -0.0, -1.5e-05, -0.003361, 5e-06, 4e-06, -5e-06, 0.004801, 0.004455, -0.004768, 0.0, -1e-06, 2e-06, 0.0, 1e-06, -9e-06, -0.004779, -0.033795, 0.004491, 0.002083, -0.002216, 0.068421, 0.031737, -0.017381, -0.00236, -0.002466, 0.002775, 8.6e-05, 0.001287, 0.0, -0.0, -0.000238, 0.0, 0.0, -0.0, 0.000273, 0.000137, -0.000389, 0.0, -0.0, 0.0, 0.0, 0.0, 0.0, 0.0, -1e-06, 0.0, 0.0, 0.0, 1e-06, 1e-06, -2e-06, 0.0, 0.0, 0.0, 0.0, 0.0, 0.0, 0.0, -0.0, 0.0, 0.0, 0.0, 0.0, 0.0, -0.0, 0.0, 0.0, 0.0, 0.0, 0.0, 0.294444, 0.157505, -0.084478, -0.289082, -0.145102, -0.009487, -0.005069, -0.014577, -0.002497, 0.201731, 0.081865, 0.043674, -0.057448, 0.110785, 0.175921, -0.029509, -0.11707, 0.004857, -0.002365, -0.032073, -0.000462, -0.021955, -7.7e-05, 0.000129, -0.00014, -0.001086, -0.017341, -7.2e-05, 0.00076, -8.5e-05, -0.0, -0.000391, 0.0, 0.0, -0.0, -0.000495, -0.008517, 0.000298, 0.000184, 7.8e-05, -0.000314, -0.015134, 0.000126, 3e-06, -5.9e-05, -0.0, -7.6e-05, 0.0, 0.0, 0.0, 0.0, -2e-06, 0.0, 0.0, 0.0], [-0.0, 0.0, 0.0, 0.531899, 0.0, 0.0, 1.0, 0.0, 0.0, 0.0, 0.0, 0.0, 0.0, 0.0, 0.0354, 0.180096, 0.188988, 0.151171, -0.048097, 0.11106, 0.457614, -0.082851, 0.19131, -0.067648, -0.037977, 0.087692, -0.028022, -0.029874, -0.000898, -0.008076, -0.015677, 0.029832, 0.006122, -0.005431, 0.163509, 0.021071, -0.018692, 0.004267, -0.022932, 0.020342, -0.000532, 0.004427, -7e-05, 0.001011, 0.005911, 0.000152, -0.00071, 0.000731, 0.003787, -0.009362, 0.009644, -0.000621, -0.000179, 0.000185, -2.6e-05, -0.000883, 0.000253, 0.006387, 0.037799, -0.002882, -0.003665, 0.004801, -0.026773, -0.043268, 0.056686, -0.001106, 0.001961, -0.00257, -0.000873, -0.003194, 0.014075, 0.128007, 0.251418, -0.071378, -0.046641, 0.068421, -0.189431, -0.162651, 0.2386, 0.005567, 0.028645, -0.04202, -0.010538, -0.026839, 4e-06, 0.000313, 0.005912, -0.000143, -8.8e-05, 0.000273, -0.005165, -0.003689, 0.011401, -4.7e-05, 4.9e-05, -0.000152, -0.000128, -9.3e-05, -0.0, 6e-06, 0.000251, 1e-06, 2e-06, -6e-06, -7e-05, -0.000154, 0.000513, -3e-06, 1e-06, -2e-06, -4e-06, -3e-06, -0.0, 7e-06, 0.000225, -5e-06, -1e-06, 6e-06, -0.000376, -7e-05, 0.000476, 1e-06, 1e-06, -9e-06, -5e-06, -2e-06, 0.103919, 0.097912, 0.256127, -0.033884, -0.040641, -0.556688, -0.524342, -0.017704, -0.048636, -0.007002, 0.254313, 0.239444, 0.207306, 0.114184, -0.027543, 0.035849, 0.061685, 0.050825, 0.002095, 0.031381, -0.019071, -0.073864, -0.000658, 0.011656, -0.013955, -0.009991, -0.027066, 0.015625, 0.009378, -0.002986, 0.000459, 0.01202, -0.000216, -0.000239, 0.000207, 0.089012, 0.247115, -0.058829, -0.045788, 0.013668, 0.045604, 0.177485, -0.034132, -0.001124, 0.023211, 9e-06, 0.000729, 1e-06, -3e-06, 6e-06, 0.0, 0.000117, -0.0, -0.0, 0.0], [0.0, -0.0, 0.0, 0.0, 0.531899, 0.0, 0.0, 1.0, 0.0, 0.0, 0.0, 0.0, 0.0, 0.0, 0.04053, 0.206194, 0.216375, -0.048097, 0.138114, 0.127154, -0.082851, 0.435121, 0.219033, 0.007899, -0.030103, -0.029874, -0.08136, 0.079582, 0.014137, 0.127188, 0.246901, 0.006122, -0.066197, 0.08553, 0.021071, -0.167019, 0.294391, -0.026941, -0.003515, 0.004427, -0.014873, -0.049105, -0.000228, 0.003277, 0.019157, -0.00071, -0.001929, 0.00237, -0.009362, -0.023666, 0.031256, -0.001244, 0.00072, -0.000883, -0.000529, -0.002405, 0.000235, 0.005926, 0.035069, -0.003665, -0.002332, 0.004455, -0.043268, -0.020279, 0.052592, 0.000128, 0.00172, -0.003194, -0.001477, -0.00209, 0.006529, 0.059376, 0.11662, -0.046641, 0.00754, 0.031737, -0.162651, 0.085778, 0.110674, 0.021285, -0.004984, -0.026839, -0.015686, 0.003391, 2e-06, 0.000157, 0.002963, -8.8e-05, -1.1e-05, 0.000137, -0.003689, 0.000346, 0.005714, -5e-06, 9e-06, -9.3e-05, -7.5e-05, -1.4e-05, -0.0, 6e-06, 0.000226, 2e-06, 1e-06, -5e-06, -0.000154, -3.8e-05, 0.000462, -2e-06, 0.0, -3e-06, -4e-06, -1e-06, -0.0, 1e-06, 3.7e-05, -1e-06, 0.0, 1e-06, -7e-05, 3.8e-05, 7.9e-05, 0.0, -0.0, -2e-06, -1e-06, 1e-06, 0.355609, 0.335054, -0.033884, 0.150079, -0.139073, -0.095349, -0.089809, -0.048636, 0.257921, -0.001199, -0.490424, -0.461749, 0.114184, 0.046321, 0.053114, -0.017454, -0.030033, 0.002095, 0.054108, -0.015279, 0.031809, 0.123198, 0.011656, -0.013111, 0.023276, 0.105504, 0.285832, 0.009378, -0.082518, 0.031534, 0.00044, 0.011503, -0.000239, -0.000195, 0.000198, 0.054855, 0.15229, -0.045788, -0.012748, 0.008423, 0.001269, 0.00494, -0.001124, 0.006217, 0.000646, 2.4e-05, 0.001809, -3e-06, -5e-06, 1.5e-05, 0.0, 7.1e-05, -0.0, -0.0, 0.0], [0.0, 0.0, -0.0, 0.0, 0.0, 0.531899, 0.0, 0.0, 1.0, 0.0, 0.0, 0.0, 0.0, 0.0, -0.093586, -0.476118, -0.499626, 0.11106, 0.127154, -0.100427, 0.19131, 0.219033, 0.024215, -0.01824, -0.029874, 0.025942, -0.039703, 0.029701, -0.012541, -0.112825, -0.219021, -0.005431, 0.08553, -0.045651, -0.018692, 0.294391, -0.096301, 0.023899, 0.004427, -0.002451, -0.028052, 0.038606, 0.000235, -0.003376, -0.019735, 0.000731, 0.00237, -0.00207, 0.009644, 0.031256, -0.025524, 0.001282, -0.000883, 0.000773, -0.00037, 0.002505, -0.000308, -0.007764, -0.045945, 0.004801, 0.004455, -0.004768, 0.056686, 0.052592, -0.04904, -0.000168, -0.003194, 0.003466, 0.000188, 0.003216, -0.009577, -0.087102, -0.171076, 0.068421, 0.031737, -0.017381, 0.2386, 0.110674, -0.001131, -0.031224, -0.026839, 0.016092, -0.00867, 0.007464, -7e-06, -0.000485, -0.009158, 0.000273, 0.000137, -0.000389, 0.011401, 0.005714, -0.015467, 1.6e-05, -9.3e-05, 0.000266, 0.000166, 0.000133, 0.0, -1.8e-05, -0.000751, -6e-06, -5e-06, 1.6e-05, 0.000513, 0.000462, -0.001438, 7e-06, -3e-06, 9e-06, 1.2e-05, 8e-06, 0.0, -8e-06, -0.000252, 6e-06, 1e-06, -6e-06, 0.000476, 7.9e-05, -0.000484, -2e-06, -2e-06, 1e-05, 5e-06, 2e-06, 0.426523, 0.40187, -0.040641, -0.139073, 0.099223, -0.013727, -0.01293, -0.007002, -0.001199, 0.266078, 0.118296, 0.11138, -0.027543, 0.053114, 0.253705, -0.261448, -0.449868, 0.031381, -0.015279, -0.173732, -0.038083, -0.147496, -0.013955, 0.023276, -0.021536, -0.033595, -0.091016, -0.002986, 0.031534, 0.006472, -0.00038, -0.009954, 0.000207, 0.000198, -0.000137, -0.016375, -0.04546, 0.013668, 0.008423, 0.012955, -0.026213, -0.10202, 0.023211, 0.000646, -0.007093, -5.4e-05, -0.00414, 6e-06, 1.5e-05, -3.4e-05, -1e-06, -0.000366, 0.0, 0.0, -0.0], [-0.0, 0.0, -0.0, 0.0, 0.0, 0.0, 0.0, 0.0, 0.0, 1.0, 0.0, 0.0, 0.0, 0.0, -0.006206, -0.057658, -0.023407, 0.081785, 0.022182, -0.051221, 0.067648, -0.007899, 0.01824, -0.008633, -0.055256, 0.127589, 0.010677, 0.011383, -1e-06, -0.003995, -0.017435, -0.000315, 0.003414, -0.003028, -0.004267, 0.026941, -0.023899, 0.001897, 0.000317, -0.000281, -0.000379, 0.003152, 0.0, -0.0, -0.00012, 0.0, 0.0, -0.0, 0.000109, 0.000257, -0.000265, 0.0, -0.0, 0.0, 0.0, 0.0, 0.0, -1e-06, -0.000171, 0.0, 0.0, -0.0, 0.001106, -0.000128, 0.000168, -0.0, -0.0, 0.0, 0.0, 0.0, 1e-06, 0.002966, 0.013546, -0.002008, -0.001608, 0.00236, -0.005567, -0.021285, 0.031224, 0.00015, 0.001402, -0.002057, -0.000547, -0.001393, 0.0, -0.0, -1.8e-05, 0.0, 0.0, -0.0, 4.7e-05, 5e-06, -1.6e-05, 0.0, 0.0, 0.0, 0.0, 0.0, 0.0, 0.0, -0.0, 0.0, 0.0, 0.0, 0.0, 0.0, -0.0, 0.0, 0.0, 0.0, 0.0, 0.0, 0.0, 0.0, 0.0, 0.0, 0.0, 0.0, -0.0, -0.0, 0.0, 0.0, 0.0, 0.0, 0.0, 0.0, -0.134952, -0.022068, 0.125275, 0.065582, 0.07866, 0.287527, 0.046941, 0.242479, 0.13907, 0.020022, -0.059, -0.009613, 0.232102, 0.055199, -0.013315, -0.012506, -0.024447, 0.003119, -0.000967, -0.014484, -0.000131, -0.005374, -1.7e-05, 2e-05, -2.4e-05, -0.001366, -0.014633, -8.8e-05, 0.000703, -0.000224, 0.0, 4e-05, 0.0, 0.0, 0.0, 0.001385, 0.016258, -0.000555, -0.000446, 0.000133, 0.00026, 0.01089, -5.7e-05, -2e-06, 3.9e-05, 0.0, -2.7e-05, 0.0, 0.0, 0.0, 0.0, -0.0, 0.0, 0.0, 0.0], [0.0, 0.0, 0.0, -0.0, 0.0, -0.0, 0.0, 0.0, 0.0, 0.0, 1.0, 0.0, 0.0, 0.0, 0.003907, 0.036298, 0.014736, 0.01596, 0.007073, 0.066869, 0.037977, 0.030103, 0.029874, -0.055256, 0.000636, 0.022131, -0.089164, 0.004226, -0.0, -0.000494, -0.002156, 0.00086, 0.000429, -0.000431, 0.022932, 0.003515, -0.004427, 0.000317, -0.000723, 0.000708, -7e-06, 0.000448, 0.0, 0.0, 6.9e-05, -0.0, -0.0, 0.0, 5e-06, -0.000148, 0.00017, -0.0, 0.0, -0.0, -0.0, -0.0, 0.0, 5e-06, 0.001625, -1e-06, -1e-06, 1e-06, -0.001961, -0.00172, 0.003194, -0.0, 0.0, -0.0, -0.0, -0.0, 1e-06, 0.003606, 0.016466, -0.003233, -0.000839, 0.002466, -0.028645, 0.004984, 0.026839, 0.001402, 0.001062, -0.002631, -0.000897, -0.000792, 0.0, 0.0, 4.9e-05, -0.0, -0.0, 0.0, -4.9e-05, -9e-06, 9.3e-05, 0.0, 0.0, 0.0, 0.0, 0.0, 0.0, 0.0, 0.0, 0.0, 0.0, 0.0, -0.0, -0.0, 0.0, 0.0, 0.0, 0.0, 0.0, 0.0, 0.0, 0.0, 0.0, 0.0, 0.0, 0.0, -0.0, 0.0, 0.0, 0.0, 0.0, 0.0, 0.0, 0.0, 0.06024, 0.009851, 0.185296, -0.02204, -0.099915, 0.086595, 0.014137, 0.131054, -0.296693, 0.00462, -0.203667, -0.033185, -0.089088, -0.237466, 0.09359, -0.00041, -0.000802, -0.000241, 0.000616, -0.000565, -0.000158, -0.006511, -1.2e-05, 2.5e-05, -3.3e-05, -0.000414, -0.00443, 0.000111, 0.000224, -7.5e-05, 0.0, 0.000333, 0.0, 0.0, 0.0, 0.001864, 0.021879, -0.000839, -0.000457, 0.000165, 1.5e-05, 0.000629, -4e-06, 7e-06, 2e-06, 0.0, 6e-06, 0.0, 0.0, 0.0, 0.0, 0.0, 0.0, 0.0, 0.0], [-0.0, 0.0, 0.0, -0.0, -0.0, 0.0, 0.0, 0.0, 0.0, 0.0, 0.0, 1.0, 0.0, 0.0, -0.009022, -0.083816, -0.034026, -0.036852, 0.066869, -0.118374, -0.087692, 0.029874, -0.025942, 0.127589, 0.022131, -0.040882, 0.07004, 0.117667, 0.0, 0.000438, 0.001912, -0.000763, -0.000431, 0.000326, -0.020342, -0.004427, 0.002451, -0.000281, 0.000708, -0.000553, 0.0001, -0.000386, 0.0, -0.0, -7.1e-05, 0.0, 0.0, -0.0, -6e-06, 0.00017, -0.000158, 0.0, -0.0, 0.0, -0.0, 0.0, 0.0, -7e-06, -0.002129, 1e-06, 1e-06, -2e-06, 0.00257, 0.003194, -0.003466, 0.0, -0.0, 0.0, 0.0, 0.0, -1e-06, -0.00529, -0.024155, 0.004743, 0.002466, -0.002775, 0.04202, 0.026839, -0.016092, -0.002057, -0.002631, 0.003128, 0.000225, 0.00159, 0.0, -0.0, -0.000151, 0.0, 0.0, -0.0, 0.000152, 9.3e-05, -0.000266, 0.0, 0.0, 0.0, 0.0, 0.0, 0.0, 0.0, -0.0, 0.0, 0.0, 0.0, 0.0, 0.0, -1e-06, 0.0, 0.0, 0.0, 0.0, 0.0, 0.0, 0.0, -0.0, 0.0, 0.0, 0.0, 0.0, 0.0, -0.0, 0.0, 0.0, 0.0, 0.0, 0.0, 0.072253, 0.011815, 0.222248, -0.099915, -0.058577, 0.012467, 0.002035, 0.018868, 0.00462, -0.32812, 0.049127, 0.008005, 0.021489, 0.09359, 0.127955, -0.006144, -0.01201, -0.003607, -0.000565, -0.007814, 0.000189, 0.007795, 1.4e-05, -3.3e-05, 3.7e-05, 0.000132, 0.001411, -3.5e-05, -7.5e-05, 1.1e-05, -0.0, -0.000288, 0.0, 0.0, 0.0, -0.000556, -0.006531, 0.00025, 0.000165, 4.8e-05, -0.00031, -0.012994, 7.4e-05, 2e-06, -3.8e-05, 0.0, -1.5e-05, 0.0, 0.0, 0.0, 0.0, -1e-06, 0.0, 0.0, 0.0], [-0.0, -0.0, -0.0, -0.0, -0.0, 0.0, 0.0, 0.0, 0.0, 0.0, 0.0, 0.0, 1.0, 0.0, -0.009689, -0.090012, -0.036542, 0.062724, 0.113067, -0.070563, 0.028022, 0.08136, 0.039703, 0.010677, -0.089164, 0.07004, -0.029171, 0.157956, 0.0, 0.000829, 0.003617, 5.2e-05, 7.6e-05, 0.001514, 0.000532, 0.014873, 0.028052, -0.000379, -7e-06, 0.0001, -0.001311, -0.000831, 0.0, -0.0, -7e-06, 0.0, 0.0, 0.0, 5e-06, 7.3e-05, 4.1e-05, 0.0, -0.0, -0.0, -0.0, 0.0, 0.0, -2e-06, -0.00054, 0.0, 0.0, -0.0, 0.000873, 0.001477, -0.000188, 0.0, -0.0, 0.0, -0.0, 0.0, -0.0, -0.000963, -0.004399, 0.000968, 0.00084, -8.6e-05, 0.010538, 0.015686, 0.00867, -0.000547, -0.000897, 0.000225, -0.000333, 0.000357, 0.0, -0.0, -0.000105, 0.0, 0.0, -0.0, 0.000128, 7.5e-05, -0.000166, 0.0, 0.0, 0.0, 0.0, 0.0, 0.0, 0.0, -1e-06, 0.0, 0.0, 0.0, 0.0, 0.0, -1e-06, 0.0, 0.0, 0.0, 0.0, 0.0, 0.0, 0.0, -0.0, 0.0, 0.0, 0.0, 0.0, 0.0, -0.0, 0.0, 0.0, 0.0, 0.0, 0.0, -0.045207, -0.007392, 0.018268, 0.272154, -0.176465, 0.007262, 0.001186, 0.015714, -0.053623, 0.008495, 0.184952, 0.030136, -0.182711, 0.062058, -0.155011, -0.022304, -0.0436, 0.004215, -0.002371, -0.025973, -5.7e-05, -0.002353, -6e-06, 1.5e-05, -6e-06, 0.001963, 0.02102, 0.000106, -0.000987, 0.000399, 0.0, 4e-05, 0.0, 0.0, 0.0, 0.000523, 0.006141, -0.000252, -9.5e-05, 6.4e-05, -8.9e-05, -0.003726, 2.2e-05, 1e-06, -9e-06, 0.0, -3.3e-05, 0.0, 0.0, 0.0, 0.0, -1e-06, 0.0, 0.0, 0.0], [0.0, 0.0, 0.0, -0.0, -0.0, -0.0, 0.0, 0.0, 0.0, 0.0, 0.0, 0.0, 0.0, 1.0, -0.010329, -0.095961, -0.038957, 0.066869, -0.018699, -0.135528, 0.029874, -0.079582, -0.029701, 0.011383, 0.004226, 0.117667, 0.157956, -0.008937, -2e-06, -0.006901, -0.030118, -0.000431, 0.005996, -0.005129, -0.004427, 0.049105, -0.038606, 0.003152, 0.000448, -0.000386, -0.000831, 0.00551, 0.0, -0.0, -0.000229, 0.0, 0.0, -0.0, 0.00017, 0.000494, -0.000513, 0.0, -0.0, 0.0, 0.0, 0.0, 0.0, -6e-06, -0.001975, 1e-06, 1e-06, -1e-06, 0.003194, 0.00209, -0.003216, 0.0, -0.0, 0.0, 0.0, 0.0, -1e-06, -0.002454, -0.011204, 0.002466, 0.000571, -0.001287, 0.026839, -0.003391, -0.007464, -0.001393, -0.000792, 0.00159, 0.000357, 0.000437, 0.0, -0.0, -7.6e-05, 0.0, 0.0, -0.0, 9.3e-05, 1.4e-05, -0.000133, 0.0, 0.0, 0.0, 0.0, 0.0, 0.0, 0.0, -0.0, 0.0, 0.0, 0.0, 0.0, 0.0, -0.0, 0.0, 0.0, 0.0, 0.0, 0.0, 0.0, 0.0, -0.0, 0.0, 0.0, 0.0, 0.0, -0.0, -0.0, 0.0, 0.0, 0.0, 0.0, 0.0, 0.24725, 0.040432, -0.099915, -0.090461, -0.200448, 0.002135, 0.000349, 0.00462, -0.007316, -0.0562, -0.094738, -0.015436, 0.09359, -0.11046, -0.246752, 0.002991, 0.005847, -0.000565, -0.004493, 0.003805, -0.000316, -0.013001, -3.3e-05, 4.9e-05, -6.1e-05, -0.001391, -0.014897, -7.5e-05, 0.000752, -0.00012, -0.0, -0.000275, 0.0, 0.0, 0.0, -0.000343, -0.004025, 0.000165, 8.4e-05, 3e-05, -9e-06, -0.000362, 2e-06, -4e-06, -1e-06, 0.0, -3.6e-05, 0.0, 0.0, 0.0, 0.0, -0.0, 0.0, 0.0, 0.0], [0.0, 0.014829, 0.052597, 0.006295, 0.007207, -0.016642, 0.0354, 0.04053, -0.093586, -0.006206, 0.003907, -0.009022, -0.009689, -0.010329, 1.0, 0.325565, 0.151774, -0.0, -0.0, -0.0, -0.0, -0.0, -0.0, -0.0, -0.0, 0.0, -0.0, -0.0, 0.0, 0.014389, 0.052055, 0.007524, -0.016301, 0.004612, 0.043504, -0.094258, 0.02667, -0.004427, -0.010823, 0.003062, 0.010786, -0.006635, 0.0, 1e-06, 0.001821, -0.0, -0.0, 0.0, -0.0007, -0.004848, 0.003192, -0.0, 0.0, -0.0, 0.0, -0.0, 0.0, 0.000163, 0.011108, -5.2e-05, -4.4e-05, 3.9e-05, -0.018304, -0.015718, 0.013941, 2e-06, 8e-06, -7e-06, 1e-06, -6e-06, 0.0, 0.014106, 0.051701, -0.017623, -0.004162, 0.000424, -0.103792, -0.024511, 0.002499, 0.015628, 0.006578, -0.000671, 0.000769, -0.000158, 0.0, 0.0, 0.001161, -0.0, -0.0, 0.0, -0.001671, -0.000566, 0.002126, 0.0, 0.0, -0.0, -0.0, -0.0, 0.0, 0.0, 1.6e-05, 0.0, 0.0, 0.0, -7e-06, -6e-06, 2.3e-05, 0.0, 0.0, 0.0, 0.0, 0.0, 0.0, 0.0, 0.0, 0.0, 0.0, 0.0, -1e-06, -0.0, 1e-06, 0.0, 0.0, 0.0, 0.0, 0.0, 0.000298, 0.019385, 5e-06, -2e-06, -3.3e-05, 0.000289, 0.0192, 2.3e-05, 1.1e-05, -1.9e-05, 0.000298, 0.01938, 0.0, 2.3e-05, -2.3e-05, 0.049338, 0.086514, 0.015311, 0.052518, 0.059213, 0.000235, 0.01806, 1.6e-05, -1.3e-05, 9e-06, 0.000287, 0.019161, 1.1e-05, -2.8e-05, -7e-06, 0.0, 0.001363, -0.0, -0.0, 0.0, 0.000302, 0.019452, -2.8e-05, -1.3e-05, -1.4e-05, 0.00022, 0.017716, -2e-05, 5e-06, 2e-06, 0.0, 0.000391, 0.0, 0.0, 0.0, 0.0, 1.3e-05, 0.0, 0.0, 0.0], [0.014829, 0.187585, 0.351161, 0.070024, 0.080171, -0.185121, 0.180096, 0.206194, -0.476118, -0.057658, 0.036298, -0.083816, -0.090012, -0.095961, 0.325565, 1.0, 0.798485, 0.0, -0.0, -0.0, 0.0, 0.0, 0.0, 0.0, 0.0, 0.0, -0.0, 0.0, 0.014389, 0.184543, 0.348354, 0.085411, -0.185054, 0.05236, 0.221998, -0.48099, 0.136093, -0.042534, -0.103981, 0.029421, 0.103627, -0.063744, -9.3e-05, 0.004036, 0.041199, -0.000563, -0.003904, 0.00257, -0.011974, -0.082965, 0.05462, -0.003122, 0.001121, -0.000738, 0.002201, -0.005116, 0.000163, 0.016089, 0.105178, -0.012225, -0.010499, 0.009311, -0.146762, -0.126034, 0.11178, 0.002355, 0.010266, -0.009105, 0.000941, -0.007819, 0.014106, 0.182563, 0.346515, -0.202766, -0.047883, 0.004882, -0.530701, -0.125326, 0.012778, 0.153504, 0.064607, -0.006587, 0.007549, -0.001556, 0.0, 0.000454, 0.018251, -0.000246, -8.3e-05, 0.000313, -0.025917, -0.008771, 0.032977, 1.3e-05, 5.5e-05, -0.000208, -0.000123, -7.1e-05, -0.0, 4e-06, 0.001122, 1e-06, 1e-06, -2e-06, -0.00072, -0.00057, 0.002273, -1e-06, 0.0, -1e-06, -2e-06, -1e-06, -0.0, 0.0, 0.00015, -0.0, -0.0, 0.0, -0.000349, -1e-06, 0.000302, 0.0, 0.0, -0.0, -0.0, -0.0, 0.023519, 0.159975, 0.003375, -0.001321, -0.024287, 0.023117, 0.158774, 0.017459, 0.008376, -0.014329, 0.023509, 0.159945, 8.9e-05, 0.017189, -0.01752, 0.364945, 0.519209, 0.068335, 0.234402, 0.264281, 0.020706, 0.151306, 0.015392, -0.012117, 0.008373, 0.023032, 0.158519, 0.008172, -0.021852, -0.00559, 0.000206, 0.019787, -6.6e-05, -6.1e-05, 2.9e-05, 0.023667, 0.160412, -0.020372, -0.009543, -0.010263, 0.020001, 0.149031, -0.019882, 0.004601, 0.001881, 2.2e-05, 0.007408, -1e-06, -3e-06, 6e-06, 0.0, 0.000491, -0.0, -0.0, 0.0], [0.052597, 0.351161, 0.580229, 0.066093, 0.075671, -0.174729, 0.188988, 0.216375, -0.499626, -0.023407, 0.014736, -0.034026, -0.036542, -0.038957, 0.151774, 0.798485, 1.0, 0.0, 0.0, 0.0, 0.0, -0.0, 0.0, -0.0, 0.0, 0.0, -0.0, 0.0, 0.052055, 0.348354, 0.577152, 0.081493, -0.176566, 0.049958, 0.233722, -0.50639, 0.14328, -0.017486, -0.042749, 0.012095, 0.042603, -0.026207, -0.00724, 0.059328, 0.160801, -0.004708, -0.03262, 0.021476, -0.027324, -0.189329, 0.124646, -0.011, 0.003951, -0.002601, 0.007756, -0.018026, 0.011108, 0.105178, 0.26101, -0.056232, -0.04829, 0.042829, -0.251596, -0.216061, 0.191625, 0.00636, 0.027726, -0.02459, 0.002541, -0.021117, 0.051701, 0.346515, 0.57513, -0.194849, -0.046014, 0.004692, -0.559933, -0.132229, 0.013482, 0.063636, 0.026783, -0.002731, 0.00313, -0.000645, 0.001161, 0.018251, 0.081777, -0.010632, -0.003598, 0.013528, -0.090645, -0.030677, 0.115335, 0.000534, 0.002349, -0.008833, -0.005222, -0.002989, -0.000147, 0.002529, 0.017379, 0.000692, 0.000548, -0.002186, -0.009748, -0.007712, 0.030777, -0.000725, 0.000231, -0.000923, -0.001366, -0.00073, -7e-05, 0.001032, 0.007164, -0.000737, -2e-06, 0.000638, -0.011811, -2.6e-05, 0.010224, 0.000328, 2e-06, -0.000787, -0.000341, -2e-06, 0.123611, 0.344127, 0.012327, -0.004825, -0.088714, 0.122591, 0.342383, 0.064577, 0.030979, -0.052997, 0.123586, 0.344085, 0.000324, 0.062807, -0.064015, 0.452676, 0.761418, 0.035406, 0.121447, 0.136928, 0.116265, 0.331435, 0.061667, -0.048548, 0.033545, 0.122374, 0.342011, 0.030306, -0.081041, -0.020731, 0.012507, 0.084029, -0.007778, -0.007129, 0.003402, 0.123983, 0.344762, -0.074077, -0.034702, -0.037319, 0.114344, 0.328064, -0.081684, 0.018905, 0.00773, 0.00428, 0.043311, -0.00034, -0.001533, 0.003495, 0.000224, 0.006947, -5.3e-05, -2.1e-05, 0.000176], [-0.006295, -0.070024, -0.066093, 0.032124, -0.040621, 0.093796, 0.151171, -0.048097, 0.11106, 0.081785, 0.01596, -0.036852, 0.062724, 0.066869, -0.0, 0.0, 0.0, 1.0, -0.0, 0.0, 0.531899, -0.0, 0.0, 0.0, -0.0, 0.0, -0.0, -0.0, -0.007524, -0.085411, -0.081493, 0.012458, 0.11603, -0.03283, 0.126932, 0.139422, -0.039449, 0.086936, -0.004947, 0.0014, -0.089185, 0.054861, -5e-06, 0.000483, 0.005444, 0.000281, -0.000515, 0.000339, 0.015186, -0.012713, 0.00837, -0.000632, -0.000641, 0.000422, 0.00035, -0.000812, 5.2e-05, 0.012225, 0.056232, -0.008356, -0.009013, 0.007994, -0.050288, -0.080916, 0.071764, -3.4e-05, 0.008196, -0.007269, 0.000908, -0.00755, 0.017623, 0.202766, 0.194849, -0.239731, -0.071958, 0.007337, -0.179671, -0.087307, 0.008902, 0.197399, 0.108793, -0.011093, 0.015552, -0.003205, 0.0, 0.000246, 0.010632, -0.000109, -4.2e-05, 0.000159, -0.012247, -0.00589, 0.022145, -4e-06, 2.2e-05, -8.1e-05, -5.4e-05, -3.1e-05, -0.0, 0.0, 0.000344, 0.0, 0.0, -0.0, -7e-05, -0.000188, 0.000749, -0.0, 0.0, -0.0, -0.0, -0.0, 0.0, 0.0, 0.000105, -0.0, -0.0, 0.0, -0.000239, -1e-06, 0.000226, 0.0, 0.0, -0.0, -0.0, -0.0, -0.003824, -0.015914, 0.002394, 0.000246, 0.004528, -0.019811, -0.083443, -0.01418, -0.008215, 0.014053, -0.000101, -0.000419, 0.00302, -8.4e-05, 8.6e-05, -0.073913, -0.039631, 0.178841, -0.075142, -0.08472, -0.017612, -0.080154, -0.012326, 0.011663, -0.008059, -0.009275, -0.039168, -0.000837, 0.010068, 0.002575, 0.000119, 0.013024, -2.4e-05, -2.4e-05, 1.2e-05, 0.023076, 0.095598, -0.019735, -0.010675, -0.01148, 0.02281, 0.10637, -0.023208, 0.005917, 0.00242, 1e-06, 0.000645, 0.0, -0.0, 0.0, 0.0, 0.000144, -0.0, -0.0, 0.0], [-0.007207, -0.080171, -0.075671, -0.040621, 0.021096, 0.107389, -0.048097, 0.138114, 0.127154, 0.022182, 0.007073, 0.066869, 0.113067, -0.018699, -0.0, -0.0, 0.0, -0.0, 1.0, -0.0, -0.0, 0.531899, -0.0, 0.0, 0.0, -0.0, -0.0, 0.0, 0.016301, 0.185054, 0.176566, 0.11603, -0.185384, 0.071131, 0.139422, -0.110796, 0.085471, -0.024789, -0.150305, 0.054861, 0.098794, -0.092143, -3.3e-05, 0.003347, 0.037719, -0.000515, -0.003215, 0.002351, -0.012713, -0.071068, 0.057994, -0.002962, 0.001116, -0.000812, 0.001603, -0.00509, 4.4e-05, 0.010499, 0.04829, -0.009013, -0.005601, 0.006865, -0.080916, -0.025552, 0.061628, 0.002944, 0.006514, -0.00755, -0.000937, -0.004961, 0.004162, 0.047883, 0.046014, -0.071958, 0.047989, 0.001733, -0.087307, 0.169421, 0.002102, 0.088709, -0.07148, -0.003205, -0.02063, 0.001721, 0.0, 8.3e-05, 0.003598, -4.2e-05, 2e-06, 5.4e-05, -0.00589, 0.003164, 0.007495, 3e-06, 0.0, -3.1e-05, -2.1e-05, -0.0, -0.0, 0.0, 0.000272, 0.0, 0.0, -0.0, -0.000188, 1.9e-05, 0.000592, -0.0, 0.0, -0.0, -0.0, -0.0, 0.0, 0.0, 0.0, -0.0, 0.0, 0.0, -1e-06, 2.2e-05, 0.0, 0.0, -0.0, -0.0, -0.0, 0.0, 0.001497, 0.006229, 0.000246, 0.002926, -0.001772, -0.009504, -0.04003, -0.008215, -0.000997, 0.006742, -0.01948, -0.081083, -8.4e-05, -0.013308, 0.016643, -0.253536, -0.13594, -0.075142, -0.057001, -0.290604, 0.013865, 0.063102, 0.011663, -0.006693, 0.006345, 0.024803, 0.104738, 0.010068, -0.023994, -0.006887, 0.000109, 0.011937, -2.4e-05, -2e-05, 1.1e-05, 0.01081, 0.044784, -0.010675, -0.001949, -0.005378, -0.005279, -0.024618, 0.005917, 0.000991, -0.00056, 6e-06, 0.002908, -0.0, -0.0, 1e-06, 0.0, 5.7e-05, -0.0, 0.0, 0.0], [0.016642, 0.185121, 0.174729, 0.093796, 0.107389, -0.180365, 0.11106, 0.127154, -0.100427, -0.051221, 0.066869, -0.118374, -0.070563, -0.135528, -0.0, -0.0, 0.0, 0.0, -0.0, 1.0, 0.0, -0.0, 0.531899, -0.0, -0.0, 0.0, -0.0, -0.0, -0.004612, -0.05236, -0.049958, -0.03283, 0.071131, 0.045885, -0.039449, 0.085471, 0.167098, 0.007014, 0.054861, 0.028064, -0.081394, -0.060805, 2.1e-05, -0.002204, -0.024833, 0.000339, 0.002351, -0.001192, 0.00837, 0.057994, -0.02116, 0.00195, -0.000812, 0.000417, -0.002134, 0.002887, -3.9e-05, -0.009311, -0.042829, 0.007994, 0.006865, -0.003949, 0.071764, 0.061628, -0.010723, -0.002611, -0.00755, 0.004697, -0.002214, 0.004034, -0.000424, -0.004882, -0.004692, 0.007337, 0.001733, 0.064805, 0.008902, 0.002102, 0.189825, -0.009045, -0.003205, -0.102584, -0.002852, -0.024225, -0.0, -0.000313, -0.013528, 0.000159, 5.4e-05, -0.000187, 0.022145, 0.007495, -0.023019, -1.3e-05, -3.1e-05, 0.000108, 5.8e-05, 3.6e-05, 0.0, -1e-06, -0.001085, -0.0, -0.0, 1e-06, 0.000749, 0.000592, -0.002197, 0.0, -0.0, 0.0, 0.0, 0.0, 0.0, -0.0, -9.1e-05, 0.0, 0.0, -0.0, 0.000226, 0.0, -0.000173, -0.0, -0.0, 0.0, 0.0, 0.0, 0.027523, 0.114525, 0.004528, -0.001772, -0.029561, 0.016259, 0.06848, 0.014053, 0.006742, -0.008589, 0.019855, 0.082642, 8.6e-05, 0.016643, -0.013942, -0.285855, -0.153268, -0.08472, -0.290604, -0.126901, -0.00958, -0.043602, -0.008059, 0.006345, -0.001895, 0.006345, 0.026793, 0.002575, -0.006887, 0.001166, -5.2e-05, -0.005696, 1.2e-05, 1.1e-05, -3e-06, 0.011625, 0.04816, -0.01148, -0.005378, -0.002732, -0.002159, -0.010066, 0.00242, -0.00056, 0.002132, -1.3e-05, -0.00663, 0.0, 1e-06, -2e-06, -0.0, -0.000473, 0.0, 0.0, -0.0], [-0.0354, -0.180096, -0.188988, 0.151171, -0.048097, 0.11106, 0.457614, -0.082851, 0.19131, 0.067648, 0.037977, -0.087692, 0.028022, 0.029874, -0.0, 0.0, 0.0, 0.531899, -0.0, 0.0, 1.0, 0.0, 0.0, 0.0, 0.0, 0.0, 0.0, 0.0, -0.043504, -0.221998, -0.233722, 0.126932, 0.139422, -0.039449, 0.415442, 0.241059, -0.068206, 0.077832, -0.074064, 0.020956, -0.040583, 0.024964, -0.002184, 0.01654, 0.036429, 0.018332, -0.010692, 0.007039, 0.11638, -0.048587, 0.031988, -0.007344, -0.017605, 0.01159, 0.002934, -0.006819, 0.018304, 0.146762, 0.251596, -0.050288, -0.080916, 0.071764, -0.073482, -0.24235, 0.214941, -0.020033, 0.030904, -0.027409, 0.00506, -0.042061, 0.103792, 0.530701, 0.559933, -0.179671, -0.087307, 0.008902, -0.116237, -0.151323, 0.015429, -0.000452, 0.031423, -0.003204, 0.007163, -0.001476, 0.001671, 0.025917, 0.090645, -0.012247, -0.00589, 0.022145, -0.061284, -0.038986, 0.146572, -0.00322, 0.003211, -0.012073, -0.009894, -0.005664, -8.9e-05, 0.001707, 0.011163, 7.3e-05, 0.000414, -0.001651, 0.001638, -0.005579, 0.022265, -0.000865, 3.2e-05, -0.000129, -0.001172, -0.000627, -0.000104, 0.00172, 0.01237, -0.001214, -3e-06, 0.001189, -0.019088, -5e-05, 0.019633, 0.000442, 4e-06, -0.001484, -0.000726, -4e-06, -0.035368, -0.061797, 0.048612, 0.001694, 0.031152, -0.18522, -0.324899, -0.067324, -0.057433, 0.098252, -0.000931, -0.001627, 0.052924, -0.000581, 0.000592, -0.107298, -0.101158, 0.255034, -0.036258, -0.04088, -0.176523, -0.317478, -0.065699, 0.090337, -0.062421, -0.086919, -0.152594, 0.025869, 0.070628, 0.018067, 0.020772, 0.105791, -0.011937, -0.013712, 0.006543, 0.212558, 0.370872, -0.102733, -0.07302, -0.078525, 0.233679, 0.423588, -0.156474, 0.047332, 0.019354, 0.000885, 0.007399, 0.000708, -0.000356, 0.000812, 0.000131, 0.004241, -1.3e-05, -1.3e-05, 0.000106], [-0.04053, -0.206194, -0.216375, -0.048097, 0.138114, 0.127154, -0.082851, 0.435121, 0.219033, -0.007899, 0.030103, 0.029874, 0.08136, -0.079582, -0.0, 0.0, -0.0, -0.0, 0.531899, -0.0, 0.0, 1.0, 0.0, -0.0, 0.0, 0.0, 0.0, 0.0, 0.094258, 0.48099, 0.50639, 0.139422, -0.110796, 0.085471, 0.241059, 0.004415, 0.147778, 0.030181, -0.035251, 0.024964, -0.026857, -0.02161, -0.015133, 0.114608, 0.252418, -0.010692, -0.054211, 0.048775, -0.048587, -0.213267, 0.221642, -0.017806, 0.007601, -0.006819, 0.00123, -0.034673, 0.015718, 0.126034, 0.216061, -0.080916, -0.025552, 0.061628, -0.24235, 0.000606, 0.184583, 0.02492, 0.019104, -0.042061, -0.019975, -0.01455, 0.024511, 0.125326, 0.132229, -0.087307, 0.169421, 0.002102, -0.151323, 0.488815, 0.003644, 0.051647, -0.112053, -0.001476, -0.028189, 0.002698, 0.000566, 0.008771, 0.030677, -0.00589, 0.003164, 0.007495, -0.038986, 0.040717, 0.049605, 0.001059, -0.002159, -0.005664, -0.004589, 0.002747, -7.1e-05, 0.001351, 0.008832, 0.000414, -0.000123, -0.001306, -0.005579, 0.004276, 0.017616, -0.000397, -5.3e-05, -0.000627, -0.001094, 0.000168, -0.0, 4e-06, 2.7e-05, -3e-06, 0.00016, 3e-06, -5e-05, 0.003594, 4.3e-05, 2e-06, -0.000223, -4e-06, -2e-06, 0.000193, 0.013844, 0.024189, 0.001694, 0.052277, -0.012194, -0.088855, -0.155863, -0.057433, 0.024844, 0.047134, -0.180198, -0.314886, -0.000581, -0.059463, 0.114551, -0.36805, -0.34699, -0.036258, 0.141234, -0.140224, 0.138969, 0.249937, 0.090337, -0.022069, 0.049142, 0.232428, 0.408047, 0.070628, -0.136582, -0.048312, 0.019039, 0.096966, -0.013712, -0.009546, 0.005997, 0.099575, 0.17374, -0.07302, 0.018931, -0.036786, -0.054081, -0.098033, 0.047332, 0.037088, -0.004479, 0.003989, 0.033331, -0.000356, -0.000818, 0.003659, 5.3e-05, 0.001696, -1.3e-05, 1.4e-05, 4.2e-05], [0.093586, 0.476118, 0.499626, 0.11106, 0.127154, -0.100427, 0.19131, 0.219033, 0.024215, 0.01824, 0.029874, -0.025942, 0.039703, -0.029701, -0.0, 0.0, 0.0, 0.0, -0.0, 0.531899, 0.0, 0.0, 1.0, 0.0, 0.0, 0.0, 0.0, 0.0, -0.02667, -0.136093, -0.14328, -0.039449, 0.085471, 0.167098, -0.068206, 0.147778, 0.484888, -0.008539, 0.024964, 0.045915, -0.057357, -0.099482, 0.009963, -0.075453, -0.166181, 0.007039, 0.048775, -0.012236, 0.031988, 0.221642, -0.022527, 0.011723, -0.006819, 0.001733, -0.025959, 0.012006, -0.013941, -0.11178, -0.191625, 0.071764, 0.061628, -0.010723, 0.214941, 0.184583, 0.04502, -0.022102, -0.042061, 0.008984, -0.025424, 0.007715, -0.002499, -0.012778, -0.013482, 0.008902, 0.002102, 0.189825, 0.015429, 0.003644, 0.524179, -0.005266, -0.001476, -0.12638, -0.003219, -0.029845, -0.002126, -0.032977, -0.115335, 0.022145, 0.007495, -0.023019, 0.146572, 0.049605, -0.132585, -0.00398, -0.005664, 0.01763, 0.007925, 0.005967, 0.000282, -0.00539, -0.035247, -0.001651, -0.001306, 0.004763, 0.022265, 0.017616, -0.061611, 0.001583, -0.000627, 0.002292, 0.003038, 0.001813, 9e-05, -0.001489, -0.010708, 0.001189, 3e-06, -0.000869, 0.019633, 4.3e-05, -0.013401, -0.000717, -4e-06, 0.001229, 0.000435, 3e-06, 0.254527, 0.44473, 0.031152, -0.012194, -0.171245, 0.152006, 0.266637, 0.098252, 0.047134, -0.028236, 0.183663, 0.320941, 0.000592, 0.114551, -0.063827, -0.414966, -0.391222, -0.04088, -0.140224, 0.107506, -0.096025, -0.172701, -0.062421, 0.049142, 0.015094, 0.059456, 0.104381, 0.018067, -0.048312, 0.039923, -0.009085, -0.046268, 0.006543, 0.005997, 0.000161, 0.107083, 0.186838, -0.078525, -0.036786, 0.013579, -0.022114, -0.040085, 0.019354, -0.004479, 0.046211, -0.009096, -0.076005, 0.000812, 0.003659, -0.007557, -0.000432, -0.013961, 0.000106, 4.2e-05, -0.00033], [-0.006206, -0.057658, -0.023407, -0.081785, -0.022182, 0.051221, -0.067648, 0.007899, -0.01824, -0.008633, -0.055256, 0.127589, 0.010677, 0.011383, -0.0, 0.0, -0.0, 0.0, 0.0, -0.0, 0.0, -0.0, 0.0, 1.0, 0.0, 0.0, 0.0, 0.0, -0.004427, -0.042534, -0.017486, -0.086936, 0.024789, -0.007014, -0.077832, -0.030181, 0.008539, -0.048115, 0.129904, -0.036756, 0.014439, -0.008882, 2e-06, -0.001346, -0.016682, 0.000262, 0.001311, -0.000863, 0.009627, 0.03316, -0.021831, 0.00133, -0.000662, 0.000436, -0.000919, 0.002137, 2e-06, 0.002355, 0.00636, 3.4e-05, -0.002944, 0.002611, 0.020033, -0.02492, 0.022102, -0.002616, 0.001355, -0.001202, 0.000387, -0.003217, 0.015628, 0.153504, 0.063636, -0.197399, -0.088709, 0.009045, 0.000452, -0.051647, 0.005266, 0.178396, 0.15501, -0.015805, 0.028522, -0.005877, 0.0, 1.3e-05, 0.000534, 4e-06, -3e-06, 1.3e-05, 0.00322, -0.001059, 0.00398, -4e-06, 0.0, -1e-06, -4e-06, -2e-06, 0.0, -0.0, -0.00032, -0.0, -0.0, 0.0, 0.00031, 0.00016, -0.00064, 0.0, -0.0, 0.0, 0.0, 0.0, 0.0, 0.0, 3.3e-05, -0.0, -0.0, 0.0, -6.6e-05, -0.0, 8.4e-05, 0.0, 0.0, -0.0, -0.0, -0.0, -0.011616, -0.024055, -0.00285, 0.000716, 0.013159, 0.006962, 0.014631, 0.003325, 0.004103, -0.00702, -0.012308, -0.025496, -7.8e-05, -0.009976, 0.010167, -0.133738, -0.021938, -0.128636, -0.066755, -0.075264, 0.006079, 0.01403, 0.002809, -0.005602, 0.003871, -0.00785, -0.016548, -0.005232, 0.007461, 0.001908, 2.3e-05, 0.002658, -2e-06, -3e-06, 1e-06, 0.012846, 0.026461, -0.010288, -0.007719, -0.008301, 0.018864, 0.044843, -0.019721, 0.005824, 0.002381, -3e-06, -0.002272, 0.0, 0.0, -0.0, -0.0, -0.000129, 0.0, 0.0, 0.0], [0.003907, 0.036298, 0.014736, -0.01596, -0.007073, -0.066869, -0.037977, -0.030103, -0.029874, -0.055256, 0.000636, 0.022131, -0.089164, 0.004226, -0.0, 0.0, 0.0, -0.0, 0.0, -0.0, 0.0, 0.0, 0.0, 0.0, 1.0, 0.0, 0.0, 0.0, -0.010823, -0.103981, -0.042749, 0.004947, 0.150305, -0.054861, 0.074064, 0.035251, -0.024964, 0.129904, 0.015575, -0.005457, -0.115863, 0.098964, -1e-06, 0.000484, 0.005992, 0.000215, -0.000489, 0.00035, 0.017068, -0.013133, 0.010486, -0.000662, -0.000517, 0.000368, 0.00031, -0.000905, 8e-06, 0.010266, 0.027726, -0.008196, -0.006514, 0.00755, -0.030904, -0.019104, 0.042061, 0.001355, 0.006996, -0.007674, -0.000733, -0.006205, 0.006578, 0.064607, 0.026783, -0.108793, 0.07148, 0.003205, -0.031423, 0.112053, 0.001476, 0.15501, -0.118171, -0.006688, -0.042348, 0.003372, 0.0, 5.5e-05, 0.002349, -2.2e-05, -0.0, 3.1e-05, -0.003211, 0.002159, 0.005664, 0.0, 1e-06, -1.1e-05, -8e-06, -1e-06, 0.0, 0.0, 0.000102, 0.0, 0.0, -0.0, -2.7e-05, 2e-06, 0.00024, -0.0, 0.0, -0.0, -0.0, -0.0, 0.0, 0.0, 0.0, -0.0,