{"HF": -424.05684848975, "coordinates": [[0.17136995, 1.551222762, -0.315889495], [0.089538245, 0.06010218, -0.067422665], [1.326012673, -0.80337542, -0.046380962], [0.542349783, -0.576824088, 1.22775516], [1.115645376, 0.235828882, 2.366741386], [0.115286551, 1.006299275, 3.034903576], [1.874765025, -0.65920495, 3.368935495], [2.535500476, 0.135511959, 4.47498091], [3.674335134, -0.022062756, 4.837281955], [1.10726073, 1.977616616, 0.05563404], [0.120550138, 1.763992949, -1.38906044], [-0.64950147, 2.08212202, 0.176240168], [-0.789595636, -0.405814892, -0.505908637], [1.299976126, -1.785427498, -0.505266168], [2.28470822, -0.300163223, -0.13473997], [-0.053469031, -1.42325815, 1.569422477], [1.813053043, 0.981273992, 1.969178613], [-0.628673828, 0.42269736, 3.22102231], [1.148808049, -1.343813649, 3.834439746], [2.632996296, -1.266558417, 2.866619252], [1.879808901, 0.900163564, 4.943138391]], "elements": ["C", "C", "C", "C", "C", "O", "C", "C", "O", "H", "H", "H", "H", "H", "H", "H", "H", "H", "H", "H", "H"], "Enn": 452.4231918569, "S": [[1.0, 0.325565, 0.151774, -0.0, 0.0, -0.0, -0.0, 0.0, 0.0, -0.0, 0.0, 0.0, -0.0, 0.0, 0.0, 0.015574, 0.053491, -0.003335, 0.001098, 0.020016, -0.017924, 0.005903, 0.107567, -0.009068, -0.000303, -0.005524, -0.016527, 0.001819, 0.0, 3.3e-05, 0.006426, -1e-06, -5e-06, 1e-05, -0.001659, -0.007108, 0.014495, -0.0, 0.0, -0.0, -0.0, -1e-06, 0.0, 2.9e-05, 0.006143, -5e-06, -1e-06, 7e-06, -0.009018, -0.002167, 0.012433, 0.0, 0.0, -1e-06, -0.0, -0.0, 0.0, 1e-06, 0.001743, -0.0, -0.0, 0.0, -0.00363, -0.001278, 0.00178, 0.0, 0.0, -0.0, -0.0, -0.0, 0.0, 0.0, 1.1e-05, 0.0, 0.0, 0.0, -3.5e-05, 1e-06, 6e-06, 0.0, 0.0, 0.0, 0.0, 0.0, 0.0, 0.0, 9e-06, 0.0, 0.0, 0.0, -1.1e-05, -5e-06, 7e-06, 0.0, 0.0, 0.0, 0.0, 0.0, 0.0, 0.0, 0.0, 0.0, 0.0, 0.0, -0.0, -0.0, 0.0, 0.0, 0.0, 0.0, 0.0, 0.0, 0.0, 0.0, 0.0, 0.0, 0.0, 0.0, 0.0, 0.0, 0.0, 0.0, 0.0, 0.0, 0.0, 0.0, 0.050008, 0.086848, -0.0279, -0.070283, -0.032021, 0.049726, 0.086708, 0.079842, 0.003781, -0.01583, 0.04985, 0.086769, -0.036764, 0.061322, -0.03966, 0.000273, 0.01888, 2e-06, 1.3e-05, 2.6e-05, 0.0, 0.000733, 0.0, 0.0, 0.0, 3e-06, 0.004984, -0.0, -0.0, 0.0, 0.0, 0.00073, 0.0, 0.0, 0.0, 2e-06, 0.00436, -0.0, -0.0, 0.0, 0.0, 0.000316, 0.0, 0.0, 0.0, 0.0, 2e-06, 0.0, 0.0, 0.0, 0.0, 5e-06, 0.0, 0.0, 0.0, 0.0, 0.0, 0.0, 0.0, 0.0], [0.325565, 1.0, 0.798485, 0.0, 0.0, -0.0, 0.0, 0.0, 0.0, 0.0, 0.0, 0.0, -0.0, 0.0, 0.015574, 0.192643, 0.355777, -0.035891, 0.011821, 0.215394, -0.090739, 0.029885, 0.544549, -0.079767, -0.002667, -0.048596, -0.145379, 0.016005, 3.3e-05, 0.006777, 0.068804, -0.000766, -0.00328, 0.006688, -0.015611, -0.066883, 0.136391, -0.002965, 0.000475, -0.000968, -0.003213, -0.004148, 2.9e-05, 0.006312, 0.066441, -0.004037, -0.00097, 0.005565, -0.085982, -0.020664, 0.118534, 4e-05, 0.000795, -0.004559, -0.003047, -0.001096, 1e-06, 0.000863, 0.025015, -0.000701, -0.000247, 0.000344, -0.050004, -0.017601, 0.024519, 0.000334, 0.000249, -0.000347, -4.1e-05, -0.000122, -0.0, 1.4e-05, 0.00155, -1.4e-05, 0.0, 2e-06, -0.00452, 7.6e-05, 0.000735, 2.3e-05, -1e-06, -7e-06, -1e-06, 0.0, 0.0, 0.0, 0.000426, -0.0, -0.0, 0.0, -0.000715, -0.000331, 0.000429, 0.0, 0.0, -0.0, -0.0, -0.0, 0.0, 0.0, 1.7e-05, -0.0, -0.0, 0.0, -2.5e-05, -1.2e-05, 7e-06, 0.0, 0.0, 0.0, 0.0, 0.0, 0.0, 0.0, 0.0, 0.0, 0.0, 0.0, -0.0, -0.0, 0.0, 0.0, 0.0, 0.0, 0.0, 0.0, 0.36761, 0.520788, -0.122847, -0.309459, -0.14099, 0.366489, 0.520124, 0.353559, 0.016743, -0.070098, 0.36698, 0.520416, -0.162393, 0.270872, -0.175187, 0.022427, 0.156683, 0.002022, 0.010226, 0.020826, 6.8e-05, 0.012138, 1e-06, -8e-06, 2.4e-05, 0.002068, 0.054914, -9.6e-05, -0.00112, 0.000981, 6.8e-05, 0.012099, -1.3e-05, 2e-06, 2.1e-05, 0.00163, 0.049429, -0.000896, -0.000644, 0.000224, 1.5e-05, 0.006262, -4e-06, 1e-06, 1e-06, 0.0, 0.000108, -0.0, -0.0, 0.0, 0.0, 0.000244, -0.0, -0.0, 0.0, 0.0, 2.5e-05, 0.0, 0.0, 0.0], [0.151774, 0.798485, 1.0, 0.0, -0.0, -0.0, 0.0, -0.0, -0.0, -0.0, 0.0, 0.0, -0.0, 0.0, 0.053491, 0.355777, 0.585272, -0.033285, 0.010962, 0.199753, -0.094714, 0.031194, 0.568406, -0.031725, -0.001061, -0.019327, -0.05782, 0.006365, 0.006426, 0.068804, 0.197027, -0.006078, -0.026039, 0.053101, -0.03181, -0.136283, 0.277914, -0.015605, 0.002499, -0.005096, -0.016907, -0.021831, 0.006143, 0.066441, 0.192517, -0.03352, -0.008056, 0.04621, -0.17771, -0.042708, 0.244988, 0.000222, 0.004419, -0.025348, -0.016941, -0.006092, 0.001743, 0.025015, 0.100776, -0.020254, -0.007129, 0.009931, -0.153822, -0.054145, 0.075425, 0.008619, 0.006426, -0.008951, -0.001064, -0.003151, -0.000483, 0.005568, 0.026135, -0.00474, 7.9e-05, 0.000771, -0.049853, 0.000834, 0.008107, 0.003783, -0.000111, -0.00108, -8.7e-05, 1.8e-05, 9e-06, 0.000426, 0.00678, -0.000345, -0.00016, 0.000207, -0.011554, -0.005341, 0.006931, 0.000137, 0.000154, -0.0002, -2.4e-05, -9.2e-05, 0.0, 1.7e-05, 0.000793, -1.4e-05, -7e-06, 4e-06, -0.00149, -0.000735, 0.00044, 7e-06, 7e-06, -4e-06, 1e-06, -2e-06, -0.0, 0.0, 3e-06, -0.0, -0.0, 0.0, -6e-06, -4e-06, 2e-06, 0.0, 0.0, -0.0, 0.0, -0.0, 0.454198, 0.76298, -0.063329, -0.159529, -0.072682, 0.453558, 0.762323, 0.182649, 0.008649, -0.036213, 0.453839, 0.762611, -0.083815, 0.139803, -0.090418, 0.120817, 0.339335, 0.007646, 0.038665, 0.078743, 0.007334, 0.060432, 0.000352, -0.002098, 0.006204, 0.038217, 0.167288, -0.002067, -0.024114, 0.021125, 0.007309, 0.060301, -0.003492, 0.000416, 0.005509, 0.034055, 0.155825, -0.022975, -0.016506, 0.005731, 0.003563, 0.038668, -0.002968, 0.000671, 0.000947, 4.3e-05, 0.002505, -2.7e-05, -6e-06, 1.9e-05, 0.000105, 0.004337, -5.4e-05, -4.2e-05, 4.8e-05, 9e-06, 0.000921, -6e-06, -2e-06, 1e-06], [-0.0, 0.0, 0.0, 1.0, 0.0, 0.0, 0.531899, 0.0, 0.0, 0.0, 0.0, -0.0, -0.0, 0.0, 0.003335, 0.035891, 0.033285, 0.061174, 0.002999, 0.054641, 0.185787, 0.003466, 0.063162, -0.049537, 0.005232, 0.09534, -0.050886, 0.005602, 1e-06, 0.000766, 0.006078, 0.00056, -0.0004, 0.000816, 0.024482, -0.007022, 0.014319, -0.000479, -0.000301, 0.000613, -0.000413, -0.000534, 5e-06, 0.004037, 0.03352, -0.002184, -0.000667, 0.003828, -0.026482, -0.012379, 0.07101, -0.000469, 0.00047, -0.002696, -0.002199, -0.000791, 0.0, 0.000701, 0.020254, -0.000513, -0.000194, 0.000271, -0.03942, -0.016544, 0.023045, 0.000202, 0.000166, -0.000231, -2.9e-05, -8.7e-05, -0.0, 6e-06, 0.001598, -5e-06, 0.0, 1e-06, -0.004793, 8.6e-05, 0.000836, 8e-06, -0.0, -2e-06, -0.0, 0.0, 0.0, 0.0, 0.000345, -0.0, -0.0, 0.0, -0.000566, -0.000286, 0.000372, 0.0, 0.0, -0.0, -0.0, -0.0, 0.0, 0.0, 1.4e-05, 0.0, 0.0, 0.0, -2e-05, -1e-05, 6e-06, 0.0, 0.0, 0.0, 0.0, 0.0, 0.0, 0.0, 0.0, 0.0, 0.0, 0.0, 0.0, 0.0, 0.0, 0.0, 0.0, 0.0, 0.0, 0.0, 0.132966, 0.07086, 0.132639, -0.177375, -0.080812, -0.382572, -0.204403, -0.382488, -0.027682, 0.115898, 0.175742, 0.093791, 0.079305, 0.205499, -0.132907, -0.0023, -0.009895, 0.002575, -0.001196, -0.002437, -3e-06, -0.000627, 0.0, 0.0, -1e-06, 0.000135, 0.003045, 6.8e-05, -6.5e-05, 5.7e-05, 2.6e-05, 0.006223, -3e-06, 0.0, 5e-06, 0.001295, 0.034294, -0.000566, -0.000443, 0.000154, 9e-06, 0.005752, -1e-06, 0.0, 0.0, 0.0, 8.7e-05, 0.0, 0.0, 0.0, 0.0, 0.00016, 0.0, 0.0, 0.0, 0.0, 2.3e-05, 0.0, 0.0, 0.0], [0.0, 0.0, -0.0, 0.0, 1.0, 0.0, 0.0, 0.531899, 0.0, -0.0, 0.0, 0.0, 0.0, -0.0, -0.001098, -0.011821, -0.010962, 0.002999, 0.069292, -0.017996, 0.003466, 0.19517, -0.020802, 0.005636, -0.018413, 0.005602, 0.022925, 0.110504, 5e-06, 0.00328, 0.026039, -0.0004, -0.00106, 0.003494, -0.007022, -0.003961, 0.061345, -0.001425, 0.000177, -0.000534, -0.002132, -0.001548, 1e-06, 0.00097, 0.008056, -0.000667, 0.000432, 0.00092, -0.012379, 0.022052, 0.017066, 6.7e-05, -0.000293, -0.000791, -0.000632, 0.000404, 0.0, 0.000247, 0.007129, -0.000194, -2.9e-05, 9.5e-05, -0.016544, 0.001756, 0.008112, 9e-05, 3.2e-05, -8.7e-05, -2.1e-05, -1.6e-05, 0.0, -0.0, -2.7e-05, 0.0, 0.0, -0.0, 8.6e-05, 0.000346, -1.4e-05, -0.0, -1e-06, 0.0, 0.0, 0.0, 0.0, 0.0, 0.00016, -0.0, -0.0, 0.0, -0.000286, -7.9e-05, 0.000172, 0.0, 0.0, -0.0, -0.0, -0.0, 0.0, 0.0, 7e-06, 0.0, 0.0, 0.0, -1e-05, -4e-06, 3e-06, 0.0, 0.0, 0.0, 0.0, 0.0, 0.0, 0.0, 0.0, 0.0, 0.0, 0.0, 0.0, 0.0, 0.0, 0.0, 0.0, 0.0, 0.0, 0.0, 0.33495, 0.178502, -0.177375, -0.243767, -0.203572, -0.018117, -0.009679, -0.027682, 0.20077, 0.005488, -0.293137, -0.156443, 0.205499, -0.140266, 0.221688, -0.01163, -0.050042, -0.001196, -0.003239, -0.012322, 1.6e-05, 0.003738, 0.0, -1e-06, 3e-06, 0.00158, 0.035525, -6.5e-05, -0.000687, 0.000666, -3e-06, -0.000742, 0.0, 0.0, -1e-06, 0.00093, 0.024638, -0.000443, -0.000267, 0.000111, -2e-06, -0.001301, 0.0, -0.0, -0.0, 0.0, 2.1e-05, 0.0, 0.0, 0.0, 0.0, 0.000124, 0.0, 0.0, 0.0, 0.0, 7e-06, 0.0, 0.0, 0.0], [-0.0, -0.0, -0.0, 0.0, 0.0, 1.0, 0.0, 0.0, 0.531899, 0.0, 0.0, 0.0, 0.0, 0.0, -0.020016, -0.215394, -0.199753, 0.054641, -0.017996, -0.257634, 0.063162, -0.020802, -0.182744, 0.102691, 0.005602, 0.083358, 0.19303, -0.027454, -1e-05, -0.006688, -0.053101, 0.000816, 0.003494, -0.006472, 0.014319, 0.061345, -0.098977, 0.002906, -0.000534, 0.001004, 0.002872, 0.0043, -7e-06, -0.005565, -0.04621, 0.003828, 0.00092, -0.004685, 0.07101, 0.017066, -0.072866, -0.000383, -0.000791, 0.004105, 0.002438, 0.000987, -0.0, -0.000344, -0.009931, 0.000271, 9.5e-05, -9.4e-05, 0.023045, 0.008112, -0.003721, -0.000125, -8.7e-05, 9.1e-05, -0.0, 3.2e-05, 0.0, -1e-06, -0.00026, 1e-06, -0.0, 0.0, 0.000836, -1.4e-05, 0.000211, -1e-06, 0.0, -0.0, -0.0, 0.0, 0.0, -0.0, -0.000207, 0.0, 0.0, -0.0, 0.000372, 0.000172, -0.00017, -0.0, -0.0, 0.0, 0.0, 0.0, 0.0, -0.0, -4e-06, 0.0, 0.0, 0.0, 6e-06, 3e-06, -1e-06, 0.0, 0.0, 0.0, 0.0, 0.0, 0.0, 0.0, -0.0, 0.0, 0.0, 0.0, 0.0, 0.0, 0.0, 0.0, 0.0, 0.0, 0.0, 0.0, 0.152604, 0.081326, -0.080812, -0.203572, 0.110304, 0.07585, 0.040526, 0.115898, 0.005488, 0.179103, 0.189586, 0.10118, -0.132907, 0.221688, 0.059129, -0.023686, -0.101912, -0.002437, -0.012322, -0.022283, -4.7e-05, -0.011051, -1e-06, 3e-06, -1e-05, -0.001385, -0.031121, 5.7e-05, 0.000666, -0.00051, -4.2e-05, -0.009817, 5e-06, -1e-06, -7e-06, -0.000323, -0.008554, 0.000154, 0.000111, 1.2e-05, -3e-06, -0.001835, 0.0, -0.0, -0.0, -0.0, -6.1e-05, 0.0, 0.0, 0.0, -0.0, -0.000141, 0.0, 0.0, 0.0, 0.0, -3e-06, 0.0, 0.0, 0.0], [-0.0, 0.0, 0.0, 0.531899, 0.0, 0.0, 1.0, 0.0, 0.0, 0.0, 0.0, 0.0, 0.0, 0.0, 0.017924, 0.090739, 0.094714, 0.185787, 0.003466, 0.063162, 0.517335, 0.005935, 0.108149, -0.037202, 0.006754, 0.123067, -0.022061, 0.002429, 0.001659, 0.015611, 0.03181, 0.024482, -0.007022, 0.014319, 0.144402, -0.025512, 0.052025, -0.008198, -0.011174, 0.022786, -0.005387, -0.006956, 0.009018, 0.085982, 0.17771, -0.026482, -0.012379, 0.07101, -0.043795, -0.045697, 0.262131, -0.017257, 0.004344, -0.024921, -0.030746, -0.011056, 0.00363, 0.050004, 0.153822, -0.03942, -0.016544, 0.023045, -0.201123, -0.095007, 0.132347, 0.014635, 0.014715, -0.020499, -0.002872, -0.008506, -0.001102, 0.013131, 0.057728, -0.011573, 0.000214, 0.002075, -0.107759, 0.002065, 0.020069, 0.00951, -0.000312, -0.003031, -0.000269, 5.6e-05, 1.1e-05, 0.000715, 0.011554, -0.000566, -0.000286, 0.000372, -0.018912, -0.010108, 0.013116, 0.000206, 0.000275, -0.000356, -4.7e-05, -0.000179, 0.0, 2.5e-05, 0.00149, -2e-05, -1e-05, 6e-06, -0.002784, -0.001493, 0.000894, 9e-06, 1e-05, -6e-06, 2e-06, -3e-06, -0.0, 0.0, 3e-06, -0.0, -0.0, 0.0, -8e-06, -6e-06, 3e-06, 0.0, 0.0, -0.0, 0.0, -0.0, 0.191951, 0.180677, 0.233, -0.084922, -0.038691, -0.553578, -0.521416, -0.014548, -0.013297, 0.055671, 0.254035, 0.239205, 0.207357, 0.098569, -0.063749, -0.021917, -0.03871, 0.049752, -0.008604, -0.017522, -0.000928, -0.006048, 0.001496, 0.000303, -0.000895, 0.005698, 0.017267, 0.011868, -0.004289, 0.003758, 0.009201, 0.060071, -0.003474, 0.000598, 0.007911, 0.063108, 0.201818, -0.040056, -0.036388, 0.012633, 0.007692, 0.06993, -0.006533, 0.001619, 0.002284, 6.4e-05, 0.004343, -3.6e-05, -9e-06, 2.7e-05, 0.000132, 0.006003, -6.1e-05, -5.3e-05, 6e-05, 1.3e-05, 0.001879, -8e-06, -3e-06, 1e-06], [0.0, 0.0, -0.0, 0.0, 0.531899, 0.0, 0.0, 1.0, 0.0, -0.0, 0.0, 0.0, 0.0, 0.0, -0.005903, -0.029885, -0.031194, 0.003466, 0.19517, -0.020802, 0.005935, 0.533401, -0.035618, -0.000146, -0.021602, 0.002429, 0.014424, 0.129641, 0.007108, 0.066883, 0.136283, -0.007022, -0.003961, 0.061345, -0.025512, 0.041058, 0.222888, -0.014391, 0.000617, -0.006956, -0.035049, -0.005391, 0.002167, 0.020664, 0.042708, -0.012379, 0.022052, 0.017066, -0.045697, 0.135368, 0.062997, 0.002219, -0.013366, -0.011056, -0.011064, 0.018426, 0.001278, 0.017601, 0.054145, -0.016544, 0.001756, 0.008112, -0.095007, 0.035344, 0.046585, 0.009711, -0.001372, -0.008506, -0.003643, 0.000673, 1.8e-05, -0.00022, -0.000966, 0.000214, 0.001183, -3.5e-05, 0.002065, 0.015612, -0.000336, -0.000214, -0.001884, 5.6e-05, 3.6e-05, 0.000306, 5e-06, 0.000331, 0.005341, -0.000286, -7.9e-05, 0.000172, -0.010108, -0.001719, 0.006063, 0.000137, 8.6e-05, -0.000179, -4.6e-05, -5.2e-05, 0.0, 1.2e-05, 0.000735, -1e-05, -4e-06, 3e-06, -0.001493, -0.000495, 0.000441, 5e-06, 4e-06, -3e-06, 0.0, -1e-06, -0.0, 0.0, 2e-06, -0.0, -0.0, 0.0, -6e-06, -3e-06, 2e-06, 0.0, 0.0, -0.0, 0.0, -0.0, 0.483537, 0.455136, -0.084922, 0.052788, -0.097465, -0.026215, -0.024692, -0.013297, 0.265617, 0.002636, -0.423731, -0.398994, 0.098569, 0.102038, 0.106334, -0.110839, -0.195766, -0.008604, 0.007943, -0.088612, 0.00553, 0.036044, 0.000303, -0.000257, 0.005336, 0.066469, 0.201436, -0.004289, -0.037805, 0.043838, -0.001097, -0.007164, 0.000598, 0.001469, -0.000943, 0.045339, 0.144994, -0.036388, -0.01555, 0.009076, -0.00174, -0.015818, 0.001619, 0.000259, -0.000517, 1.5e-05, 0.001023, -9e-06, 0.0, 6e-06, 0.000102, 0.004644, -5.3e-05, -3.3e-05, 4.7e-05, 4e-06, 0.00061, -3e-06, -1e-06, 0.0], [0.0, 0.0, -0.0, 0.0, 0.0, 0.531899, 0.0, 0.0, 1.0, -0.0, 0.0, 0.0, -0.0, 0.0, -0.107567, -0.544549, -0.568406, 0.063162, -0.020802, -0.182744, 0.108149, -0.035618, -0.113675, -0.002668, 0.002429, 0.02252, 0.001953, -0.007417, -0.014495, -0.136391, -0.277914, 0.014319, 0.061345, -0.098977, 0.052025, 0.222888, -0.304165, 0.029347, -0.006956, 0.011391, 0.022653, 0.048801, -0.012433, -0.118534, -0.244988, 0.07101, 0.017066, -0.072866, 0.262131, 0.062997, -0.21502, -0.012726, -0.011056, 0.048126, 0.021303, 0.011566, -0.00178, -0.024519, -0.075425, 0.023045, 0.008112, -0.003721, 0.132347, 0.046585, 0.003891, -0.013528, -0.008506, 0.004371, -0.002259, 0.001539, 0.000179, -0.002136, -0.009388, 0.002075, -3.5e-05, 0.000849, 0.020069, -0.000336, 0.012383, -0.002079, 5.6e-05, -0.001347, -0.000264, 2.3e-05, -7e-06, -0.000429, -0.006931, 0.000372, 0.000172, -0.00017, 0.013116, 0.006063, -0.004915, -0.000178, -0.000179, 0.00018, -3e-06, 8.3e-05, -0.0, -7e-06, -0.00044, 6e-06, 3e-06, -1e-06, 0.000894, 0.000441, -2.2e-05, -3e-06, -3e-06, 1e-06, -1e-06, 0.0, 0.0, -0.0, -1e-06, 0.0, 0.0, -0.0, 3e-06, 2e-06, -0.0, -0.0, -0.0, 0.0, -0.0, 0.0, 0.220301, 0.207361, -0.038691, -0.097465, 0.222307, 0.109754, 0.103377, 0.055671, 0.002636, 0.255209, 0.274048, 0.25805, -0.063749, 0.106334, 0.197679, -0.225726, -0.398684, -0.017522, -0.088612, -0.129007, -0.016348, -0.106562, -0.000895, 0.005336, -0.014227, -0.05823, -0.176468, 0.003758, 0.043838, -0.026169, -0.014516, -0.094774, 0.007911, -0.000943, -0.01094, -0.015741, -0.050338, 0.012633, 0.009076, 0.007442, -0.002454, -0.022313, 0.002284, -0.000517, -0.000104, -4.4e-05, -0.003029, 2.7e-05, 6e-06, -1.6e-05, -0.000116, -0.005315, 6e-05, 4.7e-05, -4.6e-05, -2e-06, -0.000233, 1e-06, 0.0, 0.0], [-0.0, 0.0, -0.0, 0.0, -0.0, 0.0, 0.0, -0.0, -0.0, 1.0, 0.0, 0.0, 0.0, -0.0, -0.009068, -0.079767, -0.031725, 0.049537, -0.005636, -0.102691, 0.037202, 0.000146, 0.002668, 0.062837, 0.005091, 0.092766, 0.069858, -0.007691, -0.0, -0.002965, -0.015605, 0.000479, 0.001425, -0.002906, 0.008198, 0.014391, -0.029347, 0.00122, -0.000266, 0.000542, 0.001291, 0.001667, 0.0, 4e-05, 0.000222, 0.000469, -6.7e-05, 0.000383, 0.017257, -0.002219, 0.012726, -0.00053, -3.4e-05, 0.000197, -0.000329, -0.000118, 0.0, 0.000334, 0.008619, -0.000202, -9e-05, 0.000125, -0.014635, -0.009711, 0.013528, 5.3e-05, 5.4e-05, -7.5e-05, -1.1e-05, -3.1e-05, 0.0, 1e-06, 0.001175, -1e-06, 0.0, 0.0, -0.003628, 7.4e-05, 0.000714, 1e-06, -0.0, -0.0, -0.0, 0.0, 0.0, 0.0, 0.000137, -0.0, -0.0, 0.0, -0.000206, -0.000137, 0.000178, 0.0, 0.0, 0.0, 0.0, 0.0, 0.0, 0.0, 7e-06, 0.0, 0.0, 0.0, -9e-06, -5e-06, 3e-06, 0.0, 0.0, 0.0, 0.0, 0.0, 0.0, 0.0, 0.0, 0.0, 0.0, 0.0, 0.0, 0.0, 0.0, 0.0, 0.0, 0.0, 0.0, 0.0, -0.098426, -0.016014, 0.204766, 0.019285, 0.008786, 0.282643, 0.046145, 0.230636, 0.037737, -0.157997, -0.059185, -0.009648, 0.231946, 0.047294, -0.030587, -0.011438, -0.024664, -0.001721, -0.005698, -0.011604, -1.2e-05, -0.003604, -0.0, 0.0, -1e-06, -0.000772, -0.012605, 2.8e-05, 0.000254, -0.000223, -2e-06, -0.000521, 0.0, -0.0, -0.0, 0.000531, 0.010612, -0.000148, -0.000143, 5e-05, 3e-06, 0.003194, -0.0, 0.0, 0.0, 0.0, 3.5e-05, 0.0, 0.0, 0.0, 0.0, 2.2e-05, 0.0, 0.0, 0.0, 0.0, 1.4e-05, 0.0, 0.0, 0.0], [0.0, 0.0, 0.0, 0.0, 0.0, 0.0, 0.0, 0.0, 0.0, 0.0, 1.0, 0.0, 0.0, 0.0, -0.000303, -0.002667, -0.001061, -0.005232, 0.018413, -0.005602, -0.006754, 0.021602, -0.002429, 0.005091, 0.030589, -0.010871, 0.009164, 0.03931, 0.0, 0.000475, 0.002499, 0.000301, -0.000177, 0.000534, 0.011174, -0.000617, 0.006956, -0.000266, -0.000109, 0.0003, -0.000304, -0.000249, 0.0, 0.000795, 0.004419, -0.00047, 0.000293, 0.000791, -0.004344, 0.013366, 0.011056, -3.4e-05, -0.000149, -0.000555, -0.000504, 0.000241, 0.0, 0.000249, 0.006426, -0.000166, -3.2e-05, 8.7e-05, -0.014715, 0.001372, 0.008506, 5.4e-05, 2.5e-05, -5.6e-05, -1.3e-05, -1.3e-05, 0.0, -0.0, -3.5e-05, 0.0, 0.0, -0.0, 0.000114, 0.000439, -2e-05, -0.0, -0.0, 0.0, 0.0, 0.0, 0.0, 0.0, 0.000154, -0.0, -0.0, 0.0, -0.000275, -8.6e-05, 0.000179, 0.0, 0.0, 0.0, 0.0, 0.0, 0.0, 0.0, 7e-06, 0.0, 0.0, 0.0, -1e-05, -4e-06, 3e-06, 0.0, 0.0, 0.0, 0.0, 0.0, 0.0, 0.0, 0.0, 0.0, 0.0, 0.0, 0.0, 0.0, 0.0, 0.0, 0.0, 0.0, 0.0, 0.0, 0.151672, 0.024678, 0.173629, -0.170963, -0.129739, 0.023675, 0.003865, 0.035457, -0.324524, -0.010099, -0.175736, -0.028648, -0.077231, -0.139017, 0.187106, 0.001546, 0.003333, -0.001556, 0.000562, 0.001844, -1e-06, -0.000216, 0.0, 0.0, -0.0, 0.000131, 0.002135, 3.9e-05, -4.4e-05, 4.1e-05, -1e-06, -0.000428, 0.0, 0.0, -0.0, 0.00093, 0.018577, -0.000298, -0.0002, 8e-05, -1e-06, -0.001355, 0.0, -0.0, -0.0, 0.0, 2e-05, 0.0, 0.0, 0.0, 0.0, 9.6e-05, 0.0, 0.0, 0.0, 0.0, 8e-06, 0.0, 0.0, 0.0], [0.0, 0.0, 0.0, -0.0, 0.0, 0.0, 0.0, 0.0, 0.0, 0.0, 0.0, 1.0, 0.0, 0.0, -0.005524, -0.048596, -0.019327, -0.09534, -0.005602, -0.083358, -0.123067, -0.002429, -0.02252, 0.092766, -0.010871, -0.166906, 0.086824, -0.011771, -0.0, -0.000968, -0.005096, -0.000613, 0.000534, -0.001004, -0.022786, 0.006956, -0.011391, 0.000542, 0.0003, -0.000574, 0.000444, 0.000644, -1e-06, -0.004559, -0.025348, 0.002696, 0.000791, -0.004105, 0.024921, 0.011056, -0.048126, 0.000197, -0.000555, 0.002937, 0.002096, 0.000828, -0.0, -0.000347, -0.008951, 0.000231, 8.7e-05, -9.1e-05, 0.020499, 0.008506, -0.004371, -7.5e-05, -5.6e-05, 6.3e-05, 2e-06, 2.3e-05, 0.0, -0.0, -0.000335, 0.0, -0.0, 0.0, 0.001109, -2e-05, 0.000249, -0.0, 0.0, 0.0, -0.0, -0.0, 0.0, -0.0, -0.0002, 0.0, 0.0, -0.0, 0.000356, 0.000179, -0.00018, 0.0, 0.0, 0.0, 0.0, 0.0, 0.0, 0.0, -4e-06, 0.0, 0.0, 0.0, 6e-06, 3e-06, -1e-06, 0.0, 0.0, 0.0, 0.0, 0.0, 0.0, 0.0, 0.0, 0.0, 0.0, 0.0, 0.0, 0.0, 0.0, 0.0, 0.0, 0.0, 0.0, 0.0, 0.069102, 0.011243, 0.079106, -0.129739, 0.054692, -0.099119, -0.016183, -0.148451, -0.010099, -0.284653, 0.113658, 0.018528, 0.049949, 0.187106, 0.029273, 0.003147, 0.006787, -0.00317, 0.001844, 0.003412, 2e-06, 0.00064, -0.0, -0.0, 0.0, -0.000115, -0.001871, -3.4e-05, 4.1e-05, -3.3e-05, -1.9e-05, -0.005656, 1e-06, -0.0, -1e-06, -0.000323, -0.006449, 0.000103, 8e-05, 2e-06, -2e-06, -0.001912, 0.0, -0.0, -0.0, -0.0, -5.9e-05, 0.0, 0.0, 0.0, -0.0, -0.00011, 0.0, 0.0, 0.0, 0.0, -3e-06, 0.0, 0.0, 0.0], [-0.0, -0.0, -0.0, -0.0, 0.0, 0.0, 0.0, 0.0, -0.0, 0.0, 0.0, 0.0, 1.0, -0.0, -0.016527, -0.145379, -0.05782, 0.050886, -0.022925, -0.19303, 0.022061, -0.014424, -0.001953, 0.069858, 0.009164, 0.086824, 0.176264, -0.041794, -0.0, -0.003213, -0.016907, 0.000413, 0.002132, -0.002872, 0.005387, 0.035049, -0.022653, 0.001291, -0.000304, 0.000444, 0.000856, 0.00228, -0.0, -0.003047, -0.016941, 0.002199, 0.000632, -0.002438, 0.030746, 0.011064, -0.021303, -0.000329, -0.000504, 0.002096, 0.001144, 0.000599, -0.0, -4.1e-05, -0.001064, 2.9e-05, 2.1e-05, 0.0, 0.002872, 0.003643, 0.002259, -1.1e-05, -1.3e-05, 2e-06, -4e-06, 3e-06, 0.0, -0.0, -2.7e-05, 0.0, -0.0, 0.0, 9.5e-05, -9e-06, 5.6e-05, -0.0, 0.0, -0.0, 0.0, -0.0, 0.0, -0.0, -2.4e-05, 0.0, 0.0, -0.0, 4.7e-05, 4.6e-05, 3e-06, 0.0, 0.0, 0.0, 0.0, 0.0, 0.0, 0.0, 1e-06, 0.0, 0.0, 0.0, -2e-06, -0.0, 1e-06, 0.0, 0.0, 0.0, 0.0, 0.0, 0.0, 0.0, 0.0, 0.0, 0.0, 0.0, 0.0, 0.0, 0.0, 0.0, 0.0, 0.0, 0.0, 0.0, 0.151382, 0.024631, -0.112828, 0.002453, -0.2601, -0.009265, -0.001513, -0.019936, -0.016426, -0.060867, 0.085258, 0.013899, -0.084145, -0.110319, -0.252897, -0.0123, -0.026524, -0.001425, -0.008941, -0.011139, -1.7e-05, -0.00499, -0.0, 1e-06, -1e-06, 0.000178, 0.002896, -5e-06, -2.1e-05, 9.4e-05, -1.5e-05, -0.004436, 1e-06, -0.0, -1e-06, 0.000294, 0.005869, -0.000101, -5.1e-05, 3.3e-05, -0.0, -0.000152, 0.0, -0.0, 0.0, -0.0, -1.8e-05, 0.0, 0.0, 0.0, -0.0, -1.2e-05, 0.0, 0.0, 0.0, 0.0, 1e-06, 0.0, 0.0, 0.0], [0.0, 0.0, 0.0, 0.0, -0.0, 0.0, 0.0, 0.0, 0.0, -0.0, 0.0, 0.0, -0.0, 1.0, 0.001819, 0.016005, 0.006365, -0.005602, -0.110504, 0.027454, -0.002429, -0.129641, 0.007417, -0.007691, 0.03931, -0.011771, -0.041794, -0.19877, -1e-06, -0.004148, -0.021831, 0.000534, 0.001548, -0.0043, 0.006956, 0.005391, -0.048801, 0.001667, -0.000249, 0.000644, 0.00228, 0.002034, -0.0, -0.001096, -0.006092, 0.000791, -0.000404, -0.000987, 0.011056, -0.018426, -0.011566, -0.000118, 0.000241, 0.000828, 0.000599, -0.000307, -0.0, -0.000122, -0.003151, 8.7e-05, 1.6e-05, -3.2e-05, 0.008506, -0.000673, -0.001539, -3.1e-05, -1.3e-05, 2.3e-05, 3e-06, 5e-06, 0.0, 0.0, 6e-06, -0.0, -0.0, -0.0, -2e-05, -7.1e-05, -4e-06, 0.0, 0.0, -0.0, -0.0, -0.0, 0.0, -0.0, -9.2e-05, 0.0, 0.0, -0.0, 0.000179, 5.2e-05, -8.3e-05, 0.0, 0.0, 0.0, 0.0, 0.0, 0.0, 0.0, -2e-06, 0.0, 0.0, 0.0, 3e-06, 1e-06, -0.0, 0.0, 0.0, 0.0, 0.0, 0.0, 0.0, 0.0, 0.0, 0.0, 0.0, 0.0, 0.0, 0.0, 0.0, 0.0, 0.0, 0.0, 0.0, 0.0, 0.174072, 0.028322, -0.129739, -0.196213, 0.137773, -0.004694, -0.000766, -0.010099, 0.064341, -0.01348, -0.189581, -0.030905, 0.187106, -0.149969, -0.048827, 0.015917, 0.034325, 0.001844, 0.00579, 0.017253, -1.3e-05, -0.003812, -0.0, 0.0, -1e-06, -0.001337, -0.021824, 4.1e-05, 0.000445, -0.00038, 2e-06, 0.000675, -0.0, -0.0, 0.0, -0.000232, -0.004634, 8e-05, 5e-05, 2e-06, 0.0, 0.000432, -0.0, 0.0, 0.0, -0.0, -1.4e-05, 0.0, 0.0, 0.0, -0.0, -8.5e-05, 0.0, 0.0, 0.0, 0.0, -1e-06, 0.0, 0.0, 0.0], [0.0, 0.015574, 0.053491, 0.003335, -0.001098, -0.020016, 0.017924, -0.005903, -0.107567, -0.009068, -0.000303, -0.005524, -0.016527, 0.001819, 1.0, 0.325565, 0.151774, -0.0, -0.0, -0.0, -0.0, 0.0, 0.0, -0.0, 0.0, 0.0, -0.0, 0.0, 0.0, 0.015927, 0.053905, -0.000291, -0.017099, 0.011941, -0.001532, -0.09, 0.062851, -0.010198, 0.000404, -0.000282, 0.006086, -0.01659, 0.0, 0.015649, 0.05358, -0.017498, -0.006118, 0.008605, -0.093613, -0.032728, 0.046036, 0.011918, 0.008823, -0.012411, -0.001509, -0.004339, 0.0, 3.1e-05, 0.006256, -9e-06, -4e-06, -1e-06, -0.014526, -0.006123, -0.001049, 1e-06, 0.0, 0.0, 0.0, 0.0, 0.0, 0.0, 2.7e-05, 0.0, 0.0, 0.0, -8.2e-05, -1e-06, -2.5e-05, 0.0, 0.0, 0.0, 0.0, 0.0, 0.0, 0.0, 0.000131, 0.0, 0.0, 0.0, -0.00023, -0.00012, 4.8e-05, 0.0, 0.0, 0.0, 0.0, 0.0, 0.0, 0.0, 1e-06, 0.0, 0.0, 0.0, -1e-06, -0.0, -0.0, 0.0, 0.0, 0.0, 0.0, 0.0, 0.0, 0.0, 0.0, 0.0, 0.0, 0.0, 0.0, 0.0, 0.0, 0.0, 0.0, 0.0, 0.0, 0.0, 0.000298, 0.019382, -2e-06, -1.5e-05, -2.9e-05, 0.000333, 0.020024, 2.4e-05, -1e-06, -3.1e-05, 0.000313, 0.01966, -4e-06, 1.2e-05, -3.3e-05, 0.051022, 0.087348, 0.034037, 0.068242, 0.036166, 0.000184, 0.016811, 3e-06, -8e-06, 1.3e-05, 0.000215, 0.017613, 1e-06, -1.9e-05, 3e-06, 0.000233, 0.018014, -1.6e-05, 1e-06, 1.5e-05, 3e-06, 0.0049, -0.0, -0.0, -0.0, 0.0, 0.001112, 0.0, 0.0, 0.0, 0.0, 6.1e-05, 0.0, 0.0, 0.0, 0.0, 0.000114, 0.0, 0.0, 0.0, 0.0, 1e-06, 0.0, 0.0, 0.0], [0.015574, 0.192643, 0.355777, 0.035891, -0.011821, -0.215394, 0.090739, -0.029885, -0.544549, -0.079767, -0.002667, -0.048596, -0.145379, 0.016005, 0.325565, 1.0, 0.798485, 0.0, 0.0, 0.0, 0.0, 0.0, 0.0, 0.0, 0.0, 0.0, -0.0, 0.0, 0.015927, 0.195006, 0.357913, -0.003084, -0.181233, 0.126562, -0.007736, -0.454593, 0.31746, -0.087495, 0.003468, -0.002422, 0.052209, -0.142331, 0.015649, 0.193152, 0.356239, -0.187681, -0.065616, 0.092296, -0.473679, -0.165605, 0.23294, 0.104274, 0.077195, -0.108583, -0.013205, -0.037962, 3.1e-05, 0.006496, 0.067387, -0.006582, -0.002775, -0.000475, -0.137752, -0.058068, -0.009945, 0.004482, 0.003602, 0.000617, 0.000737, 0.00026, -0.0, 3.8e-05, 0.00272, -3.8e-05, -0.0, -1.2e-05, -0.007547, -6.3e-05, -0.002302, 5.6e-05, 1e-06, 3.1e-05, -5e-06, 0.0, 0.0, 1.4e-05, 0.003356, -8e-06, -4e-06, 2e-06, -0.006745, -0.003504, 0.001412, 2e-06, 3e-06, -1e-06, 1e-06, -1e-06, 0.0, 0.0, 6.7e-05, -0.0, -0.0, -0.0, -0.00011, -5.9e-05, -2e-06, 0.0, 0.0, 0.0, 0.0, 0.0, 0.0, 0.0, 0.0, 0.0, 0.0, 0.0, -0.0, -0.0, 0.0, 0.0, 0.0, 0.0, 0.0, 0.0, 0.023512, 0.159953, -0.001389, -0.01149, -0.021648, 0.024935, 0.164114, 0.016058, -0.000377, -0.020702, 0.024125, 0.161762, -0.002841, 0.008616, -0.023574, 0.371606, 0.523145, 0.146873, 0.294471, 0.156062, 0.018202, 0.143006, 0.003588, -0.009919, 0.015123, 0.019793, 0.14835, 0.000613, -0.019979, 0.003279, 0.020611, 0.151002, -0.015672, 0.001369, 0.014203, 0.002006, 0.054181, -0.001039, -0.000879, -0.00047, 0.000143, 0.016852, -5.9e-05, 1.3e-05, -7e-06, 1e-06, 0.001704, -0.0, -0.0, 0.0, 2e-06, 0.002794, -0.0, -0.0, 0.0, 0.0, 4.8e-05, 0.0, 0.0, 0.0], [0.053491, 0.355777, 0.585272, 0.033285, -0.010962, -0.199753, 0.094714, -0.031194, -0.568406, -0.031725, -0.001061, -0.019327, -0.05782, 0.006365, 0.151774, 0.798485, 1.0, 0.0, 0.0, -0.0, 0.0, -0.0, -0.0, -0.0, 0.0, 0.0, -0.0, 0.0, 0.053905, 0.357913, 0.587598, -0.002837, -0.166721, 0.116428, -0.008055, -0.473354, 0.330561, -0.034472, 0.001367, -0.000954, 0.02057, -0.056077, 0.05358, 0.356239, 0.585775, -0.173749, -0.060745, 0.085444, -0.494171, -0.172769, 0.243017, 0.041387, 0.030639, -0.043097, -0.005241, -0.015067, 0.006256, 0.067387, 0.194331, -0.053673, -0.022626, -0.003875, -0.283073, -0.119328, -0.020436, 0.024373, 0.019587, 0.003354, 0.004007, 0.001414, -0.000768, 0.008352, 0.03568, -0.006687, -5.6e-05, -0.00204, -0.063538, -0.000527, -0.019379, 0.004791, 7.2e-05, 0.002655, -0.000405, 2.2e-05, 0.000131, 0.003356, 0.026627, -0.002971, -0.001543, 0.000622, -0.047001, -0.024418, 0.009838, 0.00148, 0.00158, -0.000636, 0.000344, -0.000331, 1e-06, 6.7e-05, 0.001985, -5.8e-05, -3.1e-05, -1e-06, -0.003794, -0.002043, -6.3e-05, 3e-05, 3.3e-05, 1e-06, 9e-06, 1e-06, -0.0, 0.0, 1e-05, -0.0, -0.0, 0.0, -2.3e-05, -1.7e-05, 0.0, 0.0, 0.0, -0.0, 0.0, -0.0, 0.123593, 0.344096, -0.005076, -0.041978, -0.079092, 0.127133, 0.350108, 0.056222, -0.001319, -0.072483, 0.125131, 0.346716, -0.010187, 0.030898, -0.084537, 0.456471, 0.765307, 0.07515, 0.15067, 0.079851, 0.109272, 0.319058, 0.015785, -0.043639, 0.066535, 0.113769, 0.327052, 0.002536, -0.082708, 0.013574, 0.116008, 0.330985, -0.063, 0.005504, 0.057092, 0.037659, 0.16578, -0.022866, -0.019351, -0.010343, 0.010494, 0.075403, -0.00907, 0.001981, -0.001, 0.000864, 0.016071, -0.000685, -0.000186, 0.000246, 0.001479, 0.022436, -0.000933, -0.000809, 0.000422, 1.8e-05, 0.00144, -1.2e-05, -4e-06, -2e-06], [-0.003335, -0.035891, -0.033285, 0.061174, 0.002999, 0.054641, 0.185787, 0.003466, 0.063162, 0.049537, -0.005232, -0.09534, 0.050886, -0.005602, -0.0, 0.0, 0.0, 1.0, 0.0, 0.0, 0.531899, 0.0, 0.0, 0.0, 0.0, 0.0, -0.0, 0.0, 0.000291, 0.003084, 0.002837, 0.071476, -0.003908, 0.002729, 0.197687, -0.004468, 0.00312, -0.004477, -0.095019, 0.066355, 0.001556, -0.004242, 0.017498, 0.187681, 0.173749, -0.177833, -0.086838, 0.122147, -0.089814, -0.100143, 0.140861, 0.077281, 0.106737, -0.150137, -0.02412, -0.069343, 9e-06, 0.006582, 0.053673, -0.006568, -0.003028, -0.000519, -0.104862, -0.054938, -0.009408, 0.004322, 0.003834, 0.000657, 0.000846, 0.000298, -0.0, 1.8e-05, 0.002779, -1.6e-05, -0.0, -5e-06, -0.007896, -7.1e-05, -0.002614, 2.4e-05, 0.0, 1.4e-05, -2e-06, 0.0, 0.0, 8e-06, 0.002971, -3e-06, -2e-06, 1e-06, -0.005985, -0.00345, 0.00139, 1e-06, 1e-06, -0.0, 0.0, -0.0, 0.0, 0.0, 5.8e-05, -0.0, -0.0, -0.0, -9.4e-05, -5.3e-05, -2e-06, 0.0, 0.0, 0.0, 0.0, 0.0, 0.0, 0.0, 0.0, 0.0, 0.0, 0.0, -0.0, -0.0, 0.0, 0.0, 0.0, 0.0, 0.0, 0.0, 0.001574, 0.006553, 0.002915, -0.000882, -0.001662, -0.01812, -0.072354, -0.010154, 0.000316, 0.017351, 0.003213, 0.013133, 0.002707, 0.001319, -0.003609, -0.159137, -0.084042, 0.106683, -0.200182, -0.106091, -0.004147, -0.02066, 0.001132, 0.002524, -0.003848, -0.000703, -0.003305, 0.002299, 0.0008, -0.000131, 0.017939, 0.081907, -0.012957, 0.001348, 0.013982, 0.00147, 0.033743, -0.000604, -0.00057, -0.000305, 0.00011, 0.015499, -2.9e-05, 7e-06, -3e-06, 0.0, 0.00157, -0.0, -0.0, 0.0, 1e-06, 0.002006, -0.0, -0.0, 0.0, 0.0, 4.4e-05, 0.0, 0.0, 0.0], [0.001098, 0.011821, 0.010962, 0.002999, 0.069292, -0.017996, 0.003466, 0.19517, -0.020802, -0.005636, 0.018413, -0.005602, -0.022925, -0.110504, -0.0, 0.0, 0.0, 0.0, 1.0, 0.0, 0.0, 0.531899, 0.0, -0.0, 0.0, 0.0, 0.0, 0.0, 0.017099, 0.181233, 0.166721, -0.003908, -0.158127, 0.160387, -0.004468, -0.064814, 0.183368, -0.0983, 0.004455, -0.004242, -0.003694, -0.182819, 0.006118, 0.065616, 0.060745, -0.086838, 0.040191, 0.042704, -0.100143, 0.161614, 0.049247, 0.086378, -0.048728, -0.069343, -0.042704, 0.023963, 4e-06, 0.002775, 0.022626, -0.003028, -0.00066, -0.000219, -0.054938, 0.002306, -0.003966, 0.002342, 0.00103, 0.000298, 5.6e-05, 7.4e-05, -0.0, 0.0, 2.3e-05, -0.0, 1e-06, -0.0, -7.1e-05, 0.000674, -2.2e-05, 0.0, -2e-06, 0.0, -0.0, -1e-06, 0.0, 4e-06, 0.001543, -2e-06, -1e-06, 0.0, -0.00345, -0.001137, 0.000722, 0.0, 0.0, -0.0, 0.0, -0.0, 0.0, 0.0, 3.1e-05, -0.0, -0.0, -0.0, -5.3e-05, -2.3e-05, -1e-06, 0.0, 0.0, 0.0, 0.0, 0.0, 0.0, 0.0, 0.0, 0.0, 0.0, 0.0, -0.0, -0.0, 0.0, 0.0, 0.0, 0.0, 0.0, 0.0, 0.013021, 0.054192, -0.000882, -0.004273, -0.013744, 0.000425, 0.001698, 0.000316, 0.003297, -0.000407, -0.009746, -0.039834, 0.001319, -0.000859, 0.010947, -0.319058, -0.168498, -0.200182, -0.194823, -0.212706, 0.011464, 0.057115, 0.002524, -0.004932, 0.010638, 0.02294, 0.107764, 0.0008, -0.023759, 0.004281, -0.001567, -0.007156, 0.001348, 0.002354, -0.001222, 0.001244, 0.028556, -0.00057, -0.000413, -0.000258, -2.4e-05, -0.003385, 7e-06, -0.0, 1e-06, 0.0, 0.000426, -0.0, -0.0, 0.0, 1e-06, 0.001739, -0.0, -0.0, 0.0, 0.0, 1.6e-05, 0.0, 0.0, 0.0], [0.020016, 0.215394, 0.199753, 0.054641, -0.017996, -0.257634, 0.063162, -0.020802, -0.182744, -0.102691, -0.005602, -0.083358, -0.19303, 0.027454, -0.0, 0.0, -0.0, 0.0, 0.0, 1.0, 0.0, 0.0, 0.531899, -0.0, 0.0, 0.0, -0.0, 0.0, -0.011941, -0.126562, -0.116428, 0.002729, 0.160387, -0.040462, 0.00312, 0.183368, 0.06971, 0.068647, -0.004242, 0.001343, -0.130275, 0.078937, -0.008605, -0.092296, -0.085444, 0.122147, 0.042704, 0.010483, 0.140861, 0.049247, 0.127354, -0.1215, -0.069343, -0.000488, -0.036345, -0.000171, 1e-06, 0.000475, 0.003875, -0.000519, -0.000219, 0.000579, -0.009408, -0.003966, 0.024785, 0.000401, 0.000298, -0.000661, 0.000112, -0.000279, -0.0, 5e-06, 0.000848, -5e-06, -0.0, -1e-06, -0.002614, -2.2e-05, -0.000122, 8e-06, 0.0, 3e-06, -0.0, 0.0, 0.0, -2e-06, -0.000622, 1e-06, 0.0, -0.0, 0.00139, 0.000722, 0.000364, -0.0, -0.0, 0.0, -0.0, 0.0, 0.0, 0.0, 1e-06, -0.0, -0.0, 0.0, -2e-06, -1e-06, 6e-06, 0.0, 0.0, 0.0, 0.0, 0.0, 0.0, 0.0, -0.0, 0.0, 0.0, 0.0, 0.0, 0.0, 0.0, 0.0, 0.0, 0.0, 0.0, 0.0, 0.024533, 0.102105, -0.001662, -0.013744, -0.022874, 0.02336, 0.09328, 0.017351, -0.000407, -0.019064, 0.026665, 0.108985, -0.003609, 0.010947, -0.026808, -0.169092, -0.089299, -0.106091, -0.212706, 0.0938, -0.017479, -0.087082, -0.003848, 0.010638, -0.014174, -0.003765, -0.017686, -0.000131, 0.004281, 0.001621, -0.016257, -0.074226, 0.013982, -0.001222, -0.010199, 0.000665, 0.015262, -0.000305, -0.000258, -6.8e-05, 1.2e-05, 0.001709, -3e-06, 1e-06, 1e-06, -0.0, -0.000565, 0.0, 0.0, -0.0, -0.0, -0.000907, 0.0, 0.0, -0.0, 0.0, 7e-06, 0.0, 0.0, 0.0], [-0.017924, -0.090739, -0.094714, 0.185787, 0.003466, 0.063162, 0.517335, 0.005935, 0.108149, 0.037202, -0.006754, -0.123067, 0.022061, -0.002429, -0.0, 0.0, 0.0, 0.531899, 0.0, 0.0, 1.0, 0.0, 0.0, 0.0, 0.0, 0.0, 0.0, 0.0, 0.001532, 0.007736, 0.008055, 0.197687, -0.004468, 0.00312, 0.537708, -0.00763, 0.005328, -0.003257, -0.108964, 0.076094, 0.000665, -0.001814, 0.093613, 0.473679, 0.494171, -0.089814, -0.100143, 0.140861, 0.045737, -0.171365, 0.241042, -0.048717, 0.021272, -0.029922, -0.010426, -0.029973, 0.014526, 0.137752, 0.283073, -0.104862, -0.054938, -0.009408, -0.330054, -0.201504, -0.034509, 0.041545, 0.045826, 0.007848, 0.011494, 0.004056, -0.00175, 0.019301, 0.075374, -0.015804, -0.000147, -0.005406, -0.128407, -0.001251, -0.045962, 0.01131, 0.000196, 0.00722, -0.001233, 6.7e-05, 0.00023, 0.006745, 0.047001, -0.005985, -0.00345, 0.00139, -0.079205, -0.048714, 0.019628, 0.002902, 0.003601, -0.001451, 0.000863, -0.000831, 1e-06, 0.00011, 0.003794, -9.4e-05, -5.3e-05, -2e-06, -0.007223, -0.004269, -0.000132, 4.7e-05, 5.6e-05, 2e-06, 1.6e-05, 1e-06, -0.0, 0.0, 1.5e-05, -0.0, -0.0, 0.0, -3.3e-05, -2.6e-05, 1e-06, 0.0, 0.0, -0.0, 0.0, -0.0, 0.014563, 0.025447, 0.052196, -0.00607, -0.011437, -0.161478, -0.278431, -0.03287, 0.002058, 0.113059, 0.029241, 0.050799, 0.05083, 0.008864, -0.024251, -0.227835, -0.21394, 0.221116, -0.094734, -0.050207, -0.045082, -0.083486, 0.037432, 0.022034, -0.033596, -0.007254, -0.013181, 0.047544, 0.00646, -0.00106, 0.180323, 0.324651, -0.071097, 0.010485, 0.108759, 0.063002, 0.192243, -0.033613, -0.038611, -0.020637, 0.024114, 0.133201, -0.021592, 0.005246, -0.002648, 0.001725, 0.03005, -0.00136, -0.000398, 0.000527, 0.002375, 0.032332, -0.001424, -0.001414, 0.000737, 2.8e-05, 0.002894, -1.7e-05, -6e-06, -3e-06], [0.005903, 0.029885, 0.031194, 0.003466, 0.19517, -0.020802, 0.005935, 0.533401, -0.035618, 0.000146, 0.021602, -0.002429, -0.014424, -0.129641, 0.0, 0.0, -0.0, 0.0, 0.531899, 0.0, 0.0, 1.0, 0.0, -0.0, 0.0, 0.0, 0.0, 0.0, 0.09, 0.454593, 0.473354, -0.004468, -0.064814, 0.183368, -0.00763, 0.089486, 0.313101, -0.00258, 0.000742, -0.001814, -0.069914, -0.030452, 0.032728, 0.165605, 0.172769, -0.100143, 0.161614, 0.049247, -0.171365, 0.475981, 0.084272, 0.051692, -0.092182, -0.029973, -0.043323, 0.045332, 0.006123, 0.058068, 0.119328, -0.054938, 0.002306, -0.003966, -0.201504, 0.063017, -0.014547, 0.035447, -0.00088, 0.004056, -0.005509, -6.4e-05, -1.5e-05, 0.00016, 0.000626, -0.000147, 0.001921, -4.5e-05, -0.001251, 0.022279, -0.000381, 0.000135, -0.002847, 6.7e-05, -3.4e-05, -0.000868, 0.00012, 0.003504, 0.024418, -0.00345, -0.001137, 0.000722, -0.048714, -0.010744, 0.010197, 0.002143, 0.001355, -0.000831, 8.2e-05, -0.000284, 0.0, 5.9e-05, 0.002043, -5.3e-05, -2.3e-05, -1e-06, -0.004269, -0.001594, -7.1e-05, 3.1e-05, 2.6e-05, 1e-06, 5e-06, 0.0, -0.0, 0.0, 1.1e-05, -0.0, -0.0, 0.0, -2.6e-05, -1.7e-05, 0.0, 0.0, 0.0, -0.0, 0.0, -0.0, 0.120438, 0.210454, -0.00607, 0.002727, -0.094589, 0.003789, 0.006533, 0.002058, 0.054777, -0.002653, -0.08869, -0.154075, 0.008864, 0.026868, 0.073556, -0.456792, -0.428935, -0.094734, 0.078431, -0.100661, 0.124631, 0.2308, 0.022034, -0.015513, 0.092876, 0.236563, 0.429835, 0.00646, -0.162928, 0.034575, -0.015754, -0.028364, 0.010485, 0.047999, -0.009502, 0.053317, 0.16269, -0.038611, -0.020663, -0.017464, -0.005267, -0.029092, 0.005246, 0.00128, 0.000578, 0.000468, 0.008158, -0.000398, -3e-06, 0.000143, 0.002059, 0.028028, -0.001414, -0.001019, 0.000639, 1e-05, 0.001034, -6e-06, -2e-06, -1e-06], [0.107567, 0.544549, 0.568406, 0.063162, -0.020802, -0.182744, 0.108149, -0.035618, -0.113675, 0.002668, -0.002429, -0.02252, -0.001953, 0.007417, 0.0, 0.0, -0.0, 0.0, 0.0, 0.531899, 0.0, 0.0, 1.0, -0.0, 0.0, 0.0, -0.0, 0.0, -0.062851, -0.31746, -0.330561, 0.00312, 0.183368, 0.06971, 0.005328, 0.313101, 0.319187, 0.001802, -0.001814, -0.000588, -0.103426, -0.034582, -0.046036, -0.23294, -0.243017, 0.140861, 0.049247, 0.127354, 0.241042, 0.084272, 0.417355, -0.07271, -0.029973, -0.07133, -0.050684, -0.024938, 0.001049, 0.009945, 0.020436, -0.009408, -0.003966, 0.024785, -0.034509, -0.014547, 0.145468, 0.006071, 0.004056, -0.023868, 0.002603, -0.010061, -0.000534, 0.005887, 0.022989, -0.005406, -4.5e-05, 0.000273, -0.045962, -0.000381, 0.008271, 0.004954, 6.7e-05, -0.000381, 0.000493, -3e-06, -4.8e-05, -0.001412, -0.009838, 0.00139, 0.000722, 0.000364, 0.019628, 0.010197, 0.010455, -0.000864, -0.000831, -0.000372, -0.000329, -0.000193, 0.0, 2e-06, 6.3e-05, -2e-06, -1e-06, 6e-06, -0.000132, -7.1e-05, 0.000702, 1e-06, 1e-06, -6e-06, 0.0, -3e-06, 0.0, -0.0, -0.0, 0.0, 0.0, 0.0, 1e-06, 0.0, 2e-06, -0.0, -0.0, -0.0, -0.0, -0.0, 0.22692, 0.39652, -0.011437, -0.094589, -0.125287, 0.208182, 0.358961, 0.113059, -0.002653, -0.090933, 0.242657, 0.421551, -0.024251, 0.073556, -0.147497, -0.242088, -0.227324, -0.050207, -0.100661, 0.215019, -0.190023, -0.351896, -0.033596, 0.092876, -0.096205, -0.038824, -0.070543, -0.00106, 0.034575, 0.042067, -0.163415, -0.294209, 0.108759, -0.009502, -0.049645, 0.028496, 0.086953, -0.020637, -0.017464, 0.002678, 0.002659, 0.014687, -0.002648, 0.000578, 0.002133, -0.000621, -0.010812, 0.000527, 0.000143, -8.5e-05, -0.001074, -0.014619, 0.000737, 0.000639, -0.000127, 5e-06, 0.000485, -3e-06, -1e-06, 0.0], [-0.009068, -0.079767, -0.031725, -0.049537, 0.005636, 0.102691, -0.037202, -0.000146, -0.002668, 0.062837, 0.005091, 0.092766, 0.069858, -0.007691, -0.0, 0.0, -0.0, 0.0, -0.0, -0.0, 0.0, -0.0, -0.0, 1.0, 0.0, 0.0, 0.0, 0.0, -0.010198, -0.087495, -0.034472, 0.004477, 0.0983, -0.068647, 0.003257, 0.00258, -0.001802, 0.091088, -0.007071, 0.004938, -0.031264, 0.085231, 0.011918, 0.104274, 0.041387, -0.077281, -0.086378, 0.1215, 0.048717, -0.051692, 0.07271, -0.032326, 0.10751, -0.151225, -0.037284, -0.107189, 1e-06, 0.004482, 0.024373, -0.004322, -0.002342, -0.000401, -0.041545, -0.035447, -0.006071, 0.002523, 0.002658, 0.000455, 0.000657, 0.000232, -0.0, 4e-06, 0.001953, -3e-06, -0.0, -1e-06, -0.005657, -5.9e-05, -0.002177, 4e-06, 0.0, 2e-06, -0.0, 0.0, 0.0, 2e-06, 0.00148, -1e-06, -0.0, 0.0, -0.002902, -0.002143, 0.000864, 0.0, 0.0, -0.0, 0.0, -0.0, 0.0, 0.0, 3e-05, 0.0, 0.0, 0.0, -4.7e-05, -3.1e-05, -1e-06, 0.0, 0.0, 0.0, 0.0, 0.0, 0.0, 0.0, 0.0, 0.0, 0.0, 0.0, -0.0, -0.0, 0.0, 0.0, 0.0, 0.0, 0.0, 0.0, -0.012191, -0.025253, 0.001218, 0.006593, 0.012422, 0.001661, 0.003272, -0.001946, -7.3e-05, -0.003988, -0.012173, -0.024668, 0.002461, -0.004814, 0.01317, -0.077562, -0.012467, -0.22648, 0.021431, 0.011358, -0.00828, -0.021325, -0.002599, 0.004621, -0.007046, -0.010201, -0.024465, -0.000503, 0.010973, -0.001801, 0.006843, 0.015856, -0.003617, 0.000698, 0.007241, 0.000424, 0.007099, -0.0001, -0.000142, -7.6e-05, 5.6e-05, 0.008884, -7e-06, 2e-06, -1e-06, 0.0, 0.000868, -0.0, -0.0, 0.0, 0.0, 0.000499, -0.0, -0.0, 0.0, 0.0, 2.6e-05, 0.0, 0.0, 0.0], [-0.000303, -0.002667, -0.001061, 0.005232, -0.018413, 0.005602, 0.006754, -0.021602, 0.002429, 0.005091, 0.030589, -0.010871, 0.009164, 0.03931, 0.0, 0.0, 0.0, 0.0, 0.0, 0.0, 0.0, 0.0, 0.0, 0.0, 1.0, 0.0, 0.0, 0.0, 0.000404, 0.003468, 0.001367, 0.095019, -0.004455, 0.004242, 0.108964, -0.000742, 0.001814, -0.007071, -0.130478, 0.118173, 0.000343, -0.006781, 0.008823, 0.077195, 0.030639, -0.106737, 0.048728, 0.069343, -0.021272, 0.092182, 0.029973, 0.10751, -0.059793, -0.118932, -0.082049, 0.037158, 0.0, 0.003602, 0.019587, -0.003834, -0.00103, -0.000298, -0.045826, 0.00088, -0.004056, 0.002658, 0.001435, 0.000368, 0.000147, 0.00011, -0.0, 0.0, 2.9e-05, -0.0, 0.0, -0.0, -9.3e-05, 0.000854, -3.1e-05, 0.0, -0.0, 0.0, -0.0, -0.0, 0.0, 3e-06, 0.00158, -1e-06, -0.0, 0.0, -0.003601, -0.001355, 0.000831, 0.0, 0.0, -0.0, 0.0, -0.0, 0.0, 0.0, 3.3e-05, 0.0, 0.0, 0.0, -5.6e-05, 