{"HF": -397.95867870048, "coordinates": [[0.57356987, 1.275388447, 0.58027186], [-0.104204388, 0.171309452, -0.235055385], [0.87719856, -0.567576166, -1.143023883], [0.176033727, -1.587472154, -1.931319648], [1.03392893, -2.345409878, -2.826893718], [2.085770783, -3.146438611, -2.141914628], [2.889505064, -3.718376372, -1.540696476], [0.22241653, -3.222499812, -3.689670997], [-0.42165004, -3.902646396, -4.363408024], [1.366135082, 0.870685603, 1.218553881], [1.024623899, 2.030711746, -0.072238576], [-0.148169873, 1.782661407, 1.226322709], [-0.575027922, -0.550937301, 0.445490701], [-0.908518311, 0.58846741, -0.850934686], [1.333222427, 0.138818118, -1.849437413], [1.697812309, -0.99204795, -0.540710159], [-0.328645103, -2.224318824, -1.321744428], [1.55258392, -1.630513806, -3.480357655]], "elements": ["C", "C", "C", "N", "C", "C", "N", "C", "N", "H", "H", "H", "H", "H", "H", "H", "H", "H"], "Enn": 392.0626862558, "S": [[1.0, 0.325565, 0.151774, 0.0, 0.0, 0.0, 0.0, 0.0, 0.0, -0.0, 0.0, 0.0, -0.0, 0.0, 0.0, 0.014552, 0.052258, 0.010004, 0.008316, 0.013547, 0.057244, 0.047587, 0.077518, -0.001326, 0.007275, 0.01185, -0.005, 0.009851, 0.0, 6.4e-05, 0.008036, 1.7e-05, -3e-06, 1.8e-05, 0.013754, -0.002423, 0.014709, 0.0, -0.0, 2e-06, -1e-06, -0.0, 0.0, 0.0, 1.5e-05, 0.0, 0.0, 0.0, 1.6e-05, 3e-06, 1.8e-05, 0.0, 0.0, 0.0, 0.0, 0.0, 0.0, 0.0, 2e-06, 0.0, 0.0, 0.0, 2e-06, -0.0, 2e-06, 0.0, 0.0, 0.0, 0.0, 0.0, 0.0, 0.0, 0.0, 0.0, 0.0, 0.0, 0.0, -0.0, 0.0, 0.0, 0.0, 0.0, 0.0, 0.0, 0.0, 0.0, 0.0, 0.0, 0.0, 0.0, 0.0, -0.0, 0.0, 0.0, 0.0, 0.0, 0.0, 0.0, 0.0, 0.0, 0.0, 0.0, 0.0, 0.0, 0.0, 0.0, 0.0, 0.0, 0.0, 0.0, 0.0, 0.0, 0.0, 0.0, 0.0, 0.0, 0.0, 0.0, 0.0, 0.0, 0.0, 0.0, 0.0, 0.0, 0.0, 0.0, 0.049741, 0.086715, -0.04751, -0.058994, 0.030124, 0.049712, 0.086701, 0.048524, -0.033543, -0.056169, 0.050017, 0.086852, -0.04853, 0.054216, -0.038106, 0.000323, 0.019838, 2e-06, 2e-05, 3.1e-05, 0.000303, 0.019472, 2.2e-05, 2.3e-05, 1.1e-05, 4e-06, 0.005321, 0.0, -0.0, 0.0, 4e-06, 0.005577, 0.0, -0.0, 0.0, 0.0, 0.000121, 0.0, 0.0, 0.0, 0.0, 2e-06, 0.0, 0.0, 0.0], [0.325565, 1.0, 0.798485, 0.0, 0.0, -0.0, 0.0, 0.0, 0.0, 0.0, 0.0, 0.0, -0.0, 0.0, 0.014552, 0.185677, 0.349403, 0.112703, 0.093689, 0.152617, 0.291781, 0.242555, 0.395117, -0.012577, 0.069016, 0.112426, -0.047435, 0.093459, 6.4e-05, 0.009648, 0.081829, 0.007378, -0.0013, 0.00789, 0.121229, -0.021359, 0.129647, 0.001727, -0.001277, 0.007753, -0.004033, -0.001366, -0.0, 4e-06, 0.001106, -2e-06, -0.0, -2e-06, 0.001583, 0.000251, 0.001804, 0.0, 0.0, 2e-06, -1e-06, 0.0, 0.0, 0.0, 0.000121, 0.0, -0.0, 0.0, 0.000162, -2.2e-05, 0.000172, 0.0, -0.0, 0.0, -0.0, -0.0, 0.0, 0.0, 2.6e-05, 0.0, -0.0, 0.0, 2.3e-05, -1.3e-05, 3.8e-05, 0.0, 0.0, 0.0, 0.0, 0.0, 0.0, 0.0, 0.0, 0.0, 0.0, 0.0, 0.0, -0.0, 0.0, 0.0, 0.0, 0.0, 0.0, 0.0, 0.0, 0.0, 1e-06, 0.0, 0.0, 0.0, 1e-06, 0.0, 1e-06, 0.0, 0.0, 0.0, 0.0, 0.0, 0.0, 0.0, 0.0, 0.0, 0.0, 0.0, 0.0, 0.0, 0.0, 0.0, 0.0, 0.0, 0.0, 0.0, 0.366548, 0.52016, -0.210325, -0.261163, 0.133356, 0.366435, 0.520093, 0.214934, -0.148575, -0.2488, 0.367644, 0.520809, -0.213646, 0.238675, -0.167752, 0.024519, 0.162913, 0.001604, 0.013665, 0.021729, 0.02371, 0.16054, 0.016328, 0.016908, 0.007837, 0.002324, 0.05782, 0.001493, -0.000467, 0.000698, 0.002527, 0.059996, 0.000765, -0.000768, 0.001548, 3e-06, 0.002946, 0.0, 0.0, 0.0, 0.0, 0.000136, 0.0, -0.0, 0.0], [0.151774, 0.798485, 1.0, 0.0, 0.0, 0.0, 0.0, -0.0, -0.0, -0.0, 0.0, 0.0, -0.0, 0.0, 0.052258, 0.349403, 0.578303, 0.107098, 0.08903, 0.145028, 0.306814, 0.255052, 0.415474, -0.005146, 0.02824, 0.046002, -0.019409, 0.038241, 0.008036, 0.081829, 0.221013, 0.046888, -0.008261, 0.050144, 0.230185, -0.040557, 0.24617, 0.006921, -0.005119, 0.03107, -0.016163, -0.005474, -0.000145, 0.002497, 0.017221, -0.001528, -0.000242, -0.001741, 0.021586, 0.003417, 0.024604, 0.000281, 0.000228, 0.001643, -0.000918, 0.00026, 2e-06, 0.000121, 0.002947, 8.3e-05, -1.1e-05, 8.8e-05, 0.004355, -0.000588, 0.004628, 1.7e-05, -9e-06, 7.2e-05, -3.8e-05, -1e-05, 0.0, 2.6e-05, 0.001074, 1.3e-05, -7e-06, 2.1e-05, 0.001173, -0.000652, 0.001906, -2e-06, -4e-06, 1.2e-05, -9e-06, -7e-06, -0.0, 1e-06, 6.7e-05, -0.0, 0.0, -1e-06, 5e-05, -5.5e-05, 0.000118, -0.0, -0.0, 1e-06, -1e-06, -1e-06, 0.0, 1e-06, 0.000121, 1e-06, 0.0, 1e-06, 0.000176, 1.4e-05, 0.000185, 0.0, 0.0, 0.0, -0.0, 0.0, 0.0, 0.0, 1e-06, -0.0, -0.0, -0.0, 1e-06, 0.0, 1e-06, 0.0, 0.0, 0.0, -0.0, 0.0, 0.453592, 0.762358, -0.108642, -0.134902, 0.068884, 0.453528, 0.762292, 0.111047, -0.076762, -0.128544, 0.454218, 0.763, -0.110129, 0.123032, -0.086472, 0.12611, 0.348378, 0.005683, 0.048432, 0.077009, 0.124092, 0.344948, 0.059294, 0.061402, 0.028458, 0.040439, 0.17321, 0.029496, -0.009222, 0.013798, 0.04211, 0.177582, 0.014227, -0.014268, 0.028776, 0.001567, 0.02325, 0.000645, 0.000306, 0.001186, 5.5e-05, 0.002914, 3.4e-05, -8e-06, 2.4e-05], [0.0, 0.0, 0.0, 1.0, 0.0, 0.0, 0.531899, 0.0, 0.0, -0.0, -0.0, 0.0, 0.0, 0.0, -0.010004, -0.112703, -0.107098, -0.02614, -0.077096, -0.125588, 0.081163, -0.09213, -0.150077, 0.080835, -0.030052, -0.048954, 0.053617, -0.10564, -1.7e-05, -0.007378, -0.046888, -0.005143, 0.001093, -0.006634, -0.050601, 0.014607, -0.088659, -0.000469, 0.000995, -0.006038, 0.003673, 0.001244, 0.0, -1e-06, -0.000756, 0.0, 0.0, 0.0, -0.001, -0.000184, -0.001326, -0.0, -0.0, -0.0, 0.0, -0.0, 0.0, -0.0, -8.3e-05, -0.0, 0.0, -0.0, -0.000104, 1.6e-05, -0.000122, 0.0, 0.0, 0.0, 0.0, 0.0, 0.0, -0.0, -1.3e-05, 0.0, 0.0, 0.0, -1e-05, 6e-06, -1.9e-05, 0.0, 0.0, 0.0, 0.0, 0.0, 0.0, 0.0, -0.0, 0.0, 0.0, 0.0, -0.0, 0.0, -0.0, 0.0, 0.0, 0.0, 0.0, 0.0, 0.0, 0.0, -1e-06, 0.0, 0.0, 0.0, -0.0, -0.0, -1e-06, 0.0, 0.0, 0.0, 0.0, 0.0, 0.0, 0.0, 0.0, 0.0, 0.0, 0.0, 0.0, 0.0, 0.0, 0.0, 0.0, 0.0, 0.0, 0.0, 0.227587, 0.12158, -0.00471, -0.256839, 0.131148, -0.232568, -0.124273, -0.014022, 0.149351, 0.2501, 0.231246, 0.123226, -0.00987, 0.237901, -0.167208, -0.001812, -0.00732, 0.003084, -0.001163, -0.001848, -0.018493, -0.076512, -0.011552, -0.015132, -0.007013, -0.002082, -0.043176, -0.001115, 0.000376, -0.000562, -0.001059, -0.020729, -0.000191, 0.000292, -0.000589, -1e-06, -0.001377, -0.0, -0.0, -0.0, -0.0, -0.000108, 0.0, 0.0, 0.0], [0.0, 0.0, 0.0, 0.0, 1.0, 0.0, 0.0, 0.531899, 0.0, 0.0, -0.0, 0.0, -0.0, 0.0, -0.008316, -0.093689, -0.08903, -0.077096, 0.002514, -0.1044, -0.09213, 0.115404, -0.124758, -0.015872, -0.007157, -0.10564, 0.092531, -0.009692, 3e-06, 0.0013, 0.008261, 0.001093, 0.000867, 0.001169, 0.014607, 0.029727, 0.015621, 0.000374, 0.000751, 0.001244, -0.000816, 0.000803, 0.0, -0.0, -0.00012, 0.0, -0.0, 0.0, -0.000184, 0.000135, -0.00021, -0.0, 0.0, -0.0, 0.0, 0.0, 0.0, 0.0, 1.1e-05, 0.0, 0.0, 0.0, 1.6e-05, 9e-06, 1.7e-05, 0.0, 0.0, 0.0, 0.0, 0.0, 0.0, 0.0, 7e-06, 0.0, 0.0, 0.0, 6e-06, -2e-06, 1e-05, 0.0, 0.0, 0.0, 0.0, 0.0, 0.0, 0.0, 0.0, 0.0, 0.0, 0.0, 0.0, -0.0, 0.0, 0.0, 0.0, 0.0, 0.0, 0.0, 0.0, 0.0, -0.0, 0.0, 0.0, 0.0, -0.0, 0.0, -0.0, 0.0, 0.0, 0.0, 0.0, 0.0, 0.0, 0.0, 0.0, 0.0, 0.0, 0.0, 0.0, 0.0, 0.0, 0.0, 0.0, 0.0, 0.0, 0.0, 0.282599, 0.150968, -0.256839, -0.116789, 0.162849, 0.160765, 0.085905, 0.149351, 0.098794, -0.172884, -0.258338, -0.137663, 0.237901, -0.06269, 0.186797, -0.015439, -0.062384, -0.001163, -0.006686, -0.015752, -0.01915, -0.079232, -0.015132, -0.01261, -0.007263, 0.000651, 0.013499, 0.000376, -3e-05, 0.000176, 0.001062, 0.02079, 0.000292, -0.000193, 0.00059, -0.0, -0.000653, -0.0, -0.0, -0.0, 0.0, 2.6e-05, 0.0, 0.0, 0.0], [0.0, -0.0, 0.0, 0.0, 0.0, 1.0, 0.0, 0.0, 0.531899, 0.0, 0.0, -0.0, 0.0, -0.0, -0.013547, -0.152617, -0.145028, -0.125588, -0.1044, -0.103462, -0.150077, -0.124758, -0.011237, -0.025855, -0.10564, -0.114392, -0.00552, -0.095093, -1.8e-05, -0.00789, -0.050144, -0.006634, 0.001169, -0.006035, -0.088659, 0.015621, -0.062515, -0.002272, 0.001244, -0.006595, 0.002906, 0.001162, 0.0, -1e-06, -0.000861, 0.0, 0.0, 0.0, -0.001326, -0.00021, -0.001348, -0.0, -0.0, -0.0, 0.0, -0.0, 0.0, -0.0, -8.8e-05, -0.0, 0.0, -0.0, -0.000122, 1.7e-05, -0.000118, 0.0, 0.0, 0.0, 0.0, 0.0, 0.0, -0.0, -2.1e-05, 0.0, 0.0, 0.0, -1.9e-05, 1e-05, -2.9e-05, 0.0, 0.0, 0.0, 0.0, 0.0, 0.0, 0.0, -0.0, 0.0, 0.0, 0.0, -0.0, 0.0, -0.0, 0.0, 0.0, 0.0, 0.0, 0.0, 0.0, 0.0, -1e-06, 0.0, 0.0, 0.0, -1e-06, -0.0, -1e-06, 0.0, 0.0, 0.0, 0.0, 0.0, 0.0, 0.0, 0.0, 0.0, 0.0, 0.0, 0.0, 0.0, 0.0, 0.0, 0.0, 0.0, 0.0, 0.0, -0.144302, -0.077088, 0.131148, 0.162849, 0.118978, 0.269213, 0.143854, 0.2501, -0.172884, -0.087472, 0.181572, 0.096756, -0.167208, 0.186797, 0.071792, -0.024548, -0.099193, -0.001848, -0.015752, -0.021826, -0.008876, -0.036723, -0.007013, -0.007263, -0.000306, -0.000974, -0.020197, -0.000562, 0.000176, -0.000175, -0.002141, -0.04193, -0.000589, 0.00059, -0.001091, -1e-06, -0.002533, -0.0, -0.0, -0.0, -0.0, -7.8e-05, 0.0, 0.0, 0.0], [0.0, 0.0, 0.0, 0.531899, 0.0, 0.0, 1.0, 0.0, 0.0, 0.0, 0.0, 0.0, 0.0, 0.0, -0.057244, -0.291781, -0.306814, 0.081163, -0.09213, -0.150077, 0.336574, -0.15907, -0.259121, 0.086872, 0.02266, 0.036913, 0.024231, -0.047741, -0.013754, -0.121229, -0.230185, -0.050601, 0.014607, -0.088659, -0.106462, 0.049048, -0.29771, 0.01134, 0.006778, -0.041143, 0.03385, 0.011465, 0.000196, -0.003763, -0.024714, 0.002132, 0.000408, 0.002935, -0.026287, -0.005522, -0.039764, -4e-06, -0.000364, -0.002621, 0.00176, -0.000498, -2e-06, -0.000162, -0.004355, -0.000104, 1.6e-05, -0.000122, -0.005955, 0.000956, -0.007516, -1.4e-05, 1.2e-05, -9.6e-05, 5.5e-05, 1.4e-05, -0.0, -2.3e-05, -0.001173, -1e-05, 6e-06, -1.9e-05, -0.001047, 0.000773, -0.002259, 3e-06, 3e-06, -1e-05, 8e-06, 6e-06, 0.0, -1e-06, -4.9e-05, 0.0, -0.0, 0.0, -2.5e-05, 4.2e-05, -9e-05, 0.0, 0.0, -0.0, 0.0, 0.0, -0.0, -1e-06, -0.000176, -0.0, -0.0, -1e-06, -0.000241, -2.2e-05, -0.000283, -0.0, -0.0, -0.0, 0.0, -0.0, 0.0, -0.0, -1e-06, 0.0, 0.0, 0.0, -1e-06, -0.0, -1e-06, -0.0, -0.0, -0.0, 0.0, -0.0, 0.329275, 0.310134, 0.166933, -0.12335, 0.062985, -0.336561, -0.317018, 0.162426, 0.071752, 0.120153, 0.333805, 0.314192, 0.164781, 0.113889, -0.080046, -0.016318, -0.028244, 0.053374, -0.007694, -0.012235, -0.170143, -0.296744, -0.046586, -0.103331, -0.047892, -0.081449, -0.240406, -0.057855, 0.022194, -0.033206, -0.039334, -0.113924, -0.002082, 0.015941, -0.03215, -0.001643, -0.021778, -0.000514, -0.000349, -0.001356, -8.2e-05, -0.004998, -4.6e-05, 1.2e-05, -3.5e-05], [0.0, 0.0, -0.0, 0.0, 0.531899, 0.0, 0.0, 1.0, 0.0, 0.0, 0.0, 0.0, 0.0, 0.0, -0.047587, -0.242555, -0.255052, -0.09213, 0.115404, -0.124758, -0.15907, 0.395693, -0.215405, -0.028097, 0.040362, -0.047741, 0.078058, 0.054656, 0.002423, 0.021359, 0.040557, 0.014607, 0.029727, 0.015621, 0.049048, 0.163275, 0.052454, 0.00483, 0.020485, 0.011465, -0.009906, 0.021908, 3.1e-05, -0.000596, -0.003912, 0.000408, -0.000379, 0.000464, -0.005522, 0.007724, -0.006294, -0.000128, 0.000394, -0.000498, 0.000352, 0.000449, 0.0, 2.2e-05, 0.000588, 1.6e-05, 9e-06, 1.7e-05, 0.000956, 0.000988, 0.001016, 4e-06, 8e-06, 1.4e-05, -9e-06, 8e-06, 0.0, 1.3e-05, 0.000652, 6e-06, -2e-06, 1e-05, 0.000773, -8.5e-05, 0.001255, -1e-06, -1e-06, 6e-06, -5e-06, -2e-06, -0.0, 1e-06, 5.4e-05, -0.0, 0.0, -0.0, 4.2e-05, -3.2e-05, 9.8e-05, -0.0, -0.0, 0.0, -0.0, -0.0, -0.0, -0.0, -1.4e-05, -0.0, 0.0, -0.0, -2.2e-05, 2.5e-05, -2.3e-05, -0.0, 0.0, -0.0, 0.0, 0.0, 0.0, -0.0, -0.0, 0.0, -0.0, 0.0, -0.0, 0.0, -0.0, -0.0, 0.0, -0.0, 0.0, 0.0, 0.408867, 0.385098, -0.12335, 0.113105, 0.07821, 0.232651, 0.219141, 0.071752, 0.216625, -0.083057, -0.372912, -0.351002, 0.113889, 0.139495, 0.089424, -0.13906, -0.240693, -0.007694, -0.011295, -0.104262, -0.176192, -0.307294, -0.103331, -0.053807, -0.049595, 0.025465, 0.075163, 0.022194, 0.006192, 0.010382, 0.039449, 0.114256, 0.015941, -0.002174, 0.032243, -0.000779, -0.01033, -0.000349, 5.7e-05, -0.000643, 2e-05, 0.001205, 1.2e-05, 0.0, 9e-06], [0.0, 0.0, -0.0, 0.0, 0.0, 0.531899, 0.0, 0.0, 1.0, -0.0, 0.0, 0.0, -0.0, 0.0, -0.077518, -0.395117, -0.415474, -0.150077, -0.124758, -0.011237, -0.259121, -0.215405, 0.177037, -0.045769, -0.047741, -0.0081, -0.06153, -0.006734, -0.014709, -0.129647, -0.24617, -0.088659, 0.015621, -0.062515, -0.29771, 0.052454, -0.146466, -0.029316, 0.011465, -0.047216, 0.012273, 0.008319, 0.000224, -0.004289, -0.02817, 0.002935, 0.000464, 0.002902, -0.039764, -0.006294, -0.036727, -0.000919, -0.000498, -0.003126, 0.001478, -0.000495, -2e-06, -0.000172, -0.004628, -0.000122, 1.7e-05, -0.000118, -0.007516, 0.001016, -0.00687, -3.2e-05, 1.4e-05, -0.000103, 4.9e-05, 1.4e-05, -0.0, -3.8e-05, -0.001906, -1.9e-05, 1e-05, -2.9e-05, -0.002259, 0.001255, -0.003326, 2e-06, 6e-06, -1.8e-05, 1.2e-05, 1e-05, 0.0, -1e-06, -0.000115, 0.0, -0.0, 1e-06, -9e-05, 9.8e-05, -0.000199, 0.0, 0.0, -1e-06, 1e-06, 1e-06, -0.0, -1e-06, -0.000185, -1e-06, -0.0, -1e-06, -0.000283, -2.3e-05, -0.000271, -0.0, -0.0, -0.0, 0.0, -0.0, 0.0, -0.0, -1e-06, 0.0, 0.0, 0.0, -1e-06, -0.0, -1e-06, -0.0, -0.0, -0.0, 0.0, -0.0, -0.208777, -0.19664, 0.062985, 0.07821, 0.226335, 0.389592, 0.366968, 0.120153, -0.083057, 0.127139, 0.2621, 0.246701, -0.080046, 0.089424, 0.203875, -0.221112, -0.382713, -0.012235, -0.104262, -0.111505, -0.081662, -0.142425, -0.047892, -0.049595, 0.030211, -0.0381, -0.112457, -0.033206, 0.010382, -0.002402, -0.079563, -0.230437, -0.03215, 0.032243, -0.051218, -0.003022, -0.040071, -0.001356, -0.000643, -0.002272, -5.9e-05, -0.003577, -3.5e-05, 9e-06, -2.2e-05], [-0.0, 0.0, -0.0, -0.0, 0.0, 0.0, 0.0, 0.0, -0.0, 1.0, 0.0, 0.0, 0.0, 0.0, -0.001326, -0.012577, -0.005146, -0.080835, 0.015872, 0.025855, -0.086872, 0.028097, 0.045769, -0.107249, -0.048058, -0.078286, -0.033105, 0.065225, 0.0, 0.001727, 0.006921, 0.000469, -0.000374, 0.002272, -0.01134, -0.00483, 0.029316, -0.000941, -0.000213, 0.00129, -0.001477, -0.0005, 0.0, 0.0, 0.000123, -0.0, -0.0, -0.0, 4.9e-05, 4.5e-05, 0.000323, -0.0, 0.0, 0.0, -0.0, 0.0, 0.0, 0.0, 1.7e-05, 0.0, 0.0, 0.0, 1.4e-05, -4e-06, 3.2e-05, 0.0, 0.0, 0.0, 0.0, 0.0, 0.0, 0.0, -2e-06, 0.0, 0.0, 0.0, -3e-06, 1e-06, -2e-06, 0.0, 0.0, 0.0, 0.0, 0.0, 0.0, 0.0, -0.0, 0.0, 0.0, 0.0, -0.0, 0.0, -0.0, 0.0, 0.0, 0.0, 0.0, 0.0, 0.0, 0.0, 0.0, 0.0, 0.0, 0.0, 0.0, 0.0, 0.0, 0.0, 0.0, 0.0, 0.0, 0.0, 0.0, 0.0, 0.0, 0.0, 0.0, 0.0, 0.0, 0.0, 0.0, 0.0, 0.0, 0.0, 0.0, 0.0, 0.002866, 0.000468, 0.220928, -0.143996, 0.073528, 0.009719, 0.001587, -0.216762, -0.088103, -0.147535, 0.007119, 0.001158, 0.219317, 0.137968, -0.096971, -0.012724, -0.02543, -0.001427, -0.007918, -0.012591, 0.003761, 0.007735, 6.6e-05, 0.005213, 0.002416, 0.001148, 0.016963, 0.000436, -0.00017, 0.000254, -0.000503, -0.006926, -0.000146, 8.8e-05, -0.000178, -0.0, -0.000343, -0.0, -0.0, -0.0, 0.0, 4.3e-05, 0.0, 0.0, 0.0], [0.0, 0.0, 0.0, -0.0, -0.0, 0.0, 0.0, 0.0, 0.0, 0.0, 1.0, 0.0, 0.0, 0.0, 0.007275, 0.069016, 0.02824, 0.030052, 0.007157, 0.10564, -0.02266, -0.040362, 0.047741, -0.048058, 0.009884, 0.067641, -0.115836, 0.02827, -0.0, -0.001277, -0.005119, -0.000995, -0.000751, -0.001244, -0.006778, -0.020485, -0.011465, -0.000213, -0.000543, -0.001179, 0.000842, -0.000658, 0.0, 0.0, 0.0001, -0.0, 0.0, -0.0, 0.000145, -0.000109, 0.00019, 0.0, -0.0, 0.0, -0.0, -0.0, 0.0, -0.0, -9e-06, 0.0, 0.0, 0.0, -1.2e-05, -8e-06, -1.4e-05, 0.0, 0.0, 0.0, 0.0, 0.0, 0.0, 0.0, -4e-06, 0.0, 0.0, 0.0, -3e-06, 1e-06, -6e-06, 0.0, 0.0, 0.0, 0.0, 0.0, 0.0, 0.0, -0.0, 0.0, 0.0, 0.0, -0.0, 0.0, -0.0, 0.0, 0.0, 0.0, 0.0, 0.0, 0.0, 0.0, 0.0, 0.0, 0.0, 0.0, 0.0, -0.0, 0.0, 0.0, 0.0, 0.0, 0.0, 0.0, 0.0, 0.0, 0.0, 0.0, 0.0, 0.0, 0.0, 0.0, 0.0, 0.0, 0.0, 0.0, 0.0, 0.0, 0.219654, 0.035855, -0.039583, -0.154546, 0.178234, -0.12773, -0.020857, -0.029723, -0.083224, 0.193427, -0.203426, -0.033095, 0.042542, -0.096619, 0.20702, 0.001477, 0.002953, -0.002323, 0.000796, 0.001723, 0.019349, 0.039794, 0.014409, 0.015128, 0.008341, -0.000739, -0.010913, -0.000307, 4e-05, -0.000153, -0.000565, -0.007769, -8.7e-05, 8.7e-05, -0.000244, 0.0, 0.00035, 0.0, 0.0, 0.0, -0.0, -2.5e-05, 0.0, 0.0, 0.0], [0.0, 0.0, 0.0, 0.0, 0.0, -0.0, 0.0, 0.0, 0.0, 0.0, 0.0, 1.0, 0.0, 0.0, 0.01185, 0.112426, 0.046002, 0.048954, 0.10564, 0.114392, -0.036913, 0.047741, 0.0081, -0.078286, 0.067641, 0.078546, -0.007697, 0.137916, 2e-06, 0.007753, 0.03107, 0.006038, -0.001244, 0.006595, 0.041143, -0.011465, 0.047216, 0.00129, -0.001179, 0.006416, -0.003325, -0.001282, 0.0, 0.0, 0.000721, -0.0, -0.0, -0.0, 0.001045, 0.00019, 0.001231, 0.0, 0.0, 0.0, -0.0, 0.0, 0.0, 0.0, 7.2e-05, 0.0, 0.0, 0.0, 9.6e-05, -1.4e-05, 0.000103, 0.0, 0.0, 0.0, 0.0, 0.0, 0.0, 0.0, 1.2e-05, 0.0, 0.0, 0.0, 1e-05, -6e-06, 1.8e-05, 0.0, 0.0, 0.0, 0.0, 0.0, 0.0, 0.0, 0.0, 0.0, 0.0, 0.0, 0.0, -0.0, 0.0, 0.0, 0.0, 0.0, 0.0, 0.0, 0.0, 0.0, 0.0, 0.0, 0.0, 0.0, 0.0, 0.0, 0.0, 0.0, 0.0, 0.0, 0.0, 0.0, 0.0, 0.0, 0.0, 0.0, 0.0, 0.0, 0.0, 0.0, 0.0, 0.0, 0.0, 0.0, 0.0, 0.0, -0.11216, -0.018308, 0.020212, 0.178234, 0.103495, -0.213894, -0.034927, -0.049773, 0.193427, 0.125176, 0.142977, 0.023261, -0.0299, 0.20702, 0.052422, 0.002349, 0.004695, -0.003694, 0.001723, 0.002452, 0.008968, 0.018444, 0.006678, 0.008341, 0.000998, 0.001105, 0.016328, 0.00046, -0.000153, 0.000167, 0.001139, 0.01567, 0.000175, -0.000244, 0.000458, 0.0, 0.001359, 0.0, 0.0, 0.0, 0.0, 7.4e-05, 0.0, 0.0, 0.0], [-0.0, -0.0, -0.0, 0.0, -0.0, 0.0, 0.0, 0.0, -0.0, 0.0, 0.0, 0.0, 1.0, 0.0, -0.005, -0.047435, -0.019409, -0.053617, -0.092531, 0.00552, -0.024231, -0.078058, 0.06153, -0.033105, -0.115836, -0.007697, -0.092111, -0.081629, -1e-06, -0.004033, -0.016163, -0.003673, 0.000816, -0.002906, -0.03385, 0.009906, -0.012273, -0.001477, 0.000842, -0.003325, 0.001311, 0.000743, 0.0, -0.0, -0.000403, 0.0, 0.0, 0.0, -0.00067, -0.000128, -0.000609, -0.0, -0.0, -0.0, 0.0, -0.0, 0.0, -0.0, -3.8e-05, 0.0, 0.0, 0.0, -5.5e-05, 9e-06, -4.9e-05, 0.0, 0.0, 0.0, 0.0, 0.0, 0.0, 0.0, -9e-06, 0.0, 0.0, 0.0, -8e-06, 5e-06, -1.2e-05, 0.0, 0.0, 0.0, 0.0, 0.0, 0.0, 0.0, -0.0, 0.0, 0.0, 0.0, -0.0, 0.0, -0.0, 0.0, 0.0, 0.0, 0.0, 0.0, 0.0, 0.0, -0.0, 0.0, 0.0, 0.0, -0.0, -0.0, -0.0, 0.0, 0.0, 0.0, 0.0, 0.0, 0.0, 0.0, 0.0, 0.0, 0.0, 0.0, 0.0, 0.0, 0.0, 0.0, 0.0, 0.0, 0.0, 0.0, 0.100816, 0.016457, -0.129021, 0.081314, 0.205132, -0.079651, -0.013006, -0.1042, 0.209405, -0.109427, 0.057497, 0.009354, -0.07452, -0.137863, -0.213922, -0.009621, -0.019228, -0.000828, -0.009508, -0.007325, 0.007866, 0.016178, 0.007065, 0.004347, 0.004767, -0.000143, -0.002113, -6.3e-05, 3.9e-05, -1e-06, -0.000868, -0.011952, -0.000185, 0.000219, -0.000307, -0.0, -0.001167, -0.0, -0.0, -0.0, -0.0, -2.4e-05, 0.0, 0.0, 0.0], [0.0, 0.0, 0.0, 0.0, 0.0, -0.0, 0.0, 0.0, 0.0, 0.0, 0.0, 0.0, 0.0, 1.0, 0.009851, 0.093459, 0.038241, 0.10564, 0.009692, 0.095093, 0.047741, -0.054656, 0.006734, 0.065225, 0.02827, 0.137916, -0.081629, 0.027289, -0.0, -0.001366, -0.005474, -0.001244, -0.000803, -0.001162, -0.011465, -0.021908, -0.008319, -0.0005, -0.000658, -0.001282, 0.000743, -0.000632, 0.0, 0.0, 0.000114, -0.0, 0.0, -0.0, 0.00019, -0.000124, 0.000195, 0.0, -0.0, 0.0, -0.0, -0.0, 0.0, -0.0, -1e-05, 0.0, 0.0, 0.0, -1.4e-05, -8e-06, -1.4e-05, 0.0, 0.0, 0.0, 0.0, 0.0, 0.0, 0.0, -7e-06, 0.0, 0.0, 0.0, -6e-06, 2e-06, -1e-05, 0.0, 0.0, 0.0, 0.0, 0.0, 0.0, 0.0, -0.0, 0.0, 0.0, 0.0, -0.0, 0.0, -0.0, 0.0, 0.0, 0.0, 0.0, 0.0, 0.0, 0.0, 0.0, 0.0, 0.0, 0.0, 0.0, -0.0, 0.0, 0.0, 0.0, 0.0, 0.0, 0.0, 0.0, 0.0, 0.0, 0.0, 0.0, 0.0, 0.0, 0.0, 0.0, 0.0, 0.0, 0.0, 0.0, 0.0, -0.139271, -0.022734, 0.178234, 0.09799, 0.128511, 0.147856, 0.024143, 0.193427, 0.096337, -0.086529, -0.159728, -0.025986, 0.20702, -0.075864, -0.058564, 0.02002, 0.040012, 0.001723, 0.010789, 0.020899, 0.009287, 0.019099, 0.008341, 0.007261, 0.001034, -0.000345, -0.005105, -0.000153, 1.9e-05, -5.2e-05, -0.001142, -0.015715, -0.000244, 0.000177, -0.000459, 0.0, 0.000645, 0.0, 0.0, 0.0, -0.0, -1.8e-05, 0.0, 0.0, 0.0], [0.0, 0.014552, 0.052258, -0.010004, -0.008316, -0.013547, -0.057244, -0.047587, -0.077518, -0.001326, 0.007275, 0.01185, -0.005, 0.009851, 1.0, 0.325565, 0.151774, -0.0, -0.0, 0.0, -0.0, -0.0, 0.0, -0.0, 0.0, 0.0, -0.0, 0.0, 0.0, 0.014738, 0.052487, 0.01133, -0.012246, 0.00922, 0.064074, -0.069256, 0.052142, 0.000543, -0.012008, 0.00904, 0.002811, -0.009772, 0.0, 6e-06, 0.003957, -1e-06, 0.0, -1e-06, 0.006715, -0.001109, 0.006963, 0.0, -0.0, 0.0, -0.0, -0.0, 0.0, 0.0, 0.000222, 0.0, -0.0, 0.0, 0.000321, -0.000141, 0.000312, 0.0, 0.0, 0.0, 0.0, 0.0, 0.0, 0.0, 2.2e-05, 0.0, 0.0, 0.0, 1.6e-05, -1.8e-05, 2.8e-05, 0.0, 0.0, 0.0, 0.0, 0.0, 0.0, 0.0, 0.0, 0.0, 0.0, 0.0, 0.0, -0.0, 0.0, 0.0, 0.0, 0.0, 0.0, 0.0, 0.0, 0.0, 3e-06, 0.0, 0.0, 0.0, 3e-06, -0.0, 3e-06, 0.0, 0.0, 0.0, 0.0, 0.0, 0.0, 0.0, 0.0, 0.0, 0.0, 0.0, 0.0, 0.0, 0.0, 0.0, 0.0, 0.0, 0.0, 0.0, 0.000283, 0.019086, -2e-05, -2e-05, -1e-05, 0.000285, 0.019133, -2e-06, -1.6e-05, -2.6e-05, 0.000296, 0.01933, -2.2e-05, 1e-06, -2.4e-05, 0.049219, 0.086453, -0.049782, 0.034441, 0.052832, 0.049674, 0.086682, 0.045742, 0.059737, -0.030983, 0.000322, 0.019833, 2.8e-05, -2.5e-05, 1e-06, 0.000313, 0.019661, 5e-06, -3e-05, 1.9e-05, 1.2e-05, 0.00748, 0.0, 0.0, 0.0, 0.0, 0.00013, 0.0, 0.0, 0.0], [0.014552, 0.185677, 0.349403, -0.112703, -0.093689, -0.152617, -0.291781, -0.242555, -0.395117, -0.012577, 0.069016, 0.112426, -0.047435, 0.093459, 0.325565, 1.0, 0.798485, -0.0, -0.0, -0.0, 0.0, 0.0, 0.0, 0.0, 0.0, 0.0, -0.0, 0.0, 0.014738, 0.186964, 0.35059, 0.126549, -0.136784, 0.102983, 0.326172, -0.352553, 0.265432, 0.005084, -0.112317, 0.084562, 0.026293, -0.091401, -7.3e-05, 0.005598, 0.056634, -0.004195, 0.000693, -0.00435, 0.084426, -0.013948, 0.087537, 0.001533, -0.000977, 0.006135, -0.0031, -0.001014, 0.0, 3.3e-05, 0.005064, 1.6e-05, -7e-06, 1.5e-05, 0.008066, -0.003542, 0.007832, 2e-06, -4e-06, 8e-06, -3e-06, -4e-06, 0.0, 1e-06, 0.00084, 0.0, -0.0, 0.0, 0.000793, -0.00091, 0.001379, -0.0, -0.0, 0.0, -0.0, -0.0, 0.0, 0.0, 7e-06, -0.0, 0.0, -0.0, 3e-06, -7e-06, 9e-06, -0.0, -0.0, 0.0, -0.0, -0.0, 0.0, 0.0, 0.000196, 0.0, -0.0, 0.0, 0.000282, -2.7e-05, 0.000277, 0.0, -0.0, 0.0, -0.0, -0.0, 0.0, 0.0, 0.0, 0.0, 0.0, 0.0, 0.0, 0.0, 0.0, 0.0, 0.0, 0.0, 0.0, 0.0, 0.022869, 0.158027, -0.015852, -0.016034, -0.007627, 0.022972, 0.158337, -0.001786, -0.012379, -0.020391, 0.0234, 0.159619, -0.0164, 0.000493, -0.018083, 0.364468, 0.518925, -0.222732, 0.154093, 0.23638, 0.366284, 0.520003, 0.202768, 0.264807, -0.137342, 0.024509, 0.162881, 0.019197, -0.017092, 0.000386, 0.024125, 0.161763, 0.003564, -0.02101, 0.013563, 0.004268, 0.075595, 0.001437, 0.000297, 0.003169, 3e-06, 0.003104, 0.0, -0.0, 0.0], [0.052258, 0.349403, 0.578303, -0.107098, -0.08903, -0.145028, -0.306814, -0.255052, -0.415474, -0.005146, 0.02824, 0.046002, -0.019409, 0.038241, 0.151774, 0.798485, 1.0, 0.0, -0.0, 0.0, 0.0, 0.0, -0.0, -0.0, 0.0, 0.0, -0.0, 0.0, 0.052487, 0.35059, 0.579604, 0.119708, -0.129389, 0.097416, 0.342504, -0.370205, 0.278722, 0.002069, -0.045713, 0.034417, 0.010701, -0.037201, -0.00749, 0.067186, 0.184536, -0.033687, 0.005565, -0.034928, 0.181603, -0.030003, 0.188297, 0.005992, -0.00382, 0.023977, -0.012115, -0.003961, 0.000222, 0.005064, 0.034969, 0.003491, -0.001533, 0.00339, 0.047543, -0.020877, 0.046165, 0.000689, -0.001213, 0.002683, -0.001036, -0.001178, 2.2e-05, 0.00084, 0.010635, 0.000371, -0.000426, 0.000646, 0.009708, -0.01115, 0.016891, -0.000131, -0.000222, 0.000336, -0.000165, -0.000386, -1e-06, 3.5e-05, 0.000803, -9e-06, 2e-05, -2.6e-05, 0.00043, -0.000987, 0.001282, -1.4e-05, -9e-06, 1.2e-05, -7e-06, -2.7e-05, 3e-06, 0.000196, 0.004061, 0.000141, -1.3e-05, 0.000139, 0.006237, -0.00059, 0.006127, 3.6e-05, -1.1e-05, 0.000119, -5.8e-05, -1.1e-05, -0.0, 2e-06, 9e-05, -1e-06, -0.0, -1e-06, 0.000133, 1e-05, 0.000131, 0.0, 0.0, 1e-06, -1e-06, 0.0, 0.121957, 0.341296, -0.05909, -0.05977, -0.02843, 0.12222, 0.341747, -0.006634, -0.045996, -0.075764, 0.123309, 0.343611, -0.060126, 0.001809, -0.066297, 0.452402, 0.761137, -0.115505, 0.07991, 0.122583, 0.453441, 0.762203, 0.104791, 0.136853, -0.070979, 0.126084, 0.348333, 0.068056, -0.060597, 0.00137, 0.125132, 0.346718, 0.012779, -0.07534, 0.048638, 0.054257, 0.207541, 0.018207, 0.00376, 0.040139, 0.001659, 0.024083, 0.001171, -0.000598, 0.00065], [0.010004, 0.112703, 0.107098, -0.02614, -0.077096, -0.125588, 0.081163, -0.09213, -0.150077, -0.080835, 0.030052, 0.048954, -0.053617, 0.10564, -0.0, -0.0, 0.0, 1.0, -0.0, -0.0, 0.531899, 0.0, -0.0, 0.0, 0.0, -0.0, -0.0, -0.0, -0.01133, -0.126549, -0.119708, -0.048942, 0.125619, -0.094577, 0.054774, 0.149183, -0.112318, 0.068648, 0.071537, -0.053859, -0.033196, 0.115397, 2e-05, -0.00412, -0.039171, 0.002833, -0.00055, 0.003452, -0.048179, 0.011466, -0.071963, -0.000541, 0.000767, -0.004813, 0.002819, 0.000922, -0.0, -1.6e-05, -0.003491, -6e-06, 3e-06, -6e-06, -0.005156, 0.002739, -0.006056, -0.0, 1e-06, -2e-06, 1e-06, 1e-06, 0.0, -0.0, -0.000371, -0.0, 0.0, -0.0, -0.000257, 0.000435, -0.000659, 0.0, 0.0, -0.0, 0.0, 0.0, 0.0, -0.0, -1e-06, 0.0, 0.0, 0.0, -0.0, 1e-06, -2e-06, 0.0, 0.0, 0.0, 0.0, 0.0, 0.0, -0.0, -0.000141, -0.0, 0.0, -0.0, -0.000192, 2e-05, -0.000209, -0.0, 0.0, -0.0, 0.0, 0.0, 0.0, 0.0, -0.0, 0.0, 0.0, 0.0, -0.0, -0.0, -0.0, 0.0, 0.0, 0.0, 0.0, 0.0, 0.018001, 0.076397, -0.011368, -0.014428, -0.006863, 0.002027, 0.008575, 0.002736, -0.001249, -0.002058, 0.018592, 0.077641, -0.011932, 0.000449, -0.016464, 0.240884, 0.129297, -0.032614, 0.161162, 0.247224, -0.219395, -0.117274, 0.009555, -0.2512, 0.130285, -0.021688, -0.087664, -0.016339, 0.017414, -0.000394, -0.004031, -0.016475, 0.002458, 0.004035, -0.002605, -0.001889, -0.025779, -0.000388, -0.000126, -0.001346, -1e-06, -0.002484, -0.0, 0.0, -0.0], [0.008316, 0.093689, 0.08903, -0.077096, 0.002514, -0.1044, -0.09213, 0.115404, -0.124758, 0.015872, 0.007157, 0.10564, -0.092531, 0.009692, -0.0, -0.0, -0.0, -0.0, 1.0, 0.0, 0.0, 0.531899, 0.0, -0.0, 0.0, -0.0, 0.0, -0.0, 0.012246, 0.136784, 0.129389, 0.125619, -0.068501, 0.102226, 0.149183, 0.031545, 0.121402, 0.047506, -0.088264, 0.115397, -0.034386, -0.071827, -3e-06, 0.000681, 0.006471, -0.00055, -0.000405, -0.00057, 0.011466, 0.019332, 0.011889, 0.000301, 0.000593, 0.000922, -0.000588, 0.000614, 0.0, 7e-06, 0.001533, 3e-06, -1e-06, 3e-06, 0.002739, -0.000122, 0.002659, 0.0, -0.0, 1e-06, -0.0, -0.0, 0.0, 0.0, 0.000426, 0.0, -0.0, 0.0, 0.000435, -0.000378, 0.000757, -0.0, -0.0, 0.0, -0.0, -0.0, 0.0, 0.0, 3e-06, 0.0, 0.0, 0.0, 1e-06, -3e-06, 4e-06, 0.0, 0.0, 0.0, 0.0, 0.0, 0.0, 0.0, 1.3e-05, 0.0, 0.0, 0.0, 2e-05, 1.9e-05, 2e-05, 0.0, 0.0, 0.0, -0.0, 0.0, 0.0, 0.0, -0.0, 0.0, 0.0, 0.0, -0.0, 0.0, -0.0, 0.0, 0.0, 0.0, 0.0, 0.0, 0.018209, 0.077277, -0.014428, -0.011698, -0.006942, 0.014053, 0.059453, -0.001249, -0.005745, -0.014267, -0.000559, -0.002336, 0.000449, 0.002986, 0.000495, -0.166651, -0.089452, 0.161162, 0.088839, -0.171037, -0.286521, -0.153156, -0.2512, -0.126153, 0.170147, 0.019311, 0.078055, 0.017414, -0.012287, 0.00035, 0.023764, 0.097128, 0.004035, -0.020646, 0.015357, -0.00039, -0.005324, -0.000126, 0.000197, -0.000278, 1e-06, 0.001268, 0.0, -0.0, 0.0], [0.013547, 0.152617, 0.145028, -0.125588, -0.1044, -0.103462, -0.150077, -0.124758, -0.011237, 0.025855, 0.10564, 0.114392, 0.00552, 0.095093, 0.0, -0.0, 0.0, -0.0, 0.0, 1.0, -0.0, 0.0, 0.531899, 0.0, -0.0, 0.0, 0.0, 0.0, -0.00922, -0.102983, -0.097416, -0.094577, 0.102226, -0.009687, -0.112318, 0.121402, 0.101392, -0.035767, 0.115397, -0.021872, -0.079917, 0.023641, 2.1e-05, -0.004271, -0.040615, 0.003452, -0.00057, 0.003083, -0.071963, 0.011889, -0.053389, -0.001888, 0.000922, -0.005046, 0.002156, 0.000834, -0.0, -1.5e-05, -0.00339, -6e-06, 3e-06, -5e-06, -0.006056, 0.002659, -0.004799, -1e-06, 1e-06, -2e-06, 1e-06, 1e-06, 0.0, -0.0, -0.000646, -0.0, 0.0, -0.0, -0.000659, 0.000757, -0.001026, 0.0, 0.0, -0.0, 0.0, 0.0, 0.0, -0.0, -4e-06, 0.0, 0.0, 0.0, -2e-06, 4e-06, -5e-06, 0.0, 0.0, 0.0, 0.0, 0.0, 0.0, -0.0, -0.000139, -0.0, 0.0, -0.0, -0.000209, 2e-05, -0.000185, -0.0, 0.0, -0.0, 0.0, 0.0, 0.0, 0.0, -0.0, 0.0, 0.0, 0.0, -0.0, -0.0, -0.0, 0.0, 0.0, 0.0, 0.0, 0.0, 0.008661, 0.036757, -0.006863, -0.006942, -0.000406, 0.023148, 0.097932, -0.002058, -0.014267, -0.020584, 0.0205, 0.085609, -0.016464, 0.000495, -0.015154, -0.255644, -0.13722, 0.247224, -0.171037, -0.062037, 0.148604, 0.079434, 0.130285, 0.170147, 0.113657, -0.000437, -0.001764, -0.000394, 0.00035, 0.003211, -0.015342, -0.062705, -0.002605, 0.015357, -0.006772, -0.004165, -0.056831, -0.001346, -0.000278, -0.002745, -1e-06, -0.001379, -0.0, 0.0, -0.0], [0.057244, 0.291781, 0.306814, 0.081163, -0.09213, -0.150077, 0.336574, -0.15907, -0.259121, -0.086872, -0.02266, -0.036913, -0.024231, 0.047741, -0.0, 0.0, 0.0, 0.531899, 0.0, -0.0, 1.0, 0.0, 0.0, -0.0, 0.0, 0.0, 0.0, 0.0, -0.064074, -0.326172, -0.342504, 0.054774, 0.149183, -0.112318, 0.291382, 0.257174, -0.193623, 0.087105, -0.020642, 0.015541, -0.014886, 0.051747, 0.013047, -0.105627, -0.222337, 0.039155, -0.010363, 0.065042, -0.116704, 0.041946, -0.263255, 0.008259, 0.005229, -0.03282, 0.026212, 0.008571, -0.000321, -0.008066, -0.047543, -0.005156, 0.002739, -0.006056, -0.053293, 0.032191, -0.071182, -0.000345, 0.002056, -0.004545, 0.002096, 0.002383, -1.6e-05, -0.000793, -0.009708, -0.000257, 0.000435, -0.000659, -0.004906, 0.011369, -0.017223, 0.000221, 0.000174, -0.000263, 0.000185, 0.000432, 0.0, -1.6e-05, -0.000452, 1e-06, -1e-05, 1.2e-05, -2.3e-05, 0.000602, -0.000782, 8e-06, 2e-06, -2e-06, 4e-06, 1.4e-05, -3e-06, -0.000282, -0.006237, -0.000192, 2e-05, -0.000209, -0.008944, 0.000999, -0.010382, -3.7e-05, 1.7e-05, -0.000174, 9.3e-05, 1.8e-05, 0.0, -2e-06, -0.000131, 1e-06, 0.0, 1e-06, -0.000185, -1.6e-05, -0.000201, -0.0, -0.0, -1e-06, 1e-06, -0.0, 0.16945, 0.297964, -0.048671, -0.10189, -0.048465, 0.019026, 0.033422, 0.050932, -0.008785, -0.014471, 0.172492, 0.30174, -0.050439, 0.003105, -0.113811, 0.350034, 0.3301, 0.152843, 0.077874, 0.11946, -0.317598, -0.299183, 0.173712, -0.120735, 0.062619, -0.195406, -0.338253, -0.07524, 0.115308, -0.002606, -0.036681, -0.063723, 0.049154, 0.027112, -0.017503, -0.050751, -0.130566, -0.001543, -0.004234, -0.045193, -0.002988, -0.03859, -0.002065, 0.001176, -0.001279], [0.047587, 0.242555, 0.255052, -0.09213, 0.115404, -0.124758, -0.15907, 0.395693, -0.215405, 0.028097, -0.040362, 0.047741, -0.078058, -0.054656, -0.0, 0.0, 0.0, 0.0, 0.531899, 0.0, 0.0, 1.0, 0.0, 0.0, -0.0, 0.0, 0.0, 0.0, 0.069256, 0.352553, 0.370205, 0.149183, 0.031545, 0.121402, 0.257174, 0.251339, 0.209283, 0.051741, 0.009196, 0.051747, -0.068141, 0.007484, -0.002155, 0.017451, 0.036732, -0.010363, -0.021862, -0.010745, 0.041946, 0.130264, 0.043492, 0.003895, 0.017015, 0.008571, -0.007367, 0.017642, 0.000141, 0.003542, 0.020877, 0.002739, -0.000122, 0.002659, 0.032191, 0.005878, 0.031258, 0.000843, -0.000169, 0.002383, -0.00132, -0.000164, 1.8e-05, 0.00091, 0.01115, 0.000435, -0.000378, 0.000757, 0.011369, -0.008064, 0.01978, -0.000125, -0.00022, 0.000432, -0.000287, -0.000383, -1e-06, 3.6e-05, 0.001036, -1e-05, 1.9e-05, -2.8e-05, 0.000602, -0.001141, 0.001794, -1.4e-05, -9e-06, 1.4e-05, -1.1e-05, -2.8e-05, 0.0, 2.7e-05, 0.00059, 2e-05, 1.9e-05, 2e-05, 0.000999, 0.00153, 0.000982, 6e-06, 1.6e-05, 1.8e-05, -1e-05, 1.6e-05, 0.0, -0.0, -1e-05, 0.0, -0.0, 0.0, -1.6e-05, 1.7e-05, -1.5e-05, -0.0, 0.0, -0.0, 0.0, 0.0, 0.1714, 0.301393, -0.10189, -0.051003, -0.049022, 0.131911, 0.231719, -0.008785, -0.008711, -0.100331, -0.005189, -0.009078, 0.003105, 0.052686, 0.003424, -0.242165, -0.228374, 0.077874, 0.21153, -0.082646, -0.414771, -0.390721, -0.120735, 0.108486, 0.081778, 0.173987, 0.301176, 0.115308, -0.048406, 0.002321, 0.216257, 0.375687, 0.027112, -0.106087, 0.103191, -0.010482, -0.026967, -0.004234, 0.018083, -0.009334, 0.001525, 0.019701, 0.001176, -0.000362, 0.000653], [0.077518, 0.395117, 0.415474, -0.150077, -0.124758, -0.011237, -0.259121, -0.215405, 0.177037, 0.045769, 0.047741, 0.0081, 0.06153, 0.006734, 0.0, 0.0, -0.0, -0.0, 0.0, 0.531899, 0.0, 0.0, 1.0, -0.0, 0.0, -0.0, -0.0, 0.0, -0.052142, -0.265432, -0.278722, -0.112318, 0.121402, 0.101392, -0.193623, 0.209283, 0.371746, -0.038955, 0.051747, 0.038968, -0.07553, -0.04212, 0.013528, -0.10952, -0.230531, 0.065042, -0.010745, 0.043864, -0.263255, 0.043492, -0.135764, -0.024446, 0.008571, -0.035409, 0.00812, 0.00585, -0.000312, -0.007832, -0.046165, -0.006056, 0.002659, -0.004799, -0.071182, 0.031258, -0.049105, -0.001864, 0.002383, -0.004362, 0.001153, 0.001915, -2.8e-05, -0.001379, -0.016891, -0.000659, 0.000757, -0.001026, -0.017223, 0.01978, -0.024974, 0.00019, 0.000432, -0.00059, 0.000208, 0.000677, 1e-06, -4.7e-05, -0.001346, 1.2e-05, -2.8e-05, 3.4e-05, -0.000782, 0.001794, -0.002091, 1.9e-05, 1.4e-05, -1.7e-05, 7e-06, 3.8e-05, -3e-06, -0.000277, -0.006127, -0.000209, 2e-05, -0.000185, -0.010382, 0.000982, -0.008576, -6.7e-05, 1.8e-05, -0.00017, 7.4e-05, 1.6e-05, 0.0, -2e-06, -0.000129, 1e-06, 0.0, 1e-06, -0.000201, -1.5e-05, -0.00018, -0.0, -0.0, -1e-06, 1e-06, -0.0, 0.081528, 0.14336, -0.048465, -0.049022, 0.028742, 0.217283, 0.381686, -0.014471, -0.100331, -0.113065, 0.190194, 0.332706, -0.113811, 0.003424, -0.072711, -0.371482, -0.350327, 0.11946, -0.082646, 0.138626, 0.215121, 0.202648, 0.062619, 0.081778, 0.223747, -0.003933, -0.006808, -0.002606, 0.002321, 0.05421, -0.139613, -0.242539, -0.017503, 0.103191, -0.012866, -0.111883, -0.287836, -0.045193, -0.009334, -0.080672, -0.001659, -0.021425, -0.001279, 0.000653, -0.000471], [-0.001326, -0.012577, -0.005146, 0.080835, -0.015872, -0.025855, 0.086872, -0.028097, -0.045769, -0.107249, -0.048058, -0.078286, -0.033105, 0.065225, -0.0, 0.0, -0.0, 0.0, -0.0, 0.0, -0.0, 0.0, -0.0, 1.0, 0.0, -0.0, 0.0, 0.0, 0.000543, 0.005084, 0.002069, -0.068648, -0.047506, 0.035767, -0.087105, -0.051741, 0.038955, -0.127157, 0.041972, -0.0316, 0.027, -0.093859, -1e-06, 0.000997, 0.008016, -0.000376, 0.000172, -0.001079, -0.004347, -0.004522, 0.028381, -0.000591, -0.000179, 0.001122, -0.001116, -0.000365, 0.0, 2e-06, 0.000689, 0.0, -0.0, 1e-06, 0.000345, -0.000843, 0.001864, -0.0, -0.0, 0.0, -0.0, -0.0, 0.0, -0.0, -0.000131, -0.0, 0.0, -0.0, -0.000221, 0.000125, -0.00019, 0.0, 0.0, -0.0, 0.0, 0.0, 0.0, 0.0, -1e-06, 0.0, 0.0, 0.0, -1e-06, 1e-06, -2e-06, 0.0, 0.0, 0.0, 0.0, 0.0, 0.0, 0.0, 3.6e-05, 0.0, -0.0, 0.0, 3.7e-05, -6e-06, 6.7e-05, 0.0, 0.0, 0.0, 0.0, 0.0, 0.0, 0.0, 0.0, 0.0, 0.0, 0.0, 0.0, 0.0, 0.0, 0.0, 0.0, 0.0, 0.0, 0.0, 0.003951, 0.008378, -0.000392, -0.005167, -0.002458, -0.011807, -0.024945, 0.001542, 0.006996, 0.011524, 0.004328, 0.009001, -0.000643, 0.000168, -0.006165, 0.022727, 0.003734, 0.20607, 0.10343, 0.158662, -0.007803, -0.001275, -0.226068, 0.128745, -0.066774, 0.00866, 0.017314, 0.004953, -0.009717, 0.00022, -0.011898, -0.02411, -0.003033, 0.011423, -0.007375, -0.000898, -0.007922, -0.000347, -4e-05, -0.000432, 0.0, 0.000942, 0.0, -0.0, 0.0], [0.007275, 0.069016, 0.02824, -0.030052, -0.007157, -0.10564, 0.02266, 0.040362, -0.047741, -0.048058, 0.009884, 0.067641, -0.115836, 0.02827, 0.0, 0.0, 0.0, 0.0, 0.0, -0.0, 0.0, -0.0, 0.0, 0.0, 1.0, 0.0, 0.0, -0.0, -0.012008, -0.112317, -0.045713, -0.071537, 0.088264, -0.115397, 0.020642, -0.009196, -0.051747, 0.041972, 0.084689, -0.100163, 0.036698, 0.119772, 0.0, -0.000636, -0.00511, 0.000459, 0.000298, 0.000542, -0.007685, -0.016543, -0.011105, -0.000179, -0.000404, -0.000843, 0.000578, -0.000471, 0.0, -4e-06, -0.001213, -1e-06, 0.0, -1e-06, -0.002056, 0.000169, -0.002383, -0.0, 0.0, -0.0, 0.0, 0.0, 0.0, -0.0, -0.000222, -0.0, 0.0, -0.0, -0.000174, 0.00022, -0.000432, 0.0, 0.0, -0.0, 0.0, 0.0, 0.0, 0.0, -1e-06, 0.0, 0.0, 0.0, -0.0, 1e-06, -1e-06, 0.0, 0.0, 0.0, 0.0, 0.0, 0.0, -0.0, -1.1e-05, -0.0, -0.0, -0.0, -1.7e-05, -1.6e-05, -1.8e-05, 0.0, 0.0, 0.0, 0.0, 0.0, 0.0, 0.0, 0.0, 0.0, 0.0, 0.0, 0.0, -0.0, 0.0, 0.0, 0.0, 0.0, 0.0, 0.0, 0.018572, 0.039387, -0.013871, -0.014093, -0.007999, 0.001607, 0.003395, 0.001971, -0.000812, -0.001844, -0.000576, -0.001198, 0.000438, 0.002841, 0.000578, -0.13787, -0.022649, 0.045893, 0.075281, -0.199433, 0.214839, 0.035097, 0.02047, 0.158976, -0.179668, -0.022134, -0.044253, -0.01975, 0.016872, -0.000459, -0.005143, -0.010422, 0.002734, 0.005236, -0.003789, 0.000221, 0.001953, 4.3e-05, -7.5e-05, 0.000134, -0.0, -0.001164, -0.0, 0.0, -0.0], [0.01185, 0.112426, 0.046002, -0.048954, -0.10564, -0.114392, 0.036913, -0.047741, -0.0081, -0.078286, 0.067641, 0.078546, -0.007697, 0.137916, 0.0, 0.0, 0.0, -0.0, -0.0, 0.0, 0.0, 0.0, -0.0, -0.0, 0.0, 1.0, 0.0, 0.0, 0.00904, 0.084562, 0.034417, 0.053859, -0.115397, 0.021872, -0.015541, -0.051747, -0.038968, -0.0316, -0.100163, 0.027062, 0.109129, -0.050834, -2e-06, 0.00399, 0.032073, -0.00288, 0.000542, -0.003015, 0.048231, -0.011105, 0.051384, 0.001122, -0.000843, 0.00475, -0.002373, -0.000881, 0.0, 8e-06, 0.002683, 2e-06, -1e-06, 2e-06, 0.004545, -0.002383, 0.004362, 0.0, -0.0, 0.0, -0.0, -0.0, 0.0, 0.0, 0.000336, 0.0, -0.0, 0.0, 0.000263, -0.000432, 0.00059, -0.0, -0.0, 0.0, -0.0, -0.0, 0.0, 0.0, 1e-06, 0.0, 0.0, 0.0, 0.0, -1e-06, 1e-06, 0.0, 0.0, 0.0, 0.0, 0.0, 0.0, 0.0, 0.000119, 0.0, -0.0, 0.0, 0.000174, -1.8e-05, 0.00017, 0.0, 0.0, 0.0, 0.0, 0.0, 0.0, 0.0, 0.0, 0.0, 0.0, 0.0, 0.0, 0.0, 0.0, 0.0, 0.0, 0.0, 0.0, 0.0, 0.008834, 0.018735, -0.006598, -0.007999, -0.001082, 0.002647, 0.005591, 0.003246, -0.001844, -0.00273, 0.021103, 0.04389, -0.01607, 0.000578, -0.018336, -0.211494, -0.034744, 0.0704, -0.199433, -0.100643, -0.111426, -0.018203, -0.010617, -0.179668, -0.094253, 0.0005, 0.001, 0.000446, -0.000459, -0.003431, 0.00332, 0.006728, -0.001765, -0.003789, 0.001813, 0.002363, 0.020842, 0.000456, 0.000134, 0.001341, 0.0, 0.001266, 0.0, -0.0, 0.0], [-0.005, -0.047435, -0.019409, 0.053617, 0.092531, -0.00552, 0.024231, 0.078058, -0.06153, -0.033105, -0.115836, -0.007697, -0.092111, -0.081629, -0.0, -0.0, -0.0, -0.0, 0.0, 0.0, 0.0, 0.0, -0.0, 0.0, 0.0, 0.0, 1.0, 0.0, 0.002811, 0.026293, 0.010701, 0.033196, 0.034386, 0.079917, 0.014886, 0.068141, 0.07553, 0.027, 0.036698, 0.109129, -0.105467, -0.044046, 1e-06, -0.002016, -0.016205, 0.001656, -0.000337, 0.001319, -0.033964, 0.008637, -0.016228, -0.001116, 0.000578, -0.002373, 0.000916, 0.000496, 0.0, -3e-06, -0.001036, -1e-06, 0.0, -1e-06, -0.002096, 0.00132, -0.001153, -0.0, 0.0, -0.0, 0.0, 0.0, 0.0, -0.0, -0.000165, -0.0, 0.0, -0.0, -0.000185, 0.000287, -0.000208, 0.0, 0.0, -0.0, 0.0, 0.0, 0.0, 0.0, -1e-06, 0.0, 0.0, 0.0, -0.0, 1e-06, -1e-06, 0.0, 0.0, 0.0, 0.0, 0.0, 0.0, -0.0, -5.8e-05, -0.0, 0.0, -0.0, -9.3e-05, 1e-05, -7.4e-05, 0.0, 0.0, 0.0, 0.0, 0.0, 0.0, 0.0, -0.0, 0.0, 0.0, 0.0, -0.0, -0.0, -0.0, 0.0, 0.0, 0.0, 0.0, 0.0, 0.007268, 0.015413, -0.006506, -0.003827, -0.00444, -0.009542, -0.020161, 0.000959, 0.008781, 0.00744, -0.011626, -0.024179, 0.010589, -0.000405, 0.008525, -0.064535, -0.010602, 0.087962, -0.202881, 0.124516, 0.102549, 0.016753, 0.126614, -0.079432, -0.212719, 0.009849, 0.019691, 0.010151, -0.005975, 0.000274, 0.008842, 0.017918, 0.001711, -0.00636, 0.008922, -0.002581, -0.022771, -0.000708, -0.000164, -0.001368, -0.0, -5.4e-05, -0.0, 0.0, 0.0], [0.009851, 0.093459, 0.038241, -0.10564, -0.009692, -0.095093, -0.047741, 0.054656, -0.006734, 0.065225, 0.02827, 0.137916, -0.081629, 0.027289, 0.0, 0.0, 0.0, -0.0, -0.0, 0.0, 0.0, 0.0, 0.0, 0.0, -0.0, 0.0, 0.0, 1.0, -0.009772, -0.091401, -0.037201, -0.115397, 0.071827, -0.023641, -0.051747, -0.007484, 0.04212, -0.093859, 0.119772, -0.050834, -0.044046, 0.034977, 0.0, -0.000659, -0.005299, 0.000542, 0.000309, 0.000498, -0.011105, -0.017153, -0.008489, -0.000365, -0.000471, -0.000881, 0.000496, -0.000438, 0.0, -4e-06, -0.001178, -1e-06, 0.0, -1e-06, -0.002383, 0.000164, -0.001915, -0.0, 0.0, -0.0, 0.0, 0.0, 0.0, -0.0, -0.000386, -0.0, 0.0, -0.0, -0.000432, 0.000383, -0.000677, 0.0, 0.0, -0.0, 0.0, 0.0, 0.0, 0.0, -3e-06, 0.0, 0.0, 0.0, -1e-06, 2e-06, -3e-06, 0.0, 0.0, 0.0, 0.0, 0.0, 0.0, -0.0, -1.1e-05, -0.0, -0.0, -0.0, -1.8e-05, -1.6e-05, -1.6e-05, 0.0, 0.0, 0.0, 0.0, 0.0, 0.0, 0.0, 0.0, 0.0, 0.0, 0.0, 0.0, -0.0, 0.0, 0.0, 0.0, 0.0, 0.0, 0.0, 0.008935, 0.01895, -0.007999, -0.006781, -0.001094, 0.018349, 0.038766, -0.001844, -0.009273, -0.018928, -0.000635, -0.00132, 0.000578, 0.003133, 0.000552, 0.146318, 0.024037, -0.199433, -0.079894, 0.069628, -0.145518, -0.023773, -0.179668, -0.107681, -0.12309, -0.000445, -0.000891, -0.000459, 0.00034, 0.003055, -0.019576, -0.039668, -0.003789, 0.01993, -0.010691, 0.000488, 0.004305, 0.000134, -0.000164, 0.000277, 