{"HF": -363.67059851473, "coordinates": [[-0.003766831, 1.439509083, -0.182624287], [1.302168922, 0.752735722, 0.025030728], [2.029614071, 0.784535669, 1.355397148], [1.1324462, 1.156672508, 2.552998507], [0.742303414, -0.327661383, 2.432542114], [-0.331080187, -0.560427701, 1.360408809], [0.038662982, -0.004297988, 0.042808516], [2.045790559, -0.60169081, 1.838423265], [-0.385228775, 2.095465548, 0.594816586], [-0.298809023, 1.729058471, -1.188624689], [1.937350198, 0.547531946, -0.834936052], [3.033842053, 1.20869394, 1.285272357], [1.734360288, 1.340581256, 3.444118172], [0.368292982, 1.927614715, 2.454558321], [0.562080887, -0.919095777, 3.33457463], [-0.452950601, -1.641065131, 1.224655519], [-1.297990024, -0.157597088, 1.686420373]], "elements": ["C", "C", "C", "C", "C", "C", "N", "O", "H", "H", "H", "H", "H", "H", "H", "H", "H"], "Enn": 400.2056081326, "S": [[1.0, 0.325565, 0.151774, -0.0, -0.0, 0.0, -0.0, -0.0, 0.0, -0.0, 0.0, -0.0, -0.0, 0.0, 0.0, 0.017123, 0.055263, -0.003161, -0.019877, 0.010453, -0.015558, -0.097842, 0.051454, -0.010713, 0.004813, -0.002531, 0.010949, -0.015918, 0.0, 3.4e-05, 0.006488, -7e-06, -9e-06, 3e-06, -0.009573, -0.012656, 0.004077, 0.0, 1e-06, -0.0, 0.0, -0.0, 0.0, 3e-06, 0.002702, -0.0, -0.0, 0.0, -0.006159, -0.002558, 0.000637, 0.0, 0.0, -0.0, 0.0, -0.0, 0.0, 0.0, 0.001268, -0.0, -0.0, 0.0, -0.002445, -0.000698, 0.001652, 0.0, 0.0, -0.0, -0.0, -0.0, 0.0, 6.1e-05, 0.00793, -1.4e-05, 3e-06, 1.8e-05, -0.012126, 0.002572, 0.015716, 0.0, -0.0, -2e-06, -1e-06, 0.0, -0.0, 0.007576, 0.049256, 0.00129, 0.000243, -0.008263, -0.016743, -0.003151, 0.107231, -0.005559, 9.3e-05, -0.003158, -0.010103, -0.000594, 0.0, 0.0, 5e-06, 0.0, 0.0, 0.0, -9e-06, -9e-06, 9e-06, 0.0, 0.0, 0.0, 0.0, 0.0, 0.051175, 0.087423, -0.060647, 0.029757, -0.05117, 0.050969, 0.087322, 0.077956, 0.022863, -0.022437, 0.000205, 0.017346, 5e-06, -1.6e-05, 7e-06, 0.0, 0.001124, 0.0, 0.0, 0.0, 0.0, 0.00015, 0.0, 0.0, 0.0, 7e-06, 0.006417, -0.0, -0.0, -0.0, 0.0, 6.2e-05, 0.0, 0.0, 0.0, 0.0, 0.001016, 0.0, 0.0, 0.0, 4e-06, 0.005443, -0.0, 0.0, 0.0], [0.325565, 1.0, 0.798485, 0.0, 0.0, 0.0, 0.0, 0.0, 0.0, 0.0, 0.0, 0.0, -0.0, 0.0, 0.017123, 0.202818, 0.36488, -0.031901, -0.200622, 0.105504, -0.078012, -0.490617, 0.258009, -0.084781, 0.038091, -0.020032, 0.086652, -0.125978, 3.4e-05, 0.006879, 0.069311, -0.004445, -0.005877, 0.001893, -0.089827, -0.118758, 0.038253, 7.5e-05, 0.004868, -0.001568, 0.002884, -0.002073, 3e-06, 0.001724, 0.035143, -0.001591, -0.000661, 0.000165, -0.074637, -0.031, 0.007717, 0.000969, 0.000768, -0.000191, 0.00015, -7.9e-05, 0.0, 0.000522, 0.019541, -0.000382, -0.000109, 0.000258, -0.036961, -0.010544, 0.024976, 0.000145, 9.8e-05, -0.000232, -6.5e-05, -6.6e-05, 6.1e-05, 0.009447, 0.080985, -0.006446, 0.001367, 0.008355, -0.107295, 0.02276, 0.139066, 0.000449, -0.001199, -0.007325, -0.00462, 0.001554, -0.014492, 0.157355, 0.338465, 0.024896, 0.004686, -0.15945, -0.081627, -0.015363, 0.522786, -0.064895, 0.001083, -0.036866, -0.117954, -0.006939, -0.0, 6e-06, 0.000926, -3e-06, -3e-06, 3e-06, -0.001588, -0.00161, 0.001604, -0.0, 5e-06, -5e-06, 0.0, -6e-06, 0.372207, 0.523498, -0.260912, 0.12802, -0.220141, 0.371398, 0.523022, 0.33674, 0.09876, -0.096921, 0.019256, 0.146577, 0.005736, -0.017069, 0.007844, 0.000146, 0.017, -2.7e-05, -5.6e-05, 4e-06, 4e-06, 0.003476, -1e-06, -0.0, 0.0, 0.003246, 0.067, -0.00247, -0.000348, -0.000457, 1e-06, 0.001741, -0.0, -0.0, 0.0, 0.000122, 0.015705, -2.1e-05, 7e-06, 4.5e-05, 0.00242, 0.058858, -0.001208, 0.000837, 0.001032], [0.151774, 0.798485, 1.0, 0.0, -0.0, 0.0, 0.0, 0.0, -0.0, -0.0, 0.0, 0.0, -0.0, -0.0, 0.055263, 0.36488, 0.595153, -0.028592, -0.179814, 0.094562, -0.080597, -0.50687, 0.266556, -0.032406, 0.01456, -0.007657, 0.033121, -0.048153, 0.006488, 0.069311, 0.197989, -0.034962, -0.046223, 0.014889, -0.182487, -0.241262, 0.077713, 0.000391, 0.025323, -0.008157, 0.015003, -0.010784, 0.002702, 0.035143, 0.126238, -0.029826, -0.012388, 0.003084, -0.199923, -0.083036, 0.02067, 0.014664, 0.011612, -0.002891, 0.002262, -0.001201, 0.001268, 0.019541, 0.085562, -0.015121, -0.004314, 0.010218, -0.125725, -0.035868, 0.084958, 0.005526, 0.003736, -0.008849, -0.002457, -0.002524, 0.00793, 0.080985, 0.219501, -0.041515, 0.008806, 0.053808, -0.204589, 0.043398, 0.265169, 0.001828, -0.004883, -0.029835, -0.018817, 0.006329, -0.045006, 0.299722, 0.541889, 0.021884, 0.004119, -0.140161, -0.075889, -0.014284, 0.486041, -0.023199, 0.000387, -0.013179, -0.042167, -0.00248, -0.000315, 0.003839, 0.019644, -0.001943, -0.00197, 0.001962, -0.02243, -0.022746, 0.022654, -2.3e-05, 0.00166, -0.001653, 7e-06, -0.001676, 0.456811, 0.765655, -0.13335, 0.06543, -0.112512, 0.456353, 0.765186, 0.172365, 0.050551, -0.04961, 0.112275, 0.32441, 0.024225, -0.072087, 0.033125, 0.010595, 0.075848, -0.004092, -0.008467, 0.000643, 0.001877, 0.025998, -0.0015, -0.000719, 4.1e-05, 0.04753, 0.191314, -0.038219, -0.005392, -0.007074, 0.000884, 0.016304, -0.000633, -0.000102, 0.000425, 0.009717, 0.0719, -0.003566, 0.001138, 0.007807, 0.041236, 0.175302, -0.023181, 0.016051, 0.019808], [-0.0, 0.0, 0.0, 1.0, 0.0, 0.0, 0.531899, 0.0, 0.0, 0.0, -0.0, 0.0, -0.0, -0.0, 0.003161, 0.031901, 0.028592, 0.068898, -0.043233, 0.022735, 0.194929, -0.047697, 0.025083, -0.045099, -0.096045, 0.050509, 0.025931, -0.0377, 7e-06, 0.004445, 0.034962, -0.002436, -0.004102, 0.001321, -0.027502, -0.071205, 0.022936, -0.000515, 0.002936, -0.000946, 0.002126, -0.001528, 0.0, 0.001591, 0.029826, -0.001377, -0.000614, 0.000153, -0.062619, -0.030777, 0.007661, 0.000747, 0.000638, -0.000159, 0.000132, -7e-05, 0.0, 0.000382, 0.015121, -0.000245, -7.5e-05, 0.000179, -0.027413, -0.00942, 0.022312, 7.2e-05, 5.5e-05, -0.000131, -3.9e-05, -4e-05, 1.4e-05, 0.006446, 0.041515, -0.003801, 0.001025, 0.006261, -0.033732, 0.013921, 0.085057, -0.000591, -0.000796, -0.004864, -0.003744, 0.001259, -0.002986, 0.030588, 0.038035, -0.045116, 0.001217, -0.041427, 0.186567, -0.002177, 0.07407, -0.039554, -0.002395, 0.081487, -0.040992, -0.002411, -0.0, 1e-06, 0.000541, -1e-06, -1e-06, 1e-06, -0.000828, -0.001031, 0.001027, -0.0, 1e-06, -1e-06, 0.0, -1e-06, 0.282741, 0.149116, -0.107654, 0.154415, -0.26553, -0.364837, -0.192765, -0.318715, -0.153991, 0.151124, -0.0066, -0.03161, 2e-05, 0.006572, -0.00302, 5e-05, 0.006984, -5e-06, -1.3e-05, 1e-06, 2e-06, 0.003135, -0.0, -0.0, 0.0, 0.003333, 0.05493, -0.002218, -0.000334, -0.000438, 0.0, 0.001448, -0.0, -0.0, 0.0, 3.9e-05, 0.006148, -3e-06, 1e-06, 1e-05, 0.001678, 0.033857, -0.000664, 0.000524, 0.000647], [-0.0, 0.0, -0.0, 0.0, 1.0, 0.0, 0.0, 0.531899, 0.0, 0.0, 0.0, -0.0, -0.0, 0.0, 0.019877, 0.200622, 0.179814, -0.043233, -0.196116, 0.142982, -0.047697, -0.097452, 0.157747, -0.097526, 0.054603, -0.0377, 0.055635, -0.180588, 9e-06, 0.005877, 0.046223, -0.004102, -0.004757, 0.001747, -0.071205, -0.067782, 0.030323, 0.00045, 0.00425, -0.001528, 0.002158, -0.00181, 0.0, 0.000661, 0.012388, -0.000614, -0.000154, 6.3e-05, -0.030777, -0.0013, 0.003182, 0.000378, 0.000187, -7e-05, 1.6e-05, -1.9e-05, 0.0, 0.000109, 0.004314, -7.5e-05, -2e-06, 5.1e-05, -0.00942, 0.002919, 0.006365, 2.7e-05, 4e-06, -4e-05, -1.5e-05, -3e-06, -3e-06, -0.001367, -0.008806, 0.001025, 0.000812, -0.001328, 0.013921, 0.02894, -0.018043, -0.000178, -0.000621, 0.001259, 0.00097, 0.000805, -0.000562, 0.005757, 0.007159, 0.001217, -0.051355, -0.007797, -0.002177, 0.197722, 0.013941, -0.002645, -0.014653, -0.002411, -0.010486, 0.093845, -0.0, 1e-06, 0.000549, -1e-06, -1e-06, 1e-06, -0.001031, -0.000857, 0.001041, 0.0, 1e-06, -1e-06, -0.0, -1e-06, -0.138731, -0.073166, 0.154415, 0.131287, 0.130286, -0.107, -0.056534, -0.153991, 0.161184, 0.044322, 0.019641, 0.094063, 0.006572, -0.017328, 0.008986, 0.000104, 0.014451, -1.3e-05, -2.5e-05, 2e-06, 1e-06, 0.001503, -0.0, -0.0, 0.0, 0.00047, 0.00775, -0.000334, 9.9e-05, -6.2e-05, 0.0, 0.000233, -0.0, 0.0, 0.0, -1.3e-05, -0.001962, 1e-06, 1e-06, -3e-06, -0.001162, -0.023444, 0.000524, -0.00027, -0.000448], [0.0, 0.0, 0.0, 0.0, 0.0, 1.0, 0.0, 0.0, 0.531899, -0.0, -0.0, 0.0, -0.0, -0.0, -0.010453, -0.105504, -0.094562, 0.022735, 0.142982, 0.00058, 0.025083, 0.157747, 0.119556, 0.051287, -0.0377, 0.002741, -0.142265, 0.017239, -3e-06, -0.001893, -0.014889, 0.001321, 0.001747, 0.000104, 0.022936, 0.030323, 0.01659, -0.000145, -0.001528, -1e-06, -0.001116, -2e-06, -0.0, -0.000165, -0.003084, 0.000153, 6.3e-05, 8.5e-05, 0.007661, 0.003182, 0.010691, -9.4e-05, -7e-05, -7.6e-05, -2.3e-05, -3.2e-05, -0.0, -0.000258, -0.010218, 0.000179, 5.1e-05, -0.000101, 0.022312, 0.006365, -0.009471, -6.4e-05, -4e-05, 8.1e-05, 1.7e-05, 2.3e-05, -1.8e-05, -0.008355, -0.053808, 0.006261, -0.001328, -0.007086, 0.085057, -0.018043, -0.07835, -0.00109, 0.001259, 0.006867, 0.00378, -0.001457, 0.019125, -0.195903, -0.243601, -0.041427, -0.007797, 0.213736, 0.07407, 0.013941, -0.276255, 0.089997, -0.002411, 0.067331, 0.168236, 0.012673, 0.0, -1e-06, -0.000547, 1e-06, 1e-06, -1e-06, 0.001027, 0.001041, -0.000848, -0.0, -1e-06, 1e-06, -0.0, 1e-06, 0.238559, 0.125815, -0.26553, 0.130286, -0.016985, 0.105008, 0.055482, 0.151124, 0.044322, 0.162849, -0.009025, -0.043224, -0.00302, 0.008986, -0.001901, -8e-06, -0.001098, 1e-06, 2e-06, 1e-06, -0.0, -8.6e-05, 0.0, 0.0, 0.0, 0.000617, 0.010167, -0.000438, -6.2e-05, 6.5e-05, -0.0, -0.000971, 0.0, 0.0, -0.0, -8.6e-05, -0.013459, 1e-05, -3e-06, -2e-05, -0.001434, -0.028931, 0.000647, -0.000448, -0.000459], [-0.0, 0.0, 0.0, 0.531899, 0.0, 0.0, 1.0, 0.0, 0.0, 0.0, -0.0, 0.0, 0.0, 0.0, 0.015558, 0.078012, 0.080597, 0.194929, -0.047697, 0.025083, 0.533077, -0.080721, 0.04245, -0.03205, -0.113388, 0.059629, 0.010604, -0.015417, 0.009573, 0.089827, 0.182487, -0.027502, -0.071205, 0.022936, -0.043822, -0.257851, 0.083056, -0.017875, 0.024818, -0.007994, 0.027312, -0.019632, 0.006159, 0.074637, 0.199923, -0.062619, -0.030777, 0.007661, -0.275569, -0.15161, 0.03774, 0.028924, 0.028824, -0.007175, 0.006574, -0.003489, 0.002445, 0.036961, 0.125725, -0.027413, -0.00942, 0.022312, -0.155098, -0.060461, 0.14321, 0.007875, 0.007944, -0.018816, -0.006217, -0.006388, 0.012126, 0.107295, 0.204589, -0.033732, 0.013921, 0.085057, -0.05086, 0.046965, 0.286965, -0.019401, -0.004949, -0.030238, -0.035229, 0.011849, -0.01395, 0.076299, 0.095783, -0.137401, 0.001279, -0.043508, 0.46695, -0.00297, 0.101057, -0.026372, -0.002785, 0.09476, -0.015313, -0.000901, -0.000405, 0.005184, 0.025404, -0.002219, -0.003023, 0.003011, -0.021143, -0.032911, 0.032777, -0.000882, 0.002182, -0.002173, 1.2e-05, -0.002951, 0.404295, 0.379504, 0.119942, 0.072949, -0.125441, -0.522558, -0.490751, 0.019651, -0.072919, 0.071561, -0.069254, -0.126621, 0.028663, 0.054453, -0.025022, 0.01088, 0.059835, -0.002389, -0.010022, 0.000762, 0.003836, 0.046819, -0.003082, -0.001611, 9.2e-05, 0.106077, 0.290333, -0.086266, -0.014438, -0.018941, 0.001596, 0.027508, -0.001117, -0.000197, 0.000822, 0.009462, 0.054164, -0.001791, 0.001275, 0.008742, 0.064049, 0.187332, -0.029587, 0.029804, 0.036779], [-0.0, 0.0, 0.0, 0.0, 0.531899, 0.0, 0.0, 1.0, 0.0, 0.0, 0.0, 0.0, -0.0, 0.0, 0.097842, 0.490617, 0.50687, -0.047697, -0.097452, 0.157747, -0.080721, 0.038263, 0.266966, 0.002907, 0.010545, -0.015417, -0.051361, -0.034874, 0.012656, 0.118758, 0.241262, -0.071205, -0.067782, 0.030323, -0.257851, -0.189685, 0.109807, 0.013229, 0.04485, -0.019632, 0.014827, -0.0191, 0.002558, 0.031, 0.083036, -0.030777, -0.0013, 0.003182, -0.15161, 0.026487, 0.015675, 0.020543, 0.00216, -0.003489, -0.002194, -0.000223, 0.000698, 0.010544, 0.035868, -0.00942, 0.002919, 0.006365, -0.060461, 0.039584, 0.040856, 0.004861, -0.002594, -0.006388, -0.003283, 0.001753, -0.002572, -0.02276, -0.043398, 0.013921, 0.02894, -0.018043, 0.046965, 0.160583, -0.060872, -0.003147, -0.017827, 0.011849, 0.011666, 0.023105, -0.002626, 0.014361, 0.018028, 0.001279, -0.143953, -0.008189, -0.00297, 0.48217, 0.01902, 0.000103, -0.015516, -0.000901, -0.005808, 0.099376, -0.000411, 0.005257, 0.025763, -0.003023, -0.002304, 0.003054, -0.032911, -0.022065, 0.033239, 0.000386, 0.002234, -0.002951, -0.000727, -0.002256, -0.198373, -0.186209, 0.072949, 0.232822, 0.061549, -0.153257, -0.143929, -0.072919, 0.246895, 0.020988, 0.206083, 0.376793, 0.054453, -0.115076, 0.074459, 0.022515, 0.123821, -0.010022, -0.018285, 0.001576, 0.001838, 0.022438, -0.001611, -0.000493, 4.4e-05, 0.014966, 0.040961, -0.014438, 0.014032, -0.002672, 0.000257, 0.004426, -0.000197, 7.6e-05, 0.000132, -0.00302, -0.017288, 0.001275, 0.001795, -0.00279, -0.044351, -0.129718, 0.029804, -0.007183, -0.025468], [0.0, 0.0, -0.0, 0.0, 0.0, 0.531899, 0.0, 0.0, 1.0, -0.0, 0.0, 0.0, -0.0, -0.0, -0.051454, -0.258009, -0.266556, 0.025083, 0.157747, 0.119556, 0.04245, 0.266966, 0.405519, -0.001529, -0.015417, -0.010664, -0.097151, -0.067063, -0.004077, -0.038253, -0.077713, 0.022936, 0.030323, 0.01659, 0.083056, 0.109807, 0.115843, -0.004261, -0.019632, -0.009774, -0.018486, -0.012921, -0.000637, -0.007717, -0.02067, 0.007661, 0.003182, 0.010691, 0.03774, 0.015675, 0.085555, -0.005114, -0.003489, -0.010988, -0.001906, -0.004564, -0.001652, -0.024976, -0.084958, 0.022312, 0.006365, -0.009471, 0.14321, 0.040856, -0.03994, -0.011514, -0.006388, 0.00984, 0.000626, 0.002807, -0.015716, -0.139066, -0.265169, 0.085057, -0.018043, -0.07835, 0.286965, -0.060872, -0.201392, -0.019227, 0.011849, 0.05263, 0.020041, -0.011164, 0.089345, -0.488662, -0.613453, -0.043508, -0.008189, 0.134458, 0.101057, 0.01902, -0.164501, -0.003515, -0.000901, 0.01511, -0.001472, 0.002844, 0.000409, -0.005236, -0.025658, 0.003011, 0.003054, -0.002279, 0.032777, 0.033239, -0.021793, -0.000384, -0.002951, 0.002209, -0.000748, 0.002241, 0.341119, 0.320202, -0.125441, 0.061549, 0.162776, 0.150404, 0.141249, 0.071561, 0.020988, 0.247684, -0.094699, -0.173143, -0.025022, 0.074459, 0.012747, -0.001711, -0.009409, 0.000762, 0.001576, 0.002335, -0.000105, -0.001277, 9.2e-05, 4.4e-05, 0.000277, 0.019633, 0.053737, -0.018941, -0.002672, 0.012563, -0.00107, -0.018447, 0.000822, 0.000132, -0.000443, -0.020714, -0.118567, 0.008742, -0.00279, -0.016934, -0.05473, -0.160076, 0.036779, -0.025468, -0.017973], [-0.0, 0.0, -0.0, 0.0, 0.0, -0.0, 0.0, 0.0, -0.0, 1.0, 0.0, 0.0, 0.0, 0.0, -0.010713, -0.084781, -0.032406, 0.045099, 0.097526, -0.051287, 0.03205, -0.002907, 0.001529, 0.072808, -0.074792, 0.039332, -0.042109, 0.061219, 0.0, 7.5e-05, 0.000391, 0.000515, -0.00045, 0.000145, 0.017875, -0.013229, 0.004261, -0.00062, -0.000197, 6.4e-05, 0.000344, -0.000247, 0.0, 0.000969, 0.014664, -0.000747, -0.000378, 9.4e-05, -0.028924, -0.020543, 0.005114, 0.000311, 0.000303, -7.6e-05, 6.9e-05, -3.6e-05, 0.0, 0.000145, 0.005526, -7.2e-05, -2.7e-05, 6.4e-05, -0.007875, -0.004861, 0.011514, 1.2e-05, 1.3e-05, -3e-05, -1e-05, -1.1e-05, 0.0, 0.000449, 0.001828, 0.000591, 0.000178, 0.00109, 0.019401, 0.003147, 0.019227, -0.001104, 5e-06, 3.1e-05, -0.00089, 0.000299, 0.009045, -0.086923, -0.051488, -0.041554, -0.003076, 0.104674, 0.050218, 0.000648, -0.022065, 0.062046, -0.002395, 0.081486, 0.072249, 0.00425, 0.0, -0.0, -6e-06, 0.0, -0.0, 0.0, 0.000167, -6.8e-05, 6.7e-05, -0.0, -0.0, 0.0, 0.0, -0.0, 0.081311, 0.013046, 0.154033, 0.131343, -0.225856, 0.237206, 0.038153, 0.117258, 0.193813, -0.190205, -0.007389, -0.01814, -0.003735, 0.00655, -0.00301, -1.4e-05, -0.002126, 1e-06, 1e-06, -0.0, 1e-06, 0.001654, -0.0, -0.0, 0.0, 0.002452, 0.027286, -0.001263, -0.000209, -0.000274, 0.0, 0.000613, -0.0, -0.0, 0.0, -1.2e-05, -0.002241, 1e-06, -0.0, -1e-06, 0.000337, 0.004808, -5.8e-05, 0.000102, 0.000125], [0.0, 0.0, 0.0, -0.0, 0.0, -0.0, -0.0, 0.0, 0.0, 0.0, 1.0, -0.0, 0.0, 0.0, 0.004813, 0.038091, 0.01456, 0.096045, -0.054603, 0.0377, 0.113388, -0.010545, 0.015417, -0.074792, -0.142405, 0.094229, 0.024774, -0.06617, 1e-06, 0.004868, 0.025323, -0.002936, -0.00425, 0.001528, -0.024818, -0.04485, 0.019632, -0.000197, 0.003131, -0.001102, 0.001929, -0.001565, 0.0, 0.000768, 0.011612, -0.000638, -0.000187, 7e-05, -0.028824, -0.00216, 0.003489, 0.000303, 0.000176, -6e-05, 2.1e-05, -1.9e-05, 0.0, 9.8e-05, 0.003736, -5.5e-05, -4e-06, 4e-05, -0.007944, 0.002594, 0.006388, 1.3e-05, 3e-06, -2.1e-05, -8e-06, -2e-06, -0.0, -0.001199, -0.004883, 0.000796, 0.000621, -0.001259, 0.004949, 0.017827, -0.011849, 5e-06, -0.00038, 0.001025, 0.000894, 0.000578, -0.000151, 0.001451, 0.00086, -0.002326, -0.014478, -0.002646, 0.004765, 0.026945, 0.002035, -0.002395, 0.027449, 0.005368, -0.004303, 0.033814, 0.0, 0.0, 0.000402, -0.0, -0.0, 0.0, -0.000684, -0.000697, 0.000829, -0.0, 0.0, -0.0, -0.0, -0.0, -0.131955, -0.021172, 0.086819, 0.142262, 0.174051, 0.131608, 0.021168, 0.174076, -0.23579, -0.076595, -0.00873, -0.021432, -0.000568, 0.00865, -0.004382, 4.2e-05, 0.006606, -2e-06, -5e-06, 0.0, 0.0, 0.001552, -0.0, -0.0, 0.0, 0.000616, 0.006853, -0.000336, 7.6e-05, -6.5e-05, 0.0, 0.000224, -0.0, 0.0, 0.0, -5e-06, -0.000856, 0.0, 0.0, -1e-06, -0.001022, -0.014593, 0.00032, -0.000195, -0.000304], [-0.0, 0.0, 0.0, 0.0, -0.0, 0.0, 0.0, 0.0, 0.0, 0.0, -0.0, 1.0, 0.0, 0.0, -0.002531, -0.020032, -0.007657, -0.050509, 0.0377, -0.002741, -0.059629, 0.015417, 0.010664, 0.039332, 0.094229, -0.012778, -0.047205, 0.01129, -0.0, -0.001568, -0.008157, 0.000946, 0.001528, 1e-06, 0.007994, 0.019632, 0.009774, 6.4e-05, -0.001102, 6.5e-05, -0.000911, 0.000101, -0.0, -0.000191, -0.002891, 0.000159, 7e-05, 7.6e-05, 0.007175, 0.003489, 0.010988, -7.6e-05, -6e-05, -5.1e-05, -1.9e-05, -2.2e-05, -0.0, -0.000232, -0.008849, 0.000131, 4e-05, -8.1e-05, 0.018816, 0.006388, -0.00984, -3e-05, -2.1e-05, 4.4e-05, 1e-05, 1.3e-05, -2e-06, -0.007325, -0.029835, 0.004864, -0.001259, -0.006867, 0.030238, -0.011849, -0.05263, 3.1e-05, 0.001025, 0.005714, 0.003798, -0.001421, 0.005138, -0.04938, -0.029249, 0.079163, -0.002646, 0.075484, -0.162138, 0.002035, -0.042256, 0.081486, 0.005368, -0.155068, 0.078412, 0.005614, 0.0, -0.0, -0.0004, 0.0, 0.0, -0.0, 0.000681, 0.000829, -0.00069, 0.0, -0.0, 0.0, -0.0, 0.0, 0.226909, 0.036407, -0.149292, 0.174051, -0.055816, -0.129157, -0.020774, -0.170835, -0.076595, -0.238669, 0.004011, 0.009848, 0.000261, -0.004382, 0.001128, -3e-06, -0.000502, 0.0, 0.0, 0.0, -0.0, -8.8e-05, 0.0, 0.0, 0.0, 0.000808, 0.008991, -0.000441, -6.5e-05, 4e-05, -0.0, -0.000934, 0.0, 0.0, -0.0, -3.2e-05, -0.005872, 1e-06, -1e-06, -4e-06, -0.001261, -0.018008, 0.000394, -0.000304, -0.000323], [-0.0, -0.0, -0.0, -0.0, -0.0, -0.0, 0.0, -0.0, -0.0, 0.0, 0.0, 0.0, 1.0, 0.0, 0.010949, 0.086652, 0.033121, -0.025931, -0.055635, 0.142265, -0.010604, 0.051361, 0.097151, -0.042109, 0.024774, -0.047205, -0.088651, -0.189401, 0.0, 0.002884, 0.015003, -0.002126, -0.002158, 0.001116, -0.027312, -0.014827, 0.018486, 0.000344, 0.001929, -0.000911, 0.000804, -0.001013, 0.0, 0.00015, 0.002262, -0.000132, -1.6e-05, 2.3e-05, -0.006574, 0.002194, 0.001906, 6.9e-05, 2.1e-05, -1.9e-05, 0.0, -5e-06, -0.0, -6.5e-05, -0.002457, 3.9e-05, 1.5e-05, -1.7e-05, 0.006217, 0.003283, -0.000626, -1e-05, -8e-06, 1e-05, 1e-06, 4e-06, -1e-06, -0.00462, -0.018817, 0.003744, -0.00097, -0.00378, 0.035229, -0.011666, -0.020041, -0.00089, 0.000894, 0.003798, 0.001907, -0.000982, 0.016441, -0.157993, -0.093585, -0.044981, -0.011206, 0.194861, 0.0346, 0.011595, -0.048649, 0.072249, -0.004303, 0.078412, 0.174612, 0.021159, 0.0, 0.0, 2e-06, -0.0, 0.0, 0.0, -3e-06, 0.000133, 0.00014, 0.0, -0.0, -0.0, -0.0, -0.0, -0.063353, -0.010165, 0.099039, -0.168061, -0.121869, 0.000712, 0.000115, 0.001439, -0.091621, -0.090744, 0.010246, 0.025155, 0.003761, -0.008557, 0.006355, 4.4e-05, 0.006795, -3e-06, -5e-06, 0.0, 0.0, 0.000371, -0.0, -0.0, 0.0, -3.1e-05, -0.000349, 1.8e-05, 2e-05, -2e-05, -0.0, -0.000295, 0.0, 0.0, -0.0, -3.5e-05, -0.00629, 2e-06, -1e-06, -4e-06, -0.000185, -0.002642, 6.4e-05, -8e-05, -1.1e-05], [0.0, 0.0, -0.0, -0.0, 0.0, -0.0, 0.0, 0.0, -0.0, 0.0, 0.0, 0.0, 0.0, 1.0, -0.015918, -0.125978, -0.048153, 0.0377, 0.180588, -0.017239, 0.015417, 0.034874, 0.067063, 0.061219, -0.06617, 0.01129, -0.189401, 0.056431, -0.0, -0.002073, -0.010784, 0.001528, 0.00181, 2e-06, 0.019632, 0.0191, 0.012921, -0.000247, -0.001565, 0.000101, -0.001013, 0.000123, -0.0, -7.9e-05, -0.001201, 7e-05, 1.9e-05, 3.2e-05, 0.003489, 0.000223, 0.004564, -3.6e-05, -1.9e-05, -2.2e-05, -5e-06, -7e-06, -0.0, -6.6e-05, -0.002524, 4e-05, 3e-06, -2.3e-05, 0.006388, -0.001753, -0.002807, -1.1e-05, -2e-06, 1.3e-05, 4e-06, 1e-06, 0.0, 0.001554, 0.006329, -0.001259, -0.000805, 0.001457, -0.011849, -0.023105, 0.011164, 0.000299, 0.000578, -0.001421, -0.000982, -0.000683, 0.000967, -0.009294, -0.005505, -0.002646, 0.092724, 0.014207, 0.002035, -0.17257, -0.007953, 0.00425, 0.033814, 0.005614, 0.021159, -0.183838, 0.0, -0.0, -0.000406, 0.0, 0.0, -0.0, 0.000829, 0.000704, -0.0007, -0.0, -0.0, 0.0, -0.0, 0.0, -0.111336, -0.017864, 0.174051, 0.120032, 0.027387, -0.03788, -0.006093, -0.076595, 0.067866, -0.069997, -0.011937, -0.029306, -0.004382, 0.011829, -0.003356, -7e-06, -0.001039, 0.0, 1e-06, 0.0, -0.0, -4.2e-05, 0.0, 0.0, 0.0, 0.000114, 0.001268, -6.5e-05, 1.4e-05, 6e-06, -0.0, -0.00015, 0.0, -0.0, -0.0, 1e-05, 0.001874, -1e-06, -0.0, 1e-06, 0.000873, 0.01247, -0.000304, 0.000166, 0.000224], [0.0, 0.017123, 0.055263, 0.003161, 0.019877, -0.010453, 0.015558, 0.097842, -0.051454, -0.010713, 0.004813, -0.002531, 0.010949, -0.015918, 1.0, 0.325565, 0.151774, 0.0, 0.0, 0.0, 0.0, 0.0, -0.0, -0.0, 0.0, 0.0, -0.0, 0.0, 0.0, 0.015406, 0.053292, -0.017603, -0.009626, -0.000421, -0.095556, -0.05225, -0.002284, 0.012699, 0.014146, 0.000618, 0.00386, 0.000338, 0.0, 5.4e-05, 0.007595, -2e-05, 1e-06, -3e-06, -0.018896, 0.001269, -0.003019, 2e-06, -0.0, 1e-06, -0.0, -0.0, 0.0, 2.2e-05, 0.005539, -6e-06, 1e-06, 3e-06, -0.012471, 0.0029, 0.005596, 0.0, -0.0, -0.0, -0.0, 0.0, 0.0, 9.3e-05, 0.009142, -2.1e-05, 2.6e-05, 2.1e-05, -0.012379, 0.01514, 0.012173, -0.0, -3e-06, -2e-06, 1e-06, 3e-06, -0.0, 0.00713, 0.048229, 9.4e-05, -0.00668, -0.004003, -0.001288, 0.091569, 0.054864, -0.005523, -0.000198, -0.000119, 0.004514, 0.008438, 0.0, 1e-06, 0.001779, -0.0, -0.0, 0.0, -0.004348, -0.001783, 0.003248, 0.0, 0.0, -0.0, -0.0, -0.0, 0.000209, 0.017451, -5e-06, 1.4e-05, -1.1e-05, 0.000205, 0.017344, 1e-05, 1.3e-05, -8e-06, 0.050804, 0.087241, 0.066284, -0.048958, 0.015817, 0.000271, 0.018838, -1.6e-05, -2.2e-05, -6e-06, 0.0, 0.000805, 0.0, 0.0, 0.0, 2e-06, 0.004523, -0.0, 0.0, -0.0, 0.0, 0.000334, 0.0, 0.0, 0.0, 0.0, 0.001859, -0.0, 0.0, 0.0, 0.0, 0.001782, -0.0, 0.0, 0.0], [0.017123, 0.202818, 0.36488, 0.031901, 0.200622, -0.105504, 0.078012, 0.490617, -0.258009, -0.084781, 0.038091, -0.020032, 0.086652, -0.125978, 0.325565, 1.0, 0.798485, 0.0, 0.0, -0.0, 0.0, 0.0, 0.0, 0.0, 0.0, 0.0, -0.0, 0.0, 0.015406, 0.191512, 0.354751, -0.190826, -0.104344, -0.004561, -0.484273, -0.264801, -0.011576, 0.113065, 0.125947, 0.005506, 0.034368, 0.003011, 5.4e-05, 0.008825, 0.078323, -0.009757, 0.000655, -0.001559, -0.16932, 0.011368, -0.027055, 0.007879, -0.00093, 0.002214, -0.000146, -0.000149, 2.2e-05, 0.005359, 0.061311, -0.005207, 0.001211, 0.002337, -0.122554, 0.0285, 0.054997, 0.003258, -0.001505, -0.002904, -0.000477, 0.000675, 9.3e-05, 0.011827, 0.090429, -0.007245, 0.008861, 0.007124, -0.105072, 0.12851, 0.103325, -0.000763, -0.006981, -0.005613, 0.001509, 0.006865, -0.013865, 0.153032, 0.33345, 0.001901, -0.135136, -0.080967, -0.006331, 0.449983, 0.269609, -0.068583, -0.00246, -0.001474, 0.056047, 0.104774, -8.9e-05, 0.003931, 0.040571, -0.00349, -0.001431, 0.002607, -0.075119, -0.030804, 0.056106, 0.002349, 0.002619, -0.00477, -0.001244, -0.001956, 0.019466, 0.147273, -0.005079, 0.015041, -0.011969, 0.019253, 0.146565, 0.01067, 0.014075, -0.008584, 0.37075, 0.522641, 0.287258, -0.212172, 0.068545, 0.022337, 0.156409, -0.013344, -0.018336, -0.004828, 8.1e-05, 0.013066, -3e-05, -4e-06, -5e-06, 0.00174, 0.050877, -0.001035, 0.000398, -0.000501, 1.7e-05, 0.006534, -4e-06, 1e-06, 2e-06, 0.000357, 0.025262, -6.9e-05, 0.000101, 0.000138, 0.000331, 0.024433, -8.7e-05, 0.000136, 4.8e-05], [0.055263, 0.36488, 0.595153, 0.028592, 0.179814, -0.094562, 0.080597, 0.50687, -0.266556, -0.032406, 0.01456, -0.007657, 0.033121, -0.048153, 0.151774, 0.798485, 1.0, 0.0, 0.0, -0.0, -0.0, -0.0, -0.0, -0.0, 0.0, 0.0, -0.0, 0.0, 0.053292, 0.354751, 0.584153, -0.17766, -0.097145, -0.004247, -0.506083, -0.276727, -0.012097, 0.045173, 0.050319, 0.0022, 0.013731, 0.001203, 0.007595, 0.078323, 0.214693, -0.065597, 0.004404, -0.010482, -0.327281, 0.021973, -0.052295, 0.033823, -0.003993, 0.009504, -0.000625, -0.000638, 0.005539, 0.061311, 0.182536, -0.047924, 0.011145, 0.021507, -0.261719, 0.060863, 0.117449, 0.020554, -0.009491, -0.018316, -0.003006, 0.004259, 0.009142, 0.090429, 0.236145, -0.040487, 0.049518, 0.039813, -0.191554, 0.234282, 0.188367, -0.002612, -0.023908, -0.019223, 0.005169, 0.02351, -0.044337, 0.296003, 0.537037, 0.001703, -0.121042, -0.072523, -0.005928, 0.421296, 0.252421, -0.025012, -0.000897, -0.000538, 0.02044, 0.038211, -0.007149, 0.058674, 0.159438, -0.029671, -0.012167, 0.022161, -0.172694, -0.070817, 0.128985, 0.008427, 0.009396, -0.017114, -0.004465, -0.007018, 0.112861, 0.325449, -0.021281, 0.063022, -0.050149, 0.112265, 0.324393, 0.045067, 0.05945, -0.036254, 0.455985, 0.76481, 0.147215, -0.108734, 0.035128, 0.120584, 0.338934, -0.0506, -0.069528, -0.018307, 0.007948, 0.06351, -0.006946, -0.000878, -0.001194, 0.03515, 0.158891, -0.025291, 0.009721, -0.01223, 0.003732, 0.039796, -0.002923, 0.000654, 0.001477, 0.016335, 0.099082, -0.005383, 0.007876, 0.010741, 0.015749, 0.096875, -0.007162, 0.011208, 0.003924], [-0.003161, -0.031901, -0.028592, 0.068898, -0.043233, 0.022735, 0.194929, -0.047697, 0.025083, 0.045099, 0.096045, -0.050509, -0.025931, 0.0377, 0.0, 0.0, 0.0, 1.0, 0.0, 0.0, 0.531899, 0.0, 0.0, -0.0, -0.0, -0.0, 0.0, -0.0, 0.017603, 0.190826, 0.17766, -0.189035, -0.141464, -0.006184, -0.105042, -0.164399, -0.007187, 0.096765, 0.18117, 0.00792, 0.064244, 0.005628, 2e-05, 0.009757, 0.065597, -0.010868, 0.000793, -0.001886, -0.138446, 0.01135, -0.027014, 0.008855, -0.001129, 0.002688, -0.00019, -0.000193, 6e-06, 0.005207, 0.047924, -0.004923, 0.001255, 0.002422, -0.090849, 0.026402, 0.050949, 0.002904, -0.001496, -0.002887, -0.000512, 0.000725, 2.1e-05, 0.007245, 0.040487, -0.00353, 0.006032, 0.00485, -0.019772, 0.068834, 0.055344, -0.00176, -0.003966, -0.003189, 0.00113, 0.005139, -0.000222, 0.002331, 0.00295, -0.04951, -0.002743, -0.001643, 0.19438, 0.005016, 0.003005, -0.003141, 0.078933, 0.047293, 0.001518, 0.002837, -2.8e-05, 0.002982, 0.034108, -0.002574, -0.001196, 0.002179, -0.056507, -0.030025, 0.054687, 0.001522, 0.002334, -0.004252, -0.001251, -0.001966, 0.005839, 0.027752, 0.000552, 0.005073, -0.004037, -0.012278, -0.058807, -0.005415, -0.010082, 0.006148, -0.311174, -0.164652, -0.176803, 0.282582, -0.091292, 0.015181, 0.065503, -0.007548, -0.014211, -0.003742, 5.9e-05, 0.012257, -1.3e-05, -2e-06, -2e-06, 0.001486, 0.037615, -0.000715, 0.000296, -0.000373, 9e-06, 0.005634, -1e-06, 0.0, 1e-06, 0.000116, 0.00874, -1.2e-05, 2.4e-05, 3.3e-05, 0.000148, 0.011677, -2.4e-05, 4.4e-05, 1.5e-05], [-0.019877, -0.200622, -0.179814, -0.043233, -0.196116, 0.142982, -0.047697, -0.097452, 0.157747, 0.097526, -0.054603, 0.0377, -0.055635, 0.180588, 0.0, 0.0, 0.0, 0.0, 1.0, 0.0, 0.0, 0.531899, 0.0, 0.0, -0.0, -0.0, -0.0, -0.0, 0.009626, 0.104344, 0.097145, -0.141464, -0.007675, -0.003381, -0.164399, 0.105721, -0.00393, 0.146896, 0.029499, 0.005628, -0.019133, 0.000705, -1e-06, -0.000655, -0.004404, 0.000793, 0.000885, 0.000127, 0.01135, 0.029852, 0.001814, -0.000736, -0.001133, -0.000193, 9.4e-05, -0.000181, -1e-06, -0.001211, -0.011145, 0.001255, 0.000182, -0.000563, 0.026402, 0.016543, -0.011848, -0.000883, -0.00014, 0.000725, 0.000239, 6.3e-05, -2.6e-05, -0.008861, -0.049518, 0.006032, -0.005976, -0.005932, 0.068834, -0.04768, -0.067689, -2.9e-05, 0.005361, 0.005139, -0.000122, -0.005272, 0.015778, -0.165638, -0.209656, -0.002743, 0.145375, 0.116789, 0.005016, -0.162062, -0.213605, 0.086378, 0.003624, 0.002837, -0.028864, -0.154307, -1.2e-05, 0.001223, 0.013987, -0.001196, -0.000147, 0.000894, -0.030025, 0.004399, 0.022426, 0.00114, 0.000353, -0.001966, -0.000811, -0.000264, -0.017292, -0.082188, 0.005073, -0.012759, 0.011956, -0.016196, -0.077574, -0.010082, -0.011072, 0.00811, 0.229837, 0.121614, 0.282582, -0.002936, 0.067429, 0.02086, 0.090006, -0.014211, -0.016733, -0.005142, 7e-06, 0.001549, -2e-06, 0.0, -0.0, -0.000571, -0.014459, 0.000296, -5.8e-05, 0.000143, -2e-06, -0.00126, 0.0, -0.0, -0.0, -0.00017, -0.012787, 2.4e-05, -3e-05, -4.8e-05, -0.000231, -0.018275, 4.4e-05, -6.5e-05, -2.4e-05], [0.010453, 0.105504, 0.094562, 0.022735, 0.142982, 0.00058, 0.025083, 0.157747, 0.119556, -0.051287, 0.0377, -0.002741, 0.142265, -0.017239, 0.0, -0.0, -0.0, 0.0, 0.0, 1.0, 0.0, 0.0, 0.531899, 0.0, -0.0, -0.0, 0.0, -0.0, 0.000421, 0.004561, 0.004247, -0.006184, -0.003381, 0.06953, -0.007187, -0.00393, 0.195443, 0.006421, 0.005628, -0.09899, 0.003908, -0.054128, 3e-06, 0.001559, 0.010482, -0.001886, 0.000127, 0.000636, -0.027014, 0.001814, 0.026297, 0.001751, -0.000193, -0.000753, 0.000164, 5.1e-05, -3e-06, -0.002337, -0.021507, 0.002422, -0.000563, -0.000613, 0.050949, -0.011848, -0.000181, -0.001704, 0.000725, 0.000883, -2e-06, -0.000205, -2.1e-05, -0.007124, -0.039813, 0.00485, -0.005932, -0.003368, 0.055344, -0.067689, -0.017915, -2.3e-05, 0.005139, 0.003102, -0.002124, -0.003794, 0.009453, -0.099243, -0.125616, -0.001643, 0.116789, 0.020426, 0.003005, -0.213605, 0.066468, 0.051754, 0.002837, 0.000588, -0.11196, -0.041813, 2.1e-05, -0.002227, -0.025476, 0.002179, 0.000894, -0.001284, 0.054687, 0.022426, -0.024135, -0.002076, -0.001966, 0.002854, 0.000392, 0.001171, 0.01376, 0.0654, -0.004037, 0.011956, -0.007248, 0.009877, 0.047307, 0.006148, 0.00811, -0.002718, -0.074252, -0.039289, -0.091292, 0.067429, 0.183998, 0.005492, 0.023699, -0.003742, -0.005142, 0.00144, 1e-05, 0.002107, -2e-06, -0.0, 0.0, 0.000719, 0.01819, -0.000373, 0.000143, -0.000124, -5e-06, -0.002846, 1e-06, -0.0, -0.0, -0.000232, -0.01744, 3.3e-05, -4.8e-05, -6.1e-05, -8.1e-05, -0.006398, 1.5e-05, -2.4e-05, -4e-06], [-0.015558, -0.078012, -0.080597, 0.194929, -0.047697, 0.025083, 0.533077, -0.080721, 0.04245, 0.03205, 0.113388, -0.059629, -0.010604, 0.015417, 0.0, 0.0, -0.0, 0.531899, 0.0, 0.0, 1.0, 0.0, 0.0, 0.0, 0.0, 0.0, -0.0, 0.0, 0.095556, 0.484273, 0.506083, -0.105042, -0.164399, -0.007187, 0.018681, -0.281865, -0.012322, -0.041638, 0.039353, 0.00172, 0.028038, 0.002456, 0.018896, 0.16932, 0.327281, -0.138446, 0.01135, -0.027014, -0.412914, 0.03888, -0.092534, 0.067388, -0.010101, 0.02404, -0.001908, -0.001947, 0.012471, 0.122554, 0.261719, -0.090849, 0.026402, 0.050949, -0.297131, 0.101082, 0.195063, 0.032626, -0.021527, -0.041541, -0.008401, 0.011903, 0.012379, 0.105072, 0.191554, -0.019772, 0.068834, 0.055344, 0.005142, 0.22086, 0.177576, -0.0271, -0.015281, -0.012286, 0.008524, 0.038767, -0.001081, 0.005933, 0.00748, -0.141986, -0.002957, -0.001772, 0.477588, 0.006901, 0.004135, -0.002109, 0.085753, 0.051379, 0.000584, 0.001092, -0.013721, 0.104132, 0.230087, -0.042288, -0.025384, 0.046235, -0.160088, -0.11576, 0.210844, 0.000264, 0.015512, -0.028253, -0.01075, -0.016897, 0.06085, 0.110982, 0.033215, 0.041616, -0.033116, -0.128838, -0.235571, -0.01638, -0.08355, 0.050951, -0.446294, -0.419291, 0.086509, 0.134061, -0.04331, 0.145041, 0.256408, -0.023323, -0.10258, -0.02701, 0.018338, 0.115179, -0.016611, -0.002316, -0.00315, 0.069535, 0.219115, -0.048546, 0.022897, -0.028805, 0.007584, 0.067487, -0.005981, 0.001486, 0.003356, 0.014478, 0.065153, -0.001342, 0.008143, 0.011106, 0.019243, 0.088075, -0.006163, 0.01596, 0.005588], [-0.097842, -0.490617, -0.50687, -0.047697, -0.097452, 0.157747, -0.080721, 0.038263, 0.266966, -0.002907, -0.010545, 0.015417, 0.051361, 0.034874, 0.0, 0.0, -0.0, 0.0, 0.531899, 0.0, 0.0, 1.0, 0.0, -0.0, 0.0, 0.0, 0.0, 0.0, 0.05225, 0.264801, 0.276727, -0.164399, 0.105721, -0.00393, -0.281865, 0.380037, -0.006737, 0.08704, -0.059759, 0.002456, -0.048066, -0.001428, -0.001269, -0.011368, -0.021973, 0.01135, 0.029852, 0.001814, 0.03888, 0.163586, 0.006213, -0.00813, -0.03019, -0.001947, 0.00221, -0.004824, -0.0029, -0.0285, -0.060863, 0.026402, 0.016543, -0.011848, 0.101082, 0.114032, -0.045362, -0.016243, -0.015321, 0.011903, 0.006951, 0.006876, -0.01514, -0.12851, -0.234282, 0.068834, -0.04768, -0.067689, 0.22086, -0.084404, -0.217186, -0.008671, 0.028478, 0.038767, 0.013717, -0.028004, 0.076838, -0.421636, -0.531599, -0.002957, 0.068163, 0.125936, 0.006901, -0.012808, -0.293881, 0.001285, 0.000616, 0.001092, 0.044256, -0.026228, -0.005626, 0.042702, 0.094352, -0.025384, 0.009205, 0.01896, -0.11576, 0.074734, 0.086461, 0.012426, -0.008065, -0.016897, -0.01152, 0.006024, -0.180204, -0.328669, 0.041616, -0.075977, 0.09807, -0.169955, -0.310751, -0.08355, -0.063257, 0.067212, 0.329638, 0.309693, 0.134061, 0.168994, 0.031989, 0.199298, 0.352326, -0.10258, -0.089623, -0.037114, 0.002318, 0.014559, -0.002316, 0.001419, -0.000398, -0.026728, -0.084225, 0.022897, 0.002219, 0.011072, -0.001696, -0.015092, 0.001486, 0.00033, -0.000751, -0.021182, -0.095322, 0.008143, -0.00769, -0.016249, -0.030116, -0.137842, 0.01596, -0.020943, -0.008745], [0.051454, 0.258009, 0.266556, 0.025083, 0.157747, 0.119556, 0.04245, 0.266966, 0.405519, 0.001529, 0.015417, 0.010664, 0.097151, 0.067063, -0.0, 0.0, -0.0, 0.0, 0.0, 0.531899, 0.0, 0.0, 1.0, -0.0, 0.0, 0.0, -0.0, 0.0, 0.002284, 0.011576, 0.012097, -0.007187, -0.00393, 0.195443, -0.012322, -0.006737, 0.533867, 0.003805, 0.002456, -0.115835, 0.003442, -0.063339, 0.003019, 0.027055, 0.052295, -0.027014, 0.001814, 0.026297, -0.092534, 0.006213, 0.15141, 0.019349, -0.001947, -0.026375, 0.00465, 0.001771, -0.005596, -0.054997, -0.117449, 0.050949, -0.011848, -0.000181, 0.195063, -0.045362, 0.050002, -0.031345, 0.011903, 0.00148, -0.005874, -0.000344, -0.012173, -0.103325, -0.188367, 0.055344, -0.067689, -0.017915, 0.177576, -0.217186, 0.0111, -0.006971, 0.038767, 0.011431, -0.027792, -0.01398, 0.046038, -0.252625, -0.31851, -0.001772, 0.125936, -0.066572, 0.004135, -0.293881, 0.301605, 0.00077, 0.001092, -0.000553, -0.076273, 0.039271, 0.010248, -0.077776, -0.171853, 0.046235, 0.01896, -0.014919, 0.210844, 0.086461, -0.035276, -0.022632, -0.016897, 0.013435, -0.004924, 0.005509, 0.143396, 0.261535, -0.033116, 0.09807, -0.030771, 0.103644, 0.189505, 0.050951, 0.067212, 0.005969, -0.106494, -0.10005, -0.04331, 0.031989, 0.257678, 0.052476, 0.092769, -0.02701, -0.037114, 0.041558, 0.003153, 0.019803, -0.00315, -0.000398, 0.00117, 0.033626, 0.10596, -0.028805, 0.011072, -0.00291, -0.003831, -0.034092, 0.003356, -0.000751, -0.001033, -0.02889, -0.13001, 0.011106, -0.016249, -0.017938, -0.010544, -0.048259, 0.005588, -0.008745, 0.000973], [-0.010713, -0.084781, -0.032406, -0.045099, -0.097526, 0.051287, -0.03205, 0.002907, -0.001529, 0.072808, -0.074792, 0.039332, -0.042109, 0.061219, -0.0, 0.0, -0.0, -0.0, 0.0, 0.0, 0.0, -0.0, -0.0, 1.0, 0.0, 0.0, 0.0, 0.0, 0.012699, 0.113065, 0.045173, -0.096765, -0.146896, -0.006421, 0.041638, -0.08704, -0.003805, -0.00323, 0.197066, 0.008615, 0.102677, 0.008994, 2e-06, 0.007879, 0.033823, -0.008855, 0.000736, -0.001751, -0.067388, 0.00813, -0.019349, 0.006952, -0.000991, 0.00236, -0.000183, -0.000186, 0.0, 0.003258, 0.020554, -0.002904, 0.000883, 0.001704, -0.032626, 0.016243, 0.031345, 0.00144, -0.000915, -0.001765, -0.000354, 0.000502, -0.0, -0.000763, -0.002612, 0.00176, 2.9e-05, 2.3e-05, 0.0271, 0.008671, 0.006971, -0.001404, 0.001157, 0.000931, 9.4e-05, 0.000429, 0.009097, -0.09131, -0.055277, -0.003293, 0.099397, 0.059554, 0.004018, -0.028629, -0.017153, 0.082918, 0.005716, 0.003424, -0.042272, -0.079024, -1e-06, 0.001003, 0.012685, -0.000712, -0.000475, 0.000864, -0.010822, -0.016842, 0.030675, 2.4e-05, 0.000914, -0.001665, -0.000645, -0.001014, -0.008079, -0.019654, 0.003517, -0.006366, 0.005066, -0.001135, -0.002787, -0.002678, 0.000232, -0.000142, 0.131922, 0.02126, -0.080863, -0.28242, 0.09124, -7.3e-05, -0.000159, 0.002665, -0.001715, -0.000452, 2.8e-05, 0.007256, -3e-06, -0.0, -1e-06, 0.000747, 0.014109, -0.000241, 0.000116, -0.000147, 3e-06, 0.002693, -0.0, 0.0, 0.0, -5.5e-05, -0.00397, 5e-06, -6e-06, -8e-06, -1.7e-05, -0.001333, 3e-06, -2e-06, -1e-06], [0.004813, 0.038091, 0.01456, -0.096045, 0.054603, -0.0377, -0.113388, 0.010545, -0.015417, -0.074792, -0.142405, 0.094229, 0.024774, -0.06617, 0.0, 0.0, 0.0, -0.0, -0.0, -0.0, 0.0, 0.0, 0.0, 0.0, 1.0, 0.0, 0.0, 0.0, 0.014146, 0.125947, 0.050319, -0.18117, -0.029499, -0.005628, -0.039353, 0.059759, -0.002456, 0.197066, 0.077687, 0.010032, -0.025407, 0.002315, -0.0, -0.00093, -0.003993, 0.001129, 0.001133, 0.000193, 0.010101, 0.03019, 0.001947, -0.000991, -0.001307, -0.000279, 0.000121, -0.000221, -0.0, -0.001505, -0.009491, 0.001496, 0.00014, -0.000725, 0.021527, 0.015321, -0.011903, -0.000915, -5e-05, 0.000823, 0.000262, 2.4e-05, -3e-06, -0.006981, -0.023908, 0.003966, -0.005361, -0.005139, 0.015281, -0.028478, -0.038767, 0.001157, 0.004002, 0.003704, -0.000319, -0.004897, 0.000326, -0.003276, -0.001983, 0.07765, 0.004082, 0.003101, -0.148286, -0.002013, -0.002456, 0.005716, -0.126999, -0.094799, -0.001391, -0.005431, -2e-06, 0.001118, 0.014144, -0.00102, -0.000204, 0.00084, -0.027391, 0.003295, 0.025807, 0.000914, 0.00051, -0.001966, -0.000819, -0.000418, -0.006726, -0.016361, -0.00017, -0.005634, 0.005111, 0.013393, 0.032885, 0.006973, 0.010418, -0.007358, -0.241528, -0.038924, -0.219814, 0.040815, -0.099588, 0.018371, 0.039752, -0.01098, -0.017093, -0.005096, 6e-06, 0.001626, -1e-06, 0.0, -0.0, -0.000614, -0.011609, 0.000219, -5.3e-05, 0.000112, -1e-06, -0.001231, 0.0, -0.0, -0.0, -6.7e-05, -0.004881, 4e-06, -7e-06, -1.1e-05, -0.000125, -0.009644, 1.1e-05, -2e-05, -7e-06], [-0.002531, -0.020032, -0.007657, 0.050509, -0.0377, 0.002741, 0.059629, -0.015417, -0.010664, 0.039332, 0.094229, -0.012778, -0.047205, 0.01129, 0.0, 0.0, 0.0, -0.0, -0.0, -0.0, 0.0, 0.0, 0.0, 0.0, 0.0, 1.0, -0.0, 0.0, 0.000618, 0.005506, 0.0022, -0.00792, -0.005628, 0.09899, -0.00172, -0.002456, 0.115835, 0.008615, 0.010032, -0.151359, 0.007935, -0.103167, 1e-06, 0.002214, 0.009504, -0.002688, 0.000193, 0.000753, -0.02404, 0.001947, 0.026375, 0.00236, -0.000279, -0.00076, 0.000194, 5.4e-05, -0.0, -0.002904, -0.018316, 0.002887, -0.000725, -0.000883, 0.041541, -0.011903, -0.00148, -0.001765, 0.000823, 0.001112, 5e-05, -0.000275, -2e-06, -0.005613, -0.019223, 0.003189, -0.005139, -0.003102, 0.012286, -0.038767, -0.011431, 0.000931, 0.003704, 0.002374, -0.001736, -0.003612, 0.000196, -0.001963, -0.001188, 0.046524, 0.003101, 0.000764, -0.088846, -0.002456, 0.000615, 0.003424, -0.094799, -0.025577, -0.003504, -0.001825, 3e-06, -0.002037, -0.025762, 0.001857, 0.00084, -0.001274, 0.049889, 0.025807, -0.029541, -0.001665, -0.001966, 0.003012, 0.000558, 0.001355, 0.005352, 0.013019, 0.000135, 0.005111, -0.003278, -0.008167, -0.020054, -0.004252, -0.007358, 0.002839, 0.078029, 0.012575, 0.071014, -0.099588, -0.235273, 0.004837, 0.010467, -0.002891, -0.005096, 0.000917, 9e-06, 0.002211, -1e-06, -0.0, 0.0, 0.000773, 0.014604, -0.000275, 0.000112, -0.000106, -3e-06, -0.002781, 0.0, -0.0, -0.0, -9.2e-05, -0.006658, 6e-06, -1.1e-05, -1.4e-05, -4.4e-05, -0.003376, 4e-06, -7e-06, -1e-06], [0.010949, 0.086652, 0.033121, 0.025931, 0.055635, -0.142265, 0.010604, -0.051361, -0.097151, -0.042109, 0.024774, -0.047205, -0.088651, -0.189401, -0.0, -0.0, -0.0, 0.0, -0.0, 0.0, -0.0, 0.0, -0.0, 0.0, 0.0, -0.0, 1.0, 0.0, 0.00386, 0.034368, 0.013731, -0.064244, 0.019133, -0.003908, -0.028038, 0.048066, -0.003442, 0.102677, -0.025407, 0.007935, 0.00204, 0.001866, -0.0, -0.000146, -0.000625, 0.00019, -9.4e-05, -0.000164, 0.001908, -0.00221, -0.00465, -0.000183, 0.000121, 0.000194, 4e-05, 3e-06, -0.0, -0.000477, -0.003006, 0.000512, -0.000239, 2e-06, 0.008401, -0.006951, 0.005874, -0.000354, 0.000262, 5e-05, -5.3e-05, -6.4e-05, 1e-06, 0.001509, 0.005169, -0.00113, 0.000122, 0.002124, -0.008524, -0.013717, 0.027792, 9.4e-05, -0.000319, -0.001736, -0.001437, 0.001219, -0.007434, 0.074621, 0.045174, 0.001659, -0.040179, -0.117209, -0.001314, -0.05