{"HF": -380.59124618945, "coordinates": [[-0.113193154, -1.260541718, -0.074036206], [-0.053427451, -0.061744554, -0.000320544], [0.02909865, 1.383444917, 0.054197401], [-0.236905595, 2.117491293, 1.390901825], [0.840136992, 1.737188261, 2.32625459], [1.078799624, 2.81058457, 1.324616694], [1.431144934, 2.079927181, 0.045757023], [2.715288052, 1.556466421, -0.44292843], [2.051814177, 2.706005663, -1.107894602], [-0.16683815, -2.320150832, -0.116850872], [-0.589975565, 1.833874584, -0.731403494], [-1.199098967, 2.466430887, 1.74250544], [0.636071207, 2.194012049, 3.215122806], [1.36177346, 3.815024039, 1.611124919], [3.638605389, 1.797865139, 0.075455376], [2.702138392, 0.588698986, -0.937158247], [1.598257105, 2.401265887, -1.966542008]], "elements": ["C", "C", "C", "C", "N", "C", "C", "C", "N", "H", "H", "H", "H", "H", "H", "H", "H"], "Enn": 416.9311926885, "S": [[1.0, 0.325565, 0.151774, -0.0, -0.0, -0.0, -0.0, 0.0, -0.0, -0.0, 0.0, 0.0, -0.0, 0.0, 1.9e-05, 0.047749, 0.078597, -0.004405, -0.003572, -0.071639, -0.008315, -0.006741, -0.135219, -0.048561, 0.000518, 0.010397, -0.08433, 0.008429, 0.0, 3e-05, 0.006204, -0.0, -1e-06, -1e-05, -0.000758, -0.000841, -0.015625, -0.0, 0.0, 0.0, -1e-06, 0.0, 0.0, 0.0, 0.000316, -0.0, 0.0, -0.0, -0.000273, 2.3e-05, -0.00063, 0.0, 0.0, 0.0, 0.0, 0.0, 0.0, 0.0, 8e-06, 0.0, 0.0, 0.0, -7e-06, -3e-06, -9e-06, 0.0, 0.0, 0.0, 0.0, 0.0, 0.0, 0.0, 1.7e-05, 0.0, 0.0, 0.0, -9e-06, -8e-06, -2.6e-05, 0.0, 0.0, 0.0, 0.0, 0.0, 0.0, 0.0, 0.000318, -0.0, -0.0, -0.0, -2.3e-05, -0.00029, -0.000628, 0.0, 0.0, 0.0, 0.0, 0.0, 0.0, 0.0, 0.000102, 0.0, 0.0, 0.0, 1.8e-05, -0.000141, -0.00014, 0.0, 0.0, 0.0, 0.0, 0.0, 0.0, 0.0, 0.0, 0.0, 0.0, 0.0, 0.0, -0.0, -0.0, 0.0, 0.0, 0.0, 0.0, 0.0, 0.055356, 0.089402, 0.003801, 0.004762, 0.094061, 0.0, 0.001871, 0.0, 0.0, -0.0, 0.0, 5.9e-05, 0.0, 0.0, 0.0, 0.0, 7e-06, 0.0, 0.0, 0.0, 0.0, 0.0, 0.0, 0.0, 0.0, 0.0, 7e-06, 0.0, 0.0, 0.0, 0.0, 0.000851, 0.0, 0.0, 0.0, 0.0, 3.1e-05, 0.0, 0.0, 0.0], [0.325565, 1.0, 0.798485, -0.0, 0.0, 0.0, 0.0, -0.0, -0.0, 0.0, 0.0, 0.0, -0.0, 0.0, 0.047749, 0.353749, 0.479444, -0.022112, -0.017928, -0.359598, -0.037608, -0.030491, -0.61159, -0.121538, 0.001297, 0.026021, -0.211059, 0.021097, 3e-05, 0.006411, 0.066951, -0.000341, -0.000379, -0.007041, -0.007204, -0.007994, -0.14854, -0.002854, 2.6e-05, 0.00048, -0.004939, 0.000533, 0.0, 5.8e-05, 0.006655, -1.7e-05, 1e-06, -3.9e-05, -0.006192, 0.000523, -0.014277, -6e-06, -0.0, 1.3e-05, -1.5e-05, -1e-06, -0.0, 2e-06, 0.000702, 1e-06, 0.0, 1e-06, -0.000913, -0.000363, -0.001141, 0.0, 0.0, 1e-06, -0.0, 0.0, 0.0, 1e-06, 0.000701, -0.0, -0.0, -0.0, -0.000475, -0.000405, -0.001383, -0.0, 0.0, 0.0, -0.0, 0.0, 0.0, 5.9e-05, 0.006688, -1e-06, -1.8e-05, -3.9e-05, -0.000509, -0.006564, -0.014199, -1.1e-05, 1e-06, 1e-06, -1.2e-05, 1.4e-05, 0.0, 1e-05, 0.002756, 1e-06, -4e-06, -4e-06, 0.000581, -0.004451, -0.004433, -1e-06, -0.0, -0.0, 0.0, 2e-06, 0.0, 0.0, 4.9e-05, -0.0, 0.0, 0.0, 2e-05, -4.3e-05, -7.8e-05, -0.0, -0.0, -0.0, -0.0, 0.0, 0.388264, 0.532804, 0.015112, 0.018934, 0.373995, 0.000361, 0.025389, 3.8e-05, 2.8e-05, -0.00018, 1e-06, 0.001675, -0.0, 0.0, -0.0, 0.0, 0.000321, -0.0, -0.0, -0.0, 0.0, 2.6e-05, 0.0, 0.0, 0.0, 0.0, 0.000306, -0.0, -0.0, -0.0, 8.9e-05, 0.013654, 9e-06, -2.8e-05, -1.8e-05, 0.0, 0.000998, 0.0, -0.0, -0.0], [0.151774, 0.798485, 1.0, 0.0, 0.0, 0.0, 0.0, 0.0, 0.0, -0.0, 0.0, 0.0, -0.0, 0.0, 0.078597, 0.479444, 0.713195, -0.013657, -0.011073, -0.222096, -0.034766, -0.028187, -0.565375, -0.030244, 0.000323, 0.006475, -0.05252, 0.00525, 0.006204, 0.066951, 0.193496, -0.002808, -0.003116, -0.057891, -0.014844, -0.016471, -0.306051, -0.01568, 0.000142, 0.002639, -0.027129, 0.002928, 0.000316, 0.006655, 0.041908, -0.002649, 0.000224, -0.006108, -0.032654, 0.002758, -0.075299, -0.001156, -0.000102, 0.002778, -0.003199, -0.000235, -9.2e-05, 0.001707, 0.013096, 0.000977, 0.000388, 0.00122, -0.015417, -0.006123, -0.019254, 7.1e-05, 0.000347, 0.00109, -0.000612, 0.000433, 1.7e-05, 0.000701, 0.009436, -0.000224, -0.000191, -0.000653, -0.006261, -0.005335, -0.018223, -0.000176, 7.2e-05, 0.000247, -0.000328, 0.00021, 0.000318, 0.006688, 0.042049, -0.000218, -0.002808, -0.006073, -0.00268, -0.034549, -0.074732, -0.002203, 0.000104, 0.000226, -0.002477, 0.002913, 0.000102, 0.002756, 0.023366, 0.000258, -0.001977, -0.001969, 0.004383, -0.03361, -0.033474, -0.00093, -0.000215, -0.000214, 7e-06, 0.001639, -6e-06, 0.000184, 0.002628, -4e-05, 8.4e-05, 0.000153, 0.001203, -0.00252, -0.004616, -7.2e-05, -3e-05, -5.6e-05, -7.5e-05, 0.000117, 0.465798, 0.774811, 0.007501, 0.009398, 0.185639, 0.016425, 0.099417, 0.002968, 0.002152, -0.013969, 0.000848, 0.015885, -0.000312, 0.000187, -0.000641, 0.000141, 0.00521, -7.8e-05, -1.8e-05, -8.1e-05, 9e-06, 0.000969, -2e-06, -2e-06, -6e-06, 0.000134, 0.00505, -3e-06, -8.4e-05, -6.8e-05, 0.00834, 0.065425, 0.001849, -0.00603, -0.003961, 0.000483, 0.0112, 0.000175, -0.000158, -0.000338], [-0.0, -0.0, 0.0, 1.0, 0.0, 0.0, 0.531899, 0.0, 0.0, 0.0, 0.0, 0.0, -0.0, 0.0, 0.004405, 0.022112, 0.013657, 0.171416, -0.001669, -0.033473, 0.282143, -0.001086, -0.02178, -0.035633, -0.012833, -0.257399, -0.02969, 0.002968, 0.0, 0.000341, 0.002808, 0.000586, -2.2e-05, -0.000404, 0.024904, -0.000398, -0.007398, -0.000214, -3.9e-05, -0.000728, -0.000297, 3.2e-05, 0.0, 1.7e-05, 0.002649, -3e-06, 0.0, -1e-05, -0.001273, 0.000235, -0.00641, -1e-06, -0.0, 2e-06, -3e-06, -0.0, 0.0, 0.0, 0.000438, 0.0, 0.0, 0.0, -0.000514, -0.000241, -0.000759, 0.0, 0.0, 0.0, -0.0, 0.0, 0.0, 0.0, 0.000224, -0.0, -0.0, -0.0, -6.6e-05, -0.00014, -0.000477, -0.0, 0.0, 0.0, -0.0, 0.0, 0.0, 1e-06, 0.000218, 1e-06, -0.0, -1e-06, 0.001498, -0.000241, -0.000522, -0.0, -0.0, -0.0, -0.0, 0.0, 0.0, -1e-06, -0.000258, 0.0, 0.0, 0.0, 0.000455, 0.000461, 0.00046, 0.0, -0.0, -0.0, -0.0, -0.0, 0.0, -0.0, -1e-05, 0.0, -0.0, -0.0, -1e-06, 9e-06, 1.6e-05, 0.0, 0.0, 0.0, 0.0, -0.0, -0.016446, -0.00837, 0.220245, -0.001282, -0.025328, -6.5e-05, -0.004815, -0.0, -4e-06, 2.4e-05, 0.0, 0.000717, -0.0, 0.0, -0.0, 0.0, 0.000221, -0.0, -0.0, -0.0, 0.0, 8e-06, 0.0, 0.0, 0.0, 0.0, 1e-05, 0.0, 0.0, 0.0, -1.7e-05, -0.003244, -0.0, 3e-06, 2e-06, -0.0, -0.000429, -0.0, 0.0, 0.0], [-0.0, 0.0, 0.0, 0.0, 1.0, 0.0, 0.0, 0.531899, 0.0, -0.0, 0.0, 0.0, 0.0, 0.0, 0.003572, 0.017928, 0.011073, -0.001669, 0.172121, -0.027139, -0.001086, 0.282602, -0.017659, -0.006347, -0.015905, 0.002968, -0.037087, -0.258653, 1e-06, 0.000379, 0.003116, -2.2e-05, 0.000581, -0.000448, -0.000398, 0.024821, -0.008209, -0.000167, -3.5e-05, 3.2e-05, -0.000371, -0.000721, -0.0, -1e-06, -0.000224, 0.0, 1e-06, 1e-06, 0.000235, 0.001487, 0.000541, 0.0, -0.0, -0.0, 0.0, -0.0, 0.0, 0.0, 0.000174, 0.0, 0.0, 0.0, -0.000241, -2e-06, -0.000301, 0.0, 0.0, 0.0, -0.0, 0.0, 0.0, 0.0, 0.000191, -0.0, -0.0, -0.0, -0.00014, -2.1e-05, -0.000406, -0.0, 0.0, 0.0, -0.0, 0.0, 0.0, 1.8e-05, 0.002808, -0.0, -4e-06, -1e-05, -0.000241, -0.001592, -0.006724, -2e-06, 0.0, 0.0, -3e-06, 2e-06, 0.0, 4e-06, 0.001977, 0.0, -1e-06, -1e-06, 0.000461, -0.003023, -0.003524, -0.0, -0.0, -0.0, -0.0, 0.0, 0.0, 0.0, 2.1e-05, -0.0, 0.0, 0.0, 9e-06, -1.5e-05, -3.4e-05, -0.0, -0.0, -0.0, -0.0, 0.0, -0.020606, -0.010487, -0.001282, 0.219662, -0.031734, -4.7e-05, -0.003492, -4e-06, 2e-06, 1.7e-05, -0.0, -0.000429, 0.0, -0.0, 0.0, 0.0, 5e-05, -0.0, -0.0, -0.0, 0.0, 7e-06, 0.0, 0.0, 0.0, 0.0, 0.00024, 0.0, 0.0, 0.0, 5.4e-05, 0.010582, 3e-06, -1e-05, -7e-06, 0.0, 0.000388, 0.0, -0.0, -0.0], [-0.0, 0.0, 0.0, 0.0, 0.0, 1.0, 0.0, 0.0, 0.531899, -0.0, 0.0, 0.0, -0.0, 0.0, 0.071639, 0.359598, 0.222096, -0.033473, -0.027139, -0.37088, -0.02178, -0.017659, -0.070719, -0.127318, 0.002968, 0.043475, -0.221775, 0.035248, 1e-05, 0.007041, 0.057891, -0.000404, -0.000448, -0.007718, -0.007398, -0.008209, -0.127278, -0.003107, 3.2e-05, 0.00056, -0.005375, 0.000621, 0.0, 3.9e-05, 0.006108, -1e-05, 1e-06, -2.1e-05, -0.00641, 0.000541, -0.013274, -2e-06, -0.0, 5e-06, -6e-06, -0.0, 0.0, 0.0, 0.000548, 0.0, 0.0, 0.0, -0.000759, -0.000301, -0.000854, 0.0, 0.0, 0.0, -0.0, 0.0, 0.0, 0.0, 0.000653, -0.0, -0.0, -0.0, -0.000477, -0.000406, -0.001289, -0.0, 0.0, 0.0, -0.0, 0.0, 0.0, 3.9e-05, 0.006073, -1e-06, -1e-05, -2.1e-05, -0.000522, -0.006724, -0.013028, -4e-06, 0.0, 0.0, -4e-06, 6e-06, 0.0, 4e-06, 0.001969, 0.0, -1e-06, -1e-06, 0.00046, -0.003524, -0.002994, -0.0, -0.0, -0.0, 0.0, 0.0, 0.0, 0.0, 3.9e-05, -0.0, 0.0, 0.0, 1.6e-05, -3.4e-05, -5.9e-05, -0.0, -0.0, -0.0, -0.0, 0.0, -0.40702, -0.20715, -0.025328, -0.031734, -0.405557, 0.000304, 0.022666, 2.4e-05, 1.7e-05, -0.000107, 0.0, 0.001472, -0.0, 0.0, -0.0, 0.0, 0.000232, -0.0, -0.0, -0.0, 0.0, 2.4e-05, 0.0, 0.0, 0.0, 0.0, 0.000196, 0.0, 0.0, 0.0, 3.6e-05, 0.006951, 2e-06, -7e-06, -4e-06, 0.0, 0.00083, 0.0, -0.0, -0.0], [-0.0, 0.0, 0.0, 0.531899, 0.0, 0.0, 1.0, 0.0, 0.0, 0.0, -0.0, 0.0, 0.0, 0.0, 0.008315, 0.037608, 0.034766, 0.282143, -0.001086, -0.02178, 0.672188, -0.00162, -0.032485, -0.014557, -0.007662, -0.153694, -0.006234, 0.000623, 0.000758, 0.007204, 0.014844, 0.024904, -0.000398, -0.007398, 0.145898, -0.001465, -0.027216, -0.003848, -0.001402, -0.026057, -0.004095, 0.000442, 0.000273, 0.006192, 0.032654, -0.001273, 0.000235, -0.00641, -0.004205, 0.002443, -0.066696, -0.002226, -6e-05, 0.00163, -0.00382, -0.00028, -0.00011, 0.002338, 0.017515, 0.001207, 0.000591, 0.001857, -0.016895, -0.009191, -0.0289, -0.000196, 0.000488, 0.001536, -0.001056, 0.000747, 9e-06, 0.000475, 0.006261, -6.6e-05, -0.00014, -0.000477, -0.000289, -0.003948, -0.013484, -0.000184, 2.5e-05, 8.7e-05, -0.000261, 0.000167, 2.3e-05, 0.000509, 0.00268, 0.001498, -0.000241, -0.000522, 0.024621, -0.002503, -0.005415, -0.000285, -0.000767, -0.001658, -0.000242, 0.000285, -1.8e-05, -0.000581, -0.004383, 0.000455, 0.000461, 0.00046, 0.011577, 0.007114, 0.007085, 0.000311, -0.000394, -0.000392, -2e-06, -0.000428, 2e-06, -8.1e-05, -0.001306, -0.0, -3.9e-05, -7.2e-05, 0.000299, 0.001377, 0.002524, 4.6e-05, 0.0, 0.0, 3.9e-05, -6.1e-05, -0.022763, -0.021168, 0.274717, -0.000579, -0.011432, -0.007982, -0.035832, 0.00257, -0.00122, 0.007921, 0.000786, 0.013816, -0.000207, 0.000185, -0.000636, 0.000189, 0.007556, -9.5e-05, -2.4e-05, -0.000111, 5e-06, 0.000636, -1e-06, -1e-06, -3e-06, 8e-06, 0.000332, 1e-05, -5e-06, -4e-06, -0.004887, -0.030018, 0.000578, 0.004045, 0.002657, -0.000435, -0.009889, -0.000115, 0.00015, 0.00032], [0.0, -0.0, 0.0, 0.0, 0.531899, 0.0, 0.0, 1.0, 0.0, 0.0, 0.0, 0.0, -0.0, 0.0, 0.006741, 0.030491, 0.028187, -0.001086, 0.282602, -0.017659, -0.00162, 0.672872, -0.026337, 0.001535, -0.009467, 0.000623, -0.012755, -0.153957, 0.000841, 0.007994, 0.016471, -0.000398, 0.024821, -0.008209, -0.001465, 0.145593, -0.030199, -0.001804, -0.001259, 0.000442, -0.005968, -0.025965, -2.3e-05, -0.000523, -0.002758, 0.000235, 0.001487, 0.000541, 0.002443, 0.024512, 0.005632, 8.1e-05, -0.000722, -0.00028, 0.000384, -0.001665, -4.4e-05, 0.000929, 0.006956, 0.000591, -4.6e-05, 0.000738, -0.009191, 0.002594, -0.011478, 0.000112, -3.9e-05, 0.000747, -0.000529, -4.8e-05, 8e-06, 0.000405, 0.005335, -0.00014, -2.1e-05, -0.000406, -0.003948, 0.000978, -0.011491, -0.000101, 1.1e-05, 0.000167, -0.000255, 3.3e-05, 0.00029, 0.006564, 0.034549, -0.000241, -0.001592, -0.006724, -0.002503, -0.007455, -0.069803, -0.002327, 7.1e-05, 0.000285, -0.003898, 0.00199, 0.000141, 0.004451, 0.03361, 0.000461, -0.003023, -0.003524, 0.007114, -0.042044, -0.054328, -0.001604, -0.000371, -0.000428, -0.000437, 0.002836, -4e-06, 0.000169, 0.002735, -3.9e-05, 6.3e-05, 0.000151, 0.001377, -0.001928, -0.005285, -7e-05, -2.6e-05, -6.1e-05, -9.8e-05, 9.9e-05, -0.028521, -0.026523, -0.000579, 0.274453, -0.014324, -0.00579, -0.025988, -0.00122, 0.003367, 0.005745, -0.00047, -0.008259, 0.000185, -8e-06, 0.00038, 4.3e-05, 0.001721, -2.4e-05, 5e-06, -2.5e-05, 4e-06, 0.000556, -1e-06, -0.0, -2e-06, 0.000204, 0.008335, -5e-06, -0.000119, -0.000105, 0.015939, 0.097914, 0.004045, -0.011377, -0.008667, 0.000393, 0.008943, 0.00015, -8.5e-05, -0.00029], [-0.0, -0.0, 0.0, 0.0, 0.0, 0.531899, 0.0, 0.0, 1.0, 0.0, 0.0, 0.0, 0.0, -0.0, 0.135219, 0.61159, 0.565375, -0.02178, -0.017659, -0.070719, -0.032485, -0.026337, 0.145901, 0.030797, 0.000623, 0.003001, 0.053078, 0.002433, 0.015625, 0.14854, 0.306051, -0.007398, -0.008209, -0.127278, -0.027216, -0.030199, -0.413929, -0.033527, 0.000442, 0.006931, -0.057978, 0.007691, 0.00063, 0.014277, 0.075299, -0.00641, 0.000541, -0.013274, -0.066696, 0.005632, -0.129078, -0.002209, -0.00028, 0.006918, -0.007121, -0.000584, -0.000138, 0.00292, 0.021874, 0.001857, 0.000738, 0.002039, -0.0289, -0.011478, -0.029848, 0.000353, 0.000747, 0.002073, -0.000974, 0.000823, 2.6e-05, 0.001383, 0.018223, -0.000477, -0.000406, -0.001289, -0.013484, -0.011491, -0.034904, -0.000345, 0.000167, 0.000534, -0.000651, 0.000455, 0.000628, 0.014199, 0.074732, -0.000522, -0.006724, -0.013028, -0.005415, -0.069803, -0.126171, -0.005034, 0.000285, 0.000556, -0.00507, 0.007162, 0.00014, 0.004433, 0.033474, 0.00046, -0.003524, -0.002994, 0.007085, -0.054328, -0.041603, -0.001597, -0.000428, -0.000368, 0.000462, 0.002821, -8e-06, 0.00031, 0.005012, -7.2e-05, 0.000151, 0.000258, 0.002524, -0.005285, -0.008726, -0.000128, -6.1e-05, -0.000105, -0.000122, 0.000219, -0.563347, -0.523888, -0.011432, -0.014324, -0.007748, 0.037576, 0.168671, 0.007921, 0.005745, -0.033034, 0.001613, 0.028346, -0.000636, 0.00038, -0.001202, 0.000199, 0.007936, -0.000111, -2.5e-05, -0.000106, 1.4e-05, 0.001914, -3e-06, -2e-06, -8e-06, 0.000167, 0.006795, -4e-06, -0.000105, -7.6e-05, 0.01047, 0.064314, 0.002657, -0.008667, -0.003875, 0.000842, 0.019135, 0.00032, -0.00029, -0.000569], [-0.0, 0.0, -0.0, 0.0, -0.0, -0.0, 0.0, 0.0, 0.0, 1.0, 0.0, 0.0, 0.0, 0.0, -0.048561, -0.121538, -0.030244, 0.035633, 0.006347, 0.127318, 0.014557, -0.001535, -0.030797, 0.126455, -0.002802, -0.0562, 0.006351, -0.000635, -0.0, -0.002854, -0.01568, 0.000214, 0.000167, 0.003107, 0.003848, 0.001804, 0.033527, 0.001197, -1.4e-05, -0.000268, 0.002002, -0.000216, 0.0, -6e-06, -0.001156, 1e-06, -0.0, 2e-06, 0.002226, -8.1e-05, 0.002209, 0.0, 0.0, -0.0, 0.0, 0.0, 0.0, 0.0, 2.7e-05, 0.0, 0.0, 0.0, 4.1e-05, -3.2e-05, -0.000101, -0.0, 0.0, 0.0, -0.0, 0.0, 0.0, -0.0, -0.000176, 0.0, 0.0, 0.0, 0.000184, 0.000101, 0.000345, 0.0, -0.0, -0.0, 0.0, -0.0, 0.0, -1.1e-05, -0.002203, 0.0, 2e-06, 4e-06, 0.000285, 0.002327, 0.005034, 0.0, -0.0, -0.0, 0.0, -1e-06, 0.0, -1e-06, -0.00093, -0.0, 0.0, 0.0, -0.000311, 0.001604, 0.001597, 0.0, 0.0, 0.0, -0.0, -0.0, 0.0, -0.0, -1.3e-05, 0.0, 0.0, 0.0, -6e-06, 1e-05, 1.9e-05, 0.0, 0.0, 0.0, 0.0, 0.0, -0.154213, -0.023588, -0.030072, -0.006303, -0.124499, -8.4e-05, -0.006016, -4e-06, -2e-06, 1.6e-05, -0.0, -0.000264, 0.0, -0.0, 0.0, 0.0, 4.4e-05, 0.0, 0.0, 0.0, 0.0, -6e-06, 0.0, 0.0, 0.0, -0.0, -0.000107, 0.0, 0.0, 0.0, -1.4e-05, -0.00329, -0.0, 1e-06, 1e-06, -0.0, -0.000159, -0.0, 0.0, 0.0], [0.0, 0.0, 0.0, 0.0, 0.0, 0.0, -0.0, 0.0, 0.0, 0.0, 1.0, 0.0, 0.0, 0.0, 0.000518, 0.001297, 0.000323, 0.012833, 0.015905, -0.002968, 0.007662, 0.009467, -0.000623, -0.002802, 0.123492, -0.025538, -0.004861, -0.031668, 0.0, 2.6e-05, 0.000142, 3.9e-05, 3.5e-05, -3.2e-05, 0.001402, 0.001259, -0.000442, -1.4e-05, 3.9e-05, -4.5e-05, -2.5e-05, -4e-05, 0.0, -0.0, -0.000102, 0.0, 0.0, 0.0, 6e-05, 0.000722, 0.00028, 0.0, -0.0, -0.0, 0.0, -0.0, 0.0, 0.0, 0.000134, 0.0, 0.0, 0.0, -0.00017, -8e-06, -0.000247, 0.0, 0.0, 0.0, -0.0, 0.0, 0.0, 0.0, 7.2e-05, -0.0, -0.0, -0.0, -2.5e-05, -1.1e-05, -0.000167, -0.0, 0.0, 0.0, -0.0, 0.0, 0.0, 1e-06, 0.000104, 0.0, -0.0, -0.0, 0.000767, -7.1e-05, -0.000285, -0.0, -0.0, -0.0, -0.0, 0.0, 0.0, -0.0, -0.000215, 0.0, 0.0, 0.0, 0.000394, 0.000371, 0.000428, 0.0, -0.0, -0.0, 0.0, -0.0, 0.0, -0.0, -6e-06, 0.0, 0.0, 0.0, -1e-06, 4e-06, 9e-06, 0.0, 0.0, 0.0, 0.0, 0.0, 0.001094, 0.000167, -0.01802, -0.014339, 0.002348, 1e-05, 0.000731, 0.0, -0.0, -2e-06, -0.0, -0.000213, 0.0, -0.0, 0.0, 0.0, 4.1e-05, 0.0, 0.0, 0.0, 0.0, 2e-06, 0.0, 0.0, 0.0, 0.0, 9e-06, 0.0, 0.0, 0.0, -1.2e-05, -0.00281, -0.0, 1e-06, 1e-06, -0.0, -0.000194, -0.0, 0.0, 0.0], [0.0, 0.0, 0.0, 0.0, 0.0, 0.0, 0.0, 0.0, 0.0, 0.0, 0.0, 1.0, 0.0, 0.0, 0.010397, 0.026021, 0.006475, 0.257399, -0.002968, -0.043475, 0.153694, -0.000623, -0.003001, -0.0562, -0.025538, -0.387474, -0.033521, 0.004954, 0.0, 0.00048, 0.002639, 0.000728, -3.2e-05, -0.00056, 0.026057, -0.000442, -0.006931, -0.000268, -4.5e-05, -0.00079, -0.000379, 4.3e-05, 0.0, 1.3e-05, 0.002778, -2e-06, 0.0, -5e-06, -0.00163, 0.00028, -0.006918, -0.0, -0.0, 1e-06, -1e-06, -0.0, 0.0, 0.0, 0.00042, 0.0, 0.0, 0.0, -0.000534, -0.000247, -0.000707, 0.0, 0.0, 0.0, -0.0, 0.0, 0.0, 0.0, 0.000247, -0.0, -0.0, -0.0, -8.7e-05, -0.000167, -0.000534, -0.0, 0.0, 0.0, -0.0, 0.0, 0.0, 1e-06, 0.000226, 0.0, -0.0, -0.0, 0.001658, -0.000285, -0.000556, -0.0, -0.0, -0.0, -0.0, 0.0, 0.0, -0.0, -0.000214, 0.0, 0.0, 0.0, 0.000392, 0.000428, 0.000368, 0.0, -0.0, -0.0, -0.0, -0.0, 0.0, -0.0, -1e-05, 0.0, 0.0, 0.0, -1e-06, 9e-06, 1.5e-05, 0.0, 0.0, 0.0, 0.0, 0.0, 0.0216, 0.003304, -0.355932, 0.002348, 0.031916, -6.6e-05, -0.004743, -1e-06, -2e-06, 1.3e-05, 0.0, 0.00073, -0.0, 0.0, -0.0, 0.0, 0.000189, 0.0, 0.0, 0.0, 0.0, 8e-06, 0.0, 0.0, 0.0, 0.0, 7e-06, 0.0, 0.0, 0.0, -8e-06, -0.001846, -0.0, 1e-06, 0.0, -0.0, -0.000416, -0.0, 0.0, 0.0], [-0.0, -0.0, -0.0, -0.0, 0.0, -0.0, 0.0, -0.0, 0.0, 0.0, 0.0, 0.0, 1.0, 0.0, -0.08433, -0.211059, -0.05252, 0.02969, 0.037087, 0.221775, 0.006234, 0.012755, -0.053078, 0.006351, -0.004861, -0.033521, 0.136527, -0.053118, -1e-06, -0.004939, -0.027129, 0.000297, 0.000371, 0.005375, 0.004095, 0.005968, 0.057978, 0.002002, -2.5e-05, -0.000379, 0.003501, -0.000468, 0.0, -1.5e-05, -0.003199, 3e-06, -0.0, 6e-06, 0.00382, -0.000384, 0.007121, 0.0, 0.0, -1e-06, 1e-06, 0.0, 0.0, -0.0, -0.000236, -0.0, -0.0, -0.0, 0.000349, 0.000167, 0.000348, -0.0, -0.0, -0.0, 0.0, -0.0, 0.0, -0.0, -0.000328, 0.0, 0.0, 0.0, 0.000261, 0.000255, 0.000651, 0.0, -0.0, -0.0, 0.0, -0.0, 0.0, -1.2e-05, -0.002477, 0.0, 3e-06, 4e-06, 0.000242, 0.003898, 0.00507, 0.0, -0.0, -0.0, 0.0, -1e-06, 0.0, 0.0, 7e-06, 0.0, 0.0, -0.0, 2e-06, 0.000437, -0.000462, -0.0, 0.0, -0.0, -0.0, 0.0, 0.0, -0.0, -1.4e-05, 0.0, 0.0, 0.0, -6e-06, 1.4e-05, 1.9e-05, 0.0, 0.0, 0.0, 0.0, 0.0, -0.266607, -0.04078, -0.023128, -0.047092, -0.214571, -0.000152, -0.010898, -7e-06, -5e-06, 2.9e-05, -0.0, -0.000685, 0.0, -0.0, 0.0, -0.0, -9.5e-05, 0.0, 0.0, 0.0, 0.0, -1.2e-05, 0.0, 0.0, 0.0, 0.0, 3.7e-05, 0.0, 0.0, 0.0, 1.1e-05, 0.002605, 0.0, -1e-06, -1e-06, -0.0, -0.000314, -0.0, 0.0, 0.0], [0.0, 0.0, 0.0, 0.0, 0.0, 0.0, 0.0, 0.0, -0.0, 0.0, 0.0, 0.0, 0.0, 1.0, 0.008429, 0.021097, 0.00525, -0.002968, 0.258653, -0.035248, -0.000623, 0.153957, -0.002433, -0.000635, -0.031668, 0.004954, -0.053118, -0.389567, 0.0, 0.000533, 0.002928, -3.2e-05, 0.000721, -0.000621, -0.000442, 0.025965, -0.007691, -0.000216, -4e-05, 4.3e-05, -0.000468, -0.000781, 0.0, -1e-06, -0.000235, 0.0, 0.0, 0.0, 0.00028, 0.001665, 0.000584, 0.0, -0.0, -0.0, 0.0, -0.0, 0.0, 0.0, 0.000167, 0.0, 0.0, 0.0, -0.000247, -1e-05, -0.000281, 0.0, 0.0, 0.0, -0.0, 0.0, 0.0, 0.0, 0.00021, -0.0, -0.0, -0.0, -0.000167, -3.3e-05, -0.000455, -0.0, 0.0, 0.0, -0.0, 0.0, 0.0, 1.4e-05, 0.002913, -0.0, -2e-06, -6e-06, -0.000285, -0.00199, -0.007162, -1e-06, 0.0, 0.0, -1e-06, 1e-06, 0.0, 2e-06, 0.001639, 0.0, -0.0, -0.0, 0.000428, -0.002836, -0.002821, -0.0, -0.0, -0.0, 0.0, 0.0, 0.0, 0.0, 2.1e-05, 0.0, 0.0, 0.0, 9e-06, -1.5e-05, -3.2e-05, 0.0, 0.0, 0.0, 0.0, 0.0, 0.027064, 0.00414, 0.002348, -0.354864, 0.03999, -4.8e-05, -0.00344, -2e-06, 1e-06, 1e-05, -0.0, -0.000436, 0.0, -0.0, 0.0, 0.0, 4.3e-05, 0.0, 0.0, 0.0, 0.0, 7e-06, 0.0, 0.0, 0.0, 0.0, 0.000181, 0.0, 0.0, 0.0, 2.5e-05, 0.00602, 1e-06, -2e-06, -1e-06, 0.0, 0.000376, 0.0, -0.0, -0.0], [1.9e-05, 0.047749, 0.078597, 0.004405, 0.003572, 0.071639, 0.008315, 0.006741, 0.135219, -0.048561, 0.000518, 0.010397, -0.08433, 0.008429, 1.0, 0.325565, 0.151774, -0.0, -0.0, -0.0, -0.0, -0.0, -0.0, -0.0, 0.0, 0.0, -0.0, 0.0, 0.0, 0.020122, 0.058414, -0.001028, -0.001556, -0.027246, -0.004356, -0.006594, -0.11548, -0.014404, 0.000107, 0.001881, -0.024856, 0.002848, 0.0, 4.5e-05, 0.007141, -9e-06, 1e-06, -1.3e-05, -0.00968, 0.001277, -0.015163, -0.0, -0.0, 1e-06, -1e-06, -0.0, 0.0, 0.0, 0.000443, 0.0, 0.0, 0.0, -0.000723, -0.000278, -0.000559, 0.0, 0.0, 0.0, -0.0, 0.0, 0.0, 0.0, 0.000894, -0.0, -0.0, -0.0, -0.000825, -0.000705, -0.001789, -0.0, 0.0, 0.0, -0.0, 0.0, 0.0, 4.1e-05, 0.006902, -0.0, -8e-06, -1.2e-05, -0.000308, -0.00993, -0.014325, -1e-06, 0.0, 0.0, -0.0, 1e-06, 0.0, 0.0, 0.00129, 0.0, -0.0, -0.0, 0.000422, -0.002642, -0.001544, -0.0, -0.0, -0.0, 0.0, 0.0, 0.0, 0.0, 3.7e-05, 0.0, 0.0, 0.0, 1.9e-05, -3.6e-05, -4.8e-05, 0.0, 0.0, 0.0, 0.0, 0.0, 0.000168, 0.016361, 1e-06, 1e-06, 1.3e-05, 0.000468, 0.022127, 2.3e-05, 1.7e-05, -6e-05, 0.0, 0.001509, -0.0, 0.0, -0.0, 0.0, 0.000169, 0.0, 0.0, 0.0, 0.0, 3.5e-05, 0.0, 0.0, 0.0, 0.0, 0.000102, 0.0, 0.0, 0.0, 1e-06, 0.003306, 0.0, -0.0, -0.0, 0.0, 0.000668, 0.0, 0.0, 0.0], [0.047749, 0.353749, 0.479444, 0.022112, 0.017928, 0.359598, 0.037608, 0.030491, 0.61159, -0.121538, 0.001297, 0.026021, -0.211059, 0.021097, 0.325565, 1.0, 0.798485, 0.0, 0.0, 0.0, -0.0, -0.0, 0.0, 0.0, 0.0, 0.0, -0.0, 0.0, 0.020122, 0.221384, 0.38091, -0.009301, -0.01408, -0.246567, -0.021492, -0.032534, -0.569732, -0.095195, 0.00071, 0.012435, -0.164278, 0.018823, 4.5e-05, 0.008005, 0.074664, -0.004795, 0.000632, -0.007511, -0.088318, 0.011648, -0.138342, -0.000501, -0.000486, 0.005773, -0.00449, -0.000761, -1e-06, 0.000309, 0.011983, 0.00022, 8.4e-05, 0.00017, -0.020654, -0.007933, -0.01597, 0.000124, 0.000131, 0.000264, -7.7e-05, 0.000102, 0.0, 0.0003, 0.014898, -0.000102, -8.7e-05, -0.000222, -0.013817, -0.011807, -0.029954, -4.2e-05, 3.6e-05, 9.2e-05, -8.4e-05, 7.8e-05, 4.1e-05, 0.007587, 0.072725, -0.000149, -0.004808, -0.006936, -0.00284, -0.091505, -0.132007, -0.003474, 0.000121, 0.000175, -0.002113, 0.005638, 0.0, 0.000536, 0.019806, 6.7e-05, -0.000417, -0.000244, 0.006351, -0.039728, -0.02322, -0.000149, -6.4e-05, -3.7e-05, 0.000132, 0.000234, -0.0, 1.1e-05, 0.002042, -3e-06, 5e-06, 6e-06, 0.001379, -0.002622, -0.003447, -3e-06, -3e-06, -4e-06, -2e-06, 7e-06, 0.017334, 0.13998, 0.000898, 0.000874, 0.017408, 0.029855, 0.177534, 0.011123, 0.008163, -0.02884, 0.000246, 0.021433, -6.3e-05, 4.1e-05, -9.1e-05, 5e-06, 0.003819, -1e-06, -0.0, -1e-06, 0.0, 0.001099, -0.0, -0.0, -0.0, 2e-06, 0.002564, -0.0, -0.0, -0.0, 0.000995, 0.039745, 0.000197, -0.000579, -0.000137, 5.8e-05, 0.011287, 1.1e-05, -9e-06, -1.4e-05], [0.078597, 0.479444, 0.713195, 0.013657, 0.011073, 0.222096, 0.034766, 0.028187, 0.565375, -0.030244, 0.000323, 0.006475, -0.05252, 0.00525, 0.151774, 0.798485, 1.0, 0.0, -0.0, 0.0, 0.0, 0.0, 0.0, -0.0, 0.0, 0.0, -0.0, 0.0, 0.058414, 0.38091, 0.612352, -0.007866, -0.011906, -0.208505, -0.021819, -0.033029, -0.578393, -0.034009, 0.000254, 0.004442, -0.058689, 0.006725, 0.007141, 0.074664, 0.207993, -0.034278, 0.004521, -0.053693, -0.174068, 0.022957, -0.272664, -0.00232, -0.00225, 0.02672, -0.020779, -0.003524, -0.001578, 0.018327, 0.072388, 0.011664, 0.00448, 0.009019, -0.092072, -0.035362, -0.071191, 0.003867, 0.004101, 0.008256, -0.002404, 0.003171, 0.000894, 0.014898, 0.071485, -0.005716, -0.004884, -0.012391, -0.052488, -0.044853, -0.113788, -0.002444, 0.002109, 0.00535, -0.004898, 0.004572, 0.006902, 0.072725, 0.204398, -0.001103, -0.03555, -0.051286, -0.005658, -0.182293, -0.262979, -0.016756, 0.000585, 0.000844, -0.01019, 0.027194, 0.00129, 0.019806, 0.086332, 0.002597, -0.016244, -0.009494, 0.021485, -0.134397, -0.07855, -0.005553, -0.002383, -0.001393, 0.004907, 0.008711, -0.000268, 0.004172, 0.024927, -0.001159, 0.002204, 0.002897, 0.014105, -0.026811, -0.035248, -0.001108, -0.000928, -0.00122, -0.000643, 0.00232, 0.106732, 0.314488, 0.004095, 0.003985, 0.079354, 0.138617, 0.369174, 0.034182, 0.025086, -0.08863, 0.013648, 0.088682, -0.006418, 0.004219, -0.00931, 0.002079, 0.0277, -0.001489, -0.000319, -0.001045, 0.000536, 0.011958, -0.000167, -0.000147, -0.000402, 0.001347, 0.021172, -2.2e-05, -0.001059, -0.000534, 0.026821, 0.134512, 0.007248, -0.021318, -0.005032, 0.006775, 0.057538, 0.00335, -0.002814, -0.004196], [-0.004405, -0.022112, -0.013657, 0.171416, -0.001669, -0.033473, 0.282143, -0.001086, -0.02178, 0.035633, 0.012833, 0.257399, 0.02969, -0.002968, -0.0, 0.0, 0.0, 1.0, 0.0, 0.0, 0.531899, 0.0, 0.0, 0.0, 0.0, 0.0, -0.0, 0.0, 0.001028, 0.009301, 0.007866, 0.085623, -0.000819, -0.01435, 0.212971, -0.000834, -0.014613, -0.013803, -0.007834, -0.13718, -0.013431, 0.001539, 9e-06, 0.004795, 0.034278, -0.002306, 0.000412, -0.004898, -0.01941, 0.006367, -0.075629, -0.001008, -0.000263, 0.003128, -0.003127, -0.00053, -0.0, 0.00018, 0.009646, 0.00011, 4.6e-05, 9.2e-05, -0.015841, -0.007273, -0.014643, 5.3e-05, 6.7e-05, 0.000136, -4.3e-05, 5.6e-05, 0.0, 0.000102, 0.005716, -2.3e-05, -2.7e-05, -6.9e-05, -0.002057, -0.005198, -0.013188, -1.4e-05, 7e-06, 1.8e-05, -2.2e-05, 2e-05, 0.0, 0.000149, 0.001103, 0.000759, -0.000103, -0.000148, 0.027904, -0.001652, -0.002383, -9.9e-05, -0.000556, -0.000801, -4.8e-05, 0.000128, -0.0, -6.7e-05, -0.002597, 1.3e-05, 4.9e-05, 2.9e-05, 0.004738, 0.006015, 0.003516, 1.8e-05, -8e-06, -5e-06, -1.3e-05, -2.4e-05, 0.0, -2e-06, -0.000654, 0.0, -1e-06, -1e-06, -0.000133, 0.000916, 0.001205, 0.0, 0.0, 0.0, 0.0, -1e-06, -0.001042, -0.005373, 0.001838, -5.8e-05, -0.001163, -0.012391, -0.043569, -0.001076, -0.00398, 0.014062, 0.00011, 0.010639, -1.7e-05, 1.3e-05, -2.9e-05, 2e-06, 0.003075, -0.0, -0.0, -0.0, 0.0, 0.000405, -0.0, -0.0, -0.0, 0.0, 4.7e-05, 0.0, -0.0, -0.0, -0.000299, -0.011117, -2.5e-05, 0.000143, 3.4e-05, -2.3e-05, -0.006022, -2e-06, 2e-06, 3e-06], [-0.003572, -0.017928, -0.011073, -0.001669, 0.172121, -0.027139, -0.001086, 0.282602, -0.017659, 0.006347, 0.015905, -0.002968, 0.037087, 0.258653, -0.0, 0.0, -0.0, 0.0, 1.0, 0.0, 0.0, 0.531899, 0.0, -0.0, 0.0, 0.0, 0.0, 0.0, 0.001556, 0.01408, 0.011906, -0.000819, 0.084924, -0.021723, -0.000834, 0.212259, -0.022121, -0.007225, -0.005125, 0.001539, -0.028222, -0.135868, -1e-06, -0.000632, -0.004521, 0.000412, 0.000766, 0.000646, 0.006367, 0.028032, 0.009974, 3e-06, -0.000526, -0.00053, 0.000488, -0.000824, -0.0, 6.9e-05, 0.003705, 4.6e-05, 8e-06, 3.5e-05, -0.007273, 0.000303, -0.005624, 2.9e-05, 1.4e-05, 5.6e-05, -2.2e-05, 1.1e-05, 0.0, 8.7e-05, 0.004884, -2.7e-05, -1.4e-05, -5.9e-05, -0.005198, -0.000416, -0.01127, -8e-06, 5e-06, 2e-05, -2.1e-05, 1.2e-05, 8e-06, 0.004808, 0.03555, -0.000103, -0.002545, -0.004772, -0.001652, -0.025275, -0.076792, -0.00222, 7.1e-05, 0.000128, -0.002104, 0.003321, 0.0, 0.000417, 0.016244, 4.9e-05, -0.000287, -0.00018, 0.006015, -0.031927, -0.021991, -8.7e-05, -3.9e-05, -2.4e-05, 7e-05, 0.000141, -0.0, 3e-06, 0.001244, -1e-06, 1e-06, 1e-06, 0.000916, -0.001392, -0.00229, -1e-06, -1e-06, -1e-06, -0.0, 1e-06, -0.001014, -0.005229, -5.8e-05, 0.001841, -0.001132, -0.009094, -0.031975, -0.00398, 0.001426, 0.01032, -7.2e-05, -0.006994, 1.3e-05, -6e-06, 1.9e-05, 0.0, 0.000659, -0.0, -0.0, -0.0, 0.0, 0.000356, -0.0, -0.0, -0.0, 1e-06, 0.002302, -0.0, -0.0, -0.0, 0.00088, 0.0327, 0.000143, -0.000397, -9.9e-05, 1.9e-05, 0.005059, 2e-06, -2e-06, -3e-06], [-0.071639, -0.359598, -0.222096, -0.033473, -0.027139, -0.37088, -0.02178, -0.017659, -0.070719, 0.127318, -0.002968, -0.043475, 0.221775, -0.035248, -0.0, 0.0, 0.0, 0.0, 0.0, 1.0, 0.0, 0.0, 0.531899, -0.0, 0.0, 0.0, -0.0, 0.0, 0.027246, 0.246567, 0.208505, -0.01435, -0.021723, -0.294241, -0.014613, -0.022121, -0.173858, -0.12652, 0.001539, 0.021736, -0.217827, 0.032902, 1.3e-05, 0.007511, 0.053693, -0.004898, 0.000646, -0.006852, -0.075629, 0.009974, -0.089595, -3.1e-05, -0.00053, 0.005729, -0.004005, -0.000756, -0.0, 0.000139, 0.007458, 9.2e-05, 3.5e-05, 6.2e-05, -0.014643, -0.005624, -0.008226, 5.9e-05, 5.6e-05, 9.9e-05, -2.2e-05, 3.8e-05, 0.0, 0.000222, 0.012391, -6.9e-05, -5.9e-05, -0.000141, -0.013188, -0.01127, -0.024564, -2e-05, 2e-05, 4.9e-05, -4.1e-05, 4.2e-05, 1.2e-05, 0.006936, 0.051286, -0.000148, -0.004772, -0.006121, -0.002383, -0.076792, -0.082825, -0.003203, 0.000128, 0.000167, -0.001425, 0.005394, 0.0, 0.000244, 0.009494, 2.9e-05, -0.00018, -8.5e-05, 0.003516, -0.021991, -0.007154, -5.1e-05, -2.4e-05, -1.2e-05, 5.8e-05, 7.3e-05, -0.0, 4e-06, 0.001635, -1e-06, 1e-06, 2e-06, 0.001205, -0.00229, -0.002661, -1e-06, -1e-06, -1e-06, -0.0, 2e-06, -0.020198, -0.104133, -0.001163, -0.001132, -0.020642, 0.03213, 0.112968, 0.014062, 0.01032, -0.032113, 0.000159, 0.015433, -2.9e-05, 1.9e-05, -3.9e-05, 2e-06, 0.002157, -0.0, -0.0, -0.0, 0.0, 0.000975, -0.0, -0.0, -0.0, 0.0, 0.00116, -0.0, -0.0, -0.0, 0.000208, 0.007719, 3.4e-05, -9.9e-05, 0.0, 2.9e-05, 0.007544, 3e-06, -3e-06, -4e-06], [-0.008315, -0.037608, -0.034766, 0.282143, -0.001086, -0.02178, 0.672188, -0.00162, -0.032485, 0.014557, 0.007662, 0.153694, 0.006234, -0.000623, -0.0, -0.0, 0.0, 0.531899, 0.0, 0.0, 1.0, 0.0, 0.0, 0.0, 0.0, -0.0, 0.0, 0.0, 0.004356, 0.021492, 0.021819, 0.212971, -0.000834, -0.014613, 0.563443, -0.001384, -0.024245, -0.008895, -0.007867, -0.13776, -0.004967, 0.000569, 0.00968, 0.088318, 0.174068, -0.01941, 0.006367, -0.075629, -0.008863, 0.022292, -0.264764, -0.022383, -0.001634, 0.019403, -0.034624, -0.005872, -0.002926, 0.033289, 0.109782, 0.019604, 0.009413, 0.018951, -0.114133, -0.0615, -0.123811, 0.003536, 0.007995, 0.016097, -0.005825, 0.007682, 0.000825, 0.013817, 0.052488, -0.002057, -0.005198, -0.013188, 0.001974, -0.037693, -0.095624, -0.005177, 0.000979, 0.002483, -0.006014, 0.005613, 0.000308, 0.00284, 0.005658, 0.027904, -0.001652, -0.002383, 0.156756, -0.005854, -0.008444, -0.001514, -0.016506, -0.023812, -0.00056, 0.001495, -0.000422, -0.006351, -0.021485, 0.004738, 0.006015, 0.003516, 0.051295, 0.038373, 0.022428, 0.003435, -0.004678, -0.002734, -0.002106, -0.003739, 0.000177, -0.002967, -0.016319, 0.000107, -0.001768, -0.002324, 0.002794, 0.019859, 0.026109, 0.001459, 0.000118, 0.000155, 0.000588, -0.002124, -0.011684, -0.021878, 0.043543, -0.000534, -0.010626, -0.098499, -0.163043, 0.031174, -0.021933, 0.077488, 0.017179, 0.084028, -0.006007, 0.006165, -0.013604, 0.003816, 0.044434, -0.002687, -0.000644, -0.002108, 0.000417, 0.009035, -7.9e-05, -0.00012, -0.00033, 5.5e-05, 0.000785, 0.000183, -4.7e-05, -2.4e-05, -0.019767, -0.070653, 0.001542, 0.018575, 0.004385, -0.00881, -0.059572, -0.003558, 0.004165, 0.006211], [-0.006741, -0.030491, -0.028187, -0.001086, 0.282602, -0.017659, -0.00162, 0.672872, -0.026337, -0.001535, 0.009467, -0.000623, 0.012755, 0.153957, -0.0, -0.0, 0.0, 0.0, 0.531899, 0.0, 0.0, 1.0, 0.0, 0.0, 0.0, 0.0, 0.0, -0.0, 0.006594, 0.032534, 0.033029, -0.000834, 0.212259, -0.022121, -0.001384, 0.562262, -0.0367, 0.000197, -0.005179, 0.000569, -0.015407, -0.137274, -0.001277, -0.011648, -0.022957, 0.006367, 0.028032, 0.009974, 0.022292, 0.157223, 0.034918, -0.000711, -0.015543, -0.005872, 0.006681, -0.024346, -0.001124, 0.012785, 0.042164, 0.009413, -0.001289, 0.007278, -0.0615, 0.022373, -0.047552, 0.004719, -0.001236, 0.007682, -0.004177, -0.000955, 0.000705, 0.011807, 0.044853, -0.005198, -0.000416, -0.01127, -0.037693, 0.013872, -0.081716, -0.001634, 0.000328, 0.005613, -0.00675, 0.000711, 0.00993, 0.091505, 0.182293, -0.001652, -0.025275, -0.076792, -0.005854, -0.031656, -0.27207, -0.020121, 0.000523, 0.001495, -0.034582, 0.024294, 0.002642, 0.039728, 0.134397, 0.006015, -0.031927, -0.021991, 0.038373, -0.182613, -0.140296, -0.011616, -0.005486, -0.003739, 0.007473, 0.020057, -0.000336, 0.00564, 0.031019, -0.001768, 0.002537, 0.004417, 0.019859, -0.024506, -0.049627, -0.001505, -0.00123, -0.002124, -0.00185, 0.003074, -0.011371, -0.021292, -0.000534, 0.043572, -0.010341, -0.072289, -0.119659, -0.021933, 0.044962, 0.056869, -0.011293, -0.055237, 0.006165, -0.000681, 0.008943, 0.000818, 0.009528, -0.000644, 0.000179, -0.000452, 0.000366, 0.007934, -0.00012, -4.8e-05, -0.00029, 0.00269, 0.038229, -4.7e-05, -0.002111, -0.001156, 0.058142, 0.207814, 0.018575, -0.046777, -0.012896, 0.007401, 0.050042, 0.004165, -0.002098, -0.005217], [-0.135219, -0.61159, -0.565375, -0.02178, -0.017659, -0.070719, -0.032485, -0.026337, 0.145901, -0.030797, -0.000623, -0.003001, -0.053078, -0.002433, -0.0, 0.0, 0.0, 0.0, 0.0, 0.531899, 0.0, 0.0, 1.0, 0.0, 0.0, 0.0, 0.0, 0.0, 0.11548, 0.569732, 0.578393, -0.014613, -0.022121, -0.173858, -0.024245, -0.0367, -0.078332, 0.003455, 0.000569, 0.004755, 0.006469, 0.007198, 0.015163, 0.138342, 0.272664, -0.075629, 0.009974, -0.089595, -0.264764, 0.034918, -0.254569, 0.008449, -0.005872, 0.053706, -0.029115, -0.007083, -0.002262, 0.025739, 0.084884, 0.018951, 0.007278, 0.009748, -0.123811, -0.047552, -0.049739, 0.0095, 0.007682, 0.010414, -0.000598, 0.004, 0.001789, 0.029954, 0.113788, -0.013188, -0.01127, -0.024564, -0.095624, -0.081716, -0.16122, -0.004145, 0.005613, 0.012356, -0.008951, 0.010559, 0.014325, 0.132007, 0.262979, -0.002383, -0.076792, -0.082825, -0.008444, -0.27207, -0.235555, -0.029027, 0.001495, 0.001643, -0.002171, 0.052927, 0.001544, 0.02322, 0.07855, 0.003516, -0.021991, -0.007154, 0.022428, -0.140296, -0.024568, -0.006789, -0.003739, -0.001274, 0.011031, 0.007969, -0.000442, 0.007414, 0.04078, -0.002324, 0.004417, 0.004985, 0.026109, -0.049627, -0.052003, -0.001978, -0.002124, -0.002407, -0.000507, 0.004575, -0.226437, -0.424001, -0.010626, -0.010341, -0.16184, 0.255396, 0.422754, 0.077488, 0.056869, -0.139859, 0.024921, 0.121893, -0.013604, 0.008943, -0.016363, 0.002677, 0.031172, -0.002108, -0.000452, -0.001161, 0.001004, 0.021735, -0.00033, -0.00029, -0.000736, 0.001355, 0.019255, -2.4e-05, -0.001156, -0.000398, 0.013724, 0.049054, 0.004385, -0.012896, 0.004813, 0.011036, 0.074623, 0.006211, -0.005217, -0.00638], [-0.048561, -0.121538, -0.030244, -0.035633, -0.006347, -0.127318, -0.014557, 0.001535, 0.030797, 0.126455, -0.002802, -0.0562, 0.006351, -0.000635, -0.0, 0.0, -0.0, 0.0, -0.0, -0.0, 0.0, 0.0, 0.0, 1.0, 0.0, 0.0, 0.0, 0.0, -0.014404, -0.095195, -0.034009, 0.013803, 0.007225, 0.12652, 0.008895, -0.000197, -0.003455, 0.097971, -0.001476, -0.025849, 0.084384, -0.009669, -0.0, -0.000501, -0.00232, 0.001008, -3e-06, 3.1e-05, 0.022383, 0.000711, -0.008449, -0.000704, 6.6e-05, -0.000783, -0.000184, -3.1e-05, -0.0, 4.3e-05, 0.003332, 1.8e-05, 1e-05, 2e-05, -0.003904, -0.003565, -0.007177, 4e-06, 1.1e-05, 2.3e-05, -9e-06, 1.1e-05, -0.0, -4.2e-05, -0.002444, 1.4e-05, 8e-06, 2e-05, 0.005177, 0.001634, 0.004145, 1e-06, -2e-06, -6e-06, 4e-06, -4e-06, -1e-06, -0.003474, -0.016756, 9.9e-05, 0.00222, 0.003203, 0.001514, 0.020121, 0.029027, 0.001579, -7.4e-05, -0.000106, 0.000924, -0.002465, -0.0, -0.000149, -0.005553, -1.8e-05, 8.7e-05, 5.1e-05, -0.003435, 0.011616, 0.006789, 1.8e-05, 1e-05, 6e-06, -1.6e-05, -2.8e-05, 0.0, -1e-06, -0.000578, 0.0, -0.0, -0.0, -0.000625, 0.000739, 0.000971, 0.0, 0.0, 0.0, 0.0, -0.0, -0.008787, -0.023591, -0.000695, -0.000458, -0.009113, -0.010101, -0.017065, -0.007824, -0.002879, 0.010172, -9e-06, -0.000906, 2e-06, -0.0, 1e-06, 0.0, 0.001195, -0.0, -0.0, -0.0, -0.0, -0.000229, 0.0, 0.0, 0.0, -0.0, -0.00086, 0.0, 0.0, 0.0, -0.00023, -0.006995, -3e-05, 6.5e-05, 1.5e-05, -1e-06, -0.000286, -0.0, 0.0, 0.0], [0.000518, 0.001297, 0.000323, -0.012833, -0.015905, 0.002968, -0.007662, -0.009467, 0.000623, -0.002802, 0.123492, -0.025538, -0.004861, -0.031668, 0.0, 0.0, 0.0, 0.0, 0.0, 0.0, 0.0, 0.0, 0.0, 0.0, 1.0, 0.0, 0.0, 0.0, 0.000107, 0.00071, 0.000254, 0.007834, 0.005125, -0.001539, 0.007867, 0.005179, -0.000569, -0.001476, 0.048533, -0.016864, -0.00255, -0.011018, -0.0, -0.000486, -0.00225, 0.000263, 0.000526, 0.00053, 0.001634, 0.015543, 0.005872, 6.6e-05, -0.000278, -0.000352, 0.000383, -0.000532, -0.0, 4.6e-05, 0.003533, 2.3e-05, 5e-06, 1.9e-05, -0.006749, 5.5e-05, -0.00614, 1.1e-05, 7e-06, 2.5e-05, -1e-05, 6e-06, 0.0, 3.6e-05, 0.002109, -7e-06, -5e-06, -2e-05, -0.000979, -0.000328, -0.005613, -2e-06, 1e-06, 4e-06, -5e-06, 3e-06, 0.0, 0.000121, 0.000585, 0.000556, -7.1e-05, -0.000128, 0.016506, -0.000523, -0.001495, -7.4e-05, -0.000322, -0.000552, -5.3e-05, 9.1e-05, -0.0, -6.4e-05, -0.002383, 8e-06, 3.9e-05, 2.4e-05, 0.004678, 0.005486, 0.003739, 1e-05, -3e-06, -2e-06, -7e-06, -1.3e-05, 0.0, -0.0, -0.000485, 0.0, -0.0, -0.0, -0.000132, 0.000608, 0.000979, 0.0, 0.0, 0.0, 0.0, -0.0, 7.9e-05, 0.000212, -0.000122, -0.000125, 9.5e-05, 0.004881, 0.008246, 0.000871, -0.0004, -0.006544, -3.9e-05, -0.003844, 3e-06, -2e-06, 5e-06, 0.0, 0.000607, -0.0, -0.0, -0.0, 0.0, 0.000153, -0.0, -0.0, -0.0, 0.0, 4.9e-05, 0.0, -0.0, -0.0, -0.000329, -0.009991, -2.1e-05, 0.0001, 2.5e-05, -9e-06, -0.003028, -0.0, 0.0, 1e-06], [0.010397, 0.026021, 0.006475, -0.257399, 0.002968, 0.043475, -0.153694, 0.000623, 0.003001, -0.0562, -0.025538, -0.387474, -0.033521, 0.004954, 0.0, 0.0, 0.0, 0.0, 0.0, 0.0, -0.0, 0.0, 0.0, 0.0, 0.0, 1.0, 0.0, 0.0, 0.001881, 0.012435, 0.004442, 0.13718, -0.001539, -0.021736, 0.13776, -0.000569, -0.004755, -0.025849, -0.016864, -0.245832, -0.022176, 0.003187, 1e-06, 0.005773, 0.02672, -0.003128, 0.00053, -0.005729, -0.019403, 0.005872, -0.053706, -0.000783, -0.000352, 0.003869, -0.003376, -0.000623, -0.0, 9.2e-05, 0.007113, 4.6e-05, 1.9e-05, 3.4e-05, -0.013587, -0.00614, -0.009257, 2.3e-05, 2.5e-05, 4.5e-05, -1.1e-05, 1.8e-05, 0.0, 9.2e-05, 0.00535, -1.8e-05, -2e-05, -4.9e-05, -0.002483, -0.005613, -0.012356, -6e-06, 4e-06, 9e-06, -1e-05, 1e-05, 0.0, 0.000175, 0.000844, 0.000801, -0.000128, -0.000167, 0.023812, -0.001495, -0.001643, -0.000106, -0.000552, -0.000735, -4.1e-05, 0.000145, -0.0, -3.7e-05, -0.001393, 5e-06, 2.4e-05, 1.2e-05, 0.002734, 0.003739, 0.001274, 6e-06, -2e-06, -1e-06, -5e-06, -7e-06, 0.0, -1e-06, -0.000637, 0.0, -0.0, -0.0, -0.000174, 0.000979, 0.00115, 0.0, 0.0, 0.0, 0.0, -0.0, 0.001575, 0.004229, -0.002422, 9.5e-05, 0.001764, -0.017243, -0.029132, -0.003077, -0.006544, 0.020867, 8.5e-05, 0.008483, -7e-06, 5e-06, -1.1e-05, 1e-06, 0.001986, -0.0, -0.0, -0.0, 0.0, 0.000418, -0.0, -0.0, -0.0, 0.0, 2.5e-05, 0.0, -0.0, -0.0, -7.8e-05, -0.002358, -5e-06, 2.5e-05, 1e-06, -1.3e-05, -0.004515, -1e-06, 1e-06, 1e-06], [-0.08433, -0.211059, -0.05252, -0.02969, -0.037087, -0.221775, -0.006234, -0.012755, 0.053078, 0.006351, -0.004861, -0.033521, 0.136527, -0.053118, -0.0, -0.0, -0.0, -0.0, 0.0, -0.0, 0.0, 0.0, 0.0, 0.0, 0.0, 0.0, 1.0, 0.0, -0.024856, -0.164278, -0.058689, 0.013431, 0.028222, 0.217827, 0.004967, 0.015407, -0.006469, 0.084384, -0.00255, -0.022176, 0.192507, -0.050578, -1e-06, -0.00449, -0.020779, 0.003127, -0.000488, 0.004005, 0.034624, -0.006681, 0.029115, -0.000184, 0.000383, -0.003376, 0.002223, 0.000523, 0.0, -2.7e-05, -0.002072, -1.4e-05, -7e-06, -8e-06, 0.004656, 0.002981, 0.001199, -9e-06, -1e-05, -1.1e-05, 1e-06, -6e-06, -0.0, -8.4e-05, -0.004898, 2.2e-05, 2.1e-05, 4.1e-05, 0.006014, 0.00675, 0.008951, 4e-06, -5e-06, -1e-05, 7e-06, -9e-06, -0.0, -0.002113, -0.01019, 4.8e-05, 0.002104, 0.001425, 0.00056, 0.034582, 0.002171, 0.000924, -5.3e-05, -4.1e-05, -0.000416, -0.001889, 0.0, 0.000132, 0.004907, 1.3e-05, -7e-05, -5.8e-05, 0.002106, -0.007473, -0.011031, -1.6e-05, -7e-06, -5e-06, 7e-06, 2.9e-05, 0.0, -0.0, -0.000335, 0.0, -0.0, -0.0, -0.000271, 0.000775, 0.000336, 0.0, 0.0, 0.0, -0.0, -0.0, -0.015224, -0.040872, -0.000945, -0.001046, -0.015789, -0.020564, -0.034742, -0.010633, -0.009457, 0.021732, -4.9e-05, -0.004889, 5e-06, -3e-06, 6e-06, -0.0, -0.000632, 0.0, 0.0, 0.0, -0.0, -0.000436, 0.0, 0.0, 0.0, 0.0, 0.000888, -0.0, -0.0, -0.0, 0.000457, 0.013874, 4.9e-05, -0.000131, -3.8e-05, -5e-06, -0.001556, -0.0, 0.0, 0.0], [0.008429, 0.021097, 0.00525, 0.002968, -0.258653, 0.035248, 0.000623, -0.153957, 0.002433, -0.000635, -0.031668, 0.004954, -0.053118, -0.389567, 0.0, 0.0, 0.0, 0.0, 0.0, 0.0, 0.0, -0.0, 0.0, 0.0, 0.0, 0.0, 0.0, 1.0, 0.002848, 0.018823, 0.006725, -0.001539, 0.135868, -0.032902, -0.000569, 0.137274, -0.007198, -0.009669, -0.011018, 0.003187, -0.050578, -0.243113, -0.0, -0.000761, -0.003524, 0.00053, 0.000824, 0.000756, 0.005872, 0.024346, 0.007083, -3.1e-05, -0.000532, -0.000623, 0.000523, -0.000772, -0.0, 3.5e-05, 0.002732, 1.9e-05, 4e-06, 1.3e-05, -0.00614, 4.2e-05, -0.003555, 1.1e-05, 6e-06, 1.8e-05, -6e-06, 4e-0