{"HF": -417.71273347483, "coordinates": [[0.053211933, 1.524227154, -0.286732005], [0.010969507, 0.082289733, -0.097115051], [-0.032286213, -1.109347689, 0.067130285], [-0.079552148, -2.54931582, 0.248314476], [-0.056757056, -3.043250919, 1.670517738], [-1.202500394, -3.966815925, 1.427713412], [-1.408167143, -3.28614467, 0.095485685], [-2.28194285, -3.237657255, -0.812491817], [-3.357578816, -4.094794171, -0.522117627], [0.96401497, 1.833640022, -0.811073182], [-0.803713848, 1.869862645, -0.875370137], [0.02758143, 2.048915579, 0.674653273], [0.6895303, -3.025251519, -0.38042706], [0.809354605, -3.510924301, 1.913213676], [-0.948723412, -5.031597104, 1.330463377], [-2.01764414, -3.869227718, 2.152390916], [-3.94672917, -3.940938814, -1.268627639]], "elements": ["C", "C", "C", "C", "N", "C", "C", "N", "O", "H", "H", "H", "H", "H", "H", "H", "H"], "Enn": 403.217923723, "S": [[1.0, 0.325565, 0.151774, 0.0, 0.0, -0.0, -0.0, -0.0, -0.0, -0.0, 0.0, 0.0, -0.0, -0.0, 0.0, 0.019633, 0.057923, -0.00346, 0.000771, 0.026312, -0.015004, 0.003342, 0.114095, -0.013237, -0.000183, -0.00624, -0.023707, 0.00139, 0.0, 2.9e-05, 0.00609, -1e-06, 0.0, 9e-06, -0.002046, 0.000494, 0.015231, -0.0, -0.0, -0.0, -1e-06, 0.0, 0.0, 0.0, 7e-05, 0.0, 0.0, 0.0, -1.7e-05, 4e-06, 0.000131, 0.0, 0.0, 0.0, 0.0, 0.0, 0.0, 0.0, 0.0, 0.0, 0.0, 0.0, -0.0, 0.0, 0.0, 0.0, 0.0, 0.0, 0.0, 0.0, 0.0, 0.0, 0.0, 0.0, 0.0, 0.0, -0.0, 0.0, 0.0, 0.0, 0.0, 0.0, 0.0, 0.0, 0.0, 0.0, 1e-06, 0.0, 0.0, 0.0, -0.0, 1e-06, 2e-06, 0.0, 0.0, 0.0, 0.0, 0.0, 0.0, 0.0, 0.0, 0.0, 0.0, 0.0, 0.0, 0.0, 0.0, 0.0, 0.0, 0.0, 0.0, 0.0, 0.0, 0.0, 0.0, 0.0, 0.0, 0.0, 0.0, 0.0, 0.0, 0.0, 0.0, 0.0, 0.0, 0.0, 0.049675, 0.086682, 0.038945, -0.067649, -0.022981, 0.049672, 0.086681, 0.043715, 0.06364, -0.025669, 0.049677, 0.086683, -0.071408, 0.001904, -0.038972, 0.0, 1.9e-05, 0.0, 0.0, 0.0, 0.0, 0.0, 0.0, 0.0, 0.0, 0.0, 0.0, 0.0, 0.0, 0.0, 0.0, 0.0, 0.0, 0.0, 0.0, 0.0, 0.0, 0.0, 0.0, 0.0], [0.325565, 1.0, 0.798485, 0.0, 0.0, 0.0, 0.0, 0.0, 0.0, 0.0, 0.0, -0.0, -0.0, 0.0, 0.019633, 0.21845, 0.378424, -0.031838, 0.007093, 0.24211, -0.074205, 0.016531, 0.564293, -0.089923, -0.001242, -0.042393, -0.161049, 0.009444, 2.9e-05, 0.006225, 0.065992, -0.000911, 0.00022, 0.006778, -0.019561, 0.004726, 0.145583, -0.002633, -4.1e-05, -0.00127, -0.004721, 0.000307, 0.0, 5e-06, 0.002059, -0.0, 0.0, 3e-06, -0.000607, 0.000151, 0.004625, -1e-06, -0.0, -0.0, -1e-06, 0.0, 0.0, 0.0, 1.1e-05, 0.0, -0.0, -0.0, -8e-06, 0.0, 1.8e-05, -0.0, -0.0, -0.0, -0.0, 0.0, 0.0, 0.0, 4e-06, 0.0, 0.0, 0.0, -2e-06, 1e-06, 6e-06, 0.0, 0.0, 0.0, 0.0, 0.0, 0.0, 0.0, 0.000102, -0.0, 0.0, 0.0, -1.5e-05, 5.7e-05, 0.000188, -0.0, -0.0, -0.0, -0.0, 0.0, 0.0, 0.0, 2e-06, 0.0, 0.0, 0.0, 0.0, 1e-06, 3e-06, 0.0, 0.0, 0.0, 0.0, 0.0, 0.0, 0.0, 0.0, 0.0, 0.0, 0.0, 0.0, 0.0, 0.0, 0.0, 0.0, 0.0, 0.0, 0.0, 0.366288, 0.520006, 0.172633, -0.299871, -0.101871, 0.366274, 0.519997, 0.193793, 0.28212, -0.113791, 0.366293, 0.520009, -0.316529, 0.008439, -0.17275, 0.0, 0.00067, 0.0, -0.0, 0.0, 0.0, 2.7e-05, 0.0, 0.0, 0.0, 0.0, 0.0, 0.0, 0.0, 0.0, 0.0, 2e-06, 0.0, 0.0, 0.0, 0.0, 0.0, 0.0, 0.0, 0.0], [0.151774, 0.798485, 1.0, 0.0, 0.0, -0.0, 0.0, -0.0, 0.0, -0.0, 0.0, 0.0, -0.0, 0.0, 0.057923, 0.378424, 0.609701, -0.027163, 0.006051, 0.20656, -0.075535, 0.016827, 0.574401, -0.032458, -0.000448, -0.015302, -0.05813, 0.003409, 0.00609, 0.065992, 0.191655, -0.007628, 0.001843, 0.05677, -0.040541, 0.009795, 0.301725, -0.014794, -0.000232, -0.007136, -0.026526, 0.001724, 7e-05, 0.002059, 0.019265, -0.000273, 6.8e-05, 0.002081, -0.005165, 0.001282, 0.039322, -0.000684, -1e-05, -0.000322, -0.001224, 8e-05, -1e-06, 5.4e-05, 0.001084, 2.1e-05, -1e-06, -4.8e-05, -0.000888, 5e-05, 0.002073, -1.4e-05, -1e-06, -3.2e-05, -3.8e-05, 2e-06, 0.0, 4e-06, 0.000303, -1e-06, 1e-06, 3e-06, -0.000189, 0.000138, 0.000605, -1e-06, -0.0, -1e-06, -2e-06, 1e-06, 1e-06, 0.000102, 0.002627, -8e-06, 2.9e-05, 9.7e-05, -0.000432, 0.001651, 0.005434, -3.5e-05, -3e-06, -9e-06, -5.1e-05, 3.4e-05, -0.0, 1.3e-05, 0.000391, -1e-06, -6e-06, -1.1e-05, 8.1e-05, 0.000359, 0.000731, -6e-06, 1e-06, 2e-06, -7e-06, 9e-06, -0.0, 0.0, 1e-06, 0.0, 0.0, 0.0, 0.0, 2e-06, 4e-06, -0.0, 0.0, 0.0, -0.0, 0.0, 0.453444, 0.762206, 0.089216, -0.154973, -0.052646, 0.453436, 0.762198, 0.100154, 0.145803, -0.058809, 0.453447, 0.762209, -0.16358, 0.004361, -0.089276, 0.000313, 0.00856, 5e-06, -3.6e-05, 0.00026, 9e-06, 0.000971, -3e-06, -1e-06, 6e-06, 0.0, 2.7e-05, -0.0, 0.0, 0.0, 0.0, 0.000141, -0.0, 0.0, 0.0, 0.0, 2.6e-05, 0.0, 0.0, 0.0], [0.0, 0.0, 0.0, 1.0, -0.0, 0.0, 0.531899, 0.0, 0.0, 0.0, 0.0, -0.0, -0.0, 0.0, 0.00346, 0.031838, 0.027163, 0.078073, 0.00143, 0.048796, 0.205192, 0.001474, 0.050303, -0.045875, 0.003597, 0.122775, -0.045513, 0.002669, 1e-06, 0.000911, 0.007628, 0.000438, 3.5e-05, 0.001066, 0.022136, 0.000649, 0.019978, -0.000545, 1.7e-05, 0.00051, -0.000778, 5.1e-05, 0.0, 0.0, 0.000273, 0.0, 0.0, 0.0, 0.000273, 2.2e-05, 0.000676, -0.0, 0.0, 0.0, -0.0, 0.0, 0.0, 0.0, 4e-06, 0.0, 0.0, 0.0, -2e-06, 0.0, 6e-06, 0.0, 0.0, 0.0, 0.0, 0.0, 0.0, 0.0, 1e-06, 0.0, 0.0, 0.0, -0.0, 0.0, 1e-06, 0.0, 0.0, 0.0, 0.0, 0.0, 0.0, 0.0, 8e-06, 0.0, 0.0, 0.0, 8e-06, 4e-06, 1.5e-05, 0.0, 0.0, 0.0, 0.0, 0.0, 0.0, 0.0, -0.0, 0.0, 0.0, 0.0, 0.0, -0.0, -0.0, 0.0, 0.0, 0.0, 0.0, 0.0, 0.0, 0.0, 0.0, 0.0, 0.0, 0.0, 0.0, 0.0, 0.0, 0.0, 0.0, 0.0, 0.0, 0.0, -0.18679, -0.099845, 0.062485, 0.242184, 0.082273, -0.209684, -0.112086, 0.026194, -0.255783, 0.103168, 0.342486, 0.183067, -0.266806, 0.012496, -0.255809, -0.0, -1.4e-05, 0.0, 0.0, -0.0, 0.0, 1e-05, 0.0, 0.0, 0.0, 0.0, 0.0, 0.0, 0.0, 0.0, 0.0, 1e-06, 0.0, 0.0, 0.0, 0.0, -0.0, 0.0, 0.0, 0.0], [0.0, 0.0, 0.0, -0.0, 1.0, 0.0, 0.0, 0.531899, 0.0, -0.0, 0.0, 0.0, 0.0, -0.0, -0.000771, -0.007093, -0.006051, 0.00143, 0.084172, -0.010871, 0.001474, 0.211479, -0.011206, 0.003382, -0.017642, 0.002669, 0.014087, 0.134161, -0.0, -0.00022, -0.001843, 3.5e-05, 0.000573, -0.000257, 0.000649, 0.024664, -0.004827, 9.1e-05, -9.5e-05, 5.1e-05, 0.000211, 0.000707, 0.0, -0.0, -6.8e-05, 0.0, 0.0, -0.0, 2.2e-05, 0.000356, -0.000168, 0.0, -0.0, 0.0, 0.0, 0.0, 0.0, -0.0, -0.0, 0.0, 0.0, 0.0, 0.0, 1e-06, -0.0, 0.0, 0.0, 0.0, 0.0, 0.0, 0.0, 0.0, -1e-06, 0.0, 0.0, 0.0, 0.0, -0.0, -1e-06, 0.0, 0.0, 0.0, 0.0, 0.0, 0.0, -0.0, -2.9e-05, 0.0, -0.0, -0.0, 4e-06, -8e-06, -5.6e-05, 0.0, 0.0, 0.0, 0.0, 0.0, 0.0, 0.0, -1e-06, 0.0, 0.0, 0.0, -0.0, -0.0, -1e-06, 0.0, 0.0, 0.0, 0.0, 0.0, 0.0, 0.0, 0.0, 0.0, 0.0, 0.0, 0.0, 0.0, 0.0, 0.0, 0.0, 0.0, 0.0, 0.0, 0.324462, 0.173434, 0.242184, -0.218776, -0.142912, -0.305253, -0.163172, -0.255783, -0.170467, 0.15019, -0.009131, -0.004881, 0.012496, 0.201579, 0.00682, 0.0, 9.4e-05, 0.0, 0.0, 0.0, 0.0, 4e-06, 0.0, 0.0, 0.0, 0.0, -0.0, 0.0, 0.0, 0.0, 0.0, -0.0, 0.0, 0.0, 0.0, 0.0, -0.0, 0.0, 0.0, 0.0], [-0.0, 0.0, -0.0, 0.0, 0.0, 1.0, 0.0, 0.0, 0.531899, 0.0, 0.0, 0.0, 0.0, 0.0, -0.026312, -0.24211, -0.20656, 0.048796, -0.010871, -0.286576, 0.050303, -0.011206, -0.170724, 0.115449, 0.002669, 0.073384, 0.211349, -0.016348, -9e-06, -0.006778, -0.05677, 0.001066, -0.000257, -0.00735, 0.019978, -0.004827, -0.123867, 0.002814, 5.1e-05, 0.001461, 0.00507, -0.000353, 0.0, -3e-06, -0.002081, 0.0, -0.0, -1e-06, 0.000676, -0.000168, -0.004786, 0.0, 0.0, 0.0, 0.0, -0.0, 0.0, -0.0, -9e-06, 0.0, 0.0, 0.0, 6e-06, -0.0, -1.3e-05, 0.0, 0.0, 0.0, 0.0, 0.0, 0.0, 0.0, -3e-06, 0.0, 0.0, 0.0, 1e-06, -1e-06, -4e-06, 0.0, 0.0, 0.0, 0.0, 0.0, 0.0, -0.0, -9.7e-05, 0.0, -0.0, -0.0, 1.5e-05, -5.6e-05, -0.000177, 0.0, 0.0, 0.0, 0.0, 0.0, 0.0, 0.0, -1e-06, 0.0, 0.0, 0.0, -0.0, -1e-06, -2e-06, 0.0, 0.0, 0.0, 0.0, 0.0, 0.0, 0.0, 0.0, 0.0, 0.0, 0.0, 0.0, 0.0, 0.0, 0.0, 0.0, 0.0, 0.0, 0.0, 0.110224, 0.058918, 0.082273, -0.142912, 0.153358, 0.123122, 0.065814, 0.103168, 0.15019, 0.141317, 0.186916, 0.099911, -0.255809, 0.00682, 0.062301, -0.0, -0.000673, -0.0, 0.0, -0.0, 0.0, -2.4e-05, 0.0, 0.0, 0.0, 0.0, -0.0, 0.0, 0.0, 0.0, 0.0, -1e-06, 0.0, 0.0, 0.0, 0.0, -0.0, 0.0, 0.0, 0.0], [-0.0, 0.0, 0.0, 0.531899, 0.0, 0.0, 1.0, 0.0, 0.0, 0.0, 0.0, 0.0, 0.0, 0.0, 0.015004, 0.074205, 0.075535, 0.205192, 0.001474, 0.050303, 0.550501, 0.002452, 0.08371, -0.030295, 0.003872, 0.132159, -0.017093, 0.001002, 0.002046, 0.019561, 0.040541, 0.022136, 0.000649, 0.019978, 0.135646, 0.002402, 0.073977, -0.010161, 0.000743, 0.022897, -0.011024, 0.000717, 1.7e-05, 0.000607, 0.005165, 0.000273, 2.2e-05, 0.000676, 0.008426, 0.000387, 0.011865, -0.000315, 1.1e-05, 0.000328, -0.000443, 2.9e-05, -1e-06, 3.8e-05, 0.000941, 1.1e-05, -1e-06, -3.6e-05, -0.000498, 4.7e-05, 0.001956, -1.5e-05, -0.0, -1.9e-05, -3.1e-05, 1e-06, 0.0, 2e-06, 0.000189, -0.0, 0.0, 1e-06, -4.7e-05, 9.2e-05, 0.000403, -0.0, -0.0, -0.0, -1e-06, 0.0, 0.0, 1.5e-05, 0.000432, 8e-06, 4e-06, 1.5e-05, 0.0009, 0.000298, 0.00098, -7e-06, 3e-06, 9e-06, -8e-06, 5e-06, 0.0, -2e-06, -8.3e-05, -1e-06, 1e-06, 2e-06, 8.5e-05, -8.2e-05, -0.000167, 1e-06, 0.0, 1e-06, 1e-06, -2e-06, 0.0, -0.0, -0.0, 0.0, -0.0, -0.0, 0.0, -0.0, -0.0, 0.0, 0.0, 0.0, 0.0, -0.0, -0.270396, -0.254717, 0.199153, 0.1164, 0.039543, -0.303547, -0.285948, 0.181707, -0.122941, 0.049588, 0.495777, 0.467027, 0.04089, 0.006006, -0.122947, -1.3e-05, -0.000367, 2.9e-05, 2e-06, -1.1e-05, 6e-06, 0.000832, -1e-06, -1e-06, 4e-06, 0.0, 1.3e-05, -0.0, 0.0, 0.0, 0.0, 0.000116, -0.0, 0.0, 0.0, -0.0, -8e-06, 0.0, -0.0, -0.0], [-0.0, 0.0, -0.0, 0.0, 0.531899, 0.0, 0.0, 1.0, 0.0, 0.0, 0.0, 0.0, 0.0, 0.0, -0.003342, -0.016531, -0.016827, 0.001474, 0.211479, -0.011206, 0.002452, 0.560962, -0.018649, -0.000185, -0.017941, 0.001002, 0.007811, 0.136435, -0.000494, -0.004726, -0.009795, 0.000649, 0.024664, -0.004827, 0.002402, 0.145006, -0.017874, 0.001001, -0.003452, 0.000717, 0.003503, 0.02569, -4e-06, -0.000151, -0.001282, 2.2e-05, 0.000356, -0.000168, 0.000387, 0.009888, -0.002944, 5.3e-05, -5.7e-05, 2.9e-05, 0.000124, 0.000437, 0.0, -2e-06, -5.3e-05, -1e-06, -4e-06, 2e-06, 4.7e-05, 0.000338, -0.00011, 1e-06, -3e-06, 1e-06, 2e-06, 7e-06, -0.0, -1e-06, -0.000138, 0.0, -0.0, -1e-06, 9.2e-05, 1.1e-05, -0.000295, 0.0, 0.0, 0.0, 1e-06, -0.0, -1e-06, -5.7e-05, -0.001651, 4e-06, -8e-06, -5.6e-05, 0.000298, -0.000161, -0.003747, 1.9e-05, 1e-06, 5e-06, 3.4e-05, -1e-05, 0.0, -9e-06, -0.000369, 1e-06, 3e-06, 8e-06, -8.2e-05, -0.00026, -0.00074, 4e-06, -1e-06, -2e-06, 6e-06, -5e-06, 0.0, -0.0, -1e-06, -0.0, -0.0, -0.0, -0.0, -2e-06, -3e-06, 0.0, -0.0, -0.0, 0.0, -0.0, 0.469689, 0.442454, 0.1164, 0.063971, -0.068688, -0.441896, -0.416276, -0.122941, 0.087182, 0.072188, -0.013217, -0.012451, 0.006006, 0.266005, 0.003278, 9e-05, 0.002492, 2e-06, 1.8e-05, 7.7e-05, 2e-06, 0.000286, -1e-06, 0.0, 1e-06, -0.0, -8e-06, 0.0, 0.0, -0.0, -0.0, -9.9e-05, 0.0, -0.0, -0.0, -0.0, -3.1e-05, -0.0, -0.0, -0.0], [-0.0, 0.0, 0.0, 0.0, 0.0, 0.531899, 0.0, 0.0, 1.0, 0.0, 0.0, 0.0, 0.0, 0.0, -0.114095, -0.564293, -0.574401, 0.050303, -0.011206, -0.170724, 0.08371, -0.018649, -0.075062, -0.006322, 0.001002, 0.016245, -0.006673, -0.003619, -0.015231, -0.145583, -0.301725, 0.019978, -0.004827, -0.123867, 0.073977, -0.017874, -0.404979, 0.030824, 0.000717, 0.018596, 0.056181, -0.004493, -0.000131, -0.004625, -0.039322, 0.000676, -0.000168, -0.004786, 0.011865, -0.002944, -0.080352, 0.001627, 2.9e-05, 0.000828, 0.002927, -0.000205, 2e-06, -8.9e-05, -0.002195, -3.6e-05, 2e-06, 7.9e-05, 0.001956, -0.00011, -0.004225, 2.2e-05, 1e-06, 5.8e-05, 6.5e-05, -3e-06, -0.0, -6e-06, -0.000605, 1e-06, -1e-06, -4e-06, 0.000403, -0.000295, -0.001213, 1e-06, 0.0, 1e-06, 2e-06, -1e-06, -2e-06, -0.000188, -0.005434, 1.5e-05, -5.6e-05, -0.000177, 0.00098, -0.003747, -0.011355, 6.4e-05, 5e-06, 1.7e-05, 9.1e-05, -6.5e-05, 0.0, -1.9e-05, -0.000752, 2e-06, 8e-06, 1.6e-05, -0.000167, -0.00074, -0.001406, 9e-06, -2e-06, -3e-06, 9e-06, -1.3e-05, 0.0, -0.0, -2e-06, -0.0, -0.0, -0.0, -0.0, -3e-06, -5e-06, 0.0, -0.0, -0.0, 0.0, -0.0, 0.15956, 0.150308, 0.039543, -0.068688, 0.242829, 0.178236, 0.167902, 0.049588, 0.072188, 0.237041, 0.270576, 0.254886, -0.122947, 0.003278, 0.199065, -0.000643, -0.017814, -1.1e-05, 7.7e-05, -0.000525, -1.4e-05, -0.001905, 4e-06, 1e-06, -8e-06, -0.0, -5.4e-05, 0.0, -0.0, -0.0, -0.0, -0.000257, 0.0, -0.0, -0.0, -0.0, -4.2e-05, -0.0, -0.0, -0.0], [-0.0, 0.0, -0.0, 0.0, -0.0, 0.0, 0.0, 0.0, 0.0, 1.0, 0.0, 0.0, 0.0, 0.0, -0.013237, -0.089923, -0.032458, 0.045875, -0.003382, -0.115449, 0.030295, 0.000185, 0.006322, 0.079074, 0.002485, 0.084838, 0.072441, -0.004248, -0.0, -0.002633, -0.014794, 0.000545, -9.1e-05, -0.002814, 0.010161, -0.001001, -0.030824, 0.001005, 2.2e-05, 0.000669, 0.001781, -0.000116, 0.0, -1e-06, -0.000684, 0.0, -0.0, -0.0, 0.000315, -5.3e-05, -0.001627, 0.0, 0.0, 0.0, 0.0, -0.0, 0.0, 0.0, -2e-06, 0.0, 0.0, 0.0, 1e-06, -0.0, -2e-06, 0.0, 0.0, 0.0, 0.0, 0.0, 0.0, 0.0, -1e-06, 0.0, 0.0, 0.0, 0.0, -0.0, -1e-06, 0.0, 0.0, 0.0, 0.0, 0.0, 0.0, -0.0, -3.5e-05, 0.0, 0.0, 0.0, 7e-06, -1.9e-05, -6.4e-05, 0.0, 0.0, 0.0, 0.0, 0.0, 0.0, 0.0, -0.0, 0.0, 0.0, 0.0, -0.0, -0.0, -1e-06, 0.0, 0.0, 0.0, 0.0, 0.0, 0.0, 0.0, 0.0, 0.0, 0.0, 0.0, 0.0, 0.0, 0.0, 0.0, 0.0, 0.0, 0.0, 0.0, -0.047005, -0.007679, -0.233679, -0.074216, -0.025212, -0.020131, -0.003289, -0.230607, 0.115982, -0.046781, 0.196892, 0.032165, -0.041608, 0.014621, -0.299302, -0.0, -0.000233, 0.0, 0.0, 0.0, 0.0, -5e-06, 0.0, 0.0, 0.0, 0.0, -0.0, 0.0, 0.0, 0.0, 0.0, -0.0, 0.0, 0.0, 0.0, 0.0, -0.0, 0.0, 0.0, 0.0], [0.0, 0.0, 0.0, 0.0, 0.0, 0.0, 0.0, 0.0, 0.0, 0.0, 1.0, 0.0, 0.0, 0.0, -0.000183, -0.001242, -0.000448, -0.003597, 0.017642, -0.002669, -0.003872, 0.017941, -0.001002, 0.002485, 0.043397, -0.00759, 0.004413, 0.037778, -0.0, -4.1e-05, -0.000232, -1.7e-05, 9.5e-05, -5.1e-05, -0.000743, 0.003452, -0.000717, 2.2e-05, 2.6e-05, -1.7e-05, 3.9e-05, 0.000107, 0.0, -0.0, -1e-05, -0.0, 0.0, -0.0, -1.1e-05, 5.7e-05, -2.9e-05, 0.0, 0.0, -0.0, 0.0, 0.0, 0.0, 0.0, -0.0, 0.0, 0.0, 0.0, 0.0, 0.0, -0.0, 0.0, 0.0, 0.0, 0.0, 0.0, 0.0, 0.0, -0.0, 0.0, 0.0, 0.0, 0.0, -0.0, -0.0, 0.0, 0.0, 0.0, 0.0, 0.0, 0.0, -0.0, -3e-06, 0.0, 0.0, 0.0, -3e-06, -1e-06, -5e-06, 0.0, 0.0, 0.0, 0.0, 0.0, 0.0, 0.0, 0.0, 0.0, 0.0, 0.0, -0.0, 0.0, 0.0, 0.0, 0.0, 0.0, 0.0, 0.0, 0.0, 0.0, 0.0, 0.0, 0.0, 0.0, 0.0, 0.0, 0.0, 0.0, 0.0, 0.0, 0.0, 0.0, -0.207128, -0.033837, 0.059475, 0.218618, 0.12848, 0.218759, 0.035739, -0.002638, 0.196667, -0.151579, -0.010687, -0.001746, 0.012797, 0.292053, 0.011241, -0.0, -2e-06, 0.0, 0.0, 0.0, 0.0, 2e-06, 0.0, 0.0, 0.0, 0.0, -0.0, 0.0, 0.0, 0.0, 0.0, -0.0, 0.0, 0.0, 0.0, 0.0, 0.0, 0.0, 0.0, 0.0], [0.0, -0.0, 0.0, -0.0, 0.0, 0.0, 0.0, 0.0, 0.0, 0.0, 0.0, 1.0, 0.0, 0.0, -0.00624, -0.042393, -0.015302, -0.122775, -0.002669, -0.073384, -0.132159, -0.001002, -0.016245, 0.084838, -0.00759, -0.215477, 0.074706, -0.005495, -0.0, -0.00127, -0.007136, -0.00051, -5.1e-05, -0.001461, -0.022897, -0.000717, -0.018596, 0.000669, -1.7e-05, -0.000498, 0.000976, -6.7e-05, 0.0, -0.0, -0.000322, -0.0, -0.0, -0.0, -0.000328, -2.9e-05, -0.000828, 0.0, -0.0, -0.0, 0.0, -0.0, 0.0, 0.0, -4e-06, 0.0, 0.0, 0.0, 2e-06, -0.0, -5e-06, 0.0, 0.0, 0.0, 0.0, 0.0, 0.0, 0.0, -1e-06, 0.0, 0.0, 0.0, 0.0, -0.0, -1e-06, 0.0, 0.0, 0.0, 0.0, 0.0, 0.0, -0.0, -9e-06, 0.0, 0.0, 0.0, -9e-06, -5e-06, -1.7e-05, 0.0, 0.0, 0.0, 0.0, 0.0, 0.0, 0.0, 0.0, 0.0, 0.0, 0.0, -0.0, 0.0, 0.0, 0.0, 0.0, 0.0, 0.0, 0.0, 0.0, 0.0, 0.0, 0.0, 0.0, 0.0, 0.0, 0.0, 0.0, 0.0, 0.0, 0.0, 0.0, 0.0, -0.070364, -0.011495, 0.020205, 0.12848, -0.115936, -0.088235, -0.014415, 0.001064, -0.151579, -0.118, 0.218781, 0.03574, -0.261971, 0.011241, 0.062475, 0.0, 1.6e-05, 0.0, 0.0, 0.0, 0.0, -1.1e-05, 0.0, 0.0, 0.0, 0.0, -0.0, 0.0, 0.0, 0.0, 0.0, -1e-06, 0.0, 0.0, 0.0, 0.0, 0.0, 0.0, 0.0, 0.0], [-0.0, -0.0, -0.0, -0.0, 0.0, 0.0, 0.0, 0.0, 0.0, 0.0, 0.0, 0.0, 1.0, 0.0, -0.023707, -0.161049, -0.05813, 0.045513, -0.014087, -0.211349, 0.017093, -0.007811, 0.006673, 0.072441, 0.004413, 0.074706, 0.18767, -0.025102, -1e-06, -0.004721, -0.026526, 0.000778, -0.000211, -0.00507, 0.011024, -0.003503, -0.056181, 0.001781, 3.9e-05, 0.000976, 0.003261, -0.000262, 0.0, -1e-06, -0.001224, 0.0, -0.0, -0.0, 0.000443, -0.000124, -0.002927, 0.0, 0.0, 0.0, 0.0, -0.0, 0.0, 0.0, -4e-06, 0.0, 0.0, 0.0, 3e-06, -0.0, -6e-06, 0.0, 0.0, 0.0, 0.0, 0.0, 0.0, 0.0, -2e-06, 0.0, 0.0, 0.0, 1e-06, -1e-06, -2e-06, 0.0, 0.0, 0.0, 0.0, 0.0, 0.0, -0.0, -5.1e-05, 0.0, 0.0, 0.0, 8e-06, -3.4e-05, -9.1e-05, 0.0, 0.0, 0.0, 0.0, 0.0, 0.0, 0.0, -0.0, 0.0, 0.0, 0.0, -0.0, -0.0, -1e-06, 0.0, 0.0, 0.0, 0.0, 0.0, 0.0, 0.0, 0.0, 0.0, 0.0, 0.0, 0.0, 0.0, 0.0, 0.0, 0.0, 0.0, 0.0, 0.0, 0.159134, 0.025997, 0.167277, -0.013366, -0.192879, 0.133327, 0.021782, 0.157334, -0.031743, -0.197569, -0.059559, -0.00973, 0.114789, -0.010861, -0.097044, -0.0, -0.000388, 0.0, 0.0, 0.0, 0.0, -1.2e-05, 0.0, 0.0, 0.0, 0.0, -0.0, 0.0, 0.0, 0.0, 0.0, -0.0, 0.0, 0.0, 0.0, 0.0, -0.0, 0.0, 0.0, 0.0], [-0.0, 0.0, 0.0, 0.0, -0.0, 0.0, 0.0, 0.0, 0.0, 0.0, 0.0, 0.0, 0.0, 1.0, 0.00139, 0.009444, 0.003409, -0.002669, -0.134161, 0.016348, -0.001002, -0.136435, 0.003619, -0.004248, 0.037778, -0.005495, -0.025102, -0.238919, 0.0, 0.000307, 0.001724, -5.1e-05, -0.000707, 0.000353, -0.000717, -0.02569, 0.004493, -0.000116, 0.000107, -6.7e-05, -0.000262, -0.000759, 0.0, 0.0, 8e-05, -0.0, -0.0, 0.0, -2.9e-05, -0.000437, 0.000205, -0.0, 0.0, -0.0, -0.0, -0.0, 0.0, 0.0, 0.0, 0.0, 0.0, 0.0, -0.0, -1e-06, 0.0, 0.0, 0.0, 0.0, 0.0, 0.0, 0.0, 0.0, 1e-06, 0.0, 0.0, 0.0, -0.0, 0.0, 1e-06, 0.0, 0.0, 0.0, 0.0, 0.0, 0.0, 0.0, 3.4e-05, 0.0, 0.0, 0.0, -5e-06, 1e-05, 6.5e-05, 0.0, 0.0, 0.0, 0.0, 0.0, 0.0, 0.0, 1e-06, 0.0, 0.0, 0.0, 0.0, 0.0, 1e-06, 0.0, 0.0, 0.0, 0.0, 0.0, 0.0, 0.0, 0.0, 0.0, 0.0, 0.0, 0.0, 0.0, 0.0, 0.0, 0.0, 0.0, 0.0, 0.0, 0.122226, 0.019967, 0.12848, -0.129006, 0.201386, -0.128451, -0.020985, -0.151579, -0.115479, -0.171782, -0.005833, -0.000953, 0.011241, 0.159392, -0.001666, -0.0, -0.000111, 0.0, 0.0, 0.0, 0.0, -4e-06, 0.0, 0.0, 0.0, 0.0, 0.0, 0.0, 0.0, 0.0, 0.0, 0.0, 0.0, 0.0, 0.0, 0.0, 0.0, 0.0, 0.0, 0.0], [0.0, 0.019633, 0.057923, 0.00346, -0.000771, -0.026312, 0.015004, -0.003342, -0.114095, -0.013237, -0.000183, -0.00624, -0.023707, 0.00139, 1.0, 0.325565, 0.151774, -0.0, 0.0, 0.0, -0.0, 0.0, 0.0, -0.0, 0.0, 0.0, -0.0, 0.0, 1.8e-05, 0.047577, 0.0785, -0.009767, 0.002572, 0.070865, -0.018499, 0.004872, 0.134218, -0.046149, -0.00083, -0.022873, -0.082867, 0.006024, 0.0, 2.9e-05, 0.006133, -1e-06, 0.0, 9e-06, -0.002014, 0.000528, 0.015344, -0.0, -0.0, -0.0, -1e-06, 0.0, 0.0, 0.0, 4.8e-05, 0.0, 0.0, 0.0, -4.2e-05, 2e-06, 7.4e-05, 0.0, 0.0, 0.0, 0.0, 0.0, 0.0, 0.0, 1.6e-05, 0.0, 0.0, 0.0, -9e-06, 7e-06, 2.3e-05, 0.0, 0.0, 0.0, 0.0, 0.0, 0.0, 0.0, 0.000342, -0.0, 0.0, 0.0, -3.9e-05, 0.00029, 0.000689, 0.0, 0.0, 0.0, 0.0, 0.0, 0.0, 0.0, 4e-06, 0.0, 0.0, 0.0, 1e-06, 3e-06, 4e-06, 0.0, 0.0, 0.0, 0.0, 0.0, 0.0, 0.0, 0.0, 0.0, 0.0, 0.0, 0.0, 0.0, 0.0, 0.0, 0.0, 0.0, 0.0, 0.0, 0.000423, 0.021484, 1.9e-05, -2.6e-05, -4.7e-05, 0.000436, 0.021671, 2.2e-05, 2.3e-05, -5.1e-05, 0.000437, 0.021683, -2.2e-05, -0.0, -5.6e-05, 0.0, 0.001901, 0.0, -0.0, 0.0, 0.0, 8.2e-05, 0.0, 0.0, 0.0, 0.0, 1e-06, 0.0, 0.0, 0.0, 0.0, 4e-06, 0.0, 0.0, 0.0, 0.0, 0.0, 0.0, 0.0, 0.0], [0.019633, 0.21845, 0.378424, 0.031838, -0.007093, -0.24211, 0.074205, -0.016531, -0.564293, -0.089923, -0.001242, -0.042393, -0.161049, 0.009444, 0.325565, 1.0, 0.798485, -0.0, -0.0, 0.0, -0.0, 0.0, 0.0, 0.0, -0.0, -0.0, -0.0, 0.0, 0.047577, 0.353056, 0.478983, -0.049151, 0.012945, 0.356604, -0.083703, 0.022044, 0.607283, -0.115974, -0.002087, -0.057481, -0.208246, 0.015138, 2.9e-05, 0.006294, 0.066351, -0.0009, 0.000236, 0.00686, -0.019212, 0.005035, 0.146361, -0.002673, -4.3e-05, -0.001257, -0.004783, 0.000329, -0.0, 1.6e-05, 0.002476, 6e-06, -0.0, -1.1e-05, -0.002726, 0.000104, 0.00482, -2e-06, -0.0, -1e-05, -9e-06, 0.0, 0.0, 0.0, 0.000644, -0.0, 0.0, 0.0, -0.000471, 0.000375, 0.00125, -0.0, -0.0, -0.0, -0.0, 0.0, 0.0, 6.6e-05, 0.007078, -3e-06, 1.9e-05, 4.5e-05, -0.000872, 0.006428, 0.015257, -1.2e-05, -1e-06, -2e-06, -1.5e-05, 1.5e-05, -0.0, 1e-06, 0.000418, -0.0, -0.0, -0.0, 0.000153, 0.000491, 0.00071, -0.0, 0.0, 0.0, -0.0, 0.0, 0.0, 0.0, 0.0, 0.0, 0.0, 0.0, 0.0, 0.0, 0.0, 0.0, 0.0, 0.0, 0.0, 0.0, 0.028306, 0.173457, 0.010164, -0.013567, -0.024932, 0.028753, 0.174647, 0.011298, 0.011827, -0.02595, 0.028782, 0.174722, -0.011217, -0.000241, -0.028584, 0.000372, 0.025708, 1.7e-05, -4.1e-05, 0.000188, 1e-06, 0.002173, -0.0, -0.0, 0.0, 0.0, 4.6e-05, 0.0, 0.0, 0.0, 0.0, 0.000196, -0.0, 0.0, 0.0, 0.0, 1.2e-05, 0.0, 0.0, 0.0], [0.057923, 0.378424, 0.609701, 0.027163, -0.006051, -0.20656, 0.075535, -0.016827, -0.574401, -0.032458, -0.000448, -0.015302, -0.05813, 0.003409, 0.151774, 0.798485, 1.0, 0.0, 0.0, 0.0, 0.0, 0.0, -0.0, -0.0, -0.0, 0.0, -0.0, 0.0, 0.0785, 0.478983, 0.71274, -0.030397, 0.008005, 0.220539, -0.077408, 0.020386, 0.561613, -0.028903, -0.00052, -0.014325, -0.051899, 0.003773, 0.006133, 0.066351, 0.192346, -0.00749, 0.001963, 0.057061, -0.039729, 0.010411, 0.302669, -0.01489, -0.000241, -0.007004, -0.026647, 0.001835, -0.000325, 0.004901, 0.027991, 0.002194, -8.4e-05, -0.003879, -0.025466, 0.000976, 0.045028, -0.000482, -5.7e-05, -0.002618, -0.002313, 0.0001, 1.6e-05, 0.000644, 0.008918, -0.000223, 0.000177, 0.000592, -0.006422, 0.005111, 0.017054, -0.00015, -7.3e-05, -0.000243, -0.000293, 0.000193, 0.000342, 0.007078, 0.043658, -0.000372, 0.002743, 0.00651, -0.004487, 0.033058, 0.078467, -0.00231, -0.000165, -0.000391, -0.002811, 0.002879, -5.5e-05, 0.001106, 0.009582, -0.000184, -0.00059, -0.000854, 0.003296, 0.010564, 0.015295, -0.000417, 0.000155, 0.000225, -0.000273, 0.000722, -0.0, 5e-06, 0.000119, 0.0, 3e-06, 4e-06, 2.5e-05, 0.000198, 0.000245, -3e-06, 1e-06, 1e-06, -1e-06, 5e-06, 0.135118, 0.363433, 0.032462, -0.043333, -0.079629, 0.136139, 0.365112, 0.035677, 0.037347, -0.081947, 0.136203, 0.365218, -0.035398, -0.000762, -0.090202, 0.01665, 0.100257, 0.001298, -0.003109, 0.01424, 0.001125, 0.018936, -0.000473, -0.000188, 0.000845, 1.7e-05, 0.00141, -3e-06, 2e-06, 1.2e-05, 8.2e-05, 0.003735, -2.9e-05, 2.6e-05, 5.2e-05, 4e-06, 0.000558, 1e-06, 2e-06, 2e-06], [-0.00346, -0.031838, -0.027163, 0.078073, 0.00143, 0.048796, 0.205192, 0.001474, 0.050303, 0.045875, -0.003597, -0.122775, 0.045513, -0.002669, -0.0, -0.0, 0.0, 1.0, 0.0, 0.0, 0.531899, 0.0, -0.0, 0.0, -0.0, 0.0, -0.0, 0.0, 0.009767, 0.049151, 0.030397, 0.162772, 0.002683, 0.073903, 0.276505, 0.001749, 0.048181, -0.077465, 0.008733, 0.240593, -0.065197, 0.004739, 1e-06, 0.0009, 0.00749, 0.000452, 3.6e-05, 0.001055, 0.022411, 0.000675, 0.019618, -0.000542, 1.8e-05, 0.000529, -0.000772, 5.3e-05, -0.0, 4e-06, 0.00129, 1e-06, -0.0, -2e-06, -0.001114, 6e-05, 0.002752, -0.0, -0.0, -2e-06, -2e-06, 0.0, 0.0, 0.0, 0.000223, -0.0, 0.0, 0.0, -8.7e-05, 0.00014, 0.000466, -0.0, -0.0, -0.0, -0.0, 0.0, 0.0, 3e-06, 0.000372, 1e-06, 1e-06, 1e-06, 0.001573, 0.000382, 0.000906, -0.0, 0.0, 1e-06, -0.0, 0.0, 0.0, -0.0, -7.4e-05, 0.0, 0.0, 0.0, 2.1e-05, -9.1e-05, -0.000132, 0.0, -0.0, -0.0, 0.0, -0.0, 0.0, 0.0, -0.0, 0.0, 0.0, 0.0, 0.0, -0.0, -0.0, 0.0, 0.0, 0.0, 0.0, 0.0, -0.011365, -0.041494, -0.000759, 0.006364, 0.011695, -0.012619, -0.045566, -0.001697, -0.006074, 0.013327, 0.012529, 0.045207, -0.001603, -0.000123, -0.014562, -2.9e-05, -0.002103, 4e-06, 2e-06, -1.1e-05, 0.0, 0.00105, -0.0, -0.0, 0.0, 0.0, 1.2e-05, 0.0, 0.0, 0.0, 0.0, 8.9e-05, 0.0, 0.0, 0.0, 0.0, -2e-06, 0.0, 0.0, 0.0], [0.000771, 0.007093, 0.006051, 0.00143, 0.084172, -0.010871, 0.001474, 0.211479, -0.011206, -0.003382, 0.017642, -0.002669, -0.014087, -0.134161, 0.0, -0.0, 0.0, 0.0, 1.0, 0.0, 0.0, 0.531899, 0.0, 0.0, 0.0, 0.0, -0.0, 0.0, -0.002572, -0.012945, -0.008005, 0.002683, 0.172252, -0.019463, 0.001749, 0.282685, -0.012689, 0.004143, -0.03547, 0.004739, 0.026557, 0.257341, -0.0, -0.000236, -0.001963, 3.6e-05, 0.000581, -0.000277, 0.000675, 0.024809, -0.005141, 9.8e-05, -9.4e-05, 5.3e-05, 0.000227, 0.000718, 0.0, -0.0, -4.9e-05, -0.0, -0.0, 0.0, 6e-05, 0.00044, -0.000105, 0.0, -0.0, 0.0, 0.0, 0.0, 0.0, -0.0, -0.000177, 0.0, -0.0, -0.0, 0.00014, -2.3e-05, -0.000371, 0.0, 0.0, 0.0, 0.0, -0.0, -0.0, -1.9e-05, -0.002743, 1e-06, -3e-06, -1.1e-05, 0.000382, -0.001188, -0.006677, 2e-06, 0.0, 0.0, 3e-06, -2e-06, 0.0, -0.0, -0.000237, 0.0, 0.0, 0.0, -9.1e-05, -0.000243, -0.000424, 0.0, -0.0, -0.0, 0.0, -0.0, 0.0, 0.0, -0.0, 0.0, 0.0, 0.0, -0.0, -0.0, -0.0, 0.0, 0.0, 0.0, 0.0, 0.0, 0.015171, 0.055389, 0.006364, -0.004487, -0.015611, -0.01321, -0.047699, -0.006074, -0.002253, 0.013951, 0.00027, 0.000973, -0.000123, 0.004109, -0.000313, 6.9e-05, 0.005038, 2e-06, -0.0, 2.6e-05, 0.0, 0.000417, -0.0, -0.0, 0.0, -0.0, -8e-06, 0.0, 0.0, 0.0, -0.0, -8e-05, 0.0, 0.0, 0.0, 0.0, -8e-06, 0.0, 0.0, 0.0], [0.026312, 0.24211, 0.20656, 0.048796, -0.010871, -0.286576, 0.050303, -0.011206, -0.170724, -0.115449, -0.002669, -0.073384, -0.211349, 0.016348, 0.0, 0.0, 0.0, 0.0, 0.0, 1.0, -0.0, 0.0, 0.531899, -0.0, 0.0, 0.0, -0.0, -0.0, -0.070865, -0.356604, -0.220539, 0.073903, -0.019463, -0.363222, 0.048181, -0.012689, -0.066421, 0.114134, 0.004739, 0.094925, 0.214433, -0.025, -9e-06, -0.00686, -0.057061, 0.001055, -0.000277, -0.00745, 0.019618, -0.005141, -0.124471, 0.002863, 5.3e-05, 0.001449, 0.005149, -0.00038, 0.0, -7e-06, -0.002281, -2e-06, 0.0, 4e-06, 0.002752, -0.000105, -0.004424, 0.0, 0.0, 3e-06, 3e-06, -0.0, 0.0, -0.0, -0.000592, 0.0, -0.0, -0.0, 0.000466, -0.000371, -0.001149, 0.0, 0.0, 0.0, 0.0, -0.0, -0.0, -4.5e-05, -0.00651, 1e-06, -1.1e-05, -2.5e-05, 0.000906, -0.006677, -0.014223, 5e-06, 0.0, 1e-06, 6e-06, -6e-06, 0.0, -0.0, -0.000343, 0.0, 0.0, 0.0, -0.000132, -0.000424, -0.000564, 0.0, -0.0, -0.0, 0.0, -0.0, 0.0, 0.0, -0.0, 0.0, 0.0, 0.0, -0.0, -0.0, -0.0, 0.0, 0.0, 0.0, 0.0, 0.0, 0.027878, 0.101785, 0.011695, -0.015611, -0.024679, 0.028985, 0.10466, 0.013327, 0.013951, -0.026506, 0.031925, 0.115197, -0.014562, -0.000313, -0.032995, -0.000316, -0.02307, -1.1e-05, 2.6e-05, -0.000112, -1e-06, -0.001876, 0.0, 0.0, -0.0, -0.0, -4.3e-05, 0.0, 0.0, 0.0, -0.0, -0.000157, 0.0, 0.0, 0.0, 0.0, -8e-06, 0.0, 0.0, 0.0], [-0.015004, -0.074205, -0.075535, 0.205192, 0.001474, 0.050303, 0.550501, 0.002452, 0.08371, 0.030295, -0.003872, -0.132159, 0.017093, -0.001002, -0.0, -0.0, 0.0, 0.531899, 0.0, -0.0, 1.0, 0.0, 0.0, 0.0, 0.0, 0.0, 0.0, 0.0, 0.018499, 0.083703, 0.077408, 0.276505, 0.001749, 0.048181, 0.663775, 0.00261, 0.071894, -0.032049, 0.005429, 0.14956, -0.013724, 0.000998, 0.002014, 0.019212, 0.039729, 0.022411, 0.000675, 0.019618, 0.136686, 0.002493, 0.072463, -0.009991, 0.000797, 0.023182, -0.01082, 0.000745, -0.000354, 0.005682, 0.029559, 0.001878, -0.00011, -0.005086, -0.015309, 0.001167, 0.053879, -0.001589, -5.6e-05, -0.002595, -0.003466, 0.00015, 9e-06, 0.000471, 0.006422, -8.7e-05, 0.00014, 0.000466, -0.001089, 0.004102, 0.013688, -0.000171, -3.3e-05, -0.00011, -0.000251, 0.000165, 3.9e-05, 0.000872, 0.004487, 0.001573, 0.000382, 0.000906, 0.025402, 0.003864, 0.009171, -0.000487, 0.000742, 0.001762, -0.000446, 0.000457, 1.8e-05, -0.000427, -0.003711, -8.8e-05, 0.000251, 0.000363, 0.002908, -0.004574, -0.006623, 0.000256, 8e-05, 0.000115, 0.000131, -0.000347, 0.0, -1e-06, -1.9e-05, 0.0, -0.0, -0.0, 3e-05, -3.4e-05, -4.3e-05, 0.0, 0.0, 0.0, 0.0, -1e-06, -0.093451, -0.156566, 0.031538, 0.036854, 0.067724, -0.102736, -0.171514, 0.026589, -0.034663, 0.076058, 0.101935, 0.170137, 0.027155, -0.000701, -0.083028, -0.003494, -0.015583, 0.004008, 0.000762, -0.003487, 0.001197, 0.018465, -0.000396, -0.000215, 0.00097, 8e-06, 0.000806, -1e-06, 1e-06, 5e-06, 7.1e-05, 0.003615, -2e-05, 2.3e-05, 4.4e-05, -1e-06, -0.000244, -0.0, -0.0, -0.0], [0.003342, 0.016531, 0.016827, 0.001474, 0.211479, -0.011206, 0.002452, 0.560962, -0.018649, 0.000185, 0.017941, -0.001002, -0.007811, -0.136435, 0.0, 0.0, 0.0, 0.0, 0.531899, 0.0, 0.0, 1.0, 0.0, 0.0, 0.0, 0.0, 0.0, 0.0, -0.004872, -0.022044, -0.020386, 0.001749, 0.282685, -0.012689, 0.00261, 0.672997, -0.018934, -0.001201, -0.0211, 0.000998, 0.009181, 0.153086, -0.000528, -0.005035, -0.010411, 0.000675, 0.024809, -0.005141, 0.002493, 0.145545, -0.018989, 0.001068, -0.003391, 0.000745, 0.003731, 0.025831, 1.4e-05, -0.000218, -0.001133, -0.00011, -0.000994, 0.000195, 0.001167, 0.015118, -0.002064, 1.1e-05, -0.000747, 0.00015, 0.000162, 0.001321, -7e-06, -0.000375, -0.005111, 0.00014, -2.3e-05, -0.000371, 0.004102, 0.000801, -0.010893, 8.5e-05, 1.3e-05, 0.000165, 0.000229, -3.4e-05, -0.00029, -0.006428, -0.033058, 0.000382, -0.001188, -0.006677, 0.003864, -0.002544, -0.067577, 0.002255, 8.8e-05, 0.000457, 0.004052, -0.00154, 5.8e-05, -0.001367, -0.011896, 0.000251, 0.000638, 0.001165, -0.004574, -0.010325, -0.021227, 0.000554, -0.000191, -0.000347, 0.000575, -0.000888, 0.0, -4e-06, -0.000151, -0.0, -3e-06, -4e-06, -3.4e-05, -0.000238, -0.000337, 3e-06, -1e-06, -1e-06, 2e-06, -5e-06, 0.124745, 0.208997, 0.036854, 0.009951, -0.090402, -0.107545, -0.179542, -0.034663, 0.023417, 0.079618, 0.002194, 0.003662, -0.000701, 0.059723, -0.001787, 0.008367, 0.037323, 0.000762, 0.002502, 0.008353, 0.000475, 0.007333, -0.000215, 6.1e-05, 0.000385, -5e-06, -0.000542, 1e-06, 0.0, -3e-06, -6.4e-05, -0.00326, 2.3e-05, -1.5e-05, -4e-05, -4e-06, -0.000826, -0.0, -2e-06, -2e-06], [0.114095, 0.564293, 0.574401, 0.050303, -0.011206, -0.170724, 0.08371, -0.018649, -0.075062, 0.006322, -0.001002, -0.016245, 0.006673, 0.003619, 0.0, 0.0, -0.0, -0.0, 0.0, 0.531899, 0.0, 0.0, 1.0, 0.0, 0.0, 0.0, 0.0, 0.0, -0.134218, -0.607283, -0.561613, 0.048181, -0.012689, -0.066421, 0.071894, -0.018934, 0.152079, -0.033084, 0.000998, 0.006348, -0.053778, -0.001672, -0.015344, -0.146361, -0.302669, 0.019618, -0.005141, -0.124471, 0.072463, -0.018989, -0.405854, 0.031034, 0.000745, 0.018249, 0.056402, -0.004782, 0.000625, -0.010046, -0.052267, -0.005086, 0.000195, 0.007995, 0.053879, -0.002064, -0.080107, 0.000511, 0.00015, 0.006184, 0.004801, -0.000237, -2.3e-05, -0.00125, -0.017054, 0.000466, -0.000371, -0.001149, 0.013688, -0.010893, -0.032282, 0.000285, 0.000165, 0.000515, 0.00057, -0.00041, -0.000689, -0.015257, -0.078467, 0.000906, -0.006677, -0.014223, 0.009171, -0.067577, -0.134472, 0.005353, 0.000457, 0.000979, 0.00597, -0.007216, 8.3e-05, -0.001979, -0.017224, 0.000363, 0.001165, 0.00152, -0.006623, -0.021227, -0.026399, 0.000802, -0.000347, -0.000454, 0.000386, -0.001455, 0.0, -5e-06, -0.000187, -0.0, -4e-06, -4e-06, -4.3e-05, -0.000337, -0.000384, 4e-06, -1e-06, -1e-06, 1e-06, -7e-06, 0.229236, 0.38406, 0.067724, -0.090402, -0.106981, 0.235975, 0.393949, 0.076058, 0.079618, -0.114996, 0.259751, 0.433545, -0.083028, -0.001787, -0.151835, -0.03832, -0.170924, -0.003487, 0.008353, -0.033926, -0.002139, -0.033003, 0.00097, 0.000385, -0.001586, -2.8e-05, -0.002887, 5e-06, -3e-06, -1.7e-05, -0.000125, -0.00635, 4.4e-05, -4e-05, -7.2e-05, -4e-06, -0.000839, -0.0, -2e-06, -2e-06], [-0.013237, -0.089923, -0.032458, -0.045875, 0.003382, 0.115449, -0.030295, -0.000185, -0.006322, 0.079074, 0.002485, 0.084838, 0.072441, -0.004248, -0.0, 0.0, -0.0, 0.0, 0.0, -0.0, 0.0, 0.0, 0.0, 1.0, 0.0, 0.0, 0.0, 0.0, -0.046149, -0.115974, -0.028903, 0.077465, -0.004143, -0.114134, 0.032049, 0.001201, 0.033084, 0.102997, 0.00437, 0.120383, -0.006796, 0.000494, -0.0, -0.002673, -0.01489, 0.000542, -9.8e-05, -0.002863, 0.009991, -0.001068, -0.031034, 0.001029, 2.3e-05, 0.000667, 0.001818, -0.000125, 0.0, -0.0, -0.000266, -0.0, 0.0, 0.0, 0.00068, -7e-06, -0.000337, -0.0, 0.0, 0.0, 0.0, -0.0, 0.0, -0.0, -0.00015, 0.0, -0.0, -0.0, 0.000171, -8.5e-05, -0.000285, 0.0, 0.0, 0.0, 0.0, -0.0, 0.0, -1.2e-05, -0.00231, 0.0, -2e-06, -5e-06, 0.000487, -0.002255, -0.005353, 1e-06, 0.0, 0.0, 1e-06, -1e-06, 0.0, -0.0, -0.000139, 0.0, 0.0, 0.0, -6.8e-05, -0.000162, -0.000234, 0.0, -0.0, -0.0, 0.0, -0.0, 0.0, 0.0, -0.0, 0.0, 0.0, 0.0, -0.0, -0.0, -0.0, 0.0, 0.0, 0.0, 0.0, 0.0, -0.009882, -0.017473, -0.007154, 0.004946, 0.009088, -0.00904, -0.015772, -0.007461, -0.003758, 0.008246, -0.009151, -0.015952, 0.007466, 7.8e-05, 0.009224, -9.7e-05, -0.006797, -2e-06, 4e-06, -1.9e-05, -0.0, -0.000228, 0.0, 0.0, -0.0, 0.0, -1.2e-05, 0.0, 0.0, 0.0, -0.0, -2.6e-05, 0.0, 0.0, 0.0, 0.0, -3e-06, 0.0, 0.0, 0.0], [-0.000183, -0.001242, -0.000448, 0.003597, -0.017642, 0.002669, 0.003872, -0.017941, 0.001002, 0.002485, 0.043397, -0.00759, 0.004413, 0.037778, 0.0, -0.0, -0.0, -0.0, 0.0, 0.0, 0.0, 0.0, 0.0, 0.0, 1.0, 0.0, 0.0, 0.0, -0.00083, -0.002087, -0.00052, -0.008733, 0.03547, -0.004739, -0.005429, 0.0211, -0.000998, 0.00437, 0.115888, -0.017157, 0.007753, 0.070209, -0.0, -4.3e-05, -0.000241, -1.8e-05, 9.4e-05, -5.3e-05, -0.000797, 0.003391, -0.000745, 2.3e-05, 2.7e-05, -1.9e-05, 4.1e-05, 0.000107, 0.0, -0.0, -3.1e-05, -0.0, -0.0, 0.0, 3.1e-05, 0.000281, -7.4e-05, 0.0, -0.0, 0.0, 0.0, 0.0, 0.0, -0.0, -7.3e-05, 0.0, -0.0, -0.0, 3.3e-05, -1.3e-05, -0.000165, 0.0, 0.0, 0.0, 0.0, -0.0, 0.0, -1e-06, -0.000165, -0.0, -0.0, -0.0, -0.000742, -8.8e-05, -0.000457, 0.0, -0.0, -0.0, 0.0, -0.0, 0.0, 0.0, 5.2e-05, -0.0, -0.0, -0.0, -1.2e-05, 5.7e-05, 9.8e-05, -0.0, 0.0, 0.0, -0.0, 0.0, 0.0, 0.0, 0.0, 0.0, 0.0, 0.0, -0.0, 0.0, 0.0, 0.0, 0.0, 0.0, 0.0, 0.0, -0.00788, -0.013932, -0.001213, 0.003176, 0.009496, 0.007499, 0.013083, 0.001709, 0.002003, -0.009299, 0.000152, 0.000265, -3.4e-05, 0.002219, -0.000207, -6e-06, -0.000455, 0.0, 0.0, -1e-06, 0.0, 0.000232, -0.0, -0.0, 0.0, 0.0, -3e-06, 0.0, 0.0, 0.0, -0.0, -4.3e-05, 0.0, 0.0, 0.0, 0.0, 2e-06, 0.0, 0.0, 0.0], [-0.00624, -0.042393, -0.015302, 0.122775, 0.002669, 0.073384, 0.132159, 0.001002, 0.016245, 0.084838, -0.00759, -0.215477, 0.074706, -0.005495, 0.0, -0.0, 0.0, 0.0, 0.0, 0.0, 0.0, 0.0, 0.0, 0.0, 0.0, 1.0, 0.0, 0.0, -0.022873, -0.057481, -0.014325, -0.240593, -0.004739, -0.094925, -0.14956, -0.000998, -0.006348, 0.120383, -0.017157, -0.356142, 0.0724, -0.007832, -0.0, -0.001257, -0.007004, -0.000529, -5.3e-05, -0.001449, -0.023182, -0.000745, -0.018249, 0.000667, -1.9e-05, -0.000522, 0.000972, -7.1e-05, 0.0, -2e-06, -0.001443, -0.0, 0.0, 1e-06, 0.00142, -7.4e-05, -0.003112, 0.0, 0.0, 0.0, 0.0, -0.0, 0.0, -0.0, -0.000243, 0.0, -0.0, -0.0, 0.00011, -0.000165, -0.000515, 0.0, 0.0, 0.0, 0.0, -0.0, 0.0, -2e-06, -0.000391, -1e-06, -0.0, -1e-06, -0.001762, -0.000457, -0.000979, 0.0, -0.0, -0.0, 0.0, -0.0, 0.0, 0.0, 7.5e-05, -0.0, -0.0, -0.0, -1.8e-05, 9.8e-05, 0.000131, -0.0, 0.0, 0.0, -0.0, 0.0, 0.0, 0.0, 0.0, 0.0, 0.0, 0.0, -0.0, 0.0, 0.0, 0.0, 0.0, 0.0, 0.0, 0.0, -0.01448, -0.025603, -0.002229, 0.009496, 0.015458, -0.016454, -0.028707, -0.003749, -0.009299, 0.018168, 0.017975, 0.031334, -0.00397, -0.000207, -0.022314, 3e-05, 0.002082, -2e-06, -1e-06, 6e-06, -0.0, -0.001045, 0.0, 0.0, -0.0, 0.0, -1.4e-05, 0.0, 0.0, 0.0, -0.0, -8.5e-05, 0.0, 0.0, 0.0, 0.0, 2e-06, 0.0, 0.0, 0.0], [-0.023707, -0.161049, -0.05813, -0.045513, 0.014087, 0.211349, -0.017093, 0.007811, -0.006673, 0.072441, 0.004413, 0.074706, 0.18767, -0.025102, -0.0, -0.0, -0.0, -0.0, -0.0, -0.0, 0.0, 0.0, 0.0, 0.0, 0.0, 0.0, 1.0, 0.0, -0.082867, -0.208246, -0.051899, 0.065197, -0.026557, -0.214433, 0.013724, -0.009181, 0.053778, -0.006796, 0.007753, 0.0724, 0.13146, -0.037657, -1e-06, -0.004783, -0.026647, 0.000772, -0.000227, -0.005149, 0.01082, -0.003731, -0.056402, 0.001818, 4.1e-05, 0.000972, 0.003321, -0.000283, 0.0, -2e-06, -0.001275, -0.0, 0.0, 1e-06, 0.001696, -7.6e-05, -0.0025, 0.0, 0.0, 0.0, 0.0, -0.0, 0.0, -0.0, -0.000293, 0.0, -0.0, -0.0, 0.000251, -0.000229, -0.00057, 0.0, 0.0, 0.0, 0.0, -0.0, 0.0, -1.5e-05, -0.002811, 0.0, -3e-06, -6e-06, 0.000446, -0.004052, -0.00597, 1e-06, 0.0, 0.0, 1e-06, -1e-06, 0.0, -0.0, -9.1e-05, 0.0, 0.0, 0.0, -3.7e-05, -0.000152, -0.000123, 0.0, -0.0, -0.0, 0.0, -0.0, 0.0, 0.0, -0.0, 0.0, 0.0, 0.0, -0.0, -0.0, -0.0, 0.0, 0.0, 0.0, 0.0, 0.0, -0.012501, -0.022103, -0.006141, 0.010856, 0.010179, -0.014972, -0.02612, -0.008083, -0.010801, 0.013432, -0.022901, -0.03992, 0.012267, 0.000312, 0.025599, -0.000155, -0.010873, -3e-06, 8e-06, -3e-05, -0.0, -0.000888, 0.0, 0.0, -0.0, 0.0, -2.3e-05, 0.0, 0.0, 0.0, -0.0, -5.5e-05, 0.0, 0.0, 0.0, 0.0, -0.0, 0.0, 0.0, 0.0], [0.00139, 0.009444, 0.003409, 0.002669, 0.134161, -0.016348, 0.001002, 0.136435, -0.003619, -0.004248, 0.037778, -0.005495, -0.025102, -0.238919, 0.0, 0.0, 0.0, 0.0, 0.0, -0.0, 0.0, 0.0, 0.0, 0.0, 0.0, 0.0, 0.0, 1.0, 0.006024, 0.015138, 0.003773, -0.004739, -0.257341, 0.025, -0.000998, -0.153086, 0.001672, 0.000494, 0.070209, -0.007832, -0.037657, -0.383819, 0.0, 0.000329, 0.001835, -5.3e-05, -0.000718, 0.00038, -0.000745, -0.025831, 0.004782, -0.000125, 0.000107, -7.1e-05, -0.000283, -0.000773, 0.0, 0.0, 5.5e-05, 0.0, 0.0, -0.0, -7.4e-05, -0.000496, 0.000119, -0.0, 0.0, -0.0, -0.0, -0.0, 0.0, 0.0, 0.000193, -0.0, 0.0, 0.0, -0.000165, 3.4e-05, 0.00041, -0.0, -0.0, -0.0, -0.0, 0.0, 0.0, 1.5e-05, 0.002879, -0.0, 2e-06, 6e-06, -0.000457, 0.00154, 0.007216, -1e-06, -0.0, -0.0, -1e-06, 1e-06, 0.0, 0.0, 0.00024, -0.0, -0.0, -0.0, 9.8e-05, 0.000264, 0.000419, -0.0, 0.0, 0.0, -0.0, 0.0, 0.0, 0.0, 0.0, 0.0, 0.0, 0.0, 0.0, 0.0, 0.0, 0.0, 0.0, 0.0, 0.0, 0.0, 0.019329, 0.034176, 0.009496, -0.007791, -0.020635, -0.017224, -0.03005, -0.009299, -0.0046, 0.019019, 0.000387, 0.000674, -0.000207, 0.005654, -0.00048, -7.1e-05, -0.004986, -1e-06, 1e-06, -1.4e-05, -0.0, -0.000415, 0.0, 0.0, -0.0, 0.0, 9e-06, 0.0, 0.0, 0.0, 0.0, 7.6e-05, 0.0, 0.0, 0.0, 0.0, 6e-06, 0.0, 0.0, 0.0], [0.0, 2.9e-05, 0.00609, 1e-06, -0.0, -9e-06, 0.002046, -0.000494, -0.015231, -0.0, -0.0, -0.0, -1e-06, 0.0, 1.8e-05, 0.047577, 0.0785, 0.009767, -0.002572, -0.070865, 0.018499, -0.004872, -0.134218, -0.046149, -0.00083, -0.022873, -0.082867, 0.006024, 1.0, 0.325565, 0.151774, 0.0, -0.0, -0.0, 0.0, 0.0, 0.0, -0.0, 0.0, 0.0, -0.0, 0.0, 0.0, 0.019851, 0.058143, -0.003355, 0.000875, 0.026665, -0.0144, 0.003757, 0.114443, -0.013516, -0.000199, -0.006077, -0.024123, 0.001585, 0.0, 3e-06, 0.003342, 0.0, -0.0, -1e-06, -0.005215, 8e-05, 0.00629, 0.0, -0.0, -0.0, -0.0, 0.0, 0.0, 0.0, 0.000855, -0.0, 0.0, 0.0, -0.000805, 0.000692, 0.00169, -0.0, -0.0, -0.0, -0.0, 0.0, 0.0, 5.1e-05, 0.007425, -0.0, 1e-05, 1.5e-05, -0.000206, 0.010018, 0.015849, -1e-06, -0.0, -0.0, -1e-06, 1e-06, 0.0, 0.0, 0.000246, -0.0, -0.0, -0.0, 0.000138, 0.000352, 0.000333, 0.0, 0.0, 0.0, 0.0, 0.0, 0.0, 0.0, 0.0, 0.0, 0.0, 0.0, 0.0, 0.0, 0.0, 0.0, 0.0, 0.0, 0.0, 0.0, 0.0, 0.001726, 0.0, -0.0, -0.0, 0.0, 0.001775, 0.0, 0.0, -0.0, 0.0, 0.001784, -0.0, -0.0, -0.0, 0.000484, 0.022351, 1.5e-05, -2.4e-05, 6.4e-05, 0.0, 0.002171, -0.0, -0.0, 0.0, 0.0, 7.5e-05, 0.0, 0.0, 0.0, 0.0, 0.000168, 0.0, 0.0, 0.0, 0.0, 3e-06, 0.0, 0.0, 0.0], [2.9e-05, 0.006225, 0.065992, 0.000911, -0.00022, -0.006778, 0.019561, -0.004726, -0.145583, -0.002633, -4.1e-05, -0.00127, -0.004721, 0.000307, 0.047577, 0.353056, 0.478983, 0.049151, -0.012945, -0.356604, 0.083703, -0.022044, -0.607283, -0.115974, -0.002087, -0.057481, -0.208246, 0.015138, 0.325565, 1.0, 0.798485, 0.0, -0.0, 0.0, 0.0, -0.0, -0.0, 0.0, 0.0, 0.0, -0.0, 0.0, 0.019851, 0.219765, 0.379541, -0.030642, 0.007994, 0.243525, -0.07114, 0.018558, 0.565386, -0.09069, -0.001338, -0.040776, -0.161861, 0.010637, -5.1e-05, 0.004476, 0.050237, 0.00308, -4.7e-05, -0.003715, -0.069862, 0.001066, 0.084263, 0.000636, -6.2e-05, -0.004873, -0.002939, 7.4e-05, 0.0, 0.00028, 0.014392, -9.7e-05, 8.3e-05, 0.000203, -0.013649, 0.01174, 0.028666, -3.7e-05, -3.5e-05, -8.5e-05, -7.5e-05, 7.3e-05, 5.1e-05, 0.008515, 0.076962, -0.000105, 0.005095, 0.00806, -0.001862, 0.090362, 0.142962, -0.003957, -8.1e-05, -0.000128, -0.002941, 0.006192, -0.0, 0.000141, 0.007881, -3.4e-05, -8.8e-05, -8.3e-05, 0.004905, 0.012544, 0.011867, -5.7e-05, 4.9e-05, 4.6e-05, 7e-06, 0.000118, 0.0, 0.0, 1.2e-05, 0.0, 0.0, 0.0, 5e-06, 2.6e-05, 2.4e-05, -0.0, 0.0, 0.0, 0.0, 0.0, 0.000313, 0.023826, 4.3e-05, -4.8e-05, -0.000143, 0.000329, 0.024356, 4.9e-05, 4e-05, -0.000154, 0.000332, 0.024453, -3.2e-05, -3e-06, -0.000165, 0.030402, 0.178948, 0.006965, -0.011234, 0.029817, 0.000471, 0.028548, -0.000151, -6.9e-05, 0.000196, 1e-06, 0.002012, -0.0, 0.0, 0.0, 5e-06, 0.003814, -1e-06, 1e-06, 1e-06, 0.0, 0.000175, 0.0, 0.0, 0.0], [0.00609, 0.065992, 0.191655, 0.007628, -0.001843, -0.05677, 0.040541, -0.009795, -0.301725, -0.014794, -0.000232, -0.007136, -0.026526, 0.001724, 0.0785, 0.478983, 0.71274, 0.030397, -0.008005, -0.220539, 0.077408, -0.020386, -0.561613, -0.028903, -0.00052, -0.014325, -0.051899, 0.003773, 0.151774, 0