{"proj": [[[0.5491389632225037, 0.48804473876953125, 1.0090420273998742e-16, 0.0028163958340883255, -4.2778704169363894e-18, -0.08021896332502365, 0.012510957196354866, -1.1530589200620724e-17, -0.026158351451158524, 2.766046059853328e-18, 0.017481371760368347, -0.003131008241325617, -1.8957785190910868e-17, 0.009868978522717953, 2.070902415499791e-17, -0.006184800527989864, 0.0002019034727709368, 4.6797420554748645e-18, -0.002966234926134348, 8.513671255098944e-18], [0.48804473876953125, 0.4488360285758972, 7.758867457219204e-17, -0.0034659081138670444, -2.0404084022180235e-17, 0.008102968335151672, 0.07281142473220825, -1.3670618769039326e-17, -0.027101438492536545, 9.898474377703822e-19, 0.002543772105127573, -0.015892639756202698, -1.5967705947543984e-17, 0.00863342359662056, 1.8346377949864748e-17, 0.0002019204548560083, 0.005680209491401911, 3.400897253820426e-18, -0.0012311107711866498, 6.5794818598014065e-18], [1.0090420273998742e-16, 7.758867457219204e-17, -0.0006807633326388896, -3.180565703548045e-17, 6.706192332705273e-32, -3.687006305664697e-16, -3.9974295871524133e-16, 0.0008949292823672295, -7.248639956083835e-18, 3.642319939216737e-33, 3.0328984132118136e-17, -1.917758693200091e-17, -3.849703738261476e-32, 2.7561619959958705e-17, 4.3431542262175943e-32, 6.7094488912360445e-18, 2.0895756869559304e-17, 1.0672854673200896e-32, -7.581296429686323e-18, 1.967331590107166e-32], [0.0028163958340883255, -0.0034659081138670444, -3.180565703548045e-17, 0.00028065009973943233, -1.050837842478178e-17, 0.030980121344327927, 0.02751854620873928, -1.2176321955545957e-18, 0.0018520532175898552, -1.3471895657908668e-18, -0.011356412433087826, -0.006912987679243088, 4.571572887542224e-18, -0.0025061178021132946, -4.498704479430896e-18, 0.00296623632311821, 0.0012311104219406843, -1.4682448634985881e-18, 0.0014973321231082082, -2.4436600675314514e-18], [-4.2778704169363894e-18, -2.0404084022180235e-17, 6.706192332705273e-32, -1.050837842478178e-17, -0.0006807621102780104, -9.773342092872465e-17, -8.304393732942416e-17, -4.018978451262938e-32, 1.37086252366443e-17, 0.0008949278853833675, 1.7624162917450004e-16, 1.7439198715038246e-16, -2.338047243525991e-32, -1.312402071539643e-18, 1.2768589919352196e-32, -9.434172233690612e-17, -8.846333353529598e-17, 1.0718905399078328e-32, -1.6895587527869217e-17, 1.4398304103539847e-32], [-0.08021896332502365, 0.008102968335151672, -3.687006305664697e-16, 0.030980121344327927, -9.773342092872465e-17, 0.561306357383728, 0.4801531434059143, -3.1138274482382867e-17, 0.0005847859429195523, -8.048560831550178e-18, -0.08179760724306107, 0.008379635401070118, 4.693951860345668e-17, -0.02911749668419361, -5.0826245087218794e-17, 0.017481377348303795, 0.0025437651202082634, -1.3843637656225205e-17, 0.0113564133644104, -2.469131316056705e-17], [0.012510957196354866, 0.07281142473220825, -3.9974295871524133e-16, 0.02751854620873928, -8.304393732942416e-17, 0.4801531434059143, 0.4414031207561493, -5.045790486917138e-17, 0.0014988649636507034, -1.6261099052600724e-18, 0.008379644714295864, 0.08219008147716522, 4.519676816681566e-17, -0.02739379182457924, -5.3592264263702214e-17, -0.0031309828627854586, -0.015892619267106056, -1.2062027101587055e-17, 0.006912988144904375, -2.3294081028873103e-17], [-1.1530589200620724e-17, -1.3670618769039326e-17, 0.0008949292823672295, -1.2176321955545957e-18, -4.018978451262938e-32, -3.1138274482382867e-17, -5.045790486917138e-17, 0.0012513470137491822, -6.1084972131325945e-18, -1.3390466103871526e-32, -7.109133629671052e-17, -7.016632337874962e-17, 0.001325477147474885, 1.1462230994799341e-17, -2.003532959021654e-33, 1.1885403526727792e-16, 1.3079659101863271e-16, -4.241834547763581e-33, 6.879888629271983e-18, -5.5557477664990086e-33], [-0.026158351451158524, -0.027101438492536545, -7.248639956083835e-18, 0.0018520532175898552, 1.37086252366443e-17, 0.0005847859429195523, 0.0014988649636507034, -6.1084972131325945e-18, 0.002947706962004304, 3.299325471658355e-18, 0.02911749668419361, 0.02739378623664379, -1.0735164465373913e-18, -0.0018489147769287229, -1.2032293267288224e-18, -0.009868980385363102, -0.008633424527943134, 1.0760879442666655e-18, -0.0025061173364520073, 9.983332768794106e-19], [2.766046059853328e-18, 9.898474377703822e-19, 3.642319939216737e-33, -1.3471895657908668e-18, 0.0008949278853833675, -8.048560831550178e-18, -1.6261099052600724e-18, -1.3390466103871526e-32, 3.299325471658355e-18, 0.0012513275723904371, 4.424803832633164e-17, 4.5248536438271676e-17, -4.75465314185942e-33, -1.842700117621876e-18, 0.0013254756340757012, -2.931748120930869e-17, -2.9089612802885034e-17, 2.4206012934292786e-33, -4.095303383939811e-18, 3.083054991926017e-33], [0.017481371760368347, 0.002543772105127573, 3.0328984132118136e-17, -0.011356412433087826, 1.7624162917450004e-16, -0.08179760724306107, 0.008379644714295864, -7.109133629671052e-17, 0.02911749668419361, 4.424803832633164e-17, 0.5613064169883728, 0.4801531732082367, -3.3069264756661356e-17, -0.000584772729780525, 3.016778565588564e-18, -0.08021894842386246, 0.008102934807538986, 1.906086347576355e-17, -0.03098016232252121, 2.0985138697829334e-17], [-0.003131008241325617, -0.015892639756202698, -1.917758693200091e-17, -0.006912987679243088, 1.7439198715038246e-16, 0.008379635401070118, 0.08219008147716522, -7.016632337874962e-17, 0.02739378623664379, 4.5248536438271676e-17, 0.4801531732082367, 0.4414031207561493, -2.708296031797632e-17, -0.0014989098999649286, -7.022825439121146e-18, 0.012510937638580799, 0.07281140983104706, 1.8188823204230547e-17, -0.02751857601106167, 1.7839595821416785e-17], [-1.8957785190910868e-17, -1.5967705947543984e-17, -3.849703738261476e-32, 4.571572887542224e-18, -2.338047243525991e-32, 4.693951860345668e-17, 4.519676816681566e-17, 0.001325477147474885, -1.0735164465373913e-18, -4.75465314185942e-33, -3.3069264756661356e-17, -2.708296031797632e-17, 0.001251338399015367, -1.382282703278429e-18, -6.70324110720074e-33, 2.640543487620761e-17, 2.578066205082386e-17, 0.0008949213661253452, 3.702041454807094e-18, -4.628429293152092e-33], [0.009868978522717953, 0.00863342359662056, 2.7561619959958705e-17, -0.0025061178021132946, -1.312402071539643e-18, -0.02911749668419361, -0.02739379182457924, 1.1462230994799341e-17, -0.0018489147769287229, -1.842700117621876e-18, -0.000584772729780525, -0.0014989098999649286, -1.382282703278429e-18, 0.002947724424302578, 2.0237161869699178e-18, 0.02615836262702942, 0.027101457118988037, 1.447239723366752e-19, 0.0018520653247833252, 3.513331003099872e-19], [2.070902415499791e-17, 1.8346377949864748e-17, 4.3431542262175943e-32, -4.498704479430896e-18, 1.2768589919352196e-32, -5.0826245087218794e-17, -5.3592264263702214e-17, -2.003532959021654e-33, -1.2032293267288224e-18, 0.0013254756340757012, 3.016778565588564e-18, -7.022825439121146e-18, -6.70324110720074e-33, 2.0237161869699178e-18, 0.001251352485269308, -2.3443630320539015e-17, -2.538292052508386e-17, 1.9427841456551273e-33, -1.262734115056473e-18, 0.0008949192706495523], [-0.006184800527989864, 0.0002019204548560083, 6.7094488912360445e-18, 0.00296623632311821, -9.434172233690612e-17, 0.017481377348303795, -0.0031309828627854586, 1.1885403526727792e-16, -0.009868980385363102, -2.931748120930869e-17, -0.08021894842386246, 0.012510937638580799, 2.640543487620761e-17, 0.02615836262702942, -2.3443630320539015e-17, 0.5491389036178589, 0.48804473876953125, -1.0524449716903073e-17, -0.0028164274990558624, -1.8240680811192722e-17], [0.0002019034727709368, 0.005680209491401911, 2.0895756869559304e-17, 0.0012311104219406843, -8.846333353529598e-17, 0.0025437651202082634, -0.015892619267106056, 1.3079659101863271e-16, -0.008633424527943134, -2.9089612802885034e-17, 0.008102934807538986, 0.07281140983104706, 2.578066205082386e-17, 0.027101457118988037, -2.538292052508386e-17, 0.48804473876953125, 0.44883599877357483, -9.80757612057583e-18, 0.0034659248776733875, -1.823753421614257e-17], [4.6797420554748645e-18, 3.400897253820426e-18, 1.0672854673200896e-32, -1.4682448634985881e-18, 1.0718905399078328e-32, -1.3843637656225205e-17, -1.2062027101587055e-17, -4.241834547763581e-33, 1.0760879442666655e-18, 2.4206012934292786e-33, 1.906086347576355e-17, 1.8188823204230547e-17, 0.0008949213661253452, 1.447239723366752e-19, 1.9427841456551273e-33, -1.0524449716903073e-17, -9.80757612057583e-18, -0.0006807768950238824, -1.8853228734303552e-18, 1.7893586229858024e-33], [-0.002966234926134348, -0.0012311107711866498, -7.581296429686323e-18, 0.0014973321231082082, -1.6895587527869217e-17, 0.0113564133644104, 0.006912988144904375, 6.879888629271983e-18, -0.0025061173364520073, -4.095303383939811e-18, -0.03098016232252121, -0.02751857601106167, 3.702041454807094e-18, 0.0018520653247833252, -1.262734115056473e-18, -0.0028164274990558624, 0.0034659248776733875, -1.8853228734303552e-18, 0.00028064451180398464, -2.2918627057557734e-18], [8.513671255098944e-18, 6.5794818598014065e-18, 1.967331590107166e-32, -2.4436600675314514e-18, 1.4398304103539847e-32, -2.469131316056705e-17, -2.3294081028873103e-17, -5.5557477664990086e-33, 9.983332768794106e-19, 3.083054991926017e-33, 2.0985138697829334e-17, 1.7839595821416785e-17, -4.628429293152092e-33, 3.513331003099872e-19, 0.0008949192706495523, -1.8240680811192722e-17, -1.823753421614257e-17, 1.7893586229858024e-33, -2.2918627057557734e-18, -0.0006807760801166296]], [[0.552353024482727, 0.4838261008262634, -8.05145182779105e-17, 0.001968354918062687, 2.7550896390497567e-17, -0.08891697973012924, 0.01699203997850418, -2.921554153856919e-18, -0.029238203540444374, 1.46002887138489e-17, 0.018185371533036232, -0.0036366458516567945, -5.180133800100549e-18, 0.01210303045809269, 1.0885046697236378e-17, -0.006704259663820267, 4.3843730963999406e-05, -6.94033319817307e-18, -0.00412283418700099, 4.040612269789336e-18], [0.4838261008262634, 0.44702187180519104, -9.433038665379169e-17, -0.001227913424372673, 4.3416553065870884e-17, 0.012071175500750542, 0.08461329340934753, -7.70694930063619e-18, -0.02755028009414673, 1.5160352854273853e-17, 0.0028951584827154875, -0.016285069286823273, -4.212995468674468e-18, 0.010727990418672562, 9.432428206087105e-18, 4.38295683125034e-05, 0.005916167516261339, -6.2629297655447134e-18, -0.0020549800246953964, 3.8472257143805635e-18], [-8.05145182779105e-17, -9.433038665379169e-17, 0.0008322226349264383, 5.43580253199059e-20, 1.143444276941927e-32, 4.176651634100726e-18, 7.532525860770197e-18, 0.0005293162539601326, 1.4047459095061334e-17, -7.596112820622763e-33, 9.574702278829491e-17, 1.138292240659286e-16, -2.516404634034272e-33, 3.6299386540514723e-19, 5.477378935662129e-34, 3.1017383690219467e-17, 4.4628435528987624e-17, -1.082468207456608e-33, -8.179170995911076e-18, -1.668503661054863e-33], [0.001968354918062687, -0.001227913424372673, 5.43580253199059e-20, -9.66433435678482e-05, 1.0289932432715714e-17, 0.0325668640434742, 0.027629997581243515, -3.6521839705660726e-18, 0.0013822070322930813, -2.0806055335982523e-18, -0.014504066668450832, -0.008886244148015976, 1.568210984694117e-18, -0.0033713418524712324, -2.9229105232663526e-18, 0.004122832790017128, 0.0020549807231873274, 1.7180693317163941e-18, 0.0022569226566702127, -8.131330178003459e-19], [2.7550896390497567e-17, 4.3416553065870884e-17, 1.143444276941927e-32, 1.0289932432715714e-17, 0.0008322189096361399, 1.2308544129484598e-16, 1.4685441663955313e-16, -9.29169730012668e-33, 1.777783810329327e-18, 0.0005293125286698341, 5.30671468497964e-17, 7.832755861743871e-17, 5.526193175289948e-34, -7.353258451237092e-18, -4.7627423797030004e-33, 2.3801763129827523e-17, 3.022956033121171e-17, 2.3169155285180525e-33, -2.5312380216806564e-18, -2.730372340203768e-33], [-0.08891697973012924, 0.012071175500750542, 4.176651634100726e-18, 0.0325668640434742, 1.2308544129484598e-16, 0.5666289925575256, 0.4746711552143097, -3.4675014231528895e-17, -3.777531674131751e-05, -2.656102258634516e-17, -0.08254874497652054, 0.011698996648192406, 1.2148478228946809e-17, -0.0339464507997036, -2.6329744541436558e-17, 0.018185369670391083, 0.002895160811021924, 1.5925494920885403e-17, 0.014504069462418556, -8.537973821495752e-18], [0.01699203997850418, 0.08461329340934753, 7.532525860770197e-18, 0.027629997581243515, 1.4685441663955313e-16, 0.4746711552143097, 0.43525949120521545, -3.514560059073276e-17, 0.0019368318608030677, -3.3313405460095157e-17, 0.011699012480676174, 0.09097571671009064, 1.007983021148847e-17, -0.029760336503386497, -2.57501093077186e-17, -0.003636650973930955, -0.01628507301211357, 1.6095373003285418e-17, 0.00888624507933855, -9.441950709298816e-18], [-2.921554153856919e-18, -7.70694930063619e-18, 0.0005293162539601326, -3.6521839705660726e-18, -9.29169730012668e-33, -3.4675014231528895e-17, -3.514560059073276e-17, 0.0006036325357854366, 2.235258943233923e-18, -8.768939901294638e-34, 1.938033055449888e-17, 1.3518835262538908e-17, 0.0011938526295125484, 2.5941138811971903e-19, 2.3286129830056805e-33, -2.7133545721156387e-17, -2.846730497572669e-17, -7.368383381683e-34, -2.851695028814059e-18, 4.827612035453128e-34], [-0.029238203540444374, -0.02755028009414673, 1.4047459095061334e-17, 0.0013822070322930813, 1.777783810329327e-18, -3.777531674131751e-05, 0.0019368318608030677, 2.235258943233923e-18, 0.0031369971111416817, -4.4436245903925216e-18, 0.0339464507997036, 0.029760345816612244, -1.081325962098081e-18, -0.005509538110345602, 2.1133304012932869e-19, -0.012103029526770115, -0.010727992281317711, 2.142434363405053e-19, -0.003371342783793807, -6.219493994591671e-19], [1.46002887138489e-17, 1.5160352854273853e-17, -7.596112820622763e-33, -2.0806055335982523e-18, 0.0005293125286698341, -2.656102258634516e-17, -3.3313405460095157e-17, -8.768939901294638e-34, -4.4436245903925216e-18, 0.0006036319537088275, -3.0707564846148955e-17, -3.492332061652751e-17, 6.968254288212709e-34, 5.158540250209852e-18, 0.001193850301206112, 3.003224466789331e-17, 3.224785786478395e-17, -1.310387562202426e-33, 2.836936472324888e-18, 9.072901618253165e-34], [0.018185371533036232, 0.0028951584827154875, 9.574702278829491e-17, -0.014504066668450832, 5.30671468497964e-17, -0.08254874497652054, 0.011699012480676174, 1.938033055449888e-17, 0.0339464507997036, -3.0707564846148955e-17, 0.5666290521621704, 0.4746711850166321, -1.8353210461724436e-17, 3.777514211833477e-05, 1.4881645927402686e-17, -0.08891699463129044, 0.012071218341588974, -8.000730766990524e-18, -0.03256681188941002, -3.0507727936323494e-18], [-0.0036366458516567945, -0.016285069286823273, 1.138292240659286e-16, -0.008886244148015976, 7.832755861743871e-17, 0.011698996648192406, 0.09097571671009064, 1.3518835262538908e-17, 0.029760345816612244, -3.492332061652751e-17, 0.4746711850166321, 0.4352593421936035, -1.7831100676525865e-17, -0.00193681544624269, 1.198096092001502e-17, 0.01699209213256836, 0.0846133828163147, -7.44596058248591e-18, -0.027629969641566277, -4.793890912055651e-18], [-5.180133800100549e-18, -4.212995468674468e-18, -2.516404634034272e-33, 1.568210984694117e-18, 5.526193175289948e-34, 1.2148478228946809e-17, 1.007983021148847e-17, 0.0011938526295125484, -1.081325962098081e-18, 6.968254288212709e-34, -1.8353210461724436e-17, -1.7831100676525865e-17, 0.0006036314298398793, -5.189215726238499e-19, -1.1995803219061323e-33, 5.59728222378196e-18, 4.2087048828371554e-18, 0.0005293083377182484, 2.047015383283699e-18, -9.854661610791383e-35], [0.01210303045809269, 0.010727990418672562, 3.6299386540514723e-19, -0.0033713418524712324, -7.353258451237092e-18, -0.0339464507997036, -0.029760336503386497, 2.5941138811971903e-19, -0.005509538110345602, 5.158540250209852e-18, 3.777514211833477e-05, -0.00193681544624269, -5.189215726238499e-19, 0.0031369770877063274, 1.959370427504877e-18, 0.02923814207315445, 0.027550235390663147, -2.1727170578897072e-18, 0.001382194459438324, 7.505804308069554e-19], [1.0885046697236378e-17, 9.432428206087105e-18, 5.477378935662129e-34, -2.9229105232663526e-18, -4.7627423797030004e-33, -2.6329744541436558e-17, -2.57501093077186e-17, 2.3286129830056805e-33, 2.1133304012932869e-19, 0.001193850301206112, 1.4881645927402686e-17, 1.198096092001502e-17, -1.1995803219061323e-33, 1.959370427504877e-18, 0.00060360471252352, -3.5480047083180815e-18, -1.799591806793828e-18, -1.1346798094292953e-33, -1.9592508999063633e-18, 0.0005293064750730991], [-0.006704259663820267, 4.38295683125034e-05, 3.1017383690219467e-17, 0.004122832790017128, 2.3801763129827523e-17, 0.018185369670391083, -0.003636650973930955, -2.7133545721156387e-17, -0.012103029526770115, 3.003224466789331e-17, -0.08891699463129044, 0.01699209213256836, 5.59728222378196e-18, 0.02923814207315445, -3.5480047083180815e-18, 0.552353024482727, 0.48382604122161865, -9.019167117694387e-18, -0.0019683754071593285, -2.8355389506799797e-19], [4.3843730963999406e-05, 0.005916167516261339, 4.4628435528987624e-17, 0.0020549807231873274, 3.022956033121171e-17, 0.002895160811021924, -0.01628507301211357, -2.846730497572669e-17, -0.010727992281317711, 3.224785786478395e-17, 0.012071218341588974, 0.0846133828163147, 4.2087048828371554e-18, 0.027550235390663147, -1.799591806793828e-18, 0.48382604122161865, 0.4470219016075134, -1.1679657900350742e-17, 0.001227881759405136, -3.90586568537779e-19], [-6.94033319817307e-18, -6.2629297655447134e-18, -1.082468207456608e-33, 1.7180693317163941e-18, 2.3169155285180525e-33, 1.5925494920885403e-17, 1.6095373003285418e-17, -7.368383381683e-34, 2.142434363405053e-19, -1.310387562202426e-33, -8.000730766990524e-18, -7.44596058248591e-18, 0.0005293083377182484, -2.1727170578897072e-18, -1.1346798094292953e-33, -9.019167117694387e-18, -1.1679657900350742e-17, 0.0008322226349264383, 9.180566392020581e-19, -2.7591157484752653e-34], [-0.00412283418700099, -0.0020549800246953964, -8.179170995911076e-18, 0.0022569226566702127, -2.5312380216806564e-18, 0.014504069462418556, 0.00888624507933855, -2.851695028814059e-18, -0.003371342783793807, 2.836936472324888e-18, -0.03256681188941002, -0.027629969641566277, 2.047015383283699e-18, 0.001382194459438324, -1.9592508999063633e-18, -0.0019683754071593285, 0.001227881759405136, 9.180566392020581e-19, -9.665917605161667e-05, 1.1752588605501953e-19], [4.040612269789336e-18, 3.8472257143805635e-18, -1.668503661054863e-33, -8.131330178003459e-19, -2.730372340203768e-33, -8.537973821495752e-18, -9.441950709298816e-18, 4.827612035453128e-34, -6.219493994591671e-19, 9.072901618253165e-34, -3.0507727936323494e-18, -4.793890912055651e-18, -9.854661610791383e-35, 7.505804308069554e-19, 0.0005293064750730991, -2.8355389506799797e-19, -3.90586568537779e-19, -2.7591157484752653e-34, 1.1752588605501953e-19, 0.0008322198409587145]], [[0.5562757253646851, 0.4808378219604492, -1.0748579266957992e-17, -0.00046341679990291595, 1.7918211066833824e-17, -0.09790372103452682, 0.02184089832007885, -3.584740709220235e-17, -0.03332093730568886, -1.593709033871217e-17, 0.018228953704237938, -0.004312986973673105, -4.0111038422074254e-18, 0.014627084136009216, -4.335445909882837e-18, -0.006802162621170282, -0.00019480891933199018, -5.526935475768e-18, -0.0055510178208351135, 5.199151923154062e-18], [0.4808378219604492, 0.4436982274055481, -4.53058732896114e-17, 0.0025017056614160538, 5.119829024722983e-18, 0.016823161393404007, 0.09662097692489624, -3.7930519189851794e-17, -0.02832459844648838, -1.7011500347106273e-17, 0.003493810538202524, -0.01603139191865921, -2.877469149520599e-18, 0.013134285807609558, -2.6077071469984273e-18, -0.0001948046701727435, 0.005664919037371874, -4.633837667381234e-18, -0.0032199376728385687, 5.520751473508554e-18], [-1.0748579266957992e-17, -4.53058732896114e-17, 0.002332464326173067, -3.286606618482648e-17, 2.7402195665832017e-31, -2.0085521548162793e-16, -1.4805881808120994e-16, 5.7559460401535034e-05, 4.692720353849699e-17, 4.609969109461588e-32, 4.0553499647834584e-16, 3.7111877728198274e-16, -3.10359954750572e-32, -1.9200345979374692e-17, -4.113385047439765e-32, -3.6694965464581747e-16, -3.763453676132358e-16, -1.3970673952390084e-32, -5.581923299604198e-17, -1.5085427571369506e-33], [-0.00046341679990291595, 0.0025017056614160538, -3.286606618482648e-17, -0.0007429551333189011, -1.6119625938845473e-17, 0.033589597791433334, 0.028020046651363373, 4.990007990666461e-18, 0.0010987506248056889, 1.9520974419690047e-18, -0.018362728878855705, -0.011256209574639797, 1.8081709105169218e-18, -0.004554199520498514, 2.5150726377646857e-18, 0.005551015958189964, 0.0032199376728385687, 1.9251516199247835e-18, 0.0033789470326155424, -5.615224081460965e-19], [1.7918211066833824e-17, 5.119829024722983e-18, 2.7402195665832017e-31, -1.6119625938845473e-17, 0.002332468517124653, -9.72677513310818e-17, -7.072215566316075e-17, 6.00969370968063e-32, 1.9240017561552736e-17, 5.756504833698273e-05, 1.975119632039254e-16, 1.863369119470116e-16, -1.2967452706784618e-32, -3.617702533141493e-18, -1.8486451581141045e-32, -1.2580681257058624e-16, -1.2237574679905508e-16, -6.283660888302202e-33, -2.6248338388632765e-17, -1.4222880122449844e-33], [-0.09790372103452682, 0.016823161393404007, -2.0085521548162793e-16, 0.033589597791433334, -9.72677513310818e-17, 0.570642352104187, 0.4706104099750519, 7.127336235358649e-17, -0.0005456350045278668, 2.536887830700516e-17, -0.0800362229347229, 0.015766669064760208, 1.1415336471512485e-17, -0.03929837793111801, 1.4824671381171258e-17, 0.018228966742753983, 0.003493828698992729, 1.507326397066182e-17, 0.018362728878855705, -6.0755688073080836e-18], [0.02184089832007885, 0.09662097692489624, -1.4805881808120994e-16, 0.028020046651363373, -7.072215566316075e-17, 0.4706104099750519, 0.42822888493537903, 9.609575551710236e-17, 0.002678693039342761, 3.308616571093704e-17, 0.01576668582856655, 0.09690815210342407, 8.825210634843566e-18, -0.03334125131368637, 1.0425043286789513e-17, -0.004312986042350531, -0.01603139191865921, 1.467471511664397e-17, 0.011256207711994648, -7.286059952634509e-18], [-3.584740709220235e-17, -3.7930519189851794e-17, 5.7559460401535034e-05, 4.990007990666461e-18, 6.00969370968063e-32, 7.127336235358649e-17, 9.609575551710236e-17, -0.0006948624504730105, 1.7867936683564076e-17, 2.3432430754934193e-32, 1.3025883097624464e-16, 1.4424934034049292e-16, 0.0007932233856990933, -1.6247628829915604e-17, -9.135803974004597e-33, -8.52800182833918e-17, -8.692370556987348e-17, 3.561560079401888e-34, -1.399037536098905e-17, -3.504045804045542e-33], [-0.03332093730568886, -0.02832459844648838, 4.692720353849699e-17, 0.0010987506248056889, 1.9240017561552736e-17, -0.0005456350045278668, 0.002678693039342761, 1.7867936683564076e-17, 0.004896902944892645, 6.205669428411649e-18, 0.03929838165640831, 0.033341243863105774, -1.6050829740889744e-18, -0.009514253586530685, -2.8716278068299026e-18, -0.014627082273364067, -0.013134284876286983, -1.5567899727296266e-19, -0.004554199520498514, -1.3074405388279733e-18], [-1.593709033871217e-17, -1.7011500347106273e-17, 4.609969109461588e-32, 1.9520974419690047e-18, 5.756504833698273e-05, 2.536887830700516e-17, 3.308616571093704e-17, 2.3432430754934193e-32, 6.205669428411649e-18, -0.0006948579102754593, 4.240347519117514e-17, 4.761421674189168e-17, -1.794287066722617e-33, -5.452717522487292e-18, 0.0007932275766506791, -2.6299638475862078e-17, -2.671560279049662e-17, 2.392839514776214e-34, -4.452431582374374e-18, -1.2475679502330329e-33], [0.018228953704237938, 0.003493810538202524, 4.0553499647834584e-16, -0.018362728878855705, 1.975119632039254e-16, -0.0800362229347229, 0.01576668582856655, 1.3025883097624464e-16, 0.03929838165640831, 4.240347519117514e-17, 0.570642352104187, 0.47061046957969666, -1.6594270446134526e-17, 0.000545622780919075, -3.1809154355110324e-17, -0.09790372848510742, 0.016823140904307365, -6.2720523269302545e-18, -0.03358960151672363, -1.0331492468232216e-17], [-0.004312986973673105, -0.01603139191865921, 3.7111877728198274e-16, -0.011256209574639797, 1.863369119470116e-16, 0.015766669064760208, 0.09690815210342407, 1.4424934034049292e-16, 0.033341243863105774, 4.761421674189168e-17, 0.47061046957969666, 0.42822879552841187, -1.391884574469914e-17, -0.0026786932721734047, -3.049232583331776e-17, 0.021840900182724, 0.09662096202373505, -3.638559892287018e-18, -0.028020059689879417, -1.322185426157522e-17], [-4.0111038422074254e-18, -2.877469149520599e-18, -3.10359954750572e-32, 1.8081709105169218e-18, -1.2967452706784618e-32, 1.1415336471512485e-17, 8.825210634843566e-18, 0.0007932233856990933, -1.6050829740889744e-18, -1.794287066722617e-33, -1.6594270446134526e-17, -1.391884574469914e-17, -0.0006948811351321638, 8.91594821213757e-19, 1.93364118732863e-33, 2.0230121321915433e-17, 2.125938712119884e-17, 5.755666643381119e-05, 2.4851171190616903e-18, -1.2952290115355957e-34], [0.014627084136009216, 0.013134285807609558, -1.9200345979374692e-17, -0.004554199520498514, -3.617702533141493e-18, -0.03929837793111801, -0.03334125131368637, -1.6247628829915604e-17, -0.009514253586530685, -5.452717522487292e-18, 0.000545622780919075, -0.0026786932721734047, 8.91594821213757e-19, 0.004896925296634436, 2.851511291320496e-19, 0.03332093730568886, 0.02832459658384323, -8.3769945481255825e-19, 0.0010987655259668827, 6.195613161060294e-20], [-4.335445909882837e-18, -2.6077071469984273e-18, -4.113385047439765e-32, 2.5150726377646857e-18, -1.8486451581141045e-32, 1.4824671381171258e-17, 1.0425043286789513e-17, -9.135803974004597e-33, -2.8716278068299026e-18, 0.0007932275766506791, -3.1809154355110324e-17, -3.049232583331776e-17, 1.93364118732863e-33, 2.851511291320496e-19, -0.0006948794471099973, 1.682216697669901e-17, 1.5767875655163424e-17, 9.532693478512418e-34, 4.147568790943974e-18, 5.7563185691833496e-05], [-0.006802162621170282, -0.0001948046701727435, -3.6694965464581747e-16, 0.005551015958189964, -1.2580681257058624e-16, 0.018228966742753983, -0.004312986042350531, -8.52800182833918e-17, -0.014627082273364067, -2.6299638475862078e-17, -0.09790372848510742, 0.021840900182724, 2.0230121321915433e-17, 0.03332093730568886, 1.682216697669901e-17, 0.5562757253646851, 0.4808378219604492, 6.7730069679627814e-18, 0.0004634428769350052, -6.72930867056283e-18], [-0.00019480891933199018, 0.005664919037371874, -3.763453676132358e-16, 0.0032199376728385687, -1.2237574679905508e-16, 0.003493828698992729, -0.01603139191865921, -8.692370556987348e-17, -0.013134284876286983, -2.671560279049662e-17, 0.016823140904307365, 0.09662096202373505, 2.125938712119884e-17, 0.02832459658384323, 1.5767875655163424e-17, 0.4808378219604492, 0.4436982572078705, 6.747996334961628e-18, -0.0025017159059643745, -8.544146243226623e-18], [-5.526935475768e-18, -4.633837667381234e-18, -1.3970673952390084e-32, 1.9251516199247835e-18, -6.283660888302202e-33, 1.507326397066182e-17, 1.467471511664397e-17, 3.561560079401888e-34, -1.5567899727296266e-19, 2.392839514776214e-34, -6.2720523269302545e-18, -3.638559892287018e-18, 5.755666643381119e-05, -8.3769945481255825e-19, 9.532693478512418e-34, 6.7730069679627814e-18, 6.747996334961628e-18, 0.00233245687559247, 1.1905968312090657e-18, -2.4309647914174636e-34], [-0.0055510178208351135, -0.0032199376728385687, -5.581923299604198e-17, 0.0033789470326155424, -2.6248338388632765e-17, 0.018362728878855705, 0.011256207711994648, -1.399037536098905e-17, -0.004554199520498514, -4.452431582374374e-18, -0.03358960151672363, -0.028020059689879417, 2.4851171190616903e-18, 0.0010987655259668827, 4.147568790943974e-18, 0.0004634428769350052, -0.0025017159059643745, 1.1905968312090657e-18, -0.0007429635152220726, 8.192649593799898e-19], [5.199151923154062e-18, 5.520751473508554e-18, -1.5085427571369506e-33, -5.615224081460965e-19, -1.4222880122449844e-33, -6.0755688073080836e-18, -7.286059952634509e-18, -3.504045804045542e-33, -1.3074405388279733e-18, -1.2475679502330329e-33, -1.0331492468232216e-17, -1.322185426157522e-17, -1.2952290115355957e-34, 6.195613161060294e-20, 5.7563185691833496e-05, -6.72930867056283e-18, -8.544146243226623e-18, -2.4309647914174636e-34, 8.192649593799898e-19, 0.0023324773646891117]], [[0.5630725026130676, 0.4790220856666565, -1.3900550494782936e-16, -0.004237458109855652, -1.7975329542491836e-17, -0.10705079883337021, 0.026955099776387215, -5.378613223822749e-17, -0.03724789619445801, -2.211785335887985e-17, 0.01730300672352314, -0.005235518328845501, 1.5440078867659685e-18, 0.017367443069815636, -1.0928121300454464e-17, -0.006224251352250576, -0.0005229837261140347, -5.8922548302183695e-18, -0.007211234886199236, 2.371458780584148e-18], [0.4790220856666565, 0.43538010120391846, -1.2703103987716472e-16, 0.006565744988620281, 8.797901266920128e-18, 0.022099822759628296, 0.10771813988685608, -4.5560939394575804e-17, -0.030666403472423553, -1.9033308435198184e-17, 0.004508045502007008, -0.014889562502503395, 2.1462803655125125e-18, 0.015834875404834747, -9.60916196140396e-18, -0.0005229758098721504, 0.004674594383686781, -5.208109462007399e-18, -0.004831540863960981, 2.631158130954612e-18], [-1.3900550494782936e-16, -1.2703103987716472e-16, 0.003557914635166526, 4.7432524865983184e-17, 3.4448405029237215e-31, 2.613802061905902e-16, 2.0867573833472888e-16, -0.00018796324729919434, -2.4254196183308302e-17, 6.46466703492487e-32, -3.271556232673368e-16, -2.8524475067454925e-16, 2.0192464164904693e-32, -1.0427703499639484e-17, 3.2845807148734333e-32, 1.8694633891767128e-16, 1.7743806321249674e-16, 1.943625542470927e-32, 5.458012967332734e-17, 4.1113667971078e-33], [-0.004237458109855652, 0.006565744988620281, 4.7432524865983184e-17, -0.000823749229311943, 4.1087765017570744e-17, 0.035353995859622955, 0.02875632792711258, 2.3251145391997925e-17, 0.0016288276528939605, 9.21977247830891e-18, -0.023004692047834396, -0.014041782356798649, 4.2637435679412674e-19, -0.006178929936140776, 4.285159532494207e-18, 0.007211231626570225, 0.0048315394669771194, 2.2383176503439908e-18, 0.005018634255975485, -1.488709130907391e-19], [-1.7975329542491836e-17, 8.797901266920128e-18, 3.4448405029237215e-31, 4.1087765017570744e-17, 0.0035579176619648933, 2.454958238005099e-16, 2.1268605552817376e-16, 1.6601376236790225e-31, -3.304515078744421e-17, -0.0001879669725894928, -2.859023658789738e-16, -2.485798972312424e-16, 1.890182279557967e-32, -5.907695810712897e-18, 2.77799613466199e-32, 1.8010603170789057e-16, 1.7483325161123255e-16, 1.669833071697246e-32, 4.7781499131529506e-17, 4.1030560520474865e-33], [-0.10705079883337021, 0.022099822759628296, 2.613802061905902e-16, 0.035353995859622955, 2.454958238005099e-16, 0.5747796893119812, 0.4669665992259979, 1.3433647405410644e-16, -7.000262849032879e-05, 5.678877470073783e-17, -0.07561635226011276, 0.02081567607820034, -2.8672199681407606e-18, -0.04444245994091034, 2.504082509351153e-17, 0.017302999272942543, 0.004508045502007008, 1.2559943508229674e-17, 0.023004693910479546, -2.809394253059016e-18], [0.026955099776387215, 0.10771813988685608, 2.0867573833472888e-16, 0.02875632792711258, 2.1268605552817376e-16, 0.4669665992259979, 0.41835492849349976, 1.1283624998884034e-16, 0.0025692626368254423, 5.069667551606849e-17, 0.020815718919038773, 0.0990872010588646, -6.980148709777698e-18, -0.038482341915369034, 2.1252245243790058e-17, -0.005235540214926004, -0.01488957554101944, 1.0238480971434303e-17, 0.014041779562830925, -4.063332853264636e-18], [-5.378613223822749e-17, -4.5560939394575804e-17, -0.00018796324729919434, 2.3251145391997925e-17, 1.6601376236790225e-31, 1.3433647405410644e-16, 1.1283624998884034e-16, -0.001709508360363543, -1.1979924462707491e-17, 3.0688716240257895e-32, -1.4461982461068807e-16, -1.2174396609952178e-16, -8.721230551600456e-05, -4.693416591771285e-18, 1.5408268278615217e-32, 9.77529754784054e-17, 9.540704493909071e-17, 9.26214243341113e-33, 2.5001633276088768e-17, 1.7870968983864234e-33], [-0.03724789619445801, -0.030666403472423553, -2.4254196183308302e-17, 0.0016288276528939605, -3.304515078744421e-17, -7.000262849032879e-05, 0.0025692626368254423, -1.1979924462707491e-17, 0.007880362682044506, -2.970675860943074e-18, 0.04444245621562004, 0.03848234936594963, -3.1758985437368677e-18, -0.011430996470153332, -1.8634693820321637e-18, -0.017367439344525337, -0.0158348698168993, -1.1803272805066432e-18, -0.006178928539156914, -1.2188931290008562e-18], [-2.211785335887985e-17, -1.9033308435198184e-17, 6.46466703492487e-32, 9.21977247830891e-18, -0.0001879669725894928, 5.678877470073783e-17, 5.069667551606849e-17, 3.0688716240257895e-32, -2.970675860943074e-18, -0.0017094888025894761, -4.7502252882898954e-17, -3.9698200850155164e-17, 2.0813385627605965e-33, -4.608137992929824e-18, -8.721649646759033e-05, 1.758845551563956e-17, 1.449299677095587e-17, 3.0293266348987846e-33, 8.249498718770947e-18, 3.7413457414641663e-34], [0.01730300672352314, 0.004508045502007008, -3.271556232673368e-16, -0.023004692047834396, -2.859023658789738e-16, -0.07561635226011276, 0.020815718919038773, -1.4461982461068807e-16, 0.04444245621562004, -4.7502252882898954e-17, 0.5747796297073364, 0.4669666290283203, -2.035503221185584e-17, 6.999459583312273e-05, -2.7107047817413864e-17, -0.1070508062839508, 0.022099848836660385, -1.433131770278748e-17, -0.035353951156139374, -8.122242771793951e-18], [-0.005235518328845501, -0.014889562502503395, -2.8524475067454925e-16, -0.014041782356798649, -2.485798972312424e-16, 0.02081567607820034, 0.0990872010588646, -1.2174396609952178e-16, 0.03848234936594963, -3.9698200850155164e-17, 0.4669666290283203, 0.41835495829582214, -1.899597281106999e-17, -0.0025692724157124758, -2.3957694947099895e-17, 0.026955140754580498, 0.10771816968917847, -1.1944292830641157e-17, -0.028756313025951385, -8.869319213827344e-18], [1.5440078867659685e-18, 2.1462803655125125e-18, 2.0192464164904693e-32, 4.2637435679412674e-19, 1.890182279557967e-32, -2.8672199681407606e-18, -6.980148709777698e-18, -8.721230551600456e-05, -3.1758985437368677e-18, 2.0813385627605965e-33, -2.035503221185584e-17, -1.899597281106999e-17, -0.0017095071962103248, 3.473782619134311e-18, 1.2254540545936848e-33, 2.7965206343907e-17, 3.012907112167632e-17, -0.0001879613846540451, 3.1682713181036694e-18, 5.641852176683764e-34], [0.017367443069815636, 0.015834875404834747, -1.0427703499639484e-17, -0.006178929936140776, -5.907695810712897e-18, -0.04444245994091034, -0.038482341915369034, -4.693416591771285e-18, -0.011430996470153332, -4.608137992929824e-18, 6.999459583312273e-05, -0.0025692724157124758, 3.473782619134311e-18, 0.00788028258830309, -1.931329418329636e-18, 0.03724785894155502, 0.030666397884488106, -2.1194992299583718e-19, 0.0016287810867652297, 7.324279005656909e-19], [-1.0928121300454464e-17, -9.60916196140396e-18, 3.2845807148734333e-32, 4.285159532494207e-18, 2.77799613466199e-32, 2.504082509351153e-17, 2.1252245243790058e-17, 1.5408268278615217e-32, -1.8634693820321637e-18, -8.721649646759033e-05, -2.7107047817413864e-17, -2.3957694947099895e-17, 1.2254540545936848e-33, -1.931329418329636e-18, -0.0017095364164561033, 8.860163151626994e-18, 7.080336825570121e-18, 1.5267856947777433e-33, 4.447657509469024e-18, -0.0001879613846540451], [-0.006224251352250576, -0.0005229758098721504, 1.8694633891767128e-16, 0.007211231626570225, 1.8010603170789057e-16, 0.017302999272942543, -0.005235540214926004, 9.77529754784054e-17, -0.017367439344525337, 1.758845551563956e-17, -0.1070508062839508, 0.026955140754580498, 2.7965206343907e-17, 0.03724785894155502, 8.860163151626994e-18, 0.5630724430084229, 0.4790220856666565, 1.1424989669260979e-17, 0.00423743762075901, 3.1295683644229258e-18], [-0.0005229837261140347, 0.004674594383686781, 1.7743806321249674e-16, 0.0048315394669771194, 1.7483325161123255e-16, 0.004508045502007008, -0.01488957554101944, 9.540704493909071e-17, -0.0158348698168993, 1.449299677095587e-17, 0.022099848836660385, 0.10771816968917847, 3.012907112167632e-17, 0.030666397884488106, 7.080336825570121e-18, 0.4790220856666565, 0.43538010120391846, 1.1446175419109687e-17, -0.006565707735717297, 2.9082061471073037e-18], [-5.8922548302183695e-18, -5.208109462007399e-18, 1.943625542470927e-32, 2.2383176503439908e-18, 1.669833071697246e-32, 1.2559943508229674e-17, 1.0238480971434303e-17, 9.26214243341113e-33, -1.1803272805066432e-18, 3.0293266348987846e-33, -1.433131770278748e-17, -1.1944292830641157e-17, -0.0001879613846540451, -2.1194992299583718e-19, 1.5267856947777433e-33, 1.1424989669260979e-17, 1.1446175419109687e-17, 0.0035579560790210962, 2.5044282708472002e-18, 1.902637363113574e-34], [-0.007211234886199236, -0.004831540863960981, 5.458012967332734e-17, 0.005018634255975485, 4.7781499131529506e-17, 0.023004693910479546, 0.014041779562830925, 2.5001633276088768e-17, -0.006178928539156914, 8.249498718770947e-18, -0.035353951156139374, -0.028756313025951385, 3.1682713181036694e-18, 0.0016287810867652297, 4.447657509469024e-18, 0.00423743762075901, -0.006565707735717297, 2.5044282708472002e-18, -0.0008237706497311592, 9.962242765101301e-19], [2.371458780584148e-18, 2.631158130954612e-18, 4.1113667971078e-33, -1.488709130907391e-19, 4.1030560520474865e-33, -2.809394253059016e-18, -4.063332853264636e-18, 1.7870968983864234e-33, -1.2188931290008562e-18, 3.7413457414641663e-34, -8.122242771793951e-18, -8.869319213827344e-18, 5.641852176683764e-34, 7.324279005656909e-19, -0.0001879613846540451, 3.1295683644229258e-18, 2.9082061471073037e-18, 1.902637363113574e-34, 9.962242765101301e-19, 0.0035579323302954435]], [[0.5729768872261047, 0.477713406085968, -6.513232716387851e-17, -0.009287184104323387, 1.0498468801043395e-17, -0.11679403483867645, 0.032067492604255676, -3.231197428842416e-17, -0.03961862623691559, -5.599272937323645e-19, 0.014979006722569466, -0.006518873386085033, 5.7250365470780185e-18, 0.020173242315649986, -4.1077148154408626e-19, -0.004645028151571751, -0.000923037005122751, -6.304387644255565e-18, -0.00897290464490652, -5.010269366180641e-18], [0.477713406085968, 0.4229789674282074, -6.589680086855511e-17, 0.00993417389690876, 7.905469338926467e-18, 0.027568494901061058, 0.11743761599063873, -3.498788040897605e-17, -0.0363386832177639, -4.605608061026331e-18, 0.006175457965582609, -0.012548824772238731, 6.182464530687699e-18, 0.01879940927028656, 3.701544836246832e-19, -0.0009230293799191713, 0.0026130322366952896, -6.1309539259924904e-18, -0.00703632365912199, -5.484524271401181e-18], [-6.513232716387851e-17, -6.589680086855511e-17, 0.004301967099308968, 1.7584981357066837e-17, -4.8532554447163165e-33, 9.361273137178559e-17, 8.458960040459585e-17, -1.8998980522155762e-07, 2.3743929970120266e-18, -2.4007344470770234e-32, -1.8018012062099572e-17, 9.212653761957279e-18, 5.2101201012626085e-33, -1.5515480516396956e-18, 5.4602899110305616e-33, 9.841366779470866e-17, 1.0894254540943073e-16, 3.387484151559989e-33, 1.0116719985266498e-17, 1.717876260499322e-33], [-0.009287184104323387, 0.00993417389690876, 1.7584981357066837e-17, 0.0005010142922401428, -7.37420762743061e-18, 0.04016637057065964, 0.03012385219335556, 3.758346811922966e-18, 0.0025451243855059147, -9.905451439375554e-18, -0.028452696278691292, -0.017241759225726128, -7.47419721987602e-19, -0.00841908622533083, 1.8548193475715435e-18, 0.00897290464490652, 0.00703632365912199, 2.134369378282055e-18, 0.00738432165235281, 3.689479114543039e-19], [1.0498468801043395e-17, 7.905469338926467e-18, -4.8532554447163165e-33, -7.37420762743061e-18, 0.004302001092582941, -5.886907438430459e-17, -6.654028121067237e-17, -9.515239591454615e-33, -6.2675830700806305e-18, -1.825392246246338e-07, -3.047134522426096e-17, -3.716646238420391e-17, 3.790011620847942e-33, 1.170765713690505e-17, 1.9172059395942113e-33, 3.4178338595805105e-17, 3.718045828016831e-17, -1.850840467282662e-33, 3.255092195197235e-18, -1.4772127102806673e-33], [-0.11679403483867645, 0.027568494901061058, 9.361273137178559e-17, 0.04016637057065964, -5.886907438430459e-17, 0.5829196572303772, 0.4615339934825897, 2.941702081550087e-17, 0.002271084813401103, -2.085871572172918e-17, -0.07351789623498917, 0.02698473259806633, -7.18369883337291e-18, -0.04888014495372772, 6.714840040878359e-18, 0.01497901789844