{"HF": -419.09933438671, "coordinates": [[0.188539853, 1.629570931, -0.044423153], [-0.013135906, 0.101074578, 0.027450386], [0.405506588, -0.566387932, -1.253829063], [1.545198724, -1.25231982, -1.314084773], [2.343039716, -1.417058675, -0.189825581], [1.886543035, -1.16548631, 1.102080468], [2.524596806, -1.543874616, 2.07059764], [0.687262371, -0.50007194, 1.174581616], [0.138655589, -0.243973748, 2.495129796], [1.246226059, 1.866594038, -0.191845111], [-0.376016716, 2.040401023, -0.887613787], [-0.159728504, 2.126626142, 0.866007548], [-1.085715606, -0.081800744, 0.194203853], [-0.211848839, -0.432588094, -2.132026297], [1.91486943, -1.718156027, -2.22002883], [3.15219604, -2.014596041, -0.216305161], [0.65962191, -0.87719186, 3.211187535], [0.263355717, 0.802140968, 2.801395402], [-0.932452621, -0.478457396, 2.501564827]], "elements": ["C", "C", "C", "C", "N", "C", "O", "N", "C", "H", "H", "H", "H", "H", "H", "H", "H", "H", "H"], "Enn": 469.4100719573, "S": [[1.0, 0.325565, 0.151774, -0.0, 0.0, 0.0, -0.0, 0.0, 0.0, -0.0, 0.0, 0.0, -0.0, 0.0, 0.0, 0.01382, 0.051338, -0.000824, 0.002311, 0.017515, -0.004943, 0.013871, 0.105126, -0.00818, -0.000174, -0.001315, -0.013744, 0.003691, 0.0, 7.5e-05, 0.008512, 1.4e-05, -3e-06, 2.6e-05, 0.010319, -0.001851, 0.018737, -1e-06, -0.0, 3e-06, -2e-06, -0.0, 0.0, 0.0, 0.000722, 0.0, -0.0, 0.0, 0.000617, -0.000659, 0.001401, -0.0, -0.0, 0.0, -0.0, -0.0, 0.0, 0.0, 2.5e-05, 0.0, 0.0, 0.0, 2e-06, -2.3e-05, 3.3e-05, 0.0, 0.0, 0.0, 0.0, 0.0, 0.0, 0.0, 0.000644, -0.0, -0.0, 0.0, -0.000488, -0.000722, 0.001189, 0.0, 0.0, 0.0, 0.0, 0.0, 0.0, 0.0, 0.0, 0.0, 0.0, 0.0, -0.0, -0.0, 0.0, 0.0, 0.0, 0.0, 0.0, 0.0, 0.0, 4e-06, 0.003432, 0.0, 0.0, -1e-06, -0.00409, -0.001673, 0.007145, -0.0, 0.0, -0.0, -0.0, -0.0, 0.0, 1e-06, 0.001633, -0.0, 0.0, 0.0, -0.003186, 6.3e-05, 0.00235, 0.0, -0.0, -0.0, -0.0, 0.0, 0.049943, 0.086816, 0.011047, -0.079258, -0.017761, 0.049805, 0.086747, 0.062897, 0.042113, -0.030645, 0.049897, 0.086793, -0.068119, 0.026058, -0.03719, 0.000354, 0.02038, -5e-06, 2.6e-05, 3.4e-05, 1e-06, 0.003483, 0.0, 0.0, 0.0, 0.0, 4.7e-05, 0.0, 0.0, 0.0, 0.0, 1.2e-05, 0.0, 0.0, 0.0, 0.0, 0.000101, 0.0, 0.0, 0.0, 1e-06, 0.003456, -0.0, -0.0, 0.0, 0.0, 0.000819, 0.0, 0.0, 0.0], [0.325565, 1.0, 0.798485, 0.0, 0.0, 0.0, -0.0, 0.0, 0.0, 0.0, -0.0, 0.0, -0.0, 0.0, 0.01382, 0.180544, 0.344628, -0.009608, 0.02696, 0.204326, -0.025328, 0.071069, 0.538633, -0.082201, -0.001744, -0.013218, -0.138104, 0.03709, 7.5e-05, 0.010566, 0.085562, 0.005755, -0.001032, 0.01045, 0.08944, -0.016046, 0.162399, -0.001546, -0.000723, 0.007317, -0.006578, -0.001313, 0.0, 0.000214, 0.012621, 6.6e-05, -7.1e-05, 0.000151, 0.010995, -0.011748, 0.024956, -3.1e-05, -2.6e-05, 5.6e-05, -5e-05, -6e-05, -0.0, 7e-06, 0.001534, -0.0, 3e-06, -4e-06, 0.000132, -0.001954, 0.002762, -3e-06, -0.0, 0.0, -1e-06, -4e-06, 0.0, 0.000179, 0.011547, -4.9e-05, -7.2e-05, 0.000118, -0.008986, -0.013309, 0.021908, -2.8e-05, 2.4e-05, -3.9e-05, -3e-05, -5.7e-05, 0.0, 0.0, 1.4e-05, -0.0, -0.0, 0.0, -2e-05, -2.2e-05, 3e-05, -0.0, 0.0, -0.0, -0.0, -0.0, -5.4e-05, 0.004637, 0.051195, 0.002437, 0.000997, -0.004257, -0.05424, -0.022191, 0.094759, -0.000858, 0.000997, -0.004257, -0.003514, -0.001742, 1e-06, 0.000778, 0.02378, -0.000589, 1.2e-05, 0.000434, -0.044725, 0.000879, 0.032996, 0.000232, -1.1e-05, -0.000408, -0.00015, 8e-06, 0.367351, 0.520635, 0.048705, -0.349438, -0.078308, 0.366804, 0.520311, 0.278077, 0.186186, -0.135488, 0.367167, 0.520526, -0.300608, 0.114992, -0.164119, 0.025739, 0.166404, -0.003017, 0.016109, 0.021634, 0.001092, 0.041413, 0.000494, 9.5e-05, 0.000488, 1e-06, 0.001393, 0.0, -0.0, 0.0, 0.0, 0.000482, 0.0, -0.0, 0.0, 2e-06, 0.002556, -0.0, -0.0, 0.0, 0.001077, 0.041164, -0.000661, -1.7e-05, 0.000192, 8.3e-05, 0.013242, -2.3e-05, 1e-05, 1.9e-05], [0.151774, 0.798485, 1.0, -0.0, 0.0, -0.0, 0.0, -0.0, -0.0, -0.0, 0.0, 0.0, -0.0, 0.0, 0.051338, 0.344628, 0.573053, -0.009301, 0.026098, 0.197798, -0.026782, 0.075151, 0.569566, -0.03437, -0.000729, -0.005527, -0.057745, 0.015508, 0.008512, 0.085562, 0.227645, 0.034535, -0.006196, 0.062706, 0.166769, -0.029918, 0.302808, -0.005776, -0.002701, 0.027335, -0.024574, -0.004904, 0.000722, 0.012621, 0.064046, 0.004579, -0.004893, 0.010394, 0.044684, -0.047746, 0.101425, -0.002325, -0.002005, 0.004258, -0.003762, -0.00455, -0.000201, 0.003284, 0.020981, -0.000118, 0.001751, -0.002476, 0.001542, -0.022844, 0.032303, -0.001232, -9.6e-05, 0.000136, -0.000713, -0.002018, 0.000644, 0.011547, 0.06038, -0.003757, -0.005564, 0.009158, -0.037869, -0.056084, 0.09232, -0.002449, 0.002047, -0.00337, -0.002592, -0.004991, -1e-05, 0.000184, 0.001906, -8.7e-05, -9.6e-05, 0.00013, -0.00214, -0.002364, 0.003211, -3.2e-05, 8.2e-05, -0.000112, -3.8e-05, -0.000123, -0.006769, 0.061745, 0.173645, 0.022135, 0.009056, -0.038671, -0.122332, -0.050049, 0.213718, -0.003837, 0.00446, -0.019044, -0.015723, -0.007791, 0.001633, 0.02378, 0.097451, -0.018153, 0.000357, 0.013392, -0.14045, 0.002759, 0.103617, 0.006488, -0.000303, -0.011393, -0.004199, 0.000224, 0.454051, 0.762828, 0.02512, -0.180227, -0.040388, 0.453738, 0.762508, 0.14357, 0.096127, -0.069952, 0.453946, 0.762721, -0.155096, 0.059329, -0.084675, 0.129087, 0.353397, -0.010322, 0.055117, 0.074025, 0.028055, 0.138293, 0.016969, 0.003254, 0.016762, 0.000694, 0.014028, 0.0003, -0.000238, 0.000461, 0.000219, 0.006861, 7e-06, -0.000114, 0.00014, 0.001342, 0.021125, -0.00093, -0.000135, 0.000716, 0.027871, 0.137733, -0.022965, -0.000604, 0.006677, 0.008065, 0.064086, -0.005256, 0.002314, 0.004352], [-0.0, 0.0, -0.0, 1.0, -0.0, 0.0, 0.531899, 0.0, 0.0, 0.0, -0.0, 0.0, -0.0, 0.0, 0.000824, 0.009608, 0.009301, 0.063247, 0.001939, 0.014694, 0.18792, 0.002376, 0.018007, -0.013692, 0.013434, 0.101819, -0.013596, 0.003652, -1.4e-05, -0.005755, -0.034535, -0.002262, 0.000621, -0.006288, -0.009015, 0.007738, -0.078313, 0.001912, 0.000335, -0.00339, 0.004316, 0.000861, -0.0, -6.6e-05, -0.004579, -1.3e-05, 2e-05, -4.2e-05, -0.001273, 0.004874, -0.010354, 9e-06, 4e-06, -9e-06, 1.1e-05, 1.4e-05, 0.0, -0.0, -6.3e-05, -0.0, -0.0, 0.0, 0.00024, 8.7e-05, -0.000122, 0.0, -0.0, 0.0, 0.0, 0.0, 0.0, 4.9e-05, 0.003757, -7e-06, -1.7e-05, 2.9e-05, -0.000386, -0.004942, 0.008134, -7e-06, 3e-06, -5e-06, -6e-06, -1.1e-05, 0.0, 0.0, 5e-06, -0.0, -0.0, 0.0, -6e-06, -9e-06, 1.2e-05, -0.0, 0.0, -0.0, -0.0, -0.0, -1e-05, 0.002365, 0.02517, 0.000945, 0.000543, -0.00232, -0.012879, -0.012929, 0.05521, -0.000996, 0.000453, -0.001936, -0.002178, -0.001079, 0.0, 0.000589, 0.018153, -0.000396, 8e-06, 0.000317, -0.032464, 0.000778, 0.029207, 0.000124, -7e-06, -0.000248, -9.8e-05, 5e-06, -0.052714, -0.028109, 0.191754, 0.07945, 0.017805, -0.30092, -0.160662, -0.159026, -0.241961, 0.176076, 0.325332, 0.173551, -0.219333, 0.161429, -0.230394, 0.003396, 0.013261, 0.003007, 0.002459, 0.003303, -0.000743, -0.025894, -0.000251, -5.3e-05, -0.000275, -0.0, -0.000705, -0.0, 0.0, -0.0, -0.0, -1.8e-05, 0.0, 0.0, -0.0, 1e-06, 0.002023, -0.0, -0.0, 0.0, 0.000996, 0.035071, -0.00048, -1.3e-05, 0.000147, 4.5e-05, 0.009259, -7e-06, 3e-06, 7e-06], [0.0, 0.0, 0.0, -0.0, 1.0, 0.0, 0.0, 0.531899, 0.0, 0.0, 0.0, 0.0, -0.0, 0.0, -0.002311, -0.02696, -0.026098, 0.001939, 0.058498, -0.04123, 0.002376, 0.1821, -0.050527, 0.014853, -0.004367, 0.003652, 0.051758, 0.092875, 3e-06, 0.001032, 0.006196, 0.000621, 0.001089, 0.001128, 0.007738, 0.032727, 0.014049, -0.000101, 0.000692, 0.000861, -0.000914, 0.001257, 0.0, 7.1e-05, 0.004893, 2e-05, -1.5e-05, 4.5e-05, 0.004874, -0.001919, 0.011063, -6e-06, -5e-06, 1.4e-05, -1.4e-05, -1.1e-05, -0.0, 2e-06, 0.000929, -0.0, 1e-06, -1e-06, 8.7e-05, -0.001037, 0.001813, -0.0, -0.0, 0.0, -0.0, -1e-06, 0.0, 7.2e-05, 0.005564, -1.7e-05, -2.1e-05, 4.3e-05, -0.004942, -0.004368, 0.012047, -7e-06, 6e-06, -1.1e-05, -1e-05, -1.4e-05, 0.0, 0.0, 6e-06, -0.0, -0.0, 0.0, -9e-06, -8e-06, 1.3e-05, -0.0, 0.0, -0.0, -0.0, -0.0, -4e-06, 0.000968, 0.010298, 0.000543, -0.000161, -0.000949, -0.012929, 0.013433, 0.022588, -0.000123, -0.000149, -0.001079, -0.001056, 0.00026, -0.0, -1.2e-05, -0.000357, 8e-06, 3.4e-05, -6e-06, 0.000778, 0.00711, -0.000574, -3e-06, -2.4e-05, 5e-06, 2e-06, 1.8e-05, 0.378197, 0.201667, 0.07945, -0.367194, -0.127739, -0.201481, -0.107571, -0.241961, 0.040349, 0.117891, -0.12445, -0.066389, 0.161429, 0.140917, 0.088133, -0.018135, -0.070811, 0.002459, -0.009664, -0.017637, -0.000142, -0.004966, -5.3e-05, 1.7e-05, -5.3e-05, 0.0, 0.000559, 0.0, -0.0, 0.0, 0.0, 0.000308, 0.0, -0.0, 0.0, 0.0, 0.000293, -0.0, 0.0, 0.0, 2.6e-05, 0.000922, -1.3e-05, 2.7e-05, 4e-06, -2e-05, -0.004077, 3e-06, -1e-06, -3e-06], [0.0, 0.0, -0.0, 0.0, 0.0, 1.0, 0.0, 0.0, 0.531899, -0.0, 0.0, 0.0, -0.0, -0.0, -0.017515, -0.204326, -0.197798, 0.014694, -0.04123, -0.248546, 0.018007, -0.050527, -0.194176, 0.112568, 0.003652, 0.022826, 0.186029, -0.064049, -2.6e-05, -0.01045, -0.062706, -0.006288, 0.001128, -0.010216, -0.078313, 0.014049, -0.108081, 0.001027, 0.000861, -0.00794, 0.006425, 0.001424, -0.0, -0.000151, -0.010394, -4.2e-05, 4.5e-05, -9e-05, -0.010354, 0.011063, -0.020213, 1.4e-05, 1.4e-05, -2.7e-05, 2.2e-05, 2.9e-05, 0.0, -2e-06, -0.001314, 0.0, -1e-06, 1e-06, -0.000122, 0.001813, -0.002318, 1e-06, 0.0, -0.0, 0.0, 1e-06, -0.0, -0.000118, -0.009158, 2.9e-05, 4.3e-05, -6.6e-05, 0.008134, 0.012047, -0.01688, 1.2e-05, -1.1e-05, 1.7e-05, 1.2e-05, 2.6e-05, 0.0, -0.0, -8e-06, 0.0, 0.0, -0.0, 1.2e-05, 1.3e-05, -1.6e-05, 0.0, -0.0, 0.0, 0.0, 0.0, 1.7e-05, -0.004132, -0.043973, -0.00232, -0.000949, 0.003669, 0.05521, 0.022588, -0.07773, 0.000523, -0.001079, 0.004207, 0.003103, 0.001721, -0.0, -0.000434, -0.013392, 0.000317, -6e-06, -0.0002, 0.029207, -0.000574, -0.014422, -0.000122, 5e-06, 0.000172, 5.5e-05, -3e-06, 0.084752, 0.045193, 0.017805, -0.127739, 0.174202, 0.146618, 0.07828, 0.176076, 0.117891, 0.116564, 0.177617, 0.094751, -0.230394, 0.088133, 0.076883, -0.024356, -0.095102, 0.003303, -0.017637, -0.020219, -0.000734, -0.025579, -0.000275, -5.3e-05, -0.000244, -0.0, -0.001085, -0.0, 0.0, -0.0, -0.0, -0.000379, -0.0, 0.0, -0.0, -1e-06, -0.001558, 0.0, 0.0, -0.0, -0.00029, -0.010197, 0.000147, 4e-06, -1.6e-05, -3.8e-05, -0.007667, 7e-06, -3e-06, -5e-06], [-0.0, -0.0, 0.0, 0.531899, 0.0, 0.0, 1.0, 0.0, 0.0, 0.0, 0.0, 0.0, 0.0, 0.0, 0.004943, 0.025328, 0.026782, 0.18792, 0.002376, 0.018007, 0.52087, 0.004128, 0.031289, -0.01074, 0.016848, 0.12769, -0.006341, 0.001703, -0.010319, -0.08944, -0.166769, -0.009015, 0.007738, -0.078313, 0.036031, 0.02546, -0.257684, 0.027762, 0.001013, -0.010254, 0.036377, 0.007259, -0.000617, -0.010995, -0.044684, -0.001273, 0.004874, -0.010354, 0.004906, 0.038074, -0.080878, 0.004347, 0.000741, -0.001574, 0.004311, 0.005214, 1.7e-05, -0.000297, -0.001775, -0.000604, -0.000178, 0.000252, 0.010681, 0.002182, -0.003085, 0.000186, -0.000546, 0.000772, 8.3e-05, 0.000234, 0.000488, 0.008986, 0.037869, -0.000386, -0.004942, 0.008134, 0.010721, -0.040172, 0.066127, -0.003852, 0.000354, -0.000582, -0.002645, -0.005093, -7e-06, 0.00017, 0.002023, -6.7e-05, -9.7e-05, 0.000132, -0.001709, -0.002769, 0.003762, -5.9e-05, 7.3e-05, -9.9e-05, -4.4e-05, -0.000142, -0.008335, 0.068987, 0.149513, 0.007962, 0.011966, -0.051096, 0.005654, -0.049967, 0.213368, -0.019628, 0.001975, -0.008436, -0.024126, -0.011956, 0.003186, 0.044725, 0.14045, -0.032464, 0.000778, 0.029207, -0.166456, 0.004569, 0.171601, 0.008794, -0.000639, -0.023993, -0.010647, 0.000567, -0.076139, -0.071678, 0.261299, 0.038068, 0.008531, -0.435142, -0.409783, 0.092951, -0.116118, 0.084499, 0.470086, 0.442593, 0.064224, 0.077388, -0.110449, 0.029662, 0.050779, 0.052963, 0.015559, 0.020896, -0.04634, -0.162197, -0.024861, -0.006363, -0.03277, -0.000752, -0.014479, -0.000266, 0.000274, -0.000532, -1.6e-05, -0.000531, 1.8e-05, 9e-06, -1.1e-05, 0.002363, 0.03363, -0.001594, -0.000257, 0.001368, 0.062703, 0.220144, -0.052897, -0.001607, 0.017777, 0.013882, 0.086602, -0.008604, 0.004556, 0.008567], [0.0, 0.0, -0.0, 0.0, 0.531899, 0.0, 0.0, 1.0, 0.0, 0.0, 0.0, 0.0, 0.0, 0.0, -0.013871, -0.071069, -0.075151, 0.002376, 0.1821, -0.050527, 0.004128, 0.510758, -0.087795, 0.000817, -0.005808, 0.001703, 0.034721, 0.123518, 0.001851, 0.016046, 0.029918, 0.007738, 0.032727, 0.014049, 0.02546, 0.173381, 0.046228, 0.000189, 0.015921, 0.007259, -0.009511, 0.028908, 0.000659, 0.011748, 0.047746, 0.004874, -0.001919, 0.011063, 0.038074, -0.000144, 0.08642, -0.001949, -0.000998, 0.005214, -0.006163, -0.002266, -0.000247, 0.004402, 0.026301, -0.000178, 0.00202, -0.003729, 0.002182, -0.0215, 0.045715, -0.001791, -0.000128, 0.000234, -0.001781, -0.002673, 0.000722, 0.013309, 0.056084, -0.004942, -0.004368, 0.012047, -0.040172, -0.021651, 0.097935, -0.002699, 0.001922, -0.005093, -0.005652, -0.004686, -8e-06, 0.000188, 0.002234, -9.7e-05, -8.7e-05, 0.000146, -0.002769, -0.002261, 0.004155, -2.8e-05, 8.5e-05, -0.000142, -7.1e-05, -0.000127, -0.00341, 0.028224, 0.061169, 0.011966, -0.01639, -0.020904, -0.049967, 0.107343, 0.087294, 0.000401, -0.009099, -0.011956, -0.014739, 0.015896, -6.3e-05, -0.000879, -0.002759, 0.000778, 0.00711, -0.000574, 0.004569, 0.066056, -0.003371, -0.000398, -0.006614, 0.000567, 0.000339, 0.00488, 0.546262, 0.514258, 0.038068, -0.006512, -0.061204, -0.291349, -0.274369, -0.116118, 0.188631, 0.056576, -0.179823, -0.169306, 0.077388, 0.236925, 0.04225, -0.158395, -0.271158, 0.015559, -0.027206, -0.111583, -0.008888, -0.031108, -0.006363, 0.007092, -0.006285, 0.000597, 0.011489, 0.000274, -0.000138, 0.000422, 0.000281, 0.00915, 9e-06, -0.000131, 0.000184, 0.000342, 0.004866, -0.000257, 0.000146, 0.000198, 0.001648, 0.005788, -0.001607, 0.008202, 0.000467, -0.006112, -0.038131, 0.004556, -0.000263, -0.003772], [0.0, 0.0, -0.0, 0.0, 0.0, 0.531899, 0.0, 0.0, 1.0, 0.0, 0.0, 0.0, 0.0, 0.0, -0.105126, -0.538633, -0.569566, 0.018007, -0.050527, -0.194176, 0.031289, -0.087795, -0.143055, 0.006193, 0.001703, 0.006874, 0.006554, -0.019288, -0.018737, -0.162399, -0.302808, -0.078313, 0.014049, -0.108081, -0.257684, 0.046228, -0.289938, -0.001917, 0.007259, -0.056834, 0.035841, 0.010196, -0.001401, -0.024956, -0.101425, -0.010354, 0.011063, -0.020213, -0.080878, 0.08642, -0.14304, 0.00414, 0.005214, -0.00962, 0.006479, 0.01028, 0.000349, -0.006225, -0.037191, 0.000252, -0.003729, 0.004656, -0.003085, 0.045715, -0.053817, 0.002533, 0.000234, -0.000293, 0.000942, 0.004337, -0.001189, -0.021908, -0.09232, 0.008134, 0.012047, -0.01688, 0.066127, 0.097935, -0.123364, 0.004442, -0.005093, 0.007211, 0.00359, 0.01068, 1.1e-05, -0.000255, -0.003035, 0.000132, 0.000146, -0.000178, 0.003762, 0.004155, -0.004846, 3.7e-05, -0.000142, 0.000173, 3.7e-05, 0.000191, 0.014561, -0.120523, -0.261205, -0.051096, -0.020904, 0.06798, 0.213368, 0.087294, -0.244976, -0.001714, -0.011956, 0.039154, 0.021363, 0.016019, -0.00235, -0.032996, -0.103617, 0.029207, -0.000574, -0.014422, 0.171601, -0.003371, -0.060452, -0.014959, 0.000567, 0.01468, 0.002964, -0.000288, 0.122415, 0.115243, 0.008531, -0.061204, 0.252889, 0.212016, 0.19966, 0.084499, 0.056576, 0.225207, 0.256646, 0.241637, -0.110449, 0.04225, 0.206228, -0.212731, -0.364175, 0.020896, -0.111583, -0.093983, -0.045775, -0.16022, -0.03277, -0.006285, -0.024058, -0.001157, -0.022279, -0.000532, 0.000422, -0.000738, -0.000345, -0.011252, -1.1e-05, 0.000184, -0.000208, -0.001819, -0.025895, 0.001368, 0.000198, -0.00087, -0.018231, -0.064008, 0.017777, 0.000467, 0.003076, -0.011494, -0.071705, 0.008567, -0.003772, -0.00535], [-0.0, 0.0, -0.0, 0.0, 0.0, -0.0, 0.0, 0.0, 0.0, 1.0, 0.0, 0.0, 0.0, 0.0, -0.00818, -0.082201, -0.03437, 0.013692, -0.014853, -0.112568, 0.01074, -0.000817, -0.006193, 0.084079, 0.003486, 0.026419, 0.086992, -0.023363, -1e-06, -0.001546, -0.005776, -0.001912, 0.000101, -0.001027, -0.027762, -0.000189, 0.001917, -0.000783, 0.000193, -0.001952, 0.000361, 7.2e-05, -0.0, -3.1e-05, -0.002325, -9e-06, 6e-06, -1.4e-05, -0.004347, 0.001949, -0.00414, 1e-06, 2e-06, -3e-06, 2e-06, 3e-06, 0.0, -0.0, -0.000593, 0.0, -0.0, 0.0, -7.4e-05, 0.000787, -0.001113, 0.0, 0.0, -0.0, 0.0, 0.0, 0.0, -2.8e-05, -0.002449, 7e-06, 7e-06, -1.2e-05, 0.003852, 0.002699, -0.004442, 1e-06, -1e-06, 2e-06, 1e-06, 3e-06, 0.0, 0.0, -1e-06, 0.0, 0.0, 0.0, 2e-06, 1e-06, -2e-06, 0.0, 0.0, 0.0, 0.0, 0.0, 0.0, -0.000536, -0.004988, -0.000534, -7.6e-05, 0.000323, 0.020659, 0.000312, -0.00133, -0.000354, -0.000201, 0.00086, 0.00016, 8e-05, 0.0, 0.000232, 0.006488, -0.000124, 3e-06, 0.000122, -0.008794, 0.000398, 0.014959, 2.2e-05, -2e-06, -6.4e-05, -2.9e-05, 2e-06, -0.14231, -0.023173, -0.094159, 0.115104, 0.025794, 0.117255, 0.019125, -0.098809, 0.232194, -0.168969, 0.162054, 0.026403, 0.025412, 0.174654, -0.24927, -0.013055, -0.025033, 0.002684, -0.009177, -0.012325, 0.000179, 0.005036, 3.1e-05, 1e-05, 5.2e-05, -0.0, -0.000119, -0.0, 0.0, -0.0, -0.0, -0.000168, 0.0, 0.0, 0.0, 0.0, 0.000737, -0.0, -0.0, 0.0, 0.000635, 0.018026, -0.000198, -6e-06, 6.6e-05, 9e-06, 0.002342, -1e-06, 0.0, 1e-06], [0.0, -0.0, 0.0, -0.0, 0.0, 0.0, 0.0, 0.0, 0.0, 0.0, 1.0, 0.0, 0.0, 0.0, -0.000174, -0.001744, -0.000729, -0.013434, 0.004367, -0.003652, -0.016848, 0.005808, -0.001703, 0.003486, 0.028981, -0.028878, 0.005898, 0.009232, -0.0, -0.000723, -0.002701, -0.000335, -0.000692, -0.000861, -0.001013, -0.015921, -0.007259, 0.000193, -0.000325, -0.000511, 0.000692, -0.000775, -0.0, -2.6e-05, -0.002005, -4e-06, 5e-06, -1.4e-05, -0.000741, 0.000998, -0.005214, 2e-06, 1e-06, -2e-06, 3e-06, 2e-06, 0.0, -0.0, -4.6e-05, -0.0, -0.0, 0.0, 0.000176, 5.7e-05, -9.9e-05, 0.0, -0.0, 0.0, 0.0, 0.0, 0.0, 2.4e-05, 0.002047, -3e-06, -6e-06, 1.1e-05, -0.000354, -0.001922, 0.005093, -1e-06, 1e-06, -1e-06, -2e-06, -2e-06, 0.0, 0.0, 3e-06, 0.0, 0.0, 0.0, -3e-06, -4e-06, 6e-06, 0.0, 0.0, 0.0, 0.0, 0.0, -0.0, 0.000622, 0.005797, 0.000268, -5.8e-05, -0.000611, -0.003893, 0.007972, 0.015012, -0.000201, -3.6e-05, -0.000584, -0.000702, 8.1e-05, -0.0, -1.1e-05, -0.000303, 7e-06, 2.4e-05, -5e-06, 0.000639, 0.006614, -0.000567, -2e-06, -1.1e-05, 3e-06, 1e-06, 9e-06, -0.06794, -0.011063, 0.303483, 0.099038, 0.032301, 0.206922, 0.03375, 0.177617, -0.023013, -0.170468, -0.138045, -0.022491, 0.145622, 0.18185, 0.13762, -0.003098, -0.005941, -0.002492, -0.002028, -0.003472, 0.000121, 0.003389, 2.8e-05, -7e-06, 3e-05, -0.0, -0.000329, -0.0, 0.0, -0.0, -0.0, -1.3e-05, 0.0, 0.0, 0.0, 0.0, 0.000267, -0.0, 0.0, 0.0, 3e-05, 0.000857, -1e-05, 1.7e-05, 3e-06, -1.3e-05, -0.003188, 1e-06, -0.0, -1e-06], [0.0, 0.0, 0.0, 0.0, 0.0, 0.0, 0.0, 0.0, 0.0, 0.0, 0.0, 1.0, 0.0, 0.0, -0.001315, -0.013218, -0.005527, -0.101819, -0.003652, -0.022826, -0.12769, -0.001703, -0.006874, 0.026419, -0.028878, -0.186076, 0.023807, -0.007821, 3e-06, 0.007317, 0.027335, 0.00339, -0.000861, 0.00794, 0.010254, -0.007259, 0.056834, -0.001952, -0.000511, 0.004792, -0.005212, -0.00113, 0.0, 5.6e-05, 0.004258, 9e-06, -1.4e-05, 2.7e-05, 0.001574, -0.005214, 0.00962, -3e-06, -2e-06, 4e-06, -4e-06, -6e-06, 0.0, 0.0, 6.6e-05, 0.0, 0.0, -0.0, -0.000249, -9.9e-05, 0.000127, -0.0, 0.0, -0.0, -0.0, -0.0, 0.0, -3.9e-05, -0.00337, 5e-06, 1.1e-05, -1.7e-05, 0.000582, 0.005093, -0.007211, 2e-06, -1e-06, 2e-06, 2e-06, 4e-06, 0.0, 0.0, -4e-06, 0.0, 0.0, 0.0, 5e-06, 6e-06, -8e-06, 0.0, 0.0, 0.0, 0.0, 0.0, 1e-06, -0.002658, -0.024756, -0.001143, -0.000611, 0.002409, 0.016624, 0.015012, -0.052617, 0.00086, -0.000584, 0.002322, 0.00223, 0.001206, -0.0, -0.000408, -0.011393, 0.000248, -5e-06, -0.000172, 0.023993, -0.000567, -0.01468, -6.4e-05, 3e-06, 0.000104, 3.6e-05, -2e-06, -0.015225, -0.002479, 0.068009, 0.032301, -0.037862, -0.150578, -0.02456, -0.129253, -0.170468, -0.133218, 0.19702, 0.0321, -0.207835, 0.13762, 0.081862, -0.004161, -0.007978, -0.003347, -0.003472, -0.004106, 0.000622, 0.017453, 0.000145, 3e-05, 0.000142, 0.0, 0.000638, 0.0, -0.0, 0.0, 0.0, 1.7e-05, 0.0, 0.0, 0.0, -0.0, -0.001419, 0.0, 0.0, -0.0, -0.000334, -0.009482, 0.000109, 3e-06, -1.6e-05, -2.4e-05, -0.005995, 2e-06, -1e-06, -1e-06], [-0.0, -0.0, -0.0, -0.0, -0.0, -0.0, 0.0, 0.0, 0.0, 0.0, 0.0, 0.0, 1.0, 0.0, -0.013744, -0.138104, -0.057745, 0.013596, -0.051758, -0.186029, 0.006341, -0.034721, -0.006554, 0.086992, 0.005898, 0.023807, 0.165152, -0.096114, -2e-06, -0.006578, -0.024574, -0.004316, 0.000914, -0.006425, -0.036377, 0.009511, -0.035841, 0.000361, 0.000692, -0.005212, 0.003967, 0.001096, -0.0, -5e-05, -0.003762, -1.1e-05, 1.4e-05, -2.2e-05, -0.004311, 0.006163, -0.006479, 2e-06, 3e-06, -4e-06, 3e-06, 5e-06, 0.0, -0.0, -0.000343, 0.0, -0.0, 0.0, -3.5e-05, 0.000697, -0.000474, 0.0, 0.0, -0.0, 0.0, 0.0, 0.0, -3e-05, -0.002592, 6e-06, 1e-05, -1.2e-05, 0.002645, 0.005652, -0.00359, 1e-06, -2e-06, 2e-06, 1e-06, 3e-06, 0.0, 0.0, -1e-06, 0.0, 0.0, 0.0, 2e-06, 3e-06, -2e-06, 0.0, 0.0, 0.0, 0.0, 0.0, 1e-06, -0.002194, -0.020438, -0.001234, -0.000587, 0.001804, 0.030295, 0.017094, -0.032856, 0.00016, -0.000702, 0.00223, 0.001497, 0.00107, -0.0, -0.00015, -0.004199, 9.8e-05, -2e-06, -5.5e-05, 0.010647, -0.000339, -0.002964, -2.9e-05, 1e-06, 3.6e-05, 1.1e-05, -1e-06, 0.23148, 0.037693, 0.06845, -0.167524, -0.182564, 0.032589, 0.005315, 0.055102, -0.13536, -0.152197, -0.027379, -0.004461, 0.049994, -0.125573, -0.124631, -0.006648, -0.012748, 0.001039, -0.008525, -0.003454, -0.000295, -0.008295, -7.5e-05, -1.7e-05, -6.1e-05, -0.0, -0.00036, -0.0, 0.0, -0.0, -0.0, -5.9e-05, 0.0, 0.0, 0.0, -0.0, -0.000527, 0.0, 0.0, -0.0, -4.8e-05, -0.001367, 1.6e-05, 1e-06, 0.0, -7e-06, -0.00178, 1e-06, -0.0, -0.0], [0.0, 0.0, 0.0, 0.0, 0.0, -0.0, 0.0, 0.0, 0.0, 0.0, 0.0, 0.0, 0.0, 1.0, 0.003691, 0.03709, 0.015508, -0.003652, -0.092875, 0.064049, -0.001703, -0.123518, 0.019288, -0.023363, 0.009232, -0.007821, -0.096114, -0.166918, -0.0, -0.001313, -0.004904, -0.000861, -0.001257, -0.001424, -0.007259, -0.028908, -0.010196, 7.2e-05, -0.000775, -0.00113, 0.001096, -0.001305, -0.0, -6e-05, -0.00455, -1.4e-05, 1.1e-05, -2.9e-05, -0.005214, 0.002266, -0.01028, 3e-06, 2e-06, -6e-06, 5e-06, 5e-06, 0.0, -1e-06, -0.000971, 0.0, -0.0, 0.0, -9.9e-05, 0.001204, -0.001883, 0.0, 0.0, -0.0, 0.0, 0.0, 0.0, -5.7e-05, -0.004991, 1.1e-05, 1.4e-05, -2.6e-05, 0.005093, 0.004686, -0.01068, 3e-06, -2e-06, 4e-06, 3e-06, 5e-06, 0.0, 0.0, -4e-06, 0.0, 0.0, 0.0, 6e-06, 6e-06, -8e-06, 0.0, 0.0, 0.0, 0.0, 0.0, 1e-06, -0.001087, -0.010128, -0.000611, 0.000102, 0.000986, 0.015012, -0.013928, -0.021527, 8e-05, 8.1e-05, 0.001206, 0.00107, -0.000131, 0.0, 8e-06, 0.000224, -5e-06, -1.8e-05, 3e-06, -0.000567, -0.00488, 0.000288, 2e-06, 9e-06, -2e-06, -1e-06, -6e-06, 0.109233, 0.017787, 0.032301, -0.159232, 0.27164, -0.100819, -0.016444, -0.170468, 0.011213, -0.089196, -0.075366, -0.012279, 0.13762, 0.099282, -0.031315, 0.022218, 0.042604, -0.003472, 0.014545, 0.021927, 0.000119, 0.003347, 3e-05, -7e-06, 2.7e-05, -0.0, -0.000506, -0.0, 0.0, -0.0, -0.0, -0.000285, 0.0, 0.0, 0.0, -0.0, -0.000205, 0.0, -0.0, -0.0, -9e-06, -0.000249, 3e-06, -5e-06, -0.0, 1e-05, 0.002639, -1e-06, 0.0, 1e-06], [0.0, 0.01382, 0.051338, 0.000824, -0.002311, -0.017515, 0.004943, -0.013871, -0.105126, -0.00818, -0.000174, -0.001315, -0.013744, 0.003691, 1.0, 0.325565, 0.151774, 0.0, -0.0, 0.0, 0.0, -0.0, 0.0, -0.0, 0.0, 0.0, -0.0, 0.0, 0.0, 0.016192, 0.054212, 0.01811, -0.005917, 0.009434, 0.093878, -0.030673, 0.048904, 0.012311, -0.008591, 0.013698, -0.002164, -0.004476, 0.0, 0.000108, 0.009634, 2.6e-05, -3e-05, 2.6e-05, 0.013217, -0.015353, 0.013334, -0.0, -4e-06, 3e-06, 1e-06, -4e-06, 0.0, 0.0, 0.001198, -0.0, 0.0, -0.0, 0.000215, -0.002327, 0.001499, -0.0, -0.0, 0.0, 0.0, -0.0, 0.0, 7.2e-05, 0.008375, -1.2e-05, -2.1e-05, 1.4e-05, -0.008998, -0.015906, 0.010605, -1e-06, 2e-06, -1e-06, 1e-06, -2e-06, 0.0, 0.0, 2e-06, 0.0, 0.0, 0.0, -4e-06, -5e-06, 3e-06, 0.0, 0.0, 0.0, 0.0, 0.0, -0.0, 0.007157, 0.048292, 0.006095, 0.003721, -0.003194, -0.083261, -0.050836, 0.043632, 0.004559, 0.007129, -0.006119, 0.000573, -0.003736, 0.0, 8.6e-05, 0.00891, -3.5e-05, -2e-06, 5e-06, -0.022203, -0.001366, 0.003105, 4e-06, 0.0, -1e-06, -0.0, -0.0, 0.000288, 0.01919, 3e-06, -1.8e-05, -2.5e-05, 0.000297, 0.019363, 1.4e-05, 5e-06, -2.9e-05, 0.000258, 0.018578, -1e-05, 2e-06, -2.4e-05, 0.048839, 0.086262, -0.012043, 0.077462, 0.013207, 0.000205, 0.017357, 1.8e-05, 2e-06, 4e-06, 0.0, 0.000856, 0.0, 0.0, 0.0, 0.0, 0.000299, 0.0, 0.0, 0.0, 0.0, 0.001072, 0.0, 0.0, 0.0, 2e-06, 0.004321, -0.0, -0.0, -0.0, 7e-06, 0.006497, -0.0, 0.0, 0.0], [0.01382, 0.180544, 0.344628, 0.009608, -0.02696, -0.204326, 0.025328, -0.071069, -0.538633, -0.082201, -0.001744, -0.013218, -0.138104, 0.03709, 0.325565, 1.0, 0.798485, 0.0, -0.0, -0.0, 0.0, -0.0, 0.0, 0.0, 0.0, 0.0, -0.0, 0.0, 0.016192, 0.19676, 0.35949, 0.189822, -0.062022, 0.098885, 0.473391, -0.154675, 0.246606, 0.103693, -0.072364, 0.115374, -0.018229, -0.037697, 0.000108, 0.012849, 0.094184, 0.008015, -0.00931, 0.008086, 0.110481, -0.128335, 0.111457, -0.000682, -0.007472, 0.006489, 0.001066, -0.007538, -6e-06, 0.001151, 0.024268, -9e-05, 0.000979, -0.000631, 0.004222, -0.045779, 0.029496, -0.000689, -0.000157, 0.000101, 0.000499, -0.0011, 7.2e-05, 0.010298, 0.084488, -0.004963, -0.008773, 0.005849, -0.078356, -0.138514, 0.09235, -0.002231, 0.005435, -0.003624, 0.002668, -0.006406, -0.0, 3e-06, 0.00057, -1e-06, -2e-06, 1e-06, -0.000966, -0.001199, 0.000777, -0.0, 3e-06, -2e-06, 1e-06, -2e-06, -0.013903, 0.153296, 0.333757, 0.122933, 0.075058, -0.064422, -0.408956, -0.249694, 0.214311, 0.056398, 0.08819, -0.075693, 0.00709, -0.046215, 8.6e-05, 0.011357, 0.088647, -0.012771, -0.000786, 0.001786, -0.189885, -0.01168, 0.026551, 0.010538, 0.001136, -0.002582, -0.000146, -0.000159, 0.023095, 0.158708, 0.002421, -0.013903, -0.019491, 0.023472, 0.159833, 0.010308, 0.004088, -0.021847, 0.021786, 0.154708, -0.008606, 0.001504, -0.020787, 0.36295, 0.518021, -0.054304, 0.349291, 0.059554, 0.019278, 0.146647, 0.019016, 0.00175, 0.004699, 9e-05, 0.013713, 2.2e-05, -1.9e-05, 1.8e-05, 1.4e-05, 0.005993, 0.0, -3e-06, 2e-06, 0.000134, 0.016382, -5.3e-05, -1.1e-05, 1.6e-05, 0.001604, 0.049079, -0.001066, -0.000106, -0.000269, 0.003318, 0.067657, -0.002382, 0.000885, 0.000558], [0.051338, 0.344628, 0.573053, 0.009301, -0.026098, -0.197798, 0.026782, -0.075151, -0.569566, -0.03437, -0.000729, -0.005527, -0.057745, 0.015508, 0.151774, 0.798485, 1.0, 0.0, 0.0, -0.0, -0.0, 0.0, -0.0, -0.0, -0.0, 0.0, -0.0, 0.0, 0.054212, 0.35949, 0.589312, 0.173589, -0.056718, 0.090429, 0.492047, -0.16077, 0.256324, 0.040573, -0.028315, 0.045144, -0.007133, -0.01475, 0.009634, 0.094184, 0.242597, 0.042506, -0.049375, 0.042882, 0.198105, -0.23012, 0.199856, -0.00219, -0.024003, 0.020847, 0.003426, -0.024216, -0.003202, 0.03307, 0.110745, -0.002036, 0.022074, -0.014223, 0.013515, -0.146554, 0.094428, -0.008367, -0.001912, 0.001232, 0.006062, -0.013358, 0.008375, 0.084488, 0.225747, -0.03027, -0.053509, 0.035676, -0.146855, -0.259603, 0.173083, -0.008503, 0.020712, -0.013809, 0.010169, -0.024411, -0.000211, 0.002707, 0.015019, -0.001366, -0.001697, 0.0011, -0.017214, -0.021381, 0.013859, -6.4e-05, 0.001441, -0.000934, 0.000519, -0.00116, -0.044378, 0.296231, 0.537336, 0.109984, 0.067152, -0.057636, -0.382719, -0.233675, 0.200561, 0.020543, 0.032123, -0.027571, 0.002582, -0.016834, 0.00891, 0.088647, 0.233052, -0.073222, -0.004504, 0.010238, -0.348987, -0.021467, 0.048798, 0.037236, 0.004014, -0.009125, -0.000514, -0.000561, 0.122535, 0.342287, 0.008961, -0.051459, -0.072142, 0.123491, 0.343921, 0.03771, 0.014954, -0.079919, 0.119142, 0.336443, -0.033229, 0.005809, -0.080266, 0.451531, 0.760242, -0.028243, 0.181662, 0.030973, 0.112334, 0.324516, 0.080242, 0.007384, 0.01983, 0.008379, 0.065614, 0.004839, -0.004151, 0.003917, 0.003396, 0.037539, 0.000194, -0.002519, 0.001684, 0.010175, 0.073978, -0.008488, -0.001794, 0.002608, 0.033791, 0.155081, -0.027654, -0.002756, -0.006989, 0.048041, 0.192576, -0.036279, 0.01348, 0.008498], [-0.000824, -0.009608, -0.009301, 0.063247, 0.001939, 0.014694, 0.18792, 0.002376, 0.018007, 0.013692, -0.013434, -0.101819, 0.013596, -0.003652, 0.0, 0.0, 0.0, 1.0, 0.0, 0.0, 0.531899, 0.0, 0.0, -0.0, 0.0, 0.0, 0.0, 0.0, -0.01811, -0.189822, -0.173589, -0.177492, 0.081677, -0.130221, -0.08465, 0.092626, -0.147678, -0.073337, 0.099131, -0.158049, 0.03321, 0.068677, -2.6e-05, -0.008015, -0.042506, -0.00401, 0.006483, -0.00563, -0.021337, 0.069361, -0.060239, 0.001891, 0.004381, -0.003805, -0.000821, 0.005807, 0.0, -8e-05, -0.001964, -5.1e-05, -6.8e-05, 4.4e-05, 0.007019, 0.004299, -0.00277, 6.2e-05, -8.7e-05, 5.6e-05, -3.7e-05, 8.2e-05, 1.2e-05, 0.004963, 0.03027, -0.00148, -0.004665, 0.00311, 6.2e-05, -0.059271, 0.039517, -0.002056, 0.001974, -0.001316, 0.001544, -0.003707, -0.0, 0.0, 0.000318, -0.0, -0.0, 0.0, -0.000479, -0.000728, 0.000472, -0.0, 0.0, -0.0, 0.0, -0.0, -0.014377, 0.150702, 0.190542, 0.111411, 0.098351, -0.084414, -0.099531, -0.179632, 0.154177, 0.015572, 0.110294, -0.094665, 0.012397, -0.08081, 3.5e-05, 0.012771, 0.073222, -0.0146, -0.00098, 0.002227, -0.151919, -0.011536, 0.026224, 0.012348, 0.001443, -0.003281, -0.000199, -0.000217, -0.002747, -0.011579, 0.00261, 0.001893, 0.002653, -0.011684, -0.048686, -0.002868, -0.002332, 0.012465, 0.009808, 0.043073, -0.001718, 0.00077, -0.010646, 0.058707, 0.031622, 0.185137, 0.089345, 0.015233, -0.021879, -0.104699, -0.022012, -0.002231, -0.005991, -4.4e-05, -0.008486, -6e-06, 6e-06, -6e-06, -1e-06, -0.000378, 0.0, 0.0, -0.0, 9.9e-05, 0.014556, -2.5e-05, -5e-06, 8e-06, 0.001543, 0.041315, -0.000837, -8.8e-05, -0.000224, 0.003209, 0.052077, -0.002001, 0.0008, 0.000504], [0.002311, 0.02696, 0.026098, 0.001939, 0.058498, -0.04123, 0.002376, 0.1821, -0.050527, -0.014853, 0.004367, -0.003652, -0.051758, -0.092875, -0.0, -0.0, 0.0, 0.0, 1.0, -0.0, 0.0, 0.531899, 0.0, -0.0, -0.0, 0.0, 0.0, 0.0, 0.005917, 0.062022, 0.056718, 0.081677, 0.045798, 0.042548, 0.092626, 0.168572, 0.048252, 0.080604, 0.057013, 0.068677, -0.043553, 0.0297, 3e-05, 0.00931, 0.049375, 0.006483, -0.00596, 0.00654, 0.069361, -0.042195, 0.069974, 0.000184, -0.005503, 0.005807, -0.00042, -0.005551, -1e-06, 0.000872, 0.021295, -6.8e-05, 0.000681, -0.000476, 0.004299, -0.039203, 0.030037, -0.000501, -0.000118, 8.2e-05, 0.000306, -0.000827, 2.1e-05, 0.008773, 0.053509, -0.004665, -0.007087, 0.005498, -0.059271, -0.071185, 0.069857, -0.001606, 0.004897, -0.003707, 0.001559, -0.005772, -0.0, 1e-06, 0.000395, -0.0, -0.0, 0.0, -0.000728, -0.000798, 0.000586, -0.0, 0.0, -0.0, 0.0, -0.0, -0.008778, 0.092014, 0.116338, 0.098351, 0.010378, -0.05154, -0.179632, 0.084999, 0.094135, 0.085562, 0.022235, -0.08081, -0.036341, -0.011652, 2e-06, 0.000786, 0.004504, -0.00098, 0.001265, 0.000137, -0.011536, 0.034919, 0.001613, 0.000949, -0.001687, -0.000217, -0.000122, 0.000236, 0.015777, 0.066496, 0.001893, -0.007929, -0.015237, -0.004633, -0.019307, -0.002332, 0.002088, 0.004943, -0.001715, -0.00753, 0.00077, 0.002555, 0.001861, -0.37761, -0.203396, 0.089345, -0.375649, -0.097983, -0.002013, -0.009634, -0.002231, 0.002027, -0.000551, 3.8e-05, 0.00728, 6e-06, -5e-06, 5e-06, 7e-06, 0.00491, 0.0, -1e-06, 1e-06, 2.1e-05, 0.003076, -5e-06, -0.0, 2e-06, 0.000154, 0.004118, -8.8e-05, 4.1e-05, -2.2e-05, -0.001192, -0.019351, 0.0008, -0.000146, -0.000187], [0.017515, 0.204326, 0.197798, 0.014694, -0.04123, -0.248546, 0.018007, -0.050527, -0.194176, -0.112568, -0.003652, -0.022826, -0.186029, 0.064049, 0.0, -0.0, -0.0, 0.0, -0.0, 1.0, 0.0, 0.0, 0.531899, -0.0, 0.0, -0.0, -0.0, 0.0, -0.009434, -0.098885, -0.090429, -0.130221, 0.042548, 0.004648, -0.147678, 0.048252, 0.121906, -0.128512, 0.068677, -0.009406, -0.034839, 0.003073, -2.6e-05, -0.008086, -0.042882, -0.00563, 0.00654, -0.00411, -0.060239, 0.069974, -0.022397, -0.000159, 0.005807, -0.00386, -0.002022, 0.004484, 1e-06, -0.000562, -0.013721, 4.4e-05, -0.000476, 0.000249, -0.00277, 0.030037, -0.011938, 0.000323, 8.2e-05, -4.4e-05, -0.000324, 0.000475, -1.4e-05, -0.005849, -0.035676, 0.00311, 0.005498, -0.002507, 0.039517, 0.069857, -0.012984, 0.001071, -0.003707, 0.001809, -0.002601, 0.003198, 0.0, -0.0, -0.000256, 0.0, 0.0, -0.0, 0.000472, 0.000586, -0.000273, 0.0, -0.0, 0.0, -0.0, 0.0, 0.007534, -0.078975, -0.099852, -0.084414, -0.05154, -0.005435, 0.154177, 0.094135, 0.11388, -0.073437, -0.08081, -0.002559, -0.044184, -0.001562, -5e-06, -0.001786, -0.010238, 0.002227, 0.000137, 0.001014, 0.026224, 0.001613, 0.031962, -0.002158, -0.000217, -0.001289, -0.000221, -7.9e-05, 0.022118, 0.093222, 0.002653, -0.015237, -0.018421, 0.024762, 0.103183, 0.012465, 0.004943, -0.023405, 0.023693, 0.104045, -0.010646, 0.001861, -0.023026, -0.064383, -0.034679, 0.015233, -0.097983, 0.182322, -0.005407, -0.025874, -0.005991, -0.000551, 0.000751, -3.6e-05, -0.006869, -6e-06, 5e-06, -4e-06, -5e-06, -0.003282, -0.0, 1e-06, -0.0, -3e-05, -0.004473, 8e-06, 2e-06, -1e-06, 0.00039, 0.010442, -0.000224, -2.2e-05, -7e-06, -0.000752, -0.012199, 0.000504, -0.000187, 3.3e-05], [-0.004943, -0.025328, -0.026782, 0.18792, 0.002376, 0.018007, 0.52087, 0.004128, 0.031289, 0.01074, -0.016848, -0.12769, 0.006341, -0.001703, 0.0, 0.0, -0.0, 0.531899, 0.0, 0.0, 1.0, 0.0, 0.0, 0.0, -0.0, 0.0, -0.0, -0.0, -0.093878, -0.473391, -0.492047, -0.08465, 0.092626, -0.147678, 0.056596, 0.157838, -0.251649, 0.051219, 0.018683, -0.029788, 0.014057, 0.029069, -0.013217, -0.110481, -0.198105, -0.021337, 0.069361, -0.060239, 0.003584, 0.218464, -0.189733, 0.02779, 0.015737, -0.013668, -0.005712, 0.040375, 0.000622, -0.006064, -0.016309, -0.009569, -0.004732, 0.003049, 0.073275, 0.024883, -0.016033, 0.003207, -0.010146, 0.006537, -0.001504, 0.003314, 0.008998, 0.078356, 0.146855, 6.2e-05, -0.059271, 0.039517, 0.065259, -0.196151, 0.130779, -0.027955, 0.001479, -0.000986, 0.013349, -0.032044, -0.000257, 0.003518, 0.019095, -0.001507, -0.002496, 0.001618, -0.01611, -0.030364, 0.019682, -0.000667, 0.001827, -0.001184, 0.000875, -0.001955, -0.069836, 0.383136, 0.48293, 0.031257, 0.105882, -0.090878, 0.073432, -0.247012, 0.212009, -0.05212, 0.011657, -0.010005, 0.004763, -0.031051, 0.022203, 0.189885, 0.348987, -0.151919, -0.011536, 0.026224, -0.424352, -0.037352, 0.084909, 0.07206, 0.010006, -0.022746, -0.001563, -0.001705, -0.025701, -0.045092, 0.050061, 0.013244, 0.018566, -0.108188, -0.189122, 0.012332, -0.016078, 0.085927, 0.095206, 0.169266, 0.018006, 0.005692, -0.078652, 0.085581, 0.080782, 0.25803, 0.043366, 0.007394, -0.229403, -0.419326, -0.153684, -0.018466, -0.049592, -0.012791, -0.078407, -0.00663, 0.007256, -0.006847, -0.000502, -0.004669, 0.000556, 0.000416, -0.000278, 0.022548, 0.126344, -0.019324, -0.004576, 0.006654, 0.075942, 0.243741, -0.063428, -0.007368, -0.018681, 0.100725, 0.274311, -0.074997, 0.033918, 0.021382], [0.013871, 0.071069, 0.075151, 0.002376, 0.1821, -0.050527, 0.004128, 0.510758, -0.087795, -0.000817, 0.005808, -0.001703, -0.034721, -0.123518, -0.0, -0.0, 0.0, 0.0, 0.531899, 0.0, 0.0, 1.0, 0.0, 0.0, 0.0, -0.0, -0.0, 0.0, 0.030673, 0.154675, 0.16077, 0.092626, 0.168572, 0.048252, 0.157838, 0.488096, 0.082223, 0.047557, 0.095372, 0.029069, -0.041712, 0.049683, 0.015353, 0.128335, 0.23012, 0.069361, -0.042195, 0.069974, 0.218464, -0.062114, 0.220395, 0.009779, -0.025583, 0.040375, -0.017649, -0.025809, -0.006746, 0.065763, 0.176855, -0.004732, 0.041313, -0.033066, 0.024883, -0.194266, 0.17386, -0.016381, -0.004164, 0.003314, 0.005691, -0.029096, 0.015906, 0.138514, 0.259603, -0.059271, -0.071185, 0.069857, -0.196151, -0.170527, 0.231184, -0.004888, 0.033518, -0.032044, -0.002112, -0.039505, -0.000319, 0.00437, 0.023718, -0.002496, -0.002598, 0.00201, -0.030364, -0.029378, 0.024446, 0.000213, 0.002532, -0.001955, 0.000485, -0.002039, -0.042639, 0.233929, 0.29486, 0.105882, -0.077512, -0.055487, -0.247012, 0.327178, 0.129445, 0.050615, -0.041775, -0.031051, -0.044687, 0.021892, 0.001366, 0.01168, 0.021467, -0.011536, 0.034919, 0.001613, -0.037352, 0.180591, 0.005223, 0.00822, -0.034796, -0.001705, -0.002283, 0.004865, 0.147593, 0.258952, 0.013244, -0.023688, -0.106622, -0.042903, -0.074999, -0.016078, 0.0465, 0.034075, -0.016643, -0.02959, 0.005692, 0.049572, 0.01375, -0.550468, -0.5196, 0.043366, -0.01416, -0.047558, -0.021109, -0.038586, -0.018466, 0.045294, -0.004563, 0.010973, 0.067262, 0.007256, -0.004396, 0.005873, 0.006523, 0.060624, 0.000416, -0.00481, 0.003608, 0.004765, 0.026698, -0.004576, 0.001366, 0.001406, 0.007569, 0.024295, -0.007368, 0.009756, -0.001862, -0.037427, -0.101927, 0.033918, 0.003682, -0.007945], [0.105126, 0.538633, 0.569566, 0.018007, -0.050527, -0.194176, 0.031289, -0.087795, -0.143055, -0.006193, -0.001703, -0.006874, -0.006554, 0.019288, 0.0, 0.0, -0.0, 0.0, 0.0, 0.531899, 0.0, 0.0, 1.0, -0.0, -0.0, 0.0, -0.0, -0.0, -0.048904, -0.246606, -0.256324, -0.147678, 0.048252, 0.121906, -0.251649, 0.082223, 0.408575, -0.075822, 0.029069, 0.067258, -0.051858, -0.021976, -0.013334, -0.111457, -0.199856, -0.060239, 0.069974, -0.022397, -0.189733, 0.220395, 0.000244, -0.008493, 0.040375, -0.01416, -0.026852, 0.016448, 0.004347, -0.042373, -0.113951, 0.003049, -0.033066, 0.011299, -0.016033, 0.17386, -0.036452, 0.010555, 0.003314, -0.001156, -0.017352, 0.012536, -0.010605, -0.09235, -0.173083, 0.039517, 0.069857, -0.012984, 0.130779, 0.231184, 0.022084, 0.003259, -0.032044, 0.006821, -0.032874, 0.012058, 0.000207, -0.002833, -0.015374, 0.001618, 0.00201, -0.0008, 0.019682, 0.024446, -0.007509, -0.000138, -0.001955, 0.000783, -0.001094, 0.000973, 0.036597, -0.20078, -0.253076, -0.090878, -0.055487, -0.094536, 0.212009, 0.129445, 0.366893, -0.043442, -0.031051, -0.051302, -0.043347, -0.031323, -0.003105, -0.026551, -0.048798, 0.026224, 0.001613, 0.031962, 0.084909, 0.005223, 0.171016, -0.018685, -0.001705, -0.031671, -0.004752, -0.001948, 0.206913, 0.363029, 0.018566, -0.106622, -0.097108, 0.229287, 0.400813, 0.085927, 0.034075, -0.129231, 0.229972, 0.408865, -0.078652, 0.01375, -0.139419, -0.093855, -0.088592, 0.007394, -0.047558, 0.256664, -0.056692, -0.103626, -0.049592, -0.004563, 0.034737, -0.010354, -0.063467, -0.006847, 0.005873, -0.003713, -0.00436, -0.04052, -0.000278, 0.003608, -0.001823, -0.006928, -0.038822, 0.006654, 0.001406, 0.000288, 0.019193, 0.061601, -0.018681, -0.001862, 0.005769, -0.023594, -0.064254, 0.021382, -0.007945, 0.011276], [-0.00818, -0.082201, -0.03437, -0.013692, 0.014853, 0.112568, -0.01074, 0.000817, 0.006193, 0.084079, 0.003486, 0.026419, 0.086992, -0.023363, -0.0, 0.0, -0.0, -0.0, -0.0, -0.0, 0.0, 0.0, -0.0, 1.0, -0.0, 0.0, 0.0, 0.0, 0.012311, 0.103693, 0.040573, 0.073337, -0.080604, 0.128512, -0.051219, -0.047557, 0.075822, -0.040389, -0.09794, 0.156151, -0.051075, -0.105621, -0.0, -0.000682, -0.00219, -0.001891, -0.000184, 0.000159, -0.02779, -0.009779, 0.008493, -0.001674, 0.001167, -0.001013, 9e-05, -0.00064, 0.0, -0.000318, -0.008804, 2.6e-05, -0.00022, 0.000141, -0.002932, 0.017717, -0.011416, 0.00015, 4.4e-05, -2.8e-05, -0.000107, 0.000236, -1e-06, -0.002231, -0.008503, 0.002056, 0.001606, -0.001071, 0.027955, 0.004888, -0.003259, -0.000295, -0.001943, 0.001296, -0.000398, 0.000955, 0.0, -0.0, -1.2e-05, 0.0, 0.0, -0.0, 0.000108, -2.1e-05, 1.4e-05, -0.0, -0.0, 0.0, 0.0, -0.0, -0.007504, 0.075115, 0.045412, 0.026093, 0.090778, -0.077914, 0.070462, -0.099584, 0.085472, -0.088129, 0.084252, -0.072313, 0.017908, -0.116733, 4e-06, 0.010538, 0.037236, -0.012348, -0.000949, 0.002158, -0.07206, -0.00822, 0.018685, 0.010381, 0.001363, -0.003098, -0.000207, -0.000226, -0.01171, -0.024627, -0.002073, 0.007741, 0.010852, -0.005762, -0.011952, -0.005369, -0.000893, 0.004774, -0.006386, -0.014116, 0.004872, -0.000417, 0.005766, -0.139215, -0.022977, 0.104109, -0.113404, -0.019335, 0.017943, 0.044011, 0.018426, 0.002164, 0.005811, 4e-06, 0.001032, 0.0, -0.0, 0.0, -2e-06, -0.001891, -0.0, 0.0, -0.0, 4.6e-05, 0.007736, -5e-06, -1e-06, 2e-06, 0.001038, 0.021019, -0.000388, -4.5e-05, -0.000114, 0.002065, 0.02255, -0.000983, 0.000445, 0.00028], [-0.000174, -0.001744, -0.000729, 0.013434, -0.004367, 0.003652, 0.016848, -0.005808, 0.001703, 0.003486, 0.028981, -0.028878, 0.005898, 0.009232, 0.0, 0.0, -0.0, 0.0, -0.0, 0.0, -0.0, 0.0, -0.0, -0.0, 1.0, -0.0, -0.0, 0.0, -0.008591, -0.072364, -0.028315, -0.099131, -0.057013, -0.068677, -0.018683, -0.095372, -0.029069, -0.09794, -0.072756, -0.116322, 0.083873, -0.048172, -4e-06, -0