{"proj": [[[0.5255332589149475, 0.3633270263671875, 0.0066107395105063915, -0.1580500304698944, -0.0263337641954422, 0.05828474834561348, 0.1834372580051422, 0.009427495300769806, -0.24223804473876953, -0.05709386616945267, 0.04245747625827789, 0.019001353532075882, -0.000165487639605999, 0.048955999314785004, -0.0157738346606493, 0.0, 0.0, 0.0, 0.0, 0.0], [0.3633270263671875, 0.24232223629951477, 0.012693182565271854, -0.08314035087823868, -0.026783419772982597, 0.09262003749608994, 0.14253053069114685, 0.014301151037216187, -0.1451968550682068, -0.039623573422431946, 0.04605952650308609, 0.028661515563726425, 0.016438540071249008, -0.02359067276120186, -0.012001610361039639, 0.0, 0.0, 0.0, 0.0, 0.0], [0.0066107395105063915, 0.012693182565271854, 0.005510598421096802, -0.028167985379695892, -0.004138018935918808, -0.01751575991511345, 0.018344944342970848, -0.0041877105832099915, 0.020669475197792053, 0.0008275173604488373, -0.003947407938539982, 0.0006302203983068466, -0.005518484860658646, 0.004315758123993874, -0.0010609384626150131, 0.0, 0.0, 0.0, 0.0, 0.0], [-0.1580500304698944, -0.08314035087823868, -0.028167985379695892, 0.295995831489563, 0.06335955858230591, 0.30914729833602905, 0.031018242239952087, 0.0007842294871807098, 0.02611570805311203, 0.03995479643344879, -0.04115312919020653, 0.044208139181137085, 0.04200257360935211, -0.1665957123041153, -0.0050629498437047005, 0.0, 0.0, 0.0, 0.0, 0.0], [-0.0263337641954422, -0.026783419772982597, -0.004138018935918808, 0.06335955858230591, 0.00976763665676117, 0.05643455684185028, -0.014456911943852901, 0.008592936210334301, -0.010573597624897957, 0.00699528306722641, -0.014022218994796276, 0.016263775527477264, 0.013740092515945435, -0.01967981830239296, -0.008844919502735138, 0.0, 0.0, 0.0, 0.0, 0.0], [0.05828474834561348, 0.09262003749608994, -0.01751575991511345, 0.30914729833602905, 0.05643455684185028, 0.528972327709198, 0.15966792404651642, 0.016333092004060745, 6.65977131575346e-05, 0.01978480815887451, 0.08450791239738464, 0.1141887977719307, 0.08133571594953537, -0.26842185854911804, -0.019447769969701767, 0.04032209515571594, 0.05477909371256828, 0.013714773580431938, 0.025101378560066223, -0.0056986394338309765], [0.1834372580051422, 0.14253053069114685, 0.018344944342970848, 0.031018242239952087, -0.014456911943852901, 0.15966792404651642, 0.13211621344089508, 0.007236313074827194, -0.045684944838285446, -0.010791790671646595, 0.12350329011678696, 0.0860864594578743, 0.013318100944161415, -0.040566906332969666, 0.0004748049541376531, 0.04855766147375107, 0.053498752415180206, -0.024074524641036987, -0.06471312046051025, 0.028476154431700706], [0.009427495300769806, 0.014301151037216187, -0.0041877105832099915, 0.0007842294871807098, 0.008592936210334301, 0.016333092004060745, 0.007236313074827194, 0.013856671750545502, -0.05199902132153511, -0.01217254064977169, -0.091753289103508, -0.02564295381307602, 0.024081528186798096, 0.007314452901482582, -0.011917609721422195, 0.015633821487426758, -0.004742369055747986, -0.003042202442884445, 0.054524000734090805, -0.01925208605825901], [-0.24223804473876953, -0.1451968550682068, 0.020669475197792053, 0.02611570805311203, -0.010573597624897957, 6.65977131575346e-05, -0.045684944838285446, -0.05199902132153511, 0.2841225564479828, 0.029659532010555267, 0.2716987431049347, 0.049657560884952545, -0.020087262615561485, -0.0281472560018301, 0.01714470051229, -0.034265875816345215, 0.03264567255973816, -0.046917855739593506, -0.17001143097877502, 0.04626379907131195], [-0.05709386616945267, -0.039623573422431946, 0.0008275173604488373, 0.03995479643344879, 0.00699528306722641, 0.01978480815887451, -0.010791790671646595, -0.01217254064977169, 0.029659532010555267, 0.01231616735458374, 0.025755509734153748, 0.009870325215160847, -0.018054114654660225, -0.026028979569673538, 0.015697017312049866, -0.02756206877529621, -0.0051492080092430115, 0.007014406379312277, -0.031094418838620186, -0.01030467078089714], [0.04245747625827789, 0.04605952650308609, -0.003947407938539982, -0.04115312919020653, -0.014022218994796276, 0.08450791239738464, 0.12350329011678696, -0.091753289103508, 0.2716987431049347, 0.025755509734153748, 0.5719529986381531, 0.18563228845596313, -0.06172534078359604, 0.038051847368478775, 0.04511932283639908, 0.0015545720234513283, 0.06144162267446518, -0.1066729724407196, -0.2918052673339844, 0.10492147505283356], [0.019001353532075882, 0.028661515563726425, 0.0006302203983068466, 0.044208139181137085, 0.016263775527477264, 0.1141887977719307, 0.0860864594578743, -0.02564295381307602, 0.049657560884952545, 0.009870325215160847, 0.18563228845596313, 0.13208262622356415, 0.02625405043363571, 0.03311391919851303, -0.034328244626522064, 0.1762239784002304, 0.16063503921031952, -0.020145632326602936, -0.013895820826292038, 0.015304213389754295], [-0.000165487639605999, 0.016438540071249008, -0.005518484860658646, 0.04200257360935211, 0.013740092515945435, 0.08133571594953537, 0.013318100944161415, 0.024081528186798096, -0.020087262615561485, -0.018054114654660225, -0.06172534078359604, 0.02625405043363571, 0.019947007298469543, -0.00967244803905487, -0.03405296057462692, 0.08237630873918533, 0.03317929804325104, 0.014768838882446289, 0.049301885068416595, -0.013592476956546307], [0.048955999314785004, -0.02359067276120186, 0.004315758123993874, -0.1665957123041153, -0.01967981830239296, -0.26842185854911804, -0.040566906332969666, 0.007314452901482582, -0.0281472560018301, -0.026028979569673538, 0.038051847368478775, 0.03311391919851303, -0.00967244803905487, 0.27060598134994507, -0.03949772194027901, 0.22564056515693665, 0.13743549585342407, -0.010349772870540619, 0.039981409907341, 0.002086549997329712], [-0.0157738346606493, -0.012001610361039639, -0.0010609384626150131, -0.0050629498437047005, -0.008844919502735138, -0.019447769969701767, 0.0004748049541376531, -0.011917609721422195, 0.01714470051229, 0.015697017312049866, 0.04511932283639908, -0.034328244626522064, -0.03405296057462692, -0.03949772194027901, 0.014913856983184814, -0.0991164892911911, -0.04250958561897278, -0.013645506463944912, -0.04164784401655197, 0.016154274344444275], [0.0, 0.0, 0.0, 0.0, 0.0, 0.04032209515571594, 0.04855766147375107, 0.015633821487426758, -0.034265875816345215, -0.02756206877529621, 0.0015545720234513283, 0.1762239784002304, 0.08237630873918533, 0.22564056515693665, -0.0991164892911911, 0.593293309211731, 0.35342153906822205, 0.03539936617016792, 0.1867029070854187, -0.03260833024978638], [0.0, 0.0, 0.0, 0.0, 0.0, 0.05477909371256828, 0.053498752415180206, -0.004742369055747986, 0.03264567255973816, -0.0051492080092430115, 0.06144162267446518, 0.16063503921031952, 0.03317929804325104, 0.13743549585342407, -0.04250958561897278, 0.35342153906822205, 0.18870848417282104, 0.014948844909667969, 0.08615554869174957, -0.032598912715911865], [0.0, 0.0, 0.0, 0.0, 0.0, 0.013714773580431938, -0.024074524641036987, -0.003042202442884445, -0.046917855739593506, 0.007014406379312277, -0.1066729724407196, -0.020145632326602936, 0.014768838882446289, -0.010349772870540619, -0.013645506463944912, 0.03539936617016792, 0.014948844909667969, 0.043255433440208435, 0.06639859825372696, -0.01548694632947445], [0.0, 0.0, 0.0, 0.0, 0.0, 0.025101378560066223, -0.06471312046051025, 0.054524000734090805, -0.17001143097877502, -0.031094418838620186, -0.2918052673339844, -0.013895820826292038, 0.049301885068416595, 0.039981409907341, -0.04164784401655197, 0.1867029070854187, 0.08615554869174957, 0.06639859825372696, 0.2535974085330963, -0.081130251288414], [0.0, 0.0, 0.0, 0.0, 0.0, -0.0056986394338309765, 0.028476154431700706, -0.01925208605825901, 0.04626379907131195, -0.01030467078089714, 0.10492147505283356, 0.015304213389754295, -0.013592476956546307, 0.002086549997329712, 0.016154274344444275, -0.03260833024978638, -0.032598912715911865, -0.01548694632947445, -0.081130251288414, 0.046798430383205414]], [[0.5570041537284851, 0.35439109802246094, -0.046557534486055374, -0.1453608274459839, -0.011671441607177258, 0.016312120482325554, 0.1738453507423401, -0.08139021694660187, -0.23992450535297394, -0.0189223475754261, 0.0029888437129557133, 0.011661544442176819, -0.009967558085918427, 0.027379797771573067, 0.005353584419935942, 0.0, 0.0, 0.0, 0.0, 0.0], [0.35439109802246094, 0.23830357193946838, -0.010479956865310669, -0.04086359962821007, -0.003944431431591511, 0.09821093082427979, 0.10851442813873291, -0.04507502168416977, -0.13513869047164917, -0.0114532969892025, 0.014705272391438484, 0.028456617146730423, -0.008752753958106041, -0.023228805512189865, 0.0056655509397387505, 0.0, 0.0, 0.0, 0.0, 0.0], [-0.046557534486055374, -0.010479956865310669, 0.01322677731513977, 0.06775590032339096, 0.0035173946525901556, 0.08613969385623932, 0.01448960229754448, 0.015147946774959564, 0.005006175488233566, 0.00571554247289896, -0.006910088937729597, 0.014960192143917084, -0.007200714200735092, -0.017792385071516037, 0.0042919497936964035, 0.0, 0.0, 0.0, 0.0, 0.0], [-0.1453608274459839, -0.04086359962821007, 0.06775590032339096, 0.1923900991678238, 0.010312117636203766, 0.2972569763660431, 0.061806369572877884, 0.03864334151148796, 0.057624876499176025, 0.019869983196258545, -0.02048879861831665, 0.023382555693387985, 0.000221210066229105, -0.0825432613492012, 0.008936280384659767, 0.0, 0.0, 0.0, 0.0, 0.0], [-0.011671441607177258, -0.003944431431591511, 0.0035173946525901556, 0.010312117636203766, -0.0022590309381484985, 0.02603777125477791, 0.0037288805469870567, 0.0023954915814101696, 0.006864722818136215, 0.004148513078689575, -0.006781167350709438, 0.0011705219512805343, -0.0009211638825945556, -0.005848393309861422, -0.0060095712542533875, 0.0, 0.0, 0.0, 0.0, 0.0], [0.016312120482325554, 0.09821093082427979, 0.08613969385623932, 0.2972569763660431, 0.02603777125477791, 0.5771610140800476, 0.20187067985534668, 0.026333555579185486, -0.012957591563463211, 0.01533394306898117, 0.006290804594755173, 0.11132108420133591, -0.009433899074792862, -0.27029162645339966, 0.025482438504695892, 0.0016464823856949806, 0.01394379511475563, -0.001821994548663497, 0.01443263329565525, 0.00816066563129425], [0.1738453507423401, 0.10851442813873291, 0.01448960229754448, 0.061806369572877884, 0.0037288805469870567, 0.20187067985534668, 0.14258983731269836, -0.023372922092676163, -0.021181968972086906, 0.0046424176543951035, 0.11292268335819244, 0.08130444586277008, 0.0055333469063043594, -0.07551002502441406, 0.003907127771526575, 0.01307770051062107, 0.028458982706069946, 0.009652810171246529, -0.02245325595140457, -0.0075509692542254925], [-0.08139021694660187, -0.04507502168416977, 0.015147946774959564, 0.03864334151148796, 0.0023954915814101696, 0.026333555579185486, -0.023372922092676163, 0.013147745281457901, 0.03601788356900215, 0.0003834860399365425, 0.01442236453294754, 0.012374036014080048, 0.01838071271777153, -0.016066059470176697, -0.0041055018082261086, -0.011720496229827404, -0.005659529473632574, -0.006297411397099495, -0.005270599387586117, 0.00044747197534888983], [-0.23992450535297394, -0.13513869047164917, 0.005006175488233566, 0.057624876499176025, 0.006864722818136215, -0.012957591563463211, -0.021181968972086906, 0.03601788356900215, 0.19992400705814362, -0.004698650911450386, 0.2698661684989929, 0.07461197674274445, 0.006525702774524689, -0.038445837795734406, -0.009670983999967575, -0.02016877382993698, 0.021699853241443634, 0.006264827214181423, -0.0688069760799408, -0.011691886000335217], [-0.0189223475754261, -0.0114532969892025, 0.00571554247289896, 0.019869983196258545, 0.004148513078689575, 0.01533394306898117, 0.0046424176543951035, 0.0003834860399365425, -0.004698650911450386, -0.0013749003410339355, -0.026550639420747757, -0.010920682922005653, 0.0018403676804155111, -0.0036989208310842514, 0.017538154497742653, 0.0013818852603435516, -0.0003747614100575447, -0.0019946773536503315, 0.010041192173957825, -0.004313181154429913], [0.0029888437129557133, 0.014705272391438484, -0.006910088937729597, -0.02048879861831665, -0.006781167350709438, 0.006290804594755173, 0.11292268335819244, 0.01442236453294754, 0.2698661684989929, -0.026550639420747757, 0.5915614366531372, 0.20365409553050995, 0.02143959328532219, 0.015005148947238922, -0.03087598830461502, -0.008859889581799507, 0.09292350709438324, 0.04205940663814545, -0.29583367705345154, -0.06701791286468506], [0.011661544442176819, 0.028456617146730423, 0.014960192143917084, 0.023382555693387985, 0.0011705219512805343, 0.11132108420133591, 0.08130444586277008, 0.012374036014080048, 0.07461197674274445, -0.010920682922005653, 0.20365409553050995, 0.1521790474653244, -0.019269617274403572, 0.026091240346431732, 0.007998205721378326, 0.16430383920669556, 0.11996400356292725, 0.009665493853390217, -0.06677499413490295, -0.01373683474957943], [-0.009967558085918427, -0.008752753958106041, -0.007200714200735092, 0.000221210066229105, -0.0009211638825945556, -0.009433899074792862, 0.0055333469063043594, 0.01838071271777153, 0.006525702774524689, 0.0018403676804155111, 0.02143959328532219, -0.019269617274403572, 0.0029945969581604004, -0.012858848087489605, -0.007177736610174179, -0.048403866589069366, -0.02381647191941738, 0.008169427514076233, -0.023301051929593086, -0.004545260686427355], [0.027379797771573067, -0.023228805512189865, -0.017792385071516037, -0.0825432613492012, -0.005848393309861422, -0.27029162645339966, -0.07551002502441406, -0.016066059470176697, -0.038445837795734406, -0.0036989208310842514, 0.015005148947238922, 0.026091240346431732, -0.012858848087489605, 0.20650260150432587, 0.010767162777483463, 0.23769234120845795, 0.14057223498821259, 0.002180377021431923, 0.05360708385705948, 0.005123775452375412], [0.005353584419935942, 0.0056655509397387505, 0.0042919497936964035, 0.008936280384659767, -0.0060095712542533875, 0.025482438504695892, 0.003907127771526575, -0.0041055018082261086, -0.009670983999967575, 0.017538154497742653, -0.03087598830461502, 0.007998205721378326, -0.007177736610174179, 0.010767162777483463, 0.0005516260862350464, 0.06040588766336441, 0.030937988311052322, -0.0057823071256279945, 0.036901459097862244, 0.009437836706638336], [0.0, 0.0, 0.0, 0.0, 0.0, 0.0016464823856949806, 0.01307770051062107, -0.011720496229827404, -0.02016877382993698, 0.0013818852603435516, -0.008859889581799507, 0.16430383920669556, -0.048403866589069366, 0.23769234120845795, 0.06040588766336441, 0.5694437623023987, 0.3635191321372986, -0.022342657670378685, 0.15248322486877441, 0.03518043830990791], [0.0, 0.0, 0.0, 0.0, 0.0, 0.01394379511475563, 0.028458982706069946, -0.005659529473632574, 0.021699853241443634, -0.0003747614100575447, 0.09292350709438324, 0.11996400356292725, -0.02381647191941738, 0.14057223498821259, 0.030937988311052322, 0.3635191321372986, 0.23943279683589935, -0.005276879295706749, 0.037158649414777756, 0.006674000062048435], [0.0, 0.0, 0.0, 0.0, 0.0, -0.001821994548663497, 0.009652810171246529, -0.006297411397099495, 0.006264827214181423, -0.0019946773536503315, 0.04205940663814545, 0.009665493853390217, 0.008169427514076233, 0.002180377021431923, -0.0057823071256279945, -0.022342657670378685, -0.005276879295706749, 0.005364004522562027, -0.03809421882033348, -0.004045937210321426], [0.0, 0.0, 0.0, 0.0, 0.0, 0.01443263329565525, -0.02245325595140457, -0.005270599387586117, -0.0688069760799408, 0.010041192173957825, -0.29583367705345154, -0.06677499413490295, -0.023301051929593086, 0.05360708385705948, 0.036901459097862244, 0.15248322486877441, 0.037158649414777756, -0.03809421882033348, 0.18559706211090088, 0.038385987281799316], [0.0, 0.0, 0.0, 0.0, 0.0, 0.00816066563129425, -0.0075509692542254925, 0.00044747197534888983, -0.011691886000335217, -0.004313181154429913, -0.06701791286468506, -0.01373683474957943, -0.004545260686427355, 0.005123775452375412, 0.009437836706638336, 0.03518043830990791, 0.006674000062048435, -0.004045937210321426, 0.038385987281799316, 0.009703531861305237]], [[0.5724925398826599, 0.3669854998588562, 0.01883365586400032, -0.18101127445697784, -0.059220489114522934, 0.014408845454454422, 0.18352586030960083, 0.03201684728264809, -0.20331934094429016, -0.09532763063907623, 0.05532523989677429, 0.038393229246139526, 0.003440667875111103, 0.04704301431775093, -0.006741626188158989, 0.0, 0.0, 0.0, 0.0, 0.0], [0.3669854998588562, 0.2181398868560791, 0.01210770197212696, -0.09047729521989822, -0.03678265959024429, 0.07728839665651321, 0.14570209383964539, 0.018093138933181763, -0.1215503066778183, -0.054232560098171234, 0.04323528707027435, 0.03263526037335396, -0.0004974799230694771, -0.02477349154651165, -1.780688762664795e-05, 0.0, 0.0, 0.0, 0.0, 0.0], [0.01883365586400032, 0.01210770197212696, 0.027225613594055176, -0.03522308170795441, -0.009738916531205177, -0.03793463483452797, -0.0005961190909147263, 0.006537638604640961, -0.0011624163016676903, -0.004300498403608799, 0.006913479883223772, -0.010333921760320663, -0.008939027786254883, 0.02116766944527626, -0.0006250744336284697, 0.0, 0.0, 0.0, 0.0, 0.0], [-0.18101127445697784, -0.09047729521989822, -0.03522308170795441, 0.2587305009365082, 0.10545672476291656, 0.267524391412735, 0.025320544838905334, -0.02152162417769432, 0.02651209384202957, 0.05811457335948944, -0.055302541702985764, 0.05079154670238495, -0.010594716295599937, -0.17990782856941223, 0.01920139044523239, 0.0, 0.0, 0.0, 0.0, 0.0], [-0.059220489114522934, -0.03678265959024429, -0.009738916531205177, 0.10545672476291656, 0.05548801273107529, 0.1142486035823822, 0.0028442302718758583, -0.005350023042410612, 0.004182472825050354, 0.01934022456407547, -0.021128138527274132, 0.029986359179019928, -0.002300787018612027, -0.06486043334007263, -0.006912805140018463, 0.0, 0.0, 0.0, 0.0, 0.0], [0.014408845454454422, 0.07728839665651321, -0.03793463483452797, 0.267524391412735, 0.1142486035823822, 0.5189417600631714, 0.18629631400108337, -0.015623167157173157, -0.024917423725128174, 0.0400504544377327, 0.14218808710575104, 0.13195747137069702, -0.015539023093879223, -0.31858018040657043, 0.024517741054296494, 0.04574301093816757, 0.03553792089223862, -0.004813481122255325, 0.04721662402153015, 0.015117236413061619], [0.18352586030960083, 0.14570209383964539, -0.0005961190909147263, 0.025320544838905334, 0.0028442302718758583, 0.18629631400108337, 0.12865695357322693, 0.00719472486525774, -0.026750363409519196, -0.020489826798439026, 0.1274048238992691, 0.09040078520774841, -0.004363995045423508, -0.06177649646997452, 0.00835958682000637, 0.021890945732593536, 0.02446240372955799, 0.0030717949848622084, -0.04254917800426483, -0.010243833065032959], [0.03201684728264809, 0.018093138933181763, 0.006537638604640961, -0.02152162417769432, -0.005350023042410612, -0.015623167157173157, 0.00719472486525774, -0.002605423331260681, -0.007261338643729687, -0.009041917510330677, 0.01395615004003048, -0.0007570405141450465, 0.01904623955488205, 0.00816208403557539, -0.005414473824203014, 0.0029808012768626213, 0.004339779727160931, -0.006469849497079849, -0.007986568845808506, -0.0008022414986044168], [-0.20331934094429016, -0.1215503066778183, -0.0011624163016676903, 0.02651209384202957, 0.004182472825050354, -0.024917423725128174, -0.026750363409519196, -0.007261338643729687, 0.2577756941318512, 0.03296293318271637, 0.31569382548332214, 0.05626358836889267, 0.0006488948129117489, 0.006741843186318874, -0.002172458916902542, -0.04361618682742119, 0.025170715525746346, 0.0060583362355828285, -0.17095671594142914, -0.02438708394765854], [-0.09532763063907623, -0.054232560098171234, -0.004300498403608799, 0.05811457335948944, 0.01934022456407547, 0.0400504544377327, -0.020489826798439026, -0.009041917510330677, 0.03296293318271637, 0.019779838621616364, -0.020483922213315964, 0.004960259888321161, -0.005785799585282803, -0.02212800458073616, 0.031025826930999756, -0.0102060716599226, -0.01019436214119196, -9.778584353625774e-05, 0.012544412165880203, -0.005754198879003525], [0.05532523989677429, 0.04323528707027435, 0.006913479883223772, -0.055302541702985764, -0.021128138527274132, 0.14218808710575104, 0.1274048238992691, 0.01395615004003048, 0.31569382548332214, -0.020483922213315964, 0.5044446587562561, 0.1798226237297058, 0.00725136324763298, 0.010303877294063568, -0.01851772516965866, 0.02513132430613041, 0.09382231533527374, 0.013132505118846893, -0.2676500380039215, -0.04832254350185394], [0.038393229246139526, 0.03263526037335396, -0.010333921760320663, 0.05079154670238495, 0.029986359179019928, 0.13195747137069702, 0.09040078520774841, -0.0007570405141450465, 0.05626358836889267, 0.004960259888321161, 0.1798226237297058, 0.14553740620613098, 0.002147828694432974, 0.03696031868457794, -0.0038137799128890038, 0.1844620257616043, 0.15612512826919556, 0.0062809293158352375, -0.030396630987524986, -0.01821521669626236], [0.003440667875111103, -0.0004974799230694771, -0.008939027786254883, -0.010594716295599937, -0.002300787018612027, -0.015539023093879223, -0.004363995045423508, 0.01904623955488205, 0.0006488948129117489, -0.005785799585282803, 0.00725136324763298, 0.002147828694432974, 0.002944745123386383, 0.002525273710489273, -0.0019991202279925346, -0.009631803259253502, -0.001968342810869217, 0.0032674819231033325, -0.0036691520363092422, 0.0014244517078623176], [0.04704301431775093, -0.02477349154651165, 0.02116766944527626, -0.17990782856941223, -0.06486043334007263, -0.31858018040657043, -0.06177649646997452, 0.00816208403557539, 0.006741843186318874, -0.02212800458073616, 0.010303877294063568, 0.03696031868457794, 0.002525273710489273, 0.2656344771385193, 0.0068928562104702, 0.20678092539310455, 0.13617081940174103, -0.0063566830940544605, 0.02051689475774765, 0.01766354590654373], [-0.006741626188158989, -1.780688762664795e-05, -0.0006250744336284697, 0.01920139044523239, -0.006912805140018463, 0.024517741054296494, 0.00835958682000637, -0.005414473824203014, -0.002172458916902542, 0.031025826930999756, -0.01851772516965866, -0.0038137799128890038, -0.0019991202279925346, 0.0068928562104702, 0.007764741778373718, 0.03589358180761337, 0.012075860053300858, 0.0012838972033932805, 0.010363265872001648, 0.001003064215183258], [0.0, 0.0, 0.0, 0.0, 0.0, 0.04574301093816757, 0.021890945732593536, 0.0029808012768626213, -0.04361618682742119, -0.0102060716599226, 0.02513132430613041, 0.1844620257616043, -0.009631803259253502, 0.20678092539310455, 0.03589358180761337, 0.5387487411499023, 0.3772446811199188, -0.006335231475532055, 0.1686427742242813, 0.025342755019664764], [0.0, 0.0, 0.0, 0.0, 0.0, 0.03553792089223862, 0.02446240372955799, 0.004339779727160931, 0.025170715525746346, -0.01019436214119196, 0.09382231533527374, 0.15612512826919556, -0.001968342810869217, 0.13617081940174103, 0.012075860053300858, 0.3772446811199188, 0.24494539201259613, -0.001755337230861187, 0.09055585414171219, 0.009203378111124039], [0.0, 0.0, 0.0, 0.0, 0.0, -0.004813481122255325, 0.0030717949848622084, -0.006469849497079849, 0.0060583362355828285, -9.778584353625774e-05, 0.013132505118846893, 0.0062809293158352375, 0.0032674819231033325, -0.0063566830940544605, 0.0012838972033932805, -0.006335231475532055, -0.001755337230861187, 0.013499073684215546, -0.005612342618405819, 0.0001529055880382657], [0.0, 0.0, 0.0, 0.0, 0.0, 0.04721662402153015, -0.04254917800426483, -0.007986568845808506, -0.17095671594142914, 0.012544412165880203, -0.2676500380039215, -0.030396630987524986, -0.0036691520363092422, 0.02051689475774765, 0.010363265872001648, 0.1686427742242813, 0.09055585414171219, -0.005612342618405819, 0.29471904039382935, 0.029073748737573624], [0.0, 0.0, 0.0, 0.0, 0.0, 0.015117236413061619, -0.010243833065032959, -0.0008022414986044168, -0.02438708394765854, -0.005754198879003525, -0.04832254350185394, -0.01821521669626236, 0.0014244517078623176, 0.01766354590654373, 0.001003064215183258, 0.025342755019664764, 0.009203378111124039, 0.0001529055880382657, 0.029073748737573624, 0.014726892113685608]], [[0.5324277877807617, 0.34215980768203735, 0.018491555005311966, -0.16833728551864624, 0.012151345610618591, 0.08547168225049973, 0.20309780538082123, 0.026043489575386047, -0.24998323619365692, 0.007437566295266151, 0.07246129959821701, 0.024081243202090263, 0.011242412030696869, 0.059118207544088364, 0.005208395421504974, 0.0, 0.0, 0.0, 0.0, 0.0], [0.34215980768203735, 0.24143584072589874, 0.01601041667163372, -0.10773995518684387, 0.013142207637429237, 0.09519614279270172, 0.10324355959892273, 0.026119451969861984, -0.12931838631629944, 0.01404685340821743, 0.04322289675474167, 0.005866385996341705, 0.007859034463763237, -0.019352532923221588, 0.019637109711766243, 0.0, 0.0, 0.0, 0.0, 0.0], [0.018491555005311966, 0.01601041667163372, -0.003617390990257263, -0.04435715079307556, -0.0007910090498626232, -0.02743210271000862, 0.017433641478419304, 0.006969235837459564, 0.0005083391442894936, -0.000996207119897008, 0.00782478041946888, -0.00675148144364357, -0.0045485720038414, 0.01736169308423996, -0.008775221183896065, 0.0, 0.0, 0.0, 0.0, 0.0], [-0.16833728551864624, -0.10773995518684387, -0.04435715079307556, 0.3392435908317566, -0.025325965136289597, 0.3030758500099182, 0.017229020595550537, -0.03680062294006348, 0.06809026747941971, -0.012033449485898018, -0.06379958987236023, 0.04680347442626953, -0.011572076939046383, -0.22414980828762054, 0.02086806483566761, 0.0, 0.0, 0.0, 0.0, 0.0], [0.012151345610618591, 0.013142207637429237, -0.0007910090498626232, -0.025325965136289597, -0.009164437651634216, -0.007768890354782343, 0.02334688976407051, -0.001390251680277288, 0.015583362430334091, -0.0024290308356285095, -0.0035233907401561737, 0.010285483673214912, 0.002558432286605239, 0.006143858656287193, -0.008662179112434387, 0.0, 0.0, 0.0, 0.0, 0.0], [0.08547168225049973, 0.09519614279270172, -0.02743210271000862, 0.3030758500099182, -0.007768890354782343, 0.48166370391845703, 0.17979782819747925, -0.016692044213414192, -0.004279067739844322, 0.0028882697224617004, 0.12527453899383545, 0.12160544842481613, -0.008462080731987953, -0.29491469264030457, 0.04781543090939522, 0.03259925916790962, 0.03527052327990532, 0.0019496842287480831, 0.03364637866616249, 0.013061858713626862], [0.20309780538082123, 0.10324355959892273, 0.017433641478419304, 0.017229020595550537, 0.02334688976407051, 0.17979782819747925, 0.10995584726333618, 0.016764305531978607, -0.03430572524666786, 0.018691303208470345, 0.12548120319843292, 0.07816075533628464, -0.007114597130566835, -0.054111599922180176, -0.0023027798160910606, 0.03642063960433006, 0.04333566874265671, -0.012030387297272682, -0.04700453206896782, -0.020512152463197708], [0.026043489575386047, 0.026119451969861984, 0.006969235837459564, -0.03680062294006348, -0.001390251680277288, -0.016692044213414192, 0.016764305531978607, 0.00589028000831604, -0.010557642206549644, 0.002084502950310707, 0.005386609584093094, -0.0045235780999064445, 0.02210252732038498, 0.013102417811751366, 0.007751490920782089, 0.010901530273258686, 0.0034998636692762375, -0.009554754942655563, 0.0014392351731657982, -0.0037105430383235216], [-0.24998323619365692, -0.12931838631629944, 0.0005083391442894936, 0.06809026747941971, 0.015583362430334091, -0.004279067739844322, -0.03430572524666786, -0.010557642206549644, 0.2683457136154175, -0.030065903440117836, 0.30563992261886597, 0.046374134719371796, -0.0063591692596673965, -0.0017621954903006554, -0.018588624894618988, -0.03523724526166916, 0.026577472686767578, -0.018750805407762527, -0.14363910257816315, -0.037318650633096695], [0.007437566295266151, 0.01404685340821743, -0.000996207119897008, -0.012033449485898018, -0.0024290308356285095, 0.0028882697224617004, 0.018691303208470345, 0.002084502950310707, -0.030065903440117836, 0.007985085248947144, -0.04981350898742676, -0.01821039989590645, 0.0029269992373883724, 0.004479840397834778, 0.03380657359957695, 0.012667080387473106, -0.0007206723093986511, 0.004982439801096916, 0.030201412737369537, -0.0039053447544574738], [0.07246129959821701, 0.04322289675474167, 0.00782478041946888, -0.06379958987236023, -0.0035233907401561737, 0.12527453899383545, 0.12548120319843292, 0.005386609584093094, 0.30563992261886597, -0.04981350898742676, 0.5334696173667908, 0.16179674863815308, -0.014105092734098434, 0.02206779271364212, -0.049275048077106476, -0.015099428594112396, 0.07373297214508057, -0.043019697070121765, -0.2602229416370392, -0.09292855858802795], [0.024081243202090263, 0.005866385996341705, -0.00675148144364357, 0.04680347442626953, 0.010285483673214912, 0.12160544842481613, 0.07816075533628464, -0.0045235780999064445, 0.046374134719371796, -0.01821039989590645, 0.16179674863815308, 0.1513693928718567, 0.008355250582098961, 0.0399569608271122, 0.011043872684240341, 0.16861198842525482, 0.168121799826622, -0.003101947018876672, -0.028982317075133324, -0.011327240616083145], [0.011242412030696869, 0.007859034463763237, -0.0045485720038414, -0.011572076939046383, 0.002558432286605239, -0.008462080731987953, -0.007114597130566835, 0.02210252732038498, -0.0063591692596673965, 0.0029269992373883724, -0.014105092734098434, 0.008355250582098961, -0.0010795220732688904, 0.022001737728714943, 0.012797676026821136, 0.04656212404370308, 0.02220691181719303, 0.009075760841369629, 0.01715034991502762, 0.002426360733807087], [0.059118207544088364, -0.019352532923221588, 0.01736169308423996, -0.22414980828762054, 0.006143858656287193, -0.29491469264030457, -0.054111599922180176, 0.013102417811751366, -0.0017621954903006554, 0.004479840397834778, 0.02206779271364212, 0.0399569608271122, 0.022001737728714943, 0.27273109555244446, 0.005624829791486263, 0.1934448480606079, 0.1393396109342575, -0.004682326689362526, 0.005595363676548004, -0.009787751361727715], [0.005208395421504974, 0.019637109711766243, -0.008775221183896065, 0.02086806483566761, -0.008662179112434387, 0.04781543090939522, -0.0023027798160910606, 0.007751490920782089, -0.018588624894618988, 0.03380657359957695, -0.049275048077106476, 0.011043872684240341, 0.012797676026821136, 0.005624829791486263, 0.021229177713394165, 0.08701638132333755, 0.03561360388994217, 0.00566633976995945, 0.043884530663490295, 0.013680897653102875], [0.0, 0.0, 0.0, 0.0, 0.0, 0.03259925916790962, 0.03642063960433006, 0.010901530273258686, -0.03523724526166916, 0.012667080387473106, -0.015099428594112396, 0.16861198842525482, 0.04656212404370308, 0.1934448480606079, 0.08701638132333755, 0.5835674405097961, 0.3866198658943176, 0.01662573032081127, 0.18026530742645264, 0.037173330783843994], [0.0, 0.0, 0.0, 0.0, 0.0, 0.03527052327990532, 0.04333566874265671, 0.0034998636692762375, 0.026577472686767578, -0.0007206723093986511, 0.07373297214508057, 0.168121799826622, 0.02220691181719303, 0.1393396109342575, 0.03561360388994217, 0.3866198658943176, 0.22535400092601776, 0.01775788515806198, 0.07901323586702347, 0.02541346102952957], [0.0, 0.0, 0.0, 0.0, 0.0, 0.0019496842287480831, -0.012030387297272682, -0.009554754942655563, -0.018750805407762527, 0.004982439801096916, -0.043019697070121765, -0.003101947018876672, 0.009075760841369629, -0.004682326689362526, 0.00566633976995945, 0.01662573032081127, 0.01775788515806198, 0.03487282991409302, 0.039385151118040085, 0.005076896864920855], [0.0, 0.0, 0.0, 0.0, 0.0, 0.03364637866616249, -0.04700453206896782, 0.0014392351731657982, -0.14363910257816315, 0.030201412737369537, -0.2602229416370392, -0.028982317075133324, 0.01715034991502762, 0.005595363676548004, 0.043884530663490295, 0.18026530742645264, 0.07901323586702347, 0.039385151118040085, 0.24780046939849854, 0.06593132019042969], [0.0, 0.0, 0.0, 0.0, 0.0, 0.013061858713626862, -0.020512152463197708, -0.0037105430383235216, -0.037318650633096695, -0.0039053447544574738, -0.09292855858802795, -0.011327240616083145, 0.002426360733807087, -0.009787751361727715, 0.013680897653102875, 0.037173330783843994, 0.02541346102952957, 0.005076896864920855, 0.06593132019042969, 0.04001694172620773]], [[0.5562852621078491, 0.3487914502620697, 0.042572811245918274, -0.17603373527526855, -0.03442889079451561, 0.016996515914797783, 0.18367935717105865, 0.07517015188932419, -0.23985254764556885, -0.08416418731212616, 0.03553386405110359, 0.03676961362361908, -0.00038398057222366333, 0.0387139618396759, -0.02397068962454796, 0.0, 0.0, 0.0, 0.0, 0.0], [0.3487914502620697, 0.1930215209722519, 0.016307977959513664, -0.06838293373584747, -0.021210109815001488, 0.07850275188684464, 0.1539224535226822, 0.043208345770835876, -0.12394004315137863, -0.04295739531517029, 0.05539517104625702, 0.05567412078380585, -0.00886411964893341, -0.03093031607568264, -0.011205147951841354, 0.0, 0.0, 0.0, 0.0, 0.0], [0.042572811245918274, 0.016307977959513664, 0.04305589199066162, -0.08140228688716888, -0.020942406728863716, -0.10999344289302826, -0.01741046831011772, 0.01527123898267746, -0.008038882166147232, -0.020110972225666046, 0.015025511384010315, -0.020671894773840904, -0.005035609006881714, 0.04451929032802582, 0.005554386414587498, 0.0, 0.0, 0.0, 0.0, 0.0], [-0.17603373527526855, -0.06838293373584747, -0.08140228688716888, 0.23239997029304504, 0.0798088014125824, 0.30665358901023865, 0.030503660440444946, -0.06837569922208786, 0.06553955376148224, 0.04393967241048813, -0.027170401066541672, 0.05041838809847832, -0.0599357932806015, -0.16261525452136993, 0.025234313681721687, 0.0, 0.0, 0.0, 0.0, 0.0], [-0.03442889079451561, -0.021210109815001488, -0.020942406728863716, 0.0798088014125824, 0.038889236748218536, 0.08834619075059891, 0.014169333502650261, -0.014894597232341766, 0.016177671030163765, 0.0099734365940094, -0.006335061509162188, 0.02609310857951641, -0.023489251732826233, -0.03213353082537651, -0.01480952650308609, 0.0, 0.0, 0.0, 0.0, 0.0], [0.016996515914797783, 0.07850275188684464, -0.10999344289302826, 0.30665358901023865, 0.08834619075059891, 0.59501713514328, 0.2296106219291687, -0.061521016061306, -0.03403768688440323, 0.03905262053012848, 0.008242538198828697, 0.12233668565750122, -0.11129125207662582, -0.24915847182273865, 0.02049601823091507, 0.004041400738060474, 0.03230710327625275, -0.012825001031160355, 0.012889105826616287, -0.003246896667405963], [0.18367935717105865, 0.1539224535226822, -0.01741046831011772, 0.030503660440444946, 0.014169333502650261, 0.2296106219291687, 0.13874249160289764, 0.029802659526467323, -0.020090686157345772, -0.03612825646996498, 0.1229204535484314, 0.0977693572640419, -0.02414729632437229, -0.0637296810746193, 0.005121815484017134, 0.013104214332997799, 0.03653808683156967, 0.0018318668007850647, -0.03177129849791527, 0.014396531507372856], [0.07517015188932419, 0.043208345770835876, 0.01527123898267746, -0.06837569922208786, -0.014894597232341766, -0.061521016061306, 0.029802659526467323, 0.016245201230049133, 0.01001568790525198, -0.02049686759710312, 0.0948026180267334, 0.028644179925322533, 0.01692785508930683, 0.013359428383409977, -0.013624805957078934, 0.004213135689496994, 0.010745830833911896, -3.7785619497299194e-05, -0.04434055835008621, 0.005579080432653427], [-0.23985254764556885, -0.12394004315137863, -0.008038882166147232, 0.06553955376148224, 0.016177671030163765, -0.03403768688440323, -0.020090686157345772, 0.01001568790525198, 0.23933258652687073, 0.04420383647084236, 0.25549817085266113, 0.045588284730911255, -0.0011397022753953934, -0.031645163893699646, 0.012022987008094788, -0.02302304469048977, 0.029740771278738976, 0.013452641665935516, -0.09711024165153503, 0.005862381309270859], [-0.08416418731212616, -0.04295739531517029, -0.020110972225666046, 0.04393967241048813, 0.0099734365940094, 0.03905262053012848, -0.03612825646996498, -0.02049686759710312, 0.04420383647084236, 0.0030475929379463196, -0.012583144009113312, -0.0034410604275763035, -0.00354607030749321, -0.01113804429769516, -0.00034162960946559906, -0.017193445935845375, -0.0077122291550040245, -0.0019881543703377247, 0.004308490548282862, -0.008758815005421638], [0.03553386405110359, 0.05539517104625702, 0.015025511384010315, -0.027170401066541672, -0.006335061509162188, 0.008242538198828697, 0.1229204535484314, 0.0948026180267334, 0.25549817085266113, -0.012583144009113312, 0.6146059036254883, 0.19359877705574036, 0.054016292095184326, 0.011254847049713135, 0.010317858308553696, -0.01598665490746498, 0.07864781469106674, 0.051189124584198, -0.33174753189086914, 0.040156081318855286], [0.03676961362361908, 0.05567412078380585, -0.020671894773840904, 0.05041838809847832, 0.02609310857951641, 0.12233668565750122, 0.0977693572640419, 0.028644179925322533, 0.045588284730911255, -0.0034410604275763035, 0.19359877705574036, 0.17437949776649475, -0.0033254381269216537, 0.030544737353920937, -0.006877321749925613, 0.16450729966163635, 0.1702185720205307, 0.01906730607151985, -0.07206421345472336, 0.005869939923286438], [-0.00038398057222366333, -0.00886411964893341, -0.005035609006881714, -0.0599357932806015, -0.023489251732826233, -0.11129125207662582, -0.02414729632437229, 0.01692785508930683, -0.0011397022753953934, -0.00354607030749321, 0.054016292095184326, -0.0033254381269216537, 0.011862330138683319, 0.04061587154865265, -0.004099467769265175, -0.04934585839509964, -0.011450616642832756, -0.0008256882429122925, -0.036212895065546036, 0.010394161567091942], [0.0387139618396759, -0.03093031607568264, 0.04451929032802582, -0.16261525452136993, -0.03213353082537651, -0.24915847182273865, -0.0637296810746193, 0.013359428383409977, -0.031645163893699646, -0.01113804429769516, 0.011254847049713135, 0.030544737353920937, 0.04061587154865265, 0.27033811807632446, -0.024947039783000946, 0.24531176686286926, 0.15301676094532013, -0.014357272535562515, 0.03152274340391159, -0.0016198428347706795], [-0.02397068962454796, -0.011205147951841354, 0.005554386414587498, 0.025234313681721687, -0.01480952650308609, 0.02049601823091507, 0.005121815484017134, -0.013624805957078934, 0.012022987008094788, -0.00034162960946559906, 0.010317858308553696, -0.006877321749925613, -0.004099467769265175, -0.024947039783000946, -0.009337827563285828, -0.050361692905426025, -0.027228184044361115, 0.00042534898966550827, -0.01781589910387993, 0.00017518550157546997], [0.0, 0.0, 0.0, 0.0, 0.0, 0.004041400738060474, 0.013104214332997799, 0.004213135689496994, -0.02302304469048977, -0.017193445935845375, -0.01598665490746498, 0.16450729966163635, -0.04934585839509964, 0.24531176686286926, -0.050361692905426025, 0.5499937534332275, 0.3930884599685669, -0.026863930746912956, 0.16906826198101044, -0.01087068673223257], [0.0, 0.0, 0.0, 0.0, 0.0, 0.03230710327625275, 0.03653808683156967, 0.010745830833911896, 0.029740771278738976, -0.0077122291550040245, 0.07864781469106674, 0.1702185720205307, -0.011450616642832756, 0.15301676094532013, -0.027228184044361115, 0.3930884599685669, 0.23797015845775604, -0.010839967988431454, 0.05020364373922348, -0.015590173192322254], [0.0, 0.0, 0.0, 0.0, 0.0, -0.012825001031160355, 0.0018318668007850647, -3.7785619497299194e-05, 0.013452641665935516, -0.0019881543703377247, 0.051189124584198, 0.01906730607151985, -0.0008256882429122925, -0.014357272535562515, 0.00042534898966550827, -0.026863930746912956, -0.010839967988431454, 0.02445666491985321, -0.01356339268386364, -0.00010791327804327011], [0.0, 0.0, 0.0, 0.0, 0.0, 0.012889105826616287, -0.03177129849791527, -0.04434055835008621, -0.09711024165153503, 0.004308490548282862, -0.33174753189086914, -0.07206421345472336, -0.036212895065546036, 0.03152274340391159, -0.01781589910387993, 0.16906826198101044, 0.05020364373922348, -0.01356339268386364, 0.23361915349960327, -0.04310514032840729], [0.0, 0.0, 0.0, 0.0, 0.0, -0.003246896667405963, 0.014396531507372856, 0.005579080432653427, 0.005862381309270859, -0.008758815005421638, 0.040156081318855286, 0.005869939923286438, 0.010394161567091942, -0.0016198428347706795, 0.00017518550157546997, -0.01087068673223257, -0.015590173192322254, -0.00010791327804327011, -0.04310514032840729, 0.02196458727121353]], [[0.5412515997886658, 0.35473909974098206, -0.019314570352435112, -0.15955916047096252, 0.034371886402368546, 0.07467070966959, 