{
    "HF": -2.1540559023861103,
    "coordinates": [
        [
            0.827312,
            0.149451,
            0.058101
        ],
        [
            1.537884,
            0.038546,
            -0.138943
        ],
        [
            2.331215,
            -0.13244,
            -0.030325
        ],
        [
            2.9716,
            -0.13698,
            -0.100725
        ]
    ],
    "elements": [
        "H",
        "H",
        "H",
        "H"
    ],
    "Enn": 3.1327833269532235,
    "S": [
        [
            0.9999999999999999,
            0.6848602514927513,
            0.0,
            0.0,
            0.0,
            0.5661397596895277,
            0.5638601404536154,
            0.14169676186342428,
            -0.5109810573821942,
            0.07975314840575234,
            0.11540261977363298,
            0.30153880262824817,
            0.008801009345165318,
            -0.14968294797030463,
            0.028056514207563346,
            0.016402309750419126,
            0.1327443871684226,
            0.0014756815821627852,
            -0.019922974251398856,
            0.0026612831101990152
        ],
        [
            0.6848602514927513,
            1.0000000000000002,
            0.0,
            0.0,
            0.0,
            0.5638601404536154,
            0.8859234852317565,
            0.04357387258314828,
            -0.1571343141082847,
            0.02452528541256804,
            0.30153880262824817,
            0.5994782419167892,
            0.010017201614110233,
            -0.17036730779482526,
            0.031933582658982045,
            0.1327443871684226,
            0.3588088012565376,
            0.007470180685259979,
            -0.10085388287330024,
            0.013471920994419692
        ],
        [
            0.0,
            0.0,
            1.0000000000000004,
            0.0,
            0.0,
            -0.14169676186342423,
            -0.043573872583148265,
            0.43690769985804506,
            0.17661867858998267,
            -0.027566375467963887,
            -0.008801009345165317,
            -0.010017201614110221,
            0.04643456548840794,
            0.016363648683870965,
            -0.003067196016727854,
            -0.0014756815821627854,
            -0.007470180685259979,
            0.0020797243114370457,
            0.0019676991531865917,
            -0.0002628425081641965
        ],
        [
            0.0,
            0.0,
            0.0,
            1.0000000000000004,
            0.0,
            0.5109810573821942,
            0.1571343141082845,
            0.17661867858998279,
            -0.15103039065317903,
            0.09940873383113437,
            0.14968294797030457,
            0.17036730779482512,
            0.016363648683870958,
            -0.2309076388083898,
            0.0521652601174436,
            0.019922974251398856,
            0.10085388287329998,
            0.0019676991531865904,
            -0.024340165372481192,
            0.0035486005826904175
        ],
        [
            0.0,
            0.0,
            0.0,
            0.0,
            1.0000000000000004,
            -0.07975314840575232,
            -0.02452528541256806,
            -0.02756637546796388,
            0.09940873383113427,
            0.47036908769564995,
            -0.028056514207563343,
            -0.031933582658982024,
            -0.003067196016727854,
            0.05216526011744362,
            0.037618873690967336,
            -0.002661283110199015,
            -0.013471920994419687,
            -0.00026284250816419643,
            0.003548600582690419,
            0.0017514533759113203
        ],
        [
            0.5661397596895277,
            0.5638601404536154,
            -0.14169676186342428,
            0.5109810573821942,
            -0.07975314840575234,
            0.9999999999999999,
            0.6848602514927513,
            0.0,
            0.0,
            0.0,
            0.5081358214933559,
            0.541767717985205,
            -0.06812292699977236,
            -0.49756053140047135,
            0.10723882594029602,
            0.1442413388160625,
            0.3302964162442631,
            -0.0049938725242246835,
            -0.18734091108748005,
            0.022935644688028185
        ],
        [
            0.5638601404536154,
            0.8859234852317565,
            -0.04357387258314828,
            0.1571343141082847,
            -0.02452528541256802,
            0.6848602514927513,
            1.0000000000000002,
            0.0,
            0.0,
            0.0,
            0.541767717985205,
            0.8641245802719838,
            -0.023016253262298017,
            -0.16810756243746153,
            0.03623208934345401,
            0.3302964162442631,
            0.6345759260963805,
            -0.004772578705189151,
            -0.17903926031945605,
            0.02191929587647262
        ],
        [
            0.14169676186342423,
            0.04357387258314827,
            0.43690769985804506,
            0.17661867858998279,
            -0.02756637546796388,
            0.0,
            0.0,
            1.0000000000000004,
            0.0,
            0.0,
            0.06812292699977236,
            0.023016253262298017,
            0.4060199876898862,
            -0.09370135148711319,
            0.02019537782511403,
            0.0049938725242246835,
            0.00477257870518915,
            0.06627450829092629,
            -0.009463672902616002,
            0.0011586120611784875
        ],
        [
            -0.5109810573821942,
            -0.15713431410828468,
            0.17661867858998267,
            -0.15103039065317903,
            0.09940873383113427,
            0.0,
            0.0,
            0.0,
            1.0000000000000004,
            0.0,
            0.4975605314004711,
            0.16810756243746114,
            -0.09370135148711319,
            -0.265532841361642,
            0.14750427447914283,
            0.18734091108748,
            0.17903926031945597,
            -0.009463672902616009,
            -0.28849492045888214,
            0.043464353181866554
        ],
        [
            0.07975314840575234,
            0.024525285412568036,
            -0.027566375467963887,
            0.09940873383113437,
            0.47036908769564995,
            0.0,
            0.0,
            0.0,
            0.0,
            1.0000000000000004,
            -0.10723882594029605,
            -0.036232089343454024,
            0.020195377825114037,
            0.14750427447914288,
            0.3870575212285183,
            -0.022935644688028188,
            -0.02191929587647263,
            0.0011586120611784888,
            0.043464353181866575,
            0.061205553626538
        ],
        [
            0.11540261977363298,
            0.30153880262824817,
            -0.008801009345165318,
            0.14968294797030463,
            -0.028056514207563346,
            0.5081358214933559,
            0.541767717985205,
            0.06812292699977236,
            0.4975605314004714,
            -0.10723882594029602,
            0.9999999999999999,
            0.6848602514927513,
            0.0,
            0.0,
            0.0,
            0.6486452401027705,
            0.5923392326837048,
            0.060096842241729405,
            -0.5466635840762766,
            0.0038755634059296938
        ],
        [
            0.30153880262824817,
            0.5994782419167892,
            -0.01001720161411023,
            0.17036730779482526,
            -0.031933582658982045,
            0.541767717985205,
            0.8641245802719838,
            0.02301625326229802,
            0.16810756243746117,
            -0.03623208934345401,
            0.6848602514927513,
            1.0000000000000002,
            0.0,
            0.0,
            0.0,
            0.5923392326837048,
            0.9135504354371569,
            0.016408746884664774,
            -0.14926016155875027,
            0.0010581777110280836
        ],
        [
            0.008801009345165317,
            0.010017201614110224,
            0.04643456548840794,
            0.016363648683870958,
            -0.003067196016727854,
            -0.06812292699977236,
            -0.023016253262298024,
            0.4060199876898862,
            -0.09370135148711319,
            0.02019537782511403,
            0.0,
            0.0,
            1.0000000000000004,
            0.0,
            0.0,
            -0.0600968422417294,
            -0.016408746884664767,
            0.5759438760648197,
            0.06828895250209693,
            -0.0004841335202409771
        ],
        [
            -0.14968294797030463,
            -0.17036730779482503,
            0.016363648683870965,
            -0.23090763880838985,
            0.05216526011744362,
            -0.497560531400471,
            -0.1681075624374608,
            -0.09370135148711319,
            -0.265532841361642,
            0.14750427447914283,
            0.0,
            0.0,
            0.0,
            1.0000000000000004,
            0.0,
            0.5466635840762766,
            0.14926016155875102,
            0.06828895250209681,
            -0.03773096957023474,
            0.004403861425561335
        ],
        [
            0.028056514207563343,
            0.031933582658982024,
            -0.003067196016727854,
            0.0521652601174436,
            0.037618873690967336,
            0.10723882594029605,
            0.036232089343454024,
            0.020195377825114037,
            0.14750427447914288,
            0.3870575212285183,
            0.0,
            0.0,
            0.0,
            0.0,
            1.0000000000000004,
            -0.0038755634059296938,
            -0.0010581777110280836,
            -0.000484133520240977,
            0.004403861425561341,
            0.5834199236381945
        ],
        [
            0.016402309750419126,
            0.1327443871684226,
            -0.0014756815821627852,
            0.01992297425139886,
            -0.0026612831101990152,
            0.1442413388160625,
            0.3302964162442631,
            0.0049938725242246835,
            0.18734091108748005,
            -0.022935644688028185,
            0.6486452401027705,
            0.5923392326837048,
            -0.0600968422417294,
            0.5466635840762766,
            -0.0038755634059296938,
            0.9999999999999999,
            0.6848602514927513,
            0.0,
            0.0,
            0.0
        ],
        [
            0.1327443871684226,
            0.3588088012565376,
            -0.007470180685259979,
            0.10085388287330016,
            -0.013471920994419692,
            0.3302964162442631,
            0.6345759260963805,
            0.004772578705189151,
            0.17903926031945605,
            -0.02191929587647262,
            0.5923392326837048,
            0.9135504354371569,
            -0.016408746884664767,
            0.14926016155875105,
            -0.0010581777110280836,
            0.6848602514927513,
            1.0000000000000002,
            0.0,
            0.0,
            0.0
        ],
        [
            0.0014756815821627854,
            0.007470180685259977,
            0.0020797243114370457,
            0.0019676991531865917,
            -0.0002628425081641965,
            -0.0049938725242246835,
            -0.00477257870518915,
            0.06627450829092629,
            -0.009463672902616009,
            0.0011586120611784883,
            0.060096842241729405,
            0.016408746884664774,
            0.5759438760648197,
            0.06828895250209684,
            -0.0004841335202409771,
            0.0,
            0.0,
            1.0000000000000004,
            0.0,
            0.0
        ],
        [
            -0.019922974251398856,
            -0.10085388287330005,
            0.0019676991531865904,
            -0.024340165372481192,
            0.0035486005826904175,
            -0.18734091108748005,
            -0.17903926031945597,
            -0.009463672902616002,
            -0.28849492045888214,
            0.043464353181866554,
            -0.5466635840762766,
            -0.14926016155875102,
            0.06828895250209692,
            -0.03773096957023474,
            0.004403861425561341,
            0.0,
            0.0,
            0.0,
            1.0000000000000004,
            0.0
        ],
        [
            0.002661283110199015,
            0.013471920994419687,
            -0.00026284250816419643,
            0.003548600582690419,
            0.0017514533759113203,
            0.022935644688028188,
            0.021919295876472622,
            0.001158612061178488,
            0.043464353181866575,
            0.061205553626538,
            0.0038755634059296938,
            0.0010581777110280836,
            -0.000484133520240977,
            0.004403861425561335,
            0.5834199236381945,
            0.0,
            0.0,
            0.0,
            0.0,
            1.0000000000000004
        ]
    ],
    "h": [
        [
            -0.2770342024382988,
            -0.4719749038959833,
            0.07695796125854028,
            -0.2874757128710361,
            0.045881420073929126,
            -0.586457733282799,
            -0.46686355735283114,
            -0.012969410748407184,
            0.016160975411318668,
            0.0005497944179705117,
            -0.23186849560307735,
            -0.31032674558447815,
            0.009069837766276082,
            0.29937642963268035,
            -0.05668085405241391,
            -0.026066021369391436,
            -0.15733343928376908,
            -0.002699717575889443,
            0.08176171224224901,
            -0.010062125945632647
        ],
        [
            -0.4719749038959833,
            -0.3113411631870706,
            0.06196764263909148,
            -0.23975020931155167,
            0.0385682322508943,
            -0.5391088760611431,
            -0.3646795885544063,
            -0.0696329027513432,
            0.11177631128173432,
            -0.011537990848275743,
            -0.3257480839658087,
            -0.30613430017363186,
            0.023734195320835243,
            0.16565988840668613,
            -0.04240069236581781,
            -0.16115877547564783,
            -0.21017321551404522,
            -0.008293222670599915,
            0.1346673540725697,
            -0.008303896156000714
        ],
        [
            0.07695796125854028,
            0.06196764263909148,
            1.4698015872722143,
            0.06992413915292155,
            -0.010975180412110645,
            0.008049338347211055,
            0.05562290396627906,
            0.3590547260617487,
            0.2553850063018183,
            -0.04034330602109582,
            0.035003048505727725,
            0.04325426222004737,
            -0.04775050469340751,
            -0.04788134386190636,
            0.00967570107555354,
            0.006925173178611542,
            0.023415610368814038,
            -0.006480512449986357,
            -0.012327906198132305,
            0.001459849325989915
        ],
        [
            -0.2874757128710361,
            -0.23975020931155167,
            0.06992413915292155,
            1.2222326826186583,
            0.042474967879066024,
            -0.06148147962531891,
            -0.22788744577937453,
            0.23961734800244672,
            -0.5147429368673102,
            0.1505578973965535,
            -0.22590481968366652,
            -0.178933950555759,
            0.017065092881576725,
            0.17163290965368183,
            -0.0455330579683403,
            -0.07809700849026202,
            -0.12180232758742021,
            -0.006590497778341996,
            0.10697087703727803,
            -0.012845185741554611
        ],
        [
            0.045881420073929126,
            0.0385682322508943,
            -0.010975180412110645,
            0.042474967879066024,
            1.4822449115586611,
            0.01137442929469823,
            0.03702424772965221,
            -0.0370020395669708,
            0.1474287376115814,
            0.40405580670908836,
            0.03888172875127621,
            0.028884070602428022,
            -0.0028698912207823944,
            -0.03591549701102775,
            -0.036990585117731636,
            0.012127035887084435,
            0.019655044155209668,
            0.0009740708176564211,
            -0.01676618151506346,
            -0.005116741605997002
        ],
        [
            -0.586457733282799,
            -0.5391088760611431,
            0.008049338347211055,
            -0.06148147962531891,
            0.01137442929469823,
            -0.42919306224132137,
            -0.5919262487767631,
            -0.10071569351019283,
            0.07230941659515469,
            0.0002277728598024248,
            -0.49987350980793854,
            -0.49537364372608006,
            0.006983448579928331,
            0.049258694659127134,
            -0.019290905253366464,
            -0.27819550750224387,
            -0.345941549171678,
            -0.009850340241554564,
            0.2585482326110394,
            -0.01820561841033183
        ],
        [
            -0.46686355735283114,
            -0.3646795885544063,
            0.05562290396627906,
            -0.22788744577937453,
            0.03702424772965221,
            -0.5919262487767631,
            -0.42878458737604186,
            -0.08119345243712092,
            0.015940304241756992,
            0.006994953293588473,
            -0.5086418240897255,
            -0.4032754673463246,
            0.03577222209045501,
            0.09067058113419307,
            -0.04467675061587527,
            -0.3453817570915724,
            -0.3188157182450504,
            -0.01733789827662256,
            0.21155949210967329,
            -0.006467193893371102
        ],
        [
            -0.012969410748407184,
            -0.0696329027513432,
            0.3590547260617487,
            0.23961734800244672,
            -0.0370020395669708,
            -0.10071569351019283,
            -0.08119345243712092,
            1.3920694826170494,
            0.042445856005975016,
            -0.004886415643766495,
            -0.017165797890536294,
            -0.054595933872633694,
            0.3012896973463871,
            -0.10679430786950003,
            0.022869156671249148,
            -0.021561662200716765,
            -0.03430461117388768,
            -0.047612106120287795,
            0.027143292100080655,
            -0.0013972765282950863
        ],
        [
            0.016160975411318668,
            0.11177631128173432,
            0.2553850063018183,
            -0.5147429368673102,
            0.1474287376115814,
            0.07230941659515469,
            0.015940304241756992,
            0.042445856005975016,
            0.8851380436765577,
            0.09411047788544014,
            -0.08651237325741024,
            -0.11699310245797795,
            -0.11318751189066695,
            -0.7658091432997507,
            0.21022712466932453,
            -0.3342261264813318,
            -0.1775474636938354,
            -0.02069235778570906,
            0.1377843983087631,
            8.982309632728225e-05
        ],
        [
            0.0005497944179705117,
            -0.011537990848275743,
            -0.04034330602109582,
            0.1505578973965535,
            0.40405580670908836,
            0.0002277728598024248,
            0.006994953293588473,
            -0.004886415643766495,
            0.09411047788544014,
            1.3981113806058094,
            0.012914978539792454,
            0.026782742966890954,
            0.02520514717449021,
            0.22342590702868637,
            0.2732948432450556,
            0.05679968050115491,
            0.035988958086984255,
            0.0036306414805469794,
            -0.039666066515372245,
            -0.04521042178674957
        ],
        [
            -0.23186849560307735,
            -0.3257480839658087,
            0.035003048505727725,
            -0.22590481968366652,
            0.03888172875127621,
            -0.49987350980793854,
            -0.5086418240897255,
            -0.017165797890536294,
            -0.08651237325741024,
            0.012914978539792454,
            -0.5039113869895608,
            -0.6170188021311467,
            0.06403311715973148,
            -0.14181926211673457,
            -0.03896600084968897,
            -0.6553412777570515,
            -0.5747884209988505,
            0.001976087508438862,
            0.061202757740728586,
            -0.006703811189323915
        ],
        [
            -0.31032674558447815,
            -0.30613430017363186,
            0.04325426222004737,
            -0.178933950555759,
            0.028884070602428022,
            -0.49537364372608006,
            -0.4032754673463246,
            -0.054595933872633694,
            -0.11699310245797795,
            0.026782742966890954,
            -0.6170188021311467,
            -0.42759251497493955,
            0.04895475508826012,
            -0.04842368851613635,
            -0.03813205020073155,
            -0.5033151853451958,
            -0.36963847249484627,
            -0.022264585188198592,
            0.2679991671243953,
            -0.007244034657808193
        ],
        [
            0.009069837766276082,
            0.023734195320835243,
            -0.04775050469340751,
            0.017065092881576725,
            -0.0028698912207823944,
            0.006983448579928331,
            0.03577222209045501,
            0.3012896973463871,
            -0.11318751189066695,
            0.02520514717449021,
            0.06403311715973148,
            0.04895475508826012,
            1.3874082051304313,
            0.008333192962520957,
            0.005626086767522629,
            0.010075833580335827,
            0.04056627867766085,
            0.5650351064476089,
            0.09029202973684725,
            0.0004129382300740894
        ],
        [
            0.29937642963268035,
            0.16565988840668613,
            -0.04788134386190636,
            0.17163290965368183,
            -0.03591549701102775,
            0.049258694659127134,
            0.09067058113419307,
            -0.10679430786950003,
            -0.7658091432997507,
            0.22342590702868637,
            -0.14181926211673457,
            -0.04842368851613635,
            0.008333192962520957,
            0.8153923517770167,
            0.055914895718363014,
            0.015495842105920588,
            -0.1265717547241755,
            0.10408600976021731,
            -0.4103602182406334,
            0.011761599041217635
        ],
        [
            -0.05668085405241391,
            -0.04240069236581781,
            0.00967570107555354,
            -0.0455330579683403,
            -0.036990585117731636,
            -0.019290905253366464,
            -0.04467675061587527,
            0.022869156671249148,
            0.21022712466932453,
            0.2732948432450556,
            -0.03896600084968897,
            -0.03813205020073155,
            0.005626086767522629,
            0.055914895718363014,
            1.38424612780579,
            -0.00681210233012478,
            -0.020804310001407447,
            -0.0007549561399420916,
            0.021642932614816854,
            0.5747238080362564
        ],
        [
            -0.026066021369391436,
            -0.16115877547564783,
            0.006925173178611542,
            -0.07809700849026202,
            0.012127035887084435,
            -0.27819550750224387,
            -0.3453817570915724,
            -0.021561662200716765,
            -0.3342261264813318,
            0.05679968050115491,
            -0.6553412777570515,
            -0.5033151853451958,
            0.010075833580335827,
            0.015495842105920588,
            -0.00681210233012478,
            -0.3565679260984276,
            -0.5029536073803331,
            -0.035292522815766156,
            0.35614825066623035,
            -0.004436270196330737
        ],
        [
            -0.15733343928376908,
            -0.21017321551404522,
            0.023415610368814038,
            -0.12180232758742021,
            0.019655044155209668,
            -0.345941549171678,
            -0.3188157182450504,
            -0.03430461117388768,
            -0.1775474636938354,
            0.035988958086984255,
            -0.5747884209988505,
            -0.36963847249484627,
            0.04056627867766085,
            -0.1265717547241755,
            -0.020804310001407447,
            -0.5029536073803331,
            -0.3196602614347006,
            -0.02519531762038013,
            0.27546144034041053,
            -0.005248091645845549
        ],
        [
            -0.002699717575889443,
            -0.008293222670599915,
            -0.006480512449986357,
            -0.006590497778341996,
            0.0009740708176564211,
            -0.009850340241554564,
            -0.01733789827662256,
            -0.047612106120287795,
            -0.02069235778570906,
            0.0036306414805469794,
            0.001976087508438862,
            -0.022264585188198592,
            0.5650351064476089,
            0.10408600976021731,
            -0.0007549561399420916,
            -0.035292522815766156,
            -0.02519531762038013,
            1.457218770412466,
            0.03293733396726166,
            -0.00010101443881166038
        ],
        [
            0.08176171224224901,
            0.1346673540725697,
            -0.012327906198132305,
            0.10697087703727803,
            -0.01676618151506346,
            0.2585482326110394,
            0.21155949210967329,
            0.027143292100080655,
            0.1377843983087631,
            -0.039666066515372245,
            0.061202757740728586,
            0.2679991671243953,
            0.09029202973684725,
            -0.4103602182406334,
            0.021642932614816854,
            0.35614825066623035,
            0.27546144034041053,
            0.03293733396726166,
            1.120996730941006,
            0.005648258031873539
        ],
        [
            -0.010062125945632647,
            -0.008303896156000714,
            0.001459849325989915,
            -0.012845185741554611,
            -0.005116741605997002,
            -0.01820561841033183,
            -0.006467193893371102,
            -0.0013972765282950863,
            8.982309632728225e-05,
            -0.04521042178674957,
            -0.006703811189323915,
            -0.007244034657808193,
            0.0004129382300740894,
            0.011761599041217635,
            0.5747238080362564,
            -0.004436270196330737,
            -0.005248091645845549,
            -0.00010101443881166038,
            0.005648258031873539,
            1.4605320833043585
        ]
    ]
}