{
    "HF": -2.1360464375855805,
    "coordinates": [
        [
            0.747947,
            -0.110376,
            0.089363
        ],
        [
            1.434236,
            0.175777,
            -0.048166
        ],
        [
            2.167478,
            0.129359,
            -0.152267
        ],
        [
            2.892657,
            -0.137762,
            0.073337
        ]
    ],
    "elements": [
        "H",
        "H",
        "H",
        "H"
    ],
    "Enn": 3.0330347213781064,
    "S": [
        [
            0.9999999999999999,
            0.6848602514927513,
            0.0,
            0.0,
            0.0,
            0.5577134409400588,
            0.5607645698450786,
            0.09704128148904344,
            -0.4842496057692132,
            -0.20191126105718965,
            0.13900831408456643,
            0.3253664850581671,
            0.030178885497416572,
            -0.17729530070369257,
            -0.02994220549899913,
            0.017855595034110626,
            0.13765504492724354,
            0.00016515025861564908,
            -0.0221015481814282,
            0.00028221670925047824
        ],
        [
            0.6848602514927513,
            1.0000000000000002,
            0.0,
            0.0,
            0.0,
            0.5607645698450786,
            0.8828888832940232,
            0.03023466535200434,
            -0.15087522086077623,
            -0.06290847889879289,
            0.3253664850581671,
            0.628643969513227,
            0.02969275984283578,
            -0.17443940351968096,
            -0.029459892318512752,
            0.13765504492724354,
            0.3670664433942875,
            0.0007837145303836028,
            -0.10488209100580394,
            0.001339249103275006
        ],
        [
            0.0,
            0.0,
            1.0000000000000004,
            0.0,
            0.0,
            -0.09704128148904338,
            -0.03023466535200429,
            0.45267454985609795,
            0.1166505321738162,
            0.04863825550625761,
            -0.030178885497416565,
            -0.029692759842835776,
            0.053370707363730084,
            0.056016826719284894,
            0.009460303405524619,
            -0.00016515025861564908,
            -0.0007837145303836026,
            0.0025469285417239374,
            0.00022742190637969846,
            -2.9039713192526825e-06
        ],
        [
            0.0,
            0.0,
            0.0,
            1.0000000000000004,
            0.0,
            0.4842496057692132,
            0.1508752208607762,
            0.11665053217381627,
            -0.10605176416416588,
            -0.24271171704247138,
            0.17729530070369254,
            0.17443940351968099,
            0.05601682671928491,
            -0.26618257639896187,
            -0.055577510878399905,
            0.02210154818142821,
            0.10488209100580391,
            0.00022742190637969808,
            -0.027886542235194933,
            0.00038862949757359375
        ],
        [
            0.0,
            0.0,
            0.0,
            0.0,
            1.0000000000000004,
            0.20191126105718965,
            0.06290847889879289,
            0.048638255506257624,
            -0.2427117170424713,
            0.37485040444866535,
            0.029942205498999137,
            0.029459892318512756,
            0.009460303405524617,
            -0.055577510878399884,
            0.0535196799960626,
            -0.00028221670925047824,
            -0.0013392491032750105,
            -2.9039713192526774e-06,
            0.00038862949757359375,
            0.0025436654693510247
        ],
        [
            0.5577134409400588,
            0.5607645698450786,
            -0.09704128148904344,
            0.4842496057692132,
            0.20191126105718965,
            0.9999999999999999,
            0.6848602514927513,
            0.0,
            0.0,
            0.0,
            0.5690644397131128,
            0.5649259798342944,
            0.07534948885598584,
            -0.5307289066170428,
            0.03359787680922519,
            0.12662546763155794,
            0.31321492452112293,
            -0.013541628882995375,
            -0.16254245522470215,
            0.03494423000539482
        ],
        [
            0.5607645698450786,
            0.8828888832940232,
            -0.03023466535200434,
            0.15087522086077623,
            0.06290847889879289,
            0.6848602514927513,
            1.0000000000000002,
            0.0,
            0.0,
            0.0,
            0.5649259798342944,
            0.8869668641787974,
            0.023067115767803077,
            -0.16247469380520305,
            0.010285486015599114,
            0.31321492452112293,
            0.6138751600190684,
            -0.014335228217127481,
            -0.17206816186967622,
            0.036992116408400874
        ],
        [
            0.09704128148904338,
            0.030234665352004298,
            0.45267454985609795,
            0.11665053217381624,
            0.04863825550625761,
            0.0,
            0.0,
            1.0000000000000004,
            0.0,
            0.0,
            -0.07534948885598584,
            -0.02306711576780307,
            0.475538191560788,
            0.09696470834341304,
            -0.006138366094528881,
            0.013541628882995373,
            0.014335228217127476,
            0.05250407067184973,
            -0.02511699393399922,
            0.00539978316348447
        ],
        [
            -0.48424960576921317,
            -0.1508752208607762,
            0.11665053217381623,
            -0.10605176416416558,
            -0.2427117170424713,
            0.0,
            0.0,
            0.0,
            1.0000000000000004,
            0.0,
            0.5307289066170426,
            0.16247469380520338,
            0.09696470834341298,
            -0.19367245740115746,
            0.04323597114229972,
            0.16254245522470223,
            0.17206816186967616,
            -0.025116993933999226,
            -0.24688691311236588,
            0.06481450796336043
        ],
        [
            -0.20191126105718965,
            -0.06290847889879289,
            0.048638255506257624,
            -0.24271171704247138,
            0.37485040444866535,
            0.0,
            0.0,
            0.0,
            0.0,
            1.0000000000000004,
            -0.03359787680922517,
            -0.010285486015599088,
            -0.006138366094528878,
            0.04323597114229972,
            0.48656755948403074,
            -0.034944230005394816,
            -0.036992116408400874,
            0.00539978316348447,
            0.06481450796336041,
            0.040662437907125856
        ],
        [
            0.13900831408456643,
            0.3253664850581671,
            -0.030178885497416572,
            0.17729530070369254,
            0.02994220549899913,
            0.5690644397131128,
            0.5649259798342944,
            -0.07534948885598584,
            0.5307289066170428,
            -0.03359787680922517,
            0.9999999999999999,
            0.6848602514927513,
            0.0,
            0.0,
            0.0,
            0.5188747409827494,
            0.5460008765169423,
            -0.14529085292948632,
            -0.46702130918136137,
            0.17202814633329774
        ],
        [
            0.3253664850581671,
            0.628643969513227,
            -0.02969275984283578,
            0.17443940351968104,
            0.029459892318512752,
            0.5649259798342944,
            0.8869668641787974,
            -0.023067115767803077,
            0.1624746938052034,
            -0.010285486015599137,
            0.6848602514927513,
            1.0000000000000002,
            0.0,
            0.0,
            0.0,
            0.5460008765169423,
            0.8683273188525419,
            -0.048204574902021825,
            -0.154948251905433,
            0.05707546963884934
        ],
        [
            0.030178885497416565,
            0.029692759842835783,
            0.053370707363730084,
            0.0560168267192849,
            0.009460303405524619,
            0.07534948885598584,
            0.02306711576780307,
            0.475538191560788,
            0.09696470834341298,
            -0.006138366094528878,
            0.0,
            0.0,
            1.0000000000000004,
            0.0,
            0.0,
            0.1452908529294863,
            0.048204574902021805,
            0.3741663589501659,
            -0.18312090289002197,
            0.06745291672936697
        ],
        [
            -0.17729530070369257,
            -0.17443940351968087,
            0.0560168267192849,
            -0.26618257639896187,
            -0.0555775108783999,
            -0.5307289066170428,
            -0.16247469380520302,
            0.09696470834341304,
            -0.19367245740115763,
            0.04323597114229972,
            0.0,
            0.0,
            0.0,
            1.0000000000000004,
            0.0,
            0.46702130918136137,
            0.1549482519054329,
            -0.1831209028900222,
            -0.15748632580659336,
            0.21681990878213875
        ],
        [
            -0.029942205498999137,
            -0.029459892318512742,
            0.009460303405524617,
            -0.0555775108783999,
            0.0535196799960626,
            0.03359787680922519,
            0.01028548601559911,
            -0.006138366094528881,
            0.04323597114229972,
            0.48656755948403074,
            0.0,
            0.0,
            0.0,
            0.0,
            1.0000000000000004,
            -0.17202814633329777,
            -0.05707546963884933,
            0.06745291672936697,
            0.21681990878213847,
            0.3512694704878785
        ],
        [
            0.017855595034110626,
            0.13765504492724354,
            -0.00016515025861564908,
            0.022101548181428204,
            -0.00028221670925047824,
            0.12662546763155794,
            0.31321492452112293,
            0.013541628882995375,
            0.16254245522470223,
            -0.03494423000539482,
            0.5188747409827494,
            0.5460008765169423,
            0.14529085292948632,
            0.467021309181362,
            -0.17202814633329774,
            0.9999999999999999,
            0.6848602514927513,
            0.0,
            0.0,
            0.0
        ],
        [
            0.13765504492724354,
            0.3670664433942875,
            -0.0007837145303836028,
            0.1048820910058039,
            -0.001339249103275011,
            0.31321492452112293,
            0.6138751600190684,
            0.014335228217127481,
            0.17206816186967622,
            -0.036992116408400874,
            0.5460008765169423,
            0.8683273188525419,
            0.048204574902021825,
            0.154948251905433,
            -0.05707546963884934,
            0.6848602514927513,
            1.0000000000000002,
            0.0,
            0.0,
            0.0
        ],
        [
            0.00016515025861564908,
            0.0007837145303836026,
            0.0025469285417239374,
            0.00022742190637969805,
            -2.903971319252677e-06,
            -0.013541628882995373,
            -0.014335228217127478,
            0.05250407067184973,
            -0.025116993933999226,
            0.00539978316348447,
            -0.1452908529294863,
            -0.048204574902021805,
            0.3741663589501659,
            -0.1831209028900222,
            0.06745291672936697,
            0.0,
            0.0,
            1.0000000000000004,
            0.0,
            0.0
        ],
        [
            -0.022101548181428208,
            -0.10488209100580391,
            0.00022742190637969849,
            -0.027886542235194933,
            0.00038862949757359375,
            -0.16254245522470212,
            -0.17206816186967616,
            -0.02511699393399922,
            -0.24688691311236596,
            0.06481450796336041,
            -0.46702130918136137,
            -0.1549482519054329,
            -0.18312090289002197,
            -0.15748632580659336,
            0.21681990878213847,
            0.0,
            0.0,
            0.0,
            1.0000000000000004,
            0.0
        ],
        [
            0.00028221670925047824,
            0.0013392491032750056,
            -2.903971319252683e-06,
            0.00038862949757359375,
            0.0025436654693510247,
            0.034944230005394816,
            0.036992116408400874,
            0.00539978316348447,
            0.06481450796336043,
            0.040662437907125856,
            0.17202814633329777,
            0.05707546963884933,
            0.06745291672936697,
            0.21681990878213875,
            0.3512694704878785,
            0.0,
            0.0,
            0.0,
            0.0,
            1.0000000000000004
        ]
    ],
    "h": [
        [
            -0.2772274399239676,
            -0.4709564177044948,
            0.055695147614896585,
            -0.27040104403789217,
            -0.11140282088440916,
            -0.5914318573925453,
            -0.4663692604594224,
            0.001426035747996296,
            0.012028694098818127,
            0.013885742477161844,
            -0.2761352911755296,
            -0.3276765541948157,
            -0.04211460159635293,
            0.32996238227975205,
            0.007864442605470215,
            -0.021052007835455508,
            -0.15126540965631785,
            0.004021372911361539,
            0.08063880625510184,
            -0.00941759331955224
        ],
        [
            -0.4709564177044948,
            -0.31666932181555185,
            0.04707535965219525,
            -0.23140546221065436,
            -0.09178399410808619,
            -0.5527373875669357,
            -0.3729813778013802,
            -0.02169210160771036,
            0.08101515459482636,
            0.08670513308830236,
            -0.3597320670984536,
            -0.32350090889997407,
            -0.04384549901690279,
            0.20159051504148132,
            0.008452806236601836,
            -0.1489440511337591,
            -0.20787466262330423,
            0.022992577249458676,
            0.11700798435729465,
            -0.03185997929386582
        ],
        [
            0.055695147614896585,
            0.04707535965219525,
            1.467297844248977,
            0.0492293211755153,
            0.01960474488447576,
            0.016737676125708756,
            0.04514357390643995,
            0.3716065794007545,
            0.17040353737479044,
            0.06581632065770818,
            0.045355585424602135,
            0.036625301149595293,
            -0.04107389446197095,
            -0.038681315940111066,
            0.001114917796589697,
            0.006932265036296624,
            0.020130686516979475,
            -0.00831653727289732,
            -0.007996277227060386,
            0.0015253925392225355
        ],
        [
            -0.27040104403789217,
            -0.23140546221065436,
            0.0492293211755153,
            1.2306006266028595,
            -0.09708325961016803,
            -0.08531357056286804,
            -0.22724548609250594,
            0.16982760620251022,
            -0.46002773281766995,
            -0.3278064921674452,
            -0.2530682714220037,
            -0.1890376992354844,
            -0.029317967854385937,
            0.138925429319952,
            -0.005527106623724895,
            -0.08209352519109293,
            -0.12324211361724102,
            0.007173579905417638,
            0.11022712531194018,
            -0.012642679469411184
        ],
        [
            -0.11140282088440916,
            -0.09178399410808619,
            0.01960474488447576,
            -0.09708325961016803,
            1.4374269007873968,
            -0.023274078777690443,
            -0.08472853322145482,
            0.0698219473637362,
            -0.34878551346388903,
            0.26591103823829326,
            -0.06963111490875559,
            -0.06885952378240293,
            -0.01106451576890466,
            0.07860661807610334,
            -0.047611456428806764,
            -0.006837385992329829,
            -0.03377257957703813,
            0.0011407060623997503,
            0.010255156565735581,
            -0.009400143756006818
        ],
        [
            -0.5914318573925453,
            -0.5527373875669357,
            0.016737676125708756,
            -0.08531357056286804,
            -0.023274078777690443,
            -0.4791772254379847,
            -0.6156233520695771,
            -0.015583891577207284,
            0.0065540966783654425,
            0.11961638567102051,
            -0.5553834776314479,
            -0.5340136787320101,
            -0.02911597044637776,
            0.06643559351070227,
            0.02504297339566839,
            -0.2541519887228395,
            -0.3502813268886983,
            0.04299251743795999,
            0.23783636869690805,
            -0.06577410333544098
        ],
        [
            -0.4663692604594224,
            -0.3729813778013802,
            0.04514357390643995,
            -0.22724548609250594,
            -0.08472853322145482,
            -0.6156233520695771,
            -0.4392503256464335,
            -0.011686383624847963,
            -0.024332632851342503,
            0.09670210218418886,
            -0.5281227707125853,
            -0.4184610912397191,
            -0.06783908753422051,
            0.15181507746430706,
            0.03206444554537857,
            -0.31142051216855127,
            -0.31739588396162377,
            0.04650119235957834,
            0.1741049161017676,
            -0.05895563648706862
        ],
        [
            0.001426035747996296,
            -0.02169210160771036,
            0.3716065794007545,
            0.16982760620251022,
            0.0698219473637362,
            -0.015583891577207284,
            -0.011686383624847963,
            1.3779848525096112,
            0.0818822260899943,
            0.016009090084005712,
            -0.01037347006585157,
            0.003665305229716448,
            0.39232342770807327,
            0.15445352701710346,
            -0.008589321804236178,
            0.013092511613008027,
            0.014814762515324202,
            -0.049881423422765206,
            -0.017050533049564,
            0.005536353204851226
        ],
        [
            0.012028694098818127,
            0.08101515459482636,
            0.17040353737479044,
            -0.46002773281766995,
            -0.34878551346388903,
            0.0065540966783654425,
            -0.024332632851342503,
            0.0818822260899943,
            0.8431659659814761,
            -0.07244212852994097,
            -0.05018952970060997,
            -0.14050032675648472,
            0.12058381959001366,
            -0.7117614555818135,
            0.08667625530657395,
            -0.31399696530771215,
            -0.19537532992056333,
            0.05541852119828332,
            0.15048464063411615,
            -0.0697321091907461
        ],
        [
            0.013885742477161844,
            0.08670513308830236,
            0.06581632065770818,
            -0.3278064921674452,
            0.26591103823829326,
            0.11961638567102051,
            0.09670210218418886,
            0.016009090084005712,
            -0.07244212852994097,
            1.3521308125601914,
            0.034984651386038526,
            0.06720572227569313,
            -0.0009305457615979736,
            0.031753008457338305,
            0.4043001538670902,
            0.03222867497356817,
            0.034806532810045795,
            -0.005537445236463956,
            -0.021851135389091753,
            -0.03881931392815215
        ],
        [
            -0.2761352911755296,
            -0.3597320670984536,
            0.045355585424602135,
            -0.2530682714220037,
            -0.06963111490875559,
            -0.5553834776314479,
            -0.5281227707125853,
            -0.01037347006585157,
            -0.05018952970060997,
            0.034984651386038526,
            -0.44837079783906253,
            -0.6037021981809069,
            -0.10469696616105884,
            0.021635243832987594,
            0.06792948703779336,
            -0.5587401185072607,
            -0.5348626108096235,
            0.016196621300066494,
            0.08564058316705048,
            -0.025530881676126604
        ],
        [
            -0.3276765541948157,
            -0.32350090889997407,
            0.036625301149595293,
            -0.1890376992354844,
            -0.06885952378240293,
            -0.5340136787320101,
            -0.4184610912397191,
            0.003665305229716448,
            -0.14050032675648472,
            0.06720572227569313,
            -0.6037021981809069,
            -0.4381966809203952,
            -0.08776333485980242,
            0.03880812979413677,
            0.05735109329555757,
            -0.44863172479808167,
            -0.3692609828006854,
            0.056629645948007526,
            0.20914671903446141,
            -0.07214092278278002
        ],
        [
            -0.04211460159635293,
            -0.04384549901690279,
            -0.04107389446197095,
            -0.029317967854385937,
            -0.01106451576890466,
            -0.02911597044637776,
            -0.06783908753422051,
            0.39232342770807327,
            0.12058381959001366,
            -0.0009305457615979736,
            -0.10469696616105884,
            -0.08776333485980242,
            1.3756782012961195,
            -0.0203703767681538,
            0.020576391090643135,
            -0.016426810948367343,
            -0.07126386458465664,
            0.26634553694669494,
            -0.23368485480599221,
            0.08789697073149871
        ],
        [
            0.32996238227975205,
            0.20159051504148132,
            -0.038681315940111066,
            0.138925429319952,
            0.07860661807610334,
            0.06643559351070227,
            0.15181507746430706,
            0.15445352701710346,
            -0.7117614555818135,
            0.031753008457338305,
            0.021635243832987594,
            0.03880812979413677,
            -0.0203703767681538,
            0.8697454460637215,
            0.08781644294033794,
            -0.027107591185844604,
            -0.0746575441490705,
            -0.2524965837096557,
            -0.4982252821282355,
            0.30202688287925833
        ],
        [
            0.007864442605470215,
            0.008452806236601836,
            0.001114917796589697,
            -0.005527106623724895,
            -0.047611456428806764,
            0.02504297339566839,
            0.03206444554537857,
            -0.008589321804236178,
            0.08667625530657395,
            0.4043001538670902,
            0.06792948703779336,
            0.05735109329555757,
            0.020576391090643135,
            0.08781644294033794,
            1.3726225301469532,
            0.010326464517057654,
            0.058965619007948805,
            0.0915028537065466,
            0.29121527705613864,
            0.23422516407925636
        ],
        [
            -0.021052007835455508,
            -0.1489440511337591,
            0.006932265036296624,
            -0.08209352519109293,
            -0.006837385992329829,
            -0.2541519887228395,
            -0.31142051216855127,
            0.013092511613008027,
            -0.31399696530771215,
            0.03222867497356817,
            -0.5587401185072607,
            -0.44863172479808167,
            -0.016426810948367343,
            -0.027107591185844604,
            0.010326464517057654,
            -0.2440381693852347,
            -0.45650321588749776,
            0.07406461156042463,
            0.2436979661185335,
            -0.0901034676958688
        ],
        [
            -0.15126540965631785,
            -0.20787466262330423,
            0.020130686516979475,
            -0.12324211361724102,
            -0.03377257957703813,
            -0.3502813268886983,
            -0.31739588396162377,
            0.014814762515324202,
            -0.19537532992056333,
            0.034806532810045795,
            -0.5348626108096235,
            -0.3692609828006854,
            -0.07126386458465664,
            -0.0746575441490705,
            0.058965619007948805,
            -0.45650321588749776,
            -0.31162188668393087,
            0.06296880156096799,
            0.21585297702276557,
            -0.07789949891968977
        ],
        [
            0.004021372911361539,
            0.022992577249458676,
            -0.00831653727289732,
            0.007173579905417638,
            0.0011407060623997503,
            0.04299251743795999,
            0.04650119235957834,
            -0.049881423422765206,
            0.05541852119828332,
            -0.005537445236463956,
            0.016196621300066494,
            0.056629645948007526,
            0.26634553694669494,
            -0.2524965837096557,
            0.0915028537065466,
            0.07406461156042463,
            0.06296880156096799,
            1.470665105173469,
            -0.06348962754160052,
            0.023383467989151908
        ],
        [
            0.08063880625510184,
            0.11700798435729465,
            -0.007996277227060386,
            0.11022712531194018,
            0.010255156565735581,
            0.23783636869690805,
            0.1741049161017676,
            -0.017050533049564,
            0.15048464063411615,
            -0.021851135389091753,
            0.08564058316705048,
            0.20914671903446141,
            -0.23368485480599221,
            -0.4982252821282355,
            0.29121527705613864,
            0.2436979661185335,
            0.21585297702276557,
            -0.06348962754160052,
            1.2712938553579347,
            0.07800919815876897
        ],
        [
            -0.00941759331955224,
            -0.03185997929386582,
            0.0015253925392225355,
            -0.012642679469411184,
            -0.009400143756006818,
            -0.06577410333544098,
            -0.05895563648706862,
            0.005536353204851226,
            -0.0697321091907461,
            -0.03881931392815215,
            -0.025530881676126604,
            -0.07214092278278002,
            0.08789697073149871,
            0.30202688287925833,
            0.23422516407925636,
            -0.0901034676958688,
            -0.07789949891968977,
            0.023383467989151908,
            0.07800919815876897,
            1.4618291324093604
        ]
    ]
}