{
    "HF": -2.1481828333155524,
    "coordinates": [
        [
            0.813066,
            -0.176379,
            0.116784
        ],
        [
            1.605633,
            0.191735,
            -0.142592
        ],
        [
            2.387002,
            0.085956,
            -0.124621
        ],
        [
            3.101689,
            -0.079412,
            -0.033228
        ]
    ],
    "elements": [
        "H",
        "H",
        "H",
        "H"
    ],
    "Enn": 2.872876916389464,
    "S": [
        [
            0.9999999999999999,
            0.6848602514927513,
            0.0,
            0.0,
            0.0,
            0.43775634068729363,
            0.512214795856094,
            0.13469964418477148,
            -0.4115974218608962,
            -0.19116967190269327,
            0.0929525165727015,
            0.27585302164613107,
            0.018467015334125158,
            -0.12040305812610184,
            -0.020068119830482893,
            0.010383600740582127,
            0.10909186326463081,
            0.0007970891549567073,
            -0.012160604305552112,
            -0.0005152344085052332
        ],
        [
            0.6848602514927513,
            1.0000000000000002,
            0.0,
            0.0,
            0.0,
            0.512214795856094,
            0.8344277285765797,
            0.05176690855615116,
            -0.15818249727662928,
            -0.07346910961784829,
            0.27585302164613107,
            0.5670414115035756,
            0.024862140779272086,
            -0.1620986243431761,
            -0.02701770759234624,
            0.10909186326463081,
            0.3172944183095786,
            0.005715857379047542,
            -0.08720264153806319,
            -0.0036947013737174583
        ],
        [
            0.0,
            0.0,
            1.0000000000000004,
            0.0,
            0.0,
            -0.13469964418477146,
            -0.05176690855615113,
            0.2806644452030129,
            0.18148973136277446,
            0.08429433848605396,
            -0.018467015334125158,
            -0.024862140779272086,
            0.0288764074513055,
            0.033562313635260584,
            0.005593981932877885,
            -0.0007970891549567071,
            -0.005715857379047544,
            0.0010070760883317607,
            0.0009533203536691728,
            4.039136840547294e-05
        ],
        [
            0.0,
            0.0,
            0.0,
            1.0000000000000004,
            0.0,
            0.4115974218608962,
            0.15818249727662942,
            0.18148973136277435,
            -0.2145135096368728,
            -0.2575755311627765,
            0.12040305812610183,
            0.16209862434317593,
            0.033562313635260584,
            -0.18479878276466358,
            -0.03647219215636,
            0.012160604305552115,
            0.08720264153806312,
            0.0009533203536691726,
            -0.0134745458337556,
            -0.0006162214671775504
        ],
        [
            0.0,
            0.0,
            0.0,
            0.0,
            1.0000000000000004,
            0.19116967190269327,
            0.0734691096178483,
            0.08429433848605399,
            -0.2575755311627767,
            0.22042590572748166,
            0.020068119830482893,
            0.02701770759234624,
            0.005593981932877885,
            -0.03647219215636,
            0.027945097533863726,
            0.0005152344085052333,
            0.0036947013737174583,
            4.039136840547293e-05,
            -0.0006162214671775504,
            0.001043454445923559
        ],
        [
            0.43775634068729363,
            0.512214795856094,
            -0.13469964418477148,
            0.4115974218608962,
            0.19116967190269327,
            0.9999999999999999,
            0.6848602514927513,
            0.0,
            0.0,
            0.0,
            0.5317837819979714,
            0.5510009546144436,
            -0.011939172539415241,
            -0.5191085252879832,
            0.07027509498897141,
            0.11791758444252877,
            0.30421515227181245,
            -0.01117465188892384,
            -0.15286479103119713,
            0.027705399726839105
        ],
        [
            0.512214795856094,
            0.8344277285765797,
            -0.05176690855615116,
            0.15818249727662945,
            0.07346910961784829,
            0.6848602514927513,
            1.0000000000000002,
            0.0,
            0.0,
            0.0,
            0.5510009546144434,
            0.873275529208139,
            -0.003877395590487995,
            -0.16858698542897002,
            0.022822715940472426,
            0.30421515227181245,
            0.6027966307429298,
            -0.012506811395872435,
            -0.17108820297047747,
            0.031008232961089746
        ],
        [
            0.13469964418477146,
            0.05176690855615113,
            0.2806644452030129,
            0.18148973136277435,
            0.08429433848605396,
            0.0,
            0.0,
            1.0000000000000004,
            0.0,
            0.0,
            0.011939172539415241,
            0.0038773955904880157,
            0.4456103704977492,
            -0.016258487523667042,
            0.002201017127331613,
            0.011174651888923835,
            0.012506811395872425,
            0.04746079823052424,
            -0.020806003702116604,
            0.003770905290856633
        ],
        [
            -0.411597421860896,
            -0.15818249727662959,
            0.18148973136277446,
            -0.2145135096368728,
            -0.25757553116277665,
            0.0,
            0.0,
            0.0,
            1.0000000000000004,
            0.0,
            0.5191085252879832,
            0.16858698542896997,
            -0.016258487523667084,
            -0.26092561250614466,
            0.09569899013777627,
            0.15286479103119707,
            0.17108820297047758,
            -0.020806003702116615,
            -0.23563610198605073,
            0.05158448379556173
        ],
        [
            -0.19116967190269327,
            -0.07346910961784832,
            0.08429433848605399,
            -0.2575755311627766,
            0.22042590572748166,
            0.0,
            0.0,
            0.0,
            0.0,
            1.0000000000000004,
            -0.07027509498897141,
            -0.022822715940472443,
            0.0022010171273316214,
            0.0956989901377764,
            0.4330289112915406,
            -0.027705399726839105,
            -0.031008232961089757,
            0.0037709052908566354,
            0.051584483795561735,
            0.03963251490500909
        ],
        [
            0.0929525165727015,
            0.27585302164613107,
            -0.018467015334125158,
            0.12040305812610184,
            0.020068119830482893,
            0.5317837819979714,
            0.5510009546144436,
            0.011939172539415241,
            0.5191085252879835,
            -0.07027509498897141,
            0.9999999999999999,
            0.6848602514927513,
            0.0,
            0.0,
            0.0,
            0.5713274693075945,
            0.565747686455525,
            -0.06648395652966776,
            -0.5198999862168732,
            0.12029716634094621
        ],
        [
            0.27585302164613107,
            0.5670414115035756,
            -0.024862140779272086,
            0.16209862434317593,
            0.02701770759234624,
            0.5510009546144434,
            0.873275529208139,
            0.003877395590488017,
            0.16858698542896966,
            -0.02282271594047245,
            0.6848602514927513,
            1.0000000000000002,
            0.0,
            0.0,
            0.0,
            0.565747686455525,
            0.8877707436209799,
            -0.020282669887238765,
            -0.15860908924864062,
            0.036699797073221095
        ],
        [
            0.018467015334125158,
            0.024862140779272086,
            0.0288764074513055,
            0.033562313635260584,
            0.005593981932877885,
            -0.011939172539415241,
            -0.0038773955904879936,
            0.4456103704977492,
            -0.016258487523667087,
            0.0022010171273316214,
            0.0,
            0.0,
            1.0000000000000004,
            0.0,
            0.0,
            0.06648395652966772,
            0.020282669887238727,
            0.48128523120822125,
            -0.08342279801432091,
            0.01930280145298883
        ],
        [
            -0.12040305812610183,
            -0.1620986243431761,
            0.033562313635260584,
            -0.18479878276466358,
            -0.03647219215636,
            -0.5191085252879832,
            -0.16858698542896997,
            -0.01625848752366704,
            -0.26092561250614466,
            0.0956989901377764,
            0.0,
            0.0,
            0.0,
            1.0000000000000004,
            0.0,
            0.5198999862168732,
            0.1586090892486406,
            -0.08342279801432104,
            -0.1604073647612266,
            0.1509465852092856
        ],
        [
            -0.020068119830482893,
            -0.027017707592346233,
            0.005593981932877885,
            -0.03647219215636,
            0.027945097533863726,
            0.07027509498897139,
            0.022822715940472423,
            0.0022010171273316127,
            0.09569899013777627,
            0.4330289112915406,
            0.0,
            0.0,
            0.0,
            0.0,
            1.0000000000000004,
            -0.12029716634094618,
            -0.036699797073221095,
            0.019302801452988832,
            0.15094658520928542,
            0.4570263946490474
        ],
        [
            0.010383600740582127,
            0.10909186326463081,
            -0.0007970891549567073,
            0.012160604305552115,
            0.0005152344085052333,
            0.11791758444252877,
            0.30421515227181245,
            0.011174651888923842,
            0.1528647910311972,
            -0.027705399726839105,
            0.5713274693075945,
            0.565747686455525,
            0.06648395652966776,
            0.5198999862168732,
            -0.12029716634094621,
            0.9999999999999999,
            0.6848602514927513,
            0.0,
            0.0,
            0.0
        ],
        [
            0.10909186326463081,
            0.3172944183095786,
            -0.005715857379047544,
            0.08720264153806312,
            0.0036947013737174583,
            0.30421515227181245,
            0.6027966307429298,
            0.01250681139587243,
            0.17108820297047764,
            -0.031008232961089746,
            0.565747686455525,
            0.8877707436209799,
            0.020282669887238775,
            0.15860908924864062,
            -0.036699797073221095,
            0.6848602514927513,
            1.0000000000000002,
            0.0,
            0.0,
            0.0
        ],
        [
            0.0007970891549567071,
            0.005715857379047542,
            0.0010070760883317607,
            0.0009533203536691728,
            4.039136840547294e-05,
            -0.011174651888923836,
            -0.01250681139587242,
            0.04746079823052424,
            -0.02080600370211661,
            0.0037709052908566332,
            -0.06648395652966774,
            -0.020282669887238737,
            0.48128523120822125,
            -0.08342279801432101,
            0.019302801452988825,
            0.0,
            0.0,
            1.0000000000000004,
            0.0,
            0.0
        ],
        [
            -0.012160604305552112,
            -0.08720264153806306,
            0.0009533203536691726,
            -0.0134745458337556,
            -0.0006162214671775504,
            -0.15286479103119713,
            -0.17108820297047778,
            -0.020806003702116604,
            -0.23563610198605073,
            0.051584483795561714,
            -0.5198999862168732,
            -0.1586090892486406,
            -0.08342279801432095,
            -0.16040736476122677,
            0.15094658520928542,
            0.0,
            0.0,
            0.0,
            1.0000000000000004,
            0.0
        ],
        [
            -0.0005152344085052332,
            -0.0036947013737174544,
            4.039136840547293e-05,
            -0.0006162214671775504,
            0.001043454445923559,
            0.027705399726839105,
            0.031008232961089753,
            0.003770905290856635,
            0.051584483795561756,
            0.03963251490500909,
            0.12029716634094618,
            0.036699797073221095,
            0.019302801452988835,
            0.1509465852092856,
            0.4570263946490474,
            0.0,
            0.0,
            0.0,
            0.0,
            1.0000000000000004
        ]
    ],
    "h": [
        [
            -0.18645762290107393,
            -0.4290061231375535,
            0.060471733964441395,
            -0.1871969594183306,
            -0.08537523222225794,
            -0.4948587759262355,
            -0.4152554656578942,
            -0.019891982106422068,
            0.054846580441251125,
            0.029644851779519477,
            -0.19884066527760952,
            -0.27354711093887246,
            -0.01408508173715084,
            0.2677075468654587,
            0.0001591936058476795,
            -0.003238632696108995,
            -0.11872705173905218,
            5.5485310476313145e-05,
            0.05635891335539554,
            -0.0036743494426453435
        ],
        [
            -0.4290061231375535,
            -0.3006079614817194,
            0.0562408951008564,
            -0.17739499736051972,
            -0.07908625268809988,
            -0.4913354436882227,
            -0.35843723021280305,
            -0.050769965635303185,
            0.06339425966828394,
            0.08115153770100492,
            -0.30838962882575327,
            -0.29644797146076896,
            -0.005810097521620511,
            0.1772373074351574,
            -0.00916054501647593,
            -0.12517536084909514,
            -0.18464150754414554,
            0.008785222243077578,
            0.11222573052437676,
            -0.019059539534685976
        ],
        [
            0.060471733964441395,
            0.0562408951008564,
            1.4884202101030817,
            0.049087622793616704,
            0.022360748060384447,
            0.0233574186535504,
            0.05021908036830228,
            0.14685743577605942,
            0.22749651142998284,
            0.10154778511861678,
            0.04217470207631688,
            0.041101800011211644,
            -0.03743408640780417,
            -0.05403287171788958,
            0.000280914346832457,
            0.006103300832034994,
            0.021105563607235547,
            -0.003661056278913861,
            -0.009678044194784142,
            0.0008399435067342825
        ],
        [
            -0.1871969594183306,
            -0.17739499736051972,
            0.049087622793616704,
            1.3481215150446784,
            -0.06899621293674954,
            -0.08641214001226838,
            -0.1659026822903918,
            0.21791081952884367,
            -0.4891148430870255,
            -0.3050715929124953,
            -0.19039769476247828,
            -0.13682157970260633,
            -0.013696417976723246,
            0.17208100696903283,
            0.0029032465205179048,
            -0.0527865309889767,
            -0.09023542870153761,
            -0.00047268880095113937,
            0.07219085207837393,
            -0.0035809824606236208
        ],
        [
            -0.08537523222225794,
            -0.07908625268809988,
            0.022360748060384447,
            -0.06899621293674954,
            1.4726011723707704,
            -0.031535587222537964,
            -0.06992145460485939,
            0.1025783835893781,
            -0.32180927187478564,
            0.07428931324176102,
            -0.05404350897399982,
            -0.057207969670317646,
            -0.00352931419587707,
            0.07199905449137448,
            -0.041012768286248114,
            -0.006106270023679049,
            -0.027872898770397978,
            0.00030053016591893026,
            0.010564831542036641,
            -0.004575410276898216
        ],
        [
            -0.4948587759262355,
            -0.4913354436882227,
            0.0233574186535504,
            -0.08641214001226838,
            -0.031535587222537964,
            -0.3689827624369635,
            -0.5660717640188806,
            -0.06131620765632439,
            -0.04736307256656304,
            0.10953549392943922,
            -0.5136030309043131,
            -0.49335353473708554,
            -0.01188378588897754,
            0.03840432596677934,
            0.012994800978443813,
            -0.25265740416072524,
            -0.33105907479028407,
            0.02325992871334641,
            0.2444939221743808,
            -0.04881794230768173
        ],
        [
            -0.4152554656578942,
            -0.35843723021280305,
            0.05021908036830228,
            -0.1659026822903918,
            -0.06992145460485939,
            -0.5660717640188806,
            -0.42821650430686664,
            -0.054752259512830796,
            -0.051236011452251644,
            0.09807427191912255,
            -0.512268458907392,
            -0.40865500925885945,
            -0.014742276180508149,
            0.1164993574362082,
            0.004790191927005794,
            -0.31759781875512594,
            -0.3122644621739513,
            0.02269345110016287,
            0.1921847859693498,
            -0.042849051250404585
        ],
        [
            -0.019891982106422068,
            -0.050769965635303185,
            0.14685743577605942,
            0.21791081952884367,
            0.1025783835893781,
            -0.06131620765632439,
            -0.054752259512830796,
            1.4056576629530746,
            0.0428009741183453,
            0.022599488682756966,
            -0.014028578404627831,
            -0.033083481312023,
            0.35095879128567786,
            -0.004299458683103052,
            0.003655453859491762,
            -0.008037004962416359,
            -0.013857901497199662,
            -0.04579876834288492,
            0.009949358981331327,
            -0.0019162289923782515
        ],
        [
            0.054846580441251125,
            0.06339425966828394,
            0.22749651142998284,
            -0.4891148430870255,
            -0.32180927187478564,
            -0.04736307256656304,
            -0.051236011452251644,
            0.0428009741183453,
            0.9830404694658572,
            -0.03273134698869812,
            -0.07763707744852744,
            -0.1529042180803018,
            -0.02839102315944379,
            -0.7471255259696714,
            0.14665909653675038,
            -0.3132130949294391,
            -0.19493592898380432,
            0.027955695779994724,
            0.19033652275800633,
            -0.053372405255392524
        ],
        [
            0.029644851779519477,
            0.08115153770100492,
            0.10154778511861678,
            -0.3050715929124953,
            0.07428931324176102,
            0.10953549392943922,
            0.09807427191912255,
            0.022599488682756966,
            -0.03273134698869812,
            1.3857178703092898,
            0.028834103128439287,
            0.06964164269879161,
            0.005793926307653388,
            0.11113785230519913,
            0.3328942126155626,
            0.03805579859672853,
            0.04066502977887649,
            -0.0038929037281386306,
            -0.036844097384314406,
            -0.038987603258352294
        ],
        [
            -0.19884066527760952,
            -0.30838962882575327,
            0.04217470207631688,
            -0.19039769476247828,
            -0.05404350897399982,
            -0.5136030309043131,
            -0.512268458907392,
            -0.014028578404627831,
            -0.07763707744852744,
            0.028834103128439287,
            -0.4679391588450601,
            -0.6095717972959025,
            -0.029307965905471255,
            -0.05873917711988916,
            0.03273254836701674,
            -0.5976333167442334,
            -0.5502938331293106,
            0.008219172958688264,
            0.07574168746788401,
            -0.01698590647601611
        ],
        [
            -0.27354711093887246,
            -0.29644797146076896,
            0.041101800011211644,
            -0.13682157970260633,
            -0.057207969670317646,
            -0.49335353473708554,
            -0.40865500925885945,
            -0.033083481312023,
            -0.1529042180803018,
            0.06964164269879161,
            -0.6095717972959025,
            -0.43709097664209984,
            -0.023984377583168737,
            -0.009708892525652046,
            0.024394102448234145,
            -0.4711504319394626,
            -0.3696689256784573,
            0.02922851005917966,
            0.23833998939559442,
            -0.0546285539153884
        ],
        [
            -0.01408508173715084,
            -0.005810097521620511,
            -0.03743408640780417,
            -0.013696417976723246,
            -0.00352931419587707,
            -0.01188378588897754,
            -0.014742276180508149,
            0.35095879128567786,
            -0.02839102315944379,
            0.005793926307653388,
            -0.029307965905471255,
            -0.023984377583168737,
            1.3924979374725046,
            -0.035644835012745055,
            0.00826254146947894,
            -0.00011547165260267223,
            -0.02301082453089138,
            0.41449359526376073,
            -0.11802094299449001,
            0.027297756412965446
        ],
        [
            0.2677075468654587,
            0.1772373074351574,
            -0.05403287171788958,
            0.17208100696903283,
            0.07199905449137448,
            0.03840432596677934,
            0.1164993574362082,
            -0.004299458683103052,
            -0.7471255259696714,
            0.11113785230519913,
            -0.05873917711988916,
            -0.009708892525652046,
            -0.035644835012745055,
            0.848650312891094,
            0.09091150774440601,
            -0.010806225570260786,
            -0.10680551155545848,
            -0.12054328443740461,
            -0.5362938360315073,
            0.21994617647314396
        ],
        [
            0.0001591936058476795,
            -0.00916054501647593,
            0.000280914346832457,
            0.0029032465205179048,
            -0.041012768286248114,
            0.012994800978443813,
            0.004790191927005794,
            0.003655453859491762,
            0.14665909653675038,
            0.3328942126155626,
            0.03273254836701674,
            0.024394102448234145,
            0.00826254146947894,
            0.09091150774440601,
            1.3789853275506228,
            -0.0016845923993701328,
            0.03221098868273716,
            0.02777745918670898,
            0.2190895938299136,
            0.3792469125779929
        ],
        [
            -0.003238632696108995,
            -0.12517536084909514,
            0.006103300832034994,
            -0.0527865309889767,
            -0.006106270023679049,
            -0.25265740416072524,
            -0.31759781875512594,
            -0.008037004962416359,
            -0.3132130949294391,
            0.03805579859672853,
            -0.5976333167442334,
            -0.4711504319394626,
            -0.00011547165260267223,
            -0.010806225570260786,
            -0.0016845923993701328,
            -0.2876435415000691,
            -0.4748706664602105,
            0.03828161800724311,
            0.2929931511509174,
            -0.06956312765904024
        ],
        [
            -0.11872705173905218,
            -0.18464150754414554,
            0.021105563607235547,
            -0.09023542870153761,
            -0.027872898770397978,
            -0.33105907479028407,
            -0.3122644621739513,
            -0.013857901497199662,
            -0.19493592898380432,
            0.04066502977887649,
            -0.5502938331293106,
            -0.3696689256784573,
            -0.02301082453089138,
            -0.10680551155545848,
            0.03221098868273716,
            -0.4748706664602105,
            -0.3152142876318904,
            0.03131825293034622,
            0.24493077143460712,
            -0.057507347466109596
        ],
        [
            5.5485310476313145e-05,
            0.008785222243077578,
            -0.003661056278913861,
            -0.00047268880095113937,
            0.00030053016591893026,
            0.02325992871334641,
            0.02269345110016287,
            -0.04579876834288492,
            0.027955695779994724,
            -0.0038929037281386306,
            0.008219172958688264,
            0.02922851005917966,
            0.41449359526376073,
            -0.12054328443740461,
            0.02777745918670898,
            0.03828161800724311,
            0.03131825293034622,
            1.4661884659653848,
            -0.035167336195460516,
            0.008183446064699552
        ],
        [
            0.05635891335539554,
            0.11222573052437676,
            -0.009678044194784142,
            0.07219085207837393,
            0.010564831542036641,
            0.2444939221743808,
            0.1921847859693498,
            0.009949358981331327,
            0.19033652275800633,
            -0.036844097384314406,
            0.07574168746788401,
            0.23833998939559442,
            -0.11802094299449001,
            -0.5362938360315073,
            0.2190895938299136,
            0.2929931511509174,
            0.24493077143460712,
            -0.035167336195460516,
            1.1907034585485743,
            0.06457350532703696
        ],
        [
            -0.0036743494426453435,
            -0.019059539534685976,
            0.0008399435067342825,
            -0.0035809824606236208,
            -0.004575410276898216,
            -0.04881794230768173,
            -0.042849051250404585,
            -0.0019162289923782515,
            -0.053372405255392524,
            -0.038987603258352294,
            -0.01698590647601611,
            -0.0546285539153884,
            0.027297756412965446,
            0.21994617647314396,
            0.3792469125779929,
            -0.06956312765904024,
            -0.057507347466109596,
            0.008183446064699552,
            0.06457350532703696,
            1.4556925166391745
        ]
    ]
}