{
    "HF": -2.1606128692875073,
    "coordinates": [
        [
            0.836721,
            0.195947,
            0.036795
        ],
        [
            1.508909,
            -0.180191,
            -0.057922
        ],
        [
            2.32445,
            -0.191291,
            -0.059391
        ],
        [
            2.999947,
            0.061936,
            0.005818
        ]
    ],
    "elements": [
        "H",
        "H",
        "H",
        "H"
    ],
    "Enn": 2.998922727706188,
    "S": [
        [
            0.9999999999999999,
            0.6848602514927513,
            0.0,
            0.0,
            0.0,
            0.5418094137344599,
            0.5548194632752802,
            0.06443110062750997,
            -0.4572549032233356,
            0.2558673240055148,
            0.11311653025720772,
            0.2990742015267546,
            0.009342876864000163,
            -0.14450823252866427,
            0.03761375825028274,
            0.016492817329909756,
            0.13305746981559763,
            0.00028975234281890537,
            -0.02023436102743227,
            0.001253510708380551
        ],
        [
            0.6848602514927513,
            1.0000000000000002,
            0.0,
            0.0,
            0.0,
            0.5548194632752802,
            0.8770429288472475,
            0.020587215828335354,
            -0.14610343901535222,
            0.0817554840972413,
            0.2990742015267546,
            0.5964125177656685,
            0.010801022955148383,
            -0.16706168340548477,
            0.04348415078187836,
            0.13305746981559763,
            0.3593386705014185,
            0.0014606508591941284,
            -0.10200206332217696,
            0.006318987709961077
        ],
        [
            0.0,
            0.0,
            1.0000000000000004,
            0.0,
            0.0,
            -0.06443110062750995,
            -0.020587215828335354,
            0.4469155975421613,
            0.07563296977192036,
            -0.042322139020736116,
            -0.009342876864000156,
            -0.010801022955148381,
            0.0448663503767031,
            0.01707840239528868,
            -0.004445303134338847,
            -0.00028975234281890537,
            -0.0014606508591941268,
            0.00223953328183484,
            0.00039058376335779983,
            -2.4196510540896848e-05
        ],
        [
            0.0,
            0.0,
            0.0,
            1.0000000000000004,
            0.0,
            0.45725490322333545,
            0.146103439015352,
            0.07563296977192033,
            -0.07917944926333864,
            0.30035193243103736,
            0.14450823252866415,
            0.16706168340548472,
            0.01707840239528869,
            -0.21818470678609236,
            0.06875643427054666,
            0.02023436102743227,
            0.10200206332217701,
            0.0003905837633578,
            -0.025030625061081883,
            0.0016897220748084754
        ],
        [
            0.0,
            0.0,
            0.0,
            0.0,
            1.0000000000000004,
            -0.2558673240055148,
            -0.08175548409724129,
            -0.042322139020736116,
            0.30035193243103747,
            0.289504207926669,
            -0.03761375825028271,
            -0.043484150781878346,
            -0.004445303134338847,
            0.06875643427054662,
            0.02807404419643458,
            -0.0012535107083805515,
            -0.006318987709961074,
            -2.4196510540896858e-05,
            0.0016897220748084754,
            0.0021404487517258154
        ],
        [
            0.5418094137344599,
            0.5548194632752802,
            -0.06443110062750997,
            0.45725490322333545,
            -0.2558673240055148,
            0.9999999999999999,
            0.6848602514927513,
            0.0,
            0.0,
            0.0,
            0.5106084926841415,
            0.5427484560007265,
            0.0009270063454238086,
            -0.5146437589879342,
            0.007004608872841576,
            0.12177326077827155,
            0.30824975456879333,
            -0.006773334267714399,
            -0.1584452271707616,
            -0.025729637688090435
        ],
        [
            0.5548194632752802,
            0.8770429288472475,
            -0.020587215828335354,
            0.14610343901535205,
            -0.0817554840972413,
            0.6848602514927513,
            1.0000000000000002,
            0.0,
            0.0,
            0.0,
            0.5427484560007265,
            0.8650993793309877,
            0.0003118840629774131,
            -0.17314788332516173,
            0.0023566460851254436,
            0.30824975456879333,
            0.6077782830705051,
            -0.0073927451745824995,
            -0.1729347972955624,
            -0.028082573123409758
        ],
        [
            0.06443110062750995,
            0.020587215828335358,
            0.4469155975421613,
            0.07563296977192033,
            -0.042322139020736116,
            0.0,
            0.0,
            1.0000000000000004,
            0.0,
            0.0,
            -0.0009270063454238086,
            -0.00031188406297741306,
            0.4216701241052832,
            0.001311520263328817,
            -1.7850573941653308e-05,
            0.006773334267714396,
            0.007392745174582499,
            0.050901297011896836,
            -0.012693076168829002,
            -0.0020612059877280525
        ],
        [
            -0.4572549032233356,
            -0.14610343901535183,
            0.07563296977192036,
            -0.07917944926333864,
            0.30035193243103747,
            0.0,
            0.0,
            0.0,
            1.0000000000000004,
            0.0,
            0.5146437589879342,
            0.17314788332516204,
            0.001311520263328817,
            -0.3064408879636654,
            0.009910057810040767,
            0.15844522717076157,
            0.17293479729556238,
            -0.012693076168829002,
            -0.24547888417558855,
            -0.04821676268481425
        ],
        [
            0.2558673240055148,
            0.08175548409724129,
            -0.042322139020736116,
            0.30035193243103736,
            0.289504207926669,
            0.0,
            0.0,
            0.0,
            0.0,
            1.0000000000000004,
            -0.007004608872841538,
            -0.002356646085125443,
            -1.7850573941653308e-05,
            0.009910057810040767,
            0.42153760468759033,
            0.025729637688090428,
            0.02808257312340974,
            -0.002061205987728052,
            -0.04821676268481423,
            0.04361407601311287
        ],
        [
            0.11311653025720772,
            0.2990742015267546,
            -0.009342876864000163,
            0.14450823252866424,
            -0.03761375825028274,
            0.5106084926841415,
            0.5427484560007265,
            -0.0009270063454238086,
            0.5146437589879342,
            -0.007004608872841576,
            0.9999999999999999,
            0.6848602514927513,
            0.0,
            0.0,
            0.0,
            0.5833667636038062,
            0.5700756298194614,
            -0.04870274795796401,
            -0.5045095023288323,
            -0.189128046084917
        ],
        [
            0.2990742015267546,
            0.5964125177656685,
            -0.010801022955148383,
            0.1670616834054847,
            -0.04348415078187836,
            0.5427484560007265,
            0.8650993793309877,
            -0.0003118840629774131,
            0.17314788332516173,
            -0.0023566460851254436,
            0.6848602514927513,
            1.0000000000000002,
            0.0,
            0.0,
            0.0,
            0.5700756298194614,
            0.8919974797402027,
            -0.014589905676163197,
            -0.15113615474138897,
            -0.056657179908567515
        ],
        [
            0.009342876864000156,
            0.010801022955148384,
            0.0448663503767031,
            0.01707840239528868,
            -0.004445303134338847,
            0.0009270063454238086,
            0.00031188406297741306,
            0.4216701241052832,
            0.001311520263328817,
            -1.7850573941653308e-05,
            0.0,
            0.0,
            1.0000000000000004,
            0.0,
            0.0,
            0.04870274795796402,
            0.01458990567616319,
            0.5004895472061073,
            -0.05787342048727161,
            -0.0216953038277451
        ],
        [
            -0.14450823252866418,
            -0.16706168340548472,
            0.017078402395288687,
            -0.21818470678609236,
            0.06875643427054665,
            -0.5146437589879342,
            -0.17314788332516168,
            0.001311520263328817,
            -0.3064408879636654,
            0.009910057810040767,
            0.0,
            0.0,
            0.0,
            1.0000000000000004,
            0.0,
            0.5045095023288324,
            0.15113615474138892,
            -0.05787342048727161,
            -0.09343172375773644,
            -0.22474064392538343
        ],
        [
            0.03761375825028271,
            0.043484150781878346,
            -0.004445303134338847,
            0.06875643427054663,
            0.02807404419643458,
            0.007004608872841538,
            0.002356646085125443,
            -1.7850573941653308e-05,
            0.009910057810040767,
            0.42153760468759033,
            0.0,
            0.0,
            0.0,
            0.0,
            1.0000000000000004,
            0.18912804608491704,
            0.05665717990856747,
            -0.021695303827745097,
            -0.2247406439253834,
            0.42182667947651176
        ],
        [
            0.016492817329909756,
            0.13305746981559763,
            -0.00028975234281890537,
            0.02023436102743227,
            -0.0012535107083805506,
            0.12177326077827155,
            0.30824975456879333,
            0.006773334267714399,
            0.1584452271707616,
            0.025729637688090435,
            0.5833667636038062,
            0.5700756298194614,
            0.04870274795796401,
            0.5045095023288323,
            0.189128046084917,
            0.9999999999999999,
            0.6848602514927513,
            0.0,
            0.0,
            0.0
        ],
        [
            0.13305746981559763,
            0.3593386705014185,
            -0.0014606508591941288,
            0.10200206332217698,
            -0.006318987709961077,
            0.30824975456879333,
            0.6077782830705051,
            0.0073927451745824995,
            0.1729347972955624,
            0.028082573123409768,
            0.5700756298194614,
            0.8919974797402027,
            0.014589905676163197,
            0.15113615474138897,
            0.056657179908567494,
            0.6848602514927513,
            1.0000000000000002,
            0.0,
            0.0,
            0.0
        ],
        [
            0.00028975234281890537,
            0.0014606508591941277,
            0.00223953328183484,
            0.00039058376335779983,
            -2.4196510540896848e-05,
            -0.006773334267714397,
            -0.0073927451745825,
            0.050901297011896836,
            -0.012693076168829002,
            -0.0020612059877280525,
            -0.04870274795796402,
            -0.014589905676163193,
            0.5004895472061073,
            -0.05787342048727161,
            -0.0216953038277451,
            0.0,
            0.0,
            1.0000000000000004,
            0.0,
            0.0
        ],
        [
            -0.02023436102743227,
            -0.1020020633221769,
            0.0003905837633578,
            -0.025030625061081883,
            0.0016897220748084754,
            -0.15844522717076157,
            -0.17293479729556238,
            -0.012693076168829002,
            -0.24547888417558855,
            -0.04821676268481425,
            -0.5045095023288324,
            -0.15113615474138892,
            -0.05787342048727161,
            -0.09343172375773644,
            -0.22474064392538343,
            0.0,
            0.0,
            0.0,
            1.0000000000000004,
            0.0
        ],
        [
            0.001253510708380551,
            0.006318987709961079,
            -2.4196510540896858e-05,
            0.0016897220748084754,
            0.0021404487517258154,
            -0.025729637688090428,
            -0.02808257312340974,
            -0.002061205987728052,
            -0.04821676268481423,
            0.04361407601311287,
            -0.18912804608491704,
            -0.05665717990856748,
            -0.021695303827745097,
            -0.2247406439253834,
            0.42182667947651176,
            0.0,
            0.0,
            0.0,
            0.0,
            1.0000000000000004
        ]
    ],
    "h": [
        [
            -0.25905401547479867,
            -0.46337385830920974,
            0.03452870449745725,
            -0.24680145474693932,
            0.13713922308706267,
            -0.5719227677988772,
            -0.4588838191462925,
            -0.003953354283010024,
            0.01872319172902359,
            -0.015613915668191758,
            -0.23065940126496498,
            -0.3055182814893792,
            -0.007288527339569716,
            0.2959753115792748,
            -0.030496485167011825,
            -0.020441502903706672,
            -0.14816181483186902,
            0.0010079669673952435,
            0.07530411420886512,
            0.0035390322684260922
        ],
        [
            -0.46337385830920974,
            -0.3114446407530602,
            0.028920771786323154,
            -0.2125377368045359,
            0.11490358094401056,
            -0.5325407690076231,
            -0.3670037333809193,
            -0.024871790596398984,
            0.08361130386918306,
            -0.0981573420543777,
            -0.3262318571096644,
            -0.3092429644796659,
            -0.006291896262388446,
            0.17439798528288963,
            -0.02592132239269762,
            -0.15035222197802822,
            -0.20453408646687943,
            0.007635205086634145,
            0.11957459897580147,
            0.029406363677235512
        ],
        [
            0.03452870449745725,
            0.028920771786323154,
            1.4841803603206631,
            0.028654970524313702,
            -0.015816655127323456,
            0.006853217349946261,
            0.026500846192900416,
            0.3684019076026376,
            0.10755705308374039,
            -0.058310163447502936,
            0.02023891937530158,
            0.020659398524108377,
            -0.04369515217992084,
            -0.024670639076582415,
            0.0022440301202896924,
            0.0029674477072324772,
            0.010884872571478042,
            -0.006801024463777506,
            -0.004476040775365845,
            -0.0004517337811674293
        ],
        [
            -0.24680145474693932,
            -0.2125377368045359,
            0.028654970524313702,
            1.2765435798537423,
            0.1138507529192389,
            -0.06708399761049333,
            -0.204250562976864,
            0.10323862862135244,
            -0.40015789232615495,
            0.410312863592705,
            -0.21451576230128716,
            -0.16325928168462023,
            -0.005110260652690955,
            0.15963942642814022,
            -0.021401829368768943,
            -0.07328412893745964,
            -0.10942945730609943,
            0.001311180649758695,
            0.09977705401730236,
            0.004568225765753565
        ],
        [
            0.13713922308706267,
            0.11490358094401056,
            -0.015816655127323456,
            0.1138507529192389,
            1.425339678325079,
            0.027342005442706152,
            0.10534971613488406,
            -0.05828041722424521,
            0.4272513416582412,
            0.15154409452214324,
            0.08083061783608594,
            0.0821507109414499,
            0.0021166360332862556,
            -0.09816567224998374,
            -0.03527940194092649,
            0.0120935883958149,
            0.04342348558406636,
            -0.0004842099830829048,
            -0.0182068316004107,
            -0.00848343473461616
        ],
        [
            -0.5719227677988772,
            -0.5325407690076231,
            0.006853217349946261,
            -0.06708399761049333,
            0.027342005442706152,
            -0.41883227179859617,
            -0.587311390679838,
            -0.03202879618820006,
            0.027840500389428605,
            -0.1258857193552677,
            -0.4965813425535346,
            -0.49393363706573123,
            -0.007790877399681513,
            0.05940944277561799,
            -0.03106769578049408,
            -0.2477203023210681,
            -0.3327314259595159,
            0.01511092668455491,
            0.23591377504857755,
            0.058172776104985786
        ],
        [
            -0.4588838191462925,
            -0.3670037333809193,
            0.026500846192900416,
            -0.204250562976864,
            0.10534971613488406,
            -0.587311390679838,
            -0.4290491815327262,
            -0.02598321370516243,
            -0.012486487344469777,
            -0.1019139474204817,
            -0.5000107949814367,
            -0.4044022083086476,
            -0.013340237526931887,
            0.11537633519309176,
            -0.053387255771881956,
            -0.31933471666436286,
            -0.31370162851965566,
            0.015940908307317148,
            0.1857246526841974,
            0.0617705160995006
        ],
        [
            -0.003953354283010024,
            -0.024871790596398984,
            0.3684019076026376,
            0.10323862862135244,
            -0.05828041722424521,
            -0.03202879618820006,
            -0.02598321370516243,
            1.410869551149206,
            0.02805421017154708,
            -0.015368749141194434,
            -0.007465987598501169,
            -0.014889911936014385,
            0.3206463678526843,
            0.010762782685953622,
            -0.0015767065566135072,
            -0.0035082539524230426,
            -0.005956642220679126,
            -0.0455281892339658,
            0.0027768698387122676,
            0.0006564044128814246
        ],
        [
            0.01872319172902359,
            0.08361130386918306,
            0.10755705308374039,
            -0.40015789232615495,
            0.4272513416582412,
            0.027840500389428605,
            -0.012486487344469777,
            0.02805421017154708,
            0.9339364098286647,
            0.11320697316309355,
            -0.0748878204242669,
            -0.1308714661064942,
            -0.004192361480877377,
            -0.798697726895626,
            -0.009353553108968383,
            -0.31221234760209077,
            -0.18167565212180944,
            0.018707713728062403,
            0.16886779410506225,
            0.07250428873323875
        ],
        [
            -0.015613915668191758,
            -0.0981573420543777,
            -0.058310163447502936,
            0.410312863592705,
            0.15154409452214324,
            -0.1258857193552677,
            -0.1019139474204817,
            -0.015368749141194434,
            0.11320697316309355,
            1.3536808132791298,
            -0.02889032430609976,
            -0.05763318753213205,
            -0.0014827422976454968,
            0.04951465576221094,
            0.31488440708356735,
            -0.011891483558832454,
            -0.022240592487831903,
            0.0005536060909977275,
            0.009560627515305523,
            -0.043571869180401276
        ],
        [
            -0.23065940126496498,
            -0.3262318571096644,
            0.02023891937530158,
            -0.21451576230128716,
            0.08083061783608594,
            -0.4965813425535346,
            -0.5000107949814367,
            -0.007465987598501169,
            -0.0748878204242669,
            -0.02889032430609976,
            -0.4531089218077282,
            -0.6008005790418315,
            -0.026577377181718244,
            -0.0717833691615892,
            -0.10453568331788025,
            -0.6040178296771419,
            -0.5500046953278146,
            0.004385773140231364,
            0.06583232969340758,
            0.016889743710522764
        ],
        [
            -0.3055182814893792,
            -0.3092429644796659,
            0.020659398524108377,
            -0.16325928168462023,
            0.0821507109414499,
            -0.49393363706573123,
            -0.4044022083086476,
            -0.014889911936014385,
            -0.1308714661064942,
            -0.05763318753213205,
            -0.6008005790418315,
            -0.43065232332606707,
            -0.02115374848261512,
            -0.012975547221988945,
            -0.08346404439621835,
            -0.47582852074526505,
            -0.3692477348055354,
            0.020778708367467383,
            0.23349268285780433,
            0.08056552500174591
        ],
        [
            -0.007288527339569716,
            -0.006291896262388446,
            -0.04369515217992084,
            -0.005110260652690955,
            0.0021166360332862556,
            -0.007790877399681513,
            -0.013340237526931887,
            0.3206463678526843,
            -0.004192361480877377,
            -0.0014827422976454968,
            -0.026577377181718244,
            -0.02115374848261512,
            1.403911555632811,
            -0.02248930950770756,
            -0.008998245109998828,
            -0.0013569780896205141,
            -0.019513482906583057,
            0.44705044871585065,
            -0.08171575787896798,
            -0.030968992803338855
        ],
        [
            0.2959753115792748,
            0.17439798528288963,
            -0.024670639076582415,
            0.15963942642814022,
            -0.09816567224998374,
            0.05940944277561799,
            0.11537633519309176,
            0.010762782685953622,
            -0.798697726895626,
            0.04951465576221094,
            -0.0717833691615892,
            -0.012975547221988945,
            -0.02248930950770756,
            0.8752044862459492,
            -0.08545431207986447,
            -0.0054056554721227945,
            -0.10291131275134868,
            -0.08497422494022475,
            -0.45044942510595576,
            -0.32982844196026
        ],
        [
            -0.030496485167011825,
            -0.02592132239269762,
            0.0022440301202896924,
            -0.021401829368768943,
            -0.03527940194092649,
            -0.03106769578049408,
            -0.053387255771881956,
            -0.0015767065566135072,
            -0.009353553108968383,
            0.31488440708356735,
            -0.10453568331788025,
            -0.08346404439621835,
            -0.008998245109998828,
            -0.08545431207986447,
            1.3712362215493425,
            -0.005359860681797668,
            -0.07642903127599485,
            -0.030946245370032585,
            -0.31693966333011236,
            0.3348248547265773
        ],
        [
            -0.020441502903706672,
            -0.15035222197802822,
            0.0029674477072324772,
            -0.07328412893745964,
            0.0120935883958149,
            -0.2477203023210681,
            -0.31933471666436286,
            -0.0035082539524230426,
            -0.31221234760209077,
            -0.011891483558832454,
            -0.6040178296771419,
            -0.47582852074526505,
            -0.0013569780896205141,
            -0.0054056554721227945,
            -0.005359860681797668,
            -0.29408189338175483,
            -0.47781464974927257,
            0.028149679691382993,
            0.2916969875921935,
            0.10930120890594176
        ],
        [
            -0.14816181483186902,
            -0.20453408646687943,
            0.010884872571478042,
            -0.10942945730609943,
            0.04342348558406636,
            -0.3327314259595159,
            -0.31370162851965566,
            -0.005956642220679126,
            -0.18167565212180944,
            -0.022240592487831903,
            -0.5500046953278146,
            -0.3692477348055354,
            -0.019513482906583057,
            -0.10291131275134868,
            -0.07642903127599485,
            -0.47781464974927257,
            -0.31504812432617313,
            0.022555619995305205,
            0.2411529709288718,
            0.08753263449628773
        ],
        [
            0.0010079669673952435,
            0.007635205086634145,
            -0.006801024463777506,
            0.001311180649758695,
            -0.0004842099830829048,
            0.01511092668455491,
            0.015940908307317148,
            -0.0455281892339658,
            0.018707713728062403,
            0.0005536060909977275,
            0.004385773140231364,
            0.020778708367467383,
            0.44705044871585065,
            -0.08497422494022475,
            -0.030946245370032585,
            0.028149679691382993,
            0.022555619995305205,
            1.4745475705975646,
            -0.024961438959207563,
            -0.009262111221691457
        ],
        [
            0.07530411420886512,
            0.11957459897580147,
            -0.004476040775365845,
            0.09977705401730236,
            -0.0182068316004107,
            0.23591377504857755,
            0.1857246526841974,
            0.0027768698387122676,
            0.16886779410506225,
            0.009560627515305523,
            0.06583232969340758,
            0.23349268285780433,
            -0.08171575787896798,
            -0.45044942510595576,
            -0.31693966333011236,
            0.2916969875921935,
            0.2411529709288718,
            -0.024961438959207563,
            1.2087035368424723,
            -0.09686614693762781
        ],
        [
            0.0035390322684260922,
            0.029406363677235512,
            -0.0004517337811674293,
            0.004568225765753565,
            -0.00848343473461616,
            0.058172776104985786,
            0.0617705160995006,
            0.0006564044128814246,
            0.07250428873323875,
            -0.043571869180401276,
            0.016889743710522764,
            0.08056552500174591,
            -0.030968992803338855,
            -0.32982844196026,
            0.3348248547265773,
            0.10930120890594176,
            0.08753263449628773,
            -0.009262111221691457,
            -0.09686614693762781,
            1.440973324759723
        ]
    ]
}