{
    "HF": -2.151969774649218,
    "coordinates": [
        [
            0.827364,
            -0.095217,
            -0.092438
        ],
        [
            1.623733,
            -0.086704,
            -0.082854
        ],
        [
            2.366506,
            0.045744,
            -0.04237
        ],
        [
            3.138674,
            0.029517,
            -0.197647
        ]
    ],
    "elements": [
        "H",
        "H",
        "H",
        "H"
    ],
    "Enn": 2.9543622238391167,
    "S": [
        [
            0.9999999999999999,
            0.6848602514927513,
            0.0,
            0.0,
            0.0,
            0.5256424946006955,
            0.5486341063356694,
            -0.006274269553185349,
            -0.521351603693725,
            -0.005573127786547034,
            0.11132496714556298,
            0.297120918215266,
            -0.004769646332429406,
            -0.14662385146976237,
            -0.01342841968254337,
            0.009585199153352911,
            0.10539942235248236,
            0.0005068620121298772,
            -0.011135123775113408,
            -0.0006009269760287437
        ],
        [
            0.6848602514927513,
            1.0000000000000002,
            0.0,
            0.0,
            0.0,
            0.5486341063356694,
            0.8709353722360414,
            -0.0020583483316355647,
            -0.1710355595279935,
            -0.0018283304828061006,
            0.297120918215266,
            0.5939760206075491,
            -0.005583011700581982,
            -0.17162754243942552,
            -0.01571836127518049,
            0.10539942235248236,
            0.3105195999381572,
            0.003863272452041109,
            -0.08487125864828224,
            -0.004580230075686445
        ],
        [
            0.0,
            0.0,
            1.0000000000000004,
            0.0,
            0.0,
            0.006274269553185349,
            0.0020583483316355647,
            0.43880502540933647,
            -0.008696979879434108,
            -9.296869882381474e-05,
            0.004769646332429406,
            0.005583011700581986,
            0.04457071299810755,
            -0.008975451786258344,
            -0.0008220090539032539,
            -0.000506862012129877,
            -0.0038632724520411047,
            0.0009134548369803436,
            0.0005937359798108714,
            3.204202971722929e-05
        ],
        [
            0.0,
            0.0,
            0.0,
            1.0000000000000004,
            0.0,
            0.521351603693725,
            0.1710355595279935,
            -0.008696979879434137,
            -0.28375362040904806,
            -0.00772510326728116,
            0.14662385146976237,
            0.1716275424394255,
            -0.008975451786258344,
            -0.23105196957902147,
            -0.025269406791618643,
            0.011135123775113408,
            0.08487125864828222,
            0.0005937359798108716,
            -0.012103154843599959,
            -0.0007039232737287613
        ],
        [
            0.0,
            0.0,
            0.0,
            0.0,
            1.0000000000000004,
            0.005573127786547034,
            0.0018283304828061006,
            -9.296869882381504e-05,
            -0.00772510326728116,
            0.43882711071282027,
            0.013428419682543364,
            0.015718361275180486,
            -0.0008220090539032539,
            -0.025269406791618643,
            0.04254840580960969,
            0.0006009269760287437,
            0.004580230075686445,
            3.204202971722931e-05,
            -0.0007039232737287615,
            0.0009024927432216694
        ],
        [
            0.5256424946006955,
            0.5486341063356694,
            0.006274269553185349,
            0.521351603693725,
            0.005573127786547034,
            0.9999999999999999,
            0.6848602514927513,
            0.0,
            0.0,
            0.0,
            0.5581894592912414,
            0.560940433090622,
            -0.02859658836383932,
            -0.5246708262220635,
            -0.09355698388533222,
            0.11811181622028939,
            0.3044203567346604,
            0.011752925887151391,
            -0.1551051832115809,
            -0.011899129733787093
        ],
        [
            0.5486341063356694,
            0.8709353722360414,
            0.0020583483316355647,
            0.1710355595279937,
            0.0018283304828061006,
            0.6848602514927513,
            1.0000000000000002,
            0.0,
            0.0,
            0.0,
            0.560940433090622,
            0.8830614533576772,
            -0.00890306740540568,
            -0.16334744802676127,
            -0.029127395309533934,
            0.3044203567346604,
            0.6030506050314636,
            0.013137142966302726,
            -0.1733729103909962,
            -0.013300566172908363
        ],
        [
            -0.006274269553185346,
            -0.0020583483316355647,
            0.43880502540933647,
            -0.008696979879434135,
            -9.296869882381503e-05,
            0.0,
            0.0,
            1.0000000000000004,
            0.0,
            0.0,
            0.02859658836383932,
            0.008903067405405678,
            0.47457754980112266,
            -0.037207519896968064,
            -0.006634680575779712,
            -0.011752925887151384,
            -0.013137142966302723,
            0.04742494048473319,
            0.02217010298363091,
            0.0017008131266237874
        ],
        [
            -0.521351603693725,
            -0.1710355595279935,
            -0.00869697987943411,
            -0.28375362040904806,
            -0.00772510326728116,
            0.0,
            0.0,
            0.0,
            1.0000000000000004,
            0.0,
            0.5246708262220636,
            0.16334744802676127,
            -0.037207519896968064,
            -0.20605285973910195,
            -0.12172862353803048,
            0.15510518321158084,
            0.17337291039099617,
            0.02217010298363091,
            -0.24347742692436067,
            -0.022445894251919257
        ],
        [
            -0.005573127786547034,
            -0.0018283304828061006,
            -9.296869882381476e-05,
            -0.00772510326728116,
            0.43882711071282027,
            0.0,
            0.0,
            0.0,
            0.0,
            1.0000000000000004,
            0.0935569838853322,
            0.02912739530953393,
            -0.006634680575779712,
            -0.12172862353803048,
            0.4548993930899118,
            0.011899129733787088,
            0.013300566172908363,
            0.001700813126623789,
            -0.022445894251919275,
            0.04738288495646354
        ],
        [
            0.11132496714556298,
            0.297120918215266,
            0.004769646332429407,
            0.14662385146976237,
            0.01342841968254337,
            0.5581894592912414,
            0.560940433090622,
            0.02859658836383932,
            0.5246708262220636,
            0.09355698388533222,
            0.9999999999999999,
            0.6848602514927513,
            0.0,
            0.0,
            0.0,
            0.5325030370951963,
            0.5512767629812704,
            0.10333610772517389,
            -0.5138741451079814,
            0.010798991608907928
        ],
        [
            0.297120918215266,
            0.5939760206075491,
            0.005583011700581987,
            0.17162754243942552,
            0.01571836127518049,
            0.560940433090622,
            0.8830614533576772,
            0.00890306740540568,
            0.16334744802676127,
            0.029127395309533934,
            0.6848602514927513,
            1.0000000000000002,
            0.0,
            0.0,
            0.0,
            0.5512767629812704,
            0.8735479781815507,
            0.03352023154378152,
            -0.16669081802648592,
            0.003502983682457434
        ],
        [
            -0.004769646332429404,
            -0.005583011700581981,
            0.04457071299810755,
            -0.008975451786258344,
            -0.0008220090539032539,
            -0.028596588363839312,
            -0.008903067405405678,
            0.47457754980112266,
            -0.037207519896968064,
            -0.006634680575779712,
            0.0,
            0.0,
            1.0000000000000004,
            0.0,
            0.0,
            -0.1033361077251739,
            -0.0335202315437815,
            0.41884532411668507,
            0.13908424389723656,
            -0.0029228354784456975
        ],
        [
            -0.14662385146976237,
            -0.1716275424394255,
            -0.008975451786258344,
            -0.23105196957902147,
            -0.025269406791618643,
            -0.5246708262220635,
            -0.16334744802676127,
            -0.037207519896968064,
            -0.20605285973910195,
            -0.12172862353803048,
            0.0,
            0.0,
            0.0,
            1.0000000000000004,
            0.0,
            0.5138741451079814,
            0.1666908180264859,
            0.13908424389723634,
            -0.24482989345331488,
            0.014534799266603901
        ],
        [
            -0.013428419682543364,
            -0.015718361275180486,
            -0.0008220090539032539,
            -0.025269406791618643,
            0.04254840580960969,
            -0.0935569838853322,
            -0.029127395309533937,
            -0.006634680575779712,
            -0.12172862353803048,
            0.4548993930899118,
            0.0,
            0.0,
            0.0,
            0.0,
            1.0000000000000004,
            -0.010798991608907925,
            -0.0035029836824574277,
            -0.0029228354784456953,
            0.014534799266603912,
            0.44650864084559905
        ],
        [
            0.009585199153352911,
            0.10539942235248236,
            -0.0005068620121298774,
            0.011135123775113408,
            0.0006009269760287437,
            0.11811181622028939,
            0.3044203567346604,
            -0.011752925887151391,
            0.155105183211581,
            0.011899129733787093,
            0.5325030370951963,
            0.5512767629812704,
            -0.1033361077251739,
            0.5138741451079814,
            -0.010798991608907925,
            0.9999999999999999,
            0.6848602514927513,
            0.0,
            0.0,
            0.0
        ],
        [
            0.10539942235248236,
            0.3105195999381572,
            -0.0038632724520411056,
            0.08487125864828224,
            0.004580230075686447,
            0.3044203567346604,
            0.6030506050314636,
            -0.013137142966302726,
            0.1733729103909962,
            0.013300566172908366,
            0.5512767629812704,
            0.8735479781815507,
            -0.0335202315437815,
            0.16669081802648592,
            -0.0035029836824574286,
            0.6848602514927513,
            1.0000000000000002,
            0.0,
            0.0,
            0.0
        ],
        [
            0.0005068620121298772,
            0.003863272452041101,
            0.0009134548369803437,
            0.0005937359798108716,
            3.2042029717229304e-05,
            0.011752925887151384,
            0.013137142966302723,
            0.0474249404847332,
            0.022170102983630906,
            0.0017008131266237883,
            0.1033361077251739,
            0.03352023154378151,
            0.41884532411668507,
            0.1390842438972364,
            -0.002922835478445696,
            0.0,
            0.0,
            1.0000000000000004,
            0.0,
            0.0
        ],
        [
            -0.011135123775113408,
            -0.08487125864828222,
            0.0005937359798108714,
            -0.012103154843599959,
            -0.0007039232737287613,
            -0.15510518321158084,
            -0.17337291039099617,
            0.02217010298363091,
            -0.24347742692436067,
            -0.022445894251919268,
            -0.5138741451079814,
            -0.1666908180264859,
            0.1390842438972365,
            -0.24482989345331488,
            0.014534799266603912,
            0.0,
            0.0,
            0.0,
            1.0000000000000004,
            0.0
        ],
        [
            -0.0006009269760287437,
            -0.0045802300756864435,
            3.20420297172293e-05,
            -0.0007039232737287615,
            0.0009024927432216694,
            -0.011899129733787088,
            -0.01330056617290836,
            0.001700813126623788,
            -0.02244589425191926,
            0.04738288495646354,
            0.010798991608907928,
            0.0035029836824574277,
            -0.0029228354784456966,
            0.014534799266603901,
            0.44650864084559905,
            0.0,
            0.0,
            0.0,
            0.0,
            1.0000000000000004
        ]
    ],
    "h": [
        [
            -0.24860049030302878,
            -0.4587533581996984,
            -0.004305021640906169,
            -0.2725977169232664,
            -0.0042257605922274115,
            -0.5603231446675198,
            -0.4498472673767989,
            -0.003392277447293009,
            0.03070675637808895,
            -0.004846732288472074,
            -0.23862702468956926,
            -0.3037735148039077,
            0.008044626180969348,
            0.3080835945793451,
            0.038110670655515475,
            -0.0038972124879564918,
            -0.12455061860587371,
            -0.003714852950586411,
            0.05722287211558213,
            0.003583562708616701
        ],
        [
            -0.4587533581996984,
            -0.3090232704025977,
            -0.00394543816854089,
            -0.23708878292389896,
            -0.004439331217389255,
            -0.5319790869346924,
            -0.3638206383114413,
            -0.003896172419841956,
            0.10547004570877144,
            -0.01602565026451424,
            -0.32931692945175395,
            -0.30557687607822515,
            0.01576182821846097,
            0.19296998511480473,
            0.03533390041724163,
            -0.12458229099138382,
            -0.18646660789622038,
            -0.015554865298726323,
            0.11245274687873401,
            0.002308429070581262
        ],
        [
            -0.004305021640906169,
            -0.00394543816854089,
            1.4870255399129353,
            -0.0039282968091125465,
            -0.00011616360328553286,
            -0.0025590806900052943,
            -0.003997677584869717,
            0.3535638168941896,
            -0.012175134720344885,
            -0.0003737945313795276,
            -0.005305720750636305,
            -0.0030229967486852007,
            -0.04533452664613154,
            0.00500244655543931,
            0.0007253311955714714,
            0.00036489299293005644,
            -0.0010022816426544807,
            -0.003199795211335591,
            -0.0013736223879789364,
            -8.93783496409251e-05
        ],
        [
            -0.2725977169232664,
            -0.23708878292389896,
            -0.0039282968091125465,
            1.2202782326225685,
            -0.004530540217942026,
            -0.08278520661042932,
            -0.2263767593506087,
            -0.015253527152345632,
            -0.6666580121792709,
            -0.020473817223325235,
            -0.24095556921705757,
            -0.184526533509433,
            0.011994245994019888,
            0.20276824481422417,
            0.036740048844441785,
            -0.056744913375668816,
            -0.11241640580249242,
            -0.006435294377254486,
            0.07637369496615991,
            0.003626416120175867
        ],
        [
            -0.0042257605922274115,
            -0.004439331217389255,
            -0.00011616360328553286,
            -0.004530540217942026,
            1.4868893043653761,
            -0.004807309780726812,
            -0.0055311021077025894,
            -0.00030334449773605716,
            -0.01274339042871015,
            0.3529845797700245,
            -0.012982458574684844,
            -0.004502916259833463,
            0.0005481302681854794,
            0.008676324820661697,
            -0.04419783666671863,
            -0.0039524217584121744,
            -0.004570248247810854,
            -0.0003934657405035011,
            0.004278613625003383,
            -0.003078587320274414
        ],
        [
            -0.5603231446675198,
            -0.5319790869346924,
            -0.0025590806900052943,
            -0.08278520661042932,
            -0.004807309780726812,
            -0.4450387083427092,
            -0.6019688725205607,
            -0.009820858678227327,
            0.01948531412095683,
            -0.039141938558249156,
            -0.5373796366461034,
            -0.5184478214461807,
            0.012059759472639507,
            0.046890831091972784,
            0.011572821184944043,
            -0.24799968301424496,
            -0.3348586586949621,
            -0.032424080874369196,
            0.24425735274772625,
            0.0077290269798550235
        ],
        [
            -0.4498472673767989,
            -0.3638206383114413,
            -0.003997677584869717,
            -0.2263767593506087,
            -0.0055311021077025894,
            -0.6019688725205607,
            -0.4370912728798435,
            -0.007032893637395911,
            -0.007729297876215777,
            -0.03386219916989139,
            -0.5198688866780526,
            -0.41278488229192467,
            0.03393673351903831,
            0.12933558147964302,
            0.04126841169949637,
            -0.31027142629951177,
            -0.30910622376157826,
            -0.0334433464474493,
            0.18612273741089752,
            -0.0006919095755975116
        ],
        [
            -0.003392277447293009,
            -0.003896172419841956,
            0.3535638168941896,
            -0.015253527152345632,
            -0.00030334449773605716,
            -0.009820858678227327,
            -0.007032893637395911,
            1.4025405065197183,
            -0.014085343051483786,
            -0.0022530517136609717,
            0.003780449405558349,
            -0.006259057347828905,
            0.39418839616592627,
            -0.05059218671749674,
            -0.0094136485071252,
            0.002818473064701517,
            -0.0056035575035524796,
            -0.04658284404721626,
            0.0031432561241622123,
            0.00010763479724804981
        ],
        [
            0.03070675637808895,
            0.10547004570877144,
            -0.012175134720344885,
            -0.6666580121792709,
            -0.01274339042871015,
            0.01948531412095683,
            -0.007729297876215777,
            -0.014085343051483786,
            0.8402350657277329,
            -0.05190649697510876,
            -0.05333975162559934,
            -0.13276139476924842,
            -0.03578513298089213,
            -0.720860450425412,
            -0.17634655513235453,
            -0.3139759399681956,
            -0.1949647438244884,
            -0.040449041146228826,
            0.18831837646802996,
            0.0006524341831250502
        ],
        [
            -0.004846732288472074,
            -0.01602565026451424,
            -0.0003737945313795276,
            -0.020473817223325235,
            0.3529845797700245,
            -0.039141938558249156,
            -0.03386219916989139,
            -0.0022530517136609717,
            -0.05190649697510876,
            1.3950518903939844,
            -0.009708088471666071,
            -0.03739677269696079,
            -0.007357699781140972,
            -0.17896231171105376,
            0.36740620551930214,
            -0.037469443743159574,
            -0.03423883353747306,
            -0.005711015817287394,
            0.03460254514267047,
            -0.04590632957542283
        ],
        [
            -0.23862702468956926,
            -0.32931692945175395,
            -0.005305720750636305,
            -0.24095556921705757,
            -0.012982458574684844,
            -0.5373796366461034,
            -0.5198688866780526,
            0.003780449405558349,
            -0.05333975162559934,
            -0.009708088471666071,
            -0.4508306248618248,
            -0.6033966253700267,
            0.06378809930799817,
            -0.02144956867403454,
            0.04704264131285574,
            -0.5683354549617128,
            -0.5364555187769614,
            -0.011387961048164114,
            0.08479754503011705,
            0.0030390711480580077
        ],
        [
            -0.3037735148039077,
            -0.30557687607822515,
            -0.0030229967486852007,
            -0.184526533509433,
            -0.004502916259833463,
            -0.5184478214461807,
            -0.41278488229192467,
            -0.006259057347828905,
            -0.13276139476924842,
            -0.03739677269696079,
            -0.6033966253700267,
            -0.4359270778456503,
            0.05164182448771306,
            0.007167820363001898,
            0.04032964854259315,
            -0.45466018875376124,
            -0.36582263825992256,
            -0.041292311099235285,
            0.22760706825531785,
            -0.0009504975100478991
        ],
        [
            0.008044626180969348,
            0.01576182821846097,
            -0.04533452664613154,
            0.011994245994019888,
            0.0005481302681854794,
            0.012059759472639507,
            0.03393673351903831,
            0.39418839616592627,
            -0.03578513298089213,
            -0.007357699781140972,
            0.06378809930799817,
            0.05164182448771306,
            1.3902255885840609,
            0.03666037887512067,
            -0.003401927257381313,
            0.010828038904527826,
            0.0460949247195928,
            0.32614275639498325,
            0.18340297492497604,
            -0.004484488507176122
        ],
        [
            0.3080835945793451,
            0.19296998511480473,
            0.00500244655543931,
            0.20276824481422417,
            0.008676324820661697,
            0.046890831091972784,
            0.12933558147964302,
            -0.05059218671749674,
            -0.720860450425412,
            -0.17896231171105376,
            -0.02144956867403454,
            0.007167820363001898,
            0.03666037887512067,
            0.847578164785713,
            -0.04388042844321436,
            -0.026227419244399974,
            -0.10148143249847541,
            0.1942636242945659,
            -0.621439553695364,
            0.01809472578633832
        ],
        [
            0.038110670655515475,
            0.03533390041724163,
            0.0007253311955714714,
            0.036740048844441785,
            -0.04419783666671863,
            0.011572821184944043,
            0.04126841169949637,
            -0.0094136485071252,
            -0.17634655513235453,
            0.36740620551930214,
            0.04704264131285574,
            0.04032964854259315,
            -0.003401927257381313,
            -0.04388042844321436,
            1.3924805785016245,
            0.006505423494382663,
            0.022744128045903096,
            -0.0028448804610307736,
            0.008858881482598717,
            0.36275445178161136
        ],
        [
            -0.0038972124879564918,
            -0.12458229099138382,
            0.00036489299293005644,
            -0.056744913375668816,
            -0.0039524217584121744,
            -0.24799968301424496,
            -0.31027142629951177,
            0.002818473064701517,
            -0.3139759399681956,
            -0.037469443743159574,
            -0.5683354549617128,
            -0.45466018875376124,
            0.010828038904527826,
            -0.026227419244399974,
            0.006505423494382663,
            -0.2561007865921925,
            -0.4622675578489909,
            -0.053630003241330784,
            0.27307244968480027,
            -0.004242450249505723
        ],
        [
            -0.12455061860587371,
            -0.18646660789622038,
            -0.0010022816426544807,
            -0.11241640580249242,
            -0.004570248247810854,
            -0.3348586586949621,
            -0.30910622376157826,
            -0.0056035575035524796,
            -0.1949647438244884,
            -0.03423883353747306,
            -0.5364555187769614,
            -0.36582263825992256,
            0.0460949247195928,
            -0.10148143249847541,
            0.022744128045903096,
            -0.4622675578489909,
            -0.31131492524799964,
            -0.04519501714218461,
            0.2365812457389723,
            -0.0026859607871069662
        ],
        [
            -0.003714852950586411,
            -0.015554865298726323,
            -0.003199795211335591,
            -0.006435294377254486,
            -0.0003934657405035011,
            -0.032424080874369196,
            -0.0334433464474493,
            -0.04658284404721626,
            -0.040449041146228826,
            -0.005711015817287394,
            -0.011387961048164114,
            -0.041292311099235285,
            0.32614275639498325,
            0.1942636242945659,
            -0.0028448804610307736,
            -0.053630003241330784,
            -0.04519501714218461,
            1.4724570276639375,
            0.050525964119313205,
            -0.0009068220228926356
        ],
        [
            0.05722287211558213,
            0.11245274687873401,
            -0.0013736223879789364,
            0.07637369496615991,
            0.004278613625003383,
            0.24425735274772625,
            0.18612273741089752,
            0.0031432561241622123,
            0.18831837646802996,
            0.03460254514267047,
            0.08479754503011705,
            0.22760706825531785,
            0.18340297492497604,
            -0.621439553695364,
            0.008858881482598717,
            0.27307244968480027,
            0.2365812457389723,
            0.050525964119313205,
            1.2189594887780932,
            0.0034145751054143266
        ],
        [
            0.003583562708616701,
            0.002308429070581262,
            -8.93783496409251e-05,
            0.003626416120175867,
            -0.003078587320274414,
            0.0077290269798550235,
            -0.0006919095755975116,
            0.00010763479724804981,
            0.0006524341831250502,
            -0.04590632957542283,
            0.0030390711480580077,
            -0.0009504975100478991,
            -0.004484488507176122,
            0.01809472578633832,
            0.36275445178161136,
            -0.004242450249505723,
            -0.0026859607871069662,
            -0.0009068220228926356,
            0.0034145751054143266,
            1.4822047740930924
        ]
    ]
}