{
    "HF": -2.17933315362295,
    "coordinates": [
        [
            0.677289,
            0.060938,
            0.102346
        ],
        [
            1.381262,
            0.095051,
            0.187689
        ],
        [
            2.220228,
            -0.078449,
            -0.018428
        ],
        [
            2.918388,
            0.153753,
            0.163522
        ]
    ],
    "elements": [
        "H",
        "H",
        "H",
        "H"
    ],
    "Enn": 2.964457936904195,
    "S": [
        [
            0.9999999999999999,
            0.6848602514927513,
            0.0,
            0.0,
            0.0,
            0.595043192996647,
            0.5742045107555277,
            -0.06535512328795419,
            -0.539098018658718,
            -0.026123517110038085,
            0.10914060394460809,
            0.294712661902125,
            0.011231095449730654,
            -0.14348200094483882,
            0.012961967819659916,
            0.012555024926058918,
            0.11836949946233921,
            -0.00041006312222934124,
            -0.015022101039052167,
            -0.0006221395431168488
        ],
        [
            0.6848602514927513,
            1.0000000000000002,
            0.0,
            0.0,
            0.0,
            0.5742045107555277,
            0.896018439288196,
            -0.01924235004222883,
            -0.15872531884604404,
            -0.007691483624791147,
            0.29471266190212486,
            0.5909636294398782,
            0.013350577264967127,
            -0.1705592787738346,
            0.015408092082997782,
            0.11836949946233921,
            0.333946907179509,
            -0.0025443797205065063,
            -0.09320986738667783,
            -0.0038602818713026565
        ],
        [
            0.0,
            0.0,
            1.0000000000000004,
            0.0,
            0.0,
            0.06535512328795419,
            0.019242350042228802,
            0.5099941681098823,
            -0.08107966753682758,
            -0.003928944290027885,
            -0.011231095449730654,
            -0.013350577264967127,
            0.04187561326624251,
            0.021056255199633934,
            -0.0019021933099826862,
            0.00041006312222934146,
            0.0025443797205065063,
            0.0014366324318965602,
            -0.0005163690868299497,
            -2.138539921445763e-05
        ],
        [
            0.0,
            0.0,
            0.0,
            1.0000000000000004,
            0.0,
            0.5390980186587178,
            0.15872531884604418,
            -0.0810796675368276,
            -0.1489823430175979,
            -0.032408875932224086,
            0.14348200094483884,
            0.17055927877383473,
            0.02105625519963394,
            -0.22547878010487055,
            0.0243013251487189,
            0.015022101039052164,
            0.0932098673866779,
            -0.0005163690868299503,
            -0.017465746576963842,
            -0.0007834248200948381
        ],
        [
            0.0,
            0.0,
            0.0,
            0.0,
            1.0000000000000004,
            0.026123517110038085,
            0.007691483624791156,
            -0.003928944290027885,
            -0.03240887593222408,
            0.5182530332679487,
            -0.012961967819659916,
            -0.015408092082997775,
            -0.0019021933099826857,
            0.024301325148718887,
            0.04132844928696408,
            0.0006221395431168488,
            0.0038602818713026565,
            -2.1385399214457647e-05,
            -0.0007834248200948381,
            0.0014182824261979303
        ],
        [
            0.595043192996647,
            0.5742045107555277,
            0.06535512328795419,
            0.539098018658718,
            0.026123517110038085,
            0.9999999999999999,
            0.6848602514927513,
            0.0,
            0.0,
            0.0,
            0.4603414063208727,
            0.5220607693887526,
            0.11407517440229872,
            -0.464324596067277,
            0.096023339941872,
            0.11367126098725444,
            0.29967508708752244,
            0.0023614511119749845,
            -0.15019853113525314,
            -0.0057359996348390644
        ],
        [
            0.5742045107555277,
            0.896018439288196,
            0.01924235004222881,
            0.15872531884604424,
            0.007691483624791158,
            0.6848602514927513,
            1.0000000000000002,
            0.0,
            0.0,
            0.0,
            0.5220607693887526,
            0.8443923344685833,
            0.04198224638411181,
            -0.1708819617978757,
            0.03533876268160026,
            0.2996750870875224,
            0.5971608403527413,
            0.0027196210860855013,
            -0.17297969468987714,
            -0.006605999792915596
        ],
        [
            -0.06535512328795419,
            -0.019242350042228826,
            0.5099941681098823,
            -0.0810796675368276,
            -0.003928944290027885,
            0.0,
            0.0,
            1.0000000000000004,
            0.0,
            0.0,
            -0.11407517440229867,
            -0.0419822463841118,
            0.3247294782362979,
            0.16385756289771458,
            -0.033886101656984274,
            -0.0023614511119749845,
            -0.002719621086085501,
            0.04624507618983105,
            0.004466721385704027,
            0.00017058164313374293
        ],
        [
            -0.539098018658718,
            -0.15872531884604402,
            -0.08107966753682758,
            -0.1489823430175979,
            -0.03240887593222408,
            0.0,
            0.0,
            0.0,
            1.0000000000000004,
            0.0,
            0.4643245960672769,
            0.1708819617978757,
            0.16385756289771453,
            -0.3019698064012676,
            0.13792791066604632,
            0.15019853113525314,
            0.1729796946898771,
            0.004466721385704018,
            -0.23778754716209602,
            -0.01084973222922157
        ],
        [
            -0.026123517110038085,
            -0.007691483624791145,
            -0.003928944290027885,
            -0.032408875932224086,
            0.5182530332679487,
            0.0,
            0.0,
            0.0,
            0.0,
            1.0000000000000004,
            -0.09602333994187194,
            -0.03533876268160024,
            -0.03388610165698429,
            0.1379279106660464,
            0.3364621787166859,
            0.00573599963483906,
            0.006605999792915583,
            0.00017058164313374255,
            -0.010849732229221566,
            0.04590095753879564
        ],
        [
            0.10914060394460809,
            0.294712661902125,
            -0.011231095449730654,
            0.14348200094483884,
            -0.012961967819659916,
            0.4603414063208727,
            0.5220607693887526,
            -0.11407517440229872,
            0.464324596067277,
            -0.096023339941872,
            0.9999999999999999,
            0.6848602514927513,
            0.0,
            0.0,
            0.0,
            0.5563046070376105,
            0.5602433820231201,
            -0.12797499036880353,
            -0.49105259288751796,
            -0.16331986102564947
        ],
        [
            0.29471266190212486,
            0.5909636294398782,
            -0.01335057726496713,
            0.17055927877383467,
            -0.015408092082997782,
            0.5220607693887526,
            0.8443923344685833,
            -0.0419822463841118,
            0.1708819617978757,
            -0.03533876268160026,
            0.6848602514927513,
            1.0000000000000002,
            0.0,
            0.0,
            0.0,
            0.5602433820231201,
            0.8823773341294688,
            -0.0399605880344013,
            -0.1533326965765189,
            -0.05099713362332535
        ],
        [
            0.011231095449730654,
            0.01335057726496713,
            0.04187561326624251,
            0.021056255199633937,
            -0.0019021933099826862,
            0.11407517440229867,
            0.04198224638411178,
            0.3247294782362979,
            0.1638575628977145,
            -0.033886101656984274,
            0.0,
            0.0,
            1.0000000000000004,
            0.0,
            0.0,
            0.1279749903688035,
            0.03996058803440128,
            0.4336348726267273,
            -0.15645610390863834,
            -0.05203595198778733
        ],
        [
            -0.14348200094483882,
            -0.17055927877383473,
            0.021056255199633937,
            -0.22547878010487044,
            0.024301325148718897,
            -0.4643245960672769,
            -0.1708819617978757,
            0.1638575628977146,
            -0.3019698064012676,
            0.1379279106660464,
            0.0,
            0.0,
            0.0,
            1.0000000000000004,
            0.0,
            0.4910525928875179,
            0.15333269657651888,
            -0.15645610390863818,
            -0.12592795651686786,
            -0.1996670527056532
        ],
        [
            0.012961967819659916,
            0.015408092082997775,
            -0.0019021933099826857,
            0.02430132514871889,
            0.04132844928696408,
            0.09602333994187194,
            0.03533876268160024,
            -0.03388610165698429,
            0.13792791066604632,
            0.3364621787166859,
            0.0,
            0.0,
            0.0,
            0.0,
            1.0000000000000004,
            0.1633198610256494,
            0.05099713362332534,
            -0.05203595198778734,
            -0.19966705270565344,
            0.40800192191889323
        ],
        [
            0.012555024926058918,
            0.11836949946233921,
            0.0004100631222293415,
            0.015022101039052166,
            0.0006221395431168488,
            0.11367126098725444,
            0.29967508708752244,
            -0.0023614511119749845,
            0.1501985311352532,
            0.005735999634839064,
            0.5563046070376105,
            0.5602433820231201,
            0.12797499036880353,
            0.49105259288751796,
            0.16331986102564947,
            0.9999999999999999,
            0.6848602514927513,
            0.0,
            0.0,
            0.0
        ],
        [
            0.11836949946233921,
            0.333946907179509,
            0.0025443797205065063,
            0.09320986738667786,
            0.0038602818713026565,
            0.2996750870875224,
            0.5971608403527413,
            -0.0027196210860855013,
            0.17297969468987714,
            0.006605999792915584,
            0.5602433820231201,
            0.8823773341294688,
            0.03996058803440131,
            0.1533326965765189,
            0.05099713362332535,
            0.6848602514927513,
            1.0000000000000002,
            0.0,
            0.0,
            0.0
        ],
        [
            -0.00041006312222934124,
            -0.0025443797205065063,
            0.00143663243189656,
            -0.0005163690868299503,
            -2.1385399214457647e-05,
            0.0023614511119749845,
            0.002719621086085501,
            0.04624507618983105,
            0.004466721385704017,
            0.00017058164313374252,
            -0.1279749903688035,
            -0.03996058803440129,
            0.4336348726267273,
            -0.15645610390863812,
            -0.05203595198778733,
            0.0,
            0.0,
            1.0000000000000004,
            0.0,
            0.0
        ],
        [
            -0.015022101039052162,
            -0.09320986738667783,
            -0.0005163690868299497,
            -0.017465746576963842,
            -0.0007834248200948381,
            -0.15019853113525314,
            -0.1729796946898771,
            0.004466721385704028,
            -0.23778754716209596,
            -0.010849732229221566,
            -0.4910525928875179,
            -0.15333269657651888,
            -0.15645610390863837,
            -0.12592795651686786,
            -0.19966705270565344,
            0.0,
            0.0,
            0.0,
            1.0000000000000004,
            0.0
        ],
        [
            -0.0006221395431168488,
            -0.0038602818713026565,
            -2.138539921445763e-05,
            -0.0007834248200948381,
            0.0014182824261979303,
            -0.00573599963483906,
            -0.006605999792915594,
            0.00017058164313374296,
            -0.01084973222922157,
            0.04590095753879564,
            -0.1633198610256494,
            -0.05099713362332534,
            -0.05203595198778734,
            -0.1996670527056532,
            0.40800192191889323,
            0.0,
            0.0,
            0.0,
            0.0,
            1.0000000000000004
        ]
    ],
    "h": [
        [
            -0.3028260638220377,
            -0.48255816025919285,
            -0.034831472179180104,
            -0.31717664747939944,
            -0.012184355248577288,
            -0.6071335856664986,
            -0.4797403551749334,
            0.011644325862678634,
            0.007632048075632003,
            0.00968180299804118,
            -0.22295492901360117,
            -0.30995971120390475,
            -0.03858626289826775,
            0.2852223185915347,
            -0.033894872228872816,
            -0.016534355340909038,
            -0.14475721869100447,
            0.0013680063087717592,
            0.06512975145694451,
            0.0035430587495951997
        ],
        [
            -0.48255816025919285,
            -0.3139956817672971,
            -0.025996361733828157,
            -0.25656423883741586,
            -0.008342546152905849,
            -0.5445533032362455,
            -0.3652890548735146,
            0.048665938883280045,
            0.134458867097686,
            0.029530773088222263,
            -0.3071947508991914,
            -0.30232680612742313,
            -0.046938985247785635,
            0.1543711572463466,
            -0.04391283807354772,
            -0.14212572625027453,
            -0.19943495042943704,
            0.01597116352121704,
            0.11178394136021733,
            0.022399691287033643
        ],
        [
            -0.034831472179180104,
            -0.025996361733828157,
            1.4744759114757184,
            -0.032675507469620654,
            -0.0018570651717265535,
            0.0022345639173625004,
            -0.02199700847582142,
            0.464481087884727,
            -0.11785713821181484,
            -0.005969070823570711,
            -0.0021148009636020766,
            -0.016093807529415503,
            -0.04542757927277674,
            0.012138559589244133,
            -0.001552156736186827,
            0.0006164221428434237,
            -0.006351296056706401,
            -0.005025516569848376,
            0.0021697618320183796,
            -0.00010691598545628335
        ],
        [
            -0.31717664747939944,
            -0.25656423883741586,
            -0.032675507469620654,
            1.1746271630259362,
            -0.01154578614802862,
            -0.053632250632194456,
            -0.24452013862998012,
            -0.10305198964150927,
            -0.5281805489075473,
            -0.03510949252232404,
            -0.22128627558443154,
            -0.186194735643122,
            -0.04246229074194861,
            0.17863796373526125,
            -0.038109076405552875,
            -0.06534896158143569,
            -0.11952759873476126,
            0.004975000626797219,
            0.08659557244744052,
            0.007812018265760128
        ],
        [
            -0.012184355248577288,
            -0.008342546152905849,
            -0.0018570651717265535,
            -0.01154578614802862,
            1.477933289688027,
            0.00402487270359405,
            -0.006121071635442581,
            -0.0066283446342472255,
            -0.04636356510170562,
            0.47634972101784057,
            0.006127661202783807,
            -0.004474104964119593,
            0.00020740533581987746,
            5.1067709477131684e-05,
            -0.04330023926709349,
            0.0007203839057680537,
            -0.0012102417098054296,
            -0.00015091993087084667,
            0.0016684475310988782,
            -0.005014312018415354
        ],
        [
            -0.6071335856664986,
            -0.5445533032362455,
            0.0022345639173625004,
            -0.053632250632194456,
            0.00402487270359405,
            -0.4286184665224244,
            -0.587819750825189,
            0.07701486326628029,
            0.13624901331658135,
            0.04906982437409692,
            -0.454685085196345,
            -0.47431725957469006,
            -0.025304903248251354,
            0.07429652570320855,
            -0.026630886501946976,
            -0.2227251346757229,
            -0.3110850416528933,
            0.02074726043786885,
            0.21178540952418465,
            0.033503143450441815
        ],
        [
            -0.4797403551749334,
            -0.3652890548735146,
            -0.02199700847582142,
            -0.24452013862998012,
            -0.006121071635442581,
            -0.587819750825189,
            -0.425809564957371,
            0.0654161927852629,
            0.0555840431629917,
            0.04239095818963448,
            -0.4700997188234134,
            -0.39624143109134113,
            -0.06762625475037312,
            0.09039043883764508,
            -0.06941630322152849,
            -0.3073954246902146,
            -0.3047096476439608,
            0.035871644105118686,
            0.17088919338933117,
            0.04766460069055904
        ],
        [
            0.011644325862678634,
            0.048665938883280045,
            0.464481087884727,
            -0.10305198964150927,
            -0.0066283446342472255,
            0.07701486326628029,
            0.0654161927852629,
            1.4030576626294908,
            0.008617725161990936,
            -0.010588992108652232,
            0.017070481693535117,
            0.05249198742636409,
            0.1982217893058284,
            0.2025241037438627,
            -0.03960340882666508,
            0.03136526583057181,
            0.0407264078507515,
            -0.04825757873357327,
            -0.033831780198453856,
            -0.007500747814347691
        ],
        [
            0.007632048075632003,
            0.134458867097686,
            -0.11785713821181484,
            -0.5281805489075473,
            -0.04636356510170562,
            0.13624901331658135,
            0.0555840431629917,
            0.008617725161990936,
            0.9010035973398076,
            0.021524370153152915,
            -0.073752928591992,
            -0.08583334702887263,
            0.19468795276654632,
            -0.7389703425950209,
            0.15593434618502333,
            -0.28218912356484865,
            -0.15306104684288915,
            0.03507401055551767,
            0.1503510519616304,
            0.04832241569155172
        ],
        [
            0.00968180299804118,
            0.029530773088222263,
            -0.005969070823570711,
            -0.03510949252232404,
            0.47634972101784057,
            0.04906982437409692,
            0.04239095818963448,
            -0.010588992108652232,
            0.021524370153152915,
            1.409726389101152,
            0.0092813803026765,
            0.03613477816511321,
            -0.04139638746358672,
            0.1728503127350325,
            0.2118301635495386,
            0.020376428992979534,
            0.030394097166852777,
            -0.0039038489882366957,
            -0.02490435802339261,
            -0.04849410748144006
        ],
        [
            -0.22295492901360117,
            -0.3071947508991914,
            -0.0021148009636020766,
            -0.22128627558443154,
            0.006127661202783807,
            -0.454685085196345,
            -0.4700997188234134,
            0.017070481693535117,
            -0.073752928591992,
            0.0092813803026765,
            -0.3976391887111226,
            -0.573724402808368,
            -0.10661679546632531,
            -0.09565351069728092,
            -0.11842390983938042,
            -0.583285633784979,
            -0.531430349944251,
            0.005737996900035569,
            0.06436394334557216,
            0.010065645671239354
        ],
        [
            -0.30995971120390475,
            -0.30232680612742313,
            -0.016093807529415503,
            -0.186194735643122,
            -0.004474104964119593,
            -0.47431725957469006,
            -0.39624143109134113,
            0.05249198742636409,
            -0.08583334702887263,
            0.03613477816511321,
            -0.573724402808368,
            -0.4212465769459077,
            -0.09047421249198588,
            -0.03512392335481157,
            -0.09894864461547115,
            -0.4686318667929108,
            -0.3668784295068692,
            0.047643929168496656,
            0.2210486996264598,
            0.06323111141844298
        ],
        [
            -0.03858626289826775,
            -0.046938985247785635,
            -0.04542757927277674,
            -0.04246229074194861,
            0.00020740533581987746,
            -0.025304903248251354,
            -0.06762625475037312,
            0.1982217893058284,
            0.19468795276654632,
            -0.04139638746358672,
            -0.10661679546632531,
            -0.09047421249198588,
            1.3967905435945032,
            -0.016115499767894892,
            -0.028780576502310057,
            -0.01632430712103944,
            -0.07238510048329022,
            0.35098512362892853,
            -0.20338959876820395,
            -0.07154556084456949
        ],
        [
            0.2852223185915347,
            0.1543711572463466,
            0.012138559589244133,
            0.17863796373526125,
            5.1067709477131684e-05,
            0.07429652570320855,
            0.09039043883764508,
            0.2025241037438627,
            -0.7389703425950209,
            0.1728503127350325,
            -0.09565351069728092,
            -0.03512392335481157,
            -0.016115499767894892,
            0.9712709657058194,
            -0.04000691528898881,
            -0.017847911401858485,
            -0.11163912955457997,
            -0.2218166823816069,
            -0.46926276338060335,
            -0.2841317439126974
        ],
        [
            -0.033894872228872816,
            -0.04391283807354772,
            -0.001552156736186827,
            -0.038109076405552875,
            -0.04330023926709349,
            -0.026630886501946976,
            -0.06941630322152849,
            -0.03960340882666508,
            0.15593434618502333,
            0.2118301635495386,
            -0.11842390983938042,
            -0.09894864461547115,
            -0.028780576502310057,
            -0.04000691528898881,
            1.3901091189060368,
            -0.017028370670229276,
            -0.0828011992681933,
            -0.07274919151695057,
            -0.2651875357964979,
            0.31571295311713515
        ],
        [
            -0.016534355340909038,
            -0.14212572625027453,
            0.0006164221428434237,
            -0.06534896158143569,
            0.0007203839057680537,
            -0.2227251346757229,
            -0.3073954246902146,
            0.03136526583057181,
            -0.28218912356484865,
            0.020376428992979534,
            -0.583285633784979,
            -0.4686318667929108,
            -0.01632430712103944,
            -0.017847911401858485,
            -0.017028370670229276,
            -0.27428399177193374,
            -0.471993894507561,
            0.06721564420472387,
            0.2741363681666312,
            0.08717857054991246
        ],
        [
            -0.14475721869100447,
            -0.19943495042943704,
            -0.006351296056706401,
            -0.11952759873476126,
            -0.0012102417098054296,
            -0.3110850416528933,
            -0.3047096476439608,
            0.0407264078507515,
            -0.15306104684288915,
            0.030394097166852777,
            -0.531430349944251,
            -0.3668784295068692,
            -0.07238510048329022,
            -0.11163912955457997,
            -0.0828011992681933,
            -0.471993894507561,
            -0.31500747657016315,
            0.05394138417175485,
            0.23158711118450867,
            0.07061221985923777
        ],
        [
            0.0013680063087717592,
            0.01597116352121704,
            -0.005025516569848376,
            0.004975000626797219,
            -0.00015091993087084667,
            0.02074726043786885,
            0.035871644105118686,
            -0.04825757873357327,
            0.03507401055551767,
            -0.0039038489882366957,
            0.005737996900035569,
            0.047643929168496656,
            0.35098512362892853,
            -0.2218166823816069,
            -0.07274919151695057,
            0.06721564420472387,
            0.05394138417175485,
            1.4675066204689537,
            -0.058810834648099816,
            -0.01977700796474662
        ],
        [
            0.06512975145694451,
            0.11178394136021733,
            0.0021697618320183796,
            0.08659557244744052,
            0.0016684475310988782,
            0.21178540952418465,
            0.17088919338933117,
            -0.033831780198453856,
            0.1503510519616304,
            -0.02490435802339261,
            0.06436394334557216,
            0.2210486996264598,
            -0.20338959876820395,
            -0.46926276338060335,
            -0.2651875357964979,
            0.2741363681666312,
            0.23158711118450867,
            -0.058810834648099816,
            1.2357524412329401,
            -0.07644638837552845
        ],
        [
            0.0035430587495951997,
            0.022399691287033643,
            -0.00010691598545628335,
            0.007812018265760128,
            -0.005014312018415354,
            0.033503143450441815,
            0.04766460069055904,
            -0.007500747814347691,
            0.04832241569155172,
            -0.04849410748144006,
            0.010065645671239354,
            0.06323111141844298,
            -0.07154556084456949,
            -0.2841317439126974,
            0.31571295311713515,
            0.08717857054991246,
            0.07061221985923777,
            -0.01977700796474662,
            -0.07644638837552845,
            1.457714088981891
        ]
    ]
}