{
    "HF": -2.1649656625996276,
    "coordinates": [
        [
            0.775882,
            0.00906,
            0.155014
        ],
        [
            1.606507,
            0.083652,
            -0.100209
        ],
        [
            2.429864,
            0.119863,
            0.043215
        ],
        [
            3.084336,
            0.161519,
            -0.169461
        ]
    ],
    "elements": [
        "H",
        "H",
        "H",
        "H"
    ],
    "Enn": 2.909111633220213,
    "S": [
        [
            0.9999999999999999,
            0.6848602514927513,
            0.0,
            0.0,
            0.0,
            0.4671348067386499,
            0.5249525761758518,
            0.14389638259412899,
            -0.46831176184061923,
            -0.042055453350447525,
            0.08150307495388898,
            0.261248502710295,
            0.007290350408812761,
            -0.10785524333731913,
            -0.007225401804557107,
            0.008923106239375294,
            0.10220005077404294,
            0.0014319884736320382,
            -0.010187778780829871,
            -0.000672839296406401
        ],
        [
            0.6848602514927513,
            1.0000000000000002,
            0.0,
            0.0,
            0.0,
            0.5249525761758518,
            0.8473053696610046,
            0.05229174924664111,
            -0.17018385575747966,
            -0.015282894409224305,
            0.2612485027102951,
            0.5480883687690506,
            0.010862879957585522,
            -0.16070812724628322,
            -0.010766104240112599,
            0.10220005077404294,
            0.3045769325765042,
            0.011526872903786194,
            -0.08200710644036323,
            -0.0054160582973675694
        ],
        [
            0.0,
            0.0,
            1.0000000000000004,
            0.0,
            0.0,
            -0.14389638259412893,
            -0.052291749246641046,
            0.30955082283888136,
            0.20504344340791975,
            0.018413364070047913,
            -0.0072903504088127615,
            -0.010862879957585505,
            0.0268831405298815,
            0.013338506429855644,
            0.0008935686893492764,
            -0.0014319884736320385,
            -0.011526872903786206,
            0.0006090830101770648,
            0.0016299587767659035,
            0.00010764861900949852
        ],
        [
            0.0,
            0.0,
            0.0,
            1.0000000000000004,
            0.0,
            0.468311761840619,
            0.1701838557574796,
            0.20504344340791966,
            -0.29476154404431226,
            -0.059926419369271365,
            0.10785524333731919,
            0.16070812724628306,
            0.013338506429855644,
            -0.1695484148637817,
            -0.013219675739025346,
            0.010187778780829874,
            0.0820071064403633,
            0.0016299587767659035,
            -0.010758035131178593,
            -0.0007658583408489188
        ],
        [
            0.0,
            0.0,
            0.0,
            0.0,
            1.0000000000000004,
            0.04205545335044751,
            0.015282894409224288,
            0.018413364070047906,
            -0.05992641936927136,
            0.3671722179128399,
            0.007225401804557109,
            0.01076610424011259,
            0.0008935686893492762,
            -0.013219675739025343,
            0.026899133418220193,
            0.0006728392964064009,
            0.005416058297367564,
            0.0001076486190094985,
            -0.0007658583408489183,
            0.0007876089315528563
        ],
        [
            0.4671348067386499,
            0.5249525761758518,
            -0.14389638259412899,
            0.4683117618406193,
            0.042055453350447525,
            0.9999999999999999,
            0.6848602514927513,
            0.0,
            0.0,
            0.0,
            0.49435020867128415,
            0.5362321877158114,
            -0.08687363975173001,
            -0.4987172258831516,
            -0.021933437702545557,
            0.13161150413719735,
            0.3181940714678976,
            0.008090648558270887,
            -0.1726534261569473,
            -0.009097131220569505
        ],
        [
            0.5249525761758518,
            0.8473053696610046,
            -0.05229174924664111,
            0.17018385575747982,
            0.015282894409224304,
            0.6848602514927513,
            1.0000000000000002,
            0.0,
            0.0,
            0.0,
            0.5362321877158114,
            0.8586099290575345,
            -0.030060267772878266,
            -0.17256757511067713,
            -0.007589471471467089,
            0.3181940714678976,
            0.6199525339228155,
            0.008309542160376512,
            -0.17732458818990143,
            -0.009343255348611412
        ],
        [
            0.14389638259412893,
            0.05229174924664106,
            0.30955082283888136,
            0.20504344340791966,
            0.018413364070047913,
            0.0,
            0.0,
            1.0000000000000004,
            0.0,
            0.0,
            0.08687363975173,
            0.03006026777287826,
            0.3816394593992743,
            -0.12360353128542859,
            -0.00543604714768521,
            -0.008090648558270888,
            -0.00830954216037651,
            0.05717672606241679,
            0.015383288554988103,
            0.0008105474516410618
        ],
        [
            -0.4683117618406192,
            -0.1701838557574796,
            0.20504344340791975,
            -0.2947615440443124,
            -0.05992641936927138,
            0.0,
            0.0,
            0.0,
            1.0000000000000004,
            0.0,
            0.4987172258831516,
            0.17256757511067675,
            -0.12360353128542859,
            -0.3064027667768401,
            -0.03120682362349851,
            0.17265342615694718,
            0.17732458818990163,
            0.015383288554988103,
            -0.270379852955523,
            -0.017296981024537323
        ],
        [
            -0.04205545335044751,
            -0.015282894409224281,
            0.018413364070047906,
            -0.059926419369271344,
            0.3671722179128399,
            0.0,
            0.0,
            0.0,
            0.0,
            1.0000000000000004,
            0.021933437702545557,
            0.0075894714714670655,
            -0.005436047147685214,
            -0.03120682362349854,
            0.4017980085837116,
            0.009097131220569503,
            0.009343255348611423,
            0.0008105474516410618,
            -0.017296981024537323,
            0.05698621652279644
        ],
        [
            0.08150307495388898,
            0.261248502710295,
            -0.007290350408812761,
            0.10785524333731912,
            0.007225401804557108,
            0.49435020867128415,
            0.5362321877158114,
            0.08687363975173001,
            0.4987172258831516,
            0.021933437702545557,
            0.9999999999999999,
            0.6848602514927513,
            0.0,
            0.0,
            0.0,
            0.611751664857643,
            0.5799987537780557,
            0.1686545440924476,
            -0.5190039157275496,
            -0.03303369298235345
        ],
        [
            0.2612485027102951,
            0.5480883687690506,
            -0.010862879957585532,
            0.16070812724628317,
            0.010766104240112602,
            0.5362321877158114,
            0.8586099290575345,
            0.030060267772878266,
            0.17256757511067713,
            0.007589471471467067,
            0.6848602514927513,
            1.0000000000000002,
            0.0,
            0.0,
            0.0,
            0.5799987537780557,
            0.9016427222171836,
            0.04846885348545041,
            -0.14915414752172193,
            -0.009493401045674742
        ],
        [
            0.0072903504088127615,
            0.010862879957585515,
            0.0268831405298815,
            0.013338506429855642,
            0.0008935686893492764,
            -0.08687363975173,
            -0.030060267772878253,
            0.3816394593992743,
            -0.12360353128542859,
            -0.005436047147685214,
            0.0,
            0.0,
            1.0000000000000004,
            0.0,
            0.0,
            -0.1686545440924476,
            -0.048468853485450394,
            0.47621187738521764,
            0.19498061589513047,
            0.012410175738194374
        ],
        [
            -0.10785524333731918,
            -0.16070812724628314,
            0.013338506429855646,
            -0.1695484148637817,
            -0.013219675739025348,
            -0.49871722588315154,
            -0.1725675751106771,
            -0.12360353128542859,
            -0.3064027667768401,
            -0.03120682362349854,
            0.0,
            0.0,
            0.0,
            1.0000000000000004,
            0.0,
            0.5190039157275496,
            0.14915414752172187,
            0.1949806158951302,
            -0.060445235069167595,
            -0.03819007568191777
        ],
        [
            -0.007225401804557109,
            -0.010766104240112592,
            0.0008935686893492762,
            -0.013219675739025341,
            0.026899133418220193,
            -0.021933437702545553,
            -0.007589471471467087,
            -0.00543604714768521,
            -0.03120682362349851,
            0.4017980085837116,
            0.0,
            0.0,
            0.0,
            0.0,
            1.0000000000000004,
            0.033033692982353424,
            0.009493401045674739,
            0.012410175738194383,
            -0.03819007568191785,
            0.5371416828979161
        ],
        [
            0.008923106239375294,
            0.10220005077404294,
            -0.0014319884736320382,
            0.010187778780829873,
            0.000672839296406401,
            0.13161150413719735,
            0.3181940714678976,
            -0.008090648558270887,
            0.1726534261569473,
            0.009097131220569505,
            0.611751664857643,
            0.5799987537780557,
            -0.1686545440924476,
            0.5190039157275496,
            0.033033692982353424,
            0.9999999999999999,
            0.6848602514927513,
            0.0,
            0.0,
            0.0
        ],
        [
            0.10220005077404294,
            0.3045769325765042,
            -0.011526872903786194,
            0.08200710644036326,
            0.005416058297367568,
            0.3181940714678976,
            0.6199525339228155,
            -0.008309542160376512,
            0.17732458818990163,
            0.009343255348611424,
            0.5799987537780557,
            0.9016427222171836,
            -0.04846885348545041,
            0.14915414752172193,
            0.009493401045674766,
            0.6848602514927513,
            1.0000000000000002,
            0.0,
            0.0,
            0.0
        ],
        [
            0.0014319884736320385,
            0.011526872903786206,
            0.0006090830101770648,
            0.0016299587767659035,
            0.00010764861900949852,
            0.008090648558270888,
            0.00830954216037651,
            0.05717672606241679,
            0.015383288554988103,
            0.0008105474516410618,
            0.1686545440924476,
            0.04846885348545039,
            0.47621187738521764,
            0.1949806158951302,
            0.012410175738194383,
            0.0,
            0.0,
            1.0000000000000004,
            0.0,
            0.0
        ],
        [
            -0.010187778780829876,
            -0.08200710644036333,
            0.0016299587767659035,
            -0.010758035131178593,
            -0.0007658583408489188,
            -0.17265342615694718,
            -0.17732458818990143,
            0.015383288554988103,
            -0.270379852955523,
            -0.017296981024537323,
            -0.5190039157275496,
            -0.14915414752172187,
            0.19498061589513047,
            -0.060445235069167595,
            -0.03819007568191785,
            0.0,
            0.0,
            0.0,
            1.0000000000000004,
            0.0
        ],
        [
            -0.0006728392964064008,
            -0.005416058297367568,
            0.0001076486190094985,
            -0.0007658583408489183,
            0.0007876089315528563,
            -0.009097131220569503,
            -0.00934325534861141,
            0.0008105474516410618,
            -0.017296981024537323,
            0.05698621652279644,
            -0.03303369298235345,
            -0.009493401045674739,
            0.012410175738194374,
            -0.03819007568191777,
            0.5371416828979161,
            0.0,
            0.0,
            0.0,
            0.0,
            1.0000000000000004
        ]
    ],
    "h": [
        [
            -0.20243960558641882,
            -0.4386476751517454,
            0.06573449332077133,
            -0.2227370111066241,
            -0.019810964568668703,
            -0.5108655743235164,
            -0.4256949258128162,
            -0.023424121848957535,
            0.05329404169161922,
            0.005182104803854781,
            -0.18083140141316284,
            -0.26873625036865856,
            0.005137643944398383,
            0.25715530570265566,
            0.014541339464737927,
            -0.005101958646578704,
            -0.12229660250781695,
            -0.004933139674668183,
            0.054944414656857704,
            0.003252030894943083
        ],
        [
            -0.4386476751517454,
            -0.3010639550066052,
            0.058582094641617795,
            -0.20301799316155072,
            -0.017933628984365794,
            -0.49462370895788743,
            -0.35592470932838804,
            -0.06875757868054622,
            0.09659399928683143,
            0.012300884789906302,
            -0.2876018759670329,
            -0.286308849197751,
            0.03159025886326938,
            0.16428404654998455,
            0.007615173313269153,
            -0.12697957574071528,
            -0.18549069339495733,
            -0.022685504846447074,
            0.11390072371602178,
            0.006881221058493542
        ],
        [
            0.06573449332077133,
            0.058582094641617795,
            1.4891421404616667,
            0.05883955765803704,
            0.005279342957426875,
            0.015913766855971484,
            0.051104275874526206,
            0.1852396392843984,
            0.2667294030056474,
            0.02375898297967221,
            0.0314999425835573,
            0.040192100967702656,
            -0.04058282314735303,
            -0.04529789924917388,
            -0.0024428936149581528,
            0.006385903667793245,
            0.021714080420492072,
            -0.0015868541119328247,
            -0.011586159602138244,
            -0.0007060418398210702
        ],
        [
            -0.2227370111066241,
            -0.20301799316155072,
            0.05883955765803704,
            1.3057424369432205,
            -0.017825909404155498,
            -0.0754128462142788,
            -0.18648265157595412,
            0.2523095011159034,
            -0.6142374918578736,
            -0.07731506470110357,
            -0.18750965336980127,
            -0.1470929977930675,
            0.011206208933549476,
            0.20177243916726,
            0.013458428359381748,
            -0.04982487643042731,
            -0.09689891810318901,
            -0.0100706348132652,
            0.06752190344910117,
            0.004394474089158964
        ],
        [
            -0.019810964568668703,
            -0.017933628984365794,
            0.005279342957426875,
            -0.017825909404155498,
            1.5055479849468945,
            -0.006140251679904771,
            -0.01621072523496784,
            0.022848099209831656,
            -0.07857220677198286,
            0.25794820374105953,
            -0.01432867347378366,
            -0.012752862297862228,
            0.0009489200929569878,
            0.01885633804272762,
            -0.03665258337739556,
            -0.003424169002206395,
            -0.007810909051954082,
            -0.0006960702213947987,
            0.0050358375951314715,
            -0.0026764989856583234
        ],
        [
            -0.5108655743235164,
            -0.49462370895788743,
            0.015913766855971484,
            -0.0754128462142788,
            -0.006140251679904771,
            -0.35717092849289256,
            -0.5619049258709543,
            -0.09636060051947702,
            0.010917119432671998,
            0.009856614739741178,
            -0.4835987455266497,
            -0.47518741865236314,
            0.019670992629308964,
            0.03824761312454261,
            0.0017333815758754853,
            -0.2637625774466461,
            -0.32965778598714524,
            -0.04144189582276572,
            0.2437538770684546,
            0.014064160308990985
        ],
        [
            -0.4256949258128162,
            -0.35592470932838804,
            0.051104275874526206,
            -0.18648265157595412,
            -0.01621072523496784,
            -0.5619049258709543,
            -0.4280028944653249,
            -0.08301452552299118,
            -0.013961836161164587,
            0.007282683728728994,
            -0.4982124888787647,
            -0.4017953637967453,
            0.06696015429695573,
            0.09114411584184617,
            0.0023711355660653334,
            -0.33388641228374494,
            -0.3145320896293171,
            -0.05252753333907074,
            0.1976267059457552,
            0.012097458850828666
        ],
        [
            -0.023424121848957535,
            -0.06875757868054622,
            0.1852396392843984,
            0.2523095011159034,
            0.022848099209831656,
            -0.09636060051947702,
            -0.08301452552299118,
            1.405231420142988,
            0.02725091319469921,
            0.0039658946030862955,
            -0.01127529172223371,
            -0.05403053540146689,
            0.26689471323311087,
            -0.14460789412750794,
            -0.006121375500622962,
            -0.014009369564487808,
            -0.033905130649022015,
            -0.05170000483798794,
            0.028631033954694428,
            0.001677389644254767
        ],
        [
            0.05329404169161922,
            0.09659399928683143,
            0.2667294030056474,
            -0.6142374918578736,
            -0.07857220677198286,
            0.010917119432671998,
            -0.013961836161164587,
            0.02725091319469921,
            0.9663287646442225,
            -0.03014441964876876,
            -0.09651822580838765,
            -0.13452320090579678,
            -0.13030434839906388,
            -0.7764477651380379,
            -0.04983960104772781,
            -0.32008302139668426,
            -0.18478205522306218,
            -0.05682085679092627,
            0.15304645365118902,
            0.012293245300962971
        ],
        [
            0.005182104803854781,
            0.012300884789906302,
            0.02375898297967221,
            -0.07731506470110357,
            0.25794820374105953,
            0.009856614739741178,
            0.007282683728728994,
            0.0039658946030862955,
            -0.03014441964876876,
            1.4277893357747746,
            -0.0038359351759782515,
            -0.0024111796441350884,
            -0.005471175937267727,
            -0.05055083763618556,
            0.29239362949326575,
            -0.016222202438820055,
            -0.0074020087077116235,
            -0.0027061830202327187,
            0.008922284801500632,
            -0.045696923438488635
        ],
        [
            -0.18083140141316284,
            -0.2876018759670329,
            0.0314999425835573,
            -0.18750965336980127,
            -0.01432867347378366,
            -0.4835987455266497,
            -0.4982124888787647,
            -0.01127529172223371,
            -0.09651822580838765,
            -0.0038359351759782515,
            -0.47351315080168765,
            -0.605848882652751,
            0.13191108583792988,
            -0.11064708978886159,
            -0.010976971433247894,
            -0.6315442080955201,
            -0.5618758834565357,
            -0.007495955864164849,
            0.07046504344485705,
            0.0037747691884375406
        ],
        [
            -0.26873625036865856,
            -0.286308849197751,
            0.040192100967702656,
            -0.1470929977930675,
            -0.012752862297862228,
            -0.47518741865236314,
            -0.4017953637967453,
            -0.05403053540146689,
            -0.13452320090579678,
            -0.0024111796441350884,
            -0.605848882652751,
            -0.4283545042897172,
            0.10135108366083971,
            -0.03714761758473162,
            -0.005823558256793106,
            -0.49283821317512233,
            -0.3714397107338063,
            -0.06823876262979282,
            0.2502835805240745,
            0.01533451986117194
        ],
        [
            0.005137643944398383,
            0.03159025886326938,
            -0.04058282314735303,
            0.011206208933549476,
            0.0009489200929569878,
            0.019670992629308964,
            0.06696015429695573,
            0.26689471323311087,
            -0.13030434839906388,
            -0.005471175937267727,
            0.13191108583792988,
            0.10135108366083971,
            1.3619417887328,
            0.05580558715678973,
            0.004283219240302146,
            0.018660616106474293,
            0.08919570268294152,
            0.4109370903110984,
            0.2660293300953731,
            0.01711956807965152
        ],
        [
            0.25715530570265566,
            0.16428404654998455,
            -0.04529789924917388,
            0.20177243916726,
            0.01885633804272762,
            0.03824761312454261,
            0.09114411584184617,
            -0.14460789412750794,
            -0.7764477651380379,
            -0.05055083763618556,
            -0.11064708978886159,
            -0.03714761758473162,
            0.05580558715678973,
            0.876581912460688,
            -0.029038817199662108,
            0.004427521610616214,
            -0.11506752672251089,
            0.29058298897976054,
            -0.420000519206474,
            -0.058388658991199105
        ],
        [
            0.014541339464737927,
            0.007615173313269153,
            -0.0024428936149581528,
            0.013458428359381748,
            -0.03665258337739556,
            0.0017333815758754853,
            0.0023711355660653334,
            -0.006121375500622962,
            -0.04983960104772781,
            0.29239362949326575,
            -0.010976971433247894,
            -0.005823558256793106,
            0.004283219240302146,
            -0.029038817199662108,
            1.3960090252974098,
            -0.0008072301349103389,
            -0.009492604408173571,
            0.018310956948128024,
            -0.057255639497751684,
            0.49793448355010006
        ],
        [
            -0.005101958646578704,
            -0.12697957574071528,
            0.006385903667793245,
            -0.04982487643042731,
            -0.003424169002206395,
            -0.2637625774466461,
            -0.33388641228374494,
            -0.014009369564487808,
            -0.32008302139668426,
            -0.016222202438820055,
            -0.6315442080955201,
            -0.49283821317512233,
            0.018660616106474293,
            0.004427521610616214,
            -0.0008072301349103389,
            -0.327474736360837,
            -0.49331805959446773,
            -0.09740499100074212,
            0.3186776079964174,
            0.019918836749468292
        ],
        [
            -0.12229660250781695,
            -0.18549069339495733,
            0.021714080420492072,
            -0.09689891810318901,
            -0.007810909051954082,
            -0.32965778598714524,
            -0.3145320896293171,
            -0.033905130649022015,
            -0.18478205522306218,
            -0.0074020087077116235,
            -0.5618758834565357,
            -0.3714397107338063,
            0.08919570268294152,
            -0.11506752672251089,
            -0.009492604408173571,
            -0.49331805959446773,
            -0.32131674998911075,
            -0.07452485972159045,
            0.25625179956881344,
            0.015866294903378354
        ],
        [
            -0.004933139674668183,
            -0.022685504846447074,
            -0.0015868541119328247,
            -0.0100706348132652,
            -0.0006960702213947987,
            -0.04144189582276572,
            -0.05252753333907074,
            -0.05170000483798794,
            -0.05682085679092627,
            -0.0027061830202327187,
            -0.007495955864164849,
            -0.06823876262979282,
            0.4109370903110984,
            0.29058298897976054,
            0.018310956948128024,
            -0.09740499100074212,
            -0.07452485972159045,
            1.4306957112326915,
            0.08849020246701383,
            0.00561120324078804
        ],
        [
            0.054944414656857704,
            0.11390072371602178,
            -0.011586159602138244,
            0.06752190344910117,
            0.0050358375951314715,
            0.2437538770684546,
            0.1976267059457552,
            0.028631033954694428,
            0.15304645365118902,
            0.008922284801500632,
            0.07046504344485705,
            0.2502835805240745,
            0.2660293300953731,
            -0.420000519206474,
            -0.057255639497751684,
            0.3186776079964174,
            0.25625179956881344,
            0.08849020246701383,
            1.162547275155082,
            -0.018518196119726025
        ],
        [
            0.003252030894943083,
            0.006881221058493542,
            -0.0007060418398210702,
            0.004394474089158964,
            -0.0026764989856583234,
            0.014064160308990985,
            0.012097458850828666,
            0.001677389644254767,
            0.012293245300962971,
            -0.045696923438488635,
            0.0037747691884375406,
            0.01533451986117194,
            0.01711956807965152,
            -0.058388658991199105,
            0.49793448355010006,
            0.019918836749468292,
            0.015866294903378354,
            0.00561120324078804,
            -0.018518196119726025,
            1.4579595788932505
        ]
    ]
}