{
    "HF": -2.1531416464705755,
    "coordinates": [
        [
            0.666712,
            -0.035497,
            -0.033291
        ],
        [
            1.433878,
            0.181765,
            0.020459
        ],
        [
            2.174086,
            -0.054501,
            0.046619
        ],
        [
            2.891904,
            0.117549,
            -0.178206
        ]
    ],
    "elements": [
        "H",
        "H",
        "H",
        "H"
    ],
    "Enn": 2.9752037197381407,
    "S": [
        [
            0.9999999999999999,
            0.6848602514927513,
            0.0,
            0.0,
            0.0,
            0.5235338872017106,
            0.5478165043581491,
            -0.035009421395908735,
            -0.49968442371374366,
            -0.1415110123035893,
            0.1224976198944862,
            0.30899876188550834,
            -0.008553262170786266,
            -0.161343574163769,
            0.0020341158089553523,
            0.012957595801028156,
            0.11998439668814129,
            0.00100957615547579,
            -0.015502196353417413,
            -0.0010662222150291398
        ],
        [
            0.6848602514927513,
            1.0000000000000002,
            0.0,
            0.0,
            0.0,
            0.5478165043581491,
            0.870126098234185,
            -0.011525482042624977,
            -0.16450154338069642,
            -0.046586963340368104,
            0.30899876188550834,
            0.6087003811213055,
            -0.009292281942846228,
            -0.17528399701308836,
            0.002209867676659365,
            0.11998439668814129,
            0.33679451773945646,
            0.006115466109860038,
            -0.09390391791002788,
            -0.006458597289788084
        ],
        [
            0.0,
            0.0,
            1.0000000000000004,
            0.0,
            0.0,
            0.03500942139590874,
            0.011525482042624977,
            0.4332111383108156,
            -0.04672714746921677,
            -0.013233164026373662,
            0.008553262170786266,
            0.009292281942846222,
            0.05105017585775416,
            -0.016233480990726995,
            0.00020466126704306677,
            -0.0010095761554757897,
            -0.006115466109860036,
            0.0014428212907091505,
            0.0012775365780177154,
            8.786741239376167e-05
        ],
        [
            0.0,
            0.0,
            0.0,
            1.0000000000000004,
            0.0,
            0.49968442371374366,
            0.16450154338069642,
            -0.046727147469216766,
            -0.23044485302488685,
            -0.18887504211082745,
            0.1613435741637689,
            0.17528399701308817,
            -0.01623348099072698,
            -0.2543078287098442,
            0.0038606065917629277,
            0.015502196353417408,
            0.09390391791002775,
            0.0012775365780177158,
            -0.018090749145821407,
            -0.0013492175628423515
        ],
        [
            0.0,
            0.0,
            0.0,
            0.0,
            1.0000000000000004,
            0.1415110123035893,
            0.04658696334036815,
            -0.01323316402637366,
            -0.18887504211082745,
            0.38299542851318097,
            -0.0020341158089553523,
            -0.0022098676766593643,
            0.00020466126704306672,
            0.0038606065917629294,
            0.051862084845370464,
            0.0010662222150291392,
            0.006458597289788077,
            8.786741239376167e-05,
            -0.001349217562842351,
            0.0014332229558601428
        ],
        [
            0.5235338872017106,
            0.5478165043581491,
            0.035009421395908735,
            0.49968442371374383,
            0.1415110123035893,
            0.9999999999999999,
            0.6848602514927513,
            0.0,
            0.0,
            0.0,
            0.5407204273257779,
            0.5544073847911414,
            -0.017750054028002647,
            -0.5022451067262915,
            0.1603109428509203,
            0.13450167854037928,
            0.3210260824325943,
            0.023833627546731385,
            -0.17491781963330522,
            0.007703924830951109
        ],
        [
            0.5478165043581491,
            0.870126098234185,
            0.011525482042624977,
            0.16450154338069642,
            0.04658696334036813,
            0.6848602514927513,
            1.0000000000000002,
            0.0,
            0.0,
            0.0,
            0.5544073847911414,
            0.8766368418216781,
            -0.005681499362417521,
            -0.16076037003273494,
            0.051312887169760624,
            0.3210260824325943,
            0.6233931082210474,
            0.02406481218145144,
            -0.17661451108988985,
            0.007778652399990363
        ],
        [
            -0.03500942139590874,
            -0.011525482042624977,
            0.4332111383108156,
            -0.04672714746921679,
            -0.013233164026373662,
            0.0,
            0.0,
            1.0000000000000004,
            0.0,
            0.0,
            0.01775005402800265,
            0.005681499362417515,
            0.4555011517263206,
            -0.022939577998847244,
            0.007322053173534526,
            -0.023833627546731385,
            -0.024064812181451442,
            0.053707488524931235,
            0.04499892604913284,
            -0.0019818926652687362
        ],
        [
            -0.49968442371374366,
            -0.16450154338069642,
            -0.04672714746921675,
            -0.23044485302488713,
            -0.18887504211082737,
            0.0,
            0.0,
            0.0,
            1.0000000000000004,
            0.0,
            0.5022451067262916,
            0.1607603700327349,
            -0.022939577998847244,
            -0.19277296101462257,
            0.20718051741114846,
            0.17491781963330522,
            0.17661451108988965,
            0.04499892604913281,
            -0.2704135872480615,
            0.014545345356107586
        ],
        [
            -0.1415110123035893,
            -0.04658696334036815,
            -0.01323316402637366,
            -0.18887504211082748,
            0.38299542851318097,
            0.0,
            0.0,
            0.0,
            0.0,
            1.0000000000000004,
            -0.1603109428509203,
            -0.051312887169760596,
            0.007322053173534524,
            0.2071805174111484,
            0.3901821970997662,
            -0.007703924830951109,
            -0.007778652399990363,
            -0.0019818926652687345,
            0.014545345356107584,
            0.059198246403160557
        ],
        [
            0.1224976198944862,
            0.30899876188550834,
            0.008553262170786266,
            0.16134357416376896,
            -0.0020341158089553523,
            0.5407204273257779,
            0.5544073847911414,
            0.017750054028002654,
            0.5022451067262915,
            -0.16031094285092032,
            0.9999999999999999,
            0.6848602514927513,
            0.0,
            0.0,
            0.0,
            0.5453496377437188,
            0.556154627352452,
            0.15420240313786227,
            -0.492335196778001,
            -0.11800521943675839
        ],
        [
            0.30899876188550834,
            0.6087003811213055,
            0.009292281942846228,
            0.17528399701308844,
            -0.002209867676659365,
            0.5544073847911414,
            0.8766368418216781,
            0.005681499362417521,
            0.16076037003273494,
            -0.051312887169760645,
            0.6848602514927513,
            1.0000000000000002,
            0.0,
            0.0,
            0.0,
            0.556154627352452,
            0.878357892499937,
            0.04899238727395893,
            -0.15642218369050848,
            -0.037492005917867784
        ],
        [
            -0.008553262170786266,
            -0.009292281942846222,
            0.05105017585775416,
            -0.01623348099072699,
            0.00020466126704306677,
            -0.01775005402800265,
            -0.005681499362417521,
            0.4555011517263206,
            -0.02293957799884725,
            0.007322053173534527,
            0.0,
            0.0,
            1.0000000000000004,
            0.0,
            0.0,
            -0.15420240313786227,
            -0.0489923872739589,
            0.4010921735861423,
            0.19343216126172177,
            0.046362731702296746
        ],
        [
            -0.16134357416376888,
            -0.17528399701308828,
            -0.01623348099072698,
            -0.2543078287098443,
            0.003860606591762928,
            -0.5022451067262916,
            -0.1607603700327349,
            -0.02293957799884724,
            -0.19277296101462257,
            0.20718051741114846,
            0.0,
            0.0,
            0.0,
            1.0000000000000004,
            0.0,
            0.492335196778001,
            0.15642218369050848,
            0.1934321612617221,
            -0.1559110868590814,
            -0.1480262575117504
        ],
        [
            0.0020341158089553523,
            0.0022098676766593643,
            0.00020466126704306672,
            0.003860606591762929,
            0.051862084845370464,
            0.1603109428509203,
            0.051312887169760596,
            0.007322053173534523,
            0.2071805174111484,
            0.3901821970997662,
            0.0,
            0.0,
            0.0,
            0.0,
            1.0000000000000004,
            0.1180052194367584,
            0.03749200591786781,
            0.04636273170229678,
            -0.14802625751175025,
            0.4261966820420043
        ],
        [
            0.012957595801028156,
            0.11998439668814129,
            -0.00100957615547579,
            0.015502196353417411,
            0.0010662222150291398,
            0.13450167854037928,
            0.3210260824325943,
            -0.023833627546731385,
            0.17491781963330522,
            -0.007703924830951109,
            0.5453496377437188,
            0.556154627352452,
            -0.15420240313786227,
            0.492335196778001,
            0.1180052194367584,
            0.9999999999999999,
            0.6848602514927513,
            0.0,
            0.0,
            0.0
        ],
        [
            0.11998439668814129,
            0.33679451773945646,
            -0.006115466109860042,
            0.09390391791002783,
            0.006458597289788084,
            0.3210260824325943,
            0.6233931082210474,
            -0.024064812181451435,
            0.17661451108988965,
            -0.007778652399990363,
            0.556154627352452,
            0.878357892499937,
            -0.048992387273958944,
            0.15642218369050917,
            0.037492005917867784,
            0.6848602514927513,
            1.0000000000000002,
            0.0,
            0.0,
            0.0
        ],
        [
            0.0010095761554757899,
            0.006115466109860036,
            0.0014428212907091505,
            0.0012775365780177154,
            8.786741239376167e-05,
            0.023833627546731385,
            0.02406481218145144,
            0.053707488524931235,
            0.04499892604913281,
            -0.0019818926652687345,
            0.15420240313786227,
            0.04899238727395889,
            0.4010921735861423,
            0.19343216126172202,
            0.046362731702296746,
            0.0,
            0.0,
            1.0000000000000004,
            0.0,
            0.0
        ],
        [
            -0.015502196353417404,
            -0.09390391791002772,
            0.0012775365780177158,
            -0.018090749145821407,
            -0.0013492175628423515,
            -0.17491781963330522,
            -0.17661451108988943,
            0.04499892604913284,
            -0.2704135872480615,
            0.014545345356107584,
            -0.492335196778001,
            -0.15642218369050848,
            0.19343216126172186,
            -0.15591108685908153,
            -0.1480262575117502,
            0.0,
            0.0,
            0.0,
            1.0000000000000004,
            0.0
        ],
        [
            -0.0010662222150291392,
            -0.006458597289788079,
            8.786741239376167e-05,
            -0.001349217562842351,
            0.0014332229558601428,
            0.007703924830951109,
            0.007778652399990363,
            -0.0019818926652687362,
            0.014545345356107586,
            0.059198246403160557,
            -0.1180052194367584,
            -0.03749200591786781,
            0.04636273170229678,
            -0.14802625751175044,
            0.4261966820420043,
            0.0,
            0.0,
            0.0,
            0.0,
            1.0000000000000004
        ]
    ],
    "h": [
        [
            -0.24988207661477868,
            -0.4608422862348115,
            -0.019633670918961368,
            -0.2641448467735932,
            -0.06957427866689586,
            -0.5610838814918742,
            -0.4518916060360214,
            -0.0015267778070355148,
            0.030976306782270258,
            0.026069686947125525,
            -0.24537553847149143,
            -0.30973427716568613,
            0.006006389935284927,
            0.30504369347068383,
            -0.04073884160989647,
            -0.01403844049314721,
            -0.1395475496260291,
            -0.007803817596843029,
            0.07054689717893936,
            0.0021895431810180486
        ],
        [
            -0.4608422862348115,
            -0.3133497091966866,
            -0.01699065669367669,
            -0.23143155307061347,
            -0.0578153688389371,
            -0.5321840380021765,
            -0.3685669098497093,
            0.009073034207214108,
            0.09737042461146006,
            0.08808534360628717,
            -0.33627116702640114,
            -0.31250102960032755,
            0.016845383779945936,
            0.18555489130455702,
            -0.05958684869185278,
            -0.1405723888659488,
            -0.20084952268053446,
            -0.026237854864285523,
            0.1199673112686308,
            0.014714907110249574
        ],
        [
            -0.019633670918961368,
            -0.01699065669367669,
            1.4875603784078266,
            -0.017631235575161636,
            -0.004536425638049089,
            -0.006186283261743072,
            -0.015768612111429662,
            0.3450398523285001,
            -0.0645399551856213,
            -0.0164297463374242,
            -0.013839390285099317,
            -0.012363399464337097,
            -0.04478544559892415,
            0.014753548916034379,
            -0.0031420458872443106,
            0.0004109226038268611,
            -0.0053858718629858525,
            -0.005043610523063269,
            -0.0016557238088818578,
            -0.00011694553964493055
        ],
        [
            -0.2641448467735932,
            -0.23143155307061347,
            -0.017631235575161636,
            1.2392928534539716,
            -0.06369316029378477,
            -0.08511667579930626,
            -0.2221540885687745,
            -0.06491281547134228,
            -0.5951580444370389,
            -0.23218939886710593,
            -0.23797414631515554,
            -0.181417569900107,
            0.009409538290928773,
            0.16041792689578205,
            -0.049492037466406576,
            -0.06980636309432128,
            -0.11860929484343344,
            -0.012005092163616267,
            0.093457761832994,
            0.007252929711800554
        ],
        [
            -0.06957427866689586,
            -0.0578153688389371,
            -0.004536425638049089,
            -0.06369316029378477,
            1.4705702315784157,
            -0.00919518719458462,
            -0.05060375468702054,
            -0.018527735592955952,
            -0.2598101172374765,
            0.2781301078521697,
            -0.02887456853035323,
            -0.041504484486468304,
            0.0014162930152981528,
            0.046002436145855766,
            -0.05399897529852271,
            -0.0037289112711292463,
            -0.019456334538038703,
            -0.0009830415877567387,
            0.009144357328434704,
            -0.004757491672452017
        ],
        [
            -0.5610838814918742,
            -0.5321840380021765,
            -0.006186283261743072,
            -0.08511667579930626,
            -0.00919518719458462,
            -0.43146115924417394,
            -0.5963822582723701,
            0.00946111036767887,
            0.02205909492456401,
            0.13794392284033355,
            -0.5325747064052786,
            -0.5161964227738118,
            0.018219599404120296,
            0.055808282927723774,
            -0.022134537834946177,
            -0.2631903606968179,
            -0.3455290763501837,
            -0.05224992085925227,
            0.244189540668521,
            0.020833580198284636
        ],
        [
            -0.4518916060360214,
            -0.3685669098497093,
            -0.015768612111429662,
            -0.2221540885687745,
            -0.05060375468702054,
            -0.5963822582723701,
            -0.4376529061069343,
            0.009656006927827473,
            -0.009728781919540658,
            0.11464349535399969,
            -0.519726675517892,
            -0.41711523809651796,
            0.042501391575595945,
            0.12336761937810325,
            -0.08603614357001992,
            -0.32259951946604215,
            -0.31841387073991756,
            -0.05196937063057867,
            0.18669621690986854,
            0.03391176640186516
        ],
        [
            -0.0015267778070355148,
            0.009073034207214108,
            0.3450398523285001,
            -0.06491281547134228,
            -0.018527735592955952,
            0.00946111036767887,
            0.009656006927827473,
            1.4043044589566673,
            -0.018906116773136132,
            -0.0021217205828271404,
            0.011356669857730376,
            0.007278448800627859,
            0.3627228827194334,
            -0.031612744977105096,
            0.012259200455479362,
            0.013633501200331723,
            0.0029014608079944437,
            -0.04516831099969372,
            0.0015509300948998161,
            -0.0012442392480684636
        ],
        [
            0.030976306782270258,
            0.09737042461146006,
            -0.0645399551856213,
            -0.5951580444370389,
            -0.2598101172374765,
            0.02205909492456401,
            -0.009728781919540658,
            -0.018906116773136132,
            0.8819292299038057,
            0.006748012113362204,
            -0.06758451121102482,
            -0.1295976082562495,
            -0.004718016074301494,
            -0.6882141131217642,
            0.26704086023567525,
            -0.3156033956168919,
            -0.18923017940954118,
            -0.05564440805423983,
            0.13524861812421707,
            0.039589844484894374
        ],
        [
            0.026069686947125525,
            0.08808534360628717,
            -0.0164297463374242,
            -0.23218939886710593,
            0.2781301078521697,
            0.13794392284033355,
            0.11464349535399969,
            -0.0021217205828271404,
            0.006748012113362204,
            1.3645926430021826,
            0.02532727147828534,
            0.09118479372863823,
            0.006507954189645514,
            0.26681379625602686,
            0.2799862957948591,
            0.04682953917798426,
            0.06347557963369473,
            0.013221811288098335,
            -0.05257952677118034,
            -0.053172186633496696
        ],
        [
            -0.24537553847149143,
            -0.33627116702640114,
            -0.013839390285099317,
            -0.23797414631515554,
            -0.02887456853035323,
            -0.5325747064052786,
            -0.519726675517892,
            0.011356669857730376,
            -0.06758451121102482,
            0.02532727147828534,
            -0.44876661839963905,
            -0.6022091177548943,
            0.08541835779280725,
            -0.03197046661046146,
            -0.12929303168526685,
            -0.5816767671290748,
            -0.5433505220914717,
            -0.01825381714267149,
            0.08598041491248154,
            0.004520900705093339
        ],
        [
            -0.30973427716568613,
            -0.31250102960032755,
            -0.012363399464337097,
            -0.181417569900107,
            -0.041504484486468304,
            -0.5161964227738118,
            -0.41711523809651796,
            0.007278448800627859,
            -0.1295976082562495,
            0.09118479372863823,
            -0.6022091177548943,
            -0.4367962942529571,
            0.06831781461891209,
            0.0059910207475901145,
            -0.10598452238971394,
            -0.46367451602991916,
            -0.3719629756440179,
            -0.06414854939892103,
            0.22779012166645196,
            0.04128187916947319
        ],
        [
            0.006006389935284927,
            0.016845383779945936,
            -0.04478544559892415,
            0.009409538290928773,
            0.0014162930152981528,
            0.018219599404120296,
            0.042501391575595945,
            0.3627228827194334,
            -0.004718016074301494,
            0.006507954189645514,
            0.08541835779280725,
            0.06831781461891209,
            1.3776913532347888,
            0.06530258141387958,
            0.019835241230532326,
            0.013791802056958402,
            0.06452444984305451,
            0.30142244542237534,
            0.25948452565982955,
            0.06462289636431154
        ],
        [
            0.30504369347068383,
            0.18555489130455702,
            0.014753548916034379,
            0.16041792689578205,
            0.046002436145855766,
            0.055808282927723774,
            0.12336761937810325,
            -0.031612744977105096,
            -0.6882141131217642,
            0.26681379625602686,
            -0.03197046661046146,
            0.0059910207475901145,
            0.06530258141387958,
            0.8846705745444097,
            0.01632197215460796,
            -0.020240907841205136,
            -0.093664275082564,
            0.2746373360323206,
            -0.5140179794835356,
            -0.20694155271064207
        ],
        [
            -0.04073884160989647,
            -0.05958684869185278,
            -0.0031420458872443106,
            -0.049492037466406576,
            -0.05399897529852271,
            -0.022134537834946177,
            -0.08603614357001992,
            0.012259200455479362,
            0.26704086023567525,
            0.2799862957948591,
            -0.12929303168526685,
            -0.10598452238971394,
            0.019835241230532326,
            0.01632197215460796,
            1.3643045970232097,
            -0.02521703569025291,
            -0.0813502066539302,
            0.059424016952857595,
            -0.17894476446222435,
            0.33534768108885804
        ],
        [
            -0.01403844049314721,
            -0.1405723888659488,
            0.0004109226038268611,
            -0.06980636309432128,
            -0.0037289112711292463,
            -0.2631903606968179,
            -0.32259951946604215,
            0.013633501200331723,
            -0.3156033956168919,
            0.04682953917798426,
            -0.5816767671290748,
            -0.46367451602991916,
            0.013791802056958402,
            -0.020240907841205136,
            -0.02521703569025291,
            -0.2704194053245028,
            -0.47013979755924273,
            -0.0830499716732823,
            0.2717486892775823,
            0.058946697197732816
        ],
        [
            -0.1395475496260291,
            -0.20084952268053446,
            -0.0053858718629858525,
            -0.11860929484343344,
            -0.019456334538038703,
            -0.3455290763501837,
            -0.31841387073991756,
            0.0029014608079944437,
            -0.18923017940954118,
            0.06347557963369473,
            -0.5433505220914717,
            -0.3719629756440179,
            0.06452444984305451,
            -0.093664275082564,
            -0.0813502066539302,
            -0.47013979755924273,
            -0.3177055437768104,
            -0.06938621331200867,
            0.23421101985638132,
            0.04738485298740154
        ],
        [
            -0.007803817596843029,
            -0.026237854864285523,
            -0.005043610523063269,
            -0.012005092163616267,
            -0.0009830415877567387,
            -0.05224992085925227,
            -0.05196937063057867,
            -0.04516831099969372,
            -0.05564440805423983,
            0.013221811288098335,
            -0.01825381714267149,
            -0.06414854939892103,
            0.30142244542237534,
            0.2746373360323206,
            0.059424016952857595,
            -0.0830499716732823,
            -0.06938621331200867,
            1.4563360094482425,
            0.07451422754656942,
            0.01674269908000011
        ],
        [
            0.07054689717893936,
            0.1199673112686308,
            -0.0016557238088818578,
            0.093457761832994,
            0.009144357328434704,
            0.244189540668521,
            0.18669621690986854,
            0.0015509300948998161,
            0.13524861812421707,
            -0.05257952677118034,
            0.08598041491248154,
            0.22779012166645196,
            0.25948452565982955,
            -0.5140179794835356,
            -0.17894476446222435,
            0.2717486892775823,
            0.23421101985638132,
            0.07451422754656942,
            1.227719358508914,
            -0.052424665751104924
        ],
        [
            0.0021895431810180486,
            0.014714907110249574,
            -0.00011694553964493055,
            0.007252929711800554,
            -0.004757491672452017,
            0.020833580198284636,
            0.03391176640186516,
            -0.0012442392480684636,
            0.039589844484894374,
            -0.053172186633496696,
            0.004520900705093339,
            0.04128187916947319,
            0.06462289636431154,
            -0.20694155271064207,
            0.33534768108885804,
            0.058946697197732816,
            0.04738485298740154,
            0.01674269908000011,
            -0.052424665751104924,
            1.4661326699594481
        ]
    ]
}