{
    "HF": -2.1689845042651923,
    "coordinates": [
        [
            0.749161,
            -0.037744,
            0.041632
        ],
        [
            1.493092,
            0.152157,
            0.126956
        ],
        [
            2.261113,
            -0.190017,
            0.075009
        ],
        [
            3.009453,
            0.14083,
            0.086708
        ]
    ],
    "elements": [
        "H",
        "H",
        "H",
        "H"
    ],
    "Enn": 2.89020906090116,
    "S": [
        [
            0.9999999999999999,
            0.6848602514927513,
            0.0,
            0.0,
            0.0,
            0.5446445074762662,
            0.5558892379645325,
            -0.0584260866187644,
            -0.5094109165578738,
            -0.13003577276018444,
            0.11926678359206905,
            0.3056362311536458,
            -0.0034580242113303947,
            -0.15664579268266807,
            0.015776244741346233,
            0.011504836003978869,
            0.11400967834396501,
            -0.00027153148916655317,
            -0.013615681353963231,
            -0.0010757046797947485
        ],
        [
            0.6848602514927513,
            1.0000000000000002,
            0.0,
            0.0,
            0.0,
            0.5558892379645325,
            0.8780966140739545,
            -0.01858377459761247,
            -0.16202998007801403,
            -0.04136089939361975,
            0.3056362311536458,
            0.6045541213061539,
            -0.003836055456729566,
            -0.1737703124880362,
            0.01750090399264707,
            0.11400967834396501,
            0.32618505229024086,
            -0.0018007555794956832,
            -0.0902971299647141,
            -0.007133909993186225
        ],
        [
            0.0,
            0.0,
            1.0000000000000004,
            0.0,
            0.0,
            0.0584260866187644,
            0.018583774597612502,
            0.45214807397354867,
            -0.07594578290970991,
            -0.01938644863614611,
            0.0034580242113303947,
            0.003836055456729572,
            0.04969478424118525,
            -0.006529593403158954,
            0.0006576139826391467,
            0.0002715314891665533,
            0.0018007555794956826,
            0.001254374913772738,
            -0.0003335541836564306,
            -2.6352393758091187e-05
        ],
        [
            0.0,
            0.0,
            0.0,
            1.0000000000000004,
            0.0,
            0.5094109165578738,
            0.162029980078014,
            -0.0759457829097098,
            -0.2013047530644307,
            -0.1690284107676246,
            0.1566457926826681,
            0.1737703124880362,
            -0.006529593403158949,
            -0.24594654731616092,
            0.02978939917545684,
            0.01361568135396325,
            0.0902971299647142,
            -0.0003335541836564307,
            -0.015464721962684714,
            -0.0013214150499659127
        ],
        [
            0.0,
            0.0,
            0.0,
            0.0,
            1.0000000000000004,
            0.1300357727601844,
            0.04136089939361973,
            -0.019386448636146095,
            -0.1690284107676247,
            0.4177111890310008,
            -0.01577624474134623,
            -0.01750090399264708,
            0.0006576139826391465,
            0.029789399175456848,
            0.046838752474550396,
            0.0010757046797947492,
            0.0071339099931862215,
            -2.635239375809118e-05,
            -0.001321415049965912,
            0.001156628656762531
        ],
        [
            0.5446445074762662,
            0.5558892379645325,
            0.05842608661876438,
            0.5094109165578738,
            0.13003577276018444,
            0.9999999999999999,
            0.6848602514927513,
            0.0,
            0.0,
            0.0,
            0.4898301685824033,
            0.5343917003404794,
            0.031101076637778773,
            -0.4598202009822218,
            0.20486225956177082,
            0.12020494289305961,
            0.30661844965882734,
            0.004209905641682223,
            -0.15861003599500323,
            0.0011847943053899374
        ],
        [
            0.5558892379645325,
            0.8780966140739545,
            0.01858377459761248,
            0.16202998007801403,
            0.04136089939361975,
            0.6848602514927513,
            1.0000000000000002,
            0.0,
            0.0,
            0.0,
            0.5343917003404794,
            0.8567715919570665,
            0.010847691167475594,
            -0.16037989909207,
            0.07145355607715159,
            0.30661844965882734,
            0.6057670513189917,
            0.004641652649520935,
            -0.1748762933134613,
            0.0013063009233036055
        ],
        [
            -0.0584260866187644,
            -0.01858377459761249,
            0.4521480739735486,
            -0.07594578290970984,
            -0.0193864486361461,
            0.0,
            0.0,
            1.0000000000000004,
            0.0,
            0.0,
            -0.031101076637778773,
            -0.010847691167475592,
            0.3952651504941819,
            0.04122944535426039,
            -0.0183688261579419,
            -0.0042099056416822185,
            -0.004641652649520922,
            0.05022564186642239,
            0.00799162028936359,
            -5.969626165380201e-05
        ],
        [
            -0.5094109165578738,
            -0.162029980078014,
            -0.07594578290970987,
            -0.2013047530644307,
            -0.1690284107676247,
            0.0,
            0.0,
            0.0,
            1.0000000000000004,
            0.0,
            0.45982020098222176,
            0.16037989909206998,
            0.04122944535426037,
            -0.211511324804694,
            0.2715776509644192,
            0.15861003599500323,
            0.17487629331346147,
            0.007991620289363585,
            -0.2506500296623546,
            0.002249082762314172
        ],
        [
            -0.1300357727601844,
            -0.04136089939361972,
            -0.019386448636146098,
            -0.1690284107676246,
            0.4177111890310008,
            0.0,
            0.0,
            0.0,
            0.0,
            1.0000000000000004,
            -0.20486225956177082,
            -0.07145355607715154,
            -0.018368826157941893,
            0.2715776509644192,
            0.2770586624641913,
            -0.0011847943053899374,
            -0.001306300923303605,
            -5.969626165380228e-05,
            0.002249082762314184,
            0.050420959058672506
        ],
        [
            0.11926678359206905,
            0.3056362311536458,
            0.0034580242113303947,
            0.15664579268266807,
            -0.015776244741346233,
            0.4898301685824033,
            0.5343917003404794,
            -0.031101076637778773,
            0.4598202009822218,
            -0.20486225956177082,
            0.9999999999999999,
            0.6848602514927513,
            0.0,
            0.0,
            0.0,
            0.5085165548649747,
            0.5419189661919098,
            -0.007344328844060359,
            -0.4697884474881737,
            -0.207697167712697
        ],
        [
            0.3056362311536458,
            0.6045541213061539,
            0.0038360554567295722,
            0.1737703124880362,
            -0.017500903992647084,
            0.5343917003404794,
            0.8567715919570665,
            -0.010847691167475594,
            0.16037989909207,
            -0.07145355607715159,
            0.6848602514927513,
            1.0000000000000002,
            0.0,
            0.0,
            0.0,
            0.5419189661919098,
            0.8642749563386455,
            -0.002479767638991636,
            -0.1586211911242838,
            -0.07012767621655394
        ],
        [
            -0.0034580242113303947,
            -0.0038360554567295657,
            0.04969478424118525,
            -0.006529593403158948,
            0.0006576139826391464,
            0.031101076637778773,
            0.010847691167475592,
            0.3952651504941819,
            0.04122944535426036,
            -0.01836882615794189,
            0.0,
            0.0,
            1.0000000000000004,
            0.0,
            0.0,
            0.007344328844060357,
            0.0024797676389916356,
            0.419134549101,
            -0.009529884804531675,
            -0.004213237028522984
        ],
        [
            -0.15664579268266804,
            -0.1737703124880362,
            -0.006529593403158955,
            -0.245946547316161,
            0.029789399175456848,
            -0.45982020098222176,
            -0.16037989909206998,
            0.04122944535426039,
            -0.211511324804694,
            0.2715776509644192,
            0.0,
            0.0,
            0.0,
            1.0000000000000004,
            0.0,
            0.46978844748817306,
            0.15862119112428377,
            -0.009529884804531675,
            -0.19030651762504738,
            -0.26950455576757787
        ],
        [
            0.01577624474134623,
            0.01750090399264709,
            0.0006576139826391468,
            0.02978939917545684,
            0.046838752474550396,
            0.20486225956177082,
            0.07145355607715154,
            -0.018368826157941904,
            0.2715776509644192,
            0.2770586624641913,
            0.0,
            0.0,
            0.0,
            0.0,
            1.0000000000000004,
            0.2076971677126969,
            0.0701276762165539,
            -0.0042132370285229825,
            -0.26950455576757776,
            0.3001334484786791
        ],
        [
            0.011504836003978869,
            0.11400967834396501,
            0.00027153148916655317,
            0.013615681353963235,
            0.0010757046797947485,
            0.12020494289305961,
            0.30661844965882734,
            -0.0042099056416822185,
            0.15861003599500323,
            -0.0011847943053899374,
            0.5085165548649747,
            0.5419189661919098,
            0.007344328844060359,
            0.4697884474881737,
            0.207697167712697,
            0.9999999999999999,
            0.6848602514927513,
            0.0,
            0.0,
            0.0
        ],
        [
            0.11400967834396501,
            0.32618505229024086,
            0.0018007555794956832,
            0.09029712996471417,
            0.007133909993186225,
            0.30661844965882734,
            0.6057670513189917,
            -0.004641652649520923,
            0.1748762933134615,
            -0.0013063009233036055,
            0.5419189661919098,
            0.8642749563386455,
            0.002479767638991636,
            0.1586211911242838,
            0.07012767621655394,
            0.6848602514927513,
            1.0000000000000002,
            0.0,
            0.0,
            0.0
        ],
        [
            -0.0002715314891665534,
            -0.0018007555794956826,
            0.001254374913772738,
            -0.0003335541836564305,
            -2.635239375809118e-05,
            0.0042099056416822185,
            0.004641652649520922,
            0.05022564186642239,
            0.007991620289363583,
            -5.9696261653802275e-05,
            -0.007344328844060357,
            -0.0024797676389916356,
            0.419134549101,
            -0.009529884804531675,
            -0.004213237028522984,
            0.0,
            0.0,
            1.0000000000000004,
            0.0,
            0.0
        ],
        [
            -0.01361568135396325,
            -0.0902971299647142,
            -0.0003335541836564308,
            -0.015464721962684714,
            -0.0013214150499659127,
            -0.15861003599500323,
            -0.17487629331346127,
            0.00799162028936359,
            -0.2506500296623546,
            0.002249082762314184,
            -0.46978844748817306,
            -0.15862119112428377,
            -0.009529884804531675,
            -0.19030651762504738,
            -0.26950455576757787,
            0.0,
            0.0,
            0.0,
            1.0000000000000004,
            0.0
        ],
        [
            -0.0010757046797947492,
            -0.007133909993186222,
            -2.6352393758091187e-05,
            -0.001321415049965912,
            0.001156628656762531,
            0.0011847943053899374,
            0.001306300923303605,
            -5.969626165380202e-05,
            0.002249082762314172,
            0.050420959058672506,
            -0.2076971677126969,
            -0.0701276762165539,
            -0.0042132370285229825,
            -0.26950455576757776,
            0.3001334484786791,
            0.0,
            0.0,
            0.0,
            0.0,
            1.0000000000000004
        ]
    ],
    "h": [
        [
            -0.26795034579711996,
            -0.4697709337950985,
            -0.03067414637781632,
            -0.27937500777748125,
            -0.06382702499756464,
            -0.5761251049209606,
            -0.4629403113907473,
            0.0068470363561453085,
            0.025686459259473216,
            0.028163253521672316,
            -0.23632022155221388,
            -0.3105567596747195,
            -0.005148323560745844,
            0.2874994621296073,
            -0.06217288849001261,
            -0.012251641682368558,
            -0.13719855944523732,
            5.915405184183514e-06,
            0.06381518854601845,
            0.0041746076698651186
        ],
        [
            -0.4697709337950985,
            -0.3169825310123531,
            -0.025261202072824812,
            -0.23939097493248113,
            -0.05079791916766168,
            -0.5341724921982236,
            -0.37024786588729564,
            0.02925984364037243,
            0.11391699070314379,
            0.09320498700137499,
            -0.32102427264581596,
            -0.31019099541344897,
            -0.009396721094649342,
            0.16635813868548394,
            -0.08141211262301919,
            -0.13491062658627095,
            -0.19834656841354736,
            0.0003629292784161557,
            0.11066151424395611,
            0.027130519792646465
        ],
        [
            -0.03067414637781632,
            -0.025261202072824812,
            1.4800455743109906,
            -0.028214121306033985,
            -0.007001294277172435,
            -0.0046186316997184895,
            -0.02273130293835502,
            0.37344882567355275,
            -0.1068648471625358,
            -0.0255112925715481,
            -0.014125505929730208,
            -0.017754637519260513,
            -0.044890401267297875,
            0.018245711571531584,
            -0.005535197042242996,
            -0.001750939354883597,
            -0.008521595365046503,
            -0.00431355220542586,
            0.00330751099808634,
            0.0002833850425746357
        ],
        [
            -0.27937500777748125,
            -0.23939097493248113,
            -0.028214121306033985,
            1.21947974547202,
            -0.05864485891993172,
            -0.07606506875715535,
            -0.22959286644881993,
            -0.09965803002612958,
            -0.5677878124413551,
            -0.20493614239351893,
            -0.22725421143522212,
            -0.18223651860749807,
            -0.007968116487930285,
            0.14992806033554357,
            -0.06833505436842557,
            -0.06427434496023059,
            -0.11743608473652087,
            0.0008464383923665416,
            0.08400423524593958,
            0.010845668872418758
        ],
        [
            -0.06382702499756464,
            -0.05079791916766168,
            -0.007001294277172435,
            -0.05864485891993172,
            1.4672468497306594,
            -0.0019173942689954537,
            -0.04334797827845602,
            -0.0272197159715692,
            -0.23563888490218654,
            0.32503565313969424,
            -0.01307200014352105,
            -0.03413249767854433,
            -0.0009219628195286475,
            0.03260560342691151,
            -0.052933216230523814,
            -0.0010432581168390584,
            -0.014445556037714946,
            -4.96590939810717e-06,
            0.006669612095593777,
            -0.004225685763004389
        ],
        [
            -0.5761251049209606,
            -0.5341724921982236,
            -0.0046186316997184895,
            -0.07606506875715535,
            -0.0019173942689954537,
            -0.4140948269653788,
            -0.5863425214697342,
            0.04158698606671945,
            0.07841468036976698,
            0.14578868799542738,
            -0.4886279186473159,
            -0.4935393614503816,
            -0.0021138709104270084,
            0.072383747005476,
            -0.04146429015837533,
            -0.23146045154399372,
            -0.32160606584095375,
            -0.001725172118996041,
            0.2163904057341014,
            0.039280127451805334
        ],
        [
            -0.4629403113907473,
            -0.37024786588729564,
            -0.02273130293835502,
            -0.22959286644881993,
            -0.04334797827845602,
            -0.5863425214697342,
            -0.4338066675285355,
            0.03453894092324297,
            0.024740222402144324,
            0.12378329473287862,
            -0.4890143388000535,
            -0.4107329750887989,
            -0.011545393527568414,
            0.10636290201835308,
            -0.11938577583428357,
            -0.30510410039506103,
            -0.3103181301529534,
            0.0011646220060964876,
            0.16775211833506576,
            0.05947982669194381
        ],
        [
            0.0068470363561453085,
            0.02925984364037243,
            0.37344882567355275,
            -0.09965803002612958,
            -0.0272197159715692,
            0.04158698606671945,
            0.03453894092324297,
            1.4094128206256156,
            -0.01600445097795722,
            -0.012570962699433686,
            0.008977153282521695,
            0.0243196420092016,
            0.2822101516364181,
            0.04596283971094313,
            -0.021201933386279563,
            0.009607638661447697,
            0.014290282376440864,
            -0.043317612776171605,
            -0.01021151927019729,
            -0.0027545906278044277
        ],
        [
            0.025686459259473216,
            0.11391699070314379,
            -0.1068648471625358,
            -0.5677878124413551,
            -0.23563888490218654,
            0.07841468036976698,
            0.024740222402144324,
            -0.01600445097795722,
            0.9309102942971503,
            0.01667356599465951,
            -0.06818322847977731,
            -0.10012874652604009,
            0.052498324540436264,
            -0.6533485709656951,
            0.3295212813813375,
            -0.2820291750468475,
            -0.1642348788463241,
            0.000821298797275721,
            0.1303578759210332,
            0.059956839320157586
        ],
        [
            0.028163253521672316,
            0.09320498700137499,
            -0.0255112925715481,
            -0.20493614239351893,
            0.32503565313969424,
            0.14578868799542738,
            0.12378329473287862,
            -0.012570962699433686,
            0.01667356599465951,
            1.3621136975228827,
            0.029670696463509616,
            0.09997892865361444,
            -0.023538212278432273,
            0.33854636361576473,
            0.13704808314744477,
            0.05008829007779417,
            0.0727057225386589,
            1.3148113639174937e-05,
            -0.056904527190845176,
            -0.058821038570547976
        ],
        [
            -0.23632022155221388,
            -0.32102427264581596,
            -0.014125505929730208,
            -0.22725421143522212,
            -0.01307200014352105,
            -0.4886279186473159,
            -0.4890143388000535,
            0.008977153282521695,
            -0.06818322847977731,
            0.029670696463509616,
            -0.3873778848079825,
            -0.5735461840380778,
            -0.015660565978183945,
            -0.04610206950265794,
            -0.17798215182703542,
            -0.5521165454714401,
            -0.5206008743580556,
            -0.0009308124547782407,
            0.08358170278584387,
            0.016855902567763315
        ],
        [
            -0.3105567596747195,
            -0.31019099541344897,
            -0.017754637519260513,
            -0.18223651860749807,
            -0.03413249767854433,
            -0.4935393614503816,
            -0.4107329750887989,
            0.0243196420092016,
            -0.10012874652604009,
            0.09997892865361444,
            -0.5735461840380778,
            -0.4295573406219333,
            -0.013403530401350994,
            -0.00721143897803439,
            -0.15346355164218267,
            -0.4508886317196359,
            -0.3698570077483926,
            0.001286173148110845,
            0.20899252593068457,
            0.07451404841653429
        ],
        [
            -0.005148323560745844,
            -0.009396721094649342,
            -0.044890401267297875,
            -0.007968116487930285,
            -0.0009219628195286475,
            -0.0021138709104270084,
            -0.011545393527568414,
            0.2822101516364181,
            0.052498324540436264,
            -0.023538212278432273,
            -0.015660565978183945,
            -0.013403530401350994,
            1.4174095544443845,
            0.00821928128905028,
            -0.006751658125652602,
            -0.003910500156627202,
            -0.009282012870076618,
            0.3239332904411041,
            -0.008713364310624035,
            -0.005075548864259729
        ],
        [
            0.2874994621296073,
            0.16635813868548394,
            0.018245711571531584,
            0.14992806033554357,
            0.03260560342691151,
            0.072383747005476,
            0.10636290201835308,
            0.04596283971094313,
            -0.6533485709656951,
            0.33854636361576473,
            -0.04610206950265794,
            -0.00721143897803439,
            0.00821928128905028,
            0.9834128659320283,
            -0.008592986305065333,
            -0.03555717223625121,
            -0.09594384214822316,
            -0.012602191383633207,
            -0.5230535186178676,
            -0.36405742227114524
        ],
        [
            -0.06217288849001261,
            -0.08141211262301919,
            -0.005535197042242996,
            -0.06833505436842557,
            -0.052933216230523814,
            -0.04146429015837533,
            -0.11938577583428357,
            -0.021201933386279563,
            0.3295212813813375,
            0.13704808314744477,
            -0.17798215182703542,
            -0.15346355164218267,
            -0.006751658125652602,
            -0.008592986305065333,
            1.343576635751192,
            -0.03716632649119528,
            -0.1207394375081723,
            -0.006271309436463384,
            -0.3289264967583865,
            0.1676344793605603
        ],
        [
            -0.012251641682368558,
            -0.13491062658627095,
            -0.001750939354883597,
            -0.06427434496023059,
            -0.0010432581168390584,
            -0.23146045154399372,
            -0.30510410039506103,
            0.009607638661447697,
            -0.2820291750468475,
            0.05008829007779417,
            -0.5521165454714401,
            -0.4508886317196359,
            -0.003910500156627202,
            -0.03555717223625121,
            -0.03716632649119528,
            -0.24271917662287978,
            -0.459176133839149,
            0.002626505652747407,
            0.24545610574521137,
            0.10046463888658207
        ],
        [
            -0.13719855944523732,
            -0.19834656841354736,
            -0.008521595365046503,
            -0.11743608473652087,
            -0.014445556037714946,
            -0.32160606584095375,
            -0.3103181301529534,
            0.014290282376440864,
            -0.1642348788463241,
            0.0727057225386589,
            -0.5206008743580556,
            -0.3698570077483926,
            -0.009282012870076618,
            -0.09594384214822316,
            -0.1207394375081723,
            -0.459176133839149,
            -0.3159732556866044,
            0.0019261595950729902,
            0.2183979209970375,
            0.08489062155829757
        ],
        [
            5.915405184183514e-06,
            0.0003629292784161557,
            -0.00431355220542586,
            0.0008464383923665416,
            -4.96590939810717e-06,
            -0.001725172118996041,
            0.0011646220060964876,
            -0.043317612776171605,
            0.000821298797275721,
            1.3148113639174937e-05,
            -0.0009308124547782407,
            0.001286173148110845,
            0.3239332904411041,
            -0.012602191383633207,
            -0.006271309436463384,
            0.002626505652747407,
            0.0019261595950729902,
            1.4883008606165173,
            -0.0023036077549234073,
            -0.0013603209760165856
        ],
        [
            0.06381518854601845,
            0.11066151424395611,
            0.00330751099808634,
            0.08400423524593958,
            0.006669612095593777,
            0.2163904057341014,
            0.16775211833506576,
            -0.01021151927019729,
            0.1303578759210332,
            -0.056904527190845176,
            0.08358170278584387,
            0.20899252593068457,
            -0.008713364310624035,
            -0.5230535186178676,
            -0.3289264967583865,
            0.24545610574521137,
            0.2183979209970375,
            -0.0023036077549234073,
            1.267786166050932,
            -0.08718733468077985
        ],
        [
            0.0041746076698651186,
            0.027130519792646465,
            0.0002833850425746357,
            0.010845668872418758,
            -0.004225685763004389,
            0.039280127451805334,
            0.05947982669194381,
            -0.0027545906278044277,
            0.059956839320157586,
            -0.058821038570547976,
            0.016855902567763315,
            0.07451404841653429,
            -0.005075548864259729,
            -0.36405742227114524,
            0.1676344793605603,
            0.10046463888658207,
            0.08489062155829757,
            -0.0013603209760165856,
            -0.08718733468077985,
            1.4495256146210167
        ]
    ]
}