{
    "HF": -2.1670946407557006,
    "coordinates": [
        [
            0.644174,
            -0.0584,
            -0.10296
        ],
        [
            1.338125,
            0.057964,
            0.003099
        ],
        [
            2.169639,
            0.092707,
            -0.004728
        ],
        [
            2.857158,
            -0.033815,
            0.034109
        ]
    ],
    "elements": [
        "H",
        "H",
        "H",
        "H"
    ],
    "Enn": 3.0661001611529652,
    "S": [
        [
            0.9999999999999999,
            0.6848602514927513,
            0.0,
            0.0,
            0.0,
            0.5937106764281415,
            0.5737366798060484,
            -0.08098983456664302,
            -0.5299218047252615,
            -0.08885904175518203,
            0.11437492554740877,
            0.300434669111965,
            -0.009671046567199809,
            -0.15018367794235543,
            -0.014876647463452452,
            0.013816411131626223,
            0.12333457039398957,
            -0.001032821424919816,
            -0.016674939542892665,
            -0.00018524914263366385
        ],
        [
            0.6848602514927513,
            1.0000000000000002,
            0.0,
            0.0,
            0.0,
            0.5737366798060484,
            0.8955633906970709,
            -0.023892407164217352,
            -0.15632958866306274,
            -0.026213862729772937,
            0.300434669111965,
            0.5981059853401572,
            -0.01108446937148957,
            -0.17213301235625186,
            -0.01705086848804538,
            0.12333457039398957,
            0.34265640982082934,
            -0.005957848449161964,
            -0.09618968032465579,
            -0.0010686129184764375
        ],
        [
            0.0,
            0.0,
            1.0000000000000004,
            0.0,
            0.0,
            0.08098983456664302,
            0.023892407164217335,
            0.5031178090166507,
            -0.09902611374824524,
            -0.016605026435873436,
            0.009671046567199804,
            0.011084469371489561,
            0.045582578680346826,
            -0.018188827594167515,
            -0.0018017189324382207,
            0.0010328214249198159,
            0.005957848449161963,
            0.0016087882809085183,
            -0.0013318827256961858,
            -1.4796463422799587e-05
        ],
        [
            0.0,
            0.0,
            0.0,
            1.0000000000000004,
            0.0,
            0.5299218047252614,
            0.15632958866306287,
            -0.0990261137482452,
            -0.12968204127322147,
            -0.10864777812539064,
            0.15018367794235538,
            0.17213301235625175,
            -0.018188827594167522,
            -0.235704212879092,
            -0.027979265120041032,
            0.016674939542892654,
            0.09618968032465573,
            -0.0013318827256961856,
            -0.019812011988578588,
            -0.0002388894411664251
        ],
        [
            0.0,
            0.0,
            0.0,
            0.0,
            1.0000000000000004,
            0.08885904175518201,
            0.026213862729772927,
            -0.01660502643587343,
            -0.10864777812539064,
            0.5000339033003136,
            0.01487664746345245,
            0.017050868488045375,
            -0.0018017189324382222,
            -0.02797926512004105,
            0.04398232046251569,
            0.00018524914263366385,
            0.0010686129184764375,
            -1.4796463422799593e-05,
            -0.00023888944116642522,
            0.0016886292270777514
        ],
        [
            0.5937106764281415,
            0.5737366798060484,
            0.08098983456664302,
            0.5299218047252615,
            0.08885904175518203,
            0.9999999999999999,
            0.6848602514927513,
            0.0,
            0.0,
            0.0,
            0.4976479500081812,
            0.5375669535910088,
            0.004780989617920841,
            -0.5079161621509941,
            -0.02122216970683834,
            0.11860393247560408,
            0.3049393304666558,
            -0.003191044089171861,
            -0.15631413337333114,
            0.009444399724608326
        ],
        [
            0.5737366798060484,
            0.8955633906970709,
            0.023892407164217363,
            0.1563295886630629,
            0.026213862729772937,
            0.6848602514927513,
            1.0000000000000002,
            0.0,
            0.0,
            0.0,
            0.5375669535910087,
            0.8599416341909344,
            0.0016448225411715659,
            -0.17474038207483494,
            -0.007301145975204256,
            0.3049393304666558,
            0.6036926311777359,
            -0.0035553201151155562,
            -0.17415829024264232,
            0.010522532242669802
        ],
        [
            -0.08098983456664302,
            -0.023892407164217342,
            0.5031178090166507,
            -0.09902611374824524,
            -0.016605026435873436,
            0.0,
            0.0,
            1.0000000000000004,
            0.0,
            0.0,
            -0.004780989617920841,
            -0.001644822541171564,
            0.4068463974134292,
            0.006875378274317786,
            0.0002872726946084165,
            0.0031910440891718605,
            0.003555320115115558,
            0.049293836759078495,
            -0.006043371950189522,
            0.00036513665879309013
        ],
        [
            -0.5299218047252615,
            -0.15632958866306307,
            -0.0990261137482452,
            -0.12968204127322147,
            -0.10864777812539064,
            0.0,
            0.0,
            0.0,
            1.0000000000000004,
            0.0,
            0.5079161621509938,
            0.17474038207483492,
            0.006875378274317789,
            -0.32350581234510634,
            -0.030518879185463508,
            0.15631413337333114,
            0.17415829024264212,
            -0.006043371950189522,
            -0.2466189553041624,
            0.017886315195628638
        ],
        [
            -0.08885904175518201,
            -0.026213862729772927,
            -0.01660502643587343,
            -0.10864777812539064,
            0.5000339033003136,
            0.0,
            0.0,
            0.0,
            0.0,
            1.0000000000000004,
            0.02122216970683834,
            0.007301145975204244,
            0.00028727269460841667,
            -0.030518879185463508,
            0.40563595016445025,
            -0.009444399724608324,
            -0.010522532242669802,
            0.00036513665879309013,
            0.017886315195628638,
            0.04833652828838416
        ],
        [
            0.11437492554740877,
            0.300434669111965,
            0.009671046567199809,
            0.15018367794235538,
            0.014876647463452452,
            0.4976479500081812,
            0.5375669535910088,
            -0.004780989617920841,
            0.5079161621509941,
            0.02122216970683834,
            0.9999999999999999,
            0.6848602514927513,
            0.0,
            0.0,
            0.0,
            0.6030170539745621,
            0.5769862249255387,
            -0.030244810051900904,
            -0.5354142071239503,
            0.0985306243372713
        ],
        [
            0.300434669111965,
            0.5981059853401572,
            0.011084469371489566,
            0.17213301235625186,
            0.01705086848804538,
            0.5375669535910087,
            0.8599416341909344,
            -0.0016448225411715659,
            0.17474038207483494,
            0.007301145975204256,
            0.6848602514927513,
            1.0000000000000002,
            0.0,
            0.0,
            0.0,
            0.5769862249255387,
            0.8987212414504088,
            -0.008801892637903555,
            -0.15581709257972623,
            0.02867453872165288
        ],
        [
            -0.009671046567199804,
            -0.011084469371489564,
            0.045582578680346826,
            -0.01818882759416751,
            -0.0018017189324382207,
            0.004780989617920841,
            0.0016448225411715635,
            0.4068463974134292,
            0.006875378274317786,
            0.0002872726946084165,
            0.0,
            0.0,
            1.0000000000000004,
            0.0,
            0.0,
            0.0302448100519009,
            0.00880189263790355,
            0.5271651508096008,
            -0.03668708262241399,
            0.006751410604729562
        ],
        [
            -0.15018367794235538,
            -0.17213301235625175,
            -0.018188827594167525,
            -0.23570421287909207,
            -0.027979265120041043,
            -0.5079161621509938,
            -0.17474038207483492,
            0.006875378274317789,
            -0.32350581234510634,
            -0.030518879185463508,
            0.0,
            0.0,
            0.0,
            1.0000000000000004,
            0.0,
            0.5354142071239503,
            0.15581709257972548,
            -0.03668708262241404,
            -0.12022214620229195,
            0.11951806441159382
        ],
        [
            -0.01487664746345245,
            -0.017050868488045372,
            -0.0018017189324382222,
            -0.027979265120041043,
            0.04398232046251569,
            -0.02122216970683834,
            -0.007301145975204254,
            0.00028727269460841667,
            -0.030518879185463508,
            0.40563595016445025,
            0.0,
            0.0,
            0.0,
            0.0,
            1.0000000000000004,
            -0.0985306243372713,
            -0.02867453872165288,
            0.006751410604729562,
            0.11951806441159367,
            0.5072430129229721
        ],
        [
            0.013816411131626223,
            0.12333457039398957,
            0.001032821424919816,
            0.016674939542892665,
            0.00018524914263366385,
            0.11860393247560408,
            0.3049393304666558,
            0.003191044089171861,
            0.15631413337333114,
            -0.009444399724608326,
            0.6030170539745621,
            0.5769862249255387,
            0.030244810051900904,
            0.5354142071239509,
            -0.0985306243372713,
            0.9999999999999999,
            0.6848602514927513,
            0.0,
            0.0,
            0.0
        ],
        [
            0.12333457039398957,
            0.34265640982082934,
            0.005957848449161962,
            0.09618968032465579,
            0.0010686129184764375,
            0.3049393304666558,
            0.6036926311777359,
            0.0035553201151155562,
            0.17415829024264212,
            -0.010522532242669802,
            0.5769862249255387,
            0.8987212414504088,
            0.008801892637903558,
            0.15581709257972548,
            -0.02867453872165288,
            0.6848602514927513,
            1.0000000000000002,
            0.0,
            0.0,
            0.0
        ],
        [
            -0.0010328214249198159,
            -0.005957848449161963,
            0.0016087882809085183,
            -0.0013318827256961858,
            -1.4796463422799587e-05,
            -0.003191044089171861,
            -0.0035553201151155562,
            0.049293836759078495,
            -0.006043371950189522,
            0.00036513665879309013,
            -0.0302448100519009,
            -0.00880189263790355,
            0.5271651508096008,
            -0.03668708262241404,
            0.006751410604729562,
            0.0,
            0.0,
            1.0000000000000004,
            0.0,
            0.0
        ],
        [
            -0.01667493954289266,
            -0.09618968032465566,
            -0.0013318827256961856,
            -0.019812011988578588,
            -0.0002388894411664251,
            -0.15631413337333114,
            -0.17415829024264196,
            -0.006043371950189522,
            -0.2466189553041624,
            0.017886315195628638,
            -0.5354142071239503,
            -0.15581709257972623,
            -0.03668708262241399,
            -0.12022214620229195,
            0.11951806441159367,
            0.0,
            0.0,
            0.0,
            1.0000000000000004,
            0.0
        ],
        [
            -0.00018524914263366385,
            -0.0010686129184764375,
            -1.4796463422799593e-05,
            -0.00023888944116642522,
            0.0016886292270777514,
            0.009444399724608324,
            0.010522532242669805,
            0.00036513665879309013,
            0.017886315195628638,
            0.04833652828838416,
            0.0985306243372713,
            0.028674538721652872,
            0.006751410604729562,
            0.11951806441159382,
            0.5072430129229721,
            0.0,
            0.0,
            0.0,
            0.0,
            1.0000000000000004
        ]
    ],
    "h": [
        [
            -0.3005086128815304,
            -0.48077367854910413,
            -0.04652817246068294,
            -0.31100095470310485,
            -0.05235653183844887,
            -0.6073918347198785,
            -0.47814512022298583,
            0.0043569837491471974,
            0.0050003445541941804,
            0.0008339559832263588,
            -0.23518511453791321,
            -0.31514075171980704,
            0.008697266016718566,
            0.3075404123759766,
            0.016827779228343925,
            -0.018724536883396835,
            -0.1482998041600142,
            0.003106525205303982,
            0.07035336339604925,
            -0.0019765690978635784
        ],
        [
            -0.48077367854910413,
            -0.3121711792557309,
            -0.03676713009723903,
            -0.25222216332590996,
            -0.041698027675578474,
            -0.5481229234294184,
            -0.36424533550563143,
            0.033909638648838086,
            0.12111224861359046,
            0.03151685694712103,
            -0.32108135037454943,
            -0.3052279981928525,
            -0.000883794329013355,
            0.17037280619997738,
            0.017413564475925042,
            -0.14856710437510123,
            -0.20121350970596452,
            0.005734174999447608,
            0.12203374977499448,
            -0.014618270350769682
        ],
        [
            -0.04652817246068294,
            -0.03676713009723903,
            1.4728135735777725,
            -0.043363850407010164,
            -0.007242492465783323,
            -0.005091778719338774,
            -0.033772390461945544,
            0.4548615022692424,
            -0.14717160225556683,
            -0.024264555057060898,
            -0.02382853420208686,
            -0.025817483868751472,
            -0.04455698738886481,
            0.03007694494957388,
            0.0017532142446852507,
            -0.004740104867912235,
            -0.013830445134633832,
            -0.005128262225340926,
            0.0077284928676623725,
            -0.0002721833867379687
        ],
        [
            -0.31100095470310485,
            -0.25222216332590996,
            -0.043363850407010164,
            1.1847009875231347,
            -0.04852127449634658,
            -0.0571234877796194,
            -0.24114848284886325,
            -0.1409190401300012,
            -0.5038459054234736,
            -0.15813742879259288,
            -0.23156513432408662,
            -0.18734578428550436,
            0.0030806246299750345,
            0.18817918274618584,
            0.014903870162014478,
            -0.06977345332518514,
            -0.12032940883351492,
            0.00526762689018853,
            0.094432624668982,
            -0.003417342393417151
        ],
        [
            -0.05235653183844887,
            -0.041698027675578474,
            -0.007242492465783323,
            -0.04852127449634658,
            1.4712773647270931,
            -0.007568560917329131,
            -0.03863954230856573,
            -0.023727802275136878,
            -0.161544393192186,
            0.45012344300787555,
            -0.029355140219338428,
            -0.02930025508501785,
            0.0005367864331267216,
            0.03545839514048174,
            -0.04295145948735313,
            -0.003896917558471655,
            -0.015110304523945038,
            0.00023414871045193057,
            0.005391175105385481,
            -0.005827802942079938
        ],
        [
            -0.6073918347198785,
            -0.5481229234294184,
            -0.005091778719338774,
            -0.0571234877796194,
            -0.007568560917329131,
            -0.44674337574825373,
            -0.596628179344385,
            0.04662573604840693,
            0.10206758411670952,
            0.04064945104783271,
            -0.48323996101094946,
            -0.4900240720268778,
            0.001473765223300839,
            0.063370493945753,
            0.015440871699948108,
            -0.24158444753467032,
            -0.3242638616897059,
            0.008812905361200277,
            0.2366427722293427,
            -0.026684017478125568
        ],
        [
            -0.47814512022298583,
            -0.36424533550563143,
            -0.033772390461945544,
            -0.24114848284886325,
            -0.03863954230856573,
            -0.596628179344385,
            -0.4264517306075595,
            0.034901410076225874,
            0.0321739043307948,
            0.03037844307815575,
            -0.4916546348792521,
            -0.3983202841337816,
            -0.005575432605781401,
            0.10179862462393774,
            0.03253027379176702,
            -0.31993379973485225,
            -0.3072634485734922,
            0.009592243709277897,
            0.19195347968299614,
            -0.031210846465566953
        ],
        [
            0.0043569837491471974,
            0.033909638648838086,
            0.4548615022692424,
            -0.1409190401300012,
            -0.023727802275136878,
            0.04662573604840693,
            0.034901410076225874,
            1.4052965989671646,
            -0.04299732801635388,
            -0.00701789648561124,
            0.004847408541820038,
            0.01794194746537254,
            0.30253181329521295,
            -0.0051011024919216975,
            -3.4461702479187946e-05,
            -0.004241542568444856,
            0.00605208967176942,
            -0.04543312349787501,
            -0.0008382986016675,
            -0.00012256581748206668
        ],
        [
            0.0050003445541941804,
            0.12111224861359046,
            -0.14717160225556683,
            -0.5038459054234736,
            -0.161544393192186,
            0.10206758411670952,
            0.0321739043307948,
            -0.04299732801635388,
            0.8604849614597385,
            -0.0557556551197683,
            -0.06877129688573125,
            -0.10602303088875364,
            0.0012637931790007613,
            -0.8236872392701775,
            -0.02902995033414086,
            -0.31267321220433675,
            -0.1722330353302048,
            0.010663040036554348,
            0.18391196950818034,
            -0.036074754365587436
        ],
        [
            0.0008339559832263588,
            0.03151685694712103,
            -0.024264555057060898,
            -0.15813742879259288,
            0.45012344300787555,
            0.04064945104783271,
            0.03037844307815575,
            -0.00701789648561124,
            -0.0557556551197683,
            1.4037917440089533,
            0.008826892884486556,
            0.013996887062176791,
            -5.033473844617722e-05,
            -0.05348700035708253,
            0.3006587106381341,
            -0.0006874177787683303,
            0.0015188218344983281,
            0.00010333431530052577,
            0.0023095421243111633,
            -0.04587286928031277
        ],
        [
            -0.23518511453791321,
            -0.32108135037454943,
            -0.02382853420208686,
            -0.23156513432408662,
            -0.029355140219338428,
            -0.48323996101094946,
            -0.4916546348792521,
            0.004847408541820038,
            -0.06877129688573125,
            0.008826892884486556,
            -0.4551903258160819,
            -0.5993469776919399,
            -0.01917484191453444,
            -0.11093507312358492,
            0.06295611090621514,
            -0.6155751619827123,
            -0.5524217755241592,
            0.001290642855869252,
            0.05780492200322063,
            -0.005952607888886491
        ],
        [
            -0.31514075171980704,
            -0.3052279981928525,
            -0.025817483868751472,
            -0.18734578428550436,
            -0.02930025508501785,
            -0.4900240720268778,
            -0.3983202841337816,
            0.01794194746537254,
            -0.10602303088875364,
            0.013996887062176791,
            -0.5993469776919399,
            -0.42602940926675537,
            -0.013458342757363895,
            -0.03691162044658308,
            0.049601440883664936,
            -0.4826163876003555,
            -0.36512637138543047,
            0.012313529538878286,
            0.24675561358726467,
            -0.04134787186240114
        ],
        [
            0.008697266016718566,
            -0.000883794329013355,
            -0.04455698738886481,
            0.0030806246299750345,
            0.0005367864331267216,
            0.001473765223300839,
            -0.005575432605781401,
            0.30253181329521295,
            0.0012637931790007613,
            -5.033473844617722e-05,
            -0.01917484191453444,
            -0.013458342757363895,
            1.4083536103804146,
            -0.017047246695158426,
            0.002997870571622692,
            -0.003035420052106247,
            -0.013697462072428935,
            0.49002066278954803,
            -0.0518242766361148,
            0.009635152902833463
        ],
        [
            0.3075404123759766,
            0.17037280619997738,
            0.03007694494957388,
            0.18817918274618584,
            0.03545839514048174,
            0.063370493945753,
            0.10179862462393774,
            -0.0051011024919216975,
            -0.8236872392701775,
            -0.05348700035708253,
            -0.11093507312358492,
            -0.03691162044658308,
            -0.017047246695158426,
            0.8516433421521612,
            0.0420607237392734,
            -0.0011782121564090087,
            -0.12310898994811342,
            -0.055207164436888764,
            -0.49768150932491795,
            0.1777363597131669
        ],
        [
            0.016827779228343925,
            0.017413564475925042,
            0.0017532142446852507,
            0.014903870162014478,
            -0.04295145948735313,
            0.015440871699948108,
            0.03253027379176702,
            -3.4461702479187946e-05,
            -0.02902995033414086,
            0.3006587106381341,
            0.06295611090621514,
            0.049601440883664936,
            0.002997870571622692,
            0.0420607237392734,
            1.3993875209627142,
            0.0035109282450385693,
            0.04385226287299252,
            0.009818743440176159,
            0.16980272794287637,
            0.4611831612522762
        ],
        [
            -0.018724536883396835,
            -0.14856710437510123,
            -0.004740104867912235,
            -0.06977345332518514,
            -0.003896917558471655,
            -0.24158444753467032,
            -0.31993379973485225,
            -0.004241542568444856,
            -0.31267321220433675,
            -0.0006874177787683303,
            -0.6155751619827123,
            -0.4826163876003555,
            -0.003035420052106247,
            -0.0011782121564090087,
            0.0035109282450385693,
            -0.30964247561809355,
            -0.4844620452321622,
            0.017118715277027657,
            0.319726605814844,
            -0.05812638351935909
        ],
        [
            -0.1482998041600142,
            -0.20121350970596452,
            -0.013830445134633832,
            -0.12032940883351492,
            -0.015110304523945038,
            -0.3242638616897059,
            -0.3072634485734922,
            0.00605208967176942,
            -0.1722330353302048,
            0.0015188218344983281,
            -0.5524217755241592,
            -0.36512637138543047,
            -0.013697462072428935,
            -0.12310898994811342,
            0.04385226287299252,
            -0.4844620452321622,
            -0.31346080986708813,
            0.013356657583748021,
            0.2572043331817452,
            -0.04530367820566463
        ],
        [
            0.003106525205303982,
            0.005734174999447608,
            -0.005128262225340926,
            0.00526762689018853,
            0.00023414871045193057,
            0.008812905361200277,
            0.009592243709277897,
            -0.04543312349787501,
            0.010663040036554348,
            0.00010333431530052577,
            0.001290642855869252,
            0.012313529538878286,
            0.49002066278954803,
            -0.055207164436888764,
            0.009818743440176159,
            0.017118715277027657,
            0.013356657583748021,
            1.4748526459157243,
            -0.016276197637745904,
            0.0029714453545917445
        ],
        [
            0.07035336339604925,
            0.12203374977499448,
            0.0077284928676623725,
            0.094432624668982,
            0.005391175105385481,
            0.2366427722293427,
            0.19195347968299614,
            -0.0008382986016675,
            0.18391196950818034,
            0.0023095421243111633,
            0.05780492200322063,
            0.24675561358726467,
            -0.0518242766361148,
            -0.49768150932491795,
            0.16980272794287637,
            0.319726605814844,
            0.2572043331817452,
            -0.016276197637745904,
            1.170941471733551,
            0.053905220380352316
        ],
        [
            -0.0019765690978635784,
            -0.014618270350769682,
            -0.0002721833867379687,
            -0.003417342393417151,
            -0.005827802942079938,
            -0.026684017478125568,
            -0.031210846465566953,
            -0.00012256581748206668,
            -0.036074754365587436,
            -0.04587286928031277,
            -0.005952607888886491,
            -0.04134787186240114,
            0.009635152902833463,
            0.1777363597131669,
            0.4611831612522762,
            -0.05812638351935909,
            -0.04530367820566463,
            0.0029714453545917445,
            0.053905220380352316,
            1.4659380295832987
        ]
    ]
}