{
    "HF": -2.131839215726181,
    "coordinates": [
        [
            0.77236,
            0.009276,
            -0.158153
        ],
        [
            1.548202,
            0.09151,
            -0.149511
        ],
        [
            2.228385,
            -0.05789,
            0.045419
        ],
        [
            2.929036,
            -0.02949,
            -0.183957
        ]
    ],
    "elements": [
        "H",
        "H",
        "H",
        "H"
    ],
    "Enn": 3.1137502188836397,
    "S": [
        [
            0.9999999999999999,
            0.6848602514927513,
            0.0,
            0.0,
            0.0,
            0.5384980876253203,
            0.5535644175531476,
            -0.005833279188687921,
            -0.523686992861609,
            -0.05550727618636468,
            0.13490146858788288,
            0.32141479874517714,
            -0.024510991834156722,
            -0.1753120118942096,
            0.008087090943415455,
            0.017107666162883124,
            0.1351582463414917,
            0.0002523894229709555,
            -0.021094489659560817,
            0.00037917099561665007
        ],
        [
            0.6848602514927513,
            1.0000000000000002,
            0.0,
            0.0,
            0.0,
            0.5535644175531476,
            0.8758057730202271,
            -0.0018738466121026353,
            -0.1682259781563242,
            -0.017830814892345535,
            0.32141479874517714,
            0.6238644553789132,
            -0.024691149720550958,
            -0.17660057017598316,
            0.008146531753534511,
            0.1351582463414917,
            0.36288201055285285,
            0.001237349319652326,
            -0.10341658585143766,
            0.001858901089972176
        ],
        [
            0.0,
            0.0,
            1.0000000000000004,
            0.0,
            0.0,
            0.005833279188687921,
            0.0018738466121026353,
            0.4536521180806617,
            -0.007898176791064603,
            -0.0008371532737804946,
            0.024510991834156726,
            0.024691149720550965,
            0.05364191416696007,
            -0.04625497129370545,
            0.0021337280623018287,
            -0.00025238942297095497,
            -0.001237349319652326,
            0.0023762035661379203,
            0.00034390549741634827,
            -6.1816612754266995e-06
        ],
        [
            0.0,
            0.0,
            0.0,
            1.0000000000000004,
            0.0,
            0.523686992861609,
            0.16822597815632404,
            -0.007898176791064656,
            -0.2553246214488335,
            -0.07515605996718469,
            0.17531201189420964,
            0.17660057017598302,
            -0.04625497129370542,
            -0.27072430518255175,
            0.015261241241000822,
            0.02109448965956083,
            0.10341658585143758,
            0.00034390549741634735,
            -0.02636300570671492,
            0.0005166579023733579
        ],
        [
            0.0,
            0.0,
            0.0,
            0.0,
            1.0000000000000004,
            0.05550727618636468,
            0.017830814892345535,
            -0.0008371532737805005,
            -0.07515605996718472,
            0.4457740612191962,
            -0.008087090943415452,
            -0.008146531753534502,
            0.002133728062301827,
            0.01526124124100082,
            0.0594049886244791,
            -0.00037917099561665034,
            -0.0018589010899721745,
            -6.1816612754266885e-06,
            0.0005166579023733582,
            0.0023710314295777345
        ],
        [
            0.5384980876253203,
            0.5535644175531476,
            0.005833279188687921,
            0.523686992861609,
            0.05550727618636468,
            0.9999999999999999,
            0.6848602514927513,
            0.0,
            0.0,
            0.0,
            0.5843208726205688,
            0.5704155204704255,
            -0.14588845153296995,
            -0.5090588653827021,
            0.11181313630034219,
            0.16628135252918497,
            0.3499001349076072,
            0.005357182799719479,
            -0.21475295111385517,
            0.018818414874471858
        ],
        [
            0.5535644175531476,
            0.8758057730202271,
            0.0018738466121026353,
            0.16822597815632404,
            0.017830814892345524,
            0.6848602514927513,
            1.0000000000000002,
            0.0,
            0.0,
            0.0,
            0.5704155204704255,
            0.8923289040260733,
            -0.04364152588373732,
            -0.15228145488215306,
            0.03344812992884806,
            0.3499001349076071,
            0.6578395328490239,
            0.004575123762429866,
            -0.1834026141023952,
            0.016071241225512838
        ],
        [
            -0.005833279188687921,
            -0.0018738466121026353,
            0.4536521180806617,
            -0.007898176791064656,
            -0.0008371532737805002,
            0.0,
            0.0,
            1.0000000000000004,
            0.0,
            0.0,
            0.1458884515329699,
            0.043641525883737285,
            0.45716368271235874,
            -0.17458785569766447,
            0.03834765885244274,
            -0.005357182799719479,
            -0.004575123762429866,
            0.08219284990273083,
            0.01018090363907534,
            -0.000892134275610331
        ],
        [
            -0.523686992861609,
            -0.16822597815632384,
            -0.007898176791064603,
            -0.2553246214488335,
            -0.07515605996718469,
            0.0,
            0.0,
            0.0,
            1.0000000000000004,
            0.0,
            0.5090588653827017,
            0.152281454882153,
            -0.17458785569766444,
            -0.10200384044714025,
            0.1338091912031553,
            0.21475295111385517,
            0.183402614102395,
            0.010180903639075343,
            -0.3256742353930553,
            0.035762914135984335
        ],
        [
            -0.05550727618636468,
            -0.017830814892345535,
            -0.0008371532737804948,
            -0.07515605996718472,
            0.4457740612191962,
            0.0,
            0.0,
            0.0,
            0.0,
            1.0000000000000004,
            -0.11181313630034219,
            -0.03344812992884805,
            0.03834765885244277,
            0.13380919120315543,
            0.4778071235884087,
            -0.018818414874471855,
            -0.016071241225512824,
            -0.000892134275610331,
            0.03576291413598432,
            0.07931298077747573
        ],
        [
            0.13490146858788288,
            0.32141479874517714,
            0.024510991834156722,
            0.1753120118942097,
            -0.008087090943415455,
            0.5843208726205688,
            0.5704155204704255,
            0.14588845153296995,
            0.5090588653827017,
            -0.11181313630034219,
            0.9999999999999999,
            0.6848602514927513,
            0.0,
            0.0,
            0.0,
            0.5724988369156019,
            0.5661719847602019,
            0.1672923305868787,
            -0.5110104750193012,
            -0.020713161746073495
        ],
        [
            0.32141479874517714,
            0.6238644553789132,
            0.024691149720550958,
            0.17660057017598316,
            -0.00814653175353451,
            0.5704155204704255,
            0.8923289040260733,
            0.04364152588373732,
            0.15228145488215306,
            -0.03344812992884806,
            0.6848602514927513,
            1.0000000000000002,
            0.0,
            0.0,
            0.0,
            0.5661719847602019,
            0.8881856626680334,
            0.05094571969041641,
            -0.15561858889687682,
            -0.006307802207762911
        ],
        [
            -0.024510991834156726,
            -0.024691149720550958,
            0.05364191416696007,
            -0.046254971293705434,
            0.0021337280623018287,
            -0.1458884515329699,
            -0.043641525883737285,
            0.45716368271235874,
            -0.17458785569766436,
            0.03834765885244274,
            0.0,
            0.0,
            1.0000000000000004,
            0.0,
            0.0,
            -0.16729233058687865,
            -0.05094571969041633,
            0.42594024129685576,
            0.2058329593600186,
            0.008343178052731706
        ],
        [
            -0.17531201189420964,
            -0.1766005701759829,
            -0.046254971293705434,
            -0.2707243051825518,
            0.015261241241000827,
            -0.5090588653827017,
            -0.152281454882153,
            -0.17458785569766455,
            -0.10200384044714025,
            0.13380919120315538,
            0.0,
            0.0,
            0.0,
            1.0000000000000004,
            0.0,
            0.5110104750193005,
            0.15561858889687608,
            0.20583295936001833,
            -0.13541160580388392,
            -0.02548503786718977
        ],
        [
            0.008087090943415452,
            0.008146531753534504,
            0.002133728062301827,
            0.015261241241000815,
            0.0594049886244791,
            0.11181313630034219,
            0.03344812992884805,
            0.03834765885244277,
            0.13380919120315535,
            0.4778071235884087,
            0.0,
            0.0,
            0.0,
            0.0,
            1.0000000000000004,
            0.020713161746073492,
            0.006307802207762899,
            0.008343178052731706,
            -0.025485037867189805,
            0.492291913970891
        ],
        [
            0.017107666162883124,
            0.1351582463414917,
            -0.00025238942297095475,
            0.021094489659560817,
            -0.00037917099561665007,
            0.16628135252918497,
            0.3499001349076072,
            -0.005357182799719479,
            0.21475295111385526,
            -0.018818414874471858,
            0.5724988369156019,
            0.5661719847602019,
            -0.1672923305868787,
            0.5110104750193012,
            0.020713161746073495,
            0.9999999999999999,
            0.6848602514927513,
            0.0,
            0.0,
            0.0
        ],
        [
            0.1351582463414917,
            0.36288201055285285,
            -0.001237349319652326,
            0.10341658585143766,
            -0.0018589010899721754,
            0.3499001349076071,
            0.6578395328490239,
            -0.004575123762429866,
            0.183402614102395,
            -0.016071241225512838,
            0.5661719847602019,
            0.8881856626680334,
            -0.050945719690416384,
            0.1556185888968761,
            0.006307802207762911,
            0.6848602514927513,
            1.0000000000000002,
            0.0,
            0.0,
            0.0
        ],
        [
            0.00025238942297095497,
            0.001237349319652326,
            0.0023762035661379203,
            0.0003439054974163475,
            -6.181661275426686e-06,
            0.005357182799719479,
            0.004575123762429866,
            0.08219284990273083,
            0.010180903639075343,
            -0.000892134275610331,
            0.16729233058687865,
            0.050945719690416315,
            0.42594024129685576,
            0.20583295936001833,
            0.008343178052731706,
            0.0,
            0.0,
            1.0000000000000004,
            0.0,
            0.0
        ],
        [
            -0.021094489659560824,
            -0.10341658585143766,
            0.00034390549741634816,
            -0.02636300570671492,
            0.0005166579023733579,
            -0.21475295111385517,
            -0.18340261410239478,
            0.01018090363907534,
            -0.3256742353930552,
            0.03576291413598432,
            -0.5110104750193012,
            -0.15561858889687608,
            0.2058329593600186,
            -0.13541160580388392,
            -0.025485037867189805,
            0.0,
            0.0,
            0.0,
            1.0000000000000004,
            0.0
        ],
        [
            0.00037917099561665034,
            0.0018589010899721747,
            -6.181661275426702e-06,
            0.0005166579023733582,
            0.0023710314295777345,
            0.018818414874471855,
            0.01607124122551283,
            -0.000892134275610331,
            0.035762914135984335,
            0.07931298077747573,
            -0.020713161746073492,
            -0.006307802207762899,
            0.008343178052731706,
            -0.02548503786718977,
            0.492291913970891,
            0.0,
            0.0,
            0.0,
            0.0,
            1.0000000000000004
        ]
    ],
    "h": [
        [
            -0.25945790435779625,
            -0.464703331661386,
            -0.0069928079503363706,
            -0.2831139541432448,
            -0.027349062492983155,
            -0.5717302021710366,
            -0.4547676390020531,
            -0.013241344321029518,
            0.02824524930009531,
            0.01246001705995875,
            -0.26705277325381005,
            -0.3198463591608756,
            0.05618244251765899,
            0.32319065081142595,
            -0.03851078024081532,
            -0.02458759112226539,
            -0.15505200049504897,
            -0.003495818960740215,
            0.08939612321781856,
            -0.003872421971674292
        ],
        [
            -0.464703331661386,
            -0.31341431886226845,
            -0.007520020880134666,
            -0.24474737934391502,
            -0.02182441296712889,
            -0.5448838469422423,
            -0.3694302731029553,
            -0.029249252120373166,
            0.10065882256867911,
            0.04564714917322823,
            -0.3577601893880911,
            -0.31845429047619445,
            0.067045325741557,
            0.19363973372565188,
            -0.041516562223317933,
            -0.15702881358345458,
            -0.21291157943362737,
            -0.024504486302693723,
            0.13750546652444118,
            -0.001689270305581071
        ],
        [
            -0.0069928079503363706,
            -0.007520020880134666,
            1.4897986695332364,
            -0.006981926202908172,
            -0.0001133076015007726,
            -0.009481057933830807,
            -0.009317383813994712,
            0.3732107135347579,
            -0.01386370753964248,
            0.0007365330282228452,
            -0.01958991388158514,
            -0.006891196233239985,
            -0.044261423816669254,
            0.004875621289276114,
            -0.0018697540769871965,
            -0.0041072448605456655,
            -0.00610568234121045,
            -0.007921481408140143,
            0.0026397575183896697,
            2.2557322628056924e-05
        ],
        [
            -0.2831139541432448,
            -0.24474737934391502,
            -0.006981926202908172,
            1.2129787443531692,
            -0.025505497843202826,
            -0.08858403631739709,
            -0.2357697824434311,
            -0.03001262166666866,
            -0.6477772754195087,
            -0.08707892157504818,
            -0.2612633794699395,
            -0.19613205783543053,
            0.05501765635772812,
            0.15462219871626826,
            -0.03902592545036944,
            -0.08672346712214864,
            -0.13265560267829513,
            -0.00833395230415427,
            0.12027325540310485,
            -0.003087197331081746
        ],
        [
            -0.027349062492983155,
            -0.02182441296712889,
            -0.0001133076015007726,
            -0.025505497843202826,
            1.4875619855768951,
            -0.0006534251460760254,
            -0.018154843816488516,
            -0.0011995124911797109,
            -0.10370876086350783,
            0.3639427247115201,
            -0.007010065456206492,
            -0.015404973746469628,
            0.00369555479987125,
            0.019745726421870828,
            -0.04914567518941752,
            0.0012138854838885966,
            -0.006094586420237225,
            0.00015960943136611615,
            0.00022713454323317755,
            -0.007460570205915758
        ],
        [
            -0.5717302021710366,
            -0.5448838469422423,
            -0.009481057933830807,
            -0.08858403631739709,
            -0.0006534251460760254,
            -0.4737933426991179,
            -0.6173069779957316,
            -0.06581738388996616,
            0.006360926736964617,
            0.08103248965712351,
            -0.5793102087905526,
            -0.5439500667270902,
            0.03579927407538558,
            0.04079269754471926,
            -0.01128531139250108,
            -0.3090045295838134,
            -0.3802035652818099,
            -0.04701655878739939,
            0.2780018689226169,
            -0.006882869386944691
        ],
        [
            -0.4547676390020531,
            -0.3694302731029553,
            -0.009317383813994712,
            -0.2357697824434311,
            -0.018154843816488516,
            -0.6173069779957316,
            -0.44443045519902813,
            -0.0526494171802068,
            -0.0196991702213504,
            0.0666940160660392,
            -0.5495343235782817,
            -0.42476958852604785,
            0.10245181244833931,
            0.12428956969764487,
            -0.05043828746223233,
            -0.3479662520329375,
            -0.33182848721303193,
            -0.05472869437297349,
            0.21120707042771641,
            0.002353345462603816
        ],
        [
            -0.013241344321029518,
            -0.029249252120373166,
            0.3732107135347579,
            -0.03001262166666866,
            -0.0011995124911797109,
            -0.06581738388996616,
            -0.0526494171802068,
            1.3739871125674206,
            -0.07380269589176697,
            0.015011277057761382,
            -0.0050023000367444,
            -0.05340294174055499,
            0.3688600636546475,
            -0.2551696924380895,
            0.05417179284135816,
            -0.043165307389187245,
            -0.04903013113241542,
            -0.055361996507461875,
            0.05480181692207871,
            -0.0004804709194692593
        ],
        [
            0.02824524930009531,
            0.10065882256867911,
            -0.01386370753964248,
            -0.6477772754195087,
            -0.10370876086350783,
            0.006360926736964617,
            -0.0196991702213504,
            -0.07380269589176697,
            0.8022241330451472,
            0.03191385418804818,
            -0.0741959173820761,
            -0.1436489681292108,
            -0.22216300364662206,
            -0.6250908912961197,
            0.19160223101552154,
            -0.346949538756988,
            -0.2048582710621461,
            -0.06597803379229361,
            0.08258001512503133,
            0.014617043336078231
        ],
        [
            0.01246001705995875,
            0.04564714917322823,
            0.0007365330282228452,
            -0.08707892157504818,
            0.3639427247115201,
            0.08103248965712351,
            0.0666940160660392,
            0.015011277057761382,
            0.03191385418804818,
            1.378731189488907,
            0.018728673014835884,
            0.060292155546050726,
            0.04842260515859452,
            0.1905390358057295,
            0.3972673339184619,
            0.04753885141467255,
            0.047960460552104935,
            0.01100912106087186,
            -0.03695320226134627,
            -0.04469162078244879
        ],
        [
            -0.26705277325381005,
            -0.3577601893880911,
            -0.01958991388158514,
            -0.2612633794699395,
            -0.007010065456206492,
            -0.5793102087905526,
            -0.5495343235782817,
            -0.0050023000367444,
            -0.0741959173820761,
            0.018728673014835884,
            -0.5014876716278556,
            -0.6240116929890338,
            0.15763048300554852,
            -0.02896472370162481,
            -0.06406439372304781,
            -0.6105740986320005,
            -0.5646159708133363,
            -0.011943472762070362,
            0.10062143732483197,
            -0.0056245358765408815
        ],
        [
            -0.3198463591608756,
            -0.31845429047619445,
            -0.006891196233239985,
            -0.19613205783543053,
            -0.015404973746469628,
            -0.5439500667270902,
            -0.42476958852604785,
            -0.05340294174055499,
            -0.1436489681292108,
            0.060292155546050726,
            -0.6240116929890338,
            -0.4399770713371298,
            0.1254208425769234,
            0.008104430311771674,
            -0.05198503388925216,
            -0.477347981021228,
            -0.37682475532772086,
            -0.06530471615262987,
            0.2505256418303874,
            0.002454676947319153
        ],
        [
            0.05618244251765899,
            0.067045325741557,
            -0.044261423816669254,
            0.05501765635772812,
            0.00369555479987125,
            0.03579927407538558,
            0.10245181244833931,
            0.3688600636546475,
            -0.22216300364662206,
            0.04842260515859452,
            0.15763048300554852,
            0.1254208425769234,
            1.3353574200870149,
            0.009510382927025288,
            0.018911028828477672,
            0.02644290136694022,
            0.10116186572671916,
            0.3345194420958829,
            0.25908359085600297,
            0.013958279881594092
        ],
        [
            0.32319065081142595,
            0.19363973372565188,
            0.004875621289276114,
            0.15462219871626826,
            0.019745726421870828,
            0.04079269754471926,
            0.12428956969764487,
            -0.2551696924380895,
            -0.6250908912961197,
            0.1905390358057295,
            -0.02896472370162481,
            0.008104430311771674,
            0.009510382927025288,
            0.8161648477420376,
            0.046149155848357507,
            -0.008986367400902306,
            -0.09254596906232918,
            0.2956776305997264,
            -0.5169583374702652,
            -0.03356811015287965
        ],
        [
            -0.03851078024081532,
            -0.041516562223317933,
            -0.0018697540769871965,
            -0.03902592545036944,
            -0.04914567518941752,
            -0.01128531139250108,
            -0.05043828746223233,
            0.05417179284135816,
            0.19160223101552154,
            0.3972673339184619,
            -0.06406439372304781,
            -0.05198503388925216,
            0.018911028828477672,
            0.046149155848357507,
            1.3705524214952312,
            -0.01335024089072711,
            -0.03449639644835675,
            0.009876942439894773,
            -0.016700703678317802,
            0.42465702478045475
        ],
        [
            -0.02458759112226539,
            -0.15702881358345458,
            -0.0041072448605456655,
            -0.08672346712214864,
            0.0012138854838885966,
            -0.3090045295838134,
            -0.3479662520329375,
            -0.043165307389187245,
            -0.346949538756988,
            0.04753885141467255,
            -0.6105740986320005,
            -0.477347981021228,
            0.02644290136694022,
            -0.008986367400902306,
            -0.01335024089072711,
            -0.2976196832565534,
            -0.4820414913278277,
            -0.09132301537988799,
            0.29944105001387467,
            0.008155119635158196
        ],
        [
            -0.15505200049504897,
            -0.21291157943362737,
            -0.00610568234121045,
            -0.13265560267829513,
            -0.006094586420237225,
            -0.3802035652818099,
            -0.33182848721303193,
            -0.04903013113241542,
            -0.2048582710621461,
            0.047960460552104935,
            -0.5646159708133363,
            -0.37682475532772086,
            0.10116186572671916,
            -0.09254596906232918,
            -0.03449639644835675,
            -0.4820414913278277,
            -0.32300241398379637,
            -0.07249240929959751,
            0.2532669905359165,
            0.004963977510298145
        ],
        [
            -0.003495818960740215,
            -0.024504486302693723,
            -0.007921481408140143,
            -0.00833395230415427,
            0.00015960943136611615,
            -0.04701655878739939,
            -0.05472869437297349,
            -0.055361996507461875,
            -0.06597803379229361,
            0.01100912106087186,
            -0.011943472762070362,
            -0.06530471615262987,
            0.3345194420958829,
            0.2956776305997264,
            0.009876942439894773,
            -0.09132301537988799,
            -0.07249240929959751,
            1.442012520192728,
            0.08283556592461803,
            0.003207090726290603
        ],
        [
            0.08939612321781856,
            0.13750546652444118,
            0.0026397575183896697,
            0.12027325540310485,
            0.00022713454323317755,
            0.2780018689226169,
            0.21120707042771641,
            0.05480181692207871,
            0.08258001512503133,
            -0.03695320226134627,
            0.10062143732483197,
            0.2505256418303874,
            0.25908359085600297,
            -0.5169583374702652,
            -0.016700703678317802,
            0.29944105001387467,
            0.2532669905359165,
            0.08283556592461803,
            1.1827400984860081,
            -0.006612735012614306
        ],
        [
            -0.003872421971674292,
            -0.001689270305581071,
            2.2557322628056924e-05,
            -0.003087197331081746,
            -0.007460570205915758,
            -0.006882869386944691,
            0.002353345462603816,
            -0.0004804709194692593,
            0.014617043336078231,
            -0.04469162078244879,
            -0.0056245358765408815,
            0.002454676947319153,
            0.013958279881594092,
            -0.03356811015287965,
            0.42465702478045475,
            0.008155119635158196,
            0.004963977510298145,
            0.003207090726290603,
            -0.006612735012614306,
            1.4682393820911155
        ]
    ]
}