{
    "HF": -2.1823206690991324,
    "coordinates": [
        [
            0.763909,
            0.187476,
            -0.18318
        ],
        [
            1.554247,
            -0.14592,
            -0.173572
        ],
        [
            2.38848,
            0.133384,
            -0.020345
        ],
        [
            3.155533,
            0.008494,
            0.124094
        ]
    ],
    "elements": [
        "H",
        "H",
        "H",
        "H"
    ],
    "Enn": 2.745160362604045,
    "S": [
        [
            0.9999999999999999,
            0.6848602514927513,
            0.0,
            0.0,
            0.0,
            0.4780018026438048,
            0.5295140715335822,
            -0.005577075116922844,
            -0.4587608652954371,
            0.1935235778186517,
            0.08804623580779039,
            0.2697388823469801,
            -0.011662330595948962,
            -0.11635265193964077,
            0.003874098238069647,
            0.006523806159536082,
            0.08928636174928972,
            -0.0009235850096300898,
            -0.00718859413771277,
            0.0005379729238191737
        ],
        [
            0.6848602514927513,
            1.0000000000000002,
            0.0,
            0.0,
            0.0,
            0.5295140715335822,
            0.8518879737806838,
            -0.0019868184155778777,
            -0.16343235771554987,
            0.06894226815986773,
            0.2697388823469801,
            0.5591541583742546,
            -0.016372759450550462,
            -0.16334762301311267,
            0.005438851009912946,
            0.08928636174928972,
            0.27984140529712614,
            -0.009441867749972403,
            -0.07348945083430423,
            0.005499731098711774
        ],
        [
            0.0,
            0.0,
            1.0000000000000004,
            0.0,
            0.0,
            0.005577075116922844,
            0.0019868184155778777,
            0.38463075234899247,
            -0.00758448511660667,
            0.003199437455792581,
            0.011662330595948959,
            0.01637275945055045,
            0.02914484225323414,
            -0.021495869724892154,
            0.0007157302359569792,
            0.0009235850096300891,
            0.009441867749972403,
            0.0003819580504646306,
            -0.0009653620951244069,
            7.224481712407827e-05
        ],
        [
            0.0,
            0.0,
            0.0,
            1.0000000000000004,
            0.0,
            0.4587608652954371,
            0.16343235771555004,
            -0.00758448511660667,
            -0.2391640966573497,
            0.26318037051792237,
            0.11635265193964077,
            0.16334762301311254,
            -0.021495869724892164,
            -0.18316040146988807,
            0.007140692020504599,
            0.007188594137712766,
            0.07348945083430428,
            -0.0009653620951244067,
            -0.00700777318693187,
            0.0005623073820419448
        ],
        [
            0.0,
            0.0,
            0.0,
            0.0,
            1.0000000000000004,
            -0.1935235778186517,
            -0.06894226815986768,
            0.003199437455792581,
            0.26318037051792237,
            0.27370300867958414,
            -0.003874098238069647,
            -0.005438851009912944,
            0.0007157302359569797,
            0.007140692020504599,
            0.031061671763227657,
            -0.0005379729238191731,
            -0.005499731098711773,
            7.224481712407826e-05,
            0.0005623073820419448,
            0.0004639056193820797
        ],
        [
            0.4780018026438048,
            0.5295140715335822,
            0.005577075116922844,
            0.4587608652954371,
            -0.1935235778186517,
            0.9999999999999999,
            0.6848602514927513,
            0.0,
            0.0,
            0.0,
            0.45149484485549785,
            0.5182473019089391,
            -0.08274625523304524,
            -0.45050582953284346,
            -0.15083085925855408,
            0.0874626554762375,
            0.26899776088912697,
            -0.02114748125252571,
            -0.11376228949538035,
            -0.010970239026719564
        ],
        [
            0.5295140715335822,
            0.8518879737806838,
            0.0019868184155778777,
            0.16343235771555004,
            -0.06894226815986773,
            0.6848602514927513,
            1.0000000000000002,
            0.0,
            0.0,
            0.0,
            0.5182473019089391,
            0.8405414721459993,
            -0.03096616399548173,
            -0.16859297570560508,
            -0.05644549243014633,
            0.2689977608891269,
            0.5581935337579196,
            -0.02984176145481385,
            -0.1605329289637818,
            -0.015480389944715314
        ],
        [
            -0.005577075116922844,
            -0.0019868184155778777,
            0.38463075234899247,
            -0.00758448511660667,
            0.003199437455792581,
            0.0,
            0.0,
            1.0000000000000004,
            0.0,
            0.0,
            0.08274625523304524,
            0.03096616399548171,
            0.3335289595531454,
            -0.11786952274695334,
            -0.039463110643327526,
            0.02114748125252571,
            0.02984176145481386,
            0.02385384828515786,
            -0.03833687973242478,
            -0.0036968729802188
        ],
        [
            -0.4587608652954371,
            -0.16343235771554987,
            -0.00758448511660667,
            -0.2391640966573497,
            0.26318037051792237,
            0.0,
            0.0,
            0.0,
            1.0000000000000004,
            0.0,
            0.4505058295328436,
            0.1685929757056047,
            -0.11786952274695338,
            -0.2865533073158994,
            -0.21485396947871496,
            0.11376228949538035,
            0.16053292896378174,
            -0.038336879732424785,
            -0.17525182099949205,
            -0.019887225773190895
        ],
        [
            0.1935235778186517,
            0.06894226815986768,
            0.003199437455792581,
            0.26318037051792237,
            0.27370300867958414,
            0.0,
            0.0,
            0.0,
            0.0,
            1.0000000000000004,
            0.15083085925855408,
            0.056445492430146293,
            -0.03946311064332754,
            -0.21485396947871496,
            0.2832447107529474,
            0.010970239026719564,
            0.015480389944715308,
            -0.003696872980218798,
            -0.019887225773190884,
            0.02906261146793124
        ],
        [
            0.08804623580779039,
            0.2697388823469801,
            0.011662330595948962,
            0.11635265193964077,
            -0.003874098238069647,
            0.45149484485549785,
            0.5182473019089391,
            0.08274625523304523,
            0.45050582953284346,
            0.15083085925855408,
            0.9999999999999999,
            0.6848602514927513,
            0.0,
            0.0,
            0.0,
            0.5303902486777894,
            0.5504657576833464,
            -0.09564098737967261,
            -0.5079078800915268,
            0.08269652181091888
        ],
        [
            0.2697388823469801,
            0.5591541583742546,
            0.016372759450550455,
            0.16334762301311267,
            -0.005438851009912946,
            0.5182473019089391,
            0.8405414721459993,
            0.03096616399548172,
            0.16859297570560508,
            0.05644549243014633,
            0.6848602514927513,
            1.0000000000000002,
            0.0,
            0.0,
            0.0,
            0.5504657576833464,
            0.8727467029755541,
            -0.031131625680172657,
            -0.1653265868141805,
            0.026918136591895292
        ],
        [
            -0.01166233059594896,
            -0.01637275945055044,
            0.02914484225323414,
            -0.021495869724892154,
            0.0007157302359569792,
            -0.08274625523304523,
            -0.03096616399548172,
            0.3335289595531454,
            -0.11786952274695334,
            -0.039463110643327526,
            0.0,
            0.0,
            1.0000000000000004,
            0.0,
            0.0,
            0.09564098737967261,
            0.031131625680172647,
            0.4203086296691548,
            -0.12781855567211242,
            0.020811155706176917
        ],
        [
            -0.11635265193964077,
            -0.16334762301311262,
            -0.021495869724892164,
            -0.18316040146988807,
            0.007140692020504599,
            -0.4505058295328436,
            -0.16859297570560502,
            -0.11786952274695338,
            -0.2865533073158994,
            -0.21485396947871496,
            0.0,
            0.0,
            0.0,
            1.0000000000000004,
            0.0,
            0.5079078800915268,
            0.1653265868141812,
            -0.12781855567211242,
            -0.23441166502541372,
            0.11051903861069463
        ],
        [
            0.003874098238069647,
            0.005438851009912944,
            0.0007157302359569797,
            0.007140692020504599,
            0.031061671763227657,
            -0.15083085925855408,
            -0.056445492430146293,
            -0.03946311064332754,
            -0.21485396947871496,
            0.2832447107529474,
            0.0,
            0.0,
            0.0,
            0.0,
            1.0000000000000004,
            -0.08269652181091887,
            -0.02691813659189529,
            0.020811155706176917,
            0.11051903861069463,
            0.42638286656104435
        ],
        [
            0.006523806159536082,
            0.08928636174928972,
            0.0009235850096300898,
            0.007188594137712772,
            -0.0005379729238191737,
            0.0874626554762375,
            0.26899776088912697,
            0.02114748125252571,
            0.11376228949538035,
            0.010970239026719564,
            0.5303902486777894,
            0.5504657576833464,
            0.09564098737967262,
            0.5079078800915268,
            -0.08269652181091888,
            0.9999999999999999,
            0.6848602514927513,
            0.0,
            0.0,
            0.0
        ],
        [
            0.08928636174928972,
            0.27984140529712614,
            0.009441867749972403,
            0.07348945083430428,
            -0.005499731098711774,
            0.2689977608891269,
            0.5581935337579196,
            0.02984176145481385,
            0.1605329289637818,
            0.015480389944715314,
            0.5504657576833464,
            0.8727467029755541,
            0.031131625680172647,
            0.1653265868141805,
            -0.026918136591895292,
            0.6848602514927513,
            1.0000000000000002,
            0.0,
            0.0,
            0.0
        ],
        [
            -0.0009235850096300891,
            -0.009441867749972407,
            0.0003819580504646306,
            -0.0009653620951244069,
            7.224481712407827e-05,
            -0.02114748125252571,
            -0.02984176145481386,
            0.02385384828515786,
            -0.038336879732424806,
            -0.0036968729802188,
            -0.09564098737967261,
            -0.031131625680172654,
            0.4203086296691548,
            -0.12781855567211242,
            0.020811155706176917,
            0.0,
            0.0,
            1.0000000000000004,
            0.0,
            0.0
        ],
        [
            -0.007188594137712764,
            -0.07348945083430422,
            -0.0009653620951244067,
            -0.00700777318693187,
            0.0005623073820419448,
            -0.11376228949538035,
            -0.16053292896378174,
            -0.03833687973242476,
            -0.17525182099949205,
            -0.019887225773190884,
            -0.5079078800915268,
            -0.1653265868141812,
            -0.12781855567211242,
            -0.23441166502541372,
            0.11051903861069463,
            0.0,
            0.0,
            0.0,
            1.0000000000000004,
            0.0
        ],
        [
            0.0005379729238191731,
            0.005499731098711772,
            7.224481712407826e-05,
            0.0005623073820419448,
            0.0004639056193820797,
            -0.010970239026719562,
            -0.015480389944715312,
            -0.003696872980218798,
            -0.019887225773190895,
            0.02906261146793124,
            0.08269652181091887,
            0.026918136591895278,
            0.020811155706176917,
            0.11051903861069463,
            0.42638286656104435,
            0.0,
            0.0,
            0.0,
            0.0,
            1.0000000000000004
        ]
    ],
    "h": [
        [
            -0.21715749978368204,
            -0.44603518196188696,
            -0.0033876453921501005,
            -0.22381731845443228,
            0.0899526911924361,
            -0.5255546973330604,
            -0.4372723358626823,
            -0.001137276237033321,
            0.0458187911308614,
            -0.03159164721870028,
            -0.18809231556021044,
            -0.276928925825241,
            0.03533647854273283,
            0.24809233319245144,
            0.028139659456050868,
            0.0021531960817830313,
            -0.10777380457591638,
            0.00636075948664407,
            0.040470479948461896,
            0.0002947799170414174
        ],
        [
            -0.44603518196188696,
            -0.3078906473852958,
            -0.0036598024550357437,
            -0.20306543809653202,
            0.07898571720482825,
            -0.498780256917454,
            -0.36138248269226403,
            -0.011054273622075329,
            0.10081789829091103,
            -0.09904909672026554,
            -0.2833712346043772,
            -0.29035357184332355,
            0.024518407564283057,
            0.15046344647130935,
            0.047603936624805776,
            -0.11051976899129744,
            -0.1730951134046037,
            0.017105429142383763,
            0.09698112250151629,
            -0.007627562244499876
        ],
        [
            -0.0033876453921501005,
            -0.0036598024550357437,
            1.4924054997126335,
            -0.003538107568721291,
            0.0009294842117842906,
            -0.0033426768927568556,
            -0.0044951743975240824,
            0.2771258390346742,
            -0.01167400187372593,
            0.0026902482980243336,
            -0.012238638479668013,
            -0.003908453831771731,
            -0.0371771137843645,
            0.011459700762729744,
            0.0012747068463603533,
            -0.004557623043071269,
            -0.0053015787999630935,
            -0.001020691007812709,
            0.005344167250075195,
            -0.00038579783891353825
        ],
        [
            -0.22381731845443228,
            -0.20306543809653202,
            -0.003538107568721291,
            1.2941829007625902,
            0.07806951302814591,
            -0.07787645757026851,
            -0.19033888921595882,
            -0.016099975764380527,
            -0.5506619423090748,
            0.3215320793985307,
            -0.18541449332264281,
            -0.1482402909290525,
            0.029815245351563206,
            0.17487968371922652,
            0.03052294693031561,
            -0.040283825017034855,
            -0.08984682502304626,
            0.008078364443407085,
            0.05117886956689402,
            -0.0029041786497721943
        ],
        [
            0.0899526911924361,
            0.07898571720482825,
            0.0009294842117842906,
            0.07806951302814591,
            1.4596573771155343,
            0.020966174550869132,
            0.06946558091702952,
            0.004809096501067918,
            0.343415434617806,
            0.13643852349088315,
            0.03460813644750402,
            0.05279545922996619,
            -0.007617156243760739,
            -0.05009184319972214,
            -0.04751328242411305,
            0.0023588897387794225,
            0.022195549065712965,
            -0.0010914315190424587,
            -0.006797489164782495,
            -0.0018037569893475172
        ],
        [
            -0.5255546973330604,
            -0.498780256917454,
            -0.0033426768927568556,
            -0.07787645757026851,
            0.020966174550869132,
            -0.345135924413144,
            -0.5514342422538409,
            -0.025743070171016603,
            0.05405213777422757,
            -0.14118346091989553,
            -0.4417223193054065,
            -0.4552846542709714,
            0.008273463661124913,
            0.06687017433373754,
            0.019984490788594378,
            -0.19454103496956943,
            -0.283389325952057,
            0.036502679224818785,
            0.19625794724427176,
            -0.0028027593760091563
        ],
        [
            -0.4372723358626823,
            -0.36138248269226403,
            -0.0044951743975240824,
            -0.19033888921595882,
            0.06946558091702952,
            -0.5514342422538409,
            -0.42008143148622357,
            -0.026739271353095822,
            0.018960788228500974,
            -0.12545485268005868,
            -0.4610413988139599,
            -0.39399134770156974,
            0.01306213575241607,
            0.0880654865476217,
            0.06585955455470757,
            -0.2847674280341064,
            -0.2905938033539315,
            0.03120865228370452,
            0.16544790056956016,
            -0.019602417874046384
        ],
        [
            -0.001137276237033321,
            -0.011054273622075329,
            0.2771258390346742,
            -0.016099975764380527,
            0.004809096501067918,
            -0.025743070171016603,
            -0.026739271353095822,
            1.4256417046691363,
            -0.03773003638095874,
            -0.00907317893335272,
            -0.017629786565366096,
            -0.03236213098801744,
            0.20369299305975203,
            -0.15712570227720873,
            -0.047032310983400744,
            -0.0438472721838941,
            -0.031371675264527166,
            -0.03149065789858208,
            0.04284775885753031,
            -0.0014793221184883684
        ],
        [
            0.0458187911308614,
            0.10081789829091103,
            -0.01167400187372593,
            -0.5506619423090748,
            0.343415434617806,
            0.05405213777422757,
            0.018960788228500974,
            -0.03773003638095874,
            1.0444583144755804,
            0.023862062617870876,
            -0.0705279852657904,
            -0.09455168705206485,
            -0.16569612570517342,
            -0.6828122306285305,
            -0.260392285010997,
            -0.2538215077590341,
            -0.15252753129802077,
            0.04355905698650488,
            0.19161112203138508,
            -0.009016591420228572
        ],
        [
            -0.03159164721870028,
            -0.09904909672026554,
            0.0026902482980243336,
            0.3215320793985307,
            0.13643852349088315,
            -0.14118346091989553,
            -0.12545485268005868,
            -0.00907317893335272,
            0.023862062617870876,
            1.3804112708977974,
            -0.032562295967060395,
            -0.09029909146820968,
            -0.04696144124252305,
            -0.2492803931568489,
            0.14726190057147415,
            -0.04190713553541355,
            -0.057228293720353464,
            0.00936365535728199,
            0.0500540158198613,
            -0.04191266985869044
        ],
        [
            -0.18809231556021044,
            -0.2833712346043772,
            -0.012238638479668013,
            -0.18541449332264281,
            0.03460813644750402,
            -0.4417223193054065,
            -0.4610413988139599,
            -0.017629786565366096,
            -0.0705279852657904,
            -0.032562295967060395,
            -0.3817063271382579,
            -0.5694633689382287,
            -0.018138083084927283,
            -0.09549314411815361,
            0.09572176353941671,
            -0.5601771059393403,
            -0.5184632364143049,
            0.012675880660189431,
            0.06528326883337288,
            -0.0011536558080813275
        ],
        [
            -0.276928925825241,
            -0.29035357184332355,
            -0.003908453831771731,
            -0.1482402909290525,
            0.05279545922996619,
            -0.4552846542709714,
            -0.39399134770156974,
            -0.03236213098801744,
            -0.09455168705206485,
            -0.09029909146820968,
            -0.5694633689382287,
            -0.4261156795901637,
            -0.009210126850533596,
            -0.04145968193033012,
            0.08363780004541051,
            -0.4550936337485394,
            -0.3622165479295627,
            0.041097718616507725,
            0.216506876153297,
            -0.026862650639409007
        ],
        [
            0.03533647854273283,
            0.024518407564283057,
            -0.0371771137843645,
            0.029815245351563206,
            -0.007617156243760739,
            0.008273463661124913,
            0.01306213575241607,
            0.20369299305975203,
            -0.16569612570517342,
            -0.04696144124252305,
            -0.018138083084927283,
            -0.009210126850533596,
            1.4109598832401409,
            -0.08072788324337656,
            -0.002638637249181456,
            -0.004193232704784666,
            -0.022939425330540088,
            0.3296349757363748,
            -0.18013313887377547,
            0.028733470524428185
        ],
        [
            0.24809233319245144,
            0.15046344647130935,
            0.011459700762729744,
            0.17487968371922652,
            -0.05009184319972214,
            0.06687017433373754,
            0.0880654865476217,
            -0.15712570227720873,
            -0.6828122306285305,
            -0.2492803931568489,
            -0.09549314411815361,
            -0.04145968193033012,
            -0.08072788324337656,
            0.9802727249046748,
            -0.015134600658690142,
            -0.03079676434368661,
            -0.12385070942854459,
            -0.1794252661734917,
            -0.5915690229146224,
            0.1520184263289223
        ],
        [
            0.028139659456050868,
            0.047603936624805776,
            0.0012747068463603533,
            0.03052294693031561,
            -0.04751328242411305,
            0.019984490788594378,
            0.06585955455470757,
            -0.047032310983400744,
            -0.260392285010997,
            0.14726190057147415,
            0.09572176353941671,
            0.08363780004541051,
            -0.002638637249181456,
            -0.015134600658690142,
            1.4008150588721218,
            0.017862050445813793,
            0.06025449690691365,
            0.025360945505107875,
            0.13479791835757668,
            0.33838583608462514
        ],
        [
            0.0021531960817830313,
            -0.11051976899129744,
            -0.004557623043071269,
            -0.040283825017034855,
            0.0023588897387794225,
            -0.19454103496956943,
            -0.2847674280341064,
            -0.0438472721838941,
            -0.2538215077590341,
            -0.04190713553541355,
            -0.5601771059393403,
            -0.4550936337485394,
            -0.004193232704784666,
            -0.03079676434368661,
            0.017862050445813793,
            -0.25216746989073546,
            -0.46153668504077405,
            0.05076310598893481,
            0.26690475586604245,
            -0.03937961099957708
        ],
        [
            -0.10777380457591638,
            -0.1730951134046037,
            -0.0053015787999630935,
            -0.08984682502304626,
            0.022195549065712965,
            -0.283389325952057,
            -0.2905938033539315,
            -0.031371675264527166,
            -0.15252753129802077,
            -0.057228293720353464,
            -0.5184632364143049,
            -0.3622165479295627,
            -0.022939425330540088,
            -0.12385070942854459,
            0.06025449690691365,
            -0.46153668504077405,
            -0.30979803682765406,
            0.04366013268716695,
            0.22954620932222777,
            -0.03180272314562683
        ],
        [
            0.00636075948664407,
            0.017105429142383763,
            -0.001020691007812709,
            0.008078364443407085,
            -0.0010914315190424587,
            0.036502679224818785,
            0.03120865228370452,
            -0.03149065789858208,
            0.04355905698650488,
            0.00936365535728199,
            0.012675880660189431,
            0.041097718616507725,
            0.3296349757363748,
            -0.1794252661734917,
            0.025360945505107875,
            0.05076310598893481,
            0.04366013268716695,
            1.477042024553913,
            -0.04742479829591616,
            0.00689384811386155
        ],
        [
            0.040470479948461896,
            0.09698112250151629,
            0.005344167250075195,
            0.05117886956689402,
            -0.006797489164782495,
            0.19625794724427176,
            0.16544790056956016,
            0.04284775885753031,
            0.19161112203138508,
            0.0500540158198613,
            0.06528326883337288,
            0.216506876153297,
            -0.18013313887377547,
            -0.5915690229146224,
            0.13479791835757668,
            0.26690475586604245,
            0.22954620932222777,
            -0.04742479829591616,
            1.2351555683073152,
            0.03660901756885443
        ],
        [
            0.0002947799170414174,
            -0.007627562244499876,
            -0.00038579783891353825,
            -0.0029041786497721943,
            -0.0018037569893475172,
            -0.0028027593760091563,
            -0.019602417874046384,
            -0.0014793221184883684,
            -0.009016591420228572,
            -0.04191266985869044,
            -0.0011536558080813275,
            -0.026862650639409007,
            0.028733470524428185,
            0.1520184263289223,
            0.33838583608462514,
            -0.03937961099957708,
            -0.03180272314562683,
            0.00689384811386155,
            0.03660901756885443,
            1.479532852690399
        ]
    ]
}