{
    "HF": -2.1236351942547436,
    "coordinates": [
        [
            0.769113,
            0.05544,
            0.196
        ],
        [
            1.472431,
            0.06476,
            -0.112017
        ],
        [
            2.140408,
            -0.088304,
            0.174667
        ],
        [
            2.783264,
            0.149338,
            0.071555
        ]
    ],
    "elements": [
        "H",
        "H",
        "H",
        "H"
    ],
    "Enn": 3.2097063079338306,
    "S": [
        [
            0.9999999999999999,
            0.6848602514927513,
            0.0,
            0.0,
            0.0,
            0.5483521215078646,
            0.55728165598778,
            0.2127345542318541,
            -0.4857525435714236,
            -0.006436937069839919,
            0.16931790777073077,
            0.35246851903890153,
            0.0033922883028267925,
            -0.21805784410185486,
            0.02285759573438029,
            0.027284845996791186,
            0.1649336381390972,
            0.00214945515543945,
            -0.03478908152825363,
            -0.0016218372790023981
        ],
        [
            0.6848602514927513,
            1.0000000000000002,
            0.0,
            0.0,
            0.0,
            0.55728165598778,
            0.8794669349815439,
            0.06726624842607204,
            -0.15359400068998827,
            -0.0020353468650463813,
            0.35246851903890153,
            0.6608503591449899,
            0.0028556984861696617,
            -0.18356560519345771,
            0.019241997056015217,
            0.16493363813909726,
            0.4110633676088052,
            0.0073876921023872865,
            -0.11957031166953647,
            -0.005574265844589671
        ],
        [
            0.0,
            0.0,
            1.0000000000000004,
            0.0,
            0.0,
            -0.21273455423185414,
            -0.06726624842607204,
            0.3505872411533267,
            0.2616144606964599,
            0.0034667771529962336,
            -0.0033922883028267917,
            -0.0028556984861696612,
            0.08462100514518424,
            0.00643437806870393,
            -0.0006744743042946831,
            -0.0021494551554394493,
            -0.007387692102387285,
            0.004802354952686527,
            0.003255949716075141,
            0.0001517895959339809
        ],
        [
            0.0,
            0.0,
            0.0,
            1.0000000000000004,
            0.0,
            0.4857525435714235,
            0.15359400068998827,
            0.26161446069646,
            -0.1322027713164197,
            -0.007915948709619942,
            0.21805784410185478,
            0.1835656051934577,
            0.006434378068703948,
            -0.3288836623742879,
            0.04335551685687799,
            0.03478908152825363,
            0.11957031166953638,
            0.0032559497160751425,
            -0.04769424821944508,
            -0.0024567251913698712
        ],
        [
            0.0,
            0.0,
            0.0,
            0.0,
            1.0000000000000004,
            0.006436937069839908,
            0.002035346865046381,
            0.0034667771529962393,
            -0.00791594870961995,
            0.4650559803273104,
            -0.02285759573438028,
            -0.01924199705601521,
            -0.000674474304294685,
            0.04335551685687799,
            0.08017642478301898,
            0.001621837279002398,
            0.0055742658445896666,
            0.000151789595933981,
            -0.0024567251913698717,
            0.004888994474945644
        ],
        [
            0.5483521215078646,
            0.55728165598778,
            -0.2127345542318541,
            0.4857525435714234,
            0.006436937069839908,
            0.9999999999999999,
            0.6848602514927513,
            0.0,
            0.0,
            0.0,
            0.5684274352639892,
            0.5646942109052583,
            -0.2072115889562955,
            -0.48280537301090903,
            0.11063273378356107,
            0.19154717428763707,
            0.37042783637677945,
            -0.033970459188165436,
            -0.24257293557296566,
            -0.015651371108974438
        ],
        [
            0.55728165598778,
            0.8794669349815439,
            -0.06726624842607204,
            0.15359400068998827,
            0.0020353468650463813,
            0.6848602514927513,
            1.0000000000000002,
            0.0,
            0.0,
            0.0,
            0.5646942109052583,
            0.8867400431041599,
            -0.06349676827791008,
            -0.14794819656476663,
            0.03390168038568612,
            0.37042783637677945,
            0.6816757653663954,
            -0.025914552350368762,
            -0.18504810320250867,
            -0.011939734865281689
        ],
        [
            0.21273455423185414,
            0.06726624842607204,
            0.3505872411533267,
            0.26161446069646,
            0.0034667771529962393,
            0.0,
            0.0,
            1.0000000000000004,
            0.0,
            0.0,
            0.20721158895629554,
            0.06349676827791009,
            0.38431415300220767,
            -0.242892736674332,
            0.055657805353058504,
            0.03397045918816543,
            0.025914552350368762,
            0.09300935289911497,
            -0.06367568958241136,
            -0.004108503885316578
        ],
        [
            -0.4857525435714234,
            -0.15359400068998827,
            0.2616144606964599,
            -0.13220277131641986,
            -0.00791594870961995,
            0.0,
            0.0,
            0.0,
            1.0000000000000004,
            0.0,
            0.482805373010909,
            0.1479481965647666,
            -0.24289273667433212,
            -0.07738340457756036,
            0.12968332326296542,
            0.2425729355729657,
            0.18504810320250867,
            -0.06367568958241135,
            -0.35276250254027647,
            -0.02933760308489958
        ],
        [
            -0.00643693706983991,
            -0.002035346865046381,
            0.0034667771529962336,
            -0.007915948709619942,
            0.4650559803273104,
            0.0,
            0.0,
            0.0,
            0.0,
            1.0000000000000004,
            -0.11063273378356103,
            -0.033901680385686084,
            0.05565780535305847,
            0.12968332326296525,
            0.45884308607748087,
            0.015651371108974438,
            0.011939734865281675,
            -0.00410850388531658,
            -0.0293376030848996,
            0.10003370908659863
        ],
        [
            0.16931790777073077,
            0.35246851903890153,
            -0.0033922883028267925,
            0.21805784410185483,
            -0.02285759573438029,
            0.5684274352639892,
            0.5646942109052583,
            0.2072115889562955,
            0.48280537301090903,
            -0.11063273378356107,
            0.9999999999999999,
            0.6848602514927513,
            0.0,
            0.0,
            0.0,
            0.6087626198918824,
            0.5789718735726095,
            0.0812657320514086,
            -0.5066545449961238,
            -0.18729295422609246
        ],
        [
            0.35246851903890153,
            0.6608503591449899,
            -0.0028556984861696617,
            0.1835656051934576,
            -0.019241997056015224,
            0.5646942109052583,
            0.8867400431041599,
            0.06349676827791008,
            0.14794819656476663,
            -0.03390168038568612,
            0.6848602514927513,
            1.0000000000000002,
            0.0,
            0.0,
            0.0,
            0.5789718735726095,
            0.9006475278850344,
            0.023454818402369924,
            -0.14623002888969225,
            -0.054056268472883764
        ],
        [
            0.0033922883028267917,
            0.0028556984861696612,
            0.08462100514518424,
            0.006434378068703947,
            -0.000674474304294685,
            -0.20721158895629554,
            -0.06349676827791007,
            0.38431415300220767,
            -0.24289273667433217,
            0.055657805353058504,
            0.0,
            0.0,
            1.0000000000000004,
            0.0,
            0.0,
            -0.0812657320514086,
            -0.023454818402369914,
            0.5212372515504732,
            0.09224582742366638,
            0.034100145165659096
        ],
        [
            -0.21805784410185483,
            -0.1835656051934577,
            0.006434378068703931,
            -0.3288836623742879,
            0.043355516856877996,
            -0.482805373010909,
            -0.1479481965647666,
            -0.24289273667433195,
            -0.07738340457756021,
            0.1296833232629653,
            0.0,
            0.0,
            0.0,
            1.0000000000000004,
            0.0,
            0.5066545449961237,
            0.1462300288896922,
            0.09224582742366652,
            -0.03907722008578012,
            -0.21259875592186128
        ],
        [
            0.02285759573438028,
            0.01924199705601521,
            -0.0006744743042946831,
            0.04335551685687798,
            0.08017642478301898,
            0.11063273378356103,
            0.03390168038568607,
            0.05565780535305847,
            0.12968332326296536,
            0.45884308607748087,
            0.0,
            0.0,
            0.0,
            0.0,
            1.0000000000000004,
            0.18729295422609243,
            0.054056268472883744,
            0.034100145165659096,
            -0.21259875592186098,
            0.457442650897335
        ],
        [
            0.027284845996791186,
            0.1649336381390972,
            -0.0021494551554394493,
            0.03478908152825363,
            0.001621837279002398,
            0.19154717428763707,
            0.37042783637677945,
            0.033970459188165436,
            0.24257293557296578,
            0.015651371108974445,
            0.6087626198918824,
            0.5789718735726095,
            -0.0812657320514086,
            0.5066545449961238,
            0.18729295422609246,
            0.9999999999999999,
            0.6848602514927513,
            0.0,
            0.0,
            0.0
        ],
        [
            0.16493363813909726,
            0.4110633676088052,
            -0.0073876921023872865,
            0.11957031166953642,
            0.005574265844589667,
            0.37042783637677945,
            0.6816757653663954,
            0.025914552350368762,
            0.18504810320250867,
            0.011939734865281689,
            0.5789718735726095,
            0.9006475278850344,
            -0.023454818402369924,
            0.14623002888969153,
            0.054056268472883764,
            0.6848602514927513,
            1.0000000000000002,
            0.0,
            0.0,
            0.0
        ],
        [
            0.0021494551554394493,
            0.007387692102387285,
            0.004802354952686527,
            0.003255949716075141,
            0.00015178959593398092,
            -0.03397045918816543,
            -0.025914552350368755,
            0.09300935289911497,
            -0.06367568958241135,
            -0.00410850388531658,
            0.0812657320514086,
            0.023454818402369914,
            0.5212372515504732,
            0.09224582742366652,
            0.034100145165659096,
            0.0,
            0.0,
            1.0000000000000004,
            0.0,
            0.0
        ],
        [
            -0.03478908152825363,
            -0.11957031166953644,
            0.003255949716075142,
            -0.04769424821944508,
            -0.0024567251913698712,
            -0.24257293557296566,
            -0.18504810320250867,
            -0.06367568958241136,
            -0.35276250254027647,
            -0.0293376030848996,
            -0.5066545449961238,
            -0.1462300288896922,
            0.09224582742366638,
            -0.03907722008578012,
            -0.21259875592186098,
            0.0,
            0.0,
            0.0,
            1.0000000000000004,
            0.0
        ],
        [
            -0.0016218372790023981,
            -0.005574265844589669,
            0.00015178959593398097,
            -0.0024567251913698717,
            0.004888994474945644,
            -0.015651371108974438,
            -0.011939734865281689,
            -0.004108503885316578,
            -0.02933760308489958,
            0.10003370908659863,
            -0.18729295422609243,
            -0.054056268472883744,
            0.034100145165659096,
            -0.21259875592186128,
            0.457442650897335,
            0.0,
            0.0,
            0.0,
            0.0,
            1.0000000000000004
        ]
    ],
    "h": [
        [
            -0.27590261572349384,
            -0.4747808315283597,
            0.11082743070024048,
            -0.2766315824088441,
            0.0013845250578995933,
            -0.5880848904856295,
            -0.46691875582173714,
            -0.037767000830137565,
            0.02085136682640376,
            0.014346658783273904,
            -0.29759600027940447,
            -0.34168295163134343,
            0.05879711188314719,
            0.32850640777181705,
            -0.04327335952849974,
            -0.05029301781944366,
            -0.18516824319034847,
            0.0005526277509389273,
            0.1213720757582362,
            0.01029678670141917
        ],
        [
            -0.4747808315283597,
            -0.3234605632709515,
            0.08986732025463176,
            -0.24048264487874008,
            0.002724374263884718,
            -0.5538725132900273,
            -0.37891857542900365,
            -0.13210800574140755,
            0.08218302838997235,
            0.02786682770753758,
            -0.382964752072819,
            -0.3344142594032251,
            0.07714206866030363,
            0.18876148287308736,
            -0.05984692742152483,
            -0.19034022368788545,
            -0.2378922043810694,
            -0.006306032484073146,
            0.15772625798915413,
            0.034648235413683365
        ],
        [
            0.11082743070024048,
            0.08986732025463176,
            1.4437925574864503,
            0.09663029070427209,
            0.0011157983527476244,
            0.014174401645939416,
            0.07953251815022257,
            0.23330192729541283,
            0.3697156389462838,
            0.002268985400788592,
            0.055729345394449355,
            0.06783534793106591,
            -0.060917456497483286,
            -0.07917128954623197,
            0.013366754380886638,
            0.010850080519389571,
            0.03704921567386808,
            -0.013536454478159207,
            -0.021095051672883156,
            -0.0016206970205880032
        ],
        [
            -0.2766315824088441,
            -0.24048264487874008,
            0.09663029070427209,
            1.2300767316231553,
            0.001547909514347788,
            -0.09847018976232169,
            -0.23617875673564664,
            0.3201753645252451,
            -0.4968283670906207,
            0.006929411002008137,
            -0.26328279182812175,
            -0.1993311686087625,
            0.07343184721849326,
            0.0417281654339583,
            -0.033508920615487936,
            -0.11879685913820899,
            -0.14643308708102915,
            -0.00638533395583048,
            0.16053608163598898,
            0.017980724877326243
        ],
        [
            0.0013845250578995933,
            0.002724374263884718,
            0.0011157983527476244,
            0.001547909514347788,
            1.485600786363837,
            0.008009455404865765,
            0.0044692875117688085,
            0.008670023594077064,
            -0.008907357712891995,
            0.38728127520701816,
            0.011625524341860219,
            0.0026424872686758617,
            -0.0023522476686243417,
            0.011203760334721577,
            -0.04105855816792664,
            0.0013063231285233004,
            0.0033665790944261316,
            0.00010382560736544769,
            0.002027311678185803,
            -0.01340645512271294
        ],
        [
            -0.5880848904856295,
            -0.5538725132900273,
            0.014174401645939416,
            -0.09847018976232169,
            0.008009455404865765,
            -0.46868676237342255,
            -0.6140784304983221,
            -0.20260819464165514,
            0.008127672928804078,
            0.05257034970433598,
            -0.5841277434596294,
            -0.5474611113623795,
            0.02234332950733975,
            0.05984626542643279,
            -0.038973231975877265,
            -0.3340166215998308,
            -0.3968754935141957,
            -0.0031163781592705997,
            0.2839402296351911,
            0.05932462394706678
        ],
        [
            -0.46691875582173714,
            -0.37891857542900365,
            0.07953251815022257,
            -0.23617875673564664,
            0.0044692875117688085,
            -0.6140784304983221,
            -0.44262883659927277,
            -0.16516460139478228,
            -0.02509885192873848,
            0.04157474088312316,
            -0.5563510877240969,
            -0.43037502652836346,
            0.09837925972477626,
            0.12098214155235704,
            -0.09439638880946681,
            -0.36758323861077075,
            -0.34280933508748235,
            -0.01869718375207606,
            0.22346582344083243,
            0.06479072426797156
        ],
        [
            -0.037767000830137565,
            -0.13210800574140755,
            0.23330192729541283,
            0.3201753645252451,
            0.008670023594077064,
            -0.20260819464165514,
            -0.16516460139478228,
            1.3098209940417618,
            -0.0005267062542468406,
            0.022100566315189342,
            -0.05044901046374073,
            -0.13673073841773242,
            0.26881071837877213,
            -0.310312403684198,
            0.06409409440686185,
            -0.08603449297245305,
            -0.10023911074521377,
            -0.046189054719231876,
            0.06688795940664269,
            0.0230512527492727
        ],
        [
            0.02085136682640376,
            0.08218302838997235,
            0.3697156389462838,
            -0.4968283670906207,
            -0.008907357712891995,
            0.008127672928804078,
            -0.02509885192873848,
            -0.0005267062542468406,
            0.852383270505291,
            0.04346941235721507,
            -0.09014972583603043,
            -0.13927458105080726,
            -0.32386211743487203,
            -0.5941941714576204,
            0.14438021383723493,
            -0.3505729654621973,
            -0.19872314654064882,
            -0.0530195689981625,
            0.008281693224743703,
            0.06662689581143982
        ],
        [
            0.014346658783273904,
            0.02786682770753758,
            0.002268985400788592,
            0.006929411002008137,
            0.38728127520701816,
            0.05257034970433598,
            0.04157474088312316,
            0.022100566315189342,
            0.04346941235721507,
            1.381520847538492,
            0.0015541582806488097,
            0.0389213650348179,
            0.07768916569061411,
            0.18035381897938396,
            0.3650821858523827,
            0.02779976798600331,
            0.03537714193655308,
            -0.00021938777846041996,
            -0.052117769519646966,
            -0.04733125867515661
        ],
        [
            -0.29759600027940447,
            -0.382964752072819,
            0.055729345394449355,
            -0.26328279182812175,
            0.011625524341860219,
            -0.5841277434596294,
            -0.5563510877240969,
            -0.05044901046374073,
            -0.09014972583603043,
            0.0015541582806488097,
            -0.518657526300077,
            -0.6316771104686503,
            0.1406269455301371,
            -0.05524103580378001,
            -0.1565049037047331,
            -0.6407136165639546,
            -0.5804973902756375,
            0.00994632871859652,
            0.10040862393426364,
            0.01296836692538672
        ],
        [
            -0.34168295163134343,
            -0.3344142594032251,
            0.06783534793106591,
            -0.1993311686087625,
            0.0026424872686758617,
            -0.5474611113623795,
            -0.43037502652836346,
            -0.13673073841773242,
            -0.13927458105080726,
            0.0389213650348179,
            -0.6316771104686503,
            -0.44337917341795485,
            0.11101877032266107,
            0.003241365583928721,
            -0.12124924868630355,
            -0.4949344885719589,
            -0.38346220609859527,
            -0.021174748917999538,
            0.26394918113624366,
            0.07760108033198057
        ],
        [
            0.05879711188314719,
            0.07714206866030363,
            -0.060917456497483286,
            0.07343184721849326,
            -0.0023522476686243417,
            0.02234332950733975,
            0.09837925972477626,
            0.26881071837877213,
            -0.32386211743487203,
            0.07768916569061411,
            0.1406269455301371,
            0.11101877032266107,
            1.3331954757775188,
            -0.050493731600556896,
            0.03668484210923207,
            0.03275067577544166,
            0.08453739340440233,
            0.46763922921107826,
            0.09086211849523043,
            0.043631321008859955
        ],
        [
            0.32850640777181705,
            0.18876148287308736,
            -0.07917128954623197,
            0.0417281654339583,
            0.011203760334721577,
            0.05984626542643279,
            0.12098214155235704,
            -0.310312403684198,
            -0.5941941714576204,
            0.18035381897938396,
            -0.05524103580378001,
            0.003241365583928721,
            -0.050493731600556896,
            0.8144224509056182,
            -0.044320355910382754,
            0.0027087941488586065,
            -0.09096223920641922,
            0.1320213619747811,
            -0.4118499766808441,
            -0.31714385737224454
        ],
        [
            -0.04327335952849974,
            -0.05984692742152483,
            0.013366754380886638,
            -0.033508920615487936,
            -0.04105855816792664,
            -0.038973231975877265,
            -0.09439638880946681,
            0.06409409440686185,
            0.14438021383723493,
            0.3650821858523827,
            -0.1565049037047331,
            -0.12124924868630355,
            0.03668484210923207,
            -0.044320355910382754,
            1.3322318625252008,
            -0.023380989660953477,
            -0.10448413494078099,
            0.05286174891116997,
            -0.27891169440009633,
            0.3812874994547678
        ],
        [
            -0.05029301781944366,
            -0.19034022368788545,
            0.010850080519389571,
            -0.11879685913820899,
            0.0013063231285233004,
            -0.3340166215998308,
            -0.36758323861077075,
            -0.08603449297245305,
            -0.3505729654621973,
            0.02779976798600331,
            -0.6407136165639546,
            -0.4949344885719589,
            0.03275067577544166,
            0.0027087941488586065,
            -0.023380989660953477,
            -0.3331565864609505,
            -0.4983139015067386,
            -0.03941713370774412,
            0.321033430900767,
            0.11031602813351268
        ],
        [
            -0.18516824319034847,
            -0.2378922043810694,
            0.03704921567386808,
            -0.14643308708102915,
            0.0033665790944261316,
            -0.3968754935141957,
            -0.34280933508748235,
            -0.10023911074521377,
            -0.19872314654064882,
            0.03537714193655308,
            -0.5804973902756375,
            -0.38346220609859527,
            0.08453739340440233,
            -0.09096223920641922,
            -0.10448413494078099,
            -0.4983139015067386,
            -0.3306362112777381,
            -0.02704981889787924,
            0.2645499907111911,
            0.08483858904400365
        ],
        [
            0.0005526277509389273,
            -0.006306032484073146,
            -0.013536454478159207,
            -0.00638533395583048,
            0.00010382560736544769,
            -0.0031163781592705997,
            -0.01869718375207606,
            -0.046189054719231876,
            -0.0530195689981625,
            -0.00021938777846041996,
            0.00994632871859652,
            -0.021174748917999538,
            0.46763922921107826,
            0.1320213619747811,
            0.05286174891116997,
            -0.03941713370774412,
            -0.02704981889787924,
            1.4564400190101041,
            0.03371707309211965,
            0.014554517315194379
        ],
        [
            0.1213720757582362,
            0.15772625798915413,
            -0.021095051672883156,
            0.16053608163598898,
            0.002027311678185803,
            0.2839402296351911,
            0.22346582344083243,
            0.06688795940664269,
            0.008281693224743703,
            -0.052117769519646966,
            0.10040862393426364,
            0.26394918113624366,
            0.09086211849523043,
            -0.4118499766808441,
            -0.27891169440009633,
            0.321033430900767,
            0.2645499907111911,
            0.03371707309211965,
            1.1630119942707169,
            -0.09743958890838797
        ],
        [
            0.01029678670141917,
            0.034648235413683365,
            -0.0016206970205880032,
            0.017980724877326243,
            -0.01340645512271294,
            0.05932462394706678,
            0.06479072426797156,
            0.0230512527492727,
            0.06662689581143982,
            -0.04733125867515661,
            0.01296836692538672,
            0.07760108033198057,
            0.043631321008859955,
            -0.31714385737224454,
            0.3812874994547678,
            0.11031602813351268,
            0.08483858904400365,
            0.014554517315194379,
            -0.09743958890838797,
            1.4286645507505313
        ]
    ]
}