{
    "HF": -2.138229790753697,
    "coordinates": [
        [
            0.812662,
            -0.172876,
            0.091103
        ],
        [
            1.496133,
            0.151864,
            0.100209
        ],
        [
            2.181362,
            -0.118779,
            -0.06842
        ],
        [
            2.891018,
            -0.029749,
            -0.187632
        ]
    ],
    "elements": [
        "H",
        "H",
        "H",
        "H"
    ],
    "Enn": 3.1333090355515694,
    "S": [
        [
            0.9999999999999999,
            0.6848602514927513,
            0.0,
            0.0,
            0.0,
            0.5572463511744772,
            0.5605918893184204,
            -0.006418443234224645,
            -0.481750473944514,
            -0.2288958111006048,
            0.16929650836674334,
            0.3524505223488806,
            0.02536277470402298,
            -0.21761143996411958,
            -0.008600954239598875,
            0.02072501956002661,
            0.14670432593154478,
            0.003444669561461176,
            -0.02568478896112868,
            -0.001768795523788737
        ],
        [
            0.6848602514927513,
            1.0000000000000002,
            0.0,
            0.0,
            0.0,
            0.5605918893184204,
            0.8827194163087927,
            -0.00200122421246772,
            -0.15020631602454684,
            -0.07136805960430107,
            0.3524505223488805,
            0.66082929126096,
            0.021353054794118746,
            -0.18320822763307054,
            -0.007241189077421058,
            0.14670432593154475,
            0.3819984718306787,
            0.014594234262416914,
            -0.10882025703517595,
            -0.007493960095707187
        ],
        [
            0.0,
            0.0,
            1.0000000000000004,
            0.0,
            0.0,
            0.006418443234224646,
            0.0020012242124677194,
            0.4754041375229922,
            -0.00768309744659792,
            -0.0036504973361096635,
            -0.02536277470402297,
            -0.021353054794118715,
            0.07910887933710849,
            0.04801454520913434,
            0.001897744467142939,
            -0.003444669561461175,
            -0.014594234262416898,
            0.0025802522497768115,
            0.004861182937948904,
            0.000334767734863427
        ],
        [
            0.0,
            0.0,
            0.0,
            1.0000000000000004,
            0.0,
            0.481750473944514,
            0.15020631602454662,
            -0.007683097446597915,
            -0.10116539635966766,
            -0.27399616349749667,
            0.2176114399641195,
            0.1832082276330704,
            0.048014545209134375,
            -0.3272575784529338,
            -0.016282560208738188,
            0.02568478896112868,
            0.10882025703517587,
            0.004861182937948904,
            -0.03301465962175919,
            -0.0024961577496898945
        ],
        [
            0.0,
            0.0,
            0.0,
            0.0,
            1.0000000000000004,
            0.2288958111006048,
            0.0713680596043011,
            -0.0036504973361096648,
            -0.2739961634974969,
            0.34532173190691134,
            0.00860095423959887,
            0.007241189077421071,
            0.0018977444671429407,
            -0.01628256020873819,
            0.0840614523156901,
            0.001768795523788737,
            0.007493960095707191,
            0.00033476773486342725,
            -0.002496157749689896,
            0.003060301989075239
        ],
        [
            0.5572463511744772,
            0.5605918893184204,
            0.006418443234224645,
            0.481750473944514,
            0.2288958111006048,
            0.9999999999999999,
            0.6848602514927513,
            0.0,
            0.0,
            0.0,
            0.5580148507846034,
            0.5608759384537713,
            0.11906695399572252,
            -0.4838321393089857,
            0.19109783981559708,
            0.14753020590684224,
            0.33333713003564297,
            0.03866316651493815,
            -0.1873627142213566,
            0.02439448744368407
        ],
        [
            0.5605918893184204,
            0.8827194163087927,
            0.00200122421246772,
            0.15020631602454665,
            0.07136805960430107,
            0.6848602514927513,
            1.0000000000000002,
            0.0,
            0.0,
            0.0,
            0.5608759384537713,
            0.8829981688263964,
            0.037079614080195104,
            -0.15067412412193637,
            0.05951134142707503,
            0.33333713003564297,
            0.6382179452004179,
            0.036298972703549134,
            -0.1759057692948198,
            0.022902801649555417
        ],
        [
            -0.006418443234224646,
            -0.0020012242124677194,
            0.4754041375229922,
            -0.007683097446597915,
            -0.0036504973361096635,
            0.0,
            0.0,
            1.0000000000000004,
            0.0,
            0.0,
            -0.1190669539957225,
            -0.03707961408019506,
            0.4412321753256004,
            0.14291365420671653,
            -0.05644621012167957,
            -0.03866316651493816,
            -0.03629897270354915,
            0.054028421669831295,
            0.07175139438279107,
            -0.009341978720856441
        ],
        [
            -0.481750473944514,
            -0.1502063160245468,
            -0.00768309744659792,
            -0.10116539635966781,
            -0.27399616349749684,
            0.0,
            0.0,
            0.0,
            1.0000000000000004,
            0.0,
            0.4838321393089857,
            0.15067412412193631,
            0.14291365420671656,
            -0.10433191687384082,
            0.22937086809189627,
            0.1873627142213566,
            0.17590576929481955,
            0.07175139438279103,
            -0.2788744749890363,
            0.04527147275072638
        ],
        [
            -0.2288958111006048,
            -0.0713680596043011,
            -0.0036504973361096648,
            -0.2739961634974968,
            0.34532173190691134,
            0.0,
            0.0,
            0.0,
            0.0,
            1.0000000000000004,
            -0.1910978398155971,
            -0.05951134142707503,
            -0.05644621012167961,
            0.2293708680918964,
            0.38580802769353767,
            -0.02439448744368406,
            -0.022902801649555386,
            -0.009341978720856434,
            0.04527147275072636,
            0.06294034281735192
        ],
        [
            0.16929650836674334,
            0.3524505223488806,
            -0.02536277470402298,
            0.2176114399641195,
            0.00860095423959887,
            0.5580148507846034,
            0.5608759384537713,
            -0.11906695399572252,
            0.4838321393089857,
            -0.19109783981559708,
            0.9999999999999999,
            0.6848602514927513,
            0.0,
            0.0,
            0.0,
            0.5827650598800314,
            0.5698610477918868,
            0.0889200847875771,
            -0.529331541204013,
            -0.06640736795488703
        ],
        [
            0.3524505223488805,
            0.66082929126096,
            -0.021353054794118746,
            0.18320822763307054,
            0.007241189077421072,
            0.5608759384537713,
            0.8829981688263964,
            -0.037079614080195104,
            0.15067412412193637,
            -0.05951134142707503,
            0.6848602514927513,
            1.0000000000000002,
            0.0,
            0.0,
            0.0,
            0.5698610477918868,
            0.8917882040250784,
            0.026661857155053145,
            -0.1587151201324224,
            -0.019911629219494527
        ],
        [
            0.02536277470402297,
            0.021353054794118715,
            0.07910887933710849,
            0.04801454520913436,
            0.00189774446714294,
            0.1190669539957225,
            0.03707961408019506,
            0.4412321753256004,
            0.14291365420671653,
            -0.05644621012167957,
            0.0,
            0.0,
            1.0000000000000004,
            0.0,
            0.0,
            -0.08892008478757712,
            -0.026661857155053134,
            0.4867234346512182,
            0.1109963743470712,
            0.013925066804366826
        ],
        [
            -0.21761143996411958,
            -0.1832082276330703,
            0.04801454520913436,
            -0.3272575784529337,
            -0.01628256020873819,
            -0.4838321393089857,
            -0.15067412412193631,
            0.14291365420671656,
            -0.10433191687384082,
            0.22937086809189627,
            0.0,
            0.0,
            0.0,
            1.0000000000000004,
            0.0,
            0.5293315412040129,
            0.15871512013242306,
            0.110996374347071,
            -0.1553800499568548,
            -0.08289439996073998
        ],
        [
            -0.008600954239598875,
            -0.007241189077421057,
            0.0018977444671429398,
            -0.016282560208738188,
            0.08406145231569008,
            0.1910978398155971,
            0.05951134142707501,
            -0.05644621012167961,
            0.2293708680918964,
            0.38580802769353767,
            0.0,
            0.0,
            0.0,
            0.0,
            1.0000000000000004,
            0.06640736795488703,
            0.019911629219494513,
            0.013925066804366821,
            -0.08289439996074008,
            0.49496969953189046
        ],
        [
            0.02072501956002661,
            0.14670432593154478,
            -0.003444669561461176,
            0.02568478896112868,
            0.001768795523788737,
            0.14753020590684224,
            0.33333713003564297,
            -0.03866316651493815,
            0.1873627142213566,
            -0.02439448744368407,
            0.5827650598800314,
            0.5698610477918868,
            -0.08892008478757712,
            0.529331541204013,
            0.06640736795488703,
            0.9999999999999999,
            0.6848602514927513,
            0.0,
            0.0,
            0.0
        ],
        [
            0.14670432593154475,
            0.3819984718306787,
            -0.014594234262416914,
            0.10882025703517587,
            0.007493960095707191,
            0.33333713003564297,
            0.6382179452004179,
            -0.036298972703549134,
            0.1759057692948196,
            -0.02290280164955542,
            0.5698610477918868,
            0.8917882040250784,
            -0.026661857155053145,
            0.15871512013242312,
            0.01991162921949452,
            0.6848602514927513,
            1.0000000000000002,
            0.0,
            0.0,
            0.0
        ],
        [
            0.003444669561461175,
            0.014594234262416904,
            0.0025802522497768115,
            0.004861182937948902,
            0.000334767734863427,
            0.03866316651493816,
            0.03629897270354915,
            0.054028421669831295,
            0.07175139438279107,
            -0.009341978720856441,
            0.0889200847875771,
            0.026661857155053134,
            0.4867234346512182,
            0.110996374347071,
            0.013925066804366821,
            0.0,
            0.0,
            1.0000000000000004,
            0.0,
            0.0
        ],
        [
            -0.02568478896112868,
            -0.10882025703517577,
            0.0048611829379489055,
            -0.03301465962175919,
            -0.002496157749689895,
            -0.1873627142213566,
            -0.17590576929481974,
            0.07175139438279103,
            -0.2788744749890363,
            0.04527147275072638,
            -0.529331541204013,
            -0.15871512013242306,
            0.1109963743470712,
            -0.15538004995685464,
            -0.08289439996074008,
            0.0,
            0.0,
            0.0,
            1.0000000000000004,
            0.0
        ],
        [
            -0.001768795523788737,
            -0.007493960095707192,
            0.00033476773486342725,
            -0.0024961577496898954,
            0.003060301989075239,
            0.02439448744368406,
            0.022902801649555386,
            -0.009341978720856434,
            0.04527147275072636,
            0.06294034281735192,
            -0.066407367954887,
            -0.01991162921949452,
            0.013925066804366826,
            -0.08289439996073998,
            0.49496969953189046,
            0.0,
            0.0,
            0.0,
            0.0,
            1.0000000000000004
        ]
    ],
    "h": [
        [
            -0.28637398504220823,
            -0.478861577420049,
            -0.0009081757030327316,
            -0.278998797113526,
            -0.1217598614813201,
            -0.5988743025864502,
            -0.47382684696682476,
            0.008554612138854528,
            0.014123467754979302,
            0.038275248434012865,
            -0.30025312955542866,
            -0.34538570572161703,
            -0.05925676585050465,
            0.3293928027154893,
            -0.051409504187520313,
            -0.03491858729470865,
            -0.168436698021887,
            -0.016016333162415568,
            0.0976352400872094,
            0.00037750711695058205
        ],
        [
            -0.478861577420049,
            -0.3246162790077105,
            0.0012335219456953532,
            -0.24024731692420226,
            -0.09822399200532914,
            -0.5552604290850567,
            -0.37837845125242975,
            0.029162933123599036,
            0.08528863699915457,
            0.13515566576265703,
            -0.3777363954067297,
            -0.33332558052161254,
            -0.041687836655737956,
            0.18920631409719557,
            -0.06835590013820453,
            -0.1705077176425311,
            -0.22340644521376485,
            -0.024892042744899208,
            0.14195869505405884,
            0.0059026186935423434
        ],
        [
            -0.0009081757030327316,
            0.0012335219456953532,
            1.4748480722309414,
            0.0012248716177329453,
            -0.0013178636987077343,
            0.0070906238630439105,
            0.003866658399226627,
            0.39965289493046396,
            -0.005707022604608807,
            -0.008906063563376988,
            0.014968569809844241,
            0.0034387924616380433,
            -0.042035231797301065,
            0.014320242557209109,
            0.0029194364951229805,
            0.011413040750638412,
            0.007127530551162189,
            -0.007129459689919027,
            -0.015171933344102608,
            -0.0009748784914993386
        ],
        [
            -0.278998797113526,
            -0.24024731692420226,
            0.0012248716177329453,
            1.2202525498920707,
            -0.1052766850141392,
            -0.09790136890271839,
            -0.23686155818329208,
            0.00837470941408679,
            -0.4565444999145642,
            -0.34102002023730804,
            -0.25973813746003127,
            -0.19888055018732398,
            -0.030770523410866973,
            0.04260003165417081,
            -0.06926959713812686,
            -0.09909697609825206,
            -0.13703052441889163,
            -0.02168381652673078,
            0.1318833987402543,
            0.006245233054321134
        ],
        [
            -0.1217598614813201,
            -0.09822399200532914,
            -0.0013178636987077343,
            -0.1052766850141392,
            1.4257828740271732,
            -0.017430199525019563,
            -0.08828210499150271,
            -0.0028843375189013948,
            -0.3897338677320815,
            0.2247334719748839,
            -0.06232834248865517,
            -0.07402593589116266,
            -0.016775928596349486,
            0.0828240237568148,
            -0.060950916393517046,
            -0.008933868426092853,
            -0.03665548603216566,
            -0.002973471026135879,
            0.0177427041703566,
            -0.009506557126589722
        ],
        [
            -0.5988743025864502,
            -0.5552604290850567,
            0.0070906238630439105,
            -0.09790136890271839,
            -0.017430199525019563,
            -0.4664790128698977,
            -0.6087912141416596,
            0.056667752053654985,
            0.030644425378015025,
            0.2031294722063654,
            -0.5615206163356752,
            -0.5363363505985643,
            -0.010323942352223059,
            0.07405322880309129,
            -0.01514883480481144,
            -0.2819019689949773,
            -0.36244088270655606,
            -0.049112680114251836,
            0.26419070230466446,
            -0.0007782983027742052
        ],
        [
            -0.47382684696682476,
            -0.37837845125242975,
            0.003866658399226627,
            -0.23686155818329208,
            -0.08828210499150271,
            -0.6087912141416596,
            -0.43622978189386896,
            0.05077954378218866,
            -0.007852825575625666,
            0.1643348834512097,
            -0.5397221400604861,
            -0.42403294076662146,
            -0.03219754496767864,
            0.12550978572797916,
            -0.08448460083635258,
            -0.3352819682393759,
            -0.32462892031444646,
            -0.03610391383036715,
            0.20570949415519796,
            0.015402064496633679
        ],
        [
            0.008554612138854528,
            0.029162933123599036,
            0.39965289493046396,
            0.00837470941408679,
            -0.0028843375189013948,
            0.056667752053654985,
            0.05077954378218866,
            1.378502698262839,
            0.061194168302712036,
            -0.02247149888504371,
            0.02461607209401942,
            0.056563264049814266,
            0.3402646654488527,
            0.2142021215766745,
            -0.07512739995779462,
            0.0683979056729633,
            0.05202749520599595,
            -0.03868668097138722,
            -0.04249097271490607,
            -0.005182057191992476
        ],
        [
            0.014123467754979302,
            0.08528863699915457,
            -0.005707022604608807,
            -0.4565444999145642,
            -0.3897338677320815,
            0.030644425378015025,
            -0.007852825575625666,
            0.061194168302712036,
            0.8872792067618482,
            -0.019262177405790868,
            -0.05890464564893416,
            -0.11922058019062243,
            0.2291186848623093,
            -0.6057685922110012,
            0.3114736927498106,
            -0.32417489507598585,
            -0.1842399300719739,
            -0.027810228669077314,
            0.12068613290194508,
            0.025142062768386417
        ],
        [
            0.038275248434012865,
            0.13515566576265703,
            -0.008906063563376988,
            -0.34102002023730804,
            0.2247334719748839,
            0.2031294722063654,
            0.1643348834512097,
            -0.02247149888504371,
            -0.019262177405790868,
            1.3099240303052793,
            0.04690052226964242,
            0.13182616974183672,
            -0.07262173556795158,
            0.2809138890286745,
            0.27229070139478684,
            0.06974831981348936,
            0.08818173970680941,
            0.012505832908616319,
            -0.070707991139668,
            -0.05022851498155083
        ],
        [
            -0.30025312955542866,
            -0.3777363954067297,
            0.014968569809844241,
            -0.25973813746003127,
            -0.06232834248865517,
            -0.5615206163356752,
            -0.5397221400604861,
            0.02461607209401942,
            -0.05890464564893416,
            0.04690052226964242,
            -0.48756486347055183,
            -0.6219555869626024,
            -0.007012019875254551,
            -0.055889952786316324,
            -0.12051641247479361,
            -0.6063450540768106,
            -0.5610602266199021,
            -0.016428974881099734,
            0.08036714730855965,
            -0.006915137184290154
        ],
        [
            -0.34538570572161703,
            -0.33332558052161254,
            0.0034387924616380433,
            -0.19888055018732398,
            -0.07402593589116266,
            -0.5363363505985643,
            -0.42403294076662146,
            0.056563264049814266,
            -0.11922058019062243,
            0.13182616974183672,
            -0.6219555869626024,
            -0.44438615615486143,
            -0.012086064417623228,
            -0.0028023851193646615,
            -0.09670610166476304,
            -0.4749352506045823,
            -0.3740836922565718,
            -0.044371184368595475,
            0.2502571514300153,
            0.017722035846494847
        ],
        [
            -0.05925676585050465,
            -0.041687836655737956,
            -0.042035231797301065,
            -0.030770523410866973,
            -0.016775928596349486,
            -0.010323942352223059,
            -0.03219754496767864,
            0.3402646654488527,
            0.2291186848623093,
            -0.07262173556795158,
            -0.007012019875254551,
            -0.012086064417623228,
            1.3698675081862899,
            0.11133618195809478,
            -0.014610614705372943,
            -0.0031364841020032896,
            0.009776775213608917,
            0.42289159324701164,
            0.17304858701591883,
            0.019597209969429704
        ],
        [
            0.3293928027154893,
            0.18920631409719557,
            0.014320242557209109,
            0.04260003165417081,
            0.0828240237568148,
            0.07405322880309129,
            0.12550978572797916,
            0.2142021215766745,
            -0.6057685922110012,
            0.2809138890286745,
            -0.055889952786316324,
            -0.0028023851193646615,
            0.11133618195809478,
            0.8132899020846394,
            0.048572569333166525,
            -0.012203057079961832,
            -0.10866630496508495,
            0.1679644844429939,
            -0.5447725713773864,
            -0.11803091519439968
        ],
        [
            -0.051409504187520313,
            -0.06835590013820453,
            0.0029194364951229805,
            -0.06926959713812686,
            -0.060950916393517046,
            -0.01514883480481144,
            -0.08448460083635258,
            -0.07512739995779462,
            0.3114736927498106,
            0.27229070139478684,
            -0.12051641247479361,
            -0.09670610166476304,
            -0.014610614705372943,
            0.048572569333166525,
            1.3550835678234199,
            -0.024404525843757296,
            -0.0694524072207717,
            0.013989255165997513,
            -0.08856832282779839,
            0.43530734405164717
        ],
        [
            -0.03491858729470865,
            -0.1705077176425311,
            0.011413040750638412,
            -0.09909697609825206,
            -0.008933868426092853,
            -0.2819019689949773,
            -0.3352819682393759,
            0.0683979056729633,
            -0.32417489507598585,
            0.06974831981348936,
            -0.6063450540768106,
            -0.4749352506045823,
            -0.0031364841020032896,
            -0.012203057079961832,
            -0.024404525843757296,
            -0.2977170810256484,
            -0.48155362084439024,
            -0.053713239818325556,
            0.3098385259481604,
            0.031673239855593685
        ],
        [
            -0.168436698021887,
            -0.22340644521376485,
            0.007127530551162189,
            -0.13703052441889163,
            -0.03665548603216566,
            -0.36244088270655606,
            -0.32462892031444646,
            0.05202749520599595,
            -0.1842399300719739,
            0.08818173970680941,
            -0.5610602266199021,
            -0.3740836922565718,
            0.009776775213608917,
            -0.10866630496508495,
            -0.0694524072207717,
            -0.48155362084439024,
            -0.31936882158502944,
            -0.045092626624021956,
            0.25732587863943746,
            0.022795210228534923
        ],
        [
            -0.016016333162415568,
            -0.024892042744899208,
            -0.007129459689919027,
            -0.02168381652673078,
            -0.002973471026135879,
            -0.049112680114251836,
            -0.03610391383036715,
            -0.03868668097138722,
            -0.027810228669077314,
            0.012505832908616319,
            -0.016428974881099734,
            -0.044371184368595475,
            0.42289159324701164,
            0.1679644844429939,
            0.013989255165997513,
            -0.053713239818325556,
            -0.045092626624021956,
            1.4717445075837883,
            0.05163212993746103,
            0.004747280754066427
        ],
        [
            0.0976352400872094,
            0.14195869505405884,
            -0.015171933344102608,
            0.1318833987402543,
            0.0177427041703566,
            0.26419070230466446,
            0.20570949415519796,
            -0.04249097271490607,
            0.12068613290194508,
            -0.070707991139668,
            0.08036714730855965,
            0.2502571514300153,
            0.17304858701591883,
            -0.5447725713773864,
            -0.08856832282779839,
            0.3098385259481604,
            0.25732587863943746,
            0.05163212993746103,
            1.18174597607219,
            -0.029376531915565413
        ],
        [
            0.00037750711695058205,
            0.0059026186935423434,
            -0.0009748784914993386,
            0.006245233054321134,
            -0.009506557126589722,
            -0.0007782983027742052,
            0.015402064496633679,
            -0.005182057191992476,
            0.025142062768386417,
            -0.05022851498155083,
            -0.006915137184290154,
            0.017722035846494847,
            0.019597209969429704,
            -0.11803091519439968,
            0.43530734405164717,
            0.031673239855593685,
            0.022795210228534923,
            0.004747280754066427,
            -0.029376531915565413,
            1.475862251689506
        ]
    ]
}