{
    "HF": -2.1341305752528505,
    "coordinates": [
        [
            0.810491,
            0.091876,
            -0.190799
        ],
        [
            1.466365,
            0.170739,
            0.031244
        ],
        [
            2.206379,
            0.172954,
            -0.14351
        ],
        [
            2.880069,
            0.122482,
            -0.047467
        ]
    ],
    "elements": [
        "H",
        "H",
        "H",
        "H"
    ],
    "Enn": 3.237577095578567,
    "S": [
        [
            0.9999999999999999,
            0.6848602514927513,
            0.0,
            0.0,
            0.0,
            0.6056426505832279,
            0.5778955524137878,
            -0.1738688519697315,
            -0.5135764667960514,
            -0.061752990514850455,
            0.16136762138769406,
            0.34567980974130735,
            -0.007088973186684084,
            -0.20925400417885914,
            -0.012154195860136009,
            0.022728009141429584,
            0.15259200061188882,
            -0.0019820111750229875,
            -0.02861835963763658,
            -0.00042322324409590015
        ],
        [
            0.6848602514927513,
            1.0000000000000002,
            0.0,
            0.0,
            0.0,
            0.5778955524137878,
            0.8996036966986678,
            -0.05040776389351386,
            -0.14889522180791323,
            -0.01790332270746744,
            0.34567980974130735,
            0.6528739296569562,
            -0.006199956125601589,
            -0.18301178617128183,
            -0.010629957130654608,
            0.15259200061188882,
            0.3915274204635245,
            -0.007828143466096506,
            -0.11303095957830131,
            -0.0016715608442172698
        ],
        [
            0.0,
            0.0,
            1.0000000000000004,
            0.0,
            0.0,
            0.17386885196973148,
            0.05040776389351386,
            0.4642025860968829,
            -0.20127052571902124,
            -0.02420098596648012,
            0.007088973186684084,
            0.0061999561256015885,
            0.07834949557124597,
            -0.013505409967300746,
            -0.000784440893057903,
            0.0019820111750229893,
            0.007828143466096506,
            0.003543717932694689,
            -0.0028828382647733478,
            -4.2632917402317315e-05
        ],
        [
            0.0,
            0.0,
            0.0,
            1.0000000000000004,
            0.0,
            0.5135764667960514,
            0.1488952218079134,
            -0.20127052571902124,
            -0.0621741904801848,
            -0.0714852414612448,
            0.20925400417885914,
            0.1830117861712818,
            -0.013505409967300746,
            -0.3198488948413213,
            -0.023155313695125933,
            0.0286183596376366,
            0.11303095957830121,
            -0.0028828382647733478,
            -0.037882073965817394,
            -0.0006155788514194534
        ],
        [
            0.0,
            0.0,
            0.0,
            0.0,
            1.0000000000000004,
            0.06175299051485043,
            0.017903322707467414,
            -0.02420098596648011,
            -0.07148524146124477,
            0.5237462953228479,
            0.012154195860136014,
            0.010629957130654594,
            -0.0007844408930579027,
            -0.023155313695125926,
            0.0774620825468273,
            0.0004232232440959005,
            0.0016715608442172698,
            -4.2632917402317315e-05,
            -0.0006155788514194534,
            0.003734270097358186
        ],
        [
            0.6056426505832279,
            0.5778955524137878,
            0.1738688519697315,
            0.5135764667960514,
            0.06175299051485045,
            0.9999999999999999,
            0.6848602514927513,
            0.0,
            0.0,
            0.0,
            0.5543450860084755,
            0.5595167279828221,
            0.12236634037049363,
            -0.5181730032098293,
            -0.0015509884976632608,
            0.15459863423885478,
            0.3397297812261393,
            0.011195845767491122,
            -0.20108513352498733,
            0.006864071466527161
        ],
        [
            0.5778955524137878,
            0.8996036966986678,
            0.05040776389351387,
            0.14889522180791342,
            0.017903322707467417,
            0.6848602514927513,
            1.0000000000000002,
            0.0,
            0.0,
            0.0,
            0.5595167279828221,
            0.8816638161897173,
            0.0383270376581204,
            -0.16229982973514923,
            -0.0004857936780430412,
            0.3397297812261393,
            0.6458339391312534,
            0.010129784066827617,
            -0.18193792804576855,
            0.00621047870962001
        ],
        [
            -0.17386885196973148,
            -0.050407763893513875,
            0.4642025860968829,
            -0.20127052571902124,
            -0.02420098596648011,
            0.0,
            0.0,
            1.0000000000000004,
            0.0,
            0.0,
            -0.12236634037049361,
            -0.038327037658120365,
            0.43469575852908793,
            0.15851084863320875,
            0.00047445255052276875,
            -0.011195845767491122,
            -0.01012978406682761,
            0.07268838028365117,
            0.021341904712573752,
            -0.0007285091473990821
        ],
        [
            -0.5135764667960514,
            -0.14889522180791323,
            -0.20127052571902124,
            -0.0621741904801848,
            -0.07148524146124477,
            0.0,
            0.0,
            0.0,
            1.0000000000000004,
            0.0,
            0.5181730032098293,
            0.16229982973514917,
            0.15851084863320875,
            -0.1991026552126521,
            -0.0020091187024191505,
            0.20108513352498728,
            0.18193792804576828,
            0.021341904712573752,
            -0.30943873307290654,
            0.013084528156352632
        ],
        [
            -0.06175299051485045,
            -0.01790332270746739,
            -0.02420098596648012,
            -0.0714852414612448,
            0.5237462953228479,
            0.0,
            0.0,
            0.0,
            0.0,
            1.0000000000000004,
            0.0015509884976632608,
            0.00048579367804304103,
            0.00047445255052276875,
            -0.0020091187024191505,
            0.4721220162000534,
            -0.006864071466527156,
            -0.006210478709620007,
            -0.0007285091473990817,
            0.013084528156352625,
            0.07342999421881033
        ],
        [
            0.16136762138769406,
            0.34567980974130735,
            0.007088973186684084,
            0.20925400417885914,
            0.012154195860136014,
            0.5543450860084755,
            0.5595167279828221,
            -0.12236634037049363,
            0.5181730032098293,
            0.0015509884976632608,
            0.9999999999999999,
            0.6848602514927513,
            0.0,
            0.0,
            0.0,
            0.6175016776342016,
            0.5819624943465466,
            -0.0770663544667195,
            -0.5405790358556508,
            0.040499495461868845
        ],
        [
            0.34567980974130735,
            0.6528739296569562,
            0.006199956125601589,
            0.18301178617128183,
            0.010629957130654608,
            0.5595167279828221,
            0.8816638161897173,
            -0.03832703765812039,
            0.16229982973514923,
            0.0004857936780430412,
            0.6848602514927513,
            1.0000000000000002,
            0.0,
            0.0,
            0.0,
            0.5819624943465466,
            0.9035440030015552,
            -0.021967301695548308,
            -0.1540888089634219,
            0.011544138054597582
        ],
        [
            -0.007088973186684084,
            -0.0061999561256015885,
            0.07834949557124597,
            -0.013505409967300746,
            -0.0007844408930579027,
            0.12236634037049361,
            0.038327037658120365,
            0.43469575852908793,
            0.15851084863320875,
            0.00047445255052276875,
            0.0,
            0.0,
            1.0000000000000004,
            0.0,
            0.0,
            0.07706635446671947,
            0.021967301695548308,
            0.5333033325505326,
            -0.09178234842962857,
            0.0068762170878894
        ],
        [
            -0.20925400417885914,
            -0.1830117861712818,
            -0.013505409967300746,
            -0.3198488948413213,
            -0.023155313695125926,
            -0.5181730032098293,
            -0.16229982973514917,
            0.15851084863320875,
            -0.1991026552126521,
            -0.0020091187024191505,
            0.0,
            0.0,
            0.0,
            1.0000000000000004,
            0.0,
            0.5405790358556508,
            0.1540888089634219,
            -0.09178234842962843,
            -0.09741575725497441,
            0.0482329653378196
        ],
        [
            -0.012154195860136009,
            -0.010629957130654608,
            -0.000784440893057903,
            -0.023155313695125933,
            0.0774620825468273,
            -0.0015509884976632608,
            -0.00048579367804304103,
            0.00047445255052276875,
            -0.0020091187024191505,
            0.4721220162000534,
            0.0,
            0.0,
            0.0,
            0.0,
            1.0000000000000004,
            -0.040499495461868824,
            -0.01154413805459756,
            0.006876217087889396,
            0.04823296533781964,
            0.5427745104865217
        ],
        [
            0.022728009141429584,
            0.15259200061188882,
            0.0019820111750229875,
            0.02861835963763658,
            0.00042322324409590015,
            0.15459863423885478,
            0.3397297812261393,
            -0.011195845767491122,
            0.20108513352498728,
            -0.006864071466527156,
            0.6175016776342016,
            0.5819624943465466,
            0.0770663544667195,
            0.5405790358556508,
            -0.040499495461868824,
            0.9999999999999999,
            0.6848602514927513,
            0.0,
            0.0,
            0.0
        ],
        [
            0.15259200061188882,
            0.3915274204635245,
            0.007828143466096506,
            0.11303095957830131,
            0.0016715608442172698,
            0.3397297812261393,
            0.6458339391312534,
            -0.010129784066827614,
            0.18193792804576833,
            -0.00621047870962001,
            0.5819624943465466,
            0.9035440030015552,
            0.021967301695548308,
            0.1540888089634219,
            -0.01154413805459756,
            0.6848602514927513,
            1.0000000000000002,
            0.0,
            0.0,
            0.0
        ],
        [
            -0.0019820111750229893,
            -0.007828143466096506,
            0.003543717932694689,
            -0.0028828382647733478,
            -4.2632917402317315e-05,
            0.011195845767491122,
            0.010129784066827614,
            0.07268838028365117,
            0.021341904712573752,
            -0.0007285091473990817,
            -0.07706635446671947,
            -0.021967301695548308,
            0.5333033325505326,
            -0.09178234842962843,
            0.006876217087889396,
            0.0,
            0.0,
            1.0000000000000004,
            0.0,
            0.0
        ],
        [
            -0.0286183596376366,
            -0.11303095957830131,
            -0.0028828382647733478,
            -0.037882073965817394,
            -0.0006155788514194534,
            -0.20108513352498733,
            -0.18193792804576805,
            0.021341904712573752,
            -0.30943873307290654,
            0.013084528156352625,
            -0.5405790358556508,
            -0.1540888089634219,
            -0.09178234842962857,
            -0.09741575725497424,
            0.04823296533781964,
            0.0,
            0.0,
            0.0,
            1.0000000000000004,
            0.0
        ],
        [
            -0.0004232232440959005,
            -0.0016715608442172698,
            -4.2632917402317315e-05,
            -0.0006155788514194534,
            0.003734270097358186,
            0.006864071466527161,
            0.006210478709620007,
            -0.0007285091473990821,
            0.013084528156352632,
            0.07342999421881033,
            0.0404994954618688,
            0.01154413805459756,
            0.0068762170878894,
            0.0482329653378196,
            0.5427745104865217,
            0.0,
            0.0,
            0.0,
            0.0,
            1.0000000000000004
        ]
    ],
    "h": [
        [
            -0.3196625845972412,
            -0.4904606149367552,
            -0.1001980896043869,
            -0.3160208094523492,
            -0.03739923608848165,
            -0.6279967424331447,
            -0.48776018695552914,
            0.020740926907736268,
            -0.002950059095255364,
            0.0020800745593579084,
            -0.2969070262587167,
            -0.3482570928795654,
            -0.03219438071260065,
            0.3487941796870145,
            0.008174149016186696,
            -0.04085995931077665,
            -0.1780238525246282,
            0.003163643577343402,
            0.10488578363916848,
            -0.0013175214652735112
        ],
        [
            -0.4904606149367552,
            -0.32137256143279225,
            -0.07687241263059102,
            -0.25783010063851264,
            -0.029450732014265478,
            -0.56876731806612,
            -0.37412587171526845,
            0.0988937930293054,
            0.09685870772227156,
            0.02489521831055383,
            -0.3725326511788541,
            -0.3281244009253512,
            -0.04648566879904269,
            0.19284253550820324,
            0.007071317421859045,
            -0.17903170794375428,
            -0.2262507124594011,
            0.010642763064817267,
            0.14768379962337463,
            -0.007597341689991703
        ],
        [
            -0.1001980896043869,
            -0.07687241263059102,
            1.4423961063161215,
            -0.08953756365580219,
            -0.010776670341065196,
            -0.007388432403789835,
            -0.06937724721084734,
            0.39567019350326804,
            -0.29985505833050846,
            -0.0354109888955806,
            -0.04718214527971362,
            -0.05656220415543253,
            -0.053509670926001535,
            0.06641628273299088,
            0.0011777421260428162,
            -0.008399266938270731,
            -0.02942000605859684,
            -0.010076792019165242,
            0.01616971166609826,
            -0.00019848819597742003
        ],
        [
            -0.3160208094523492,
            -0.25783010063851264,
            -0.08953756365580219,
            1.177425413979618,
            -0.03363089124020924,
            -0.08044797185369501,
            -0.2528300632456728,
            -0.26741844036611473,
            -0.43361778024826514,
            -0.10215342253115003,
            -0.2683142691064484,
            -0.20767984221410762,
            -0.04798145048630297,
            0.09310609834198214,
            -0.001511694723443431,
            -0.1048560598869494,
            -0.14356165530957277,
            0.008892879004753135,
            0.1422476031218054,
            -0.0015944675600814797
        ],
        [
            -0.03739923608848165,
            -0.029450732014265478,
            -0.010776670341065196,
            -0.03363089124020924,
            1.4685476347641502,
            -0.006171404597751895,
            -0.0274704472022373,
            -0.033423340133400536,
            -0.107873418673995,
            0.48052229971336824,
            -0.022876523730769108,
            -0.022149412729013277,
            -0.004421085186947931,
            0.02121226245442609,
            -0.043619752988430516,
            -0.004283621261441857,
            -0.012448638129171411,
            0.00023389280602458435,
            0.006234393940989401,
            -0.010631069829338976
        ],
        [
            -0.6279967424331447,
            -0.56876731806612,
            -0.007388432403789835,
            -0.08044797185369501,
            -0.006171404597751895,
            -0.49609636010450364,
            -0.6199902815651158,
            0.1508186427659624,
            0.0597395479095407,
            0.03396051897566556,
            -0.5536846418234571,
            -0.5345420112106869,
            -0.01172486377061921,
            0.07060957891691777,
            0.009189887111385941,
            -0.2918878937733606,
            -0.3676824263504792,
            0.011416228143626039,
            0.27406413388674133,
            -0.01413556210881668
        ],
        [
            -0.48776018695552914,
            -0.37412587171526845,
            -0.06937724721084734,
            -0.2528300632456728,
            -0.0274704472022373,
            -0.6199902815651158,
            -0.4347798295345713,
            0.11747530594509477,
            0.0006202289156728991,
            0.025651266785071753,
            -0.5360457665423941,
            -0.4169624399474261,
            -0.06122163178705141,
            0.12512058669089837,
            0.013281062639066622,
            -0.34579266724555785,
            -0.32539581279813634,
            0.02191635023876627,
            0.21444681369165197,
            -0.014236920154333794
        ],
        [
            0.020740926907736268,
            0.0988937930293054,
            0.39567019350326804,
            -0.26741844036611473,
            -0.033423340133400536,
            0.1508186427659624,
            0.11747530594509477,
            1.3481409284127464,
            -0.032940738209268274,
            -0.01062897118039982,
            0.029535014037109508,
            0.08895993506337818,
            0.3396794073787506,
            0.19089160403800343,
            -0.0013028872539148232,
            0.04261960798008926,
            0.058834283851877764,
            -0.04948883833780354,
            -0.04798379196493782,
            0.0029272917265448397
        ],
        [
            -0.002950059095255364,
            0.09685870772227156,
            -0.29985505833050846,
            -0.43361778024826514,
            -0.107873418673995,
            0.0597395479095407,
            0.0006202289156728991,
            -0.032940738209268274,
            0.8061035818854851,
            -0.03258671963074061,
            -0.06759029111891435,
            -0.12600460037561884,
            0.20767463439780692,
            -0.7472956586466564,
            0.0021854791438072497,
            -0.34883665557201005,
            -0.19264230605022914,
            0.031185765325534808,
            0.12371804262555941,
            -0.015033670065456556
        ],
        [
            0.0020800745593579084,
            0.02489521831055383,
            -0.0354109888955806,
            -0.10215342253115003,
            0.48052229971336824,
            0.03396051897566556,
            0.025651266785071753,
            -0.01062897118039982,
            -0.03258671963074061,
            1.3882075836323873,
            0.009041184189438015,
            0.015739122967265325,
            0.0014961482781057206,
            -0.01442900542067584,
            0.3884274915533632,
            0.0025731056157537874,
            0.006212985701594018,
            -0.0003629486646532147,
            0.000440276591861969,
            -0.04543589039795651
        ],
        [
            -0.2969070262587167,
            -0.3725326511788541,
            -0.04718214527971362,
            -0.2683142691064484,
            -0.022876523730769108,
            -0.5536846418234571,
            -0.5360457665423941,
            0.029535014037109508,
            -0.06759029111891435,
            0.009041184189438015,
            -0.5066135477744016,
            -0.6254536545656819,
            -0.09722927541131184,
            -0.07742738140584599,
            0.024051339732945126,
            -0.6329999811251469,
            -0.5719729605583128,
            -0.0030518292884970377,
            0.07475359507317414,
            -0.0035431008134065856
        ],
        [
            -0.3482570928795654,
            -0.3281244009253512,
            -0.05656220415543253,
            -0.20767984221410762,
            -0.022149412729013277,
            -0.5345420112106869,
            -0.4169624399474261,
            0.08895993506337818,
            -0.12600460037561884,
            0.015739122967265325,
            -0.6254536545656819,
            -0.4374696000681544,
            -0.07580797303398365,
            -0.009562753979918681,
            0.018841579610373776,
            -0.4893321896990408,
            -0.3726030345115827,
            0.02653950586132732,
            0.26310515392254097,
            -0.01797353170338245
        ],
        [
            -0.03219438071260065,
            -0.04648566879904269,
            -0.053509670926001535,
            -0.04798145048630297,
            -0.004421085186947931,
            -0.01172486377061921,
            -0.06122163178705141,
            0.3396794073787506,
            0.20767463439780692,
            0.0014961482781057206,
            -0.09722927541131184,
            -0.07580797303398365,
            1.371369109714667,
            0.012451927027301368,
            0.003349776829932536,
            -0.017015174800418836,
            -0.05930563366824333,
            0.4973601802419312,
            -0.11337099832799793,
            0.009124186123105303
        ],
        [
            0.3487941796870145,
            0.19284253550820324,
            0.06641628273299088,
            0.09310609834198214,
            0.02121226245442609,
            0.07060957891691777,
            0.12512058669089837,
            0.19089160403800343,
            -0.7472956586466564,
            -0.01442900542067584,
            -0.07742738140584599,
            -0.009562753979918681,
            0.012451927027301368,
            0.7660211891815905,
            0.019334662557842414,
            0.004609662364555289,
            -0.10953508651652977,
            -0.1363037471073931,
            -0.49033617423782705,
            0.07290772339124044
        ],
        [
            0.008174149016186696,
            0.007071317421859045,
            0.0011777421260428162,
            -0.001511694723443431,
            -0.043619752988430516,
            0.009189887111385941,
            0.013281062639066622,
            -0.0013028872539148232,
            0.0021854791438072497,
            0.3884274915533632,
            0.024051339732945126,
            0.018841579610373776,
            0.003349776829932536,
            0.019334662557842414,
            1.389151537863417,
            0.00030850454042348485,
            0.0169754285136526,
            0.010380853754229227,
            0.0694961167069384,
            0.5116644908616452
        ],
        [
            -0.04085995931077665,
            -0.17903170794375428,
            -0.008399266938270731,
            -0.1048560598869494,
            -0.004283621261441857,
            -0.2918878937733606,
            -0.34579266724555785,
            0.04261960798008926,
            -0.34883665557201005,
            0.0025731056157537874,
            -0.6329999811251469,
            -0.4893321896990408,
            -0.017015174800418836,
            0.004609662364555289,
            0.00030850454042348485,
            -0.32719414508744227,
            -0.49252371385001203,
            0.04233264898166356,
            0.3359624483952852,
            -0.025133063735069724
        ],
        [
            -0.1780238525246282,
            -0.2262507124594011,
            -0.02942000605859684,
            -0.14356165530957277,
            -0.012448638129171411,
            -0.3676824263504792,
            -0.32539581279813634,
            0.058834283851877764,
            -0.19264230605022914,
            0.006212985701594018,
            -0.5719729605583128,
            -0.3726030345115827,
            -0.05930563366824333,
            -0.10953508651652977,
            0.0169754285136526,
            -0.49252371385001203,
            -0.3196256408903506,
            0.030908465336221567,
            0.2696148948967949,
            -0.019453964624999993
        ],
        [
            0.003163643577343402,
            0.010642763064817267,
            -0.010076792019165242,
            0.008892879004753135,
            0.00023389280602458435,
            0.011416228143626039,
            0.02191635023876627,
            -0.04948883833780354,
            0.031185765325534808,
            -0.0003629486646532147,
            -0.0030518292884970377,
            0.02653950586132732,
            0.4973601802419312,
            -0.1363037471073931,
            0.010380853754229227,
            0.04233264898166356,
            0.030908465336221567,
            1.4670662987861998,
            -0.039447359772223994,
            0.0030520847971795204
        ],
        [
            0.10488578363916848,
            0.14768379962337463,
            0.01616971166609826,
            0.1422476031218054,
            0.006234393940989401,
            0.27406413388674133,
            0.21444681369165197,
            -0.04798379196493782,
            0.12371804262555941,
            0.000440276591861969,
            0.07475359507317414,
            0.26310515392254097,
            -0.11337099832799793,
            -0.49033617423782705,
            0.0694961167069384,
            0.3359624483952852,
            0.2696148948967949,
            -0.039447359772223994,
            1.1482072928896636,
            0.023309585097968214
        ],
        [
            -0.0013175214652735112,
            -0.007597341689991703,
            -0.00019848819597742003,
            -0.0015944675600814797,
            -0.010631069829338976,
            -0.01413556210881668,
            -0.014236920154333794,
            0.0029272917265448397,
            -0.015033670065456556,
            -0.04543589039795651,
            -0.0035431008134065856,
            -0.01797353170338245,
            0.009124186123105303,
            0.07290772339124044,
            0.5116644908616452,
            -0.025133063735069724,
            -0.019453964624999993,
            0.0030520847971795204,
            0.023309585097968214,
            1.4714188380315212
        ]
    ]
}