{
    "HF": -2.137253535261656,
    "coordinates": [
        [
            0.746348,
            -0.012006,
            -0.183011
        ],
        [
            1.494806,
            -0.160333,
            -0.052037
        ],
        [
            2.210828,
            -0.165332,
            0.114911
        ],
        [
            2.906333,
            0.190407,
            0.033004
        ]
    ],
    "elements": [
        "H",
        "H",
        "H",
        "H"
    ],
    "Enn": 3.0351379869919923,
    "S": [
        [
            0.9999999999999999,
            0.6848602514927513,
            0.0,
            0.0,
            0.0,
            0.5433212206409473,
            0.5553904636050915,
            -0.08940955706857343,
            -0.5109357449908405,
            0.10125560318315306,
            0.12481220721856173,
            0.3113736562675772,
            -0.03262467379507871,
            -0.1603714471553523,
            0.01679033684757835,
            0.015776160821758905,
            0.13055025110101237,
            -0.0019139155457468739,
            -0.019137693540171107,
            -0.001793400399792894
        ],
        [
            0.6848602514927513,
            1.0000000000000002,
            0.0,
            0.0,
            0.0,
            0.5553904636050915,
            0.8776054374078717,
            -0.028499133502883044,
            -0.16285983831371734,
            0.032275039130530724,
            0.3113736562675772,
            0.6116185149767394,
            -0.034928584447003384,
            -0.17169666339158393,
            0.0179760478881091,
            0.1305502511010124,
            0.3550820861758494,
            -0.009979939748006443,
            -0.09979177444435648,
            -0.009351524404385003
        ],
        [
            0.0,
            0.0,
            1.0000000000000004,
            0.0,
            0.0,
            0.08940955706857343,
            0.028499133502883016,
            0.43886846267895935,
            -0.11689725200160582,
            0.02316632155397121,
            0.0326246737950787,
            0.03492858444700336,
            0.04110391451586032,
            -0.06049962775355117,
            0.006334102155673679,
            0.0019139155457468754,
            0.009979939748006438,
            0.0018378908514005993,
            -0.002533194376786998,
            -0.00023738658990159038
        ],
        [
            0.0,
            0.0,
            0.0,
            1.0000000000000004,
            0.0,
            0.5109357449908403,
            0.1628598383137175,
            -0.11689725200160579,
            -0.20869114169853423,
            0.13238519628049977,
            0.16037144715535223,
            0.171696663391584,
            -0.06049962775355125,
            -0.24398346759915218,
            0.031136223323356436,
            0.019137693540171127,
            0.09979177444435657,
            -0.0025331943767869995,
            -0.023238779183199266,
            -0.002373684574629479
        ],
        [
            0.0,
            0.0,
            0.0,
            0.0,
            1.0000000000000004,
            -0.10125560318315308,
            -0.032275039130530744,
            0.02316632155397122,
            0.13238519628049986,
            0.43308884869255077,
            -0.01679033684757835,
            -0.01797604788810909,
            0.006334102155673686,
            0.03113622332335643,
            0.05015161576293542,
            0.0017934003997928953,
            0.009351524404385,
            -0.0002373865899015903,
            -0.0023736845746294773,
            0.0018687907731580035
        ],
        [
            0.5433212206409473,
            0.5553904636050915,
            0.08940955706857343,
            0.5109357449908403,
            -0.10125560318315308,
            0.9999999999999999,
            0.6848602514927513,
            0.0,
            0.0,
            0.0,
            0.5745521012389952,
            0.5669140471925673,
            -0.12231339920018908,
            -0.5245890020971664,
            0.003662485819547061,
            0.13999621714019894,
            0.3263060391244887,
            -0.010713685882443825,
            -0.17782783472193753,
            -0.04418713545711301
        ],
        [
            0.5553904636050915,
            0.8776054374078717,
            0.02849913350288302,
            0.16285983831371753,
            -0.03227503913053074,
            0.6848602514927513,
            1.0000000000000002,
            0.0,
            0.0,
            0.0,
            0.5669140471925673,
            0.8889110371978818,
            -0.03713198225020006,
            -0.1592550746025872,
            0.001111859856175254,
            0.3263060391244887,
            0.6297771045719797,
            -0.01048256396676376,
            -0.1739916283711878,
            -0.043233904654257596
        ],
        [
            -0.0894095570685734,
            -0.02849913350288304,
            0.4388684626789593,
            -0.1168972520016058,
            0.023166321553971213,
            0.0,
            0.0,
            1.0000000000000004,
            0.0,
            0.0,
            0.12231339920018902,
            0.037131982250200014,
            0.4598598998719775,
            -0.15384574715333063,
            0.0010740939384816367,
            0.010713685882443832,
            0.010482563966763765,
            0.0623906755291987,
            -0.01981531346354391,
            -0.004923762028075544
        ],
        [
            -0.5109357449908405,
            -0.16285983831371734,
            -0.1168972520016058,
            -0.20869114169853437,
            0.13238519628049983,
            0.0,
            0.0,
            0.0,
            1.0000000000000004,
            0.0,
            0.5245890020971664,
            0.15925507460258717,
            -0.15384574715333071,
            -0.16409720701337818,
            0.004606673275627731,
            0.17782783472193764,
            0.1739916283711876,
            -0.019815313463543906,
            -0.2653139143142163,
            -0.08172555642811571
        ],
        [
            0.10125560318315306,
            0.03227503913053072,
            0.023166321553971216,
            0.13238519628049983,
            0.43308884869255077,
            0.0,
            0.0,
            0.0,
            0.0,
            1.0000000000000004,
            -0.003662485819547061,
            -0.0011118598561752537,
            0.0010740939384816372,
            0.004606673275627731,
            0.4956984789045343,
            0.04418713545711304,
            0.04323390465425763,
            -0.004923762028075544,
            -0.08172555642811576,
            0.043277114407559464
        ],
        [
            0.12481220721856173,
            0.3113736562675772,
            0.03262467379507871,
            0.16037144715535223,
            -0.01679033684757835,
            0.5745521012389952,
            0.5669140471925673,
            0.12231339920018908,
            0.5245890020971664,
            -0.003662485819547061,
            0.9999999999999999,
            0.6848602514927513,
            0.0,
            0.0,
            0.0,
            0.5343320771243053,
            0.5519768287211324,
            0.05474579864364153,
            -0.4648684078973217,
            -0.2377722986275946
        ],
        [
            0.3113736562675772,
            0.6116185149767394,
            0.034928584447003384,
            0.17169666339158382,
            -0.01797604788810909,
            0.5669140471925673,
            0.8889110371978818,
            0.03713198225020006,
            0.1592550746025872,
            -0.001111859856175254,
            0.6848602514927513,
            1.0000000000000002,
            0.0,
            0.0,
            0.0,
            0.5519768287211324,
            0.8742392842001073,
            0.01770554382376036,
            -0.1503448332516687,
            -0.07689882982310042
        ],
        [
            -0.0326246737950787,
            -0.03492858444700336,
            0.04110391451586032,
            -0.06049962775355119,
            0.006334102155673679,
            -0.12231339920018902,
            -0.03713198225020001,
            0.4598598998719775,
            -0.15384574715333063,
            0.0010740939384816367,
            0.0,
            0.0,
            1.0000000000000004,
            0.0,
            0.0,
            -0.054745798643641534,
            -0.01770554382376037,
            0.4411063784706711,
            0.06639380021863842,
            0.03395930165272455
        ],
        [
            -0.1603714471553523,
            -0.1716966633915839,
            -0.06049962775355124,
            -0.24398346759915218,
            0.03113622332335643,
            -0.5245890020971664,
            -0.15925507460258717,
            -0.15384574715333071,
            -0.16409720701337818,
            0.004606673275627731,
            0.0,
            0.0,
            0.0,
            1.0000000000000004,
            0.0,
            0.46486840789732164,
            0.1503448332516687,
            0.0663938002186384,
            -0.11485090843235315,
            -0.2883619726760619
        ],
        [
            0.016790336847578354,
            0.0179760478881091,
            0.006334102155673686,
            0.031136223323356433,
            0.05015161576293542,
            0.003662485819547061,
            0.0011118598561752537,
            0.0010740939384816372,
            0.004606673275627731,
            0.4956984789045343,
            0.0,
            0.0,
            0.0,
            0.0,
            1.0000000000000004,
            0.2377722986275946,
            0.07689882982310041,
            0.03395930165272455,
            -0.288361972676062,
            0.30143307230708993
        ],
        [
            0.015776160821758905,
            0.13055025110101237,
            0.0019139155457468739,
            0.019137693540171107,
            0.001793400399792894,
            0.13999621714019894,
            0.3263060391244887,
            0.010713685882443825,
            0.17782783472193753,
            0.04418713545711301,
            0.5343320771243053,
            0.5519768287211324,
            -0.05474579864364151,
            0.4648684078973217,
            0.2377722986275946,
            0.9999999999999999,
            0.6848602514927513,
            0.0,
            0.0,
            0.0
        ],
        [
            0.1305502511010124,
            0.3550820861758494,
            0.009979939748006442,
            0.09979177444435652,
            0.009351524404385005,
            0.3263060391244887,
            0.6297771045719797,
            0.01048256396676376,
            0.17399162837118762,
            0.043233904654257596,
            0.5519768287211324,
            0.8742392842001073,
            -0.01770554382376037,
            0.1503448332516687,
            0.07689882982310042,
            0.6848602514927513,
            1.0000000000000002,
            0.0,
            0.0,
            0.0
        ],
        [
            -0.0019139155457468754,
            -0.009979939748006433,
            0.0018378908514005993,
            -0.002533194376786998,
            -0.00023738658990159038,
            -0.010713685882443832,
            -0.010482563966763765,
            0.0623906755291987,
            -0.01981531346354391,
            -0.004923762028075544,
            0.05474579864364153,
            0.017705543823760356,
            0.4411063784706711,
            0.0663938002186384,
            0.033959301652724545,
            0.0,
            0.0,
            1.0000000000000004,
            0.0,
            0.0
        ],
        [
            -0.01913769354017113,
            -0.0997917744443566,
            -0.0025331943767869995,
            -0.023238779183199266,
            -0.002373684574629479,
            -0.17782783472193764,
            -0.1739916283711874,
            -0.019815313463543906,
            -0.2653139143142163,
            -0.08172555642811571,
            -0.46486840789732164,
            -0.1503448332516687,
            0.0663938002186384,
            -0.11485090843235315,
            -0.2883619726760619,
            0.0,
            0.0,
            0.0,
            1.0000000000000004,
            0.0
        ],
        [
            -0.0017934003997928953,
            -0.009351524404385,
            -0.0002373865899015903,
            -0.0023736845746294773,
            0.0018687907731580035,
            -0.04418713545711304,
            -0.04323390465425762,
            -0.004923762028075544,
            -0.08172555642811576,
            0.043277114407559464,
            -0.2377722986275946,
            -0.07689882982310041,
            0.03395930165272456,
            -0.288361972676062,
            0.30143307230708993,
            0.0,
            0.0,
            0.0,
            0.0,
            1.0000000000000004
        ]
    ],
    "h": [
        [
            -0.2615459346088411,
            -0.46398573844229696,
            -0.04966956688426261,
            -0.27563540993708285,
            0.05563108692123323,
            -0.5744977859760563,
            -0.4561189281539545,
            -0.001349671356588783,
            0.02256297484712466,
            -0.0019608063868503944,
            -0.25798817539526775,
            -0.3148852586077372,
            0.06276616206063725,
            0.3183638527581636,
            -0.006145001900408217,
            -0.01754512075854238,
            -0.14617392045632072,
            0.005590667062174894,
            0.0769217266656227,
            0.01384086435257781
        ],
        [
            -0.46398573844229696,
            -0.31173653605861973,
            -0.04299871173691695,
            -0.23710429206475178,
            0.04666725842733618,
            -0.5441421226396019,
            -0.3682791427970251,
            0.009823051410843352,
            0.09560519936595435,
            -0.038044567951327206,
            -0.34847793313682957,
            -0.3153635473592793,
            0.0542117237606038,
            0.19692278863574827,
            -0.020533647187585498,
            -0.14501146740803159,
            -0.2041643121516601,
            -0.0030567904915398195,
            0.1177425633464681,
            0.042618229324612136
        ],
        [
            -0.04966956688426261,
            -0.04299871173691695,
            1.4779627611252923,
            -0.047098049721586766,
            0.009092814907496426,
            -0.01658840839568712,
            -0.04180131319359957,
            0.3530792375684484,
            -0.16953361902503108,
            0.03152313598872728,
            -0.04716635705951975,
            -0.03410492579693331,
            -0.037527110767911154,
            0.040911622569122535,
            -0.0015979282393086998,
            -0.011271526494277862,
            -0.021313867577670502,
            -0.005671229729477816,
            0.014515424214407519,
            0.0031217799561438315
        ],
        [
            -0.27563540993708285,
            -0.23710429206475178,
            -0.047098049721586766,
            1.222990667128579,
            0.05094621032069037,
            -0.08213824607476705,
            -0.22896126281274332,
            -0.17366757502087293,
            -0.5857903545054324,
            0.18104775412658675,
            -0.2510598919758984,
            -0.18905461569658144,
            0.051430227451110366,
            0.17575588183332336,
            -0.009255023187910438,
            -0.07640916550079585,
            -0.12289143323427687,
            0.006405622427792942,
            0.10313108548255107,
            0.020779856176648872
        ],
        [
            0.05563108692123323,
            0.04666725842733618,
            0.009092814907496426,
            0.05094621032069037,
            1.47633533365444,
            0.013046058293006313,
            0.04282190546864304,
            0.033402632046419745,
            0.18696383496164318,
            0.3472549202912697,
            0.03592924250952739,
            0.034350084411623835,
            -0.00914045819165223,
            -0.042195522208717605,
            -0.045871086477886236,
            0.0006087867630079069,
            0.01609761925226983,
            0.00032601226992667995,
            0.000485618982946601,
            -0.007018407533701417
        ],
        [
            -0.5744977859760563,
            -0.5441421226396019,
            -0.01658840839568712,
            -0.08213824607476705,
            0.013046058293006313,
            -0.4708906237172532,
            -0.6145402880571121,
            -0.01218113703899773,
            0.00795013935247492,
            -0.05008099896152353,
            -0.5597564980038412,
            -0.5339309342718939,
            0.025111046166034157,
            0.05007288836774737,
            -0.02961277685521439,
            -0.2736331827378222,
            -0.3599958853804408,
            -0.0045482601302396855,
            0.24568105527505413,
            0.08906379046705437
        ],
        [
            -0.4561189281539545,
            -0.3682791427970251,
            -0.04180131319359957,
            -0.22896126281274332,
            0.04282190546864304,
            -0.6145402880571121,
            -0.44191582844936805,
            -0.012478951155077776,
            -0.01957307406503389,
            -0.04369442733777588,
            -0.5333709253148415,
            -0.4189233323069539,
            0.06780682127252524,
            0.14140585562748326,
            -0.058593345543909964,
            -0.32426425918329255,
            -0.322275820919552,
            -0.014619197722106608,
            0.18061190481063077,
            0.08262848623427435
        ],
        [
            -0.001349671356588783,
            0.009823051410843352,
            0.3530792375684484,
            -0.17366757502087293,
            0.033402632046419745,
            -0.01218113703899773,
            -0.012478951155077776,
            1.373634028174808,
            -0.11022153434130229,
            0.007741847741572601,
            -0.003543630023861849,
            -0.030913976759794445,
            0.3710363026271003,
            -0.24241241978615374,
            -0.00399036718259331,
            -0.04867692544448016,
            -0.03915597211047133,
            -0.04910481695197565,
            0.03744502651937129,
            0.017358921647866066
        ],
        [
            0.02256297484712466,
            0.09560519936595435,
            -0.16953361902503108,
            -0.5857903545054324,
            0.18696383496164318,
            0.00795013935247492,
            -0.01957307406503389,
            -0.11022153434130229,
            0.8213989476470638,
            0.0411682975266311,
            -0.059205628049169845,
            -0.1423410074636028,
            -0.22159620055358703,
            -0.6775644342223259,
            -0.03655103590050019,
            -0.3237972933931741,
            -0.19858554791558278,
            -0.02121986488587075,
            0.12367817023150407,
            0.08952799266678832
        ],
        [
            -0.0019608063868503944,
            -0.038044567951327206,
            0.03152313598872728,
            0.18104775412658675,
            0.3472549202912697,
            -0.05008099896152353,
            -0.04369442733777588,
            0.007741847741572601,
            0.0411682975266311,
            1.3853661355236104,
            -0.026565553418120478,
            -0.032496687932582057,
            0.006295323121216114,
            0.013181577683873647,
            0.41690047506482597,
            -0.031429771593031716,
            -0.017950396888177678,
            -0.002139108571894628,
            0.0033792175056098495,
            -0.04170598598843114
        ],
        [
            -0.25798817539526775,
            -0.34847793313682957,
            -0.04716635705951975,
            -0.2510598919758984,
            0.03592924250952739,
            -0.5597564980038412,
            -0.5333709253148415,
            -0.003543630023861849,
            -0.059205628049169845,
            -0.026565553418120478,
            -0.46465386721277224,
            -0.6088489533857413,
            0.08353469033590921,
            0.01153147051633202,
            -0.1194156175239579,
            -0.5757353124941539,
            -0.5442099212616078,
            -0.0012901544079633454,
            0.09020085194651806,
            0.03316511033267705
        ],
        [
            -0.3148852586077372,
            -0.3153635473592793,
            -0.03410492579693331,
            -0.18905461569658144,
            0.034350084411623835,
            -0.5339309342718939,
            -0.4189233323069539,
            -0.030913976759794445,
            -0.1423410074636028,
            -0.032496687932582057,
            -0.6088489533857413,
            -0.43676672038357367,
            0.07078294142428355,
            0.03171739120315982,
            -0.0961276246711235,
            -0.4583847489407469,
            -0.37176251926491277,
            -0.01792513911629664,
            0.21578471870840987,
            0.0999476731364364
        ],
        [
            0.06276616206063725,
            0.0542117237606038,
            -0.037527110767911154,
            0.051430227451110366,
            -0.00914045819165223,
            0.025111046166034157,
            0.06780682127252524,
            0.3710363026271003,
            -0.22159620055358703,
            0.006295323121216114,
            0.08353469033590921,
            0.07078294142428355,
            1.3766360288740374,
            -0.044535016006184494,
            0.012166889315175582,
            0.011652329085271085,
            0.046939051787110615,
            0.3533705909159379,
            0.07311734072578119,
            0.04136889795206555
        ],
        [
            0.3183638527581636,
            0.19692278863574827,
            0.040911622569122535,
            0.17575588183332336,
            -0.042195522208717605,
            0.05007288836774737,
            0.14140585562748326,
            -0.24241241978615374,
            -0.6775644342223259,
            0.013181577683873647,
            0.01153147051633202,
            0.03171739120315982,
            -0.044535016006184494,
            0.8758367557146636,
            -0.10327124060284071,
            -0.019202891069142303,
            -0.07398694951896756,
            0.08936359459862057,
            -0.45397598770636644,
            -0.40731154727454877
        ],
        [
            -0.006145001900408217,
            -0.020533647187585498,
            -0.0015979282393086998,
            -0.009255023187910438,
            -0.045871086477886236,
            -0.02961277685521439,
            -0.058593345543909964,
            -0.00399036718259331,
            -0.03655103590050019,
            0.41690047506482597,
            -0.1194156175239579,
            -0.0961276246711235,
            0.012166889315175582,
            -0.10327124060284071,
            1.342035393273905,
            -0.020308402071590792,
            -0.09346288794840119,
            0.04704157524136636,
            -0.3847095742637784,
            0.16558138764218783
        ],
        [
            -0.01754512075854238,
            -0.14501146740803159,
            -0.011271526494277862,
            -0.07640916550079585,
            0.0006087867630079069,
            -0.2736331827378222,
            -0.32426425918329255,
            -0.04867692544448016,
            -0.3237972933931741,
            -0.031429771593031716,
            -0.5757353124941539,
            -0.4583847489407469,
            0.011652329085271085,
            -0.019202891069142303,
            -0.020308402071590792,
            -0.26054672710184024,
            -0.46438724339254267,
            -0.027413392236289597,
            0.2514642378123705,
            0.12652757387190156
        ],
        [
            -0.14617392045632072,
            -0.2041643121516601,
            -0.021313867577670502,
            -0.12289143323427687,
            0.01609761925226983,
            -0.3599958853804408,
            -0.322275820919552,
            -0.03915597211047133,
            -0.19858554791558278,
            -0.017950396888177678,
            -0.5442099212616078,
            -0.37176251926491277,
            0.046939051787110615,
            -0.07398694951896756,
            -0.09346288794840119,
            -0.46438724339254267,
            -0.3155970013939351,
            -0.021789482100618818,
            0.2201796462292933,
            0.10742515244887213
        ],
        [
            0.005590667062174894,
            -0.0030567904915398195,
            -0.005671229729477816,
            0.006405622427792942,
            0.00032601226992667995,
            -0.0045482601302396855,
            -0.014619197722106608,
            -0.04910481695197565,
            -0.02121986488587075,
            -0.002139108571894628,
            -0.0012901544079633454,
            -0.01792513911629664,
            0.3533705909159379,
            0.08936359459862057,
            0.04704157524136636,
            -0.027413392236289597,
            -0.021789482100618818,
            1.4774870753877551,
            0.022052129250991512,
            0.01178492674363621
        ],
        [
            0.0769217266656227,
            0.1177425633464681,
            0.014515424214407519,
            0.10313108548255107,
            0.000485618982946601,
            0.24568105527505413,
            0.18061190481063077,
            0.03744502651937129,
            0.12367817023150407,
            0.0033792175056098495,
            0.09020085194651806,
            0.21578471870840987,
            0.07311734072578119,
            -0.45397598770636644,
            -0.3847095742637784,
            0.2514642378123705,
            0.2201796462292933,
            0.022052129250991512,
            1.2562458609470326,
            -0.10861374722466396
        ],
        [
            0.01384086435257781,
            0.042618229324612136,
            0.0031217799561438315,
            0.020779856176648872,
            -0.007018407533701417,
            0.08906379046705437,
            0.08262848623427435,
            0.017358921647866066,
            0.08952799266678832,
            -0.04170598598843114,
            0.03316511033267705,
            0.0999476731364364,
            0.04136889795206555,
            -0.40731154727454877,
            0.16558138764218783,
            0.12652757387190156,
            0.10742515244887213,
            0.01178492674363621,
            -0.10861374722466396,
            1.4261641219427046
        ]
    ]
}