{
    "HF": -2.125315227916305,
    "coordinates": [
        [
            0.817318,
            -0.00705,
            -0.166381
        ],
        [
            1.549385,
            -0.001641,
            -0.060396
        ],
        [
            2.259117,
            0.074254,
            -0.101655
        ],
        [
            2.930158,
            0.137312,
            0.047758
        ]
    ],
    "elements": [
        "H",
        "H",
        "H",
        "H"
    ],
    "Enn": 3.2168907951505687,
    "S": [
        [
            0.9999999999999999,
            0.6848602514927513,
            0.0,
            0.0,
            0.0,
            0.5709417811944966,
            0.5656078278164282,
            -0.07703315269234284,
            -0.5320887766384426,
            -0.003931427304928833,
            0.14402220054468085,
            0.33009225980210244,
            -0.008441912998714326,
            -0.18804717918044234,
            -0.010604104910661391,
            0.018901987454405553,
            0.14104753768164935,
            -0.002365438620988314,
            -0.02333901501346764,
            -0.0015946625799275933
        ],
        [
            0.6848602514927513,
            1.0000000000000002,
            0.0,
            0.0,
            0.0,
            0.5656078278164282,
            0.8876339506539839,
            -0.02351483735045682,
            -0.16242332815621893,
            -0.0012000920434837076,
            0.33009225980210244,
            0.6343309431432912,
            -0.008077495351424472,
            -0.1799296221022225,
            -0.010146350493653474,
            0.14104753768164935,
            0.37270645104696176,
            -0.010749042382363037,
            -0.1060573118729046,
            -0.007246476617536704
        ],
        [
            0.0,
            0.0,
            1.0000000000000004,
            0.0,
            0.0,
            0.07703315269234279,
            0.02351483735045678,
            0.47716837064121703,
            -0.09900391541941658,
            -0.0007315070594680873,
            0.008441912998714326,
            0.008077495351424456,
            0.06565196128017582,
            -0.016080991561416152,
            -0.000906817758861935,
            0.002365438620988311,
            0.010749042382363024,
            0.0024587842428252524,
            -0.0032784073490320143,
            -0.0002240006066341794
        ],
        [
            0.0,
            0.0,
            0.0,
            1.0000000000000004,
            0.0,
            0.5320887766384423,
            0.1624233281562187,
            -0.0990039154194166,
            -0.1923451021241289,
            -0.0050527166910753814,
            0.18804717918044228,
            0.17992962210222233,
            -0.01608099156141614,
            -0.2918370044386049,
            -0.020199748754895684,
            0.023339015013467624,
            0.10605731187290453,
            -0.0032784073490320156,
            -0.02955592612421367,
            -0.0022101412714216452
        ],
        [
            0.0,
            0.0,
            0.0,
            0.0,
            1.0000000000000004,
            0.0039314273049288325,
            0.0012000920434837076,
            -0.0007315070594680876,
            -0.005052716691075383,
            0.49146432966019327,
            0.010604104910661391,
            0.010146350493653476,
            -0.0009068177588619345,
            -0.020199748754895695,
            0.06523480041866613,
            0.0015946625799275916,
            0.007246476617536699,
            -0.0002240006066341795,
            -0.0022101412714216452,
            0.002640044753365281
        ],
        [
            0.5709417811944966,
            0.5656078278164282,
            0.07703315269234284,
            0.5320887766384425,
            0.0039314273049288325,
            0.9999999999999999,
            0.6848602514927513,
            0.0,
            0.0,
            0.0,
            0.5909649227254694,
            0.5727699654634919,
            0.031322806701584514,
            -0.5388108835873135,
            -0.05761759651510596,
            0.16414215026818302,
            0.3480727206029743,
            -0.01655553181698668,
            -0.21136001750777736,
            -0.021270048380695586
        ],
        [
            0.5656078278164282,
            0.8876339506539839,
            0.02351483735045683,
            0.16242332815621893,
            0.001200092043483708,
            0.6848602514927513,
            1.0000000000000002,
            0.0,
            0.0,
            0.0,
            0.5727699654634919,
            0.8946226418111008,
            0.00927789312098518,
            -0.1595971216108737,
            -0.0170664751549279,
            0.3480727206029743,
            0.6556922145105445,
            -0.014284822190813043,
            -0.18237047904724263,
            -0.018352709080385794
        ],
        [
            -0.07703315269234282,
            -0.02351483735045679,
            0.4771683706412171,
            -0.09900391541941657,
            -0.0007315070594680874,
            0.0,
            0.0,
            1.0000000000000004,
            0.0,
            0.0,
            -0.0313228067015845,
            -0.009277893120985169,
            0.5127405704299547,
            0.03915313249664425,
            0.0041868296636375655,
            0.01655553181698668,
            0.014284822190813042,
            0.07840059533867734,
            -0.03134797366715534,
            -0.0031546785640885473
        ],
        [
            -0.5320887766384426,
            -0.1624233281562189,
            -0.09900391541941661,
            -0.19234510212412903,
            -0.005052716691075383,
            0.0,
            0.0,
            0.0,
            1.0000000000000004,
            0.0,
            0.5388108835873135,
            0.15959712161087403,
            0.03915313249664423,
            -0.1584904709023885,
            -0.07202130422048075,
            0.21136001750777736,
            0.18237047904724282,
            -0.03134797366715533,
            -0.3193551022155529,
            -0.040274931902400606
        ],
        [
            -0.003931427304928832,
            -0.001200092043483708,
            -0.0007315070594680874,
            -0.0050527166910753814,
            0.49146432966019327,
            0.0,
            0.0,
            0.0,
            0.0,
            1.0000000000000004,
            0.057617596515105944,
            0.01706647515492789,
            0.004186829663637564,
            -0.07202130422048075,
            0.5073150889945196,
            0.02127004838069558,
            0.018352709080385783,
            -0.0031546785640885464,
            -0.040274931902400606,
            0.07680300191192525
        ],
        [
            0.14402220054468085,
            0.33009225980210244,
            0.008441912998714326,
            0.18804717918044228,
            0.010604104910661391,
            0.5909649227254694,
            0.5727699654634919,
            -0.0313228067015845,
            0.5388108835873135,
            0.05761759651510595,
            0.9999999999999999,
            0.6848602514927513,
            0.0,
            0.0,
            0.0,
            0.6109855002897597,
            0.5797359367104298,
            -0.11829924552793053,
            -0.5313034609994318,
            -0.04992680572975741
        ],
        [
            0.33009225980210244,
            0.6343309431432912,
            0.00807749535142446,
            0.17992962210222238,
            0.010146350493653476,
            0.5727699654634919,
            0.8946226418111008,
            -0.009277893120985193,
            0.15959712161087405,
            0.017066475154927895,
            0.6848602514927513,
            1.0000000000000002,
            0.0,
            0.0,
            0.0,
            0.5797359367104298,
            0.9013880786571328,
            -0.03403474972784317,
            -0.1528562607813351,
            -0.014363965975774095
        ],
        [
            -0.00844191299871432,
            -0.00807749535142447,
            0.06565196128017582,
            -0.016080991561416135,
            -0.0009068177588619342,
            0.031322806701584514,
            0.00927789312098518,
            0.5127405704299547,
            0.03915313249664423,
            0.004186829663637564,
            0.0,
            0.0,
            1.0000000000000004,
            0.0,
            0.0,
            0.11829924552793053,
            0.03403474972784317,
            0.507445350565183,
            -0.14021301348495555,
            -0.013175874803975187
        ],
        [
            -0.18804717918044234,
            -0.17992962210222244,
            -0.016080991561416156,
            -0.2918370044386049,
            -0.02019974875489569,
            -0.5388108835873135,
            -0.15959712161087367,
            0.03915313249664425,
            -0.1584904709023885,
            -0.07202130422048075,
            0.0,
            0.0,
            0.0,
            1.0000000000000004,
            0.0,
            0.5313034609994312,
            0.1528562607813351,
            -0.14021301348495535,
            -0.09105721121069453,
            -0.05917525385565052
        ],
        [
            -0.010604104910661391,
            -0.010146350493653478,
            -0.0009068177588619353,
            -0.02019974875489569,
            0.06523480041866613,
            -0.057617596515105944,
            -0.017066475154927888,
            0.0041868296636375655,
            -0.07202130422048075,
            0.5073150889945196,
            0.0,
            0.0,
            0.0,
            0.0,
            1.0000000000000004,
            0.049926805729757384,
            0.014363965975774093,
            -0.013175874803975194,
            -0.059175253855650624,
            0.5331042504329975
        ],
        [
            0.018901987454405553,
            0.14104753768164935,
            0.002365438620988314,
            0.023339015013467645,
            0.001594662579927593,
            0.16414215026818302,
            0.3480727206029743,
            0.01655553181698668,
            0.21136001750777736,
            0.021270048380695586,
            0.6109855002897597,
            0.5797359367104298,
            0.11829924552793053,
            0.5313034609994312,
            0.049926805729757384,
            0.9999999999999999,
            0.6848602514927513,
            0.0,
            0.0,
            0.0
        ],
        [
            0.14104753768164935,
            0.37270645104696176,
            0.010749042382363037,
            0.10605731187290456,
            0.007246476617536701,
            0.3480727206029743,
            0.6556922145105445,
            0.014284822190813043,
            0.18237047904724285,
            0.01835270908038579,
            0.5797359367104298,
            0.9013880786571328,
            0.03403474972784317,
            0.1528562607813351,
            0.014363965975774095,
            0.6848602514927513,
            1.0000000000000002,
            0.0,
            0.0,
            0.0
        ],
        [
            -0.002365438620988311,
            -0.010749042382363029,
            0.0024587842428252524,
            -0.0032784073490320148,
            -0.00022400060663417944,
            -0.01655553181698668,
            -0.014284822190813042,
            0.07840059533867734,
            -0.03134797366715534,
            -0.0031546785640885473,
            -0.11829924552793053,
            -0.03403474972784317,
            0.507445350565183,
            -0.14021301348495535,
            -0.013175874803975194,
            0.0,
            0.0,
            1.0000000000000004,
            0.0,
            0.0
        ],
        [
            -0.02333901501346762,
            -0.10605731187290457,
            -0.003278407349032015,
            -0.02955592612421367,
            -0.0022101412714216452,
            -0.21136001750777736,
            -0.1823704790472426,
            -0.03134797366715533,
            -0.3193551022155529,
            -0.040274931902400606,
            -0.5313034609994312,
            -0.1528562607813351,
            -0.14021301348495555,
            -0.09105721121069453,
            -0.059175253855650624,
            0.0,
            0.0,
            0.0,
            1.0000000000000004,
            0.0
        ],
        [
            -0.0015946625799275916,
            -0.007246476617536701,
            -0.00022400060663417944,
            -0.002210141271421645,
            0.002640044753365281,
            -0.021270048380695586,
            -0.018352709080385776,
            -0.0031546785640885464,
            -0.040274931902400606,
            0.07680300191192525,
            -0.049926805729757384,
            -0.014363965975774093,
            -0.013175874803975187,
            -0.05917525385565052,
            0.5331042504329975,
            0.0,
            0.0,
            0.0,
            0.0,
            1.0000000000000004
        ]
    ],
    "h": [
        [
            -0.285090473062644,
            -0.4751466886552639,
            -0.041695101718867145,
            -0.3043778272145544,
            -0.002884956592870724,
            -0.5973835660639241,
            -0.46828381528973373,
            0.010269264498419417,
            0.012222971170551933,
            -0.0024216629763832336,
            -0.28191751805587767,
            -0.3317583329322932,
            0.0021989227937096872,
            0.3463827829956594,
            0.028796335764045677,
            -0.030197262548318275,
            -0.1637161249375071,
            0.009560228326834473,
            0.09509421639112749,
            0.007956717335458524
        ],
        [
            -0.4751466886552639,
            -0.3145700147347845,
            -0.03365472785938116,
            -0.25509555555463237,
            -0.0030782720655676797,
            -0.5579221848258207,
            -0.36942351142879604,
            0.03808940966631311,
            0.0995286642030086,
            -0.010670789174411461,
            -0.3670981322809356,
            -0.32094949031440356,
            -0.016520381947277736,
            0.20397166552678617,
            0.019514323858985716,
            -0.16619442676048019,
            -0.2167219094071965,
            0.022682294203400413,
            0.14330599510349992,
            0.013307761118646098
        ],
        [
            -0.041695101718867145,
            -0.03365472785938116,
            1.477998908942003,
            -0.04007026571230109,
            -0.00033524434575788094,
            -0.005699468014567555,
            -0.03079451685628292,
            0.4117957580795044,
            -0.1450046903631572,
            -0.0015465763565966325,
            -0.025711745449129297,
            -0.025833735150205848,
            -0.04784993664040621,
            0.029812993593805234,
            0.002785761991869049,
            -0.00786655026804503,
            -0.015135448083640611,
            -0.006899359478147341,
            0.01348714282520112,
            0.0010766130109833084
        ],
        [
            -0.3043778272145544,
            -0.25509555555463237,
            -0.04007026571230109,
            1.1860732856475202,
            -0.0034806694505462284,
            -0.08436865300834384,
            -0.24732592238531614,
            -0.13302305595753222,
            -0.592565605692626,
            -0.014868206998516105,
            -0.2729245240274965,
            -0.20488342542639204,
            -0.01188568721929471,
            0.15511903108556235,
            0.020981728181344153,
            -0.09339684830461281,
            -0.1383576937270471,
            0.01590111477517014,
            0.12842480998164438,
            0.010892623225287792
        ],
        [
            -0.002884956592870724,
            -0.0030782720655676797,
            -0.00033524434575788094,
            -0.0034806694505462284,
            1.4835860373357552,
            -0.003446258056359371,
            -0.004002636140079995,
            -0.0007151376784643535,
            -0.00968013823539552,
            0.4312740229992609,
            -0.009069124257417037,
            -0.0033600766926980483,
            -0.0005466897406384357,
            0.0007865604159014439,
            -0.046734142453564304,
            -0.005349526769930056,
            -0.004087507422888544,
            0.0008915968798083335,
            0.007436067277915384,
            -0.007785860690192578
        ],
        [
            -0.5973835660639241,
            -0.5579221848258207,
            -0.005699468014567555,
            -0.08436865300834384,
            -0.003446258056359371,
            -0.49763129312884136,
            -0.6249483785320342,
            0.054492646106675785,
            0.01608157362111383,
            -0.02593352182458581,
            -0.5825355014761042,
            -0.5470637430827339,
            -0.010655308458679957,
            0.04543629638749325,
            0.0016124149385151748,
            -0.3126388589444395,
            -0.3809214505883257,
            0.04267653370335399,
            0.28707643535292016,
            0.027728838071764475
        ],
        [
            -0.46828381528973373,
            -0.36942351142879604,
            -0.03079451685628292,
            -0.24732592238531614,
            -0.004002636140079995,
            -0.6249483785320342,
            -0.4407998353390632,
            0.04049805436352781,
            -0.01817552737641516,
            -0.022919412017591144,
            -0.5535417483687355,
            -0.42083332560933395,
            -0.037924427092468696,
            0.1334948440708419,
            0.013341716612035853,
            -0.35287813749306624,
            -0.32903586671327734,
            0.0418555583365418,
            0.21862844293456057,
            0.020879698490007495
        ],
        [
            0.010269264498419417,
            0.03808940966631311,
            0.4117957580795044,
            -0.13302305595753222,
            -0.0007151376784643535,
            0.054492646106675785,
            0.04049805436352781,
            1.3825158662144215,
            -0.030578100762133145,
            0.0008466900697999393,
            0.0011511424055514058,
            0.024621103561023566,
            0.4465798104005656,
            0.03623916384718903,
            0.004470515998534019,
            -0.005315485527629449,
            0.011846244998393277,
            -0.046947372201308235,
            -0.01656140612517093,
            -0.001628277095833918
        ],
        [
            0.012222971170551933,
            0.0995286642030086,
            -0.1450046903631572,
            -0.592565605692626,
            -0.00968013823539552,
            0.01608157362111383,
            -0.01817552737641516,
            -0.030578100762133145,
            0.7531508965912264,
            -0.038666674283057145,
            -0.06935295394570518,
            -0.14635101842090942,
            0.027102151338320002,
            -0.7222890175209787,
            -0.12067486027479518,
            -0.3661963808892055,
            -0.21119829161862452,
            0.04533503924398127,
            0.11689415702572592,
            0.015223065056256452
        ],
        [
            -0.0024216629763832336,
            -0.010670789174411461,
            -0.0015465763565966325,
            -0.014868206998516105,
            0.4312740229992609,
            -0.02593352182458581,
            -0.022919412017591144,
            0.0008466900697999393,
            -0.038666674283057145,
            1.3859045973645716,
            -0.011683502137231419,
            -0.027135939787441634,
            0.0034502122768149904,
            -0.11385594197580037,
            0.43936723838398617,
            -0.03595397830270193,
            -0.025961218558555058,
            0.004758817523244195,
            0.01830729685833657,
            -0.04376502001887997
        ],
        [
            -0.28191751805587767,
            -0.3670981322809356,
            -0.025711745449129297,
            -0.2729245240274965,
            -0.009069124257417037,
            -0.5825355014761042,
            -0.5535417483687355,
            0.0011511424055514058,
            -0.06935295394570518,
            -0.011683502137231419,
            -0.5325906959582498,
            -0.6360040281244695,
            -0.08170296096898272,
            -0.043046989384530526,
            -0.0007502844835686421,
            -0.6349260409892175,
            -0.5771090518423165,
            0.009335928967183688,
            0.0884494171079433,
            0.009124382532011158
        ],
        [
            -0.3317583329322932,
            -0.32094949031440356,
            -0.025833735150205848,
            -0.20488342542639204,
            -0.0033600766926980483,
            -0.5470637430827339,
            -0.42083332560933395,
            0.024621103561023566,
            -0.14635101842090942,
            -0.027135939787441634,
            -0.6360040281244695,
            -0.43950491100303535,
            -0.05977584623331551,
            0.007062116708787897,
            0.0025580095586702776,
            -0.48845465873805205,
            -0.37353671491018137,
            0.05039183444253546,
            0.2623716805681654,
            0.025264325637292136
        ],
        [
            0.0021989227937096872,
            -0.016520381947277736,
            -0.04784993664040621,
            -0.01188568721929471,
            -0.0005466897406384357,
            -0.010655308458679957,
            -0.037924427092468696,
            0.4465798104005656,
            0.027102151338320002,
            0.0034502122768149904,
            -0.08170296096898272,
            -0.05977584623331551,
            1.3634616694032362,
            -0.052951549274059845,
            -0.004639932654101316,
            -0.010975361007182438,
            -0.056351922503626174,
            0.45564752006802,
            -0.1944310131316226,
            -0.018153473430900856
        ],
        [
            0.3463827829956594,
            0.20397166552678617,
            0.029812993593805234,
            0.15511903108556235,
            0.0007865604159014439,
            0.04543629638749325,
            0.1334948440708419,
            0.03623916384718903,
            -0.7222890175209787,
            -0.11385594197580037,
            -0.043046989384530526,
            0.007062116708787897,
            -0.052951549274059845,
            0.7430818563376911,
            -0.0613919873141862,
            0.005937408709899228,
            -0.09801058302260973,
            -0.21192202859559062,
            -0.482124410879765,
            -0.09220976223877914
        ],
        [
            0.028796335764045677,
            0.019514323858985716,
            0.002785761991869049,
            0.020981728181344153,
            -0.046734142453564304,
            0.0016124149385151748,
            0.013341716612035853,
            0.004470515998534019,
            -0.12067486027479518,
            0.43936723838398617,
            -0.0007502844835686421,
            0.0025580095586702776,
            -0.004639932654101316,
            -0.0613919873141862,
            1.3729122324294631,
            0.0023781274268610264,
            -0.007397620661199252,
            -0.0201128184544313,
            -0.09358576599044174,
            0.491426516061365
        ],
        [
            -0.030197262548318275,
            -0.16619442676048019,
            -0.00786655026804503,
            -0.09339684830461281,
            -0.005349526769930056,
            -0.3126388589444395,
            -0.35287813749306624,
            -0.005315485527629449,
            -0.3661963808892055,
            -0.03595397830270193,
            -0.6349260409892175,
            -0.48845465873805205,
            -0.010975361007182438,
            0.005937408709899228,
            0.0023781274268610264,
            -0.3253137104404731,
            -0.49162445896481644,
            0.06976285501996526,
            0.328235510190656,
            0.031462274855021455
        ],
        [
            -0.1637161249375071,
            -0.2167219094071965,
            -0.015135448083640611,
            -0.1383576937270471,
            -0.004087507422888544,
            -0.3809214505883257,
            -0.32903586671327734,
            0.011846244998393277,
            -0.21119829161862452,
            -0.025961218558555058,
            -0.5771090518423165,
            -0.37353671491018137,
            -0.056351922503626174,
            -0.09801058302260973,
            -0.007397620661199252,
            -0.49162445896481644,
            -0.3204456014182988,
            0.05419789234863802,
            0.26610036608844756,
            0.02558642600950045
        ],
        [
            0.009560228326834473,
            0.022682294203400413,
            -0.006899359478147341,
            0.01590111477517014,
            0.0008915968798083335,
            0.04267653370335399,
            0.0418555583365418,
            -0.046947372201308235,
            0.04533503924398127,
            0.004758817523244195,
            0.009335928967183688,
            0.05039183444253546,
            0.45564752006802,
            -0.21192202859559062,
            -0.0201128184544313,
            0.06976285501996526,
            0.05419789234863802,
            1.4523351630464671,
            -0.06530065624648176,
            -0.006179016193647372
        ],
        [
            0.09509421639112749,
            0.14330599510349992,
            0.01348714282520112,
            0.12842480998164438,
            0.007436067277915384,
            0.28707643535292016,
            0.21862844293456057,
            -0.01656140612517093,
            0.11689415702572592,
            0.01830729685833657,
            0.0884494171079433,
            0.2623716805681654,
            -0.1944310131316226,
            -0.482124410879765,
            -0.09358576599044174,
            0.328235510190656,
            0.26610036608844756,
            -0.06530065624648176,
            1.1502487743354646,
            -0.03011705623633135
        ],
        [
            0.007956717335458524,
            0.013307761118646098,
            0.0010766130109833084,
            0.010892623225287792,
            -0.007785860690192578,
            0.027728838071764475,
            0.020879698490007495,
            -0.001628277095833918,
            0.015223065056256452,
            -0.04376502001887997,
            0.009124382532011158,
            0.025264325637292136,
            -0.018153473430900856,
            -0.09220976223877914,
            0.491426516061365,
            0.031462274855021455,
            0.02558642600950045,
            -0.006179016193647372,
            -0.03011705623633135,
            1.4636308014016637
        ]
    ]
}