{
    "HF": -2.155569943289511,
    "coordinates": [
        [
            0.674934,
            -0.135577,
            0.017599
        ],
        [
            1.449186,
            -0.147654,
            -0.131871
        ],
        [
            2.190022,
            0.100736,
            0.10784
        ],
        [
            2.839602,
            -0.059107,
            0.122295
        ]
    ],
    "elements": [
        "H",
        "H",
        "H",
        "H"
    ],
    "Enn": 3.0715039773063064,
    "S": [
        [
            0.9999999999999999,
            0.6848602514927513,
            0.0,
            0.0,
            0.0,
            0.5318321532290876,
            0.5510195123416634,
            0.09931298094213317,
            -0.5144395137513113,
            0.008024371919703874,
            0.11437953430580808,
            0.30043963447506694,
            -0.008884760019752323,
            -0.1491693718908978,
            -0.02326641210256681,
            0.016437561609422096,
            0.1328664496477251,
            -0.0009753018219956544,
            -0.020165093646516485,
            -0.0007123608383129028
        ],
        [
            0.6848602514927513,
            1.0000000000000002,
            0.0,
            0.0,
            0.0,
            0.5510195123416634,
            0.873293862527128,
            0.032250579062312476,
            -0.1670574385505689,
            0.002605808813377586,
            0.30043963447506694,
            0.5981121607425826,
            -0.010182947389469035,
            -0.1709650978426199,
            -0.026665959446898823,
            0.1328664496477251,
            0.35901543891227194,
            -0.0049291020868318615,
            -0.10191286731200958,
            -0.0036002181227557115
        ],
        [
            0.0,
            0.0,
            1.0000000000000004,
            0.0,
            0.0,
            -0.09931298094213314,
            -0.032250579062312455,
            0.4201690481477042,
            0.13401160907481874,
            -0.0020903506904684575,
            0.008884760019752323,
            0.01018294738946903,
            0.045768204448178175,
            -0.01659655503983392,
            -0.0025886164441459984,
            0.0009753018219956544,
            0.004929102086831858,
            0.002169570427559069,
            -0.0013139091920421353,
            -4.641572560571047e-05
        ],
        [
            0.0,
            0.0,
            0.0,
            1.0000000000000004,
            0.0,
            0.5144395137513113,
            0.167057438550569,
            0.13401160907481882,
            -0.2481377018757648,
            0.010827980215404997,
            0.14916937189089785,
            0.17096509784261982,
            -0.016596555039833913,
            -0.231888699294413,
            -0.043461195145535536,
            0.020165093646516478,
            0.10191286731200948,
            -0.001313909192042135,
            -0.024932935178615976,
            -0.0009596797959374005
        ],
        [
            0.0,
            0.0,
            0.0,
            0.0,
            1.0000000000000004,
            -0.008024371919703874,
            -0.002605808813377585,
            -0.0020903506904684575,
            0.01082798021540499,
            0.44587120415292186,
            0.023266412102566802,
            0.026665959446898795,
            -0.002588616444145998,
            -0.043461195145535536,
            0.03997794296826592,
            0.000712360838312903,
            0.0036002181227557163,
            -4.64157256057105e-05,
            -0.0009596797959374011,
            0.0021992166933026886
        ],
        [
            0.5318321532290876,
            0.5510195123416634,
            -0.09931298094213317,
            0.5144395137513113,
            -0.008024371919703874,
            0.9999999999999999,
            0.6848602514927513,
            0.0,
            0.0,
            0.0,
            0.5092860800420876,
            0.5422243995358281,
            -0.15077275165007573,
            -0.46596894694626245,
            -0.15623164469866763,
            0.1547830177144649,
            0.3398940289551553,
            -0.03620535898616364,
            -0.19806154410938412,
            -0.012613315400753177
        ],
        [
            0.5510195123416634,
            0.873293862527128,
            -0.032250579062312476,
            0.16705743855056907,
            -0.002605808813377586,
            0.6848602514927513,
            1.0000000000000002,
            0.0,
            0.0,
            0.0,
            0.5422243995358281,
            0.864578579794864,
            -0.05084069232302213,
            -0.15712510121695905,
            -0.052681435420633464,
            0.3398940289551553,
            0.646028899071238,
            -0.032727038204383226,
            -0.17903337799700092,
            -0.011401529126175494
        ],
        [
            0.09931298094213314,
            0.03225057906231244,
            0.4201690481477042,
            0.13401160907481882,
            -0.0020903506904684575,
            0.0,
            0.0,
            1.0000000000000004,
            0.0,
            0.0,
            0.1507727516500757,
            0.05084069232302213,
            0.35748262958097704,
            -0.1937131024532298,
            -0.0649487842361302,
            0.03620535898616363,
            0.032727038204383205,
            0.0615972438942783,
            -0.06790200383179469,
            -0.004324258878849152
        ],
        [
            -0.5144395137513113,
            -0.16705743855056882,
            0.13401160907481874,
            -0.24813770187576495,
            0.01082798021540499,
            0.0,
            0.0,
            0.0,
            1.0000000000000004,
            0.0,
            0.46596894694626245,
            0.15712510121695872,
            -0.1937131024532298,
            -0.17851570394700336,
            -0.20072669805873639,
            0.1980615441093841,
            0.17903337799700067,
            -0.06790200383179469,
            -0.29744852126548255,
            -0.02365587345787369
        ],
        [
            0.008024371919703874,
            0.002605808813377585,
            -0.0020903506904684575,
            0.010827980215404997,
            0.44587120415292186,
            0.0,
            0.0,
            0.0,
            0.0,
            1.0000000000000004,
            0.1562316446986676,
            0.05268143542063344,
            -0.06494878423613018,
            -0.20072669805873636,
            0.3528617107424711,
            0.012613315400753174,
            0.011401529126175484,
            -0.004324258878849154,
            -0.023655873457873698,
            0.07250313398676687
        ],
        [
            0.11437953430580808,
            0.30043963447506694,
            0.008884760019752325,
            0.14916937189089785,
            0.02326641210256681,
            0.5092860800420876,
            0.5422243995358281,
            0.15077275165007573,
            0.4659689469462625,
            0.15623164469866763,
            0.9999999999999999,
            0.6848602514927513,
            0.0,
            0.0,
            0.0,
            0.6283275356865267,
            0.5856186523039567,
            -0.011855530122421607,
            -0.532764805044803,
            0.1310981322281728
        ],
        [
            0.30043963447506694,
            0.5981121607425826,
            0.010182947389469035,
            0.1709650978426199,
            0.026665959446898823,
            0.5422243995358281,
            0.864578579794864,
            0.05084069232302213,
            0.15712510121695905,
            0.052681435420633464,
            0.6848602514927513,
            1.0000000000000002,
            0.0,
            0.0,
            0.0,
            0.5856186523039567,
            0.9070773776223137,
            -0.0033283731023647325,
            -0.14957070908572032,
            0.0368050599654989
        ],
        [
            -0.008884760019752323,
            -0.01018294738946903,
            0.045768204448178175,
            -0.016596555039833913,
            -0.0025886164441459984,
            -0.1507727516500757,
            -0.05084069232302213,
            0.35748262958097704,
            -0.1937131024532298,
            -0.0649487842361302,
            0.0,
            0.0,
            1.0000000000000004,
            0.0,
            0.0,
            0.011855530122421607,
            0.0033283731023647316,
            0.5589413650870185,
            -0.013632791376004167,
            0.0033546388003242588
        ],
        [
            -0.14916937189089777,
            -0.17096509784261982,
            -0.01659655503983392,
            -0.23188869929441308,
            -0.04346119514553554,
            -0.46596894694626245,
            -0.15712510121695872,
            -0.1937131024532298,
            -0.17851570394700336,
            -0.20072669805873639,
            0.0,
            0.0,
            0.0,
            1.0000000000000004,
            0.0,
            0.532764805044803,
            0.14957070908572026,
            -0.013632791376004172,
            -0.053386786613079246,
            0.15075103921927602
        ],
        [
            -0.023266412102566802,
            -0.026665959446898795,
            -0.002588616444145998,
            -0.043461195145535515,
            0.03997794296826592,
            -0.1562316446986676,
            -0.05268143542063344,
            -0.06494878423613018,
            -0.20072669805873636,
            0.3528617107424711,
            0.0,
            0.0,
            0.0,
            0.0,
            1.0000000000000004,
            -0.1310981322281728,
            -0.0368050599654989,
            0.0033546388003242666,
            0.1507510392192763,
            0.522149228071429
        ],
        [
            0.016437561609422096,
            0.1328664496477251,
            0.0009753018219956545,
            0.020165093646516485,
            0.000712360838312903,
            0.1547830177144649,
            0.3398940289551553,
            0.03620535898616364,
            0.19806154410938412,
            0.012613315400753174,
            0.6283275356865267,
            0.5856186523039567,
            0.011855530122421607,
            0.532764805044803,
            -0.1310981322281728,
            0.9999999999999999,
            0.6848602514927513,
            0.0,
            0.0,
            0.0
        ],
        [
            0.1328664496477251,
            0.35901543891227194,
            0.0049291020868318615,
            0.10191286731200966,
            0.0036002181227557137,
            0.3398940289551553,
            0.646028899071238,
            0.032727038204383226,
            0.17903337799700073,
            0.011401529126175487,
            0.5856186523039567,
            0.9070773776223137,
            0.0033283731023647325,
            0.14957070908572032,
            -0.03680505996549888,
            0.6848602514927513,
            1.0000000000000002,
            0.0,
            0.0,
            0.0
        ],
        [
            -0.0009753018219956544,
            -0.004929102086831858,
            0.002169570427559069,
            -0.0013139091920421355,
            -4.641572560571049e-05,
            -0.03620535898616363,
            -0.03272703820438319,
            0.0615972438942783,
            -0.06790200383179469,
            -0.004324258878849153,
            -0.011855530122421607,
            -0.0033283731023647316,
            0.5589413650870185,
            -0.013632791376004174,
            0.0033546388003242657,
            0.0,
            0.0,
            1.0000000000000004,
            0.0,
            0.0
        ],
        [
            -0.020165093646516474,
            -0.10191286731200952,
            -0.0013139091920421348,
            -0.024932935178615976,
            -0.0009596797959374006,
            -0.19806154410938412,
            -0.17903337799700086,
            -0.06790200383179469,
            -0.29744852126548255,
            -0.023655873457873695,
            -0.532764805044803,
            -0.14957070908572026,
            -0.013632791376004164,
            -0.053386786613079065,
            0.15075103921927624,
            0.0,
            0.0,
            0.0,
            1.0000000000000004,
            0.0
        ],
        [
            -0.0007123608383129032,
            -0.003600218122755714,
            -4.641572560571049e-05,
            -0.000959679795937401,
            0.0021992166933026886,
            -0.012613315400753179,
            -0.01140152912617549,
            -0.004324258878849153,
            -0.023655873457873695,
            0.07250313398676686,
            0.1310981322281728,
            0.03680505996549888,
            0.0033546388003242596,
            0.15075103921927607,
            0.522149228071429,
            0.0,
            0.0,
            0.0,
            0.0,
            1.0000000000000004
        ]
    ],
    "h": [
        [
            -0.2515889067141577,
            -0.46194832077266357,
            0.04974046198189934,
            -0.27431236502645917,
            0.0007933846757488521,
            -0.5620703123786486,
            -0.4538906709254823,
            -0.014998651396833651,
            0.03245052693665296,
            -0.010706354021547775,
            -0.22652717009707374,
            -0.3032558027011854,
            0.04953716653978425,
            0.28479195189257434,
            0.059115173360273755,
            -0.025654774774691205,
            -0.1550816689525124,
            0.008648109804821204,
            0.08324934683539487,
            0.0028683963464027334
        ],
        [
            -0.46194832077266357,
            -0.31136847287508407,
            0.040472308744284355,
            -0.2367343712962766,
            -0.0009475909785771255,
            -0.5278451768715011,
            -0.36613090019898675,
            -0.06728541684563463,
            0.11456158602855238,
            -0.03315938338094515,
            -0.32477462987599487,
            -0.306998893037323,
            0.0502486945968595,
            0.1582456563315704,
            0.06566556095437345,
            -0.15997727979844406,
            -0.21192145765707782,
            0.010725378449966768,
            0.13522337412161,
            -0.013759375474501867
        ],
        [
            0.04974046198189934,
            0.040472308744284355,
            1.4868214651944094,
            0.045770126361169984,
            -0.0009481761587472574,
            0.0035320128767533654,
            0.03436921569224465,
            0.33152149581395524,
            0.1847586156369436,
            -0.0027057876004938416,
            0.01171074070711182,
            0.02709680676727984,
            -0.049334171793851175,
            -0.026557537991400287,
            -0.006203841885033867,
            -0.001957257940762402,
            0.011721717529773574,
            -0.007305665203187612,
            0.00042854540578167195,
            -0.0002871114805977577
        ],
        [
            -0.27431236502645917,
            -0.2367343712962766,
            0.045770126361169984,
            1.2345368447610707,
            0.0003561886873666557,
            -0.07171184519267615,
            -0.22362530403767733,
            0.16553205520377196,
            -0.620804837319,
            -0.002402300327441379,
            -0.2246774958745288,
            -0.17773958591757177,
            0.048353098153031966,
            0.16080042455563315,
            0.05793235861424788,
            -0.07942294808148237,
            -0.12292589774573082,
            0.008622358225654655,
            0.10993737733678517,
            0.00016559146766862874
        ],
        [
            0.0007933846757488521,
            -0.0009475909785771255,
            -0.0009481761587472574,
            0.0003561886873666557,
            1.4953858418408874,
            -0.006867196000420255,
            -0.003281226828326817,
            -0.005316775838329242,
            0.012477938945872053,
            0.365367534457411,
            -0.017254014856693013,
            -0.0022344223469497257,
            0.0019295502674286768,
            0.006549870662012999,
            -0.04132866118092818,
            -0.005708160105500424,
            -0.004444906645429302,
            0.0002576605531084908,
            0.00536767718978768,
            -0.007310858002253505
        ],
        [
            -0.5620703123786486,
            -0.5278451768715011,
            0.0035320128767533654,
            -0.07171184519267615,
            -0.006867196000420255,
            -0.40838880858624593,
            -0.585375858709931,
            -0.10918257800841848,
            0.06270338865623147,
            -0.06599491639364514,
            -0.5075402611837301,
            -0.4978627886082754,
            0.01454460157224502,
            0.044699227104053496,
            0.03473495189026621,
            -0.2883485779254576,
            -0.35361266175575096,
            0.02728367227957785,
            0.2583963791260304,
            -0.020351658269046412
        ],
        [
            -0.4538906709254823,
            -0.36613090019898675,
            0.03436921569224465,
            -0.22362530403767733,
            -0.003281226828326817,
            -0.585375858709931,
            -0.43239912105875966,
            -0.0956283113519645,
            0.01642721919597749,
            -0.058903910986576734,
            -0.5131882508341654,
            -0.40963418254958417,
            0.053907016328659685,
            0.08286208824567054,
            0.09297325071337986,
            -0.3493415761562726,
            -0.32533649387867825,
            0.012182707651224839,
            0.21153707340594285,
            -0.0377171940474465
        ],
        [
            -0.014998651396833651,
            -0.06728541684563463,
            0.33152149581395524,
            0.16553205520377196,
            -0.005316775838329242,
            -0.10918257800841848,
            -0.0956283113519645,
            1.3879229371910986,
            -0.02156801676520196,
            -0.021516343409433626,
            -0.03510376362395168,
            -0.0832526727799504,
            0.23573141256679164,
            -0.26058150639380245,
            -0.07800772389522508,
            -0.07364581134924156,
            -0.06721743402843061,
            -0.0423538648160109,
            0.05178337386321957,
            -0.011373348980471196
        ],
        [
            0.03245052693665296,
            0.11456158602855238,
            0.1847586156369436,
            -0.620804837319,
            0.012477938945872053,
            0.06270338865623147,
            0.01642721919597749,
            -0.02156801676520196,
            0.9108875320454901,
            -0.06404599887161892,
            -0.09148469438399265,
            -0.11317897269668042,
            -0.2675417618717085,
            -0.6501590777298087,
            -0.25291581101250954,
            -0.3242507564154652,
            -0.17237424486877095,
            -0.0029993305909690182,
            0.09396352093380123,
            -0.04830258028194884
        ],
        [
            -0.010706354021547775,
            -0.03315938338094515,
            -0.0027057876004938416,
            -0.002402300327441379,
            0.365367534457411,
            -0.06599491639364514,
            -0.058903910986576734,
            -0.021516343409433626,
            -0.06404599887161892,
            1.3962965382947756,
            -0.019071262112166754,
            -0.0599314242627742,
            -0.08632137314782272,
            -0.27889983158436255,
            0.23123965947831115,
            -0.06081845369097785,
            -0.056541747881701576,
            0.0035918391809718012,
            0.05600907145293747,
            -0.05372125320908111
        ],
        [
            -0.22652717009707374,
            -0.32477462987599487,
            0.01171074070711182,
            -0.2246774958745288,
            -0.017254014856693013,
            -0.5075402611837301,
            -0.5131882508341654,
            -0.03510376362395168,
            -0.09148469438399265,
            -0.019071262112166754,
            -0.490981574208585,
            -0.6133341454571515,
            0.05347650360502933,
            -0.13152997364429578,
            0.1389648443334081,
            -0.6458711488086014,
            -0.5715689042203396,
            0.01258104829121412,
            0.07254155424628972,
            0.000671184315296558
        ],
        [
            -0.3032558027011854,
            -0.306998893037323,
            0.02709680676727984,
            -0.17773958591757177,
            -0.0022344223469497257,
            -0.4978627886082754,
            -0.40963418254958417,
            -0.0832526727799504,
            -0.11317897269668042,
            -0.0599314242627742,
            -0.6133341454571515,
            -0.43041653851395645,
            0.04918396050536582,
            -0.04780163617402822,
            0.1126265672782366,
            -0.49975756863027887,
            -0.37486742134661366,
            0.015067087645283715,
            0.2634929624128389,
            -0.04892169597260348
        ],
        [
            0.04953716653978425,
            0.0502486945968595,
            -0.049334171793851175,
            0.048353098153031966,
            0.0019295502674286768,
            0.01454460157224502,
            0.053907016328659685,
            0.23573141256679164,
            -0.2675417618717085,
            -0.08632137314782272,
            0.05347650360502933,
            0.04918396050536582,
            1.3743870412815329,
            -0.0709067330068875,
            -0.019059209623309696,
            0.015154143691682278,
            0.028847701071672914,
            0.5298612168017998,
            -0.04339142691335014,
            0.005382608690376736
        ],
        [
            0.28479195189257434,
            0.1582456563315704,
            -0.026557537991400287,
            0.16080042455563315,
            0.006549870662012999,
            0.044699227104053496,
            0.08286208824567054,
            -0.26058150639380245,
            -0.6501590777298087,
            -0.27889983158436255,
            -0.13152997364429578,
            -0.04780163617402822,
            -0.0709067330068875,
            0.861316966968946,
            0.00498863436578853,
            0.00664303815463152,
            -0.1223988484930901,
            -0.02594925685698028,
            -0.42276861724937886,
            0.22356828825602504
        ],
        [
            0.059115173360273755,
            0.06566556095437345,
            -0.006203841885033867,
            0.05793235861424788,
            -0.04132866118092818,
            0.03473495189026621,
            0.09297325071337986,
            -0.07800772389522508,
            -0.25291581101250954,
            0.23123965947831115,
            0.1389648443334081,
            0.1126265672782366,
            -0.019059209623309696,
            0.00498863436578853,
            1.3552030090316431,
            0.019323033941495094,
            0.08900591220297933,
            0.0003851797025061412,
            0.19414704996309734,
            0.47840980515958886
        ],
        [
            -0.025654774774691205,
            -0.15997727979844406,
            -0.001957257940762402,
            -0.07942294808148237,
            -0.005708160105500424,
            -0.2883485779254576,
            -0.3493415761562726,
            -0.07364581134924156,
            -0.3242507564154652,
            -0.06081845369097785,
            -0.6458711488086014,
            -0.49975756863027887,
            0.015154143691682278,
            0.00664303815463152,
            0.019323033941495094,
            -0.3434123287793265,
            -0.5000161236109587,
            0.012865904767591838,
            0.338978236917711,
            -0.07658582677901085
        ],
        [
            -0.1550816689525124,
            -0.21192145765707782,
            0.011721717529773574,
            -0.12292589774573082,
            -0.004444906645429302,
            -0.35361266175575096,
            -0.32533649387867825,
            -0.06721743402843061,
            -0.17237424486877095,
            -0.056541747881701576,
            -0.5715689042203396,
            -0.37486742134661366,
            0.028847701071672914,
            -0.1223988484930901,
            0.08900591220297933,
            -0.5000161236109587,
            -0.3244611319205213,
            0.012733134061709249,
            0.2692457389803307,
            -0.05580570130009055
        ],
        [
            0.008648109804821204,
            0.010725378449966768,
            -0.007305665203187612,
            0.008622358225654655,
            0.0002576605531084908,
            0.02728367227957785,
            0.012182707651224839,
            -0.0423538648160109,
            -0.0029993305909690182,
            0.0035918391809718012,
            0.01258104829121412,
            0.015067087645283715,
            0.5298612168017998,
            -0.02594925685698028,
            0.0003851797025061412,
            0.012865904767591838,
            0.012733134061709249,
            1.4588900024920968,
            -0.012936953519035451,
            0.0012366351667875107
        ],
        [
            0.08324934683539487,
            0.13522337412161,
            0.00042854540578167195,
            0.10993737733678517,
            0.00536767718978768,
            0.2583963791260304,
            0.21153707340594285,
            0.05178337386321957,
            0.09396352093380123,
            0.05600907145293747,
            0.07254155424628972,
            0.2634929624128389,
            -0.04339142691335014,
            -0.42276861724937886,
            0.19414704996309734,
            0.338978236917711,
            0.2692457389803307,
            -0.012936953519035451,
            1.1392477132668914,
            0.06901728159102433
        ],
        [
            0.0028683963464027334,
            -0.013759375474501867,
            -0.0002871114805977577,
            0.00016559146766862874,
            -0.007310858002253505,
            -0.020351658269046412,
            -0.0377171940474465,
            -0.011373348980471196,
            -0.04830258028194884,
            -0.05372125320908111,
            0.000671184315296558,
            -0.04892169597260348,
            0.005382608690376736,
            0.22356828825602504,
            0.47840980515958886,
            -0.07658582677901085,
            -0.05580570130009055,
            0.0012366351667875107,
            0.06901728159102433,
            1.4425703346371574
        ]
    ]
}