{
    "HF": -2.1571834866490804,
    "coordinates": [
        [
            0.661772,
            0.083859,
            -0.126196
        ],
        [
            1.477034,
            -0.015098,
            -0.173987
        ],
        [
            2.236569,
            -0.1628,
            -0.149379
        ],
        [
            3.032598,
            -0.005529,
            -0.151125
        ]
    ],
    "elements": [
        "H",
        "H",
        "H",
        "H"
    ],
    "Enn": 2.8741089769851755,
    "S": [
        [
            0.9999999999999999,
            0.6848602514927513,
            0.0,
            0.0,
            0.0,
            0.5051347100538922,
            0.5405724693970716,
            0.029749532772232825,
            -0.5074943731446524,
            0.06159997728739396,
            0.09803431101479132,
            0.2819789395820957,
            0.0018919911574544746,
            -0.12852098515230276,
            0.02013012323282419,
            0.007768262901414732,
            0.09627338150341033,
            9.28286224430054e-05,
            -0.008828292816882372,
            0.0003328559068929907
        ],
        [
            0.6848602514927513,
            1.0000000000000002,
            0.0,
            0.0,
            0.0,
            0.5405724693970716,
            0.8629356614550456,
            0.010103105929866091,
            -0.17234789702233677,
            0.02091969311171054,
            0.2819789395820956,
            0.5748777630805771,
            0.002444388687377301,
            -0.1660447729679373,
            0.02600743947029266,
            0.09627338150341033,
            0.2933801406103196,
            0.0008305722415333739,
            -0.07899002226746399,
            0.0029781857084594417
        ],
        [
            0.0,
            0.0,
            1.0000000000000004,
            0.0,
            0.0,
            -0.02974953277223282,
            -0.010103105929866091,
            0.4129633260210254,
            0.04202133055149008,
            -0.005100574793604758,
            -0.001891991157454474,
            -0.00244438868737729,
            0.03687229102767852,
            0.0034997166319157506,
            -0.0005481573845465208,
            -9.282862244300534e-05,
            -0.0008305722415333771,
            0.000669436870400212,
            0.00010288393546640146,
            -3.879065449539819e-06
        ],
        [
            0.0,
            0.0,
            0.0,
            1.0000000000000004,
            0.0,
            0.5074943731446524,
            0.17234789702233658,
            0.04202133055149001,
            -0.3014111385296595,
            0.08701020709723167,
            0.12852098515230262,
            0.1660447729679373,
            0.0034997166319157592,
            -0.2008082877973639,
            0.037235759164547626,
            0.008828292816882362,
            0.07899002226746388,
            0.00010288393546640141,
            -0.009114065902904958,
            0.00036891127696540946
        ],
        [
            0.0,
            0.0,
            0.0,
            0.0,
            1.0000000000000004,
            -0.06159997728739395,
            -0.020919693111710547,
            -0.005100574793604753,
            0.08701020709723173,
            0.40486528188879,
            -0.020130123232824176,
            -0.02600743947029265,
            -0.0005481573845465221,
            0.03723575916454761,
            0.0310916086990416,
            -0.0003328559068929903,
            -0.002978185708459439,
            -3.8790654495398185e-06,
            0.0003689112769654095,
            0.0006566095066045804
        ],
        [
            0.5051347100538922,
            0.5405724693970716,
            -0.029749532772232825,
            0.5074943731446525,
            -0.061599977287393956,
            0.9999999999999999,
            0.6848602514927513,
            0.0,
            0.0,
            0.0,
            0.5433364565338805,
            0.5553962117581618,
            -0.01679927656503117,
            -0.5185158698724379,
            0.1008325238624933,
            0.10861230837670517,
            0.2941257135954373,
            -0.0021134785014874837,
            -0.1438041759989446,
            -0.0008846065865074666
        ],
        [
            0.5405724693970716,
            0.8629356614550456,
            -0.010103105929866091,
            0.1723478970223366,
            -0.02091969311171055,
            0.6848602514927513,
            1.0000000000000002,
            0.0,
            0.0,
            0.0,
            0.5553962117581618,
            0.8776110989567468,
            -0.0053546079790920305,
            -0.16527195104842665,
            0.032139398070865355,
            0.29412571359543727,
            0.590228028172807,
            -0.0025218219828152754,
            -0.171588465176977,
            -0.0010555207135665866
        ],
        [
            0.02974953277223282,
            0.010103105929866091,
            0.4129633260210254,
            0.04202133055149001,
            -0.005100574793604752,
            0.0,
            0.0,
            1.0000000000000004,
            0.0,
            0.0,
            0.01679927656503117,
            0.0053546079790920305,
            0.45862003955719893,
            -0.022289102461997348,
            0.004334421734142515,
            0.002113478501487483,
            0.002521821982815274,
            0.04314333324941672,
            -0.003988757707864401,
            -2.453670984064586e-05
        ],
        [
            -0.5074943731446522,
            -0.1723478970223364,
            0.04202133055149008,
            -0.3014111385296597,
            0.08701020709723169,
            0.0,
            0.0,
            0.0,
            1.0000000000000004,
            0.0,
            0.5185158698724379,
            0.16527195104842665,
            -0.022289102461997362,
            -0.2286191927814633,
            0.13378352616392783,
            0.14380417599894452,
            0.17158846517697693,
            -0.003988757707864389,
            -0.2281989670103014,
            -0.0016695137129977417
        ],
        [
            0.06159997728739395,
            0.02091969311171054,
            -0.00510057479360476,
            0.08701020709723169,
            0.40486528188879,
            0.0,
            0.0,
            0.0,
            0.0,
            1.0000000000000004,
            -0.10083252386249333,
            -0.03213939807086534,
            0.004334421734142515,
            0.13378352616392775,
            0.4333261371720822,
            0.0008846065865074659,
            0.0010555207135665861,
            -2.453670984064579e-05,
            -0.0016695137129977417,
            0.04319168574535871
        ],
        [
            0.09803431101479132,
            0.2819789395820957,
            -0.0018919911574544746,
            0.12852098515230273,
            -0.02013012323282419,
            0.5433364565338805,
            0.5553962117581618,
            0.01679927656503117,
            0.5185158698724379,
            -0.1008325238624933,
            0.9999999999999999,
            0.6848602514927513,
            0.0,
            0.0,
            0.0,
            0.5138940449078844,
            0.5440459925845856,
            0.0011107903570015479,
            -0.506426882642375,
            -0.10005447321648943
        ],
        [
            0.2819789395820956,
            0.5748777630805771,
            -0.00244438868737729,
            0.16604477296793738,
            -0.02600743947029266,
            0.5553962117581618,
            0.8776110989567468,
            0.0053546079790920305,
            0.16527195104842665,
            -0.03213939807086534,
            0.6848602514927513,
            1.0000000000000002,
            0.0,
            0.0,
            0.0,
            0.5440459925845856,
            0.8663880293333149,
            0.00037164023544009154,
            -0.1694366580625065,
            -0.033475504849884194
        ],
        [
            0.001891991157454474,
            0.002444388687377301,
            0.03687229102767852,
            0.00349971663191576,
            -0.0005481573845465222,
            -0.01679927656503117,
            -0.0053546079790920305,
            0.45862003955719893,
            -0.022289102461997362,
            0.004334421734142515,
            0.0,
            0.0,
            1.0000000000000004,
            0.0,
            0.0,
            -0.0011107903570015474,
            -0.0003716402354400915,
            0.42542596263486004,
            0.0015350859665045002,
            0.00030328606751529055
        ],
        [
            -0.1285209851523026,
            -0.1660447729679373,
            0.0034997166319157497,
            -0.2008082877973639,
            0.03723575916454762,
            -0.5185158698724379,
            -0.16527195104842665,
            -0.022289102461997348,
            -0.228619192781463,
            0.13378352616392775,
            0.0,
            0.0,
            0.0,
            1.0000000000000004,
            0.0,
            0.5064268826423742,
            0.16943665806250646,
            0.0015350859665044503,
            -0.2744406284200133,
            -0.13827291239297168
        ],
        [
            0.020130123232824176,
            0.02600743947029265,
            -0.0005481573845465207,
            0.03723575916454762,
            0.0310916086990416,
            0.10083252386249332,
            0.032139398070865355,
            0.004334421734142515,
            0.13378352616392783,
            0.4333261371720822,
            0.0,
            0.0,
            0.0,
            0.0,
            1.0000000000000004,
            0.10005447321648937,
            0.0334755048498842,
            0.00030328606751528036,
            -0.13827291239297151,
            0.3981108284565103
        ],
        [
            0.007768262901414732,
            0.09627338150341033,
            -9.28286224430054e-05,
            0.008828292816882372,
            -0.0003328559068929907,
            0.10861230837670517,
            0.2941257135954373,
            0.0021134785014874837,
            0.1438041759989446,
            0.0008846065865074664,
            0.5138940449078844,
            0.5440459925845856,
            -0.0011107903570015479,
            0.5064268826423745,
            0.10005447321648944,
            0.9999999999999999,
            0.6848602514927513,
            0.0,
            0.0,
            0.0
        ],
        [
            0.09627338150341033,
            0.2933801406103196,
            -0.0008305722415333739,
            0.07899002226746396,
            -0.00297818570845944,
            0.29412571359543727,
            0.590228028172807,
            0.0025218219828152754,
            0.171588465176977,
            0.0010555207135665866,
            0.5440459925845856,
            0.8663880293333149,
            -0.00037164023544009154,
            0.1694366580625065,
            0.03347550484988421,
            0.6848602514927513,
            1.0000000000000002,
            0.0,
            0.0,
            0.0
        ],
        [
            9.282862244300534e-05,
            0.0008305722415333736,
            0.000669436870400212,
            0.00010288393546640146,
            -3.879065449539819e-06,
            -0.002113478501487483,
            -0.002521821982815274,
            0.04314333324941672,
            -0.003988757707864389,
            -2.4536709840645793e-05,
            0.0011107903570015474,
            0.0003716402354400915,
            0.42542596263486004,
            0.00153508596650445,
            0.0003032860675152803,
            0.0,
            0.0,
            1.0000000000000004,
            0.0,
            0.0
        ],
        [
            -0.008828292816882362,
            -0.07899002226746385,
            0.00010288393546640141,
            -0.009114065902904958,
            0.00036891127696540946,
            -0.14380417599894452,
            -0.17158846517697693,
            -0.003988757707864401,
            -0.22819896701030146,
            -0.0016695137129977419,
            -0.5064268826423741,
            -0.16943665806250646,
            0.0015350859665045004,
            -0.2744406284200133,
            -0.13827291239297151,
            0.0,
            0.0,
            0.0,
            1.0000000000000004,
            0.0
        ],
        [
            0.0003328559068929903,
            0.0029781857084594395,
            -3.8790654495398185e-06,
            0.0003689112769654095,
            0.0006566095066045804,
            -0.0008846065865074657,
            -0.0010555207135665853,
            -2.4536709840645858e-05,
            -0.0016695137129977414,
            0.04319168574535871,
            -0.10005447321648937,
            -0.03347550484988418,
            0.00030328606751529066,
            -0.13827291239297168,
            0.3981108284565103,
            0.0,
            0.0,
            0.0,
            0.0,
            1.0000000000000004
        ]
    ],
    "h": [
        [
            -0.23227869516403832,
            -0.45111571343292967,
            0.014567714339961197,
            -0.25499231093191826,
            0.03234815320877901,
            -0.5429464585740393,
            -0.4409053162300094,
            -0.003843145299416331,
            0.03864950992413008,
            0.0007221260262078449,
            -0.21903024418188824,
            -0.29062408718372756,
            0.002239708441574587,
            0.28970097385749655,
            -0.042752666673954484,
            0.0018519341369702819,
            -0.1137180012631636,
            0.0001285480460493737,
            0.04866221552386664,
            -0.0006779078643257949
        ],
        [
            -0.45111571343292967,
            -0.30591670975901586,
            0.012547014957101733,
            -0.22562954335220936,
            0.028931783179624835,
            -0.5199234462608342,
            -0.3608401845208462,
            -0.014500917571952921,
            0.10368406566730035,
            -0.004242544027668636,
            -0.3137013912181023,
            -0.29830718792304467,
            0.004797026827359572,
            0.18647826823483915,
            -0.04294804971341941,
            -0.11348388709590164,
            -0.17736855894790804,
            0.00015367724820420856,
            0.1044409639923202,
            0.010399233745850632
        ],
        [
            0.014567714339961197,
            0.012547014957101733,
            1.49009071034199,
            0.013750523395864016,
            -0.0016909525825475817,
            0.0031115279487629877,
            0.011208758797180356,
            0.31770965927126593,
            0.05685778071171925,
            -0.007069256692239428,
            0.007684702629660387,
            0.008964796887130123,
            -0.04337300990661577,
            -0.010746031828835545,
            0.0018327502763146528,
            0.0006594897530578796,
            0.003955482982226404,
            -0.002312982884821177,
            -0.0014042953786056042,
            -1.7500955078673576e-05
        ],
        [
            -0.25499231093191826,
            -0.22562954335220936,
            0.013750523395864016,
            1.2451515164566556,
            0.03082156410200236,
            -0.08117335561437322,
            -0.21351944872059359,
            0.053552181795637754,
            -0.6662308347234647,
            0.12428637021516384,
            -0.22351980698224888,
            -0.1728972270307421,
            0.0029577170154506723,
            0.211555857330394,
            -0.04561739923376336,
            -0.04755592181288909,
            -0.10297475016632902,
            -0.0001896715208763666,
            0.06392577688437723,
            0.0010631180492420198
        ],
        [
            0.03234815320877901,
            0.028931783179624835,
            -0.0016909525825475817,
            0.03082156410200236,
            1.486971519010021,
            0.01210686901387198,
            0.027790705479723267,
            -0.006393720111464203,
            0.11975983324696723,
            0.3057642819136772,
            0.031151380556497913,
            0.022231828924304732,
            -0.0003821960738615937,
            -0.035019028652480064,
            -0.0369757398888588,
            0.00468005537868179,
            0.01204515538632408,
            2.8070993267337907e-06,
            -0.005368978777091717,
            -0.0025446424829132785
        ],
        [
            -0.5429464585740393,
            -0.5199234462608342,
            0.0031115279487629877,
            -0.08117335561437322,
            0.01210686901387198,
            -0.42152957242575795,
            -0.591729947581046,
            -0.021283729127563492,
            0.014337221407828227,
            0.015004467953276285,
            -0.5207575101885129,
            -0.5063513230682544,
            0.00034547241038845877,
            0.04482763746093399,
            -0.022186916504247367,
            -0.2335586139488745,
            -0.32280730808398406,
            0.0015942351095791386,
            0.23294945784606022,
            0.02127790735512876
        ],
        [
            -0.4409053162300094,
            -0.3608401845208462,
            0.011208758797180356,
            -0.21351944872059359,
            0.027790705479723267,
            -0.591729947581046,
            -0.4354231635927459,
            -0.017838757177805278,
            -0.009404785427551507,
            0.013358059997731092,
            -0.508462434554954,
            -0.40910307642437194,
            0.005997097547289701,
            0.12425619686019901,
            -0.06371275113146002,
            -0.3008101766281831,
            -0.30428119234755724,
            0.00018924182305710135,
            0.17866958231439178,
            0.02958781034601186
        ],
        [
            -0.003843145299416331,
            -0.014500917571952921,
            0.31770965927126593,
            0.053552181795637754,
            -0.006393720111464203,
            -0.021283729127563492,
            -0.017838757177805278,
            1.4090334515649445,
            0.005828459478341513,
            -0.00012949666174376717,
            -0.003982465430215146,
            -0.012733788973825478,
            0.37207411306087557,
            -0.027309784907360073,
            0.005086655481906899,
            -0.005277022417494886,
            -0.007375754348158137,
            -0.04474055757246494,
            0.006315108858889463,
            0.0007622877368028227
        ],
        [
            0.03864950992413008,
            0.10368406566730035,
            0.05685778071171925,
            -0.6662308347234647,
            0.11975983324696723,
            0.014337221407828227,
            -0.009404785427551507,
            0.005828459478341513,
            0.8797741216363986,
            0.07767683869021111,
            -0.05614950339257674,
            -0.13253582084509874,
            -0.03049943544349673,
            -0.7256080583488769,
            0.17756799114555122,
            -0.300400770239899,
            -0.19059336678932057,
            0.000918465672919728,
            0.19720585189865703,
            0.03354803351809462
        ],
        [
            0.0007221260262078449,
            -0.004242544027668636,
            -0.007069256692239428,
            0.12428637021516384,
            0.3057642819136772,
            0.015004467953276285,
            0.013358059997731092,
            -0.00012949666174376717,
            0.07767683869021111,
            1.3975482769962153,
            0.001591780516812663,
            0.025132573337465478,
            0.005981056563966412,
            0.1985398509259747,
            0.3373686727898382,
            0.028481743494299043,
            0.02975654531404162,
            -9.053474414153665e-05,
            -0.028372288450585842,
            -0.048827082809874425
        ],
        [
            -0.21903024418188824,
            -0.3137013912181023,
            0.007684702629660387,
            -0.22351980698224888,
            0.031151380556497913,
            -0.5207575101885129,
            -0.508462434554954,
            -0.003982465430215146,
            -0.05614950339257674,
            0.001591780516812663,
            -0.4291007971947147,
            -0.5933503166595127,
            0.007949308653293546,
            -0.021497630400878015,
            -0.0912873653088391,
            -0.5540997656857815,
            -0.5264184683605447,
            0.0007427935217252861,
            0.08611542639126368,
            0.009170774035729162
        ],
        [
            -0.29062408718372756,
            -0.29830718792304467,
            0.008964796887130123,
            -0.1728972270307421,
            0.022231828924304732,
            -0.5063513230682544,
            -0.40910307642437194,
            -0.012733788973825478,
            -0.13253582084509874,
            0.025132573337465478,
            -0.5933503166595127,
            -0.43331967571036856,
            0.006484709158471685,
            0.004362874712420181,
            -0.07764436900260038,
            -0.44786039229146657,
            -0.3642558988963637,
            0.00028282842490372554,
            0.21951298598935964,
            0.03707643342610155
        ],
        [
            0.002239708441574587,
            0.004797026827359572,
            -0.04337300990661577,
            0.0029577170154506723,
            -0.0003821960738615937,
            0.00034547241038845877,
            0.005997097547289701,
            0.37207411306087557,
            -0.03049943544349673,
            0.005981056563966412,
            0.007949308653293546,
            0.006484709158471685,
            1.4061644441962888,
            -0.0069580601095351954,
            0.0016093745078196563,
            0.001717974029606906,
            0.003921665352748604,
            0.3327873326462677,
            7.672259381011131e-05,
            0.000256980390870217
        ],
        [
            0.28970097385749655,
            0.18647826823483915,
            -0.010746031828835545,
            0.211555857330394,
            -0.035019028652480064,
            0.04482763746093399,
            0.12425619686019901,
            -0.027309784907360073,
            -0.7256080583488769,
            0.1985398509259747,
            -0.021497630400878015,
            0.004362874712420181,
            -0.0069580601095351954,
            0.8822371926633914,
            0.004447804849772533,
            -0.033051061594669306,
            -0.10116266785812619,
            0.0019023360952200785,
            -0.6409594697301416,
            -0.1872428175683662
        ],
        [
            -0.042752666673954484,
            -0.04294804971341941,
            0.0018327502763146528,
            -0.04561739923376336,
            -0.0369757398888588,
            -0.022186916504247367,
            -0.06371275113146002,
            0.005086655481906899,
            0.17756799114555122,
            0.3373686727898382,
            -0.0912873653088391,
            -0.07764436900260038,
            0.0016093745078196563,
            0.004447804849772533,
            1.3879296031337243,
            -0.014406900790658927,
            -0.05741002457376636,
            0.0005929776667179237,
            -0.17180978269462976,
            0.29669545790580354
        ],
        [
            0.0018519341369702819,
            -0.11348388709590164,
            0.0006594897530578796,
            -0.04755592181288909,
            0.00468005537868179,
            -0.2335586139488745,
            -0.3008101766281831,
            -0.005277022417494886,
            -0.300400770239899,
            0.028481743494299043,
            -0.5540997656857815,
            -0.44786039229146657,
            0.001717974029606906,
            -0.033051061594669306,
            -0.014406900790658927,
            -0.24239792240936442,
            -0.45600576708209806,
            -0.00012454151410488538,
            0.2601889044800244,
            0.04959905089935979
        ],
        [
            -0.1137180012631636,
            -0.17736855894790804,
            0.003955482982226404,
            -0.10297475016632902,
            0.01204515538632408,
            -0.32280730808398406,
            -0.30428119234755724,
            -0.007375754348158137,
            -0.19059336678932057,
            0.02975654531404162,
            -0.5264184683605447,
            -0.3642558988963637,
            0.003921665352748604,
            -0.10116266785812619,
            -0.05741002457376636,
            -0.45600576708209806,
            -0.309640869087751,
            4.5987155414539465e-05,
            0.22922837831264137,
            0.04197057090998301
        ],
        [
            0.0001285480460493737,
            0.00015367724820420856,
            -0.002312982884821177,
            -0.0001896715208763666,
            2.8070993267337907e-06,
            0.0015942351095791386,
            0.00018924182305710135,
            -0.04474055757246494,
            0.000918465672919728,
            -9.053474414153665e-05,
            0.0007427935217252861,
            0.00028282842490372554,
            0.3327873326462677,
            0.0019023360952200785,
            0.0005929776667179237,
            -0.00012454151410488538,
            4.5987155414539465e-05,
            1.4837883032230503,
            0.00012987665349922076,
            9.178996442589166e-05
        ],
        [
            0.04866221552386664,
            0.1044409639923202,
            -0.0014042953786056042,
            0.06392577688437723,
            -0.005368978777091717,
            0.23294945784606022,
            0.17866958231439178,
            0.006315108858889463,
            0.19720585189865703,
            -0.028372288450585842,
            0.08611542639126368,
            0.21951298598935964,
            7.672259381011131e-05,
            -0.6409594697301416,
            -0.17180978269462976,
            0.2601889044800244,
            0.22922837831264137,
            0.00012987665349922076,
            1.2334801474297206,
            -0.0460682020511515
        ],
        [
            -0.0006779078643257949,
            0.010399233745850632,
            -1.7500955078673576e-05,
            0.0010631180492420198,
            -0.0025446424829132785,
            0.02127790735512876,
            0.02958781034601186,
            0.0007622877368028227,
            0.03354803351809462,
            -0.048827082809874425,
            0.009170774035729162,
            0.03707643342610155,
            0.000256980390870217,
            -0.1872428175683662,
            0.29669545790580354,
            0.04959905089935979,
            0.04197057090998301,
            9.178996442589166e-05,
            -0.0460682020511515,
            1.4746622488441639
        ]
    ]
}