{
    "HF": -2.130229898284964,
    "coordinates": [
        [
            0.718768,
            0.146527,
            -0.163311
        ],
        [
            1.416964,
            -0.009764,
            -0.002756
        ],
        [
            2.101805,
            0.1264,
            -0.19996
        ],
        [
            2.840106,
            -0.102527,
            -0.025711
        ]
    ],
    "elements": [
        "H",
        "H",
        "H",
        "H"
    ],
    "Enn": 3.119529187000961,
    "S": [
        [
            0.9999999999999999,
            0.6848602514927513,
            0.0,
            0.0,
            0.0,
            0.5761478299856398,
            0.567489280936196,
            -0.11804255439613578,
            -0.5133246507998157,
            0.11490759471288006,
            0.16743205372417816,
            0.3508769203585274,
            0.0057482297628062414,
            -0.2169230933030169,
            0.003156828847608424,
            0.018144753787177795,
            0.13860391029444716,
            -0.0014460449273275844,
            -0.022293241671854955,
            0.002617320300368053
        ],
        [
            0.6848602514927513,
            1.0000000000000002,
            0.0,
            0.0,
            0.0,
            0.567489280936196,
            0.8894730861656149,
            -0.03574875160124807,
            -0.15545847449774214,
            0.03479934064034542,
            0.3508769203585274,
            0.6589855684014354,
            0.004882258778659701,
            -0.1842436228672323,
            0.002681252488146577,
            0.13860391029444716,
            0.3686491533491863,
            -0.006778776118168176,
            -0.10450636172211226,
            0.012269486245161745
        ],
        [
            0.0,
            0.0,
            1.0000000000000004,
            0.0,
            0.0,
            0.11804255439613578,
            0.03574875160124805,
            0.46430008010584556,
            -0.14481545962381479,
            0.03241690442234794,
            -0.005748229762806246,
            -0.004882258778659701,
            0.08301594087028794,
            0.01096242446882374,
            -0.00015953348846344353,
            0.0014460449273275826,
            0.006778776118168178,
            0.0024862846954981487,
            -0.001981534544314012,
            0.00023264048652293123
        ],
        [
            0.0,
            0.0,
            0.0,
            1.0000000000000004,
            0.0,
            0.5133246507998155,
            0.15545847449774192,
            -0.14481545962381476,
            -0.13214899805140967,
            0.14096946840687385,
            0.2169230933030169,
            0.1842436228672322,
            0.010962424468823716,
            -0.33038667284256257,
            0.006020374833802163,
            0.022293241671854938,
            0.10450636172211218,
            -0.001981534544314012,
            -0.027933908378194212,
            0.0035865487238341707
        ],
        [
            0.0,
            0.0,
            0.0,
            0.0,
            1.0000000000000004,
            -0.11490759471288003,
            -0.03479934064034539,
            0.03241690442234793,
            0.14096946840687385,
            0.46604541656311943,
            -0.003156828847608426,
            -0.0026812524881465903,
            -0.0001595334884634428,
            0.00602037483380215,
            0.08321882033777722,
            -0.0026173203003680505,
            -0.012269486245161741,
            0.00023264048652293123,
            0.0035865487238341707,
            0.0021937404839824978
        ],
        [
            0.5761478299856398,
            0.567489280936196,
            0.1180425543961358,
            0.5133246507998155,
            -0.11490759471288006,
            0.9999999999999999,
            0.6848602514927513,
            0.0,
            0.0,
            0.0,
            0.5823812520490117,
            0.56972407887947,
            0.14697187797564695,
            -0.5103971921701388,
            -0.1014800855595018,
            0.15100141832880518,
            0.3365001993915504,
            0.003172349599042567,
            -0.19667627763365872,
            0.01281971970620717
        ],
        [
            0.567489280936196,
            0.8894730861656149,
            0.035748751601248054,
            0.15545847449774197,
            -0.03479934064034542,
            0.6848602514927513,
            1.0000000000000002,
            0.0,
            0.0,
            0.0,
            0.56972407887947,
            0.8916546064790175,
            0.044093513981797165,
            -0.1531259315673515,
            -0.030445372496589483,
            0.33650019939155035,
            0.6419931769384317,
            0.0029241903518401795,
            -0.1812911394336109,
            0.011816888242550663
        ],
        [
            -0.11804255439613578,
            -0.035748751601248026,
            0.46430008010584556,
            -0.14481545962381473,
            0.03241690442234794,
            0.0,
            0.0,
            1.0000000000000004,
            0.0,
            0.0,
            -0.1469718779756469,
            -0.044093513981797144,
            0.45394002930045163,
            0.17703481579157504,
            0.03519907344543333,
            -0.0031723495990425656,
            -0.002924190351840178,
            0.07119935346953427,
            0.00604683683985276,
            -0.0003941438913160187
        ],
        [
            -0.5133246507998157,
            -0.1554584744977421,
            -0.1448154596238148,
            -0.13214899805141,
            0.14096946840687388,
            0.0,
            0.0,
            0.0,
            1.0000000000000004,
            0.0,
            0.5103971921701388,
            0.15312593156735146,
            0.177034815791575,
            -0.10988013546943225,
            -0.12223772670657808,
            0.19667627763365872,
            0.1812911394336109,
            0.006046836839852763,
            -0.3035890836637051,
            0.024435753682215716
        ],
        [
            0.11490759471288003,
            0.0347993406403454,
            0.03241690442234793,
            0.1409694684068738,
            0.46604541656311943,
            0.0,
            0.0,
            0.0,
            0.0,
            1.0000000000000004,
            0.10148008555950179,
            0.030445372496589452,
            0.03519907344543333,
            -0.1222377267065781,
            0.4806142441825735,
            -0.012819719706207164,
            -0.011816888242550665,
            -0.0003941438913160188,
            0.02443575368221571,
            0.06970412061212121
        ],
        [
            0.16743205372417816,
            0.3508769203585274,
            -0.0057482297628062414,
            0.21692309330301685,
            -0.003156828847608424,
            0.5823812520490117,
            0.56972407887947,
            -0.14697187797564695,
            0.5103971921701391,
            0.1014800855595018,
            0.9999999999999999,
            0.6848602514927513,
            0.0,
            0.0,
            0.0,
            0.5288774889340943,
            0.5498835318422917,
            -0.11496342917260588,
            -0.4871053189491132,
            0.1510380716686876
        ],
        [
            0.3508769203585274,
            0.6589855684014354,
            -0.004882258778659701,
            0.1842436228672322,
            -0.0026812524881465907,
            0.56972407887947,
            0.8916546064790175,
            -0.04409351398179717,
            0.1531259315673515,
            0.03044537249658948,
            0.6848602514927513,
            1.0000000000000002,
            0.0,
            0.0,
            0.0,
            0.5498835318422917,
            0.8721711854078525,
            -0.0375143124065784,
            -0.15894986119914123,
            0.049286015967384446
        ],
        [
            0.005748229762806246,
            0.004882258778659701,
            0.08301594087028794,
            0.010962424468823721,
            -0.0001595334884634428,
            0.1469718779756469,
            0.04409351398179715,
            0.45394002930045163,
            0.17703481579157493,
            0.03519907344543333,
            0.0,
            0.0,
            1.0000000000000004,
            0.0,
            0.0,
            0.11496342917260585,
            0.037514312406578376,
            0.4077426637220373,
            -0.1478361547151579,
            0.04583995875730488
        ],
        [
            -0.21692309330301696,
            -0.1842436228672321,
            0.010962424468823735,
            -0.33038667284256257,
            0.0060203748338021465,
            -0.5103971921701388,
            -0.15312593156735146,
            0.17703481579157512,
            -0.10988013546943208,
            -0.12223772670657815,
            0.0,
            0.0,
            0.0,
            1.0000000000000004,
            0.0,
            0.4871053189491135,
            0.15894986119914153,
            -0.1478361547151578,
            -0.18375457244085458,
            0.19422600640736495
        ],
        [
            0.003156828847608426,
            0.002681252488146577,
            -0.00015953348846344353,
            0.0060203748338021655,
            0.08321882033777722,
            -0.10148008555950179,
            -0.030445372496589452,
            0.03519907344543333,
            -0.12223772670657804,
            0.4806142441825735,
            0.0,
            0.0,
            0.0,
            0.0,
            1.0000000000000004,
            -0.15103807166868757,
            -0.04928601596738441,
            0.04583995875730488,
            0.19422600640736504,
            0.3824098051103636
        ],
        [
            0.018144753787177795,
            0.13860391029444716,
            0.0014460449273275844,
            0.02229324167185496,
            -0.002617320300368053,
            0.15100141832880518,
            0.3365001993915504,
            -0.003172349599042567,
            0.19667627763365872,
            -0.01281971970620717,
            0.5288774889340943,
            0.5498835318422917,
            0.1149634291726059,
            0.4871053189491136,
            -0.1510380716686876,
            0.9999999999999999,
            0.6848602514927513,
            0.0,
            0.0,
            0.0
        ],
        [
            0.13860391029444716,
            0.3686491533491863,
            0.0067787761181681795,
            0.10450636172211222,
            -0.012269486245161745,
            0.33650019939155035,
            0.6419931769384317,
            -0.0029241903518401804,
            0.1812911394336109,
            -0.011816888242550666,
            0.5498835318422917,
            0.8721711854078525,
            0.03751431240657839,
            0.1589498611991416,
            -0.049286015967384446,
            0.6848602514927513,
            1.0000000000000002,
            0.0,
            0.0,
            0.0
        ],
        [
            -0.0014460449273275826,
            -0.006778776118168173,
            0.0024862846954981487,
            -0.001981534544314012,
            0.00023264048652293123,
            0.0031723495990425656,
            0.002924190351840179,
            0.07119935346953427,
            0.00604683683985276,
            -0.0003941438913160187,
            -0.11496342917260585,
            -0.03751431240657836,
            0.4077426637220373,
            -0.1478361547151578,
            0.04583995875730488,
            0.0,
            0.0,
            1.0000000000000004,
            0.0,
            0.0
        ],
        [
            -0.022293241671854935,
            -0.10450636172211222,
            -0.001981534544314012,
            -0.027933908378194212,
            0.0035865487238341707,
            -0.19667627763365872,
            -0.1812911394336109,
            0.006046836839852763,
            -0.3035890836637051,
            0.024435753682215716,
            -0.48710531894911313,
            -0.15894986119914117,
            -0.1478361547151579,
            -0.18375457244085458,
            0.19422600640736504,
            0.0,
            0.0,
            0.0,
            1.0000000000000004,
            0.0
        ],
        [
            0.0026173203003680505,
            0.012269486245161741,
            0.00023264048652293123,
            0.0035865487238341707,
            0.0021937404839824978,
            0.012819719706207164,
            0.011816888242550661,
            -0.0003941438913160188,
            0.02443575368221571,
            0.06970412061212121,
            0.15103807166868757,
            0.04928601596738441,
            0.04583995875730488,
            0.19422600640736495,
            0.3824098051103636,
            0.0,
            0.0,
            0.0,
            0.0,
            1.0000000000000004
        ]
    ],
    "h": [
        [
            -0.30061331146290726,
            -0.4838642151455993,
            -0.06222559633466038,
            -0.3033457956389142,
            0.061322898718475446,
            -0.6115532158428396,
            -0.47771253127136315,
            0.025946895735933978,
            0.00864892108469384,
            -0.022691499391187697,
            -0.30986963445671256,
            -0.3486768787125569,
            -0.046315540815642486,
            0.3486506781561317,
            0.02336910237120033,
            -0.028233092694684027,
            -0.16246768651648713,
            0.00487854885427862,
            0.09182908128735542,
            -0.010928260368279229
        ],
        [
            -0.4838642151455993,
            -0.3238958702589907,
            -0.048452550330314065,
            -0.2558149939631403,
            0.04846195505729706,
            -0.5663040346639004,
            -0.3777138038246328,
            0.08267023984095374,
            0.09174176403383563,
            -0.0709969859161459,
            -0.3805196495964257,
            -0.33250589311526757,
            -0.06032083574005901,
            0.20839983326782135,
            0.04424894990159964,
            -0.15904213558526736,
            -0.21785783242698975,
            0.017525835335752558,
            0.1325387615929522,
            -0.027294106520027204
        ],
        [
            -0.06222559633466038,
            -0.048452550330314065,
            1.4576685180921864,
            -0.05674467925369055,
            0.012942695126371681,
            -0.003639820373292718,
            -0.04272576284350492,
            0.3879292039674983,
            -0.20840594734265255,
            0.045312210691026256,
            -0.02750953160073691,
            -0.03642251970438211,
            -0.05154492568112973,
            0.04894613538568551,
            0.004680811196534404,
            -0.0040527442649673,
            -0.017066041954023593,
            -0.00756490828925627,
            0.009872227581217195,
            -0.0010393190736574828
        ],
        [
            -0.3033457956389142,
            -0.2558149939631403,
            -0.05674467925369055,
            1.1805744700839536,
            0.05667631248063978,
            -0.10017707389870412,
            -0.2529648655947904,
            -0.1751229278931286,
            -0.5171292259685756,
            0.17723951548354477,
            -0.27958994523178254,
            -0.21297583718419155,
            -0.05431747482150085,
            0.08123759611645032,
            0.040321933359649426,
            -0.09403167109334322,
            -0.14212312497159008,
            0.010724543203712886,
            0.12472854275976666,
            -0.018990569156423193
        ],
        [
            0.061322898718475446,
            0.04846195505729706,
            0.012942695126371681,
            0.05667631248063978,
            1.4584316597720008,
            0.0063002855959515824,
            0.043793481944622605,
            0.044237055848045034,
            0.20489410279559406,
            0.3908826806377236,
            0.032764656615248494,
            0.03740025675435068,
            0.008536627862130643,
            -0.04410169870821465,
            -0.04882352578120544,
            0.008058281397192021,
            0.01960692841812501,
            -0.0008808400321722105,
            -0.015165544612975718,
            -0.006132662153035405
        ],
        [
            -0.6115532158428396,
            -0.5663040346639004,
            -0.003639820373292718,
            -0.10017707389870412,
            0.0063002855959515824,
            -0.504112808401104,
            -0.627177313404273,
            0.13244723804681316,
            0.024776859549220168,
            -0.10883302275023525,
            -0.5841839061635132,
            -0.5535365355642002,
            -0.02168696060675046,
            0.0751036134761498,
            0.018715639909082538,
            -0.2817674350451148,
            -0.3689976389768435,
            0.026637326432999164,
            0.2587472796728333,
            -0.04661197437750504
        ],
        [
            -0.47771253127136315,
            -0.3777138038246328,
            -0.04272576284350492,
            -0.2529648655947904,
            0.043793481944622605,
            -0.627177313404273,
            -0.44413439392447107,
            0.10409761743367288,
            -0.014603404012986515,
            -0.08345164064131319,
            -0.5465021922157519,
            -0.42858993877378593,
            -0.0836881445599911,
            0.14844963153520946,
            0.07171423230169635,
            -0.3285486401463402,
            -0.325494121936833,
            0.03505296827236049,
            0.1912986617415482,
            -0.049549405571125964
        ],
        [
            0.025946895735933978,
            0.08267023984095374,
            0.3879292039674983,
            -0.1751229278931286,
            0.044237055848045034,
            0.13244723804681316,
            0.10409761743367288,
            1.3483229740582987,
            0.010518469635750354,
            0.02723082689927547,
            0.022296430599364148,
            0.08558395430217161,
            0.3639868020012509,
            0.22848351095173852,
            0.046682387688126284,
            0.0404254964246585,
            0.05856912327497602,
            -0.05181655583492567,
            -0.04890434968644114,
            0.010971894996934907
        ],
        [
            0.00864892108469384,
            0.09174176403383563,
            -0.20840594734265255,
            -0.5171292259685756,
            0.20489410279559406,
            0.024776859549220168,
            -0.014603404012986515,
            0.010518469635750354,
            0.7997600874435375,
            0.014918306908199308,
            -0.0513775943546283,
            -0.1318830763987202,
            0.23389500341797054,
            -0.6364782944829713,
            -0.1435500319458589,
            -0.32935463947256005,
            -0.19963680029006592,
            0.04361910204346117,
            0.10052689118262981,
            -0.054402448168375764
        ],
        [
            -0.022691499391187697,
            -0.0709969859161459,
            0.045312210691026256,
            0.17723951548354477,
            0.3908826806377236,
            -0.10883302275023525,
            -0.08345164064131319,
            0.02723082689927547,
            0.014918306908199308,
            1.3592655704590482,
            -0.013029721192036298,
            -0.06283175775155161,
            0.047654907138759126,
            -0.14517126310035372,
            0.3981173673779934,
            -0.014493416771267996,
            -0.03812092865168004,
            0.0036004336855634464,
            0.03531263681898292,
            -0.05090565950059375
        ],
        [
            -0.30986963445671256,
            -0.3805196495964257,
            -0.02750953160073691,
            -0.27958994523178254,
            0.032764656615248494,
            -0.5841839061635132,
            -0.5465021922157519,
            0.022296430599364148,
            -0.0513775943546283,
            -0.013029721192036298,
            -0.4665273904207803,
            -0.6131528104686621,
            -0.12527063047343906,
            0.01526890529772336,
            0.12081434751865597,
            -0.5707991513469599,
            -0.5447206375663276,
            0.006825015613861424,
            0.09841350893164447,
            -0.014832466316816395
        ],
        [
            -0.3486768787125569,
            -0.33250589311526757,
            -0.03642251970438211,
            -0.21297583718419155,
            0.03740025675435068,
            -0.5535365355642002,
            -0.42858993877378593,
            0.08558395430217161,
            -0.1318830763987202,
            -0.06283175775155161,
            -0.6131528104686621,
            -0.4430838716770691,
            -0.10109061010478007,
            0.03548948475731556,
            0.09645174287573749,
            -0.45579035387295286,
            -0.3734614259806375,
            0.04052571139488233,
            0.22737116328486695,
            -0.0579494227549158
        ],
        [
            -0.046315540815642486,
            -0.06032083574005901,
            -0.05154492568112973,
            -0.05431747482150085,
            0.008536627862130643,
            -0.02168696060675046,
            -0.0836881445599911,
            0.3639868020012509,
            0.23389500341797054,
            0.047654907138759126,
            -0.12527063047343906,
            -0.10109061010478007,
            1.3601340054879125,
            0.01831350500683954,
            0.03005076442723683,
            -0.025622495385631106,
            -0.07801033877813185,
            0.3094038052682597,
            -0.17517262113846555,
            0.05939644498742387
        ],
        [
            0.3486506781561317,
            0.20839983326782135,
            0.04894613538568551,
            0.08123759611645032,
            -0.04410169870821465,
            0.0751036134761498,
            0.14844963153520946,
            0.22848351095173852,
            -0.6364782944829713,
            -0.14517126310035372,
            0.01526890529772336,
            0.03548948475731556,
            0.01831350500683954,
            0.8381930477962112,
            0.024417002838097383,
            -0.027106461654445857,
            -0.08133969376535655,
            -0.20464596947266478,
            -0.5472614153126819,
            0.27144945313632607
        ],
        [
            0.02336910237120033,
            0.04424894990159964,
            0.004680811196534404,
            0.040321933359649426,
            -0.04882352578120544,
            0.018715639909082538,
            0.07171423230169635,
            0.046682387688126284,
            -0.1435500319458589,
            0.3981173673779934,
            0.12081434751865597,
            0.09645174287573749,
            0.03005076442723683,
            0.024417002838097383,
            1.3615151194614574,
            0.02590973441424016,
            0.08216313206355609,
            0.061893635413992745,
            0.2432485790264451,
            0.27627985313233916
        ],
        [
            -0.028233092694684027,
            -0.15904213558526736,
            -0.0040527442649673,
            -0.09403167109334322,
            0.008058281397192021,
            -0.2817674350451148,
            -0.3285486401463402,
            0.0404254964246585,
            -0.32935463947256005,
            -0.014493416771267996,
            -0.5707991513469599,
            -0.45579035387295286,
            -0.025622495385631106,
            -0.027106461654445857,
            0.02590973441424016,
            -0.2583146070184299,
            -0.46580402786117947,
            0.056433203465952285,
            0.2651520488559016,
            -0.07661563848613279
        ],
        [
            -0.16246768651648713,
            -0.21785783242698975,
            -0.017066041954023593,
            -0.14212312497159008,
            0.01960692841812501,
            -0.3689976389768435,
            -0.325494121936833,
            0.05856912327497602,
            -0.19963680029006592,
            -0.03812092865168004,
            -0.5447206375663276,
            -0.3734614259806375,
            -0.07801033877813185,
            -0.08133969376535655,
            0.08216313206355609,
            -0.46580402786117947,
            -0.3179411365943121,
            0.04643943809935026,
            0.23325563233855306,
            -0.06426286399314475
        ],
        [
            0.00487854885427862,
            0.017525835335752558,
            -0.00756490828925627,
            0.010724543203712886,
            -0.0008808400321722105,
            0.026637326432999164,
            0.03505296827236049,
            -0.05181655583492567,
            0.04361910204346117,
            0.0036004336855634464,
            0.006825015613861424,
            0.04052571139488233,
            0.3094038052682597,
            -0.20464596947266478,
            0.061893635413992745,
            0.056433203465952285,
            0.04643943809935026,
            1.4757084551214799,
            -0.05025999342311965,
            0.015814442337566584
        ],
        [
            0.09182908128735542,
            0.1325387615929522,
            0.009872227581217195,
            0.12472854275976666,
            -0.015165544612975718,
            0.2587472796728333,
            0.1912986617415482,
            -0.04890434968644114,
            0.10052689118262981,
            0.03531263681898292,
            0.09841350893164447,
            0.22737116328486695,
            -0.17517262113846555,
            -0.5472614153126819,
            0.2432485790264451,
            0.2651520488559016,
            0.23325563233855306,
            -0.05025999342311965,
            1.2405235259887546,
            0.06893264136937599
        ],
        [
            -0.010928260368279229,
            -0.027294106520027204,
            -0.0010393190736574828,
            -0.018990569156423193,
            -0.006132662153035405,
            -0.04661197437750504,
            -0.049549405571125964,
            0.010971894996934907,
            -0.054402448168375764,
            -0.05090565950059375,
            -0.014832466316816395,
            -0.0579494227549158,
            0.05939644498742387,
            0.27144945313632607,
            0.27627985313233916,
            -0.07661563848613279,
            -0.06426286399314475,
            0.015814442337566584,
            0.06893264136937599,
            1.4668400184824721
        ]
    ]
}