{
    "HF": -2.1769855702899217,
    "coordinates": [
        [
            0.705761,
            -0.15537,
            -0.058402
        ],
        [
            1.542768,
            -0.157888,
            0.192811
        ],
        [
            2.347132,
            0.129923,
            0.052132
        ],
        [
            3.129787,
            0.062895,
            0.073212
        ]
    ],
    "elements": [
        "H",
        "H",
        "H",
        "H"
    ],
    "Enn": 2.753545997831742,
    "S": [
        [
            0.9999999999999999,
            0.6848602514927513,
            0.0,
            0.0,
            0.0,
            0.4658136427924038,
            0.5243926390382012,
            -0.14112865809592873,
            -0.4702211857145094,
            0.0014145842814087851,
            0.0796564075139345,
            0.25877682498712545,
            -0.007010075960782459,
            -0.10409589257446092,
            -0.01809330704651519,
            0.006046196138425917,
            0.08640195316778157,
            -0.00036034155252112794,
            -0.006636659414587957,
            -0.0005975804166807784
        ],
        [
            0.6848602514927513,
            1.0000000000000002,
            0.0,
            0.0,
            0.0,
            0.5243926390382012,
            0.8467417995385645,
            -0.0514115382049697,
            -0.17129614055931452,
            0.0005153166961905139,
            0.25877682498712545,
            0.5448414848034215,
            -0.010631234948555158,
            -0.1578681739441703,
            -0.027439673875713767,
            0.08640195316778157,
            0.2741368574715443,
            -0.0039040532765177932,
            -0.07190364739058397,
            -0.006474373458744182
        ],
        [
            0.0,
            0.0,
            1.0000000000000004,
            0.0,
            0.0,
            0.14112865809592873,
            0.05141153820496969,
            0.31028237639043227,
            -0.20256777852567867,
            0.0006093923543383288,
            0.007010075960782456,
            0.01063123494855515,
            0.02596754371315815,
            -0.01263177536633654,
            -0.002195577410340655,
            0.0003603415525211282,
            0.0039040532765177924,
            0.0004274202394081778,
            -0.00037068943526280036,
            -3.337774825337482e-05
        ],
        [
            0.0,
            0.0,
            0.0,
            1.0000000000000004,
            0.0,
            0.4702211857145092,
            0.17129614055931452,
            -0.20256777852567856,
            -0.30384829515096945,
            0.0020304111106020047,
            0.1040958925744609,
            0.1578681739441703,
            -0.012631775366336544,
            -0.16075693428351726,
            -0.032603154591241176,
            0.006636659414587965,
            0.07190364739058396,
            -0.0003706894352628005,
            -0.006379696469789178,
            -0.0006147410578482165
        ],
        [
            0.0,
            0.0,
            0.0,
            0.0,
            1.0000000000000004,
            -0.0014145842814087808,
            -0.0005153166961905558,
            0.0006093923543383146,
            0.0020304111106019588,
            0.3710734411862999,
            0.018093307046515187,
            0.027439673875713767,
            -0.002195577410340655,
            -0.03260315459124117,
            0.02115131927367657,
            0.000597580416680779,
            0.006474373458744176,
            -3.337774825337481e-05,
            -0.000614741057848216,
            0.00039219432283031815
        ],
        [
            0.4658136427924038,
            0.5243926390382012,
            0.14112865809592873,
            0.4702211857145093,
            -0.0014145842814087851,
            0.9999999999999999,
            0.6848602514927513,
            0.0,
            0.0,
            0.0,
            0.47193363889077355,
            0.5269765692381245,
            0.08034858146777996,
            -0.45941118705527745,
            -0.16438278336370904,
            0.09475063125666405,
            0.2780437574858065,
            0.009364631771441034,
            -0.12426398673300433,
            -0.01728736441269631
        ],
        [
            0.5243926390382012,
            0.8467417995385645,
            0.0514115382049697,
            0.17129614055931452,
            -0.0005153166961905558,
            0.6848602514927513,
            1.0000000000000002,
            0.0,
            0.0,
            0.0,
            0.5269765692381245,
            0.8493405906146508,
            0.028941899464471302,
            -0.16548185600437848,
            -0.05921137502234845,
            0.2780437574858065,
            0.5698513236817467,
            0.012422139394655973,
            -0.16483558591599862,
            -0.022931606468033428
        ],
        [
            -0.14112865809592873,
            -0.0514115382049697,
            0.31028237639043227,
            -0.20256777852567856,
            0.0006093923543383146,
            0.0,
            0.0,
            1.0000000000000004,
            0.0,
            0.0,
            -0.08034858146777996,
            -0.028941899464471323,
            0.3585008756577903,
            0.11102270435463638,
            0.0397252432518266,
            -0.009364631771441033,
            -0.01242213939465597,
            0.03373994683603838,
            0.017267161862219924,
            0.0024021740114179486
        ],
        [
            -0.4702211857145094,
            -0.17129614055931452,
            -0.20256777852567867,
            -0.30384829515096945,
            0.0020304111106019588,
            0.0,
            0.0,
            0.0,
            1.0000000000000004,
            0.0,
            0.4594111870552775,
            0.16548185600437876,
            0.11102270435463633,
            -0.25687926409162115,
            -0.22713806298745542,
            0.12426398673300425,
            0.16483558591599856,
            0.017267161862219927,
            -0.19408540063055565,
            -0.031875649440434306
        ],
        [
            0.0014145842814087851,
            0.0005153166961905558,
            0.0006093923543383288,
            0.0020304111106020047,
            0.3710734411862999,
            0.0,
            0.0,
            0.0,
            0.0,
            1.0000000000000004,
            0.16438278336370898,
            0.0592113750223484,
            0.03972524325182657,
            -0.22713806298745534,
            0.2966454594276052,
            0.017287364412696307,
            0.022931606468033414,
            0.002402174011417949,
            -0.031875649440434306,
            0.03060673531251675
        ],
        [
            0.0796564075139345,
            0.25877682498712545,
            0.007010075960782459,
            0.10409589257446096,
            0.01809330704651519,
            0.47193363889077355,
            0.5269765692381245,
            -0.08034858146777996,
            0.45941118705527745,
            0.16438278336370904,
            0.9999999999999999,
            0.6848602514927513,
            0.0,
            0.0,
            0.0,
            0.5340799332758943,
            0.5518804316832797,
            -0.014081241274295593,
            -0.5228061617425909,
            0.044774072112594175
        ],
        [
            0.25877682498712545,
            0.5448414848034215,
            0.010631234948555158,
            0.1578681739441703,
            0.027439673875713767,
            0.5269765692381245,
            0.8493405906146508,
            -0.028941899464471288,
            0.1654818560043788,
            0.05921137502234845,
            0.6848602514927513,
            1.0000000000000002,
            0.0,
            0.0,
            0.0,
            0.5518804316832798,
            0.8741441131657508,
            -0.004555938835942703,
            -0.16915219685221747,
            0.014486502291061076
        ],
        [
            -0.007010075960782456,
            -0.01063123494855515,
            0.02596754371315815,
            -0.012631775366336544,
            -0.002195577410340655,
            0.08034858146777998,
            0.028941899464471312,
            0.3585008756577903,
            0.11102270435463638,
            0.0397252432518266,
            0.0,
            0.0,
            1.0000000000000004,
            0.0,
            0.0,
            0.014081241274295603,
            0.0045559388359427124,
            0.4481166171511592,
            -0.019216110019792232,
            0.0016457026690005613
        ],
        [
            -0.1040958925744609,
            -0.1578681739441703,
            -0.01263177536633654,
            -0.16075693428351728,
            -0.03260315459124117,
            -0.4594111870552775,
            -0.16548185600437842,
            0.11102270435463633,
            -0.25687926409162115,
            -0.22713806298745542,
            0.0,
            0.0,
            0.0,
            1.0000000000000004,
            0.0,
            0.5228061617425909,
            0.1691521968522174,
            -0.01921611001979224,
            -0.2648185961675841,
            0.06110139574984032
        ],
        [
            -0.018093307046515187,
            -0.027439673875713767,
            -0.002195577410340655,
            -0.032603154591241176,
            0.02115131927367657,
            -0.16438278336370898,
            -0.0592113750223484,
            0.03972524325182657,
            -0.22713806298745534,
            0.2966454594276052,
            0.0,
            0.0,
            0.0,
            0.0,
            1.0000000000000004,
            -0.04477407211259416,
            -0.014486502291061085,
            0.0016457026690005607,
            0.061101395749840276,
            0.4434013482841576
        ],
        [
            0.006046196138425917,
            0.08640195316778157,
            0.00036034155252112794,
            0.006636659414587957,
            0.0005975804166807784,
            0.09475063125666405,
            0.2780437574858065,
            -0.009364631771441038,
            0.12426398673300433,
            0.01728736441269631,
            0.5340799332758943,
            0.5518804316832797,
            0.014081241274295603,
            0.5228061617425909,
            -0.04477407211259416,
            0.9999999999999999,
            0.6848602514927513,
            0.0,
            0.0,
            0.0
        ],
        [
            0.08640195316778157,
            0.2741368574715443,
            0.0039040532765177932,
            0.07190364739058397,
            0.00647437345874418,
            0.2780437574858065,
            0.5698513236817467,
            -0.012422139394655973,
            0.16483558591599878,
            0.02293160646803342,
            0.5518804316832798,
            0.8741441131657508,
            0.004555938835942713,
            0.16915219685221747,
            -0.014486502291061088,
            0.6848602514927513,
            1.0000000000000002,
            0.0,
            0.0,
            0.0
        ],
        [
            -0.0003603415525211282,
            -0.0039040532765177924,
            0.0004274202394081778,
            -0.00037068943526280036,
            -3.337774825337482e-05,
            0.009364631771441034,
            0.01242213939465597,
            0.03373994683603838,
            0.017267161862219927,
            0.0024021740114179486,
            -0.014081241274295593,
            -0.004555938835942701,
            0.4481166171511592,
            -0.01921611001979224,
            0.0016457026690005596,
            0.0,
            0.0,
            1.0000000000000004,
            0.0,
            0.0
        ],
        [
            -0.006636659414587963,
            -0.07190364739058396,
            -0.0003706894352628005,
            -0.006379696469789178,
            -0.0006147410578482165,
            -0.12426398673300425,
            -0.16483558591599856,
            0.017267161862219927,
            -0.19408540063055565,
            -0.031875649440434306,
            -0.5228061617425909,
            -0.1691521968522174,
            -0.019216110019792232,
            -0.2648185961675841,
            0.06110139574984023,
            0.0,
            0.0,
            0.0,
            1.0000000000000004,
            0.0
        ],
        [
            -0.000597580416680779,
            -0.006474373458744176,
            -3.337774825337481e-05,
            -0.000614741057848216,
            0.00039219432283031815,
            -0.017287364412696307,
            -0.022931606468033414,
            0.0024021740114179486,
            -0.031875649440434306,
            0.03060673531251675,
            0.044774072112594175,
            0.014486502291061095,
            0.0016457026690005624,
            0.06110139574984035,
            0.4434013482841576,
            0.0,
            0.0,
            0.0,
            0.0,
            1.0000000000000004
        ]
    ],
    "h": [
        [
            -0.20560115113092037,
            -0.4397663388719437,
            -0.06489378662662865,
            -0.22253094400750212,
            -0.001540613687860088,
            -0.5134426867794888,
            -0.4286598776532453,
            0.021206463193876535,
            0.05331375623487222,
            -0.006945767555548758,
            -0.17986448921812836,
            -0.2682940719762799,
            -0.009542463358188587,
            0.2435913579426833,
            0.05623199401024746,
            0.00454079538070902,
            -0.10414383334111739,
            -0.0005649372096850963,
            0.03938368546751815,
            0.004694215081203641
        ],
        [
            -0.4397663388719437,
            -0.3032341221780006,
            -0.058022517920608134,
            -0.20347707189015696,
            -0.002445280394838302,
            -0.4936348325685165,
            -0.3573965771554497,
            0.06581237860124209,
            0.10445385235185159,
            -0.0278343561591307,
            -0.27953619677078245,
            -0.2851502590525158,
            -0.022165988621287464,
            0.152952279233717,
            0.057026286595463854,
            -0.10627072427737252,
            -0.16952320629154272,
            0.0003520022271862799,
            0.09811235414248211,
            0.0010152394923722465
        ],
        [
            -0.06489378662662865,
            -0.058022517920608134,
            1.4805795390334062,
            -0.05827690207392133,
            3.6597275036167644e-05,
            -0.017434419097837994,
            -0.05112604995425382,
            0.18408794017508423,
            -0.2609779491736841,
            -0.0009387390511247339,
            -0.029818487945055105,
            -0.03930578602756474,
            -0.03978534564837901,
            0.041741628746848794,
            0.011127142040405203,
            -0.0025227865152785698,
            -0.01727182767606831,
            -0.0016228193605949239,
            0.005534029718170948,
            0.0005062816361143449
        ],
        [
            -0.22253094400750212,
            -0.20347707189015696,
            -0.05827690207392133,
            1.2950081550717305,
            -0.001728185476729158,
            -0.07898693296729764,
            -0.1885917212263355,
            -0.24854824793053798,
            -0.6201671208605473,
            -0.010130517981014352,
            -0.18331627716198634,
            -0.1479976790179332,
            -0.009257956001675845,
            0.19018828960447703,
            0.05821975101503737,
            -0.03769533940349365,
            -0.08882349662330336,
            0.000905216829004349,
            0.04965891009278572,
            0.0035569732260975085
        ],
        [
            -0.001540613687860088,
            -0.002445280394838302,
            3.6597275036167644e-05,
            -0.001728185476729158,
            1.4974981636971594,
            -0.005214913887180411,
            -0.004235131826075714,
            0.002282732466650347,
            0.0006536854944577952,
            0.25899090032804367,
            -0.018377703408909582,
            -0.0036971667439319733,
            -9.754621514516774e-06,
            0.0198615345929323,
            -0.03234451433568892,
            -0.004837171033610721,
            -0.005282673571899196,
            0.00014676651893675497,
            0.004573039482573383,
            -0.0013794731696031817
        ],
        [
            -0.5134426867794888,
            -0.4936348325685165,
            -0.017434419097837994,
            -0.07898693296729764,
            -0.005214913887180411,
            -0.34844444374307315,
            -0.5551994144456545,
            0.09204086849688034,
            0.04108230184347264,
            -0.061435828751973426,
            -0.4575817405428755,
            -0.46255675901245863,
            -0.0059895228382245425,
            0.05202520630149521,
            0.026246988837706098,
            -0.20889447492899235,
            -0.29418455233472574,
            -0.006251550241037752,
            0.21064805873979744,
            0.008790376983553023
        ],
        [
            -0.4286598776532453,
            -0.3573965771554497,
            -0.05112604995425382,
            -0.1885917212263355,
            -0.004235131826075714,
            -0.5551994144456545,
            -0.4237797779460539,
            0.08157454821391034,
            0.01196056601513118,
            -0.05800478438978234,
            -0.4723847914653737,
            -0.3963055137497702,
            -0.02892490570378555,
            0.08526011587221177,
            0.07107195479235578,
            -0.29303924714856544,
            -0.2955968133305197,
            0.0014080258462177073,
            0.1753063392060839,
            -0.00831980661787874
        ],
        [
            0.021206463193876535,
            0.06581237860124209,
            0.18408794017508423,
            -0.24854824793053798,
            0.002282732466650347,
            0.09204086849688034,
            0.08157454821391034,
            1.408415639642732,
            -0.027749335578121506,
            0.011063866567769812,
            0.019426403091364508,
            0.056015630834747615,
            0.2379960214337059,
            0.12916266481096925,
            0.046175205149553644,
            0.024739042796138914,
            0.033325264865252224,
            -0.041036795103404244,
            -0.03058215690601636,
            -0.0004795410826759997
        ],
        [
            0.05331375623487222,
            0.10445385235185159,
            -0.2609779491736841,
            -0.6201671208605473,
            0.0006536854944577952,
            0.04108230184347264,
            0.01196056601513118,
            -0.027749335578121506,
            1.0205107890018215,
            -0.06725823956906678,
            -0.07211208575547312,
            -0.10526071569073664,
            0.1399088657142811,
            -0.6718986427776121,
            -0.2944262981624861,
            -0.266729280068446,
            -0.16085152343168158,
            -0.00441374971832624,
            0.19487034803896303,
            0.0021573049994911414
        ],
        [
            -0.006945767555548758,
            -0.0278343561591307,
            -0.0009387390511247339,
            -0.010130517981014352,
            0.25899090032804367,
            -0.061435828751973426,
            -0.05800478438978234,
            0.011063866567769812,
            -0.06725823956906678,
            1.4081025517198673,
            -0.023540942359036254,
            -0.061379095520382815,
            0.04997024435199435,
            -0.30274933842111174,
            0.16008696122079452,
            -0.060150203171579604,
            -0.056156167417413444,
            -0.0008887100456156692,
            0.06046609593439953,
            -0.04144450221803718
        ],
        [
            -0.17986448921812836,
            -0.27953619677078245,
            -0.029818487945055105,
            -0.18331627716198634,
            -0.018377703408909582,
            -0.4575817405428755,
            -0.4723847914653737,
            0.019426403091364508,
            -0.07211208575547312,
            -0.023540942359036254,
            -0.3986386374729842,
            -0.5770038410486606,
            -0.03811388225518661,
            -0.09575129519845949,
            0.08322746662500441,
            -0.5662047794326368,
            -0.5242299013551657,
            -0.0027610098224902166,
            0.07184510804921262,
            0.002183713525166664
        ],
        [
            -0.2682940719762799,
            -0.2851502590525158,
            -0.03930578602756474,
            -0.1479976790179332,
            -0.0036971667439319733,
            -0.46255675901245863,
            -0.3963055137497702,
            0.056015630834747615,
            -0.10526071569073664,
            -0.061379095520382815,
            -0.5770038410486606,
            -0.42696393667942956,
            -0.03311494266105969,
            -0.04391579256128418,
            0.07574592644782671,
            -0.45807482642167485,
            -0.36404869389451755,
            0.002010312984088251,
            0.22586346088505116,
            -0.012110079140784838
        ],
        [
            -0.009542463358188587,
            -0.022165988621287464,
            -0.03978534564837901,
            -0.009257956001675845,
            -9.754621514516774e-06,
            -0.0059895228382245425,
            -0.02892490570378555,
            0.2379960214337059,
            0.1399088657142811,
            0.04997024435199435,
            -0.03811388225518661,
            -0.03311494266105969,
            1.4131228808784442,
            0.022493440923318616,
            0.011438839835044862,
            -0.008526912834435116,
            -0.021535925396506277,
            0.36645437730518204,
            -0.017203872084158855,
            0.0027875545527908936
        ],
        [
            0.2435913579426833,
            0.152952279233717,
            0.041741628746848794,
            0.19018828960447703,
            0.0198615345929323,
            0.05202520630149521,
            0.08526011587221177,
            0.12916266481096925,
            -0.6718986427776121,
            -0.30274933842111174,
            -0.09575129519845949,
            -0.04391579256128418,
            0.022493440923318616,
            0.951572345206285,
            -0.04550210021584193,
            -0.029442529688960772,
            -0.1263566737751623,
            -0.026010037422342452,
            -0.6377374986666132,
            0.08215287921327824
        ],
        [
            0.05623199401024746,
            0.057026286595463854,
            0.011127142040405203,
            0.05821975101503737,
            -0.03234451433568892,
            0.026246988837706098,
            0.07107195479235578,
            0.046175205149553644,
            -0.2944262981624861,
            0.16008696122079452,
            0.08322746662500441,
            0.07574592644782671,
            0.011438839835044862,
            -0.04550210021584193,
            1.3937587915925835,
            0.012635514435550596,
            0.04733300370584827,
            0.0031455770809364204,
            0.0665307410579542,
            0.35893485650374657
        ],
        [
            0.00454079538070902,
            -0.10627072427737252,
            -0.0025227865152785698,
            -0.03769533940349365,
            -0.004837171033610721,
            -0.20889447492899235,
            -0.29303924714856544,
            0.024739042796138914,
            -0.266729280068446,
            -0.060150203171579604,
            -0.5662047794326368,
            -0.45807482642167485,
            -0.008526912834435116,
            -0.029442529688960772,
            0.012635514435550596,
            -0.25744449016995374,
            -0.46367061699982326,
            0.005099464900504256,
            0.27675139011548894,
            -0.020798084307037723
        ],
        [
            -0.10414383334111739,
            -0.16952320629154272,
            -0.01727182767606831,
            -0.08882349662330336,
            -0.005282673571899196,
            -0.29418455233472574,
            -0.2955968133305197,
            0.033325264865252224,
            -0.16085152343168158,
            -0.056156167417413444,
            -0.5242299013551657,
            -0.36404869389451755,
            -0.021535925396506277,
            -0.1263566737751623,
            0.04733300370584827,
            -0.46367061699982326,
            -0.3115702758003944,
            0.0034614716518202244,
            0.23767135726109345,
            -0.015931407813968033
        ],
        [
            -0.0005649372096850963,
            0.0003520022271862799,
            -0.0016228193605949239,
            0.000905216829004349,
            0.00014676651893675497,
            -0.006251550241037752,
            0.0014080258462177073,
            -0.041036795103404244,
            -0.00441374971832624,
            -0.0008887100456156692,
            -0.0027610098224902166,
            0.002010312984088251,
            0.36645437730518204,
            -0.026010037422342452,
            0.0031455770809364204,
            0.005099464900504256,
            0.0034614716518202244,
            1.4800321517573758,
            -0.005068051997320133,
            0.000800410288306209
        ],
        [
            0.03938368546751815,
            0.09811235414248211,
            0.005534029718170948,
            0.04965891009278572,
            0.004573039482573383,
            0.21064805873979744,
            0.1753063392060839,
            -0.03058215690601636,
            0.19487034803896303,
            0.06046609593439953,
            0.07184510804921262,
            0.22586346088505116,
            -0.017203872084158855,
            -0.6377374986666132,
            0.0665307410579542,
            0.27675139011548894,
            0.23767135726109345,
            -0.005068051997320133,
            1.212368876473342,
            0.019190990482000708
        ],
        [
            0.004694215081203641,
            0.0010152394923722465,
            0.0005062816361143449,
            0.0035569732260975085,
            -0.0013794731696031817,
            0.008790376983553023,
            -0.00831980661787874,
            -0.0004795410826759997,
            0.0021573049994911414,
            -0.04144450221803718,
            0.002183713525166664,
            -0.012110079140784838,
            0.0027875545527908936,
            0.08215287921327824,
            0.35893485650374657,
            -0.020798084307037723,
            -0.015931407813968033,
            0.000800410288306209,
            0.019190990482000708,
            1.4781403881057475
        ]
    ]
}