{
    "HF": -2.169321025339194,
    "coordinates": [
        [
            0.789797,
            -0.185687,
            0.082991
        ],
        [
            1.561642,
            0.181716,
            -0.111829
        ],
        [
            2.349164,
            -0.026219,
            0.176803
        ],
        [
            3.086211,
            -0.032142,
            -0.019758
        ]
    ],
    "elements": [
        "H",
        "H",
        "H",
        "H"
    ],
    "Enn": 2.819452444821545,
    "S": [
        [
            0.9999999999999999,
            0.6848602514927513,
            0.0,
            0.0,
            0.0,
            0.46366446544042333,
            0.5234792489694132,
            0.10880892525253176,
            -0.43108317889097825,
            -0.2051982628300787,
            0.10450482279331644,
            0.2895003545813638,
            -0.00827499563121062,
            -0.13754908873549238,
            -0.014066398790324211,
            0.010070151153800881,
            0.10766251064642264,
            0.0005258499362997299,
            -0.011752612245547972,
            -0.0007858142509332647
        ],
        [
            0.6848602514927513,
            1.0000000000000002,
            0.0,
            0.0,
            0.0,
            0.5234792489694132,
            0.8458219917403301,
            0.03979638584991924,
            -0.15766677669813633,
            -0.07505036213128981,
            0.2895003545813638,
            0.5844116482074772,
            -0.010174023909949289,
            -0.16911522131908352,
            -0.017294495852042263,
            0.10766251064642264,
            0.31468226099813873,
            0.0038599746250405284,
            -0.08626945049185705,
            -0.005768229411496442
        ],
        [
            0.0,
            0.0,
            1.0000000000000004,
            0.0,
            0.0,
            -0.10880892525253175,
            -0.0397963858499192,
            0.33235492994001264,
            0.1439295560640377,
            0.06851136003549373,
            0.00827499563121062,
            0.010174023909949264,
            0.03979568560031732,
            -0.015467237790011492,
            -0.0015817504640649393,
            -0.0005258499362997305,
            -0.0038599746250405262,
            0.0009902457523417653,
            0.0006236953580882815,
            4.170210761546706e-05
        ],
        [
            0.0,
            0.0,
            0.0,
            1.0000000000000004,
            0.0,
            0.4310831788909782,
            0.15766677669813625,
            0.1439295560640378,
            -0.2015414495156275,
            -0.27143081144952097,
            0.1375490887354924,
            0.1691152213190835,
            -0.015467237790011492,
            -0.21637417359002004,
            -0.026292259795096067,
            0.011752612245547975,
            0.08626945049185701,
            0.0006236953580882813,
            -0.012921280617809802,
            -0.0009320314918652751
        ],
        [
            0.0,
            0.0,
            0.0,
            0.0,
            1.0000000000000004,
            0.20519826283007858,
            0.07505036213128972,
            0.0685113600354937,
            -0.2714308114495207,
            0.23948118157526005,
            0.014066398790324211,
            0.017294495852042267,
            -0.0015817504640649397,
            -0.026292259795096078,
            0.03803743268522561,
            0.0007858142509332654,
            0.005768229411496439,
            4.170210761546704e-05,
            -0.0009320314918652751,
            0.0009558335335213607
        ],
        [
            0.46366446544042333,
            0.5234792489694132,
            -0.10880892525253176,
            0.43108317889097825,
            0.2051982628300787,
            0.9999999999999999,
            0.6848602514927513,
            0.0,
            0.0,
            0.0,
            0.4732024299322688,
            0.5275091408587825,
            -0.16541297152362672,
            -0.45132332575816114,
            0.11916608773027705,
            0.1125431758538406,
            0.2984512061177531,
            -0.008888001231767416,
            -0.14717306372163239,
            0.02064461304236204
        ],
        [
            0.5234792489694132,
            0.8458219917403301,
            -0.03979638584991924,
            0.15766677669813633,
            0.07505036213128981,
            0.6848602514927513,
            1.0000000000000002,
            0.0,
            0.0,
            0.0,
            0.5275091408587825,
            0.8498756222236479,
            -0.05944435519423178,
            -0.16219177877460475,
            0.04282464174905277,
            0.2984512061177531,
            0.5956360587738576,
            -0.010315895817387687,
            -0.17081703218623612,
            0.023961256505467467
        ],
        [
            0.10880892525253175,
            0.0397963858499192,
            0.33235492994001264,
            0.1439295560640378,
            0.06851136003549373,
            0.0,
            0.0,
            1.0000000000000004,
            0.0,
            0.0,
            0.16541297152362675,
            0.05944435519423182,
            0.2972946718706549,
            -0.22385501232019098,
            0.05910602114836021,
            0.008888001231767416,
            0.01031589581738768,
            0.04461114212396318,
            -0.016623025403731093,
            0.0023317848957909574
        ],
        [
            -0.4310831788909782,
            -0.15766677669813625,
            0.1439295560640377,
            -0.2015414495156275,
            -0.27143081144952086,
            0.0,
            0.0,
            0.0,
            1.0000000000000004,
            0.0,
            0.45132332575816114,
            0.16219177877460508,
            -0.22385501232019103,
            -0.23144131755267247,
            0.16126864653537698,
            0.14717306372163233,
            0.1708170321862359,
            -0.016623025403731104,
            -0.22963938324266442,
            0.03861114755776657
        ],
        [
            -0.20519826283007858,
            -0.07505036213128972,
            0.0685113600354937,
            -0.2714308114495209,
            0.23948118157526005,
            0.0,
            0.0,
            0.0,
            0.0,
            1.0000000000000004,
            -0.11916608773027702,
            -0.042824641749052754,
            0.05910602114836017,
            0.16126864653537681,
            0.3367581076840897,
            -0.02064461304236204,
            -0.023961256505467463,
            0.0023317848957909583,
            0.038611147557766554,
            0.04019887595400831
        ],
        [
            0.10450482279331644,
            0.2895003545813638,
            0.00827499563121062,
            0.13754908873549238,
            0.014066398790324211,
            0.4732024299322688,
            0.5275091408587825,
            0.16541297152362672,
            0.45132332575816114,
            -0.11916608773027705,
            0.9999999999999999,
            0.6848602514927513,
            0.0,
            0.0,
            0.0,
            0.5523771248629418,
            0.5587848934747086,
            0.13701830441480428,
            -0.5137790823918187,
            0.004128791657800306
        ],
        [
            0.2895003545813638,
            0.5844116482074772,
            0.010174023909949276,
            0.16911522131908352,
            0.01729449585204227,
            0.5275091408587825,
            0.8498756222236479,
            0.05944435519423178,
            0.16219177877460508,
            -0.042824641749052754,
            0.6848602514927513,
            1.0000000000000002,
            0.0,
            0.0,
            0.0,
            0.5587848934747086,
            0.8809448549185749,
            0.04304955989813538,
            -0.16142342058821946,
            0.0012972183865398287
        ],
        [
            -0.00827499563121062,
            -0.010174023909949264,
            0.03979568560031732,
            -0.015467237790011492,
            -0.0015817504640649393,
            -0.16541297152362675,
            -0.05944435519423182,
            0.2972946718706549,
            -0.22385501232019112,
            0.05910602114836021,
            0.0,
            0.0,
            1.0000000000000004,
            0.0,
            0.0,
            -0.13701830441480423,
            -0.043049559898135345,
            0.4227108269055912,
            0.1767149211314116,
            -0.0014201027585233371
        ],
        [
            -0.1375490887354924,
            -0.1691152213190835,
            -0.015467237790011492,
            -0.21637417359002004,
            -0.026292259795096067,
            -0.45132332575816114,
            -0.16219177877460542,
            -0.2238550123201909,
            -0.23144131755267247,
            0.16126864653537684,
            0.0,
            0.0,
            0.0,
            1.0000000000000004,
            0.0,
            0.5137790823918187,
            0.16142342058821943,
            0.17671492113141166,
            -0.19279149983953792,
            0.0053249753402829164
        ],
        [
            -0.014066398790324211,
            -0.01729449585204227,
            -0.0015817504640649397,
            -0.026292259795096078,
            0.03803743268522561,
            0.11916608773027702,
            0.04282464174905274,
            0.05910602114836017,
            0.16126864653537692,
            0.3367581076840897,
            0.0,
            0.0,
            0.0,
            0.0,
            1.0000000000000004,
            -0.004128791657800306,
            -0.0012972183865398283,
            -0.0014201027585233395,
            0.005324975340282923,
            0.4697956420986128
        ],
        [
            0.010070151153800881,
            0.10766251064642264,
            -0.0005258499362997299,
            0.011752612245547968,
            0.0007858142509332647,
            0.1125431758538406,
            0.2984512061177531,
            0.008888001231767416,
            0.14717306372163244,
            -0.02064461304236204,
            0.5523771248629418,
            0.5587848934747086,
            -0.13701830441480428,
            0.5137790823918187,
            -0.004128791657800306,
            0.9999999999999999,
            0.6848602514927513,
            0.0,
            0.0,
            0.0
        ],
        [
            0.10766251064642264,
            0.31468226099813873,
            -0.0038599746250405297,
            0.08626945049185705,
            0.005768229411496446,
            0.2984512061177531,
            0.5956360587738576,
            0.010315895817387684,
            0.17081703218623592,
            -0.023961256505467467,
            0.5587848934747086,
            0.8809448549185749,
            -0.04304955989813536,
            0.16142342058821946,
            -0.0012972183865398344,
            0.6848602514927513,
            1.0000000000000002,
            0.0,
            0.0,
            0.0
        ],
        [
            0.0005258499362997305,
            0.003859974625040528,
            0.0009902457523417653,
            0.0006236953580882815,
            4.170210761546706e-05,
            -0.008888001231767412,
            -0.010315895817387679,
            0.04461114212396318,
            -0.016623025403731097,
            0.0023317848957909574,
            0.13701830441480423,
            0.04304955989813534,
            0.4227108269055912,
            0.1767149211314116,
            -0.0014201027585233389,
            0.0,
            0.0,
            1.0000000000000004,
            0.0,
            0.0
        ],
        [
            -0.011752612245547975,
            -0.08626945049185708,
            0.0006236953580882813,
            -0.012921280617809802,
            -0.0009320314918652751,
            -0.14717306372163239,
            -0.1708170321862357,
            -0.016623025403731097,
            -0.22963938324266436,
            0.038611147557766554,
            -0.5137790823918187,
            -0.16142342058821943,
            0.17671492113141166,
            -0.19279149983953792,
            0.005324975340282923,
            0.0,
            0.0,
            0.0,
            1.0000000000000004,
            0.0
        ],
        [
            -0.0007858142509332654,
            -0.005768229411496439,
            4.170210761546704e-05,
            -0.0009320314918652751,
            0.0009558335335213607,
            0.02064461304236204,
            0.023961256505467456,
            0.0023317848957909583,
            0.03861114755776657,
            0.04019887595400831,
            0.004128791657800306,
            0.0012972183865398283,
            -0.0014201027585233378,
            0.0053249753402829164,
            0.4697956420986128,
            0.0,
            0.0,
            0.0,
            0.0,
            1.0000000000000004
        ]
    ],
    "h": [
        [
            -0.2098128901709868,
            -0.4432630879633379,
            0.04761888082081295,
            -0.20890524118039414,
            -0.09499922890334896,
            -0.5176453957674352,
            -0.4323552942634168,
            -0.025515961359524386,
            0.049351471229479915,
            0.03381440080677728,
            -0.2059894548483299,
            -0.2860070755643621,
            0.042328315302820115,
            0.2596660025406604,
            -0.015488865871210383,
            -0.00725882152737032,
            -0.1246116631650872,
            -0.0004871792186929443,
            0.057048586930350975,
            -0.0015272404496302194
        ],
        [
            -0.4432630879633379,
            -0.3104470212347612,
            0.041686853862226064,
            -0.1935283081987596,
            -0.08507681150225081,
            -0.49883355603538404,
            -0.36550963259183333,
            -0.07145852694328861,
            0.0834853188227116,
            0.09802268876724433,
            -0.3045500693069156,
            -0.30176000237879275,
            0.06031305702042317,
            0.15487938782623434,
            -0.03229285637465228,
            -0.1294494895669071,
            -0.1908665632264558,
            -0.015101030164213597,
            0.11261499754522421,
            -0.003813853764215846
        ],
        [
            0.04761888082081295,
            0.041686853862226064,
            1.4863077366695903,
            0.03905125727609559,
            0.019209152527722706,
            0.0096821828042353,
            0.03531145143919699,
            0.20925409414495288,
            0.183661597745867,
            0.0872773863883251,
            0.01237683094087028,
            0.02831896728476311,
            -0.04650519023967642,
            -0.02404760779082925,
            0.003026757922825549,
            0.0006353772135888301,
            0.011967801819156597,
            -0.0036117801873953525,
            -0.0044696790517534946,
            0.0001668721324358212
        ],
        [
            -0.20890524118039414,
            -0.1935283081987596,
            0.03905125727609559,
            1.3185350840361083,
            -0.07837386147044877,
            -0.08502816104643518,
            -0.18263435437654707,
            0.16283071646878705,
            -0.4943837833514206,
            -0.32626886095479,
            -0.19328528113265697,
            -0.14637445345868155,
            0.043358567493917685,
            0.13994387762754612,
            -0.01906643429462112,
            -0.05530994040650687,
            -0.09754610811353213,
            -0.0048036590852558545,
            0.07287460262601998,
            0.0009944088493807589
        ],
        [
            -0.09499922890334896,
            -0.08507681150225081,
            0.019209152527722706,
            -0.07837386147044877,
            1.4598671101457248,
            -0.02770742010242172,
            -0.07523795942850721,
            0.08302634805221004,
            -0.3489516907791838,
            0.09424432576883734,
            -0.04782052173142082,
            -0.059728173328695545,
            0.014075657099243724,
            0.06139579684883724,
            -0.04801040236680319,
            -0.005762026895494283,
            -0.028636489572014583,
            -0.0003224104847522435,
            0.010935172056928762,
            -0.0038520640989540547
        ],
        [
            -0.5176453957674352,
            -0.49883355603538404,
            0.0096821828042353,
            -0.08502816104643518,
            -0.02770742010242172,
            -0.3484474695818467,
            -0.5547665878731534,
            -0.10969860440415054,
            0.022700288112268333,
            0.1343739875715781,
            -0.4707609813197662,
            -0.4727781941688618,
            0.030226732206776186,
            0.0624568152552899,
            -0.0066992686323315565,
            -0.22924852912873306,
            -0.3117578490295659,
            -0.018140207742826996,
            0.2217315636395247,
            -0.017576380758775302
        ],
        [
            -0.4323552942634168,
            -0.36550963259183333,
            0.03531145143919699,
            -0.18263435437654707,
            -0.07523795942850721,
            -0.5547665878731534,
            -0.42462877100113405,
            -0.09838241368725728,
            -0.005026689668257964,
            0.11976379788149528,
            -0.48420812570604765,
            -0.40613623766792006,
            0.08839491772041441,
            0.09054176589175761,
            -0.03714222822833285,
            -0.30745846506946856,
            -0.30728233565298213,
            -0.03714294321037652,
            0.18138102964029085,
            -0.006217283488816935
        ],
        [
            -0.025515961359524386,
            -0.07145852694328861,
            0.20925409414495288,
            0.16283071646878705,
            0.08302634805221004,
            -0.10969860440415054,
            -0.09838241368725728,
            1.3946843969068625,
            -0.02185743167642028,
            0.03589300555264015,
            -0.02807704112831355,
            -0.0807519821110444,
            0.16233591893936344,
            -0.2775417322004795,
            0.07457782465726533,
            -0.04892851087458702,
            -0.06042647882829441,
            -0.05165923577578964,
            0.053433909846510357,
            -0.003030516047936576
        ],
        [
            0.049351471229479915,
            0.0834853188227116,
            0.183661597745867,
            -0.4943837833514206,
            -0.3489516907791838,
            0.022700288112268333,
            -0.005026689668257964,
            -0.02185743167642028,
            1.0465505782474718,
            -0.03193119626161408,
            -0.08002008475088906,
            -0.1101913994540375,
            -0.27037346031104603,
            -0.6484436075198997,
            0.20570435442032103,
            -0.2789801542926642,
            -0.1627496533798641,
            -0.03393260244677492,
            0.1603530514034222,
            -0.01109284792274133
        ],
        [
            0.03381440080677728,
            0.09802268876724433,
            0.0872773863883251,
            -0.32626886095479,
            0.09424432576883734,
            0.1343739875715781,
            0.11976379788149528,
            0.03589300555264015,
            -0.03193119626161408,
            1.3791803463126295,
            0.0343040983573043,
            0.08691624333182038,
            0.06793180334229418,
            0.18380008257679165,
            0.20840115627990446,
            0.043304167107827626,
            0.05395248124207023,
            0.006355622484743113,
            -0.046401682224070206,
            -0.04112260302546249
        ],
        [
            -0.2059894548483299,
            -0.3045500693069156,
            0.01237683094087028,
            -0.19328528113265697,
            -0.04782052173142082,
            -0.4707609813197662,
            -0.48420812570604765,
            -0.02807704112831355,
            -0.08002008475088906,
            0.0343040983573043,
            -0.4124263327770912,
            -0.5844152128983013,
            0.1330639079181261,
            -0.0956948746157741,
            -0.04375399759400359,
            -0.5810999397888779,
            -0.5348165144642609,
            -0.00453317348660337,
            0.07184861391118325,
            -0.00794641544697482
        ],
        [
            -0.2860070755643621,
            -0.30176000237879275,
            0.02831896728476311,
            -0.14637445345868155,
            -0.059728173328695545,
            -0.4727781941688618,
            -0.40613623766792006,
            -0.0807519821110444,
            -0.1101913994540375,
            0.08691624333182038,
            -0.5844152128983013,
            -0.43251806347531563,
            0.11326865078037537,
            -0.03630717441993725,
            -0.038656243978517205,
            -0.4660839346077763,
            -0.36995262700574894,
            -0.04871158931994938,
            0.23119583405516653,
            -0.0082775540738089
        ],
        [
            0.042328315302820115,
            0.06031305702042317,
            -0.04650519023967642,
            0.043358567493917685,
            0.014075657099243724,
            0.030226732206776186,
            0.08839491772041441,
            0.16233591893936344,
            -0.27037346031104603,
            0.06793180334229418,
            0.1330639079181261,
            0.11326865078037537,
            1.3739646450257823,
            0.00392890409995577,
            0.015850603435846183,
            0.023201241995181976,
            0.08742596504039316,
            0.33304419989457545,
            0.22291280231327576,
            0.000853100218878567
        ],
        [
            0.2596660025406604,
            0.15487938782623434,
            -0.02404760779082925,
            0.13994387762754612,
            0.06139579684883724,
            0.0624568152552899,
            0.09054176589175761,
            -0.2775417322004795,
            -0.6484436075198997,
            0.18380008257679165,
            -0.0956948746157741,
            -0.03630717441993725,
            0.00392890409995577,
            0.9431865640063106,
            0.044736532216483854,
            -0.022968076655577097,
            -0.11961389511818141,
            0.2483142730751115,
            -0.5596340409198084,
            0.009186263222856324
        ],
        [
            -0.015488865871210383,
            -0.03229285637465228,
            0.003026757922825549,
            -0.01906643429462112,
            -0.04801040236680319,
            -0.0066992686323315565,
            -0.03714222822833285,
            0.07457782465726533,
            0.20570435442032103,
            0.20840115627990446,
            -0.04375399759400359,
            -0.038656243978517205,
            0.015850603435846183,
            0.044736532216483854,
            1.4029363129089705,
            -0.012081924962608348,
            -0.023232948614192138,
            -0.002836599704064023,
            0.02200295635749691,
            0.3970977457850766
        ],
        [
            -0.00725882152737032,
            -0.1294494895669071,
            0.0006353772135888301,
            -0.05530994040650687,
            -0.005762026895494283,
            -0.22924852912873306,
            -0.30745846506946856,
            -0.04892851087458702,
            -0.2789801542926642,
            0.043304167107827626,
            -0.5810999397888779,
            -0.4660839346077763,
            0.023201241995181976,
            -0.022968076655577097,
            -0.012081924962608348,
            -0.27368664804651854,
            -0.4717282246994343,
            -0.06995821296739038,
            0.28366839903971397,
            -0.00643883893602417
        ],
        [
            -0.1246116631650872,
            -0.1908665632264558,
            0.011967801819156597,
            -0.09754610811353213,
            -0.028636489572014583,
            -0.3117578490295659,
            -0.30728233565298213,
            -0.06042647882829441,
            -0.1627496533798641,
            0.05395248124207023,
            -0.5348165144642609,
            -0.36995262700574894,
            0.08742596504039316,
            -0.11961389511818141,
            -0.023232948614192138,
            -0.4717282246994343,
            -0.31697248978020953,
            -0.05587790209243633,
            0.2409320152600532,
            -0.006879327241139525
        ],
        [
            -0.0004871792186929443,
            -0.015101030164213597,
            -0.0036117801873953525,
            -0.0048036590852558545,
            -0.0003224104847522435,
            -0.018140207742826996,
            -0.03714294321037652,
            -0.05165923577578964,
            -0.03393260244677492,
            0.006355622484743113,
            -0.00453317348660337,
            -0.04871158931994938,
            0.33304419989457545,
            0.2483142730751115,
            -0.002836599704064023,
            -0.06995821296739038,
            -0.05587790209243633,
            1.4619815492723256,
            0.06440522945932314,
            -0.0003626703163284096
        ],
        [
            0.057048586930350975,
            0.11261499754522421,
            -0.0044696790517534946,
            0.07287460262601998,
            0.010935172056928762,
            0.2217315636395247,
            0.18138102964029085,
            0.053433909846510357,
            0.1603530514034222,
            -0.046401682224070206,
            0.07184861391118325,
            0.23119583405516653,
            0.22291280231327576,
            -0.5596340409198084,
            0.02200295635749691,
            0.28366839903971397,
            0.2409320152600532,
            0.06440522945932314,
            1.2113078868507938,
            0.00575606798725521
        ],
        [
            -0.0015272404496302194,
            -0.003813853764215846,
            0.0001668721324358212,
            0.0009944088493807589,
            -0.0038520640989540547,
            -0.017576380758775302,
            -0.006217283488816935,
            -0.003030516047936576,
            -0.01109284792274133,
            -0.04112260302546249,
            -0.00794641544697482,
            -0.0082775540738089,
            0.000853100218878567,
            0.009186263222856324,
            0.3970977457850766,
            -0.00643883893602417,
            -0.006879327241139525,
            -0.0003626703163284096,
            0.00575606798725521,
            1.4790823830019355
        ]
    ]
}