{
    "HF": -2.172165627452355,
    "coordinates": [
        [
            0.68,
            -0.081188,
            0.1917
        ],
        [
            1.363101,
            -0.135117,
            0.034324
        ],
        [
            2.150691,
            0.12676,
            -0.127272
        ],
        [
            2.932744,
            -0.008362,
            -0.114771
        ]
    ],
    "elements": [
        "H",
        "H",
        "H",
        "H"
    ],
    "Enn": 2.960694068256904,
    "S": [
        [
            0.9999999999999999,
            0.6848602514927513,
            0.0,
            0.0,
            0.0,
            0.6006370983781627,
            0.5761591474199395,
            0.12194876587650522,
            -0.5293267329135737,
            0.041788932206651905,
            0.11950896888134338,
            0.305890252206573,
            0.033128898141909995,
            -0.152748116879299,
            -0.021597783224903435,
            0.011217818566284564,
            0.11277826307089718,
            0.0017899512137050729,
            -0.013157205272168727,
            -0.00042534199676082127
        ],
        [
            0.6848602514927513,
            1.0000000000000002,
            0.0,
            0.0,
            0.0,
            0.5761591474199395,
            0.8979181457218411,
            0.03561262300072465,
            -0.15457895984405493,
            0.01220359613795039,
            0.305890252206573,
            0.6048679502892349,
            0.03669240164655689,
            -0.1691784384522041,
            -0.023920944589488142,
            0.11277826307089724,
            0.3239726204929916,
            0.012101431972746553,
            -0.0889527174447598,
            -0.002875635491929875
        ],
        [
            0.0,
            0.0,
            1.0000000000000004,
            0.0,
            0.0,
            -0.12194876587650524,
            -0.03561262300072467,
            0.4925765928312087,
            0.14692394618063948,
            -0.011599253248898342,
            -0.03312889814190999,
            -0.036692401646556884,
            0.03678797335775551,
            0.060886066693234854,
            0.008608970746897069,
            -0.001789951213705075,
            -0.012101431972746551,
            0.0009156357975402116,
            0.002170422882005623,
            7.016474877080639e-05
        ],
        [
            0.0,
            0.0,
            0.0,
            1.0000000000000004,
            0.0,
            0.5293267329135738,
            0.15457895984405493,
            0.14692394618063945,
            -0.11130754688605458,
            0.05034733055596599,
            0.15274811687929893,
            0.16917843845220393,
            0.06088606669323481,
            -0.23073538873874913,
            -0.03969356494214161,
            0.013157205272168735,
            0.08895271744475967,
            0.002170422882005621,
            -0.014742990615181892,
            -0.0005157526056460198
        ],
        [
            0.0,
            0.0,
            0.0,
            0.0,
            1.0000000000000004,
            -0.04178893220665191,
            -0.01220359613795039,
            -0.011599253248898343,
            0.050347330555966005,
            0.5224508307031657,
            0.021597783224903435,
            0.023920944589488142,
            0.008608970746897072,
            -0.039693564942141636,
            0.04438083482402275,
            0.00042534199676082154,
            0.0028756354919298715,
            7.016474877080635e-05,
            -0.0005157526056460201,
            0.0011942344629067014
        ],
        [
            0.6006370983781627,
            0.5761591474199395,
            -0.12194876587650522,
            0.5293267329135738,
            -0.04178893220665191,
            0.9999999999999999,
            0.6848602514927513,
            0.0,
            0.0,
            0.0,
            0.4873907126745415,
            0.5333930593374806,
            0.09613910353120284,
            -0.46856479461211925,
            -0.15579977236714276,
            0.10134767897291246,
            0.2858677166410684,
            0.012669708159681548,
            -0.13338420956361396,
            -0.010771312638119554
        ],
        [
            0.5761591474199395,
            0.8979181457218411,
            -0.03561262300072467,
            0.15457895984405512,
            -0.01220359613795039,
            0.6848602514927513,
            1.0000000000000002,
            0.0,
            0.0,
            0.0,
            0.5333930593374806,
            0.8557731097541107,
            0.03367752342957728,
            -0.16413822543813456,
            -0.054576652907048454,
            0.2858677166410684,
            0.579818904357965,
            0.015952517023735447,
            -0.16794497923261825,
            -0.013562234114783111
        ],
        [
            0.12194876587650524,
            0.03561262300072465,
            0.4925765928312087,
            0.14692394618063953,
            -0.011599253248898348,
            0.0,
            0.0,
            1.0000000000000004,
            0.0,
            0.0,
            -0.09613910353120281,
            -0.03367752342957725,
            0.3684985163387373,
            0.13061316309683585,
            0.043429428144478824,
            -0.012669708159681553,
            -0.015952517023735457,
            0.03661335255093733,
            0.02360757998785818,
            0.0019064072539812962
        ],
        [
            -0.5293267329135737,
            -0.15457895984405493,
            0.1469239461806394,
            -0.11130754688605476,
            0.050347330555966005,
            0.0,
            0.0,
            0.0,
            1.0000000000000004,
            0.0,
            0.46856479461211925,
            0.1641382254381342,
            0.13061316309683585,
            -0.2412877541743059,
            -0.21166726473619446,
            0.133384209563614,
            0.16794497923261809,
            0.02360757998785817,
            -0.2096802294123139,
            -0.020070282714785625
        ],
        [
            0.041788932206651905,
            0.01220359613795039,
            -0.011599253248898336,
            0.05034733055596599,
            0.5224508307031657,
            0.0,
            0.0,
            0.0,
            0.0,
            1.0000000000000004,
            0.15579977236714276,
            0.05457665290704845,
            0.043429428144478824,
            -0.21166726473619446,
            0.3249171814011123,
            0.010771312638119554,
            0.01356223411478311,
            0.0019064072539812951,
            -0.02007028271478562,
            0.037234999290213115
        ],
        [
            0.11950896888134338,
            0.305890252206573,
            -0.033128898141909995,
            0.15274811687929898,
            0.021597783224903435,
            0.4873907126745415,
            0.5333930593374806,
            -0.09613910353120284,
            0.46856479461211925,
            0.15579977236714276,
            0.9999999999999999,
            0.6848602514927513,
            0.0,
            0.0,
            0.0,
            0.5278002466183271,
            0.5494681374108187,
            -0.008226465465714644,
            -0.5146413884376079,
            0.08891900381235861
        ],
        [
            0.305890252206573,
            0.6048679502892349,
            -0.03669240164655688,
            0.16917843845220418,
            0.023920944589488142,
            0.5333930593374806,
            0.8557731097541107,
            -0.03367752342957728,
            0.16413822543813456,
            0.054576652907048454,
            0.6848602514927513,
            1.0000000000000002,
            0.0,
            0.0,
            0.0,
            0.5494681374108187,
            0.871760435321146,
            -0.002689187523750646,
            -0.16823351495974465,
            0.02906714635503044
        ],
        [
            0.03312889814190999,
            0.03669240164655688,
            0.03678797335775551,
            0.06088606669323485,
            0.008608970746897069,
            0.09613910353120281,
            0.03367752342957725,
            0.3684985163387373,
            0.13061316309683585,
            0.043429428144478824,
            0.0,
            0.0,
            1.0000000000000004,
            0.0,
            0.0,
            0.008226465465714644,
            0.0026891875237506457,
            0.4412141502578169,
            -0.011203113981249737,
            0.0019356580274922895
        ],
        [
            -0.1527481168792989,
            -0.16917843845220382,
            0.060886066693234826,
            -0.23073538873874908,
            -0.039693564942141615,
            -0.46856479461211925,
            -0.1641382254381342,
            0.13061316309683585,
            -0.2412877541743059,
            -0.21166726473619446,
            0.0,
            0.0,
            0.0,
            1.0000000000000004,
            0.0,
            0.5146413884376079,
            0.16823351495974462,
            -0.011203113981249712,
            -0.2594650128549921,
            0.12109328592707999
        ],
        [
            -0.021597783224903435,
            -0.023920944589488142,
            0.008608970746897072,
            -0.039693564942141636,
            0.04438083482402275,
            -0.15579977236714276,
            -0.05457665290704845,
            0.043429428144478824,
            -0.21166726473619446,
            0.3249171814011123,
            0.0,
            0.0,
            0.0,
            0.0,
            1.0000000000000004,
            -0.08891900381235857,
            -0.029067146355030396,
            0.0019356580274922843,
            0.12109328592707994,
            0.4204709054225445
        ],
        [
            0.011217818566284564,
            0.11277826307089718,
            -0.0017899512137050729,
            0.013157205272168725,
            0.0004253419967608213,
            0.10134767897291246,
            0.2858677166410684,
            -0.012669708159681548,
            0.13338420956361396,
            0.010771312638119554,
            0.5278002466183271,
            0.5494681374108187,
            0.008226465465714644,
            0.5146413884376079,
            -0.08891900381235861,
            0.9999999999999999,
            0.6848602514927513,
            0.0,
            0.0,
            0.0
        ],
        [
            0.11277826307089724,
            0.3239726204929916,
            -0.012101431972746553,
            0.08895271744475977,
            0.0028756354919298737,
            0.2858677166410684,
            0.579818904357965,
            -0.015952517023735447,
            0.16794497923261809,
            0.01356223411478311,
            0.5494681374108187,
            0.871760435321146,
            0.002689187523750646,
            0.16823351495974465,
            -0.029067146355030445,
            0.6848602514927513,
            1.0000000000000002,
            0.0,
            0.0,
            0.0
        ],
        [
            0.001789951213705075,
            0.012101431972746548,
            0.0009156357975402116,
            0.002170422882005623,
            7.016474877080639e-05,
            0.012669708159681553,
            0.015952517023735457,
            0.03661335255093733,
            0.02360757998785818,
            0.0019064072539812962,
            -0.008226465465714644,
            -0.0026891875237506457,
            0.4412141502578169,
            -0.011203113981249712,
            0.0019356580274922852,
            0.0,
            0.0,
            1.0000000000000004,
            0.0,
            0.0
        ],
        [
            -0.013157205272168734,
            -0.0889527174447596,
            0.002170422882005621,
            -0.014742990615181892,
            -0.0005157526056460198,
            -0.133384209563614,
            -0.16794497923261792,
            0.02360757998785817,
            -0.2096802294123139,
            -0.020070282714785625,
            -0.5146413884376079,
            -0.16823351495974462,
            -0.011203113981249737,
            -0.2594650128549921,
            0.12109328592707999,
            0.0,
            0.0,
            0.0,
            1.0000000000000004,
            0.0
        ],
        [
            -0.0004253419967608216,
            -0.0028756354919298715,
            7.016474877080635e-05,
            -0.0005157526056460201,
            0.0011942344629067014,
            -0.010771312638119554,
            -0.013562234114783106,
            0.0019064072539812951,
            -0.02007028271478562,
            0.037234999290213115,
            0.0889190038123586,
            0.029067146355030406,
            0.0019356580274922887,
            0.12109328592707994,
            0.4204709054225445,
            0.0,
            0.0,
            0.0,
            0.0,
            1.0000000000000004
        ]
    ],
    "h": [
        [
            -0.31117834470493455,
            -0.4859342109316478,
            0.07341066837086652,
            -0.31525192776607014,
            0.020615770585020482,
            -0.6163197817460568,
            -0.483938169510597,
            0.0009380393194298176,
            0.004361418941099315,
            -0.0141250972582386,
            -0.24338229930827765,
            -0.3209500392689466,
            -0.05825665265198496,
            0.29650530403253067,
            0.06236148840277973,
            -0.011793331453566966,
            -0.1379998214400195,
            -0.006489570411519241,
            0.05976509512394665,
            0.0022258678274500654
        ],
        [
            -0.4859342109316478,
            -0.3163112621831088,
            0.05909995246248709,
            -0.25447205062218975,
            0.01404546219630914,
            -0.552661103981855,
            -0.36757156229067856,
            -0.030793695765236266,
            0.12755878939578713,
            -0.04848519473884351,
            -0.32065025051764606,
            -0.3083815817357328,
            -0.04044255289394512,
            0.1623339401401545,
            0.06133918558055588,
            -0.13494008598324608,
            -0.1941732305860851,
            -0.003982883136663836,
            0.11050149699217088,
            -0.008355953364658093
        ],
        [
            0.07341066837086652,
            0.05909995246248709,
            1.455445800471291,
            0.06865896538493022,
            -0.004275909127065748,
            0.014102782207789377,
            0.05652492113868129,
            0.4352567488588346,
            0.22124474889000545,
            -0.012436077918236144,
            0.05108611415779734,
            0.043565496242992524,
            -0.035308137829502595,
            -0.04792029251492984,
            -0.013401355181022806,
            0.010671662071436994,
            0.02461793707379573,
            -0.002815528683708401,
            -0.014147164611934824,
            9.818354323093198e-06
        ],
        [
            -0.31525192776607014,
            -0.25447205062218975,
            0.06865896538493022,
            1.1737165325286003,
            0.018453131151491768,
            -0.06028463191154043,
            -0.24491205140717082,
            0.22163103188511524,
            -0.47895440184986543,
            0.05320148186885029,
            -0.23105222639858675,
            -0.19065658141265246,
            -0.044112881962157235,
            0.162677545798255,
            0.05915898608733186,
            -0.06108911055191769,
            -0.11665131536481192,
            -0.008418020441384056,
            0.07997383830317337,
            0.0002959956590782766
        ],
        [
            0.020615770585020482,
            0.01404546219630914,
            -0.004275909127065748,
            0.018453131151491768,
            1.4690648728221427,
            -0.005922232462958567,
            0.010242279767310606,
            -0.016582693336569823,
            0.07097545650796819,
            0.47856913013842883,
            -0.009635590044294866,
            0.007247886278077376,
            0.0007733934591349426,
            -0.005117445450114083,
            -0.04576972620083679,
            -0.004715876801343329,
            -0.000417442360857093,
            -0.0001945200236680094,
            0.003209047122338201,
            -0.004410753993336213
        ],
        [
            -0.6163197817460568,
            -0.552661103981855,
            0.014102782207789377,
            -0.06028463191154043,
            -0.005922232462958567,
            -0.45285524906674435,
            -0.5984412187503182,
            -0.032036428875105265,
            0.12370518851667399,
            -0.08268204598096149,
            -0.4762049134995765,
            -0.48991113206460135,
            -0.023225431562120535,
            0.07450937925785661,
            0.028563363401186592,
            -0.2106912168938085,
            -0.30630714228238254,
            -0.010216438937480185,
            0.21260073599985418,
            -0.0062695670741018915
        ],
        [
            -0.483938169510597,
            -0.36757156229067856,
            0.05652492113868129,
            -0.24491205140717082,
            0.010242279767310606,
            -0.5984412187503182,
            -0.4278987026225931,
            -0.01658602065768299,
            0.04864365037972514,
            -0.07213020836364933,
            -0.4790035620060553,
            -0.400180363789036,
            -0.04360858829769208,
            0.0995292349790331,
            0.0770694474910587,
            -0.2944664130475076,
            -0.2987994814092899,
            -0.00012537425879852182,
            0.172006806476673,
            -0.02289042084589011
        ],
        [
            0.0009380393194298176,
            -0.030793695765236266,
            0.4352567488588346,
            0.22163103188511524,
            -0.016582693336569823,
            -0.032036428875105265,
            -0.01658602065768299,
            1.3842070318585187,
            0.10866718088085946,
            0.007891402953216272,
            0.0040816490404013694,
            0.010918020447297089,
            0.24770600903953333,
            0.19804127986317666,
            0.057898681709102284,
            0.04205603038590916,
            0.02704804029349721,
            -0.04157317004757309,
            -0.03544744174796023,
            0.0031692834453284106
        ],
        [
            0.004361418941099315,
            0.12755878939578713,
            0.22124474889000545,
            -0.47895440184986543,
            0.07097545650796819,
            0.12370518851667399,
            0.04864365037972514,
            0.10866718088085946,
            0.8967810193896937,
            -0.042352576511867884,
            -0.053950780380442764,
            -0.08621812493087505,
            0.18354922700337567,
            -0.6914180065597266,
            -0.27659244443380754,
            -0.2741338896880997,
            -0.15671217276704322,
            -0.005224652763183138,
            0.18356925461440032,
            -0.017865750165393796
        ],
        [
            -0.0141250972582386,
            -0.04848519473884351,
            -0.012436077918236144,
            0.05320148186885029,
            0.47856913013842883,
            -0.08268204598096149,
            -0.07213020836364933,
            0.007891402953216272,
            -0.042352576511867884,
            1.3852914989322216,
            -0.021154934460990538,
            -0.066430128908638,
            0.05464622130141472,
            -0.27835739896650036,
            0.19761896285684383,
            -0.049815342186416416,
            -0.05444558353028043,
            -0.001218227884789844,
            0.0512700261192255,
            -0.046356268815358634
        ],
        [
            -0.24338229930827765,
            -0.32065025051764606,
            0.05108611415779734,
            -0.23105222639858675,
            -0.009635590044294866,
            -0.4762049134995765,
            -0.4790035620060553,
            0.0040816490404013694,
            -0.053950780380442764,
            -0.021154934460990538,
            -0.39258874503538177,
            -0.5753337558390275,
            -0.0397961850413425,
            -0.07822053311541043,
            0.10224203084462125,
            -0.5591812612374202,
            -0.5215151771694997,
            -0.0024516423952452874,
            0.06929184860661719,
            -0.0025954770942430982
        ],
        [
            -0.3209500392689466,
            -0.3083815817357328,
            0.043565496242992524,
            -0.19065658141265246,
            0.007247886278077376,
            -0.48991113206460135,
            -0.400180363789036,
            0.010918020447297089,
            -0.08621812493087505,
            -0.066430128908638,
            -0.5753337558390275,
            -0.42632249654615606,
            -0.03894591578448541,
            -0.030064427711865488,
            0.09013232133433036,
            -0.45333830164743993,
            -0.3629880445922671,
            0.0004334971236322452,
            0.22031549909890547,
            -0.02997925482654426
        ],
        [
            -0.05825665265198496,
            -0.04044255289394512,
            -0.035308137829502595,
            -0.044112881962157235,
            0.0007733934591349426,
            -0.023225431562120535,
            -0.04360858829769208,
            0.24770600903953333,
            0.18354922700337567,
            0.05464622130141472,
            -0.0397961850413425,
            -0.03894591578448541,
            1.4136862162485189,
            0.042376923813812736,
            0.013921126647709305,
            -0.002722429313464215,
            -0.019661688379511592,
            0.3592746867397102,
            -0.0064601098081284725,
            0.003012134575607841
        ],
        [
            0.29650530403253067,
            0.1623339401401545,
            -0.04792029251492984,
            0.162677545798255,
            -0.005117445450114083,
            0.07450937925785661,
            0.0995292349790331,
            0.19804127986317666,
            -0.6914180065597266,
            -0.27835739896650036,
            -0.07822053311541043,
            -0.030064427711865488,
            0.042376923813812736,
            0.9408416568286586,
            -0.023326954697413187,
            -0.03200120509196258,
            -0.11953946159600265,
            -0.01319918335664819,
            -0.6280091391541223,
            0.1659766114244267
        ],
        [
            0.06236148840277973,
            0.06133918558055588,
            -0.013401355181022806,
            0.05915898608733186,
            -0.04576972620083679,
            0.028563363401186592,
            0.0770694474910587,
            0.057898681709102284,
            -0.27659244443380754,
            0.19761896285684383,
            0.10224203084462125,
            0.09013232133433036,
            0.013921126647709305,
            -0.023326954697413187,
            1.3948840886533678,
            0.01529642694064176,
            0.06274257058940136,
            0.003875595546220416,
            0.14823402018285092,
            0.3310828990389616
        ],
        [
            -0.011793331453566966,
            -0.13494008598324608,
            0.010671662071436994,
            -0.06108911055191769,
            -0.004715876801343329,
            -0.2106912168938085,
            -0.2944664130475076,
            0.04205603038590916,
            -0.2741338896880997,
            -0.049815342186416416,
            -0.5591812612374202,
            -0.45333830164743993,
            -0.002722429313464215,
            -0.03200120509196258,
            0.01529642694064176,
            -0.2487071208360161,
            -0.46008983691990146,
            0.0035467110254669056,
            0.2711144240499458,
            -0.04355697815320516
        ],
        [
            -0.1379998214400195,
            -0.1941732305860851,
            0.02461793707379573,
            -0.11665131536481192,
            -0.000417442360857093,
            -0.30630714228238254,
            -0.2987994814092899,
            0.02704804029349721,
            -0.15671217276704322,
            -0.05444558353028043,
            -0.5215151771694997,
            -0.3629880445922671,
            -0.019661688379511592,
            -0.11953946159600265,
            0.06274257058940136,
            -0.46008983691990146,
            -0.3093670565247342,
            0.002132531862633456,
            0.2340380597422556,
            -0.035465081338865195
        ],
        [
            -0.006489570411519241,
            -0.003982883136663836,
            -0.002815528683708401,
            -0.008418020441384056,
            -0.0001945200236680094,
            -0.010216438937480185,
            -0.00012537425879852182,
            -0.04157317004757309,
            -0.005224652763183138,
            -0.001218227884789844,
            -0.0024516423952452874,
            0.0004334971236322452,
            0.3592746867397102,
            -0.01319918335664819,
            0.003875595546220416,
            0.0035467110254669056,
            0.002132531862633456,
            1.4917718654852907,
            -0.0025523899947363427,
            0.0008475942635560499
        ],
        [
            0.05976509512394665,
            0.11050149699217088,
            -0.014147164611934824,
            0.07997383830317337,
            0.003209047122338201,
            0.21260073599985418,
            0.172006806476673,
            -0.03544744174796023,
            0.18356925461440032,
            0.0512700261192255,
            0.06929184860661719,
            0.22031549909890547,
            -0.0064601098081284725,
            -0.6280091391541223,
            0.14823402018285092,
            0.2711144240499458,
            0.2340380597422556,
            -0.0025523899947363427,
            1.2333182384126682,
            0.040433252407660075
        ],
        [
            0.0022258678274500654,
            -0.008355953364658093,
            9.818354323093198e-06,
            0.0002959956590782766,
            -0.004410753993336213,
            -0.0062695670741018915,
            -0.02289042084589011,
            0.0031692834453284106,
            -0.017865750165393796,
            -0.046356268815358634,
            -0.0025954770942430982,
            -0.02997925482654426,
            0.003012134575607841,
            0.1659766114244267,
            0.3310828990389616,
            -0.04355697815320516,
            -0.035465081338865195,
            0.0008475942635560499,
            0.040433252407660075,
            1.484546541706211
        ]
    ]
}