{
    "HF": -2.1606328001093504,
    "coordinates": [
        [
            0.772423,
            0.100794,
            0.036718
        ],
        [
            1.498924,
            0.032162,
            0.073065
        ],
        [
            2.268114,
            -0.178739,
            0.129223
        ],
        [
            3.041457,
            -0.054554,
            -0.123258
        ]
    ],
    "elements": [
        "H",
        "H",
        "H",
        "H"
    ],
    "Enn": 2.94816102277207,
    "S": [
        [
            0.9999999999999999,
            0.6848602514927513,
            0.0,
            0.0,
            0.0,
            0.5782715911236833,
            0.5682528729190389,
            -0.02684739572265925,
            -0.5366236509177557,
            0.050694430440959344,
            0.11790527070802473,
            0.3042021357739896,
            -0.009450821470364003,
            -0.15280804946576088,
            0.028558634431384913,
            0.011000869771069958,
            0.11183529470845555,
            0.0009122820444476886,
            -0.012939434517935925,
            0.0008858903275545051
        ],
        [
            0.6848602514927513,
            1.0000000000000002,
            0.0,
            0.0,
            0.0,
            0.5682528729190389,
            0.8902188412205836,
            -0.00810455087075088,
            -0.1619931304413404,
            0.01530336851353276,
            0.30420213577398963,
            0.6027805184965688,
            -0.010578340477388886,
            -0.1710386319330442,
            0.03196578832134421,
            0.11183529470845555,
            0.32227227790795493,
            0.006260201287145643,
            -0.08879212861539999,
            0.006079097799391792
        ],
        [
            0.0,
            0.0,
            1.0000000000000004,
            0.0,
            0.0,
            0.02684739572265925,
            0.00810455087075089,
            0.4983774566063953,
            -0.03428367953435445,
            0.0032387532760475425,
            0.009450821470364006,
            0.01057834047738888,
            0.047885950963533104,
            -0.017591559748836385,
            0.003287725520359139,
            -0.0009122820444476885,
            -0.006260201287145639,
            0.001095554174066272,
            0.0011059117491890235,
            -7.571555931423524e-05
        ],
        [
            0.0,
            0.0,
            0.0,
            1.0000000000000004,
            0.0,
            0.5366236509177557,
            0.1619931304413402,
            -0.034283679534354475,
            -0.18516683511813992,
            0.06473594777565732,
            0.15280804946576088,
            0.17103863193304414,
            -0.017591559748836392,
            -0.23545973235253712,
            0.05315843977375799,
            0.012939434517935914,
            0.08879212861539991,
            0.001105911749189023,
            -0.014512273480139498,
            0.0010739184528492794
        ],
        [
            0.0,
            0.0,
            0.0,
            0.0,
            1.0000000000000004,
            -0.05069443044095933,
            -0.015303368513532757,
            0.003238753276047541,
            0.06473594777565723,
            0.49397712038152597,
            -0.028558634431384924,
            -0.0319657883213442,
            0.0032877255203591408,
            0.053158439773758,
            0.03903904949076112,
            -0.0008858903275545052,
            -0.006079097799391788,
            -7.571555931423524e-05,
            0.0010739184528492799,
            0.0011000002309235221
        ],
        [
            0.5782715911236833,
            0.5682528729190389,
            0.02684739572265925,
            0.5366236509177557,
            -0.05069443044095933,
            0.9999999999999999,
            0.6848602514927513,
            0.0,
            0.0,
            0.0,
            0.5232132322516065,
            0.5476919488670525,
            -0.036549484093152645,
            -0.5006142966204653,
            0.13726134735442835,
            0.10814544820061936,
            0.2936055390079581,
            0.018054179399215768,
            -0.1418538200374408,
            0.007974543078408515
        ],
        [
            0.5682528729190389,
            0.8902188412205836,
            0.008104550870750892,
            0.16199313044134023,
            -0.01530336851353276,
            0.6848602514927513,
            1.0000000000000002,
            0.0,
            0.0,
            0.0,
            0.5476919488670525,
            0.8700027711206854,
            -0.012038900809067424,
            -0.1648955111173223,
            0.045212012883883525,
            0.2936055390079581,
            0.5895756472112813,
            0.021614681331871374,
            -0.16982910427660308,
            0.009547219156056897
        ],
        [
            -0.02684739572265925,
            -0.00810455087075088,
            0.4983774566063953,
            -0.034283679534354475,
            0.003238753276047541,
            0.0,
            0.0,
            1.0000000000000004,
            0.0,
            0.0,
            0.03654948409315265,
            0.012038900809067424,
            0.4325457226217224,
            -0.04890799790644343,
            0.013409880090051644,
            -0.01805417939921576,
            -0.02161468133187136,
            0.038623651840109165,
            0.03374264528330614,
            -0.0018968976536561462
        ],
        [
            -0.5366236509177557,
            -0.16199313044134,
            -0.03428367953435445,
            -0.18516683511813975,
            0.06473594777565723,
            0.0,
            0.0,
            0.0,
            1.0000000000000004,
            0.0,
            0.5006142966204654,
            0.1648955111173223,
            -0.04890799790644341,
            -0.23377105237047086,
            0.18367366477557648,
            0.1418538200374408,
            0.16982910427660303,
            0.03374264528330615,
            -0.2222017657032346,
            0.014904148919826896
        ],
        [
            0.050694430440959344,
            0.015303368513532745,
            0.0032387532760475425,
            0.06473594777565732,
            0.49397712038152597,
            0.0,
            0.0,
            0.0,
            0.0,
            1.0000000000000004,
            -0.13726134735442835,
            -0.04521201288388352,
            0.013409880090051639,
            0.18367366477557648,
            0.38575574325589107,
            -0.007974543078408511,
            -0.009547219156056889,
            -0.001896897653656146,
            0.014904148919826892,
            0.04208032289494093
        ],
        [
            0.11790527070802473,
            0.3042021357739896,
            0.009450821470364003,
            0.15280804946576088,
            -0.028558634431384913,
            0.5232132322516065,
            0.5476919488670525,
            0.036549484093152645,
            0.5006142966204653,
            -0.13726134735442835,
            0.9999999999999999,
            0.6848602514927513,
            0.0,
            0.0,
            0.0,
            0.5048984574694984,
            0.5404781473757612,
            0.1570744241508318,
            -0.4811150399280605,
            -0.07725843672660933
        ],
        [
            0.30420213577398963,
            0.6027805184965688,
            0.010578340477388886,
            0.1710386319330442,
            -0.031965788321344196,
            0.5476919488670525,
            0.8700027711206854,
            0.012038900809067447,
            0.1648955111173223,
            -0.045212012883883525,
            0.6848602514927513,
            1.0000000000000002,
            0.0,
            0.0,
            0.0,
            0.5404781473757612,
            0.8628417963876068,
            0.05336500843704192,
            -0.16345568862499468,
            -0.026248048656152538
        ],
        [
            -0.009450821470364006,
            -0.01057834047738888,
            0.047885950963533104,
            -0.017591559748836392,
            0.003287725520359139,
            -0.03654948409315266,
            -0.012038900809067424,
            0.4325457226217224,
            -0.04890799790644341,
            0.013409880090051639,
            0.0,
            0.0,
            1.0000000000000004,
            0.0,
            0.0,
            -0.15707442415083178,
            -0.053365008437041894,
            0.3464502143234167,
            0.210448494329665,
            0.033794249470583515
        ],
        [
            -0.15280804946576093,
            -0.17103863193304414,
            -0.017591559748836385,
            -0.23545973235253703,
            0.05315843977375797,
            -0.5006142966204654,
            -0.1648955111173223,
            -0.04890799790644343,
            -0.23377105237047086,
            0.18367366477557648,
            0.0,
            0.0,
            0.0,
            1.0000000000000004,
            0.0,
            0.4811150399280605,
            0.16345568862499466,
            0.210448494329665,
            -0.2294410518507606,
            -0.10351094248014485
        ],
        [
            0.028558634431384924,
            0.031965788321344196,
            0.0032877255203591408,
            0.05315843977375801,
            0.03903904949076112,
            0.13726134735442835,
            0.045212012883883525,
            0.013409880090051644,
            0.18367366477557648,
            0.38575574325589107,
            0.0,
            0.0,
            0.0,
            0.0,
            1.0000000000000004,
            0.07725843672660931,
            0.026248048656152545,
            0.03379424947058352,
            -0.10351094248014486,
            0.3985354338249204
        ],
        [
            0.011000869771069958,
            0.11183529470845555,
            -0.0009122820444476886,
            0.012939434517935921,
            -0.0008858903275545051,
            0.10814544820061936,
            0.2936055390079581,
            -0.01805417939921577,
            0.1418538200374408,
            -0.007974543078408515,
            0.5048984574694984,
            0.5404781473757612,
            -0.1570744241508318,
            0.4811150399280605,
            0.07725843672660931,
            0.9999999999999999,
            0.6848602514927513,
            0.0,
            0.0,
            0.0
        ],
        [
            0.11183529470845555,
            0.32227227790795493,
            -0.006260201287145643,
            0.08879212861539999,
            -0.006079097799391789,
            0.2936055390079581,
            0.5895756472112813,
            -0.021614681331871374,
            0.16982910427660308,
            -0.009547219156056897,
            0.5404781473757612,
            0.8628417963876068,
            -0.05336500843704192,
            0.16345568862499468,
            0.02624804865615255,
            0.6848602514927513,
            1.0000000000000002,
            0.0,
            0.0,
            0.0
        ],
        [
            0.0009122820444476885,
            0.006260201287145638,
            0.001095554174066272,
            0.0011059117491890235,
            -7.571555931423524e-05,
            0.01805417939921576,
            0.021614681331871357,
            0.038623651840109165,
            0.03374264528330614,
            -0.0018968976536561462,
            0.15707442415083178,
            0.053365008437041894,
            0.3464502143234167,
            0.210448494329665,
            0.033794249470583515,
            0.0,
            0.0,
            1.0000000000000004,
            0.0,
            0.0
        ],
        [
            -0.012939434517935918,
            -0.08879212861539984,
            0.001105911749189023,
            -0.014512273480139498,
            0.0010739184528492794,
            -0.1418538200374408,
            -0.16982910427660303,
            0.03374264528330615,
            -0.2222017657032346,
            0.014904148919826896,
            -0.4811150399280605,
            -0.16345568862499466,
            0.210448494329665,
            -0.2294410518507606,
            -0.10351094248014485,
            0.0,
            0.0,
            0.0,
            1.0000000000000004,
            0.0
        ],
        [
            0.0008858903275545052,
            0.006079097799391788,
            -7.571555931423524e-05,
            0.0010739184528492799,
            0.0011000002309235221,
            0.007974543078408511,
            0.009547219156056889,
            -0.001896897653656146,
            0.014904148919826892,
            0.04208032289494093,
            -0.07725843672660933,
            -0.026248048656152535,
            0.033794249470583515,
            -0.10351094248014485,
            0.3985354338249204,
            0.0,
            0.0,
            0.0,
            0.0,
            1.0000000000000004
        ]
    ],
    "h": [
        [
            -0.2914614488221925,
            -0.477276057317784,
            -0.01697404659249597,
            -0.30666586012168295,
            0.031463940576176186,
            -0.6000167472149844,
            -0.47294820365065116,
            -0.004468296324290334,
            0.011596183166465712,
            0.007554612227033672,
            -0.2475538981924927,
            -0.31721382741949944,
            0.013065552052933489,
            0.3086340199967736,
            -0.06351991813018172,
            -0.008687361395084095,
            -0.13372344249181695,
            -0.006512202296828584,
            0.05953494177494094,
            -0.0029895635293968104
        ],
        [
            -0.477276057317784,
            -0.3142922205843237,
            -0.014159679628425983,
            -0.2534070743251259,
            0.027059896598856617,
            -0.5494945017185907,
            -0.36758335749436144,
            0.0023330510325953804,
            0.12006269250605697,
            0.007556728909976598,
            -0.3280798692420591,
            -0.30957108438414105,
            0.023136604057042494,
            0.18176213267384606,
            -0.05728355988449213,
            -0.1298247701468609,
            -0.1917811596025477,
            -0.024442243585532115,
            0.10656538028513297,
            0.006676020152406416
        ],
        [
            -0.01697404659249597,
            -0.014159679628425983,
            1.4745970104668937,
            -0.01575610423002673,
            0.0016831963075034286,
            -0.005243221091279893,
            -0.01360387350517151,
            0.4419410811689538,
            -0.05010062515112908,
            0.0053861265454306926,
            -0.013111974978847637,
            -0.01033017429317244,
            -0.04538162206023899,
            0.013336437203555093,
            -0.003222590384150458,
            0.00040486190357479383,
            -0.004058917317067302,
            -0.003940757504857196,
            -0.0018624663735211842,
            0.00021949709471853486
        ],
        [
            -0.30666586012168295,
            -0.2534070743251259,
            -0.01575610423002673,
            1.1771278002709682,
            0.030622136285119506,
            -0.06988528700123098,
            -0.24417395761050786,
            -0.05326134237244813,
            -0.5735322828564289,
            0.10742868418304685,
            -0.24294915511190496,
            -0.19442497161523964,
            0.017237674505598148,
            0.18685002054431543,
            -0.05866949298761717,
            -0.06092420535250044,
            -0.11791855522317027,
            -0.010741682143521038,
            0.08025009249258488,
            -0.002129916510607564
        ],
        [
            0.031463940576176186,
            0.027059896598856617,
            0.0016831963075034286,
            0.030622136285119506,
            1.4720850348942562,
            0.011951882719754905,
            0.027428299105682383,
            0.0051917446928515095,
            0.09786038690472607,
            0.4336122824439561,
            0.034653560925939894,
            0.02174920665079435,
            -0.0022416572722148437,
            -0.028175896951163487,
            -0.03894897218927719,
            0.00748101671495484,
            0.013842363920607826,
            0.001259178557443054,
            -0.008225715468007837,
            -0.0039404093101985645
        ],
        [
            -0.6000167472149844,
            -0.5494945017185907,
            -0.005243221091279893,
            -0.06988528700123098,
            0.011951882719754905,
            -0.4605802233693823,
            -0.6059343550256091,
            -0.0014076989544460055,
            0.08331770421879604,
            0.02984144217793855,
            -0.5075716646301082,
            -0.507353251472144,
            0.017738725883866685,
            0.06722941324682574,
            -0.027477979613667936,
            -0.22340521332402763,
            -0.3199392460997503,
            -0.04623103465293003,
            0.21796384602200944,
            0.008074430994506143
        ],
        [
            -0.47294820365065116,
            -0.36758335749436144,
            -0.01360387350517151,
            -0.24417395761050786,
            0.027428299105682383,
            -0.6059343550256091,
            -0.43489182348995215,
            -0.0006995681994663282,
            0.025172113972012466,
            0.029669571344808184,
            -0.4971622980975462,
            -0.4076581399702597,
            0.0476049275049295,
            0.1239480176382125,
            -0.07283449579865035,
            -0.29681988476920645,
            -0.30401961948145795,
            -0.04898530790886018,
            0.1665746129295177,
            0.020772597568108873
        ],
        [
            -0.004468296324290334,
            0.0023330510325953804,
            0.4419410811689538,
            -0.05326134237244813,
            0.0051917446928515095,
            -0.0014076989544460055,
            -0.0006995681994663282,
            1.4002012733837874,
            -0.02646459955686038,
            0.00528183452079226,
            0.006782754309992561,
            -0.002786418861979209,
            0.3343858092408921,
            -0.06653657632200885,
            0.019301175396121528,
            0.006903372072426958,
            -0.004771735636976776,
            -0.04342933339546373,
            -0.001115098806111145,
            0.0001085925063388153
        ],
        [
            0.011596183166465712,
            0.12006269250605697,
            -0.05010062515112908,
            -0.5735322828564289,
            0.09786038690472607,
            0.08331770421879604,
            0.025172113972012466,
            -0.02646459955686038,
            0.8477877980799797,
            0.09143744119250692,
            -0.0498548923562111,
            -0.10789699653399404,
            -0.04427105359183116,
            -0.7190845041497311,
            0.250862966285982,
            -0.2884293125716062,
            -0.17480972195056624,
            -0.05782684647568844,
            0.17451172667915726,
            0.020116233502568498
        ],
        [
            0.007554612227033672,
            0.007556728909976598,
            0.0053861265454306926,
            0.10742868418304685,
            0.4336122824439561,
            0.02984144217793855,
            0.029669571344808184,
            0.00528183452079226,
            0.09143744119250692,
            1.3828217898833863,
            0.008926845649502857,
            0.041688831503452026,
            0.014922981640249806,
            0.264440403834695,
            0.2727983042896563,
            0.045432061686064146,
            0.04366613060298384,
            0.010999920523818721,
            -0.041646907268504244,
            -0.04734998416209639
        ],
        [
            -0.2475538981924927,
            -0.3280798692420591,
            -0.013111974978847637,
            -0.24294915511190496,
            0.034653560925939894,
            -0.5075716646301082,
            -0.4971622980975462,
            0.006782754309992561,
            -0.0498548923562111,
            0.008926845649502857,
            -0.40311022805669117,
            -0.5814328259840931,
            0.08892230059429936,
            -0.022541409260713657,
            -0.09256975696680936,
            -0.5458274544082659,
            -0.519262244154336,
            -0.018912123949274107,
            0.08033553273980565,
            0.00452099962011468
        ],
        [
            -0.31721382741949944,
            -0.30957108438414105,
            -0.01033017429317244,
            -0.19442497161523964,
            0.02174920665079435,
            -0.507353251472144,
            -0.4076581399702597,
            -0.002786418861979209,
            -0.10789699653399404,
            0.041688831503452026,
            -0.5814328259840931,
            -0.4299256656923438,
            0.07456644151161093,
            0.0061186984970406505,
            -0.08130994782647644,
            -0.44457674706718775,
            -0.3641934648259635,
            -0.06135075380749905,
            0.2066134329907205,
            0.026178957535505563
        ],
        [
            0.013065552052933489,
            0.023136604057042494,
            -0.04538162206023899,
            0.017237674505598148,
            -0.0022416572722148437,
            0.017738725883866685,
            0.0476049275049295,
            0.3343858092408921,
            -0.04427105359183116,
            0.014922981640249806,
            0.08892230059429936,
            0.07456644151161093,
            1.3919834882785014,
            0.05373892588991946,
            0.015152515508287018,
            0.017625529823664776,
            0.06687550292727096,
            0.23002473673035717,
            0.2721066743363341,
            0.04541295566544297
        ],
        [
            0.3086340199967736,
            0.18176213267384606,
            0.013336437203555093,
            0.18685002054431543,
            -0.028175896951163487,
            0.06722941324682574,
            0.1239480176382125,
            -0.06653657632200885,
            -0.7190845041497311,
            0.264440403834695,
            -0.022541409260713657,
            0.0061186984970406505,
            0.05373892588991946,
            0.9317634143767632,
            0.03287726968212948,
            -0.036210289354246306,
            -0.09512098171527184,
            0.28599285606255725,
            -0.571602827577957,
            -0.1379668740256603
        ],
        [
            -0.06351991813018172,
            -0.05728355988449213,
            -0.003222590384150458,
            -0.05866949298761717,
            -0.03894897218927719,
            -0.027477979613667936,
            -0.07283449579865035,
            0.019301175396121528,
            0.250862966285982,
            0.2727983042896563,
            -0.09256975696680936,
            -0.08130994782647644,
            0.015152515508287018,
            0.03287726968212948,
            1.3928653187959354,
            -0.013816851336838798,
            -0.054832566800121836,
            0.042443411088318506,
            -0.12207983295070038,
            0.2979232720667983
        ],
        [
            -0.008687361395084095,
            -0.1298247701468609,
            0.00040486190357479383,
            -0.06092420535250044,
            0.00748101671495484,
            -0.22340521332402763,
            -0.29681988476920645,
            0.006903372072426958,
            -0.2884293125716062,
            0.045432061686064146,
            -0.5458274544082659,
            -0.44457674706718775,
            0.017625529823664776,
            -0.036210289354246306,
            -0.013816851336838798,
            -0.23394115066932009,
            -0.45300875295514575,
            -0.07829853283087905,
            0.24509672422129408,
            0.036967958212761026
        ],
        [
            -0.13372344249181695,
            -0.1917811596025477,
            -0.004058917317067302,
            -0.11791855522317027,
            0.013842363920607826,
            -0.3199392460997503,
            -0.30401961948145795,
            -0.004771735636976776,
            -0.17480972195056624,
            0.04366613060298384,
            -0.519262244154336,
            -0.3641934648259635,
            0.06687550292727096,
            -0.09512098171527184,
            -0.054832566800121836,
            -0.45300875295514575,
            -0.3090300094022147,
            -0.06781257985464328,
            0.21762740865156482,
            0.03096829884622409
        ],
        [
            -0.006512202296828584,
            -0.024442243585532115,
            -0.003940757504857196,
            -0.010741682143521038,
            0.001259178557443054,
            -0.04623103465293003,
            -0.04898530790886018,
            -0.04342933339546373,
            -0.05782684647568844,
            0.010999920523818721,
            -0.018912123949274107,
            -0.06135075380749905,
            0.23002473673035717,
            0.28599285606255725,
            0.042443411088318506,
            -0.07829853283087905,
            -0.06781257985464328,
            1.4696804775287537,
            0.07013939747124587,
            0.010834187867856438
        ],
        [
            0.05953494177494094,
            0.10656538028513297,
            -0.0018624663735211842,
            0.08025009249258488,
            -0.008225715468007837,
            0.21796384602200944,
            0.1665746129295177,
            -0.001115098806111145,
            0.17451172667915726,
            -0.041646907268504244,
            0.08033553273980565,
            0.2066134329907205,
            0.2721066743363341,
            -0.571602827577957,
            -0.12207983295070038,
            0.24509672422129408,
            0.21762740865156482,
            0.07013939747124587,
            1.267467465847516,
            -0.032354185211897396
        ],
        [
            -0.0029895635293968104,
            0.006676020152406416,
            0.00021949709471853486,
            -0.002129916510607564,
            -0.0039404093101985645,
            0.008074430994506143,
            0.020772597568108873,
            0.0001085925063388153,
            0.020116233502568498,
            -0.04734998416209639,
            0.00452099962011468,
            0.026178957535505563,
            0.04541295566544297,
            -0.1379668740256603,
            0.2979232720667983,
            0.036967958212761026,
            0.03096829884622409,
            0.010834187867856438,
            -0.032354185211897396,
            1.4867493342289329
        ]
    ]
}