{
    "HF": -2.107655175895248,
    "coordinates": [
        [
            0.744785,
            -0.007476,
            -0.160483
        ],
        [
            1.53988,
            0.028568,
            0.040434
        ],
        [
            2.182971,
            0.195457,
            0.006175
        ],
        [
            2.897897,
            0.008692,
            0.187165
        ]
    ],
    "elements": [
        "H",
        "H",
        "H",
        "H"
    ],
    "Enn": 3.1276221829171647,
    "S": [
        [
            0.9999999999999999,
            0.6848602514927513,
            0.0,
            0.0,
            0.0,
            0.506502419328762,
            0.5411178560100014,
            -0.12549824600328213,
            -0.49663805405206934,
            -0.022514066897984256,
            0.13824739366278616,
            0.32463992687525567,
            -0.020675969983334007,
            -0.1784246214790242,
            -0.025176328868868714,
            0.015727015571283056,
            0.1303759018611241,
            -0.0030684883243431737,
            -0.019004277409918023,
            -0.00014270560805176624
        ],
        [
            0.6848602514927513,
            1.0000000000000002,
            0.0,
            0.0,
            0.0,
            0.5411178560100014,
            0.8634782837522752,
            -0.042519976786398066,
            -0.16826560690723638,
            -0.007627975946728917,
            0.32463992687525567,
            0.6277668644240598,
            -0.020430896063738213,
            -0.17630974022443216,
            -0.024877911836831038,
            0.13037590186112413,
            0.3547849481480264,
            -0.01603840157390348,
            -0.09933172314982547,
            -0.000745894918558057
        ],
        [
            0.0,
            0.0,
            1.0000000000000004,
            0.0,
            0.0,
            0.1254982460032821,
            0.04251997678639807,
            0.3732851753778722,
            -0.17293743640613518,
            -0.007839763748763025,
            0.020675969983334007,
            0.0204308960637382,
            0.05788614563194927,
            -0.03881956367516548,
            -0.005477574190885156,
            0.0030684883243431733,
            0.01603840157390347,
            0.001427922965511423,
            -0.004043651045089586,
            -3.0364305292529334e-05
        ],
        [
            0.0,
            0.0,
            0.0,
            1.0000000000000004,
            0.0,
            0.4966380540520691,
            0.16826560690723621,
            -0.17293743640613507,
            -0.2673849128484835,
            -0.03102453728565892,
            0.1784246214790242,
            0.17630974022443208,
            -0.03881956367516549,
            -0.27261135397790565,
            -0.04726908108397052,
            0.019004277409918016,
            0.09933172314982523,
            -0.0040436510450895845,
            -0.022962995864605325,
            -0.00018805731687513918
        ],
        [
            0.0,
            0.0,
            0.0,
            0.0,
            1.0000000000000004,
            0.022514066897984245,
            0.00762797594672891,
            -0.007839763748763022,
            -0.03102453728565893,
            0.41557926915092713,
            0.025176328868868704,
            0.024877911836831027,
            -0.005477574190885152,
            -0.047269081083970495,
            0.05571475362240555,
            0.00014270560805176627,
            0.0007458949185580569,
            -3.036430529252934e-05,
            -0.00018805731687513932,
            0.0020794109920627903
        ],
        [
            0.506502419328762,
            0.5411178560100014,
            0.12549824600328213,
            0.49663805405206934,
            0.022514066897984256,
            0.9999999999999999,
            0.6848602514927513,
            0.0,
            0.0,
            0.0,
            0.6314637205632346,
            0.5866679319604451,
            0.028274725522970365,
            -0.5307575093053661,
            -0.1377372564232173,
            0.1745828739724276,
            0.3568528318390122,
            -0.024226455082144167,
            -0.22421940729149384,
            0.003281685677959651
        ],
        [
            0.5411178560100014,
            0.8634782837522752,
            0.04251997678639807,
            0.16826560690723621,
            0.007627975946728916,
            0.6848602514927513,
            1.0000000000000002,
            0.0,
            0.0,
            0.0,
            0.5866679319604451,
            0.9080898675076444,
            0.007903479580632655,
            -0.1483597474237029,
            -0.038500942926886446,
            0.3568528318390122,
            0.665970782709278,
            -0.01990320515246484,
            -0.18420709292197868,
            0.0026960635830900865
        ],
        [
            -0.1254982460032821,
            -0.04251997678639808,
            0.3732851753778722,
            -0.17293743640613507,
            -0.007839763748763025,
            0.0,
            0.0,
            1.0000000000000004,
            0.0,
            0.0,
            -0.02827472552297036,
            -0.007903479580632651,
            0.5612594514355134,
            0.032200919204409574,
            0.008356483305013922,
            0.02422645508214416,
            0.019903205152464843,
            0.0837503489614767,
            -0.04589081075557283,
            0.000671660041500044
        ],
        [
            -0.49663805405206934,
            -0.16826560690723638,
            -0.17293743640613518,
            -0.2673849128484835,
            -0.031024537285658942,
            0.0,
            0.0,
            0.0,
            1.0000000000000004,
            0.0,
            0.5307575093053661,
            0.1483597474237029,
            0.032200919204409574,
            -0.041482973956195386,
            -0.15686328279006131,
            0.22421940729149384,
            0.18420709292197868,
            -0.045890810755572796,
            -0.3360174489021312,
            0.006216312535031895
        ],
        [
            -0.022514066897984245,
            -0.007627975946728912,
            -0.007839763748763022,
            -0.031024537285658908,
            0.41557926915092713,
            0.0,
            0.0,
            0.0,
            0.0,
            1.0000000000000004,
            0.13773725642321727,
            0.03850094292688647,
            0.008356483305013918,
            -0.15686328279006123,
            0.5222671702334336,
            -0.0032816856779596497,
            -0.002696063583090086,
            0.000671660041500044,
            0.0062163125350319,
            0.08861777633906451
        ],
        [
            0.13824739366278616,
            0.32463992687525567,
            0.020675969983334007,
            0.1784246214790242,
            0.025176328868868714,
            0.6314637205632346,
            0.5866679319604451,
            -0.028274725522970365,
            0.5307575093053661,
            0.1377372564232173,
            0.9999999999999999,
            0.6848602514927513,
            0.0,
            0.0,
            0.0,
            0.5540328529597269,
            0.559400753894523,
            -0.1266426366775358,
            -0.5002492605631466,
            0.13068352969269004
        ],
        [
            0.32463992687525567,
            0.6277668644240598,
            0.020430896063738224,
            0.17630974022443216,
            0.024877911836831048,
            0.5866679319604451,
            0.9080898675076444,
            -0.007903479580632651,
            0.1483597474237029,
            0.03850094292688647,
            0.6848602514927513,
            1.0000000000000002,
            0.0,
            0.0,
            0.0,
            0.559400753894523,
            0.8815499060008573,
            -0.03968593411580879,
            -0.15676283846443845,
            0.04095222656024659
        ],
        [
            -0.02067596998333401,
            -0.02043089606373821,
            0.05788614563194927,
            -0.038819563675165494,
            -0.005477574190885156,
            0.02827472552297036,
            0.007903479580632655,
            0.5612594514355134,
            0.032200919204409574,
            0.008356483305013922,
            0.0,
            0.0,
            1.0000000000000004,
            0.0,
            0.0,
            0.12664263667753575,
            0.03968593411580877,
            0.4316441210472334,
            -0.15847954534232192,
            0.04140069361844269
        ],
        [
            -0.17842462147902413,
            -0.17630974022443216,
            -0.038819563675165474,
            -0.27261135397790554,
            -0.047269081083970516,
            -0.5307575093053661,
            -0.1483597474237029,
            0.032200919204409574,
            -0.041482973956195386,
            -0.15686328279006131,
            0.0,
            0.0,
            0.0,
            1.0000000000000004,
            0.0,
            0.5002492605631466,
            0.15676283846443842,
            -0.15847954534232195,
            -0.15424312122815584,
            0.16353628535200151
        ],
        [
            -0.025176328868868704,
            -0.024877911836831038,
            -0.005477574190885152,
            -0.047269081083970516,
            0.05571475362240555,
            -0.13773725642321727,
            -0.038500942926886446,
            0.008356483305013918,
            -0.15686328279006123,
            0.5222671702334336,
            0.0,
            0.0,
            0.0,
            0.0,
            1.0000000000000004,
            -0.13068352969269004,
            -0.04095222656024656,
            0.04140069361844271,
            0.16353628535200157,
            0.4290429547415462
        ],
        [
            0.015727015571283056,
            0.1303759018611241,
            0.0030684883243431737,
            0.019004277409918023,
            0.00014270560805176624,
            0.1745828739724276,
            0.3568528318390122,
            0.02422645508214417,
            0.22421940729149384,
            -0.00328168567795965,
            0.5540328529597269,
            0.559400753894523,
            0.1266426366775358,
            0.5002492605631466,
            -0.13068352969269004,
            0.9999999999999999,
            0.6848602514927513,
            0.0,
            0.0,
            0.0
        ],
        [
            0.13037590186112413,
            0.3547849481480264,
            0.01603840157390348,
            0.0993317231498254,
            0.000745894918558057,
            0.3568528318390122,
            0.665970782709278,
            0.019903205152464847,
            0.18420709292197868,
            -0.0026960635830900865,
            0.559400753894523,
            0.8815499060008573,
            0.03968593411580881,
            0.15676283846443845,
            -0.040952226560246614,
            0.6848602514927513,
            1.0000000000000002,
            0.0,
            0.0,
            0.0
        ],
        [
            -0.0030684883243431733,
            -0.01603840157390347,
            0.001427922965511423,
            -0.004043651045089586,
            -3.0364305292529334e-05,
            -0.024226455082144164,
            -0.019903205152464836,
            0.0837503489614767,
            -0.045890810755572796,
            0.000671660041500044,
            -0.12664263667753575,
            -0.03968593411580878,
            0.4316441210472334,
            -0.15847954534232192,
            0.04140069361844269,
            0.0,
            0.0,
            1.0000000000000004,
            0.0,
            0.0
        ],
        [
            -0.019004277409918013,
            -0.0993317231498253,
            -0.0040436510450895845,
            -0.022962995864605325,
            -0.00018805731687513918,
            -0.22421940729149384,
            -0.18420709292197868,
            -0.04589081075557283,
            -0.3360174489021311,
            0.0062163125350319,
            -0.5002492605631466,
            -0.15676283846443842,
            -0.15847954534232195,
            -0.15424312122815584,
            0.16353628535200151,
            0.0,
            0.0,
            0.0,
            1.0000000000000004,
            0.0
        ],
        [
            -0.00014270560805176627,
            -0.0007458949185580569,
            -3.036430529252934e-05,
            -0.00018805731687513932,
            0.0020794109920627903,
            0.0032816856779596497,
            0.0026960635830900843,
            0.000671660041500044,
            0.006216312535031895,
            0.08861777633906451,
            0.13068352969269004,
            0.04095222656024657,
            0.04140069361844271,
            0.16353628535200157,
            0.4290429547415462,
            0.0,
            0.0,
            0.0,
            0.0,
            1.0000000000000004
        ]
    ],
    "h": [
        [
            -0.23593240492527268,
            -0.45361057365364155,
            -0.061751756350793045,
            -0.25495634158173186,
            -0.01463065494064397,
            -0.5492786822886326,
            -0.4395605367652654,
            0.019989985693252443,
            0.037495981318413585,
            -0.010420172941469824,
            -0.2754001134787025,
            -0.3161697537986293,
            0.01638257080245072,
            0.32947898002655307,
            0.054098906151869984,
            -0.01896192089594923,
            -0.14631869157162924,
            0.0124802329836529,
            0.08638895070857545,
            -0.0018219579174558898
        ],
        [
            -0.45361057365364155,
            -0.3103963369159224,
            -0.05373832608345126,
            -0.22823268815284753,
            -0.014139705692415322,
            -0.539463569271774,
            -0.36737868079270797,
            0.05536076938825149,
            0.07942457719874829,
            -0.021883431506352406,
            -0.36974943677472666,
            -0.3192497141549204,
            -0.009916574969498736,
            0.21123878015316983,
            0.062154265963691994,
            -0.1495994402761388,
            -0.207823400868951,
            0.02564517253893714,
            0.13667149560359837,
            -0.018341442984451162
        ],
        [
            -0.061751756350793045,
            -0.05373832608345126,
            1.480530483483484,
            -0.05820897098983059,
            -0.0029829679233316316,
            -0.017157703761093768,
            -0.04929916421457284,
            0.2636695651309952,
            -0.238137831521743,
            -0.013248124932870201,
            -0.04844457449284524,
            -0.042907730147953835,
            -0.04727137482773547,
            0.04888828161410391,
            0.010980484053640202,
            -0.01282179682439389,
            -0.02534659161537444,
            -0.0032305234328015306,
            0.020723337298745106,
            -0.0007437576158688334
        ],
        [
            -0.25495634158173186,
            -0.22823268815284753,
            -0.05820897098983059,
            1.249901263043661,
            -0.014118826361216955,
            -0.10205166128076382,
            -0.22065694186328377,
            -0.2212630683194342,
            -0.6381202844873562,
            -0.058569428246890244,
            -0.26513426610863006,
            -0.18878455879552736,
            -0.006445994467229044,
            0.14877673051718332,
            0.04915858149531077,
            -0.08283523045924068,
            -0.1272039203633015,
            0.019832124528720643,
            0.1140722678963894,
            -0.005181617897672864
        ],
        [
            -0.01463065494064397,
            -0.014139705692415322,
            -0.0029829679233316316,
            -0.014118826361216955,
            1.4937357892510483,
            -0.011487724671821034,
            -0.01525972477791908,
            -0.009072448631628378,
            -0.0452105760769551,
            0.3169944341434691,
            -0.024493435572919636,
            -0.012126275082813998,
            -0.0011002102059921703,
            0.010302605578562399,
            -0.04374782748303625,
            -0.005288450055358926,
            -0.008926083936976963,
            0.0009148153248478314,
            0.0049876873466674475,
            -0.007040303140080467
        ],
        [
            -0.5492786822886326,
            -0.539463569271774,
            -0.017157703761093768,
            -0.10205166128076382,
            -0.011487724671821034,
            -0.4953973071448199,
            -0.6272678356493848,
            0.07096123296697229,
            -0.06572240735894912,
            -0.06181820062782673,
            -0.6244201163835421,
            -0.5669228231134162,
            -0.008198378474713677,
            0.028841388526799072,
            0.03065922738815835,
            -0.3268697001940457,
            -0.39618122697491887,
            0.05265122933278475,
            0.2918152133801724,
            -0.03956788151115467
        ],
        [
            -0.4395605367652654,
            -0.36737868079270797,
            -0.04929916421457284,
            -0.22065694186328377,
            -0.01525972477791908,
            -0.6272678356493848,
            -0.4488133569913255,
            0.0548416254607849,
            -0.059354948183089166,
            -0.04638568218213359,
            -0.574114236260244,
            -0.43181426691610536,
            -0.03606002344107968,
            0.14485109991308465,
            0.09376776193476163,
            -0.350189331753976,
            -0.3347052687749128,
            0.0466526325131683,
            0.2133958468989528,
            -0.0434554301741633
        ],
        [
            0.019989985693252443,
            0.05536076938825149,
            0.2636695651309952,
            -0.2212630683194342,
            -0.009072448631628378,
            0.07096123296697229,
            0.0548416254607849,
            1.3670123184131466,
            -0.05349564452391181,
            0.0008932888094603401,
            0.0021795793922463336,
            0.03144891152632254,
            0.5121572929164376,
            0.014406203763019002,
            0.011150508114157503,
            -0.015007379845975194,
            0.010043614078167926,
            -0.04497560204310738,
            -0.019670076701629763,
            -0.0005910656034152208
        ],
        [
            0.037495981318413585,
            0.07942457719874829,
            -0.238137831521743,
            -0.6381202844873562,
            -0.0452105760769551,
            -0.06572240735894912,
            -0.059354948183089166,
            -0.05349564452391181,
            0.7803941682224984,
            -0.08520952130320009,
            -0.07072290402636727,
            -0.17102151203718638,
            0.008780434965880698,
            -0.5708193581781016,
            -0.20985138441851187,
            -0.3599978102021199,
            -0.22697761154085602,
            0.044128903924343876,
            0.07580085943826875,
            -0.056301877118964436
        ],
        [
            -0.010420172941469824,
            -0.021883431506352406,
            -0.013248124932870201,
            -0.058569428246890244,
            0.3169944341434691,
            -0.06181820062782673,
            -0.04638568218213359,
            0.0008932888094603401,
            -0.08520952130320009,
            1.3644226320166162,
            -0.0018708604257287598,
            -0.04977412066128691,
            0.010007891919236588,
            -0.2409064377562139,
            0.46099884858659956,
            -0.04292012993782282,
            -0.046774767905410186,
            0.010415760952864566,
            0.05181160095949888,
            -0.05229024883061098
        ],
        [
            -0.2754001134787025,
            -0.36974943677472666,
            -0.04844457449284524,
            -0.26513426610863006,
            -0.024493435572919636,
            -0.6244201163835421,
            -0.574114236260244,
            0.0021795793922463336,
            -0.07072290402636727,
            -0.0018708604257287598,
            -0.5315507949419866,
            -0.6376431010772187,
            -0.07926777711684414,
            0.02734065517882041,
            0.13957396912844555,
            -0.6010668551510909,
            -0.5666395580813106,
            0.017625123804002496,
            0.11701573474592042,
            -0.011335078667846415
        ],
        [
            -0.3161697537986293,
            -0.3192497141549204,
            -0.042907730147953835,
            -0.18878455879552736,
            -0.012126275082813998,
            -0.5669228231134162,
            -0.43181426691610536,
            0.03144891152632254,
            -0.17102151203718638,
            -0.04977412066128691,
            -0.6376431010772187,
            -0.44520999853845145,
            -0.05875087164661284,
            0.037853896190228116,
            0.10949910010155955,
            -0.46899786689399825,
            -0.3768272972924518,
            0.053412509267671535,
            0.24687919788762397,
            -0.049991903144684983
        ],
        [
            0.01638257080245072,
            -0.009916574969498736,
            -0.04727137482773547,
            -0.006445994467229044,
            -0.0011002102059921703,
            -0.008198378474713677,
            -0.03606002344107968,
            0.5121572929164376,
            0.008780434965880698,
            0.010007891919236588,
            -0.07926777711684414,
            -0.05875087164661284,
            1.3525384079030427,
            -0.05507534348318517,
            0.019085862276363448,
            -0.01908104661307164,
            -0.058497179807897134,
            0.33782938032277465,
            -0.20730963899474747,
            0.056388195644113695
        ],
        [
            0.32947898002655307,
            0.21123878015316983,
            0.04888828161410391,
            0.14877673051718332,
            0.010302605578562399,
            0.028841388526799072,
            0.14485109991308465,
            0.014406203763019002,
            -0.5708193581781016,
            -0.2409064377562139,
            0.02734065517882041,
            0.037853896190228116,
            -0.05507534348318517,
            0.7771592805851903,
            -0.015462926202759299,
            -0.012364962012562986,
            -0.07691004998581696,
            -0.22878277430635008,
            -0.536200814247612,
            0.23050951953708249
        ],
        [
            0.054098906151869984,
            0.062154265963691994,
            0.010980484053640202,
            0.04915858149531077,
            -0.04374782748303625,
            0.03065922738815835,
            0.09376776193476163,
            0.011150508114157503,
            -0.20985138441851187,
            0.46099884858659956,
            0.13957396912844555,
            0.10949910010155955,
            0.019085862276363448,
            -0.015462926202759299,
            1.3342705472361995,
            0.025523650170809598,
            0.0851970807634104,
            0.05329790822506218,
            0.19599507161551177,
            0.33445565954049494
        ],
        [
            -0.01896192089594923,
            -0.1495994402761388,
            -0.01282179682439389,
            -0.08283523045924068,
            -0.005288450055358926,
            -0.3268697001940457,
            -0.350189331753976,
            -0.015007379845975194,
            -0.3599978102021199,
            -0.04292012993782282,
            -0.6010668551510909,
            -0.46899786689399825,
            -0.01908104661307164,
            -0.012364962012562986,
            0.025523650170809598,
            -0.2850409865211765,
            -0.4761460860348352,
            0.06790190581125714,
            0.2855034300712549,
            -0.06884187227463873
        ],
        [
            -0.14631869157162924,
            -0.207823400868951,
            -0.02534659161537444,
            -0.1272039203633015,
            -0.008926083936976963,
            -0.39618122697491887,
            -0.3347052687749128,
            0.010043614078167926,
            -0.22697761154085602,
            -0.046774767905410186,
            -0.5666395580813106,
            -0.3768272972924518,
            -0.058497179807897134,
            -0.07691004998581696,
            0.0851970807634104,
            -0.4761460860348352,
            -0.32212577641036444,
            0.05652002366025375,
            0.24695752237536517,
            -0.05566817984302088
        ],
        [
            0.0124802329836529,
            0.02564517253893714,
            -0.0032305234328015306,
            0.019832124528720643,
            0.0009148153248478314,
            0.05265122933278475,
            0.0466526325131683,
            -0.04497560204310738,
            0.044128903924343876,
            0.010415760952864566,
            0.017625123804002496,
            0.053412509267671535,
            0.33782938032277465,
            -0.22878277430635008,
            0.05329790822506218,
            0.06790190581125714,
            0.05652002366025375,
            1.4522255134158781,
            -0.0634031538110361,
            0.015595010373651512
        ],
        [
            0.08638895070857545,
            0.13667149560359837,
            0.020723337298745106,
            0.1140722678963894,
            0.0049876873466674475,
            0.2918152133801724,
            0.2133958468989528,
            -0.019670076701629763,
            0.07580085943826875,
            0.05181160095949888,
            0.11701573474592042,
            0.24687919788762397,
            -0.20730963899474747,
            -0.536200814247612,
            0.19599507161551177,
            0.2855034300712549,
            0.24695752237536517,
            -0.0634031538110361,
            1.19360076603567,
            0.061988187197707864
        ],
        [
            -0.0018219579174558898,
            -0.018341442984451162,
            -0.0007437576158688334,
            -0.005181617897672864,
            -0.007040303140080467,
            -0.03956788151115467,
            -0.0434554301741633,
            -0.0005910656034152208,
            -0.056301877118964436,
            -0.05229024883061098,
            -0.011335078667846415,
            -0.049991903144684983,
            0.056388195644113695,
            0.23050951953708249,
            0.33445565954049494,
            -0.06884187227463873,
            -0.05566817984302088,
            0.015595010373651512,
            0.061988187197707864,
            1.4515311656380023
        ]
    ]
}