{
    "HF": -2.178349558166204,
    "coordinates": [
        [
            0.780941,
            -0.13409,
            0.097264
        ],
        [
            1.595937,
            -0.170193,
            -0.199956
        ],
        [
            2.413095,
            0.11537,
            -0.076364
        ],
        [
            3.204691,
            0.018224,
            -0.065721
        ]
    ],
    "elements": [
        "H",
        "H",
        "H",
        "H"
    ],
    "Enn": 2.739861666009144,
    "S": [
        [
            0.9999999999999999,
            0.6848602514927513,
            0.0,
            0.0,
            0.0,
            0.47008207213732955,
            0.5261974608614534,
            0.16891403529302168,
            -0.4631729463282132,
            0.020517809757701268,
            0.08178645277283297,
            0.2616247339314264,
            0.011369998094290203,
            -0.10688130871511588,
            -0.016335842862911707,
            0.006127111625282511,
            0.08689960550859503,
            0.0004535755006498909,
            -0.006745121451054837,
            -0.0004238788772340245
        ],
        [
            0.6848602514927513,
            1.0000000000000002,
            0.0,
            0.0,
            0.0,
            0.5261974608614534,
            0.8485575127997514,
            0.06105057017445482,
            -0.16740451682221924,
            0.007415748385062731,
            0.2616247339314264,
            0.5485815782246682,
            0.016896463894399517,
            -0.15883170416695336,
            -0.024275991678167703,
            0.08689960550859505,
            0.2751261222195799,
            0.004864525397942219,
            -0.07234035913281867,
            -0.004546033815763235
        ],
        [
            0.0,
            0.0,
            1.0000000000000004,
            0.0,
            0.0,
            -0.1689140352930217,
            -0.06105057017445482,
            0.2896482540537349,
            0.23636123338354184,
            -0.010470419006775518,
            -0.011369998094290203,
            -0.016896463894399503,
            0.025747785653908967,
            0.02055167360865007,
            0.003141137722551821,
            -0.0004535755006498909,
            -0.0048645253979422215,
            0.0004257229615566657,
            0.0004689521950506887,
            2.947002976253764e-05
        ],
        [
            0.0,
            0.0,
            0.0,
            1.0000000000000004,
            0.0,
            0.4631729463282132,
            0.16740451682221916,
            0.23636123338354187,
            -0.2722708468568826,
            0.02871054979088224,
            0.10688130871511584,
            0.15883170416695305,
            0.020551673608650064,
            -0.1652576790593559,
            -0.02952761362461034,
            0.006745121451054839,
            0.0723403591328187,
            0.00046895219505068873,
            -0.006516530641010523,
            -0.00043824882435163114
        ],
        [
            0.0,
            0.0,
            0.0,
            0.0,
            1.0000000000000004,
            -0.020517809757701268,
            -0.007415748385062727,
            -0.010470419006775514,
            0.028710549790882223,
            0.37457474302687843,
            0.016335842862911704,
            0.024275991678167685,
            0.00314113772255182,
            -0.02952761362461034,
            0.023421036762889733,
            0.00042387887723402444,
            0.004546033815763239,
            2.947002976253763e-05,
            -0.0004382488243516309,
            0.00042971707896895755
        ],
        [
            0.47008207213732955,
            0.5261974608614534,
            -0.16891403529302168,
            0.4631729463282132,
            -0.020517809757701268,
            0.9999999999999999,
            0.6848602514927513,
            0.0,
            0.0,
            0.0,
            0.4654366379314803,
            0.524232640216283,
            -0.06936148271793706,
            -0.45859999429432347,
            -0.1602617733298455,
            0.09007772712050506,
            0.2722953996440254,
            -0.009884121731284508,
            -0.1184573350593428,
            -0.013873703313170437
        ],
        [
            0.5261974608614534,
            0.8485575127997514,
            -0.06105057017445482,
            0.16740451682221924,
            -0.007415748385062731,
            0.6848602514927513,
            1.0000000000000002,
            0.0,
            0.0,
            0.0,
            0.524232640216283,
            0.8465807205716546,
            -0.025285255341864155,
            -0.16717949935794435,
            -0.05842233616406206,
            0.27229539964402555,
            0.5624602182821825,
            -0.013634040673727676,
            -0.16339864767029552,
            -0.019137222346047977
        ],
        [
            0.1689140352930217,
            0.06105057017445483,
            0.2896482540537349,
            0.23636123338354195,
            -0.010470419006775518,
            0.0,
            0.0,
            1.0000000000000004,
            0.0,
            0.0,
            0.06936148271793705,
            0.02528525534186415,
            0.3559600985857398,
            -0.097185885582237,
            -0.03396245651944953,
            0.009884121731284511,
            0.013634040673727676,
            0.030901956818573724,
            -0.01817525685472543,
            -0.0021286830496128066
        ],
        [
            -0.4631729463282132,
            -0.16740451682221916,
            0.23636123338354173,
            -0.2722708468568826,
            0.028710549790882223,
            0.0,
            0.0,
            0.0,
            1.0000000000000004,
            0.0,
            0.45859999429432347,
            0.16717949935794432,
            -0.097185885582237,
            -0.2719085839551027,
            -0.2245508855307815,
            0.1184573350593428,
            0.16339864767029535,
            -0.018175256854725413,
            -0.1854048417045152,
            -0.025511434207150144
        ],
        [
            0.020517809757701268,
            0.007415748385062727,
            -0.010470419006775514,
            0.02871054979088224,
            0.37457474302687843,
            0.0,
            0.0,
            0.0,
            0.0,
            1.0000000000000004,
            0.16026177332984545,
            0.05842233616406203,
            -0.03396245651944953,
            -0.2245508855307815,
            0.2921878213101742,
            0.013873703313170437,
            0.01913722234604796,
            -0.0021286830496128058,
            -0.025511434207150154,
            0.029430611730937858
        ],
        [
            0.08178645277283297,
            0.2616247339314264,
            -0.011369998094290203,
            0.10688130871511584,
            0.016335842862911707,
            0.4654366379314803,
            0.524232640216283,
            0.06936148271793707,
            0.45859999429432347,
            0.1602617733298455,
            0.9999999999999999,
            0.6848602514927513,
            0.0,
            0.0,
            0.0,
            0.5247485065693961,
            0.5482877775778857,
            -0.006952557520955693,
            -0.5171114087530243,
            0.06346078670776671
        ],
        [
            0.2616247339314264,
            0.5485815782246682,
            -0.016896463894399517,
            0.1588317041669532,
            0.024275991678167703,
            0.524232640216283,
            0.8465807205716546,
            0.025285255341864155,
            0.16717949935794435,
            0.05842233616406206,
            0.6848602514927513,
            1.0000000000000002,
            0.0,
            0.0,
            0.0,
            0.5482877775778857,
            0.8705926271926986,
            -0.002284248607527714,
            -0.16989589972042773,
            0.020849912170148234
        ],
        [
            0.011369998094290203,
            0.016896463894399503,
            0.025747785653908967,
            0.020551673608650064,
            0.003141137722551821,
            -0.06936148271793705,
            -0.02528525534186415,
            0.3559600985857398,
            -0.097185885582237,
            -0.03396245651944953,
            0.0,
            0.0,
            1.0000000000000004,
            0.0,
            0.0,
            0.006952557520955693,
            0.002284248607527714,
            0.4377526400073668,
            -0.009577591430103193,
            0.0011753782195321923
        ],
        [
            -0.10688130871511584,
            -0.15883170416695297,
            0.02055167360865007,
            -0.1652576790593559,
            -0.02952761362461035,
            -0.45859999429432347,
            -0.16717949935794432,
            -0.097185885582237,
            -0.2719085839551027,
            -0.2245508855307815,
            0.0,
            0.0,
            0.0,
            1.0000000000000004,
            0.0,
            0.5171114087530243,
            0.16989589972042773,
            -0.009577591430103167,
            -0.27447253710658404,
            0.08742128131812489
        ],
        [
            -0.016335842862911704,
            -0.024275991678167685,
            0.00314113772255182,
            -0.029527613624610333,
            0.023421036762889733,
            -0.16026177332984545,
            -0.05842233616406203,
            -0.03396245651944953,
            -0.2245508855307815,
            0.2921878213101742,
            0.0,
            0.0,
            0.0,
            0.0,
            1.0000000000000004,
            -0.06346078670776673,
            -0.020849912170148244,
            0.0011753782195321894,
            0.08742128131812492,
            0.42715292311978786
        ],
        [
            0.006127111625282511,
            0.08689960550859503,
            -0.0004535755006498909,
            0.006745121451054837,
            0.00042387887723402455,
            0.09007772712050506,
            0.2722953996440254,
            0.009884121731284511,
            0.1184573350593428,
            0.013873703313170437,
            0.5247485065693961,
            0.5482877775778857,
            0.006952557520955693,
            0.5171114087530243,
            -0.06346078670776673,
            0.9999999999999999,
            0.6848602514927513,
            0.0,
            0.0,
            0.0
        ],
        [
            0.08689960550859505,
            0.2751261222195799,
            -0.004864525397942219,
            0.07234035913281867,
            0.0045460338157632335,
            0.27229539964402555,
            0.5624602182821825,
            0.013634040673727676,
            0.16339864767029535,
            0.01913722234604798,
            0.5482877775778857,
            0.8705926271926986,
            0.002284248607527714,
            0.16989589972042773,
            -0.020849912170148224,
            0.6848602514927513,
            1.0000000000000002,
            0.0,
            0.0,
            0.0
        ],
        [
            0.0004535755006498909,
            0.0048645253979422215,
            0.0004257229615566657,
            0.0004689521950506887,
            2.947002976253764e-05,
            -0.009884121731284508,
            -0.013634040673727687,
            0.030901956818573724,
            -0.018175256854725416,
            -0.002128683049612806,
            -0.006952557520955693,
            -0.002284248607527714,
            0.4377526400073668,
            -0.009577591430103165,
            0.001175378219532189,
            0.0,
            0.0,
            1.0000000000000004,
            0.0,
            0.0
        ],
        [
            -0.006745121451054841,
            -0.0723403591328187,
            0.00046895219505068873,
            -0.006516530641010523,
            -0.00043824882435163114,
            -0.1184573350593428,
            -0.16339864767029552,
            -0.018175256854725427,
            -0.1854048417045152,
            -0.025511434207150154,
            -0.5171114087530243,
            -0.16989589972042773,
            -0.009577591430103194,
            -0.27447253710658404,
            0.0874212813181249,
            0.0,
            0.0,
            0.0,
            1.0000000000000004,
            0.0
        ],
        [
            -0.00042387887723402444,
            -0.004546033815763239,
            2.947002976253763e-05,
            -0.0004382488243516309,
            0.00042971707896895755,
            -0.013873703313170437,
            -0.01913722234604797,
            -0.002128683049612806,
            -0.025511434207150144,
            0.029430611730937858,
            0.06346078670776671,
            0.02084991217014824,
            0.0011753782195321925,
            0.0874212813181249,
            0.42715292311978786,
            0.0,
            0.0,
            0.0,
            0.0,
            1.0000000000000004
        ]
    ],
    "h": [
        [
            -0.20949138697450942,
            -0.4416907461931687,
            0.0786853505064811,
            -0.22116047676787465,
            0.007281727849592142,
            -0.5176376583800366,
            -0.43152462934221514,
            -0.023773079085930404,
            0.05017964375346562,
            -0.00992759920898921,
            -0.18238471955001523,
            -0.27079170843424705,
            0.0032976679358709786,
            0.24492763013365446,
            0.052592593602295554,
            0.004373008385452716,
            -0.10423167505125679,
            0.0004040655919945698,
            0.039134078573345416,
            0.0036285162180967386
        ],
        [
            -0.4416907461931687,
            -0.304641989837785,
            0.0702266137919673,
            -0.20171287679051733,
            0.005425459825373106,
            -0.495556683460997,
            -0.3587499614331989,
            -0.07452215240200964,
            0.1016911599616884,
            -0.03478341347239474,
            -0.28049822127075075,
            -0.2867861485747246,
            0.01672415081352472,
            0.15272718332285945,
            0.05588435927744047,
            -0.10625856002305147,
            -0.16957837509881157,
            0.0016580376080589836,
            0.0967417638707368,
            -0.002176709009155271
        ],
        [
            0.0786853505064811,
            0.0702266137919673,
            1.4705902177580172,
            0.06942281442845061,
            -0.0027939069053043337,
            0.02156258933352795,
            0.06240882035125625,
            0.15753725401566526,
            0.30631219086529976,
            -0.011009969458801557,
            0.03847328459025634,
            0.047826000147128664,
            -0.039326647115420485,
            -0.05278460035988718,
            -0.01326519209799025,
            0.0034495224772156854,
            0.021102093921613677,
            -0.0016729796961062696,
            -0.006865780807087532,
            -0.0004079357654892212
        ],
        [
            -0.22116047676787465,
            -0.20171287679051733,
            0.06942281442845061,
            1.297124778119298,
            0.0060854188364979096,
            -0.07810224830456869,
            -0.18789030847276494,
            0.2929911128213255,
            -0.5847024526904289,
            0.023428348167199013,
            -0.1831365808387423,
            -0.14716464864868728,
            0.0023402275184061447,
            0.1852851030532729,
            0.0541054343198088,
            -0.03795038920883168,
            -0.08819465756322811,
            -0.000865605487651468,
            0.04956356627557398,
            0.002063614743274683
        ],
        [
            0.007281727849592142,
            0.005425459825373106,
            -0.0027939069053043337,
            0.0060854188364979096,
            1.4949095038527938,
            -0.002714520879754087,
            0.0028311054183489765,
            -0.01477148201810537,
            0.03527886786874079,
            0.26355314773511695,
            -0.013209854083878758,
            0.0017391995267970542,
            -0.0008372957679587184,
            0.012439676889266206,
            -0.034909719365419256,
            -0.004008532908373086,
            -0.0024934807720474253,
            -0.00010749464920460901,
            0.003179094047161675,
            -0.0016215262343660267
        ],
        [
            -0.5176376583800366,
            -0.495556683460997,
            0.02156258933352795,
            -0.07810224830456869,
            -0.002714520879754087,
            -0.34816339081206604,
            -0.554363141199057,
            -0.10049583080615511,
            0.04337118641455946,
            -0.06770644259227823,
            -0.4519344469132872,
            -0.46012341165824144,
            0.002087563630549974,
            0.057449384785486224,
            0.02682344177689011,
            -0.20070124755886243,
            -0.28880826238078566,
            0.010560205581657696,
            0.2043023354289512,
            0.002974046145030086
        ],
        [
            -0.43152462934221514,
            -0.3587499614331989,
            0.06240882035125625,
            -0.18789030847276494,
            0.0028311054183489765,
            -0.554363141199057,
            -0.42268921557772754,
            -0.08851304926729692,
            0.012544059645405226,
            -0.06324968461540997,
            -0.46742184173446044,
            -0.3952744992992385,
            0.019547449734891066,
            0.08771554955785593,
            0.07212614462370742,
            -0.28719303718580197,
            -0.292830399807386,
            0.00459988233430372,
            0.17050650944022186,
            -0.014099577800146486
        ],
        [
            -0.023773079085930404,
            -0.07452215240200964,
            0.15753725401566526,
            0.2929911128213255,
            -0.01477148201810537,
            -0.10049583080615511,
            -0.08851304926729692,
            1.4021837792968113,
            0.04330255581812706,
            -0.012112654181726794,
            -0.02055966778649848,
            -0.05766073189547927,
            0.23403756183273228,
            -0.1059869333183874,
            -0.03796713648304055,
            -0.02127213081766035,
            -0.031026370213208754,
            -0.0390660879809512,
            0.028304125050027218,
            -0.00010293952912492684
        ],
        [
            0.05017964375346562,
            0.1016911599616884,
            0.30631219086529976,
            -0.5847024526904289,
            0.03527886786874079,
            0.04337118641455946,
            0.012544059645405226,
            0.04330255581812706,
            1.029765017289576,
            -0.05609914256821063,
            -0.07069767841334773,
            -0.10289913107804377,
            -0.12280312461712342,
            -0.6814750811371723,
            -0.2857140281480893,
            -0.2605309399244172,
            -0.1585147314802983,
            0.011389930889124975,
            0.19760874606362772,
            -0.0035366872038141775
        ],
        [
            -0.00992759920898921,
            -0.03478341347239474,
            -0.011009969458801557,
            0.023428348167199013,
            0.26355314773511695,
            -0.06770644259227823,
            -0.06324968461540997,
            -0.012112654181726794,
            -0.05609914256821063,
            1.409225703654679,
            -0.023347407641982898,
            -0.0622894262145027,
            -0.042913546251184764,
            -0.29283331715005184,
            0.15577157216502957,
            -0.05414555752856362,
            -0.05420081634999717,
            0.0024265063133093374,
            0.0559829191942422,
            -0.041821764046971965
        ],
        [
            -0.18238471955001523,
            -0.28049822127075075,
            0.03847328459025634,
            -0.1831365808387423,
            -0.013209854083878758,
            -0.4519344469132872,
            -0.46742184173446044,
            -0.02055966778649848,
            -0.07069767841334773,
            -0.023347407641982898,
            -0.38748363799789587,
            -0.5722265613994717,
            0.023346276434244508,
            -0.09075125522250733,
            0.08984453554584144,
            -0.5580350553947828,
            -0.5189104973108052,
            0.004493069302428217,
            0.07127084353129653,
            -0.00036267821133761924
        ],
        [
            -0.27079170843424705,
            -0.2867861485747246,
            0.047826000147128664,
            -0.14716464864868728,
            0.0017391995267970542,
            -0.46012341165824144,
            -0.3952744992992385,
            -0.05766073189547927,
            -0.10289913107804377,
            -0.0622894262145027,
            -0.5722265613994717,
            -0.4264263963947268,
            0.02046365008854693,
            -0.041007117310323554,
            0.08117084038178787,
            -0.45365655067558197,
            -0.3628572510965369,
            0.006052969272647828,
            0.22048262594849521,
            -0.01972685701800572
        ],
        [
            0.0032976679358709786,
            0.01672415081352472,
            -0.039326647115420485,
            0.0023402275184061447,
            -0.0008372957679587184,
            0.002087563630549974,
            0.019547449734891066,
            0.23403756183273228,
            -0.12280312461712342,
            -0.042913546251184764,
            0.023346276434244508,
            0.02046365008854693,
            1.418219895502346,
            -0.02760680540570369,
            -0.008609493341707812,
            0.006366892009161985,
            0.011256635577200406,
            0.3521581925782833,
            -0.020331122133710598,
            0.0014962552611887036
        ],
        [
            0.24492763013365446,
            0.15272718332285945,
            -0.05278460035988718,
            0.1852851030532729,
            0.012439676889266206,
            0.057449384785486224,
            0.08771554955785593,
            -0.1059869333183874,
            -0.6814750811371723,
            -0.29283331715005184,
            -0.09075125522250733,
            -0.041007117310323554,
            -0.02760680540570369,
            0.9637386236432486,
            -0.03420566538557537,
            -0.03288090497149676,
            -0.1244777894805561,
            -0.013644059921368436,
            -0.6418254924747309,
            0.11807660993183686
        ],
        [
            0.052592593602295554,
            0.05588435927744047,
            -0.01326519209799025,
            0.0541054343198088,
            -0.034909719365419256,
            0.02682344177689011,
            0.07212614462370742,
            -0.03796713648304055,
            -0.2857140281480893,
            0.15577157216502957,
            0.08984453554584144,
            0.08117084038178787,
            -0.008609493341707812,
            -0.03420566538557537,
            1.3969182966377094,
            0.013963900880235913,
            0.053228397723252246,
            0.00043155739320582115,
            0.10224157229602426,
            0.33716784467818506
        ],
        [
            0.004373008385452716,
            -0.10625856002305147,
            0.0034495224772156854,
            -0.03795038920883168,
            -0.004008532908373086,
            -0.20070124755886243,
            -0.28719303718580197,
            -0.02127213081766035,
            -0.2605309399244172,
            -0.05414555752856362,
            -0.5580350553947828,
            -0.45365655067558197,
            0.006366892009161985,
            -0.03288090497149676,
            0.013963900880235913,
            -0.2492412510174704,
            -0.45995915754084327,
            0.005715432270656159,
            0.26915077420765937,
            -0.03012095407707544
        ],
        [
            -0.10423167505125679,
            -0.16957837509881157,
            0.021102093921613677,
            -0.08819465756322811,
            -0.0024934807720474253,
            -0.28880826238078566,
            -0.292830399807386,
            -0.031026370213208754,
            -0.1585147314802983,
            -0.05420081634999717,
            -0.5189104973108052,
            -0.3628572510965369,
            0.011256635577200406,
            -0.1244777894805561,
            0.053228397723252246,
            -0.45995915754084327,
            -0.3100446624113129,
            0.005560418584370986,
            0.2330355597295631,
            -0.024148525871069745
        ],
        [
            0.0004040655919945698,
            0.0016580376080589836,
            -0.0016729796961062696,
            -0.000865605487651468,
            -0.00010749464920460901,
            0.010560205581657696,
            0.00459988233430372,
            -0.0390660879809512,
            0.011389930889124975,
            0.0024265063133093374,
            0.004493069302428217,
            0.006052969272647828,
            0.3521581925782833,
            -0.013644059921368436,
            0.00043155739320582115,
            0.005715432270656159,
            0.005560418584370986,
            1.4835821222402759,
            -0.005107209545213232,
            0.00021777236745699845
        ],
        [
            0.039134078573345416,
            0.0967417638707368,
            -0.006865780807087532,
            0.04956356627557398,
            0.003179094047161675,
            0.2043023354289512,
            0.17050650944022186,
            0.028304125050027218,
            0.19760874606362772,
            0.0559829191942422,
            0.07127084353129653,
            0.22048262594849521,
            -0.020331122133710598,
            -0.6418254924747309,
            0.10224157229602426,
            0.26915077420765937,
            0.2330355597295631,
            -0.005107209545213232,
            1.2247150552049224,
            0.02805580199723709
        ],
        [
            0.0036285162180967386,
            -0.002176709009155271,
            -0.0004079357654892212,
            0.002063614743274683,
            -0.0016215262343660267,
            0.002974046145030086,
            -0.014099577800146486,
            -0.00010293952912492684,
            -0.0035366872038141775,
            -0.041821764046971965,
            -0.00036267821133761924,
            -0.01972685701800572,
            0.0014962552611887036,
            0.11807660993183686,
            0.33716784467818506,
            -0.03012095407707544,
            -0.024148525871069745,
            0.00021777236745699845,
            0.02805580199723709,
            1.479868613777663
        ]
    ]
}