{
    "HF": -2.128090662080361,
    "coordinates": [
        [
            0.681756,
            0.059365,
            0.108387
        ],
        [
            1.419753,
            0.098021,
            -0.070466
        ],
        [
            2.102339,
            -0.049601,
            0.056782
        ],
        [
            2.918187,
            0.182632,
            0.013467
        ]
    ],
    "elements": [
        "H",
        "H",
        "H",
        "H"
    ],
    "Enn": 3.0237228507742553,
    "S": [
        [
            0.9999999999999999,
            0.6848602514927513,
            0.0,
            0.0,
            0.0,
            0.5543673780539017,
            0.5595250060359398,
            0.1252429142451933,
            -0.5167869422610183,
            -0.027069101961175894,
            0.1512445901341496,
            0.336720048658966,
            0.007145800227378744,
            -0.1967096662030885,
            0.015088640007296816,
            0.012647387465721137,
            0.11874263823488536,
            0.0006419764152595035,
            -0.015125747538508502,
            -0.0008336968687293847
        ],
        [
            0.6848602514927513,
            1.0000000000000002,
            0.0,
            0.0,
            0.0,
            0.5595250060359398,
            0.8816719465812681,
            0.039226649611908526,
            -0.1618600176325792,
            -0.008478165685775115,
            0.336720048658966,
            0.6422550734470077,
            0.00657844852167864,
            -0.18109160229186744,
            0.013890654425215278,
            0.11874263823488536,
            0.3346061696407167,
            0.00396118799837846,
            -0.09333042179099808,
            -0.005144160988159686
        ],
        [
            0.0,
            0.0,
            1.0000000000000004,
            0.0,
            0.0,
            -0.1252429142451933,
            -0.03922664961190853,
            0.4329429445490308,
            0.16179556787135724,
            0.008474789831984663,
            -0.007145800227378744,
            -0.006578448521678639,
            0.0709762508039657,
            0.013602434416449373,
            -0.001043376464889994,
            -0.0006419764152595033,
            -0.003961187998378458,
            0.0014335430218912245,
            0.0008089754801007872,
            4.4588892080991414e-05
        ],
        [
            0.0,
            0.0,
            0.0,
            1.0000000000000004,
            0.0,
            0.5167869422610184,
            0.16186001763257912,
            0.16179556787135713,
            -0.1954593372514009,
            -0.03496932940255507,
            0.19670966620308838,
            0.1810916022918671,
            0.013602434416449365,
            -0.30297758075213843,
            0.028722078647860125,
            0.015125747538508495,
            0.09333042179099807,
            0.0008089754801007871,
            -0.01759257117680005,
            -0.001050568694749091
        ],
        [
            0.0,
            0.0,
            0.0,
            0.0,
            1.0000000000000004,
            0.027069101961175887,
            0.008478165685775111,
            0.008474789831984655,
            -0.03496932940255507,
            0.4703222947403063,
            -0.015088640007296815,
            -0.013890654425215284,
            -0.0010433764648899934,
            0.028722078647860125,
            0.06926725077096385,
            0.0008336968687293845,
            0.005144160988159687,
            4.458889208099142e-05,
            -0.0010505686947490916,
            0.0014099731023522492
        ],
        [
            0.5543673780539017,
            0.5595250060359398,
            -0.1252429142451933,
            0.5167869422610184,
            0.027069101961175887,
            0.9999999999999999,
            0.6848602514927513,
            0.0,
            0.0,
            0.0,
            0.5951102290844147,
            0.5742280236848637,
            -0.09745955816253221,
            -0.5227943069276548,
            0.11306405519198204,
            0.12454210682106395,
            0.3110979500658161,
            -0.009167035782563808,
            -0.1636567035112557,
            -0.009241085920895318
        ],
        [
            0.5595250060359398,
            0.8816719465812681,
            -0.039226649611908526,
            0.1618600176325792,
            0.008478165685775115,
            0.6848602514927513,
            1.0000000000000002,
            0.0,
            0.0,
            0.0,
            0.5742280236848637,
            0.8960413060578942,
            -0.02869195571243184,
            -0.15390990256763168,
            0.03328589750864934,
            0.3110979500658161,
            0.6112801767524269,
            -0.009831043058678162,
            -0.17551105256082086,
            -0.00991045696255132
        ],
        [
            0.1252429142451933,
            0.03922664961190855,
            0.4329429445490308,
            0.1617955678713572,
            0.00847478983198466,
            0.0,
            0.0,
            1.0000000000000004,
            0.0,
            0.0,
            0.0974595581625322,
            0.028691955712431813,
            0.498047292405717,
            -0.11723639033496161,
            0.02535456398758209,
            0.009167035782563808,
            0.009831043058678162,
            0.05226200061077927,
            -0.017382211359164523,
            -0.0009815088854832903
        ],
        [
            -0.5167869422610183,
            -0.16186001763257912,
            0.16179556787135718,
            -0.19545933725140074,
            -0.03496932940255507,
            0.0,
            0.0,
            0.0,
            1.0000000000000004,
            0.0,
            0.5227943069276548,
            0.15390990256763165,
            -0.1172363903349617,
            -0.10897898928610196,
            0.13600740612054976,
            0.16365670351125564,
            0.17551105256082059,
            -0.017382211359164512,
            -0.2570844500230284,
            -0.017522622631268612
        ],
        [
            -0.027069101961175897,
            -0.008478165685775111,
            0.008474789831984658,
            -0.03496932940255507,
            0.4703222947403063,
            0.0,
            0.0,
            0.0,
            0.0,
            1.0000000000000004,
            -0.11306405519198201,
            -0.033285897508649326,
            0.02535456398758209,
            0.13600740612054965,
            0.49048840735828775,
            0.009241085920895314,
            0.009910456962551292,
            -0.00098150888548329,
            -0.01752262263126862,
            0.05224620713742942
        ],
        [
            0.1512445901341496,
            0.336720048658966,
            -0.007145800227378744,
            0.19670966620308844,
            -0.015088640007296816,
            0.5951102290844147,
            0.5742280236848637,
            0.09745955816253221,
            0.5227943069276548,
            -0.11306405519198204,
            0.9999999999999999,
            0.6848602514927513,
            0.0,
            0.0,
            0.0,
            0.4844806387561167,
            0.5321968237419815,
            0.02557494273986151,
            -0.48170993615215374,
            -0.1371198355605739
        ],
        [
            0.336720048658966,
            0.6422550734470077,
            -0.00657844852167864,
            0.18109160229186735,
            -0.013890654425215278,
            0.5742280236848637,
            0.8960413060578942,
            0.02869195571243184,
            0.15390990256763168,
            -0.03328589750864933,
            0.6848602514927513,
            1.0000000000000002,
            0.0,
            0.0,
            0.0,
            0.5321968237419815,
            0.8545761277576325,
            0.0090054787064195,
            -0.16962026530474314,
            -0.048282796639222456
        ],
        [
            0.007145800227378744,
            0.006578448521678639,
            0.0709762508039657,
            0.013602434416449368,
            -0.0010433764648899936,
            -0.0974595581625322,
            -0.028691955712431813,
            0.498047292405717,
            -0.1172363903349617,
            0.02535456398758209,
            0.0,
            0.0,
            1.0000000000000004,
            0.0,
            0.0,
            -0.025574942739861502,
            -0.009005478706419498,
            0.3901045981376535,
            0.0359651070943961,
            0.010237550028746644
        ],
        [
            -0.19670966620308838,
            -0.18109160229186722,
            0.013602434416449368,
            -0.30297758075213843,
            0.028722078647860125,
            -0.5227943069276548,
            -0.15390990256763165,
            -0.11723639033496161,
            -0.1089789892861018,
            0.13600740612054965,
            0.0,
            0.0,
            0.0,
            1.0000000000000004,
            0.0,
            0.48170993615215374,
            0.16962026530474306,
            0.03596510709439616,
            -0.2853970170034023,
            -0.1928266123941568
        ],
        [
            0.015088640007296815,
            0.013890654425215284,
            -0.0010433764648899938,
            0.02872207864786013,
            0.06926725077096385,
            0.11306405519198201,
            0.03328589750864934,
            0.02535456398758209,
            0.13600740612054976,
            0.49048840735828775,
            0.0,
            0.0,
            0.0,
            0.0,
            1.0000000000000004,
            0.13711983556057386,
            0.048282796639222414,
            0.010237550028746649,
            -0.19282661239415658,
            0.3371255210763156
        ],
        [
            0.012647387465721137,
            0.11874263823488536,
            -0.0006419764152595035,
            0.0151257475385085,
            0.0008336968687293845,
            0.12454210682106395,
            0.3110979500658161,
            0.009167035782563808,
            0.16365670351125564,
            0.009241085920895318,
            0.4844806387561167,
            0.5321968237419815,
            -0.025574942739861505,
            0.48170993615215374,
            0.1371198355605739,
            0.9999999999999999,
            0.6848602514927513,
            0.0,
            0.0,
            0.0
        ],
        [
            0.11874263823488536,
            0.3346061696407167,
            -0.003961187998378459,
            0.09333042179099812,
            0.005144160988159688,
            0.3110979500658161,
            0.6112801767524269,
            0.00983104305867816,
            0.17551105256082067,
            0.009910456962551308,
            0.5321968237419815,
            0.8545761277576325,
            -0.009005478706419504,
            0.16962026530474314,
            0.04828279663922245,
            0.6848602514927513,
            1.0000000000000002,
            0.0,
            0.0,
            0.0
        ],
        [
            0.0006419764152595033,
            0.003961187998378459,
            0.0014335430218912245,
            0.0008089754801007872,
            4.458889208099141e-05,
            -0.009167035782563808,
            -0.009831043058678164,
            0.05226200061077927,
            -0.017382211359164516,
            -0.0009815088854832903,
            0.025574942739861502,
            0.009005478706419497,
            0.3901045981376535,
            0.035965107094396154,
            0.010237550028746649,
            0.0,
            0.0,
            1.0000000000000004,
            0.0,
            0.0
        ],
        [
            -0.015125747538508493,
            -0.09333042179099807,
            0.0008089754801007871,
            -0.01759257117680005,
            -0.001050568694749091,
            -0.16365670351125558,
            -0.17551105256082078,
            -0.017382211359164516,
            -0.2570844500230282,
            -0.01752262263126862,
            -0.48170993615215374,
            -0.16962026530474306,
            0.035965107094396105,
            -0.2853970170034023,
            -0.19282661239415658,
            0.0,
            0.0,
            0.0,
            1.0000000000000004,
            0.0
        ],
        [
            -0.0008336968687293847,
            -0.005144160988159684,
            4.458889208099143e-05,
            -0.0010505686947490916,
            0.0014099731023522492,
            -0.00924108592089531,
            -0.009910456962551292,
            -0.00098150888548329,
            -0.017522622631268612,
            0.05224620713742942,
            -0.13711983556057386,
            -0.04828279663922239,
            0.010237550028746645,
            -0.1928266123941568,
            0.3371255210763156,
            0.0,
            0.0,
            0.0,
            0.0,
            1.0000000000000004
        ]
    ],
    "h": [
        [
            -0.28095935939684535,
            -0.47400916412153604,
            0.06610066733525313,
            -0.2900055832015177,
            -0.010835279271958508,
            -0.5939814064592785,
            -0.4669446259092691,
            -0.020321915545417096,
            0.01647278461304802,
            0.01625110576212449,
            -0.29640054384952763,
            -0.3365651330561278,
            0.022712486533730206,
            0.34272003806116436,
            -0.04003961958367016,
            -0.011265247116337189,
            -0.13848094142024292,
            -0.00025296722691811125,
            0.07013027308774743,
            0.005532117391828642
        ],
        [
            -0.47400916412153604,
            -0.3195283958318482,
            0.05381732048649221,
            -0.24882088316403134,
            -0.007542402164810317,
            -0.5577715356742117,
            -0.374035014330268,
            -0.07230891554440559,
            0.09291473840549055,
            0.0376076695215663,
            -0.37019695598667113,
            -0.3259069347735357,
            0.032848313240827,
            0.2135052552375148,
            -0.05050121766326701,
            -0.13431136321954157,
            -0.19870121975633293,
            -0.0021641167422459338,
            0.11616385581800057,
            0.021369042494766295
        ],
        [
            0.06610066733525313,
            0.05381732048649221,
            1.456105687613311,
            0.061847477062355584,
            0.0030209937900848504,
            0.011031838350734985,
            0.04881327383300286,
            0.34263109186681173,
            0.2292831831491825,
            0.009917396834537854,
            0.03747712804189057,
            0.041169293492489434,
            -0.05209376885593675,
            -0.0487607853669558,
            0.007831828423003,
            0.0037578007111357314,
            0.01837408943232237,
            -0.004801845730368102,
            -0.007702312713505232,
            -0.0006800092445929801
        ],
        [
            -0.2900055832015177,
            -0.24882088316403134,
            0.061847477062355584,
            1.1884417832219363,
            -0.010040126519759083,
            -0.10212473390482935,
            -0.24539864814294732,
            0.20426639920779643,
            -0.5836096920321148,
            -0.02978755018142197,
            -0.27689436235758197,
            -0.20713221671513604,
            0.034855269000354565,
            0.1292570495273404,
            -0.040687190268629284,
            -0.07304228235686616,
            -0.12848586667939904,
            -0.0025208189157062254,
            0.09642932522933251,
            0.010329272136034023
        ],
        [
            -0.010835279271958508,
            -0.007542402164810317,
            0.0030209937900848504,
            -0.010040126519759083,
            1.4699752446229908,
            0.00451956768634125,
            -0.005124624001558473,
            0.013006192500845826,
            -0.04772206103017466,
            0.3922364971314448,
            0.003485239680602041,
            -0.004899282561156619,
            -7.073519220783682e-05,
            0.011704586332731977,
            -0.047566556994026066,
            0.00030794222311304265,
            -0.0011797805812618911,
            -2.821107321930477e-05,
            0.0025127798713651204,
            -0.004841950667321561
        ],
        [
            -0.5939814064592785,
            -0.5577715356742117,
            0.011031838350734985,
            -0.10212473390482935,
            0.00451956768634125,
            -0.5014200829225239,
            -0.6258619600604342,
            -0.11190450273307814,
            0.007832136011820603,
            0.0695458755718898,
            -0.5840847533165293,
            -0.552152342024232,
            0.0038011122589750312,
            0.06926017767285053,
            -0.02308531868620306,
            -0.2510370725163412,
            -0.34920670799550857,
            0.0009879282011128927,
            0.2439780099591494,
            0.03943941582421698
        ],
        [
            -0.4669446259092691,
            -0.374035014330268,
            0.04881327383300286,
            -0.24539864814294732,
            -0.005124624001558473,
            -0.6258619600604342,
            -0.44374291905217045,
            -0.08852096528367875,
            -0.01778518603132649,
            0.05410368476531645,
            -0.541590116436642,
            -0.4255893498614536,
            0.04133806989851878,
            0.15877875710184192,
            -0.07676938824674573,
            -0.3040631069820939,
            -0.31284736214747555,
            -0.005737193528271336,
            0.17582001029410027,
            0.04306466368968697
        ],
        [
            -0.020321915545417096,
            -0.07230891554440559,
            0.34263109186681173,
            0.20426639920779643,
            0.013006192500845826,
            -0.11190450273307814,
            -0.08852096528367875,
            1.3572742872143608,
            0.012867455894044897,
            0.013791649613191913,
            -0.02123570412926068,
            -0.06947992406850126,
            0.42595265574052044,
            -0.14587538856926455,
            0.03190963446245272,
            -0.02813174210517213,
            -0.04144462098395854,
            -0.04627368192410175,
            0.03202351142540534,
            0.0066504410098308635
        ],
        [
            0.01647278461304802,
            0.09291473840549055,
            0.2292831831491825,
            -0.5836096920321148,
            -0.04772206103017466,
            0.007832136011820603,
            -0.01778518603132649,
            0.012867455894044897,
            0.7992205083769754,
            0.04086255860148144,
            -0.033734729365080485,
            -0.13320688501150968,
            -0.16525285849097457,
            -0.6277181201649503,
            0.17789755298650684,
            -0.3114856617467988,
            -0.19989004232926708,
            -0.006449148877506555,
            0.15987724785406587,
            0.051027895433928536
        ],
        [
            0.01625110576212449,
            0.0376076695215663,
            0.009917396834537854,
            -0.02978755018142197,
            0.3922364971314448,
            0.0695458755718898,
            0.05410368476531645,
            0.013791649613191913,
            0.04086255860148144,
            1.3685936752985604,
            0.004548812503535504,
            0.04844641212138916,
            0.03601274358623215,
            0.18852428266563315,
            0.4154818781107773,
            0.02010802354264244,
            0.03586397132689163,
            0.0003266940123993166,
            -0.029514671937601055,
            -0.05154929282580034
        ],
        [
            -0.29640054384952763,
            -0.37019695598667113,
            0.03747712804189057,
            -0.27689436235758197,
            0.003485239680602041,
            -0.5840847533165293,
            -0.541590116436642,
            -0.02123570412926068,
            -0.033734729365080485,
            0.004548812503535504,
            -0.4484085755707148,
            -0.605448516770842,
            0.05862387744884867,
            0.047803205941507596,
            -0.11689646427566201,
            -0.5323917506085338,
            -0.5236629635176675,
            0.0011375321291850135,
            0.09918246829713451,
            0.016557530688288413
        ],
        [
            -0.3365651330561278,
            -0.3259069347735357,
            0.041169293492489434,
            -0.20713221671513604,
            -0.004899282561156619,
            -0.552152342024232,
            -0.4255893498614536,
            -0.06947992406850126,
            -0.13320688501150968,
            0.04844641212138916,
            -0.605448516770842,
            -0.44237205187980133,
            0.046423094288148184,
            0.04829399488074507,
            -0.09673961320212916,
            -0.4329602992223035,
            -0.3654246297466561,
            -0.005973313238419889,
            0.2082355715464056,
            0.05021454114871053
        ],
        [
            0.022712486533730206,
            0.032848313240827,
            -0.05209376885593675,
            0.034855269000354565,
            -7.073519220783682e-05,
            0.0038011122589750312,
            0.04133806989851878,
            0.42595265574052044,
            -0.16525285849097457,
            0.03601274358623215,
            0.05862387744884867,
            0.046423094288148184,
            1.3874794516930884,
            -0.03604568449243161,
            0.013562524829027077,
            0.012262038037739759,
            0.030509596763208417,
            0.28342512756946503,
            0.034056958059319964,
            0.011699333949557349
        ],
        [
            0.34272003806116436,
            0.2135052552375148,
            -0.0487607853669558,
            0.1292570495273404,
            0.011704586332731977,
            0.06926017767285053,
            0.15877875710184192,
            -0.14587538856926455,
            -0.6277181201649503,
            0.18852428266563315,
            0.047803205941507596,
            0.04829399488074507,
            -0.03604568449243161,
            0.848635598871303,
            -0.001042221655565615,
            -0.04528746065474942,
            -0.08026290158962729,
            0.04673608845662454,
            -0.6339386865306613,
            -0.25544254268118016
        ],
        [
            -0.04003961958367016,
            -0.05050121766326701,
            0.007831828423003,
            -0.040687190268629284,
            -0.047566556994026066,
            -0.02308531868620306,
            -0.07676938824674573,
            0.03190963446245272,
            0.17789755298650684,
            0.4154818781107773,
            -0.11689646427566201,
            -0.09673961320212916,
            0.013562524829027077,
            -0.001042221655565615,
            1.3680501581982116,
            -0.024597050099697343,
            -0.07545184395732557,
            0.014119941308389741,
            -0.23219908011463913,
            0.2166279159325024
        ],
        [
            -0.011265247116337189,
            -0.13431136321954157,
            0.0037578007111357314,
            -0.07304228235686616,
            0.00030794222311304265,
            -0.2510370725163412,
            -0.3040631069820939,
            -0.02813174210517213,
            -0.3114856617467988,
            0.02010802354264244,
            -0.5323917506085338,
            -0.4329602992223035,
            0.012262038037739759,
            -0.04528746065474942,
            -0.024597050099697343,
            -0.2208947015650895,
            -0.4469107188970214,
            -0.010003026043503987,
            0.23870253908818218,
            0.06467321992517377
        ],
        [
            -0.13848094142024292,
            -0.19870121975633293,
            0.01837408943232237,
            -0.12848586667939904,
            -0.0011797805812618911,
            -0.34920670799550857,
            -0.31284736214747555,
            -0.04144462098395854,
            -0.19989004232926708,
            0.03586397132689163,
            -0.5236629635176675,
            -0.3654246297466561,
            0.030509596763208417,
            -0.08026290158962729,
            -0.07545184395732557,
            -0.4469107188970214,
            -0.30873300512980495,
            -0.008074647737138473,
            0.21755670592132273,
            0.05673321131658066
        ],
        [
            -0.00025296722691811125,
            -0.0021641167422459338,
            -0.004801845730368102,
            -0.0025208189157062254,
            -2.821107321930477e-05,
            0.0009879282011128927,
            -0.005737193528271336,
            -0.04627368192410175,
            -0.006449148877506555,
            0.0003266940123993166,
            0.0011375321291850135,
            -0.005973313238419889,
            0.28342512756946503,
            0.04673608845662454,
            0.014119941308389741,
            -0.010003026043503987,
            -0.008074647737138473,
            1.4960513894102705,
            0.009095066365999034,
            0.002968509851127762
        ],
        [
            0.07013027308774743,
            0.11616385581800057,
            -0.007702312713505232,
            0.09642932522933251,
            0.0025127798713651204,
            0.2439780099591494,
            0.17582001029410027,
            0.03202351142540534,
            0.15987724785406587,
            -0.029514671937601055,
            0.09918246829713451,
            0.2082355715464056,
            0.034056958059319964,
            -0.6339386865306613,
            -0.23219908011463913,
            0.23870253908818218,
            0.21755670592132273,
            0.009095066365999034,
            1.2716741505435938,
            -0.05898518266875519
        ],
        [
            0.005532117391828642,
            0.021369042494766295,
            -0.0006800092445929801,
            0.010329272136034023,
            -0.004841950667321561,
            0.03943941582421698,
            0.04306466368968697,
            0.0066504410098308635,
            0.051027895433928536,
            -0.05154929282580034,
            0.016557530688288413,
            0.05021454114871053,
            0.011699333949557349,
            -0.25544254268118016,
            0.2166279159325024,
            0.06467321992517377,
            0.05673321131658066,
            0.002968509851127762,
            -0.05898518266875519,
            1.4801333259880756
        ]
    ]
}