{
    "HF": -2.1503101191035023,
    "coordinates": [
        [
            0.763548,
            -0.143178,
            0.121236
        ],
        [
            1.48139,
            0.078173,
            -0.086689
        ],
        [
            2.238257,
            0.051876,
            -0.007177
        ],
        [
            2.984554,
            0.081364,
            0.053031
        ]
    ],
    "elements": [
        "H",
        "H",
        "H",
        "H"
    ],
    "Enn": 3.021963865417016,
    "S": [
        [
            0.9999999999999999,
            0.6848602514927513,
            0.0,
            0.0,
            0.0,
            0.5391307895420208,
            0.5538046879343546,
            0.14055638496210343,
            -0.48525803291555225,
            -0.14963230187686213,
            0.12779360047777283,
            0.31439234593944043,
            0.014472985404644994,
            -0.16620935445086252,
            -0.02198386218776623,
            0.01304144293088975,
            0.120317061742282,
            0.0004789232375858729,
            -0.015595504496996546,
            -0.0015766935212082269
        ],
        [
            0.6848602514927513,
            1.0000000000000002,
            0.0,
            0.0,
            0.0,
            0.5538046879343546,
            0.8760427010374887,
            0.04510530967616791,
            -0.15572194641606193,
            -0.048017820859105165,
            0.31439234593944043,
            0.6153155647677111,
            0.015211420053999588,
            -0.1746896190916316,
            -0.02310551367239169,
            0.12031706174228202,
            0.3373793224810008,
            0.002886840527396096,
            -0.0940061598473704,
            -0.009503950527125198
        ],
        [
            0.0,
            0.0,
            1.0000000000000004,
            0.0,
            0.0,
            -0.14055638496210338,
            -0.045105309676167875,
            0.40346234869660336,
            0.17610630078531966,
            0.054303462022466366,
            -0.014472985404644988,
            -0.015211420053999584,
            0.052994264373435775,
            0.027219390873956296,
            0.0036002025264161744,
            -0.00047892323758587347,
            -0.0028868405273960924,
            0.0015232570855218445,
            0.0006063847459590373,
            6.130503187615618e-05
        ],
        [
            0.0,
            0.0,
            0.0,
            1.0000000000000004,
            0.0,
            0.48525803291555214,
            0.15572194641606207,
            0.17610630078531966,
            -0.15351881284334296,
            -0.1874777241078817,
            0.16620935445086252,
            0.1746896190916315,
            0.027219390873956285,
            -0.25722603231079794,
            -0.04134512134697164,
            0.015595504496996558,
            0.0940061598473703,
            0.0006063847459590371,
            -0.01820424206291286,
            -0.0019963176252053975
        ],
        [
            0.0,
            0.0,
            0.0,
            0.0,
            1.0000000000000004,
            0.14963230187686205,
            0.04801782085910513,
            0.05430346202246635,
            -0.18747772410788166,
            0.39666213483587065,
            0.021983862187766223,
            0.023105513672391692,
            0.0036002025264161757,
            -0.041345121346971665,
            0.04989588519563536,
            0.0015766935212082282,
            0.009503950527125195,
            6.130503187615618e-05,
            -0.001996317625205398,
            0.0013400524113333307
        ],
        [
            0.5391307895420208,
            0.5538046879343546,
            -0.14055638496210343,
            0.48525803291555225,
            0.14963230187686213,
            0.9999999999999999,
            0.6848602514927513,
            0.0,
            0.0,
            0.0,
            0.5534524492604007,
            0.5591850344203924,
            -0.05556256372142195,
            -0.5288946437788191,
            0.01837620407211784,
            0.12248605927621614,
            0.3089868297200946,
            -0.014953376115344488,
            -0.16087443927172693,
            -0.00034151319198442754
        ],
        [
            0.5538046879343546,
            0.8760427010374887,
            -0.04510530967616791,
            0.15572194641606213,
            0.048017820859105165,
            0.6848602514927513,
            1.0000000000000002,
            0.0,
            0.0,
            0.0,
            0.5591850344203924,
            0.8813380016081617,
            -0.01742753232248608,
            -0.16589098634574748,
            0.005763806940894672,
            0.30898682972009467,
            0.6086856981519162,
            -0.0162465773814503,
            -0.1747872190309932,
            -0.00037104801334245276
        ],
        [
            0.14055638496210338,
            0.045105309676167875,
            0.40346234869660336,
            0.17610630078531966,
            0.054303462022466366,
            0.0,
            0.0,
            1.0000000000000004,
            0.0,
            0.0,
            0.05556256372142194,
            0.01742753232248608,
            0.46335713854017085,
            -0.07360166343926164,
            0.0025572563521229805,
            0.014953376115344487,
            0.016246577381450293,
            0.049272759657489396,
            -0.028300364024353635,
            -6.007758408378111e-05
        ],
        [
            -0.48525803291555214,
            -0.1557219464160619,
            0.17610630078531966,
            -0.15351881284334296,
            -0.1874777241078817,
            0.0,
            0.0,
            0.0,
            1.0000000000000004,
            0.0,
            0.5288946437788192,
            0.16589098634574748,
            -0.07360166343926168,
            -0.2295177838710795,
            0.024342274668757727,
            0.16087443927172684,
            0.17478721903099295,
            -0.028300364024353628,
            -0.2525634120626442,
            -0.000646338831961872
        ],
        [
            -0.14963230187686205,
            -0.04801782085910513,
            0.05430346202246635,
            -0.18747772410788166,
            0.39666213483587065,
            0.0,
            0.0,
            0.0,
            0.0,
            1.0000000000000004,
            -0.01837620407211784,
            -0.005763806940894661,
            0.0025572563521229818,
            0.024342274668757727,
            0.4702435355774551,
            0.00034151319198442754,
            0.00037104801334245265,
            -6.007758408378056e-05,
            -0.0006463388319618663,
            0.05190192347079912
        ],
        [
            0.12779360047777283,
            0.31439234593944043,
            -0.014472985404644994,
            0.16620935445086252,
            0.02198386218776623,
            0.5534524492604007,
            0.5591850344203924,
            0.05556256372142195,
            0.5288946437788191,
            -0.01837620407211784,
            0.9999999999999999,
            0.6848602514927513,
            0.0,
            0.0,
            0.0,
            0.5632263984875585,
            0.5627940402559328,
            -0.04301482773137649,
            -0.5331822497250045,
            -0.021067320624216554
        ],
        [
            0.31439234593944043,
            0.6153155647677111,
            -0.015211420053999588,
            0.1746896190916316,
            0.023105513672391696,
            0.5591850344203924,
            0.8813380016081617,
            0.01742753232248608,
            0.16589098634574748,
            -0.005763806940894661,
            0.6848602514927513,
            1.0000000000000002,
            0.0,
            0.0,
            0.0,
            0.5627940402559328,
            0.884879099823059,
            -0.013287394139635887,
            -0.16470140818874335,
            -0.006507751102670475
        ],
        [
            0.014472985404644988,
            0.015211420053999584,
            0.052994264373435775,
            0.027219390873956285,
            0.0036002025264161744,
            -0.05556256372142194,
            -0.01742753232248608,
            0.46335713854017085,
            -0.07360166343926168,
            0.0025572563521229818,
            0.0,
            0.0,
            1.0000000000000004,
            0.0,
            0.0,
            0.04301482773137649,
            0.013287394139635889,
            0.4779406485878996,
            -0.05628317060615976,
            -0.0022238842375548033
        ],
        [
            -0.16620935445086252,
            -0.1746896190916314,
            0.027219390873956296,
            -0.257226032310798,
            -0.04134512134697165,
            -0.5288946437788191,
            -0.16589098634574748,
            -0.07360166343926164,
            -0.22951778387107918,
            0.024342274668757727,
            0.0,
            0.0,
            0.0,
            1.0000000000000004,
            0.0,
            0.5331822497250052,
            0.16470140818874332,
            -0.05628317060615969,
            -0.21516618122961348,
            -0.02756574101173327
        ],
        [
            -0.021983862187766223,
            -0.0231055136723917,
            0.0036002025264161757,
            -0.04134512134697165,
            0.04989588519563536,
            0.01837620407211783,
            0.005763806940894661,
            0.0025572563521229805,
            0.024342274668757727,
            0.4702435355774551,
            0.0,
            0.0,
            0.0,
            0.0,
            1.0000000000000004,
            0.021067320624216544,
            0.006507751102670462,
            -0.0022238842375548046,
            -0.027565741011733317,
            0.4813921411771792
        ],
        [
            0.01304144293088975,
            0.120317061742282,
            -0.0004789232375858729,
            0.01559550449699655,
            0.0015766935212082269,
            0.12248605927621614,
            0.3089868297200946,
            0.014953376115344488,
            0.16087443927172693,
            0.00034151319198442754,
            0.5632263984875585,
            0.5627940402559328,
            0.04301482773137649,
            0.5331822497250052,
            0.021067320624216544,
            0.9999999999999999,
            0.6848602514927513,
            0.0,
            0.0,
            0.0
        ],
        [
            0.12031706174228202,
            0.3373793224810008,
            -0.002886840527396098,
            0.0940061598473704,
            0.009503950527125198,
            0.30898682972009467,
            0.6086856981519162,
            0.0162465773814503,
            0.1747872190309932,
            0.00037104801334245276,
            0.5627940402559328,
            0.884879099823059,
            0.013287394139635887,
            0.16470140818874335,
            0.006507751102670464,
            0.6848602514927513,
            1.0000000000000002,
            0.0,
            0.0,
            0.0
        ],
        [
            0.00047892323758587347,
            0.0028868405273960924,
            0.0015232570855218445,
            0.0006063847459590373,
            6.130503187615618e-05,
            -0.014953376115344487,
            -0.016246577381450293,
            0.049272759657489396,
            -0.028300364024353628,
            -6.007758408378056e-05,
            -0.04301482773137649,
            -0.013287394139635885,
            0.4779406485878996,
            -0.05628317060615969,
            -0.0022238842375548046,
            0.0,
            0.0,
            1.0000000000000004,
            0.0,
            0.0
        ],
        [
            -0.015595504496996563,
            -0.09400615984737024,
            0.0006063847459590371,
            -0.01820424206291286,
            -0.0019963176252053975,
            -0.16087443927172693,
            -0.17478721903099315,
            -0.028300364024353635,
            -0.2525634120626441,
            -0.0006463388319618663,
            -0.5331822497250045,
            -0.16470140818874332,
            -0.05628317060615976,
            -0.21516618122961365,
            -0.027565741011733317,
            0.0,
            0.0,
            0.0,
            1.0000000000000004,
            0.0
        ],
        [
            -0.0015766935212082282,
            -0.009503950527125195,
            6.130503187615618e-05,
            -0.001996317625205398,
            0.0013400524113333307,
            -0.00034151319198442754,
            -0.00037104801334245265,
            -6.007758408378111e-05,
            -0.000646338831961872,
            0.05190192347079912,
            -0.021067320624216554,
            -0.006507751102670451,
            -0.0022238842375548033,
            -0.02756574101173327,
            0.4813921411771792,
            0.0,
            0.0,
            0.0,
            0.0,
            1.0000000000000004
        ]
    ],
    "h": [
        [
            -0.2618711741029145,
            -0.4653162055254094,
            0.07403043555654731,
            -0.26320018742493373,
            -0.07903147008159536,
            -0.574960787059981,
            -0.45895196412426276,
            -0.01469795152859435,
            0.020352730414991527,
            0.01456246980268866,
            -0.25610337364126534,
            -0.31697492467542265,
            0.004891595619368638,
            0.319798852782776,
            0.01498047981597251,
            -0.013595352976452077,
            -0.13935952734403811,
            0.002038116822704514,
            0.06970712335817572,
            0.003820109273441442
        ],
        [
            -0.4653162055254094,
            -0.3135551003125734,
            0.061766980602163644,
            -0.2276274120799124,
            -0.06639459139261214,
            -0.539849813362038,
            -0.368403153266488,
            -0.06626184363419732,
            0.08723573596548762,
            0.06272045087555278,
            -0.3437112659377377,
            -0.3144957116927234,
            0.011795245424632509,
            0.19378784243133984,
            -0.0009360023229776429,
            -0.14118969140296106,
            -0.19880711388543637,
            0.008422655586824824,
            0.12333084915084924,
            0.004607649149382952
        ],
        [
            0.07403043555654731,
            0.061766980602163644,
            1.4643743720938862,
            0.06535387459268249,
            0.019868286090961806,
            0.014502155159159258,
            0.056166129642227294,
            0.306062937716471,
            0.24793892034694276,
            0.07390964640200713,
            0.0423763021457021,
            0.04550726562505182,
            -0.04847700284675249,
            -0.05339379759895284,
            -0.0009435572937338075,
            0.004773127950036515,
            0.02169358827683011,
            -0.005377637712142105,
            -0.008427970296681487,
            -0.0004014683615993583
        ],
        [
            -0.26320018742493373,
            -0.2276274120799124,
            0.06535387459268249,
            1.2423621585899849,
            -0.07034316774247339,
            -0.08276289637142176,
            -0.22034772372909583,
            0.2310097306884119,
            -0.5060045510419775,
            -0.25053650241527053,
            -0.2405016688654464,
            -0.18052195280700412,
            0.012732781462779792,
            0.15654035018024032,
            0.00017828199967892533,
            -0.06928754689622835,
            -0.11592998206930283,
            0.00140627576421767,
            0.09330020991648322,
            0.006892929300170711
        ],
        [
            -0.07903147008159536,
            -0.06639459139261214,
            0.019868286090961806,
            -0.07034316774247339,
            1.4617643569797252,
            -0.017126639074301175,
            -0.06115823700245218,
            0.07303981315421196,
            -0.26553646127542313,
            0.2965693711401966,
            -0.05052996460704447,
            -0.04974067449853028,
            0.002851453847545652,
            0.05771605152728167,
            -0.04519917610026439,
            -0.0087014145400378,
            -0.025726452080026684,
            0.00037435545169403617,
            0.013976072117510367,
            -0.004194046111844037
        ],
        [
            -0.574960787059981,
            -0.539849813362038,
            0.014502155159159258,
            -0.08276289637142176,
            -0.017126639074301175,
            -0.4493067995014046,
            -0.6019998684390967,
            -0.09453970412322663,
            0.011366997369054485,
            0.08287459625323057,
            -0.5375655488320266,
            -0.5197784442832389,
            -0.0062449415700510935,
            0.05615065598878066,
            0.006289715907749894,
            -0.2544576121943968,
            -0.3396751606388242,
            0.02143783582006969,
            0.2527322459051772,
            0.005390886139928875
        ],
        [
            -0.45895196412426276,
            -0.368403153266488,
            0.056166129642227294,
            -0.22034772372909583,
            -0.06115823700245218,
            -0.6019998684390967,
            -0.4343473355027214,
            -0.07729043261611679,
            -0.018450613118865145,
            0.0657407489760029,
            -0.5226631963661703,
            -0.4136759079027723,
            0.007680499014301144,
            0.13025018357178525,
            -0.005354933827521224,
            -0.31733379723772304,
            -0.3121102434972145,
            0.016358700721210893,
            0.1954710586777178,
            0.006297393845816925
        ],
        [
            -0.01469795152859435,
            -0.06626184363419732,
            0.306062937716471,
            0.2310097306884119,
            0.07303981315421196,
            -0.09453970412322663,
            -0.07729043261611679,
            1.380503189391696,
            0.03643256600087302,
            0.02050881561106746,
            -0.02146685141769253,
            -0.0551087289939033,
            0.3776812660035451,
            -0.08263480400232928,
            0.00497634239897273,
            -0.024151146054620997,
            -0.030909208212403682,
            -0.04471926177327801,
            0.025457578027861985,
            0.0007248304314547591
        ],
        [
            0.020352730414991527,
            0.08723573596548762,
            0.24793892034694276,
            -0.5060045510419775,
            -0.26553646127542313,
            0.011366997369054485,
            -0.018450613118865145,
            0.03643256600087302,
            0.8673530163718124,
            -0.06300303216311016,
            -0.057300199704448995,
            -0.13607960730143537,
            -0.10833597525556041,
            -0.7544758600119387,
            0.024271744899126542,
            -0.3230273442556103,
            -0.19567953684622377,
            0.02083295802998099,
            0.19154134839280745,
            0.006813743499310711
        ],
        [
            0.01456246980268866,
            0.06272045087555278,
            0.07390964640200713,
            -0.25053650241527053,
            0.2965693711401966,
            0.08287459625323057,
            0.0657407489760029,
            0.02050881561106746,
            -0.06300303216311016,
            1.3802605283324354,
            0.013631078697187604,
            0.039060629687037336,
            0.0036645859998416692,
            0.005742272144581638,
            0.3860011476314109,
            -0.00120524994317132,
            0.014548001492329021,
            -0.0004993768080820972,
            -0.0068888274918399665,
            -0.0470078281949142
        ],
        [
            -0.25610337364126534,
            -0.3437112659377377,
            0.0423763021457021,
            -0.2405016688654464,
            -0.05052996460704447,
            -0.5375655488320266,
            -0.5226631963661703,
            -0.02146685141769253,
            -0.057300199704448995,
            0.013631078697187604,
            -0.4679729452076582,
            -0.6114112575003994,
            0.002176422786222025,
            -0.043087056132467494,
            -0.01903479638687917,
            -0.5887830808014567,
            -0.5477413802187787,
            0.007878408371791101,
            0.07672973575321618,
            0.00030822011608671457
        ],
        [
            -0.31697492467542265,
            -0.3144957116927234,
            0.04550726562505182,
            -0.18052195280700412,
            -0.04974067449853028,
            -0.5197784442832389,
            -0.4136759079027723,
            -0.0551087289939033,
            -0.13607960730143537,
            0.039060629687037336,
            -0.6114112575003994,
            -0.43835909152597496,
            0.001798415458511787,
            -5.0706019619567444e-05,
            -0.012893013027040552,
            -0.4652197679140022,
            -0.36728819125087764,
            0.020786551047507918,
            0.2411156103494856,
            0.007364365694145315
        ],
        [
            0.004891595619368638,
            0.011795245424632509,
            -0.04847700284675249,
            0.012732781462779792,
            0.002851453847545652,
            -0.0062449415700510935,
            0.007680499014301144,
            0.3776812660035451,
            -0.10833597525556041,
            0.0036645859998416692,
            0.002176422786222025,
            0.001798415458511787,
            1.3943478962156115,
            -0.04661667245874519,
            0.0001164463920627168,
            0.0038742188358172475,
            -0.0050715041161136475,
            0.4114746169636019,
            -0.08528459301055458,
            -0.0032902982575866314
        ],
        [
            0.319798852782776,
            0.19378784243133984,
            -0.05339379759895284,
            0.15654035018024032,
            0.05771605152728167,
            0.05615065598878066,
            0.13025018357178525,
            -0.08263480400232928,
            -0.7544758600119387,
            0.005742272144581638,
            -0.043087056132467494,
            -5.0706019619567444e-05,
            -0.04661667245874519,
            0.8062898867975714,
            -0.008223178530497482,
            -0.015787853984802425,
            -0.10881185375794189,
            -0.08214141139245977,
            -0.609682540637668,
            -0.0403522549340143
        ],
        [
            0.01498047981597251,
            -0.0009360023229776429,
            -0.0009435572937338075,
            0.00017828199967892533,
            -0.04519917610026439,
            0.006289715907749894,
            -0.005354933827521224,
            0.00497634239897273,
            0.024271744899126542,
            0.3860011476314109,
            -0.01903479638687917,
            -0.012893013027040552,
            0.0001164463920627168,
            -0.008223178530497482,
            1.3975951086481602,
            -0.006196461380804881,
            -0.01304723426498513,
            -0.00275346941696673,
            -0.035308519068304046,
            0.4168339658068191
        ],
        [
            -0.013595352976452077,
            -0.14118969140296106,
            0.004773127950036515,
            -0.06928754689622835,
            -0.0087014145400378,
            -0.2544576121943968,
            -0.31733379723772304,
            -0.024151146054620997,
            -0.3230273442556103,
            -0.00120524994317132,
            -0.5887830808014567,
            -0.4652197679140022,
            0.0038742188358172475,
            -0.015787853984802425,
            -0.006196461380804881,
            -0.2779847033199254,
            -0.47150741174146615,
            0.025566175472598887,
            0.29776465292908944,
            0.010173707972804591
        ],
        [
            -0.13935952734403811,
            -0.19880711388543637,
            0.02169358827683011,
            -0.11592998206930283,
            -0.025726452080026684,
            -0.3396751606388242,
            -0.3121102434972145,
            -0.030909208212403682,
            -0.19567953684622377,
            0.014548001492329021,
            -0.5477413802187787,
            -0.36728819125087764,
            -0.0050715041161136475,
            -0.10881185375794189,
            -0.01304723426498513,
            -0.47150741174146615,
            -0.3127495114006622,
            0.021606571097663396,
            0.2502501398325688,
            0.008134541645922002
        ],
        [
            0.002038116822704514,
            0.008422655586824824,
            -0.005377637712142105,
            0.00140627576421767,
            0.00037435545169403617,
            0.02143783582006969,
            0.016358700721210893,
            -0.04471926177327801,
            0.02083295802998099,
            -0.0004993768080820972,
            0.007878408371791101,
            0.020786551047507918,
            0.4114746169636019,
            -0.08214141139245977,
            -0.00275346941696673,
            0.025566175472598887,
            0.021606571097663396,
            1.4794024178065464,
            -0.024334870652570714,
            -0.0008158878936405837
        ],
        [
            0.06970712335817572,
            0.12333084915084924,
            -0.008427970296681487,
            0.09330020991648322,
            0.013976072117510367,
            0.2527322459051772,
            0.1954710586777178,
            0.025457578027861985,
            0.19154134839280745,
            -0.0068888274918399665,
            0.07672973575321618,
            0.2411156103494856,
            -0.08528459301055458,
            -0.609682540637668,
            -0.035308519068304046,
            0.29776465292908944,
            0.2502501398325688,
            -0.024334870652570714,
            1.189992842610328,
            -0.010253910151724758
        ],
        [
            0.003820109273441442,
            0.004607649149382952,
            -0.0004014683615993583,
            0.006892929300170711,
            -0.004194046111844037,
            0.005390886139928875,
            0.006297393845816925,
            0.0007248304314547591,
            0.006813743499310711,
            -0.0470078281949142,
            0.00030822011608671457,
            0.007364365694145315,
            -0.0032902982575866314,
            -0.0403522549340143,
            0.4168339658068191,
            0.010173707972804591,
            0.008134541645922002,
            -0.0008158878936405837,
            -0.010253910151724758,
            1.48104776473577
        ]
    ]
}