{
    "HF": -2.1356074455588248,
    "coordinates": [
        [
            0.72218,
            0.08607,
            0.105134
        ],
        [
            1.477773,
            0.033818,
            0.165982
        ],
        [
            2.197406,
            0.020787,
            0.108784
        ],
        [
            2.920614,
            0.098949,
            0.014
        ]
    ],
    "elements": [
        "H",
        "H",
        "H",
        "H"
    ],
    "Enn": 3.1139489808827454,
    "S": [
        [
            0.9999999999999999,
            0.6848602514927513,
            0.0,
            0.0,
            0.0,
            0.5547723589351683,
            0.5596753480158811,
            -0.042648560284387294,
            -0.5295975810373563,
            0.03662359604226606,
            0.13322687630328298,
            0.3197817072185716,
            -0.0004328243025731621,
            -0.17493525057199882,
            0.007741388752022943,
            0.014683923600997356,
            0.12659774758926415,
            0.00073972972384373,
            -0.017844569268425252,
            -0.00010453814288172808
        ],
        [
            0.6848602514927513,
            1.0000000000000002,
            0.0,
            0.0,
            0.0,
            0.5596753480158811,
            0.8818195988394418,
            -0.013349218551341182,
            -0.16576676460793383,
            0.011463373779658826,
            0.3197817072185716,
            0.6218827550650007,
            -0.00044030111114794494,
            -0.1779571635600908,
            0.00787511710659479,
            0.12659774758926415,
            0.3483087140412759,
            0.004073798144479242,
            -0.09827261340399947,
            -0.0005757066111741837
        ],
        [
            0.0,
            0.0,
            1.0000000000000004,
            0.0,
            0.0,
            0.0426485602843873,
            0.01334921855134118,
            0.468082365371272,
            -0.056413545557111415,
            0.0039012015495778632,
            0.0004328243025731623,
            0.00044030111114794494,
            0.05897808012833321,
            -0.0008244972659853444,
            3.648637904654692e-05,
            -0.0007397297238437301,
            -0.004073798144479244,
            0.0018242788205772736,
            0.0009698040685902201,
            5.681365280637701e-06
        ],
        [
            0.0,
            0.0,
            0.0,
            1.0000000000000004,
            0.0,
            0.5295975810373561,
            0.16576676460793363,
            -0.05641354555711141,
            -0.22790186212129235,
            0.048444001157806116,
            0.17493525057199882,
            0.1779571635600907,
            -0.0008244972659853442,
            -0.2742581822892989,
            0.01474675479871816,
            0.01784456926842524,
            0.09827261340399938,
            0.0009698040685902194,
            -0.02153019306101571,
            -0.0001370521056836467
        ],
        [
            0.0,
            0.0,
            0.0,
            0.0,
            1.0000000000000004,
            -0.036623596042266046,
            -0.011463373779658814,
            0.0039012015495778593,
            0.04844400115780608,
            0.46927527672905506,
            -0.007741388752022946,
            -0.007875117106594784,
            3.648637904654692e-05,
            0.014746754798718165,
            0.05832753371815344,
            0.00010453814288172808,
            0.0005757066111741836,
            5.681365280637687e-06,
            -0.00013705210568364643,
            0.0018636782430378985
        ],
        [
            0.5547723589351683,
            0.5596753480158811,
            0.0426485602843873,
            0.5295975810373563,
            -0.03662359604226607,
            0.9999999999999999,
            0.6848602514927513,
            0.0,
            0.0,
            0.0,
            0.5852479572510871,
            0.5707453529308267,
            0.04289360440703896,
            -0.5396631564084525,
            0.00977213467303271,
            0.14162858398249278,
            0.32784938230697963,
            0.019420302128101724,
            -0.1843666233028414,
            -0.00832245725089414
        ],
        [
            0.5596753480158811,
            0.8818195988394418,
            0.013349218551341182,
            0.16576676460793363,
            -0.011463373779658838,
            0.6848602514927513,
            1.0000000000000002,
            0.0,
            0.0,
            0.0,
            0.5707453529308267,
            0.8926504488080409,
            0.012813567269910004,
            -0.1612130818410983,
            0.002919220866012748,
            0.32784938230697963,
            0.6316357501774452,
            0.018828822758694366,
            -0.17875141436470995,
            -0.008068982215634244
        ],
        [
            -0.042648560284387294,
            -0.01334921855134118,
            0.46808236537127196,
            -0.0564135455571114,
            0.003901201549577859,
            0.0,
            0.0,
            1.0000000000000004,
            0.0,
            0.0,
            -0.04289360440703896,
            -0.01281356726990998,
            0.5039707411489401,
            0.05431676268182823,
            -0.000983559306628384,
            -0.019420302128101724,
            -0.018828822758694373,
            0.060830396501563785,
            0.0368400818199907,
            0.00166299084169206
        ],
        [
            -0.5295975810373563,
            -0.16576676460793344,
            -0.05641354555711142,
            -0.22790186212129235,
            0.04844400115780608,
            0.0,
            0.0,
            0.0,
            1.0000000000000004,
            0.0,
            0.5396631564084525,
            0.16121308184109828,
            0.05431676268182823,
            -0.17509494000356826,
            0.012374588875605858,
            0.18436662330284123,
            0.17875141436470995,
            0.0368400818199907,
            -0.2850303331128919,
            -0.015787602275386652
        ],
        [
            0.03662359604226606,
            0.011463373779658814,
            0.003901201549577864,
            0.048444001157806116,
            0.46927527672905506,
            0.0,
            0.0,
            0.0,
            0.0,
            1.0000000000000004,
            -0.00977213467303271,
            -0.0029192208660127478,
            -0.000983559306628384,
            0.012374588875605858,
            0.50806387879582,
            0.008322457250894142,
            0.008068982215634237,
            0.0016629908416920598,
            -0.01578760227538665,
            0.06399829025518433
        ],
        [
            0.13322687630328298,
            0.3197817072185716,
            0.0004328243025731621,
            0.17493525057199877,
            -0.007741388752022943,
            0.5852479572510871,
            0.5707453529308267,
            -0.04289360440703896,
            0.5396631564084525,
            -0.00977213467303271,
            0.9999999999999999,
            0.6848602514927513,
            0.0,
            0.0,
            0.0,
            0.5759051537319462,
            0.567401882988114,
            0.06964959915746446,
            -0.5314309093040128,
            -0.057435347414603086
        ],
        [
            0.3197817072185716,
            0.6218827550650007,
            0.00044030111114794494,
            0.1779571635600908,
            -0.007875117106594784,
            0.5707453529308267,
            0.8926504488080409,
            -0.012813567269910026,
            0.1612130818410983,
            -0.002919220866012748,
            0.6848602514927513,
            1.0000000000000002,
            0.0,
            0.0,
            0.0,
            0.567401882988114,
            0.8893877054163865,
            0.021100885424270712,
            -0.1610011093213618,
            -0.017400483272829257
        ],
        [
            -0.0004328243025731623,
            -0.00044030111114794494,
            0.05897808012833321,
            -0.0008244972659853442,
            3.648637904654692e-05,
            0.04289360440703896,
            0.012813567269910002,
            0.5039707411489401,
            0.05431676268182823,
            -0.000983559306628384,
            0.0,
            0.0,
            1.0000000000000004,
            0.0,
            0.0,
            -0.06964959915746446,
            -0.021100885424270716,
            0.485717436982151,
            0.08850413425082443,
            0.009565242836518582
        ],
        [
            -0.17493525057199888,
            -0.17795716356009061,
            -0.0008244972659853444,
            -0.274258182289299,
            0.014746754798718165,
            -0.5396631564084525,
            -0.16121308184109828,
            0.05431676268182823,
            -0.17509494000356826,
            0.012374588875605858,
            0.0,
            0.0,
            0.0,
            1.0000000000000004,
            0.0,
            0.5314309093040128,
            0.16100110932136172,
            0.08850413425082428,
            -0.17797538869238277,
            -0.07298341641324409
        ],
        [
            0.007741388752022946,
            0.007875117106594788,
            3.648637904654692e-05,
            0.01474675479871816,
            0.05832753371815344,
            0.00977213467303271,
            0.0029192208660127478,
            -0.000983559306628384,
            0.012374588875605858,
            0.50806387879582,
            0.0,
            0.0,
            0.0,
            0.0,
            1.0000000000000004,
            0.05743534741460307,
            0.017400483272829236,
            0.009565242836518578,
            -0.07298341641324417,
            0.48942901935836675
        ],
        [
            0.014683923600997356,
            0.12659774758926415,
            -0.0007397297238437298,
            0.017844569268425252,
            0.00010453814288172808,
            0.14162858398249278,
            0.32784938230697963,
            -0.019420302128101724,
            0.18436662330284131,
            0.008322457250894142,
            0.5759051537319462,
            0.567401882988114,
            -0.06964959915746446,
            0.5314309093040128,
            0.057435347414603086,
            0.9999999999999999,
            0.6848602514927513,
            0.0,
            0.0,
            0.0
        ],
        [
            0.12659774758926415,
            0.3483087140412759,
            -0.004073798144479239,
            0.09827261340399947,
            0.0005757066111741837,
            0.32784938230697963,
            0.6316357501774452,
            -0.018828822758694373,
            0.17875141436470995,
            0.008068982215634237,
            0.567401882988114,
            0.8893877054163865,
            -0.0211008854242707,
            0.16100110932136252,
            0.017400483272829257,
            0.6848602514927513,
            1.0000000000000002,
            0.0,
            0.0,
            0.0
        ],
        [
            0.0007397297238437301,
            0.004073798144479244,
            0.0018242788205772736,
            0.0009698040685902201,
            5.6813652806376885e-06,
            0.019420302128101724,
            0.018828822758694366,
            0.060830396501563785,
            0.0368400818199907,
            0.0016629908416920598,
            0.06964959915746446,
            0.0211008854242707,
            0.485717436982151,
            0.0885041342508243,
            0.009565242836518582,
            0.0,
            0.0,
            1.0000000000000004,
            0.0,
            0.0
        ],
        [
            -0.01784456926842525,
            -0.09827261340399945,
            0.0009698040685902194,
            -0.02153019306101571,
            -0.00013705210568364638,
            -0.18436662330284123,
            -0.17875141436470995,
            0.0368400818199907,
            -0.2850303331128919,
            -0.01578760227538665,
            -0.5314309093040128,
            -0.16100110932136172,
            0.08850413425082439,
            -0.17797538869238277,
            -0.07298341641324417,
            0.0,
            0.0,
            0.0,
            1.0000000000000004,
            0.0
        ],
        [
            -0.00010453814288172808,
            -0.0005757066111741836,
            5.6813652806377e-06,
            -0.00013705210568364676,
            0.0018636782430378985,
            -0.00832245725089414,
            -0.008068982215634244,
            0.00166299084169206,
            -0.015787602275386652,
            0.06399829025518433,
            -0.05743534741460306,
            -0.01740048327282925,
            0.009565242836518578,
            -0.07298341641324409,
            0.48942901935836675,
            0.0,
            0.0,
            0.0,
            0.0,
            1.0000000000000004
        ]
    ],
    "h": [
        [
            -0.2719140844632,
            -0.4690267951981427,
            -0.02302841971946267,
            -0.29323530670471565,
            0.02051682657423691,
            -0.5849982736612773,
            -0.4618094004174389,
            0.004287664439011116,
            0.01813753870854784,
            -0.0007725142590986195,
            -0.26937709270321225,
            -0.3229511601882038,
            -0.015323807660983393,
            0.3369192085071715,
            -0.0073535990724740985,
            -0.018007600778979505,
            -0.14718260858312465,
            -0.005861611741242325,
            0.07852839872728336,
            0.002261581893561287
        ],
        [
            -0.4690267951981427,
            -0.31252066331049133,
            -0.01862357465582351,
            -0.2491764358943652,
            0.0171164685880072,
            -0.549685077676515,
            -0.36752771459809264,
            0.02551125415954881,
            0.10079596730919763,
            -0.01223452563994154,
            -0.3556675453984823,
            -0.31634233127611133,
            -0.010258449635038611,
            0.20341517835080147,
            -0.009124829786047981,
            -0.14833009269012054,
            -0.20419316843683877,
            -0.014423530856953038,
            0.13063802738745373,
            0.009641748820021254
        ],
        [
            -0.02302841971946267,
            -0.01862357465582351,
            1.4818294956392504,
            -0.021496631869432348,
            0.0015014636975986776,
            -0.0029759955936652233,
            -0.01639715068025299,
            0.39651356301673846,
            -0.07950041538646277,
            0.005515376524687504,
            -0.010196095741594165,
            -0.013316022674623652,
            -0.048210880677597726,
            0.01698730695076938,
            -0.0003715861226363438,
            0.00109298421412682,
            -0.005188125767510969,
            -0.005941147013282985,
            -0.0011175672986792526,
            1.169589965160975e-05
        ],
        [
            -0.29323530670471565,
            -0.2491764358943652,
            -0.021496631869432348,
            1.1956258627154441,
            0.019540289474098468,
            -0.08523929538346331,
            -0.2408079330933937,
            -0.07210782361855315,
            -0.6249507278227604,
            0.06789609859606409,
            -0.2648249964063383,
            -0.19897684604937216,
            -0.014052612725320355,
            0.17611891171035687,
            -0.005689407171586683,
            -0.07789149246040439,
            -0.128332349865227,
            -0.008000986127715949,
            0.10706392088686775,
            0.0036159639425284596
        ],
        [
            0.02051682657423691,
            0.0171164685880072,
            0.0015014636975986776,
            0.019540289474098468,
            1.4822334409991935,
            0.004971436490143519,
            0.01594587260085986,
            0.005138621389584835,
            0.06964568508026421,
            0.3981114115554215,
            0.014568712438010155,
            0.012943869110320421,
            0.000924591842407555,
            -0.015463656675351455,
            -0.04694512485027738,
            0.0016259314206956027,
            0.006606852961095342,
            0.0002097534750078574,
            -0.002072078681029413,
            -0.006061190336005502
        ],
        [
            -0.5849982736612773,
            -0.549685077676515,
            -0.0029759955936652233,
            -0.08523929538346331,
            0.004971436490143519,
            -0.48315155934248466,
            -0.6182614928502166,
            0.042237814416857374,
            0.01388496395919675,
            -0.014270551032402282,
            -0.5690682253239303,
            -0.5389436769999351,
            0.004934982900537455,
            0.046570086410689715,
            -0.00921477749754816,
            -0.28326433337716006,
            -0.36189708535220105,
            -0.031633262687288416,
            0.2720478480746072,
            0.0201997491642933
        ],
        [
            -0.4618094004174389,
            -0.36752771459809264,
            -0.01639715068025299,
            -0.2408079330933937,
            0.01594587260085986,
            -0.6182614928502166,
            -0.43932551330390757,
            0.03534503027613803,
            -0.015576778897715776,
            -0.011777414400392972,
            -0.5423151333270065,
            -0.418154322713866,
            -0.0007293294350985378,
            0.13614639606858087,
            -0.01883888236411923,
            -0.33283665115299954,
            -0.3201275442862125,
            -0.026024989245638543,
            0.20569230633814928,
            0.019797080693664627
        ],
        [
            0.004287664439011116,
            0.02551125415954881,
            0.39651356301673846,
            -0.07210782361855315,
            0.005138621389584835,
            0.042237814416857374,
            0.03534503027613803,
            1.3892657778545925,
            0.005135632725431955,
            0.0011331028760885558,
            0.01410114077331212,
            0.0311837994901059,
            0.43595343323871494,
            0.07739246520148571,
            -0.0002865749999279542,
            0.028027257301545767,
            0.023006666508296626,
            -0.045182567766131,
            -0.018017426306907974,
            -0.0019310230575232297
        ],
        [
            0.01813753870854784,
            0.10079596730919763,
            -0.07950041538646277,
            -0.6249507278227604,
            0.06964568508026421,
            0.01388496395919675,
            -0.015576778897715776,
            0.005135632725431955,
            0.7772481617162181,
            0.02228866527297971,
            -0.05662637460795206,
            -0.14188827168935964,
            0.09387672423530677,
            -0.7263697481726551,
            0.008702144105715348,
            -0.3463146238250985,
            -0.2065528909781672,
            -0.02825549850719576,
            0.16285667821514693,
            0.023256026496053805
        ],
        [
            -0.0007725142590986195,
            -0.01223452563994154,
            0.005515376524687504,
            0.06789609859606409,
            0.3981114115554215,
            -0.014270551032402282,
            -0.011777414400392972,
            0.0011331028760885558,
            0.02228866527297971,
            1.391652901439139,
            -0.006390422258421551,
            -0.006586578253909764,
            -0.0014734266847343492,
            0.022866112116260138,
            0.4422361755928993,
            -0.0024647088251197845,
            -0.0012889383605192428,
            0.0002338219204422909,
            -0.002221536013771213,
            -0.04762848829895269
        ],
        [
            -0.26937709270321225,
            -0.3556675453984823,
            -0.010196095741594165,
            -0.2648249964063383,
            0.014568712438010155,
            -0.5690682253239303,
            -0.5423151333270065,
            0.01410114077331212,
            -0.05662637460795206,
            -0.006390422258421551,
            -0.5008378608121014,
            -0.6245019593997543,
            0.01683256079613862,
            -0.02771053720709976,
            -0.03514690792665931,
            -0.6036487559135179,
            -0.5596741726588452,
            -0.010274244434975932,
            0.08546204154008152,
            0.005880934996020978
        ],
        [
            -0.3229511601882038,
            -0.31634233127611133,
            -0.013316022674623652,
            -0.19897684604937216,
            0.012943869110320421,
            -0.5389436769999351,
            -0.418154322713866,
            0.0311837994901059,
            -0.14188827168935964,
            -0.006586578253909764,
            -0.6245019593997543,
            -0.4392807376631378,
            0.011816239065823901,
            0.00973428488865799,
            -0.027676331184797832,
            -0.4718529074828326,
            -0.36962849030711875,
            -0.03186351322151494,
            0.24864552151392538,
            0.02427138030010027
        ],
        [
            -0.015323807660983393,
            -0.010258449635038611,
            -0.048210880677597726,
            -0.014052612725320355,
            0.000924591842407555,
            0.004934982900537455,
            -0.0007293294350985378,
            0.43595343323871494,
            0.09387672423530677,
            -0.0014734266847343492,
            0.01683256079613862,
            0.011816239065823901,
            1.3812992140478653,
            0.06015276038257258,
            0.0034341443230087106,
            0.00044372882128715374,
            0.018628538670581493,
            0.4214657224389332,
            0.12928212854086532,
            0.013835226565441339
        ],
        [
            0.3369192085071715,
            0.20341517835080147,
            0.01698730695076938,
            0.17611891171035687,
            -0.015463656675351455,
            0.046570086410689715,
            0.13614639606858087,
            0.07739246520148571,
            -0.7263697481726551,
            0.022866112116260138,
            -0.02771053720709976,
            0.00973428488865799,
            0.06015276038257258,
            0.7685011986404955,
            -0.023995596123635457,
            -0.008913745850442356,
            -0.10123630600392625,
            0.13095454946301371,
            -0.5740272667373818,
            -0.10647203487705698
        ],
        [
            -0.0073535990724740985,
            -0.009124829786047981,
            -0.0003715861226363438,
            -0.005689407171586683,
            -0.04694512485027738,
            -0.00921477749754816,
            -0.01883888236411923,
            -0.0002865749999279542,
            0.008702144105715348,
            0.4422361755928993,
            -0.03514690792665931,
            -0.027676331184797832,
            0.0034341443230087106,
            -0.023995596123635457,
            1.3844958403055445,
            -0.003601129260520211,
            -0.025044378991584487,
            0.013211592398078943,
            -0.10038719057965523,
            0.4272572927222209
        ],
        [
            -0.018007600778979505,
            -0.14833009269012054,
            0.00109298421412682,
            -0.07789149246040439,
            0.0016259314206956027,
            -0.28326433337716006,
            -0.33283665115299954,
            0.028027257301545767,
            -0.3463146238250985,
            -0.0024647088251197845,
            -0.6036487559135179,
            -0.4718529074828326,
            0.00044372882128715374,
            -0.008913745850442356,
            -0.003601129260520211,
            -0.2914218957227095,
            -0.47723234618407395,
            -0.04045904470694485,
            0.30573325107008986,
            0.032547211455464624
        ],
        [
            -0.14718260858312465,
            -0.20419316843683877,
            -0.005188125767510969,
            -0.128332349865227,
            0.006606852961095342,
            -0.36189708535220105,
            -0.3201275442862125,
            0.023006666508296626,
            -0.2065528909781672,
            -0.0012889383605192428,
            -0.5596741726588452,
            -0.36962849030711875,
            0.018628538670581493,
            -0.10123630600392625,
            -0.025044378991584487,
            -0.47723234618407395,
            -0.31537180270079435,
            -0.03338274746368515,
            0.25508805373121457,
            0.026297597172706674
        ],
        [
            -0.005861611741242325,
            -0.014423530856953038,
            -0.005941147013282985,
            -0.008000986127715949,
            0.0002097534750078574,
            -0.031633262687288416,
            -0.026024989245638543,
            -0.045182567766131,
            -0.02825549850719576,
            0.0002338219204422909,
            -0.010274244434975932,
            -0.03186351322151494,
            0.4214657224389332,
            0.13095454946301371,
            0.013211592398078943,
            -0.04045904470694485,
            -0.03338274746368515,
            1.4705537702857283,
            0.03873081866791846,
            0.004027902929886346
        ],
        [
            0.07852839872728336,
            0.13063802738745373,
            -0.0011175672986792526,
            0.10706392088686775,
            -0.002072078681029413,
            0.2720478480746072,
            0.20569230633814928,
            -0.018017426306907974,
            0.16285667821514693,
            -0.002221536013771213,
            0.08546204154008152,
            0.24864552151392538,
            0.12928212854086532,
            -0.5740272667373818,
            -0.10038719057965523,
            0.30573325107008986,
            0.25508805373121457,
            0.03873081866791846,
            1.1770729846712848,
            -0.030747203069386407
        ],
        [
            0.002261581893561287,
            0.009641748820021254,
            1.169589965160975e-05,
            0.0036159639425284596,
            -0.006061190336005502,
            0.0201997491642933,
            0.019797080693664627,
            -0.0019310230575232297,
            0.023256026496053805,
            -0.04762848829895269,
            0.005880934996020978,
            0.02427138030010027,
            0.013835226565441339,
            -0.10647203487705698,
            0.4272572927222209,
            0.032547211455464624,
            0.026297597172706674,
            0.004027902929886346,
            -0.030747203069386407,
            1.472331396094774
        ]
    ]
}