{
    "HF": -2.162474756621092,
    "coordinates": [
        [
            0.768413,
            0.182032,
            -0.128293
        ],
        [
            1.425029,
            -0.090734,
            -0.135433
        ],
        [
            2.199179,
            0.10009,
            0.038493
        ],
        [
            2.993852,
            0.183131,
            -0.04037
        ]
    ],
    "elements": [
        "H",
        "H",
        "H",
        "H"
    ],
    "Enn": 2.9878259418100144,
    "S": [
        [
            0.9999999999999999,
            0.6848602514927513,
            0.0,
            0.0,
            0.0,
            0.5941446985235326,
            0.5738891541119056,
            0.0054573490779555155,
            -0.5018743308362508,
            0.2084844928007857,
            0.14500907958665232,
            0.3310101245805182,
            -0.021935538664578133,
            -0.18817300560576902,
            0.010776935169935494,
            0.013336593958368075,
            0.12147828608710036,
            -0.0006344991318415564,
            -0.016059951474202902,
            -7.930968528074253e-06
        ],
        [
            0.6848602514927513,
            1.0000000000000002,
            0.0,
            0.0,
            0.0,
            0.5738891541119056,
            0.8957117145171515,
            0.0016089174618543725,
            -0.1479609171054559,
            0.06146470313727776,
            0.3310101245805182,
            0.6354319087158995,
            -0.020876002524468116,
            -0.1790838237497341,
            0.010256384821627515,
            0.12147828608710036,
            0.33941593029248035,
            -0.0037599789360595786,
            -0.09516967987313321,
            -4.6998133033787884e-05
        ],
        [
            0.0,
            0.0,
            1.0000000000000004,
            0.0,
            0.0,
            -0.0054573490779555155,
            -0.0016089174618543495,
            0.5186953552613246,
            0.006314102971486288,
            -0.002622952549314102,
            0.021935538664578133,
            0.020876002524468106,
            0.062220076954252,
            -0.04154754893886598,
            0.0023794871105048323,
            0.0006344991318415568,
            0.0037599789360595786,
            0.0015661050141261347,
            -0.0008118502983127015,
            -4.0092021297623427e-07
        ],
        [
            0.0,
            0.0,
            0.0,
            1.0000000000000004,
            0.0,
            0.5018743308362504,
            0.1479609171054559,
            0.006314102971486288,
            -0.06189999633639164,
            0.24121465141742623,
            0.18817300560576905,
            0.17908382374973397,
            -0.04154754893886598,
            -0.28935040878932916,
            0.020412320309549706,
            0.01605995147420292,
            0.09516967987313328,
            -0.0008118502983127017,
            -0.018950747358651696,
            -1.014778246699519e-05
        ],
        [
            0.0,
            0.0,
            0.0,
            0.0,
            1.0000000000000004,
            -0.20848449280078568,
            -0.06146470313727779,
            -0.002622952549314103,
            0.24121465141742635,
            0.4185606145402497,
            -0.010776935169935494,
            -0.0102563848216275,
            0.0023794871105048306,
            0.020412320309549693,
            0.06589427884786184,
            7.930968528074263e-06,
            4.6998133033787884e-05,
            -4.009202129762558e-07,
            -1.0147782466995732e-05,
            0.0015981747142462532
        ],
        [
            0.5941446985235326,
            0.5738891541119056,
            -0.0054573490779555155,
            0.5018743308362508,
            -0.2084844928007857,
            0.9999999999999999,
            0.6848602514927513,
            0.0,
            0.0,
            0.0,
            0.5102542227703487,
            0.5426081650593957,
            -0.10965886838200857,
            -0.4880950114297571,
            -0.12031291411363686,
            0.09771315181878903,
            0.2815976984563202,
            -0.007727310736514847,
            -0.12752367179230015,
            -0.022261447196655248
        ],
        [
            0.5738891541119056,
            0.8957117145171515,
            -0.0016089174618543495,
            0.1479609171054559,
            -0.06146470313727774,
            0.6848602514927513,
            1.0000000000000002,
            0.0,
            0.0,
            0.0,
            0.5426081650593957,
            0.8649599790360362,
            -0.03691611894569328,
            -0.16431478606883673,
            -0.040502751064780323,
            0.2815976984563202,
            0.5743919677097178,
            -0.010008831091198017,
            -0.16517556166948785,
            -0.028834231265486506
        ],
        [
            0.0054573490779555155,
            0.0016089174618543725,
            0.5186953552613246,
            0.006314102971486288,
            -0.002622952549314102,
            0.0,
            0.0,
            1.0000000000000004,
            0.0,
            0.0,
            0.10965886838200856,
            0.03691611894569328,
            0.3881836446699441,
            -0.147258368189551,
            -0.03629843163650827,
            0.007727310736514847,
            0.010008831091198017,
            0.035876332712869816,
            -0.014224475673005001,
            -0.0024831265414820623
        ],
        [
            -0.5018743308362508,
            -0.1479609171054559,
            0.006314102971486288,
            -0.06189999633639164,
            0.24121465141742623,
            0.0,
            0.0,
            0.0,
            1.0000000000000004,
            0.0,
            0.4880950114297571,
            0.16431478606883632,
            -0.147258368189551,
            -0.23418379837423048,
            -0.16156544077022914,
            0.1275236717923002,
            0.16517556166948805,
            -0.014224475673004998,
            -0.19800800294247908,
            -0.040978993195959657
        ],
        [
            0.20848449280078568,
            0.06146470313727779,
            -0.002622952549314103,
            0.24121465141742635,
            0.4185606145402497,
            0.0,
            0.0,
            0.0,
            0.0,
            1.0000000000000004,
            0.12031291411363682,
            0.04050275106478026,
            -0.036298431636508255,
            -0.1615654407702291,
            0.3814426968900534,
            0.022261447196655255,
            0.028834231265486496,
            -0.0024831265414820623,
            -0.04097899319595966,
            0.02958467926266632
        ],
        [
            0.14500907958665232,
            0.3310101245805182,
            0.021935538664578133,
            0.18817300560576902,
            -0.010776935169935494,
            0.5102542227703487,
            0.5426081650593957,
            0.10965886838200856,
            0.4880950114297571,
            0.12031291411363686,
            0.9999999999999999,
            0.6848602514927513,
            0.0,
            0.0,
            0.0,
            0.5205931035845285,
            0.5466719667343084,
            0.05100146525903246,
            -0.5139227191685722,
            -0.05370341828963283
        ],
        [
            0.3310101245805182,
            0.6354319087158995,
            0.020876002524468123,
            0.1790838237497341,
            -0.0102563848216275,
            0.5426081650593957,
            0.8649599790360362,
            0.03691611894569329,
            0.16431478606883673,
            0.040502751064780323,
            0.6848602514927513,
            1.0000000000000002,
            0.0,
            0.0,
            0.0,
            0.5466719667343084,
            0.8689924463165163,
            0.016872687341907184,
            -0.17001976932218416,
            -0.017766567713114044
        ],
        [
            -0.021935538664578133,
            -0.020876002524468106,
            0.062220076954252,
            -0.04154754893886598,
            0.0023794871105048306,
            -0.10965886838200856,
            -0.03691611894569328,
            0.3881836446699441,
            -0.147258368189551,
            -0.03629843163650827,
            0.0,
            0.0,
            1.0000000000000004,
            0.0,
            0.0,
            -0.051001465259032444,
            -0.01687268734190716,
            0.4261139790903667,
            0.07046756241968449,
            0.007363653793312493
        ],
        [
            -0.18817300560576905,
            -0.17908382374973408,
            -0.04154754893886598,
            -0.28935040878932916,
            0.020412320309549693,
            -0.4880950114297571,
            -0.16431478606883632,
            -0.147258368189551,
            -0.23418379837423048,
            -0.16156544077022914,
            0.0,
            0.0,
            0.0,
            1.0000000000000004,
            0.0,
            0.5139227191685716,
            0.17001976932218413,
            0.0704675624196845,
            -0.27696816165817517,
            -0.07420078935486882
        ],
        [
            0.010776935169935494,
            0.010256384821627513,
            0.0023794871105048323,
            0.020412320309549706,
            0.06589427884786185,
            -0.12031291411363682,
            -0.04050275106478026,
            -0.036298431636508255,
            -0.1615654407702291,
            0.3814426968900534,
            0.0,
            0.0,
            0.0,
            0.0,
            1.0000000000000004,
            0.05370341828963281,
            0.01776656771311404,
            0.007363653793312496,
            -0.07420078935486882,
            0.42535338401073763
        ],
        [
            0.013336593958368075,
            0.12147828608710036,
            0.0006344991318415561,
            0.016059951474202902,
            7.930968528074253e-06,
            0.09771315181878903,
            0.2815976984563202,
            0.007727310736514847,
            0.12752367179230015,
            0.022261447196655248,
            0.5205931035845285,
            0.5466719667343084,
            -0.05100146525903246,
            0.5139227191685722,
            0.05370341828963283,
            0.9999999999999999,
            0.6848602514927513,
            0.0,
            0.0,
            0.0
        ],
        [
            0.12147828608710036,
            0.33941593029248035,
            0.0037599789360595786,
            0.09516967987313328,
            4.6998133033787884e-05,
            0.2815976984563202,
            0.5743919677097178,
            0.010008831091198017,
            0.16517556166948805,
            0.028834231265486517,
            0.5466719667343084,
            0.8689924463165163,
            -0.016872687341907184,
            0.17001976932218416,
            0.017766567713114044,
            0.6848602514927513,
            1.0000000000000002,
            0.0,
            0.0,
            0.0
        ],
        [
            -0.0006344991318415572,
            -0.0037599789360595786,
            0.0015661050141261347,
            -0.0008118502983127017,
            -4.009202129762558e-07,
            -0.00772731073651485,
            -0.010008831091198012,
            0.035876332712869816,
            -0.014224475673004994,
            -0.0024831265414820627,
            0.051001465259032444,
            0.01687268734190716,
            0.4261139790903667,
            0.07046756241968449,
            0.007363653793312493,
            0.0,
            0.0,
            1.0000000000000004,
            0.0,
            0.0
        ],
        [
            -0.01605995147420292,
            -0.09516967987313321,
            -0.0008118502983127015,
            -0.018950747358651696,
            -1.0147782466995732e-05,
            -0.1275236717923002,
            -0.16517556166948785,
            -0.014224475673005003,
            -0.19800800294247908,
            -0.040978993195959684,
            -0.5139227191685716,
            -0.17001976932218413,
            0.0704675624196845,
            -0.27696816165817517,
            -0.07420078935486882,
            0.0,
            0.0,
            0.0,
            1.0000000000000004,
            0.0
        ],
        [
            -7.930968528074263e-06,
            -4.6998133033787884e-05,
            -4.0092021297623427e-07,
            -1.014778246699519e-05,
            0.0015981747142462532,
            -0.022261447196655255,
            -0.028834231265486506,
            -0.002483126541482062,
            -0.04097899319595964,
            0.02958467926266632,
            -0.05370341828963283,
            -0.01776656771311404,
            0.007363653793312496,
            -0.07420078935486882,
            0.42535338401073763,
            0.0,
            0.0,
            0.0,
            0.0,
            1.0000000000000004
        ]
    ],
    "h": [
        [
            -0.3132641208182594,
            -0.4881543828533216,
            -0.00019611236235386915,
            -0.30191341653393855,
            0.11939704982085766,
            -0.6215836739664742,
            -0.48747838272145816,
            -0.010569479261039537,
            0.0010073924594344863,
            -0.021198967259331514,
            -0.2758060516713329,
            -0.33854060399270036,
            0.0497351597844371,
            0.3214584750920161,
            0.031088605361668332,
            -0.016155917686336195,
            -0.14415026078502974,
            0.0021692435195694035,
            0.06709720044703606,
            0.005012425729979673
        ],
        [
            -0.4881543828533216,
            -0.32267066967944524,
            -0.0019563205842438565,
            -0.2485226742446819,
            0.09308455826831491,
            -0.5589220828125804,
            -0.3742182343286282,
            -0.026035675443842173,
            0.10465414329731387,
            -0.11031703446349704,
            -0.3463802883771689,
            -0.3221790637701307,
            0.04567539270206747,
            0.18058333401105242,
            0.03398269066595562,
            -0.14197486111010454,
            -0.20069756917764336,
            -0.004671366251260665,
            0.11464217214978448,
            0.012279701842896507
        ],
        [
            -0.00019611236235386915,
            -0.0019563205842438565,
            1.4636649021997552,
            -0.0011004895842957893,
            -0.0008498162979367083,
            -0.006975159656428012,
            -0.003983360211141947,
            0.4672721331872609,
            0.005645416594604885,
            -0.006386039247227859,
            -0.014510310013728024,
            -0.0034540528269523113,
            -0.04453084699924205,
            -0.003358589077633159,
            0.0017334280701580607,
            -0.0052804055347570955,
            -0.00501539648935529,
            -0.005282852078705273,
            0.004979031807938069,
            0.0002494584264049523
        ],
        [
            -0.30191341653393855,
            -0.2485226742446819,
            -0.0011004895842957893,
            1.187375613464892,
            0.10478635759935412,
            -0.0778952540979807,
            -0.24355351027463878,
            -0.006928163550742831,
            -0.41510865056778645,
            0.3226170965506813,
            -0.24696785327443793,
            -0.19634403604283412,
            0.03699268552541826,
            0.11016425246038186,
            0.040319860408646616,
            -0.07132052877603433,
            -0.1218287203994513,
            0.0014323374511446539,
            0.09289962630280957,
            0.0048949936116896
        ],
        [
            0.11939704982085766,
            0.09308455826831491,
            -0.0008498162979367083,
            0.10478635759935412,
            1.4210894833163337,
            0.013343418915832628,
            0.08475145115976879,
            -0.0014548540019947214,
            0.3532409218511368,
            0.32727371371797626,
            0.05271044872705782,
            0.06620219046162125,
            -0.013103777630121227,
            -0.0718678278098766,
            -0.05582446797788805,
            0.002377509869702139,
            0.027434305521803364,
            -0.0002172069852158612,
            -0.006666930787747868,
            -0.0059915721995802435
        ],
        [
            -0.6215836739664742,
            -0.5589220828125804,
            -0.006975159656428012,
            -0.0778952540979807,
            0.013343418915832628,
            -0.4654769205948983,
            -0.6033831851439544,
            -0.04695385476953057,
            0.08986304124525654,
            -0.16292478723306825,
            -0.5019132552152571,
            -0.5065934354052359,
            0.021445287487318526,
            0.09075266880572408,
            0.0020117238389665837,
            -0.20854309945372743,
            -0.30978820650470024,
            -0.002132093864337962,
            0.214681721147824,
            0.02997088196567564
        ],
        [
            -0.48747838272145816,
            -0.3742182343286282,
            -0.003983360211141947,
            -0.24355351027463878,
            0.08475145115976879,
            -0.6033831851439544,
            -0.42850888298379175,
            -0.04170070415237299,
            0.02685625083213869,
            -0.1304075113011115,
            -0.493403912198195,
            -0.4073854426498218,
            0.0548575487505088,
            0.12555946574074633,
            0.029036555085239432,
            -0.2896357663404924,
            -0.2985484142830289,
            -0.012893984513144396,
            0.1709304206404888,
            0.019826548024102983
        ],
        [
            -0.010569479261039537,
            -0.026035675443842173,
            0.4672721331872609,
            -0.006928163550742831,
            -0.0014548540019947214,
            -0.04695385476953057,
            -0.04170070415237299,
            1.3880510851575034,
            -0.045983739904925554,
            -0.012711624695827786,
            -0.01226213485171121,
            -0.04288782641388065,
            0.2760002958582725,
            -0.20073103563895583,
            -0.04925224038802853,
            -0.03601407315667857,
            -0.037319149963280875,
            -0.0437201910318539,
            0.03659086801751511,
            0.004819814028931842
        ],
        [
            0.0010073924594344863,
            0.10465414329731387,
            0.005645416594604885,
            -0.41510865056778645,
            0.3532409218511368,
            0.08986304124525654,
            0.02685625083213869,
            -0.045983739904925554,
            0.8989502436876837,
            0.0512439697388326,
            -0.041560869446338855,
            -0.09476391890538749,
            -0.20065053042848968,
            -0.7110605587285019,
            -0.22787931082803464,
            -0.2775763165429491,
            -0.16515741488768385,
            -0.009099968317705636,
            0.1967065206647048,
            0.032469945078740625
        ],
        [
            -0.021198967259331514,
            -0.11031703446349704,
            -0.006386039247227859,
            0.3226170965506813,
            0.32727371371797626,
            -0.16292478723306825,
            -0.1304075113011115,
            -0.012711624695827786,
            0.0512439697388326,
            1.3429931088201774,
            -0.0382536273158085,
            -0.09682567458165363,
            -0.04171857249365954,
            -0.18502210104166622,
            0.26676549987209086,
            -0.046156993320286,
            -0.0570065837362503,
            -0.0014966610880779276,
            0.05268189484844148,
            -0.035114867105476066
        ],
        [
            -0.2758060516713329,
            -0.3463802883771689,
            -0.014510310013728024,
            -0.24696785327443793,
            0.05271044872705782,
            -0.5019132552152571,
            -0.493403912198195,
            -0.01226213485171121,
            -0.041560869446338855,
            -0.0382536273158085,
            -0.40306482394346466,
            -0.5842858204825647,
            0.06874401969440905,
            -0.04714782840993878,
            0.021817239279582214,
            -0.5499425328384496,
            -0.520668400978878,
            -0.0010088928757477356,
            0.06852841468611992,
            0.010948364146520784
        ],
        [
            -0.33854060399270036,
            -0.3221790637701307,
            -0.0034540528269523113,
            -0.19634403604283412,
            0.06620219046162125,
            -0.5065934354052359,
            -0.4073854426498218,
            -0.04288782641388065,
            -0.09476391890538749,
            -0.09682567458165363,
            -0.5842858204825647,
            -0.43432400977732666,
            0.060846990781941335,
            -0.006327081797405612,
            0.019896259812721723,
            -0.4460681133328839,
            -0.36196523169057193,
            -0.016631368451791292,
            0.21638556581639945,
            0.02576507461566413
        ],
        [
            0.0497351597844371,
            0.04567539270206747,
            -0.04453084699924205,
            0.03699268552541826,
            -0.013103777630121227,
            0.021445287487318526,
            0.0548575487505088,
            0.2760002958582725,
            -0.20065053042848968,
            -0.04171857249365954,
            0.06874401969440905,
            0.060846990781941335,
            1.406366231346096,
            -0.028016379568002937,
            -0.008846706752393768,
            0.00867710115411044,
            0.03943223106581071,
            0.3401130759364247,
            0.08459123756057768,
            0.008181775868386094
        ],
        [
            0.3214584750920161,
            0.18058333401105242,
            -0.003358589077633159,
            0.11016425246038186,
            -0.0718678278098766,
            0.09075266880572408,
            0.12555946574074633,
            -0.20073103563895583,
            -0.7110605587285019,
            -0.18502210104166622,
            -0.04714782840993878,
            -0.006327081797405612,
            -0.028016379568002937,
            0.899676905256487,
            -0.07655718842459586,
            -0.036363030688107756,
            -0.11330758203713989,
            0.09572935055683099,
            -0.6479471806166597,
            -0.10432039247549663
        ],
        [
            0.031088605361668332,
            0.03398269066595562,
            0.0017334280701580607,
            0.040319860408646616,
            -0.05582446797788805,
            0.0020117238389665837,
            0.029036555085239432,
            -0.04925224038802853,
            -0.22787931082803464,
            0.26676549987209086,
            0.021817239279582214,
            0.019896259812721723,
            -0.008846706752393768,
            -0.07655718842459586,
            1.4046564837650315,
            0.004384032853820122,
            0.001700454671742669,
            0.01010534637280992,
            -0.11164549433331464,
            0.33797249786750416
        ],
        [
            -0.016155917686336195,
            -0.14197486111010454,
            -0.0052804055347570955,
            -0.07132052877603433,
            0.002377509869702139,
            -0.20854309945372743,
            -0.2896357663404924,
            -0.03601407315667857,
            -0.2775763165429491,
            -0.046156993320286,
            -0.5499425328384496,
            -0.4460681133328839,
            0.00867710115411044,
            -0.036363030688107756,
            0.004384032853820122,
            -0.2397016952400579,
            -0.45555981416293445,
            -0.024699747989929424,
            0.26589161958229257,
            0.030098559545031496
        ],
        [
            -0.14415026078502974,
            -0.20069756917764336,
            -0.00501539648935529,
            -0.1218287203994513,
            0.027434305521803364,
            -0.30978820650470024,
            -0.2985484142830289,
            -0.037319149963280875,
            -0.16515741488768385,
            -0.0570065837362503,
            -0.520668400978878,
            -0.36196523169057193,
            0.03943223106581071,
            -0.11330758203713989,
            0.001700454671742669,
            -0.45555981416293445,
            -0.3066393370463969,
            -0.020164812838446126,
            0.23102309559618758,
            0.026723935338422402
        ],
        [
            0.0021692435195694035,
            -0.004671366251260665,
            -0.005282852078705273,
            0.0014323374511446539,
            -0.0002172069852158612,
            -0.002132093864337962,
            -0.012893984513144396,
            -0.0437201910318539,
            -0.009099968317705636,
            -0.0014966610880779276,
            -0.0010088928757477356,
            -0.016631368451791292,
            0.3401130759364247,
            0.09572935055683099,
            0.01010534637280992,
            -0.024699747989929424,
            -0.020164812838446126,
            1.4970447999251946,
            0.022834408059274284,
            0.002309007313015245
        ],
        [
            0.06709720044703606,
            0.11464217214978448,
            0.004979031807938069,
            0.09289962630280957,
            -0.006666930787747868,
            0.214681721147824,
            0.1709304206404888,
            0.03659086801751511,
            0.1967065206647048,
            0.05268189484844148,
            0.06852841468611992,
            0.21638556581639945,
            0.08459123756057768,
            -0.6479471806166597,
            -0.11164549433331464,
            0.26589161958229257,
            0.23102309559618758,
            0.022834408059274284,
            1.2452043172009628,
            -0.028279515732946764
        ],
        [
            0.005012425729979673,
            0.012279701842896507,
            0.0002494584264049523,
            0.0048949936116896,
            -0.0059915721995802435,
            0.02997088196567564,
            0.019826548024102983,
            0.004819814028931842,
            0.032469945078740625,
            -0.035114867105476066,
            0.010948364146520784,
            0.02576507461566413,
            0.008181775868386094,
            -0.10432039247549663,
            0.33797249786750416,
            0.030098559545031496,
            0.026723935338422402,
            0.002309007313015245,
            -0.028279515732946764,
            1.496179370595768
        ]
    ]
}