{
    "HF": -2.155321012927355,
    "coordinates": [
        [
            0.664184,
            0.030456,
            -0.068571
        ],
        [
            1.340432,
            0.049827,
            -0.009386
        ],
        [
            2.145366,
            0.17522,
            0.016156
        ],
        [
            2.809915,
            0.075929,
            -0.157159
        ]
    ],
    "elements": [
        "H",
        "H",
        "H",
        "H"
    ],
    "Enn": 3.150678294030235,
    "S": [
        [
            0.9999999999999999,
            0.6848602514927513,
            0.0,
            0.0,
            0.0,
            0.6201637085302316,
            0.5828664733288456,
            -0.04774895981996247,
            -0.5455797681900819,
            -0.015628032452014756,
            0.12858895343923266,
            0.3151901584820792,
            -0.009621850709370243,
            -0.1682074436414181,
            -0.01643983141255177,
            0.017663673179987995,
            0.13702028414452647,
            0.0009009574598730463,
            -0.02182250814253455,
            -0.0004624693928388385
        ],
        [
            0.6848602514927513,
            1.0000000000000002,
            0.0,
            0.0,
            0.0,
            0.5828664733288456,
            0.9044184085010973,
            -0.013559450476999125,
            -0.15493032467972787,
            -0.004437950750865079,
            0.3151901584820792,
            0.6162904114368742,
            -0.010063754361328604,
            -0.1759327228914209,
            -0.01719486511222366,
            0.13702028414452647,
            0.3660053654953449,
            0.004310766690327991,
            -0.10441307763132897,
            -0.0022127544781379528
        ],
        [
            0.0,
            0.0,
            1.0000000000000004,
            0.0,
            0.0,
            0.047748959819962467,
            0.013559450476999123,
            0.5445489856523905,
            -0.057102390600943596,
            -0.0016356875115798911,
            0.009621850709370239,
            0.010063754361328602,
            0.05484758382765821,
            -0.018209172775503893,
            -0.001779681826860606,
            -0.0009009574598730459,
            -0.004310766690327992,
            0.002454001119743904,
            0.0012362231958547082,
            2.6198427195720783e-05
        ],
        [
            0.0,
            0.0,
            0.0,
            1.0000000000000004,
            0.0,
            0.5455797681900816,
            0.15493032467972798,
            -0.05710239060094361,
            -0.10290553043847758,
            -0.018689370758315088,
            0.16820744364141815,
            0.17593272289142095,
            -0.018209172775503907,
            -0.26244025556782874,
            -0.031112073927709556,
            0.021822508142534548,
            0.10441307763132897,
            0.0012362231958547082,
            -0.027438095441018065,
            -0.0006345642455535868
        ],
        [
            0.0,
            0.0,
            0.0,
            0.0,
            1.0000000000000004,
            0.015628032452014752,
            0.004437950750865089,
            -0.0016356875115798924,
            -0.018689370758315095,
            0.5490112142826528,
            0.016439831412551766,
            0.017194865112223647,
            -0.001779681826860606,
            -0.031112073927709535,
            0.05284843741059343,
            0.00046246939283883836,
            0.002212754478137951,
            2.6198427195720783e-05,
            -0.0006345642455535868,
            0.0024915915728511754
        ],
        [
            0.6201637085302316,
            0.5828664733288456,
            0.04774895981996247,
            0.5455797681900817,
            0.015628032452014756,
            0.9999999999999999,
            0.6848602514927513,
            0.0,
            0.0,
            0.0,
            0.5110580630240725,
            0.5429263785966614,
            -0.016136143884932376,
            -0.5085165939188067,
            -0.0792169560004434,
            0.1330752876850574,
            0.31963323853123043,
            0.01749887807250342,
            -0.17401219334125004,
            -0.003090928081912692
        ],
        [
            0.5828664733288456,
            0.9044184085010973,
            0.013559450476999128,
            0.15493032467972803,
            0.004437950750865091,
            0.6848602514927513,
            1.0000000000000002,
            0.0,
            0.0,
            0.0,
            0.5429263785966615,
            0.865276152656794,
            -0.005424731586449847,
            -0.17095571587218794,
            -0.02663156243910838,
            0.31963323853123043,
            0.6217024034656428,
            0.017817069527080127,
            -0.17717635007655191,
            -0.003147132079580482
        ],
        [
            -0.047748959819962467,
            -0.01355945047699912,
            0.5445489856523905,
            -0.05710239060094361,
            -0.0016356875115798924,
            0.0,
            0.0,
            1.0000000000000004,
            0.0,
            0.0,
            0.016136143884932373,
            0.005424731586449843,
            0.42147113381462115,
            -0.022534677679524537,
            -0.0035104627687097584,
            -0.017498878072503415,
            -0.01781706952708014,
            0.055540334935468935,
            0.03319302331672403,
            0.000589598038638848
        ],
        [
            -0.5455797681900815,
            -0.15493032467972817,
            -0.057102390600943596,
            -0.10290553043847775,
            -0.018689370758315095,
            0.0,
            0.0,
            0.0,
            1.0000000000000004,
            0.0,
            0.5085165939188067,
            0.17095571587218786,
            -0.022534677679524554,
            -0.2879746430944906,
            -0.11062919263443044,
            0.17401219334124995,
            0.17717635007655183,
            0.03319302331672402,
            -0.2711995121780225,
            -0.005863075762237553
        ],
        [
            -0.015628032452014752,
            -0.004437950750865089,
            -0.0016356875115798911,
            -0.018689370758315088,
            0.5490112142826528,
            0.0,
            0.0,
            0.0,
            0.0,
            1.0000000000000004,
            0.07921695600044337,
            0.026631562439108337,
            -0.0035104627687097575,
            -0.11062919263443032,
            0.40495233150944,
            0.003090928081912692,
            0.0031471320795804746,
            0.0005895980386388483,
            -0.005863075762237559,
            0.05877412166933134
        ],
        [
            0.12858895343923266,
            0.3151901584820792,
            0.009621850709370243,
            0.16820744364141813,
            0.01643983141255177,
            0.5110580630240725,
            0.5429263785966614,
            0.016136143884932376,
            0.5085165939188067,
            0.07921695600044337,
            0.9999999999999999,
            0.6848602514927513,
            0.0,
            0.0,
            0.0,
            0.6080855385426778,
            0.5787386835732728,
            0.13640336915480028,
            -0.5230171800966639,
            0.07814457448431626
        ],
        [
            0.3151901584820792,
            0.6162904114368742,
            0.010063754361328604,
            0.17593272289142098,
            0.01719486511222366,
            0.5429263785966615,
            0.865276152656794,
            0.005424731586449847,
            0.17095571587218794,
            0.02663156243910837,
            0.6848602514927513,
            1.0000000000000002,
            0.0,
            0.0,
            0.0,
            0.5787386835732728,
            0.9004214397139241,
            0.039406901078786895,
            -0.15109953959557318,
            0.022575949081232595
        ],
        [
            -0.009621850709370239,
            -0.010063754361328598,
            0.05484758382765821,
            -0.018209172775503896,
            -0.001779681826860606,
            -0.016136143884932373,
            -0.005424731586449843,
            0.42147113381462115,
            -0.022534677679524547,
            -0.003510462768709758,
            0.0,
            0.0,
            1.0000000000000004,
            0.0,
            0.0,
            -0.13640336915480022,
            -0.03940690107878686,
            0.4934924189962771,
            0.16004320632448404,
            -0.0239122322043436
        ],
        [
            -0.16820744364141815,
            -0.17593272289142087,
            -0.018209172775503903,
            -0.26244025556782874,
            -0.03111207392770955,
            -0.5085165939188067,
            -0.17095571587218786,
            -0.02253467767952454,
            -0.2879746430944906,
            -0.11062919263443037,
            0.0,
            0.0,
            0.0,
            1.0000000000000004,
            0.0,
            0.5230171800966639,
            0.15109953959557315,
            0.16004320632448388,
            -0.0784285661358949,
            0.0916876784996355
        ],
        [
            -0.016439831412551766,
            -0.01719486511222366,
            -0.001779681826860606,
            -0.03111207392770954,
            0.05284843741059343,
            -0.07921695600044337,
            -0.026631562439108327,
            -0.003510462768709758,
            -0.11062919263443041,
            0.40495233150944,
            0.0,
            0.0,
            0.0,
            0.0,
            1.0000000000000004,
            -0.07814457448431626,
            -0.02257594908123259,
            -0.02391223220434361,
            0.09168767849963562,
            0.5215326794108148
        ],
        [
            0.017663673179987995,
            0.13702028414452647,
            -0.0009009574598730463,
            0.021822508142534554,
            0.0004624693928388385,
            0.1330752876850574,
            0.31963323853123043,
            -0.01749887807250342,
            0.17401219334125004,
            0.003090928081912692,
            0.6080855385426778,
            0.5787386835732728,
            -0.13640336915480028,
            0.5230171800966645,
            -0.07814457448431626,
            0.9999999999999999,
            0.6848602514927513,
            0.0,
            0.0,
            0.0
        ],
        [
            0.13702028414452647,
            0.3660053654953449,
            -0.004310766690327991,
            0.10441307763132894,
            0.00221275447813795,
            0.31963323853123043,
            0.6217024034656428,
            -0.01781706952708014,
            0.17717635007655191,
            0.0031471320795804754,
            0.5787386835732728,
            0.9004214397139241,
            -0.039406901078786895,
            0.15109953959557318,
            -0.022575949081232595,
            0.6848602514927513,
            1.0000000000000002,
            0.0,
            0.0,
            0.0
        ],
        [
            0.0009009574598730459,
            0.004310766690327992,
            0.002454001119743904,
            0.0012362231958547082,
            2.6198427195720783e-05,
            0.017498878072503415,
            0.017817069527080145,
            0.055540334935468935,
            0.03319302331672402,
            0.0005895980386388483,
            0.13640336915480022,
            0.03940690107878687,
            0.4934924189962771,
            0.16004320632448382,
            -0.0239122322043436,
            0.0,
            0.0,
            1.0000000000000004,
            0.0,
            0.0
        ],
        [
            -0.02182250814253455,
            -0.10441307763132901,
            0.0012362231958547082,
            -0.027438095441018065,
            -0.0006345642455535868,
            -0.17401219334125004,
            -0.17717635007655183,
            0.03319302331672403,
            -0.2711995121780224,
            -0.005863075762237559,
            -0.5230171800966639,
            -0.15109953959557315,
            0.1600432063244841,
            -0.0784285661358949,
            0.09168767849963562,
            0.0,
            0.0,
            0.0,
            1.0000000000000004,
            0.0
        ],
        [
            -0.00046246939283883836,
            -0.0022127544781379484,
            2.6198427195720783e-05,
            -0.0006345642455535868,
            0.0024915915728511754,
            -0.003090928081912692,
            -0.0031471320795804806,
            0.000589598038638848,
            -0.005863075762237553,
            0.05877412166933134,
            0.07814457448431623,
            0.02257594908123259,
            -0.02391223220434361,
            0.0916876784996355,
            0.5215326794108148,
            0.0,
            0.0,
            0.0,
            0.0,
            1.0000000000000004
        ]
    ],
    "h": [
        [
            -0.32460694344698937,
            -0.4901855212145716,
            -0.030228950111546728,
            -0.3357974609214851,
            -0.011536524264908803,
            -0.6282452981597952,
            -0.4883387592986428,
            -0.002299225309923464,
            -0.004169026423359701,
            -0.0061451990620907115,
            -0.25584773021303,
            -0.32899386907190054,
            0.008795645548288406,
            0.3238006627637197,
            0.03639137720115415,
            -0.02860141901036585,
            -0.1634340572154695,
            -0.00667852481756997,
            0.08415563119290931,
            0.0007079068869851044
        ],
        [
            -0.4901855212145716,
            -0.31482301843840843,
            -0.023502486210417436,
            -0.26605682714680484,
            -0.010023243038775755,
            -0.5615379576372546,
            -0.3666800792456617,
            0.015949005755386714,
            0.12451227631982462,
            -0.009818414865447376,
            -0.336975410571014,
            -0.31248584017063163,
            0.017895024441691547,
            0.17456205782812412,
            0.036278790265435554,
            -0.162383791823987,
            -0.21238207370716938,
            -0.023647998044240746,
            0.12933328361775243,
            -0.00984120388674618
        ],
        [
            -0.030228950111546728,
            -0.023502486210417436,
            1.4720645139859414,
            -0.028089583463149964,
            -0.0009509672522084436,
            -0.0045252246703993,
            -0.0218610056454847,
            0.5180877678331803,
            -0.08647866569525611,
            -0.0030405523815918802,
            -0.016863214019626233,
            -0.016483589533656123,
            -0.04557802606579392,
            0.019055682483799068,
            0.0025936187415559818,
            -0.0005459374165624731,
            -0.008183580051923236,
            -0.007769774906322769,
            -0.00017495722852554473,
            -9.502888512475673e-05
        ],
        [
            -0.3357974609214851,
            -0.26605682714680484,
            -0.028089583463149964,
            1.151231631003752,
            -0.01122877561194957,
            -0.05721671390733163,
            -0.25613783312182536,
            -0.08575083191861346,
            -0.487268226470937,
            -0.03754967351549573,
            -0.24868149645026727,
            -0.20099216998609198,
            0.009543937783868542,
            0.17136235077754758,
            0.032892002415419924,
            -0.08411332194688206,
            -0.1328102971267786,
            -0.01061301024867519,
            0.11422518013628924,
            -0.000730387677218107
        ],
        [
            -0.011536524264908803,
            -0.010023243038775755,
            -0.0009509672522084436,
            -0.01122877561194957,
            1.474004323335472,
            -0.005735296156263232,
            -0.010666020235482082,
            -0.002405432669971568,
            -0.030659437187323557,
            0.5240428490528919,
            -0.01602335303348884,
            -0.008278255771053775,
            0.00046501151199076054,
            0.008995694757415074,
            -0.04463363418771975,
            -0.004331003447374679,
            -0.006298724716291331,
            -0.0005434906821505481,
            0.004489434260503559,
            -0.0077537170978189685
        ],
        [
            -0.6282452981597952,
            -0.5615379576372546,
            -0.0045252246703993,
            -0.05721671390733163,
            -0.005735296156263232,
            -0.47667941752884624,
            -0.6092577972663494,
            0.020978806156588422,
            0.11607355492751704,
            -0.022204994688516357,
            -0.5011608106656178,
            -0.5039645240922048,
            0.01657784617427905,
            0.06697533475554707,
            0.019319618478223027,
            -0.258939143961119,
            -0.3404836630795829,
            -0.04149514856434344,
            0.24473123940808073,
            -0.01371057818419951
        ],
        [
            -0.4883387592986428,
            -0.3666800792456617,
            -0.0218610056454847,
            -0.25613783312182536,
            -0.010666020235482082,
            -0.6092577972663494,
            -0.4291993018770244,
            0.016207826834813237,
            0.03544442091558725,
            -0.021235944694644838,
            -0.5027384832300186,
            -0.4029535012409218,
            0.038527897477166645,
            0.1073476710571365,
            0.04955404725311186,
            -0.33026908334957644,
            -0.3145925831649936,
            -0.04496945662848685,
            0.19495778988709095,
            -0.022987339800059493
        ],
        [
            -0.002299225309923464,
            0.015949005755386714,
            0.5180877678331803,
            -0.08575083191861346,
            -0.002405432669971568,
            0.020978806156588422,
            0.016207826834813237,
            1.4015672424131467,
            -0.030587035360373625,
            -0.001704593315272992,
            0.01014626520460861,
            0.009560298792161576,
            0.32094507209176015,
            -0.03460351507015735,
            -0.0061319877768236525,
            0.008219775681485589,
            0.0028166724153485256,
            -0.04558263239030011,
            0.002096811891272962,
            0.00036462123368214425
        ],
        [
            -0.004169026423359701,
            0.12451227631982462,
            -0.08647866569525611,
            -0.487268226470937,
            -0.030659437187323557,
            0.11607355492751704,
            0.03544442091558725,
            -0.030587035360373625,
            0.8145362941820999,
            -0.04546825730090044,
            -0.06895301889377048,
            -0.10642039003453979,
            -0.008519015570276497,
            -0.8033303632045815,
            -0.1426920233301822,
            -0.3238598976785404,
            -0.17445550643196883,
            -0.0494871486778692,
            0.15091884736915162,
            -0.026936636520696403
        ],
        [
            -0.0061451990620907115,
            -0.009818414865447376,
            -0.0030405523815918802,
            -0.03754967351549573,
            0.5240428490528919,
            -0.022204994688516357,
            -0.021235944694644838,
            -0.001704593315272992,
            -0.04546825730090044,
            1.3984990516993636,
            -0.005910287333532549,
            -0.02531860479506115,
            -0.003138910264318542,
            -0.15603582310941214,
            0.3006732958531113,
            -0.027755854995879493,
            -0.02594902354684004,
            -0.0058464406455617166,
            0.027378264370515864,
            -0.04838487537407257
        ],
        [
            -0.25584773021303,
            -0.336975410571014,
            -0.016863214019626233,
            -0.24868149645026727,
            -0.01602335303348884,
            -0.5011608106656178,
            -0.5027384832300186,
            0.01014626520460861,
            -0.06895301889377048,
            -0.005910287333532549,
            -0.4662925105755411,
            -0.6043157268470277,
            0.08330332711087929,
            -0.09926843944623343,
            0.07505589498270017,
            -0.6221305596970447,
            -0.5580689736456598,
            -0.008998415146633687,
            0.062137443341480636,
            -0.0011575301935405347
        ],
        [
            -0.32899386907190054,
            -0.31248584017063163,
            -0.016483589533656123,
            -0.20099216998609198,
            -0.008278255771053775,
            -0.5039645240922048,
            -0.4029535012409218,
            0.009560298792161576,
            -0.10642039003453979,
            -0.02531860479506115,
            -0.6043157268470277,
            -0.42710518932288655,
            0.06337658859988568,
            -0.027125239680315133,
            0.06150073929788507,
            -0.485986845669354,
            -0.3679797848142967,
            -0.05816244029326275,
            0.24676068111712168,
            -0.0299831255278745
        ],
        [
            0.008795645548288406,
            0.017895024441691547,
            -0.04557802606579392,
            0.009543937783868542,
            0.00046501151199076054,
            0.01657784617427905,
            0.038527897477166645,
            0.32094507209176015,
            -0.008519015570276497,
            -0.003138910264318542,
            0.08330332711087929,
            0.06337658859988568,
            1.3866289515167531,
            0.06555349450776468,
            -0.0117384912498239,
            0.005616928543461602,
            0.05894944762055992,
            0.44098077487071086,
            0.2285137155468856,
            -0.035201725689858784
        ],
        [
            0.3238006627637197,
            0.17456205782812412,
            0.019055682483799068,
            0.17136235077754758,
            0.008995694757415074,
            0.06697533475554707,
            0.1073476710571365,
            -0.03460351507015735,
            -0.8033303632045815,
            -0.15603582310941214,
            -0.09926843944623343,
            -0.027125239680315133,
            0.06555349450776468,
            0.8485869256204013,
            0.003569836574859338,
            0.0016969098329339127,
            -0.11372145843545112,
            0.24039403557039457,
            -0.4451392695386056,
            0.13531046134966285
        ],
        [
            0.03639137720115415,
            0.036278790265435554,
            0.0025936187415559818,
            0.032892002415419924,
            -0.04463363418771975,
            0.019319618478223027,
            0.04955404725311186,
            -0.0061319877768236525,
            -0.1426920233301822,
            0.3006732958531113,
            0.07505589498270017,
            0.06150073929788507,
            -0.0117384912498239,
            0.003569836574859338,
            1.393863887672779,
            0.008078551214751983,
            0.04798146685032537,
            -0.033464755295115084,
            0.12188474806276661,
            0.4815033170758055
        ],
        [
            -0.02860141901036585,
            -0.162383791823987,
            -0.0005459374165624731,
            -0.08411332194688206,
            -0.004331003447374679,
            -0.258939143961119,
            -0.33026908334957644,
            0.008219775681485589,
            -0.3238598976785404,
            -0.027755854995879493,
            -0.6221305596970447,
            -0.485986845669354,
            0.005616928543461602,
            0.0016969098329339127,
            0.008078551214751983,
            -0.31591000731010377,
            -0.48750248834440457,
            -0.08121244495413038,
            0.3174532345790001,
            -0.04500530027121741
        ],
        [
            -0.1634340572154695,
            -0.21238207370716938,
            -0.008183580051923236,
            -0.1328102971267786,
            -0.006298724716291331,
            -0.3404836630795829,
            -0.3145925831649936,
            0.0028166724153485256,
            -0.17445550643196883,
            -0.02594902354684004,
            -0.5580689736456598,
            -0.3679797848142967,
            0.05894944762055992,
            -0.11372145843545112,
            0.04798146685032537,
            -0.48750248834440457,
            -0.3161194073007869,
            -0.06320719652281426,
            0.25548474497527635,
            -0.03400989153740205
        ],
        [
            -0.00667852481756997,
            -0.023647998044240746,
            -0.007769774906322769,
            -0.01061301024867519,
            -0.0005434906821505481,
            -0.04149514856434344,
            -0.04496945662848685,
            -0.04558263239030011,
            -0.0494871486778692,
            -0.0058464406455617166,
            -0.008998415146633687,
            -0.05816244029326275,
            0.44098077487071086,
            0.24039403557039457,
            -0.033464755295115084,
            -0.08121244495413038,
            -0.06320719652281426,
            1.45586030444044,
            0.07381240262844113,
            -0.010646945835918246
        ],
        [
            0.08415563119290931,
            0.12933328361775243,
            -0.00017495722852554473,
            0.11422518013628924,
            0.004489434260503559,
            0.24473123940808073,
            0.19495778988709095,
            0.002096811891272962,
            0.15091884736915162,
            0.027378264370515864,
            0.062137443341480636,
            0.24676068111712168,
            0.2285137155468856,
            -0.4451392695386056,
            0.12188474806276661,
            0.3174532345790001,
            0.25548474497527635,
            0.07381240262844113,
            1.1781430916729279,
            0.04031469207410869
        ],
        [
            0.0007079068869851044,
            -0.00984120388674618,
            -9.502888512475673e-05,
            -0.000730387677218107,
            -0.0077537170978189685,
            -0.01371057818419951,
            -0.022987339800059493,
            0.00036462123368214425,
            -0.026936636520696403,
            -0.04838487537407257,
            -0.0011575301935405347,
            -0.0299831255278745,
            -0.035201725689858784,
            0.13531046134966285,
            0.4815033170758055,
            -0.04500530027121741,
            -0.03400989153740205,
            -0.010646945835918246,
            0.04031469207410869,
            1.4686636742365224
        ]
    ]
}