{
    "HF": -2.1403752163659044,
    "coordinates": [
        [
            0.674246,
            -0.024505,
            0.172054
        ],
        [
            1.484625,
            -0.039191,
            -0.088566
        ],
        [
            2.18645,
            -0.139452,
            0.14636
        ],
        [
            2.987808,
            0.127385,
            0.120543
        ]
    ],
    "elements": [
        "H",
        "H",
        "H",
        "H"
    ],
    "Enn": 2.879983390726667,
    "S": [
        [
            0.9999999999999999,
            0.6848602514927513,
            0.0,
            0.0,
            0.0,
            0.48293241503519546,
            0.5315581960541648,
            0.1532583164505777,
            -0.47654562668599004,
            0.008636143179315412,
            0.12025255313215588,
            0.30666816764340266,
            0.0026888674710861763,
            -0.15825158189641128,
            0.012029160473221072,
            0.009511892649579842,
            0.10505161114418346,
            0.000245840433621612,
            -0.011041662660217893,
            -0.0007249073685773263
        ],
        [
            0.6848602514927513,
            1.0000000000000002,
            0.0,
            0.0,
            0.0,
            0.5315581960541649,
            0.8539366825625819,
            0.05411522651198565,
            -0.1682673745129171,
            0.003049406095292078,
            0.3066681676434027,
            0.6058284082993105,
            0.0029637078107256735,
            -0.17442713498134246,
            0.01325871105003054,
            0.10505161114418346,
            0.30987687792488444,
            0.001884782957496537,
            -0.08465303000740798,
            -0.005557641735049765
        ],
        [
            0.0,
            0.0,
            1.0000000000000004,
            0.0,
            0.0,
            -0.15325831645057766,
            -0.054115226511985665,
            0.3214497600845897,
            0.2139895210399046,
            -0.0038780004244829114,
            -0.0026888674710861763,
            -0.002963707810725673,
            0.05038171064158793,
            0.005090871672261286,
            -0.0003869718808516695,
            -0.0002458404336216122,
            -0.0018847829574965328,
            0.0009225414587909591,
            0.0002874095544654133,
            1.8869015495479105e-05
        ],
        [
            0.0,
            0.0,
            0.0,
            1.0000000000000004,
            0.0,
            0.47654562668599,
            0.1682673745129169,
            0.21398952103990473,
            -0.2751155573272116,
            0.012058361238554364,
            0.15825158189641136,
            0.17442713498134246,
            0.005090871672261296,
            -0.24915179868706752,
            0.022774983502429277,
            0.011041662660217893,
            0.08465303000740797,
            0.0002874095544654131,
            -0.011979755113600232,
            -0.0008474818432519576
        ],
        [
            0.0,
            0.0,
            0.0,
            0.0,
            1.0000000000000004,
            -0.008636143179315412,
            -0.0030494060952920778,
            -0.0038780004244829136,
            0.012058361238554362,
            0.39005082190908236,
            -0.012029160473221069,
            -0.013258711050030542,
            -0.0003869718808516704,
            0.022774983502429288,
            0.04873701774836277,
            0.0007249073685773263,
            0.005557641735049762,
            1.8869015495479088e-05,
            -0.0008474818432519573,
            0.000873301687558776
        ],
        [
            0.48293241503519546,
            0.5315581960541648,
            -0.1532583164505777,
            0.47654562668599,
            -0.008636143179315412,
            0.9999999999999999,
            0.6848602514927513,
            0.0,
            0.0,
            0.0,
            0.5651898364659753,
            0.5635130129203443,
            -0.1685799079830602,
            -0.5036206887284129,
            0.0719460177004231,
            0.11718049558686822,
            0.30343449347013957,
            -0.021203823022439852,
            -0.152423981284116,
            -0.016890942158328627
        ],
        [
            0.5315581960541649,
            0.8539366825625819,
            -0.05411522651198567,
            0.16826737451291693,
            -0.003049406095292078,
            0.6848602514927513,
            1.0000000000000002,
            0.0,
            0.0,
            0.0,
            0.5635130129203443,
            0.8855835107167626,
            -0.051916875668676706,
            -0.1550980362589451,
            0.022156925463410575,
            0.30343449347013957,
            0.6018298433693974,
            -0.02384795205160388,
            -0.17143134015650224,
            -0.01899725244225723
        ],
        [
            0.15325831645057766,
            0.054115226511985644,
            0.3214497600845897,
            0.21398952103990473,
            -0.0038780004244829136,
            0.0,
            0.0,
            1.0000000000000004,
            0.0,
            0.0,
            0.16857990798306013,
            0.051916875668676685,
            0.4153146945075191,
            -0.2075066012161411,
            0.029643884650064525,
            0.02120382302243985,
            0.02384795205160387,
            0.043007931399572576,
            -0.03959104869468047,
            -0.0043873024956808965
        ],
        [
            -0.47654562668599,
            -0.1682673745129171,
            0.2139895210399046,
            -0.2751155573272116,
            0.012058361238554362,
            0.0,
            0.0,
            0.0,
            1.0000000000000004,
            0.0,
            0.5036206887284129,
            0.15509803625894547,
            -0.20750660121614117,
            -0.13513686656181748,
            0.08855903282110761,
            0.15242398128411588,
            0.17143134015650224,
            -0.0395910486946805,
            -0.2360853386058716,
            -0.031538185957395895
        ],
        [
            0.008636143179315412,
            0.0030494060952920778,
            -0.0038780004244829114,
            0.012058361238554364,
            0.39005082190908236,
            0.0,
            0.0,
            0.0,
            0.0,
            1.0000000000000004,
            -0.07194601770042308,
            -0.022156925463410575,
            0.029643884650064536,
            0.08855903282110761,
            0.47212327016046124,
            0.016890942158328624,
            0.018997252442257223,
            -0.0043873024956808965,
            -0.031538185957395874,
            0.04502055377320025
        ],
        [
            0.12025255313215588,
            0.30666816764340266,
            -0.0026888674710861763,
            0.15825158189641136,
            -0.012029160473221072,
            0.5651898364659753,
            0.5635130129203443,
            0.1685799079830602,
            0.5036206887284129,
            -0.0719460177004231,
            0.9999999999999999,
            0.6848602514927513,
            0.0,
            0.0,
            0.0,
            0.4878215870348572,
            0.5335697201480404,
            0.015376629819996407,
            -0.4772895890030868,
            -0.15892837166511917
        ],
        [
            0.3066681676434027,
            0.6058284082993105,
            -0.0029637078107256735,
            0.17442713498134246,
            -0.013258711050030543,
            0.5635130129203443,
            0.8855835107167626,
            0.051916875668676706,
            0.1550980362589451,
            -0.022156925463410575,
            0.6848602514927513,
            1.0000000000000002,
            0.0,
            0.0,
            0.0,
            0.5335697201480404,
            0.8559497942128524,
            0.005382311890397308,
            -0.1670666108325915,
            -0.05563000960212065
        ],
        [
            0.0026888674710861763,
            0.002963707810725673,
            0.05038171064158793,
            0.0050908716722612955,
            -0.00038697188085167036,
            -0.16857990798306013,
            -0.051916875668676685,
            0.4153146945075191,
            -0.2075066012161411,
            0.029643884650064525,
            0.0,
            0.0,
            1.0000000000000004,
            0.0,
            0.0,
            -0.0153766298199964,
            -0.005382311890397327,
            0.395099167422506,
            0.021258017502979728,
            0.007078516239237146
        ],
        [
            -0.15825158189641128,
            -0.17442713498134246,
            0.005090871672261286,
            -0.24915179868706747,
            0.022774983502429288,
            -0.5036206887284129,
            -0.15509803625894547,
            -0.20750660121614117,
            -0.13513686656181748,
            0.08855903282110761,
            0.0,
            0.0,
            0.0,
            1.0000000000000004,
            0.0,
            0.4772895890030861,
            0.16706661083259142,
            0.021258017502979756,
            -0.26406345229140904,
            -0.2197166834427937
        ],
        [
            0.012029160473221069,
            0.013258711050030538,
            -0.00038697188085166955,
            0.022774983502429277,
            0.04873701774836277,
            0.07194601770042308,
            0.022156925463410575,
            0.029643884650064536,
            0.08855903282110761,
            0.47212327016046124,
            0.0,
            0.0,
            0.0,
            0.0,
            1.0000000000000004,
            0.1589283716651191,
            0.055630009602120625,
            0.007078516239237154,
            -0.2197166834427937,
            0.3226225434642373
        ],
        [
            0.009511892649579842,
            0.10505161114418346,
            -0.0002458404336216122,
            0.011041662660217893,
            0.0007249073685773263,
            0.11718049558686822,
            0.30343449347013957,
            0.021203823022439852,
            0.15242398128411594,
            0.016890942158328627,
            0.4878215870348572,
            0.5335697201480404,
            -0.015376629819996407,
            0.4772895890030868,
            0.15892837166511917,
            0.9999999999999999,
            0.6848602514927513,
            0.0,
            0.0,
            0.0
        ],
        [
            0.10505161114418346,
            0.30987687792488444,
            -0.001884782957496533,
            0.08465303000740798,
            0.005557641735049764,
            0.30343449347013957,
            0.6018298433693974,
            0.02384795205160388,
            0.17143134015650244,
            0.01899725244225723,
            0.5335697201480404,
            0.8559497942128524,
            -0.0053823118903973295,
            0.1670666108325915,
            0.05563000960212065,
            0.6848602514927513,
            1.0000000000000002,
            0.0,
            0.0,
            0.0
        ],
        [
            0.000245840433621612,
            0.0018847829574965328,
            0.0009225414587909591,
            0.00028740955446541306,
            1.886901549547909e-05,
            -0.02120382302243985,
            -0.02384795205160387,
            0.043007931399572576,
            -0.0395910486946805,
            -0.0043873024956808965,
            0.015376629819996402,
            0.005382311890397305,
            0.395099167422506,
            0.021258017502979752,
            0.0070785162392371535,
            0.0,
            0.0,
            1.0000000000000004,
            0.0,
            0.0
        ],
        [
            -0.011041662660217897,
            -0.08465303000740797,
            0.00028740955446541333,
            -0.011979755113600232,
            -0.0008474818432519576,
            -0.15242398128411588,
            -0.17143134015650224,
            -0.03959104869468047,
            -0.23608533860587166,
            -0.031538185957395874,
            -0.4772895890030861,
            -0.16706661083259142,
            0.02125801750297973,
            -0.26406345229140904,
            -0.2197166834427937,
            0.0,
            0.0,
            0.0,
            1.0000000000000004,
            0.0
        ],
        [
            -0.0007249073685773261,
            -0.0055576417350497636,
            1.8869015495479098e-05,
            -0.0008474818432519573,
            0.000873301687558776,
            -0.016890942158328624,
            -0.01899725244225723,
            -0.0043873024956808965,
            -0.031538185957395895,
            0.04502055377320025,
            -0.1589283716651191,
            -0.055630009602120625,
            0.0070785162392371466,
            -0.2197166834427937,
            0.3226225434642373,
            0.0,
            0.0,
            0.0,
            0.0,
            1.0000000000000004
        ]
    ],
    "h": [
        [
            -0.22378911724670503,
            -0.4481183623980557,
            0.07129084433144176,
            -0.23557367318726333,
            0.006648183154172562,
            -0.5340438588987146,
            -0.4359371691808597,
            -0.030860381607624277,
            0.04433488821908893,
            0.0076904012380618544,
            -0.24562677299913357,
            -0.3026635394409249,
            0.04044637822322136,
            0.2992743878737363,
            -0.02203367240315503,
            -0.0016433180705642814,
            -0.11945871670547775,
            0.0027981741409768878,
            0.056398824766711854,
            0.005780180677228635
        ],
        [
            -0.4481183623980557,
            -0.31109686109037793,
            0.0622063693979142,
            -0.21534933281587504,
            0.006626511544722967,
            -0.5206439523777124,
            -0.3671608444908909,
            -0.09253389182066288,
            0.08415458264851272,
            0.012876632083301899,
            -0.3380773514431887,
            -0.3117292765412196,
            0.054799556514002694,
            0.19392392989519772,
            -0.03390994718862539,
            -0.11986619264803161,
            -0.18588698640257995,
            0.002362669326871367,
            0.10759446415389069,
            0.0238722215844335
        ],
        [
            0.07129084433144176,
            0.0622063693979142,
            1.4676769988178449,
            0.06421606224740292,
            -0.0012568231595822478,
            0.017249735828456625,
            0.0546889610325883,
            0.19473590973283267,
            0.2804320665062499,
            -0.006281514859037813,
            0.03630004430165277,
            0.04607718124578664,
            -0.055245716415114596,
            -0.051981349414798504,
            0.005343102952736498,
            0.002095798443684374,
            0.019177994161283518,
            -0.003528346200148128,
            -0.006094216220944756,
            -0.0007324557139972573
        ],
        [
            -0.23557367318726333,
            -0.21534933281587504,
            0.06421606224740292,
            1.2676279850311356,
            0.005865801965774447,
            -0.0999912407681598,
            -0.207449359793902,
            0.25137190968062356,
            -0.6148158198420867,
            0.02423521988442823,
            -0.23602139540665795,
            -0.17385578003655383,
            0.045932456864759594,
            0.1579508549443659,
            -0.025608749397697673,
            -0.05688987678734431,
            -0.10799117932618757,
            0.0008014569852173644,
            0.07486282403871339,
            0.009945369538673763
        ],
        [
            0.006648183154172562,
            0.006626511544722967,
            -0.0012568231595822478,
            0.005865801965774447,
            1.4880549487304984,
            0.0058201824786059675,
            0.0071276112585146965,
            -0.003201852925276383,
            0.016516479696201288,
            0.2809784728084434,
            0.01135394192514555,
            0.005422414922661378,
            -0.0017932286824365899,
            -0.0073251474800821795,
            -0.044248049264150255,
            0.00022782241868067512,
            0.0024815264121881148,
            -2.9921262232012086e-05,
            0.0014446485028297915,
            -0.0031912296232050694
        ],
        [
            -0.5340438588987146,
            -0.5206439523777124,
            0.017249735828456625,
            -0.0999912407681598,
            0.0058201824786059675,
            -0.42883910174279216,
            -0.5951784523069846,
            -0.14716489573044977,
            -0.01872294915391276,
            0.02956265851147929,
            -0.5515563352299531,
            -0.5253571505034373,
            0.010190863691418972,
            0.053768798772960924,
            -0.021862608112615645,
            -0.242999182900014,
            -0.3357456003803488,
            0.013934298716002581,
            0.2335905362625045,
            0.04912269570862224
        ],
        [
            -0.4359371691808597,
            -0.3671608444908909,
            0.0546889610325883,
            -0.207449359793902,
            0.0071276112585146965,
            -0.5951784523069846,
            -0.4389961900412169,
            -0.12399088438319485,
            -0.028827127798631655,
            0.022613942764222156,
            -0.5258446111252602,
            -0.42099113784600917,
            0.06727870764628593,
            0.1391160522857764,
            -0.06355618289177188,
            -0.3012163455577874,
            -0.3102732319077046,
            0.00023123674561591895,
            0.17275163215160172,
            0.05070114638025658
        ],
        [
            -0.030860381607624277,
            -0.09253389182066288,
            0.19473590973283267,
            0.25137190968062356,
            -0.003201852925276383,
            -0.14716489573044977,
            -0.12399088438319485,
            1.3540641644659621,
            -0.016581248427988367,
            0.009832537672792976,
            -0.031121896031675755,
            -0.10227898569072705,
            0.31187845141463055,
            -0.2733483113271477,
            0.0350987243907737,
            -0.056145437379626156,
            -0.06798225646730954,
            -0.04374446932126971,
            0.05721445424018973,
            0.014731712338922176
        ],
        [
            0.04433488821908893,
            0.08415458264851272,
            0.2804320665062499,
            -0.6148158198420867,
            0.016516479696201288,
            -0.01872294915391276,
            -0.028827127798631655,
            -0.016581248427988367,
            0.9055368422693069,
            0.033451558139679316,
            -0.05061417644734534,
            -0.1363757699619088,
            -0.29210794702704024,
            -0.6160872143203999,
            0.10082366034015453,
            -0.2971875857069523,
            -0.19250265813291279,
            0.0033019369891720274,
            0.16396478459065167,
            0.05859295913291899
        ],
        [
            0.0076904012380618544,
            0.012876632083301899,
            -0.006281514859037813,
            0.02423521988442823,
            0.2809784728084434,
            0.02956265851147929,
            0.022613942764222156,
            0.009832537672792976,
            0.033451558139679316,
            1.3965825310660556,
            -0.003134341102498911,
            0.02131072216158842,
            0.04159853862214514,
            0.12228533768457156,
            0.38719306610322257,
            0.0031209661754258086,
            0.017724146932412463,
            -0.0004376459999895464,
            -0.011962851398529997,
            -0.04816315556532898
        ],
        [
            -0.24562677299913357,
            -0.3380773514431887,
            0.03630004430165277,
            -0.23602139540665795,
            0.01135394192514555,
            -0.5515563352299531,
            -0.5258446111252602,
            -0.031121896031675755,
            -0.05061417644734534,
            -0.003134341102498911,
            -0.43202995774134156,
            -0.5973929986442261,
            0.08523656861308765,
            0.018191426948392042,
            -0.10547817184828495,
            -0.5358693418591153,
            -0.5217508625121243,
            0.006347676913196286,
            0.09595999315237091,
            0.021797475315825876
        ],
        [
            -0.3026635394409249,
            -0.3117292765412196,
            0.04607718124578664,
            -0.17385578003655383,
            0.005422414922661378,
            -0.5253571505034373,
            -0.42099113784600917,
            -0.10227898569072705,
            -0.1363757699619088,
            0.02131072216158842,
            -0.5973929986442261,
            -0.4405277823218672,
            0.07000510765461387,
            0.029791270750088986,
            -0.0884961285141058,
            -0.4365312408754929,
            -0.36650266724213787,
            0.001057764594568026,
            0.2067834465839175,
            0.060759286823753006
        ],
        [
            0.04044637822322136,
            0.054799556514002694,
            -0.055245716415114596,
            0.045932456864759594,
            -0.0017932286824365899,
            0.010190863691418972,
            0.06727870764628593,
            0.31187845141463055,
            -0.29210794702704024,
            0.04159853862214514,
            0.08523656861308765,
            0.07000510765461387,
            1.3752192064368243,
            -0.07248084017026733,
            0.01348765267832983,
            0.01632763504556391,
            0.04126799439878841,
            0.28745982795126607,
            0.007678128211971648,
            0.005588229847904056
        ],
        [
            0.2992743878737363,
            0.19392392989519772,
            -0.051981349414798504,
            0.1579508549443659,
            -0.0073251474800821795,
            0.053768798772960924,
            0.1391160522857764,
            -0.2733483113271477,
            -0.6160872143203999,
            0.12228533768457156,
            0.018191426948392042,
            0.029791270750088986,
            -0.07248084017026733,
            0.90094603265068,
            -0.034701322398281886,
            -0.0431622454758972,
            -0.085475851947449,
            0.025805711183630432,
            -0.6046789401527294,
            -0.2918116101282668
        ],
        [
            -0.02203367240315503,
            -0.03390994718862539,
            0.005343102952736498,
            -0.025608749397697673,
            -0.044248049264150255,
            -0.021862608112615645,
            -0.06355618289177188,
            0.0350987243907737,
            0.10082366034015453,
            0.38719306610322257,
            -0.10547817184828495,
            -0.0884961285141058,
            0.01348765267832983,
            -0.034701322398281886,
            1.3740360939642609,
            -0.023969924142210997,
            -0.07497081498788052,
            0.011064279062894696,
            -0.27219741694742067,
            0.19683384201659204
        ],
        [
            -0.0016433180705642814,
            -0.11986619264803161,
            0.002095798443684374,
            -0.05688987678734431,
            0.00022782241868067512,
            -0.242999182900014,
            -0.3012163455577874,
            -0.056145437379626156,
            -0.2971875857069523,
            0.0031209661754258086,
            -0.5358693418591153,
            -0.4365312408754929,
            0.01632763504556391,
            -0.0431622454758972,
            -0.023969924142210997,
            -0.2257094734419598,
            -0.44887755938296303,
            -0.0036035974182049776,
            0.23668321022194658,
            0.07629993511505825
        ],
        [
            -0.11945871670547775,
            -0.18588698640257995,
            0.019177994161283518,
            -0.10799117932618757,
            0.0024815264121881148,
            -0.3357456003803488,
            -0.3102732319077046,
            -0.06798225646730954,
            -0.19250265813291279,
            0.017724146932412463,
            -0.5217508625121243,
            -0.36650266724213787,
            0.04126799439878841,
            -0.085475851947449,
            -0.07497081498788052,
            -0.44887755938296303,
            -0.3104263830884808,
            -0.0016435811492766577,
            0.21507382997353547,
            0.06721169452807368
        ],
        [
            0.0027981741409768878,
            0.002362669326871367,
            -0.003528346200148128,
            0.0008014569852173644,
            -2.9921262232012086e-05,
            0.013934298716002581,
            0.00023123674561591895,
            -0.04374446932126971,
            0.0033019369891720274,
            -0.0004376459999895464,
            0.006347676913196286,
            0.001057764594568026,
            0.28745982795126607,
            0.025805711183630432,
            0.011064279062894696,
            -0.0036035974182049776,
            -0.0016435811492766577,
            1.4885459929617104,
            0.0029126382844363165,
            0.0017141041356332869
        ],
        [
            0.056398824766711854,
            0.10759446415389069,
            -0.006094216220944756,
            0.07486282403871339,
            0.0014446485028297915,
            0.2335905362625045,
            0.17275163215160172,
            0.05721445424018973,
            0.16396478459065167,
            -0.011962851398529997,
            0.09595999315237091,
            0.2067834465839175,
            0.007678128211971648,
            -0.6046789401527294,
            -0.27219741694742067,
            0.23668321022194658,
            0.21507382997353547,
            0.0029126382844363165,
            1.268622590717771,
            -0.06905439976399674
        ],
        [
            0.005780180677228635,
            0.0238722215844335,
            -0.0007324557139972573,
            0.009945369538673763,
            -0.0031912296232050694,
            0.04912269570862224,
            0.05070114638025658,
            0.014731712338922176,
            0.05859295913291899,
            -0.04816315556532898,
            0.021797475315825876,
            0.060759286823753006,
            0.005588229847904056,
            -0.2918116101282668,
            0.19683384201659204,
            0.07629993511505825,
            0.06721169452807368,
            0.0017141041356332869,
            -0.06905439976399674,
            1.466725477892649
        ]
    ]
}