{
    "HF": -2.18698309223275,
    "coordinates": [
        [
            0.72831,
            -0.088533,
            0.056555
        ],
        [
            1.460057,
            -0.197676,
            0.000115
        ],
        [
            2.295009,
            0.109838,
            -0.158719
        ],
        [
            3.069512,
            -0.014141,
            0.030585
        ]
    ],
    "elements": [
        "H",
        "H",
        "H",
        "H"
    ],
    "Enn": 2.839023395304676,
    "S": [
        [
            0.9999999999999999,
            0.6848602514927513,
            0.0,
            0.0,
            0.0,
            0.569110121463374,
            0.5649425927807814,
            0.04085605957464825,
            -0.5297005497088967,
            0.07900696155485178,
            0.09812752957454832,
            0.28208945229137256,
            0.017589070731870212,
            -0.12800793187542545,
            -0.016208002592750757,
            0.0087101661182495,
            0.10114206415693397,
            0.00011126969064065648,
            -0.010030990460811946,
            -0.00031873603489178723
        ],
        [
            0.6848602514927513,
            1.0000000000000002,
            0.0,
            0.0,
            0.0,
            0.5649425927807814,
            0.8869831211080331,
            0.012506593411848234,
            -0.16214851540290043,
            0.02418510143071144,
            0.2820894522913726,
            0.5750185370731586,
            0.022707761325676902,
            -0.1652602123859671,
            -0.02092478107869903,
            0.10114206415693397,
            0.30259643971125894,
            0.0009123260493730869,
            -0.08224642169597121,
            -0.002613390814977386
        ],
        [
            0.0,
            0.0,
            1.0000000000000004,
            0.0,
            0.0,
            -0.04085605957464825,
            -0.01250659341184823,
            0.48531106693708004,
            0.05246949086372906,
            -0.0078260350111992,
            -0.017589070731870212,
            -0.022707761325676895,
            0.03252879496994404,
            0.03237795900420674,
            0.004099605671302207,
            -0.0001112696906406564,
            -0.0009123260493730861,
            0.0008048183283001871,
            0.00012726293577133705,
            4.043796442127293e-06
        ],
        [
            0.0,
            0.0,
            0.0,
            1.0000000000000004,
            0.0,
            0.5297005497088967,
            0.16214851540290054,
            0.05246949086372906,
            -0.19091111606728003,
            0.1014648767069451,
            0.12800793187542547,
            0.16526021238596705,
            0.03237795900420675,
            -0.1986592594831911,
            -0.0298356889620832,
            0.010030990460811942,
            0.08224642169597109,
            0.000127262935771337,
            -0.010666555508071997,
            -0.0003645492613747132
        ],
        [
            0.0,
            0.0,
            0.0,
            0.0,
            1.0000000000000004,
            -0.07900696155485175,
            -0.024185101430711405,
            -0.007826035011199198,
            0.10146487670694507,
            0.4742241708185073,
            0.016208002592750757,
            0.02092478107869902,
            0.004099605671302207,
            -0.029835688962083187,
            0.03320001343090826,
            0.00031873603489178723,
            0.0026133908149773826,
            4.043796442127294e-06,
            -0.0003645492613747135,
            0.0007946464037032467
        ],
        [
            0.569110121463374,
            0.5649425927807814,
            -0.04085605957464825,
            0.5297005497088967,
            -0.07900696155485178,
            0.9999999999999999,
            0.6848602514927513,
            0.0,
            0.0,
            0.0,
            0.44344173934278863,
            0.514727793659105,
            0.0838432581068948,
            -0.44074377049541064,
            -0.16232655271216265,
            0.09135160412507551,
            0.2738803833363073,
            -0.0022822051939097726,
            -0.12054829538444548,
            -0.013746784714940272
        ],
        [
            0.5649425927807814,
            0.8869831211080331,
            -0.012506593411848236,
            0.1621485154029006,
            -0.024185101430711415,
            0.6848602514927513,
            1.0000000000000002,
            0.0,
            0.0,
            0.0,
            0.514727793659105,
            0.836977877675505,
            0.03186658650467861,
            -0.1675149535694778,
            -0.0616959938199613,
            0.2738803833363074,
            0.5645040023673166,
            -0.0031140744359584986,
            -0.1644884368666093,
            -0.018757520564609217
        ],
        [
            0.040856059574648246,
            0.012506593411848229,
            0.48531106693708004,
            0.05246949086372906,
            -0.007826035011199198,
            0.0,
            0.0,
            1.0000000000000004,
            0.0,
            0.0,
            -0.08384325810689477,
            -0.0318665865046786,
            0.32361764825441536,
            0.11923080126741775,
            0.04391287238182397,
            0.002282205193909772,
            0.003114074435958498,
            0.033046972242954054,
            -0.004217578465745787,
            -0.0004809536543181716
        ],
        [
            -0.5297005497088967,
            -0.16214851540290035,
            0.05246949086372906,
            -0.19091111606728003,
            0.10146487670694507,
            0.0,
            0.0,
            0.0,
            1.0000000000000004,
            0.0,
            0.44074377049541036,
            0.16751495356947776,
            0.11923080126741768,
            -0.2804684653945083,
            -0.23083937079560218,
            0.12054829538444543,
            0.16448843686660927,
            -0.004217578465745786,
            -0.18964977280704287,
            -0.02540443924222687
        ],
        [
            0.07900696155485173,
            0.024185101430711384,
            -0.0078260350111992,
            0.1014648767069451,
            0.4742241708185073,
            0.0,
            0.0,
            0.0,
            0.0,
            1.0000000000000004,
            0.16232655271216265,
            0.06169599381996131,
            0.04391287238182398,
            -0.2308393707956024,
            0.261280611895044,
            0.013746784714940272,
            0.018757520564609217,
            -0.0004809536543181716,
            -0.025404439242226882,
            0.03022981106698403
        ],
        [
            0.09812752957454832,
            0.28208945229137256,
            -0.017589070731870212,
            0.12800793187542545,
            0.016208002592750757,
            0.44344173934278863,
            0.514727793659105,
            -0.08384325810689479,
            0.44074377049541036,
            0.16232655271216265,
            0.9999999999999999,
            0.6848602514927513,
            0.0,
            0.0,
            0.0,
            0.5174491201732654,
            0.5454428122194604,
            -0.12148942384497458,
            -0.49705195471941616,
            0.07956586907237094
        ],
        [
            0.2820894522913726,
            0.5750185370731586,
            -0.022707761325676902,
            0.1652602123859671,
            0.02092478107869903,
            0.514727793659105,
            0.836977877675505,
            -0.03186658650467859,
            0.16751495356947746,
            0.06169599381996132,
            0.6848602514927513,
            1.0000000000000002,
            0.0,
            0.0,
            0.0,
            0.5454428122194606,
            0.8677739761421408,
            -0.040404257522538276,
            -0.16530669538931278,
            0.02646156152742032
        ],
        [
            0.017589070731870212,
            0.022707761325676895,
            0.03252879496994404,
            0.03237795900420675,
            0.004099605671302207,
            0.08384325810689477,
            0.0318665865046786,
            0.32361764825441536,
            0.11923080126741768,
            0.04391287238182397,
            0.0,
            0.0,
            1.0000000000000004,
            0.0,
            0.0,
            0.1214894238449746,
            0.04040425752253829,
            0.38954176472447566,
            -0.1634854434897122,
            0.02617002361309256
        ],
        [
            -0.12800793187542542,
            -0.16526021238596705,
            0.03237795900420674,
            -0.19865925948319105,
            -0.029835688962083187,
            -0.44074377049541036,
            -0.16751495356947776,
            0.11923080126741775,
            -0.2804684653945083,
            -0.23083937079560232,
            0.0,
            0.0,
            0.0,
            1.0000000000000004,
            0.0,
            0.49705195471941616,
            0.16530669538931275,
            -0.16348544348971214,
            -0.23937018437331367,
            0.10706990765335665
        ],
        [
            -0.016208002592750757,
            -0.02092478107869902,
            0.004099605671302207,
            -0.0298356889620832,
            0.03320001343090826,
            -0.16232655271216265,
            -0.06169599381996132,
            0.04391287238182398,
            -0.23083937079560227,
            0.261280611895044,
            0.0,
            0.0,
            0.0,
            0.0,
            1.0000000000000004,
            -0.07956586907237093,
            -0.026461561527420314,
            0.02617002361309255,
            0.10706990765335662,
            0.4123615966856442
        ],
        [
            0.0087101661182495,
            0.10114206415693397,
            -0.00011126969064065648,
            0.010030990460811946,
            0.0003187360348917873,
            0.09135160412507551,
            0.2738803833363073,
            0.002282205193909772,
            0.12054829538444548,
            0.013746784714940272,
            0.5174491201732654,
            0.5454428122194604,
            0.12148942384497458,
            0.49705195471941616,
            -0.07956586907237094,
            0.9999999999999999,
            0.6848602514927513,
            0.0,
            0.0,
            0.0
        ],
        [
            0.10114206415693397,
            0.30259643971125894,
            -0.0009123260493730869,
            0.08224642169597127,
            0.002613390814977385,
            0.2738803833363074,
            0.5645040023673166,
            0.0031140744359584973,
            0.1644884368666093,
            0.01875752056460922,
            0.5454428122194606,
            0.8677739761421408,
            0.040404257522538276,
            0.16530669538931278,
            -0.026461561527420317,
            0.6848602514927513,
            1.0000000000000002,
            0.0,
            0.0,
            0.0
        ],
        [
            0.0001112696906406564,
            0.0009123260493730861,
            0.0008048183283001871,
            0.00012726293577133705,
            4.043796442127293e-06,
            -0.002282205193909772,
            -0.003114074435958498,
            0.033046972242954054,
            -0.004217578465745786,
            -0.0004809536543181716,
            -0.1214894238449746,
            -0.040404257522538296,
            0.38954176472447566,
            -0.1634854434897122,
            0.02617002361309256,
            0.0,
            0.0,
            1.0000000000000004,
            0.0,
            0.0
        ],
        [
            -0.01003099046081194,
            -0.08224642169597114,
            0.000127262935771337,
            -0.010666555508071997,
            -0.0003645492613747132,
            -0.12054829538444548,
            -0.16448843686660927,
            -0.004217578465745787,
            -0.1896497728070429,
            -0.025404439242226882,
            -0.49705195471941616,
            -0.16530669538931275,
            -0.16348544348971214,
            -0.23937018437331367,
            0.10706990765335665,
            0.0,
            0.0,
            0.0,
            1.0000000000000004,
            0.0
        ],
        [
            -0.00031873603489178723,
            -0.0026133908149773848,
            4.043796442127294e-06,
            -0.0003645492613747135,
            0.0007946464037032467,
            -0.013746784714940272,
            -0.018757520564609213,
            -0.0004809536543181716,
            -0.02540443924222687,
            0.03022981106698403,
            0.07956586907237093,
            0.026461561527420317,
            0.02617002361309255,
            0.10706990765335662,
            0.4123615966856442,
            0.0,
            0.0,
            0.0,
            0.0,
            1.0000000000000004
        ]
    ],
    "h": [
        [
            -0.2825603510215908,
            -0.47461027361437225,
            0.024939276701867158,
            -0.2976954623953648,
            0.04039550091006412,
            -0.5891743195921965,
            -0.4713895886233166,
            0.004372994049027676,
            0.017499749747939553,
            -0.01466318555078977,
            -0.20736874282374135,
            -0.29845412404913274,
            -0.03579996318913714,
            0.2642514975099844,
            0.05682655827029969,
            -0.005517539531654056,
            -0.12508884494444855,
            0.000571721702154541,
            0.049082429198484455,
            0.0029655602760853585
        ],
        [
            -0.47461027361437225,
            -0.31290610307892,
            0.021245959813649858,
            -0.24657028779802814,
            0.030871094734379774,
            -0.5326706941287372,
            -0.36409331632710207,
            -0.00030721434660305885,
            0.13622134161712413,
            -0.06141324209380585,
            -0.29217150475740383,
            -0.296051156097732,
            -0.037041368970887306,
            0.1455268870314922,
            0.058667468265724006,
            -0.12289676455000569,
            -0.1840502338798038,
            0.014135275219291421,
            0.10029032284994259,
            -0.005522874954895708
        ],
        [
            0.024939276701867158,
            0.021245959813649858,
            1.477741801943997,
            0.023453690687602655,
            -0.002737995720408837,
            0.007622105145496091,
            0.020807001498830135,
            0.42439852417921275,
            0.07701022222098816,
            -0.008748025177547927,
            0.0226446907001696,
            0.015612281104360214,
            -0.037650745208960744,
            -0.023269911505797186,
            -0.005998209471345989,
            0.0034702188679899184,
            0.008687843250682756,
            -0.0031818935890290164,
            -0.0032796290783762574,
            6.0234598544537873e-05
        ],
        [
            -0.2976954623953648,
            -0.24657028779802814,
            0.023453690687602655,
            1.1953453214792062,
            0.0376032420436541,
            -0.05751885978519744,
            -0.23393477883288272,
            0.08260117305242327,
            -0.5636816772016272,
            0.12556056092102935,
            -0.20665965173107181,
            -0.1767393393438946,
            -0.03788525112748109,
            0.180998682434932,
            0.058807874803339,
            -0.04986955768627091,
            -0.10654784475553526,
            0.0026893427707277906,
            0.06476467461865187,
            0.0010033340049308546
        ],
        [
            0.04039550091006412,
            0.030871094734379774,
            -0.002737995720408837,
            0.0376032420436541,
            1.4734704798457303,
            -0.0016650857424392873,
            0.02571769640618327,
            -0.010987394495634809,
            0.14343677191894313,
            0.40835069878742203,
            -0.0018833293729495076,
            0.018053937626924713,
            0.0009244835208873699,
            -0.008207806320984473,
            -0.043871946027730965,
            -0.003532381026980745,
            0.0046471830329069186,
            0.0002585926500666348,
            0.0014192893745795998,
            -0.0031436756580328143
        ],
        [
            -0.5891743195921965,
            -0.5326706941287372,
            0.007622105145496091,
            -0.05751885978519744,
            -0.0016650857424392873,
            -0.4024242491298944,
            -0.5756641205761999,
            0.007822059602219142,
            0.1347995633444053,
            -0.09791394853089741,
            -0.4352918182477622,
            -0.4603168813523244,
            -0.02382243891048913,
            0.07530673231411211,
            0.029745843494357882,
            -0.192197066487671,
            -0.2863573061499417,
            0.021144567533568658,
            0.19313920593623365,
            0.0003116562283018015
        ],
        [
            -0.4713895886233166,
            -0.36409331632710207,
            0.020807001498830135,
            -0.23393477883288272,
            0.02571769640618327,
            -0.5756641205761999,
            -0.42260042395338693,
            0.010880879186079282,
            0.06343299036276309,
            -0.08699900916527811,
            -0.4535043943090311,
            -0.3910870585697921,
            -0.055646601974808974,
            0.08292335207854301,
            0.07295282727719027,
            -0.2845270584200579,
            -0.29186482101069233,
            0.03350394398990629,
            0.1604136945789877,
            -0.018505375792649128
        ],
        [
            0.004372994049027676,
            -0.00030721434660305885,
            0.42439852417921275,
            0.08260117305242327,
            -0.010987394495634809,
            0.007822059602219142,
            0.010880879186079282,
            1.4158665023083665,
            0.05159017191920022,
            0.007923119132175848,
            0.006006415888643674,
            0.01913927446794631,
            0.19502670822026136,
            0.15546783869142736,
            0.05430002133299741,
            0.01980216932187885,
            0.02267936963490477,
            -0.04291540574734107,
            -0.018818732016478344,
            0.0015183753590663936
        ],
        [
            0.017499749747939553,
            0.13622134161712413,
            0.07701022222098816,
            -0.5636816772016272,
            0.14343677191894313,
            0.1347995633444053,
            0.06343299036276309,
            0.05159017191920022,
            0.9553873383617102,
            -0.020070739223522163,
            -0.06562869041312447,
            -0.07349685691844354,
            0.13927741394086193,
            -0.677976583956984,
            -0.28608305480321683,
            -0.25268651538320486,
            -0.1421626611360283,
            0.031541750362036346,
            0.17839368662859922,
            -0.007789931815595931
        ],
        [
            -0.01466318555078977,
            -0.06141324209380585,
            -0.008748025177547927,
            0.12556056092102935,
            0.40835069878742203,
            -0.09791394853089741,
            -0.08699900916527811,
            0.007923119132175848,
            -0.020070739223522163,
            1.3956611372733425,
            -0.02885173622173015,
            -0.07345249752567674,
            0.0497098603411736,
            -0.2840493959364639,
            0.12187801388488584,
            -0.05176449060956269,
            -0.05732329287378124,
            0.008011950755729738,
            0.05338041195008323,
            -0.04188334776534992
        ],
        [
            -0.20736874282374135,
            -0.29217150475740383,
            0.0226446907001696,
            -0.20665965173107181,
            -0.0018833293729495076,
            -0.4352918182477622,
            -0.4535043943090311,
            0.006006415888643674,
            -0.06562869041312447,
            -0.02885173622173015,
            -0.36227294303006374,
            -0.5586494198592276,
            -0.08709477400010777,
            -0.09504989295094411,
            0.09405556224182253,
            -0.551843876589371,
            -0.5119356261626162,
            0.009805832629108974,
            0.06694744759079163,
            -0.001736675260349596
        ],
        [
            -0.29845412404913274,
            -0.296051156097732,
            0.015612281104360214,
            -0.1767393393438946,
            0.018053937626924713,
            -0.4603168813523244,
            -0.3910870585697921,
            0.01913927446794631,
            -0.07349685691844354,
            -0.07345249752567674,
            -0.5586494198592276,
            -0.4197086683285689,
            -0.07664713465577974,
            -0.04369775175455298,
            0.08569186180721255,
            -0.4516379534234657,
            -0.3620164924524525,
            0.04539624396850797,
            0.2103159884715437,
            -0.02550293230232744
        ],
        [
            -0.03579996318913714,
            -0.037041368970887306,
            -0.037650745208960744,
            -0.03788525112748109,
            0.0009244835208873699,
            -0.02382243891048913,
            -0.055646601974808974,
            0.19502670822026136,
            0.13927741394086193,
            0.0497098603411736,
            -0.08709477400010777,
            -0.07664713465577974,
            1.4127124328924536,
            -0.023734436951758642,
            0.019879261152221783,
            -0.013800691191551223,
            -0.06086501142911774,
            0.28912621436537944,
            -0.2111203707043337,
            0.03630312115601265
        ],
        [
            0.2642514975099844,
            0.1455268870314922,
            -0.023269911505797186,
            0.180998682434932,
            -0.008207806320984473,
            0.07530673231411211,
            0.08292335207854301,
            0.15546783869142736,
            -0.677976583956984,
            -0.2840493959364639,
            -0.09504989295094411,
            -0.04369775175455298,
            -0.023734436951758642,
            1.0084307760713163,
            -0.024289421092537317,
            -0.0350312826196727,
            -0.12050353034825204,
            -0.22312508394637648,
            -0.586962761577285,
            0.14466229810814468
        ],
        [
            0.05682655827029969,
            0.058667468265724006,
            -0.005998209471345989,
            0.058807874803339,
            -0.043871946027730965,
            0.029745843494357882,
            0.07295282727719027,
            0.05430002133299741,
            -0.28608305480321683,
            0.12187801388488584,
            0.09405556224182253,
            0.08569186180721255,
            0.019879261152221783,
            -0.024289421092537317,
            1.404740510609391,
            0.015494578392845154,
            0.05892333623035087,
            0.034186131877248956,
            0.1282392630022452,
            0.31861252773211635
        ],
        [
            -0.005517539531654056,
            -0.12289676455000569,
            0.0034702188679899184,
            -0.04986955768627091,
            -0.003532381026980745,
            -0.192197066487671,
            -0.2845270584200579,
            0.01980216932187885,
            -0.25268651538320486,
            -0.05176449060956269,
            -0.551843876589371,
            -0.4516379534234657,
            -0.013800691191551223,
            -0.0350312826196727,
            0.015494578392845154,
            -0.2423047635468909,
            -0.45764035539985826,
            0.06091003408730139,
            0.25743987263954987,
            -0.03759287013498944
        ],
        [
            -0.12508884494444855,
            -0.1840502338798038,
            0.008687843250682756,
            -0.10654784475553526,
            0.0046471830329069186,
            -0.2863573061499417,
            -0.29186482101069233,
            0.02267936963490477,
            -0.1421626611360283,
            -0.05732329287378124,
            -0.5119356261626162,
            -0.3620164924524525,
            -0.06086501142911774,
            -0.12050353034825204,
            0.05892333623035087,
            -0.45764035539985826,
            -0.3094043703019467,
            0.05134761990051104,
            0.2242079848489837,
            -0.03064943211622071
        ],
        [
            0.000571721702154541,
            0.014135275219291421,
            -0.0031818935890290164,
            0.0026893427707277906,
            0.0002585926500666348,
            0.021144567533568658,
            0.03350394398990629,
            -0.04291540574734107,
            0.031541750362036346,
            0.008011950755729738,
            0.009805832629108974,
            0.04539624396850797,
            0.28912621436537944,
            -0.22312508394637648,
            0.034186131877248956,
            0.06091003408730139,
            0.05134761990051104,
            1.4772889146955104,
            -0.05525220597708299,
            0.008779061664433482
        ],
        [
            0.049082429198484455,
            0.10029032284994259,
            -0.0032796290783762574,
            0.06476467461865187,
            0.0014192893745795998,
            0.19313920593623365,
            0.1604136945789877,
            -0.018818732016478344,
            0.17839368662859922,
            0.05338041195008323,
            0.06694744759079163,
            0.2103159884715437,
            -0.2111203707043337,
            -0.586962761577285,
            0.1282392630022452,
            0.25743987263954987,
            0.2242079848489837,
            -0.05525220597708299,
            1.2521511283069486,
            0.03395464337921959
        ],
        [
            0.0029655602760853585,
            -0.005522874954895708,
            6.0234598544537873e-05,
            0.0010033340049308546,
            -0.0031436756580328143,
            0.0003116562283018015,
            -0.018505375792649128,
            0.0015183753590663936,
            -0.007789931815595931,
            -0.04188334776534992,
            -0.001736675260349596,
            -0.02550293230232744,
            0.03630312115601265,
            0.14466229810814468,
            0.31861252773211635,
            -0.03759287013498944,
            -0.03064943211622071,
            0.008779061664433482,
            0.03395464337921959,
            1.4847603338147022
        ]
    ]
}