{
    "HF": -2.1278337078775493,
    "coordinates": [
        [
            0.807147,
            -0.14447,
            0.131733
        ],
        [
            1.603867,
            0.009989,
            -0.168772
        ],
        [
            2.326443,
            0.078535,
            -0.001834
        ],
        [
            2.972275,
            0.183103,
            0.069309
        ]
    ],
    "elements": [
        "H",
        "H",
        "H",
        "H"
    ],
    "Enn": 3.0890414321352306,
    "S": [
        [
            0.9999999999999999,
            0.6848602514927513,
            0.0,
            0.0,
            0.0,
            0.4722420909996582,
            0.5271061393147771,
            0.17177496409089082,
            -0.45542187115187616,
            -0.08829200571875642,
            0.11280081943722338,
            0.2987314010120513,
            0.012929738796843573,
            -0.1470730078169702,
            -0.021587640662664435,
            0.01520032129960318,
            0.12848707817925,
            0.0005285364188955156,
            -0.018331875553799993,
            -0.0027735207668022044
        ],
        [
            0.6848602514927513,
            1.0000000000000002,
            0.0,
            0.0,
            0.0,
            0.5271061393147771,
            0.8494707781103964,
            0.0618391423898612,
            -0.1639522854024065,
            -0.031785201891467885,
            0.2987314010120513,
            0.5959853504698843,
            0.01498025801309565,
            -0.1703972244511306,
            -0.025011211139056733,
            0.12848707817924995,
            0.3515562305788703,
            0.0028351317437307916,
            -0.0983343445155769,
            -0.014877492802273606
        ],
        [
            0.0,
            0.0,
            1.0000000000000004,
            0.0,
            0.0,
            -0.1717749640908908,
            -0.061839142389861136,
            0.28958260668139085,
            0.23511697265181164,
            0.045581800982561226,
            -0.012929738796843566,
            -0.014980258013095634,
            0.043654567361401234,
            0.02411564465059664,
            0.0035397377043751206,
            -0.0005285364188955156,
            -0.0028351317437307916,
            0.0019505612840512514,
            0.0006914215023889287,
            0.00010460860318745524
        ],
        [
            0.0,
            0.0,
            0.0,
            1.0000000000000004,
            0.0,
            0.45542187115187593,
            0.16395228540240644,
            0.23511697265181178,
            -0.24509518049313733,
            -0.12084967797150195,
            0.14707300781697005,
            0.17039722445113045,
            0.02411564465059665,
            -0.22853562565257837,
            -0.040263757779289075,
            0.018331875553799983,
            0.09833434451557675,
            0.0006914215023889287,
            -0.02201092223973052,
            -0.003628268226996806
        ],
        [
            0.0,
            0.0,
            0.0,
            0.0,
            1.0000000000000004,
            0.08829200571875642,
            0.0317852018914679,
            0.045581800982561246,
            -0.12084967797150194,
            0.3548345213527088,
            0.02158764066266443,
            0.025011211139056737,
            0.0035397377043751227,
            -0.04026375777928909,
            0.039864677179024574,
            0.002773520766802203,
            0.014877492802273596,
            0.0001046086031874552,
            -0.0036282682269968046,
            0.0014215572657867897
        ],
        [
            0.4722420909996582,
            0.5271061393147771,
            -0.17177496409089082,
            0.45542187115187616,
            0.08829200571875642,
            0.9999999999999999,
            0.6848602514927513,
            0.0,
            0.0,
            0.0,
            0.5668720160859501,
            0.5641274089839057,
            -0.12024348362703274,
            -0.520463018757184,
            -0.04937287992367576,
            0.16110663306077205,
            0.345453373400887,
            -0.035619371191815595,
            -0.2047279392049344,
            -0.025899638461279836
        ],
        [
            0.5271061393147771,
            0.8494707781103964,
            -0.0618391423898612,
            0.1639522854024065,
            0.031785201891467885,
            0.6848602514927513,
            1.0000000000000002,
            0.0,
            0.0,
            0.0,
            0.5641274089839057,
            0.8861851920717364,
            -0.03693497698945073,
            -0.15986969972761958,
            -0.015165779706950405,
            0.345453373400887,
            0.6526068585112039,
            -0.031192408229122802,
            -0.1792832731717254,
            -0.02268069504990472
        ],
        [
            0.1717749640908908,
            0.061839142389861115,
            0.28958260668139085,
            0.23511697265181178,
            0.045581800982561226,
            0.0,
            0.0,
            1.0000000000000004,
            0.0,
            0.0,
            0.12024348362703272,
            0.036934976989450675,
            0.4515245867202261,
            -0.1524292989320034,
            -0.014459958156087529,
            0.035619371191815595,
            0.031192408229122805,
            0.06704633082297723,
            -0.06649339902206507,
            -0.00841191974784258
        ],
        [
            -0.45542187115187616,
            -0.16395228540240644,
            0.23511697265181164,
            -0.24509518049313733,
            -0.1208496779715019,
            0.0,
            0.0,
            0.0,
            1.0000000000000004,
            0.0,
            0.520463018757184,
            0.15986969972761922,
            -0.1524292989320033,
            -0.17303580777665087,
            -0.0625886180773287,
            0.20472793920493448,
            0.17928327317172513,
            -0.06649339902206503,
            -0.3035661573276509,
            -0.04834883202903955
        ],
        [
            -0.08829200571875644,
            -0.0317852018914679,
            0.045581800982561246,
            -0.12084967797150199,
            0.3548345213527088,
            0.0,
            0.0,
            0.0,
            0.0,
            1.0000000000000004,
            0.04937287992367576,
            0.015165779706950409,
            -0.014459958156087529,
            -0.06258861807732874,
            0.4808032271544257,
            0.025899638461279833,
            0.02268069504990471,
            -0.00841191974784258,
            -0.04834883202903958,
            0.07249861933977712
        ],
        [
            0.11280081943722338,
            0.2987314010120513,
            -0.012929738796843575,
            0.1470730078169702,
            0.021587640662664435,
            0.5668720160859501,
            0.5641274089839057,
            0.12024348362703274,
            0.520463018757184,
            0.04937287992367576,
            0.9999999999999999,
            0.6848602514927513,
            0.0,
            0.0,
            0.0,
            0.6373295675217361,
            0.5886187196447069,
            -0.05940275105289484,
            -0.5392547055647523,
            -0.087311848981616
        ],
        [
            0.2987314010120513,
            0.5959853504698843,
            -0.014980258013095651,
            0.1703972244511306,
            0.025011211139056733,
            0.5641274089839057,
            0.8861851920717364,
            0.03693497698945073,
            0.15986969972761922,
            0.015165779706950417,
            0.6848602514927513,
            1.0000000000000002,
            0.0,
            0.0,
            0.0,
            0.5886187196447069,
            0.9099704264192734,
            -0.0164707931773972,
            -0.1495208987440053,
            -0.024209239151765788
        ],
        [
            0.012929738796843566,
            0.014980258013095632,
            0.043654567361401234,
            0.024115644650596645,
            0.003539737704375121,
            -0.12024348362703272,
            -0.036934976989450696,
            0.4515245867202261,
            -0.1524292989320033,
            -0.014459958156087529,
            0.0,
            0.0,
            1.0000000000000004,
            0.0,
            0.0,
            0.059402751052894845,
            0.01647079317739721,
            0.5624687651111325,
            -0.06798713788573527,
            -0.01100793865035422
        ],
        [
            -0.14707300781697005,
            -0.17039722445113054,
            0.024115644650596645,
            -0.22853562565257837,
            -0.040263757779289075,
            -0.5204630187571839,
            -0.15986969972761958,
            -0.1524292989320034,
            -0.17303580777665087,
            -0.06258861807732874,
            0.0,
            0.0,
            0.0,
            1.0000000000000004,
            0.0,
            0.5392547055647523,
            0.14952089874400526,
            -0.06798713788573524,
            -0.047225234854203706,
            -0.09992942432053137
        ],
        [
            -0.02158764066266443,
            -0.025011211139056737,
            0.003539737704375122,
            -0.04026375777928909,
            0.039864677179024574,
            -0.04937287992367576,
            -0.015165779706950403,
            -0.014459958156087529,
            -0.0625886180773287,
            0.4808032271544257,
            0.0,
            0.0,
            0.0,
            0.0,
            1.0000000000000004,
            0.08731184898161598,
            0.02420923915176576,
            -0.011007938650354212,
            -0.09992942432053135,
            0.5537782525757603
        ],
        [
            0.01520032129960318,
            0.12848707817925,
            -0.0005285364188955156,
            0.018331875553799986,
            0.0027735207668022044,
            0.16110663306077205,
            0.345453373400887,
            0.035619371191815595,
            0.20472793920493448,
            0.025899638461279836,
            0.6373295675217361,
            0.5886187196447069,
            0.059402751052894845,
            0.5392547055647523,
            0.087311848981616,
            0.9999999999999999,
            0.6848602514927513,
            0.0,
            0.0,
            0.0
        ],
        [
            0.12848707817924995,
            0.3515562305788703,
            -0.0028351317437307916,
            0.09833434451557682,
            0.014877492802273606,
            0.345453373400887,
            0.6526068585112039,
            0.031192408229122816,
            0.17928327317172518,
            0.022680695049904706,
            0.5886187196447069,
            0.9099704264192734,
            0.016470793177397202,
            0.1495208987440053,
            0.024209239151765764,
            0.6848602514927513,
            1.0000000000000002,
            0.0,
            0.0,
            0.0
        ],
        [
            0.0005285364188955156,
            0.0028351317437307916,
            0.0019505612840512514,
            0.0006914215023889287,
            0.00010460860318745524,
            -0.035619371191815595,
            -0.0311924082291228,
            0.06704633082297723,
            -0.06649339902206505,
            -0.00841191974784258,
            -0.059402751052894845,
            -0.01647079317739721,
            0.5624687651111325,
            -0.06798713788573527,
            -0.011007938650354217,
            0.0,
            0.0,
            1.0000000000000004,
            0.0,
            0.0
        ],
        [
            -0.018331875553799983,
            -0.09833434451557675,
            0.0006914215023889287,
            -0.02201092223973052,
            -0.003628268226996806,
            -0.2047279392049344,
            -0.17928327317172493,
            -0.06649339902206505,
            -0.303566157327651,
            -0.048348832029039564,
            -0.5392547055647523,
            -0.14952089874400526,
            -0.06798713788573524,
            -0.047225234854203706,
            -0.09992942432053135,
            0.0,
            0.0,
            0.0,
            1.0000000000000004,
            0.0
        ],
        [
            -0.002773520766802203,
            -0.014877492802273596,
            0.0001046086031874552,
            -0.0036282682269968046,
            0.0014215572657867897,
            -0.02589963846127984,
            -0.02268069504990471,
            -0.00841191974784258,
            -0.048348832029039564,
            0.07249861933977712,
            -0.087311848981616,
            -0.024209239151765736,
            -0.011007938650354213,
            -0.09992942432053137,
            0.5537782525757603,
            0.0,
            0.0,
            0.0,
            0.0,
            1.0000000000000004
        ]
    ],
    "h": [
        [
            -0.2085371715407105,
            -0.4413330741459771,
            0.08058828320187754,
            -0.22111208594996282,
            -0.04225949997299903,
            -0.5201186640728299,
            -0.42805944843240074,
            -0.02591081512061072,
            0.04837964561950303,
            0.011190550814870637,
            -0.22701210922780177,
            -0.29299750354370113,
            0.020659507830413742,
            0.29419878851135206,
            0.036643700043149305,
            -0.01884801798312323,
            -0.1433468292086214,
            0.0053548962676049205,
            0.07959563494213168,
            0.011171297589517164
        ],
        [
            -0.4413330741459771,
            -0.30528941406168,
            0.07166012235268557,
            -0.20286600504370747,
            -0.038406613931441694,
            -0.5115415346683352,
            -0.3625848583459861,
            -0.0869394331262793,
            0.0752227418831036,
            0.024230326909548974,
            -0.3352890075005862,
            -0.30682755568930586,
            0.03131990695009015,
            0.18421516351887587,
            0.017782527110324492,
            -0.15297184339169842,
            -0.2054080683484728,
            0.01524868163948136,
            0.13673211354630294,
            0.020242807945479106
        ],
        [
            0.08058828320187754,
            0.07166012235268557,
            1.4796591489192399,
            0.06958244757545685,
            0.01343732251196687,
            0.02176222062626809,
            0.06291733483439305,
            0.1582546879989301,
            0.30765355383819515,
            0.058921536724484316,
            0.046815835336816956,
            0.05265379873629891,
            -0.0508840663348093,
            -0.062390772594804675,
            -0.007192687727811145,
            0.006619491013737834,
            0.027622135837730155,
            -0.007220547816258883,
            -0.011672195078860238,
            -0.0016334604530028928
        ],
        [
            -0.22111208594996282,
            -0.20286600504370747,
            0.06958244757545685,
            1.3083849090497581,
            -0.03740316894317001,
            -0.08792265331730953,
            -0.19092274892502298,
            0.28511898456514817,
            -0.566106709314977,
            -0.1571321698809614,
            -0.21950258124788868,
            -0.1582691589174155,
            0.024135211252051352,
            0.1626693484907668,
            0.023267767890355354,
            -0.07386158491497083,
            -0.10998086192380085,
            0.003984411134511626,
            0.10246451204592533,
            0.01600733198120023
        ],
        [
            -0.04225949997299903,
            -0.038406613931441694,
            0.01343732251196687,
            -0.03740316894317001,
            1.498537666316739,
            -0.015079815476795877,
            -0.03543668948127938,
            0.05602194615083281,
            -0.16101195980494656,
            0.2398369373348157,
            -0.0367736548882787,
            -0.02951312621410987,
            0.004330271236647278,
            0.03740088533841483,
            -0.03963422893074714,
            -0.011407225222462729,
            -0.019268593257747813,
            0.0006999414780909575,
            0.017255770582142588,
            -0.003645917822719171
        ],
        [
            -0.5201186640728299,
            -0.5115415346683352,
            0.02176222062626809,
            -0.08792265331730953,
            -0.015079815476795877,
            -0.4109927688284414,
            -0.5878593215000291,
            -0.13071206909430977,
            -0.04327513436179001,
            0.015345575789018608,
            -0.5575530169904712,
            -0.5203363699969394,
            -0.004787077263473938,
            0.025263857187229566,
            0.0012941652416758598,
            -0.31457743384337444,
            -0.3714098739726445,
            0.03960268693337972,
            0.28480839522512896,
            0.041009225870463364
        ],
        [
            -0.42805944843240074,
            -0.3625848583459861,
            0.06291733483439305,
            -0.19092274892502298,
            -0.03543668948127938,
            -0.5878593215000291,
            -0.4352723059087751,
            -0.11256777638557966,
            -0.04823172677833916,
            0.01135463911394123,
            -0.5454512398054288,
            -0.41760232313408885,
            0.028955601654205007,
            0.1116651370222902,
            0.003982889095158454,
            -0.3580649708722976,
            -0.3295595127089841,
            0.028004090265785,
            0.22362076785546559,
            0.03439787594963335
        ],
        [
            -0.02591081512061072,
            -0.0869394331262793,
            0.1582546879989301,
            0.28511898456514817,
            0.05602194615083281,
            -0.13071206909430977,
            -0.11256777638557966,
            1.370641164292638,
            0.005499190685060673,
            0.007067512105291479,
            -0.03513204766014083,
            -0.08926549828178917,
            0.3594665495582975,
            -0.2007338853839386,
            -0.019232805121853738,
            -0.0615037810738742,
            -0.06238202631538705,
            -0.04173705710576672,
            0.04440598965189832,
            0.007127671922280844
        ],
        [
            0.04837964561950303,
            0.0752227418831036,
            0.30765355383819515,
            -0.566106709314977,
            -0.16101195980494656,
            -0.04327513436179001,
            -0.04823172677833916,
            0.005499190685060673,
            0.8993273123046488,
            -0.06982742899117297,
            -0.09253230246121125,
            -0.15944245587073064,
            -0.2248366932883062,
            -0.6927056248107482,
            -0.1149235092868556,
            -0.3589356668812671,
            -0.2086817837359788,
            0.018048593066107593,
            0.12486116330796981,
            0.029204051627400723
        ],
        [
            0.011190550814870637,
            0.024230326909548974,
            0.058921536724484316,
            -0.1571321698809614,
            0.2398369373348157,
            0.015345575789018608,
            0.01135463911394123,
            0.007067512105291479,
            -0.06982742899117297,
            1.3995844511599898,
            -0.008636873126937034,
            -0.007883892306228806,
            -0.02180767463149428,
            -0.11463625578124578,
            0.39661855244741595,
            -0.041127211439238434,
            -0.018744776081065846,
            0.0013830395903380657,
            0.014825631731602285,
            -0.04399049147940415
        ],
        [
            -0.22701210922780177,
            -0.3352890075005862,
            0.046815835336816956,
            -0.21950258124788868,
            -0.0367736548882787,
            -0.5575530169904712,
            -0.5454512398054288,
            -0.03513204766014083,
            -0.09253230246121125,
            -0.008636873126937034,
            -0.5457623769383932,
            -0.6391639223340769,
            0.020578403554440315,
            -0.08645420761953213,
            -0.030006035803520466,
            -0.6569398166366075,
            -0.5856497796217106,
            0.015893423022494163,
            0.0842143324093716,
            0.010916724555459806
        ],
        [
            -0.29299750354370113,
            -0.30682755568930586,
            0.05265379873629891,
            -0.1582691589174155,
            -0.02951312621410987,
            -0.5203363699969394,
            -0.41760232313408885,
            -0.08926549828178917,
            -0.15944245587073064,
            -0.007883892306228806,
            -0.6391639223340769,
            -0.4399461054048588,
            0.019571698855519622,
            -0.016521064694650575,
            -0.016147321112102403,
            -0.5010396721923502,
            -0.3757756208729439,
            0.03492763085908059,
            0.2711048032413819,
            0.04175306979801427
        ],
        [
            0.020659507830413742,
            0.03131990695009015,
            -0.0508840663348093,
            0.024135211252051352,
            0.004330271236647278,
            -0.004787077263473938,
            0.028955601654205007,
            0.3594665495582975,
            -0.2248366932883062,
            -0.02180767463149428,
            0.020578403554440315,
            0.019571698855519622,
            1.3574949026955523,
            -0.09011339071178612,
            -0.010779242057081497,
            0.0141392074259052,
            0.004327368036402032,
            0.5330624295448604,
            -0.11888061514163348,
            -0.01884876471375686
        ],
        [
            0.29419878851135206,
            0.18421516351887587,
            -0.062390772594804675,
            0.1626693484907668,
            0.03740088533841483,
            0.025263857187229566,
            0.1116651370222902,
            -0.2007338853839386,
            -0.6927056248107482,
            -0.11463625578124578,
            -0.08645420761953213,
            -0.016521064694650575,
            -0.09011339071178612,
            0.7638828844387882,
            -0.0810725487085181,
            0.014011959929657647,
            -0.10878387243647611,
            -0.10817370308249613,
            -0.4294428565481737,
            -0.15665675830277348
        ],
        [
            0.036643700043149305,
            0.017782527110324492,
            -0.007192687727811145,
            0.023267767890355354,
            -0.03963422893074714,
            0.0012941652416758598,
            0.003982889095158454,
            -0.019232805121853738,
            -0.1149235092868556,
            0.39661855244741595,
            -0.030006035803520466,
            -0.016147321112102403,
            -0.010779242057081497,
            -0.0810725487085181,
            1.3626309516308002,
            -0.001545350721767369,
            -0.0258359401969106,
            -0.01662482194033754,
            -0.15228620513892716,
            0.5221706219549385
        ],
        [
            -0.01884801798312323,
            -0.15297184339169842,
            0.006619491013737834,
            -0.07386158491497083,
            -0.011407225222462729,
            -0.31457743384337444,
            -0.3580649708722976,
            -0.0615037810738742,
            -0.3589356668812671,
            -0.041127211439238434,
            -0.6569398166366075,
            -0.5010396721923502,
            0.0141392074259052,
            0.014011959929657647,
            -0.001545350721767369,
            -0.3526134643422061,
            -0.5018556101681103,
            0.04245747781168487,
            0.34672023227884496,
            0.05503841822860167
        ],
        [
            -0.1433468292086214,
            -0.2054080683484728,
            0.027622135837730155,
            -0.10998086192380085,
            -0.019268593257747813,
            -0.3714098739726445,
            -0.3295595127089841,
            -0.06238202631538705,
            -0.2086817837359788,
            -0.018744776081065846,
            -0.5856497796217106,
            -0.3757756208729439,
            0.004327368036402032,
            -0.10878387243647611,
            -0.0258359401969106,
            -0.5018556101681103,
            -0.3237763100288391,
            0.03449768001436272,
            0.2736422399857314,
            0.04283207648580383
        ],
        [
            0.0053548962676049205,
            0.01524868163948136,
            -0.007220547816258883,
            0.003984411134511626,
            0.0006999414780909575,
            0.03960268693337972,
            0.028004090265785,
            -0.04173705710576672,
            0.018048593066107593,
            0.0013830395903380657,
            0.015893423022494163,
            0.03492763085908059,
            0.5330624295448604,
            -0.10817370308249613,
            -0.01662482194033754,
            0.04245747781168487,
            0.03449768001436272,
            1.4476784476045612,
            -0.03992550482304625,
            -0.00621438919031549
        ],
        [
            0.07959563494213168,
            0.13673211354630294,
            -0.011672195078860238,
            0.10246451204592533,
            0.017255770582142588,
            0.28480839522512896,
            0.22362076785546559,
            0.04440598965189832,
            0.12486116330796981,
            0.014825631731602285,
            0.0842143324093716,
            0.2711048032413819,
            -0.11888061514163348,
            -0.4294428565481737,
            -0.15228620513892716,
            0.34672023227884496,
            0.2736422399857314,
            -0.03992550482304625,
            1.119200177019065,
            -0.05264625916964944
        ],
        [
            0.011171297589517164,
            0.020242807945479106,
            -0.0016334604530028928,
            0.01600733198120023,
            -0.003645917822719171,
            0.041009225870463364,
            0.03439787594963335,
            0.007127671922280844,
            0.029204051627400723,
            -0.04399049147940415,
            0.010916724555459806,
            0.04175306979801427,
            -0.01884876471375686,
            -0.15665675830277348,
            0.5221706219549385,
            0.05503841822860167,
            0.04283207648580383,
            -0.00621438919031549,
            -0.05264625916964944,
            1.4443171979267502
        ]
    ]
}