{
    "HF": -2.1788863030366006,
    "coordinates": [
        [
            0.83349,
            -0.089293,
            -0.028129
        ],
        [
            1.586729,
            -0.194545,
            -0.167701
        ],
        [
            2.415997,
            0.008873,
            -0.01189
        ],
        [
            3.231063,
            -0.171939,
            0.170637
        ]
    ],
    "elements": [
        "H",
        "H",
        "H",
        "H"
    ],
    "Enn": 2.781991319883618,
    "S": [
        [
            0.9999999999999999,
            0.6848602514927513,
            0.0,
            0.0,
            0.0,
            0.5440508559619704,
            0.5556655962476992,
            0.09544091974344807,
            -0.5150733882629404,
            0.07197251371935201,
            0.10031053780246554,
            0.2846590575413394,
            -0.00136279311613567,
            -0.13280556966786808,
            -0.008238188868684906,
            0.006800453016342055,
            0.09090181156634532,
            -0.0006286814081978445,
            -0.0075833370390163855,
            0.00026140287404243726
        ],
        [
            0.6848602514927513,
            1.0000000000000002,
            0.0,
            0.0,
            0.0,
            0.5556655962476992,
            0.8778763997788235,
            0.03038606570046805,
            -0.1639868293221768,
            0.022914296471395867,
            0.2846590575413394,
            0.5782859043300808,
            -0.00172964242494126,
            -0.16855540642690545,
            -0.010455821065754278,
            0.09090181156634532,
            0.2830060429894521,
            -0.006226415496301721,
            -0.07510482517490226,
            0.0025889152828318333
        ],
        [
            0.0,
            0.0,
            1.0000000000000004,
            0.0,
            0.0,
            -0.09544091974344804,
            -0.030386065700468066,
            0.4368975321406731,
            0.12559773069506658,
            -0.017550090145514435,
            0.0013627931161356696,
            0.0017296424249412608,
            0.03822138883566074,
            -0.0025517666638573224,
            -0.00015829107000741097,
            0.0006286814081978444,
            0.00622641549630172,
            0.0004855597571272159,
            -0.0006694031095062583,
            2.3074788291432306e-05
        ],
        [
            0.0,
            0.0,
            0.0,
            1.0000000000000004,
            0.0,
            0.51507338826294,
            0.16398682932217679,
            0.12559773069506666,
            -0.2176527204859116,
            0.0947139279448396,
            0.13280556966786808,
            0.1685554064269054,
            -0.002551766663857321,
            -0.21042467235805604,
            -0.015425625120033115,
            0.007583337039016381,
            0.07510482517490215,
            -0.0006694031095062581,
            -0.0075334786973374115,
            0.00027833477248751903
        ],
        [
            0.0,
            0.0,
            0.0,
            0.0,
            1.0000000000000004,
            -0.07197251371935198,
            -0.02291429647139589,
            -0.01755009014551444,
            0.09471392794483956,
            0.4469356423879141,
            0.008238188868684902,
            0.010455821065754274,
            -0.0001582910700074109,
            -0.015425625120033117,
            0.037290692303715664,
            -0.0002614028740424371,
            -0.002588915282831833,
            2.3074788291432316e-05,
            0.0002783347724875192,
            0.0005314608925075016
        ],
        [
            0.5440508559619704,
            0.5556655962476992,
            -0.09544091974344807,
            0.51507338826294,
            -0.07197251371935198,
            0.9999999999999999,
            0.6848602514927513,
            0.0,
            0.0,
            0.0,
            0.4703091268424549,
            0.5262931245111855,
            -0.0886035870427312,
            -0.47157209323957605,
            -0.11567581537284465,
            0.07760273933293266,
            0.2559863957253338,
            -0.02078776128926768,
            -0.10102921537582736,
            -0.0013889309853022263
        ],
        [
            0.5556655962476992,
            0.8778763997788235,
            -0.030386065700468073,
            0.16398682932217698,
            -0.022914296471395892,
            0.6848602514927513,
            1.0000000000000002,
            0.0,
            0.0,
            0.0,
            0.5262931245111853,
            0.8486536875811427,
            -0.03201062128537817,
            -0.17036912600575677,
            -0.0417912506859532,
            0.2559863957253338,
            0.5411617417445221,
            -0.0321660902574282,
            -0.15632827485342457,
            -0.002149172237110284
        ],
        [
            0.09544091974344804,
            0.03038606570046809,
            0.4368975321406731,
            0.12559773069506666,
            -0.01755009014551444,
            0.0,
            0.0,
            1.0000000000000004,
            0.0,
            0.0,
            0.08860358704273116,
            0.032010621285378155,
            0.3523959077021904,
            -0.12616214489494318,
            -0.030947355004943587,
            0.020787761289267674,
            0.03216609025742821,
            0.01810213808070189,
            -0.037201863307489896,
            -0.0005114443427728891
        ],
        [
            -0.51507338826294,
            -0.16398682932217679,
            0.12559773069506658,
            -0.2176527204859116,
            0.09471392794483956,
            0.0,
            0.0,
            0.0,
            1.0000000000000004,
            0.0,
            0.471572093239576,
            0.17036912600575674,
            -0.12616214489494318,
            -0.29536834000795964,
            -0.1647101372190638,
            0.10102921537582728,
            0.15632827485342457,
            -0.037201863307489896,
            -0.15504551059385016,
            -0.002485636617610542
        ],
        [
            0.07197251371935195,
            0.022914296471395864,
            -0.017550090145514435,
            0.0947139279448396,
            0.4469356423879141,
            0.0,
            0.0,
            0.0,
            0.0,
            1.0000000000000004,
            0.1156758153728446,
            0.04179125068595319,
            -0.030947355004943587,
            -0.1647101372190638,
            0.33569737751098383,
            0.0013889309853022263,
            0.002149172237110284,
            -0.0005114443427728891,
            -0.002485636617610542,
            0.025722617695154805
        ],
        [
            0.10031053780246554,
            0.2846590575413394,
            0.0013627931161356696,
            0.1328055696678681,
            0.008238188868684906,
            0.4703091268424549,
            0.5262931245111855,
            0.0886035870427312,
            0.47157209323957605,
            0.11567581537284465,
            0.9999999999999999,
            0.6848602514927513,
            0.0,
            0.0,
            0.0,
            0.48047085035897746,
            0.5305396510423084,
            -0.1066432808644327,
            -0.4762107105307691,
            0.10564127443972567
        ],
        [
            0.2846590575413394,
            0.5782859043300808,
            0.0017296424249412612,
            0.16855540642690545,
            0.010455821065754278,
            0.5262931245111853,
            0.8486536875811427,
            0.03201062128537816,
            0.17036912600575677,
            0.0417912506859532,
            0.6848602514927513,
            1.0000000000000002,
            0.0,
            0.0,
            0.0,
            0.5305396510423084,
            0.8529162286382552,
            -0.03782243758511757,
            -0.16889437131356697,
            0.03746706287091927
        ],
        [
            -0.00136279311613567,
            -0.0017296424249412595,
            0.03822138883566074,
            -0.002551766663857321,
            -0.0001582910700074109,
            -0.08860358704273116,
            -0.03201062128537815,
            0.3523959077021904,
            -0.12616214489494318,
            -0.030947355004943587,
            0.0,
            0.0,
            1.0000000000000004,
            0.0,
            0.0,
            0.10664328086443267,
            0.03782243758511755,
            0.3539821315750754,
            -0.14966560693769848,
            0.03320140666107913
        ],
        [
            -0.13280556966786808,
            -0.1685554064269054,
            -0.0025517666638573224,
            -0.21042467235805598,
            -0.015425625120033117,
            -0.471572093239576,
            -0.17036912600575674,
            -0.12616214489494318,
            -0.29536834000795964,
            -0.1647101372190638,
            0.0,
            0.0,
            0.0,
            1.0000000000000004,
            0.0,
            0.476210710530769,
            0.16889437131356694,
            -0.14966560693769831,
            -0.2808264936638912,
            0.14825936832150372
        ],
        [
            -0.008238188868684902,
            -0.010455821065754274,
            -0.00015829107000741097,
            -0.015425625120033115,
            0.037290692303715664,
            -0.1156758153728446,
            -0.041791250685953185,
            -0.030947355004943587,
            -0.1647101372190638,
            0.33569737751098383,
            0.0,
            0.0,
            0.0,
            0.0,
            1.0000000000000004,
            -0.10564127443972565,
            -0.03746706287091924,
            0.03320140666107913,
            0.14825936832150388,
            0.354609002690506
        ],
        [
            0.006800453016342055,
            0.09090181156634532,
            0.0006286814081978445,
            0.0075833370390163855,
            -0.0002614028740424371,
            0.07760273933293266,
            0.2559863957253338,
            0.02078776128926768,
            0.10102921537582736,
            0.0013889309853022263,
            0.48047085035897746,
            0.5305396510423084,
            0.1066432808644327,
            0.4762107105307691,
            -0.10564127443972567,
            0.9999999999999999,
            0.6848602514927513,
            0.0,
            0.0,
            0.0
        ],
        [
            0.09090181156634532,
            0.2830060429894521,
            0.006226415496301721,
            0.07510482517490222,
            -0.0025889152828318333,
            0.2559863957253338,
            0.5411617417445221,
            0.0321660902574282,
            0.15632827485342457,
            0.002149172237110284,
            0.5305396510423084,
            0.8529162286382552,
            0.03782243758511756,
            0.16889437131356697,
            -0.03746706287091927,
            0.6848602514927513,
            1.0000000000000002,
            0.0,
            0.0,
            0.0
        ],
        [
            -0.0006286814081978444,
            -0.00622641549630172,
            0.0004855597571272159,
            -0.0006694031095062583,
            2.3074788291432316e-05,
            -0.020787761289267674,
            -0.03216609025742821,
            0.01810213808070189,
            -0.037201863307489896,
            -0.0005114443427728891,
            -0.10664328086443267,
            -0.037822437585117566,
            0.3539821315750754,
            -0.14966560693769831,
            0.03320140666107913,
            0.0,
            0.0,
            1.0000000000000004,
            0.0,
            0.0
        ],
        [
            -0.007583337039016381,
            -0.07510482517490215,
            -0.0006694031095062581,
            -0.0075334786973374115,
            0.00027833477248751914,
            -0.10102921537582728,
            -0.15632827485342457,
            -0.037201863307489896,
            -0.15504551059385016,
            -0.002485636617610542,
            -0.476210710530769,
            -0.16889437131356694,
            -0.14966560693769848,
            -0.28082649366389106,
            0.14825936832150388,
            0.0,
            0.0,
            0.0,
            1.0000000000000004,
            0.0
        ],
        [
            0.000261402874042437,
            0.002588915282831833,
            2.3074788291432306e-05,
            0.00027833477248751914,
            0.0005314608925075016,
            -0.0013889309853022263,
            -0.002149172237110284,
            -0.0005114443427728891,
            -0.002485636617610542,
            0.025722617695154805,
            0.10564127443972565,
            0.03746706287091922,
            0.03320140666107913,
            0.14825936832150372,
            0.354609002690506,
            0.0,
            0.0,
            0.0,
            0.0,
            1.0000000000000004
        ]
    ],
    "h": [
        [
            -0.2659078584550376,
            -0.46739367389772546,
            0.05002113738239307,
            -0.27837375966504674,
            0.035562969332357044,
            -0.5751379378948855,
            -0.46336572311332747,
            -0.010434909099933165,
            0.023297693978470257,
            -0.014449310592689071,
            -0.21563233279904465,
            -0.2989315679834741,
            0.028824769691969513,
            0.27614043653163833,
            0.03469304836405414,
            0.0021335023723405566,
            -0.11070312389048252,
            0.005815473596264809,
            0.040277607631796636,
            -0.0007826428613079372
        ],
        [
            -0.46739367389772546,
            -0.3131269737898912,
            0.04085044334168472,
            -0.23728965966747423,
            0.028424584563474756,
            -0.5287058984038382,
            -0.36542051518632546,
            -0.0529000346768463,
            0.12081851491015691,
            -0.05072143705044846,
            -0.29921027139102163,
            -0.2988506894531504,
            0.023362913476992396,
            0.16465377732762382,
            0.0431475782408789,
            -0.10948976301426847,
            -0.1730627171699886,
            0.01763164286099418,
            0.0911553027551668,
            -0.011845856954743278
        ],
        [
            0.05002113738239307,
            0.04085044334168472,
            1.4689052769790845,
            0.045968980249517996,
            -0.00642316993567313,
            0.006530925514303815,
            0.03619789082458924,
            0.3520553751154758,
            0.17460341332769716,
            -0.02359571291026765,
            0.015281247307412073,
            0.02673772969484796,
            -0.04584457447704782,
            -0.025808368619209245,
            -0.004164798640591633,
            -0.0021588501535423008,
            0.0077359329185205305,
            -0.0018954132399785018,
            0.0011435742704009808,
            -0.00014181350272405327
        ],
        [
            -0.27837375966504674,
            -0.23728965966747423,
            0.045968980249517996,
            1.2126481604106576,
            0.0330764536519455,
            -0.07099647559940336,
            -0.226716651211405,
            0.16258985976375157,
            -0.5840529840836193,
            0.11644270283499425,
            -0.21401690215200447,
            -0.17604123055961848,
            0.025542324809471446,
            0.18975005326967442,
            0.03896618935707245,
            -0.04276598871226034,
            -0.09970326208789253,
            0.007601905489542125,
            0.05369007698822791,
            -0.0035126548685003763
        ],
        [
            0.035562969332357044,
            0.028424584563474756,
            -0.00642316993567313,
            0.0330764536519455,
            1.4725641486439116,
            0.001591198003312616,
            0.02442220975662214,
            -0.024746480764260052,
            0.13153629753179444,
            0.36551910250949216,
            0.005268008147228706,
            0.018131520232476214,
            -0.00200860140296412,
            -0.013675393452897165,
            -0.044784342328519175,
            -0.0008179819616538611,
            0.006054158632907874,
            -0.00019638045968389895,
            -0.0015739403698760575,
            -0.001983209480615526
        ],
        [
            -0.5751379378948855,
            -0.5287058984038382,
            0.006530925514303815,
            -0.07099647559940336,
            0.001591198003312616,
            -0.4042779635090634,
            -0.5781566396987192,
            -0.07997091244017202,
            0.09490235241201486,
            -0.08006679000021791,
            -0.45575996670314667,
            -0.47228216716133165,
            0.0038627555522287305,
            0.07803039552009217,
            0.020335221887720772,
            -0.1778314981097041,
            -0.27816772203178186,
            0.03862628391405468,
            0.18270531681117513,
            -0.015286608946156242
        ],
        [
            -0.46336572311332747,
            -0.36542051518632546,
            0.03619789082458924,
            -0.226716651211405,
            0.02442220975662214,
            -0.5781566396987192,
            -0.4248671258853134,
            -0.06977090720792414,
            0.040800004048528335,
            -0.06884468009974318,
            -0.4618356760327844,
            -0.3950753670305922,
            0.011160305189868512,
            0.11066899364872651,
            0.060963812639253934,
            -0.2683495519413472,
            -0.28406235926515944,
            0.0332865699792728,
            0.14913721210117925,
            -0.02781739749208621
        ],
        [
            -0.010434909099933165,
            -0.0529000346768463,
            0.3520553751154758,
            0.16258985976375157,
            -0.024746480764260052,
            -0.07997091244017202,
            -0.06977090720792414,
            1.402079542578394,
            0.008030338957376315,
            -0.014980983203302491,
            -0.023637417581277076,
            -0.055561375361565545,
            0.22910705938016596,
            -0.15596596592394965,
            -0.035837051870270156,
            -0.041130860816757805,
            -0.03758735052080463,
            -0.026744185880113604,
            0.046337066848158956,
            -0.004205813501577496
        ],
        [
            0.023297693978470257,
            0.12081851491015691,
            0.17460341332769716,
            -0.5840529840836193,
            0.13153629753179444,
            0.09490235241201486,
            0.040800004048528335,
            0.008030338957376315,
            0.9485881265616825,
            -0.010119910101280398,
            -0.051145912836497165,
            -0.08667988789452802,
            -0.17988011883144245,
            -0.7212632382276143,
            -0.2041297948160486,
            -0.24590294956026026,
            -0.15460929675346402,
            0.05073867166952581,
            0.19686576073966333,
            -0.023821273517747654
        ],
        [
            -0.014449310592689071,
            -0.05072143705044846,
            -0.02359571291026765,
            0.11644270283499425,
            0.36551910250949216,
            -0.08006679000021791,
            -0.06884468009974318,
            -0.014980983203302491,
            -0.010119910101280398,
            1.4014043588881544,
            -0.016857146584129318,
            -0.05508039532122655,
            -0.03950735925245652,
            -0.20304426854507523,
            0.21097273695685936,
            -0.025424397629651305,
            -0.03805239054570286,
            0.006035703935670207,
            0.027743121138402306,
            -0.040372906866713486
        ],
        [
            -0.21563233279904465,
            -0.29921027139102163,
            0.015281247307412073,
            -0.21401690215200447,
            0.005268008147228706,
            -0.45575996670314667,
            -0.4618356760327844,
            -0.023637417581277076,
            -0.051145912836497165,
            -0.016857146584129318,
            -0.3549463398147892,
            -0.5587647571359713,
            -0.015477691015397867,
            -0.044891845773879696,
            0.09042188614062324,
            -0.5220051878180703,
            -0.49802897162898563,
            0.016597902364995754,
            0.07232673104639453,
            -0.00944683275966518
        ],
        [
            -0.2989315679834741,
            -0.2988506894531504,
            0.02673772969484796,
            -0.17604123055961848,
            0.018131520232476214,
            -0.47228216716133165,
            -0.3950753670305922,
            -0.055561375361565545,
            -0.08667988789452802,
            -0.05508039532122655,
            -0.5587647571359713,
            -0.424840447358916,
            -0.010580222451506428,
            -0.011205857561676025,
            0.08034204603678421,
            -0.43295926276062335,
            -0.35688330575127314,
            0.04333397223269924,
            0.19180494903241163,
            -0.036809342190736845
        ],
        [
            0.028824769691969513,
            0.023362913476992396,
            -0.04584457447704782,
            0.025542324809471446,
            -0.00200860140296412,
            0.0038627555522287305,
            0.011160305189868512,
            0.22910705938016596,
            -0.17988011883144245,
            -0.03950735925245652,
            -0.015477691015397867,
            -0.010580222451506428,
            1.4147774510413131,
            -0.08305880106866907,
            0.0014388572464057714,
            -0.007395777415130728,
            -0.024937594576929525,
            0.23973872962697718,
            -0.19925896794127046,
            0.04377055427991415
        ],
        [
            0.27614043653163833,
            0.16465377732762382,
            -0.025808368619209245,
            0.18975005326967442,
            -0.013675393452897165,
            0.07803039552009217,
            0.11066899364872651,
            -0.15596596592394965,
            -0.7212632382276143,
            -0.20304426854507523,
            -0.044891845773879696,
            -0.011205857561676025,
            -0.08305880106866907,
            1.0011658876050042,
            -0.0012062438437917423,
            -0.04787088489377345,
            -0.10654503589452893,
            -0.19848130215087656,
            -0.6065776445559469,
            0.19434567616262682
        ],
        [
            0.03469304836405414,
            0.0431475782408789,
            -0.004164798640591633,
            0.03896618935707245,
            -0.044784342328519175,
            0.020335221887720772,
            0.060963812639253934,
            -0.035837051870270156,
            -0.2041297948160486,
            0.21097273695685936,
            0.09042188614062324,
            0.08034204603678421,
            0.0014388572464057714,
            -0.0012062438437917423,
            1.4106497802065319,
            0.017188533069860484,
            0.058969640115236886,
            0.040689404252366466,
            0.18148481874425015,
            0.24181697850616768
        ],
        [
            0.0021335023723405566,
            -0.10948976301426847,
            -0.0021588501535423008,
            -0.04276598871226034,
            -0.0008179819616538611,
            -0.1778314981097041,
            -0.2683495519413472,
            -0.041130860816757805,
            -0.24590294956026026,
            -0.025424397629651305,
            -0.5220051878180703,
            -0.43295926276062335,
            -0.007395777415130728,
            -0.04787088489377345,
            0.017188533069860484,
            -0.2132027661331135,
            -0.443205168987302,
            0.052336116287020285,
            0.22993433270565747,
            -0.04878780400053739
        ],
        [
            -0.11070312389048252,
            -0.1730627171699886,
            0.0077359329185205305,
            -0.09970326208789253,
            0.006054158632907874,
            -0.27816772203178186,
            -0.28406235926515944,
            -0.03758735052080463,
            -0.15460929675346402,
            -0.03805239054570286,
            -0.49802897162898563,
            -0.35688330575127314,
            -0.024937594576929525,
            -0.10654503589452893,
            0.058969640115236886,
            -0.443205168987302,
            -0.3027464384064118,
            0.04706684405132462,
            0.20701997608403302,
            -0.042571465772759734
        ],
        [
            0.005815473596264809,
            0.01763164286099418,
            -0.0018954132399785018,
            0.007601905489542125,
            -0.00019638045968389895,
            0.03862628391405468,
            0.0332865699792728,
            -0.026744185880113604,
            0.05073867166952581,
            0.006035703935670207,
            0.016597902364995754,
            0.04333397223269924,
            0.23973872962697718,
            -0.19848130215087656,
            0.040689404252366466,
            0.052336116287020285,
            0.04706684405132462,
            1.4881516432433406,
            -0.04716789343795795,
            0.009842923567361562
        ],
        [
            0.040277607631796636,
            0.0911553027551668,
            0.0011435742704009808,
            0.05369007698822791,
            -0.0015739403698760575,
            0.18270531681117513,
            0.14913721210117925,
            0.046337066848158956,
            0.19686576073966333,
            0.027743121138402306,
            0.07232673104639453,
            0.19180494903241163,
            -0.19925896794127046,
            -0.6065776445559469,
            0.18148481874425015,
            0.22993433270565747,
            0.20701997608403302,
            -0.04716789343795795,
            1.2892063535327278,
            0.043781974590198676
        ],
        [
            -0.0007826428613079372,
            -0.011845856954743278,
            -0.00014181350272405327,
            -0.0035126548685003763,
            -0.001983209480615526,
            -0.015286608946156242,
            -0.02781739749208621,
            -0.004205813501577496,
            -0.023821273517747654,
            -0.040372906866713486,
            -0.00944683275966518,
            -0.036809342190736845,
            0.04377055427991415,
            0.19434567616262682,
            0.24181697850616768,
            -0.04878780400053739,
            -0.042571465772759734,
            0.009842923567361562,
            0.043781974590198676,
            1.4889437970044017
        ]
    ]
}