{
    "HF": -2.176254163768465,
    "coordinates": [
        [
            0.7531,
            -0.127006,
            -0.16379
        ],
        [
            1.507183,
            0.134821,
            0.001358
        ],
        [
            2.327211,
            -0.083608,
            0.028621
        ],
        [
            3.136627,
            -0.033043,
            0.032012
        ]
    ],
    "elements": [
        "H",
        "H",
        "H",
        "H"
    ],
    "Enn": 2.80258711480154,
    "S": [
        [
            0.9999999999999999,
            0.6848602514927513,
            0.0,
            0.0,
            0.0,
            0.5109746917605236,
            0.5428933925285343,
            -0.10431060444932616,
            -0.4762931039731709,
            -0.16537489180101314,
            0.10009837638104264,
            0.2844108552198825,
            -0.016105800992293806,
            -0.13176127407362676,
            -0.003632638214361792,
            0.0071733344407298085,
            0.09302048633056974,
            -0.0006612291212351808,
            -0.008049240884415517,
            -0.00031731581862606774
        ],
        [
            0.6848602514927513,
            1.0000000000000002,
            0.0,
            0.0,
            0.0,
            0.5428933925285343,
            0.8652433813228194,
            -0.03507264361645389,
            -0.16014535032956134,
            -0.05560445818396389,
            0.2844108552198825,
            0.5779707926820404,
            -0.020474888548757245,
            -0.16750470237342385,
            -0.004618079076762598,
            0.09302048633056974,
            0.28712463900805335,
            -0.00628722909154895,
            -0.07653537908138013,
            -0.003017164825329742
        ],
        [
            0.0,
            0.0,
            1.0000000000000004,
            0.0,
            0.0,
            0.10431060444932615,
            0.03507264361645386,
            0.3922037547397116,
            -0.13646793769270638,
            -0.04738336591896148,
            0.016105800992293806,
            0.020474888548757248,
            0.034459296449304885,
            -0.02997717505678678,
            -0.0008264661406434694,
            0.0006612291212351808,
            0.00628722909154895,
            0.0005310077739967068,
            -0.0007145001830129771,
            -2.8166905890492697e-05
        ],
        [
            0.0,
            0.0,
            0.0,
            1.0000000000000004,
            0.0,
            0.47629310397317076,
            0.16014535032956131,
            -0.1364679376927064,
            -0.2010359179971969,
            -0.21635739289769318,
            0.13176127407362678,
            0.1675047023734237,
            -0.029977175056786768,
            -0.2071191931112002,
            -0.006761304931186015,
            0.008049240884415516,
            0.07653537908138013,
            -0.0007145001830129775,
            -0.008108014936228187,
            -0.00034287995371062803
        ],
        [
            0.0,
            0.0,
            0.0,
            0.0,
            1.0000000000000004,
            0.16537489180101314,
            0.05560445818396388,
            -0.047383365918961515,
            -0.21635739289769332,
            0.3469689461892612,
            0.003632638214361792,
            0.004618079076762596,
            -0.0008264661406434691,
            -0.006761304931186015,
            0.03793713957374007,
            0.00031731581862606774,
            0.0030171648253297413,
            -2.8166905890492697e-05,
            -0.0003428799537106279,
            0.0005761855864334005
        ],
        [
            0.5109746917605236,
            0.5428933925285343,
            0.10431060444932616,
            0.47629310397317076,
            0.16537489180101314,
            0.9999999999999999,
            0.6848602514927513,
            0.0,
            0.0,
            0.0,
            0.4847135598984324,
            0.5322927687104172,
            -0.016106986631346704,
            -0.48447272982907175,
            0.129047903125057,
            0.08690160412339902,
            0.2682823692605881,
            -0.0021608362011415554,
            -0.11486140741609258,
            0.011832929081634573
        ],
        [
            0.5428933925285343,
            0.8652433813228194,
            0.03507264361645387,
            0.16014535032956134,
            0.05560445818396389,
            0.6848602514927513,
            1.0000000000000002,
            0.0,
            0.0,
            0.0,
            0.5322927687104172,
            0.8546721703184543,
            -0.005669251370732709,
            -0.17052213120490026,
            0.045421593649186645,
            0.268282369260588,
            0.5572653089516155,
            -0.003064393399621647,
            -0.16289089315107635,
            0.016780887767798278
        ],
        [
            -0.10431060444932613,
            -0.03507264361645386,
            0.3922037547397116,
            -0.13646793769270635,
            -0.04738336591896148,
            0.0,
            0.0,
            1.0000000000000004,
            0.0,
            0.0,
            0.0161069866313467,
            0.005669251370732709,
            0.3915197086665234,
            -0.022768108203066455,
            0.006064689384615648,
            0.0021608362011415554,
            0.0030643933996216456,
            0.03059979899008863,
            -0.003977755460065109,
            0.0004097851429986975
        ],
        [
            -0.4762931039731706,
            -0.16014535032956131,
            -0.13646793769270646,
            -0.20103591799719703,
            -0.21635739289769326,
            0.0,
            0.0,
            0.0,
            1.0000000000000004,
            0.0,
            0.4844727298290717,
            0.1705221312049006,
            -0.022768108203066455,
            -0.2925520839327948,
            0.18241628238592977,
            0.11486140741609249,
            0.16289089315107633,
            -0.0039777554600651105,
            -0.18076693539933802,
            0.02178253874040484
        ],
        [
            -0.16537489180101314,
            -0.0556044581839639,
            -0.047383365918961515,
            -0.21635739289769326,
            0.3469689461892612,
            0.0,
            0.0,
            0.0,
            0.0,
            1.0000000000000004,
            -0.12904790312505698,
            -0.045421593649186603,
            0.0060646893846156465,
            0.1824162823859297,
            0.3436868551403804,
            -0.011832929081634568,
            -0.016780887767798264,
            0.0004097851429986974,
            0.021782538740404818,
            0.028430611238164368
        ],
        [
            0.10009837638104264,
            0.2844108552198825,
            0.016105800992293806,
            0.13176127407362673,
            0.003632638214361792,
            0.4847135598984324,
            0.5322927687104172,
            0.016106986631346704,
            0.48447272982907175,
            -0.129047903125057,
            0.9999999999999999,
            0.6848602514927513,
            0.0,
            0.0,
            0.0,
            0.514220783386901,
            0.5441746803857012,
            -0.0021590622097697604,
            -0.5153581532241236,
            -0.032194922039813674
        ],
        [
            0.2844108552198825,
            0.5779707926820404,
            0.020474888548757234,
            0.16750470237342374,
            0.004618079076762598,
            0.5322927687104172,
            0.8546721703184543,
            0.00566925137073271,
            0.1705221312049006,
            -0.045421593649186645,
            0.6848602514927513,
            1.0000000000000002,
            0.0,
            0.0,
            0.0,
            0.5441746803857012,
            0.8665157720045814,
            -0.0007219646492102941,
            -0.1723296191404308,
            -0.010765597902482623
        ],
        [
            -0.016105800992293806,
            -0.02047488854875725,
            0.034459296449304885,
            -0.02997717505678677,
            -0.0008264661406434694,
            -0.016106986631346704,
            -0.005669251370732709,
            0.3915197086665234,
            -0.022768108203066455,
            0.006064689384615648,
            0.0,
            0.0,
            1.0000000000000004,
            0.0,
            0.0,
            0.0021590622097697604,
            0.000721964649210294,
            0.4257905430292269,
            -0.0030341754928465497,
            -0.0001895478762413715
        ],
        [
            -0.13176127407362676,
            -0.16750470237342377,
            -0.02997717505678677,
            -0.20711919311120022,
            -0.0067613049311860155,
            -0.4844727298290717,
            -0.17052213120490026,
            -0.022768108203066455,
            -0.2925520839327948,
            0.18241628238592977,
            0.0,
            0.0,
            0.0,
            1.0000000000000004,
            0.0,
            0.5153581532241236,
            0.17232961914043077,
            -0.003034175492846553,
            -0.2984403876789388,
            -0.045244200470594576
        ],
        [
            -0.003632638214361792,
            -0.004618079076762596,
            -0.0008264661406434691,
            -0.006761304931186014,
            0.03793713957374007,
            0.12904790312505698,
            0.045421593649186603,
            0.0060646893846156465,
            0.1824162823859297,
            0.3436868551403804,
            0.0,
            0.0,
            0.0,
            0.0,
            1.0000000000000004,
            0.032194922039813674,
            0.010765597902482611,
            -0.0001895478762413715,
            -0.04524420047059452,
            0.4229768055843291
        ],
        [
            0.0071733344407298085,
            0.09302048633056974,
            0.0006612291212351808,
            0.008049240884415516,
            0.00031731581862606774,
            0.08690160412339902,
            0.2682823692605881,
            0.0021608362011415554,
            0.11486140741609258,
            -0.011832929081634573,
            0.514220783386901,
            0.5441746803857012,
            0.0021590622097697604,
            0.5153581532241236,
            0.032194922039813674,
            0.9999999999999999,
            0.6848602514927513,
            0.0,
            0.0,
            0.0
        ],
        [
            0.09302048633056974,
            0.28712463900805335,
            0.006287229091548952,
            0.07653537908138015,
            0.003017164825329742,
            0.268282369260588,
            0.5572653089516155,
            0.0030643933996216473,
            0.16289089315107635,
            -0.016780887767798278,
            0.5441746803857012,
            0.8665157720045814,
            0.0007219646492102941,
            0.1723296191404308,
            0.010765597902482611,
            0.6848602514927513,
            1.0000000000000002,
            0.0,
            0.0,
            0.0
        ],
        [
            -0.0006612291212351808,
            -0.00628722909154895,
            0.0005310077739967068,
            -0.0007145001830129771,
            -2.8166905890492697e-05,
            -0.0021608362011415554,
            -0.0030643933996216464,
            0.03059979899008863,
            -0.0039777554600651105,
            0.0004097851429986975,
            -0.0021590622097697604,
            -0.000721964649210294,
            0.4257905430292269,
            -0.003034175492846553,
            -0.0001895478762413715,
            0.0,
            0.0,
            1.0000000000000004,
            0.0,
            0.0
        ],
        [
            -0.008049240884415517,
            -0.0765353790813801,
            -0.0007145001830129775,
            -0.008108014936228187,
            -0.00034287995371062803,
            -0.11486140741609258,
            -0.16289089315107633,
            -0.003977755460065109,
            -0.18076693539933802,
            0.021782538740404825,
            -0.5153581532241236,
            -0.17232961914043077,
            -0.0030341754928465497,
            -0.2984403876789388,
            -0.04524420047059452,
            0.0,
            0.0,
            0.0,
            1.0000000000000004,
            0.0
        ],
        [
            -0.00031731581862606774,
            -0.0030171648253297413,
            -2.8166905890492697e-05,
            -0.0003428799537106279,
            0.0005761855864334005,
            0.011832929081634568,
            0.016780887767798264,
            0.0004097851429986974,
            0.021782538740404832,
            0.028430611238164368,
            -0.032194922039813674,
            -0.010765597902482622,
            -0.0001895478762413715,
            -0.045244200470594576,
            0.4229768055843291,
            0.0,
            0.0,
            0.0,
            0.0,
            1.0000000000000004
        ]
    ],
    "h": [
        [
            -0.2411553903918089,
            -0.45661669782147873,
            -0.05291218321877797,
            -0.24488555963270398,
            -0.08121565604340228,
            -0.5514154329099703,
            -0.4500031404742031,
            0.009731334886845189,
            0.03267029251540621,
            0.02418306281597271,
            -0.21250669570420694,
            -0.293098899258714,
            0.02034201619188715,
            0.2753788479671412,
            -0.027901210117922855,
            0.001296470901734622,
            -0.1117472178505571,
            0.0021749852630722644,
            0.04370999772209866,
            -0.001167781042069015
        ],
        [
            -0.45661669782147873,
            -0.3109466960387042,
            -0.04587543949033252,
            -0.2160110927457481,
            -0.06897753197178333,
            -0.5174161416512051,
            -0.36440721092198425,
            0.03730828571582556,
            0.10032094221312754,
            0.08753844768497857,
            -0.3021446355970707,
            -0.29878213433109546,
            0.009753745899787093,
            0.16806637401193136,
            -0.0406070785420601,
            -0.11301777291966214,
            -0.1756824809453822,
            0.0021694680982339287,
            0.10008742223450451,
            0.0016367641616829975
        ],
        [
            -0.05291218321877797,
            -0.04587543949033252,
            1.4745056036668653,
            -0.04702233180742586,
            -0.015664988668262464,
            -0.013692547529245175,
            -0.04232245416163993,
            0.2890077771488422,
            -0.1868041267858983,
            -0.06087381786676384,
            -0.03333697888532615,
            -0.0329318771737654,
            -0.0392954594620201,
            0.0402549719263147,
            -0.005714459521158689,
            -0.004564323589437598,
            -0.01588601426090027,
            -0.0017634234236655938,
            0.006819428381036979,
            7.235688484306154e-06
        ],
        [
            -0.24488555963270398,
            -0.2160110927457481,
            -0.04702233180742586,
            1.2632966774194356,
            -0.0714591098071304,
            -0.07690978039463714,
            -0.20572601665544604,
            -0.18108680921589598,
            -0.5349497753678891,
            -0.27202916723939374,
            -0.20612929106239064,
            -0.16249030822366442,
            0.016109191318236765,
            0.1790417236543128,
            -0.030633693355108828,
            -0.044450534973616146,
            -0.09636782913426337,
            0.0031408723313936203,
            0.05713811979143632,
            0.0008683439001185302
        ],
        [
            -0.08121565604340228,
            -0.06897753197178333,
            -0.015664988668262464,
            -0.0714591098071304,
            1.4598641615368133,
            -0.01506589142196385,
            -0.06132676566133069,
            -0.063515695887526,
            -0.2930865644051219,
            0.22981518670477313,
            -0.032982299416721955,
            -0.04727032252919232,
            0.00314018292080011,
            0.048896328084737775,
            -0.049420795742532914,
            -0.001507622869741055,
            -0.01880929401088844,
            0.00022413171977843957,
            0.005273392355597405,
            -0.002255796592070239
        ],
        [
            -0.5514154329099703,
            -0.5174161416512051,
            -0.013692547529245175,
            -0.07690978039463714,
            -0.01506589142196385,
            -0.3876882252986926,
            -0.5720540897321007,
            0.04402709207300579,
            0.05001275214241306,
            0.12838600912042786,
            -0.4693417799747226,
            -0.4767109099624638,
            0.007929738724594914,
            0.06781907020983546,
            -0.012120585725395955,
            -0.196537026795648,
            -0.2906014838113164,
            0.0027539283993164077,
            0.20461676044478821,
            -0.006112387821394744
        ],
        [
            -0.4500031404742031,
            -0.36440721092198425,
            -0.04232245416163993,
            -0.20572601665544604,
            -0.06132676566133069,
            -0.5720540897321007,
            -0.42530290078674593,
            0.03516480383125905,
            0.012100764523656438,
            0.11031612764547291,
            -0.4754069123477561,
            -0.3992720724460479,
            0.009672436326416848,
            0.10801760397797638,
            -0.050252449824314135,
            -0.2821847292394073,
            -0.2909172957696783,
            0.0009383286612793841,
            0.16794022770229247,
            0.00592256277744976
        ],
        [
            0.009731334886845189,
            0.03730828571582556,
            0.2890077771488422,
            -0.18108680921589598,
            -0.063515695887526,
            0.04402709207300579,
            0.03516480383125905,
            1.4096815676326804,
            -0.05450773059841678,
            -0.013916300097518434,
            0.00479362567646972,
            0.014631632409441486,
            0.27891804349112914,
            -0.04714876181198981,
            0.008828805512793157,
            -0.010480276254678974,
            -0.0012507581548977793,
            -0.03987917073735928,
            0.006412859647859834,
            7.418650453438667e-05
        ],
        [
            0.03267029251540621,
            0.10032094221312754,
            -0.1868041267858983,
            -0.5349497753678891,
            -0.2930865644051219,
            0.05001275214241306,
            0.012100764523656438,
            -0.05450773059841678,
            0.9770255195944051,
            -0.018949840130141865,
            -0.05827539885334643,
            -0.10508328986974741,
            -0.03505450029427904,
            -0.7376842222420654,
            0.23643236386125882,
            -0.26573135790591224,
            -0.16589635375480669,
            0.002376950022786954,
            0.2110622932849326,
            -0.003843570453441962
        ],
        [
            0.02418306281597271,
            0.08753844768497857,
            -0.06087381786676384,
            -0.27202916723939374,
            0.22981518670477313,
            0.12838600912042786,
            0.11031612764547291,
            -0.013916300097518434,
            -0.018949840130141865,
            1.3810912825180006,
            0.02782463801241819,
            0.08144444545501794,
            0.005901812193332958,
            0.21936874262562683,
            0.22070796036057977,
            0.03834145969006886,
            0.05043791103108495,
            -0.0005036575373871331,
            -0.04666539692482187,
            -0.039350607659557564
        ],
        [
            -0.21250669570420694,
            -0.3021446355970707,
            -0.03333697888532615,
            -0.20612929106239064,
            -0.032982299416721955,
            -0.4693417799747226,
            -0.4754069123477561,
            0.00479362567646972,
            -0.05827539885334643,
            0.02782463801241819,
            -0.387982434433338,
            -0.5747554236528847,
            0.004650538974996402,
            -0.06484202019859413,
            -0.0652482693284579,
            -0.5473015090245317,
            -0.5148565493841586,
            0.0002806929726017907,
            0.07099012287278161,
            -0.0020014343786898606
        ],
        [
            -0.293098899258714,
            -0.29878213433109546,
            -0.0329318771737654,
            -0.16249030822366442,
            -0.04727032252919232,
            -0.4767109099624638,
            -0.3992720724460479,
            0.014631632409441486,
            -0.10508328986974741,
            0.08144444545501794,
            -0.5747554236528847,
            -0.4296610102623517,
            0.006097101899078524,
            -0.02197519639344417,
            -0.057135132530654525,
            -0.4461415337044763,
            -0.3602457468026885,
            0.0008765700658475168,
            0.21549818482566957,
            0.007961573202829718
        ],
        [
            0.02034201619188715,
            0.009753745899787093,
            -0.0392954594620201,
            0.016109191318236765,
            0.00314018292080011,
            0.007929738724594914,
            0.009672436326416848,
            0.27891804349112914,
            -0.03505450029427904,
            0.005901812193332958,
            0.004650538974996402,
            0.006097101899078524,
            1.4222848128603023,
            -0.011688286277358281,
            0.0017073230192348678,
            -0.0017003934264135873,
            0.0010703157911639317,
            0.3372358217517121,
            -0.004855308130228653,
            -0.00012966685955359807
        ],
        [
            0.2753788479671412,
            0.16806637401193136,
            0.0402549719263147,
            0.1790417236543128,
            0.048896328084737775,
            0.06781907020983546,
            0.10801760397797638,
            -0.04714876181198981,
            -0.7376842222420654,
            0.21936874262562683,
            -0.06484202019859413,
            -0.02197519639344417,
            -0.011688286277358281,
            0.9347181565232718,
            0.0371137270812949,
            -0.03701521861621648,
            -0.11873404014450525,
            -0.004899011603375604,
            -0.6663489812729373,
            -0.0606002999770338
        ],
        [
            -0.027901210117922855,
            -0.0406070785420601,
            -0.005714459521158689,
            -0.030633693355108828,
            -0.049420795742532914,
            -0.012120585725395955,
            -0.050252449824314135,
            0.008828805512793157,
            0.23643236386125882,
            0.22070796036057977,
            -0.0652482693284579,
            -0.057135132530654525,
            0.0017073230192348678,
            0.0371137270812949,
            1.4079787316851178,
            -0.011837777432265786,
            -0.036152563019940645,
            -9.359938908808807e-05,
            -0.048044493382257025,
            0.33278746518397173
        ],
        [
            0.001296470901734622,
            -0.11301777291966214,
            -0.004564323589437598,
            -0.044450534973616146,
            -0.001507622869741055,
            -0.196537026795648,
            -0.2821847292394073,
            -0.010480276254678974,
            -0.26573135790591224,
            0.03834145969006886,
            -0.5473015090245317,
            -0.4461415337044763,
            -0.0017003934264135873,
            -0.03701521861621648,
            -0.011837777432265786,
            -0.2380932455151783,
            -0.4546127149909521,
            0.0006760367753597995,
            0.2629226766779697,
            0.013669008753757901
        ],
        [
            -0.1117472178505571,
            -0.1756824809453822,
            -0.01588601426090027,
            -0.09636782913426337,
            -0.01880929401088844,
            -0.2906014838113164,
            -0.2909172957696783,
            -0.0012507581548977793,
            -0.16589635375480669,
            0.05043791103108495,
            -0.5148565493841586,
            -0.3602457468026885,
            0.0010703157911639317,
            -0.11873404014450525,
            -0.036152563019940645,
            -0.4546127149909521,
            -0.3065556254719808,
            0.0006726979249318033,
            0.22958025499687265,
            0.010673311606378655
        ],
        [
            0.0021749852630722644,
            0.0021694680982339287,
            -0.0017634234236655938,
            0.0031408723313936203,
            0.00022413171977843957,
            0.0027539283993164077,
            0.0009383286612793841,
            -0.03987917073735928,
            0.002376950022786954,
            -0.0005036575373871331,
            0.0002806929726017907,
            0.0008765700658475168,
            0.3372358217517121,
            -0.004899011603375604,
            -9.359938908808807e-05,
            0.0006760367753597995,
            0.0006726979249318033,
            1.491443882884127,
            -0.0010149915399308195,
            -4.426541168217551e-05
        ],
        [
            0.04370999772209866,
            0.10008742223450451,
            0.006819428381036979,
            0.05713811979143632,
            0.005273392355597405,
            0.20461676044478821,
            0.16794022770229247,
            0.006412859647859834,
            0.2110622932849326,
            -0.04666539692482187,
            0.07099012287278161,
            0.21549818482566957,
            -0.004855308130228653,
            -0.6663489812729373,
            -0.048044493382257025,
            0.2629226766779697,
            0.22958025499687265,
            -0.0010149915399308195,
            1.2379036328843482,
            -0.013052601948595574
        ],
        [
            -0.001167781042069015,
            0.0016367641616829975,
            7.235688484306154e-06,
            0.0008683439001185302,
            -0.002255796592070239,
            -0.006112387821394744,
            0.00592256277744976,
            7.418650453438667e-05,
            -0.003843570453441962,
            -0.039350607659557564,
            -0.0020014343786898606,
            0.007961573202829718,
            -0.00012966685955359807,
            -0.0606002999770338,
            0.33278746518397173,
            0.013669008753757901,
            0.010673311606378655,
            -4.426541168217551e-05,
            -0.013052601948595574,
            1.4902799939880758
        ]
    ]
}