{
    "HF": -2.1650764064519508,
    "coordinates": [
        [
            0.676012,
            -0.153542,
            -0.191551
        ],
        [
            1.476298,
            -0.196739,
            0.152384
        ],
        [
            2.300727,
            -0.057291,
            0.105806
        ],
        [
            2.975715,
            0.100288,
            0.056522
        ]
    ],
    "elements": [
        "H",
        "H",
        "H",
        "H"
    ],
    "Enn": 2.892964149427858,
    "S": [
        [
            0.9999999999999999,
            0.6848602514927513,
            0.0,
            0.0,
            0.0,
            0.4671459366260598,
            0.5249572882577654,
            -0.19391863179318686,
            -0.45122004495978124,
            0.02435548326739147,
            0.08309792086745377,
            0.2633555660879713,
            -0.019852142791821563,
            -0.10846919418750656,
            -0.006425907565167855,
            0.009237214002968454,
            0.10373439724965636,
            -0.0011422077954595204,
            -0.010588571484368096,
            -0.0011687148731280318
        ],
        [
            0.6848602514927513,
            1.0000000000000002,
            0.0,
            0.0,
            0.0,
            0.5249572882577654,
            0.8473101113454021,
            -0.07046831651693276,
            -0.1639693754694059,
            0.00885056731237573,
            0.2633555660879712,
            0.550847114248482,
            -0.02914201293031613,
            -0.159227680996508,
            -0.00943293040539103,
            0.10373439724965636,
            0.30743550139219383,
            -0.008954839507745591,
            -0.08301375514659409,
            -0.009162653381267056
        ],
        [
            0.0,
            0.0,
            1.0000000000000004,
            0.0,
            0.0,
            0.19391863179318686,
            0.07046831651693275,
            0.25814976189511785,
            -0.2662300996161681,
            0.014370289637853974,
            0.019852142791821566,
            0.029142012930316142,
            0.02205672762702087,
            -0.03590768887927259,
            -0.0021272352149877766,
            0.0011422077954595204,
            0.00895483950774558,
            0.0007445892288964542,
            -0.0013125056537693065,
            -0.0001448679721234712
        ],
        [
            0.0,
            0.0,
            0.0,
            1.0000000000000004,
            0.0,
            0.45122004495978135,
            0.16396937546940568,
            -0.2662300996161679,
            -0.2469119919066723,
            0.03343754376006979,
            0.10846919418750653,
            0.1592276809965079,
            -0.03590768887927258,
            -0.1675657517228647,
            -0.011622900965233256,
            0.010588571484368096,
            0.08301375514659412,
            -0.0013125056537693074,
            -0.011281106619826075,
            -0.0013429648131649285
        ],
        [
            0.0,
            0.0,
            0.0,
            0.0,
            1.0000000000000004,
            -0.02435548326739147,
            -0.008850567312375726,
            0.014370289637853965,
            0.0334375437600698,
            0.3707613129327256,
            0.006425907565167852,
            0.009432930405391027,
            -0.0021272352149877757,
            -0.011622900965233256,
            0.027940028268222058,
            0.0011687148731280314,
            0.009162653381267052,
            -0.0001448679721234712,
            -0.0013429648131649276,
            0.0007379416124528785
        ],
        [
            0.4671459366260598,
            0.5249572882577654,
            0.19391863179318686,
            0.45122004495978135,
            -0.02435548326739147,
            0.9999999999999999,
            0.6848602514927513,
            0.0,
            0.0,
            0.0,
            0.49365809286003826,
            0.5359511967351616,
            0.028162847689089582,
            -0.49848143667543554,
            -0.08431561648306421,
            0.11573089107923137,
            0.30189019505478387,
            0.009574183734640048,
            -0.1497537486474596,
            -0.02966546777814911
        ],
        [
            0.5249572882577654,
            0.8473101113454021,
            0.07046831651693276,
            0.1639693754694059,
            -0.00885056731237573,
            0.6848602514927513,
            1.0000000000000002,
            0.0,
            0.0,
            0.0,
            0.5359511967351616,
            0.8583294218036313,
            0.009756831858679548,
            -0.1726955887418802,
            -0.02921058630746582,
            0.30189019505478387,
            0.5999145655384116,
            0.010873117251410077,
            -0.17007090244056608,
            -0.03369019421496091
        ],
        [
            -0.19391863179318686,
            -0.07046831651693275,
            0.25814976189511785,
            -0.26623009961616806,
            0.014370289637853974,
            0.0,
            0.0,
            1.0000000000000004,
            0.0,
            0.0,
            -0.02816284768908956,
            -0.009756831858679545,
            0.40011981438228283,
            0.04011523466009254,
            0.006785289264303638,
            -0.009574183734640047,
            -0.010873117251410078,
            0.0464669698305374,
            0.01776364953035067,
            0.0035188900279585116
        ],
        [
            -0.45122004495978124,
            -0.16396937546940585,
            -0.26623009961616795,
            -0.2469119919066723,
            0.0334375437600698,
            0.0,
            0.0,
            0.0,
            1.0000000000000004,
            0.0,
            0.49848143667543554,
            0.1726955887418805,
            0.04011523466009254,
            -0.3076520592667805,
            -0.12009938689683076,
            0.14975374864745963,
            0.170070902440566,
            0.017763649530350662,
            -0.23024590349891386,
            -0.05504040734651339
        ],
        [
            0.02435548326739147,
            0.008850567312375726,
            0.014370289637853965,
            0.03343754376006979,
            0.3707613129327256,
            0.0,
            0.0,
            0.0,
            0.0,
            1.0000000000000004,
            0.08431561648306415,
            0.02921058630746583,
            0.006785289264303638,
            -0.12009938689683076,
            0.38207201171644817,
            0.029665467778149098,
            0.03369019421496088,
            0.0035188900279585103,
            -0.05504040734651339,
            0.0366994214423076
        ],
        [
            0.08309792086745377,
            0.2633555660879713,
            0.019852142791821563,
            0.10846919418750653,
            0.006425907565167855,
            0.49365809286003826,
            0.5359511967351616,
            -0.028162847689089603,
            0.49848143667543554,
            0.08431561648306421,
            0.9999999999999999,
            0.6848602514927513,
            0.0,
            0.0,
            0.0,
            0.6072955255973582,
            0.5784663276670127,
            0.038724255260573465,
            -0.5303629496352562,
            -0.123815628189796
        ],
        [
            0.2633555660879712,
            0.550847114248482,
            0.02914201293031613,
            0.15922768099650794,
            0.00943293040539103,
            0.5359511967351616,
            0.8583294218036313,
            -0.009756831858679548,
            0.17269558874188057,
            0.02921058630746584,
            0.6848602514927513,
            1.0000000000000002,
            0.0,
            0.0,
            0.0,
            0.5784663276670127,
            0.9001573345313657,
            0.011200151329286947,
            -0.15339598542027327,
            -0.035810986249446224
        ],
        [
            -0.019852142791821566,
            -0.02914201293031613,
            0.02205672762702087,
            -0.035907688879272585,
            -0.0021272352149877766,
            0.02816284768908958,
            0.009756831858679524,
            0.40011981438228283,
            0.04011523466009254,
            0.006785289264303638,
            0.0,
            0.0,
            1.0000000000000004,
            0.0,
            0.0,
            -0.03872425526057347,
            -0.011200151329286936,
            0.5309278086350893,
            0.04614417528669496,
            0.010772566323404417
        ],
        [
            -0.10846919418750656,
            -0.1592276809965078,
            -0.035907688879272585,
            -0.16756575172286464,
            -0.01162290096523326,
            -0.49848143667543554,
            -0.17269558874188018,
            0.04011523466009254,
            -0.3076520592667805,
            -0.12009938689683076,
            0.0,
            0.0,
            0.0,
            1.0000000000000004,
            0.0,
            0.5303629496352561,
            0.15339598542027327,
            0.04614417528669488,
            -0.09768831298966493,
            -0.14753983032022752
        ],
        [
            -0.006425907565167852,
            -0.009432930405391027,
            -0.0021272352149877757,
            -0.011622900965233256,
            0.027940028268222058,
            -0.08431561648306417,
            -0.02921058630746581,
            0.006785289264303638,
            -0.12009938689683076,
            0.38207201171644817,
            0.0,
            0.0,
            0.0,
            0.0,
            1.0000000000000004,
            0.12381562818979601,
            0.035810986249446224,
            0.010772566323404417,
            -0.1475398303202278,
            0.4998531682159978
        ],
        [
            0.009237214002968454,
            0.10373439724965636,
            0.0011422077954595204,
            0.010588571484368096,
            0.0011687148731280318,
            0.11573089107923137,
            0.30189019505478387,
            -0.009574183734640047,
            0.14975374864745966,
            0.02966546777814911,
            0.6072955255973582,
            0.5784663276670127,
            -0.03872425526057347,
            0.5303629496352562,
            0.123815628189796,
            0.9999999999999999,
            0.6848602514927513,
            0.0,
            0.0,
            0.0
        ],
        [
            0.10373439724965636,
            0.30743550139219383,
            0.00895483950774559,
            0.08301375514659412,
            0.009162653381267056,
            0.30189019505478387,
            0.5999145655384116,
            -0.010873117251410084,
            0.17007090244056608,
            0.03369019421496092,
            0.5784663276670127,
            0.9001573345313657,
            -0.011200151329286936,
            0.15339598542027327,
            0.035810986249446224,
            0.6848602514927513,
            1.0000000000000002,
            0.0,
            0.0,
            0.0
        ],
        [
            -0.0011422077954595204,
            -0.008954839507745583,
            0.0007445892288964542,
            -0.0013125056537693065,
            -0.0001448679721234712,
            0.009574183734640048,
            0.010873117251410073,
            0.0464669698305374,
            0.017763649530350666,
            0.003518890027958511,
            0.03872425526057346,
            0.011200151329286947,
            0.5309278086350893,
            0.04614417528669489,
            0.010772566323404413,
            0.0,
            0.0,
            1.0000000000000004,
            0.0,
            0.0
        ],
        [
            -0.010588571484368096,
            -0.08301375514659409,
            -0.0013125056537693074,
            -0.011281106619826075,
            -0.0013429648131649285,
            -0.14975374864745958,
            -0.170070902440566,
            0.017763649530350666,
            -0.23024590349891386,
            -0.05504040734651339,
            -0.5303629496352561,
            -0.15339598542027327,
            0.046144175286694955,
            -0.09768831298966493,
            -0.14753983032022772,
            0.0,
            0.0,
            0.0,
            1.0000000000000004,
            0.0
        ],
        [
            -0.0011687148731280314,
            -0.009162653381267052,
            -0.0001448679721234712,
            -0.0013429648131649276,
            0.0007379416124528785,
            -0.029665467778149098,
            -0.03369019421496088,
            0.003518890027958511,
            -0.05504040734651339,
            0.0366994214423076,
            -0.12381562818979601,
            -0.035810986249446224,
            0.010772566323404419,
            -0.14753983032022758,
            0.4998531682159978,
            0.0,
            0.0,
            0.0,
            0.0,
            1.0000000000000004
        ]
    ],
    "h": [
        [
            -0.203171962556165,
            -0.4381620338055472,
            -0.09069320251104206,
            -0.21420716410328683,
            0.011073557511920129,
            -0.5130779824335288,
            -0.42719226678226363,
            0.02414956051363565,
            0.04953202729058204,
            -0.003473850015804872,
            -0.18377953500531602,
            -0.27061952560178604,
            0.014401807879845262,
            0.256673525735873,
            0.031225829332444853,
            -0.004028167004285509,
            -0.1203453231681371,
            0.0012898951841518076,
            0.05247030774333511,
            0.007983289932248451
        ],
        [
            -0.4381620338055472,
            -0.3012089325599092,
            -0.08152578080387024,
            -0.19570216589502357,
            0.009507044956139759,
            -0.4953596460510119,
            -0.3567191790696502,
            0.07638063854537792,
            0.08973057193729816,
            -0.022009497177841467,
            -0.29023126862262094,
            -0.28827291821850076,
            7.53773336553687e-05,
            0.1626515214102182,
            0.021778749212536995,
            -0.12552024555490188,
            -0.18301878228916535,
            -0.004262132810162187,
            0.11056379929626362,
            0.02221698699804567
        ],
        [
            -0.09069320251104206,
            -0.08152578080387024,
            1.4702427638961881,
            -0.07816230235739278,
            0.004075509875320802,
            -0.026014804528266378,
            -0.07253242725915716,
            0.11891577069728632,
            -0.34646697244729574,
            0.017080081757771457,
            -0.052096368958356634,
            -0.05665114141287567,
            -0.03438490152589636,
            0.07199031806014144,
            0.008683316993938893,
            -0.007707002731714572,
            -0.02909952407529513,
            -0.0028288794242884766,
            0.01264299837410477,
            0.0020300490567157067
        ],
        [
            -0.21420716410328683,
            -0.19570216589502357,
            -0.07816230235739278,
            1.3158168914405177,
            0.009046423355189612,
            -0.07494346944645591,
            -0.1810468934705306,
            -0.33423341964564096,
            -0.5529670703125662,
            0.03645918660158842,
            -0.18489879953649402,
            -0.1432867582671213,
            0.01600553057471099,
            0.1917987506498418,
            0.025498602767909488,
            -0.0487897562849463,
            -0.09264842116091931,
            0.002888068555494087,
            0.06593984023245571,
            0.010247170411596772
        ],
        [
            0.011073557511920129,
            0.009507044956139759,
            0.004075509875320802,
            0.009046423355189612,
            1.5029066898314507,
            0.0013207298751485574,
            0.0074555173557620015,
            0.018729690650033687,
            0.0418439582370461,
            0.26150908428136044,
            -0.00263309200745894,
            0.0055046956895786515,
            0.0006023043337013137,
            -0.00019768753604214664,
            -0.03840905414286124,
            -0.0038766606649209075,
            -0.0001779044401160508,
            0.0003697133429578731,
            0.004795798269410927,
            -0.0024179721162903185
        ],
        [
            -0.5130779824335288,
            -0.4953596460510119,
            -0.026014804528266378,
            -0.07494346944645591,
            0.0013207298751485574,
            -0.3567025787594911,
            -0.5597338415995208,
            0.09624067681678071,
            0.00979599136878044,
            -0.042715272319568995,
            -0.47704513876451715,
            -0.4716554398354811,
            0.008564398227596394,
            0.04213678396045384,
            -0.00031153504088246575,
            -0.24540658313853078,
            -0.31859621784015324,
            -0.015272343717881096,
            0.23534710274638238,
            0.04990178837104829
        ],
        [
            -0.42719226678226363,
            -0.3567191790696502,
            -0.07253242725915716,
            -0.1810468934705306,
            0.0074555173557620015,
            -0.5597338415995208,
            -0.42420356651323554,
            0.08373539556713264,
            -0.01356499581319473,
            -0.04071859986569976,
            -0.4924615239468362,
            -0.3982440603674482,
            0.003544765548864081,
            0.09347633334207883,
            0.005297941107167747,
            -0.3213364168239088,
            -0.3077329860855216,
            -0.013987156781609911,
            0.19292498779245593,
            0.04386211800931068
        ],
        [
            0.02414956051363565,
            0.07638063854537792,
            0.11891577069728632,
            -0.33423341964564096,
            0.018729690650033687,
            0.09624067681678071,
            0.08373539556713264,
            1.3965196272749925,
            -0.06699442999086148,
            0.005728672076074127,
            0.016989628244315685,
            0.04840530729231265,
            0.2905049847058946,
            0.029149458368514014,
            0.006308228625939025,
            0.009823088090897596,
            0.021913680011744208,
            -0.045096759789837376,
            -0.014854728981038227,
            -0.003122264556753771
        ],
        [
            0.04953202729058204,
            0.08973057193729816,
            -0.34646697244729574,
            -0.5529670703125662,
            0.0418439582370461,
            0.00979599136878044,
            -0.01356499581319473,
            -0.06699442999086148,
            0.9911699071723168,
            -0.03298890921131778,
            -0.08436227597932977,
            -0.12894719129650284,
            0.053381241237941066,
            -0.7710764434541347,
            -0.1821354572541926,
            -0.3064910995297385,
            -0.17853508715698388,
            -0.017562118211628005,
            0.18665887375693535,
            0.052618896545979774
        ],
        [
            -0.003473850015804872,
            -0.022009497177841467,
            0.017080081757771457,
            0.03645918660158842,
            0.26150908428136044,
            -0.042715272319568995,
            -0.04071859986569976,
            0.005728672076074127,
            -0.03298890921131778,
            1.422542935275922,
            -0.021564564782923956,
            -0.041733073894369976,
            0.009843334815019365,
            -0.16715999148850647,
            0.2659609399434492,
            -0.05200729911042842,
            -0.03667024007011496,
            -0.0030607560378514767,
            0.042013918336373884,
            -0.03657355674218557
        ],
        [
            -0.18377953500531602,
            -0.29023126862262094,
            -0.052096368958356634,
            -0.18489879953649402,
            -0.00263309200745894,
            -0.47704513876451715,
            -0.4924615239468362,
            0.016989628244315685,
            -0.08436227597932977,
            -0.021564564782923956,
            -0.4678707497373389,
            -0.604654003462927,
            0.009241874376146783,
            -0.11443752719013167,
            -0.03772208804627513,
            -0.6224744143471256,
            -0.5567790305894745,
            -0.005693459833127856,
            0.06184236986965441,
            0.0136708024435446
        ],
        [
            -0.27061952560178604,
            -0.28827291821850076,
            -0.05665114141287567,
            -0.1432867582671213,
            0.0055046956895786515,
            -0.4716554398354811,
            -0.3982440603674482,
            0.04840530729231265,
            -0.12894719129650284,
            -0.041733073894369976,
            -0.604654003462927,
            -0.42901918553490326,
            0.007421539526088792,
            -0.040879688582408286,
            -0.02187239465914232,
            -0.48654841435600416,
            -0.36757668238758323,
            -0.01889894556610963,
            0.2471714981456144,
            0.056977229300057206
        ],
        [
            0.014401807879845262,
            7.53773336553687e-05,
            -0.03438490152589636,
            0.01600553057471099,
            0.0006023043337013137,
            0.008564398227596394,
            0.003544765548864081,
            0.2905049847058946,
            0.053381241237941066,
            0.009843334815019365,
            0.009241874376146783,
            0.007421539526088792,
            1.3995163630364578,
            0.02876216732340988,
            0.006269876001549458,
            -0.004576250618939459,
            0.00858016585266853,
            0.4915472816970047,
            0.07069707232055289,
            0.016462582323323257
        ],
        [
            0.256673525735873,
            0.1626515214102182,
            0.07199031806014144,
            0.1917987506498418,
            -0.00019768753604214664,
            0.04213678396045384,
            0.09347633334207883,
            0.029149458368514014,
            -0.7710764434541347,
            -0.16715999148850647,
            -0.11443752719013167,
            -0.040879688582408286,
            0.02876216732340988,
            0.8691247842063594,
            -0.10604621945143455,
            0.0008468092454542164,
            -0.12267979949153796,
            0.06865981810513272,
            -0.4659988591070162,
            -0.22296123543316632
        ],
        [
            0.031225829332444853,
            0.021778749212536995,
            0.008683316993938893,
            0.025498602767909488,
            -0.03840905414286124,
            -0.00031153504088246575,
            0.005297941107167747,
            0.006308228625939025,
            -0.1821354572541926,
            0.2659609399434492,
            -0.03772208804627513,
            -0.02187239465914232,
            0.006269876001549458,
            -0.10604621945143455,
            1.3799736531283775,
            0.0009036895224229791,
            -0.033855072339098534,
            0.01589235862276193,
            -0.2217394810217016,
            0.44518496468073643
        ],
        [
            -0.004028167004285509,
            -0.12552024555490188,
            -0.007707002731714572,
            -0.0487897562849463,
            -0.0038766606649209075,
            -0.24540658313853078,
            -0.3213364168239088,
            0.009823088090897596,
            -0.3064910995297385,
            -0.05200729911042842,
            -0.6224744143471256,
            -0.48654841435600416,
            -0.004576250618939459,
            0.0008468092454542164,
            0.0009036895224229791,
            -0.3175004227884346,
            -0.4874902265826524,
            -0.02497862751047436,
            0.3181202311937127,
            0.07477256947368094
        ],
        [
            -0.1203453231681371,
            -0.18301878228916535,
            -0.02909952407529513,
            -0.09264842116091931,
            -0.0001779044401160508,
            -0.31859621784015324,
            -0.3077329860855216,
            0.021913680011744208,
            -0.17853508715698388,
            -0.03667024007011496,
            -0.5567790305894745,
            -0.36757668238758323,
            0.00858016585266853,
            -0.12267979949153796,
            -0.033855072339098534,
            -0.4874902265826524,
            -0.31609491776205245,
            -0.019952815202889957,
            0.25530575452260096,
            0.059591174856465055
        ],
        [
            0.0012898951841518076,
            -0.004262132810162187,
            -0.0028288794242884766,
            0.002888068555494087,
            0.0003697133429578731,
            -0.015272343717881096,
            -0.013987156781609911,
            -0.045096759789837376,
            -0.017562118211628005,
            -0.0030607560378514767,
            -0.005693459833127856,
            -0.01889894556610963,
            0.4915472816970047,
            0.06865981810513272,
            0.01589235862276193,
            -0.02497862751047436,
            -0.019952815202889957,
            1.4634515418849126,
            0.022522517740856972,
            0.00523953331394722
        ],
        [
            0.05247030774333511,
            0.11056379929626362,
            0.01264299837410477,
            0.06593984023245571,
            0.004795798269410927,
            0.23534710274638238,
            0.19292498779245593,
            -0.014854728981038227,
            0.18665887375693535,
            0.042013918336373884,
            0.06184236986965441,
            0.2471714981456144,
            0.07069707232055289,
            -0.4659988591070162,
            -0.2217394810217016,
            0.3181202311937127,
            0.25530575452260096,
            0.022522517740856972,
            1.1641917904431318,
            -0.06990623988613388
        ],
        [
            0.007983289932248451,
            0.02221698699804567,
            0.0020300490567157067,
            0.010247170411596772,
            -0.0024179721162903185,
            0.04990178837104829,
            0.04386211800931068,
            -0.003122264556753771,
            0.052618896545979774,
            -0.03657355674218557,
            0.0136708024435446,
            0.056977229300057206,
            0.016462582323323257,
            -0.22296123543316632,
            0.44518496468073643,
            0.07477256947368094,
            0.059591174856465055,
            0.00523953331394722,
            -0.06990623988613388,
            1.448902069924197
        ]
    ]
}