{
    "HF": -2.152406579963394,
    "coordinates": [
        [
            0.760283,
            0.127371,
            -0.193876
        ],
        [
            1.570313,
            0.046638,
            0.199268
        ],
        [
            2.322858,
            0.124092,
            -0.129466
        ],
        [
            3.140146,
            -0.148738,
            0.137321
        ]
    ],
    "elements": [
        "H",
        "H",
        "H",
        "H"
    ],
    "Enn": 2.7050068670053236,
    "S": [
        [
            0.9999999999999999,
            0.6848602514927513,
            0.0,
            0.0,
            0.0,
            0.4433229338476776,
            0.5146755219984431,
            -0.20745749317878057,
            -0.4274433622276002,
            0.0426018603789006,
            0.10629668267500444,
            0.2915317988456306,
            -0.00580024565240982,
            -0.14071291492492272,
            0.00029528032128942685,
            0.006506207000028281,
            0.08918227181903239,
            -0.0009921958037589372,
            -0.007129563619601489,
            0.0008271638667623089
        ],
        [
            0.6848602514927513,
            1.0000000000000002,
            0.0,
            0.0,
            0.0,
            0.5146755219984431,
            0.8369248815343266,
            -0.07886723730412216,
            -0.16249727385756366,
            0.01619556363386876,
            0.2915317988456306,
            0.5869704870151764,
            -0.007037803785366504,
            -0.1707358523508625,
            0.00035828223276225497,
            0.08918227181903239,
            0.2796367603386734,
            -0.010164227582347925,
            -0.0730364983584068,
            0.008473611516814776
        ],
        [
            0.0,
            0.0,
            1.0000000000000004,
            0.0,
            0.0,
            0.20745749317878054,
            0.07886723730412212,
            0.20726182428392786,
            -0.2862018023592742,
            0.02852478316836572,
            0.005800245652409816,
            0.007037803785366491,
            0.04135019481496798,
            -0.010922117591509121,
            2.2919618951127793e-05,
            0.0009921958037589368,
            0.010164227582347918,
            0.0003603193607666046,
            -0.0010309002185656393,
            0.00011960387150350257
        ],
        [
            0.0,
            0.0,
            0.0,
            1.0000000000000004,
            0.0,
            0.42744336222760004,
            0.16249727385756382,
            -0.2862018023592741,
            -0.24351892180483767,
            0.05877218044754919,
            0.1407129149249227,
            0.17073585235086255,
            -0.010922117591509118,
            -0.2231681966326135,
            0.0005560258280167444,
            0.007129563619601492,
            0.07303649835840685,
            -0.00103090021856564,
            -0.006903893632052052,
            0.0008594305759047947
        ],
        [
            0.0,
            0.0,
            0.0,
            0.0,
            1.0000000000000004,
            -0.0426018603789006,
            -0.01619556363386874,
            0.02852478316836573,
            0.058772180447549234,
            0.3403108063496075,
            -0.00029528032128942685,
            -0.00035828223276225486,
            2.2919618951127986e-05,
            0.0005560258280167494,
            0.041799242307330925,
            -0.0008271638667623086,
            -0.008473611516814774,
            0.00011960387150350261,
            0.0008594305759047942,
            0.0004040758891070119
        ],
        [
            0.4433229338476776,
            0.5146755219984431,
            0.20745749317878057,
            0.42744336222760004,
            -0.0426018603789006,
            0.9999999999999999,
            0.6848602514927513,
            0.0,
            0.0,
            0.0,
            0.5034058102231992,
            0.5398814399688415,
            0.20374795214987415,
            -0.4664242294701097,
            -0.04800566380665327,
            0.10097864762256412,
            0.28543854034851385,
            0.005240793364455439,
            -0.13280982726690843,
            0.016529052970665994
        ],
        [
            0.5146755219984431,
            0.8369248815343266,
            0.07886723730412216,
            0.16249727385756382,
            -0.01619556363386876,
            0.6848602514927513,
            1.0000000000000002,
            0.0,
            0.0,
            0.0,
            0.5398814399688415,
            0.8622478353076939,
            0.06940013754606249,
            -0.15887229951754786,
            -0.016351573775431557,
            0.2854385403485138,
            0.5792748411026792,
            0.006617412096100842,
            -0.16769547973361526,
            0.020870800937701574
        ],
        [
            -0.20745749317878054,
            -0.07886723730412212,
            0.20726182428392786,
            -0.2862018023592741,
            0.02852478316836573,
            0.0,
            0.0,
            1.0000000000000004,
            0.0,
            0.0,
            -0.20374795214987415,
            -0.0694001375460624,
            0.29745891196186913,
            0.2655461127482943,
            0.0273307358587279,
            -0.0052407933644554395,
            -0.006617412096100841,
            0.038254051916937364,
            0.009755099877315376,
            -0.001214086080258454
        ],
        [
            -0.4274433622276,
            -0.16249727385756366,
            -0.2862018023592742,
            -0.24351892180483778,
            0.058772180447549234,
            0.0,
            0.0,
            0.0,
            1.0000000000000004,
            0.0,
            0.4664242294701097,
            0.1588722995175478,
            0.2655461127482943,
            -0.19443658013681228,
            -0.06256611307867878,
            0.13280982726690843,
            0.1676954797336154,
            0.009755099877315392,
            -0.20857035483997557,
            0.030766823149311052
        ],
        [
            0.0426018603789006,
            0.01619556363386875,
            0.02852478316836572,
            0.05877218044754919,
            0.3403108063496075,
            0.0,
            0.0,
            0.0,
            0.0,
            1.0000000000000004,
            0.04800566380665325,
            0.01635157377543155,
            0.0273307358587279,
            -0.06256611307867878,
            0.40701786206558627,
            -0.016529052970665987,
            -0.020870800937701547,
            -0.0012140860802584551,
            0.03076682314931102,
            0.0348098641163753
        ],
        [
            0.10629668267500444,
            0.2915317988456306,
            0.005800245652409816,
            0.1407129149249227,
            -0.00029528032128942685,
            0.5034058102231992,
            0.5398814399688415,
            -0.20374795214987415,
            0.4664242294701097,
            0.04800566380665327,
            0.9999999999999999,
            0.6848602514927513,
            0.0,
            0.0,
            0.0,
            0.4448203637124587,
            0.5153336084860419,
            -0.14138216154114494,
            -0.43311684617930896,
            0.14458461294317407
        ],
        [
            0.2915317988456306,
            0.5869704870151764,
            0.007037803785366493,
            0.17073585235086258,
            -0.00035828223276225497,
            0.5398814399688415,
            0.8622478353076939,
            -0.06940013754606252,
            0.15887229951754786,
            0.016351573775431557,
            0.6848602514927513,
            1.0000000000000002,
            0.0,
            0.0,
            0.0,
            0.5153336084860419,
            0.8375919397941033,
            -0.053592277924562545,
            -0.16417713621881863,
            0.05480619815117828
        ],
        [
            -0.00580024565240982,
            -0.007037803785366502,
            0.04135019481496798,
            -0.010922117591509116,
            2.2919618951127986e-05,
            0.20374795214987415,
            0.0694001375460624,
            0.29745891196186913,
            0.2655461127482943,
            0.0273307358587279,
            0.0,
            0.0,
            1.0000000000000004,
            0.0,
            0.0,
            0.14138216154114494,
            0.05359227792456254,
            0.28354545693130107,
            -0.19688891855537385,
            0.06572616219675646
        ],
        [
            -0.14071291492492272,
            -0.17073585235086244,
            -0.010922117591509123,
            -0.22316819663261356,
            0.0005560258280167495,
            -0.4664242294701097,
            -0.1588722995175478,
            0.2655461127482943,
            -0.19443658013681228,
            -0.06256611307867878,
            0.0,
            0.0,
            0.0,
            1.0000000000000004,
            0.0,
            0.43311684617930896,
            0.16417713621881794,
            -0.196888918555374,
            -0.25534305972508575,
            0.20134865510486905
        ],
        [
            0.00029528032128942685,
            0.00035828223276225486,
            2.2919618951127793e-05,
            0.0005560258280167444,
            0.041799242307330925,
            -0.04800566380665325,
            -0.01635157377543155,
            0.0273307358587279,
            -0.06256611307867878,
            0.40701786206558627,
            0.0,
            0.0,
            0.0,
            0.0,
            1.0000000000000004,
            -0.144584612943174,
            -0.05480619815117825,
            0.06572616219675641,
            0.20134865510486874,
            0.2806009016978597
        ],
        [
            0.006506207000028281,
            0.08918227181903239,
            0.0009921958037589372,
            0.00712956361960149,
            -0.0008271638667623089,
            0.10097864762256412,
            0.28543854034851385,
            -0.005240793364455439,
            0.13280982726690843,
            -0.016529052970665994,
            0.4448203637124587,
            0.5153336084860419,
            0.14138216154114494,
            0.43311684617930896,
            -0.14458461294317407,
            0.9999999999999999,
            0.6848602514927513,
            0.0,
            0.0,
            0.0
        ],
        [
            0.08918227181903239,
            0.2796367603386734,
            0.010164227582347925,
            0.07303649835840681,
            -0.008473611516814776,
            0.2854385403485138,
            0.5792748411026792,
            -0.006617412096100842,
            0.16769547973361543,
            -0.020870800937701574,
            0.5153336084860419,
            0.8375919397941033,
            0.053592277924562545,
            0.16417713621881797,
            -0.05480619815117828,
            0.6848602514927513,
            1.0000000000000002,
            0.0,
            0.0,
            0.0
        ],
        [
            -0.0009921958037589368,
            -0.010164227582347918,
            0.0003603193607666046,
            -0.0010309002185656393,
            0.00011960387150350257,
            0.0052407933644554395,
            0.006617412096100841,
            0.038254051916937364,
            0.00975509987731539,
            -0.0012140860802584553,
            -0.14138216154114494,
            -0.05359227792456252,
            0.28354545693130107,
            -0.19688891855537408,
            0.06572616219675646,
            0.0,
            0.0,
            1.0000000000000004,
            0.0,
            0.0
        ],
        [
            -0.007129563619601489,
            -0.07303649835840688,
            -0.00103090021856564,
            -0.006903893632052052,
            0.0008594305759047947,
            -0.13280982726690843,
            -0.16769547973361523,
            0.009755099877315378,
            -0.20857035483997557,
            0.030766823149311034,
            -0.43311684617930896,
            -0.16417713621881794,
            -0.19688891855537377,
            -0.25534305972508575,
            0.20134865510486882,
            0.0,
            0.0,
            0.0,
            1.0000000000000004,
            0.0
        ],
        [
            0.0008271638667623086,
            0.008473611516814774,
            0.00011960387150350261,
            0.0008594305759047942,
            0.0004040758891070119,
            0.016529052970665987,
            0.02087080093770155,
            -0.0012140860802584538,
            0.030766823149311038,
            0.0348098641163753,
            0.144584612943174,
            0.05480619815117825,
            0.06572616219675641,
            0.20134865510486896,
            0.2806009016978597,
            0.0,
            0.0,
            0.0,
            0.0,
            1.0000000000000004
        ]
    ],
    "h": [
        [
            -0.20096524896589774,
            -0.4385311581728558,
            -0.09010892122614879,
            -0.20100574340121424,
            0.017477787708135975,
            -0.5043750229955001,
            -0.4234378783405335,
            0.04863528743150347,
            0.05602984017614454,
            -0.013475240635379637,
            -0.2164839029986132,
            -0.2862801030598776,
            -0.035236654251712574,
            0.26561728706155685,
            0.003945292063617688,
            0.005403686072264487,
            -0.10388667755322736,
            0.0026666852200704205,
            0.04276962397807776,
            -0.005603938631247167
        ],
        [
            -0.4385311581728558,
            -0.3108566353475386,
            -0.08196719642013008,
            -0.1906663740143372,
            0.01580716802618442,
            -0.4967057940380091,
            -0.36576723531908595,
            0.11701757194648846,
            0.07525989910028022,
            -0.026611689164939084,
            -0.31045892443684076,
            -0.3036321630534997,
            -0.06593442277325981,
            0.17512486257085555,
            0.019497903227471025,
            -0.10418159231507665,
            -0.17449026892580888,
            0.01671966151478952,
            0.0926018852845069,
            -0.021289629468180082
        ],
        [
            -0.09010892122614879,
            -0.08196719642013008,
            1.4555515885734958,
            -0.075674609707706,
            0.007428303446980417,
            -0.029446585762064492,
            -0.07174245613146651,
            0.05626122672657352,
            -0.35633754761415004,
            0.033567686703430084,
            -0.04504238398258293,
            -0.059508010792218,
            -0.0558224203323429,
            0.060000397936960936,
            0.002966595539900271,
            -0.0044992337594829245,
            -0.02587079792875773,
            -0.0008049159995297396,
            0.010148632371190819,
            -0.00148717532158953
        ],
        [
            -0.20100574340121424,
            -0.1906663740143372,
            -0.075674609707706,
            1.3174655124437746,
            0.015061845543264167,
            -0.09891981009110307,
            -0.18163208359152544,
            -0.32232262899749553,
            -0.5286846783793503,
            0.06495821780312207,
            -0.20250956945490411,
            -0.1498896132226636,
            -0.043459758605174606,
            0.14609339897552343,
            0.011123701878771309,
            -0.04326317755626582,
            -0.09270397625011852,
            0.007596042280861208,
            0.05324975823257658,
            -0.008981956736896769
        ],
        [
            0.017477787708135975,
            0.01580716802618442,
            0.007428303446980417,
            0.015061845543264167,
            1.4905624412485567,
            0.0050582202572746204,
            0.013782309561926918,
            0.034484827549299775,
            0.07370279178987209,
            0.21553970844896042,
            0.008696314762706768,
            0.011724189664261257,
            0.0027348213526204434,
            -0.011287183410088655,
            -0.042683432089411,
            0.0025413326208111836,
            0.00663398222551877,
            -0.0005389862651070552,
            -0.004722822681076608,
            -0.0010800741631648294
        ],
        [
            -0.5043750229955001,
            -0.4967057940380091,
            -0.029446585762064492,
            -0.09891981009110307,
            0.0050582202572746204,
            -0.36487250042981034,
            -0.5646423349991663,
            0.17176924705005495,
            -0.010248348502601354,
            -0.03825663366251028,
            -0.4998235365366339,
            -0.4924682129195477,
            -0.026492099037682515,
            0.06719251528231196,
            0.01425422197110425,
            -0.2103757906370585,
            -0.30600269987633405,
            0.022432738975666063,
            0.19975097522045543,
            -0.04194730147366063
        ],
        [
            -0.4234378783405335,
            -0.36576723531908595,
            -0.07174245613146651,
            -0.18163208359152544,
            0.013782309561926918,
            -0.5646423349991663,
            -0.43261189418735,
            0.15090316813541,
            -0.025154869807740066,
            -0.03176350922596192,
            -0.49231623785843914,
            -0.41562646173429685,
            -0.10008114883577124,
            0.12552279788428167,
            0.04527612825481168,
            -0.2821342951796209,
            -0.3006099778596527,
            0.03802972981088844,
            0.1490414336410032,
            -0.044024284424085645
        ],
        [
            0.04863528743150347,
            0.11701757194648846,
            0.05626122672657352,
            -0.32232262899749553,
            0.034484827549299775,
            0.17176924705005495,
            0.15090316813541,
            1.3442100285768808,
            0.0034501998421100997,
            0.016272714575195767,
            0.03602367667005546,
            0.116623649632862,
            0.1583739490232698,
            0.3202770316424921,
            0.0328531797471914,
            0.042245663304152054,
            0.07115459707170452,
            -0.050443043810336596,
            -0.05008699714482651,
            0.012456875495561275
        ],
        [
            0.05602984017614454,
            0.07525989910028022,
            -0.35633754761415004,
            -0.5286846783793503,
            0.07370279178987209,
            -0.010248348502601354,
            -0.025154869807740066,
            0.0034501998421100997,
            1.0235197642272764,
            0.0012171035139084572,
            -0.0628271902909937,
            -0.12246893656148283,
            0.3296872574313444,
            -0.6162000201010773,
            -0.06002434447372987,
            -0.2616011576126525,
            -0.17326818326883398,
            0.034266088595524956,
            0.15646635674615367,
            -0.04938106193776387
        ],
        [
            -0.013475240635379637,
            -0.026611689164939084,
            0.033567686703430084,
            0.06495821780312207,
            0.21553970844896042,
            -0.03825663366251028,
            -0.03176350922596192,
            0.016272714575195767,
            0.0012171035139084572,
            1.4134513234848152,
            -0.0013070492980712528,
            -0.021472798739050575,
            0.03616080396193122,
            -0.07127371148207148,
            0.2945620391106351,
            0.007527788298999645,
            -0.010792304910997468,
            0.0005051388427631182,
            -0.0006950353674420179,
            -0.0416470476945207
        ],
        [
            -0.2164839029986132,
            -0.31045892443684076,
            -0.04504238398258293,
            -0.20250956945490411,
            0.008696314762706768,
            -0.4998235365366339,
            -0.49231623785843914,
            0.03602367667005546,
            -0.0628271902909937,
            -0.0013070492980712528,
            -0.36534560560185647,
            -0.5659653524431802,
            -0.14404842531985174,
            0.009758023329577856,
            0.08075062968488719,
            -0.5029052156785994,
            -0.49580277038388587,
            0.015929123059637368,
            0.09567284940789567,
            -0.024018726521443684
        ],
        [
            -0.2862801030598776,
            -0.3036321630534997,
            -0.059508010792218,
            -0.1498896132226636,
            0.011724189664261257,
            -0.4924682129195477,
            -0.41562646173429685,
            0.116623649632862,
            -0.12246893656148283,
            -0.021472798739050575,
            -0.5659653524431802,
            -0.43444945868969875,
            -0.12565587051651034,
            0.025476176573818045,
            0.07039500658050762,
            -0.4219373886384383,
            -0.3641805511103309,
            0.04568041654707802,
            0.18133819611917484,
            -0.0536315895941977
        ],
        [
            -0.035236654251712574,
            -0.06593442277325981,
            -0.0558224203323429,
            -0.043459758605174606,
            0.0027348213526204434,
            -0.026492099037682515,
            -0.10008114883577124,
            0.1583739490232698,
            0.3296872574313444,
            0.03616080396193122,
            -0.14404842531985174,
            -0.12565587051651034,
            1.3652584712557294,
            0.02605090552530325,
            0.0263730329231809,
            -0.03841133886010148,
            -0.09263799181835927,
            0.148027057458457,
            -0.21713849355877468,
            0.0762555317557664
        ],
        [
            0.26561728706155685,
            0.17512486257085555,
            0.060000397936960936,
            0.14609339897552343,
            -0.011287183410088655,
            0.06719251528231196,
            0.12552279788428167,
            0.3202770316424921,
            -0.6162000201010773,
            -0.07127371148207148,
            0.009758023329577856,
            0.025476176573818045,
            0.02605090552530325,
            1.0163134416696842,
            0.038092600324562007,
            -0.057213568804680426,
            -0.07860003211779149,
            -0.2454601165894464,
            -0.5438848248473271,
            0.25286152973077647
        ],
        [
            0.003945292063617688,
            0.019497903227471025,
            0.002966595539900271,
            0.011123701878771309,
            -0.042683432089411,
            0.01425422197110425,
            0.04527612825481168,
            0.0328531797471914,
            -0.06002434447372987,
            0.2945620391106351,
            0.08075062968488719,
            0.07039500658050762,
            0.0263730329231809,
            0.038092600324562007,
            1.3981736749948588,
            0.026503720509619078,
            0.06290675357373267,
            0.08097410662080239,
            0.23816258841517896,
            0.14459290421017207
        ],
        [
            0.005403686072264487,
            -0.10418159231507665,
            -0.0044992337594829245,
            -0.04326317755626582,
            0.0025413326208111836,
            -0.2103757906370585,
            -0.2821342951796209,
            0.042245663304152054,
            -0.2616011576126525,
            0.007527788298999645,
            -0.5029052156785994,
            -0.4219373886384383,
            -0.03841133886010148,
            -0.057213568804680426,
            0.026503720509619078,
            -0.1994730707065686,
            -0.43764017046600356,
            0.05957923590578999,
            0.20262386767021465,
            -0.06493936469137515
        ],
        [
            -0.10388667755322736,
            -0.17449026892580888,
            -0.02587079792875773,
            -0.09270397625011852,
            0.00663398222551877,
            -0.30600269987633405,
            -0.3006099778596527,
            0.07115459707170452,
            -0.17326818326883398,
            -0.010792304910997468,
            -0.49580277038388587,
            -0.3641805511103309,
            -0.09263799181835927,
            -0.07860003211779149,
            0.06290675357373267,
            -0.43764017046600356,
            -0.30911165835126075,
            0.053527109694421406,
            0.1914623328611433,
            -0.059790321775041934
        ],
        [
            0.0026666852200704205,
            0.01671966151478952,
            -0.0008049159995297396,
            0.007596042280861208,
            -0.0005389862651070552,
            0.022432738975666063,
            0.03802972981088844,
            -0.050443043810336596,
            0.034266088595524956,
            0.0005051388427631182,
            0.015929123059637368,
            0.04568041654707802,
            0.148027057458457,
            -0.2454601165894464,
            0.08097410662080239,
            0.05957923590578999,
            0.053527109694421406,
            1.4780377436724526,
            -0.0506112988137348,
            0.017186967567752405
        ],
        [
            0.04276962397807776,
            0.0926018852845069,
            0.010148632371190819,
            0.05324975823257658,
            -0.004722822681076608,
            0.19975097522045543,
            0.1490414336410032,
            -0.05008699714482651,
            0.15646635674615367,
            -0.0006950353674420179,
            0.09567284940789567,
            0.18133819611917484,
            -0.21713849355877468,
            -0.5438848248473271,
            0.23816258841517896,
            0.20262386767021465,
            0.1914623328611433,
            -0.0506112988137348,
            1.3179448247615497,
            0.05539741448309289
        ],
        [
            -0.005603938631247167,
            -0.021289629468180082,
            -0.00148717532158953,
            -0.008981956736896769,
            -0.0010800741631648294,
            -0.04194730147366063,
            -0.044024284424085645,
            0.012456875495561275,
            -0.04938106193776387,
            -0.0416470476945207,
            -0.024018726521443684,
            -0.0536315895941977,
            0.0762555317557664,
            0.25286152973077647,
            0.14459290421017207,
            -0.06493936469137515,
            -0.059790321775041934,
            0.017186967567752405,
            0.05539741448309289,
            1.4769503438983742
        ]
    ]
}