{
    "HF": -2.0973492560310727,
    "coordinates": [
        [
            0.799533,
            0.039122,
            -0.022472
        ],
        [
            1.442492,
            0.180484,
            -0.055873
        ],
        [
            2.116102,
            0.111285,
            -0.001812
        ],
        [
            2.830134,
            0.086999,
            0.027985
        ]
    ],
    "elements": [
        "H",
        "H",
        "H",
        "H"
    ],
    "Enn": 3.363365950893002,
    "S": [
        [
            0.9999999999999999,
            0.6848602514927513,
            0.0,
            0.0,
            0.0,
            0.6364605047526256,
            0.5883306597455844,
            0.027841247564797368,
            -0.5359354717827177,
            -0.11783163492874128,
            0.19493002543310914,
            0.37304126892741346,
            -0.003906515415066486,
            -0.24894468022742827,
            -0.013645008320302174,
            0.026253595718404795,
            0.16225406027450878,
            -0.000831603460062632,
            -0.03346720608848408,
            -0.0007890813733955378
        ],
        [
            0.6848602514927513,
            1.0000000000000002,
            0.0,
            0.0,
            0.0,
            0.5883306597455844,
            0.9096928862197708,
            0.007728850795729611,
            -0.14877800601094315,
            -0.03271057172497621,
            0.3730412689274135,
            0.6846740252225234,
            -0.0029385413506126585,
            -0.18726004101813956,
            -0.010263986422277922,
            0.16225406027450878,
            0.4068699884334868,
            -0.002943244455521769,
            -0.11844848355286607,
            -0.0027927485739741957
        ],
        [
            0.0,
            0.0,
            1.0000000000000004,
            0.0,
            0.0,
            -0.02784124756479739,
            -0.007728850795729616,
            0.5672751203477666,
            0.031719645495376765,
            0.006973932282645471,
            0.003906515415066486,
            0.0029385413506126602,
            0.10451149354279776,
            -0.007388421528392516,
            -0.0004049697833941017,
            0.000831603460062632,
            0.00294324445552177,
            0.004675841865464028,
            -0.0012520394731415946,
            -2.9520272005972686e-05
        ],
        [
            0.0,
            0.0,
            0.0,
            1.0000000000000004,
            0.0,
            0.5359354717827179,
            0.14877800601094332,
            0.031719645495376717,
            -0.041670521346685314,
            -0.13424605630123185,
            0.24894468022742824,
            0.18726004101813942,
            -0.007388421528392512,
            -0.3662034820089402,
            -0.025806905263958804,
            0.03346720608848408,
            0.11844848355286604,
            -0.0012520394731415942,
            -0.04568035916300728,
            -0.0011880193799789947
        ],
        [
            0.0,
            0.0,
            0.0,
            0.0,
            1.0000000000000004,
            0.11783163492874127,
            0.032710571724976205,
            0.006973932282645465,
            -0.13424605630123196,
            0.5394073665226182,
            0.013645008320302165,
            0.0102639864222779,
            -0.0004049697833941015,
            -0.025806905263958815,
            0.10321292209247007,
            0.0007890813733955374,
            0.0027927485739741922,
            -2.9520272005972666e-05,
            -0.0011880193799789942,
            0.004678942106151908
        ],
        [
            0.6364605047526256,
            0.5883306597455844,
            -0.027841247564797375,
            0.5359354717827179,
            0.11783163492874127,
            0.9999999999999999,
            0.6848602514927513,
            0.0,
            0.0,
            0.0,
            0.6200002098173081,
            0.5828110455459509,
            -0.04360056498073024,
            -0.54327105633765,
            0.05580946516160545,
            0.1636075741399554,
            0.3476136887729384,
            -0.012785208031959289,
            -0.21156349595606921,
            0.014252965404227552
        ],
        [
            0.5883306597455844,
            0.9096928862197708,
            -0.007728850795729617,
            0.14877800601094335,
            0.032710571724976205,
            0.6848602514927513,
            1.0000000000000002,
            0.0,
            0.0,
            0.0,
            0.5828110455459509,
            0.9043648088898064,
            -0.012384270565728411,
            -0.15431028829988935,
            0.015852077077335616,
            0.3476136887729384,
            0.6551521541203401,
            -0.011060223210915791,
            -0.18301927373466595,
            0.012329950235785068
        ],
        [
            0.027841247564797382,
            0.007728850795729621,
            0.5672751203477666,
            0.03171964549537674,
            0.00697393228264547,
            0.0,
            0.0,
            1.0000000000000004,
            0.0,
            0.0,
            0.04360056498073024,
            0.012384270565728411,
            0.5451842931089321,
            -0.0519368812420251,
            0.005335402154164719,
            0.012785208031959289,
            0.011060223210915801,
            0.07899106460716923,
            -0.024307152260694895,
            0.0016375651134017714
        ],
        [
            -0.5359354717827177,
            -0.14877800601094351,
            0.031719645495376744,
            -0.041670521346685314,
            -0.13424605630123196,
            0.0,
            0.0,
            0.0,
            1.0000000000000004,
            0.0,
            0.54327105633765,
            0.15431028829988935,
            -0.0519368812420251,
            -0.09779056909702617,
            0.06648009184193589,
            0.21156349595606921,
            0.18301927373466614,
            -0.024307152260694877,
            -0.3217631130816725,
            0.02709764279008634
        ],
        [
            -0.11783163492874128,
            -0.032710571724976205,
            0.006973932282645466,
            -0.13424605630123185,
            0.5394073665226182,
            0.0,
            0.0,
            0.0,
            0.0,
            1.0000000000000004,
            -0.055809465161605475,
            -0.015852077077335613,
            0.005335402154164716,
            0.06648009184193585,
            0.5425231150703861,
            -0.014252965404227557,
            -0.012329950235785052,
            0.0016375651134017718,
            0.027097642790086363,
            0.07863443518693414
        ],
        [
            0.19493002543310914,
            0.37304126892741346,
            0.003906515415066486,
            0.24894468022742838,
            0.013645008320302177,
            0.6200002098173081,
            0.5828110455459509,
            0.04360056498073024,
            0.54327105633765,
            -0.055809465161605475,
            0.9999999999999999,
            0.6848602514927513,
            0.0,
            0.0,
            0.0,
            0.5908868924881149,
            0.5727424393417954,
            -0.02261737102810242,
            -0.5419849874127607,
            0.018434254213125327
        ],
        [
            0.3730412689274135,
            0.6846740252225234,
            0.0029385413506126602,
            0.18726004101813956,
            0.010263986422277915,
            0.5828110455459509,
            0.9043648088898064,
            0.012384270565728413,
            0.15431028829988935,
            -0.015852077077335616,
            0.6848602514927513,
            1.0000000000000002,
            0.0,
            0.0,
            0.0,
            0.5727424393417954,
            0.8945958461817801,
            -0.0067000945396913335,
            -0.16055582455834103,
            0.005460901969693036
        ],
        [
            -0.003906515415066486,
            -0.002938541350612661,
            0.10451149354279776,
            -0.007388421528392514,
            -0.00040496978339410174,
            -0.04360056498073024,
            -0.012384270565728415,
            0.5451842931089321,
            -0.0519368812420251,
            0.005335402154164716,
            0.0,
            0.0,
            1.0000000000000004,
            0.0,
            0.0,
            0.022617371028102413,
            0.006700094539691331,
            0.5137378336982529,
            -0.028442392824687433,
            0.0009673963521807955
        ],
        [
            -0.24894468022742824,
            -0.18726004101813956,
            -0.007388421528392515,
            -0.3662034820089402,
            -0.025806905263958818,
            -0.54327105633765,
            -0.15431028829988935,
            -0.0519368812420251,
            -0.09779056909702617,
            0.06648009184193585,
            0.0,
            0.0,
            0.0,
            1.0000000000000004,
            0.0,
            0.5419849874127609,
            0.16055582455834067,
            -0.028442392824687423,
            -0.16664650079790816,
            0.02318192946069598
        ],
        [
            -0.013645008320302169,
            -0.010263986422277908,
            -0.00040496978339410147,
            -0.025806905263958797,
            0.10321292209247007,
            0.05580946516160545,
            0.015852077077335613,
            0.005335402154164719,
            0.06648009184193589,
            0.5425231150703861,
            0.0,
            0.0,
            0.0,
            0.0,
            1.0000000000000004,
            -0.018434254213125306,
            -0.005460901969693036,
            0.000967396352180797,
            0.02318192946069602,
            0.5141362775216597
        ],
        [
            0.026253595718404795,
            0.16225406027450878,
            0.000831603460062632,
            0.03346720608848408,
            0.0007890813733955378,
            0.1636075741399554,
            0.3476136887729384,
            0.012785208031959289,
            0.2115634959560693,
            -0.014252965404227557,
            0.5908868924881149,
            0.5727424393417954,
            0.02261737102810242,
            0.5419849874127609,
            -0.018434254213125306,
            0.9999999999999999,
            0.6848602514927513,
            0.0,
            0.0,
            0.0
        ],
        [
            0.16225406027450878,
            0.4068699884334868,
            0.002943244455521769,
            0.11844848355286607,
            0.0027927485739741927,
            0.3476136887729384,
            0.6551521541203401,
            0.011060223210915791,
            0.18301927373466617,
            -0.012329950235785056,
            0.5727424393417954,
            0.8945958461817801,
            0.006700094539691336,
            0.16055582455834067,
            -0.005460901969693036,
            0.6848602514927513,
            1.0000000000000002,
            0.0,
            0.0,
            0.0
        ],
        [
            -0.000831603460062632,
            -0.00294324445552177,
            0.004675841865464028,
            -0.0012520394731415946,
            -2.9520272005972676e-05,
            -0.012785208031959289,
            -0.0110602232109158,
            0.07899106460716923,
            -0.024307152260694888,
            0.0016375651134017725,
            -0.022617371028102413,
            -0.006700094539691327,
            0.5137378336982529,
            -0.028442392824687416,
            0.0009673963521807967,
            0.0,
            0.0,
            1.0000000000000004,
            0.0,
            0.0
        ],
        [
            -0.03346720608848408,
            -0.11844848355286604,
            -0.0012520394731415942,
            -0.04568035916300728,
            -0.0011880193799789942,
            -0.21156349595606921,
            -0.18301927373466592,
            -0.024307152260694888,
            -0.3217631130816724,
            0.027097642790086363,
            -0.5419849874127607,
            -0.16055582455834103,
            -0.028442392824687444,
            -0.16664650079790816,
            0.02318192946069602,
            0.0,
            0.0,
            0.0,
            1.0000000000000004,
            0.0
        ],
        [
            -0.0007890813733955378,
            -0.002792748573974189,
            -2.9520272005972676e-05,
            -0.0011880193799789947,
            0.004678942106151908,
            0.014252965404227552,
            0.012329950235785052,
            0.0016375651134017707,
            0.02709764279008634,
            0.07863443518693415,
            0.018434254213125306,
            0.005460901969693036,
            0.0009673963521807958,
            0.02318192946069598,
            0.5141362775216597,
            0.0,
            0.0,
            0.0,
            0.0,
            1.0000000000000004
        ]
    ],
    "h": [
        [
            -0.35353950042980764,
            -0.5030366315922048,
            0.016572992709904383,
            -0.3510397650709324,
            -0.0732768464492245,
            -0.6625452064514743,
            -0.5014024782587475,
            -0.0053351668163972785,
            -0.017960155144246093,
            0.010967132701506954,
            -0.35404362854222204,
            -0.3752524676655174,
            0.01971054123191025,
            0.3933155088894984,
            -0.012029285360007969,
            -0.04776930392021183,
            -0.18845228273632292,
            0.004743436424572688,
            0.11877006821869238,
            -0.00199841714232433
        ],
        [
            -0.5030366315922048,
            -0.32498703201957024,
            0.011814539550820076,
            -0.2799802825024239,
            -0.05500080809213244,
            -0.5954668869073867,
            -0.37760525052985217,
            -0.02244002044342429,
            0.09079778143130918,
            0.0631837071668025,
            -0.41129056195362634,
            -0.3401577071605939,
            0.015133453749178603,
            0.22320389071753688,
            -0.015006576973397936,
            -0.18486890698175773,
            -0.23174542613371962,
            0.007088050919231782,
            0.15471939168492543,
            -0.00594430943083136
        ],
        [
            0.016572992709904383,
            0.011814539550820076,
            1.4572876098428034,
            0.014626174251400817,
            0.0033599061227883647,
            -0.00046153231074397283,
            0.010104864937293654,
            0.542183792161729,
            0.04668882644361684,
            0.010466926001166565,
            0.005600932671132111,
            0.008424897043222435,
            -0.039576459028999644,
            -0.016113788472082374,
            0.0003072187969619582,
            -0.001778405738712567,
            0.002990625726895592,
            -0.012480360765963046,
            0.0018327047299540127,
            6.88205707037416e-05
        ],
        [
            -0.3510397650709324,
            -0.2799802825024239,
            0.014626174251400817,
            1.117066377938386,
            -0.06748643082406466,
            -0.10294040960943707,
            -0.27979990551232325,
            0.037141643326138674,
            -0.44068197296018075,
            -0.18238126545225064,
            -0.3137900585515344,
            -0.23853519561207515,
            0.0165199500823804,
            0.05454880400455808,
            -0.03134522209075804,
            -0.12179095405255788,
            -0.16217450957153956,
            0.0062305666649928124,
            0.1651729053672067,
            -0.0009605124461176447
        ],
        [
            -0.0732768464492245,
            -0.05500080809213244,
            0.0033599061227883647,
            -0.06748643082406466,
            1.4436153366090496,
            -0.008557422476523247,
            -0.050770451942627984,
            0.009568030189216424,
            -0.20551049393914456,
            0.5021791455650308,
            -0.04278782676355104,
            -0.042756181239597915,
            0.003331715481030178,
            0.04815885195204232,
            -0.04251488754218408,
            -0.006445993538332338,
            -0.02222403743216348,
            0.0004724787703465029,
            0.011104668089710636,
            -0.012778227763979858
        ],
        [
            -0.6625452064514743,
            -0.5954668869073867,
            -0.00046153231074397283,
            -0.10294040960943707,
            -0.008557422476523247,
            -0.5776555713530525,
            -0.6530354452255249,
            -0.038620124535650543,
            0.038256060123931,
            0.09785382162885212,
            -0.6209657783594245,
            -0.5768518390960494,
            0.0012190233465722705,
            0.08045777933736842,
            0.005918948191978135,
            -0.30983340246451574,
            -0.39127598675028813,
            0.014787445588907207,
            0.2957975211973377,
            -0.01414289850294589
        ],
        [
            -0.5014024782587475,
            -0.37760525052985217,
            0.010104864937293654,
            -0.27979990551232325,
            -0.050770451942627984,
            -0.6530354452255249,
            -0.4411088685370943,
            -0.030149138180872417,
            -0.013884424489353953,
            0.07260555477236032,
            -0.5696268286735626,
            -0.42628173328819496,
            0.012936803746038103,
            0.15781502295464767,
            -0.013679556759890243,
            -0.34648272335873886,
            -0.3291333516823759,
            0.009957542378140737,
            0.2194937928011299,
            -0.008868373184416824
        ],
        [
            -0.0053351668163972785,
            -0.02244002044342429,
            0.542183792161729,
            0.037141643326138674,
            0.009568030189216424,
            -0.038620124535650543,
            -0.030149138180872417,
            1.3617545943675837,
            -0.011286961877865046,
            0.005846070517764554,
            -0.01066100899512809,
            -0.027766239805996414,
            0.49394224648441254,
            -0.07459517832583967,
            0.008055281022353575,
            -0.023296305807899473,
            -0.02146002384977195,
            -0.04493378977820561,
            0.01543841243221173,
            -0.0004989362348688841
        ],
        [
            -0.017960155144246093,
            0.09079778143130918,
            0.04668882644361684,
            -0.44068197296018075,
            -0.20551049393914456,
            0.038256060123931,
            -0.013884424489353953,
            -0.011286961877865046,
            0.6875652307468583,
            -0.03465937282173247,
            -0.0423516404269324,
            -0.1382361125221937,
            -0.0851014311665637,
            -0.6865132626307309,
            0.10041761021212128,
            -0.367097352385789,
            -0.21171856367213548,
            0.006256520633642203,
            0.1239573569032012,
            -0.004678878409060616
        ],
        [
            0.010967132701506954,
            0.0631837071668025,
            0.010466926001166565,
            -0.18238126545225064,
            0.5021791455650308,
            0.09785382162885212,
            0.07260555477236032,
            0.005846070517764554,
            -0.03465937282173247,
            1.3470682831191687,
            0.02324818264884798,
            0.05563176058620828,
            0.0069463990953578785,
            0.0725321541657909,
            0.48970428905187835,
            0.024813236091710246,
            0.03345807874941716,
            -0.0009020697584713327,
            -0.021412937254767506,
            -0.04484449733114751
        ],
        [
            -0.35404362854222204,
            -0.41129056195362634,
            0.005600932671132111,
            -0.3137900585515344,
            -0.04278782676355104,
            -0.6209657783594245,
            -0.5696268286735626,
            -0.01066100899512809,
            -0.0423516404269324,
            0.02324818264884798,
            -0.5368698551842552,
            -0.6421737014950609,
            0.009866443725855992,
            -0.004126950127936221,
            -0.01707645762589283,
            -0.614970585649023,
            -0.5727614577548422,
            0.005443872224245069,
            0.09070935870603725,
            -0.0062920669575989505
        ],
        [
            -0.3752524676655174,
            -0.3401577071605939,
            0.008424897043222435,
            -0.23853519561207515,
            -0.042756181239597915,
            -0.5768518390960494,
            -0.42628173328819496,
            -0.027766239805996414,
            -0.1382361125221937,
            0.05563176058620828,
            -0.6421737014950609,
            -0.4444728317240356,
            0.00833665362919584,
            0.028451130811044265,
            -0.01218239377254273,
            -0.4758617576251094,
            -0.37222251459453704,
            0.012102646497821386,
            0.2605637589666809,
            -0.011230109070645885
        ],
        [
            0.01971054123191025,
            0.015133453749178603,
            -0.039576459028999644,
            0.0165199500823804,
            0.003331715481030178,
            0.0012190233465722705,
            0.012936803746038103,
            0.49394224648441254,
            -0.0851014311665637,
            0.0069463990953578785,
            0.009866443725855992,
            0.00833665362919584,
            1.3756707896125515,
            -0.03832383550548627,
            0.0026738873109144164,
            0.002760526660830036,
            0.0007987147876726639,
            0.46491097322400987,
            -0.047105339085064646,
            0.0016944882401954764
        ],
        [
            0.3933155088894984,
            0.22320389071753688,
            -0.016113788472082374,
            0.05454880400455808,
            0.04815885195204232,
            0.08045777933736842,
            0.15781502295464767,
            -0.07459517832583967,
            -0.6865132626307309,
            0.0725321541657909,
            -0.004126950127936221,
            0.028451130811044265,
            -0.03832383550548627,
            0.6872233946055304,
            0.03706114419249056,
            -0.00466933764612476,
            -0.09563178010023632,
            -0.04410594621938907,
            -0.5811624763973444,
            0.03586567639981628
        ],
        [
            -0.012029285360007969,
            -0.015006576973397936,
            0.0003072187969619582,
            -0.03134522209075804,
            -0.04251488754218408,
            0.005918948191978135,
            -0.013679556759890243,
            0.008055281022353575,
            0.10041761021212128,
            0.48970428905187835,
            -0.01707645762589283,
            -0.01218239377254273,
            0.0026738873109144164,
            0.03706114419249056,
            1.374788777640152,
            -0.006358387681689726,
            -0.0052662649689827114,
            0.0018334902470124779,
            0.04167176485672655,
            0.46535239123282035
        ],
        [
            -0.04776930392021183,
            -0.18486890698175773,
            -0.001778405738712567,
            -0.12179095405255788,
            -0.006445993538332338,
            -0.30983340246451574,
            -0.34648272335873886,
            -0.023296305807899473,
            -0.367097352385789,
            0.024813236091710246,
            -0.614970585649023,
            -0.4758617576251094,
            0.002760526660830036,
            -0.00466933764612476,
            -0.006358387681689726,
            -0.30251290134569886,
            -0.48237630975047385,
            0.014324123320060694,
            0.3223194882875345,
            -0.012926896837936904
        ],
        [
            -0.18845228273632292,
            -0.23174542613371962,
            0.002990625726895592,
            -0.16217450957153956,
            -0.02222403743216348,
            -0.39127598675028813,
            -0.3291333516823759,
            -0.02146002384977195,
            -0.21171856367213548,
            0.03345807874941716,
            -0.5727614577548422,
            -0.37222251459453704,
            0.0007987147876726639,
            -0.09563178010023632,
            -0.0052662649689827114,
            -0.48237630975047385,
            -0.31697952761405235,
            0.012081874795738044,
            0.2662838677742101,
            -0.011081969998321353
        ],
        [
            0.004743436424572688,
            0.007088050919231782,
            -0.012480360765963046,
            0.0062305666649928124,
            0.0004724787703465029,
            0.014787445588907207,
            0.009957542378140737,
            -0.04493378977820561,
            0.006256520633642203,
            -0.0009020697584713327,
            0.005443872224245069,
            0.012102646497821386,
            0.46491097322400987,
            -0.04410594621938907,
            0.0018334902470124779,
            0.014324123320060694,
            0.012081874795738044,
            1.4812245231710146,
            -0.014121311866851696,
            0.0005838276988535157
        ],
        [
            0.11877006821869238,
            0.15471939168492543,
            0.0018327047299540127,
            0.1651729053672067,
            0.011104668089710636,
            0.2957975211973377,
            0.2194937928011299,
            0.01543841243221173,
            0.1239573569032012,
            -0.021412937254767506,
            0.09070935870603725,
            0.2605637589666809,
            -0.047105339085064646,
            -0.5811624763973444,
            0.04167176485672655,
            0.3223194882875345,
            0.2662838677742101,
            -0.014121311866851696,
            1.162621181891628,
            0.01241828763527496
        ],
        [
            -0.00199841714232433,
            -0.00594430943083136,
            6.88205707037416e-05,
            -0.0009605124461176447,
            -0.012778227763979858,
            -0.01414289850294589,
            -0.008868373184416824,
            -0.0004989362348688841,
            -0.004678878409060616,
            -0.04484449733114751,
            -0.0062920669575989505,
            -0.011230109070645885,
            0.0016944882401954764,
            0.03586567639981628,
            0.46535239123282035,
            -0.012926896837936904,
            -0.011081969998321353,
            0.0005838276988535157,
            0.01241828763527496,
            1.4813120754478992
        ]
    ]
}