{
    "HF": -2.1817334537829476,
    "coordinates": [
        [
            0.762136,
            -0.167452,
            -0.092019
        ],
        [
            1.500169,
            -0.041205,
            -0.131474
        ],
        [
            2.337168,
            -0.092885,
            0.195278
        ],
        [
            3.098323,
            0.161526,
            -0.108137
        ]
    ],
    "elements": [
        "H",
        "H",
        "H",
        "H"
    ],
    "Enn": 2.79341706786047,
    "S": [
        [
            0.9999999999999999,
            0.6848602514927513,
            0.0,
            0.0,
            0.0,
            0.5628328616399192,
            0.5626496941966996,
            0.028163215433762167,
            -0.526812378056667,
            -0.09011586513410652,
            0.09578497896663526,
            0.2792923159028046,
            -0.022794267724719205,
            -0.1249637172786348,
            -0.005916177897538562,
            0.0081739099892535,
            0.09840971498302863,
            6.388397405543464e-05,
            -0.009259517911443351,
            -0.001303910039509171
        ],
        [
            0.6848602514927513,
            1.0000000000000002,
            0.0,
            0.0,
            0.0,
            0.5626496941966996,
            0.884737636016919,
            0.008704999472470746,
            -0.16283302181386375,
            -0.027854012632138183,
            0.2792923159028046,
            0.5714490172380983,
            -0.02998350119089234,
            -0.16437684294543112,
            -0.007782120012743838,
            0.09840971498302868,
            0.29744524399686134,
            0.0005498177607724839,
            -0.07969208990481398,
            -0.011222108655131595
        ],
        [
            0.0,
            0.0,
            1.0000000000000004,
            0.0,
            0.0,
            -0.028163215433762167,
            -0.008704999472470724,
            0.4800738109012384,
            0.03643986173024772,
            0.006233357077337442,
            0.0227942677247192,
            0.02998350119089233,
            0.027995564385966724,
            -0.04185790593328816,
            -0.0019816857509736296,
            -6.388397405543464e-05,
            -0.0005498177607724836,
            0.0007273288963887672,
            7.114997525271877e-05,
            1.00192221593087e-05
        ],
        [
            0.0,
            0.0,
            0.0,
            1.0000000000000004,
            0.0,
            0.526812378056667,
            0.16283302181386375,
            0.03643986173024771,
            -0.19961088428551552,
            -0.116599245313866,
            0.12496371727863474,
            0.16437684294543112,
            -0.04185790593328816,
            -0.19384447348009048,
            -0.0108640830629192,
            0.009259517911443351,
            0.07969208990481393,
            7.114997525271866e-05,
            -0.009584852216521382,
            -0.001452213460645795
        ],
        [
            0.0,
            0.0,
            0.0,
            0.0,
            1.0000000000000004,
            0.0901158651341065,
            0.027854012632138207,
            0.006233357077337438,
            -0.11659924531386595,
            0.4620765530840774,
            0.005916177897538564,
            0.007782120012743848,
            -0.00198168575097363,
            -0.010864083062919205,
            0.03511640302236471,
            0.0013039100395091708,
            0.01122210865513158,
            1.0019222159308684e-05,
            -0.001452213460645795,
            0.0005233214755122667
        ],
        [
            0.5628328616399192,
            0.5626496941966996,
            -0.028163215433762188,
            0.526812378056667,
            0.09011586513410652,
            0.9999999999999999,
            0.6848602514927513,
            0.0,
            0.0,
            0.0,
            0.44628584627703627,
            0.515976086608847,
            -0.17388224409393938,
            -0.4454120079582776,
            0.027501696622437767,
            0.09363215213298946,
            0.27668411329962644,
            -0.0018011106828104571,
            -0.12334285650153239,
            -0.01564643998101069
        ],
        [
            0.5626496941966996,
            0.884737636016919,
            -0.008704999472470724,
            0.16283302181386375,
            0.027854012632138162,
            0.6848602514927513,
            1.0000000000000002,
            0.0,
            0.0,
            0.0,
            0.515976086608847,
            0.8382428644396249,
            -0.06572545461755429,
            -0.16836052966604106,
            0.01039531967558027,
            0.27668411329962644,
            0.568108388885817,
            -0.0024112125699450814,
            -0.16512358115901823,
            -0.0209464599356188
        ],
        [
            0.028163215433762167,
            0.008704999472470724,
            0.4800738109012384,
            0.03643986173024771,
            0.006233357077337438,
            0.0,
            0.0,
            1.0000000000000004,
            0.0,
            0.0,
            0.1738822440939394,
            0.06572545461755425,
            0.25257324119556884,
            -0.24810476708940749,
            0.015319079668172347,
            0.0018011106828104571,
            0.0024112125699450814,
            0.03435872347355139,
            -0.0033315574431929083,
            -0.00042261882898390353
        ],
        [
            -0.526812378056667,
            -0.16283302181386375,
            0.03643986173024772,
            -0.19961088428551552,
            -0.11659924531386595,
            0.0,
            0.0,
            0.0,
            1.0000000000000004,
            0.0,
            0.4454120079582776,
            0.16836052966604106,
            -0.24810476708940762,
            -0.28610873214551924,
            0.03924093613254268,
            0.12334285650153236,
            0.16512358115901807,
            -0.003331557443192907,
            -0.19374285483166617,
            -0.028941593693102827
        ],
        [
            -0.0901158651341065,
            -0.027854012632138183,
            0.006233357077337442,
            -0.116599245313866,
            0.4620765530840774,
            0.0,
            0.0,
            0.0,
            0.0,
            1.0000000000000004,
            -0.027501696622437767,
            -0.01039531967558026,
            0.015319079668172338,
            0.03924093613254264,
            0.3470067557836009,
            0.015646439981010694,
            0.020946459935618784,
            -0.00042261882898390353,
            -0.028941593693102834,
            0.030736037753060975
        ],
        [
            0.09578497896663526,
            0.2792923159028046,
            0.022794267724719205,
            0.1249637172786348,
            0.005916177897538564,
            0.44628584627703627,
            0.515976086608847,
            0.17388224409393938,
            0.44541200795827784,
            -0.027501696622437767,
            0.9999999999999999,
            0.6848602514927513,
            0.0,
            0.0,
            0.0,
            0.4778848111882548,
            0.5294653779064525,
            0.1760661855118309,
            -0.44168435124584404,
            -0.14763005890364822
        ],
        [
            0.2792923159028046,
            0.5714490172380983,
            0.02998350119089234,
            0.16437684294543112,
            0.007782120012743849,
            0.515976086608847,
            0.8382428644396249,
            0.06572545461755427,
            0.1683605296660414,
            -0.01039531967558027,
            0.6848602514927513,
            1.0000000000000002,
            0.0,
            0.0,
            0.0,
            0.5294653779064525,
            0.8518391343009756,
            0.06273639902608415,
            -0.15738221182439618,
            -0.05260395831657992
        ],
        [
            -0.0227942677247192,
            -0.029983501190892336,
            0.027995564385966724,
            -0.04185790593328816,
            -0.00198168575097363,
            -0.1738822440939394,
            -0.06572545461755425,
            0.25257324119556884,
            -0.24810476708940762,
            0.015319079668172338,
            0.0,
            0.0,
            1.0000000000000004,
            0.0,
            0.0,
            -0.17606618551183087,
            -0.06273639902608412,
            0.29267239649528565,
            0.230590824724385,
            0.07707345062300784
        ],
        [
            -0.12496371727863474,
            -0.16437684294543112,
            -0.04185790593328816,
            -0.19384447348009048,
            -0.010864083062919205,
            -0.4454120079582777,
            -0.16836052966604106,
            -0.24810476708940749,
            -0.28610873214551913,
            0.03924093613254264,
            0.0,
            0.0,
            0.0,
            1.0000000000000004,
            0.0,
            0.441684351245844,
            0.15738221182439618,
            0.2305908247243852,
            -0.19387478311688502,
            -0.19334852366875593
        ],
        [
            -0.005916177897538562,
            -0.007782120012743837,
            -0.0019816857509736296,
            -0.0108640830629192,
            0.03511640302236471,
            0.027501696622437767,
            0.01039531967558027,
            0.015319079668172347,
            0.03924093613254268,
            0.3470067557836009,
            0.0,
            0.0,
            0.0,
            0.0,
            1.0000000000000004,
            0.14763005890364816,
            0.05260395831657991,
            0.0770734506230078,
            -0.19334852366875563,
            0.3199660802110301
        ],
        [
            0.0081739099892535,
            0.09840971498302863,
            -6.388397405543464e-05,
            0.009259517911443353,
            0.001303910039509171,
            0.09363215213298946,
            0.27668411329962644,
            0.0018011106828104571,
            0.12334285650153239,
            0.01564643998101069,
            0.4778848111882548,
            0.5294653779064525,
            -0.1760661855118309,
            0.44168435124584404,
            0.14763005890364822,
            0.9999999999999999,
            0.6848602514927513,
            0.0,
            0.0,
            0.0
        ],
        [
            0.09840971498302868,
            0.29744524399686134,
            -0.0005498177607724874,
            0.07969208990481404,
            0.011222108655131595,
            0.27668411329962644,
            0.568108388885817,
            0.0024112125699450814,
            0.16512358115901823,
            0.0209464599356188,
            0.5294653779064525,
            0.8518391343009756,
            -0.06273639902608412,
            0.15738221182439618,
            0.05260395831657992,
            0.6848602514927513,
            1.0000000000000002,
            0.0,
            0.0,
            0.0
        ],
        [
            6.388397405543464e-05,
            0.0005498177607724836,
            0.0007273288963887672,
            7.114997525271866e-05,
            1.0019222159308684e-05,
            -0.0018011106828104571,
            -0.0024112125699450814,
            0.03435872347355139,
            -0.003331557443192907,
            -0.00042261882898390353,
            0.17606618551183087,
            0.06273639902608415,
            0.29267239649528565,
            0.23059082472438527,
            0.07707345062300784,
            0.0,
            0.0,
            1.0000000000000004,
            0.0,
            0.0
        ],
        [
            -0.009259517911443351,
            -0.07969208990481393,
            7.114997525271877e-05,
            -0.009584852216521382,
            -0.001452213460645795,
            -0.1233428565015324,
            -0.16512358115901823,
            -0.0033315574431929083,
            -0.19374285483166623,
            -0.028941593693102834,
            -0.441684351245844,
            -0.15738221182439618,
            0.2305908247243849,
            -0.19387478311688489,
            -0.19334852366875568,
            0.0,
            0.0,
            0.0,
            1.0000000000000004,
            0.0
        ],
        [
            -0.0013039100395091708,
            -0.01122210865513158,
            1.00192221593087e-05,
            -0.001452213460645795,
            0.0005233214755122667,
            -0.015646439981010694,
            -0.020946459935618778,
            -0.00042261882898390353,
            -0.028941593693102827,
            0.030736037753060975,
            -0.14763005890364816,
            -0.0526039583165799,
            0.0770734506230078,
            -0.19334852366875588,
            0.3199660802110301,
            0.0,
            0.0,
            0.0,
            0.0,
            1.0000000000000004
        ]
    ],
    "h": [
        [
            -0.27760142090988404,
            -0.47256979021950407,
            0.011193608452508755,
            -0.29276931643458093,
            -0.04780110299643956,
            -0.5839000223047304,
            -0.4680291932489995,
            -0.01454302553458002,
            0.019877933595755848,
            0.010298226263721955,
            -0.20587314298770884,
            -0.29574169298732145,
            0.06254250425040085,
            0.2628571337238715,
            0.004488954732150412,
            -0.0033026191434995245,
            -0.12179508140762507,
            -0.00041900360543181605,
            0.04681266603791216,
            0.00656839950685551
        ],
        [
            -0.47256979021950407,
            -0.312825263345371,
            0.0071217284527378966,
            -0.24417837606028625,
            -0.03870752803867789,
            -0.5311980771329934,
            -0.36457786073713594,
            -0.044105487528416296,
            0.13291286831102267,
            0.042078237368034246,
            -0.29054290022357365,
            -0.2956702231445054,
            0.06849230201833886,
            0.15143404835902066,
            -0.013887003461051558,
            -0.11736974390511543,
            -0.18201033910136238,
            -0.019216150120027573,
            0.09219182492896273,
            0.022068469242917516
        ],
        [
            0.011193608452508755,
            0.0071217284527378966,
            1.4795774981056071,
            0.010414404545262207,
            0.0022600386346823555,
            -0.006546187656817332,
            0.0037800991488957008,
            0.4148034689651712,
            0.04954445462637998,
            0.009654406298403561,
            -0.016420165582036933,
            0.0021030006559158085,
            -0.0380054259066389,
            0.011260855302552011,
            -0.00013625343597963892,
            -0.0037234994293712785,
            -0.0018283768810056235,
            -0.003143502864442943,
            0.0014267959286141743,
            0.0004639038246489071
        ],
        [
            -0.29276931643458093,
            -0.24417837606028625,
            0.010414404545262207,
            1.20152837673518,
            -0.04546339829931117,
            -0.05939211275180467,
            -0.23175609798636676,
            0.03250160370627525,
            -0.5718659747608104,
            -0.15890438174614036,
            -0.20625235211790072,
            -0.175832362675964,
            0.06811825115649739,
            0.18619575950874234,
            -0.0031565829914191774,
            -0.0477921491563582,
            -0.10566344521937739,
            -0.004279139153843574,
            0.06042629077253447,
            0.010728401813342028
        ],
        [
            -0.04780110299643956,
            -0.03870752803867789,
            0.0022600386346823555,
            -0.04546339829931117,
            1.4733622116471006,
            -0.005109864212918369,
            -0.03516819840011913,
            0.007210877773867787,
            -0.16775504756578133,
            0.3919082841971988,
            -0.02086162514869456,
            -0.026258805519216766,
            0.007977662386865215,
            0.026672406231842083,
            -0.04174552121003639,
            -0.0047378686034807655,
            -0.014043050859529817,
            -0.0003209142577541035,
            0.008039411532142401,
            -0.0013465448981835801
        ],
        [
            -0.5839000223047304,
            -0.5311980771329934,
            -0.006546187656817332,
            -0.05939211275180467,
            -0.005109864212918369,
            -0.4017310499419189,
            -0.5772947624574993,
            -0.07664813852065032,
            0.12346241632903382,
            0.05780734129055648,
            -0.4400555065955958,
            -0.4637746934967204,
            0.039927952691269475,
            0.07736339856845831,
            -0.00941241782522096,
            -0.19161764934238534,
            -0.28827928224758237,
            -0.026436001554923698,
            0.18379228728188293,
            0.03793997630958368
        ],
        [
            -0.4680291932489995,
            -0.36457786073713594,
            0.0037800991488957008,
            -0.23175609798636676,
            -0.03516819840011913,
            -0.5772947624574993,
            -0.42676060625584,
            -0.07001946917226852,
            0.055036603686228355,
            0.044676953253239546,
            -0.453817712924779,
            -0.3946526914268935,
            0.0975271404539729,
            0.09541465880537597,
            -0.03598873237347881,
            -0.2803734642087823,
            -0.2936624801595661,
            -0.04714574301110448,
            0.14431512700380325,
            0.04301819824989277
        ],
        [
            -0.01454302553458002,
            -0.044105487528416296,
            0.4148034689651712,
            0.03250160370627525,
            0.007210877773867787,
            -0.07664813852065032,
            -0.07001946917226852,
            1.3969412196708313,
            -0.05003431265504354,
            0.006100988487102088,
            -0.0223506587975012,
            -0.06467970215494137,
            0.1103943759390803,
            -0.3089278059911626,
            0.016171802631348126,
            -0.04218134004875809,
            -0.05442966256415705,
            -0.04926070291485553,
            0.0405172492113348,
            0.010424038644429567
        ],
        [
            0.019877933595755848,
            0.13291286831102267,
            0.04954445462637998,
            -0.5718659747608104,
            -0.16775504756578133,
            0.12346241632903382,
            0.055036603686228355,
            -0.05003431265504354,
            0.9517038778205538,
            -0.04080033703743388,
            -0.06719701563479374,
            -0.08064924306701338,
            -0.29527826249969547,
            -0.6807072222891143,
            0.026464710014529935,
            -0.24962608944802714,
            -0.14628897846509942,
            -0.04162066768502028,
            0.15812669695198944,
            0.04736372371896386
        ],
        [
            0.010298226263721955,
            0.042078237368034246,
            0.009654406298403561,
            -0.15890438174614036,
            0.3919082841971988,
            0.05780734129055648,
            0.044676953253239546,
            0.006100988487102088,
            -0.04080033703743388,
            1.4131848978235115,
            0.0025255046015226143,
            0.022679064713096917,
            0.01786469838974531,
            0.03275733979954036,
            0.2205740061030957,
            -0.012515307220687472,
            0.007941130306670756,
            -0.000615426605036869,
            0.006140748828148863,
            -0.03818957591872188
        ],
        [
            -0.20587314298770884,
            -0.29054290022357365,
            -0.016420165582036933,
            -0.20625235211790072,
            -0.02086162514869456,
            -0.4400555065955958,
            -0.453817712924779,
            -0.0223506587975012,
            -0.06719701563479374,
            0.0025255046015226143,
            -0.33991285315183584,
            -0.548335853022708,
            0.13970559015633566,
            -0.05045472374594298,
            -0.07691865582095789,
            -0.5263174763150837,
            -0.4987594776615607,
            -0.017800296628417922,
            0.07647080827747588,
            0.019168483899126926
        ],
        [
            -0.29574169298732145,
            -0.2956702231445054,
            0.0021030006559158085,
            -0.175832362675964,
            -0.026258805519216766,
            -0.4637746934967204,
            -0.3946526914268935,
            -0.06467970215494137,
            -0.08064924306701338,
            0.022679064713096917,
            -0.548335853022708,
            -0.41845125100835756,
            0.1264763179371014,
            -0.014751928489230973,
            -0.06541982739010287,
            -0.4382762560457929,
            -0.3628078355602351,
            -0.0620431604484559,
            0.18522547862155692,
            0.05596859312548641
        ],
        [
            0.06254250425040085,
            0.06849230201833886,
            -0.0380054259066389,
            0.06811825115649739,
            0.007977662386865215,
            0.039927952691269475,
            0.0975271404539729,
            0.1103943759390803,
            -0.29527826249969547,
            0.01786469838974531,
            0.13970559015633566,
            0.1264763179371014,
            1.381824850611177,
            0.004012846425751832,
            0.026539851372964433,
            0.02959126816486307,
            0.09611419511547555,
            0.1602556730762279,
            0.27788412866084056,
            0.09625454536071562
        ],
        [
            0.2628571337238715,
            0.15143404835902066,
            0.011260855302552011,
            0.18619575950874234,
            0.026672406231842083,
            0.07736339856845831,
            0.09541465880537597,
            -0.3089278059911626,
            -0.6807072222891143,
            0.03275733979954036,
            -0.05045472374594298,
            -0.014751928489230973,
            0.004012846425751832,
            1.0623024726425612,
            -0.051966163053876975,
            -0.04417973662842534,
            -0.09415638429378317,
            0.30024704987192274,
            -0.4933253556760046,
            -0.2541713131778368
        ],
        [
            0.004488954732150412,
            -0.013887003461051558,
            -0.00013625343597963892,
            -0.0031565829914191774,
            -0.04174552121003639,
            -0.00941241782522096,
            -0.03598873237347881,
            0.016171802631348126,
            0.026464710014529935,
            0.2205740061030957,
            -0.07691865582095789,
            -0.06541982739010287,
            0.026539851372964433,
            -0.051966163053876975,
            1.413337789955286,
            -0.02087291175457956,
            -0.06091367761537328,
            0.09923627355484005,
            -0.2429034427824231,
            0.1953346230703678
        ],
        [
            -0.0033026191434995245,
            -0.11736974390511543,
            -0.0037234994293712785,
            -0.0477921491563582,
            -0.0047378686034807655,
            -0.19161764934238534,
            -0.2803734642087823,
            -0.04218134004875809,
            -0.24962608944802714,
            -0.012515307220687472,
            -0.5263174763150837,
            -0.4382762560457929,
            0.02959126816486307,
            -0.04417973662842534,
            -0.02087291175457956,
            -0.2175696418684232,
            -0.44670068103016414,
            -0.08164818656922199,
            0.21700680775618483,
            0.07006491790637052
        ],
        [
            -0.12179508140762507,
            -0.18201033910136238,
            -0.0018283768810056235,
            -0.10566344521937739,
            -0.014043050859529817,
            -0.28827928224758237,
            -0.2936624801595661,
            -0.05442966256415705,
            -0.14628897846509942,
            0.007941130306670756,
            -0.4987594776615607,
            -0.3628078355602351,
            0.09611419511547555,
            -0.09415638429378317,
            -0.06091367761537328,
            -0.44670068103016414,
            -0.30918767096308586,
            -0.07130920023725949,
            0.19730304897120285,
            0.062234685221045326
        ],
        [
            -0.00041900360543181605,
            -0.019216150120027573,
            -0.003143502864442943,
            -0.004279139153843574,
            -0.0003209142577541035,
            -0.026436001554923698,
            -0.04714574301110448,
            -0.04926070291485553,
            -0.04162066768502028,
            -0.000615426605036869,
            -0.017800296628417922,
            -0.0620431604484559,
            0.1602556730762279,
            0.30024704987192274,
            0.09923627355484005,
            -0.08164818656922199,
            -0.07130920023725949,
            1.4666888811816214,
            0.06781869420640053,
            0.02280222843748899
        ],
        [
            0.04681266603791216,
            0.09219182492896273,
            0.0014267959286141743,
            0.06042629077253447,
            0.008039411532142401,
            0.18379228728188293,
            0.14431512700380325,
            0.0405172492113348,
            0.15812669695198944,
            0.006140748828148863,
            0.07647080827747588,
            0.18522547862155692,
            0.27788412866084056,
            -0.4933253556760046,
            -0.2429034427824231,
            0.21700680775618483,
            0.19730304897120285,
            0.06781869420640053,
            1.3081615758196208,
            -0.05895929562142141
        ],
        [
            0.00656839950685551,
            0.022068469242917516,
            0.0004639038246489071,
            0.010728401813342028,
            -0.0013465448981835801,
            0.03793997630958368,
            0.04301819824989277,
            0.010424038644429567,
            0.04736372371896386,
            -0.03818957591872188,
            0.019168483899126926,
            0.05596859312548641,
            0.09625454536071562,
            -0.2541713131778368,
            0.1953346230703678,
            0.07006491790637052,
            0.062234685221045326,
            0.02280222843748899,
            -0.05895929562142141,
            1.4746414411300526
        ]
    ]
}