{
    "HF": -2.1640118790364813,
    "coordinates": [
        [
            0.837947,
            -0.077929,
            -0.138798
        ],
        [
            1.485485,
            -0.06308,
            -0.152699
        ],
        [
            2.308119,
            -0.006337,
            0.017102
        ],
        [
            3.118357,
            0.128022,
            0.024644
        ]
    ],
    "elements": [
        "H",
        "H",
        "H",
        "H"
    ],
    "Enn": 2.997724294533038,
    "S": [
        [
            0.9999999999999999,
            0.6848602514927513,
            0.0,
            0.0,
            0.0,
            0.6457032629847212,
            0.5913772911501377,
            0.011799001356461714,
            -0.5496224545256091,
            -0.012603652337392983,
            0.13206241551464415,
            0.31863846912469845,
            -0.018289858186754326,
            -0.1724774688270493,
            -0.008399021984003309,
            0.010386139059663329,
            0.10910333549468049,
            -0.0008687093723747403,
            -0.012120590422639724,
            -0.0010946486456966393
        ],
        [
            0.6848602514927513,
            1.0000000000000002,
            0.0,
            0.0,
            0.0,
            0.5913772911501377,
            0.9126256439074578,
            0.0032344131391079146,
            -0.15066580931383863,
            -0.0034549889002671546,
            0.31863846912469845,
            0.6204931922806275,
            -0.018734376784404906,
            -0.17666937899860266,
            -0.008603152679596646,
            0.10910333549468049,
            0.31731533166485215,
            -0.0062282791924725455,
            -0.08689951269139087,
            -0.007848168328635925
        ],
        [
            0.0,
            0.0,
            1.0000000000000004,
            0.0,
            0.0,
            -0.011799001356461714,
            -0.003234413139107914,
            0.5796494480230147,
            0.013552730573272267,
            0.0003107840717958177,
            0.018289858186754313,
            0.0187343767844049,
            0.05452680928804301,
            -0.03463083138005761,
            -0.0016863948437061001,
            0.0008687093723747399,
            0.006228279192472538,
            0.0009957778099758132,
            -0.0010353466488077152,
            -9.350541247784289e-05
        ],
        [
            0.0,
            0.0,
            0.0,
            1.0000000000000004,
            0.0,
            0.5496224545256088,
            0.15066580931383863,
            0.013552730573272331,
            -0.051374482221691734,
            -0.014476979805950684,
            0.17247746882704915,
            0.17666937899860252,
            -0.03463083138005761,
            -0.26837738223690993,
            -0.015903081976658656,
            0.01212059042263972,
            0.08689951269139085,
            -0.0010353466488077154,
            -0.013375598852168205,
            -0.0013046259692649242
        ],
        [
            0.0,
            0.0,
            0.0,
            0.0,
            1.0000000000000004,
            0.012603652337392982,
            0.003454988900267142,
            0.00031078407179581835,
            -0.014476979805950646,
            0.5796084123379437,
            0.008399021984003304,
            0.008603152679596635,
            -0.0016863948437061001,
            -0.015903081976658656,
            0.05742471046374084,
            0.001094648645696639,
            0.007848168328635918,
            -9.35054124778429e-05,
            -0.0013046259692649242,
            0.000952158506420027
        ],
        [
            0.6457032629847212,
            0.5913772911501377,
            -0.011799001356461714,
            0.5496224545256088,
            0.012603652337392983,
            0.9999999999999999,
            0.6848602514927513,
            0.0,
            0.0,
            0.0,
            0.4902228865304893,
            0.5345521166148957,
            -0.10176440703709776,
            -0.4930174805717038,
            -0.03400697138712987,
            0.08331786644806323,
            0.26364419374368064,
            -0.011877833213896977,
            -0.10936423357923561,
            -0.012799364411576097
        ],
        [
            0.5913772911501377,
            0.9126256439074578,
            -0.0032344131391079146,
            0.15066580931383863,
            0.0034549889002671664,
            0.6848602514927513,
            1.0000000000000002,
            0.0,
            0.0,
            0.0,
            0.5345521166148957,
            0.8569319165294891,
            -0.03546959675354623,
            -0.1718393664098373,
            -0.011853000445147399,
            0.26364419374368064,
            0.5512243584511904,
            -0.017400616100546218,
            -0.1602148312215938,
            -0.01875062752996499
        ],
        [
            0.011799001356461714,
            0.003234413139107914,
            0.5796494480230147,
            0.013552730573272333,
            0.0003107840717958184,
            0.0,
            0.0,
            1.0000000000000004,
            0.0,
            0.0,
            0.10176440703709774,
            0.03546959675354619,
            0.3686688809070017,
            -0.1445123809092366,
            -0.009968061166852832,
            0.011877833213896976,
            0.017400616100546214,
            0.026398519349848253,
            -0.021610759829429265,
            -0.0025291997320816273
        ],
        [
            -0.5496224545256091,
            -0.15066580931383863,
            0.013552730573272264,
            -0.051374482221691734,
            -0.014476979805950646,
            0.0,
            0.0,
            0.0,
            1.0000000000000004,
            0.0,
            0.4930174805717038,
            0.17183936640983688,
            -0.14451238090923668,
            -0.30162048431968347,
            -0.04829221282520607,
            0.10936423357923565,
            0.1602148312215938,
            -0.021610759829429272,
            -0.17023378376452591,
            -0.023287411541045275
        ],
        [
            -0.012603652337392983,
            -0.003454988900267154,
            0.00031078407179581765,
            -0.014476979805950684,
            0.5796084123379437,
            0.0,
            0.0,
            0.0,
            0.0,
            1.0000000000000004,
            0.03400697138712985,
            0.011853000445147392,
            -0.009968061166852832,
            -0.04829221282520604,
            0.39516681529632747,
            0.012799364411576097,
            0.01875062752996499,
            -0.002529199732081628,
            -0.023287411541045275,
            0.026020195794856583
        ],
        [
            0.13206241551464415,
            0.31863846912469845,
            0.018289858186754326,
            0.1724774688270493,
            0.008399021984003309,
            0.4902228865304893,
            0.5345521166148957,
            0.10176440703709776,
            0.4930174805717038,
            0.03400697138712987,
            0.9999999999999999,
            0.6848602514927513,
            0.0,
            0.0,
            0.0,
            0.5061456128586964,
            0.5409756846765092,
            -0.004706737485922588,
            -0.5056453947386561,
            -0.08384944867025629
        ],
        [
            0.31863846912469845,
            0.6204931922806275,
            0.018734376784404906,
            0.17666937899860266,
            0.00860315267959665,
            0.5345521166148957,
            0.8569319165294891,
            0.03546959675354623,
            0.17183936640983696,
            0.011853000445147397,
            0.6848602514927513,
            1.0000000000000002,
            0.0,
            0.0,
            0.0,
            0.5409756846765092,
            0.863336853078612,
            -0.001595662460226376,
            -0.17142221697810886,
            -0.028426360712484174
        ],
        [
            -0.018289858186754316,
            -0.018734376784404903,
            0.05452680928804301,
            -0.03463083138005761,
            -0.0016863948437061001,
            -0.10176440703709776,
            -0.03546959675354619,
            0.3686688809070017,
            -0.14451238090923668,
            -0.009968061166852832,
            0.0,
            0.0,
            1.0000000000000004,
            0.0,
            0.0,
            0.004706737485922588,
            0.0015956624602263758,
            0.4165173561628258,
            -0.006608889987298077,
            -0.0010959296525260259
        ],
        [
            -0.17247746882704915,
            -0.1766693789986024,
            -0.03463083138005761,
            -0.26837738223690993,
            -0.015903081976658656,
            -0.4930174805717038,
            -0.1718393664098372,
            -0.1445123809092366,
            -0.30162048431968336,
            -0.04829221282520604,
            0.0,
            0.0,
            0.0,
            1.0000000000000004,
            0.0,
            0.5056453947386561,
            0.17142221697810886,
            -0.006608889987298077,
            -0.2934150008407664,
            -0.11773585916247445
        ],
        [
            -0.008399021984003302,
            -0.008603152679596639,
            -0.0016863948437061001,
            -0.015903081976658656,
            0.05742471046374084,
            -0.03400697138712986,
            -0.011853000445147388,
            -0.009968061166852832,
            -0.04829221282520607,
            0.39516681529632747,
            0.0,
            0.0,
            0.0,
            0.0,
            1.0000000000000004,
            0.08384944867025627,
            0.02842636071248416,
            -0.0010959296525260259,
            -0.11773585916247445,
            0.3970551388230729
        ],
        [
            0.010386139059663329,
            0.10910333549468049,
            0.0008687093723747402,
            0.01212059042263972,
            0.0010946486456966393,
            0.08331786644806323,
            0.26364419374368064,
            0.011877833213896977,
            0.10936423357923565,
            0.012799364411576097,
            0.5061456128586964,
            0.5409756846765092,
            0.004706737485922588,
            0.5056453947386561,
            0.08384944867025629,
            0.9999999999999999,
            0.6848602514927513,
            0.0,
            0.0,
            0.0
        ],
        [
            0.10910333549468049,
            0.31731533166485215,
            0.006228279192472544,
            0.08689951269139087,
            0.007848168328635925,
            0.26364419374368064,
            0.5512243584511904,
            0.017400616100546214,
            0.1602148312215938,
            0.01875062752996499,
            0.5409756846765092,
            0.863336853078612,
            0.001595662460226376,
            0.17142221697810886,
            0.028426360712484174,
            0.6848602514927513,
            1.0000000000000002,
            0.0,
            0.0,
            0.0
        ],
        [
            -0.0008687093723747399,
            -0.006228279192472536,
            0.0009957778099758132,
            -0.0010353466488077152,
            -9.350541247784289e-05,
            -0.011877833213896976,
            -0.01740061610054621,
            0.026398519349848253,
            -0.021610759829429272,
            -0.0025291997320816273,
            -0.004706737485922588,
            -0.0015956624602263758,
            0.4165173561628258,
            -0.006608889987298077,
            -0.0010959296525260259,
            0.0,
            0.0,
            1.0000000000000004,
            0.0,
            0.0
        ],
        [
            -0.012120590422639724,
            -0.08689951269139085,
            -0.0010353466488077154,
            -0.013375598852168205,
            -0.0013046259692649242,
            -0.10936423357923561,
            -0.1602148312215938,
            -0.021610759829429265,
            -0.17023378376452594,
            -0.023287411541045265,
            -0.5056453947386561,
            -0.17142221697810886,
            -0.006608889987298077,
            -0.2934150008407664,
            -0.11773585916247445,
            0.0,
            0.0,
            0.0,
            1.0000000000000004,
            0.0
        ],
        [
            -0.001094648645696639,
            -0.007848168328635918,
            -9.35054124778429e-05,
            -0.0013046259692649242,
            0.000952158506420027,
            -0.012799364411576097,
            -0.01875062752996499,
            -0.002529199732081628,
            -0.02328741154104528,
            0.026020195794856583,
            -0.08384944867025626,
            -0.028426360712484146,
            -0.0010959296525260259,
            -0.11773585916247445,
            0.3970551388230729,
            0.0,
            0.0,
            0.0,
            0.0,
            1.0000000000000004
        ]
    ],
    "h": [
        [
            -0.35502290033938544,
            -0.5023720283960311,
            0.005069686894844765,
            -0.3547059044209349,
            -0.008039852483055249,
            -0.6538614983480138,
            -0.5037152473702807,
            -0.008423697721854348,
            -0.014354339900272572,
            -0.0006427880063122095,
            -0.265302506281448,
            -0.33879882153655455,
            0.04836913059214737,
            0.323762331192937,
            0.021085821622437204,
            -0.009967806809095474,
            -0.13577535985047995,
            0.00435374942350765,
            0.05491410732489544,
            0.005915580372371708
        ],
        [
            -0.5023720283960311,
            -0.31915610803576544,
            0.0020827253138222517,
            -0.2741677020231921,
            -0.006577999322250309,
            -0.5712033821187071,
            -0.36816603985009677,
            -0.025980213022043445,
            0.1332224380297044,
            -0.001040092982397971,
            -0.32936263608550687,
            -0.3127450200523523,
            0.03779120591402724,
            0.1757588199274205,
            0.008312021196747515,
            -0.13177451127245682,
            -0.19016828849939538,
            0.004232475710309347,
            0.10439600454432697,
            0.01498520437035608
        ],
        [
            0.005069686894844765,
            0.0020827253138222517,
            1.4553299847587369,
            0.003825050327203763,
            2.285113979705943e-05,
            -0.005583837341469068,
            -0.00010279098125829701,
            0.5671601554749768,
            0.017071138703895927,
            0.00012632349689589793,
            -0.012150281469368099,
            -0.0008975560850053924,
            -0.046137071226774795,
            -0.001047052633852144,
            -9.903539509868633e-05,
            -0.00545229557753785,
            -0.004292716788773847,
            -0.003441606943272982,
            0.005435522989008856,
            0.0006243482730528571
        ],
        [
            -0.3547059044209349,
            -0.2741677020231921,
            0.003825050327203763,
            1.1156953026756145,
            -0.00825371904523135,
            -0.0598583816677114,
            -0.26643645414029854,
            0.006153884432560812,
            -0.423703187220255,
            -0.02537504741795269,
            -0.24947232181744028,
            -0.20740401484879278,
            0.04034813488792155,
            0.16261534864602806,
            0.013361700840964004,
            -0.059833577468187696,
            -0.11980213958550102,
            0.005153959853233411,
            0.07603018326740818,
            0.008835997423637063
        ],
        [
            -0.008039852483055249,
            -0.006577999322250309,
            2.285113979705943e-05,
            -0.00825371904523135,
            1.4555793553669156,
            -0.0022311844908885943,
            -0.006903157024661485,
            -0.00014539006852500166,
            -0.024034822234074566,
            0.5680214899647332,
            -0.009479402425863663,
            -0.005760499373800538,
            0.001144082337468176,
            0.005090072379417922,
            -0.0462313960171388,
            -0.004220490405982186,
            -0.005113547421804629,
            0.0003661666072341743,
            0.0056744960115191565,
            -0.003130718282693284
        ],
        [
            -0.6538614983480138,
            -0.5712033821187071,
            -0.005583837341469068,
            -0.0598583816677114,
            -0.0022311844908885943,
            -0.49612826882265093,
            -0.6119224817958865,
            -0.045342237031732256,
            0.15488817805846763,
            -0.004159199568936744,
            -0.4762438615585549,
            -0.49553928236435185,
            0.016587506537204283,
            0.09368709472166536,
            0.0023934065613238423,
            -0.18576253332495885,
            -0.29029540103603035,
            0.012764323497987076,
            0.19548039972360093,
            0.02686144271519803
        ],
        [
            -0.5037152473702807,
            -0.36816603985009677,
            -0.00010279098125829701,
            -0.26643645414029854,
            -0.006903157024661485,
            -0.6119224817958865,
            -0.4242478298670014,
            -0.040976654349935374,
            0.06101544439957038,
            -0.006922401261180733,
            -0.4725083563921221,
            -0.39607568288268524,
            0.03860212435495408,
            0.12000854149170437,
            -0.0018583336183111004,
            -0.2766459521433443,
            -0.28711546847795055,
            0.003587109362311436,
            0.1593721567315832,
            0.025476661103685773
        ],
        [
            -0.008423697721854348,
            -0.025980213022043445,
            0.5671601554749768,
            0.006153884432560812,
            -0.00014539006852500166,
            -0.045342237031732256,
            -0.040976654349935374,
            1.386867167525815,
            -0.0386792714018616,
            -0.0030463267217952787,
            -0.014305568532368002,
            -0.04177805967590185,
            0.2521704631273697,
            -0.19406963029632762,
            -0.014269005892414068,
            -0.037837162245571355,
            -0.035819229056717014,
            -0.03657539538212818,
            0.03929651176972206,
            0.005694441477095006
        ],
        [
            -0.014354339900272572,
            0.1332224380297044,
            0.017071138703895927,
            -0.423703187220255,
            -0.024034822234074566,
            0.15488817805846763,
            0.06101544439957038,
            -0.0386792714018616,
            0.8373705398829583,
            -0.024742660914186775,
            -0.036090957331473716,
            -0.0783064341248575,
            -0.20161858303667013,
            -0.7762317358041474,
            -0.07947319382925379,
            -0.26279677739222945,
            -0.15786259288298007,
            0.01386737766613877,
            0.21043866954765744,
            0.035882781240351325
        ],
        [
            -0.0006427880063122095,
            -0.001040092982397971,
            0.00012632349689589793,
            -0.02537504741795269,
            0.5680214899647332,
            -0.004159199568936744,
            -0.006922401261180733,
            -0.0030463267217952787,
            -0.024742660914186775,
            1.3946168299415604,
            -0.0068348340871309116,
            -0.01248297139781604,
            -0.013374260320090509,
            -0.07092013784381547,
            0.2854105039402922,
            -0.02322832460412389,
            -0.013994456345523938,
            0.0014314054038273728,
            0.023356346870853875,
            -0.03536362262907651
        ],
        [
            -0.265302506281448,
            -0.32936263608550687,
            -0.012150281469368099,
            -0.24947232181744028,
            -0.009479402425863663,
            -0.4762438615585549,
            -0.4725083563921221,
            -0.014305568532368002,
            -0.036090957331473716,
            -0.0068348340871309116,
            -0.3753394020694867,
            -0.5691546377084491,
            0.03602059897433941,
            -0.052394069618401734,
            -0.026673611566020987,
            -0.5377838032488481,
            -0.5082633830736214,
            0.003645711531519713,
            0.06472128839212965,
            0.009588705108999368
        ],
        [
            -0.33879882153655455,
            -0.3127450200523523,
            -0.0008975560850053924,
            -0.20740401484879278,
            -0.005760499373800538,
            -0.49553928236435185,
            -0.39607568288268524,
            -0.04177805967590185,
            -0.0783064341248575,
            -0.01248297139781604,
            -0.5691546377084491,
            -0.4259836621014168,
            0.034257580092234556,
            -0.012704753906428112,
            -0.020250306960831438,
            -0.4406270967494721,
            -0.3562815611422474,
            0.004469169291983493,
            0.2059643676028433,
            0.033196751597260946
        ],
        [
            0.04836913059214737,
            0.03779120591402724,
            -0.046137071226774795,
            0.04034813488792155,
            0.001144082337468176,
            0.016587506537204283,
            0.03860212435495408,
            0.2521704631273697,
            -0.20161858303667013,
            -0.013374260320090509,
            0.03602059897433941,
            0.034257580092234556,
            1.4201463492084005,
            -0.049969913916457026,
            -0.0037071241818775794,
            0.0027216264955991394,
            0.01478570364122216,
            0.3268189429786044,
            -0.01662923722542368,
            -0.0024694011843181445
        ],
        [
            0.323762331192937,
            0.1757588199274205,
            -0.001047052633852144,
            0.16261534864602806,
            0.005090072379417922,
            0.09368709472166536,
            0.12000854149170437,
            -0.19406963029632762,
            -0.7762317358041474,
            -0.07092013784381547,
            -0.052394069618401734,
            -0.012704753906428112,
            -0.049969913916457026,
            0.9337208136929016,
            -0.05702989839886824,
            -0.04094039087819157,
            -0.11568575963476507,
            -0.010483076637099385,
            -0.6511975176932546,
            -0.16129728114251268
        ],
        [
            0.021085821622437204,
            0.008312021196747515,
            -9.903539509868633e-05,
            0.013361700840964004,
            -0.0462313960171388,
            0.0023934065613238423,
            -0.0018583336183111004,
            -0.014269005892414068,
            -0.07947319382925379,
            0.2854105039402922,
            -0.026673611566020987,
            -0.020250306960831438,
            -0.0037071241818775794,
            -0.05702989839886824,
            1.4216848448731896,
            -0.006821757851438209,
            -0.026535333708099157,
            -0.0014239700343644753,
            -0.15899345737230228,
            0.3011882687207293
        ],
        [
            -0.009967806809095474,
            -0.13177451127245682,
            -0.00545229557753785,
            -0.059833577468187696,
            -0.004220490405982186,
            -0.18576253332495885,
            -0.2766459521433443,
            -0.037837162245571355,
            -0.26279677739222945,
            -0.02322832460412389,
            -0.5377838032488481,
            -0.4406270967494721,
            0.0027216264955991394,
            -0.04094039087819157,
            -0.006821757851438209,
            -0.2274273015670405,
            -0.44995207929612746,
            0.00350057067000651,
            0.25482317997061266,
            0.04210524186081423
        ],
        [
            -0.13577535985047995,
            -0.19016828849939538,
            -0.004292716788773847,
            -0.11980213958550102,
            -0.005113547421804629,
            -0.29029540103603035,
            -0.28711546847795055,
            -0.035819229056717014,
            -0.15786259288298007,
            -0.013994456345523938,
            -0.5082633830736214,
            -0.3562815611422474,
            0.01478570364122216,
            -0.11568575963476507,
            -0.026535333708099157,
            -0.44995207929612746,
            -0.3023194117391248,
            0.0036461966090360672,
            0.22313656205384622,
            0.03659556537235604
        ],
        [
            0.00435374942350765,
            0.004232475710309347,
            -0.003441606943272982,
            0.005153959853233411,
            0.0003661666072341743,
            0.012764323497987076,
            0.003587109362311436,
            -0.03657539538212818,
            0.01386737766613877,
            0.0014314054038273728,
            0.003645711531519713,
            0.004469169291983493,
            0.3268189429786044,
            -0.010483076637099385,
            -0.0014239700343644753,
            0.00350057067000651,
            0.0036461966090360672,
            1.502320849531709,
            -0.003482194482050294,
            -0.0005146891612172066
        ],
        [
            0.05491410732489544,
            0.10439600454432697,
            0.005435522989008856,
            0.07603018326740818,
            0.0056744960115191565,
            0.19548039972360093,
            0.1593721567315832,
            0.03929651176972206,
            0.21043866954765744,
            0.023356346870853875,
            0.06472128839212965,
            0.2059643676028433,
            -0.01662923722542368,
            -0.6511975176932546,
            -0.15899345737230228,
            0.25482317997061266,
            0.22313656205384622,
            -0.003482194482050294,
            1.2618892422092216,
            -0.03947522759237034
        ],
        [
            0.005915580372371708,
            0.01498520437035608,
            0.0006243482730528571,
            0.008835997423637063,
            -0.003130718282693284,
            0.02686144271519803,
            0.025476661103685773,
            0.005694441477095006,
            0.035882781240351325,
            -0.03536362262907651,
            0.009588705108999368,
            0.033196751597260946,
            -0.0024694011843181445,
            -0.16129728114251268,
            0.3011882687207293,
            0.04210524186081423,
            0.03659556537235604,
            -0.0005146891612172066,
            -0.03947522759237034,
            1.4960118816133916
        ]
    ]
}