{
    "HF": -2.1724627641007457,
    "coordinates": [
        [
            0.712178,
            -0.048809,
            0.087781
        ],
        [
            1.485129,
            -0.108101,
            0.045188
        ],
        [
            2.295381,
            -0.150342,
            -0.174961
        ],
        [
            3.132574,
            0.024558,
            -0.016128
        ]
    ],
    "elements": [
        "H",
        "H",
        "H",
        "H"
    ],
    "Enn": 2.786731008641424,
    "S": [
        [
            0.9999999999999999,
            0.6848602514927513,
            0.0,
            0.0,
            0.0,
            0.5415555697394113,
            0.5547234653910154,
            0.028956649812561366,
            -0.5254870854194144,
            0.04030938606546588,
            0.0944154801697159,
            0.2776373885979614,
            0.020484353092139283,
            -0.1234324518673611,
            0.007915894004400428,
            0.006377607870118816,
            0.08841671307446639,
            0.000303753280630144,
            -0.007075452804127437,
            -0.00021447099808478355
        ],
        [
            0.6848602514927513,
            1.0000000000000002,
            0.0,
            0.0,
            0.0,
            0.5547234653910154,
            0.8769483369914715,
            0.009256092606428247,
            -0.16797375240606016,
            0.012885033757198221,
            0.2776373885979614,
            0.5693307360743374,
            0.02724699211976868,
            -0.16418204803569342,
            0.010529222015880503,
            0.08841671307446634,
            0.2781288739083947,
            0.00315950933856046,
            -0.07359577866223697,
            -0.0022308339185456998
        ],
        [
            0.0,
            0.0,
            1.0000000000000004,
            0.0,
            0.0,
            -0.028956649812561353,
            -0.009256092606428245,
            0.455125199901624,
            0.039084406583684735,
            -0.0029981106631077974,
            -0.020484353092139283,
            -0.027246992119768686,
            0.02860484289330477,
            0.03763674639560342,
            -0.002413696646472247,
            -0.000303753280630144,
            -0.003159509338560459,
            0.00047413900254677913,
            0.00031851141493676436,
            9.6547122783485e-06
        ],
        [
            0.0,
            0.0,
            0.0,
            1.0000000000000004,
            0.0,
            0.5254870854194144,
            0.16797375240606013,
            0.03908440658368472,
            -0.2520003287411534,
            0.05440782840278531,
            0.1234324518673611,
            0.1641820480356933,
            0.037636746395603396,
            -0.19193664637334895,
            0.014544198383908165,
            0.0070754528041274386,
            0.07359577866223692,
            0.0003185114149367645,
            -0.006931407346175997,
            -0.0002248912700503864
        ],
        [
            0.0,
            0.0,
            0.0,
            0.0,
            1.0000000000000004,
            -0.040309386065465885,
            -0.01288503375719822,
            -0.0029981106631077974,
            0.05440782840278533,
            0.45310537350636854,
            -0.007915894004400433,
            -0.010529222015880496,
            -0.002413696646472248,
            0.014544198383908179,
            0.03391814632120396,
            0.00021447099808478357,
            0.0022308339185457,
            9.6547122783485e-06,
            -0.0002248912700503863,
            0.0004809959816546926
        ],
        [
            0.5415555697394113,
            0.5547234653910154,
            -0.028956649812561377,
            0.5254870854194145,
            -0.040309386065465885,
            0.9999999999999999,
            0.6848602514927513,
            0.0,
            0.0,
            0.0,
            0.4911481526487956,
            0.5349296833366112,
            0.13225415646784552,
            -0.4867575813943499,
            0.025376212580380843,
            0.08323440216836417,
            0.2635347214660042,
            0.004101743016168028,
            -0.11020608035864925,
            -0.008874243701184592
        ],
        [
            0.5547234653910154,
            0.8769483369914715,
            -0.009256092606428247,
            0.16797375240606016,
            -0.012885033757198221,
            0.6848602514927513,
            1.0000000000000002,
            0.0,
            0.0,
            0.0,
            0.5349296833366112,
            0.8573091951962162,
            0.04602143025339199,
            -0.16938053729824493,
            0.008830343246317393,
            0.2635347214660042,
            0.5510812936106176,
            0.006013555533911423,
            -0.1615728683633097,
            -0.01301050726683337
        ],
        [
            0.028956649812561366,
            0.009256092606428245,
            0.455125199901624,
            0.03908440658368472,
            -0.0029981106631077974,
            0.0,
            0.0,
            1.0000000000000004,
            0.0,
            0.0,
            -0.1322541564678455,
            -0.046021430253391976,
            0.3492719719240689,
            0.18502658442905418,
            -0.009646021179667164,
            -0.004101743016168028,
            -0.006013555533911418,
            0.0284210488094209,
            0.007526911599144023,
            0.0006060976638557566
        ],
        [
            -0.5254870854194144,
            -0.16797375240606013,
            0.039084406583684735,
            -0.2520003287411534,
            0.05440782840278533,
            0.0,
            0.0,
            0.0,
            1.0000000000000004,
            0.0,
            0.4867575813943499,
            0.1693805372982449,
            0.18502658442905418,
            -0.2814404682866851,
            0.03550190077114899,
            0.11020608035864925,
            0.1615728683633096,
            0.007526911599144026,
            -0.17353269301949187,
            -0.016284698379392767
        ],
        [
            0.04030938606546588,
            0.01288503375719822,
            -0.0029981106631077974,
            0.05440782840278531,
            0.45310537350636854,
            0.0,
            0.0,
            0.0,
            0.0,
            1.0000000000000004,
            -0.02537621258038084,
            -0.008830343246317414,
            -0.009646021179667164,
            0.03550190077114899,
            0.39769367498064595,
            0.008874243701184593,
            0.01301050726683337,
            0.0006060976638557571,
            -0.016284698379392778,
            0.02738988134058355
        ],
        [
            0.0944154801697159,
            0.2776373885979614,
            -0.020484353092139283,
            0.1234324518673611,
            -0.00791589400440043,
            0.4911481526487956,
            0.5349296833366112,
            -0.13225415646784552,
            0.4867575813943499,
            -0.02537621258038084,
            0.9999999999999999,
            0.6848602514927513,
            0.0,
            0.0,
            0.0,
            0.468841150059221,
            0.5256740218518988,
            -0.08996534691054682,
            -0.4741984264987843,
            -0.09906593198299243
        ],
        [
            0.2776373885979614,
            0.5693307360743374,
            -0.02724699211976869,
            0.16418204803569342,
            -0.010529222015880498,
            0.5349296833366112,
            0.8573091951962162,
            -0.046021430253392004,
            0.16938053729824493,
            -0.008830343246317393,
            0.6848602514927513,
            1.0000000000000002,
            0.0,
            0.0,
            0.0,
            0.5256740218518988,
            0.8480311592499375,
            -0.03259049321337011,
            -0.1717812594661119,
            -0.03588723541718928
        ],
        [
            0.020484353092139283,
            0.027246992119768675,
            0.02860484289330477,
            0.03763674639560341,
            -0.0024136966464722476,
            0.1322541564678455,
            0.04602143025339198,
            0.3492719719240689,
            0.18502658442905418,
            -0.009646021179667164,
            0.0,
            0.0,
            1.0000000000000004,
            0.0,
            0.0,
            0.0899653469105468,
            0.032590493213370104,
            0.3499339241195201,
            -0.12927164446432993,
            -0.02700644966789176
        ],
        [
            -0.12343245186736106,
            -0.16418204803569342,
            0.03763674639560341,
            -0.19193664637334898,
            0.014544198383908172,
            -0.4867575813943499,
            -0.1693805372982449,
            0.18502658442905418,
            -0.2814404682866851,
            0.03550190077114899,
            0.0,
            0.0,
            0.0,
            1.0000000000000004,
            0.0,
            0.4741984264987843,
            0.17178125946611184,
            -0.12927164446432993,
            -0.30691856959986036,
            -0.1423483194097656
        ],
        [
            0.007915894004400431,
            0.010529222015880501,
            -0.0024136966464722476,
            0.014544198383908172,
            0.03391814632120396,
            0.025376212580380843,
            0.008830343246317391,
            -0.009646021179667164,
            0.03550190077114899,
            0.39769367498064595,
            0.0,
            0.0,
            0.0,
            0.0,
            1.0000000000000004,
            0.09906593198299245,
            0.03588723541718929,
            -0.027006449667891768,
            -0.14234831940976567,
            0.34472112616305717
        ],
        [
            0.006377607870118816,
            0.08841671307446639,
            -0.000303753280630144,
            0.007075452804127437,
            0.00021447099808478355,
            0.08323440216836417,
            0.2635347214660042,
            -0.004101743016168028,
            0.11020608035864925,
            0.008874243701184592,
            0.468841150059221,
            0.5256740218518988,
            0.08996534691054682,
            0.4741984264987843,
            0.09906593198299243,
            0.9999999999999999,
            0.6848602514927513,
            0.0,
            0.0,
            0.0
        ],
        [
            0.08841671307446634,
            0.2781288739083947,
            -0.0031595093385604596,
            0.07359577866223693,
            0.0022308339185456993,
            0.2635347214660042,
            0.5510812936106176,
            -0.0060135555339114214,
            0.1615728683633097,
            0.013010507266833369,
            0.5256740218518988,
            0.8480311592499375,
            0.03259049321337011,
            0.1717812594661119,
            0.03588723541718928,
            0.6848602514927513,
            1.0000000000000002,
            0.0,
            0.0,
            0.0
        ],
        [
            0.000303753280630144,
            0.003159509338560458,
            0.00047413900254677913,
            0.00031851141493676436,
            9.6547122783485e-06,
            0.004101743016168028,
            0.006013555533911418,
            0.0284210488094209,
            0.007526911599144023,
            0.0006060976638557566,
            -0.08996534691054682,
            -0.032590493213370084,
            0.3499339241195201,
            -0.12927164446432993,
            -0.02700644966789176,
            0.0,
            0.0,
            1.0000000000000004,
            0.0,
            0.0
        ],
        [
            -0.007075452804127437,
            -0.07359577866223696,
            0.0003185114149367645,
            -0.006931407346175997,
            -0.0002248912700503864,
            -0.11020608035864925,
            -0.1615728683633096,
            0.007526911599144026,
            -0.17353269301949187,
            -0.016284698379392767,
            -0.4741984264987843,
            -0.17178125946611184,
            -0.12927164446432993,
            -0.30691856959986036,
            -0.1423483194097656,
            0.0,
            0.0,
            0.0,
            1.0000000000000004,
            0.0
        ],
        [
            -0.00021447099808478357,
            -0.0022308339185457,
            9.6547122783485e-06,
            -0.0002248912700503863,
            0.0004809959816546926,
            -0.008874243701184593,
            -0.01301050726683337,
            0.0006060976638557571,
            -0.016284698379392778,
            0.02738988134058355,
            -0.09906593198299245,
            -0.0358872354171893,
            -0.027006449667891768,
            -0.14234831940976567,
            0.34472112616305717,
            0.0,
            0.0,
            0.0,
            0.0,
            1.0000000000000004
        ]
    ],
    "h": [
        [
            -0.2612710265377076,
            -0.46450956643328367,
            0.017676127534133175,
            -0.28033127121280976,
            0.022258960781325082,
            -0.5704269358191236,
            -0.4588400361569954,
            0.0066265485954335734,
            0.02568764970111881,
            0.0003337822216147729,
            -0.21281093883732458,
            -0.2943995935965548,
            -0.05260953607324061,
            0.27745702910319203,
            -0.011034353048419921,
            0.004475544494159506,
            -0.10781443851115947,
            -0.0014506484073382327,
            0.039448900844760854,
            0.002287475271368696
        ],
        [
            -0.46450956643328367,
            -0.31003741543559205,
            0.016054881115587248,
            -0.23890587387578172,
            0.0188975650515517,
            -0.5285215677364432,
            -0.36296067696253154,
            0.013572019709555962,
            0.12274273732705829,
            -0.010247446724518834,
            -0.29861854789035486,
            -0.2958559393787109,
            -0.05132765199459595,
            0.17099165099970126,
            -0.0143873121205421,
            -0.10502399839904698,
            -0.1700885027633564,
            0.007858925748471994,
            0.09054446599141368,
            0.012852498418998083
        ],
        [
            0.017676127534133175,
            0.016054881115587248,
            1.4789599726127889,
            0.017162916562036508,
            -0.0013334140375480825,
            0.008835533098841136,
            0.016735093050239527,
            0.37628417865603947,
            0.057162373854680995,
            -0.004265447593607793,
            0.025035617083552467,
            0.013306691796488614,
            -0.036412508625894235,
            -0.025879602882873637,
            0.0016515848298010805,
            0.004399750465291874,
            0.008320129806827108,
            -0.0018582809540428867,
            -0.004023829956791604,
            -0.00041993182747156096
        ],
        [
            -0.28033127121280976,
            -0.23890587387578172,
            0.017162916562036508,
            1.2084556303303244,
            0.021034353141855214,
            -0.06980925468453592,
            -0.22733724278645684,
            0.06656525114880588,
            -0.6290349615658756,
            0.0771794255935711,
            -0.21592797330817468,
            -0.17757559258882588,
            -0.05627676049076406,
            0.20848581881431516,
            -0.014637915007371827,
            -0.04060645166876589,
            -0.09951701351429228,
            0.0002543688458527622,
            0.052232472101069974,
            0.004166210113084664
        ],
        [
            0.022258960781325082,
            0.0188975650515517,
            -0.0013334140375480825,
            0.021034353141855214,
            1.478667821274625,
            0.005673372355296691,
            0.017714736214475536,
            -0.004965967697516404,
            0.07656129885519437,
            0.37495449946100945,
            0.01477843196841036,
            0.013473396868977678,
            0.004055286664841061,
            -0.018453234091487324,
            -0.041214866685404423,
            0.0007281599127957126,
            0.005301462015857538,
            -8.020070094123626e-05,
            -0.0006521753079873478,
            -0.0018148124211979089
        ],
        [
            -0.5704269358191236,
            -0.5285215677364432,
            0.008835533098841136,
            -0.06980925468453592,
            0.005673372355296691,
            -0.4150394499247909,
            -0.5854421208058587,
            0.03709843082921715,
            0.0819398988172853,
            -0.009770723880641787,
            -0.47211654986107754,
            -0.48163505633857984,
            -0.02529450108469722,
            0.06702046308885712,
            -0.011250961485513668,
            -0.1876084865923837,
            -0.28752420246444654,
            0.010940083673745816,
            0.19211509728969692,
            0.02559784221226939
        ],
        [
            -0.4588400361569954,
            -0.36296067696253154,
            0.016735093050239527,
            -0.22733724278645684,
            0.017714736214475536,
            -0.5854421208058587,
            -0.42967297372593216,
            0.035267953722783615,
            0.03191280003099698,
            -0.007712418626344832,
            -0.4717159605068848,
            -0.3980836653233033,
            -0.06869590225591878,
            0.11515046289949582,
            -0.029578625342744823,
            -0.27236826515700197,
            -0.28799941549382546,
            0.023652141858960855,
            0.15196217899539968,
            0.028944558261234203
        ],
        [
            0.0066265485954335734,
            0.013572019709555962,
            0.37628417865603947,
            0.06656525114880588,
            -0.004965967697516404,
            0.03709843082921715,
            0.035267953722783615,
            1.398872758876736,
            0.07148650815831666,
            -0.0037975707780031898,
            0.01105694068234192,
            0.0424509000293333,
            0.22670500024536727,
            0.25191464182830436,
            -0.010969858956726686,
            0.036319943648579434,
            0.0404223634441027,
            -0.04213005187352903,
            -0.035163291253744976,
            -0.005736603098268001
        ],
        [
            0.02568764970111881,
            0.12274273732705829,
            0.057162373854680995,
            -0.6290349615658756,
            0.07656129885519437,
            0.0819398988172853,
            0.03191280003099698,
            0.07148650815831666,
            0.9141744977593229,
            0.029179867678995056,
            -0.050692203559576265,
            -0.09917727221307182,
            0.24145621594901379,
            -0.7286084903809464,
            0.03581006437903096,
            -0.2570165682357086,
            -0.16439596460434272,
            0.019370647286023245,
            0.200093578774044,
            0.035412909202081296
        ],
        [
            0.0003337822216147729,
            -0.010247446724518834,
            -0.004265447593607793,
            0.0771794255935711,
            0.37495449946100945,
            -0.009770723880641787,
            -0.007712418626344832,
            -0.0037975707780031898,
            0.029179867678995056,
            1.4125768824858351,
            -0.004087702716104737,
            -0.0013727766748540138,
            -0.013623641763360908,
            0.0503456566578689,
            0.28840620432414543,
            -0.0025996717552151972,
            0.0031144873836673123,
            -0.0003511068281263172,
            0.004396559163947759,
            -0.03809968306645306
        ],
        [
            -0.21281093883732458,
            -0.29861854789035486,
            0.025035617083552467,
            -0.21592797330817468,
            0.01477843196841036,
            -0.47211654986107754,
            -0.4717159605068848,
            0.01105694068234192,
            -0.050692203559576265,
            -0.004087702716104737,
            -0.361630927341136,
            -0.5615390465537725,
            -0.09049845405010784,
            -0.027036966353701064,
            -0.05355235022498125,
            -0.5163816712169771,
            -0.49732718971450085,
            0.00877304683937788,
            0.08112304824588246,
            0.013548902651442485
        ],
        [
            -0.2943995935965548,
            -0.2958559393787109,
            0.013306691796488614,
            -0.17757559258882588,
            0.013473396868977678,
            -0.48163505633857984,
            -0.3980836653233033,
            0.0424509000293333,
            -0.09917727221307182,
            -0.0013727766748540138,
            -0.5615390465537725,
            -0.42475988699689315,
            -0.08150434881327526,
            -0.001909634098074403,
            -0.04692916084161324,
            -0.4294675315328833,
            -0.35766893171216263,
            0.030716465889311102,
            0.19164235426355947,
            0.03716247678073452
        ],
        [
            -0.05260953607324061,
            -0.05132765199459595,
            -0.036412508625894235,
            -0.05627676049076406,
            0.004055286664841061,
            -0.02529450108469722,
            -0.06869590225591878,
            0.22670500024536727,
            0.24145621594901379,
            -0.013623641763360908,
            -0.09049845405010784,
            -0.08150434881327526,
            1.4049058014080065,
            0.020860292327785128,
            -0.010575652400139779,
            -0.01580314200100283,
            -0.05537949664249181,
            0.23352453448781751,
            -0.1526298638353044,
            -0.03316069854291599
        ],
        [
            0.27745702910319203,
            0.17099165099970126,
            -0.025879602882873637,
            0.20848581881431516,
            -0.018453234091487324,
            0.06702046308885712,
            0.11515046289949582,
            0.25191464182830436,
            -0.7286084903809464,
            0.0503456566578689,
            -0.027036966353701064,
            -0.001909634098074403,
            0.020860292327785128,
            0.9868444335701079,
            -0.030880124761414617,
            -0.050919682273357525,
            -0.100159619286835,
            -0.16603919144011395,
            -0.629854300254845,
            -0.18452749990923484
        ],
        [
            -0.011034353048419921,
            -0.0143873121205421,
            0.0016515848298010805,
            -0.014637915007371827,
            -0.041214866685404423,
            -0.011250961485513668,
            -0.029578625342744823,
            -0.010969858956726686,
            0.03581006437903096,
            0.28840620432414543,
            -0.05355235022498125,
            -0.04692916084161324,
            -0.010575652400139779,
            -0.030880124761414617,
            1.4179583842089067,
            -0.012697185486160167,
            -0.04083864433552848,
            -0.03466481544783466,
            -0.1776259717325141,
            0.22718388242249205
        ],
        [
            0.004475544494159506,
            -0.10502399839904698,
            0.004399750465291874,
            -0.04060645166876589,
            0.0007281599127957126,
            -0.1876084865923837,
            -0.27236826515700197,
            0.036319943648579434,
            -0.2570165682357086,
            -0.0025996717552151972,
            -0.5163816712169771,
            -0.4294675315328833,
            -0.01580314200100283,
            -0.050919682273357525,
            -0.012697185486160167,
            -0.20748445049182895,
            -0.4401491899499228,
            0.04081573177647213,
            0.22536688408123604,
            0.046374193394395434
        ],
        [
            -0.10781443851115947,
            -0.1700885027633564,
            0.008320129806827108,
            -0.09951701351429228,
            0.005301462015857538,
            -0.28752420246444654,
            -0.28799941549382546,
            0.0404223634441027,
            -0.16439596460434272,
            0.0031144873836673123,
            -0.49732718971450085,
            -0.35766893171216263,
            -0.05537949664249181,
            -0.100159619286835,
            -0.04083864433552848,
            -0.4401491899499228,
            -0.30304244582708195,
            0.035924614138807626,
            0.2057876224232188,
            0.041599069078612244
        ],
        [
            -0.0014506484073382327,
            0.007858925748471994,
            -0.0018582809540428867,
            0.0002543688458527622,
            -8.020070094123626e-05,
            0.010940083673745816,
            0.023652141858960855,
            -0.04213005187352903,
            0.019370647286023245,
            -0.0003511068281263172,
            0.00877304683937788,
            0.030716465889311102,
            0.23352453448781751,
            -0.16603919144011395,
            -0.03466481544783466,
            0.04081573177647213,
            0.035924614138807626,
            1.4894673607613915,
            -0.036593609872903526,
            -0.007754164005261178
        ],
        [
            0.039448900844760854,
            0.09054446599141368,
            -0.004023829956791604,
            0.052232472101069974,
            -0.0006521753079873478,
            0.19211509728969692,
            0.15196217899539968,
            -0.035163291253744976,
            0.200093578774044,
            0.004396559163947759,
            0.08112304824588246,
            0.19164235426355947,
            -0.1526298638353044,
            -0.629854300254845,
            -0.1776259717325141,
            0.22536688408123604,
            0.2057876224232188,
            -0.036593609872903526,
            1.2890689659547838,
            -0.041954759159042516
        ],
        [
            0.002287475271368696,
            0.012852498418998083,
            -0.00041993182747156096,
            0.004166210113084664,
            -0.0018148124211979089,
            0.02559784221226939,
            0.028944558261234203,
            -0.005736603098268001,
            0.035412909202081296,
            -0.03809968306645306,
            0.013548902651442485,
            0.03716247678073452,
            -0.03316069854291599,
            -0.18452749990923484,
            0.22718388242249205,
            0.046374193394395434,
            0.041599069078612244,
            -0.007754164005261178,
            -0.041954759159042516,
            1.4879146256053215
        ]
    ]
}