{
    "HF": -2.1262644138240527,
    "coordinates": [
        [
            0.654074,
            0.063731,
            0.16338
        ],
        [
            1.339228,
            0.011903,
            0.047639
        ],
        [
            2.076958,
            0.053429,
            -0.027053
        ],
        [
            2.732132,
            0.091987,
            -0.019817
        ]
    ],
    "elements": [
        "H",
        "H",
        "H",
        "H"
    ],
    "Enn": 3.279325654853569,
    "S": [
        [
            0.9999999999999999,
            0.6848602514927513,
            0.0,
            0.0,
            0.0,
            0.6057449371224015,
            0.5779309116092901,
            0.09064929097462635,
            -0.5366181760001136,
            0.0405921104244212,
            0.1476024406650635,
            0.3334034303876825,
            0.025594523455889386,
            -0.1912380622739216,
            0.0013846065579105106,
            0.02185411279561563,
            0.1500623764616697,
            0.0024151381468867582,
            -0.027395629553121508,
            -0.0003725068831827609
        ],
        [
            0.6848602514927513,
            1.0000000000000002,
            0.0,
            0.0,
            0.0,
            0.5779309116092901,
            0.8996380002870114,
            0.026277009453664145,
            -0.15555246745073764,
            0.011766658711817816,
            0.3334034303876825,
            0.638297215915293,
            0.024020180374247097,
            -0.17947483015879687,
            0.0012994381132235158,
            0.1500623764616697,
            0.3874506280109013,
            0.009827630015697897,
            -0.11147772711977352,
            -0.0015157972768307354
        ],
        [
            0.0,
            0.0,
            1.0000000000000004,
            0.0,
            0.0,
            -0.09064929097462636,
            -0.026277009453664176,
            0.5139446585450247,
            0.10962176482953759,
            -0.008292262509720838,
            -0.02559452345588937,
            -0.02402018037424708,
            0.06240009389968727,
            0.04845877301830524,
            -0.0003508524093563361,
            -0.002415138146886757,
            -0.00982763001569789,
            0.003210579430149252,
            0.0034760239535368428,
            4.726457723082657e-05
        ],
        [
            0.0,
            0.0,
            0.0,
            1.0000000000000004,
            0.0,
            0.5366181760001139,
            0.1555524674507376,
            0.10962176482953752,
            -0.1164671248485206,
            0.04908784983355311,
            0.19123806227392154,
            0.17947483015879687,
            0.04845877301830524,
            -0.293190349122743,
            0.0026215113957905457,
            0.027395629553121505,
            0.11147772711977341,
            0.0034760239535368423,
            -0.035912554435320446,
            -0.0005361361421373548
        ],
        [
            0.0,
            0.0,
            0.0,
            0.0,
            1.0000000000000004,
            -0.04059211042442121,
            -0.011766658711817821,
            -0.008292262509720838,
            0.04908784983355314,
            0.5287495164338528,
            -0.00138460655791051,
            -0.0012994381132235152,
            -0.00035085240935633563,
            0.002621511395790542,
            0.06886663840492839,
            0.00037250688318276064,
            0.001515797276830732,
            4.726457723082661e-05,
            -0.0005361361421373554,
            0.0035097280089588217
        ],
        [
            0.6057449371224015,
            0.5779309116092901,
            -0.09064929097462633,
            0.5366181760001137,
            -0.04059211042442121,
            0.9999999999999999,
            0.6848602514927513,
            0.0,
            0.0,
            0.0,
            0.5685688164809326,
            0.564745669279955,
            0.05400341121205234,
            -0.5333896073671527,
            -0.030023906897548407,
            0.16222776370023045,
            0.34642443108712834,
            0.01017827264687105,
            -0.21017191477284847,
            -0.012083681016544433
        ],
        [
            0.5779309116092901,
            0.8996380002870114,
            -0.02627700945366413,
            0.15555246745073764,
            -0.011766658711817823,
            0.6848602514927513,
            1.0000000000000002,
            0.0,
            0.0,
            0.0,
            0.564745669279955,
            0.8867904059935399,
            0.016544913352908874,
            -0.1634134703561487,
            -0.009198362232807983,
            0.34642443108712834,
            0.6537517086000469,
            0.00886438054513241,
            -0.1830412582844682,
            -0.010523823701025616
        ],
        [
            0.09064929097462637,
            0.026277009453664152,
            0.5139446585450247,
            0.10962176482953757,
            -0.00829226250972084,
            0.0,
            0.0,
            1.0000000000000004,
            0.0,
            0.0,
            -0.054003411212052335,
            -0.016544913352908863,
            0.4816462681370378,
            0.06991463226391141,
            0.0039354167776709465,
            -0.010178272646871048,
            -0.008864380545132404,
            0.07850205915992586,
            0.019378313808351505,
            0.0011141420248832819
        ],
        [
            -0.5366181760001136,
            -0.1555524674507376,
            0.10962176482953755,
            -0.1164671248485206,
            0.04908784983355313,
            0.0,
            0.0,
            0.0,
            1.0000000000000004,
            0.0,
            0.5333896073671526,
            0.16341347035614867,
            0.06991463226391141,
            -0.20181929839009105,
            -0.03886995955913867,
            0.2101719147728485,
            0.18304125828446838,
            0.019378313808351522,
            -0.32070373594973556,
            -0.02300600217961372
        ],
        [
            0.04059211042442121,
            0.011766658711817814,
            -0.008292262509720835,
            0.04908784983355312,
            0.5287495164338528,
            0.0,
            0.0,
            0.0,
            0.0,
            1.0000000000000004,
            0.030023906897548403,
            0.009198362232807976,
            0.003935416777670945,
            -0.038869959559138655,
            0.4865368782144419,
            0.012083681016544428,
            0.010523823701025609,
            0.0011141420248832819,
            -0.023006002179613707,
            0.07811780501010936
        ],
        [
            0.1476024406650635,
            0.3334034303876825,
            -0.025594523455889386,
            0.19123806227392162,
            -0.001384606557910513,
            0.5685688164809326,
            0.564745669279955,
            -0.05400341121205234,
            0.5333896073671527,
            0.030023906897548407,
            0.9999999999999999,
            0.6848602514927513,
            0.0,
            0.0,
            0.0,
            0.6387617600915144,
            0.5890927084332912,
            -0.0060589670282259036,
            -0.548601114393433,
            -0.03228602137566812
        ],
        [
            0.3334034303876825,
            0.638297215915293,
            -0.02402018037424709,
            0.17947483015879695,
            -0.0012994381132235158,
            0.564745669279955,
            0.8867904059935399,
            -0.016544913352908874,
            0.1634134703561487,
            0.009198362232807988,
            0.6848602514927513,
            1.0000000000000002,
            0.0,
            0.0,
            0.0,
            0.5890927084332912,
            0.9104269930288289,
            -0.0016766946677896119,
            -0.15181408959015905,
            -0.008934493228390239
        ],
        [
            0.02559452345588937,
            0.02402018037424707,
            0.06240009389968727,
            0.048458773018305236,
            -0.00035085240935633563,
            0.054003411212052335,
            0.016544913352908863,
            0.4816462681370378,
            0.06991463226391141,
            0.0039354167776709465,
            0.0,
            0.0,
            1.0000000000000004,
            0.0,
            0.0,
            0.006058967028225908,
            0.0016766946677896058,
            0.5715865427957503,
            -0.007036041503114725,
            -0.00041408189011941503
        ],
        [
            -0.1912380622739215,
            -0.17947483015879698,
            0.04845877301830525,
            -0.293190349122743,
            0.0026215113957905422,
            -0.5333896073671526,
            -0.16341347035614867,
            0.06991463226391141,
            -0.20181929839009105,
            -0.03886995955913867,
            0.0,
            0.0,
            0.0,
            1.0000000000000004,
            0.0,
            0.5486011143934325,
            0.15181408959015863,
            -0.007036041503114723,
            -0.06540477212458724,
            -0.03749249423398254
        ],
        [
            0.00138460655791051,
            0.0012994381132235152,
            -0.0003508524093563361,
            0.0026215113957905453,
            0.06886663840492839,
            -0.030023906897548393,
            -0.009198362232807981,
            0.003935416777670945,
            -0.038869959559138655,
            0.4865368782144419,
            0.0,
            0.0,
            0.0,
            0.0,
            1.0000000000000004,
            0.03228602137566812,
            0.008934493228390239,
            -0.00041408189011941465,
            -0.037492494233982515,
            0.5694577605236251
        ],
        [
            0.02185411279561563,
            0.1500623764616697,
            -0.0024151381468867582,
            0.02739562955312151,
            0.00037250688318276064,
            0.16222776370023045,
            0.34642443108712834,
            -0.01017827264687105,
            0.21017191477284855,
            0.012083681016544433,
            0.6387617600915144,
            0.5890927084332912,
            0.00605896702822591,
            0.5486011143934333,
            0.03228602137566812,
            0.9999999999999999,
            0.6848602514927513,
            0.0,
            0.0,
            0.0
        ],
        [
            0.1500623764616697,
            0.3874506280109013,
            -0.009827630015697893,
            0.11147772711977348,
            0.0015157972768307325,
            0.34642443108712834,
            0.6537517086000469,
            -0.008864380545132406,
            0.18304125828446843,
            0.01052382370102562,
            0.5890927084332912,
            0.9104269930288289,
            0.001676694667789606,
            0.15181408959015866,
            0.008934493228390239,
            0.6848602514927513,
            1.0000000000000002,
            0.0,
            0.0,
            0.0
        ],
        [
            0.002415138146886757,
            0.009827630015697891,
            0.003210579430149252,
            0.0034760239535368423,
            4.72645772308266e-05,
            0.010178272646871048,
            0.008864380545132404,
            0.07850205915992586,
            0.019378313808351512,
            0.0011141420248832819,
            -0.006058967028225903,
            -0.0016766946677896116,
            0.5715865427957503,
            -0.007036041503114723,
            -0.00041408189011941465,
            0.0,
            0.0,
            1.0000000000000004,
            0.0,
            0.0
        ],
        [
            -0.027395629553121508,
            -0.1114777271197735,
            0.0034760239535368428,
            -0.035912554435320446,
            -0.0005361361421373552,
            -0.2101719147728485,
            -0.18304125828446857,
            0.019378313808351515,
            -0.32070373594973556,
            -0.02300600217961371,
            -0.548601114393433,
            -0.15181408959015902,
            -0.007036041503114725,
            -0.06540477212458706,
            -0.037492494233982515,
            0.0,
            0.0,
            0.0,
            1.0000000000000004,
            0.0
        ],
        [
            -0.0003725068831827609,
            -0.001515797276830735,
            4.726457723082659e-05,
            -0.000536136142137355,
            0.0035097280089588217,
            -0.01208368101654443,
            -0.010523823701025612,
            0.0011141420248832819,
            -0.02300600217961371,
            0.07811780501010936,
            -0.03228602137566812,
            -0.008934493228390239,
            -0.00041408189011941503,
            -0.03749249423398254,
            0.5694577605236251,
            0.0,
            0.0,
            0.0,
            0.0,
            1.0000000000000004
        ]
    ],
    "h": [
        [
            -0.31375843216706145,
            -0.48645083122300015,
            0.05501155385985364,
            -0.32518756897894296,
            0.02379025890439551,
            -0.6222802693388254,
            -0.48268532623435667,
            -0.00013725496481589716,
            -0.0008798856288588786,
            -0.0031904312887424263,
            -0.28488926790185665,
            -0.339626966178217,
            -0.03823547705943471,
            0.34956281214861806,
            0.009804847105621663,
            -0.03839965826368916,
            -0.17524461802922778,
            -0.006649884766106479,
            0.10295402460948508,
            0.003578422322530551
        ],
        [
            -0.48645083122300015,
            -0.31596705893879085,
            0.043966168913889714,
            -0.26315839889547454,
            0.018244854910753276,
            -0.5670863572159476,
            -0.3694702884409016,
            -0.0255188360326951,
            0.1062490747682465,
            -0.023027743937423274,
            -0.3662214665190458,
            -0.3216266171379287,
            -0.02622152159202349,
            0.19418741469936385,
            0.007445688612703502,
            -0.1772438903584247,
            -0.2227127868087596,
            -0.00306614080573675,
            0.14883195095875346,
            0.00786256326915253
        ],
        [
            0.05501155385985364,
            0.043966168913889714,
            1.469166208112769,
            0.05220511738567313,
            -0.003713193928455267,
            0.010747115621997205,
            0.04184435274946073,
            0.4687096594506287,
            0.16760447131825093,
            -0.011353149533080083,
            0.04036360471433391,
            0.033808139608577814,
            -0.042979635551891104,
            -0.033811961537922736,
            -0.0017233858955460484,
            0.011463536969983784,
            0.02123333677068035,
            -0.008988369864837076,
            -0.016648672746382136,
            -0.0005515989549646367
        ],
        [
            -0.32518756897894296,
            -0.26315839889547454,
            0.05220511738567313,
            1.1644903031625096,
            0.021919676254259488,
            -0.07312717466525887,
            -0.2554947437400244,
            0.16485393839388854,
            -0.5083729492477036,
            0.066192041156036,
            -0.2710162049084869,
            -0.2084057618314053,
            -0.02031117679077049,
            0.14598965497011973,
            0.010768978391246046,
            -0.10104796420904211,
            -0.1426956410756949,
            -0.009517816254564772,
            0.13936927193187804,
            0.0045100185722973555
        ],
        [
            0.02379025890439551,
            0.018244854910753276,
            -0.003713193928455267,
            0.021919676254259488,
            1.4762380265830224,
            0.0017216352785767303,
            0.016295449398141662,
            -0.012261290711977561,
            0.07277557152642715,
            0.4910388213352972,
            0.01054238751099285,
            0.013062216739255823,
            0.0017534202292134036,
            -0.016284224536612477,
            -0.04714034699297695,
            0.00032991317921132637,
            0.006356277808111939,
            3.034830490312464e-05,
            -0.0009610016893582139,
            -0.010064148588325859
        ],
        [
            -0.6222802693388254,
            -0.5670863572159476,
            0.010747115621997205,
            -0.07312717466525887,
            0.0017216352785767303,
            -0.503850981500316,
            -0.6246373540768736,
            -0.02634216976962505,
            0.05719817495420629,
            -0.03632640387801685,
            -0.5614367867519007,
            -0.5371474705745495,
            -0.01443081345419052,
            0.052707696299101325,
            -0.0024269055432162706,
            -0.30750332872385977,
            -0.37575370666177416,
            -0.006076283135111948,
            0.28577098696716857,
            0.016225142710242828
        ],
        [
            -0.48268532623435667,
            -0.3694702884409016,
            0.04184435274946073,
            -0.2554947437400244,
            0.016295449398141662,
            -0.6246373540768736,
            -0.4359977384452838,
            -0.016327697933259885,
            0.00031602794062811357,
            -0.029153256294803243,
            -0.5425527812577858,
            -0.4146526228334433,
            -0.02868308972010519,
            0.12159078876732943,
            0.0032185183925456436,
            -0.3554423046864709,
            -0.327186040741251,
            -0.0003577787000098691,
            0.22311938284733057,
            0.013049536349387166
        ],
        [
            -0.00013725496481589716,
            -0.0255188360326951,
            0.4687096594506287,
            0.16485393839388854,
            -0.012261290711977561,
            -0.02634216976962505,
            -0.016327697933259885,
            1.3807021547993605,
            0.08183574589284498,
            -0.0019899023056363886,
            -0.0009912216296487225,
            0.002198539136416003,
            0.40298824376703524,
            0.12398644192541802,
            0.006362633820864435,
            0.02984673191850865,
            0.014409706274641953,
            -0.04572359227684522,
            -0.018645408805253304,
            -0.00116400764873399
        ],
        [
            -0.0008798856288588786,
            0.1062490747682465,
            0.16760447131825093,
            -0.5083729492477036,
            0.07277557152642715,
            0.05719817495420629,
            0.00031602794062811357,
            0.08183574589284498,
            0.7572386712913035,
            0.004531619141382659,
            -0.07257453914169476,
            -0.13407205924394827,
            0.1080494770944698,
            -0.7690870061110604,
            -0.0630111295915154,
            -0.3659490714502641,
            -0.2004921183142862,
            0.006025764959007987,
            0.1233582417450324,
            0.010566080578222288
        ],
        [
            -0.0031904312887424263,
            -0.023027743937423274,
            -0.011353149533080083,
            0.066192041156036,
            0.4910388213352972,
            -0.03632640387801685,
            -0.029153256294803243,
            -0.0019899023056363886,
            0.004531619141382659,
            1.3895606747002254,
            -0.010697869418471478,
            -0.02377912891113348,
            0.004532755014995914,
            -0.05184456401606494,
            0.4115377105989325,
            -0.018185341955113937,
            -0.016977664335452135,
            0.00020833854770304586,
            0.010468384453520843,
            -0.044781952054438245
        ],
        [
            -0.28488926790185665,
            -0.3662214665190458,
            0.04036360471433391,
            -0.2710162049084869,
            0.01054238751099285,
            -0.5614367867519007,
            -0.5425527812577858,
            -0.0009912216296487225,
            -0.07257453914169476,
            -0.010697869418471478,
            -0.5345346296046043,
            -0.6341606487468369,
            -0.027853444406816155,
            -0.08666204366936983,
            -0.005736491413144515,
            -0.6519671610004236,
            -0.5819176749934909,
            -0.0027160707708586314,
            0.07624845675496905,
            0.004873984497560144
        ],
        [
            -0.339626966178217,
            -0.3216266171379287,
            0.033808139608577814,
            -0.2084057618314053,
            0.013062216739255823,
            -0.5371474705745495,
            -0.4146526228334433,
            0.002198539136416003,
            -0.13407205924394827,
            -0.02377912891113348,
            -0.6341606487468369,
            -0.4350045234482325,
            -0.02527514633257077,
            -0.013858631341167618,
            -0.00269491279218709,
            -0.4982444032497253,
            -0.3717786483699288,
            0.00011713230632851186,
            0.2723982835467246,
            0.016271809677751506
        ],
        [
            -0.03823547705943471,
            -0.02622152159202349,
            -0.042979635551891104,
            -0.02031117679077049,
            0.0017534202292134036,
            -0.01443081345419052,
            -0.02868308972010519,
            0.40298824376703524,
            0.1080494770944698,
            0.004532755014995914,
            -0.027853444406816155,
            -0.02527514633257077,
            1.3798399600634295,
            0.030662172651673005,
            0.0014049045362144598,
            -0.0026663742090355727,
            -0.014474263621007765,
            0.5553039777963862,
            -0.0018421822353953052,
            -0.0001484815301307388
        ],
        [
            0.34956281214861806,
            0.19418741469936385,
            -0.033811961537922736,
            0.14598965497011973,
            -0.016284224536612477,
            0.052707696299101325,
            0.12159078876732943,
            0.12398644192541802,
            -0.7690870061110604,
            -0.05184456401606494,
            -0.08666204366936983,
            -0.013858631341167618,
            0.030662172651673005,
            0.7328155431336054,
            -0.03410361987629698,
            0.01465273711782733,
            -0.1106318406298939,
            -0.007667593317498007,
            -0.4591844023481585,
            -0.059060316306188215
        ],
        [
            0.009804847105621663,
            0.007445688612703502,
            -0.0017233858955460484,
            0.010768978391246046,
            -0.04714034699297695,
            -0.0024269055432162706,
            0.0032185183925456436,
            0.006362633820864435,
            -0.0630111295915154,
            0.4115377105989325,
            -0.005736491413144515,
            -0.00269491279218709,
            0.0014049045362144598,
            -0.03410361987629698,
            1.38140617102726,
            0.002453197887977314,
            -0.006611460188975819,
            -0.000503391580999553,
            -0.05972417940522823,
            0.5523250946814844
        ],
        [
            -0.03839965826368916,
            -0.1772438903584247,
            0.011463536969983784,
            -0.10104796420904211,
            0.00032991317921132637,
            -0.30750332872385977,
            -0.3554423046864709,
            0.02984673191850865,
            -0.3659490714502641,
            -0.018185341955113937,
            -0.6519671610004236,
            -0.4982444032497253,
            -0.0026663742090355727,
            0.01465273711782733,
            0.002453197887977314,
            -0.34775121612687987,
            -0.49954381818954696,
            0.003333870492414674,
            0.3534896373037675,
            0.021435341433988443
        ],
        [
            -0.17524461802922778,
            -0.2227127868087596,
            0.02123333677068035,
            -0.1426956410756949,
            0.006356277808111939,
            -0.37575370666177416,
            -0.327186040741251,
            0.014409706274641953,
            -0.2004921183142862,
            -0.016977664335452135,
            -0.5819176749934909,
            -0.3717786483699288,
            -0.014474263621007765,
            -0.1106318406298939,
            -0.006611460188975819,
            -0.49954381818954696,
            -0.31976779119014,
            0.0015473326572505407,
            0.2777777699769153,
            0.01677362456198134
        ],
        [
            -0.006649884766106479,
            -0.00306614080573675,
            -0.008988369864837076,
            -0.009517816254564772,
            3.034830490312464e-05,
            -0.006076283135111948,
            -0.0003577787000098691,
            -0.04572359227684522,
            0.006025764959007987,
            0.00020833854770304586,
            -0.0027160707708586314,
            0.00011713230632851186,
            0.5553039777963862,
            -0.007667593317498007,
            -0.000503391580999553,
            0.003333870492414674,
            0.0015473326572505407,
            1.464660657932001,
            -0.001993711948661599,
            -0.00012116619957773559
        ],
        [
            0.10295402460948508,
            0.14883195095875346,
            -0.016648672746382136,
            0.13936927193187804,
            -0.0009610016893582139,
            0.28577098696716857,
            0.22311938284733057,
            -0.018645408805253304,
            0.1233582417450324,
            0.010468384453520843,
            0.07624845675496905,
            0.2723982835467246,
            -0.0018421822353953052,
            -0.4591844023481585,
            -0.05972417940522823,
            0.3534896373037675,
            0.2777777699769153,
            -0.001993711948661599,
            1.1212468637501505,
            -0.020405674521789072
        ],
        [
            0.003578422322530551,
            0.00786256326915253,
            -0.0005515989549646367,
            0.0045100185722973555,
            -0.010064148588325859,
            0.016225142710242828,
            0.013049536349387166,
            -0.00116400764873399,
            0.010566080578222288,
            -0.044781952054438245,
            0.004873984497560144,
            0.016271809677751506,
            -0.0001484815301307388,
            -0.059060316306188215,
            0.5523250946814844,
            0.021435341433988443,
            0.01677362456198134,
            -0.00012116619957773559,
            -0.020405674521789072,
            1.46356679277127
        ]
    ]
}