{
    "HF": -2.130113201336442,
    "coordinates": [
        [
            0.704464,
            0.020707,
            0.013249
        ],
        [
            1.436874,
            -0.187113,
            0.026472
        ],
        [
            2.129584,
            -0.041553,
            -0.017329
        ],
        [
            2.961832,
            -0.062765,
            -0.163913
        ]
    ],
    "elements": [
        "H",
        "H",
        "H",
        "H"
    ],
    "Enn": 3.0147876456008835,
    "S": [
        [
            0.9999999999999999,
            0.6848602514927513,
            0.0,
            0.0,
            0.0,
            0.5534907862849434,
            0.5591992887198454,
            -0.009240971830770566,
            -0.5118490644010184,
            0.14523623730399596,
            0.1508310976879125,
            0.3363460803585214,
            0.004220004595493612,
            -0.19667777320720312,
            0.008592369877540465,
            0.011586787090842468,
            0.11435800270512902,
            0.0010765054063115224,
            -0.013716648355937663,
            0.0005072084266131303
        ],
        [
            0.6848602514927513,
            1.0000000000000002,
            0.0,
            0.0,
            0.0,
            0.5591992887198454,
            0.8813520047746642,
            -0.0028983113303187456,
            -0.1605348409164901,
            0.0455514679472768,
            0.3363460803585214,
            0.6418095432149307,
            0.0038933607097032916,
            -0.18145418976428673,
            0.007927288828115863,
            0.11435800270512898,
            0.3268092378765782,
            0.0071007119362833035,
            -0.09047606090574715,
            0.003345585547382847
        ],
        [
            0.0,
            0.0,
            1.0000000000000004,
            0.0,
            0.0,
            0.009240971830770564,
            0.0028983113303187426,
            0.47092003793602144,
            -0.01184570093789685,
            0.0033611960089481607,
            -0.004220004595493612,
            -0.00389336070970329,
            0.07100267363503242,
            0.008052354172762146,
            -0.00035178761844347926,
            -0.0010765054063115213,
            -0.007100711936283298,
            0.0011715438719041636,
            0.0013242713977224955,
            -4.896834814292227e-05
        ],
        [
            0.0,
            0.0,
            0.0,
            1.0000000000000004,
            0.0,
            0.5118490644010185,
            0.16053484091649028,
            -0.011845700937896846,
            -0.18498875038686374,
            0.18617360424364535,
            0.1966777732072031,
            0.1814541897642865,
            0.008052354172762146,
            -0.30411302619825875,
            0.01639543367114171,
            0.013716648355937649,
            0.09047606090574704,
            0.0013242713977224955,
            -0.015598165480757606,
            0.0006239463435200107
        ],
        [
            0.0,
            0.0,
            0.0,
            0.0,
            1.0000000000000004,
            -0.14523623730399593,
            -0.04555146794727678,
            0.0033611960089481607,
            0.18617360424364537,
            0.4183074811298437,
            -0.008592369877540463,
            -0.007927288828115862,
            -0.00035178761844347926,
            0.01639543367114171,
            0.07045917216535227,
            -0.0005072084266131299,
            -0.0033455855473828447,
            -4.896834814292227e-05,
            0.0006239463435200107,
            0.0012524028723759565
        ],
        [
            0.5534907862849434,
            0.5591992887198454,
            0.009240971830770566,
            0.5118490644010186,
            -0.14523623730399596,
            0.9999999999999999,
            0.6848602514927513,
            0.0,
            0.0,
            0.0,
            0.5956567751721744,
            0.5744196440388185,
            0.03358617880423249,
            -0.531163259274443,
            -0.11161398567941555,
            0.11266919812519859,
            0.29858830897558575,
            0.018403729518145846,
            -0.1474113746278995,
            -0.0120202062038627
        ],
        [
            0.5591992887198454,
            0.8813520047746642,
            0.0028983113303187426,
            0.16053484091649028,
            -0.0455514679472768,
            0.6848602514927513,
            1.0000000000000002,
            0.0,
            0.0,
            0.0,
            0.5744196440388185,
            0.8962276472007166,
            0.009879793604659926,
            -0.15624830090372316,
            -0.03283264667688633,
            0.2985883089755857,
            0.5958069870705061,
            0.021341759627792185,
            -0.17094459688777344,
            -0.013939150280729595
        ],
        [
            -0.009240971830770564,
            -0.00289831133031874,
            0.47092003793602144,
            -0.011845700937896846,
            0.0033611960089481607,
            0.0,
            0.0,
            1.0000000000000004,
            0.0,
            0.0,
            -0.03358617880423248,
            -0.009879793604659915,
            0.5179544231887518,
            0.04100414102478716,
            0.00861625033212747,
            -0.01840372951814586,
            -0.021341759627792185,
            0.04139329192397843,
            0.03444080479412928,
            0.0028083692760983514
        ],
        [
            -0.5118490644010184,
            -0.1605348409164901,
            -0.01184570093789685,
            -0.18498875038686374,
            0.18617360424364537,
            0.0,
            0.0,
            0.0,
            1.0000000000000004,
            0.0,
            0.531163259274443,
            0.15624830090372308,
            0.0410041410247872,
            -0.1279306839908469,
            -0.13626544525394454,
            0.14741137462789963,
            0.17094459688777322,
            0.034440804794129296,
            -0.23017307936277898,
            -0.022494656588178636
        ],
        [
            0.14523623730399593,
            0.0455514679472768,
            0.0033611960089481607,
            0.18617360424364535,
            0.4183074811298437,
            0.0,
            0.0,
            0.0,
            0.0,
            1.0000000000000004,
            0.1116139856794155,
            0.0328326466768863,
            0.00861625033212747,
            -0.13626544525394438,
            0.49191354629923456,
            0.012020206203862707,
            0.01393915028072958,
            0.0028083692760983514,
            -0.02249465658817863,
            0.04385883331154678
        ],
        [
            0.1508310976879125,
            0.3363460803585214,
            -0.004220004595493612,
            0.19667777320720317,
            -0.008592369877540465,
            0.5956567751721744,
            0.5744196440388185,
            -0.03358617880423249,
            0.5311632592744433,
            0.11161398567941555,
            0.9999999999999999,
            0.6848602514927513,
            0.0,
            0.0,
            0.0,
            0.4875803818633122,
            0.5334708392221527,
            0.08725091383031279,
            -0.4953773845266202,
            0.012625978170663882
        ],
        [
            0.3363460803585214,
            0.6418095432149307,
            -0.0038933607097032916,
            0.18145418976428662,
            -0.007927288828115863,
            0.5744196440388185,
            0.8962276472007166,
            -0.009879793604659926,
            0.15624830090372316,
            0.03283264667688631,
            0.6848602514927513,
            1.0000000000000002,
            0.0,
            0.0,
            0.0,
            0.5334708392221527,
            0.8558509027930699,
            0.030553693517320988,
            -0.1734722092616068,
            0.004421389421010573
        ],
        [
            0.004220004595493612,
            0.00389336070970329,
            0.07100267363503242,
            0.008052354172762146,
            -0.00035178761844347926,
            0.03358617880423248,
            0.009879793604659915,
            0.5179544231887518,
            0.04100414102478719,
            0.00861625033212747,
            0.0,
            0.0,
            1.0000000000000004,
            0.0,
            0.0,
            -0.08725091383031276,
            -0.030553693517320967,
            0.37344862214222735,
            0.1252652823112652,
            -0.0031927107885949373
        ],
        [
            -0.19667777320720312,
            -0.1814541897642865,
            0.008052354172762144,
            -0.3041130261982587,
            0.016395433671141706,
            -0.531163259274443,
            -0.15624830090372308,
            0.04100414102478717,
            -0.1279306839908469,
            -0.13626544525394446,
            0.0,
            0.0,
            0.0,
            1.0000000000000004,
            0.0,
            0.49537738452662017,
            0.17347220926160672,
            0.12526528231126524,
            -0.3156968380850509,
            0.01812699318061015
        ],
        [
            0.008592369877540463,
            0.007927288828115863,
            -0.00035178761844347926,
            0.016395433671141713,
            0.07045917216535227,
            -0.11161398567941552,
            -0.0328326466768863,
            0.00861625033212747,
            -0.13626544525394446,
            0.49191354629923456,
            0.0,
            0.0,
            0.0,
            0.0,
            1.0000000000000004,
            -0.012625978170663878,
            -0.00442138942101056,
            -0.003192710788594938,
            0.01812699318061015,
            0.39504960690033725
        ],
        [
            0.011586787090842468,
            0.11435800270512902,
            -0.0010765054063115224,
            0.013716648355937664,
            -0.0005072084266131303,
            0.11266919812519859,
            0.29858830897558575,
            -0.018403729518145846,
            0.14741137462789955,
            0.0120202062038627,
            0.4875803818633122,
            0.5334708392221527,
            -0.08725091383031279,
            0.4953773845266202,
            -0.012625978170663882,
            0.9999999999999999,
            0.6848602514927513,
            0.0,
            0.0,
            0.0
        ],
        [
            0.11435800270512898,
            0.3268092378765782,
            -0.0071007119362833035,
            0.09047606090574711,
            -0.003345585547382847,
            0.2985883089755857,
            0.5958069870705061,
            -0.021341759627792185,
            0.17094459688777325,
            0.013939150280729605,
            0.5334708392221527,
            0.8558509027930699,
            -0.030553693517321002,
            0.1734722092616068,
            -0.004421389421010573,
            0.6848602514927513,
            1.0000000000000002,
            0.0,
            0.0,
            0.0
        ],
        [
            0.0010765054063115213,
            0.007100711936283303,
            0.0011715438719041636,
            0.0013242713977224955,
            -4.896834814292227e-05,
            0.01840372951814586,
            0.02134175962779218,
            0.04139329192397843,
            0.034440804794129296,
            0.0028083692760983514,
            0.08725091383031275,
            0.030553693517320974,
            0.37344862214222735,
            0.1252652823112652,
            -0.0031927107885949373,
            0.0,
            0.0,
            1.0000000000000004,
            0.0,
            0.0
        ],
        [
            -0.01371664835593765,
            -0.090476060905747,
            0.0013242713977224955,
            -0.015598165480757606,
            0.0006239463435200107,
            -0.14741137462789958,
            -0.1709445968877734,
            0.03444080479412928,
            -0.2301730793627791,
            -0.02249465658817863,
            -0.49537738452662017,
            -0.17347220926160672,
            0.12526528231126524,
            -0.3156968380850509,
            0.01812699318061015,
            0.0,
            0.0,
            0.0,
            1.0000000000000004,
            0.0
        ],
        [
            0.0005072084266131299,
            0.0033455855473828442,
            -4.896834814292227e-05,
            0.0006239463435200107,
            0.0012524028723759565,
            -0.012020206203862707,
            -0.013939150280729591,
            0.0028083692760983514,
            -0.022494656588178636,
            0.04385883331154678,
            0.012625978170663878,
            0.00442138942101056,
            -0.003192710788594938,
            0.01812699318061015,
            0.39504960690033725,
            0.0,
            0.0,
            0.0,
            0.0,
            1.0000000000000004
        ]
    ],
    "h": [
        [
            -0.28076662943320896,
            -0.4736001562147283,
            -0.005158834741902069,
            -0.28692730467577054,
            0.07681119310172752,
            -0.5947870014563157,
            -0.4676328328046029,
            0.0012584899795661623,
            0.014524498797714891,
            -0.023015159051831158,
            -0.2965029178327586,
            -0.3367798194950759,
            -0.017833962855567168,
            0.3452036382376362,
            0.026685821364163302,
            -0.008193241308157455,
            -0.13335089939156175,
            -0.006954907432780908,
            0.06489646014548338,
            0.0008422096223340116
        ],
        [
            -0.4736001562147283,
            -0.31914515003314303,
            -0.0038596302591366134,
            -0.24643965693110975,
            0.06265204044608522,
            -0.5572831569041546,
            -0.3734324212055762,
            0.010382397997271081,
            0.08999288245980067,
            -0.08312480578220921,
            -0.36948440290461493,
            -0.32523354396945536,
            -0.008418352505778064,
            0.2159727787433921,
            0.03673676839504913,
            -0.13018125246240805,
            -0.19401706205975533,
            -0.016819411468256676,
            0.11360887052822545,
            0.00034714746696608116
        ],
        [
            -0.005158834741902069,
            -0.0038596302591366134,
            1.4683592394917273,
            -0.0040339675925708035,
            0.0012864559539888507,
            0.00016547036473491504,
            -0.0028552158933607364,
            0.392959772019564,
            -0.015190977390670393,
            0.004891607466834617,
            0.0009480378634265686,
            -0.0021237249156174217,
            -0.046961388567663465,
            0.004925056773159433,
            7.273631654484373e-05,
            0.003283410129270371,
            0.0013165666271802955,
            -0.0038128660502488028,
            -0.004588618542356329,
            0.0001283352210860595
        ],
        [
            -0.28692730467577054,
            -0.24643965693110975,
            -0.0040339675925708035,
            1.1908942966870402,
            0.0711931622578358,
            -0.1028010893102389,
            -0.24344282355242797,
            -0.011468807540519977,
            -0.5684614958627406,
            0.2347350138976752,
            -0.27566485047386163,
            -0.20547960216288774,
            -0.011036471436385762,
            0.13142561289030585,
            0.03955220981974879,
            -0.06866528151930495,
            -0.12449498207422403,
            -0.010216983406966855,
            0.0899232591975499,
            -0.0010860495802970378
        ],
        [
            0.07681119310172752,
            0.06265204044608522,
            0.0012864559539888507,
            0.0711931622578358,
            1.448528313270447,
            0.013513912144608176,
            0.056945083751707315,
            0.004378488831079897,
            0.26332304470260365,
            0.3222211944896636,
            0.043571773017100884,
            0.0478291398841093,
            0.003069311824185396,
            -0.057489038287901556,
            -0.053989782703836614,
            0.0033216501416979023,
            0.02018864743311609,
            0.0008459325202333254,
            -0.007463967963210328,
            -0.004379830268383256
        ],
        [
            -0.5947870014563157,
            -0.5572831569041546,
            0.00016547036473491504,
            -0.1028010893102389,
            0.013513912144608176,
            -0.50074128241235,
            -0.6240876741621678,
            0.020733642813607865,
            0.005496613396937605,
            -0.12890311333850607,
            -0.5801889169222124,
            -0.5494262129326561,
            0.0031927342824139074,
            0.07144234244374403,
            0.002490821461552134,
            -0.23856656630708772,
            -0.3393499726841407,
            -0.03548029579639618,
            0.23980447892445997,
            0.007199394013878868
        ],
        [
            -0.4676328328046029,
            -0.3734324212055762,
            -0.0028552158933607364,
            -0.24344282355242797,
            0.056945083751707315,
            -0.6240876741621678,
            -0.44070799387404747,
            0.01837774150858318,
            -0.017836289995351612,
            -0.10213425507177548,
            -0.5387582703662804,
            -0.4226451263175097,
            0.0033471174200128823,
            0.16249812542519487,
            0.04361350817274959,
            -0.2964251131996025,
            -0.30657933097200807,
            -0.029490410887663493,
            0.17479565036644235,
            -0.0012193392882638501
        ],
        [
            0.0012584899795661623,
            0.010382397997271081,
            0.392959772019564,
            -0.011468807540519977,
            0.004378488831079897,
            0.020733642813607865,
            0.01837774150858318,
            1.37990156280155,
            0.01770597226385201,
            0.004903903227202594,
            0.00965095190077575,
            0.02024704273500702,
            0.453420590192391,
            0.06425033841234434,
            0.01197989015800114,
            0.026368046671001007,
            0.01756577140791736,
            -0.042154552227473996,
            -0.02054536374983877,
            -0.0001945536471877887
        ],
        [
            0.014524498797714891,
            0.08999288245980067,
            -0.015190977390670393,
            -0.5684614958627406,
            0.26332304470260365,
            0.005496613396937605,
            -0.017836289995351612,
            0.01770597226385201,
            0.8042976086868749,
            0.013424875427931022,
            -0.026383386502953687,
            -0.13183342622932326,
            0.07798251595362996,
            -0.6517112459405667,
            -0.19646555914548558,
            -0.3063737039816943,
            -0.19907796586424684,
            -0.03883412496162025,
            0.1915758027623844,
            0.0017071733805253606
        ],
        [
            -0.023015159051831158,
            -0.08312480578220921,
            0.004891607466834617,
            0.2347350138976752,
            0.3222211944896636,
            -0.12890311333850607,
            -0.10213425507177548,
            0.004903903227202594,
            0.013424875427931022,
            1.349442723519244,
            -0.025131189603017412,
            -0.08054748813157342,
            0.012204174219706963,
            -0.17041649708533885,
            0.41871583191186124,
            -0.03399271671565725,
            -0.047554074332300356,
            -0.006218995765114745,
            0.03949834684637007,
            -0.04497229703477201
        ],
        [
            -0.2965029178327586,
            -0.36948440290461493,
            0.0009480378634265686,
            -0.27566485047386163,
            0.043571773017100884,
            -0.5801889169222124,
            -0.5387582703662804,
            0.00965095190077575,
            -0.026383386502953687,
            -0.025131189603017412,
            -0.4496805044745118,
            -0.606874220942947,
            0.022598127467824296,
            0.045205194678936744,
            0.0595174971492889,
            -0.5302111154826961,
            -0.5215592240679423,
            -0.01421656805063154,
            0.0921634244045011,
            0.0035030508621779408
        ],
        [
            -0.3367798194950759,
            -0.32523354396945536,
            -0.0021237249156174217,
            -0.20547960216288774,
            0.0478291398841093,
            -0.5494262129326561,
            -0.4226451263175097,
            0.02024704273500702,
            -0.13183342622932326,
            -0.08054748813157342,
            -0.606874220942947,
            -0.44317057203798393,
            0.019006348073824918,
            0.04628175137657271,
            0.04677049435564215,
            -0.4309494646429206,
            -0.36189711458928064,
            -0.03526777392409212,
            0.20865013978870717,
            -0.0007300525795674445
        ],
        [
            -0.017833962855567168,
            -0.008418352505778064,
            -0.046961388567663465,
            -0.011036471436385762,
            0.003069311824185396,
            0.0031927342824139074,
            0.0033471174200128823,
            0.453420590192391,
            0.07798251595362996,
            0.012204174219706963,
            0.022598127467824296,
            0.019006348073824918,
            1.3908397424073844,
            0.060204723603192775,
            0.002462612191771324,
            0.00842486489707353,
            0.026522002121121442,
            0.264105504171577,
            0.16445638938688817,
            -0.004387716668664125
        ],
        [
            0.3452036382376362,
            0.2159727787433921,
            0.004925056773159433,
            0.13142561289030585,
            -0.057489038287901556,
            0.07144234244374403,
            0.16249812542519487,
            0.06425033841234434,
            -0.6517112459405667,
            -0.17041649708533885,
            0.045205194678936744,
            0.04628175137657271,
            0.060204723603192775,
            0.8286040554329843,
            -0.04982519615850557,
            -0.0460302850682488,
            -0.08754749221587199,
            0.16858926419943918,
            -0.6740566609221107,
            0.022917325865792922
        ],
        [
            0.026685821364163302,
            0.03673676839504913,
            7.273631654484373e-05,
            0.03955220981974879,
            -0.053989782703836614,
            0.002490821461552134,
            0.04361350817274959,
            0.01197989015800114,
            -0.19646555914548558,
            0.41871583191186124,
            0.0595174971492889,
            0.04677049435564215,
            0.002462612191771324,
            -0.04982519615850557,
            1.3871355051042589,
            0.01085449430367836,
            0.02765751708429967,
            -0.002369807926463705,
            0.010997923500746333,
            0.2918576881594177
        ],
        [
            -0.008193241308157455,
            -0.13018125246240805,
            0.003283410129270371,
            -0.06866528151930495,
            0.0033216501416979023,
            -0.23856656630708772,
            -0.2964251131996025,
            0.026368046671001007,
            -0.3063737039816943,
            -0.03399271671565725,
            -0.5302111154826961,
            -0.4309494646429206,
            0.00842486489707353,
            -0.0460302850682488,
            0.01085449430367836,
            -0.21906129045061795,
            -0.445298060623742,
            -0.0427557147504755,
            0.24351057090322614,
            -0.0038156379361791895
        ],
        [
            -0.13335089939156175,
            -0.19401706205975533,
            0.0013165666271802955,
            -0.12449498207422403,
            0.02018864743311609,
            -0.3393499726841407,
            -0.30657933097200807,
            0.01756577140791736,
            -0.19907796586424684,
            -0.047554074332300356,
            -0.5215592240679423,
            -0.36189711458928064,
            0.026522002121121442,
            -0.08754749221587199,
            0.02765751708429967,
            -0.445298060623742,
            -0.3052598594528442,
            -0.03821834578240525,
            0.22017759804746292,
            -0.002508691673763528
        ],
        [
            -0.006954907432780908,
            -0.016819411468256676,
            -0.0038128660502488028,
            -0.010216983406966855,
            0.0008459325202333254,
            -0.03548029579639618,
            -0.029490410887663493,
            -0.042154552227473996,
            -0.03883412496162025,
            -0.006218995765114745,
            -0.01421656805063154,
            -0.03526777392409212,
            0.264105504171577,
            0.16858926419943918,
            -0.002369807926463705,
            -0.0427557147504755,
            -0.03821834578240525,
            1.492538784156137,
            0.04036446122922628,
            -0.0007031002478937433
        ],
        [
            0.06489646014548338,
            0.11360887052822545,
            -0.004588618542356329,
            0.0899232591975499,
            -0.007463967963210328,
            0.23980447892445997,
            0.17479565036644235,
            -0.02054536374983877,
            0.1915758027623844,
            0.03949834684637007,
            0.0921634244045011,
            0.20865013978870717,
            0.16445638938688817,
            -0.6740566609221107,
            0.010997923500746333,
            0.24351057090322614,
            0.22017759804746292,
            0.04036446122922628,
            1.2660678280099067,
            0.0035064356586939115
        ],
        [
            0.0008422096223340116,
            0.00034714746696608116,
            0.0001283352210860595,
            -0.0010860495802970378,
            -0.004379830268383256,
            0.007199394013878868,
            -0.0012193392882638501,
            -0.0001945536471877887,
            0.0017071733805253606,
            -0.04497229703477201,
            0.0035030508621779408,
            -0.0007300525795674445,
            -0.004387716668664125,
            0.022917325865792922,
            0.2918576881594177,
            -0.0038156379361791895,
            -0.002508691673763528,
            -0.0007031002478937433,
            0.0035064356586939115,
            1.4992223896919852
        ]
    ]
}