{
    "HF": -2.148268357867389,
    "coordinates": [
        [
            0.643476,
            -0.119082,
            0.097496
        ],
        [
            1.461022,
            0.01758,
            -0.080316
        ],
        [
            2.225309,
            -0.09174,
            -0.056397
        ],
        [
            2.904251,
            -0.144189,
            -0.154982
        ]
    ],
    "elements": [
        "H",
        "H",
        "H",
        "H"
    ],
    "Enn": 3.007793963895246,
    "S": [
        [
            0.9999999999999999,
            0.6848602514927513,
            0.0,
            0.0,
            0.0,
            0.4857197313100732,
            0.5327068332072864,
            0.10532755594304417,
            -0.48427621336586957,
            -0.08095221048235383,
            0.09926385815562686,
            0.28343139312544474,
            0.01275116913971109,
            -0.13106652111386888,
            -0.0022654861924712648,
            0.011205169207172013,
            0.11272357436844585,
            0.0014725696616392273,
            -0.013185896104977165,
            0.00014643575477774737
        ],
        [
            0.6848602514927513,
            1.0000000000000002,
            0.0,
            0.0,
            0.0,
            0.5327068332072864,
            0.8550865804764792,
            0.0370061315164063,
            -0.17014720489456228,
            -0.028442017103992523,
            0.28343139312544474,
            0.5767262738173412,
            0.01631575792800969,
            -0.1677061614923187,
            -0.0028988027607990048,
            0.11272357436844585,
            0.32387415336318703,
            0.009964254814302046,
            -0.08922337066122082,
            0.0009908686920154686
        ],
        [
            0.0,
            0.0,
            1.0000000000000004,
            0.0,
            0.0,
            -0.10532755594304415,
            -0.03700613151640626,
            0.36111899650087687,
            0.14847468963336136,
            0.024819212661641575,
            -0.012751169139711091,
            -0.0163157579280097,
            0.035322864575947875,
            0.02378627229508117,
            0.0004111459661621103,
            -0.0014725696616392262,
            -0.009964254814302043,
            0.00100868219136198,
            0.001791172108542498,
            -1.9891832725139176e-05
        ],
        [
            0.0,
            0.0,
            0.0,
            1.0000000000000004,
            0.0,
            0.4842762133658695,
            0.17014720489456225,
            0.14847468963336136,
            -0.2892471179141737,
            -0.114114053239795,
            0.13106652111386885,
            0.16770616149231843,
            0.023786272295081158,
            -0.20685699171027658,
            -0.004226080829486132,
            0.013185896104977151,
            0.08922337066122077,
            0.001791172108542498,
            -0.014830056132715371,
            0.0001781183236922683
        ],
        [
            0.0,
            0.0,
            0.0,
            0.0,
            1.0000000000000004,
            0.08095221048235382,
            0.028442017103992502,
            0.02481921266164157,
            -0.11411405323979498,
            0.37433602253883724,
            0.0022654861924712674,
            0.0028988027607990043,
            0.00041114596616210965,
            -0.0042260808294861275,
            0.03756393003625064,
            -0.00014643575477774726,
            -0.0009908686920154684,
            -1.98918327251392e-05,
            0.0001781183236922685,
            0.0012067379620015399
        ],
        [
            0.4857197313100732,
            0.5327068332072864,
            -0.10532755594304417,
            0.4842762133658695,
            0.08095221048235385,
            0.9999999999999999,
            0.6848602514927513,
            0.0,
            0.0,
            0.0,
            0.5447055480106104,
            0.555912222425304,
            -0.016380991737411147,
            -0.5234240157201708,
            0.07486809719193055,
            0.14095972780637958,
            0.3272183694361013,
            0.009485798220675357,
            -0.18335224975527112,
            0.020551631162248295
        ],
        [
            0.5327068332072864,
            0.8550865804764792,
            -0.0370061315164063,
            0.17014720489456228,
            0.028442017103992513,
            0.6848602514927513,
            1.0000000000000002,
            0.0,
            0.0,
            0.0,
            0.5559122224253039,
            0.8781192443756638,
            -0.0052098462800505745,
            -0.16647091366031244,
            0.023811212648318415,
            0.3272183694361013,
            0.6308762240568476,
            0.00923121763938615,
            -0.17843142799230755,
            0.020000064906461588
        ],
        [
            0.10532755594304415,
            0.037006131516406277,
            0.36111899650087687,
            0.1484746896333613,
            0.024819212661641575,
            0.0,
            0.0,
            1.0000000000000004,
            0.0,
            0.0,
            0.016380991737411157,
            0.0052098462800505745,
            0.4602447130705227,
            -0.021875902937661555,
            0.0031290257575297777,
            -0.009485798220675351,
            -0.009231217639386162,
            0.06331873281097959,
            0.01797439369749214,
            -0.0020147181729646556
        ],
        [
            -0.4842762133658695,
            -0.17014720489456225,
            0.14847468963336138,
            -0.28924711791417357,
            -0.11411405323979502,
            0.0,
            0.0,
            0.0,
            1.0000000000000004,
            0.0,
            0.5234240157201704,
            0.16647091366031241,
            -0.02187590293766157,
            -0.23807430910579006,
            0.0999821777308902,
            0.18335224975527104,
            0.17843142799230774,
            0.01797439369749215,
            -0.2831807907519494,
            0.03894275431989938
        ],
        [
            -0.08095221048235382,
            -0.0284420171039925,
            0.02481921266164157,
            -0.11411405323979494,
            0.37433602253883724,
            0.0,
            0.0,
            0.0,
            0.0,
            1.0000000000000004,
            -0.07486809719193058,
            -0.023811212648318432,
            0.0031290257575297786,
            0.09998217773089016,
            0.44662835959705666,
            -0.0205516311622483,
            -0.020000064906461577,
            -0.002014718172964656,
            0.038942754319899374,
            0.05988362005773057
        ],
        [
            0.09926385815562686,
            0.28343139312544474,
            -0.01275116913971109,
            0.13106652111386885,
            0.002265486192471268,
            0.5447055480106104,
            0.555912222425304,
            0.016380991737411157,
            0.5234240157201704,
            -0.07486809719193055,
            0.9999999999999999,
            0.6848602514927513,
            0.0,
            0.0,
            0.0,
            0.6128572809137747,
            0.5803775315180606,
            0.07835716451671007,
            -0.539635542844288,
            0.041687426299507294
        ],
        [
            0.28343139312544474,
            0.5767262738173412,
            -0.01631575792800969,
            0.16770616149231862,
            0.0028988027607990048,
            0.5559122224253039,
            0.8781192443756638,
            0.0052098462800505745,
            0.16647091366031244,
            -0.023811212648318425,
            0.6848602514927513,
            1.0000000000000002,
            0.0,
            0.0,
            0.0,
            0.5803775315180606,
            0.9020096428628166,
            0.022483179040999293,
            -0.15483871323684248,
            0.011961457194516134
        ],
        [
            0.012751169139711091,
            0.0163157579280097,
            0.035322864575947875,
            0.023786272295081172,
            0.0004111459661621098,
            -0.016380991737411144,
            -0.0052098462800505745,
            0.4602447130705227,
            -0.02187590293766157,
            0.0031290257575297777,
            0.0,
            0.0,
            1.0000000000000004,
            0.0,
            0.0,
            -0.07835716451671003,
            -0.02248317904099931,
            0.5272345928903649,
            0.09398928602640945,
            -0.007260773472254114
        ],
        [
            -0.13106652111386882,
            -0.1677061614923185,
            0.023786272295081155,
            -0.20685699171027658,
            -0.004226080829486127,
            -0.5234240157201705,
            -0.16647091366031241,
            -0.021875902937661555,
            -0.23807430910579006,
            0.09998217773089015,
            0.0,
            0.0,
            0.0,
            1.0000000000000004,
            0.0,
            0.539635542844288,
            0.15483871323684245,
            0.09398928602640941,
            -0.10640971884468835,
            0.050003997188204585
        ],
        [
            -0.0022654861924712643,
            -0.0028988027607990043,
            0.0004111459661621101,
            -0.004226080829486133,
            0.03756393003625064,
            0.07486809719193058,
            0.023811212648318432,
            0.0031290257575297786,
            0.09998217773089021,
            0.44662835959705666,
            0.0,
            0.0,
            0.0,
            0.0,
            1.0000000000000004,
            -0.041687426299507294,
            -0.01196145719451613,
            -0.0072607734722541116,
            0.050003997188204585,
            0.5370193375583768
        ],
        [
            0.011205169207172013,
            0.11272357436844585,
            -0.0014725696616392273,
            0.013185896104977167,
            -0.00014643575477774737,
            0.14095972780637958,
            0.3272183694361013,
            -0.009485798220675351,
            0.18335224975527104,
            -0.0205516311622483,
            0.6128572809137747,
            0.5803775315180606,
            -0.07835716451671004,
            0.539635542844288,
            -0.041687426299507294,
            0.9999999999999999,
            0.6848602514927513,
            0.0,
            0.0,
            0.0
        ],
        [
            0.11272357436844585,
            0.32387415336318703,
            -0.009964254814302046,
            0.08922337066122085,
            -0.0009908686920154686,
            0.3272183694361013,
            0.6308762240568476,
            -0.009231217639386162,
            0.17843142799230774,
            -0.02000006490646158,
            0.5803775315180606,
            0.9020096428628166,
            -0.022483179040999317,
            0.15483871323684248,
            -0.011961457194516134,
            0.6848602514927513,
            1.0000000000000002,
            0.0,
            0.0,
            0.0
        ],
        [
            0.0014725696616392262,
            0.009964254814302045,
            0.00100868219136198,
            0.001791172108542498,
            -1.98918327251392e-05,
            0.009485798220675357,
            0.00923121763938615,
            0.06331873281097959,
            0.017974393697492153,
            -0.0020147181729646565,
            0.07835716451671003,
            0.022483179040999286,
            0.5272345928903649,
            0.09398928602640944,
            -0.007260773472254113,
            0.0,
            0.0,
            1.0000000000000004,
            0.0,
            0.0
        ],
        [
            -0.013185896104977153,
            -0.0892233706612208,
            0.001791172108542498,
            -0.014830056132715371,
            0.0001781183236922685,
            -0.18335224975527112,
            -0.17843142799230755,
            0.017974393697492135,
            -0.2831807907519494,
            0.038942754319899374,
            -0.539635542844288,
            -0.15483871323684245,
            0.09398928602640944,
            -0.10640971884468835,
            0.050003997188204585,
            0.0,
            0.0,
            0.0,
            1.0000000000000004,
            0.0
        ],
        [
            0.00014643575477774726,
            0.0009908686920154684,
            -1.9891832725139176e-05,
            0.0001781183236922683,
            0.0012067379620015399,
            0.020551631162248295,
            0.020000064906461577,
            -0.002014718172964655,
            0.03894275431989938,
            0.05988362005773057,
            0.041687426299507294,
            0.01196145719451613,
            -0.007260773472254113,
            0.050003997188204585,
            0.5370193375583768,
            0.0,
            0.0,
            0.0,
            0.0,
            1.0000000000000004
        ]
    ],
    "h": [
        [
            -0.21614980979981668,
            -0.44456591543324875,
            0.050348205482298375,
            -0.2377524029086536,
            -0.0384894064932741,
            -0.5270949210064564,
            -0.4324876168424052,
            -0.014191316556012162,
            0.04582886078850057,
            0.011204499424217362,
            -0.21208308014299035,
            -0.28642803079189816,
            -0.012206739197722204,
            0.28786557505428834,
            -0.0180009088271747,
            -0.00960271721843313,
            -0.1310957253170668,
            -0.005351283614684121,
            0.06493405276104154,
            -0.003978413079189795
        ],
        [
            -0.44456591543324875,
            -0.3038066171025582,
            0.04448849462963931,
            -0.21406250469548307,
            -0.03360700463442684,
            -0.5109964153722579,
            -0.3596175722552595,
            -0.04319809565086761,
            0.09250272234262927,
            0.04375677180765337,
            -0.31659387550113227,
            -0.29840045430437667,
            0.0051177039168783765,
            0.1816565554918735,
            -0.020936219714525615,
            -0.13675276920230645,
            -0.19322643365117298,
            -0.013540131389292638,
            0.12457395662985822,
            -0.009747958002715537
        ],
        [
            0.050348205482298375,
            0.04448849462963931,
            1.492655588101234,
            0.046215578811281174,
            0.007567817603129596,
            0.013097467467944102,
            0.03990729058781764,
            0.2504254169824125,
            0.1985843029979858,
            0.0315087749623675,
            0.03239081725661105,
            0.03245236998443719,
            -0.041599373935376216,
            -0.04164553716898607,
            0.0032378502796643924,
            0.007025167853861357,
            0.018263070592179846,
            -0.0029942811895480913,
            -0.01148509770715709,
            0.0005927952966355795
        ],
        [
            -0.2377524029086536,
            -0.21406250469548307,
            0.046215578811281174,
            1.2815637665674708,
            -0.034826794207915665,
            -0.0808113577902595,
            -0.2000584315828745,
            0.18950447568112894,
            -0.6323173721497285,
            -0.14046328083703377,
            -0.21530939532263302,
            -0.16224807121074875,
            -0.005830392647793163,
            0.19889012279512425,
            -0.01754014416404002,
            -0.060537494839289566,
            -0.10680293119099131,
            -0.00897153081017778,
            0.0835841450480116,
            -0.003973193490679388
        ],
        [
            -0.0384894064932741,
            -0.03360700463442684,
            0.007567817603129596,
            -0.034826794207915665,
            1.4967282779427784,
            -0.008287669265538561,
            -0.02926742360530841,
            0.03228672904779435,
            -0.15105791277663153,
            0.2675290045981737,
            -0.017810656954311305,
            -0.02368857757646048,
            -0.0005807580035079998,
            0.027128281224359018,
            -0.04476248213756645,
            -0.0010365039682780357,
            -0.010933869684303921,
            -0.00018198781045110146,
            0.002728189909772475,
            -0.0043589344945938035
        ],
        [
            -0.5270949210064564,
            -0.5109964153722579,
            0.013097467467944102,
            -0.0808113577902595,
            -0.008287669265538561,
            -0.40282382756815993,
            -0.5838510023125421,
            -0.054312257735681733,
            -0.010208482702493027,
            0.06907918172415549,
            -0.5292234027688709,
            -0.5054458875569936,
            0.003688432222566325,
            0.030541887269574297,
            0.0003673830904577513,
            -0.28411012560914967,
            -0.3498738059139921,
            -0.025712512699089383,
            0.2673204989547548,
            -0.02518217854334281
        ],
        [
            -0.4324876168424052,
            -0.3596175722552595,
            0.03990729058781764,
            -0.2000584315828745,
            -0.02926742360530841,
            -0.5838510023125421,
            -0.43351784063758503,
            -0.044628601666459114,
            -0.02700496375451783,
            0.05998135116003863,
            -0.5253671407816638,
            -0.41065617357621576,
            0.020741695353982355,
            0.10848508167595844,
            -0.018112624432582485,
            -0.3407774649825938,
            -0.3197245032267958,
            -0.026476977966594532,
            0.21102198332960637,
            -0.017993895938383082
        ],
        [
            -0.014191316556012162,
            -0.04319809565086761,
            0.2504254169824125,
            0.18950447568112894,
            0.03228672904779435,
            -0.054312257735681733,
            -0.044628601666459114,
            1.405175281018263,
            0.04309077506472062,
            0.008325392166659278,
            -0.003446397314964343,
            -0.023921699342803585,
            0.3720862077298974,
            -0.010908287833212613,
            0.0033419772088024245,
            0.007216222797059954,
            -0.008807769871202069,
            -0.047885313708087754,
            0.005729001652009617,
            -0.0005902966898941749
        ],
        [
            0.04582886078850057,
            0.09250272234262927,
            0.1985843029979858,
            -0.6323173721497285,
            -0.15105791277663153,
            -0.010208482702493027,
            -0.02700496375451783,
            0.04309077506472062,
            0.8919443663189237,
            0.004264017415560074,
            -0.08412104542715348,
            -0.14733528838554438,
            -0.010594522340179803,
            -0.7552320779697415,
            0.14728477755076316,
            -0.3423519769631973,
            -0.20074220426933137,
            -0.02930887520260782,
            0.16127163710764847,
            -0.017240461611462338
        ],
        [
            0.011204499424217362,
            0.04375677180765337,
            0.0315087749623675,
            -0.14046328083703377,
            0.2675290045981737,
            0.06907918172415549,
            0.05998135116003863,
            0.008325392166659278,
            0.004264017415560074,
            1.404634220872566,
            0.018983864099390818,
            0.048878402024033665,
            0.003384023652494892,
            0.13504571671560897,
            0.35478599259458876,
            0.03785662838213289,
            0.035515848554707394,
            0.003893378492623631,
            -0.030361188095596972,
            -0.04508326502388041
        ],
        [
            -0.21208308014299035,
            -0.31659387550113227,
            0.03239081725661105,
            -0.21530939532263302,
            -0.017810656954311305,
            -0.5292234027688709,
            -0.5253671407816638,
            -0.003446397314964343,
            -0.08412104542715348,
            0.018983864099390818,
            -0.5064491940979963,
            -0.6228524592319318,
            0.052725385549436746,
            -0.08660532942837068,
            -0.009145375539510045,
            -0.6336105997138503,
            -0.5696501572104298,
            -0.005206108343327659,
            0.0779436984120273,
            -0.009120870794831329
        ],
        [
            -0.28642803079189816,
            -0.29840045430437667,
            0.03245236998443719,
            -0.16224807121074875,
            -0.02368857757646048,
            -0.5054458875569936,
            -0.41065617357621576,
            -0.023921699342803585,
            -0.14733528838554438,
            0.048878402024033665,
            -0.6228524592319318,
            -0.435217840139414,
            0.03786778947837789,
            -0.021867354427140162,
            -0.010200555931054582,
            -0.490355595866542,
            -0.3716515012555266,
            -0.03292551152090397,
            0.26053221477700417,
            -0.02257327923835424
        ],
        [
            -0.012206739197722204,
            0.0051177039168783765,
            -0.041599373935376216,
            -0.005830392647793163,
            -0.0005807580035079998,
            0.003688432222566325,
            0.020741695353982355,
            0.3720862077298974,
            -0.010594522340179803,
            0.003384023652494892,
            0.052725385549436746,
            0.03786778947837789,
            1.3799135749021054,
            0.039858689320474754,
            -0.002331027329059733,
            0.007900350720258353,
            0.03685387394241228,
            0.48369192746124356,
            0.13135717168821118,
            -0.009874908914761872
        ],
        [
            0.28786557505428834,
            0.1816565554918735,
            -0.04164553716898607,
            0.19889012279512425,
            0.027128281224359018,
            0.030541887269574297,
            0.10848508167595844,
            -0.010908287833212613,
            -0.7552320779697415,
            0.13504571671560897,
            -0.08660532942837068,
            -0.021867354427140162,
            0.039858689320474754,
            0.7964305072811071,
            0.058885909004124624,
            0.004851479973595696,
            -0.11378045480877205,
            0.1416330756113519,
            -0.4936826414948922,
            0.07740498256810285
        ],
        [
            -0.0180009088271747,
            -0.020936219714525615,
            0.0032378502796643924,
            -0.01754014416404002,
            -0.04476248213756645,
            0.0003673830904577513,
            -0.018112624432582485,
            0.0033419772088024245,
            0.14728477755076316,
            0.35478599259458876,
            -0.009145375539510045,
            -0.010200555931054582,
            -0.002331027329059733,
            0.058885909004124624,
            1.3801104486651739,
            -0.006250898056762932,
            0.0002828015232863232,
            -0.011439786778601762,
            0.08263438885438303,
            0.49669042965797905
        ],
        [
            -0.00960271721843313,
            -0.13675276920230645,
            0.007025167853861357,
            -0.060537494839289566,
            -0.0010365039682780357,
            -0.28411012560914967,
            -0.3407774649825938,
            0.007216222797059954,
            -0.3423519769631973,
            0.03785662838213289,
            -0.6336105997138503,
            -0.490355595866542,
            0.007900350720258353,
            0.004851479973595696,
            -0.006250898056762932,
            -0.3270943687613055,
            -0.49201229192467455,
            -0.04560377622161767,
            0.3306784542259181,
            -0.027453856141076097
        ],
        [
            -0.1310957253170668,
            -0.19322643365117298,
            0.018263070592179846,
            -0.10680293119099131,
            -0.010933869684303921,
            -0.3498738059139921,
            -0.3197245032267958,
            -0.008807769871202069,
            -0.20074220426933137,
            0.035515848554707394,
            -0.5696501572104298,
            -0.3716515012555266,
            0.03685387394241228,
            -0.11378045480877205,
            0.0002828015232863232,
            -0.49201229192467455,
            -0.31984658238638497,
            -0.035296591286286996,
            0.2658008971344588,
            -0.022565852446859998
        ],
        [
            -0.005351283614684121,
            -0.013540131389292638,
            -0.0029942811895480913,
            -0.00897153081017778,
            -0.00018198781045110146,
            -0.025712512699089383,
            -0.026476977966594532,
            -0.047885313708087754,
            -0.02930887520260782,
            0.003893378492623631,
            -0.005206108343327659,
            -0.03292551152090397,
            0.48369192746124356,
            0.1416330756113519,
            -0.011439786778601762,
            -0.04560377622161767,
            -0.035296591286286996,
            1.4540825804184412,
            0.04353346011107098,
            -0.0034517384276122826
        ],
        [
            0.06493405276104154,
            0.12457395662985822,
            -0.01148509770715709,
            0.0835841450480116,
            0.002728189909772475,
            0.2673204989547548,
            0.21102198332960637,
            0.005729001652009617,
            0.16127163710764847,
            -0.030361188095596972,
            0.0779436984120273,
            0.26053221477700417,
            0.13135717168821118,
            -0.4936826414948922,
            0.08263438885438303,
            0.3306784542259181,
            0.2658008971344588,
            0.04353346011107098,
            1.1400036543925198,
            0.0262338980643311
        ],
        [
            -0.003978413079189795,
            -0.009747958002715537,
            0.0005927952966355795,
            -0.003973193490679388,
            -0.0043589344945938035,
            -0.02518217854334281,
            -0.017993895938383082,
            -0.0005902966898941749,
            -0.017240461611462338,
            -0.04508326502388041,
            -0.009120870794831329,
            -0.02257327923835424,
            -0.009874908914761872,
            0.07740498256810285,
            0.49669042965797905,
            -0.027453856141076097,
            -0.022565852446859998,
            -0.0034517384276122826,
            0.0262338980643311,
            1.458055050985163
        ]
    ]
}