{
    "HF": -2.1221398228411656,
    "coordinates": [
        [
            0.817591,
            0.19852,
            0.021823
        ],
        [
            1.563201,
            0.00489,
            -0.182292
        ],
        [
            2.224936,
            -0.194201,
            -0.032763
        ],
        [
            2.991378,
            0.091374,
            0.137608
        ]
    ],
    "elements": [
        "H",
        "H",
        "H",
        "H"
    ],
    "Enn": 3.0115197830532443,
    "S": [
        [
            0.9999999999999999,
            0.6848602514927513,
            0.0,
            0.0,
            0.0,
            0.5252851358908107,
            0.5484957212286012,
            0.13351110611004496,
            -0.4877016183362841,
            0.12665289408464836,
            0.13818896225707825,
            0.3245840299089702,
            0.006768566301342788,
            -0.1745082611175625,
            0.04869670110338991,
            0.015813763952417948,
            0.1306834391862877,
            -0.0010288529323631023,
            -0.019316035145163814,
            0.0009520877168111326
        ],
        [
            0.6848602514927513,
            1.0000000000000002,
            0.0,
            0.0,
            0.0,
            0.5484957212286012,
            0.8707984289780997,
            0.043825817915267566,
            -0.1600909687960346,
            0.04157456886036427,
            0.3245840299089702,
            0.6276993544908279,
            0.006690560927910925,
            -0.17249711407853285,
            0.04813548855329399,
            0.13068343918628766,
            0.35530897383154897,
            -0.005355147152710399,
            -0.10053935538842587,
            0.004955586620238445
        ],
        [
            0.0,
            0.0,
            1.0000000000000004,
            0.0,
            0.0,
            -0.1335111061100449,
            -0.0438258179152675,
            0.3910689212763821,
            0.1732554892884414,
            -0.04499330801749026,
            -0.006768566301342788,
            -0.006690560927910919,
            0.06186234271101897,
            0.012434059692665074,
            -0.0034697365298225523,
            0.0010288529323631015,
            0.005355147152710398,
            0.002026142926162653,
            -0.0013716909390938071,
            6.761067085236273e-05
        ],
        [
            0.0,
            0.0,
            0.0,
            1.0000000000000004,
            0.0,
            0.48770161833628395,
            0.16009096879603457,
            0.17325548928844153,
            -0.19438494590954689,
            0.16435568376121756,
            0.17450826111756249,
            0.17249711407853277,
            0.012434059692665065,
            -0.25823230320601237,
            0.08945730327488949,
            0.01931603514516379,
            0.10053935538842575,
            -0.0013716909390938071,
            -0.023653387645493094,
            0.0012693457473778556
        ],
        [
            0.0,
            0.0,
            0.0,
            0.0,
            1.0000000000000004,
            -0.12665289408464833,
            -0.04157456886036425,
            -0.04499330801749028,
            0.16435568376121754,
            0.39581651472258805,
            -0.048696701103389896,
            -0.04813548855329398,
            -0.0034697365298225523,
            0.08945730327488954,
            0.03738146842856935,
            -0.0009520877168111318,
            -0.0049555866202384445,
            6.761067085236277e-05,
            0.0012693457473778563,
            0.002036638856046505
        ],
        [
            0.5252851358908107,
            0.5484957212286012,
            -0.13351110611004496,
            0.48770161833628395,
            -0.12665289408464836,
            0.9999999999999999,
            0.6848602514927513,
            0.0,
            0.0,
            0.0,
            0.5974151252578818,
            0.575035150223166,
            -0.11508462462017129,
            -0.5093027043117322,
            0.15322989520597688,
            0.1368145643003262,
            0.32326492183238675,
            -0.03918560043016382,
            -0.17494208585667417,
            -0.010593708870279111
        ],
        [
            0.5484957212286012,
            0.8707984289780997,
            -0.043825817915267545,
            0.1600909687960346,
            -0.04157456886036426,
            0.6848602514927513,
            1.0000000000000002,
            0.0,
            0.0,
            0.0,
            0.575035150223166,
            0.8968260359659369,
            -0.0337664736958489,
            -0.1494322671262598,
            0.0449585098180303,
            0.32326492183238675,
            0.6261049116921287,
            -0.0390394604726202,
            -0.17428965157675932,
            -0.01055420037359827
        ],
        [
            0.1335111061100449,
            0.04382581791526751,
            0.3910689212763821,
            0.17325548928844145,
            -0.04499330801749026,
            0.0,
            0.0,
            1.0000000000000004,
            0.0,
            0.0,
            0.11508462462017126,
            0.0337664736958489,
            0.49228484979218207,
            -0.13425458142986832,
            0.040392119007539154,
            0.03918560043016381,
            0.0390394604726202,
            0.04509220976029564,
            -0.07283585440954429,
            -0.004410612993175938
        ],
        [
            -0.4877016183362838,
            -0.16009096879603457,
            0.17325548928844148,
            -0.19438494590954675,
            0.16435568376121754,
            0.0,
            0.0,
            0.0,
            1.0000000000000004,
            0.0,
            0.5093027043117322,
            0.14943226712626012,
            -0.13425458142986832,
            -0.07151693501026692,
            0.1787538127818277,
            0.17494208585667412,
            0.17428965157675932,
            -0.07283585440954433,
            -0.26376505674491924,
            -0.019690953525336147
        ],
        [
            0.1266528940846483,
            0.04157456886036423,
            -0.04499330801749028,
            0.16435568376121756,
            0.39581651472258805,
            0.0,
            0.0,
            0.0,
            0.0,
            1.0000000000000004,
            -0.15322989520597688,
            -0.04495850981803028,
            0.040392119007539154,
            0.1787538127818277,
            0.46884144414804946,
            0.010593708870279108,
            0.010554200373598261,
            -0.004410612993175936,
            -0.019690953525336126,
            0.06021445119180451
        ],
        [
            0.13818896225707825,
            0.3245840299089702,
            -0.006768566301342788,
            0.17450826111756254,
            -0.04869670110338991,
            0.5974151252578818,
            0.575035150223166,
            0.11508462462017129,
            0.5093027043117322,
            -0.15322989520597688,
            0.9999999999999999,
            0.6848602514927513,
            0.0,
            0.0,
            0.0,
            0.4951755972769364,
            0.5365668967141396,
            -0.10341398356353035,
            -0.46522483515621377,
            -0.17334199104398743
        ],
        [
            0.3245840299089702,
            0.6276993544908279,
            -0.006690560927910925,
            0.17249711407853294,
            -0.04813548855329399,
            0.575035150223166,
            0.8968260359659369,
            0.0337664736958489,
            0.14943226712626015,
            -0.04495850981803028,
            0.6848602514927513,
            1.0000000000000002,
            0.0,
            0.0,
            0.0,
            0.5365668967141396,
            0.8589439888882888,
            -0.035731891880295935,
            -0.16074579991030016,
            -0.05989361466279777
        ],
        [
            0.006768566301342788,
            0.006690560927910919,
            0.06186234271101897,
            0.012434059692665072,
            -0.0034697365298225523,
            -0.11508462462017126,
            -0.033766473695848884,
            0.49228484979218207,
            -0.13425458142986832,
            0.040392119007539154,
            0.0,
            0.0,
            1.0000000000000004,
            0.0,
            0.0,
            0.10341398356353033,
            0.03573189188029592,
            0.37365390245395197,
            -0.13699431340885704,
            -0.05104385074374098
        ],
        [
            -0.1745082611175625,
            -0.17249711407853277,
            0.012434059692665068,
            -0.25823230320601237,
            0.0894573032748895,
            -0.5093027043117322,
            -0.1494322671262605,
            -0.13425458142986832,
            -0.07151693501026692,
            0.1787538127818277,
            0.0,
            0.0,
            0.0,
            1.0000000000000004,
            0.0,
            0.46522483515621427,
            0.16074579991030014,
            -0.13699431340885687,
            -0.21218535939294844,
            -0.2296291684132529
        ],
        [
            0.048696701103389896,
            0.04813548855329398,
            -0.0034697365298225523,
            0.08945730327488954,
            0.03738146842856935,
            0.15322989520597688,
            0.04495850981803029,
            0.040392119007539154,
            0.1787538127818277,
            0.46884144414804946,
            0.0,
            0.0,
            0.0,
            0.0,
            1.0000000000000004,
            0.1733419910439874,
            0.059893614662797724,
            -0.05104385074374096,
            -0.2296291684132531,
            0.3185466776413316
        ],
        [
            0.015813763952417948,
            0.1306834391862877,
            0.0010288529323631023,
            0.01931603514516381,
            -0.0009520877168111326,
            0.1368145643003262,
            0.32326492183238675,
            0.03918560043016382,
            0.17494208585667417,
            0.010593708870279111,
            0.4951755972769364,
            0.5365668967141396,
            0.10341398356353035,
            0.4652248351562143,
            0.17334199104398743,
            0.9999999999999999,
            0.6848602514927513,
            0.0,
            0.0,
            0.0
        ],
        [
            0.13068343918628766,
            0.35530897383154897,
            0.005355147152710399,
            0.10053935538842584,
            -0.004955586620238445,
            0.32326492183238675,
            0.6261049116921287,
            0.0390394604726202,
            0.17428965157675932,
            0.010554200373598263,
            0.5365668967141396,
            0.8589439888882888,
            0.035731891880295935,
            0.16074579991030016,
            0.05989361466279777,
            0.6848602514927513,
            1.0000000000000002,
            0.0,
            0.0,
            0.0
        ],
        [
            -0.0010288529323631015,
            -0.005355147152710398,
            0.002026142926162653,
            -0.0013716909390938073,
            6.761067085236278e-05,
            -0.03918560043016381,
            -0.039039460472620184,
            0.04509220976029564,
            -0.07283585440954433,
            -0.004410612993175938,
            -0.10341398356353035,
            -0.03573189188029593,
            0.37365390245395197,
            -0.13699431340885687,
            -0.05104385074374098,
            0.0,
            0.0,
            1.0000000000000004,
            0.0,
            0.0
        ],
        [
            -0.019316035145163786,
            -0.1005393553884257,
            -0.001371690939093807,
            -0.023653387645493094,
            0.0012693457473778563,
            -0.17494208585667417,
            -0.17428965157675932,
            -0.07283585440954429,
            -0.2637650567449193,
            -0.019690953525336133,
            -0.4652248351562137,
            -0.16074579991030014,
            -0.13699431340885704,
            -0.21218535939294844,
            -0.22962916841325315,
            0.0,
            0.0,
            0.0,
            1.0000000000000004,
            0.0
        ],
        [
            0.0009520877168111318,
            0.0049555866202384445,
            6.761067085236273e-05,
            0.0012693457473778556,
            0.002036638856046505,
            -0.010593708870279108,
            -0.010554200373598258,
            -0.004410612993175936,
            -0.01969095352533614,
            0.06021445119180451,
            -0.1733419910439874,
            -0.059893614662797696,
            -0.05104385074374096,
            -0.2296291684132528,
            0.3185466776413316,
            0.0,
            0.0,
            0.0,
            0.0,
            1.0000000000000004
        ]
    ],
    "h": [
        [
            -0.25292908669156344,
            -0.4604413348293851,
            0.06817927083034736,
            -0.2574506131532378,
            0.06985571928334777,
            -0.5673064120021545,
            -0.45147621753792233,
            -0.018782528960918365,
            0.027813142466962204,
            0.0030196919958094814,
            -0.27664561587368297,
            -0.3212372083018922,
            0.03239420326924595,
            0.3193985905387082,
            -0.07761771649319799,
            -0.015369046668915927,
            -0.14282642913952054,
            0.0104584458614367,
            0.07728133277389265,
            0.00199286181233836
        ],
        [
            -0.4604413348293851,
            -0.3144470086150146,
            0.05716767078614402,
            -0.22719709473366806,
            0.06170756560076623,
            -0.5447111956171791,
            -0.37179222465425577,
            -0.07658102566137484,
            0.08273457365987197,
            -0.015003099002535464,
            -0.36399101957497004,
            -0.32267626670495164,
            0.031338952680555004,
            0.2006266699811044,
            -0.07664266904112688,
            -0.14073123826012246,
            -0.20337775953150938,
            0.02345764995739329,
            0.11745781907937308,
            0.02482453684049045
        ],
        [
            0.06817927083034736,
            0.05716767078614402,
            1.4662594072055541,
            0.0604700637004134,
            -0.015930232195201108,
            0.013682705940568946,
            0.05100434821304494,
            0.2863447173142175,
            0.23802162454393888,
            -0.06291106285337027,
            0.03766209323697762,
            0.042799731109151445,
            -0.05387536508145746,
            -0.050547746251418196,
            0.013704076824568801,
            0.0005437654493987412,
            0.018563095788327273,
            -0.007061984138888521,
            -0.002337345233770617,
            -0.00045132683010030354
        ],
        [
            -0.2574506131532378,
            -0.22719709473366806,
            0.0604700637004134,
            1.2414623989810587,
            0.06399468659272431,
            -0.09649511076125972,
            -0.22241239821864467,
            0.21458965722673218,
            -0.553979191673535,
            0.2380492360134454,
            -0.25688167621693625,
            -0.18852840007524774,
            0.034322056078813994,
            0.13589517562457792,
            -0.057197372886980125,
            -0.0774979742251001,
            -0.12206781324397109,
            0.012865153243475046,
            0.10495808656453982,
            0.004897546560421415
        ],
        [
            0.06985571928334777,
            0.06170756560076623,
            -0.015930232195201108,
            0.06399468659272431,
            1.4656453930188278,
            0.02798986871075604,
            0.060113721831157624,
            -0.0552756227916191,
            0.23269915929560797,
            0.2876030167300524,
            0.06802312856184899,
            0.04988466721583498,
            -0.00941255084490734,
            -0.049681047634353326,
            -0.03189541845315948,
            0.012235917773117612,
            0.02890136093596224,
            -0.002190771311176864,
            -0.014453959762446312,
            -0.00776299508674788
        ],
        [
            -0.5673064120021545,
            -0.5447111956171791,
            0.013682705940568946,
            -0.09649511076125972,
            0.02798986871075604,
            -0.48215572841301535,
            -0.6194303296658475,
            -0.12214362456506672,
            -0.01910658028459561,
            0.013952100366619332,
            -0.585147056572378,
            -0.5490011140363812,
            -0.006747818625098823,
            0.0533326837082877,
            -0.04337779733458624,
            -0.26850112116960334,
            -0.36254597699954183,
            0.05429778029209748,
            0.24755296384576725,
            0.049670766521243054
        ],
        [
            -0.45147621753792233,
            -0.37179222465425577,
            0.05100434821304494,
            -0.22241239821864467,
            0.060113721831157624,
            -0.6194303296658475,
            -0.4447722841062933,
            -0.1010346339425163,
            -0.032559944337368474,
            0.010036212764272606,
            -0.5447473133128002,
            -0.4258855019535732,
            0.021167372575726436,
            0.14819310783341258,
            -0.11095721516462688,
            -0.31440970865459256,
            -0.3215257558951059,
            0.03984330096733043,
            0.17807490903726875,
            0.05535523308953113
        ],
        [
            -0.018782528960918365,
            -0.07658102566137484,
            0.2863447173142175,
            0.21458965722673218,
            -0.0552756227916191,
            -0.12214362456506672,
            -0.1010346339425163,
            1.357201001212802,
            -0.00467321272167198,
            0.0019065606496383222,
            -0.03373315287021611,
            -0.0853856525327781,
            0.41487547286463355,
            -0.1815108512164048,
            0.04547812154637823,
            -0.05887871289482926,
            -0.05842019823173544,
            -0.03678279232212159,
            0.040488779508697614,
            0.013499451832375506
        ],
        [
            0.027813142466962204,
            0.08273457365987197,
            0.23802162454393888,
            -0.553979191673535,
            0.23269915929560797,
            -0.01910658028459561,
            -0.032559944337368474,
            -0.00467321272167198,
            0.8466387421541297,
            0.13491700487781014,
            -0.04796632488731856,
            -0.14350946643253615,
            -0.2161036400150218,
            -0.5631110386456171,
            0.24197250891929106,
            -0.3126849835928494,
            -0.1983808792205944,
            0.03936547373266652,
            0.12401791683163998,
            0.06454649076659721
        ],
        [
            0.0030196919958094814,
            -0.015003099002535464,
            -0.06291106285337027,
            0.2380492360134454,
            0.2876030167300524,
            0.013952100366619332,
            0.010036212764272606,
            0.0019065606496383222,
            0.13491700487781014,
            1.3505820569013636,
            -0.008817242883477017,
            0.030135395044252722,
            0.061121983764008445,
            0.28412360494774985,
            0.3807020291227693,
            0.03933729224646591,
            0.04130189923528262,
            -0.00970845369520566,
            -0.04242596169509241,
            -0.057338417468190725
        ],
        [
            -0.27664561587368297,
            -0.36399101957497004,
            0.03766209323697762,
            -0.25688167621693625,
            0.06802312856184899,
            -0.585147056572378,
            -0.5447473133128002,
            -0.03373315287021611,
            -0.04796632488731856,
            -0.008817242883477017,
            -0.45991161187533547,
            -0.6088811645430843,
            0.008869897745272262,
            0.040796181943030294,
            -0.15581271176060874,
            -0.5457750144602028,
            -0.5323954162167535,
            0.02405957774022066,
            0.10182163165160163,
            0.0215732309680175
        ],
        [
            -0.3212372083018922,
            -0.32267626670495164,
            0.042799731109151445,
            -0.18852840007524774,
            0.04988466721583498,
            -0.5490011140363812,
            -0.4258855019535732,
            -0.0853856525327781,
            -0.14350946643253615,
            0.030135395044252722,
            -0.6088811645430843,
            -0.44131472709402497,
            0.0051306936818726325,
            0.04351968974014497,
            -0.1305270690951195,
            -0.4403736650249961,
            -0.370385100328259,
            0.04760044825739644,
            0.20869976563324127,
            0.06494779528750433
        ],
        [
            0.03239420326924595,
            0.031338952680555004,
            -0.05387536508145746,
            0.034322056078813994,
            -0.00941255084490734,
            -0.006747818625098823,
            0.021167372575726436,
            0.41487547286463355,
            -0.2161036400150218,
            0.061121983764008445,
            0.008869897745272262,
            0.0051306936818726325,
            1.370214752202866,
            -0.10226520936419355,
            0.0013902020721470178,
            -0.0014627417889473138,
            -0.014164439961467393,
            0.2584726748612731,
            -0.1901924178738046,
            -0.068888366062582
        ],
        [
            0.3193985905387082,
            0.2006266699811044,
            -0.050547746251418196,
            0.13589517562457792,
            -0.049681047634353326,
            0.0533326837082877,
            0.14819310783341258,
            -0.1815108512164048,
            -0.5631110386456171,
            0.28412360494774985,
            0.040796181943030294,
            0.04351968974014497,
            -0.10226520936419355,
            0.8790991161576205,
            0.012420132868683216,
            -0.03706754317936323,
            -0.07258960276825166,
            -0.18758786314710185,
            -0.5513496574916797,
            -0.30596316366904214
        ],
        [
            -0.07761771649319799,
            -0.07664266904112688,
            0.013704076824568801,
            -0.057197372886980125,
            -0.03189541845315948,
            -0.04337779733458624,
            -0.11095721516462688,
            0.04547812154637823,
            0.24197250891929106,
            0.3807020291227693,
            -0.15581271176060874,
            -0.1305270690951195,
            0.0013902020721470178,
            0.012420132868683216,
            1.3414014060542125,
            -0.028210380210718755,
            -0.0983326564583216,
            -0.060956164973376276,
            -0.2750085978394548,
            0.1909841081440532
        ],
        [
            -0.015369046668915927,
            -0.14073123826012246,
            0.0005437654493987412,
            -0.0774979742251001,
            0.012235917773117612,
            -0.26850112116960334,
            -0.31440970865459256,
            -0.05887871289482926,
            -0.3126849835928494,
            0.03933729224646591,
            -0.5457750144602028,
            -0.4403736650249961,
            -0.0014627417889473138,
            -0.03706754317936323,
            -0.028210380210718755,
            -0.23144478975175065,
            -0.45098925431686043,
            0.05432325002577797,
            0.23532797462101757,
            0.08434354124016213
        ],
        [
            -0.14282642913952054,
            -0.20337775953150938,
            0.018563095788327273,
            -0.12206781324397109,
            0.02890136093596224,
            -0.36254597699954183,
            -0.3215257558951059,
            -0.05842019823173544,
            -0.1983808792205944,
            0.04130189923528262,
            -0.5323954162167535,
            -0.370385100328259,
            -0.014164439961467393,
            -0.07258960276825166,
            -0.0983326564583216,
            -0.45098925431686043,
            -0.3124441864547729,
            0.04928435603360514,
            0.21404691799309689,
            0.0730691938847399
        ],
        [
            0.0104584458614367,
            0.02345764995739329,
            -0.007061984138888521,
            0.012865153243475046,
            -0.002190771311176864,
            0.05429778029209748,
            0.03984330096733043,
            -0.03678279232212159,
            0.03936547373266652,
            -0.00970845369520566,
            0.02405957774022066,
            0.04760044825739644,
            0.2584726748612731,
            -0.18758786314710185,
            -0.060956164973376276,
            0.05432325002577797,
            0.04928435603360514,
            1.477585671368177,
            -0.04867592813148848,
            -0.016453080113958286
        ],
        [
            0.07728133277389265,
            0.11745781907937308,
            -0.002337345233770617,
            0.10495808656453982,
            -0.014453959762446312,
            0.24755296384576725,
            0.17807490903726875,
            0.040488779508697614,
            0.12401791683163998,
            -0.04242596169509241,
            0.10182163165160163,
            0.20869976563324127,
            -0.1901924178738046,
            -0.5513496574916797,
            -0.2750085978394548,
            0.23532797462101757,
            0.21404691799309689,
            -0.04867592813148848,
            1.27268754262256,
            -0.07310699074004845
        ],
        [
            0.00199286181233836,
            0.02482453684049045,
            -0.00045132683010030354,
            0.004897546560421415,
            -0.00776299508674788,
            0.049670766521243054,
            0.05535523308953113,
            0.013499451832375506,
            0.06454649076659721,
            -0.057338417468190725,
            0.0215732309680175,
            0.06494779528750433,
            -0.068888366062582,
            -0.30596316366904214,
            0.1909841081440532,
            0.08434354124016213,
            0.0730691938847399,
            -0.016453080113958286,
            -0.07310699074004845,
            1.4615788997097923
        ]
    ]
}