{
    "HF": -2.16510113663268,
    "coordinates": [
        [
            0.806583,
            0.061486,
            0.086314
        ],
        [
            1.624735,
            0.128753,
            0.186853
        ],
        [
            2.397026,
            -0.112516,
            0.092317
        ],
        [
            3.14053,
            0.199267,
            0.073262
        ]
    ],
    "elements": [
        "H",
        "H",
        "H",
        "H"
    ],
    "Enn": 2.8504676912824984,
    "S": [
        [
            0.9999999999999999,
            0.6848602514927513,
            0.0,
            0.0,
            0.0,
            0.5017043195490611,
            0.5391995975131041,
            -0.06204707772190084,
            -0.5049178998431316,
            -0.04151345027421304,
            0.09651653068015399,
            0.28017033728950586,
            -0.0004807060336845271,
            -0.12735891159942067,
            0.01393366837800688,
            0.008858745382569717,
            0.1018818279385646,
            5.709305325964516e-05,
            -0.010209328867314509,
            -0.0006026921522500129
        ],
        [
            0.6848602514927513,
            1.0000000000000002,
            0.0,
            0.0,
            0.0,
            0.5391995975131041,
            0.8615688251743613,
            -0.021196508230019024,
            -0.17248993526299755,
            -0.014181815207120509,
            0.2801703372895059,
            0.5725709412858025,
            -0.0006286058440733765,
            -0.16654368889981622,
            0.01822066867906982,
            0.10188182793856454,
            0.30398205108131343,
            0.0004621183489159543,
            -0.082635591027991,
            -0.004878266030645787
        ],
        [
            0.0,
            0.0,
            1.0000000000000004,
            0.0,
            0.0,
            0.06204707772190084,
            0.021196508230019017,
            0.40072167028053857,
            -0.08788051829688699,
            -0.007225379665730452,
            0.0004807060336845271,
            0.0006286058440733763,
            0.03604626037979499,
            -0.0008935512059189865,
            9.775873573106077e-05,
            -5.709305325964516e-05,
            -0.0004621183489159508,
            0.0008281143021040551,
            6.552131460060651e-05,
            3.867950834781666e-06
        ],
        [
            0.0,
            0.0,
            0.0,
            1.0000000000000004,
            0.0,
            0.5049178998431316,
            0.17248993526299752,
            -0.08788051829688702,
            -0.3036206949847765,
            -0.05879766880789248,
            0.12735891159942064,
            0.16654368889981616,
            -0.0008935512059189862,
            -0.200689041078109,
            0.025900332655724733,
            0.01020932886731451,
            0.08263559102799109,
            6.55213146006064e-05,
            -0.010887982330584127,
            -0.0006916635187700087
        ],
        [
            0.0,
            0.0,
            0.0,
            0.0,
            1.0000000000000004,
            0.041513450274213035,
            0.014181815207120514,
            -0.0072253796657304505,
            -0.058797668807892445,
            0.4066866702332983,
            -0.013933668378006879,
            -0.018220668679069796,
            9.775873573106077e-05,
            0.02590033265572474,
            0.0332160139045222,
            0.0006026921522500128,
            0.004878266030645786,
            3.867950834781659e-06,
            -0.0006916635187700089,
            0.0007876494127636016
        ],
        [
            0.5017043195490611,
            0.5391995975131041,
            0.06204707772190086,
            0.5049178998431316,
            0.041513450274213035,
            0.9999999999999999,
            0.6848602514927513,
            0.0,
            0.0,
            0.0,
            0.511400291599878,
            0.5430617390685768,
            0.0597737069059764,
            -0.4883081141588749,
            0.15255080066321847,
            0.1187389634832422,
            0.30508149515497507,
            0.01170515490609211,
            -0.15619736846123275,
            -0.007266220854188964
        ],
        [
            0.5391995975131041,
            0.8615688251743613,
            0.021196508230019024,
            0.17248993526299775,
            0.014181815207120496,
            0.6848602514927513,
            1.0000000000000002,
            0.0,
            0.0,
            0.0,
            0.5430617390685768,
            0.8654106240215691,
            0.02008334996623465,
            -0.16406649772333642,
            0.05125549804311023,
            0.3050814951549751,
            0.6038684318966403,
            0.013029790374955745,
            -0.17387373208622212,
            -0.008088516154445575
        ],
        [
            -0.06204707772190084,
            -0.021196508230019017,
            0.40072167028053857,
            -0.08788051829688702,
            -0.007225379665730449,
            0.0,
            0.0,
            1.0000000000000004,
            0.0,
            0.0,
            -0.0597737069059764,
            -0.02008334996623463,
            0.41277266393538314,
            0.08009705262688895,
            -0.025022868051339294,
            -0.011705154906092105,
            -0.013029790374955743,
            0.04784476799065686,
            0.022128311297515486,
            0.0010293976051068952
        ],
        [
            -0.5049178998431316,
            -0.17248993526299752,
            -0.08788051829688699,
            -0.3036206949847765,
            -0.05879766880789244,
            0.0,
            0.0,
            0.0,
            1.0000000000000004,
            0.0,
            0.4883081141588749,
            0.16406649772333642,
            0.08009705262688892,
            -0.23175787477201806,
            0.20441880119993303,
            0.15619736846123264,
            0.1738737320862219,
            0.0221283112975155,
            -0.24578431003351406,
            -0.013736614193316432
        ],
        [
            -0.04151345027421305,
            -0.014181815207120503,
            -0.007225379665730454,
            -0.05879766880789249,
            0.4066866702332983,
            0.0,
            0.0,
            0.0,
            0.0,
            1.0000000000000004,
            -0.15255080066321847,
            -0.05125549804311023,
            -0.025022868051339287,
            0.20441880119993303,
            0.35871549535570124,
            0.007266220854188964,
            0.008088516154445597,
            0.001029397605106896,
            -0.013736614193316433,
            0.04886400436191324
        ],
        [
            0.09651653068015399,
            0.28017033728950586,
            0.0004807060336845271,
            0.12735891159942064,
            -0.01393366837800688,
            0.511400291599878,
            0.5430617390685768,
            -0.0597737069059764,
            0.4883081141588749,
            -0.15255080066321847,
            0.9999999999999999,
            0.6848602514927513,
            0.0,
            0.0,
            0.0,
            0.517785723507947,
            0.545574683500067,
            0.012238979276108458,
            -0.47755077657852285,
            -0.20025744821007224
        ],
        [
            0.2801703372895059,
            0.5725709412858025,
            0.0006286058440733765,
            0.16654368889981622,
            -0.018220668679069827,
            0.5430617390685768,
            0.8654106240215691,
            -0.020083349966234672,
            0.16406649772333642,
            -0.05125549804311023,
            0.6848602514927513,
            1.0000000000000002,
            0.0,
            0.0,
            0.0,
            0.545574683500067,
            0.867904751134933,
            0.004068069579704877,
            -0.15873135685063727,
            -0.06656284113194036
        ],
        [
            -0.0004807060336845271,
            -0.0006286058440733763,
            0.03604626037979499,
            -0.0008935512059189862,
            9.775873573106077e-05,
            0.0597737069059764,
            0.02008334996623465,
            0.41277266393538314,
            0.0800970526268889,
            -0.025022868051339287,
            0.0,
            0.0,
            1.0000000000000004,
            0.0,
            0.0,
            -0.012238979276108458,
            -0.004068069579704876,
            0.42948149002274355,
            0.015811695381213922,
            0.006630519568208131
        ],
        [
            -0.12735891159942064,
            -0.16654368889981616,
            -0.0008935512059189865,
            -0.20068904107810903,
            0.02590033265572474,
            -0.4883081141588749,
            -0.16406649772333642,
            0.08009705262688895,
            -0.23175787477201806,
            0.20441880119993303,
            0.0,
            0.0,
            0.0,
            1.0000000000000004,
            0.0,
            0.47755077657852285,
            0.15873135685063725,
            0.015811695381213946,
            -0.18706729301255334,
            -0.25871518347105876
        ],
        [
            0.013933668378006879,
            0.018220668679069803,
            9.775873573106077e-05,
            0.025900332655724733,
            0.0332160139045222,
            0.15255080066321847,
            0.05125549804311023,
            -0.025022868051339298,
            0.20441880119993303,
            0.35871549535570124,
            0.0,
            0.0,
            0.0,
            0.0,
            1.0000000000000004,
            0.20025744821007216,
            0.06656284113194029,
            0.006630519568208139,
            -0.25871518347105865,
            0.3213963900196931
        ],
        [
            0.008858745382569717,
            0.1018818279385646,
            -5.709305325964516e-05,
            0.01020932886731451,
            0.0006026921522500128,
            0.1187389634832422,
            0.30508149515497507,
            -0.011705154906092106,
            0.15619736846123275,
            0.007266220854188964,
            0.517785723507947,
            0.545574683500067,
            -0.012238979276108458,
            0.47755077657852285,
            0.20025744821007224,
            0.9999999999999999,
            0.6848602514927513,
            0.0,
            0.0,
            0.0
        ],
        [
            0.10188182793856454,
            0.30398205108131343,
            -0.0004621183489159507,
            0.08263559102799108,
            0.004878266030645785,
            0.3050814951549751,
            0.6038684318966403,
            -0.013029790374955745,
            0.17387373208622192,
            0.008088516154445597,
            0.545574683500067,
            0.867904751134933,
            -0.004068069579704877,
            0.15873135685063727,
            0.06656284113194036,
            0.6848602514927513,
            1.0000000000000002,
            0.0,
            0.0,
            0.0
        ],
        [
            5.709305325964516e-05,
            0.0004621183489159508,
            0.0008281143021040551,
            6.552131460060637e-05,
            3.8679508347816575e-06,
            0.011705154906092105,
            0.013029790374955733,
            0.04784476799065686,
            0.0221283112975155,
            0.001029397605106896,
            0.012238979276108458,
            0.004068069579704876,
            0.42948149002274355,
            0.015811695381213946,
            0.006630519568208142,
            0.0,
            0.0,
            1.0000000000000004,
            0.0,
            0.0
        ],
        [
            -0.010209328867314514,
            -0.08263559102799115,
            6.552131460060655e-05,
            -0.010887982330584127,
            -0.0006916635187700087,
            -0.15619736846123275,
            -0.1738737320862221,
            0.022128311297515486,
            -0.24578431003351406,
            -0.013736614193316433,
            -0.47755077657852285,
            -0.15873135685063725,
            0.015811695381213922,
            -0.18706729301255334,
            -0.25871518347105876,
            0.0,
            0.0,
            0.0,
            1.0000000000000004,
            0.0
        ],
        [
            -0.0006026921522500129,
            -0.004878266030645788,
            3.867950834781668e-06,
            -0.0006916635187700089,
            0.0007876494127636016,
            -0.007266220854188964,
            -0.008088516154445573,
            0.0010293976051068952,
            -0.013736614193316432,
            0.048864004361913245,
            -0.20025744821007216,
            -0.06656284113194029,
            0.006630519568208129,
            -0.25871518347105865,
            0.3213963900196931,
            0.0,
            0.0,
            0.0,
            0.0,
            1.0000000000000004
        ]
    ],
    "h": [
        [
            -0.23009787576768148,
            -0.4513036502057136,
            -0.030023898562052252,
            -0.25374122397006715,
            -0.017264626818549296,
            -0.5393925316093418,
            -0.4406076065584643,
            0.008856568838780818,
            0.04210982578682221,
            0.015869017932787916,
            -0.20977175121145047,
            -0.2873221040108669,
            -0.014885979687508627,
            0.27570416914163737,
            -0.04413832083471761,
            -0.002902733425302048,
            -0.12095120958423508,
            -0.0021175156440192446,
            0.0536066470324288,
            0.003264955195091371
        ],
        [
            -0.4513036502057136,
            -0.30748792848308204,
            -0.02569081156131033,
            -0.22513086332691565,
            -0.013746773298785282,
            -0.515205828956842,
            -0.36239632409352174,
            0.03451061285983438,
            0.10847907709575469,
            0.045198205247976575,
            -0.3059093310103806,
            -0.2977710655500685,
            -0.018022373522534017,
            0.17268634646963735,
            -0.06115041605089488,
            -0.12063678400198696,
            -0.1847146827587134,
            -0.003996381904605559,
            0.10538271938174563,
            0.025002184912445654
        ],
        [
            -0.030023898562052252,
            -0.02569081156131033,
            1.4913298127483177,
            -0.028024513423969197,
            -0.002278711173083676,
            -0.00538439458046272,
            -0.02245768746214211,
            0.3020278926420994,
            -0.11797309000117873,
            -0.008907803023461173,
            -0.01194806268795063,
            -0.0176572819187117,
            -0.043329526303151705,
            0.01818258854748818,
            -0.0038698564074634385,
            -0.00038345354948313636,
            -0.007462038521367736,
            -0.002994090847224987,
            0.001656075783349972,
            0.0001180220029858782
        ],
        [
            -0.25374122397006715,
            -0.22513086332691565,
            -0.028024513423969197,
            1.2518852937369371,
            -0.016307064042766817,
            -0.07877492310920164,
            -0.2119682663230369,
            -0.10957252421484828,
            -0.6642327590652035,
            -0.061647477872426124,
            -0.2145393423871908,
            -0.16931758679326117,
            -0.01542062588012219,
            0.19807065642853489,
            -0.05318293332137132,
            -0.052021741351537684,
            -0.10580052163231672,
            -0.0018249270481425738,
            0.06923136572868388,
            0.008322660516313748
        ],
        [
            -0.017264626818549296,
            -0.013746773298785282,
            -0.002278711173083676,
            -0.016307064042766817,
            1.4929485975350727,
            0.001872642824818388,
            -0.010372159452695144,
            -0.010252963032163295,
            -0.07797531493158341,
            0.30893199093714946,
            0.004912552273422358,
            -0.008442479887561152,
            -0.000319681884043055,
            0.00039012719795916695,
            -0.0421152675043144,
            0.0006149924080129073,
            -0.0029505614692866902,
            -6.776503343039269e-05,
            0.0022488076746139765,
            -0.0030109119497337606
        ],
        [
            -0.5393925316093418,
            -0.515205828956842,
            -0.00538439458046272,
            -0.07877492310920164,
            0.001872642824818388,
            -0.39741183248534284,
            -0.581328416997889,
            0.05335885631051492,
            0.035497322470723236,
            0.08175216150747527,
            -0.49945881361500977,
            -0.4935483341803515,
            -0.0036158829020632166,
            0.051646209929924525,
            -0.0338683007787734,
            -0.23911924528875594,
            -0.324441396252785,
            -0.011860856786020404,
            0.22470362691729398,
            0.046332649902788285
        ],
        [
            -0.4406076065584643,
            -0.36239632409352174,
            -0.02245768746214211,
            -0.2119682663230369,
            -0.010372159452695144,
            -0.581328416997889,
            -0.43501463384393424,
            0.04643730450850844,
            0.0025306241762150516,
            0.06986743515756477,
            -0.49746634805060075,
            -0.4091285500270039,
            -0.019019862369591637,
            0.11066491272091,
            -0.10111766026291227,
            -0.3081366029190255,
            -0.3100905193313783,
            -0.006268203355562867,
            0.1730629488416081,
            0.06006646807993889
        ],
        [
            0.008856568838780818,
            0.03451061285983438,
            0.3020278926420994,
            -0.10957252421484828,
            -0.010252963032163295,
            0.05335885631051492,
            0.04643730450850844,
            1.4107602210250199,
            -0.0008854455702364469,
            -0.010190499729203835,
            0.013537782336507848,
            0.036832917312098964,
            0.3072979176947832,
            0.10296371674837165,
            -0.029434769703613535,
            0.02406933708841418,
            0.025566977387722453,
            -0.043567955033569555,
            -0.02169531392658996,
            -0.0063627104939021194
        ],
        [
            0.04210982578682221,
            0.10847907709575469,
            -0.11797309000117873,
            -0.6642327590652035,
            -0.07797531493158341,
            0.035497322470723236,
            0.0025306241762150516,
            -0.0008854455702364469,
            0.9208822580663956,
            0.044445030436472174,
            -0.07133992493809005,
            -0.12173205249814317,
            0.11054188208392188,
            -0.6946851315824943,
            0.24614245772362175,
            -0.29400942176357553,
            -0.17901464381317833,
            -0.007864313699211485,
            0.1516105415637713,
            0.06469216659484614
        ],
        [
            0.015869017932787916,
            0.045198205247976575,
            -0.008907803023461173,
            -0.061647477872426124,
            0.30893199093714946,
            0.08175216150747527,
            0.06986743515756477,
            -0.010190499729203835,
            0.044445030436472174,
            1.395898677157032,
            0.012038751443303242,
            0.061061726553251594,
            -0.033135846020071656,
            0.27053090451953543,
            0.23849275018041882,
            0.03266986553211498,
            0.04898283806878738,
            0.001776583905140177,
            -0.04019837908039369,
            -0.05578488915235878
        ],
        [
            -0.20977175121145047,
            -0.3059093310103806,
            -0.01194806268795063,
            -0.2145393423871908,
            0.004912552273422358,
            -0.49945881361500977,
            -0.49746634805060075,
            0.013537782336507848,
            -0.07133992493809005,
            0.012038751443303242,
            -0.41135406081154047,
            -0.5838417516369419,
            -0.01869507172840912,
            -0.037494717187626314,
            -0.15898416110609945,
            -0.5608438236699695,
            -0.5273339595926496,
            -0.005047865625907935,
            0.08582176019403365,
            0.01917023050574318
        ],
        [
            -0.2873221040108669,
            -0.2977710655500685,
            -0.0176572819187117,
            -0.16931758679326117,
            -0.008442479887561152,
            -0.4935483341803515,
            -0.4091285500270039,
            0.036832917312098964,
            -0.12173205249814317,
            0.061061726553251594,
            -0.5838417516369419,
            -0.4304133417973621,
            -0.01668915140386701,
            -0.0028113676907663976,
            -0.1341125712450013,
            -0.45443115279527,
            -0.36927209423678975,
            -0.007922631667675548,
            0.2138411061502043,
            0.07529317131281611
        ],
        [
            -0.014885979687508627,
            -0.018022373522534017,
            -0.043329526303151705,
            -0.01542062588012219,
            -0.000319681884043055,
            -0.0036158829020632166,
            -0.019019862369591637,
            0.3072979176947832,
            0.11054188208392188,
            -0.033135846020071656,
            -0.01869507172840912,
            -0.01668915140386701,
            1.407065043071856,
            0.031242080061028427,
            -0.005686830580794359,
            -0.003993222558505037,
            -0.007619212729507489,
            0.33657851437466835,
            0.02794549776592951,
            0.010055898019255018
        ],
        [
            0.27570416914163737,
            0.17268634646963735,
            0.01818258854748818,
            0.19807065642853489,
            0.00039012719795916695,
            0.051646209929924525,
            0.11066491272091,
            0.10296371674837165,
            -0.6946851315824943,
            0.27053090451953543,
            -0.037494717187626314,
            -0.0028113676907663976,
            0.031242080061028427,
            0.9490659414300229,
            -0.023186328368481116,
            -0.02963405793842533,
            -0.09431577302213462,
            0.022909738527559547,
            -0.5276130126879632,
            -0.353011992798899
        ],
        [
            -0.04413832083471761,
            -0.06115041605089488,
            -0.0038698564074634385,
            -0.05318293332137132,
            -0.0421152675043144,
            -0.0338683007787734,
            -0.10111766026291227,
            -0.029434769703613535,
            0.24614245772362175,
            0.23849275018041882,
            -0.15898416110609945,
            -0.1341125712450013,
            -0.005686830580794359,
            -0.023186328368481116,
            1.3532694866316495,
            -0.031468256259005845,
            -0.10828901977448192,
            0.007143227553230729,
            -0.3230544388000217,
            0.19458926317966035
        ],
        [
            -0.002902733425302048,
            -0.12063678400198696,
            -0.00038345354948313636,
            -0.052021741351537684,
            0.0006149924080129073,
            -0.23911924528875594,
            -0.3081366029190255,
            0.02406933708841418,
            -0.29400942176357553,
            0.03266986553211498,
            -0.5608438236699695,
            -0.45443115279527,
            -0.003993222558505037,
            -0.02963405793842533,
            -0.031468256259005845,
            -0.250134169484413,
            -0.46123462636979395,
            -0.007962018045771551,
            0.2511404867906317,
            0.09961280049689347
        ],
        [
            -0.12095120958423508,
            -0.1847146827587134,
            -0.007462038521367736,
            -0.10580052163231672,
            -0.0029505614692866902,
            -0.324441396252785,
            -0.3100905193313783,
            0.025566977387722453,
            -0.17901464381317833,
            0.04898283806878738,
            -0.5273339595926496,
            -0.36927209423678975,
            -0.007619212729507489,
            -0.09431577302213462,
            -0.10828901977448192,
            -0.46123462636979395,
            -0.31541424612788505,
            -0.007522238482235452,
            0.22157607328601628,
            0.08408330047797838
        ],
        [
            -0.0021175156440192446,
            -0.003996381904605559,
            -0.002994090847224987,
            -0.0018249270481425738,
            -6.776503343039269e-05,
            -0.011860856786020404,
            -0.006268203355562867,
            -0.043567955033569555,
            -0.007864313699211485,
            0.001776583905140177,
            -0.005047865625907935,
            -0.007922631667675548,
            0.33657851437466835,
            0.022909738527559547,
            0.007143227553230729,
            -0.007962018045771551,
            -0.007522238482235452,
            1.480135894954207,
            0.007252611556310929,
            0.002344816016540785
        ],
        [
            0.0536066470324288,
            0.10538271938174563,
            0.001656075783349972,
            0.06923136572868388,
            0.0022488076746139765,
            0.22470362691729398,
            0.1730629488416081,
            -0.02169531392658996,
            0.1516105415637713,
            -0.04019837908039369,
            0.08582176019403365,
            0.2138411061502043,
            0.02794549776592951,
            -0.5276130126879632,
            -0.3230544388000217,
            0.2511404867906317,
            0.22157607328601628,
            0.007252611556310929,
            1.251646472345442,
            -0.08771857515858071
        ],
        [
            0.003264955195091371,
            0.025002184912445654,
            0.0001180220029858782,
            0.008322660516313748,
            -0.0030109119497337606,
            0.046332649902788285,
            0.06006646807993889,
            -0.0063627104939021194,
            0.06469216659484614,
            -0.05578488915235878,
            0.01917023050574318,
            0.07529317131281611,
            0.010055898019255018,
            -0.353011992798899,
            0.19458926317966035,
            0.09961280049689347,
            0.08408330047797838,
            0.002344816016540785,
            -0.08771857515858071,
            1.4439072949934515
        ]
    ]
}