{
    "HF": -2.133776620909178,
    "coordinates": [
        [
            0.644402,
            0.152665,
            0.129449
        ],
        [
            1.36885,
            -0.114605,
            0.015479
        ],
        [
            2.087068,
            -0.14304,
            0.054196
        ],
        [
            2.860822,
            0.056753,
            -0.062801
        ]
    ],
    "elements": [
        "H",
        "H",
        "H",
        "H"
    ],
    "Enn": 3.0167090567164725,
    "S": [
        [
            0.9999999999999999,
            0.6848602514927513,
            0.0,
            0.0,
            0.0,
            0.5382540468917186,
            0.5534716833450808,
            0.07688469877973228,
            -0.4887160328295121,
            0.18030160079721894,
            0.13393249068516166,
            0.32047140222993403,
            0.008981392000038398,
            -0.1721811605002776,
            0.03529218132660963,
            0.01335425596525431,
            0.12154729827357648,
            0.0013896239924866079,
            -0.01602075635592805,
            0.0006932723868264008
        ],
        [
            0.6848602514927513,
            1.0000000000000002,
            0.0,
            0.0,
            0.0,
            0.5534716833450808,
            0.8757143183575414,
            0.024707718952929666,
            -0.15705411582005782,
            0.05794184473589114,
            0.3204714022299339,
            0.6227201429295995,
            0.009098746812749126,
            -0.17443095516938248,
            0.035753324468977755,
            0.12154729827357648,
            0.3395367357243185,
            0.00822647799576835,
            -0.09484177039990056,
            0.0041041246165416595
        ],
        [
            0.0,
            0.0,
            1.0000000000000004,
            0.0,
            0.0,
            -0.07688469877973227,
            -0.02470771895292967,
            0.43816632130910665,
            0.09720012194460162,
            -0.03585996040037889,
            -0.008981392000038398,
            -0.009098746812749131,
            0.058580847842728406,
            0.01675752444019344,
            -0.003434810111687253,
            -0.0013896239924866068,
            -0.008226477995768344,
            0.0014478944682593054,
            0.0017717282919468118,
            -7.666868370489467e-05
        ],
        [
            0.0,
            0.0,
            0.0,
            1.0000000000000004,
            0.0,
            0.4887160328295119,
            0.1570541158200578,
            0.09720012194460162,
            -0.16439278619338485,
            0.22794311303091758,
            0.17218116050027762,
            0.17443095516938237,
            0.01675752444019344,
            -0.26180147688145583,
            0.06584832185543966,
            0.016020756355928038,
            0.0948417703999005,
            0.0017717282919468113,
            -0.0188244043362565,
            0.0008839011908307027
        ],
        [
            0.0,
            0.0,
            0.0,
            0.0,
            1.0000000000000004,
            -0.18030160079721894,
            -0.057941844735891104,
            -0.03585996040037888,
            0.22794311303091752,
            0.36936295940908476,
            -0.03529218132660961,
            -0.035753324468977714,
            -0.003434810111687252,
            0.06584832185543965,
            0.04595795104779118,
            -0.0006932723868264003,
            -0.004104124616541652,
            -7.666868370489463e-05,
            0.0008839011908307025,
            0.0015633229669697575
        ],
        [
            0.5382540468917186,
            0.5534716833450808,
            -0.0768846987797323,
            0.4887160328295119,
            -0.18030160079721894,
            0.9999999999999999,
            0.6848602514927513,
            0.0,
            0.0,
            0.0,
            0.5870288372098911,
            0.5713777547972707,
            -0.02914604264532816,
            -0.5406723779384327,
            0.02140578357362157,
            0.1243337353122152,
            0.3108849974215504,
            0.008532182427851833,
            -0.16261851406805003,
            -0.018677283041285568
        ],
        [
            0.5534716833450808,
            0.8757143183575414,
            -0.024707718952929676,
            0.15705411582005782,
            -0.05794184473589114,
            0.6848602514927513,
            1.0000000000000002,
            0.0,
            0.0,
            0.0,
            0.5713777547972707,
            0.893266762620843,
            -0.008683688897920634,
            -0.16108638770790015,
            0.006377578164950084,
            0.3108849974215504,
            0.6110187700082172,
            0.009162195085754195,
            -0.1746261947685598,
            -0.020056405537872614
        ],
        [
            0.07688469877973227,
            0.02470771895292966,
            0.43816632130910665,
            0.09720012194460163,
            -0.035859960400378886,
            0.0,
            0.0,
            1.0000000000000004,
            0.0,
            0.0,
            0.02914604264532816,
            0.008683688897920636,
            0.5083965447626871,
            -0.036845643448487786,
            0.0014587574684256743,
            -0.008532182427851831,
            -0.009162195085754193,
            0.05225537551439651,
            0.016100493967191164,
            0.0018491958597278918
        ],
        [
            -0.48871603282951176,
            -0.1570541158200578,
            0.0972001219446016,
            -0.164392786193385,
            0.22794311303091752,
            0.0,
            0.0,
            0.0,
            1.0000000000000004,
            0.0,
            0.5406723779384327,
            0.16108638770789976,
            -0.03684564344848779,
            -0.17312069886345824,
            0.027060616046123177,
            0.16261851406805,
            0.17462619476855973,
            0.016100493967191164,
            -0.25376607288860153,
            -0.03524461478321338
        ],
        [
            0.18030160079721894,
            0.057941844735891125,
            -0.035859960400378886,
            0.22794311303091758,
            0.36936295940908476,
            0.0,
            0.0,
            0.0,
            0.0,
            1.0000000000000004,
            -0.021405783573621575,
            -0.006377578164950106,
            0.0014587574684256732,
            0.027060616046123146,
            0.5093114259827675,
            0.018677283041285565,
            0.020056405537872593,
            0.0018491958597278918,
            -0.03524461478321338,
            0.04905216524485382
        ],
        [
            0.13393249068516166,
            0.32047140222993403,
            -0.008981392000038398,
            0.17218116050027762,
            -0.03529218132660963,
            0.5870288372098911,
            0.5713777547972707,
            0.029146042645328163,
            0.5406723779384327,
            -0.021405783573621575,
            0.9999999999999999,
            0.6848602514927513,
            0.0,
            0.0,
            0.0,
            0.5168468154410906,
            0.5452066820182189,
            0.07497440203699052,
            -0.4958395811322479,
            -0.12803200685638477
        ],
        [
            0.3204714022299339,
            0.6227201429295995,
            -0.009098746812749133,
            0.1744309551693824,
            -0.035753324468977755,
            0.5713777547972707,
            0.893266762620843,
            0.008683688897920636,
            0.16108638770790015,
            -0.006377578164950107,
            0.6848602514927513,
            1.0000000000000002,
            0.0,
            0.0,
            0.0,
            0.5452066820182189,
            0.8675397789064999,
            0.02495981181935049,
            -0.16507050808541904,
            -0.04262327822784766
        ],
        [
            0.008981392000038398,
            0.009098746812749125,
            0.058580847842728406,
            0.016757524440193444,
            -0.003434810111687253,
            -0.02914604264532816,
            -0.008683688897920632,
            0.5083965447626871,
            -0.036845643448487786,
            0.0014587574684256728,
            0.0,
            0.0,
            1.0000000000000004,
            0.0,
            0.0,
            -0.07497440203699052,
            -0.024959811819350478,
            0.4135719238996613,
            0.10078021616311934,
            0.026022717463015495
        ],
        [
            -0.1721811605002776,
            -0.17443095516938226,
            0.016757524440193437,
            -0.2618014768814558,
            0.06584832185543965,
            -0.5406723779384327,
            -0.16108638770789976,
            -0.03684564344848779,
            -0.17312069886345824,
            0.027060616046123146,
            0.0,
            0.0,
            0.0,
            1.0000000000000004,
            0.0,
            0.4958395811322479,
            0.16507050808541834,
            0.1007802161631193,
            -0.23769448925018302,
            -0.17209998314382502
        ],
        [
            0.03529218132660961,
            0.035753324468977714,
            -0.003434810111687252,
            0.06584832185543965,
            0.04595795104779118,
            0.02140578357362157,
            0.006377578164950083,
            0.0014587574684256745,
            0.027060616046123177,
            0.5093114259827675,
            0.0,
            0.0,
            0.0,
            0.0,
            1.0000000000000004,
            0.12803200685638472,
            0.04262327822784764,
            0.026022717463015477,
            -0.172099983143825,
            0.3843722183319773
        ],
        [
            0.01335425596525431,
            0.12154729827357648,
            -0.0013896239924866079,
            0.016020756355928055,
            -0.0006932723868264008,
            0.1243337353122152,
            0.3108849974215504,
            -0.008532182427851833,
            0.16261851406805003,
            0.018677283041285568,
            0.5168468154410906,
            0.5452066820182189,
            -0.07497440203699052,
            0.4958395811322479,
            0.12803200685638477,
            0.9999999999999999,
            0.6848602514927513,
            0.0,
            0.0,
            0.0
        ],
        [
            0.12154729827357648,
            0.3395367357243185,
            -0.008226477995768353,
            0.09484177039990059,
            -0.004104124616541655,
            0.3108849974215504,
            0.6110187700082172,
            -0.009162195085754195,
            0.1746261947685598,
            0.020056405537872614,
            0.5452066820182189,
            0.8675397789064999,
            -0.02495981181935049,
            0.16507050808541904,
            0.04262327822784766,
            0.6848602514927513,
            1.0000000000000002,
            0.0,
            0.0,
            0.0
        ],
        [
            0.0013896239924866068,
            0.008226477995768344,
            0.0014478944682593054,
            0.0017717282919468118,
            -7.666868370489464e-05,
            0.008532182427851831,
            0.009162195085754197,
            0.05225537551439651,
            0.016100493967191164,
            0.0018491958597278918,
            0.07497440203699052,
            0.02495981181935049,
            0.4135719238996613,
            0.10078021616311934,
            0.026022717463015495,
            0.0,
            0.0,
            1.0000000000000004,
            0.0,
            0.0
        ],
        [
            -0.01602075635592804,
            -0.0948417703999005,
            0.0017717282919468113,
            -0.0188244043362565,
            0.0008839011908307025,
            -0.16261851406805,
            -0.17462619476855973,
            0.016100493967191164,
            -0.25376607288860153,
            -0.03524461478321338,
            -0.4958395811322479,
            -0.16507050808541834,
            0.1007802161631193,
            -0.23769448925018302,
            -0.17209998314382502,
            0.0,
            0.0,
            0.0,
            1.0000000000000004,
            0.0
        ],
        [
            0.0006932723868264,
            0.004104124616541656,
            -7.666868370489464e-05,
            0.0008839011908307027,
            0.0015633229669697573,
            -0.018677283041285565,
            -0.0200564055378726,
            0.0018491958597278918,
            -0.03524461478321338,
            0.04905216524485382,
            -0.12803200685638472,
            -0.042623278227847644,
            0.026022717463015477,
            -0.172099983143825,
            0.3843722183319773,
            0.0,
            0.0,
            0.0,
            0.0,
            1.0000000000000004
        ]
    ],
    "h": [
        [
            -0.2619993454098297,
            -0.46442407468584535,
            0.039612836143904304,
            -0.2637003532522655,
            0.09683155817113194,
            -0.5761750803927917,
            -0.45711025424293183,
            -0.01090091530432058,
            0.01989783182891669,
            -0.011554364029955522,
            -0.27168247680059543,
            -0.3214555876344626,
            -0.002667435152213904,
            0.33055523323104957,
            -0.031340555387985226,
            -0.011433832852412402,
            -0.13734838874599645,
            -0.0053076502874016464,
            0.07003398911247619,
            0.0030816596969408493
        ],
        [
            -0.46442407468584535,
            -0.3137055306298191,
            0.0331826823436667,
            -0.2291324403142863,
            0.08209745798243559,
            -0.5460996815817363,
            -0.36962838101133766,
            -0.0369456783976847,
            0.08133612423680542,
            -0.06552988014247674,
            -0.3566676881004001,
            -0.31872036463342757,
            0.011342216650705648,
            0.20794531085321874,
            -0.024877133579547933,
            -0.1362561821315879,
            -0.19743136458559463,
            -0.01309912433380438,
            0.11738843706101432,
            0.02011430170741081
        ],
        [
            0.039612836143904304,
            0.0331826823436667,
            1.474565827316062,
            0.03581339447045516,
            -0.013108601609316293,
            0.00817099433812904,
            0.03048060794194185,
            0.35122562821786496,
            0.13746790752914848,
            -0.04930334845372185,
            0.025712167661576385,
            0.025530107369466294,
            -0.04779007296243595,
            -0.030018172321247646,
            0.0025059486048110945,
            0.005233577979389821,
            0.013309280282281084,
            -0.004308255689562364,
            -0.00909864982937713,
            -0.00035360973995875655
        ],
        [
            -0.2637003532522655,
            -0.2291324403142863,
            0.03581339447045516,
            1.2352656880116426,
            0.08697799544241638,
            -0.09050021310943102,
            -0.22382745441822338,
            0.12651336262081891,
            -0.5244878227145564,
            0.3091745728025262,
            -0.25424049554680217,
            -0.1871691477759324,
            0.007960607316385634,
            0.15662989236277203,
            -0.015176173166495,
            -0.07047513412570876,
            -0.11837278807678567,
            -0.00914256707377972,
            0.09473179167924549,
            0.004344037870551685
        ],
        [
            0.09683155817113194,
            0.08209745798243559,
            -0.013108601609316293,
            0.08697799544241638,
            1.4485688270314252,
            0.025738358777330717,
            0.07666263173707903,
            -0.04739769391879199,
            0.3230169982767773,
            0.2570456232012045,
            0.07048292813368962,
            0.06325526991193975,
            -0.0018443336282859294,
            -0.07391094166883548,
            -0.041411293123930215,
            0.00917545960939884,
            0.0316140189510612,
            0.0011659512841351487,
            -0.01320543631471557,
            -0.006226921328741957
        ],
        [
            -0.5761750803927917,
            -0.5460996815817363,
            0.00817099433812904,
            -0.09050021310943102,
            0.025738358777330717,
            -0.47898018075979687,
            -0.6163155638705374,
            -0.05213927710784577,
            -0.015346167458342455,
            -0.07950460621381761,
            -0.5692181246716086,
            -0.5399139883388762,
            0.004013310224325953,
            0.05553245259584649,
            -0.0266447795154554,
            -0.25614021163536993,
            -0.34906882414809925,
            -0.024550673787365033,
            0.24945361558759607,
            0.0443124062509343
        ],
        [
            -0.45711025424293183,
            -0.36962838101133766,
            0.03048060794194185,
            -0.22382745441822338,
            0.07666263173707903,
            -0.6163155638705374,
            -0.4403060591527246,
            -0.04038198585480548,
            -0.03351567069879707,
            -0.06427906043300197,
            -0.5365212503286958,
            -0.41998852663134834,
            0.02469419804450837,
            0.15231329859308113,
            -0.04520715340159353,
            -0.3103817295303679,
            -0.31395442219976966,
            -0.024379680552779438,
            0.18308719860006534,
            0.04278248614559949
        ],
        [
            -0.01090091530432058,
            -0.0369456783976847,
            0.35122562821786496,
            0.12651336262081891,
            -0.04739769391879199,
            -0.05213927710784577,
            -0.04038198585480548,
            1.3841433378613435,
            0.024342468846848438,
            -0.012437406247651156,
            -0.005060523893407276,
            -0.025862572584701753,
            0.44107550561888886,
            -0.03539313342190638,
            0.0008676448640920682,
            0.003087862007321,
            -0.011304913191513295,
            -0.047076221869474286,
            0.006252685733332715,
            0.000872095990688044
        ],
        [
            0.01989783182891669,
            0.08133612423680542,
            0.13746790752914848,
            -0.5244878227145564,
            0.3230169982767773,
            -0.015346167458342455,
            -0.03351567069879707,
            0.024342468846848438,
            0.8258674620024666,
            0.09344164972797459,
            -0.04610585705298864,
            -0.14804763852161124,
            -0.03657683704911564,
            -0.7028310427576029,
            0.025441167470860747,
            -0.3212059355285893,
            -0.20505721216687425,
            -0.029522792129722367,
            0.17587785600743128,
            0.05317235064320942
        ],
        [
            -0.011554364029955522,
            -0.06552988014247674,
            -0.04930334845372185,
            0.3091745728025262,
            0.2570456232012045,
            -0.07950460621381761,
            -0.06427906043300197,
            -0.012437406247651156,
            0.09344164972797459,
            1.3602272716586636,
            -0.023379343217689523,
            -0.0362226689040603,
            0.0016809565411153105,
            0.06977020141108392,
            0.4389998611118353,
            -0.003138508072889172,
            -0.008385510340668582,
            -0.00018315922018719358,
            0.0015889296772293726,
            -0.04642934135914503
        ],
        [
            -0.27168247680059543,
            -0.3566676881004001,
            0.025712167661576385,
            -0.25424049554680217,
            0.07048292813368962,
            -0.5692181246716086,
            -0.5365212503286958,
            -0.005060523893407276,
            -0.04610585705298864,
            -0.023379343217689523,
            -0.46219040683943136,
            -0.6102053818626598,
            0.049458248425537255,
            0.02415022394597187,
            -0.07197672053853668,
            -0.5566933238103596,
            -0.5353283604870818,
            -0.008466053673179097,
            0.09096459648160993,
            0.01742722054110829
        ],
        [
            -0.3214555876344626,
            -0.31872036463342757,
            0.025530107369466294,
            -0.1871691477759324,
            0.06325526991193975,
            -0.5399139883388762,
            -0.41998852663134834,
            -0.025862572584701753,
            -0.14804763852161124,
            -0.0362226689040603,
            -0.6102053818626598,
            -0.4404102518091253,
            0.03892718040982865,
            0.036187978217529525,
            -0.06145057681156113,
            -0.44626852906291503,
            -0.3666961355063991,
            -0.02903529260696021,
            0.21926588108242906,
            0.0519859953326785
        ],
        [
            -0.002667435152213904,
            0.011342216650705648,
            -0.04779007296243595,
            0.007960607316385634,
            -0.0018443336282859294,
            0.004013310224325953,
            0.02469419804450837,
            0.44107550561888886,
            -0.03657683704911564,
            0.0016809565411153105,
            0.049458248425537255,
            0.03892718040982865,
            1.3897699096464375,
            0.02343825973533427,
            0.009041777859323762,
            0.011206293049729338,
            0.03547211238040658,
            0.3179536657875721,
            0.12930821084755267,
            0.033967743287304425
        ],
        [
            0.33055523323104957,
            0.20794531085321874,
            -0.030018172321247646,
            0.15662989236277203,
            -0.07391094166883548,
            0.05553245259584649,
            0.15231329859308113,
            -0.03539313342190638,
            -0.7028310427576029,
            0.06977020141108392,
            0.02415022394597187,
            0.036187978217529525,
            0.02343825973533427,
            0.8245900763327172,
            -0.04084556666765164,
            -0.030302348583894245,
            -0.08485193076183717,
            0.13948836144789012,
            -0.603596708604546,
            -0.23695242326072746
        ],
        [
            -0.031340555387985226,
            -0.024877133579547933,
            0.0025059486048110945,
            -0.015176173166495,
            -0.041411293123930215,
            -0.0266447795154554,
            -0.04520715340159353,
            0.0008676448640920682,
            0.025441167470860747,
            0.4389998611118353,
            -0.07197672053853668,
            -0.06145057681156113,
            0.009041777859323762,
            -0.04084556666765164,
            1.3802497276783776,
            -0.009650320471364576,
            -0.05285987974292973,
            0.0348684743349753,
            -0.22526447952225703,
            0.2788745477308181
        ],
        [
            -0.011433832852412402,
            -0.1362561821315879,
            0.005233577979389821,
            -0.07047513412570876,
            0.00917545960939884,
            -0.25614021163536993,
            -0.3103817295303679,
            0.003087862007321,
            -0.3212059355285893,
            -0.003138508072889172,
            -0.5566933238103596,
            -0.44626852906291503,
            0.011206293049729338,
            -0.030302348583894245,
            -0.009650320471364576,
            -0.24295675066532008,
            -0.4558809121771603,
            -0.037259506105367594,
            0.25704548777305924,
            0.06623935413460183
        ],
        [
            -0.13734838874599645,
            -0.19743136458559463,
            0.013309280282281084,
            -0.11837278807678567,
            0.0316140189510612,
            -0.34906882414809925,
            -0.31395442219976966,
            -0.011304913191513295,
            -0.20505721216687425,
            -0.008385510340668582,
            -0.5353283604870818,
            -0.3666961355063991,
            0.03547211238040658,
            -0.08485193076183717,
            -0.05285987974292973,
            -0.4558809121771603,
            -0.310051347536648,
            -0.03189636424883298,
            0.22718110794983448,
            0.056959946873796984
        ],
        [
            -0.0053076502874016464,
            -0.01309912433380438,
            -0.004308255689562364,
            -0.00914256707377972,
            0.0011659512841351487,
            -0.024550673787365033,
            -0.024379680552779438,
            -0.047076221869474286,
            -0.029522792129722367,
            -0.00018315922018719358,
            -0.008466053673179097,
            -0.02903529260696021,
            0.3179536657875721,
            0.13948836144789012,
            0.0348684743349753,
            -0.037259506105367594,
            -0.03189636424883298,
            1.48356860609535,
            0.034584737482129556,
            0.008861017833461056
        ],
        [
            0.07003398911247619,
            0.11738843706101432,
            -0.00909864982937713,
            0.09473179167924549,
            -0.01320543631471557,
            0.24945361558759607,
            0.18308719860006534,
            0.006252685733332715,
            0.17587785600743128,
            0.0015889296772293726,
            0.09096459648160993,
            0.21926588108242906,
            0.12930821084755267,
            -0.603596708604546,
            -0.22526447952225703,
            0.25704548777305924,
            0.22718110794983448,
            0.034584737482129556,
            1.2447944724638091,
            -0.060469677095555355
        ],
        [
            0.0030816596969408493,
            0.02011430170741081,
            -0.00035360973995875655,
            0.004344037870551685,
            -0.006226921328741957,
            0.0443124062509343,
            0.04278248614559949,
            0.000872095990688044,
            0.05317235064320942,
            -0.04642934135914503,
            0.01742722054110829,
            0.0519859953326785,
            0.033967743287304425,
            -0.23695242326072746,
            0.2788745477308181,
            0.06623935413460183,
            0.056959946873796984,
            0.008861017833461056,
            -0.060469677095555355,
            1.4732730067225375
        ]
    ]
}