{
    "HF": -2.155603372997429,
    "coordinates": [
        [
            0.645438,
            0.134728,
            0.113289
        ],
        [
            1.313864,
            0.044964,
            -0.070067
        ],
        [
            2.096925,
            -0.134938,
            -0.09248
        ],
        [
            2.792457,
            -0.07223,
            -0.025892
        ]
    ],
    "elements": [
        "H",
        "H",
        "H",
        "H"
    ],
    "Enn": 3.1262956780518967,
    "S": [
        [
            0.9999999999999999,
            0.6848602514927513,
            0.0,
            0.0,
            0.0,
            0.6040225966073542,
            0.5773348613898668,
            0.1430911882015327,
            -0.5216402548310262,
            0.0700519067700123,
            0.12860655004665425,
            0.3152077743906448,
            0.023371642931667626,
            -0.16486271442227668,
            0.030629188375367922,
            0.016852747300413928,
            0.13429270051362754,
            0.0013366224165740695,
            -0.020618861225385948,
            0.0019875177078001755
        ],
        [
            0.6848602514927513,
            1.0000000000000002,
            0.0,
            0.0,
            0.0,
            0.5773348613898668,
            0.8990596376193549,
            0.041582013873518744,
            -0.15158761756048708,
            0.0203569443778362,
            0.31520777439064485,
            0.6163119257478311,
            0.02444241478949206,
            -0.1724158999438953,
            0.03203246468915707,
            0.1342927005136276,
            0.36142464192666374,
            0.00662814745652307,
            -0.1022464167088662,
            0.009855857777333846
        ],
        [
            0.0,
            0.0,
            1.0000000000000004,
            0.0,
            0.0,
            -0.1430911882015326,
            -0.04158201387351868,
            0.4841297308694221,
            0.16877399269329246,
            -0.02266493026920064,
            -0.023371642931667623,
            -0.02444241478949203,
            0.0497559829511257,
            0.04334543862017475,
            -0.008052976741057994,
            -0.0013366224165740706,
            -0.006628147456523069,
            0.0022070442584555885,
            0.0018028872523447087,
            -0.00017378604473027777
        ],
        [
            0.0,
            0.0,
            0.0,
            1.0000000000000004,
            0.0,
            0.5216402548310262,
            0.15158761756048683,
            0.1687739926932926,
            -0.08484101605645225,
            0.08262521368333031,
            0.1648627144222767,
            0.17241589994389545,
            0.04334543862017478,
            -0.2498563211023733,
            0.0568054033938448,
            0.02061886122538597,
            0.1022464167088662,
            0.0018028872523447093,
            -0.02548758893882801,
            0.0026808396258882774
        ],
        [
            0.0,
            0.0,
            0.0,
            0.0,
            1.0000000000000004,
            -0.07005190677001227,
            -0.020356944377836184,
            -0.022664930269200644,
            0.08262521368333026,
            0.5193302684355864,
            -0.03062918837536792,
            -0.032032464689157054,
            -0.008052976741057994,
            0.05680540339384477,
            0.04534716747281291,
            -0.0019875177078001773,
            -0.009855857777333842,
            -0.00017378604473027777,
            0.0026808396258882765,
            0.0020655021684107414
        ],
        [
            0.6040225966073542,
            0.5773348613898668,
            -0.1430911882015327,
            0.5216402548310264,
            -0.07005190677001227,
            0.9999999999999999,
            0.6848602514927513,
            0.0,
            0.0,
            0.0,
            0.5198926362102436,
            0.5463986124511055,
            0.014470017187405261,
            -0.5055506236910164,
            0.1161462112188721,
            0.130817039288205,
            0.31740874589469004,
            -0.005122924657832424,
            -0.1714707535619335,
            0.013590855288059148
        ],
        [
            0.5773348613898668,
            0.8990596376193549,
            -0.041582013873518744,
            0.15158761756048691,
            -0.020356944377836216,
            0.6848602514927513,
            1.0000000000000002,
            0.0,
            0.0,
            0.0,
            0.5463986124511055,
            0.8687215583541463,
            0.004792686987332439,
            -0.16744595837181644,
            0.03846936931223301,
            0.31740874589469004,
            0.6189963993230259,
            -0.005286562209191768,
            -0.17694790892078044,
            0.014024977284527885
        ],
        [
            0.1430911882015326,
            0.041582013873518696,
            0.4841297308694221,
            0.16877399269329255,
            -0.022664930269200644,
            0.0,
            0.0,
            1.0000000000000004,
            0.0,
            0.0,
            -0.014470017187405261,
            -0.004792686987332438,
            0.4317394438711901,
            0.019697731770852996,
            -0.004525396285908751,
            0.005122924657832423,
            0.005286562209191764,
            0.05707688702237031,
            -0.009727997659684124,
            0.00077104582378587
        ],
        [
            -0.5216402548310262,
            -0.15158761756048666,
            0.16877399269329255,
            -0.08484101605645225,
            0.0826252136833303,
            0.0,
            0.0,
            0.0,
            1.0000000000000004,
            0.0,
            0.5055506236910164,
            0.1674459583718164,
            0.01969773177085298,
            -0.25589225284339584,
            0.15810740824699918,
            0.1714707535619336,
            0.17694790892078038,
            -0.009727997659684122,
            -0.2682408343204997,
            0.025807876802015177
        ],
        [
            0.07005190677001229,
            0.020356944377836184,
            -0.02266493026920064,
            0.08262521368333027,
            0.5193302684355863,
            0.0,
            0.0,
            0.0,
            0.0,
            1.0000000000000004,
            -0.11614621121887211,
            -0.03846936931223301,
            -0.0045253962859087525,
            0.15810740824699931,
            0.3959793259541038,
            -0.013590855288059148,
            -0.014024977284527888,
            0.0007710458237858703,
            0.025807876802015198,
            0.0553219794735595
        ],
        [
            0.12860655004665425,
            0.3152077743906448,
            -0.023371642931667626,
            0.16486271442227665,
            -0.030629188375367922,
            0.5198926362102436,
            0.5463986124511055,
            -0.014470017187405261,
            0.5055506236910164,
            -0.1161462112188721,
            0.9999999999999999,
            0.6848602514927513,
            0.0,
            0.0,
            0.0,
            0.6018949794155146,
            0.5765966191908956,
            -0.05173458147257019,
            -0.5403835063491873,
            -0.04872007170934598
        ],
        [
            0.31520777439064485,
            0.6163119257478311,
            -0.02444241478949206,
            0.1724158999438954,
            -0.03203246468915707,
            0.5463986124511055,
            0.8687215583541463,
            -0.004792686987332439,
            0.16744595837181644,
            -0.03846936931223299,
            0.6848602514927513,
            1.0000000000000002,
            0.0,
            0.0,
            0.0,
            0.5765966191908956,
            0.8983429872761367,
            -0.015080413741966578,
            -0.15751952800470811,
            -0.014201696776164478
        ],
        [
            0.023371642931667623,
            0.02444241478949203,
            0.0497559829511257,
            0.04334543862017476,
            -0.008052976741057994,
            0.014470017187405261,
            0.004792686987332438,
            0.4317394438711901,
            0.01969773177085298,
            -0.004525396285908751,
            0.0,
            0.0,
            1.0000000000000004,
            0.0,
            0.0,
            0.051734581472570186,
            0.01508041374196657,
            0.5218346477821952,
            -0.06347554383094785,
            -0.005722848700780233
        ],
        [
            -0.16486271442227668,
            -0.17241589994389545,
            0.04334543862017477,
            -0.2498563211023732,
            0.056805403393844794,
            -0.5055506236910164,
            -0.1674459583718164,
            0.019697731770852996,
            -0.25589225284339584,
            0.1581074082469993,
            0.0,
            0.0,
            0.0,
            1.0000000000000004,
            0.0,
            0.5403835063491874,
            0.1575195280047081,
            -0.06347554383094789,
            -0.1351098520832297,
            -0.05977690278355075
        ],
        [
            0.03062918837536792,
            0.032032464689157054,
            -0.008052976741057994,
            0.056805403393844774,
            0.04534716747281291,
            0.11614621121887211,
            0.03846936931223299,
            -0.0045253962859087525,
            0.15810740824699923,
            0.3959793259541038,
            0.0,
            0.0,
            0.0,
            0.0,
            1.0000000000000004,
            0.048720071709345975,
            0.014201696776164476,
            -0.005722848700780237,
            -0.05977690278355075,
            0.5225222070790562
        ],
        [
            0.016852747300413928,
            0.13429270051362754,
            -0.0013366224165740695,
            0.020618861225385948,
            -0.0019875177078001755,
            0.130817039288205,
            0.31740874589469004,
            0.005122924657832423,
            0.1714707535619336,
            -0.013590855288059148,
            0.6018949794155146,
            0.5765966191908956,
            0.05173458147257018,
            0.5403835063491873,
            0.04872007170934598,
            0.9999999999999999,
            0.6848602514927513,
            0.0,
            0.0,
            0.0
        ],
        [
            0.1342927005136276,
            0.36142464192666374,
            -0.006628147456523072,
            0.10224641670886624,
            -0.009855857777333846,
            0.31740874589469004,
            0.6189963993230259,
            0.005286562209191771,
            0.17694790892078063,
            -0.014024977284527885,
            0.5765966191908956,
            0.8983429872761367,
            0.015080413741966572,
            0.15751952800470811,
            0.014201696776164478,
            0.6848602514927513,
            1.0000000000000002,
            0.0,
            0.0,
            0.0
        ],
        [
            0.0013366224165740706,
            0.006628147456523071,
            0.0022070442584555885,
            0.0018028872523447087,
            -0.00017378604473027777,
            -0.005122924657832424,
            -0.005286562209191764,
            0.05707688702237031,
            -0.009727997659684118,
            0.0007710458237858699,
            -0.05173458147257018,
            -0.015080413741966576,
            0.5218346477821952,
            -0.06347554383094785,
            -0.005722848700780233,
            0.0,
            0.0,
            1.0000000000000004,
            0.0,
            0.0
        ],
        [
            -0.020618861225385973,
            -0.10224641670886615,
            0.0018028872523447093,
            -0.02548758893882801,
            0.0026808396258882774,
            -0.1714707535619335,
            -0.17694790892078038,
            -0.009727997659684127,
            -0.2682408343204997,
            0.025807876802015187,
            -0.5403835063491874,
            -0.1575195280047081,
            -0.06347554383094789,
            -0.1351098520832297,
            -0.05977690278355075,
            0.0,
            0.0,
            0.0,
            1.0000000000000004,
            0.0
        ],
        [
            0.0019875177078001773,
            0.009855857777333842,
            -0.00017378604473027777,
            0.0026808396258882765,
            0.0020655021684107414,
            0.013590855288059148,
            0.014024977284527888,
            0.0007710458237858704,
            0.025807876802015187,
            0.0553219794735595,
            -0.048720071709345975,
            -0.014201696776164476,
            -0.005722848700780237,
            -0.05977690278355075,
            0.5225222070790562,
            0.0,
            0.0,
            0.0,
            0.0,
            1.0000000000000004
        ]
    ],
    "h": [
        [
            -0.31117280346710685,
            -0.4851942668200767,
            0.08503420421767052,
            -0.312889611899783,
            0.04381289155080338,
            -0.6178218345639644,
            -0.48271105170605777,
            -0.003998059779696861,
            0.0009677617593214505,
            0.0054373013608982335,
            -0.2562918297271977,
            -0.32688583724616604,
            -0.023145953933717087,
            0.31898811237952424,
            -0.060838388833202035,
            -0.02585784465046745,
            -0.1590610666435508,
            -0.0013093088818484136,
            0.08163519414145459,
            -0.006292242772444088
        ],
        [
            -0.4851942668200767,
            -0.31480007360639606,
            0.06689217240206399,
            -0.25241099289935487,
            0.035949908801220266,
            -0.5574322369105753,
            -0.36735210837623744,
            -0.05536234614744594,
            0.11355813508768481,
            -0.005015138975590434,
            -0.33877365287947236,
            -0.3132117841805748,
            -0.014816515329319359,
            0.17417542795978963,
            -0.050289176757929634,
            -0.15879905925609328,
            -0.21009865316365472,
            0.007135919629730128,
            0.13050185775277556,
            0.001977786388957405
        ],
        [
            0.08503420421767052,
            0.06689217240206399,
            1.4555526802419925,
            0.07747406378845872,
            -0.010665507400177545,
            0.011233214046359019,
            0.06205557782456469,
            0.4269167137912433,
            0.25358510796669487,
            -0.035263770772546166,
            0.04821322200433409,
            0.04821960627058359,
            -0.043134237465384445,
            -0.05372214209969031,
            0.011578976096694043,
            0.008810632231058178,
            0.02623846566426648,
            -0.007059114568128873,
            -0.013263770480739725,
            0.0007847852014587254
        ],
        [
            -0.312889611899783,
            -0.25241099289935487,
            0.07747406378845872,
            1.184776320925741,
            0.0407261479198951,
            -0.06112104688297737,
            -0.2433913848906265,
            0.24446479035262053,
            -0.4498362356980263,
            0.13316294648131605,
            -0.24253058709091552,
            -0.1927656802059199,
            -0.011340721825682756,
            0.16036867788016607,
            -0.047243428533263465,
            -0.08054561127701818,
            -0.1269788442989957,
            -0.002343936426663515,
            0.10958054920624608,
            -0.007311115449608633
        ],
        [
            0.04381289155080338,
            0.035949908801220266,
            -0.010665507400177545,
            0.0407261479198951,
            1.4707147244255145,
            0.01151505375199871,
            0.03533286830463865,
            -0.03250325052404236,
            0.12763684238072226,
            0.4760722241937917,
            0.03884696156534428,
            0.027728369132881493,
            0.0015366179925165417,
            -0.02998274326396652,
            -0.03926582307635389,
            0.01081287687311876,
            0.018293864273268866,
            0.00014661916032298824,
            -0.013988526133840967,
            -0.00640461396487712
        ],
        [
            -0.6178218345639644,
            -0.5574322369105753,
            0.011233214046359019,
            -0.06112104688297737,
            0.01151505375199871,
            -0.4700753536697553,
            -0.6076484552023245,
            -0.07433235872492855,
            0.09066874360575441,
            0.007396754923766957,
            -0.5083859322793698,
            -0.5070643373202754,
            -0.015326042977446788,
            0.06170231156757944,
            -0.025266383114535107,
            -0.25845254242488735,
            -0.3404488462410886,
            0.01425272465838124,
            0.25017656956284023,
            -0.0007967478886198205
        ],
        [
            -0.48271105170605777,
            -0.36735210837623744,
            0.06205557782456469,
            -0.2433913848906265,
            0.03533286830463865,
            -0.6076484552023245,
            -0.43028625758406935,
            -0.054836304792706105,
            0.022352381290642057,
            0.013000278326307058,
            -0.5069580340996664,
            -0.4050457938388763,
            -0.0228661244059472,
            0.10530565826117566,
            -0.060374757936766776,
            -0.32815232925030835,
            -0.31422992183546805,
            0.01677498080280876,
            0.20002980645414425,
            0.011850965084947176
        ],
        [
            -0.003998059779696861,
            -0.05536234614744594,
            0.4269167137912433,
            0.24446479035262053,
            -0.03250325052404236,
            -0.07433235872492855,
            -0.054836304792706105,
            1.3832165117999622,
            0.0836118396085841,
            -0.01170998457667636,
            -0.012744445668622095,
            -0.027619246624618496,
            0.333981399683443,
            0.051686417683188865,
            -0.010332507672978782,
            0.005029086487132288,
            -0.006759340559406576,
            -0.04647453862949147,
            -0.0024871832167534663,
            -0.0003611530788257822
        ],
        [
            0.0009677617593214505,
            0.11355813508768481,
            0.25358510796669487,
            -0.4498362356980263,
            0.12763684238072226,
            0.09066874360575441,
            0.022352381290642057,
            0.0836118396085841,
            0.8468167783872851,
            0.09422602928659732,
            -0.06694616108687335,
            -0.11224420956142583,
            0.024721341098795153,
            -0.7662757112038925,
            0.2193286066812467,
            -0.322231486263194,
            -0.17725775377943487,
            0.01949913023837952,
            0.16349866425896775,
            0.015345730457261286
        ],
        [
            0.0054373013608982335,
            -0.005015138975590434,
            -0.035263770772546166,
            0.13316294648131605,
            0.4760722241937917,
            0.007396754923766957,
            0.013000278326307058,
            -0.01170998457667636,
            0.09422602928659732,
            1.3866453955088067,
            0.008298282142187918,
            0.029717219637935693,
            -0.005717268380939663,
            0.23651320235214834,
            0.28681739962340136,
            0.049974131346332565,
            0.037289950441653646,
            -0.0035662933151377595,
            -0.04274459727600583,
            -0.048291328593306426
        ],
        [
            -0.2562918297271977,
            -0.33877365287947236,
            0.04821322200433409,
            -0.24253058709091552,
            0.03884696156534428,
            -0.5083859322793698,
            -0.5069580340996664,
            -0.012744445668622095,
            -0.06694616108687335,
            0.008298282142187918,
            -0.468395089825949,
            -0.6065674654446946,
            -0.03435766844879756,
            -0.10101352064114702,
            -0.07355332872939294,
            -0.6174024112577414,
            -0.5571111888246567,
            0.003895072403879221,
            0.06477203057635195,
            -0.0023312814213106714
        ],
        [
            -0.32688583724616604,
            -0.3132117841805748,
            0.04821960627058359,
            -0.1927656802059199,
            0.027728369132881493,
            -0.5070643373202754,
            -0.4050457938388763,
            -0.027619246624618496,
            -0.11224420956142583,
            0.029717219637935693,
            -0.6065674654446946,
            -0.42952651879721926,
            -0.028745621662144654,
            -0.03129161111130643,
            -0.06383008711429287,
            -0.482777478779862,
            -0.36790003660336024,
            0.02210239099550975,
            0.25223225980920916,
            0.015892620551525103
        ],
        [
            -0.023145953933717087,
            -0.014816515329319359,
            -0.043134237465384445,
            -0.011340721825682756,
            0.0015366179925165417,
            -0.015326042977446788,
            -0.0228661244059472,
            0.333981399683443,
            0.024721341098795153,
            -0.005717268380939663,
            -0.03435766844879756,
            -0.028745621662144654,
            1.4007512049697277,
            -0.016880016979199906,
            -0.004539748653112937,
            -0.00027711877379207883,
            -0.023425000107901186,
            0.48094417048965776,
            -0.08970530803763258,
            -0.008728283172847873
        ],
        [
            0.31898811237952424,
            0.17417542795978963,
            -0.05372214209969031,
            0.16036867788016607,
            -0.02998274326396652,
            0.06170231156757944,
            0.10530565826117566,
            0.051686417683188865,
            -0.7662757112038925,
            0.23651320235214834,
            -0.10101352064114702,
            -0.03129161111130643,
            -0.016880016979199906,
            0.8299413688699482,
            0.03243505950331975,
            -0.0015882420002818476,
            -0.12057975551667391,
            -0.09364357021716987,
            -0.5229151035315681,
            -0.08523571579872803
        ],
        [
            -0.060838388833202035,
            -0.050289176757929634,
            0.011578976096694043,
            -0.047243428533263465,
            -0.03926582307635389,
            -0.025266383114535107,
            -0.060374757936766776,
            -0.010332507672978782,
            0.2193286066812467,
            0.28681739962340136,
            -0.07355332872939294,
            -0.06383008711429287,
            -0.004539748653112937,
            0.03243505950331975,
            1.3888409183476917,
            -0.00824598118769411,
            -0.043099680458377455,
            -0.007713191810861476,
            -0.07111949429727912,
            0.4810519023253045
        ],
        [
            -0.02585784465046745,
            -0.15879905925609328,
            0.008810632231058178,
            -0.08054561127701818,
            0.01081287687311876,
            -0.25845254242488735,
            -0.32815232925030835,
            0.005029086487132288,
            -0.322231486263194,
            0.049974131346332565,
            -0.6174024112577414,
            -0.482777478779862,
            -0.00027711877379207883,
            -0.0015882420002818476,
            -0.00824598118769411,
            -0.31018153489304523,
            -0.4850167651957423,
            0.031244716472927966,
            0.3236659947597463,
            0.02696969987785263
        ],
        [
            -0.1590610666435508,
            -0.21009865316365472,
            0.02623846566426648,
            -0.1269788442989957,
            0.018293864273268866,
            -0.3404488462410886,
            -0.31422992183546805,
            -0.006759340559406576,
            -0.17725775377943487,
            0.037289950441653646,
            -0.5571111888246567,
            -0.36790003660336024,
            -0.023425000107901186,
            -0.12057975551667391,
            -0.043099680458377455,
            -0.4850167651957423,
            -0.3154179377228301,
            0.024354999397196174,
            0.26166304110430516,
            0.01959405221454349
        ],
        [
            -0.0013093088818484136,
            0.007135919629730128,
            -0.007059114568128873,
            -0.002343936426663515,
            0.00014661916032298824,
            0.01425272465838124,
            0.01677498080280876,
            -0.04647453862949147,
            0.01949913023837952,
            -0.0035662933151377595,
            0.003895072403879221,
            0.02210239099550975,
            0.48094417048965776,
            -0.09364357021716987,
            -0.007713191810861476,
            0.031244716472927966,
            0.024354999397196174,
            1.4731298536509594,
            -0.02884981805988637,
            -0.0024724439908127846
        ],
        [
            0.08163519414145459,
            0.13050185775277556,
            -0.013263770480739725,
            0.10958054920624608,
            -0.013988526133840967,
            0.25017656956284023,
            0.20002980645414425,
            -0.0024871832167534663,
            0.16349866425896775,
            -0.04274459727600583,
            0.06477203057635195,
            0.25223225980920916,
            -0.08970530803763258,
            -0.5229151035315681,
            -0.07111949429727912,
            0.3236659947597463,
            0.26166304110430516,
            -0.02884981805988637,
            1.1631717310268108,
            -0.02426418118194342
        ],
        [
            -0.006292242772444088,
            0.001977786388957405,
            0.0007847852014587254,
            -0.007311115449608633,
            -0.00640461396487712,
            -0.0007967478886198205,
            0.011850965084947176,
            -0.0003611530788257822,
            0.015345730457261286,
            -0.048291328593306426,
            -0.0023312814213106714,
            0.015892620551525103,
            -0.008728283172847873,
            -0.08523571579872803,
            0.4810519023253045,
            0.02696969987785263,
            0.01959405221454349,
            -0.0024724439908127846,
            -0.02426418118194342,
            1.4733363570986913
        ]
    ]
}