{
    "HF": -2.1605658910686567,
    "coordinates": [
        [
            0.750514,
            0.103355,
            -0.133198
        ],
        [
            1.497135,
            -0.184147,
            0.15041
        ],
        [
            2.31481,
            -0.132552,
            0.177763
        ],
        [
            3.13049,
            0.037061,
            -0.074241
        ]
    ],
    "elements": [
        "H",
        "H",
        "H",
        "H"
    ],
    "Enn": 2.7454268256342185,
    "S": [
        [
            0.9999999999999999,
            0.6848602514927513,
            0.0,
            0.0,
            0.0,
            0.4848791549689586,
            0.5323609596114398,
            -0.16762815356000643,
            -0.4412946730667879,
            0.1699297248484139,
            0.09334564072713145,
            0.2763342095902931,
            -0.023910232185239678,
            -0.12028093737298785,
            0.018139223710122283,
            0.007505458855532656,
            0.0948548058764144,
            -0.0002104660064063181,
            -0.008496091118321546,
            0.0002366577917584079
        ],
        [
            0.6848602514927513,
            1.0000000000000002,
            0.0,
            0.0,
            0.0,
            0.5323609596114398,
            0.8547404265777945,
            -0.05898341922847301,
            -0.15527862206912985,
            0.059793274502215915,
            0.2763342095902931,
            0.5676593213543273,
            -0.032085457793480675,
            -0.16140658566350957,
            0.024341264955047865,
            0.0948548058764144,
            0.290662066406221,
            -0.001933236476346461,
            -0.07804088430600517,
            0.002173821241971475
        ],
        [
            0.0,
            0.0,
            1.0000000000000004,
            0.0,
            0.0,
            0.16762815356000638,
            0.05898341922847295,
            0.31050974879816773,
            -0.21574958700556598,
            0.08307888173956295,
            0.023910232185239674,
            0.03208545779348063,
            0.025648577166229952,
            -0.043247600427078044,
            0.006522046769889265,
            0.0002104660064063179,
            0.0019332364763464608,
            0.0006286161333668639,
            -0.00023108008576900812,
            6.436713313903428e-06
        ],
        [
            0.0,
            0.0,
            0.0,
            1.0000000000000004,
            0.0,
            0.4412946730667879,
            0.15527862206912962,
            -0.21574958700556612,
            -0.1755148498824111,
            0.21871187612223303,
            0.12028093737298785,
            0.1614065856635095,
            -0.04324760042707803,
            -0.18331236599351916,
            0.032809296580441585,
            0.008496091118321534,
            0.07804088430600506,
            -0.0002310800857690081,
            -0.00869389974047425,
            0.00025983722384060617
        ],
        [
            0.0,
            0.0,
            0.0,
            0.0,
            1.0000000000000004,
            -0.16992972484841384,
            -0.05979327450221583,
            0.08307888173956297,
            0.21871187612223295,
            0.30824381609948986,
            -0.01813922371012228,
            -0.02434126495504785,
            0.006522046769889265,
            0.0328092965804416,
            0.029297742252634557,
            -0.00023665779175840757,
            -0.002173821241971473,
            6.436713313903427e-06,
            0.00025983722384060617,
            0.0006271027314247411
        ],
        [
            0.4848791549689586,
            0.5323609596114398,
            0.16762815356000643,
            0.4412946730667879,
            -0.1699297248484139,
            0.9999999999999999,
            0.6848602514927513,
            0.0,
            0.0,
            0.0,
            0.5073768110356501,
            0.5414659385653023,
            -0.017122786638856163,
            -0.5118588295589765,
            -0.03229810904221777,
            0.08103745529719153,
            0.2606285648098183,
            0.01454782051248215,
            -0.10577186557444787,
            -0.014324860694700453
        ],
        [
            0.5323609596114398,
            0.8547404265777945,
            0.05898341922847301,
            0.15527862206912968,
            -0.059793274502215915,
            0.6848602514927513,
            1.0000000000000002,
            0.0,
            0.0,
            0.0,
            0.5414659385653023,
            0.8638244932618194,
            -0.005792678882174949,
            -0.1731630426272222,
            -0.010926526045619004,
            0.2606285648098183,
            0.5472750923527884,
            0.021772633133672857,
            -0.15830082747038837,
            -0.02143894587708713
        ],
        [
            -0.16762815356000638,
            -0.05898341922847295,
            0.31050974879816773,
            -0.21574958700556598,
            0.08307888173956295,
            0.0,
            0.0,
            1.0000000000000004,
            0.0,
            0.0,
            0.01712278663885613,
            0.005792678882174949,
            0.4171710817250334,
            -0.024270371617358653,
            -0.0015314517670194387,
            -0.014547820512482146,
            -0.021772633133672847,
            0.02393158460287762,
            0.02623520488802032,
            0.0035530776854200085
        ],
        [
            -0.4412946730667879,
            -0.15527862206912946,
            -0.21574958700556612,
            -0.1755148498824111,
            0.21871187612223303,
            0.0,
            0.0,
            0.0,
            1.0000000000000004,
            0.0,
            0.5118588295589765,
            0.17316304262722185,
            -0.02427037161735861,
            -0.3075416849593633,
            -0.04578034671142535,
            0.10577186557444783,
            0.15830082747038837,
            0.026235204888020322,
            -0.16320658515146347,
            -0.025833124281081317
        ],
        [
            0.16992972484841384,
            0.05979327450221585,
            0.08307888173956297,
            0.21871187612223295,
            0.30824381609948986,
            0.0,
            0.0,
            0.0,
            0.0,
            1.0000000000000004,
            0.03229810904221777,
            0.010926526045619004,
            -0.001531451767019437,
            -0.045780346711425376,
            0.4150942547293121,
            0.01432486069470045,
            0.021438945877087133,
            0.0035530776854200102,
            -0.025833124281081327,
            0.024041341059575165
        ],
        [
            0.09334564072713145,
            0.2763342095902931,
            0.023910232185239678,
            0.1202809373729879,
            -0.018139223710122283,
            0.5073768110356501,
            0.5414659385653023,
            0.01712278663885613,
            0.5118588295589769,
            0.03229810904221777,
            0.9999999999999999,
            0.6848602514927513,
            0.0,
            0.0,
            0.0,
            0.4684505230866256,
            0.5255090364242523,
            0.14258824397588651,
            -0.4615259235815743,
            -0.0959699839108984
        ],
        [
            0.2763342095902931,
            0.5676593213543273,
            0.032085457793480675,
            0.16140658566350957,
            -0.024341264955047865,
            0.5414659385653023,
            0.8638244932618194,
            0.005792678882174949,
            0.17316304262722185,
            0.010926526045619004,
            0.6848602514927513,
            1.0000000000000002,
            0.0,
            0.0,
            0.0,
            0.5255090364242523,
            0.8478652138572518,
            0.05169065913975282,
            -0.1673109825523147,
            -0.03479074843522682
        ],
        [
            -0.023910232185239674,
            -0.03208545779348063,
            0.025648577166229952,
            -0.04324760042707803,
            0.006522046769889265,
            -0.01712278663885613,
            -0.005792678882174949,
            0.4171710817250334,
            -0.02427037161735861,
            -0.001531451767019437,
            0.0,
            0.0,
            1.0000000000000004,
            0.0,
            0.0,
            -0.14258824397588651,
            -0.05169065913975285,
            0.31235707966244824,
            0.1995987067702997,
            0.04150467763268784
        ],
        [
            -0.12028093737298785,
            -0.1614065856635095,
            -0.043247600427078044,
            -0.18331236599351913,
            0.0328092965804416,
            -0.5118588295589765,
            -0.17316304262722151,
            -0.024270371617358653,
            -0.3075416849593633,
            -0.045780346711425376,
            0.0,
            0.0,
            0.0,
            1.0000000000000004,
            0.0,
            0.4615259235815743,
            0.1673109825523147,
            0.1995987067702994,
            -0.27203289049273544,
            -0.1343412622475468
        ],
        [
            0.01813922371012228,
            0.02434126495504785,
            0.006522046769889265,
            0.032809296580441585,
            0.029297742252634557,
            -0.03229810904221777,
            -0.010926526045619004,
            -0.0015314517670194387,
            -0.04578034671142535,
            0.4150942547293121,
            0.0,
            0.0,
            0.0,
            0.0,
            1.0000000000000004,
            0.09596998391089837,
            0.03479074843522681,
            0.041504677632687836,
            -0.134341262247547,
            0.34608801334642897
        ],
        [
            0.007505458855532656,
            0.0948548058764144,
            0.0002104660064063181,
            0.008496091118321546,
            -0.00023665779175840798,
            0.08103745529719153,
            0.2606285648098183,
            -0.01454782051248215,
            0.10577186557444783,
            0.014324860694700453,
            0.4684505230866256,
            0.5255090364242523,
            -0.14258824397588651,
            0.4615259235815743,
            0.09596998391089837,
            0.9999999999999999,
            0.6848602514927513,
            0.0,
            0.0,
            0.0
        ],
        [
            0.0948548058764144,
            0.290662066406221,
            0.0019332364763464576,
            0.07804088430600511,
            -0.0021738212419714765,
            0.2606285648098183,
            0.5472750923527884,
            -0.021772633133672857,
            0.15830082747038837,
            0.021438945877087133,
            0.5255090364242523,
            0.8478652138572518,
            -0.0516906591397528,
            0.16731098255231536,
            0.03479074843522683,
            0.6848602514927513,
            1.0000000000000002,
            0.0,
            0.0,
            0.0
        ],
        [
            -0.0002104660064063179,
            -0.0019332364763464608,
            0.0006286161333668639,
            -0.0002310800857690082,
            6.436713313903432e-06,
            0.014547820512482146,
            0.021772633133672843,
            0.02393158460287762,
            0.02623520488802031,
            0.0035530776854200085,
            0.14258824397588651,
            0.051690659139752834,
            0.31235707966244824,
            0.19959870677029948,
            0.04150467763268784,
            0.0,
            0.0,
            1.0000000000000004,
            0.0,
            0.0
        ],
        [
            -0.008496091118321534,
            -0.07804088430600506,
            -0.000231080085769008,
            -0.00869389974047425,
            0.0002598372238406062,
            -0.10577186557444779,
            -0.15830082747038837,
            0.02623520488802033,
            -0.1632065851514635,
            -0.025833124281081327,
            -0.4615259235815743,
            -0.1673109825523147,
            0.19959870677029962,
            -0.2720328904927356,
            -0.13434126224754697,
            0.0,
            0.0,
            0.0,
            1.0000000000000004,
            0.0
        ],
        [
            0.00023665779175840752,
            0.002173821241971473,
            6.4367133139034225e-06,
            0.0002598372238406061,
            0.0006271027314247411,
            -0.01432486069470045,
            -0.021438945877087136,
            0.0035530776854200102,
            -0.025833124281081317,
            0.024041341059575165,
            -0.09596998391089838,
            -0.03479074843522681,
            0.041504677632687836,
            -0.13434126224754686,
            0.34608801334642897,
            0.0,
            0.0,
            0.0,
            0.0,
            1.0000000000000004
        ]
    ],
    "h": [
        [
            -0.22078496854373975,
            -0.4451135909810803,
            -0.08155049690981313,
            -0.2148557716364116,
            0.08180108359634392,
            -0.5315514554124345,
            -0.4370733926247631,
            0.016117951926925056,
            0.03735269057526358,
            -0.01970895692273389,
            -0.20787186317688214,
            -0.28399651764895695,
            0.023610555060002807,
            0.2718833877211798,
            -0.007317296937172681,
            0.005173228572753919,
            -0.10525559911467763,
            -0.0022577326769465077,
            0.041379147046633376,
            0.0021635512819366156
        ],
        [
            -0.4451135909810803,
            -0.3065500335743052,
            -0.07264499102002077,
            -0.19502677737528235,
            0.07247002451571612,
            -0.5096089314206952,
            -0.3626921008677382,
            0.058842855068255456,
            0.07874900417175618,
            -0.06905145509047747,
            -0.30330577672470876,
            -0.2978802349569324,
            0.018959273251170826,
            0.17940143335903647,
            0.00025424537624115645,
            -0.1054633612024566,
            -0.16992997336004434,
            -0.018002274890977076,
            0.08935881014392988,
            0.012975192141284193
        ],
        [
            -0.08155049690981313,
            -0.07264499102002077,
            1.461534072241233,
            -0.06837577606883037,
            0.02580042952236788,
            -0.025461702540291564,
            -0.06668465342133315,
            0.18112808858174306,
            -0.28656550279766013,
            0.10619988513364575,
            -0.05346738450162067,
            -0.05258260329776431,
            -0.03443439123398809,
            0.06858653185201935,
            -0.0017898616954829978,
            -0.00445139770633311,
            -0.022671414318926178,
            -0.002914056364259683,
            0.006810171467539998,
            0.0006722900234599093
        ],
        [
            -0.2148557716364116,
            -0.19502677737528235,
            -0.06837577606883037,
            1.3019175122519417,
            0.06843234285764377,
            -0.07987567898436942,
            -0.18631193229219817,
            -0.2776078141272433,
            -0.4810365964602462,
            0.2768215906178461,
            -0.19825757302237423,
            -0.15053804694127712,
            0.025551976651821448,
            0.1833749636906577,
            -0.008743679538605303,
            -0.04224762179089146,
            -0.08859109912605523,
            -0.003945774792609891,
            0.05473126770272936,
            0.0027527832502433095
        ],
        [
            0.08180108359634392,
            0.07247002451571612,
            0.02580042952236788,
            0.06843234285764377,
            1.4611822142927122,
            0.023742722740439426,
            0.06583775729174687,
            0.10764836213508319,
            0.28967187233804176,
            0.1789386219798128,
            0.048381802212297896,
            0.05182734806356792,
            -0.006099184959727869,
            -0.06430956586877973,
            -0.039840937775579066,
            0.0034409508516422297,
            0.021640756514358254,
            0.0007352562696233362,
            -0.006344215093206769,
            -0.002658229853921376
        ],
        [
            -0.5315514554124345,
            -0.5096089314206952,
            -0.025461702540291564,
            -0.07987567898436942,
            0.023742722740439426,
            -0.38876995248916724,
            -0.5741000860254493,
            0.06908236567872417,
            0.0008837434678664741,
            -0.090287120300323,
            -0.4857672626291373,
            -0.48472934221428776,
            0.0195729534212023,
            0.06373875124719253,
            -0.010463479474412833,
            -0.18941454346583925,
            -0.2915867819797776,
            -0.03964544837468222,
            0.19246839589811582,
            0.03136563158905234
        ],
        [
            -0.4370733926247631,
            -0.3626921008677382,
            -0.06668465342133315,
            -0.18631193229219817,
            0.06583775729174687,
            -0.5741000860254493,
            -0.4280480673894387,
            0.05903337085334993,
            -0.02031955183828514,
            -0.07758253268578807,
            -0.4812650520496813,
            -0.40131598497818577,
            0.03930094996796817,
            0.13307053275649083,
            -0.011221028789996753,
            -0.27016724530676,
            -0.2897298062979743,
            -0.04244818933073046,
            0.1497289101812468,
            0.029680363939124835
        ],
        [
            0.016117951926925056,
            0.058842855068255456,
            0.18112808858174306,
            -0.2776078141272433,
            0.10764836213508319,
            0.06908236567872417,
            0.05903337085334993,
            1.392648903948067,
            -0.07344152528879255,
            0.024573578215256485,
            0.016034250194630867,
            0.030536761592334122,
            0.31172730342924004,
            -0.05389514895849997,
            -0.0009987843626146358,
            0.006019986086371602,
            0.006585748666074129,
            -0.03615657136549244,
            -0.014015854345400848,
            -0.0019414410374788025
        ],
        [
            0.03735269057526358,
            0.07874900417175618,
            -0.28656550279766013,
            -0.4810365964602462,
            0.28967187233804176,
            0.0008837434678664741,
            -0.02031955183828514,
            -0.07344152528879255,
            0.9798903661928997,
            0.052150067250380905,
            -0.053658449988238655,
            -0.12829175700829842,
            -0.019172261793563926,
            -0.7669522971435353,
            -0.07072097676254066,
            -0.2596363103711243,
            -0.17631843420586313,
            -0.055710704204735534,
            0.20499513009530068,
            0.04278649085832461
        ],
        [
            -0.01970895692273389,
            -0.06905145509047747,
            0.10619988513364575,
            0.2768215906178461,
            0.1789386219798128,
            -0.090287120300323,
            -0.07758253268578807,
            0.024573578215256485,
            0.052150067250380905,
            1.3912199098198041,
            -0.020076630773106174,
            -0.048851252372468776,
            0.001217252673520624,
            -0.04030562012337664,
            0.30986202976605537,
            -0.017106861542852736,
            -0.0217072868208842,
            -0.004902532934891354,
            0.024911583830178684,
            -0.03429721373763203
        ],
        [
            -0.20787186317688214,
            -0.30330577672470876,
            -0.05346738450162067,
            -0.19825757302237423,
            0.048381802212297896,
            -0.4857672626291373,
            -0.4812650520496813,
            0.016034250194630867,
            -0.053658449988238655,
            -0.020076630773106174,
            -0.3756520955877207,
            -0.5698313558432275,
            0.06954372702675388,
            -0.0001007249806120325,
            -0.02898624940614474,
            -0.5144842873177007,
            -0.499247810465855,
            -0.02059104730907224,
            0.0797738097629298,
            0.015448186617373239
        ],
        [
            -0.28399651764895695,
            -0.2978802349569324,
            -0.05258260329776431,
            -0.15053804694127712,
            0.05182734806356792,
            -0.48472934221428776,
            -0.40131598497818577,
            0.030536761592334122,
            -0.12829175700829842,
            -0.048851252372468776,
            -0.5698313558432275,
            -0.4297752345304233,
            0.061920896395885425,
            0.01887491356390915,
            -0.026230939381948072,
            -0.4265330582839064,
            -0.3578849339267147,
            -0.054226151433290515,
            0.18628270147134163,
            0.03784423318726349
        ],
        [
            0.023610555060002807,
            0.018959273251170826,
            -0.03443439123398809,
            0.025551976651821448,
            -0.006099184959727869,
            0.0195729534212023,
            0.03930094996796817,
            0.31172730342924004,
            -0.019172261793563926,
            0.001217252673520624,
            0.06954372702675388,
            0.061920896395885425,
            1.4048136532319755,
            0.047317282914946676,
            0.011384525825672693,
            0.014998791573336168,
            0.05451005844549692,
            0.186098535010071,
            0.25100261448330646,
            0.052421263993596506
        ],
        [
            0.2718833877211798,
            0.17940143335903647,
            0.06858653185201935,
            0.1833749636906577,
            -0.06430956586877973,
            0.06373875124719253,
            0.13307053275649083,
            -0.05389514895849997,
            -0.7669522971435353,
            -0.04030562012337664,
            -0.0001007249806120325,
            0.01887491356390915,
            0.047317282914946676,
            0.9647304844255609,
            -0.05121715750268513,
            -0.048242835487544045,
            -0.08866445555912639,
            0.25908795948835245,
            -0.5878716916734349,
            -0.1748819029122379
        ],
        [
            -0.007317296937172681,
            0.00025424537624115645,
            -0.0017898616954829978,
            -0.008743679538605303,
            -0.039840937775579066,
            -0.010463479474412833,
            -0.011221028789996753,
            -0.0009987843626146358,
            -0.07072097676254066,
            0.30986202976605537,
            -0.02898624940614474,
            -0.026230939381948072,
            0.011384525825672693,
            -0.05121715750268513,
            1.4139196228840485,
            -0.0073389107017217126,
            -0.028785720649603663,
            0.05341848172414916,
            -0.1726190678680785,
            0.22851867788916697
        ],
        [
            0.005173228572753919,
            -0.1054633612024566,
            -0.00445139770633311,
            -0.04224762179089146,
            0.0034409508516422297,
            -0.18941454346583925,
            -0.27016724530676,
            0.006019986086371602,
            -0.2596363103711243,
            -0.017106861542852736,
            -0.5144842873177007,
            -0.4265330582839064,
            0.014998791573336168,
            -0.048242835487544045,
            -0.0073389107017217126,
            -0.20535915165810392,
            -0.43756606930310504,
            -0.06704630587557343,
            0.21697821598307404,
            0.04580185617067655
        ],
        [
            -0.10525559911467763,
            -0.16992997336004434,
            -0.022671414318926178,
            -0.08859109912605523,
            0.021640756514358254,
            -0.2915867819797776,
            -0.2897298062979743,
            0.006585748666074129,
            -0.17631843420586313,
            -0.0217072868208842,
            -0.499247810465855,
            -0.3578849339267147,
            0.05451005844549692,
            -0.08866445555912639,
            -0.028785720649603663,
            -0.43756606930310504,
            -0.3013664764847981,
            -0.06039299782157099,
            0.19881846306086076,
            0.041542379346137207
        ],
        [
            -0.0022577326769465077,
            -0.018002274890977076,
            -0.002914056364259683,
            -0.003945774792609891,
            0.0007352562696233362,
            -0.03964544837468222,
            -0.04244818933073046,
            -0.03615657136549244,
            -0.055710704204735534,
            -0.004902532934891354,
            -0.02059104730907224,
            -0.054226151433290515,
            0.186098535010071,
            0.25908795948835245,
            0.05341848172414916,
            -0.06704630587557343,
            -0.06039299782157099,
            1.4785094791323625,
            0.0590323240634731,
            0.012310560521105211
        ],
        [
            0.041379147046633376,
            0.08935881014392988,
            0.006810171467539998,
            0.05473126770272936,
            -0.006344215093206769,
            0.19246839589811582,
            0.1497289101812468,
            -0.014015854345400848,
            0.20499513009530068,
            0.024911583830178684,
            0.0797738097629298,
            0.18628270147134163,
            0.25100261448330646,
            -0.5878716916734349,
            -0.1726190678680785,
            0.21697821598307404,
            0.19881846306086076,
            0.0590323240634731,
            1.3007601254874428,
            -0.04037774389487918
        ],
        [
            0.0021635512819366156,
            0.012975192141284193,
            0.0006722900234599093,
            0.0027527832502433095,
            -0.002658229853921376,
            0.03136563158905234,
            0.029680363939124835,
            -0.0019414410374788025,
            0.04278649085832461,
            -0.03429721373763203,
            0.015448186617373239,
            0.03784423318726349,
            0.052421263993596506,
            -0.1748819029122379,
            0.22851867788916697,
            0.04580185617067655,
            0.041542379346137207,
            0.012310560521105211,
            -0.04037774389487918,
            1.4882347621190655
        ]
    ]
}