{
    "HF": -2.1311378149660127,
    "coordinates": [
        [
            0.674145,
            -0.068229,
            0.08356
        ],
        [
            1.351993,
            -0.173216,
            -0.01987
        ],
        [
            2.048197,
            0.019013,
            -0.150687
        ],
        [
            2.868594,
            0.084399,
            0.06972
        ]
    ],
    "elements": [
        "H",
        "H",
        "H",
        "H"
    ],
    "Enn": 3.0677675772207795,
    "S": [
        [
            0.9999999999999999,
            0.6848602514927513,
            0.0,
            0.0,
            0.0,
            0.6082759191410247,
            0.5788042732547264,
            0.08143420542049601,
            -0.5336944143466341,
            0.08266008821890765,
            0.16231779070881608,
            0.3465022214896079,
            0.035369011221849385,
            -0.20746844402448955,
            -0.013172690694081824,
            0.01471361100912043,
            0.12670740383258725,
            0.0001126159761673131,
            -0.01785621504944975,
            -0.0012419328909295303
        ],
        [
            0.6848602514927513,
            1.0000000000000002,
            0.0,
            0.0,
            0.0,
            0.5788042732547264,
            0.9004850353586069,
            0.02351988461766311,
            -0.15414199698650005,
            0.023873944951702603,
            0.3465022214896079,
            0.6538433686501944,
            0.030789746912331658,
            -0.18060727917276706,
            -0.01146720811846316,
            0.12670740383258725,
            0.34849769574077344,
            0.0006192394316665464,
            -0.09818564679055046,
            -0.00682899392893075
        ],
        [
            0.0,
            0.0,
            1.0000000000000004,
            0.0,
            0.0,
            -0.08143420542049601,
            -0.023519884617663106,
            0.520585809990332,
            0.09746208665744809,
            -0.015095201419647918,
            -0.03536901122184938,
            -0.03078974691233164,
            0.06818069013052729,
            0.06643764718788638,
            0.004218292477988886,
            -0.0001126159761673131,
            -0.0006192394316665464,
            0.0018695872721494772,
            0.00014748759410723142,
            1.0258035850183134e-05
        ],
        [
            0.0,
            0.0,
            0.0,
            1.0000000000000004,
            0.0,
            0.5336944143466342,
            0.15414199698650002,
            0.09746208665744806,
            -0.10327901162713336,
            0.09892924772218409,
            0.20746844402448952,
            0.1806072791727669,
            0.06643764718788638,
            -0.3102047244312665,
            -0.024743767117468247,
            0.017856215049449748,
            0.0981856467905505,
            0.0001474875941072315,
            -0.02151488741981151,
            -0.001626498302991224
        ],
        [
            0.0,
            0.0,
            0.0,
            0.0,
            1.0000000000000004,
            -0.08266008821890762,
            -0.023873944951702575,
            -0.015095201419647918,
            0.09892924772218413,
            0.520134703978912,
            0.013172690694081817,
            0.01146720811846315,
            0.004218292477988884,
            -0.024743767117468236,
            0.07793586956329887,
            0.0012419328909295296,
            0.006828993928930746,
            1.025803585018313e-05,
            -0.001626498302991223,
            0.0017573914750785493
        ],
        [
            0.6082759191410247,
            0.5788042732547264,
            -0.08143420542049601,
            0.5336944143466343,
            -0.08266008821890765,
            0.9999999999999999,
            0.6848602514927513,
            0.0,
            0.0,
            0.0,
            0.5755518423737471,
            0.5672745876078799,
            0.0960530207280095,
            -0.5111911849600828,
            -0.14114508146131272,
            0.11293137112337603,
            0.29887322727904275,
            -0.008684840826578118,
            -0.14701906778021212,
            -0.02497315849468604
        ],
        [
            0.5788042732547264,
            0.9004850353586069,
            -0.02351988461766311,
            0.15414199698650005,
            -0.02387394495170258,
            0.6848602514927513,
            1.0000000000000002,
            0.0,
            0.0,
            0.0,
            0.5672745876078799,
            0.8892633391376024,
            0.029115605095006235,
            -0.15495234357586365,
            -0.04278391685949038,
            0.29887322727904275,
            0.5961621041654902,
            -0.010053104797211106,
            -0.170181368328554,
            -0.028907585582470603
        ],
        [
            0.08143420542049601,
            0.023519884617663106,
            0.520585809990332,
            0.09746208665744806,
            -0.015095201419647918,
            0.0,
            0.0,
            1.0000000000000004,
            0.0,
            0.0,
            -0.09605302072800947,
            -0.02911560509500623,
            0.4748259985027462,
            0.11749086288795534,
            0.03244042131629346,
            0.008684840826578118,
            0.010053104797211105,
            0.04490009170995427,
            -0.01617542105350445,
            -0.002747611992012764
        ],
        [
            -0.533694414346634,
            -0.15414199698650002,
            0.09746208665744809,
            -0.10327901162713353,
            0.09892924772218413,
            0.0,
            0.0,
            0.0,
            1.0000000000000004,
            0.0,
            0.5111911849600826,
            0.15495234357586327,
            0.1174908628879554,
            -0.12838013636776516,
            -0.17264691196166235,
            0.14701906778021206,
            0.17018136832855413,
            -0.01617542105350445,
            -0.22796578525951983,
            -0.04651223456522547
        ],
        [
            0.08266008821890763,
            0.023873944951702555,
            -0.015095201419647918,
            0.09892924772218409,
            0.520134703978912,
            0.0,
            0.0,
            0.0,
            0.0,
            1.0000000000000004,
            0.14114508146131266,
            0.042783916859490366,
            0.032440421316293454,
            -0.17264691196166218,
            0.44923300991166565,
            0.024973158494686034,
            0.02890758558247058,
            -0.0027476119920127632,
            -0.046512234565225456,
            0.037954894301184865
        ],
        [
            0.16231779070881608,
            0.3465022214896079,
            -0.035369011221849385,
            0.20746844402448952,
            0.013172690694081824,
            0.5755518423737471,
            0.5672745876078799,
            -0.0960530207280095,
            0.5111911849600828,
            0.14114508146131272,
            0.9999999999999999,
            0.6848602514927513,
            0.0,
            0.0,
            0.0,
            0.4824589986441635,
            0.531362609204173,
            -0.1294500988738375,
            -0.48183802132327735,
            -0.03840270120715194
        ],
        [
            0.3465022214896079,
            0.6538433686501944,
            -0.030789746912331658,
            0.18060727917276695,
            0.01146720811846316,
            0.5672745876078799,
            0.8892633391376024,
            -0.029115605095006235,
            0.15495234357586327,
            0.042783916859490366,
            0.6848602514927513,
            1.0000000000000002,
            0.0,
            0.0,
            0.0,
            0.5313626092041731,
            0.8537407868939172,
            -0.04574740668203443,
            -0.17028059544261737,
            -0.013571437991132331
        ],
        [
            0.03536901122184938,
            0.030789746912331648,
            0.06818069013052729,
            0.06643764718788639,
            0.004218292477988886,
            0.09605302072800947,
            0.02911560509500623,
            0.4748259985027462,
            0.1174908628879554,
            0.03244042131629346,
            0.0,
            0.0,
            1.0000000000000004,
            0.0,
            0.0,
            0.12945009887383746,
            0.045747406682034426,
            0.3405827429609898,
            -0.18295836858674905,
            -0.014581862059969957
        ],
        [
            -0.20746844402448947,
            -0.18060727917276678,
            0.06643764718788636,
            -0.3102047244312664,
            -0.024743767117468243,
            -0.5111911849600826,
            -0.15495234357586327,
            0.11749086288795534,
            -0.1283801363677655,
            -0.17264691196166224,
            0.0,
            0.0,
            0.0,
            1.0000000000000004,
            0.0,
            0.48183802132327763,
            0.17028059544261767,
            -0.18295836858674897,
            -0.29126988607431437,
            -0.05427647891588365
        ],
        [
            -0.013172690694081817,
            -0.011467208118463147,
            0.004218292477988884,
            -0.024743767117468243,
            0.07793586956329887,
            -0.14114508146131266,
            -0.04278391685949037,
            0.032440421316293454,
            -0.17264691196166232,
            0.44923300991166565,
            0.0,
            0.0,
            0.0,
            0.0,
            1.0000000000000004,
            0.03840270120715193,
            0.013571437991132328,
            -0.01458186205996996,
            -0.05427647891588369,
            0.38541028778953695
        ],
        [
            0.01471361100912043,
            0.12670740383258725,
            -0.0001126159761673131,
            0.017856215049449748,
            0.0012419328909295303,
            0.11293137112337603,
            0.29887322727904275,
            0.008684840826578118,
            0.14701906778021212,
            0.02497315849468604,
            0.4824589986441635,
            0.531362609204173,
            0.1294500988738375,
            0.4818380213232777,
            0.03840270120715194,
            0.9999999999999999,
            0.6848602514927513,
            0.0,
            0.0,
            0.0
        ],
        [
            0.12670740383258725,
            0.34849769574077344,
            -0.0006192394316665464,
            0.0981856467905505,
            0.00682899392893075,
            0.29887322727904275,
            0.5961621041654902,
            0.010053104797211106,
            0.17018136832855418,
            0.028907585582470592,
            0.5313626092041731,
            0.8537407868939172,
            0.04574740668203443,
            0.1702805954426177,
            0.013571437991132331,
            0.6848602514927513,
            1.0000000000000002,
            0.0,
            0.0,
            0.0
        ],
        [
            0.0001126159761673131,
            0.0006192394316665464,
            0.0018695872721494772,
            0.00014748759410723142,
            1.0258035850183134e-05,
            -0.008684840826578118,
            -0.010053104797211105,
            0.04490009170995427,
            -0.01617542105350445,
            -0.002747611992012764,
            -0.12945009887383746,
            -0.045747406682034426,
            0.3405827429609898,
            -0.18295836858674897,
            -0.01458186205996996,
            0.0,
            0.0,
            1.0000000000000004,
            0.0,
            0.0
        ],
        [
            -0.01785621504944975,
            -0.09818564679055046,
            0.0001474875941072315,
            -0.02151488741981151,
            -0.001626498302991224,
            -0.147019067780212,
            -0.17018136832855393,
            -0.01617542105350445,
            -0.22796578525951983,
            -0.04651223456522547,
            -0.48183802132327735,
            -0.17028059544261734,
            -0.18295836858674905,
            -0.29126988607431453,
            -0.05427647891588369,
            0.0,
            0.0,
            0.0,
            1.0000000000000004,
            0.0
        ],
        [
            -0.0012419328909295296,
            -0.006828993928930746,
            1.025803585018313e-05,
            -0.001626498302991223,
            0.0017573914750785493,
            -0.024973158494686034,
            -0.028907585582470578,
            -0.0027476119920127632,
            -0.046512234565225456,
            0.037954894301184865,
            -0.03840270120715193,
            -0.013571437991132328,
            -0.014581862059969957,
            -0.05427647891588365,
            0.38541028778953695,
            0.0,
            0.0,
            0.0,
            0.0,
            1.0000000000000004
        ]
    ],
    "h": [
        [
            -0.32775779737828326,
            -0.4929991397982134,
            0.05284335992109705,
            -0.3281749857872669,
            0.04622987458298036,
            -0.6372198751148986,
            -0.4910671043458903,
            0.008063496970447448,
            -0.0033765056355513634,
            -0.01736856857671601,
            -0.3130071012324331,
            -0.3537475954271134,
            -0.05348095259395638,
            0.35200934190088934,
            0.058916781796157905,
            -0.017253599518859547,
            -0.14914653979027215,
            0.003658343356738174,
            0.0738539702726477,
            0.007965437944912357
        ],
        [
            -0.4929991397982134,
            -0.3238207329758105,
            0.043190516871933496,
            -0.2671103137378685,
            0.0339852279991037,
            -0.5768804364519209,
            -0.3766263325669854,
            -0.010292518261482073,
            0.10574781931363492,
            -0.06650108238329494,
            -0.3744925031967862,
            -0.33054916059742656,
            -0.05121329633331418,
            0.20692903467365953,
            0.05059699597404739,
            -0.14202105323460829,
            -0.20410986747887772,
            0.020131193036510838,
            0.11461739095684514,
            0.011822928931839161
        ],
        [
            0.05284335992109705,
            0.043190516871933496,
            1.4494729641697486,
            0.05005707189184258,
            -0.006383562585131143,
            0.017190399433715697,
            0.042688066221397966,
            0.46754808292866423,
            0.14899288252440618,
            -0.017421790761437198,
            0.045069565834574374,
            0.034758578034742686,
            -0.040949759702273214,
            -0.024850570642643302,
            -0.008313510294461226,
            0.006791390560261905,
            0.018507894502572602,
            -0.006772417112613955,
            -0.00719447616224809,
            -0.0007403302378477029
        ],
        [
            -0.3281749857872669,
            -0.2671103137378685,
            0.05005707189184258,
            1.138740570134921,
            0.041734790829822364,
            -0.0928984697828662,
            -0.26475797680201824,
            0.15408965649290138,
            -0.4931393840142401,
            0.11711463743933673,
            -0.2842998247916573,
            -0.22070184821047545,
            -0.032556831411861026,
            0.11169212561905717,
            0.05194568701576521,
            -0.07908500124068238,
            -0.13512168709814262,
            0.006731370793341846,
            0.10368254898951737,
            0.009791177046542837
        ],
        [
            0.04622987458298036,
            0.0339852279991037,
            -0.006383562585131143,
            0.041734790829822364,
            1.4503986016177466,
            -0.0006838501406542241,
            0.029037369990907183,
            -0.02215693895016716,
            0.14258343243253846,
            0.4681706384050881,
            0.011831574353458288,
            0.02336238839184522,
            0.005794954606165697,
            -0.037171929825166684,
            -0.051740407253237086,
            -0.004698231773665089,
            0.006082005943483847,
            0.00025414911520555935,
            0.0038038312744058294,
            -0.005753804311127027
        ],
        [
            -0.6372198751148986,
            -0.5768804364519209,
            0.017190399433715697,
            -0.0928984697828662,
            -0.0006838501406542241,
            -0.5275643650139212,
            -0.6329983750787185,
            -0.0006134484830903199,
            0.06710677484130613,
            -0.11211775087377857,
            -0.5657751661264173,
            -0.5470506545440338,
            -0.030265449356825402,
            0.0873421505718085,
            0.011067399009231926,
            -0.23130469037145,
            -0.33712829184747095,
            0.03495387335055773,
            0.2292175888089987,
            0.02907504242785744
        ],
        [
            -0.4910671043458903,
            -0.3766263325669854,
            0.042688066221397966,
            -0.26475797680201824,
            0.029037369990907183,
            -0.6329983750787185,
            -0.43989669886781235,
            0.002451365622090645,
            0.012009337479694362,
            -0.09031377101859839,
            -0.5275066777709252,
            -0.420022094661735,
            -0.07237055785711308,
            0.15505330855444543,
            0.04933407021139739,
            -0.2948317500461296,
            -0.30728282205656454,
            0.039789585841305,
            0.1679474915414924,
            0.015904587474293616
        ],
        [
            0.008063496970447448,
            -0.010292518261482073,
            0.46754808292866423,
            0.15408965649290138,
            -0.02215693895016716,
            -0.0006134484830903199,
            0.002451365622090645,
            1.3617070566750138,
            0.09005233805572563,
            0.0059923674718794255,
            -0.00736987267863079,
            0.015801631180156372,
            0.3910252257602941,
            0.18303161287896338,
            0.04806121906028009,
            0.019810035049845416,
            0.023868796124848792,
            -0.04903664427971263,
            -0.021093053476846292,
            -0.002266547893611143
        ],
        [
            -0.0033765056355513634,
            0.10574781931363492,
            0.14899288252440618,
            -0.4931393840142401,
            0.14258343243253846,
            0.06710677484130613,
            0.012009337479694362,
            0.09005233805572563,
            0.7883077231405129,
            -0.028956624177513997,
            -0.02375684110665055,
            -0.11099941993983636,
            0.1590575066854552,
            -0.6408430301695476,
            -0.2633391863544471,
            -0.29605807988286115,
            -0.18417653895421765,
            0.04701828296595234,
            0.17277425989195844,
            0.023250755002121357
        ],
        [
            -0.01736856857671601,
            -0.06650108238329494,
            -0.017421790761437198,
            0.11711463743933673,
            0.4681706384050881,
            -0.11211775087377857,
            -0.09031377101859839,
            0.0059923674718794255,
            -0.028956624177513997,
            1.3504630105237005,
            -0.02630274945811034,
            -0.08111647555671062,
            0.03899069785669758,
            -0.23695598145257285,
            0.3574369567901997,
            -0.05688613096964293,
            -0.05885038419501381,
            0.010595731679455864,
            0.052769020174317255,
            -0.03870376162867173
        ],
        [
            -0.3130071012324331,
            -0.3744925031967862,
            0.045069565834574374,
            -0.2842998247916573,
            0.011831574353458288,
            -0.5657751661264173,
            -0.5275066777709252,
            -0.00736987267863079,
            -0.02375684110665055,
            -0.02630274945811034,
            -0.4264601333130871,
            -0.5960587431567789,
            -0.10354608658426748,
            0.03162984055966937,
            0.048570493177325716,
            -0.5264918664109719,
            -0.5169064984566303,
            0.015266980761943494,
            0.08851624745156672,
            0.011696445263933264
        ],
        [
            -0.3537475954271134,
            -0.33054916059742656,
            0.034758578034742686,
            -0.22070184821047545,
            0.02336238839184522,
            -0.5470506545440338,
            -0.420022094661735,
            0.015801631180156372,
            -0.11099941993983636,
            -0.08111647555671062,
            -0.5960587431567789,
            -0.4391587900890481,
            -0.08890520607927971,
            0.038960396317404666,
            0.040240905338729496,
            -0.4305728451026607,
            -0.36284967172265137,
            0.04764453169872537,
            0.20211173248607767,
            0.019835406482950315
        ],
        [
            -0.05348095259395638,
            -0.05121329633331418,
            -0.040949759702273214,
            -0.032556831411861026,
            0.005794954606165697,
            -0.030265449356825402,
            -0.07237055785711308,
            0.3910252257602941,
            0.1590575066854552,
            0.03899069785669758,
            -0.10354608658426748,
            -0.08890520607927971,
            1.382158196140835,
            -0.002491279691855669,
            0.008830976574984533,
            -0.017964809506793883,
            -0.06706931363039198,
            0.22314408784516093,
            -0.22457877571832513,
            -0.01668850649142579
        ],
        [
            0.35200934190088934,
            0.20692903467365953,
            -0.024850570642643302,
            0.11169212561905717,
            -0.037171929825166684,
            0.0873421505718085,
            0.15505330855444543,
            0.18303161287896338,
            -0.6408430301695476,
            -0.23695598145257285,
            0.03162984055966937,
            0.038960396317404666,
            -0.002491279691855669,
            0.8732354971119369,
            -0.09088475526003087,
            -0.04825392349280433,
            -0.08660140616921291,
            -0.24176352931552364,
            -0.6355144692330587,
            -0.07472216021354992
        ],
        [
            0.058916781796157905,
            0.05059699597404739,
            -0.008313510294461226,
            0.05194568701576521,
            -0.051740407253237086,
            0.011067399009231926,
            0.04933407021139739,
            0.04806121906028009,
            -0.2633391863544471,
            0.3574369567901997,
            0.048570493177325716,
            0.040240905338729496,
            0.008830976574984533,
            -0.09088475526003087,
            1.3858224579816112,
            0.0036018788795154424,
            0.012952776932012168,
            -0.020608741424043283,
            -0.08404534824559946,
            0.2786477276032342
        ],
        [
            -0.017253599518859547,
            -0.14202105323460829,
            0.006791390560261905,
            -0.07908500124068238,
            -0.004698231773665089,
            -0.23130469037145,
            -0.2948317500461296,
            0.019810035049845416,
            -0.29605807988286115,
            -0.05688613096964293,
            -0.5264918664109719,
            -0.4305728451026607,
            -0.017964809506793883,
            -0.04825392349280433,
            0.0036018788795154424,
            -0.21487467172971808,
            -0.4440552886347324,
            0.061746027317299466,
            0.2362903404268905,
            0.020895385444871167
        ],
        [
            -0.14914653979027215,
            -0.20410986747887772,
            0.018507894502572602,
            -0.13512168709814262,
            0.006082005943483847,
            -0.33712829184747095,
            -0.30728282205656454,
            0.023868796124848792,
            -0.18417653895421765,
            -0.05885038419501381,
            -0.5169064984566303,
            -0.36284967172265137,
            -0.06706931363039198,
            -0.08660140616921291,
            0.012952776932012168,
            -0.4440552886347324,
            -0.30559466583035744,
            0.05429192248838578,
            0.21452497328200282,
            0.019707245292103097
        ],
        [
            0.003658343356738174,
            0.020131193036510838,
            -0.006772417112613955,
            0.006731370793341846,
            0.00025414911520555935,
            0.03495387335055773,
            0.039789585841305,
            -0.04903664427971263,
            0.04701828296595234,
            0.010595731679455864,
            0.015266980761943494,
            0.04764453169872537,
            0.22314408784516093,
            -0.24176352931552364,
            -0.020608741424043283,
            0.061746027317299466,
            0.05429192248838578,
            1.489301727591388,
            -0.055796947349923104,
            -0.004591243438086282
        ],
        [
            0.0738539702726477,
            0.11461739095684514,
            -0.00719447616224809,
            0.10368254898951737,
            0.0038038312744058294,
            0.2292175888089987,
            0.1679474915414924,
            -0.021093053476846292,
            0.17277425989195844,
            0.052769020174317255,
            0.08851624745156672,
            0.20211173248607767,
            -0.22457877571832513,
            -0.6355144692330587,
            -0.08404534824559946,
            0.2362903404268905,
            0.21452497328200282,
            -0.055796947349923104,
            1.283640687920425,
            -0.019583138692701146
        ],
        [
            0.007965437944912357,
            0.011822928931839161,
            -0.0007403302378477029,
            0.009791177046542837,
            -0.005753804311127027,
            0.02907504242785744,
            0.015904587474293616,
            -0.002266547893611143,
            0.023250755002121357,
            -0.03870376162867173,
            0.011696445263933264,
            0.019835406482950315,
            -0.01668850649142579,
            -0.07472216021354992,
            0.2786477276032342,
            0.020895385444871167,
            0.019707245292103097,
            -0.004591243438086282,
            -0.019583138692701146,
            1.502256458152941
        ]
    ]
}