{
    "HF": -2.1558094135825963,
    "coordinates": [
        [
            0.768811,
            0.004783,
            0.126644
        ],
        [
            1.52741,
            0.002479,
            -0.145223
        ],
        [
            2.261424,
            -0.072742,
            0.163258
        ],
        [
            2.957493,
            0.028127,
            -0.166256
        ]
    ],
    "elements": [
        "H",
        "H",
        "H",
        "H"
    ],
    "Enn": 2.9631753468023083,
    "S": [
        [
            0.9999999999999999,
            0.6848602514927513,
            0.0,
            0.0,
            0.0,
            0.5182632576520791,
            0.5457616540790972,
            0.17482341971825283,
            -0.4878152603105449,
            0.0014815816521712992,
            0.12714711381167043,
            0.3137415581907382,
            -0.0041011830102331125,
            -0.1671895743828337,
            0.008683678725851367,
            0.014272065804762238,
            0.12506294808105653,
            0.0022962587958085573,
            -0.017158689975171948,
            -0.0001830108068602081
        ],
        [
            0.6848602514927513,
            1.0000000000000002,
            0.0,
            0.0,
            0.0,
            0.5457616540790973,
            0.8680901467557143,
            0.05806237240187264,
            -0.1620132551640624,
            0.000492063052941014,
            0.3137415581907382,
            0.6145196732681674,
            -0.004327581674410768,
            -0.1764189836070156,
            0.0091630460837028,
            0.12506294808105653,
            0.34565713508272106,
            0.012922740832340133,
            -0.09656459627998581,
            -0.0010299367087406894
        ],
        [
            0.0,
            0.0,
            1.0000000000000004,
            0.0,
            0.0,
            -0.17482341971825288,
            -0.05806237240187269,
            0.3478395722585724,
            0.2304664442684037,
            -0.0006999675554468197,
            0.004101183010233104,
            0.004327581674410755,
            0.05474786227945228,
            -0.007794851641224525,
            0.0004048577049013586,
            -0.0022962587958085564,
            -0.012922740832340116,
            0.0013846986718204835,
            0.0029649359051636083,
            3.1623353127653656e-05
        ],
        [
            0.0,
            0.0,
            0.0,
            1.0000000000000004,
            0.0,
            0.4878152603105447,
            0.16201325516406256,
            0.23046644426840354,
            -0.21264350865975662,
            0.0019531413801395603,
            0.16718957438283363,
            0.17641898360701558,
            -0.007794851641224529,
            -0.2628272722266088,
            0.016504503017587043,
            0.01715868997517195,
            0.09656459627998577,
            0.00296493590516361,
            -0.02037386870576148,
            -0.0002363040756918378
        ],
        [
            0.0,
            0.0,
            0.0,
            0.0,
            1.0000000000000004,
            -0.0014815816521712992,
            -0.0004920630529410134,
            -0.0006999675554468195,
            0.0019531413801395607,
            0.4304282927369521,
            -0.008683678725851364,
            -0.009163046083702798,
            0.0004048577049013586,
            0.016504503017587033,
            0.054081841751394015,
            0.0001830108068602081,
            0.0010299367087406885,
            3.162335312765368e-05,
            -0.0002363040756918378,
            0.001778960352722264
        ],
        [
            0.5182632576520791,
            0.5457616540790972,
            -0.17482341971825283,
            0.4878152603105449,
            -0.0014815816521712992,
            0.9999999999999999,
            0.6848602514927513,
            0.0,
            0.0,
            0.0,
            0.523061005954518,
            0.547632797282804,
            -0.20069569323791092,
            -0.4775446415705728,
            0.04893828385232445,
            0.1494817466685513,
            0.335121165544346,
            0.002870971476143013,
            -0.19520408413051082,
            -0.003500911730143874
        ],
        [
            0.5457616540790973,
            0.8680901467557143,
            -0.05806237240187264,
            0.16201325516406256,
            -0.0004920630529410134,
            0.6848602514927513,
            1.0000000000000002,
            0.0,
            0.0,
            0.0,
            0.547632797282804,
            0.869944199157421,
            -0.06612315211048284,
            -0.15733649519167806,
            0.016123682252400087,
            0.335121165544346,
            0.6403489140959461,
            0.002667609027880015,
            -0.18137699431454027,
            -0.003252928081922044
        ],
        [
            0.17482341971825288,
            0.05806237240187269,
            0.3478395722585724,
            0.23046644426840363,
            -0.0006999675554468197,
            0.0,
            0.0,
            1.0000000000000004,
            0.0,
            0.0,
            0.20069569323791092,
            0.06612315211048286,
            0.3282411486193888,
            -0.2562672735921759,
            0.026262006701339574,
            -0.002870971476143014,
            -0.002667609027880015,
            0.07013498832699566,
            0.005483128422809647,
            9.833784317988663e-05
        ],
        [
            -0.4878152603105449,
            -0.16201325516406273,
            0.23046644426840363,
            -0.21264350865975648,
            0.0019531413801395607,
            0.0,
            0.0,
            0.0,
            1.0000000000000004,
            0.0,
            0.47754464157057286,
            0.1573364951916777,
            -0.2562672735921758,
            -0.17383271147037976,
            0.06248903688355866,
            0.19520408413051088,
            0.18137699431454007,
            0.005483128422809647,
            -0.30259512974176556,
            -0.006686220595645978
        ],
        [
            0.0014815816521712992,
            0.000492063052941014,
            -0.0006999675554468195,
            0.0019531413801395603,
            0.4304282927369521,
            0.0,
            0.0,
            0.0,
            0.0,
            1.0000000000000004,
            -0.048938283852324446,
            -0.016123682252400087,
            0.026262006701339567,
            0.06248903688355866,
            0.42953771378241007,
            0.0035009117301438753,
            0.0032529280819220447,
            9.833784317988663e-05,
            -0.006686220595645978,
            0.07009571679819616
        ],
        [
            0.12714711381167043,
            0.3137415581907382,
            0.0041011830102331125,
            0.16718957438283366,
            -0.008683678725851367,
            0.523061005954518,
            0.547632797282804,
            0.20069569323791092,
            0.4775446415705728,
            -0.04893828385232445,
            0.9999999999999999,
            0.6848602514927513,
            0.0,
            0.0,
            0.0,
            0.5413080153195075,
            0.5546298120836458,
            0.22388896319899065,
            -0.4729455098264663,
            -0.06853564895245418
        ],
        [
            0.3137415581907382,
            0.6145196732681674,
            0.004327581674410756,
            0.1764189836070155,
            -0.0091630460837028,
            0.547632797282804,
            0.869944199157421,
            0.06612315211048284,
            0.15733649519167806,
            -0.016123682252400087,
            0.6848602514927513,
            1.0000000000000002,
            0.0,
            0.0,
            0.0,
            0.5546298120836458,
            0.8768560493698978,
            0.07159538931778943,
            -0.15123888832354432,
            -0.021916383902037845
        ],
        [
            -0.004101183010233104,
            -0.004327581674410767,
            0.05474786227945228,
            -0.007794851641224526,
            0.0004048577049013586,
            -0.20069569323791092,
            -0.06612315211048286,
            0.3282411486193888,
            -0.2562672735921759,
            0.026262006701339574,
            0.0,
            0.0,
            1.0000000000000004,
            0.0,
            0.0,
            -0.22388896319899057,
            -0.07159538931778937,
            0.3281706279609174,
            0.2721241763219699,
            0.03943415601243668
        ],
        [
            -0.16718957438283366,
            -0.17641898360701558,
            -0.0077948516412245285,
            -0.2628272722266087,
            0.01650450301758704,
            -0.47754464157057286,
            -0.15733649519167806,
            -0.2562672735921758,
            -0.17383271147037976,
            0.06248903688355866,
            0.0,
            0.0,
            0.0,
            1.0000000000000004,
            0.0,
            0.4729455098264663,
            0.1512388883235443,
            0.27212417632197033,
            -0.11784587181491095,
            -0.08330114514533775
        ],
        [
            0.008683678725851364,
            0.009163046083702798,
            0.0004048577049013586,
            0.016504503017587036,
            0.054081841751394015,
            0.048938283852324446,
            0.016123682252400087,
            0.026262006701339567,
            0.06248903688355866,
            0.42953771378241007,
            0.0,
            0.0,
            0.0,
            0.0,
            1.0000000000000004,
            0.06853564895245418,
            0.021916383902037838,
            0.039434156012436695,
            -0.08330114514533765,
            0.44492086770280015
        ],
        [
            0.014272065804762238,
            0.12506294808105653,
            -0.0022962587958085573,
            0.01715868997517195,
            0.0001830108068602081,
            0.1494817466685513,
            0.335121165544346,
            -0.002870971476143013,
            0.19520408413051088,
            0.003500911730143874,
            0.5413080153195075,
            0.5546298120836458,
            -0.22388896319899065,
            0.4729455098264663,
            0.06853564895245418,
            0.9999999999999999,
            0.6848602514927513,
            0.0,
            0.0,
            0.0
        ],
        [
            0.12506294808105653,
            0.34565713508272106,
            -0.012922740832340133,
            0.09656459627998577,
            0.0010299367087406896,
            0.335121165544346,
            0.6403489140959461,
            -0.002667609027880015,
            0.18137699431454007,
            0.0032529280819220447,
            0.5546298120836458,
            0.8768560493698978,
            -0.07159538931778943,
            0.15123888832354432,
            0.021916383902037845,
            0.6848602514927513,
            1.0000000000000002,
            0.0,
            0.0,
            0.0
        ],
        [
            0.0022962587958085564,
            0.012922740832340116,
            0.0013846986718204835,
            0.0029649359051636083,
            3.1623353127653656e-05,
            0.002870971476143014,
            0.002667609027880015,
            0.07013498832699566,
            0.005483128422809647,
            9.833784317988663e-05,
            0.22388896319899057,
            0.07159538931778937,
            0.3281706279609174,
            0.2721241763219703,
            0.03943415601243668,
            0.0,
            0.0,
            1.0000000000000004,
            0.0,
            0.0
        ],
        [
            -0.017158689975171948,
            -0.09656459627998581,
            0.00296493590516361,
            -0.02037386870576148,
            -0.0002363040756918378,
            -0.19520408413051088,
            -0.18137699431454027,
            0.005483128422809647,
            -0.30259512974176556,
            -0.006686220595645978,
            -0.4729455098264663,
            -0.1512388883235443,
            0.27212417632197,
            -0.1178458718149108,
            -0.08330114514533765,
            0.0,
            0.0,
            0.0,
            1.0000000000000004,
            0.0
        ],
        [
            -0.0001830108068602081,
            -0.0010299367087406883,
            3.162335312765368e-05,
            -0.0002363040756918378,
            0.001778960352722264,
            -0.0035009117301438753,
            -0.003252928081922044,
            9.833784317988663e-05,
            -0.006686220595645978,
            0.07009571679819616,
            -0.06853564895245418,
            -0.021916383902037838,
            0.039434156012436695,
            -0.08330114514533775,
            0.44492086770280015,
            0.0,
            0.0,
            0.0,
            0.0,
            1.0000000000000004
        ]
    ],
    "h": [
        [
            -0.24804995562393573,
            -0.4614813889995677,
            0.08443746096556104,
            -0.25842602701024775,
            0.002344878087615086,
            -0.5573494521344144,
            -0.451210883819791,
            -0.03550416604145662,
            0.0343886626465415,
            0.004537637771374679,
            -0.2451150021253173,
            -0.31082958562800284,
            0.04869363893803907,
            0.29677651434541985,
            -0.017974513020016587,
            -0.019229415243200293,
            -0.14651336654116343,
            -0.008158144107807285,
            0.07726569187973667,
            0.0017352292601014604
        ],
        [
            -0.4614813889995677,
            -0.31602425194453687,
            0.07037835990871062,
            -0.22808598284518863,
            0.0025802879435106877,
            -0.5295468399925255,
            -0.3709971784027324,
            -0.10979963503736641,
            0.0954873794421475,
            0.009693595881312701,
            -0.33579685666447856,
            -0.3148723466424843,
            0.07938585583719521,
            0.1776283033582838,
            -0.022410906726753534,
            -0.1476698036623807,
            -0.20849942940707133,
            -0.03268496225754388,
            0.12398629358260829,
            0.010010267807824677
        ],
        [
            0.08443746096556104,
            0.07037835990871062,
            1.4639295478988503,
            0.07592224477401197,
            -0.00019696484361252602,
            0.01080318565963917,
            0.061330303212414145,
            0.23102500781042318,
            0.31575995162424814,
            -0.0015755055370250842,
            0.03420597792346469,
            0.05067333416514935,
            -0.057631765674103275,
            -0.05386902461544922,
            0.0041047802248113914,
            0.0072465516647251035,
            0.025742808430913665,
            -0.004129328921976038,
            -0.01567313663051871,
            -0.0003134646694955115
        ],
        [
            -0.25842602701024775,
            -0.22808598284518863,
            0.07592224477401197,
            1.252081190012405,
            0.0021818678490667306,
            -0.08610862603427172,
            -0.21884778057055,
            0.2799045669867084,
            -0.5664873876618077,
            0.008734328695369293,
            -0.23251872294939313,
            -0.17831283204943493,
            0.06155652116012704,
            0.1335737591394281,
            -0.017042991764826876,
            -0.07553006289591499,
            -0.12167539481078776,
            -0.017232951806699304,
            0.1004302465358786,
            0.003573584013385677
        ],
        [
            0.002344878087615086,
            0.0025802879435106877,
            -0.00019696484361252602,
            0.0021818678490667306,
            1.4914919377598237,
            0.003191941069206388,
            0.0031640216678892126,
            0.0004353610919421197,
            0.00351303291536268,
            0.34056604808995017,
            0.006737127215671646,
            0.002294804372371652,
            -0.0012859710035586424,
            -0.0021884567721567882,
            -0.044182898658470804,
            0.001116407763014647,
            0.0019229854283729694,
            0.00021734660092292138,
            -0.00037920365662149496,
            -0.005886095633846766
        ],
        [
            -0.5573494521344144,
            -0.5295468399925255,
            0.01080318565963917,
            -0.08610862603427172,
            0.003191941069206388,
            -0.41707764234048694,
            -0.5911176123163766,
            -0.1673972021768455,
            0.02618192989631976,
            0.019721156244062857,
            -0.5262022595730658,
            -0.5130110514181225,
            0.03931036743881283,
            0.06005953525880481,
            -0.013916687867850885,
            -0.27419721179195444,
            -0.35232135397499015,
            -0.05273609377459544,
            0.24204593604782076,
            0.017721868591381234
        ],
        [
            -0.451210883819791,
            -0.3709971784027324,
            0.061330303212414145,
            -0.21884778057055,
            0.0031640216678892126,
            -0.5911176123163766,
            -0.43930235561996045,
            -0.13975603990041469,
            -0.009455871139646604,
            0.016755098650962804,
            -0.5168005819706256,
            -0.4207029558931241,
            0.1250044922031369,
            0.11451998585519291,
            -0.03563185540312159,
            -0.33119603977496487,
            -0.32530305931853987,
            -0.06865785238164615,
            0.18654184892486503,
            0.021660512618356283
        ],
        [
            -0.03550416604145662,
            -0.10979963503736641,
            0.23102500781042318,
            0.2799045669867084,
            0.0004353610919421197,
            -0.1673972021768455,
            -0.13975603990041469,
            1.345967945902989,
            -0.0024883128493649485,
            0.008288203919214823,
            -0.029139348275162957,
            -0.10911517347013534,
            0.19785872085732342,
            -0.31957947212859233,
            0.03226182180774894,
            -0.04935382996993671,
            -0.07653614178142078,
            -0.061898202511748435,
            0.06484428401032463,
            0.0059705080787537555
        ],
        [
            0.0343886626465415,
            0.0954873794421475,
            0.31575995162424814,
            -0.5664873876618077,
            0.00351303291536268,
            0.02618192989631976,
            -0.009455871139646604,
            -0.0024883128493649485,
            0.9140186152701897,
            0.020988087135381483,
            -0.08102272580833536,
            -0.12665053752986433,
            -0.30475927037767125,
            -0.6470242396629533,
            0.07381425355478405,
            -0.3126837955005144,
            -0.1849300948170191,
            -0.0750881515868037,
            0.079837206814111,
            0.022921850273843573
        ],
        [
            0.004537637771374679,
            0.009693595881312701,
            -0.0015755055370250842,
            0.008734328695369293,
            0.34056604808995017,
            0.019721156244062857,
            0.016755098650962804,
            0.008288203919214823,
            0.020988087135381483,
            1.407196753228469,
            0.0025524081943722188,
            0.016615455998292384,
            0.03434028228812358,
            0.08529983835801494,
            0.32644865258947653,
            0.01177092235893634,
            0.015271230483498691,
            0.0042932599106664795,
            -0.01565840370777478,
            -0.04487519311456109
        ],
        [
            -0.2451150021253173,
            -0.33579685666447856,
            0.03420597792346469,
            -0.23251872294939313,
            0.006737127215671646,
            -0.5262022595730658,
            -0.5168005819706256,
            -0.029139348275162957,
            -0.08102272580833536,
            0.0025524081943722188,
            -0.4350220003127765,
            -0.595447484221296,
            0.19674691141872339,
            -0.03732400770529817,
            -0.054869352835901546,
            -0.5833616850475182,
            -0.5430354188172014,
            -0.016192730426096258,
            0.09253606168802841,
            0.006173572597316504
        ],
        [
            -0.31082958562800284,
            -0.3148723466424843,
            0.05067333416514935,
            -0.17831283204943493,
            0.002294804372371652,
            -0.5130110514181225,
            -0.4207029558931241,
            -0.10911517347013534,
            -0.12665053752986433,
            0.016615455998292384,
            -0.595447484221296,
            -0.43588188500472547,
            0.16172477025629856,
            0.0038549904049638983,
            -0.045665147789813024,
            -0.4671048830792983,
            -0.3767523649490827,
            -0.0833705312781209,
            0.2263784549259929,
            0.02655098713505429
        ],
        [
            0.04869363893803907,
            0.07938585583719521,
            -0.057631765674103275,
            0.06155652116012704,
            -0.0012859710035586424,
            0.03931036743881283,
            0.1250044922031369,
            0.19785872085732342,
            -0.30475927037767125,
            0.03434028228812358,
            0.19674691141872339,
            0.16172477025629856,
            1.319362200996074,
            0.01836255131403078,
            0.023066324439071403,
            0.04180488260783394,
            0.13323292442701026,
            0.2017988407258326,
            0.3351684347282422,
            0.05241308761885646
        ],
        [
            0.29677651434541985,
            0.1776283033582838,
            -0.05386902461544922,
            0.1335737591394281,
            -0.0021884567721567882,
            0.06005953525880481,
            0.11451998585519291,
            -0.31957947212859233,
            -0.6470242396629533,
            0.08529983835801494,
            -0.03732400770529817,
            0.0038549904049638983,
            0.01836255131403078,
            0.9293904851145667,
            -0.009041490674441476,
            -0.020789786658413356,
            -0.08755229107375195,
            0.380766166524967,
            -0.4614053638025316,
            -0.11655570716128627
        ],
        [
            -0.017974513020016587,
            -0.022410906726753534,
            0.0041047802248113914,
            -0.017042991764826876,
            -0.044182898658470804,
            -0.013916687867850885,
            -0.03563185540312159,
            0.03226182180774894,
            0.07381425355478405,
            0.32644865258947653,
            -0.054869352835901546,
            -0.045665147789813024,
            0.023066324439071403,
            -0.009041490674441476,
            1.3955461396780415,
            -0.010348274694725462,
            -0.03768789215484948,
            0.05338417382594238,
            -0.10457625653958985,
            0.3585565354485205
        ],
        [
            -0.019229415243200293,
            -0.1476698036623807,
            0.0072465516647251035,
            -0.07553006289591499,
            0.001116407763014647,
            -0.27419721179195444,
            -0.33119603977496487,
            -0.04935382996993671,
            -0.3126837955005144,
            0.01177092235893634,
            -0.5833616850475182,
            -0.4671048830792983,
            0.04180488260783394,
            -0.020789786658413356,
            -0.010348274694725462,
            -0.2737188057951665,
            -0.4737305981434108,
            -0.11406586845487385,
            0.26537009755190777,
            0.035820790582433565
        ],
        [
            -0.14651336654116343,
            -0.20849942940707133,
            0.025742808430913665,
            -0.12167539481078776,
            0.0019229854283729694,
            -0.35232135397499015,
            -0.32530305931853987,
            -0.07653614178142078,
            -0.1849300948170191,
            0.015271230483498691,
            -0.5430354188172014,
            -0.3767523649490827,
            0.13323292442701026,
            -0.08755229107375195,
            -0.03768789215484948,
            -0.4737305981434108,
            -0.3235092435536311,
            -0.09330719662809693,
            0.2311665488375857,
            0.02949403884228639
        ],
        [
            -0.008158144107807285,
            -0.03268496225754388,
            -0.004129328921976038,
            -0.017232951806699304,
            0.00021734660092292138,
            -0.05273609377459544,
            -0.06865785238164615,
            -0.061898202511748435,
            -0.0750881515868037,
            0.0042932599106664795,
            -0.016192730426096258,
            -0.0833705312781209,
            0.2017988407258326,
            0.380766166524967,
            0.05338417382594238,
            -0.11406586845487385,
            -0.09330719662809693,
            1.4302759356259096,
            0.09821026819059527,
            0.014255722588965382
        ],
        [
            0.07726569187973667,
            0.12398629358260829,
            -0.01567313663051871,
            0.1004302465358786,
            -0.00037920365662149496,
            0.24204593604782076,
            0.18654184892486503,
            0.06484428401032463,
            0.079837206814111,
            -0.01565840370777478,
            0.09253606168802841,
            0.2263784549259929,
            0.3351684347282422,
            -0.4614053638025316,
            -0.10457625653958985,
            0.26537009755190777,
            0.2311665488375857,
            0.09821026819059527,
            1.2375631719444184,
            -0.030696620754550926
        ],
        [
            0.0017352292601014604,
            0.010010267807824677,
            -0.0003134646694955115,
            0.003573584013385677,
            -0.005886095633846766,
            0.017721868591381234,
            0.021660512618356283,
            0.0059705080787537555,
            0.022921850273843573,
            -0.04487519311456109,
            0.006173572597316504,
            0.02655098713505429,
            0.05241308761885646,
            -0.11655570716128627,
            0.3585565354485205,
            0.035820790582433565,
            0.02949403884228639,
            0.014255722588965382,
            -0.030696620754550926,
            1.4723079914853952
        ]
    ]
}