{
    "HF": -2.1292733364418774,
    "coordinates": [
        [
            0.710875,
            0.132294,
            -0.182611
        ],
        [
            1.479999,
            -0.166018,
            -0.086242
        ],
        [
            2.143826,
            0.091335,
            0.030991
        ],
        [
            2.888062,
            0.115086,
            -0.077663
        ]
    ],
    "elements": [
        "H",
        "H",
        "H",
        "H"
    ],
    "Enn": 3.0501603157619472,
    "S": [
        [
            0.9999999999999999,
            0.6848602514927513,
            0.0,
            0.0,
            0.0,
            0.49897835860120426,
            0.5381035392961059,
            -0.05906470260528293,
            -0.4713972369391156,
            0.18283586592770668,
            0.1426617370815853,
            0.32882038941731634,
            -0.027537710604880004,
            -0.1847369872425043,
            0.005280461272203819,
            0.015798145681709265,
            0.13062814265633896,
            -0.0009314323347682183,
            -0.019322925359578205,
            0.00015272408827887628
        ],
        [
            0.6848602514927513,
            1.0000000000000002,
            0.0,
            0.0,
            0.0,
            0.5381035392961059,
            0.860476634881589,
            -0.020273262908538432,
            -0.16180154470075128,
            0.06275625569189182,
            0.32882038941731634,
            0.6328034329790941,
            -0.026546669706027537,
            -0.17808858017210413,
            0.005090425391565527,
            0.13062814265633896,
            0.3552147860434797,
            -0.004851723974062288,
            -0.10065089724355639,
            0.0007955222219162221
        ],
        [
            0.0,
            0.0,
            1.0000000000000004,
            0.0,
            0.0,
            0.05906470260528293,
            0.020273262908538446,
            0.39857472044718734,
            -0.07859139205390574,
            0.030482412909211942,
            0.027537710604880004,
            0.026546669706027527,
            0.05767712357106443,
            -0.051990797486281465,
            0.0014860878524391994,
            0.0009314323347682183,
            0.004851723974062292,
            0.0020359604064139267,
            -0.0012432851722865214,
            9.826648443476136e-06
        ],
        [
            0.0,
            0.0,
            0.0,
            1.0000000000000004,
            0.0,
            0.4713972369391154,
            0.1618015447007514,
            -0.07859139205390574,
            -0.218818362262225,
            0.24328108983578461,
            0.18473698724250429,
            0.17808858017210433,
            -0.05199079748628151,
            -0.2833536463079438,
            0.009969434154364678,
            0.019322925359578202,
            0.10065089724355633,
            -0.0012432851722865219,
            -0.02369654244869442,
            0.00020385763658865803
        ],
        [
            0.0,
            0.0,
            0.0,
            0.0,
            1.0000000000000004,
            -0.1828358659277066,
            -0.06275625569189174,
            0.03048241290921194,
            0.2432810898357846,
            0.31406312724472624,
            -0.005280461272203818,
            -0.0050904253915655265,
            0.0014860878524392,
            0.009969434154364671,
            0.06514213826531152,
            -0.00015272408827887628,
            -0.000795522221916222,
            9.826648443476119e-06,
            0.0002038576365886576,
            0.002094279838805682
        ],
        [
            0.49897835860120426,
            0.5381035392961059,
            0.05906470260528293,
            0.4713972369391156,
            -0.18283586592770668,
            0.9999999999999999,
            0.6848602514927513,
            0.0,
            0.0,
            0.0,
            0.5856254984457345,
            0.570879550681678,
            -0.08798633857248678,
            -0.49821899273718295,
            -0.1931499508725802,
            0.14750556168510084,
            0.33331450574094945,
            -0.0011521066289827302,
            -0.18909415040509503,
            -0.03775052824729704
        ],
        [
            0.5381035392961059,
            0.860476634881589,
            0.020273262908538457,
            0.16180154470075145,
            -0.06275625569189182,
            0.6848602514927513,
            1.0000000000000002,
            0.0,
            0.0,
            0.0,
            0.570879550681678,
            0.8927812543380242,
            -0.02626927399652235,
            -0.14874867442861145,
            -0.05766700904034717,
            0.33331450574094945,
            0.63819089353874,
            -0.0010817996106923691,
            -0.1775547272677856,
            -0.03544681172212009
        ],
        [
            -0.05906470260528291,
            -0.020273262908538425,
            0.39857472044718734,
            -0.07859139205390574,
            0.030482412909211953,
            0.0,
            0.0,
            1.0000000000000004,
            0.0,
            0.0,
            0.08798633857248678,
            0.02626927399652236,
            0.4905801086058603,
            -0.1027841049250913,
            -0.03984742674640687,
            0.0011521066289827302,
            0.0010817996106923691,
            0.0688041214766453,
            -0.0021581833828496215,
            -0.0004308571290152218
        ],
        [
            -0.4713972369391156,
            -0.1618015447007512,
            -0.07859139205390574,
            -0.21881836226222487,
            0.2432810898357847,
            0.0,
            0.0,
            0.0,
            1.0000000000000004,
            0.0,
            0.4982189927371829,
            0.1487486744286118,
            -0.10278410492509125,
            -0.07327877106309276,
            -0.2256344011906802,
            0.18909415040509503,
            0.17755472726778534,
            -0.0021581833828496306,
            -0.28540328739209475,
            -0.07071616524683068
        ],
        [
            0.1828358659277066,
            0.06275625569189174,
            0.030482412909211932,
            0.24328108983578453,
            0.31406312724472624,
            0.0,
            0.0,
            0.0,
            0.0,
            1.0000000000000004,
            0.19314995087258016,
            0.05766700904034712,
            -0.03984742674640686,
            -0.2256344011906802,
            0.421257828739356,
            0.037750528247297035,
            0.03544681172212007,
            -0.0004308571290152231,
            -0.07071616524683061,
            0.05469958079891738
        ],
        [
            0.1426617370815853,
            0.32882038941731634,
            0.027537710604880004,
            0.1847369872425043,
            -0.005280461272203819,
            0.5856254984457345,
            0.570879550681678,
            0.08798633857248678,
            0.49821899273718295,
            0.1931499508725802,
            0.9999999999999999,
            0.6848602514927513,
            0.0,
            0.0,
            0.0,
            0.560656750828431,
            0.5618500593398053,
            0.0771789152630892,
            -0.5286443865825511,
            -0.01687076790926824
        ],
        [
            0.32882038941731634,
            0.6328034329790941,
            0.02654666970602753,
            0.17808858017210424,
            -0.005090425391565527,
            0.570879550681678,
            0.8927812543380242,
            0.02626927399652236,
            0.14874867442861145,
            0.05766700904034717,
            0.6848602514927513,
            1.0000000000000002,
            0.0,
            0.0,
            0.0,
            0.5618500593398053,
            0.8839537176656981,
            0.023936084551180636,
            -0.16395250816382695,
            -0.0052322596883234
        ],
        [
            -0.027537710604880004,
            -0.026546669706027516,
            0.05767712357106443,
            -0.05199079748628147,
            0.0014860878524391994,
            -0.08798633857248678,
            -0.02626927399652235,
            0.4905801086058603,
            -0.1027841049250913,
            -0.03984742674640687,
            0.0,
            0.0,
            1.0000000000000004,
            0.0,
            0.0,
            -0.0771789152630892,
            -0.02393608455118062,
            0.4647864986272616,
            0.10066099271330305,
            0.0032124208422243212
        ],
        [
            -0.1847369872425043,
            -0.17808858017210433,
            -0.051990797486281506,
            -0.28335364630794374,
            0.009969434154364677,
            -0.4982189927371829,
            -0.1487486744286118,
            -0.10278410492509125,
            -0.07327877106309276,
            -0.2256344011906802,
            0.0,
            0.0,
            0.0,
            1.0000000000000004,
            0.0,
            0.5286443865825511,
            0.16395250816382687,
            0.10066099271330309,
            -0.2100047286684357,
            -0.02200378483934013
        ],
        [
            0.005280461272203818,
            0.0050904253915655265,
            0.0014860878524392,
            0.009969434154364673,
            0.06514213826531152,
            -0.19314995087258016,
            -0.057667009040347134,
            -0.03984742674640686,
            -0.2256344011906802,
            0.421257828739356,
            0.0,
            0.0,
            0.0,
            0.0,
            1.0000000000000004,
            0.01687076790926824,
            0.005232259688323399,
            0.0032124208422243186,
            -0.022003784839340106,
            0.4787801882748358
        ],
        [
            0.015798145681709265,
            0.13062814265633896,
            0.0009314323347682183,
            0.019322925359578202,
            -0.00015272408827887628,
            0.14750556168510084,
            0.33331450574094945,
            0.0011521066289827302,
            0.18909415040509503,
            0.03775052824729704,
            0.560656750828431,
            0.5618500593398053,
            -0.0771789152630892,
            0.5286443865825511,
            0.01687076790926824,
            0.9999999999999999,
            0.6848602514927513,
            0.0,
            0.0,
            0.0
        ],
        [
            0.13062814265633896,
            0.3552147860434797,
            0.004851723974062284,
            0.10065089724355634,
            -0.0007955222219162221,
            0.33331450574094945,
            0.63819089353874,
            0.0010817996106923691,
            0.17755472726778537,
            0.03544681172212009,
            0.5618500593398053,
            0.8839537176656981,
            -0.023936084551180636,
            0.16395250816382695,
            0.0052322596883234,
            0.6848602514927513,
            1.0000000000000002,
            0.0,
            0.0,
            0.0
        ],
        [
            -0.0009314323347682183,
            -0.004851723974062287,
            0.0020359604064139267,
            -0.0012432851722865214,
            9.826648443476119e-06,
            -0.0011521066289827302,
            -0.0010817996106923691,
            0.0688041214766453,
            -0.0021581833828496306,
            -0.00043085712901522324,
            0.0771789152630892,
            0.023936084551180615,
            0.4647864986272616,
            0.10066099271330305,
            0.0032124208422243173,
            0.0,
            0.0,
            1.0000000000000004,
            0.0,
            0.0
        ],
        [
            -0.019322925359578205,
            -0.10065089724355637,
            -0.0012432851722865219,
            -0.02369654244869442,
            0.00020385763658865768,
            -0.18909415040509503,
            -0.17755472726778557,
            -0.0021581833828496215,
            -0.28540328739209475,
            -0.07071616524683064,
            -0.5286443865825511,
            -0.16395250816382687,
            0.10066099271330309,
            -0.2100047286684357,
            -0.022003784839340106,
            0.0,
            0.0,
            0.0,
            1.0000000000000004,
            0.0
        ],
        [
            0.00015272408827887628,
            0.000795522221916222,
            9.826648443476136e-06,
            0.00020385763658865792,
            0.002094279838805682,
            -0.037750528247297035,
            -0.03544681172212005,
            -0.00043085712901522156,
            -0.07071616524683066,
            0.05469958079891738,
            -0.01687076790926824,
            -0.005232259688323399,
            0.0032124208422243225,
            -0.02200378483934013,
            0.4787801882748358,
            0.0,
            0.0,
            0.0,
            0.0,
            1.0000000000000004
        ]
    ],
    "h": [
        [
            -0.2362070967225598,
            -0.45484614728221595,
            -0.03216437361873304,
            -0.24298570933117256,
            0.0881851895933695,
            -0.5495463019153372,
            -0.4440201756592186,
            -0.0008794000739864583,
            0.03770988665743502,
            -0.03516850452230985,
            -0.27074107622846444,
            -0.3186172974061732,
            0.043602548597536414,
            0.31454384943916947,
            0.050396858920047485,
            -0.01929049177328694,
            -0.14583123629538064,
            0.0012075070437733077,
            0.08238254797156672,
            0.006519330309001243
        ],
        [
            -0.45484614728221595,
            -0.31477464383839715,
            -0.02929888277232833,
            -0.21987194931491497,
            0.0756402148876919,
            -0.5326723621400493,
            -0.371370439960353,
            0.003395926569637664,
            0.07804843200189879,
            -0.11164730122976525,
            -0.3630794911430778,
            -0.3225179825806217,
            0.042480437984772496,
            0.1930387109444511,
            0.0625331803828697,
            -0.15012690110159715,
            -0.20813864789941927,
            -0.009540050321251645,
            0.13419893120701676,
            0.010699229801833469
        ],
        [
            -0.03216437361873304,
            -0.02929888277232833,
            1.4857312528293853,
            -0.029206793685311358,
            0.009799259355942882,
            -0.015102092744913129,
            -0.02863009788984381,
            0.292396898590619,
            -0.10860873783183347,
            0.03522057425685163,
            -0.03379713162912344,
            -0.023750192237453067,
            -0.041274435087506445,
            0.0196020539071909,
            0.00781662616939749,
            -0.00772626709316182,
            -0.01496832319773336,
            -0.0066322874050271045,
            0.009689954337024364,
            0.0005305358668700026
        ],
        [
            -0.24298570933117256,
            -0.21987194931491497,
            -0.029206793685311358,
            1.2652204756698344,
            0.07733621909954072,
            -0.10256726064461419,
            -0.2136554865979512,
            -0.11274879920103825,
            -0.5632907489633692,
            0.28740088059137714,
            -0.2487318210163269,
            -0.1811612848615472,
            0.028174081201681633,
            0.10689340006350712,
            0.057829059205402586,
            -0.08100771243562757,
            -0.12196038425954928,
            0.0005032405682878936,
            0.11092254268308321,
            0.004743922461429525
        ],
        [
            0.0881851895933695,
            0.0756402148876919,
            0.009799259355942882,
            0.07733621909954072,
            1.4596397739871216,
            0.019515551570516765,
            0.06666281909499179,
            0.04166380783349929,
            0.3254961857000512,
            0.1852361795684414,
            0.047958040683187264,
            0.05724017217561194,
            -0.010358444547927715,
            -0.06632861455077854,
            -0.06000190901098443,
            0.004061253345042147,
            0.02662556467970864,
            -2.5691015485422815e-05,
            -0.009303319371597512,
            -0.007570198264981005
        ],
        [
            -0.5495463019153372,
            -0.5326723621400493,
            -0.015102092744913129,
            -0.10256726064461419,
            0.019515551570516765,
            -0.44999487358793533,
            -0.6044625076769043,
            -0.014792480174105007,
            -0.025339553913682575,
            -0.17731151515169208,
            -0.5793042503007173,
            -0.5408927363049283,
            0.023066438435589975,
            0.04701532399199049,
            0.006468506789350514,
            -0.28940123420479946,
            -0.3671567254877107,
            -0.018161184149064355,
            0.2736606956790226,
            0.031224888200706867
        ],
        [
            -0.4440201756592186,
            -0.371370439960353,
            -0.02863009788984381,
            -0.2136554865979512,
            0.06666281909499179,
            -0.6044625076769043,
            -0.4398754751402325,
            -0.011588809796748529,
            -0.03504003820130611,
            -0.14750408393841807,
            -0.549744492631083,
            -0.426412512110385,
            0.059259862856386285,
            0.12738139675757892,
            0.07041009478502624,
            -0.33379317765610067,
            -0.32541162328705986,
            -0.024008018508035894,
            0.2079288782480807,
            0.013918616200429196
        ],
        [
            -0.0008794000739864583,
            0.003395926569637664,
            0.292396898590619,
            -0.11274879920103825,
            0.04166380783349929,
            -0.014792480174105007,
            -0.011588809796748529,
            1.3848345081262117,
            -0.06984674818891658,
            -0.006590751676508396,
            0.0002619765562645593,
            -0.021507531551613515,
            0.41273749594813414,
            -0.16275361474991704,
            -0.057862726223829916,
            -0.030608719163953444,
            -0.027126205555924297,
            -0.05006396585623135,
            0.030647418920433375,
            0.002545725199093251
        ],
        [
            0.03770988665743502,
            0.07804843200189879,
            -0.10860873783183347,
            -0.5632907489633692,
            0.3254961857000512,
            -0.025339553913682575,
            -0.03504003820130611,
            -0.06984674818891658,
            0.8855360757608066,
            -0.020082738465745598,
            -0.06255270290259252,
            -0.14182380117748752,
            -0.1412708817253815,
            -0.5729582229686412,
            -0.32877579560200415,
            -0.33073569191861174,
            -0.1993963953796053,
            -0.02977901892098018,
            0.13146442212110276,
            0.004226196584454112
        ],
        [
            -0.03516850452230985,
            -0.11164730122976525,
            0.03522057425685163,
            0.28740088059137714,
            0.1852361795684414,
            -0.17731151515169208,
            -0.14750408393841807,
            -0.006590751676508396,
            -0.020082738465745598,
            1.3292603291754668,
            -0.04306539255495023,
            -0.12483332420072925,
            -0.04811720029728313,
            -0.3027677516740151,
            0.3185212355701007,
            -0.08133063447885547,
            -0.0879536389643058,
            -0.008487065769596543,
            0.07133646796253224,
            -0.04242317002567765
        ],
        [
            -0.27074107622846444,
            -0.3630794911430778,
            -0.03379713162912344,
            -0.2487318210163269,
            0.047958040683187264,
            -0.5793042503007173,
            -0.549744492631083,
            0.0002619765562645593,
            -0.06255270290259252,
            -0.04306539255495023,
            -0.4971711028417809,
            -0.625753966049733,
            0.08259518828770163,
            -0.028370964041595004,
            0.08411732960943737,
            -0.5945702080736543,
            -0.5579524997350827,
            -0.00459317639817769,
            0.09442980443181515,
            0.015500225601317433
        ],
        [
            -0.3186172974061732,
            -0.3225179825806217,
            -0.023750192237453067,
            -0.1811612848615472,
            0.05724017217561194,
            -0.5408927363049283,
            -0.426412512110385,
            -0.021507531551613515,
            -0.14182380117748752,
            -0.12483332420072925,
            -0.625753966049733,
            -0.4459410985252701,
            0.0678835096074657,
            0.006522019546812502,
            0.06762369331830177,
            -0.4671374323410431,
            -0.37406612660399396,
            -0.028998526154327704,
            0.24807230404974645,
            0.01774804460738357
        ],
        [
            0.043602548597536414,
            0.042480437984772496,
            -0.041274435087506445,
            0.028174081201681633,
            -0.010358444547927715,
            0.023066438435589975,
            0.059259862856386285,
            0.41273749594813414,
            -0.1412708817253815,
            -0.04811720029728313,
            0.08259518828770163,
            0.0678835096074657,
            1.3710523712659282,
            -0.009152585370309732,
            -0.015106163161434281,
            0.011430718883175872,
            0.05024067002326043,
            0.38875613470869175,
            0.12521096043009144,
            0.001694745809335282
        ],
        [
            0.31454384943916947,
            0.1930387109444511,
            0.0196020539071909,
            0.10689340006350712,
            -0.06632861455077854,
            0.04701532399199049,
            0.12738139675757892,
            -0.16275361474991704,
            -0.5729582229686412,
            -0.3027677516740151,
            -0.028370964041595004,
            0.006522019546812502,
            -0.009152585370309732,
            0.8051781773977322,
            -0.10107722321849305,
            -0.018612938217961172,
            -0.10331722966913287,
            0.14202821129002102,
            -0.6057249719034257,
            -0.03603111153823149
        ],
        [
            0.050396858920047485,
            0.0625331803828697,
            0.00781662616939749,
            0.057829059205402586,
            -0.06000190901098443,
            0.006468506789350514,
            0.07041009478502624,
            -0.057862726223829916,
            -0.32877579560200415,
            0.3185212355701007,
            0.08411732960943737,
            0.06762369331830177,
            -0.015106163161434281,
            -0.10107722321849305,
            1.3497249083956055,
            0.0195178767574584,
            0.03759784746595849,
            0.005635034399005516,
            -0.05884902237607672,
            0.40409025998534
        ],
        [
            -0.01929049177328694,
            -0.15012690110159715,
            -0.00772626709316182,
            -0.08100771243562757,
            0.004061253345042147,
            -0.28940123420479946,
            -0.33379317765610067,
            -0.030608719163953444,
            -0.33073569191861174,
            -0.08133063447885547,
            -0.5945702080736543,
            -0.4671374323410431,
            0.011430718883175872,
            -0.018612938217961172,
            0.0195178767574584,
            -0.2825810675090623,
            -0.4745589398792043,
            -0.04131411591077131,
            0.29777682988124876,
            0.015294562798158962
        ],
        [
            -0.14583123629538064,
            -0.20813864789941927,
            -0.01496832319773336,
            -0.12196038425954928,
            0.02662556467970864,
            -0.3671567254877107,
            -0.32541162328705986,
            -0.027126205555924297,
            -0.1993963953796053,
            -0.0879536389643058,
            -0.5579524997350827,
            -0.37406612660399396,
            0.05024067002326043,
            -0.10331722966913287,
            0.03759784746595849,
            -0.4745589398792043,
            -0.31873705199409597,
            -0.03296308236985024,
            0.25327820362307374,
            0.01523283007575799
        ],
        [
            0.0012075070437733077,
            -0.009540050321251645,
            -0.0066322874050271045,
            0.0005032405682878936,
            -2.5691015485422815e-05,
            -0.018161184149064355,
            -0.024008018508035894,
            -0.05006396585623135,
            -0.02977901892098018,
            -0.008487065769596543,
            -0.00459317639817769,
            -0.028998526154327704,
            0.38875613470869175,
            0.14202821129002102,
            0.005635034399005516,
            -0.04131411591077131,
            -0.03296308236985024,
            1.4705539050839096,
            0.038491467539377336,
            0.0012787268204185157
        ],
        [
            0.08238254797156672,
            0.13419893120701676,
            0.009689954337024364,
            0.11092254268308321,
            -0.009303319371597512,
            0.2736606956790226,
            0.2079288782480807,
            0.030647418920433375,
            0.13146442212110276,
            0.07133646796253224,
            0.09442980443181515,
            0.24807230404974645,
            0.12521096043009144,
            -0.6057249719034257,
            -0.05884902237607672,
            0.29777682988124876,
            0.25327820362307374,
            0.038491467539377336,
            1.1831613829596888,
            -0.015240008196852495
        ],
        [
            0.006519330309001243,
            0.010699229801833469,
            0.0005305358668700026,
            0.004743922461429525,
            -0.007570198264981005,
            0.031224888200706867,
            0.013918616200429196,
            0.002545725199093251,
            0.004226196584454112,
            -0.04242317002567765,
            0.015500225601317433,
            0.01774804460738357,
            0.001694745809335282,
            -0.03603111153823149,
            0.40409025998534,
            0.015294562798158962,
            0.01523283007575799,
            0.0012787268204185157,
            -0.015240008196852495,
            1.474511208832165
        ]
    ]
}