{
    "HF": -2.173393477773762,
    "coordinates": [
        [
            0.676153,
            -0.03756,
            -0.085955
        ],
        [
            1.434959,
            -0.024441,
            0.076357
        ],
        [
            2.242891,
            0.016422,
            -0.162601
        ],
        [
            3.021693,
            0.049131,
            0.135891
        ]
    ],
    "elements": [
        "H",
        "H",
        "H",
        "H"
    ],
    "Enn": 2.8377046565893176,
    "S": [
        [
            0.9999999999999999,
            0.6848602514927513,
            0.0,
            0.0,
            0.0,
            0.5418011951881839,
            0.5548163557652048,
            -0.11041038116335271,
            -0.5161667633264271,
            -0.00892400925675258,
            0.10471754734693518,
            0.28974264975113534,
            0.006777559299906778,
            -0.13854160298537885,
            -0.004773454663355787,
            0.008226565483212364,
            0.09868250229420641,
            -0.0008862392551491296,
            -0.00937005680752634,
            -0.00034631666682353156
        ],
        [
            0.6848602514927513,
            1.0000000000000002,
            0.0,
            0.0,
            0.0,
            0.5548163557652048,
            0.8770398669487168,
            -0.03527911775605543,
            -0.164929310389875,
            -0.002851463513737065,
            0.28974264975113534,
            0.5847172032979567,
            0.008319795064067452,
            -0.17006678860066934,
            -0.005859655783060939,
            0.09868250229420641,
            0.2979619151505127,
            -0.007590144649461461,
            -0.08024930754260987,
            -0.0029660089873446618
        ],
        [
            0.0,
            0.0,
            1.0000000000000004,
            0.0,
            0.0,
            0.11041038116335272,
            0.035279117756055425,
            0.42626770506358436,
            -0.14630690213078756,
            -0.0025295006221007763,
            -0.006777559299906778,
            -0.00831979506406745,
            0.040230180268685814,
            0.012736340035672006,
            0.00043883093906297427,
            0.0008862392551491294,
            0.007590144649461461,
            0.0006414242945917349,
            -0.000993440639362867,
            -3.6717498941397855e-05
        ],
        [
            0.0,
            0.0,
            0.0,
            1.0000000000000004,
            0.0,
            0.5161667633264271,
            0.16492931038987496,
            -0.1463069021307875,
            -0.22641901750501,
            -0.011825374889433938,
            0.13854160298537885,
            0.1700667886006693,
            0.012736340035672011,
            -0.2194931189274883,
            -0.00897024121031295,
            0.00937005680752634,
            0.08024930754260988,
            -0.0009934406393628669,
            -0.009768092842606603,
            -0.00038820786702039385
        ],
        [
            0.0,
            0.0,
            0.0,
            0.0,
            1.0000000000000004,
            0.008924009256752578,
            0.0028514635137370644,
            -0.002529500622100775,
            -0.011825374889433938,
            0.457358957380353,
            0.004773454663355787,
            0.00585965578306094,
            0.00043883093906297454,
            -0.008970241210312951,
            0.04054418168906306,
            0.0003463166668235315,
            0.0029660089873446596,
            -3.671749894139785e-05,
            -0.00038820786702039385,
            0.0007210378180789617
        ],
        [
            0.5418011951881839,
            0.5548163557652048,
            0.11041038116335271,
            0.5161667633264271,
            0.008924009256752578,
            0.9999999999999999,
            0.6848602514927513,
            0.0,
            0.0,
            0.0,
            0.48896865002561196,
            0.5340394494609318,
            0.14274749265243764,
            -0.48263823447496723,
            -0.024410527340606128,
            0.09925918600059104,
            0.28342589512979693,
            -0.004932548306631562,
            -0.1314650805384271,
            -0.006095633487007378
        ],
        [
            0.5548163557652048,
            0.8770398669487168,
            0.03527911775605543,
            0.164929310389875,
            0.002851463513737065,
            0.6848602514927513,
            1.0000000000000002,
            0.0,
            0.0,
            0.0,
            0.5340394494609317,
            0.8564194781867656,
            0.04986463889139497,
            -0.1685954746390684,
            -0.008527099904665566,
            0.28342589512979693,
            0.5767192833919779,
            -0.006311672195703882,
            -0.16822227415893468,
            -0.007799952074147995
        ],
        [
            -0.11041038116335272,
            -0.035279117756055425,
            0.42626770506358436,
            -0.14630690213078756,
            -0.0025295006221007763,
            0.0,
            0.0,
            1.0000000000000004,
            0.0,
            0.0,
            -0.14274749265243758,
            -0.04986463889139496,
            0.33821548368733606,
            0.19902447874043613,
            0.01006611605279955,
            0.004932548306631564,
            0.006311672195703879,
            0.037287964966052134,
            -0.009229638921718198,
            -0.0004279501130930902
        ],
        [
            -0.5161667633264271,
            -0.16492931038987496,
            -0.1463069021307875,
            -0.22641901750501,
            -0.011825374889433938,
            0.0,
            0.0,
            0.0,
            1.0000000000000004,
            0.0,
            0.482638234474967,
            0.16859547463906835,
            0.19902447874043624,
            -0.27583430088250355,
            -0.034034170334412105,
            0.13146508053842715,
            0.16822227415893443,
            -0.009229638921718197,
            -0.20835932205580404,
            -0.011405969609780143
        ],
        [
            -0.00892400925675258,
            -0.00285146351373707,
            -0.002529500622100775,
            -0.011825374889433938,
            0.457358957380353,
            0.0,
            0.0,
            0.0,
            0.0,
            1.0000000000000004,
            0.02441052734060612,
            0.00852709990466556,
            0.010066116052799546,
            -0.03403417033441207,
            0.395358601039393,
            0.006095633487007378,
            0.007799952074147984,
            -0.00042795011309309004,
            -0.011405969609780143,
            0.0371053996006127
        ],
        [
            0.10471754734693518,
            0.28974264975113534,
            -0.006777559299906778,
            0.13854160298537885,
            0.004773454663355787,
            0.48896865002561196,
            0.5340394494609318,
            -0.14274749265243764,
            0.48263823447496723,
            0.024410527340606128,
            0.9999999999999999,
            0.6848602514927513,
            0.0,
            0.0,
            0.0,
            0.49578338167174046,
            0.5368130934212939,
            -0.18146415851709843,
            -0.4734621014346555,
            -0.019884992431742812
        ],
        [
            0.28974264975113534,
            0.5847172032979567,
            -0.008319795064067452,
            0.17006678860066934,
            0.005859655783060939,
            0.5340394494609317,
            0.8564194781867656,
            -0.04986463889139497,
            0.16859547463906874,
            0.008527099904665566,
            0.6848602514927513,
            1.0000000000000002,
            0.0,
            0.0,
            0.0,
            0.5368130934212939,
            0.8591896574976923,
            -0.06263336324395018,
            -0.16341807673611009,
            -0.006863415697393453
        ],
        [
            0.006777559299906778,
            0.00831979506406745,
            0.040230180268685814,
            0.012736340035672011,
            0.00043883093906297443,
            0.14274749265243758,
            0.049864638891394954,
            0.33821548368733606,
            0.19902447874043624,
            0.01006611605279955,
            0.0,
            0.0,
            1.0000000000000004,
            0.0,
            0.0,
            0.18146415851709843,
            0.0626333632439502,
            0.3111614611688136,
            -0.24430221871472582,
            -0.010260478622217154
        ],
        [
            -0.13854160298537885,
            -0.1700667886006693,
            0.012736340035672006,
            -0.2194931189274883,
            -0.00897024121031295,
            -0.4826382344749673,
            -0.16859547463906835,
            0.19902447874043613,
            -0.27583430088250355,
            -0.034034170334412084,
            0.0,
            0.0,
            0.0,
            1.0000000000000004,
            0.0,
            0.4734621014346555,
            0.16341807673611006,
            -0.24430221871472546,
            -0.23261891006064234,
            -0.026770838990458557
        ],
        [
            -0.004773454663355787,
            -0.005859655783060942,
            0.0004388309390629744,
            -0.008970241210312951,
            0.04054418168906306,
            -0.02441052734060612,
            -0.008527099904665556,
            0.010066116052799546,
            -0.03403417033441209,
            0.395358601039393,
            0.0,
            0.0,
            0.0,
            0.0,
            1.0000000000000004,
            0.019884992431742805,
            0.006863415697393452,
            -0.010260478622217153,
            -0.026770838990458592,
            0.40367099567958403
        ],
        [
            0.008226565483212364,
            0.09868250229420641,
            0.0008862392551491296,
            0.00937005680752634,
            0.00034631666682353156,
            0.09925918600059104,
            0.28342589512979693,
            0.004932548306631562,
            0.13146508053842715,
            0.006095633487007378,
            0.49578338167174046,
            0.5368130934212939,
            0.18146415851709843,
            0.4734621014346555,
            0.019884992431742805,
            0.9999999999999999,
            0.6848602514927513,
            0.0,
            0.0,
            0.0
        ],
        [
            0.09868250229420641,
            0.2979619151505127,
            0.007590144649461461,
            0.08024930754260992,
            0.0029660089873446618,
            0.28342589512979693,
            0.5767192833919779,
            0.006311672195703882,
            0.16822227415893468,
            0.007799952074147995,
            0.5368130934212939,
            0.8591896574976923,
            0.06263336324395018,
            0.16341807673611009,
            0.006863415697393453,
            0.6848602514927513,
            1.0000000000000002,
            0.0,
            0.0,
            0.0
        ],
        [
            -0.0008862392551491294,
            -0.007590144649461463,
            0.0006414242945917349,
            -0.000993440639362867,
            -3.6717498941397855e-05,
            -0.004932548306631564,
            -0.006311672195703879,
            0.037287964966052134,
            -0.009229638921718197,
            -0.0004279501130930902,
            -0.18146415851709843,
            -0.0626333632439502,
            0.3111614611688136,
            -0.24430221871472554,
            -0.010260478622217156,
            0.0,
            0.0,
            1.0000000000000004,
            0.0,
            0.0
        ],
        [
            -0.00937005680752634,
            -0.08024930754260985,
            -0.0009934406393628669,
            -0.009768092842606603,
            -0.00038820786702039385,
            -0.13146508053842715,
            -0.1682222741589346,
            -0.009229638921718198,
            -0.208359322055804,
            -0.011405969609780148,
            -0.4734621014346555,
            -0.16341807673611006,
            -0.24430221871472577,
            -0.23261891006064223,
            -0.026770838990458592,
            0.0,
            0.0,
            0.0,
            1.0000000000000004,
            0.0
        ],
        [
            -0.0003463166668235315,
            -0.0029660089873446596,
            -3.671749894139785e-05,
            -0.00038820786702039385,
            0.0007210378180789617,
            -0.006095633487007378,
            -0.007799952074147986,
            -0.00042795011309309004,
            -0.011405969609780138,
            0.0371053996006127,
            -0.019884992431742802,
            -0.006863415697393452,
            -0.010260478622217151,
            -0.026770838990458557,
            0.40367099567958403,
            0.0,
            0.0,
            0.0,
            0.0,
            1.0000000000000004
        ]
    ],
    "h": [
        [
            -0.2632227980094244,
            -0.46653507494459834,
            -0.05480022181134606,
            -0.27853842804310447,
            -0.005002642878672296,
            -0.5720135932829387,
            -0.46026218084680126,
            0.020987191604697808,
            0.025289439636262068,
            -0.00019414101677136045,
            -0.221897206301435,
            -0.3010338140224924,
            -0.0372767698384428,
            0.28469470718692547,
            0.012021394414848405,
            -0.0023689631935170617,
            -0.1205675432121664,
            0.003995551984176943,
            0.04921981869369013,
            0.002041415591427188
        ],
        [
            -0.46653507494459834,
            -0.3129555351722082,
            -0.04431116278136367,
            -0.2381560909084758,
            -0.004440972372120705,
            -0.5301095944908613,
            -0.3658806745707339,
            0.07194103668868485,
            0.11685621310896585,
            -0.0008936133799523965,
            -0.3075452145414696,
            -0.30167195412396786,
            -0.05544945785175026,
            0.17122746705350747,
            0.008191946552911757,
            -0.11834940222872291,
            -0.18265612679678267,
            0.023404980517537016,
            0.09959360556372071,
            0.004218432250608232
        ],
        [
            -0.05480022181134606,
            -0.04431116278136367,
            1.4708246915901473,
            -0.05140770507679025,
            -0.0008628005663784569,
            -0.003785022868639021,
            -0.03856029005753155,
            0.33806545790239306,
            -0.20420676219353529,
            -0.0035456146500831157,
            -0.014799343720609894,
            -0.029738329256726963,
            -0.0484956578299902,
            0.02705902272244945,
            0.0012186255852608583,
            -0.001561092879827909,
            -0.012733455701928974,
            -0.002207028023237187,
            0.005724155203917966,
            0.00023230385968447056
        ],
        [
            -0.27853842804310447,
            -0.2381560909084758,
            -0.05140770507679025,
            1.2162672433630135,
            -0.004903049354242889,
            -0.07251775088557555,
            -0.22727611407803322,
            -0.1829072316993422,
            -0.5972804576575377,
            -0.018537555339347797,
            -0.22085735729305664,
            -0.17850364608166447,
            -0.04621222106975102,
            0.1886791908668326,
            0.010216475930824302,
            -0.05018040503978943,
            -0.10720278529279212,
            0.009102285989629172,
            0.0643914042480963,
            0.002676081994370752
        ],
        [
            -0.005002642878672296,
            -0.004440972372120705,
            -0.0008628005663784569,
            -0.004903049354242889,
            1.482090147659128,
            -0.0019145523071423982,
            -0.004497189853351117,
            -0.0029246033896861328,
            -0.017337842695127243,
            0.38070786326269546,
            -0.005979480376057909,
            -0.0036111453426866877,
            -0.0011166909578471753,
            0.005410314076688252,
            -0.04318450444578298,
            -0.00176383964419805,
            -0.002740084417877196,
            0.00031060549228340527,
            0.002196115133370584,
            -0.002530939720110161
        ],
        [
            -0.5720135932829387,
            -0.5301095944908613,
            -0.003785022868639021,
            -0.07251775088557555,
            -0.0019145523071423982,
            -0.41189733603650147,
            -0.5843826061705837,
            0.11169757393718498,
            0.07717945136237223,
            -0.004780302418310544,
            -0.47759456844982573,
            -0.485486827573417,
            -0.027451874822711386,
            0.07029198672660542,
            0.002893544688858593,
            -0.20810533192160868,
            -0.30253268481736706,
            0.037141743628857145,
            0.2044287571610614,
            0.00907860858408773
        ],
        [
            -0.46026218084680126,
            -0.3658806745707339,
            -0.03856029005753155,
            -0.22727611407803322,
            -0.004497189853351117,
            -0.5843826061705837,
            -0.4308656925302652,
            0.09374858024013849,
            0.026011684934827847,
            -0.005486250956447943,
            -0.47938748811899967,
            -0.40343517911120386,
            -0.08752685039819433,
            0.11314224212608315,
            0.005921153146832175,
            -0.2887842561262122,
            -0.29812235765092754,
            0.05171323400230658,
            0.15957382542183507,
            0.006844254494090984
        ],
        [
            0.020987191604697808,
            0.07194103668868485,
            0.33806545790239306,
            -0.1829072316993422,
            -0.0029246033896861328,
            0.11169757393718498,
            0.09374858024013849,
            1.386310140914101,
            0.0023570664521802885,
            0.0019306057834795004,
            0.018531261827656853,
            0.07148955542594013,
            0.2136698501912258,
            0.24509134988146497,
            0.01254022104918075,
            0.026104223553537982,
            0.04790934728244585,
            -0.05007792943083095,
            -0.03254250265752235,
            -0.0014165602304288618
        ],
        [
            0.025289439636262068,
            0.11685621310896585,
            -0.20420676219353529,
            -0.5972804576575377,
            -0.017337842695127243,
            0.07717945136237223,
            0.026011684934827847,
            0.0023570664521802885,
            0.9200223862908419,
            -0.016195344508345685,
            -0.059968559140992084,
            -0.1019867958598692,
            0.23875292193336034,
            -0.7267108126831187,
            -0.049929467951409956,
            -0.27271000650499844,
            -0.16675493576385866,
            0.05364037700158602,
            0.17802972993912103,
            0.009667271119942252
        ],
        [
            -0.00019414101677136045,
            -0.0008936133799523965,
            -0.0035456146500831157,
            -0.018537555339347797,
            0.38070786326269546,
            -0.004780302418310544,
            -0.005486250956447943,
            0.0019306057834795004,
            -0.016195344508345685,
            1.4143838473183625,
            -0.004005960260310255,
            -0.008481496686459701,
            0.011963306667922596,
            -0.04837173496368541,
            0.28420151991191334,
            -0.012558129304107345,
            -0.009048967403312251,
            0.0025760496727708143,
            0.010743171350002915,
            -0.0411627077515902
        ],
        [
            -0.221897206301435,
            -0.3075452145414696,
            -0.014799343720609894,
            -0.22085735729305664,
            -0.005979480376057909,
            -0.47759456844982573,
            -0.47938748811899967,
            0.018531261827656853,
            -0.059968559140992084,
            -0.004005960260310255,
            -0.3777382143177459,
            -0.569096058746957,
            -0.13951687754550102,
            -0.03753796803416112,
            6.776019456175911e-05,
            -0.53859162121848,
            -0.5111766572476449,
            0.017488646791973372,
            0.07904492252779627,
            0.003555009498642958
        ],
        [
            -0.3010338140224924,
            -0.30167195412396786,
            -0.029738329256726963,
            -0.17850364608166447,
            -0.0036111453426866877,
            -0.485486827573417,
            -0.40343517911120386,
            0.07148955542594013,
            -0.1019867958598692,
            -0.008481496686459701,
            -0.569096058746957,
            -0.42738342112515615,
            -0.12018978106505983,
            -0.003706920194510327,
            0.0012056406882721199,
            -0.4424771235477918,
            -0.3634756438180048,
            0.06597317431275167,
            0.20120861934921708,
            0.008656842973483354
        ],
        [
            -0.0372767698384428,
            -0.05544945785175026,
            -0.0484956578299902,
            -0.04621222106975102,
            -0.0011166909578471753,
            -0.027451874822711386,
            -0.08752685039819433,
            0.2136698501912258,
            0.23875292193336034,
            0.011963306667922596,
            -0.13951687754550102,
            -0.12018978106505983,
            1.375750717258516,
            -0.020482153309306014,
            -0.00035638196110572806,
            -0.029167374743001795,
            -0.0958242908544549,
            0.18404971035577677,
            -0.3028373201890404,
            -0.012633780963214932
        ],
        [
            0.28469470718692547,
            0.17122746705350747,
            0.02705902272244945,
            0.1886791908668326,
            0.005410314076688252,
            0.07029198672660542,
            0.11314224212608315,
            0.24509134988146497,
            -0.7267108126831187,
            -0.04837173496368541,
            -0.03753796803416112,
            -0.003706920194510327,
            -0.020482153309306014,
            0.9763705677605772,
            -0.020208968230866133,
            -0.03992627806443427,
            -0.09823103856792958,
            -0.32647386250308075,
            -0.563861634989146,
            -0.03653540060631808
        ],
        [
            0.012021394414848405,
            0.008191946552911757,
            0.0012186255852608583,
            0.010216475930824302,
            -0.04318450444578298,
            0.002893544688858593,
            0.005921153146832175,
            0.01254022104918075,
            -0.049929467951409956,
            0.28420151991191334,
            6.776019456175911e-05,
            0.0012056406882721199,
            -0.00035638196110572806,
            -0.020208968230866133,
            1.4215772344786066,
            -0.0012169971066490239,
            -0.00327337767231955,
            -0.013795298075705214,
            -0.036966265197821514,
            0.30396315596938756
        ],
        [
            -0.0023689631935170617,
            -0.11834940222872291,
            -0.001561092879827909,
            -0.05018040503978943,
            -0.00176383964419805,
            -0.20810533192160868,
            -0.2887842561262122,
            0.026104223553537982,
            -0.27271000650499844,
            -0.012558129304107345,
            -0.53859162121848,
            -0.4424771235477918,
            -0.029167374743001795,
            -0.03992627806443427,
            -0.0012169971066490239,
            -0.22903295286042824,
            -0.45151365354132955,
            0.08662597966977116,
            0.23809235751489552,
            0.010145154606970535
        ],
        [
            -0.1205675432121664,
            -0.18265612679678267,
            -0.012733455701928974,
            -0.10720278529279212,
            -0.002740084417877196,
            -0.30253268481736706,
            -0.29812235765092754,
            0.04790934728244585,
            -0.16675493576385866,
            -0.009048967403312251,
            -0.5111766572476449,
            -0.3634756438180048,
            -0.0958242908544549,
            -0.09823103856792958,
            -0.00327337767231955,
            -0.45151365354132955,
            -0.30945219941233004,
            0.07471827697470185,
            0.21290826009134858,
            0.009108321240762891
        ],
        [
            0.003995551984176943,
            0.023404980517537016,
            -0.002207028023237187,
            0.009102285989629172,
            0.00031060549228340527,
            0.037141743628857145,
            0.05171323400230658,
            -0.05007792943083095,
            0.05364037700158602,
            0.0025760496727708143,
            0.017488646791973372,
            0.06597317431275167,
            0.18404971035577677,
            -0.32647386250308075,
            -0.013795298075705214,
            0.08662597966977116,
            0.07471827697470185,
            1.4624398737407325,
            -0.07671101166499159,
            -0.0032287207351270877
        ],
        [
            0.04921981869369013,
            0.09959360556372071,
            0.005724155203917966,
            0.0643914042480963,
            0.002196115133370584,
            0.2044287571610614,
            0.15957382542183507,
            -0.03254250265752235,
            0.17802972993912103,
            0.010743171350002915,
            0.07904492252779627,
            0.20120861934921708,
            -0.3028373201890404,
            -0.563861634989146,
            -0.036966265197821514,
            0.23809235751489552,
            0.21290826009134858,
            -0.07671101166499159,
            1.2761069079436798,
            -0.00916930231666047
        ],
        [
            0.002041415591427188,
            0.004218432250608232,
            0.00023230385968447056,
            0.002676081994370752,
            -0.002530939720110161,
            0.00907860858408773,
            0.006844254494090984,
            -0.0014165602304288618,
            0.009667271119942252,
            -0.0411627077515902,
            0.003555009498642958,
            0.008656842973483354,
            -0.012633780963214932,
            -0.03653540060631808,
            0.30396315596938756,
            0.010145154606970535,
            0.009108321240762891,
            -0.0032287207351270877,
            -0.00916930231666047,
            1.491379607849576
        ]
    ]
}