{
    "HF": -2.1737724159074334,
    "coordinates": [
        [
            0.781579,
            0.148725,
            -0.186613
        ],
        [
            1.451484,
            -0.029153,
            0.045658
        ],
        [
            2.273767,
            0.166477,
            -0.084791
        ],
        [
            3.060915,
            -0.063635,
            0.020504
        ]
    ],
    "elements": [
        "H",
        "H",
        "H",
        "H"
    ],
    "Enn": 2.8953517432242544,
    "S": [
        [
            0.9999999999999999,
            0.6848602514927513,
            0.0,
            0.0,
            0.0,
            0.5779796106368938,
            0.5681480264977657,
            -0.17145552460114305,
            -0.49450389074800055,
            0.13130423429959887,
            0.12692337815966553,
            0.3135158499176014,
            -0.01138073981703109,
            -0.16678324317039528,
            -0.0019841575811900803,
            0.010269608553257141,
            0.10857497878126668,
            -0.001085745491446623,
            -0.011948699457272843,
            0.0011132302638779284
        ],
        [
            0.6848602514927513,
            1.0000000000000002,
            0.0,
            0.0,
            0.0,
            0.5681480264977657,
            0.8901164665313376,
            -0.051780928398276256,
            -0.14934409736319773,
            0.039654920251036854,
            0.3135158499176014,
            0.6142434935890777,
            -0.01202556179422954,
            -0.17623302432291452,
            -0.002096578077146025,
            0.10857497878126668,
            0.31635130106101483,
            -0.007851580065128672,
            -0.08640714716479152,
            0.008050336489185942
        ],
        [
            0.0,
            0.0,
            1.0000000000000004,
            0.0,
            0.0,
            0.17145552460114305,
            0.051780928398276194,
            0.4297537843851036,
            -0.20187996298456162,
            0.05360462163406428,
            0.01138073981703109,
            0.012025561794229525,
            0.05331730058233828,
            -0.0216130106572732,
            -0.00025712186747776754,
            0.001085745491446623,
            0.007851580065128668,
            0.0009337360918169259,
            -0.001287830904073642,
            0.00011998396497448318
        ],
        [
            0.0,
            0.0,
            0.0,
            1.0000000000000004,
            0.0,
            0.49450389074800016,
            0.14934409736319734,
            -0.20187996298456148,
            -0.08250254393719068,
            0.15460390688363088,
            0.16678324317039528,
            0.17623302432291438,
            -0.021613010657273193,
            -0.26194372341442157,
            -0.003768087104829163,
            0.011948699457272843,
            0.0864071471647915,
            -0.001287830904073642,
            -0.013121904764493864,
            0.0013204313059240846
        ],
        [
            0.0,
            0.0,
            0.0,
            0.0,
            1.0000000000000004,
            -0.13130423429959887,
            -0.03965492025103684,
            0.0536046216340643,
            0.15460390688363104,
            0.45869852600330413,
            0.0019841575811900803,
            0.0020965780771460244,
            -0.0002571218674777666,
            -0.00376808710482915,
            0.054747273808808374,
            -0.001113230263877928,
            -0.008050336489185937,
            0.00011998396497448315,
            0.0013204313059240842,
            0.0009277364854548023
        ],
        [
            0.5779796106368938,
            0.5681480264977657,
            0.17145552460114305,
            0.4945038907480004,
            -0.13130423429959887,
            0.9999999999999999,
            0.6848602514927513,
            0.0,
            0.0,
            0.0,
            0.47998118085284647,
            0.5303365692573595,
            0.07611784098596304,
            -0.4798074852199759,
            -0.11415137894567186,
            0.09392121007192057,
            0.27703645637433744,
            0.0019486298493441106,
            -0.12467938646178502,
            0.0026712512707753678
        ],
        [
            0.5681480264977657,
            0.8901164665313376,
            0.05178092839827624,
            0.14934409736319756,
            -0.03965492025103685,
            0.6848602514927513,
            1.0000000000000002,
            0.0,
            0.0,
            0.0,
            0.5303365692573595,
            0.8527126771693836,
            0.027020017612958705,
            -0.17032021052546564,
            -0.04052101622567526,
            0.2770364563743374,
            0.5685603699197703,
            0.002602489781146694,
            -0.1665153745313154,
            0.0035675857769539754
        ],
        [
            -0.17145552460114305,
            -0.051780928398276214,
            0.4297537843851036,
            -0.20187996298456148,
            0.05360462163406428,
            0.0,
            0.0,
            1.0000000000000004,
            0.0,
            0.0,
            -0.07611784098596304,
            -0.027020017612958688,
            0.3698528272399268,
            0.10775724583070753,
            0.02563661172839682,
            -0.0019486298493441097,
            -0.002602489781146694,
            0.034514029624423244,
            0.003633466945384153,
            -7.784689571080487e-05
        ],
        [
            -0.49450389074800016,
            -0.14934409736319734,
            -0.20187996298456162,
            -0.08250254393719053,
            0.15460390688363096,
            0.0,
            0.0,
            0.0,
            1.0000000000000004,
            0.0,
            0.4798074852199759,
            0.1703202105254659,
            0.10775724583070756,
            -0.29229822065212124,
            -0.16159993562128738,
            0.12467938646178502,
            0.16651537453131524,
            0.0036334669453841556,
            -0.1979096761962794,
            0.004980886030481691
        ],
        [
            0.13130423429959887,
            0.03965492025103684,
            0.0536046216340643,
            0.1546039068836309,
            0.45869852600330413,
            0.0,
            0.0,
            0.0,
            0.0,
            1.0000000000000004,
            0.11415137894567186,
            0.040521016225675235,
            0.025636611728396815,
            -0.16159993562128736,
            0.3485013333573797,
            -0.002671251270775368,
            -0.003567585776953973,
            -7.78468957108049e-05,
            0.0049808860304816896,
            0.03446410223731633
        ],
        [
            0.12692337815966553,
            0.3135158499176014,
            0.01138073981703109,
            0.16678324317039528,
            0.0019841575811900803,
            0.47998118085284647,
            0.5303365692573595,
            -0.07611784098596304,
            0.4798074852199759,
            0.11415137894567186,
            0.9999999999999999,
            0.6848602514927513,
            0.0,
            0.0,
            0.0,
            0.5018757912008609,
            0.5392683914828197,
            -0.06501034023850187,
            -0.4859942000860084,
            0.14207378710254184
        ],
        [
            0.3135158499176014,
            0.6142434935890777,
            0.012025561794229528,
            0.17623302432291452,
            0.002096578077146025,
            0.5303365692573595,
            0.8527126771693836,
            -0.027020017612958705,
            0.17032021052546598,
            0.04052101622567525,
            0.6848602514927513,
            1.0000000000000002,
            0.0,
            0.0,
            0.0,
            0.5392683914828197,
            0.8616373481898508,
            -0.022202233400787738,
            -0.16597600661914858,
            0.04852082560731336
        ],
        [
            -0.011380739817031086,
            -0.012025561794229537,
            0.05331730058233828,
            -0.021613010657273193,
            -0.0002571218674777666,
            0.07611784098596304,
            0.02702001761295868,
            0.3698528272399268,
            0.1077572458307076,
            0.02563661172839682,
            0.0,
            0.0,
            1.0000000000000004,
            0.0,
            0.0,
            0.06501034023850184,
            0.02220223340078771,
            0.39986524620316494,
            -0.08859190031550015,
            0.025898635790728517
        ],
        [
            -0.16678324317039528,
            -0.17623302432291427,
            -0.0216130106572732,
            -0.26194372341442157,
            -0.00376808710482915,
            -0.4798074852199759,
            -0.17032021052546625,
            0.10775724583070749,
            -0.2922982206521215,
            -0.1615999356212873,
            0.0,
            0.0,
            0.0,
            1.0000000000000004,
            0.0,
            0.48599420008600835,
            0.16597600661914858,
            -0.08859190031550017,
            -0.2505655792708274,
            0.1936089972496355
        ],
        [
            -0.0019841575811900803,
            -0.0020965780771460244,
            -0.00025712186747776754,
            -0.003768087104829163,
            0.054747273808808374,
            -0.11415137894567186,
            -0.04052101622567525,
            0.025636611728396815,
            -0.16159993562128744,
            0.3485013333573797,
            0.0,
            0.0,
            0.0,
            0.0,
            1.0000000000000004,
            -0.1420737871025418,
            -0.048520825607313384,
            0.02589863579072853,
            0.19360899724963557,
            0.3551170293095344
        ],
        [
            0.010269608553257141,
            0.10857497878126668,
            0.001085745491446623,
            0.011948699457272846,
            -0.0011132302638779284,
            0.09392121007192057,
            0.27703645637433744,
            -0.0019486298493441097,
            0.12467938646178506,
            -0.002671251270775367,
            0.5018757912008609,
            0.5392683914828197,
            0.06501034023850187,
            0.4859942000860084,
            -0.14207378710254184,
            0.9999999999999999,
            0.6848602514927513,
            0.0,
            0.0,
            0.0
        ],
        [
            0.10857497878126668,
            0.31635130106101483,
            0.00785158006512867,
            0.08640714716479152,
            -0.008050336489185942,
            0.2770364563743374,
            0.5685603699197703,
            -0.002602489781146694,
            0.16651537453131524,
            -0.003567585776953973,
            0.5392683914828197,
            0.8616373481898508,
            0.02220223340078773,
            0.16597600661914858,
            -0.04852082560731334,
            0.6848602514927513,
            1.0000000000000002,
            0.0,
            0.0,
            0.0
        ],
        [
            -0.001085745491446623,
            -0.007851580065128665,
            0.0009337360918169259,
            -0.001287830904073642,
            0.00011998396497448318,
            0.0019486298493441097,
            0.002602489781146694,
            0.034514029624423244,
            0.0036334669453841556,
            -7.784689571080488e-05,
            -0.06501034023850184,
            -0.022202233400787717,
            0.39986524620316494,
            -0.08859190031550015,
            0.025898635790728517,
            0.0,
            0.0,
            1.0000000000000004,
            0.0,
            0.0
        ],
        [
            -0.011948699457272843,
            -0.0864071471647915,
            -0.001287830904073642,
            -0.013121904764493864,
            0.0013204313059240846,
            -0.12467938646178502,
            -0.1665153745313154,
            0.003633466945384153,
            -0.19790967619627933,
            0.004980886030481689,
            -0.48599420008600835,
            -0.16597600661914858,
            -0.08859190031550017,
            -0.2505655792708274,
            0.1936089972496355,
            0.0,
            0.0,
            0.0,
            1.0000000000000004,
            0.0
        ],
        [
            0.001113230263877928,
            0.008050336489185935,
            0.00011998396497448315,
            0.0013204313059240842,
            0.0009277364854548023,
            0.0026712512707753678,
            0.0035675857769539754,
            -7.784689571080488e-05,
            0.004980886030481692,
            0.03446410223731633,
            0.1420737871025418,
            0.04852082560731339,
            0.02589863579072853,
            0.19360899724963557,
            0.3551170293095344,
            0.0,
            0.0,
            0.0,
            0.0,
            1.0000000000000004
        ]
    ],
    "h": [
        [
            -0.29761912507565946,
            -0.48215814250906663,
            -0.09492962926951667,
            -0.28818135049359483,
            0.07051723936847148,
            -0.6046750638994888,
            -0.4796636193564888,
            0.018012420911668103,
            0.008131285310480352,
            -0.01990238853340423,
            -0.24864948154562255,
            -0.3229560545269752,
            -0.009892902954246354,
            0.30220445653521555,
            0.029516348770129763,
            -0.009333897903112023,
            -0.13267872435515501,
            0.002955404381596147,
            0.0564043894541128,
            -0.0046158911086096235
        ],
        [
            -0.48215814250906663,
            -0.3202651226900297,
            -0.07557064457488794,
            -0.2398443589718725,
            0.05527707779256489,
            -0.546541304753957,
            -0.37143987083856356,
            0.08513865798805235,
            0.1071784660663811,
            -0.0772598362381614,
            -0.3239246423173593,
            -0.3127808229587281,
            -0.02517713676766166,
            0.1728489887186973,
            0.0452914270997314,
            -0.13019605111249005,
            -0.19219910661816603,
            0.009318094106545279,
            0.10508145534895771,
            -0.020107111176841497
        ],
        [
            -0.09492962926951667,
            -0.07557064457488794,
            1.4416720149341147,
            -0.08346885928497338,
            0.021660226940226845,
            -0.01145875018178677,
            -0.06893962046665472,
            0.34381598145654646,
            -0.293139117799934,
            0.07373920307256662,
            -0.04253892125676274,
            -0.053044810680328736,
            -0.049250370402335236,
            0.0552160928344093,
            0.008560161630054956,
            -0.0050558505923264975,
            -0.023946875375902156,
            -0.00309206363851857,
            0.00972518981623937,
            -0.0009231485002357376
        ],
        [
            -0.28818135049359483,
            -0.2398443589718725,
            -0.08346885928497338,
            1.209298288214014,
            0.06191729267912695,
            -0.07158236931258544,
            -0.23280100719867092,
            -0.27170607417644227,
            -0.42830429170980333,
            0.20055927450663658,
            -0.22860837902920866,
            -0.18351268477572685,
            -0.02123652286330291,
            0.13845308258486244,
            0.03662386103303107,
            -0.05946795860406885,
            -0.11280889978403591,
            0.0063246939077154,
            0.07510723658108283,
            -0.009456474731358962
        ],
        [
            0.07051723936847148,
            0.05527707779256489,
            0.021660226940226845,
            0.06191729267912695,
            1.4535924154208215,
            0.004853803684972097,
            0.049415033003751364,
            0.07594406605771643,
            0.22325045995447024,
            0.38407533622349743,
            0.024494205154605413,
            0.03803198064219744,
            0.002772603161103215,
            -0.039691541579526174,
            -0.05043561662815667,
            0.0028004210754862474,
            0.016452139515199454,
            -0.000420380340531722,
            -0.0074389262824519015,
            -0.0030933270421841636
        ],
        [
            -0.6046750638994888,
            -0.546541304753957,
            -0.01145875018178677,
            -0.07158236931258544,
            0.004853803684972097,
            -0.4339382598479382,
            -0.5902515635237168,
            0.12146957561401137,
            0.09187251775180505,
            -0.11472212977539795,
            -0.47404995824412866,
            -0.4881610481985845,
            -0.006305004242500939,
            0.0892713936135201,
            0.02003507535476251,
            -0.19798359006957028,
            -0.2971732179360179,
            0.009703198810270432,
            0.20049662777711502,
            -0.027070868513737495
        ],
        [
            -0.4796636193564888,
            -0.37143987083856356,
            -0.06893962046665472,
            -0.23280100719867092,
            0.049415033003751364,
            -0.5902515635237168,
            -0.4272446807424377,
            0.0968779318406752,
            0.028973698529560055,
            -0.09333964622589255,
            -0.47571501066899247,
            -0.4031056633724339,
            -0.035440236945852716,
            0.1174937085390505,
            0.06694554244235332,
            -0.28378791155937994,
            -0.29476504794344716,
            0.017388068282429482,
            0.15930758517700183,
            -0.03969919463380624
        ],
        [
            0.018012420911668103,
            0.08513865798805235,
            0.34381598145654646,
            -0.27170607417644227,
            0.07594406605771643,
            0.12146957561401137,
            0.0968779318406752,
            1.375260623603364,
            -0.05457677844980396,
            0.029425356716969338,
            0.022135026004141745,
            0.06441296958739937,
            0.2512300002125706,
            0.11119685548464978,
            0.030331306542488175,
            0.014266233761355801,
            0.032867846410414646,
            -0.04199662623634124,
            -0.021433552833609672,
            0.003677320397473022
        ],
        [
            0.008131285310480352,
            0.1071784660663811,
            -0.293139117799934,
            -0.42830429170980333,
            0.22325045995447024,
            0.09187251775180505,
            0.028973698529560055,
            -0.05457677844980396,
            0.9352878632113251,
            0.01995591135135453,
            -0.05431662009311955,
            -0.09365627433775753,
            0.13015488564405187,
            -0.7420705106336059,
            -0.19346701219281653,
            -0.26696445753506404,
            -0.16126554517761382,
            0.015339681837148594,
            0.1877471947351539,
            -0.039932598035718365
        ],
        [
            -0.01990238853340423,
            -0.0772598362381614,
            0.07373920307256662,
            0.20055927450663658,
            0.38407533622349743,
            -0.11472212977539795,
            -0.09333964622589255,
            0.029425356716969338,
            0.01995591135135453,
            1.381045011916372,
            -0.02063707227767106,
            -0.06784220239698285,
            0.03254780173646398,
            -0.18717593413734407,
            0.22587841240533435,
            -0.02030978058451829,
            -0.041076500439405896,
            0.0021189060562093465,
            0.026785100364354532,
            -0.04565645611670119
        ],
        [
            -0.24864948154562255,
            -0.3239246423173593,
            -0.04253892125676274,
            -0.22860837902920866,
            0.024494205154605413,
            -0.47404995824412866,
            -0.47571501066899247,
            0.022135026004141745,
            -0.05431662009311955,
            -0.02063707227767106,
            -0.3726264357615936,
            -0.5682237588434176,
            -0.058950341620147034,
            -0.04610764531813594,
            0.10925117047756848,
            -0.5385373064682439,
            -0.5101694590236989,
            0.003833472232614113,
            0.07196485093458516,
            -0.011508367586359036
        ],
        [
            -0.3229560545269752,
            -0.3127808229587281,
            -0.053044810680328736,
            -0.18351268477572685,
            0.03803198064219744,
            -0.4881610481985845,
            -0.4031056633724339,
            0.06441296958739937,
            -0.09365627433775753,
            -0.06784220239698285,
            -0.5682237588434176,
            -0.42892629085049183,
            -0.04990706392531716,
            -0.006545574812103272,
            0.09400464575194195,
            -0.4420151204433448,
            -0.3617662046881597,
            0.022178902084776922,
            0.20367137125464096,
            -0.05120573590846894
        ],
        [
            -0.009892902954246354,
            -0.02517713676766166,
            -0.049250370402335236,
            -0.02123652286330291,
            0.002772603161103215,
            -0.006305004242500939,
            -0.035440236945852716,
            0.2512300002125706,
            0.13015488564405187,
            0.03254780173646398,
            -0.058950341620147034,
            -0.04990706392531716,
            1.4180978739467858,
            -0.0016749965138389057,
            0.01561874797927153,
            -0.01301118180821903,
            -0.03916588958776085,
            0.3024137929566912,
            -0.10891765676340587,
            0.033661329955693556
        ],
        [
            0.30220445653521555,
            0.1728489887186973,
            0.0552160928344093,
            0.13845308258486244,
            -0.039691541579526174,
            0.0892713936135201,
            0.1174937085390505,
            0.11119685548464978,
            -0.7420705106336059,
            -0.18717593413734407,
            -0.04610764531813594,
            -0.006545574812103272,
            -0.0016749965138389057,
            0.9620229056214684,
            0.01855514003747558,
            -0.040554223235588105,
            -0.10523367936341646,
            -0.1196789586124066,
            -0.5928577445670181,
            0.2614383118901743
        ],
        [
            0.029516348770129763,
            0.0452914270997314,
            0.008560161630054956,
            0.03662386103303107,
            -0.05043561662815667,
            0.02003507535476251,
            0.06694554244235332,
            0.030331306542488175,
            -0.19346701219281653,
            0.22587841240533435,
            0.10925117047756848,
            0.09400464575194195,
            0.01561874797927153,
            0.01855514003747558,
            1.3978358978166876,
            0.021449347688554887,
            0.07499034291456938,
            0.03445997457055842,
            0.2437243406064068,
            0.24359570019576138
        ],
        [
            -0.009333897903112023,
            -0.13019605111249005,
            -0.0050558505923264975,
            -0.05946795860406885,
            0.0028004210754862474,
            -0.19798359006957028,
            -0.28378791155937994,
            0.014266233761355801,
            -0.26696445753506404,
            -0.02030978058451829,
            -0.5385373064682439,
            -0.4420151204433448,
            -0.01301118180821903,
            -0.040554223235588105,
            0.021449347688554887,
            -0.22930377851156947,
            -0.4517768067497103,
            0.030287477414871148,
            0.24587471943632994,
            -0.06832919410472674
        ],
        [
            -0.13267872435515501,
            -0.19219910661816603,
            -0.023946875375902156,
            -0.11280889978403591,
            0.016452139515199454,
            -0.2971732179360179,
            -0.29476504794344716,
            0.032867846410414646,
            -0.16126554517761382,
            -0.041076500439405896,
            -0.5101694590236989,
            -0.3617662046881597,
            -0.03916588958776085,
            -0.10523367936341646,
            0.07499034291456938,
            -0.4517768067497103,
            -0.30749964876560454,
            0.025679632948250774,
            0.21773372082390122,
            -0.0584627629833284
        ],
        [
            0.002955404381596147,
            0.009318094106545279,
            -0.00309206363851857,
            0.0063246939077154,
            -0.000420380340531722,
            0.009703198810270432,
            0.017388068282429482,
            -0.04199662623634124,
            0.015339681837148594,
            0.0021189060562093465,
            0.003833472232614113,
            0.022178902084776922,
            0.3024137929566912,
            -0.1196789586124066,
            0.03445997457055842,
            0.030287477414871148,
            0.025679632948250774,
            1.4947816485271694,
            -0.027544046745151447,
            0.008233249326388362
        ],
        [
            0.0564043894541128,
            0.10508145534895771,
            0.00972518981623937,
            0.07510723658108283,
            -0.0074389262824519015,
            0.20049662777711502,
            0.15930758517700183,
            -0.021433552833609672,
            0.1877471947351539,
            0.026785100364354532,
            0.07196485093458516,
            0.20367137125464096,
            -0.10891765676340587,
            -0.5928577445670181,
            0.2437243406064068,
            0.24587471943632994,
            0.21773372082390122,
            -0.027544046745151447,
            1.272763101562993,
            0.06168577607170587
        ],
        [
            -0.0046158911086096235,
            -0.020107111176841497,
            -0.0009231485002357376,
            -0.009456474731358962,
            -0.0030933270421841636,
            -0.027070868513737495,
            -0.03969919463380624,
            0.003677320397473022,
            -0.039932598035718365,
            -0.04565645611670119,
            -0.011508367586359036,
            -0.05120573590846894,
            0.033661329955693556,
            0.2614383118901743,
            0.24359570019576138,
            -0.06832919410472674,
            -0.0584627629833284,
            0.008233249326388362,
            0.06168577607170587,
            1.4805051038810868
        ]
    ]
}