{
    "HF": -2.101238821579085,
    "coordinates": [
        [
            0.648529,
            -0.156461,
            0.090624
        ],
        [
            1.358857,
            0.124906,
            -0.077656
        ],
        [
            2.009079,
            0.026559,
            -0.038214
        ],
        [
            2.84771,
            -0.094451,
            0.151914
        ]
    ],
    "elements": [
        "H",
        "H",
        "H",
        "H"
    ],
    "Enn": 3.060860749572975,
    "S": [
        [
            0.9999999999999999,
            0.6848602514927513,
            0.0,
            0.0,
            0.0,
            0.5368291449958126,
            0.5529295706223363,
            0.1131422862914655,
            -0.47758577333518004,
            -0.18917581214030646,
            0.1693728345515319,
            0.35251470527248857,
            0.020495459960168376,
            -0.21643535330265198,
            -0.029114695058212764,
            0.014655183727149478,
            0.12649146809179646,
            -0.0004962986496019258,
            -0.01780797129271027,
            -0.0005021288833711113
        ],
        [
            0.6848602514927513,
            1.0000000000000002,
            0.0,
            0.0,
            0.0,
            0.5529295706223363,
            0.8751795689765819,
            0.0364435175002256,
            -0.15383201152186984,
            -0.06093417630429035,
            0.35251470527248857,
            0.6609044253436387,
            0.01724905235569144,
            -0.18215276690522972,
            -0.024503031420377908,
            0.12649146809179646,
            0.3481254929980542,
            -0.0027372681494273986,
            -0.09821745971815768,
            -0.0027694240160873337
        ],
        [
            0.0,
            0.0,
            1.0000000000000004,
            0.0,
            0.0,
            -0.11314228629146549,
            -0.03644351750022561,
            0.418593809040583,
            0.1402102205309268,
            0.0555384683134063,
            -0.02049545996016837,
            -0.017249052355691432,
            0.08110963654313641,
            0.03857393565216966,
            0.005188932198787322,
            0.0004962986496019258,
            0.002737268149427393,
            0.0018405180607700164,
            -0.0006503977419458319,
            -1.833917443723869e-05
        ],
        [
            0.0,
            0.0,
            0.0,
            1.0000000000000004,
            0.0,
            0.47758577333518004,
            0.15383201152186982,
            0.14021022053092674,
            -0.14003217733920387,
            -0.2344338550043099,
            0.21643535330265185,
            0.18215276690522966,
            0.03857393565216964,
            -0.32258454829976374,
            -0.0547959585142589,
            0.017807971292710275,
            0.09821745971815768,
            -0.0006503977419458317,
            -0.021478643293775253,
            -0.0006580382440538589
        ],
        [
            0.0,
            0.0,
            0.0,
            0.0,
            1.0000000000000004,
            0.18917581214030643,
            0.06093417630429034,
            0.0555384683134063,
            -0.23443385500430997,
            0.3589490047106772,
            0.02911469505821275,
            0.02450303142037789,
            0.005188932198787321,
            -0.05479595851425892,
            0.07739131115581112,
            0.000502128883371111,
            0.002769424016087328,
            -1.8339174437238686e-05,
            -0.0006580382440538589,
            0.0018400896858841295
        ],
        [
            0.5368291449958126,
            0.5529295706223363,
            -0.1131422862914655,
            0.47758577333518004,
            0.18917581214030646,
            0.9999999999999999,
            0.6848602514927513,
            0.0,
            0.0,
            0.0,
            0.636757404210781,
            0.5884291076491313,
            -0.03289598112874519,
            -0.5423074550351132,
            0.08202477197070895,
            0.11853763157629854,
            0.3048694898119376,
            -0.023607513138186115,
            -0.1531041371186471,
            0.022557273421845592
        ],
        [
            0.5529295706223363,
            0.8751795689765819,
            -0.0364435175002256,
            0.15383201152186984,
            0.06093417630429035,
            0.6848602514927513,
            1.0000000000000002,
            0.0,
            0.0,
            0.0,
            0.5884291076491313,
            0.9097877447084345,
            -0.009128342694451607,
            -0.15048550386571952,
            0.022761145960428796,
            0.3048694898119376,
            0.603606254917422,
            -0.026313926134906473,
            -0.17065630469022047,
            0.025143284815850007
        ],
        [
            0.11314228629146549,
            0.036443517500225606,
            0.418593809040583,
            0.14021022053092674,
            0.0555384683134063,
            0.0,
            0.0,
            1.0000000000000004,
            0.0,
            0.0,
            0.03289598112874517,
            0.009128342694451617,
            0.5669773464726222,
            -0.037903211687139046,
            0.005732914542717819,
            0.023607513138186112,
            0.026313926134906476,
            0.04261938984625284,
            -0.043813403530092575,
            0.006455154913312809
        ],
        [
            -0.47758577333518004,
            -0.15383201152186982,
            0.1402102205309268,
            -0.1400321773392037,
            -0.23443385500430997,
            0.0,
            0.0,
            0.0,
            1.0000000000000004,
            0.0,
            0.5423074550351132,
            0.1504855038657195,
            -0.037903211687139074,
            -0.05557774170580553,
            0.09451009481758191,
            0.1531041371186471,
            0.17065630469022042,
            -0.04381340353009257,
            -0.23477230513315323,
            0.041864253857866955
        ],
        [
            -0.18917581214030643,
            -0.06093417630429034,
            0.0555384683134063,
            -0.2344338550043099,
            0.3589490047106772,
            0.0,
            0.0,
            0.0,
            0.0,
            1.0000000000000004,
            -0.08202477197070891,
            -0.02276114596042879,
            0.005732914542717821,
            0.09451009481758188,
            0.5549817421718438,
            -0.02255727342184559,
            -0.025143284815849976,
            0.006455154913312806,
            0.04186425385786694,
            0.04320710798558778
        ],
        [
            0.1693728345515319,
            0.35251470527248857,
            -0.020495459960168376,
            0.21643535330265204,
            0.029114695058212764,
            0.636757404210781,
            0.5884291076491313,
            0.03289598112874519,
            0.5423074550351132,
            -0.08202477197070895,
            0.9999999999999999,
            0.6848602514927513,
            0.0,
            0.0,
            0.0,
            0.46998069023477285,
            0.5261547350997702,
            -0.1080227442417166,
            -0.47647491177614615,
            0.068752799591276
        ],
        [
            0.35251470527248857,
            0.6609044253436387,
            -0.01724905235569144,
            0.18215276690522983,
            0.02450303142037791,
            0.5884291076491313,
            0.9097877447084345,
            0.009128342694451617,
            0.15048550386571952,
            -0.022761145960428792,
            0.6848602514927513,
            1.0000000000000002,
            0.0,
            0.0,
            0.0,
            0.5261547350997702,
            0.8485145566054894,
            -0.03904991757661742,
            -0.17224433764199013,
            0.024853943269515646
        ],
        [
            0.02049545996016837,
            0.017249052355691435,
            0.08110963654313641,
            0.03857393565216966,
            0.005188932198787322,
            -0.03289598112874517,
            -0.009128342694451605,
            0.5669773464726222,
            -0.037903211687139074,
            0.005732914542717821,
            0.0,
            0.0,
            1.0000000000000004,
            0.0,
            0.0,
            0.10802274424171661,
            0.03904991757661738,
            0.3404714577482998,
            -0.15553520979051538,
            0.02244290484939176
        ],
        [
            -0.2164353533026519,
            -0.18215276690522966,
            0.03857393565216965,
            -0.32258454829976374,
            -0.05479595851425891,
            -0.5423074550351131,
            -0.1504855038657195,
            -0.037903211687139046,
            -0.05557774170580571,
            0.09451009481758188,
            0.0,
            0.0,
            0.0,
            1.0000000000000004,
            0.0,
            0.4764749117761461,
            0.17224433764198974,
            -0.15553520979051547,
            -0.3103132879587175,
            0.09899286657804363
        ],
        [
            -0.02911469505821275,
            -0.024503031420377887,
            0.005188932198787321,
            -0.05479595851425891,
            0.07739131115581112,
            0.08202477197070891,
            0.02276114596042878,
            0.005732914542717819,
            0.09451009481758191,
            0.5549817421718438,
            0.0,
            0.0,
            0.0,
            0.0,
            1.0000000000000004,
            -0.06875279959127602,
            -0.024853943269515642,
            0.02244290484939176,
            0.09899286657804357,
            0.36144906480365785
        ],
        [
            0.014655183727149478,
            0.12649146809179646,
            0.0004962986496019258,
            0.017807971292710275,
            0.000502128883371111,
            0.11853763157629854,
            0.3048694898119376,
            0.023607513138186115,
            0.1531041371186471,
            -0.022557273421845592,
            0.46998069023477285,
            0.5261547350997702,
            0.1080227442417166,
            0.4764749117761459,
            -0.068752799591276,
            0.9999999999999999,
            0.6848602514927513,
            0.0,
            0.0,
            0.0
        ],
        [
            0.12649146809179646,
            0.3481254929980542,
            0.002737268149427394,
            0.0982174597181577,
            0.002769424016087329,
            0.3048694898119376,
            0.603606254917422,
            0.026313926134906473,
            0.17065630469022047,
            -0.025143284815850007,
            0.5261547350997702,
            0.8485145566054894,
            0.03904991757661742,
            0.1722443376419898,
            -0.02485394326951564,
            0.6848602514927513,
            1.0000000000000002,
            0.0,
            0.0,
            0.0
        ],
        [
            -0.0004962986496019258,
            -0.0027372681494273886,
            0.0018405180607700164,
            -0.0006503977419458315,
            -1.833917443723869e-05,
            -0.023607513138186112,
            -0.026313926134906476,
            0.04261938984625284,
            -0.043813403530092575,
            0.006455154913312809,
            -0.10802274424171661,
            -0.03904991757661738,
            0.3404714577482998,
            -0.15553520979051547,
            0.02244290484939176,
            0.0,
            0.0,
            1.0000000000000004,
            0.0,
            0.0
        ],
        [
            -0.01780797129271027,
            -0.09821745971815764,
            -0.0006503977419458321,
            -0.021478643293775253,
            -0.0006580382440538593,
            -0.1531041371186471,
            -0.17065630469022042,
            -0.04381340353009257,
            -0.23477230513315323,
            0.041864253857866955,
            -0.47647491177614576,
            -0.17224433764199007,
            -0.15553520979051538,
            -0.3103132879587175,
            0.09899286657804357,
            0.0,
            0.0,
            0.0,
            1.0000000000000004,
            0.0
        ],
        [
            -0.0005021288833711113,
            -0.002769424016087333,
            -1.8339174437238686e-05,
            -0.0006580382440538586,
            0.0018400896858841295,
            0.02255727342184559,
            0.025143284815849976,
            0.006455154913312806,
            0.04186425385786694,
            0.04320710798558778,
            0.06875279959127602,
            0.02485394326951564,
            0.02244290484939176,
            0.09899286657804363,
            0.36144906480365785,
            0.0,
            0.0,
            0.0,
            0.0,
            1.0000000000000004
        ]
    ],
    "h": [
        [
            -0.27159459781625084,
            -0.4688336721495934,
            0.06101540294641296,
            -0.2633981282908132,
            -0.10014863300036127,
            -0.5896679917623453,
            -0.4623781968363174,
            -0.01212689191146038,
            0.014518237036888482,
            0.026295977817743288,
            -0.322594419742729,
            -0.34476455225620983,
            0.0004990164827800916,
            0.3559647218902101,
            -0.007530219558994931,
            -0.011964508245551918,
            -0.13913534809344535,
            0.007281512091333649,
            0.07395780806247657,
            -0.004393520683821183
        ],
        [
            -0.4688336721495934,
            -0.32040040020527827,
            0.05159262975716506,
            -0.23256945235478269,
            -0.08437551787516975,
            -0.5611478971255736,
            -0.37643028058553574,
            -0.05155376568437993,
            0.06413476773320859,
            0.0936266843928148,
            -0.39445918439645317,
            -0.33426810327055434,
            -0.00022738550860032514,
            0.23152323867084929,
            -0.016790915418890107,
            -0.13516339270371902,
            -0.19939527825091158,
            0.02074065341452102,
            0.11508690425990126,
            -0.01422461018560656
        ],
        [
            0.06101540294641296,
            0.05159262975716506,
            1.4531441441080022,
            0.05381492096788005,
            0.020504127588865745,
            0.018670605780986588,
            0.04829963258056917,
            0.3173054454997463,
            0.19670378526248078,
            0.07257703843907153,
            0.04571586687238507,
            0.041533437736136686,
            -0.046178546632191675,
            -0.04338102461464993,
            0.004838268880251474,
            0.003001538189530621,
            0.018219437107426722,
            -0.006489454521699305,
            -0.004475246560086557,
            0.0006245798535733096
        ],
        [
            -0.2633981282908132,
            -0.23256945235478269,
            0.05381492096788005,
            1.2183406643855998,
            -0.08869207558583944,
            -0.1193701734033259,
            -0.23411095229688023,
            0.17938484517868614,
            -0.503842666063668,
            -0.2951850057816883,
            -0.284207080968534,
            -0.20394658168298513,
            0.015657207935362544,
            0.0826611722601327,
            -0.0355344787687963,
            -0.0788863760666853,
            -0.12718915114329923,
            0.010141554386942635,
            0.10415134432273074,
            -0.004347347801087403
        ],
        [
            -0.10014863300036127,
            -0.08437551787516975,
            0.020504127588865745,
            -0.08869207558583944,
            1.431477528360063,
            -0.02851546719964443,
            -0.0786661343345947,
            0.07374552539072964,
            -0.32892539315226776,
            0.23914773907956643,
            -0.07340223390342382,
            -0.06811264022469592,
            0.0027273807155479574,
            0.07339971642602339,
            -0.05175392748239313,
            -0.007060691528094521,
            -0.030718251638241812,
            0.0014950785275503163,
            0.011906819736895944,
            -0.006707913932029866
        ],
        [
            -0.5896679917623453,
            -0.5611478971255736,
            0.018670605780986588,
            -0.1193701734033259,
            -0.02851546719964443,
            -0.5275805373816387,
            -0.6347672318796144,
            -0.07362735057412079,
            -0.051386497875464926,
            0.13773282301506967,
            -0.6229645866246534,
            -0.5722535049657347,
            -0.016156468297972466,
            0.07409683412355683,
            0.014830372972425732,
            -0.24908688054463182,
            -0.35522523963277747,
            0.045795702930406676,
            0.24649081884440077,
            -0.03517955932468096
        ],
        [
            -0.4623781968363174,
            -0.37643028058553574,
            0.04829963258056917,
            -0.23411095229688023,
            -0.0786661343345947,
            -0.6347672318796144,
            -0.4433685184968821,
            -0.05952085600108869,
            -0.04987750212365905,
            0.10887035555073471,
            -0.5619540860636301,
            -0.42955489058297025,
            -0.014456245318140784,
            0.18599287896827055,
            -0.010949687046098694,
            -0.29583972925697066,
            -0.31071061959488977,
            0.03707534286533709,
            0.17173742781699353,
            -0.025142489240335422
        ],
        [
            -0.01212689191146038,
            -0.05155376568437993,
            0.3173054454997463,
            0.17938484517868614,
            0.07374552539072964,
            -0.07362735057412079,
            -0.05952085600108869,
            1.3562706902285238,
            0.028661215251132317,
            0.022697327243086655,
            -0.02401451928226106,
            -0.04642265928302275,
            0.5237283221695583,
            -0.03713470445857632,
            0.01005973725227104,
            -0.02553053624786019,
            -0.02463367020271892,
            -0.041878982990084634,
            0.021508194575688075,
            -0.003086967958098966
        ],
        [
            0.014518237036888482,
            0.06413476773320859,
            0.19670378526248078,
            -0.503842666063668,
            -0.32892539315226776,
            -0.051386497875464926,
            -0.04987750212365905,
            0.028661215251132317,
            0.7982015577702941,
            -0.03776304317518816,
            -0.017920162868499734,
            -0.1505117599833672,
            -0.07272047853669147,
            -0.5762962628502238,
            0.14863557951024348,
            -0.3115870423657224,
            -0.20975348258751286,
            0.04857477577174675,
            0.17897534073114774,
            -0.034044731675824516
        ],
        [
            0.026295977817743288,
            0.0936266843928148,
            0.07257703843907153,
            -0.2951850057816883,
            0.23914773907956643,
            0.13773282301506967,
            0.10887035555073471,
            0.022697327243086655,
            -0.03776304317518816,
            1.329164660472817,
            0.034617042360201716,
            0.08427851974592568,
            0.01141163766140778,
            0.1023266604039568,
            0.5059344658860929,
            0.03339858177700091,
            0.04444606995502993,
            -0.00703065582256141,
            -0.0352018850495439,
            -0.041233997265127054
        ],
        [
            -0.322594419742729,
            -0.39445918439645317,
            0.04571586687238507,
            -0.284207080968534,
            -0.07340223390342382,
            -0.6229645866246534,
            -0.5619540860636301,
            -0.02401451928226106,
            -0.017920162868499734,
            0.034617042360201716,
            -0.4782927357222051,
            -0.6199193055943281,
            -0.030613605587032154,
            0.10068905840249896,
            -0.011680063769623623,
            -0.5168342789552733,
            -0.52132307790258,
            0.019832024266314946,
            0.10027010993258023,
            -0.0157076890082872
        ],
        [
            -0.34476455225620983,
            -0.33426810327055434,
            0.041533437736136686,
            -0.20394658168298513,
            -0.06811264022469592,
            -0.5722535049657347,
            -0.42955489058297025,
            -0.04642265928302275,
            -0.1505117599833672,
            0.08427851974592568,
            -0.6199193055943281,
            -0.44817276604808853,
            -0.02905902419689816,
            0.07817361661642137,
            -0.003713468271764199,
            -0.42046003684392996,
            -0.361531995027498,
            0.04327381568826274,
            0.19954351339345927,
            -0.029914316005964607
        ],
        [
            0.0004990164827800916,
            -0.00022738550860032514,
            -0.046178546632191675,
            0.015657207935362544,
            0.0027273807155479574,
            -0.016156468297972466,
            -0.014456245318140784,
            0.5237283221695583,
            -0.07272047853669147,
            0.01141163766140778,
            -0.030613605587032154,
            -0.02905902419689816,
            1.3772134365870758,
            -0.06144502371722258,
            0.009014341298521753,
            -0.00943138211370445,
            -0.033342495980646425,
            0.220421989332729,
            -0.19901901668413047,
            0.028577195106544405
        ],
        [
            0.3559647218902101,
            0.23152323867084929,
            -0.04338102461464993,
            0.0826611722601327,
            0.07339971642602339,
            0.07409683412355683,
            0.18599287896827055,
            -0.03713470445857632,
            -0.5762962628502238,
            0.1023266604039568,
            0.10068905840249896,
            0.07817361661642137,
            -0.06144502371722258,
            0.7977796635789816,
            0.0685999899881331,
            -0.05119418390459052,
            -0.07070624198227127,
            -0.20499975916540497,
            -0.6533885041661474,
            0.13104859002167454
        ],
        [
            -0.007530219558994931,
            -0.016790915418890107,
            0.004838268880251474,
            -0.0355344787687963,
            -0.05175392748239313,
            0.014830372972425732,
            -0.010949687046098694,
            0.01005973725227104,
            0.14863557951024348,
            0.5059344658860929,
            -0.011680063769623623,
            -0.003713468271764199,
            0.009014341298521753,
            0.0685999899881331,
            1.3776824221186845,
            -0.0005113026214038363,
            0.008216055996265202,
            0.03004570649162943,
            0.1335674897830822,
            0.24641133677969235
        ],
        [
            -0.011964508245551918,
            -0.13516339270371902,
            0.003001538189530621,
            -0.0788863760666853,
            -0.007060691528094521,
            -0.24908688054463182,
            -0.29583972925697066,
            -0.02553053624786019,
            -0.3115870423657224,
            0.03339858177700091,
            -0.5168342789552733,
            -0.42046003684392996,
            -0.00943138211370445,
            -0.05119418390459052,
            -0.0005113026214038363,
            -0.2055358696353029,
            -0.4376955107218772,
            0.05173675348880857,
            0.22658869934374237,
            -0.03430496470913936
        ],
        [
            -0.13913534809344535,
            -0.19939527825091158,
            0.018219437107426722,
            -0.12718915114329923,
            -0.030718251638241812,
            -0.35522523963277747,
            -0.31071061959488977,
            -0.02463367020271892,
            -0.20975348258751286,
            0.04444606995502993,
            -0.52132307790258,
            -0.361531995027498,
            -0.033342495980646425,
            -0.07070624198227127,
            0.008216055996265202,
            -0.4376955107218772,
            -0.3028540814309144,
            0.04715532079726137,
            0.2095101431311217,
            -0.031721131309849486
        ],
        [
            0.007281512091333649,
            0.02074065341452102,
            -0.006489454521699305,
            0.010141554386942635,
            0.0014950785275503163,
            0.045795702930406676,
            0.03707534286533709,
            -0.041878982990084634,
            0.04857477577174675,
            -0.00703065582256141,
            0.019832024266314946,
            0.04327381568826274,
            0.220421989332729,
            -0.20499975916540497,
            0.03004570649162943,
            0.05173675348880857,
            0.04715532079726137,
            1.4934779579664925,
            -0.04757396532080051,
            0.007046308615974484
        ],
        [
            0.07395780806247657,
            0.11508690425990126,
            -0.004475246560086557,
            0.10415134432273074,
            0.011906819736895944,
            0.24649081884440077,
            0.17173742781699353,
            0.021508194575688075,
            0.17897534073114774,
            -0.0352018850495439,
            0.10027010993258023,
            0.19954351339345927,
            -0.19901901668413047,
            -0.6533885041661474,
            0.1335674897830822,
            0.22658869934374237,
            0.2095101431311217,
            -0.04757396532080051,
            1.2899456334266515,
            0.031527862214838255
        ],
        [
            -0.004393520683821183,
            -0.01422461018560656,
            0.0006245798535733096,
            -0.004347347801087403,
            -0.006707913932029866,
            -0.03517955932468096,
            -0.025142489240335422,
            -0.003086967958098966,
            -0.034044731675824516,
            -0.041233997265127054,
            -0.0157076890082872,
            -0.029914316005964607,
            0.028577195106544405,
            0.13104859002167454,
            0.24641133677969235,
            -0.03430496470913936,
            -0.031721131309849486,
            0.007046308615974484,
            0.031527862214838255,
            1.499452241815608
        ]
    ]
}