{
    "HF": -2.1821610249833565,
    "coordinates": [
        [
            0.691822,
            -0.023777,
            -0.161678
        ],
        [
            1.429383,
            0.009525,
            0.049239
        ],
        [
            2.266271,
            -0.179582,
            -0.189226
        ],
        [
            2.971128,
            0.12983,
            -0.013467
        ]
    ],
    "elements": [
        "H",
        "H",
        "H",
        "H"
    ],
    "Enn": 2.8610874406790217,
    "S": [
        [
            0.9999999999999999,
            0.6848602514927513,
            0.0,
            0.0,
            0.0,
            0.5483658028629337,
            0.5572867803572464,
            -0.14567621349676146,
            -0.5094188410743791,
            -0.023001034823504744,
            0.10118922442316669,
            0.28568355614908114,
            0.002336507290311984,
            -0.13353824476275647,
            0.013214734948709847,
            0.01062893902100601,
            0.11019328328147221,
            -0.0008103545428560389,
            -0.012462273189297872,
            -0.000839857569711341
        ],
        [
            0.6848602514927513,
            1.0000000000000002,
            0.0,
            0.0,
            0.0,
            0.5572867803572464,
            0.8794719756213855,
            -0.04606153095853784,
            -0.16107373438513772,
            -0.007272723886558354,
            0.28568355614908114,
            0.5795854835268072,
            0.002945484395538766,
            -0.16834307249425012,
            0.016658966031904907,
            0.11019328328147221,
            0.3192985009763207,
            -0.005708458433752617,
            -0.08778918945829221,
            -0.0059162894429795245
        ],
        [
            0.0,
            0.0,
            1.0000000000000004,
            0.0,
            0.0,
            0.1456762134967614,
            0.0460615309585378,
            0.4114521483112138,
            -0.1878709751320655,
            -0.008482660029269503,
            -0.002336507290311984,
            -0.002945484395538766,
            0.038686264883439604,
            0.004364797627950115,
            -0.00043193351732750165,
            0.000810354542856039,
            0.005708458433752621,
            0.001047127535578332,
            -0.0009739043240178713,
            -6.563336449753263e-05
        ],
        [
            0.0,
            0.0,
            0.0,
            1.0000000000000004,
            0.0,
            0.5094188410743792,
            0.16107373438513783,
            -0.18787097513206547,
            -0.191794006251393,
            -0.02966322872906425,
            0.13353824476275644,
            0.16834307249425012,
            0.004364797627950127,
            -0.21069835128505346,
            0.024686267403178763,
            0.012462273189297872,
            0.0877891894582922,
            -0.0009739043240178712,
            -0.013867015808334363,
            -0.0010093617983780768
        ],
        [
            0.0,
            0.0,
            0.0,
            0.0,
            1.0000000000000004,
            0.02300103482350474,
            0.007272723886558345,
            -0.008482660029269503,
            -0.029663228729064253,
            0.4638374257578176,
            -0.01321473494870984,
            -0.016658966031904893,
            -0.0004319335173275025,
            0.024686267403178745,
            0.03631972112895947,
            0.000839857569711341,
            0.0059162894429795245,
            -6.563336449753263e-05,
            -0.0010093617983780768,
            0.001042432376614837
        ],
        [
            0.5483658028629337,
            0.5572867803572464,
            0.14567621349676146,
            0.5094188410743792,
            0.023001034823504744,
            0.9999999999999999,
            0.6848602514927513,
            0.0,
            0.0,
            0.0,
            0.45334466523854045,
            0.5190492238250388,
            0.12944478024204592,
            -0.45428378691718013,
            0.1026520204526139,
            0.11094290705079028,
            0.29670183761559166,
            0.005948633528297743,
            -0.14625834846881328,
            -0.011412789152901795
        ],
        [
            0.5572867803572464,
            0.8794719756213855,
            0.04606153095853784,
            0.1610737343851379,
            0.007272723886558354,
            0.6848602514927513,
            1.0000000000000002,
            0.0,
            0.0,
            0.0,
            0.5190492238250388,
            0.8413521501701419,
            0.048271829564787296,
            -0.16940899042130173,
            0.03828042217309976,
            0.29670183761559166,
            0.5934524760022236,
            0.006981705463559666,
            -0.17165836586476246,
            -0.01339479596519544
        ],
        [
            -0.1456762134967614,
            -0.04606153095853781,
            0.4114521483112138,
            -0.18787097513206538,
            -0.008482660029269503,
            0.0,
            0.0,
            1.0000000000000004,
            0.0,
            0.0,
            -0.12944478024204592,
            -0.048271829564787316,
            0.3044868272905858,
            0.18508263121214666,
            -0.041822108980694425,
            -0.005948633528297745,
            -0.0069817054635596615,
            0.0441719912595462,
            0.01120100341836603,
            0.0008740334596489853
        ],
        [
            -0.5094188410743791,
            -0.16107373438513767,
            -0.18787097513206558,
            -0.19179400625139287,
            -0.029663228729064267,
            0.0,
            0.0,
            0.0,
            1.0000000000000004,
            0.0,
            0.4542837869171802,
            0.16940899042130167,
            0.1850826312121466,
            -0.2923189335467943,
            0.1467738290341786,
            0.14625834846881333,
            0.1716583658647624,
            0.011201003418366034,
            -0.23077018573438168,
            -0.021489757220146802
        ],
        [
            -0.02300103482350474,
            -0.007272723886558343,
            -0.008482660029269503,
            -0.029663228729064236,
            0.4638374257578176,
            0.0,
            0.0,
            0.0,
            0.0,
            1.0000000000000004,
            -0.10265202045261393,
            -0.03828042217309976,
            -0.04182210898069443,
            0.14677382903417868,
            0.3240590653497265,
            0.0114127891529018,
            0.013394795965195435,
            0.0008740334596489857,
            -0.02148975722014681,
            0.04295067702015012
        ],
        [
            0.10118922442316669,
            0.28568355614908114,
            -0.002336507290311984,
            0.13353824476275647,
            -0.013214734948709847,
            0.45334466523854045,
            0.5190492238250388,
            -0.12944478024204592,
            0.45428378691718013,
            -0.1026520204526139,
            0.9999999999999999,
            0.6848602514927513,
            0.0,
            0.0,
            0.0,
            0.5310813043756932,
            0.5507312993691501,
            -0.11657164413728921,
            -0.4674943494880906,
            -0.20521660657950336
        ],
        [
            0.28568355614908114,
            0.5795854835268072,
            -0.002945484395538766,
            0.16834307249425012,
            -0.016658966031904913,
            0.5190492238250388,
            0.8413521501701419,
            -0.048271829564787316,
            0.16940899042130173,
            -0.03828042217309974,
            0.6848602514927513,
            1.0000000000000002,
            0.0,
            0.0,
            0.0,
            0.5507312993691501,
            0.8730091082367264,
            -0.037901682903822925,
            -0.1519994225418895,
            -0.06672338549171118
        ],
        [
            0.002336507290311984,
            0.002945484395538766,
            0.038686264883439604,
            0.004364797627950126,
            -0.00043193351732750257,
            0.12944478024204592,
            0.048271829564787316,
            0.3044868272905858,
            0.18508263121214666,
            -0.041822108980694425,
            0.0,
            0.0,
            1.0000000000000004,
            0.0,
            0.0,
            0.11657164413728924,
            0.03790168290382294,
            0.4094717404075304,
            -0.14317943590055576,
            -0.06285166440974939
        ],
        [
            -0.13353824476275647,
            -0.16834307249425012,
            0.004364797627950116,
            -0.21069835128505343,
            0.024686267403178752,
            -0.4542837869171802,
            -0.16940899042130167,
            0.1850826312121466,
            -0.2923189335467943,
            0.1467738290341786,
            0.0,
            0.0,
            0.0,
            1.0000000000000004,
            0.0,
            0.46749434948809054,
            0.1519994225418895,
            -0.14317943590055554,
            -0.1290270707016749,
            -0.2520578497878498
        ],
        [
            0.01321473494870984,
            0.016658966031904882,
            -0.00043193351732750154,
            0.024686267403178752,
            0.03631972112895947,
            0.10265202045261393,
            0.03828042217309975,
            -0.04182210898069443,
            0.14677382903417868,
            0.3240590653497265,
            0.0,
            0.0,
            0.0,
            0.0,
            1.0000000000000004,
            0.20521660657950336,
            0.06672338549171118,
            -0.06285166440974937,
            -0.2520578497878501,
            0.3345279589822024
        ],
        [
            0.01062893902100601,
            0.11019328328147221,
            0.0008103545428560388,
            0.012462273189297872,
            0.000839857569711341,
            0.11094290705079028,
            0.29670183761559166,
            -0.005948633528297743,
            0.14625834846881328,
            0.011412789152901795,
            0.5310813043756932,
            0.5507312993691501,
            0.11657164413728922,
            0.4674943494880906,
            0.20521660657950336,
            0.9999999999999999,
            0.6848602514927513,
            0.0,
            0.0,
            0.0
        ],
        [
            0.11019328328147221,
            0.3192985009763207,
            0.005708458433752615,
            0.08778918945829221,
            0.005916289442979525,
            0.29670183761559166,
            0.5934524760022236,
            -0.006981705463559664,
            0.17165836586476246,
            0.01339479596519544,
            0.5507312993691501,
            0.8730091082367264,
            0.03790168290382294,
            0.1519994225418895,
            0.06672338549171118,
            0.6848602514927513,
            1.0000000000000002,
            0.0,
            0.0,
            0.0
        ],
        [
            -0.0008103545428560389,
            -0.0057084584337526185,
            0.001047127535578332,
            -0.0009739043240178713,
            -6.563336449753263e-05,
            0.005948633528297745,
            0.00698170546355966,
            0.0441719912595462,
            0.01120100341836603,
            0.0008740334596489855,
            -0.11657164413728924,
            -0.037901682903822946,
            0.4094717404075304,
            -0.14317943590055557,
            -0.06285166440974939,
            0.0,
            0.0,
            1.0000000000000004,
            0.0,
            0.0
        ],
        [
            -0.012462273189297872,
            -0.08778918945829217,
            -0.0009739043240178712,
            -0.013867015808334363,
            -0.0010093617983780768,
            -0.14625834846881333,
            -0.1716583658647624,
            0.011201003418366034,
            -0.23077018573438168,
            -0.02148975722014681,
            -0.4674943494880906,
            -0.1519994225418895,
            -0.14317943590055573,
            -0.1290270707016749,
            -0.2520578497878501,
            0.0,
            0.0,
            0.0,
            1.0000000000000004,
            0.0
        ],
        [
            -0.000839857569711341,
            -0.005916289442979523,
            -6.563336449753263e-05,
            -0.0010093617983780768,
            0.001042432376614837,
            -0.0114127891529018,
            -0.013394795965195435,
            0.0008740334596489855,
            -0.021489757220146802,
            0.04295067702015012,
            -0.20521660657950336,
            -0.06672338549171118,
            -0.06285166440974937,
            -0.2520578497878498,
            0.3345279589822024,
            0.0,
            0.0,
            0.0,
            0.0,
            1.0000000000000004
        ]
    ],
    "h": [
        [
            -0.26603967267596684,
            -0.4681372117796643,
            -0.07516262928505602,
            -0.2781782430778744,
            -0.009138217520704022,
            -0.5738205523968136,
            -0.4626073985623136,
            0.01915316647401938,
            0.024079998800132563,
            0.010924908381860256,
            -0.2086807984903441,
            -0.2965073193740297,
            -0.032105532265136155,
            0.26881298950131083,
            -0.03255155698611338,
            -0.010638917659334283,
            -0.13364652893264303,
            0.0014880261271269703,
            0.058114050382159034,
            0.004965404859817548
        ],
        [
            -0.4681372117796643,
            -0.3128827680951438,
            -0.06089316207946983,
            -0.23592774552209148,
            -0.006394118362598497,
            -0.5268479853899599,
            -0.365502192141931,
            0.08170662143029955,
            0.12137632970421103,
            0.029024608196114823,
            -0.2981139457425317,
            -0.2990248074387114,
            -0.047172872178811304,
            0.1530058458251245,
            -0.046820825363894716,
            -0.13199994761359057,
            -0.193272456813962,
            0.013626423784316893,
            0.10498594198325074,
            0.027906603994581572
        ],
        [
            -0.07516262928505602,
            -0.06089316207946983,
            1.4667947663540877,
            -0.06878079775622606,
            -0.003148881588607605,
            -0.006552581530168883,
            -0.05361149866387768,
            0.32068474005081354,
            -0.26478499191423754,
            -0.01086017447624786,
            -0.022726422611539253,
            -0.039996423142682085,
            -0.04814158688555528,
            0.03629652529758298,
            -0.005761109740140276,
            -0.002540019391440048,
            -0.01851946664526534,
            -0.0036988638983585856,
            0.007058907804035943,
            0.0005599939168695192
        ],
        [
            -0.2781782430778744,
            -0.23592774552209148,
            -0.06878079775622606,
            1.226831809416785,
            -0.008566421730602415,
            -0.0631140310776016,
            -0.22364914552493098,
            -0.24480216578456343,
            -0.5524098601256677,
            -0.029481700476433018,
            -0.20729384704687276,
            -0.1715011148877476,
            -0.03783393651233764,
            0.17541243673158846,
            -0.038625903555618096,
            -0.05778701955679559,
            -0.11018781054757187,
            0.005635820600924282,
            0.07534300347981812,
            0.01003085626803911
        ],
        [
            -0.009138217520704022,
            -0.006394118362598497,
            -0.003148881588607605,
            -0.008566421730602415,
            1.4859137168462118,
            0.0036977147301475027,
            -0.004304336110556688,
            -0.013261712983601074,
            -0.04088429659210288,
            0.3924188264337424,
            0.0073709821639427985,
            -0.0032937730659793017,
            0.00039341330001835587,
            -0.003272427737763116,
            -0.04111881170337828,
            0.00013646061691512416,
            -0.0011084433144418378,
            -1.3581654532312604e-05,
            0.002582326664263819,
            -0.0038903085128974835
        ],
        [
            -0.5738205523968136,
            -0.5268479853899599,
            -0.006552581530168883,
            -0.0631140310776016,
            0.0036977147301475027,
            -0.3916095297759721,
            -0.5737367194087691,
            0.12033603504468643,
            0.10075237475619205,
            0.048679211055965704,
            -0.45020079883313957,
            -0.4678129769149608,
            -0.023374213662977927,
            0.07300032185949734,
            -0.030924199534771518,
            -0.2177751684169406,
            -0.3060861898209093,
            0.01561683513426812,
            0.20387594241243767,
            0.044990579890854684
        ],
        [
            -0.4626073985623136,
            -0.365502192141931,
            -0.05361149866387768,
            -0.22364914552493098,
            -0.004304336110556688,
            -0.5737367194087691,
            -0.4268195152390899,
            0.10230380401074105,
            0.039246219185430545,
            0.0425542629456606,
            -0.46675994548755106,
            -0.39850512756014145,
            -0.06794133533898256,
            0.09212504778816066,
            -0.0799515542704263,
            -0.30172833409374017,
            -0.30426896820109217,
            0.031318351632403506,
            0.1623980672367617,
            0.06011262250666167
        ],
        [
            0.01915316647401938,
            0.08170662143029955,
            0.32068474005081354,
            -0.24480216578456343,
            -0.013261712983601074,
            0.12033603504468643,
            0.10230380401074105,
            1.390878663615072,
            -0.02282780143789548,
            -0.013970654013451317,
            0.025864159820393473,
            0.07404108438869447,
            0.1727467853377861,
            0.21623312529117134,
            -0.04686537558077761,
            0.03452160671048558,
            0.05023771996070264,
            -0.04730785547725366,
            -0.0378398814580207,
            -0.011010425753064174
        ],
        [
            0.024079998800132563,
            0.12137632970421103,
            -0.26478499191423754,
            -0.5524098601256677,
            -0.04088429659210288,
            0.10075237475619205,
            0.039246219185430545,
            -0.02282780143789548,
            0.960185965935008,
            0.024752329539259085,
            -0.07822796239437602,
            -0.09178379549738269,
            0.21791939381471964,
            -0.7062191766245266,
            0.15822964681804613,
            -0.27263046487453674,
            -0.15357819104005765,
            0.028502407303123232,
            0.1429572421716186,
            0.060342973972477044
        ],
        [
            0.010924908381860256,
            0.029024608196114823,
            -0.01086017447624786,
            -0.029481700476433018,
            0.3924188264337424,
            0.048679211055965704,
            0.0425542629456606,
            -0.013970654013451317,
            0.024752329539259085,
            1.4154637568035835,
            0.008286956450925642,
            0.03597073376040613,
            -0.05132471491573523,
            0.18097328931753615,
            0.19480088187426087,
            0.015942287892580044,
            0.030226689502040157,
            -0.0030785763890349787,
            -0.021852157210457798,
            -0.048981129949861854
        ],
        [
            -0.2086807984903441,
            -0.2981139457425317,
            -0.022726422611539253,
            -0.20729384704687276,
            0.0073709821639427985,
            -0.45020079883313957,
            -0.46675994548755106,
            0.025864159820393473,
            -0.07822796239437602,
            0.008286956450925642,
            -0.37969474663505154,
            -0.5664625427884684,
            -0.10405210319576676,
            -0.0767883068053904,
            -0.13793821013661098,
            -0.5665810585662132,
            -0.5226344359738885,
            0.005744431535913086,
            0.07060245705895973,
            0.01754242963118141
        ],
        [
            -0.2965073193740297,
            -0.2990248074387114,
            -0.039996423142682085,
            -0.1715011148877476,
            -0.0032937730659793017,
            -0.4678129769149608,
            -0.39850512756014145,
            0.07404108438869447,
            -0.09178379549738269,
            0.03597073376040613,
            -0.5664625427884684,
            -0.42228132394371753,
            -0.08976659766616815,
            -0.025426755708100712,
            -0.1168368109909921,
            -0.4603007321435857,
            -0.36808551160688896,
            0.04116840102183683,
            0.20861499571253872,
            0.07915657878756804
        ],
        [
            -0.032105532265136155,
            -0.047172872178811304,
            -0.04814158688555528,
            -0.03783393651233764,
            0.00039341330001835587,
            -0.023374213662977927,
            -0.06794133533898256,
            0.1727467853377861,
            0.21791939381471964,
            -0.05132471491573523,
            -0.10405210319576676,
            -0.08976659766616815,
            1.3985699383051093,
            -0.0038265172672907813,
            -0.0330450989836199,
            -0.020232178857184396,
            -0.07059942145873216,
            0.3143607683009073,
            -0.17813109015712364,
            -0.08309774109980761
        ],
        [
            0.26881298950131083,
            0.1530058458251245,
            0.03629652529758298,
            0.17541243673158846,
            -0.003272427737763116,
            0.07300032185949734,
            0.09212504778816066,
            0.21623312529117134,
            -0.7062191766245266,
            0.18097328931753615,
            -0.0767883068053904,
            -0.025426755708100712,
            -0.0038265172672907813,
            1.0106782210359202,
            -0.051916773389426775,
            -0.025681301003782186,
            -0.10198276578521798,
            -0.19770401964097,
            -0.45473168481269266,
            -0.35010335501891476
        ],
        [
            -0.03255155698611338,
            -0.046820825363894716,
            -0.005761109740140276,
            -0.038625903555618096,
            -0.04111881170337828,
            -0.030924199534771518,
            -0.0799515542704263,
            -0.04686537558077761,
            0.15822964681804613,
            0.19480088187426087,
            -0.13793821013661098,
            -0.1168368109909921,
            -0.0330450989836199,
            -0.051916773389426775,
            1.377199383047095,
            -0.024114238510654362,
            -0.09935286513326141,
            -0.08618781055521221,
            -0.32785750095630606,
            0.2137567530992509
        ],
        [
            -0.010638917659334283,
            -0.13199994761359057,
            -0.002540019391440048,
            -0.05778701955679559,
            0.00013646061691512416,
            -0.2177751684169406,
            -0.30172833409374017,
            0.03452160671048558,
            -0.27263046487453674,
            0.015942287892580044,
            -0.5665810585662132,
            -0.4603007321435857,
            -0.020232178857184396,
            -0.025681301003782186,
            -0.024114238510654362,
            -0.2573118999685493,
            -0.4652219175654556,
            0.05754402226511191,
            0.25156277783582354,
            0.10559175146081076
        ],
        [
            -0.13364652893264303,
            -0.193272456813962,
            -0.01851946664526534,
            -0.11018781054757187,
            -0.0011084433144418378,
            -0.3060861898209093,
            -0.30426896820109217,
            0.05023771996070264,
            -0.15357819104005765,
            0.030226689502040157,
            -0.5226344359738885,
            -0.36808551160688896,
            -0.07059942145873216,
            -0.10198276578521798,
            -0.09935286513326141,
            -0.4652219175654556,
            -0.31562432722844225,
            0.04713364300327226,
            0.21836820889132655,
            0.08812817146729626
        ],
        [
            0.0014880261271269703,
            0.013626423784316893,
            -0.0036988638983585856,
            0.005635820600924282,
            -1.3581654532312604e-05,
            0.01561683513426812,
            0.031318351632403506,
            -0.04730785547725366,
            0.028502407303123232,
            -0.0030785763890349787,
            0.005744431535913086,
            0.04116840102183683,
            0.3143607683009073,
            -0.19770401964097,
            -0.08618781055521221,
            0.05754402226511191,
            0.04713364300327226,
            1.471845190886673,
            -0.04889346729456153,
            -0.021945709052505
        ],
        [
            0.058114050382159034,
            0.10498594198325074,
            0.007058907804035943,
            0.07534300347981812,
            0.002582326664263819,
            0.20387594241243767,
            0.1623980672367617,
            -0.0378398814580207,
            0.1429572421716186,
            -0.021852157210457798,
            0.07060245705895973,
            0.20861499571253872,
            -0.17813109015712364,
            -0.45473168481269266,
            -0.32785750095630606,
            0.25156277783582354,
            0.21836820889132655,
            -0.04889346729456153,
            1.263760097095738,
            -0.08986773438271135
        ],
        [
            0.004965404859817548,
            0.027906603994581572,
            0.0005599939168695192,
            0.01003085626803911,
            -0.0038903085128974835,
            0.044990579890854684,
            0.06011262250666167,
            -0.011010425753064174,
            0.060342973972477044,
            -0.048981129949861854,
            0.01754242963118141,
            0.07915657878756804,
            -0.08309774109980761,
            -0.35010335501891476,
            0.2137567530992509,
            0.10559175146081076,
            0.08812817146729626,
            -0.021945709052505,
            -0.08986773438271135,
            1.4453697505270928
        ]
    ]
}