{
    "HF": -2.16637649570455,
    "coordinates": [
        [
            0.714429,
            -0.054526,
            0.098166
        ],
        [
            1.546987,
            -0.186223,
            -0.002759
        ],
        [
            2.330155,
            0.070332,
            -0.011724
        ],
        [
            3.031492,
            -0.120056,
            0.145931
        ]
    ],
    "elements": [
        "H",
        "H",
        "H",
        "H"
    ],
    "Enn": 2.8854218171985524,
    "S": [
        [
            0.9999999999999999,
            0.6848602514927513,
            0.0,
            0.0,
            0.0,
            0.4848118605695604,
            0.5323332503576387,
            0.05964182441446183,
            -0.4920017641897995,
            0.07782659747249324,
            0.0903343400650348,
            0.27261579104209754,
            0.008119541213811652,
            -0.11938259939236547,
            -0.009225495285049548,
            0.009534463365824256,
            0.10515886515686275,
            -0.00022862502931190692,
            -0.011090518084215103,
            0.00031365640470656865
        ],
        [
            0.6848602514927513,
            1.0000000000000002,
            0.0,
            0.0,
            0.0,
            0.5323332503576388,
            0.8547126911669326,
            0.020988726601553515,
            -0.17314176112891919,
            0.027388182583550087,
            0.27261579104209754,
            0.562873714766577,
            0.011175412981569084,
            -0.16431345268048672,
            -0.012697604095484146,
            0.10515886515686278,
            0.3100751583687106,
            -0.001749632803312158,
            -0.08487405908386637,
            0.0024003650706803286
        ],
        [
            0.0,
            0.0,
            1.0000000000000004,
            0.0,
            0.0,
            -0.05964182441446183,
            -0.020988726601553515,
            0.38201115176075523,
            0.08559739993856776,
            -0.013540102647154384,
            -0.008119541213811645,
            -0.011175412981569079,
            0.03153997880661835,
            0.015009039500596828,
            0.001159849290019173,
            0.00022862502931190673,
            0.0017496328033121573,
            0.0009269649833862318,
            -0.0002679311028947382,
            7.577491493624556e-06
        ],
        [
            0.0,
            0.0,
            0.0,
            1.0000000000000004,
            0.0,
            0.49200176418979935,
            0.17314176112891932,
            0.08559739993856769,
            -0.3137289170297478,
            0.11169601961565075,
            0.11938259939236542,
            0.1643134526804866,
            0.015009039500596833,
            -0.18811894327014778,
            -0.01705340480449103,
            0.011090518084215108,
            0.0848740590838664,
            -0.0002679311028947382,
            -0.012064753362794728,
            0.00036758139166109474
        ],
        [
            0.0,
            0.0,
            0.0,
            0.0,
            1.0000000000000004,
            -0.07782659747249322,
            -0.02738818258355009,
            -0.013540102647154372,
            0.11169601961565073,
            0.3747190314441859,
            0.009225495285049543,
            0.012697604095484132,
            0.0011598492900191733,
            -0.017053404804491024,
            0.031242954022491245,
            -0.00031365640470656854,
            -0.002400365070680324,
            7.577491493624554e-06,
            0.00036758139166109463,
            0.0009220924877027807
        ],
        [
            0.4848118605695604,
            0.5323332503576387,
            -0.05964182441446183,
            0.49200176418979935,
            -0.07782659747249325,
            0.9999999999999999,
            0.6848602514927513,
            0.0,
            0.0,
            0.0,
            0.5039417173827037,
            0.5400958316808824,
            0.005563960442250325,
            -0.486058647142923,
            -0.15922608714573702,
            0.12769117437654873,
            0.3142893765169979,
            -0.016741950200769205,
            -0.16714983376684978,
            -0.007450162209525164
        ],
        [
            0.5323332503576388,
            0.8547126911669326,
            -0.02098872660155352,
            0.17314176112891938,
            -0.027388182583550098,
            0.6848602514927513,
            1.0000000000000002,
            0.0,
            0.0,
            0.0,
            0.5400958316808824,
            0.8624612690220487,
            0.0018934336268040682,
            -0.16540732031643998,
            -0.054185149372528454,
            0.3142893765169979,
            0.6151896782321653,
            -0.017607201943832022,
            -0.17578841429570513,
            -0.007835198944229828
        ],
        [
            0.05964182441446183,
            0.02098872660155351,
            0.38201115176075523,
            0.08559739993856773,
            -0.013540102647154382,
            0.0,
            0.0,
            1.0000000000000004,
            0.0,
            0.0,
            -0.005563960442250324,
            -0.001893433626804066,
            0.41398118327355843,
            0.00754759524780067,
            0.0024724877660980797,
            0.016741950200769205,
            0.017607201943832015,
            0.052123051714055325,
            -0.0316881571092008,
            -0.0014123969211585622
        ],
        [
            -0.49200176418979946,
            -0.17314176112891916,
            0.08559739993856771,
            -0.3137289170297478,
            0.11169601961565076,
            0.0,
            0.0,
            0.0,
            1.0000000000000004,
            0.0,
            0.48605864714292274,
            0.16540732031644031,
            0.007547595247800676,
            -0.24527821622144275,
            -0.21599255982147264,
            0.1671498337668497,
            0.1757884142957047,
            -0.031688157109200824,
            -0.2610741794754405,
            -0.014101219257814861
        ],
        [
            0.07782659747249324,
            0.02738818258355008,
            -0.013540102647154372,
            0.11169601961565072,
            0.3747190314441859,
            0.0,
            0.0,
            0.0,
            0.0,
            1.0000000000000004,
            0.15922608714573697,
            0.05418514937252843,
            0.0024724877660980806,
            -0.2159925598214726,
            0.343311407448191,
            0.00745016220952516,
            0.007835198944229826,
            -0.0014123969211585615,
            -0.014101219257814846,
            0.054668463623031884
        ],
        [
            0.0903343400650348,
            0.27261579104209754,
            -0.008119541213811652,
            0.1193825993923655,
            0.009225495285049548,
            0.5039417173827037,
            0.5400958316808824,
            -0.0055639604422503255,
            0.4860586471429231,
            0.15922608714573702,
            0.9999999999999999,
            0.6848602514927513,
            0.0,
            0.0,
            0.0,
            0.5677952690924476,
            0.5644639965795017,
            -0.11379088615101075,
            -0.5062050599124125,
            0.13741663272664129
        ],
        [
            0.27261579104209754,
            0.562873714766577,
            -0.011175412981569082,
            0.16431345268048664,
            0.012697604095484146,
            0.5400958316808824,
            0.8624612690220487,
            -0.0018934336268040676,
            0.16540732031644034,
            0.054185149372528434,
            0.6848602514927513,
            1.0000000000000002,
            0.0,
            0.0,
            0.0,
            0.5644639965795017,
            0.886514708367599,
            -0.03490333187432773,
            -0.15526940513618614,
            0.04215010972623458
        ],
        [
            0.008119541213811645,
            0.011175412981569073,
            0.03153997880661835,
            0.015009039500596826,
            0.001159849290019173,
            0.005563960442250325,
            0.0018934336268040654,
            0.41398118327355843,
            0.00754759524780067,
            0.0024724877660980797,
            0.0,
            0.0,
            1.0000000000000004,
            0.0,
            0.0,
            0.11379088615101075,
            0.034903331874327745,
            0.4563420859403846,
            -0.1400316920507766,
            0.03801361369236651
        ],
        [
            -0.11938259939236541,
            -0.1643134526804867,
            0.015009039500596835,
            -0.1881189432701478,
            -0.01705340480449103,
            -0.4860586471429227,
            -0.16540732031643995,
            0.007547595247800676,
            -0.24527821622144275,
            -0.21599255982147264,
            0.0,
            0.0,
            0.0,
            1.0000000000000004,
            0.0,
            0.5062050599124125,
            0.15526940513618612,
            -0.1400316920507765,
            -0.13511863777280192,
            0.16910566608203506
        ],
        [
            -0.009225495285049543,
            -0.012697604095484127,
            0.0011598492900191733,
            -0.01705340480449102,
            0.031242954022491245,
            -0.15922608714573697,
            -0.05418514937252841,
            0.0024724877660980806,
            -0.2159925598214726,
            0.343311407448191,
            0.0,
            0.0,
            0.0,
            0.0,
            1.0000000000000004,
            -0.13741663272664129,
            -0.04215010972623456,
            0.0380136136923665,
            0.16910566608203506,
            0.44191393920955296
        ],
        [
            0.009534463365824256,
            0.10515886515686275,
            0.00022862502931190692,
            0.011090518084215104,
            -0.00031365640470656876,
            0.12769117437654873,
            0.3142893765169979,
            0.016741950200769205,
            0.16714983376684978,
            0.00745016220952516,
            0.5677952690924476,
            0.5644639965795017,
            0.11379088615101075,
            0.5062050599124125,
            -0.13741663272664129,
            0.9999999999999999,
            0.6848602514927513,
            0.0,
            0.0,
            0.0
        ],
        [
            0.10515886515686278,
            0.3100751583687106,
            0.001749632803312158,
            0.08487405908386642,
            -0.002400365070680327,
            0.3142893765169979,
            0.6151896782321653,
            0.017607201943832015,
            0.17578841429570496,
            0.007835198944229828,
            0.5644639965795017,
            0.886514708367599,
            0.03490333187432774,
            0.15526940513618614,
            -0.04215010972623458,
            0.6848602514927513,
            1.0000000000000002,
            0.0,
            0.0,
            0.0
        ],
        [
            -0.00022862502931190673,
            -0.0017496328033121573,
            0.0009269649833862318,
            -0.0002679311028947382,
            7.577491493624554e-06,
            -0.016741950200769205,
            -0.017607201943832015,
            0.052123051714055325,
            -0.031688157109200824,
            -0.0014123969211585615,
            -0.11379088615101075,
            -0.03490333187432775,
            0.4563420859403846,
            -0.1400316920507766,
            0.03801361369236651,
            0.0,
            0.0,
            1.0000000000000004,
            0.0,
            0.0
        ],
        [
            -0.01109051808421511,
            -0.08487405908386647,
            -0.0002679311028947382,
            -0.012064753362794728,
            0.00036758139166109463,
            -0.16714983376684964,
            -0.1757884142957047,
            -0.0316881571092008,
            -0.2610741794754405,
            -0.014101219257814846,
            -0.5062050599124125,
            -0.15526940513618612,
            -0.1400316920507765,
            -0.13511863777280192,
            0.16910566608203506,
            0.0,
            0.0,
            0.0,
            1.0000000000000004,
            0.0
        ],
        [
            0.0003136564047065685,
            0.002400365070680324,
            7.577491493624556e-06,
            0.00036758139166109474,
            0.0009220924877027807,
            -0.007450162209525156,
            -0.007835198944229826,
            -0.0014123969211585622,
            -0.014101219257814861,
            0.054668463623031884,
            0.13741663272664129,
            0.04215010972623455,
            0.0380136136923665,
            0.16910566608203506,
            0.44191393920955296,
            0.0,
            0.0,
            0.0,
            0.0,
            1.0000000000000004
        ]
    ],
    "h": [
        [
            -0.21614938139371742,
            -0.4449743956284098,
            0.02945495352427561,
            -0.24058768898249014,
            0.03486865980059482,
            -0.5253716182853256,
            -0.433240269876662,
            -0.00414042597866493,
            0.04862127417527484,
            -0.01753690011101558,
            -0.19662082913802037,
            -0.2788963873768928,
            -0.005624742284481447,
            0.26625732774541333,
            0.04271925383600923,
            -0.0056116074579335914,
            -0.12423210390736311,
            0.0034732442782296623,
            0.056894000273772546,
            0.00030803187323610697
        ],
        [
            -0.4449743956284098,
            -0.30451023914045483,
            0.026147478836088676,
            -0.2163394443457356,
            0.029710856158030756,
            -0.5055095552789443,
            -0.3597175197054372,
            -0.020791398256202756,
            0.10506332856212205,
            -0.05788912676609226,
            -0.29887464815175835,
            -0.29332978890391115,
            -0.009788932959586837,
            0.16567162389928997,
            0.058701169220607245,
            -0.12683560383981413,
            -0.18759711073691293,
            0.016724268605327393,
            0.11244102100979295,
            -0.01419248398653392
        ],
        [
            0.02945495352427561,
            0.026147478836088676,
            1.4983187866441383,
            0.027046908318519778,
            -0.003982407022260355,
            0.008339125613751289,
            0.023539867677603816,
            0.2773614897209289,
            0.11349417136594564,
            -0.016325666307173914,
            0.018114204718751855,
            0.01834148018787475,
            -0.03942272175374298,
            -0.023920210941723953,
            -0.00488831319859275,
            0.0014645851399351006,
            0.008843597346841833,
            -0.0035118182090458716,
            -0.0019242738413779033,
            8.701787449477466e-05
        ],
        [
            -0.24058768898249014,
            -0.2163394443457356,
            0.027046908318519778,
            1.2753264122005756,
            0.032163899086735906,
            -0.07754716445089538,
            -0.20128822757972936,
            0.11137466784777314,
            -0.6587289882704404,
            0.1298377335073375,
            -0.20306441271829806,
            -0.15998930001931722,
            -0.009721926301602464,
            0.1981008032211663,
            0.04904178064437146,
            -0.0535228919340542,
            -0.10343271691004352,
            0.005357133356749749,
            0.07275607982086996,
            -0.003613638361461174
        ],
        [
            0.03486865980059482,
            0.029710856158030756,
            -0.003982407022260355,
            0.032163899086735906,
            1.4961020438402746,
            0.0037885549803216845,
            0.024639695903575967,
            -0.018066895429084538,
            0.14669125384970297,
            0.2674926181475821,
            0.005142589257128486,
            0.019545828883747077,
            -7.920339167521127e-07,
            -0.012726568248743273,
            -0.04326307307629278,
            -0.00016165232361389282,
            0.00815479879467634,
            -0.00010959962288219926,
            -0.0027713960657094134,
            -0.0034174630806464807
        ],
        [
            -0.5253716182853256,
            -0.5055095552789443,
            0.008339125613751289,
            -0.07754716445089538,
            0.0037885549803216845,
            -0.3777633628918451,
            -0.5720719174757345,
            -0.024892036615766392,
            0.027351150229107765,
            -0.09852933981859252,
            -0.4931025401901783,
            -0.4855260832110684,
            -0.013450882684476603,
            0.043364861997795545,
            0.02861362000151929,
            -0.2548447223470537,
            -0.3300699429723286,
            0.03643815524166045,
            0.23762315340362347,
            -0.02255840369967536
        ],
        [
            -0.433240269876662,
            -0.3597175197054372,
            0.023539867677603816,
            -0.20128822757972936,
            0.024639695903575967,
            -0.5720719174757345,
            -0.431838688097395,
            -0.022473346171597353,
            -0.0020009891273203434,
            -0.08625160125469962,
            -0.49924991987195,
            -0.4063479883024297,
            -0.02892372648175081,
            0.09661045262127943,
            0.0899351100741384,
            -0.32324307913919287,
            -0.3142249214235098,
            0.037895580209671736,
            0.18894742192078073,
            -0.03908514559638188
        ],
        [
            -0.00414042597866493,
            -0.020791398256202756,
            0.2773614897209289,
            0.11137466784777314,
            -0.018066895429084538,
            -0.024892036615766392,
            -0.022473346171597353,
            1.4204002911178697,
            0.02584711565621054,
            -0.00348715568371136,
            -0.010016659429895543,
            -0.013965369477395214,
            0.30774007914437573,
            0.014612185842332114,
            0.005654575192835468,
            -0.010506223900717652,
            -0.005842645363624992,
            -0.04479539899349516,
            0.002900449352131601,
            -0.0010956431325863539
        ],
        [
            0.04862127417527484,
            0.10506332856212205,
            0.11349417136594564,
            -0.6587289882704404,
            0.14669125384970297,
            0.027351150229107765,
            -0.0020009891273203434,
            0.02584711565621054,
            0.9438928397912432,
            -0.03404483457263413,
            -0.08409043179970044,
            -0.12540569815673414,
            -0.007699572689364914,
            -0.7084384339248777,
            -0.2679592089044794,
            -0.30685224282588824,
            -0.17963487104255293,
            0.04040085822232658,
            0.14733701793713744,
            -0.04260020761195885
        ],
        [
            -0.01753690011101558,
            -0.05788912676609226,
            -0.016325666307173914,
            0.1298377335073375,
            0.2674926181475821,
            -0.09852933981859252,
            -0.08625160125469962,
            -0.00348715568371136,
            -0.03404483457263413,
            1.3966353615938827,
            -0.02105885754387382,
            -0.07305388905780354,
            0.0006306381969544417,
            -0.28462995847642136,
            0.22000933446111037,
            -0.04961666226364367,
            -0.05810331184259171,
            0.00959939893806083,
            0.052560550190834845,
            -0.054144822681684066
        ],
        [
            -0.19662082913802037,
            -0.29887464815175835,
            0.018114204718751855,
            -0.20306441271829806,
            0.005142589257128486,
            -0.4931025401901783,
            -0.49924991987195,
            -0.010016659429895543,
            -0.08409043179970044,
            -0.02105885754387382,
            -0.44348712896426457,
            -0.5959736508879885,
            -0.061911656256568734,
            -0.08057081337132324,
            0.13655958693986797,
            -0.5988999651521509,
            -0.5466848780976499,
            0.012315961573040352,
            0.07842006662579482,
            -0.005058518055419459
        ],
        [
            -0.2788963873768928,
            -0.29332978890391115,
            0.01834148018787475,
            -0.15998930001931722,
            0.019545828883747077,
            -0.4855260832110684,
            -0.4063479883024297,
            -0.013965369477395214,
            -0.12540569815673414,
            -0.07305388905780354,
            -0.5959736508879885,
            -0.43014582596684114,
            -0.04868669564218209,
            -0.02556748958290947,
            0.11323311316534444,
            -0.47530799990981254,
            -0.37164791696986454,
            0.04849739634992893,
            0.2361486306223961,
            -0.050248715857215416
        ],
        [
            -0.005624742284481447,
            -0.009788932959586837,
            -0.03942272175374298,
            -0.009721926301602464,
            -7.920339167521127e-07,
            -0.013450882684476603,
            -0.02892372648175081,
            0.30774007914437573,
            -0.007699572689364914,
            0.0006306381969544417,
            -0.061911656256568734,
            -0.04868669564218209,
            1.3912397008405646,
            -0.05353187627478603,
            0.015874690542865343,
            -0.007295457973960945,
            -0.04626467168884821,
            0.37826319314869916,
            -0.19289108908830938,
            0.05394089131954803
        ],
        [
            0.26625732774541333,
            0.16567162389928997,
            -0.023920210941723953,
            0.1981008032211663,
            -0.012726568248743273,
            0.043364861997795545,
            0.09661045262127943,
            0.014612185842332114,
            -0.7084384339248777,
            -0.28462995847642136,
            -0.08057081337132324,
            -0.02556748958290947,
            -0.05353187627478603,
            0.9110812065506928,
            7.381014211045329e-05,
            -0.012392449639885839,
            -0.10866008140750377,
            -0.2019309210519047,
            -0.49628057761964695,
            0.2402727306612657
        ],
        [
            0.04271925383600923,
            0.058701169220607245,
            -0.00488831319859275,
            0.04904178064437146,
            -0.04326307307629278,
            0.02861362000151929,
            0.0899351100741384,
            0.005654575192835468,
            -0.2679592089044794,
            0.22000933446111037,
            0.13655958693986797,
            0.11323311316534444,
            0.015874690542865343,
            7.381014211045329e-05,
            1.3635680631590426,
            0.023614419664489378,
            0.08850533893233672,
            0.05016127016879689,
            0.21273100690694824,
            0.3579838639264732
        ],
        [
            -0.0056116074579335914,
            -0.12683560383981413,
            0.0014645851399351006,
            -0.0535228919340542,
            -0.00016165232361389282,
            -0.2548447223470537,
            -0.32324307913919287,
            -0.010506223900717652,
            -0.30685224282588824,
            -0.04961666226364367,
            -0.5988999651521509,
            -0.47530799990981254,
            -0.007295457973960945,
            -0.012392449639885839,
            0.023614419664489378,
            -0.2897856315300935,
            -0.47836467949242856,
            0.0638688400381503,
            0.28889305239301066,
            -0.07232740136072692
        ],
        [
            -0.12423210390736311,
            -0.18759711073691293,
            0.008843597346841833,
            -0.10343271691004352,
            0.00815479879467634,
            -0.3300699429723286,
            -0.3142249214235098,
            -0.005842645363624992,
            -0.17963487104255293,
            -0.05810331184259171,
            -0.5466848780976499,
            -0.37164791696986454,
            -0.04626467168884821,
            -0.10866008140750377,
            0.08850533893233672,
            -0.47836467949242856,
            -0.319464320575241,
            0.052150664856257765,
            0.24281025526196,
            -0.05693556214643504
        ],
        [
            0.0034732442782296623,
            0.016724268605327393,
            -0.0035118182090458716,
            0.005357133356749749,
            -0.00010959962288219926,
            0.03643815524166045,
            0.037895580209671736,
            -0.04479539899349516,
            0.04040085822232658,
            0.00959939893806083,
            0.012315961573040352,
            0.04849739634992893,
            0.37826319314869916,
            -0.2019309210519047,
            0.05016127016879689,
            0.0638688400381503,
            0.052150664856257765,
            1.4566830902229941,
            -0.05786932350682186,
            0.01483114384983217
        ],
        [
            0.056894000273772546,
            0.11244102100979295,
            -0.0019242738413779033,
            0.07275607982086996,
            -0.0027713960657094134,
            0.23762315340362347,
            0.18894742192078073,
            0.002900449352131601,
            0.14733701793713744,
            0.052560550190834845,
            0.07842006662579482,
            0.2361486306223961,
            -0.19289108908830938,
            -0.49628057761964695,
            0.21273100690694824,
            0.28889305239301066,
            0.24281025526196,
            -0.05786932350682186,
            1.199969768170164,
            0.06499074920055771
        ],
        [
            0.00030803187323610697,
            -0.01419248398653392,
            8.701787449477466e-05,
            -0.003613638361461174,
            -0.0034174630806464807,
            -0.02255840369967536,
            -0.03908514559638188,
            -0.0010956431325863539,
            -0.04260020761195885,
            -0.054144822681684066,
            -0.005058518055419459,
            -0.050248715857215416,
            0.05394089131954803,
            0.2402727306612657,
            0.3579838639264732,
            -0.07232740136072692,
            -0.05693556214643504,
            0.01483114384983217,
            0.06499074920055771,
            1.4513503389591154
        ]
    ]
}