{
    "HF": -2.119471109063492,
    "coordinates": [
        [
            0.83021,
            0.051493,
            0.183775
        ],
        [
            1.49416,
            0.042465,
            0.166531
        ],
        [
            2.157298,
            -0.101178,
            -0.117921
        ],
        [
            2.843815,
            0.001889,
            -0.078836
        ]
    ],
    "elements": [
        "H",
        "H",
        "H",
        "H"
    ],
    "Enn": 3.309506477670531,
    "S": [
        [
            0.9999999999999999,
            0.6848602514927513,
            0.0,
            0.0,
            0.0,
            0.6323139970917434,
            0.5869516531634411,
            0.014255975042025984,
            -0.5489013354878889,
            0.007463636202703,
            0.17317618939075252,
            0.3556898159730014,
            0.04931996303872846,
            -0.21694663207049503,
            0.024957997709899083,
            0.026299787356427,
            0.1623754014508153,
            0.004337471573248594,
            -0.03325814397436222,
            0.0008192952310429618
        ],
        [
            0.6848602514927513,
            1.0000000000000002,
            0.0,
            0.0,
            0.0,
            0.5869516531634411,
            0.9083635224599768,
            0.003980208034120646,
            -0.15325093506462523,
            0.0020838157116702155,
            0.3556898159730014,
            0.664614836809725,
            0.04078071104566046,
            -0.17938452037867078,
            0.020636773228852982,
            0.1623754014508153,
            0.40706044207656444,
            0.015330838119376055,
            -0.1175512537226781,
            0.002895807464552247
        ],
        [
            0.0,
            0.0,
            1.0000000000000004,
            0.0,
            0.0,
            -0.014255975042025984,
            -0.003980208034120646,
            0.5635512083790968,
            0.016763871278705163,
            -0.00022794522163438507,
            -0.04931996303872845,
            -0.04078071104566045,
            0.06692869771204801,
            0.09109474667721319,
            -0.010479731615353934,
            -0.004337471573248593,
            -0.01533083811937606,
            0.003874996007762243,
            0.006479930156333665,
            -0.00015962934909020143
        ],
        [
            0.0,
            0.0,
            0.0,
            1.0000000000000004,
            0.0,
            0.5489013354878887,
            0.15325093506462523,
            0.016763871278705107,
            -0.08147688812732312,
            0.008776631286485146,
            0.21694663207049497,
            0.17938452037867064,
            0.09109474667721326,
            -0.3130659481398204,
            0.04609781392513267,
            0.03325814397436221,
            0.11755125372267815,
            0.0064799301563336666,
            -0.04496563431267232,
            0.0012239794048032077
        ],
        [
            0.0,
            0.0,
            0.0,
            0.0,
            1.0000000000000004,
            -0.007463636202702999,
            -0.0020838157116702034,
            -0.0002279452216343846,
            0.008776631286485157,
            0.5638672574326031,
            -0.024957997709899076,
            -0.020636773228852972,
            -0.01047973161535393,
            0.04609781392513262,
            0.08233470043663343,
            -0.0008192952310429616,
            -0.0028958074645522467,
            -0.0001596293490902014,
            0.001223979404803207,
            0.004689945644800829
        ],
        [
            0.6323139970917434,
            0.5869516531634411,
            -0.014255975042025984,
            0.5489013354878888,
            -0.007463636202703,
            0.9999999999999999,
            0.6848602514927513,
            0.0,
            0.0,
            0.0,
            0.5741601742023793,
            0.566772567250404,
            0.20822234515972474,
            -0.48542513156711714,
            0.10514843392128846,
            0.17199343301335687,
            0.35470725021809857,
            0.03977543179349928,
            -0.21878700231594003,
            0.006577607911630442
        ],
        [
            0.5869516531634411,
            0.9083635224599768,
            -0.003980208034120646,
            0.15325093506462523,
            -0.0020838157116702034,
            0.6848602514927513,
            1.0000000000000002,
            0.0,
            0.0,
            0.0,
            0.566772567250404,
            0.888772766827037,
            0.06324995223904527,
            -0.14745351352036914,
            0.03194005628180917,
            0.35470725021809857,
            0.6634679646169339,
            0.03306867661352295,
            -0.18189611779426038,
            0.005468521122523837
        ],
        [
            0.014255975042025984,
            0.003980208034120646,
            0.5635512083790968,
            0.01676387127870511,
            -0.00022794522163438463,
            0.0,
            0.0,
            1.0000000000000004,
            0.0,
            0.0,
            -0.20822234515972474,
            -0.06324995223904525,
            0.39123299926101546,
            0.2425427093538619,
            -0.05253742418579055,
            -0.03977543179349928,
            -0.03306867661352294,
            0.07318283735360032,
            0.07457500206244648,
            -0.0022420213192896163
        ],
        [
            -0.5489013354878889,
            -0.15325093506462523,
            0.01676387127870516,
            -0.08147688812732312,
            0.008776631286485157,
            0.0,
            0.0,
            0.0,
            1.0000000000000004,
            0.0,
            0.48542513156711675,
            0.14745351352036912,
            0.2425427093538616,
            -0.070164287470516,
            0.1224795831975755,
            0.21878700231594017,
            0.18189611779426038,
            0.07457500206244647,
            -0.32346344081522044,
            0.012332364513915187
        ],
        [
            0.007463636202702999,
            0.0020838157116702034,
            -0.00022794522163438504,
            0.008776631286485146,
            0.5638672574326031,
            0.0,
            0.0,
            0.0,
            0.0,
            1.0000000000000004,
            -0.10514843392128845,
            -0.03194005628180916,
            -0.05253742418579052,
            0.12247958319757558,
            0.46874088448532064,
            -0.006577607911630442,
            -0.005468521122523837,
            -0.0022420213192896167,
            0.012332364513915192,
            0.08636979736081674
        ],
        [
            0.17317618939075252,
            0.3556898159730014,
            -0.04931996303872846,
            0.21694663207049497,
            -0.024957997709899083,
            0.5741601742023793,
            0.566772567250404,
            -0.20822234515972474,
            0.4854251315671168,
            -0.10514843392128846,
            0.9999999999999999,
            0.6848602514927513,
            0.0,
            0.0,
            0.0,
            0.6069514480499898,
            0.5783476157865773,
            -0.03068858864704399,
            -0.5390364030242478,
            -0.08092569441179186
        ],
        [
            0.3556898159730014,
            0.664614836809725,
            -0.04078071104566046,
            0.17938452037867067,
            -0.02063677322885299,
            0.566772567250404,
            0.888772766827037,
            -0.06324995223904527,
            0.14745351352036878,
            -0.03194005628180917,
            0.6848602514927513,
            1.0000000000000002,
            0.0,
            0.0,
            0.0,
            0.5783476157865773,
            0.9000422040859145,
            -0.008880408072948731,
            -0.15598186283782864,
            -0.0234176031432674
        ],
        [
            0.04931996303872845,
            0.04078071104566045,
            0.06692869771204801,
            0.0910947466772132,
            -0.010479731615353934,
            0.20822234515972474,
            0.06324995223904525,
            0.39123299926101546,
            0.24254270935386174,
            -0.05253742418579055,
            0.0,
            0.0,
            1.0000000000000004,
            0.0,
            0.0,
            0.030688588647043994,
            0.008880408072948731,
            0.5317725119254721,
            -0.03719163548474891,
            -0.0055835912213486535
        ],
        [
            -0.21694663207049503,
            -0.17938452037867075,
            0.09109474667721323,
            -0.3130659481398205,
            0.046097813925132666,
            -0.48542513156711675,
            -0.14745351352036912,
            0.24254270935386177,
            -0.070164287470516,
            0.12247958319757558,
            0.0,
            0.0,
            0.0,
            1.0000000000000004,
            0.0,
            0.5390364030242478,
            0.1559818628378286,
            -0.037191635484748936,
            -0.11937066864652918,
            -0.09807420479740611
        ],
        [
            0.024957997709899076,
            0.02063677322885298,
            -0.01047973161535393,
            0.046097813925132625,
            0.08233470043663343,
            0.10514843392128845,
            0.03194005628180916,
            -0.05253742418579052,
            0.1224795831975755,
            0.46874088448532064,
            0.0,
            0.0,
            0.0,
            0.0,
            1.0000000000000004,
            0.08092569441179186,
            0.023417603143267397,
            -0.005583591221348658,
            -0.09807420479740611,
            0.519166008382322
        ],
        [
            0.026299787356427,
            0.1623754014508153,
            -0.004337471573248594,
            0.03325814397436221,
            -0.0008192952310429618,
            0.17199343301335687,
            0.35470725021809857,
            -0.03977543179349928,
            0.21878700231594012,
            -0.006577607911630442,
            0.6069514480499898,
            0.5783476157865773,
            0.03068858864704399,
            0.5390364030242478,
            0.08092569441179186,
            0.9999999999999999,
            0.6848602514927513,
            0.0,
            0.0,
            0.0
        ],
        [
            0.1623754014508153,
            0.40706044207656444,
            -0.01533083811937605,
            0.11755125372267816,
            -0.002895807464552247,
            0.35470725021809857,
            0.6634679646169339,
            -0.03306867661352295,
            0.18189611779426038,
            -0.005468521122523837,
            0.5783476157865773,
            0.9000422040859145,
            0.008880408072948709,
            0.15598186283782864,
            0.0234176031432674,
            0.6848602514927513,
            1.0000000000000002,
            0.0,
            0.0,
            0.0
        ],
        [
            0.004337471573248593,
            0.015330838119376057,
            0.003874996007762243,
            0.006479930156333666,
            -0.00015962934909020143,
            0.03977543179349928,
            0.03306867661352293,
            0.07318283735360032,
            0.07457500206244645,
            -0.0022420213192896163,
            -0.030688588647043994,
            -0.008880408072948731,
            0.5317725119254721,
            -0.037191635484748936,
            -0.005583591221348658,
            0.0,
            0.0,
            1.0000000000000004,
            0.0,
            0.0
        ],
        [
            -0.03325814397436222,
            -0.11755125372267809,
            0.006479930156333666,
            -0.04496563431267232,
            0.0012239794048032075,
            -0.2187870023159401,
            -0.18189611779426038,
            0.0745750020624465,
            -0.32346344081522044,
            0.012332364513915192,
            -0.5390364030242478,
            -0.1559818628378286,
            -0.03719163548474891,
            -0.11937066864652918,
            -0.09807420479740611,
            0.0,
            0.0,
            0.0,
            1.0000000000000004,
            0.0
        ],
        [
            0.0008192952310429616,
            0.002895807464552245,
            -0.0001596293490902014,
            0.0012239794048032073,
            0.004689945644800829,
            0.006577607911630442,
            0.005468521122523838,
            -0.0022420213192896167,
            0.012332364513915187,
            0.08636979736081674,
            -0.08092569441179186,
            -0.023417603143267393,
            -0.0055835912213486535,
            -0.09807420479740611,
            0.519166008382322,
            0.0,
            0.0,
            0.0,
            0.0,
            1.0000000000000004
        ]
    ],
    "h": [
        [
            -0.3442443471927974,
            -0.4995859855367166,
            0.015038757002673493,
            -0.3516121239502678,
            0.008433375523615007,
            -0.6490705780267009,
            -0.49697681498824864,
            0.01885673581936314,
            -0.007274421841006684,
            0.011231545388032874,
            -0.31771435304083717,
            -0.3599880024063581,
            -0.10762375886961255,
            0.3491556363932586,
            -0.051884852375910735,
            -0.049524299120237224,
            -0.1899001293360147,
            -0.01501477287049946,
            0.11702042248748279,
            -0.0008326069923675089
        ],
        [
            -0.4995859855367166,
            -0.32282637951909443,
            0.015420577280764368,
            -0.2788897412666592,
            0.008381001345446146,
            -0.5833644518336611,
            -0.3754717536963712,
            0.042854552910216184,
            0.11577800902538807,
            0.021569056273168505,
            -0.38614582687482274,
            -0.3326704527203095,
            -0.0893656289796529,
            0.18498680094206116,
            -0.05064036556302699,
            -0.1879320456849101,
            -0.23376203064394208,
            -0.006342525439947282,
            0.15448503745405673,
            0.011186560465649767
        ],
        [
            0.015038757002673493,
            0.015420577280764368,
            1.4652520081297413,
            0.016582086390720265,
            -0.0011580898377239286,
            0.017329596817436142,
            0.019141443173052372,
            0.5357073690694575,
            0.03451487780002207,
            -0.0033901123745322145,
            0.03590733025551855,
            0.01568187726761551,
            -0.04185510000573453,
            0.015172177016818694,
            0.0008550611428465582,
            0.018057590873258082,
            0.016118378172684605,
            -0.010565795393499064,
            -0.022450968386239323,
            -0.00044210931789162935
        ],
        [
            -0.3516121239502678,
            -0.2788897412666592,
            0.016582086390720265,
            1.1244173668294457,
            0.008739307724603561,
            -0.08109713614351954,
            -0.27384656100779925,
            0.059774223277707296,
            -0.4772237249557234,
            0.03071438941503299,
            -0.28792962129933547,
            -0.22699509280384855,
            -0.07039485650985855,
            0.07975356940773204,
            -0.03664121124294065,
            -0.11686283392462431,
            -0.15737701541864163,
            -0.01842052764703881,
            0.15855054869418808,
            0.000893598236151487
        ],
        [
            0.008433375523615007,
            0.008381001345446146,
            -0.0011580898377239286,
            0.008739307724603561,
            1.4668707549282107,
            0.009210696652141147,
            0.010068467763843774,
            -0.0033991257599251604,
            0.017241025298285136,
            0.5408599480787701,
            0.017783497678597743,
            0.007961467764906381,
            0.0006200439296595722,
            0.006992983473005462,
            -0.042437427369574426,
            0.006607071604595819,
            0.007446596257297474,
            0.0004838462064739195,
            -0.006972296228464054,
            -0.01281835290885419
        ],
        [
            -0.6490705780267009,
            -0.5833644518336611,
            0.017329596817436142,
            -0.08109713614351954,
            0.009210696652141147,
            -0.5348472796074151,
            -0.6369371921933777,
            0.08783463379556453,
            0.09287432783448918,
            0.04379031652244123,
            -0.5786354254601855,
            -0.5522011683872079,
            -0.03659170558900232,
            0.06637509194601665,
            -0.025386090610810264,
            -0.31112194416745426,
            -0.3858622382732508,
            -0.0179931097959537,
            0.28295021059951825,
            0.01637715040227314
        ],
        [
            -0.49697681498824864,
            -0.3754717536963712,
            0.019141443173052372,
            -0.27384656100779925,
            0.010068467763843774,
            -0.6369371921933777,
            -0.4395949205935261,
            0.0767508985086771,
            0.020273605690642307,
            0.03692975220938223,
            -0.5483499386677266,
            -0.4216443162855721,
            -0.09921854063043599,
            0.11415815235442894,
            -0.0656854951134888,
            -0.3545614322660311,
            -0.33236470823525877,
            0.0013081524327202068,
            0.2208948403496157,
            0.02462683418383686
        ],
        [
            0.01885673581936314,
            0.042854552910216184,
            0.5357073690694575,
            0.059774223277707296,
            -0.0033991257599251604,
            0.08783463379556453,
            0.0767508985086771,
            1.3384110217327307,
            0.11723238055092104,
            -0.0209575305319027,
            0.02719638517859524,
            0.08645350388589798,
            0.275730175068157,
            0.36882818212442786,
            -0.06968640562503142,
            0.09989472204667856,
            0.08287253223868016,
            -0.0461653317824747,
            -0.06913779607913423,
            -0.010515689374790882
        ],
        [
            -0.007274421841006684,
            0.11577800902538807,
            0.03451487780002207,
            -0.4772237249557234,
            0.017241025298285136,
            0.09287432783448918,
            0.020273605690642307,
            0.11723238055092104,
            0.7614321251709111,
            0.05542636446958966,
            -0.06271710626076077,
            -0.11269587856184965,
            0.3621912754999598,
            -0.598679990163741,
            0.16781311493395565,
            -0.3439058522448795,
            -0.1846322567396026,
            0.030065489584880728,
            0.07060286671626903,
            0.03525031327621951
        ],
        [
            0.011231545388032874,
            0.021569056273168505,
            -0.0033901123745322145,
            0.03071438941503299,
            0.5408599480787701,
            0.04379031652244123,
            0.03692975220938223,
            -0.0209575305319027,
            0.05542636446958966,
            1.3709797807837445,
            0.007862791046631068,
            0.03985666009275788,
            -0.07357157842322104,
            0.18189211209325737,
            0.3845521263074342,
            0.040638109058035124,
            0.038092616212712926,
            -0.00011999991690117649,
            -0.03917278542537792,
            -0.046456134625510265
        ],
        [
            -0.31771435304083717,
            -0.38614582687482274,
            0.03590733025551855,
            -0.28792962129933547,
            0.017783497678597743,
            -0.5786354254601855,
            -0.5483499386677266,
            0.02719638517859524,
            -0.06271710626076077,
            0.007862791046631068,
            -0.5116260988831245,
            -0.6278827186157171,
            -0.11319920311421913,
            -0.07435143903677488,
            -0.09373385458305686,
            -0.6308813873573734,
            -0.57373268831127,
            -0.012109093896036899,
            0.08627060328977709,
            0.0004589404088883031
        ],
        [
            -0.3599880024063581,
            -0.3326704527203095,
            0.01568187726761551,
            -0.22699509280384855,
            0.007961467764906381,
            -0.5522011683872079,
            -0.4216443162855721,
            0.08645350388589798,
            -0.11269587856184965,
            0.03985666009275788,
            -0.6278827186157171,
            -0.43773716635680904,
            -0.09589701400973352,
            -0.014356946002653359,
            -0.07528436233820571,
            -0.48832554513863147,
            -0.3756207620412719,
            0.0014963055730399027,
            0.2654696139478516,
            0.029817125955747172
        ],
        [
            -0.10762375886961255,
            -0.0893656289796529,
            -0.04185510000573453,
            -0.07039485650985855,
            0.0006200439296595722,
            -0.03659170558900232,
            -0.09921854063043599,
            0.275730175068157,
            0.3621912754999598,
            -0.07357157842322104,
            -0.11319920311421913,
            -0.09589701400973352,
            1.342390130096842,
            0.09324284195515517,
            -0.0238856535027814,
            -0.019093830217026916,
            -0.060599657024556254,
            0.48681075606408397,
            -0.01832372338830951,
            -0.00795808409325484
        ],
        [
            0.3491556363932586,
            0.18498680094206116,
            0.015172177016818694,
            0.07975356940773204,
            0.006992983473005462,
            0.06637509194601665,
            0.11415815235442894,
            0.36882818212442786,
            -0.598679990163741,
            0.18189211209325737,
            -0.07435143903677488,
            -0.014356946002653359,
            0.09324284195515517,
            0.7882271639725782,
            0.00942639642222702,
            -0.0009234446175631073,
            -0.110473769431746,
            -0.04759288517406478,
            -0.5165624019306218,
            -0.14375169190768403
        ],
        [
            -0.051884852375910735,
            -0.05064036556302699,
            0.0008550611428465582,
            -0.03664121124294065,
            -0.042437427369574426,
            -0.025386090610810264,
            -0.0656854951134888,
            -0.06968640562503142,
            0.16781311493395565,
            0.3845521263074342,
            -0.09373385458305686,
            -0.07528436233820571,
            -0.0238856535027814,
            0.00942639642222702,
            1.36921428198091,
            -0.013113756261022291,
            -0.057513546038755615,
            -0.011143094853276476,
            -0.12227394109585155,
            0.47317987900145875
        ],
        [
            -0.049524299120237224,
            -0.1879320456849101,
            0.018057590873258082,
            -0.11686283392462431,
            0.006607071604595819,
            -0.31112194416745426,
            -0.3545614322660311,
            0.09989472204667856,
            -0.3439058522448795,
            0.040638109058035124,
            -0.6308813873573734,
            -0.48832554513863147,
            -0.019093830217026916,
            -0.0009234446175631073,
            -0.013113756261022291,
            -0.32186368479002936,
            -0.4916885102842813,
            0.012881064828133672,
            0.3326646200674971,
            0.045915600994931985
        ],
        [
            -0.1899001293360147,
            -0.23376203064394208,
            0.016118378172684605,
            -0.15737701541864163,
            0.007446596257297474,
            -0.3858622382732508,
            -0.33236470823525877,
            0.08287253223868016,
            -0.1846322567396026,
            0.038092616212712926,
            -0.57373268831127,
            -0.3756207620412719,
            -0.060599657024556254,
            -0.110473769431746,
            -0.057513546038755615,
            -0.4916885102842813,
            -0.32245853795829116,
            0.006500375649589099,
            0.2708969091088839,
            0.034323151292440644
        ],
        [
            -0.01501477287049946,
            -0.006342525439947282,
            -0.010565795393499064,
            -0.01842052764703881,
            0.0004838462064739195,
            -0.0179931097959537,
            0.0013081524327202068,
            -0.0461653317824747,
            0.030065489584880728,
            -0.00011999991690117649,
            -0.012109093896036899,
            0.0014963055730399027,
            0.48681075606408397,
            -0.04759288517406478,
            -0.011143094853276476,
            0.012881064828133672,
            0.006500375649589099,
            1.4710121091309718,
            -0.009672300054282268,
            -0.002718509442747857
        ],
        [
            0.11702042248748279,
            0.15448503745405673,
            -0.022450968386239323,
            0.15855054869418808,
            -0.006972296228464054,
            0.28295021059951825,
            0.2208948403496157,
            -0.06913779607913423,
            0.07060286671626903,
            -0.03917278542537792,
            0.08627060328977709,
            0.2654696139478516,
            -0.01832372338830951,
            -0.5165624019306218,
            -0.12227394109585155,
            0.3326646200674971,
            0.2708969091088839,
            -0.009672300054282268,
            1.1491153860283303,
            -0.04221005347772744
        ],
        [
            -0.0008326069923675089,
            0.011186560465649767,
            -0.00044210931789162935,
            0.000893598236151487,
            -0.01281835290885419,
            0.01637715040227314,
            0.02462683418383686,
            -0.010515689374790882,
            0.03525031327621951,
            -0.046456134625510265,
            0.0004589404088883031,
            0.029817125955747172,
            -0.00795808409325484,
            -0.14375169190768403,
            0.47317987900145875,
            0.045915600994931985,
            0.034323151292440644,
            -0.002718509442747857,
            -0.04221005347772744,
            1.4666613237701454
        ]
    ]
}