{
    "HF": -2.1564252349758015,
    "coordinates": [
        [
            0.74629,
            -0.113098,
            -0.020667
        ],
        [
            1.404752,
            -0.154338,
            0.036632
        ],
        [
            2.209944,
            -0.046816,
            0.091122
        ],
        [
            3.016387,
            0.152339,
            -0.096056
        ]
    ],
    "elements": [
        "H",
        "H",
        "H",
        "H"
    ],
    "Enn": 2.9835494935144173,
    "S": [
        [
            0.9999999999999999,
            0.6848602514927513,
            0.0,
            0.0,
            0.0,
            0.6339483153665622,
            0.5874960902924989,
            -0.047524344214131445,
            -0.5461347447586418,
            0.034204854454541626,
            0.1356872483772527,
            0.32217670252345354,
            -0.013555713699256901,
            -0.17748503501035126,
            -0.008037461784380806,
            0.010726584745810083,
            0.11062755388397671,
            0.00041683415363970826,
            -0.012551618428086863,
            -0.0014676306522126996
        ],
        [
            0.6848602514927513,
            1.0000000000000002,
            0.0,
            0.0,
            0.0,
            0.5874960902924989,
            0.9088885023094813,
            -0.013238675382126195,
            -0.15213467371970843,
            0.009528315900083507,
            0.32217670252345354,
            0.6247876936176271,
            -0.01359321593582162,
            -0.17797605200269317,
            -0.008059697632666257,
            0.11062755388397671,
            0.3200866022103482,
            0.0029159490386816453,
            -0.0878044166239648,
            -0.010266759938194418
        ],
        [
            0.0,
            0.0,
            1.0000000000000004,
            0.0,
            0.0,
            0.047524344214131445,
            0.013238675382126188,
            0.5611079162580855,
            -0.055433710091532286,
            0.0034718574559728477,
            0.013555713699256898,
            0.013593215935821615,
            0.05867359090911047,
            -0.025759418830426803,
            -0.0011665228250107946,
            -0.00041683415363970815,
            -0.002915949038681641,
            0.0011102608008486535,
            0.000500685993973599,
            5.854401295731865e-05
        ],
        [
            0.0,
            0.0,
            0.0,
            1.0000000000000004,
            0.0,
            0.5461347447586418,
            0.15213467371970843,
            -0.05543371009153231,
            -0.0710949507225596,
            0.0398974886852265,
            0.1774850350103512,
            0.177976052002693,
            -0.02575941883042683,
            -0.27662720508999045,
            -0.015273289848897037,
            0.012551618428086862,
            0.08780441662396475,
            0.0005006859939735992,
            -0.013949658236875741,
            -0.0017628644521398378
        ],
        [
            0.0,
            0.0,
            0.0,
            0.0,
            1.0000000000000004,
            -0.034204854454541626,
            -0.009528315900083505,
            0.003471857455972843,
            0.03989748868522644,
            0.5634329156068042,
            0.008037461784380804,
            0.008059697632666254,
            -0.0011665228250107957,
            -0.015273289848897033,
            0.05994935381063638,
            0.0014676306522126998,
            0.010266759938194417,
            5.8544012957318704e-05,
            -0.0017628644521398386,
            0.000920760865302742
        ],
        [
            0.6339483153665622,
            0.5874960902924989,
            0.047524344214131445,
            0.546134744758642,
            -0.03420485445454163,
            0.9999999999999999,
            0.6848602514927513,
            0.0,
            0.0,
            0.0,
            0.511744466714753,
            0.5431977994302388,
            -0.034482578160377,
            -0.5095447985705686,
            -0.06804249897155544,
            0.08510455428708893,
            0.265971615385469,
            0.009118945723460448,
            -0.11075916504151984,
            -0.021076291131328237
        ],
        [
            0.5874960902924989,
            0.9088885023094813,
            0.013238675382126195,
            0.15213467371970843,
            -0.009528315900083507,
            0.6848602514927513,
            1.0000000000000002,
            0.0,
            0.0,
            0.0,
            0.5431977994302388,
            0.8655457778281576,
            -0.01157902229035448,
            -0.17110178227225342,
            -0.022848222328931786,
            0.265971615385469,
            0.5542606717458364,
            0.013142195296822177,
            -0.15962575302358928,
            -0.030375083105054993
        ],
        [
            -0.047524344214131445,
            -0.013238675382126188,
            0.5611079162580855,
            -0.05543371009153231,
            0.003471857455972843,
            0.0,
            0.0,
            1.0000000000000004,
            0.0,
            0.0,
            0.034482578160377,
            0.011579022290354467,
            0.41971030908918394,
            -0.04817910605850936,
            -0.006433637991464203,
            -0.009118945723460451,
            -0.013142195296822182,
            0.028344515207331708,
            0.01648991390008469,
            0.0031378552371574657
        ],
        [
            -0.5461347447586418,
            -0.15213467371970843,
            -0.055433710091532286,
            -0.07109495072255942,
            0.03989748868522644,
            0.0,
            0.0,
            0.0,
            1.0000000000000004,
            0.0,
            0.5095447985705686,
            0.17110178227225373,
            -0.04817910605850939,
            -0.28896595147740617,
            -0.09506907398831063,
            0.11075916504151981,
            0.15962575302358925,
            0.01648991390008468,
            -0.17058515727801854,
            -0.03811254465465053
        ],
        [
            0.034204854454541626,
            0.009528315900083505,
            0.0034718574559728477,
            0.0398974886852265,
            0.5634329156068042,
            0.0,
            0.0,
            0.0,
            0.0,
            1.0000000000000004,
            0.06804249897155543,
            0.022848222328931793,
            -0.006433637991464205,
            -0.09506907398831059,
            0.4102756183766048,
            0.021076291131328233,
            0.03037508310505499,
            0.003137855237157465,
            -0.03811254465465055,
            0.022449739304922146
        ],
        [
            0.1356872483772527,
            0.32217670252345354,
            0.013555713699256901,
            0.1774850350103512,
            0.008037461784380803,
            0.511744466714753,
            0.5431977994302388,
            0.034482578160377,
            0.5095447985705686,
            0.06804249897155544,
            0.9999999999999999,
            0.6848602514927513,
            0.0,
            0.0,
            0.0,
            0.48284425548454774,
            0.5315217848053153,
            0.11004510338388099,
            -0.47412144220051033,
            -0.11708658370330284
        ],
        [
            0.32217670252345354,
            0.6247876936176271,
            0.013593215935821627,
            0.17797605200269306,
            0.008059697632666257,
            0.5431977994302388,
            0.8655457778281576,
            0.01157902229035447,
            0.17110178227225376,
            0.022848222328931796,
            0.6848602514927513,
            1.0000000000000002,
            0.0,
            0.0,
            0.0,
            0.5315217848053153,
            0.8539002159001656,
            0.03886286193959352,
            -0.16743785579048615,
            -0.04134958846434808
        ],
        [
            -0.013555713699256898,
            -0.013593215935821617,
            0.05867359090911047,
            -0.025759418830426806,
            -0.0011665228250107944,
            -0.034482578160377,
            -0.011579022290354478,
            0.41971030908918394,
            -0.04817910605850939,
            -0.006433637991464204,
            0.0,
            0.0,
            1.0000000000000004,
            0.0,
            0.0,
            -0.11004510338388097,
            -0.038862861939593485,
            0.35468088873499803,
            0.1529024863818009,
            0.0377600086743484
        ],
        [
            -0.17748503501035126,
            -0.1779760520026931,
            -0.025759418830426824,
            -0.2766272050899905,
            -0.015273289848897031,
            -0.5095447985705684,
            -0.1711017822722534,
            -0.04817910605850936,
            -0.28896595147740617,
            -0.09506907398831058,
            0.0,
            0.0,
            0.0,
            1.0000000000000004,
            0.0,
            0.47412144220051033,
            0.1674378557904861,
            0.15290248638180076,
            -0.2685993607889687,
            -0.1626862915266085
        ],
        [
            -0.008037461784380806,
            -0.00805969763266626,
            -0.001166522825010796,
            -0.015273289848897038,
            0.05994935381063638,
            -0.06804249897155544,
            -0.022848222328931793,
            -0.006433637991464204,
            -0.09506907398831063,
            0.4102756183766048,
            0.0,
            0.0,
            0.0,
            0.0,
            1.0000000000000004,
            0.11708658370330283,
            0.04134958846434806,
            0.03776000867434841,
            -0.16268629152660868,
            0.34999387825439493
        ],
        [
            0.010726584745810083,
            0.11062755388397671,
            -0.00041683415363970826,
            0.012551618428086862,
            0.0014676306522126996,
            0.08510455428708893,
            0.265971615385469,
            -0.009118945723460448,
            0.1107591650415198,
            0.021076291131328237,
            0.48284425548454774,
            0.5315217848053153,
            -0.11004510338388099,
            0.47412144220051033,
            0.11708658370330284,
            0.9999999999999999,
            0.6848602514927513,
            0.0,
            0.0,
            0.0
        ],
        [
            0.11062755388397671,
            0.3200866022103482,
            -0.0029159490386816453,
            0.08780441662396478,
            0.010266759938194418,
            0.265971615385469,
            0.5542606717458364,
            -0.013142195296822177,
            0.15962575302358928,
            0.030375083105054993,
            0.5315217848053153,
            0.8539002159001656,
            -0.03886286193959352,
            0.16743785579048615,
            0.041349588464348094,
            0.6848602514927513,
            1.0000000000000002,
            0.0,
            0.0,
            0.0
        ],
        [
            0.00041683415363970804,
            0.002915949038681641,
            0.0011102608008486535,
            0.000500685993973599,
            5.854401295731865e-05,
            0.009118945723460451,
            0.013142195296822185,
            0.028344515207331708,
            0.016489913900084686,
            0.0031378552371574657,
            0.11004510338388097,
            0.038862861939593485,
            0.35468088873499803,
            0.1529024863818007,
            0.0377600086743484,
            0.0,
            0.0,
            1.0000000000000004,
            0.0,
            0.0
        ],
        [
            -0.012551618428086863,
            -0.08780441662396479,
            0.0005006859939735992,
            -0.013949658236875741,
            -0.0017628644521398378,
            -0.11075916504151985,
            -0.15962575302358925,
            0.016489913900084686,
            -0.1705851572780185,
            -0.03811254465465055,
            -0.47412144220051033,
            -0.1674378557904861,
            0.15290248638180093,
            -0.2685993607889687,
            -0.16268629152660868,
            0.0,
            0.0,
            0.0,
            1.0000000000000004,
            0.0
        ],
        [
            -0.0014676306522126998,
            -0.010266759938194417,
            5.8544012957318704e-05,
            -0.0017628644521398386,
            0.000920760865302742,
            -0.021076291131328233,
            -0.03037508310505499,
            0.003137855237157465,
            -0.03811254465465053,
            0.022449739304922146,
            -0.11708658370330283,
            -0.04134958846434807,
            0.03776000867434841,
            -0.1626862915266085,
            0.34999387825439493,
            0.0,
            0.0,
            0.0,
            0.0,
            1.0000000000000004
        ]
    ],
    "h": [
        [
            -0.3452277781615536,
            -0.49863495089656107,
            -0.03127076231145457,
            -0.3459176311672997,
            0.02074104246042674,
            -0.6475966285560517,
            -0.4993976615266199,
            -0.003644660411908557,
            -0.011872906640999048,
            -0.004161626214912714,
            -0.2741438849722574,
            -0.34044053038637995,
            0.018410050038872007,
            0.3331879549777351,
            0.0331946076036542,
            -0.008951151483197035,
            -0.1347988950598193,
            -0.0038884853798211196,
            0.05541340771122061,
            0.008689800532971238
        ],
        [
            -0.49863495089656107,
            -0.319878308701534,
            -0.024377814368621242,
            -0.27144993864422035,
            0.014681371503905626,
            -0.5716161795019425,
            -0.3702594650426505,
            0.011612729130820149,
            0.12446177634370306,
            -0.027662212333832974,
            -0.3379218903040343,
            -0.3164625908971678,
            0.021446018715501752,
            0.188853081197088,
            0.017970683346185894,
            -0.12956812177900928,
            -0.1901384462343616,
            -0.016699706551803938,
            0.10014920491744764,
            0.0214048855708515
        ],
        [
            -0.03127076231145457,
            -0.024377814368621242,
            1.453388849732516,
            -0.029257901350222736,
            0.0016169416179713507,
            -0.006465939684389632,
            -0.023413266393136824,
            0.5368169249392019,
            -0.08518356865876608,
            0.0043773457712362246,
            -0.020447396190525984,
            -0.01796909148474018,
            -0.045860588264118735,
            0.019174382845406235,
            0.002283384637598281,
            -0.00124886900008917,
            -0.007677721981251429,
            -0.004057820602523897,
            0.000782722368023413,
            0.00024268392383450417
        ],
        [
            -0.3459176311672997,
            -0.27144993864422035,
            -0.029257901350222736,
            1.122506672727978,
            0.0182876621814868,
            -0.06787355619715418,
            -0.26514086263272624,
            -0.08614291685905208,
            -0.45060441278271574,
            0.04927004148534103,
            -0.2580454897309207,
            -0.21002414360761423,
            0.01567099304516654,
            0.1649090868968659,
            0.02528681148747592,
            -0.06111185538422587,
            -0.12091696238938979,
            -0.006691119663878694,
            0.07716991389598589,
            0.012651351849282228
        ],
        [
            0.02074104246042674,
            0.014681371503905626,
            0.0016169416179713507,
            0.0182876621814868,
            1.4546858335154795,
            -0.0008618007751498777,
            0.012239760199322141,
            0.005170868966297677,
            0.05753312582409717,
            0.5401995471450021,
            0.0005359419890531465,
            0.008581103519125402,
            -0.0005318282090771777,
            -0.011930061274691144,
            -0.04834539749022777,
            -0.005163076797998189,
            -0.0004241156517085336,
            -0.00042613147726707976,
            0.006126020992044116,
            -0.0029783698841503526
        ],
        [
            -0.6475966285560517,
            -0.5716161795019425,
            -0.006465939684389632,
            -0.06787355619715418,
            -0.0008618007751498777,
            -0.5019562150400354,
            -0.6169702890714839,
            0.013411946471016487,
            0.12800181002116334,
            -0.04611860213370216,
            -0.49631482758421863,
            -0.5074729507069318,
            0.01458599908648131,
            0.09391549758793949,
            0.0026185322522738197,
            -0.18899610088812063,
            -0.2968451481072614,
            -0.028078006988662755,
            0.19382878594328948,
            0.04125638838261578
        ],
        [
            -0.4993976615266199,
            -0.3702594650426505,
            -0.023413266393136824,
            -0.26514086263272624,
            0.012239760199322141,
            -0.6169702890714839,
            -0.4287610024607911,
            0.00840654393845482,
            0.045340324227513926,
            -0.03995087901415906,
            -0.4831888015465631,
            -0.4015821602753902,
            0.03641630745603803,
            0.13867485581275024,
            0.004049218360816016,
            -0.2745252575774394,
            -0.2895038062762819,
            -0.0321715565197885,
            0.15115112747691248,
            0.03631879616513371
        ],
        [
            -0.003644660411908557,
            0.011612729130820149,
            0.5368169249392019,
            -0.08614291685905208,
            0.005170868966297677,
            0.013411946471016487,
            0.00840654393845482,
            1.3880415835584237,
            -0.040938091048380504,
            -0.0003212589219188233,
            0.0054433403623839055,
            0.0006312288515007373,
            0.31807260542463855,
            -0.07099889169569223,
            -0.009166036485559682,
            0.00030024181761771976,
            -0.0050427350449841896,
            -0.03930149169041746,
            -0.002009402393487375,
            -0.00024246391527412564
        ],
        [
            -0.011872906640999048,
            0.12446177634370306,
            -0.08518356865876608,
            -0.45060441278271574,
            0.05753312582409717,
            0.12800181002116334,
            0.045340324227513926,
            -0.040938091048380504,
            0.8185394982145975,
            -0.01564028729712381,
            -0.030506494072363943,
            -0.09006737502969875,
            -0.05443768309239205,
            -0.7815855989757007,
            -0.1509775525915508,
            -0.26616546803067076,
            -0.16653739789943184,
            -0.039978350992574435,
            0.20241131113494232,
            0.05386714277458597
        ],
        [
            -0.004161626214912714,
            -0.027662212333832974,
            0.0043773457712362246,
            0.04927004148534103,
            0.5401995471450021,
            -0.04611860213370216,
            -0.03995087901415906,
            -0.0003212589219188233,
            -0.01564028729712381,
            1.3855736801714553,
            -0.016591691179164342,
            -0.038105772110739566,
            -0.006135622049184818,
            -0.12962720523485058,
            0.30423759637472836,
            -0.03879624486530073,
            -0.030069606073774402,
            -0.006154109354380803,
            0.039502698912562584,
            -0.030479003664821827
        ],
        [
            -0.2741438849722574,
            -0.3379218903040343,
            -0.020447396190525984,
            -0.2580454897309207,
            0.0005359419890531465,
            -0.49631482758421863,
            -0.4831888015465631,
            0.0054433403623839055,
            -0.030506494072363943,
            -0.016591691179164342,
            -0.37560704819465274,
            -0.5704733107879203,
            0.0634048436893733,
            -0.00941945235425412,
            -0.02573897441357493,
            -0.5218846932433552,
            -0.502555121989104,
            -0.012641791679899733,
            0.07127332434366984,
            0.016517429684056006
        ],
        [
            -0.34044053038637995,
            -0.3164625908971678,
            -0.01796909148474018,
            -0.21002414360761423,
            0.008581103519125402,
            -0.5074729507069318,
            -0.4015821602753902,
            0.0006312288515007373,
            -0.09006737502969875,
            -0.038105772110739566,
            -0.5704733107879203,
            -0.4285120843017298,
            0.055197857657626546,
            0.015536987037561262,
            -0.020102222852989966,
            -0.4308562452470194,
            -0.35632978353023226,
            -0.04110964725905678,
            0.19092210536566578,
            0.04627402086335139
        ],
        [
            0.018410050038872007,
            0.021446018715501752,
            -0.045860588264118735,
            0.01567099304516654,
            -0.0005318282090771777,
            0.01458599908648131,
            0.03641630745603803,
            0.31807260542463855,
            -0.05443768309239205,
            -0.006135622049184818,
            0.0634048436893733,
            0.055197857657626546,
            1.4145969685495274,
            0.030334879670631816,
            0.009288505620426182,
            0.012125573730240757,
            0.046750410806620527,
            0.2436598340430023,
            0.1950255759479534,
            0.04838702543590602
        ],
        [
            0.3331879549777351,
            0.188853081197088,
            0.019174382845406235,
            0.1649090868968659,
            -0.011930061274691144,
            0.09391549758793949,
            0.13867485581275024,
            -0.07099889169569223,
            -0.7815855989757007,
            -0.12962720523485058,
            -0.00941945235425412,
            0.015536987037561262,
            0.030334879670631816,
            0.939647551895638,
            -0.08519309022089427,
            -0.04706500669635638,
            -0.09687409448594936,
            0.20290376365992235,
            -0.5975751471098971,
            -0.21756762679344555
        ],
        [
            0.0331946076036542,
            0.017970683346185894,
            0.002283384637598281,
            0.02528681148747592,
            -0.04834539749022777,
            0.0026185322522738197,
            0.004049218360816016,
            -0.009166036485559682,
            -0.1509775525915508,
            0.30423759637472836,
            -0.02573897441357493,
            -0.020102222852989966,
            0.009288505620426182,
            -0.08519309022089427,
            1.4095899216357486,
            -0.010241523998652802,
            -0.0325967685929126,
            0.049835962373480494,
            -0.21538436338136852,
            0.23659678578942794
        ],
        [
            -0.008951151483197035,
            -0.12956812177900928,
            -0.00124886900008917,
            -0.06111185538422587,
            -0.005163076797998189,
            -0.18899610088812063,
            -0.2745252575774394,
            0.00030024181761771976,
            -0.26616546803067076,
            -0.03879624486530073,
            -0.5218846932433552,
            -0.4308562452470194,
            0.012125573730240757,
            -0.04706500669635638,
            -0.010241523998652802,
            -0.21137957048993639,
            -0.4421952381982801,
            -0.05269039494797417,
            0.23030731755020362,
            0.057052833425410274
        ],
        [
            -0.1347988950598193,
            -0.1901384462343616,
            -0.007677721981251429,
            -0.12091696238938979,
            -0.0004241156517085336,
            -0.2968451481072614,
            -0.2895038062762819,
            -0.0050427350449841896,
            -0.16653739789943184,
            -0.030069606073774402,
            -0.502555121989104,
            -0.35632978353023226,
            0.046750410806620527,
            -0.09687409448594936,
            -0.0325967685929126,
            -0.4421952381982801,
            -0.30092495072049275,
            -0.046511128482957804,
            0.20686591662972983,
            0.05094222952690781
        ],
        [
            -0.0038884853798211196,
            -0.016699706551803938,
            -0.004057820602523897,
            -0.006691119663878694,
            -0.00042613147726707976,
            -0.028078006988662755,
            -0.0321715565197885,
            -0.03930149169041746,
            -0.039978350992574435,
            -0.006154109354380803,
            -0.012641791679899733,
            -0.04110964725905678,
            0.2436598340430023,
            0.20290376365992235,
            0.049835962373480494,
            -0.05269039494797417,
            -0.046511128482957804,
            1.4951170797154951,
            0.04692333487674254,
            0.011593805265010833
        ],
        [
            0.05541340771122061,
            0.10014920491744764,
            0.000782722368023413,
            0.07716991389598589,
            0.006126020992044116,
            0.19382878594328948,
            0.15115112747691248,
            -0.002009402393487375,
            0.20241131113494232,
            0.039502698912562584,
            0.07127332434366984,
            0.19092210536566578,
            0.1950255759479534,
            -0.5975751471098971,
            -0.21538436338136852,
            0.23030731755020362,
            0.20686591662972983,
            0.04692333487674254,
            1.2974353994999774,
            -0.051136172053707726
        ],
        [
            0.008689800532971238,
            0.0214048855708515,
            0.00024268392383450417,
            0.012651351849282228,
            -0.0029783698841503526,
            0.04125638838261578,
            0.03631879616513371,
            -0.00024246391527412564,
            0.05386714277458597,
            -0.030479003664821827,
            0.016517429684056006,
            0.04627402086335139,
            0.04838702543590602,
            -0.21756762679344555,
            0.23659678578942794,
            0.057052833425410274,
            0.05094222952690781,
            0.011593805265010833,
            -0.051136172053707726,
            1.493358777560488
        ]
    ]
}