{
    "HF": -2.173835408115723,
    "coordinates": [
        [
            0.678171,
            -0.001474,
            -0.060666
        ],
        [
            1.497003,
            0.125173,
            0.173618
        ],
        [
            2.311692,
            -0.139093,
            0.172151
        ],
        [
            3.137553,
            0.019987,
            0.12416
        ]
    ],
    "elements": [
        "H",
        "H",
        "H",
        "H"
    ],
    "Enn": 2.7164968198384507,
    "S": [
        [
            0.9999999999999999,
            0.6848602514927513,
            0.0,
            0.0,
            0.0,
            0.4755482445632312,
            0.5284909904021629,
            -0.1351097174929196,
            -0.4722138950767547,
            -0.07303631657017037,
            0.0828084500007493,
            0.262974985232305,
            -0.015477604122126436,
            -0.10859598467113697,
            0.009148869720350825,
            0.00539282702707466,
            0.08223539117606254,
            -0.0004397107390957682,
            -0.00585099865245598,
            -5.1056843581175183e-05
        ],
        [
            0.6848602514927513,
            1.0000000000000002,
            0.0,
            0.0,
            0.0,
            0.5284909904021629,
            0.8508614687359559,
            -0.04834716823694987,
            -0.16897529691228663,
            -0.026135048982026038,
            0.262974985232305,
            0.5503494454546056,
            -0.022781577551375963,
            -0.15984307564869069,
            0.013466275748947931,
            0.08223539117606254,
            0.2657685489280447,
            -0.005198984109812575,
            -0.06918013665804101,
            -0.0006036780430279708
        ],
        [
            0.0,
            0.0,
            1.0000000000000004,
            0.0,
            0.0,
            0.13510971749291958,
            0.04834716823694985,
            0.327537843933535,
            -0.19023803929291985,
            -0.029423712021917098,
            0.015477604122126442,
            0.022781577551375956,
            0.02446777838828735,
            -0.02811462681657934,
            0.0023685687713049497,
            0.00043971073909576864,
            0.005198984109812573,
            0.000339058908753734,
            -0.0004390648086948546,
            -3.831356763365868e-06
        ],
        [
            0.0,
            0.0,
            0.0,
            1.0000000000000004,
            0.0,
            0.4722138950767546,
            0.16897529691228647,
            -0.19023803929291985,
            -0.28292089382634045,
            -0.10283705657377552,
            0.10859598467113699,
            0.15984307564869066,
            -0.028114626816579332,
            -0.16878670586952677,
            0.01661866112814284,
            0.005850998652455982,
            0.0691801366580409,
            -0.0004390648086948544,
            -0.005470348353900593,
            -5.0981841620769115e-05
        ],
        [
            0.0,
            0.0,
            0.0,
            0.0,
            1.0000000000000004,
            0.07303631657017036,
            0.026135048982026038,
            -0.029423712021917098,
            -0.10283705657377552,
            0.36606311418897636,
            -0.00914886972035083,
            -0.013466275748947923,
            0.0023685687713049497,
            0.016618661128142847,
            0.027074735718962413,
            5.1056843581175224e-05,
            0.0006036780430279704,
            -3.831356763365868e-06,
            -5.098184162076913e-05,
            0.00037161036722127257
        ],
        [
            0.4755482445632312,
            0.5284909904021629,
            0.1351097174929196,
            0.4722138950767547,
            0.07303631657017037,
            0.9999999999999999,
            0.6848602514927513,
            0.0,
            0.0,
            0.0,
            0.47903558430277526,
            0.5299439599154991,
            0.0008538694914277848,
            -0.47419092167812477,
            0.15381641105770597,
            0.0853994632334571,
            0.2663528753645154,
            0.0034132966952608174,
            -0.11322099343706042,
            0.0072593114599802736
        ],
        [
            0.5284909904021629,
            0.8508614687359559,
            0.04834716823694987,
            0.16897529691228647,
            0.026135048982026038,
            0.6848602514927513,
            1.0000000000000002,
            0.0,
            0.0,
            0.0,
            0.5299439599154991,
            0.8523190757181178,
            0.00030362084974050165,
            -0.16861388306356834,
            0.05469438819190755,
            0.2663528753645154,
            0.5547570966611386,
            0.004906125842807476,
            -0.16273898563261358,
            0.010434222024779553
        ],
        [
            -0.13510971749291958,
            -0.04834716823694983,
            0.327537843933535,
            -0.19023803929291985,
            -0.029423712021917098,
            0.0,
            0.0,
            1.0000000000000004,
            0.0,
            0.0,
            -0.0008538694914277847,
            -0.00030362084974050165,
            0.3858824223967599,
            0.0011973235753844381,
            -0.00038838368011909354,
            -0.003413296695260816,
            -0.004906125842807476,
            0.029671398915839833,
            0.006290178260806445,
            -0.00040330297189429564
        ],
        [
            -0.4722138950767547,
            -0.16897529691228663,
            -0.19023803929291985,
            -0.28292089382634045,
            -0.10283705657377552,
            0.0,
            0.0,
            0.0,
            1.0000000000000004,
            0.0,
            0.47419092167812465,
            0.16861388306356834,
            0.0011973235753843907,
            -0.2790413563672414,
            0.21568637489607262,
            0.11322099343706032,
            0.1627389856326134,
            0.006290178260806443,
            -0.1787877615984008,
            0.013377789044061362
        ],
        [
            -0.07303631657017037,
            -0.026135048982026038,
            -0.029423712021917098,
            -0.10283705657377552,
            0.36606311418897636,
            0.0,
            0.0,
            0.0,
            0.0,
            1.0000000000000004,
            -0.1538164110577059,
            -0.05469438819190759,
            -0.00038838368011907804,
            0.21568637489607254,
            0.31592097812219566,
            -0.007259311459980271,
            -0.010434222024779538,
            -0.00040330297189429564,
            0.013377789044061367,
            0.02900329585164449
        ],
        [
            0.0828084500007493,
            0.262974985232305,
            0.015477604122126436,
            0.10859598467113697,
            -0.009148869720350825,
            0.47903558430277526,
            0.5299439599154991,
            -0.0008538694914277848,
            0.4741909216781247,
            -0.15381641105770597,
            0.9999999999999999,
            0.6848602514927513,
            0.0,
            0.0,
            0.0,
            0.489821860258339,
            0.5343883055321784,
            0.028731971295227494,
            -0.49443884365501606,
            -0.09524039910909944
        ],
        [
            0.262974985232305,
            0.5503494454546056,
            0.022781577551375963,
            0.15984307564869069,
            -0.013466275748947931,
            0.5299439599154991,
            0.8523190757181178,
            -0.00030362084974050165,
            0.16861388306356834,
            -0.05469438819190755,
            0.6848602514927513,
            1.0000000000000002,
            0.0,
            0.0,
            0.0,
            0.5343883055321784,
            0.8567681988915983,
            0.010021522243038955,
            -0.17245701029689717,
            -0.033219223571558
        ],
        [
            -0.015477604122126442,
            -0.022781577551375956,
            0.02446777838828735,
            -0.028114626816579332,
            0.0023685687713049497,
            0.0008538694914277847,
            0.00030362084974050165,
            0.3858824223967599,
            0.0011973235753843909,
            -0.000388383680119078,
            0.0,
            0.0,
            1.0000000000000004,
            0.0,
            0.0,
            -0.028731971295227476,
            -0.010021522243038952,
            0.3956643776268035,
            0.04095721650115357,
            0.007889310672139141
        ],
        [
            -0.10859598467113703,
            -0.15984307564869066,
            -0.02811462681657934,
            -0.16878670586952674,
            0.016618661128142847,
            -0.4741909216781247,
            -0.16861388306356834,
            0.001197323575384438,
            -0.2790413563672414,
            0.21568637489607248,
            0.0,
            0.0,
            0.0,
            1.0000000000000004,
            0.0,
            0.4944388436550159,
            0.17245701029689778,
            0.040957216501153575,
            -0.3067745699899123,
            -0.13576449753086015
        ],
        [
            0.009148869720350832,
            0.013466275748947919,
            0.0023685687713049497,
            0.01661866112814284,
            0.027074735718962413,
            0.1538164110577059,
            0.05469438819190757,
            -0.0003883836801190936,
            0.21568637489607267,
            0.31592097812219566,
            0.0,
            0.0,
            0.0,
            0.0,
            1.0000000000000004,
            0.09524039910909937,
            0.033219223571557974,
            0.00788931067213915,
            -0.13576449753086026,
            0.37189301841489936
        ],
        [
            0.00539282702707466,
            0.08223539117606254,
            0.0004397107390957682,
            0.0058509986524559795,
            5.1056843581175183e-05,
            0.0853994632334571,
            0.2663528753645154,
            -0.0034132966952608174,
            0.11322099343706046,
            -0.0072593114599802736,
            0.489821860258339,
            0.5343883055321784,
            -0.028731971295227494,
            0.49443884365501606,
            0.09524039910909944,
            0.9999999999999999,
            0.6848602514927513,
            0.0,
            0.0,
            0.0
        ],
        [
            0.08223539117606254,
            0.2657685489280447,
            0.005198984109812575,
            0.06918013665804096,
            0.0006036780430279708,
            0.2663528753645154,
            0.5547570966611386,
            -0.004906125842807476,
            0.16273898563261344,
            -0.01043422202477955,
            0.5343883055321784,
            0.8567681988915983,
            -0.010021522243038955,
            0.17245701029689783,
            0.03321922357155801,
            0.6848602514927513,
            1.0000000000000002,
            0.0,
            0.0,
            0.0
        ],
        [
            -0.00043971073909576864,
            -0.005198984109812574,
            0.000339058908753734,
            -0.0004390648086948546,
            -3.831356763365868e-06,
            0.003413296695260816,
            0.004906125842807465,
            0.029671398915839833,
            0.006290178260806443,
            -0.00040330297189429564,
            0.028731971295227483,
            0.010021522243038952,
            0.3956643776268035,
            0.04095721650115357,
            0.007889310672139152,
            0.0,
            0.0,
            1.0000000000000004,
            0.0,
            0.0
        ],
        [
            -0.005850998652455984,
            -0.0691801366580409,
            -0.0004390648086948544,
            -0.005470348353900593,
            -5.0981841620769115e-05,
            -0.11322099343706037,
            -0.16273898563261355,
            0.006290178260806445,
            -0.17878776159840082,
            0.013377789044061367,
            -0.49443884365501584,
            -0.17245701029689778,
            0.04095721650115357,
            -0.3067745699899123,
            -0.1357644975308603,
            0.0,
            0.0,
            0.0,
            1.0000000000000004,
            0.0
        ],
        [
            -5.1056843581175224e-05,
            -0.0006036780430279708,
            -3.831356763365868e-06,
            -5.098184162076913e-05,
            0.00037161036722127257,
            0.007259311459980268,
            0.010434222024779541,
            -0.00040330297189429564,
            0.013377789044061362,
            0.02900329585164449,
            -0.09524039910909937,
            -0.03321922357155797,
            0.00788931067213914,
            -0.1357644975308601,
            0.37189301841489936,
            0.0,
            0.0,
            0.0,
            0.0,
            1.0000000000000004
        ]
    ],
    "h": [
        [
            -0.21374975934815743,
            -0.4433723441325741,
            -0.06416828228474486,
            -0.22681007046796153,
            -0.03215462284436803,
            -0.5217841058093747,
            -0.43309199150591793,
            0.016057221696155144,
            0.048208530552252604,
            0.017310509893559922,
            -0.18828237324166278,
            -0.27343524873815195,
            0.01617386909529627,
            0.2524891299484906,
            -0.04203949782594572,
            0.007528538202236493,
            -0.0988803113332606,
            0.000703997704575415,
            0.03589534447937127,
            -0.0011660178668984143
        ],
        [
            -0.4433723441325741,
            -0.3051330056057029,
            -0.05740578076720695,
            -0.20602782216449872,
            -0.027659179793466368,
            -0.4998435346246102,
            -0.35919469829565576,
            0.05057633308041595,
            0.10189144731113273,
            0.05445702563653463,
            -0.2841071788806539,
            -0.28801499557707977,
            0.005941388703775884,
            0.1624095614623572,
            -0.05285220428514523,
            -0.09936236035089305,
            -0.16472016575859905,
            -0.00225272229688148,
            0.09127930275003121,
            0.007951647944862642
        ],
        [
            -0.06416828228474486,
            -0.05740578076720695,
            1.4763143565996848,
            -0.057708747617152056,
            -0.008427468657287175,
            -0.019066637386353946,
            -0.05197436234466635,
            0.20458941215095872,
            -0.24883821576619136,
            -0.035123604597742906,
            -0.0382272146687052,
            -0.04028015959211524,
            -0.03496314809242103,
            0.050663988670647545,
            -0.010281033971592832,
            -0.0039046082677431974,
            -0.018125195652191083,
            -0.001199679478957891,
            0.006306917478910911,
            0.00011281042730244797
        ],
        [
            -0.22681007046796153,
            -0.20602782216449872,
            -0.057708747617152056,
            1.285422145255978,
            -0.028692660053127192,
            -0.07986257497823857,
            -0.19295909246230436,
            -0.24146688581902986,
            -0.6050449042926337,
            -0.1174965452194392,
            -0.19012139711028103,
            -0.1522736580402528,
            0.017588395259131667,
            0.19469911578835547,
            -0.04572693501822099,
            -0.03539394654276408,
            -0.0880439811122628,
            0.0010661387615680325,
            0.045762561495846135,
            0.0013320175487660404
        ],
        [
            -0.03215462284436803,
            -0.027659179793466368,
            -0.008427468657287175,
            -0.028692660053127192,
            1.4878104243726022,
            -0.004537456061067896,
            -0.023044280808920257,
            -0.03835646610721689,
            -0.13267287575872552,
            0.25330886725858115,
            -0.0029253077857810464,
            -0.017500888669148378,
            -0.000177479731224282,
            0.008436132037788858,
            -0.04062758415989288,
            0.0014448590863012152,
            -0.005417379789822992,
            1.6505474869869242e-05,
            0.0007573601555235525,
            -0.0014139251419279914
        ],
        [
            -0.5217841058093747,
            -0.4998435346246102,
            -0.019066637386353946,
            -0.07986257497823857,
            -0.004537456061067896,
            -0.3623811383986508,
            -0.56195846739523,
            0.060953445848637086,
            0.03705621976838,
            0.09158055038806528,
            -0.4629885325762231,
            -0.4685788410306375,
            0.007914215447881888,
            0.059048408136403885,
            -0.02406164232643071,
            -0.19372158847876608,
            -0.28678174242437027,
            -0.008090979176795247,
            0.19852051115004998,
            0.008847597219758942
        ],
        [
            -0.43309199150591793,
            -0.35919469829565576,
            -0.05197436234466635,
            -0.19295909246230436,
            -0.023044280808920257,
            -0.56195846739523,
            -0.4259233817256325,
            0.05200239340589277,
            0.007782266129251682,
            0.08186334640544957,
            -0.4705446723530562,
            -0.3977408410592813,
            0.009352614815410018,
            0.10255019932105791,
            -0.0744757717270034,
            -0.27817190395070324,
            -0.2899483270854596,
            -0.008925915076164283,
            0.16104594117849952,
            0.02417904608189888
        ],
        [
            0.016057221696155144,
            0.05057633308041595,
            0.20458941215095872,
            -0.24146688581902986,
            -0.03835646610721689,
            0.060953445848637086,
            0.05200239340589277,
            1.4102343975913356,
            -0.057940562222977395,
            -0.008758603453941829,
            0.00934947309773131,
            0.02643724197438217,
            0.2709733636438356,
            -0.016301196473281886,
            0.0019609642454756107,
            -0.0015043343572010235,
            0.006133155299535115,
            -0.03907933570826276,
            -0.004057129933335252,
            0.00022463499085382274
        ],
        [
            0.048208530552252604,
            0.10189144731113273,
            -0.24883821576619136,
            -0.6050449042926337,
            -0.13267287575872552,
            0.03705621976838,
            0.007782266129251682,
            -0.057940562222977395,
            1.0016084152216695,
            0.03199669893545891,
            -0.06384046676317157,
            -0.10867318200068116,
            0.0007707559974507667,
            -0.7038526976352222,
            0.27214848947706366,
            -0.25788054584224007,
            -0.16473396726013662,
            -0.011351842925952774,
            0.2020679215561943,
            0.01689162706213551
        ],
        [
            0.017310509893559922,
            0.05445702563653463,
            -0.035123604597742906,
            -0.1174965452194392,
            0.25330886725858115,
            0.09158055038806528,
            0.08186334640544957,
            -0.008758603453941829,
            0.03199669893545891,
            1.4018197858349786,
            0.021858343727461482,
            0.06941290848678702,
            -0.0016957394357771801,
            0.2754501444995465,
            0.1857722343599339,
            0.04154550190476258,
            0.05173667152756017,
            0.0021692947822121687,
            -0.04556445941328652,
            -0.04321111000900584
        ],
        [
            -0.18828237324166278,
            -0.2841071788806539,
            -0.0382272146687052,
            -0.19012139711028103,
            -0.0029253077857810464,
            -0.4629885325762231,
            -0.4705446723530562,
            0.00934947309773131,
            -0.06384046676317157,
            0.021858343727461482,
            -0.3724636521639957,
            -0.5665764060539458,
            0.011908998157116903,
            -0.05286294424266698,
            -0.10265716361209168,
            -0.5325856236312041,
            -0.5061881662027262,
            -0.004539547362008102,
            0.07960810644814498,
            0.006640263865903051
        ],
        [
            -0.27343524873815195,
            -0.28801499557707977,
            -0.04028015959211524,
            -0.1522736580402528,
            -0.017500888669148378,
            -0.4685788410306375,
            -0.3977408410592813,
            0.02643724197438217,
            -0.10867318200068116,
            0.06941290848678702,
            -0.5665764060539458,
            -0.426860584582786,
            0.011679675307079347,
            -0.018506037749132537,
            -0.09094464441693635,
            -0.4391093609919223,
            -0.36055723955907637,
            -0.011871838807728873,
            0.20480213478191356,
            0.03192316400827162
        ],
        [
            0.01617386909529627,
            0.005941388703775884,
            -0.03496314809242103,
            0.017588395259131667,
            -0.000177479731224282,
            0.007914215447881888,
            0.009352614815410018,
            0.2709733636438356,
            0.0007707559974507667,
            -0.0016957394357771801,
            0.011908998157116903,
            0.011679675307079347,
            1.423084895599856,
            0.009971531293279125,
            0.002441580031911984,
            0.00039585460977856896,
            0.009344905459760178,
            0.2927900424476927,
            0.05372868102129025,
            0.010614331991755523
        ],
        [
            0.2524891299484906,
            0.1624095614623572,
            0.050663988670647545,
            0.19469911578835547,
            0.008436132037788858,
            0.059048408136403885,
            0.10255019932105791,
            -0.016301196473281886,
            -0.7038526976352222,
            0.2754501444995465,
            -0.05286294424266698,
            -0.018506037749132537,
            0.009971531293279125,
            0.9783095570681026,
            0.020427210464506847,
            -0.04440980711221587,
            -0.11059018949810887,
            0.05391304760409232,
            -0.6510610233166659,
            -0.17852746379421397
        ],
        [
            -0.04203949782594572,
            -0.05285220428514523,
            -0.010281033971592832,
            -0.04572693501822099,
            -0.04062758415989288,
            -0.02406164232643071,
            -0.0744757717270034,
            0.0019609642454756107,
            0.27214848947706366,
            0.1857722343599339,
            -0.10265716361209168,
            -0.09094464441693635,
            0.002441580031911984,
            0.020427210464506847,
            1.3959979853674125,
            -0.01919189199850105,
            -0.0634815136177296,
            0.009626077583245487,
            -0.1614362887067789,
            0.261679821634026
        ],
        [
            0.007528538202236493,
            -0.09936236035089305,
            -0.0039046082677431974,
            -0.03539394654276408,
            0.0014448590863012152,
            -0.19372158847876608,
            -0.27817190395070324,
            -0.0015043343572010235,
            -0.25788054584224007,
            0.04154550190476258,
            -0.5325856236312041,
            -0.4391093609919223,
            0.00039585460977856896,
            -0.04440980711221587,
            -0.01919189199850105,
            -0.2240518978925905,
            -0.4482442466178389,
            -0.014760614920468686,
            0.24295798528471457,
            0.04373004711682943
        ],
        [
            -0.0988803113332606,
            -0.16472016575859905,
            -0.018125195652191083,
            -0.0880439811122628,
            -0.005417379789822992,
            -0.28678174242437027,
            -0.2899483270854596,
            0.006133155299535115,
            -0.16473396726013662,
            0.05173667152756017,
            -0.5061881662027262,
            -0.36055723955907637,
            0.009344905459760178,
            -0.11059018949810887,
            -0.0634815136177296,
            -0.4482442466178389,
            -0.30680902726568493,
            -0.013074836786193283,
            0.2177258508341371,
            0.037377933210008304
        ],
        [
            0.000703997704575415,
            -0.00225272229688148,
            -0.001199679478957891,
            0.0010661387615680325,
            1.6505474869869242e-05,
            -0.008090979176795247,
            -0.008925915076164283,
            -0.03907933570826276,
            -0.011351842925952774,
            0.0021692947822121687,
            -0.004539547362008102,
            -0.011871838807728873,
            0.2927900424476927,
            0.05391304760409232,
            0.009626077583245487,
            -0.014760614920468686,
            -0.013074836786193283,
            1.488503863676222,
            0.01336103167395913,
            0.0023975087086007566
        ],
        [
            0.03589534447937127,
            0.09127930275003121,
            0.006306917478910911,
            0.045762561495846135,
            0.0007573601555235525,
            0.19852051115004998,
            0.16104594117849952,
            -0.004057129933335252,
            0.2020679215561943,
            -0.04556445941328652,
            0.07960810644814498,
            0.20480213478191356,
            0.05372868102129025,
            -0.6510610233166659,
            -0.1614362887067789,
            0.24295798528471457,
            0.2177258508341371,
            0.01336103167395913,
            1.2595213682091093,
            -0.040464339856297396
        ],
        [
            -0.0011660178668984143,
            0.007951647944862642,
            0.00011281042730244797,
            0.0013320175487660404,
            -0.0014139251419279914,
            0.008847597219758942,
            0.02417904608189888,
            0.00022463499085382274,
            0.01689162706213551,
            -0.04321111000900584,
            0.006640263865903051,
            0.03192316400827162,
            0.010614331991755523,
            -0.17852746379421397,
            0.261679821634026,
            0.04373004711682943,
            0.037377933210008304,
            0.0023975087086007566,
            -0.040464339856297396,
            1.4811608564521435
        ]
    ]
}