{
    "HF": -2.170430324221135,
    "coordinates": [
        [
            0.809484,
            -0.037653,
            -0.128393
        ],
        [
            1.594635,
            0.115625,
            0.009779
        ],
        [
            2.431105,
            -0.020902,
            0.100019
        ],
        [
            3.092299,
            0.08319,
            0.05985
        ]
    ],
    "elements": [
        "H",
        "H",
        "H",
        "H"
    ],
    "Enn": 2.9687599474535498,
    "S": [
        [
            0.9999999999999999,
            0.6848602514927513,
            0.0,
            0.0,
            0.0,
            0.5135812637309817,
            0.5439227430608756,
            -0.0878361155044698,
            -0.499121485716715,
            -0.09743901884820458,
            0.08705533076255262,
            0.26847866732103925,
            -0.01613562959569931,
            -0.1145556091650505,
            -0.0011833350759047649,
            0.010454462032456674,
            0.10941152126439871,
            -0.0010085914134944395,
            -0.012231145952817945,
            -0.0006474674340129969
        ],
        [
            0.6848602514927513,
            1.0000000000000002,
            0.0,
            0.0,
            0.0,
            0.5439227430608756,
            0.8662656742204758,
            -0.029403124622939616,
            -0.1670808318677134,
            -0.03261769487273064,
            0.26847866732103925,
            0.5575200999895815,
            -0.022851581926564665,
            -0.16223580694244472,
            -0.0016758613770374805,
            0.10941152126439868,
            0.3178768311151704,
            -0.007195122762701142,
            -0.08725495327600814,
            -0.004618924581594503
        ],
        [
            0.0,
            0.0,
            1.0000000000000004,
            0.0,
            0.0,
            0.08783611550446979,
            0.029403124622939623,
            0.404002905501456,
            -0.11972016162137165,
            -0.02337189525709145,
            0.016135629595699315,
            0.02285158192656467,
            0.02659217530313404,
            -0.029577588080120967,
            -0.00030553019351013964,
            0.0010085914134944384,
            0.007195122762701145,
            0.0009818387072950102,
            -0.0012063523483484238,
            -6.385941779402561e-05
        ],
        [
            0.0,
            0.0,
            0.0,
            1.0000000000000004,
            0.0,
            0.4991214857167149,
            0.1670808318677132,
            -0.11972016162137165,
            -0.25522851807077623,
            -0.13280886817155868,
            0.1145556091650505,
            0.16223580694244485,
            -0.029577588080120967,
            -0.17922908181103425,
            -0.0021691249931269207,
            0.012231145952817934,
            0.08725495327600816,
            -0.0012063523483484234,
            -0.013548068932799362,
            -0.0007744204928282515
        ],
        [
            0.0,
            0.0,
            0.0,
            0.0,
            1.0000000000000004,
            0.09743901884820455,
            0.03261769487273064,
            -0.02337189525709145,
            -0.13280886817155868,
            0.39914434514293634,
            0.0011833350759047649,
            0.0016758613770374777,
            -0.0003055301935101398,
            -0.0021691249931269216,
            0.030735893863634137,
            0.000647467434012996,
            0.004618924581594504,
            -6.38594177940256e-05,
            -0.0007744204928282516,
            0.0010403209274903865
        ],
        [
            0.5135812637309817,
            0.5439227430608756,
            0.08783611550446982,
            0.499121485716715,
            0.09743901884820458,
            0.9999999999999999,
            0.6848602514927513,
            0.0,
            0.0,
            0.0,
            0.4822078877982438,
            0.5312588069814463,
            -0.05296510229627777,
            -0.49095433419511847,
            0.08013260772610727,
            0.12592564293390882,
            0.3125062642080666,
            -0.005542864236342055,
            -0.16579154048565026,
            0.003590557438552351
        ],
        [
            0.5439227430608756,
            0.8662656742204758,
            0.029403124622939626,
            0.16708083186771322,
            0.03261769487273065,
            0.6848602514927513,
            1.0000000000000002,
            0.0,
            0.0,
            0.0,
            0.5312588069814463,
            0.8536368096328213,
            -0.018726197234890815,
            -0.17358047651893993,
            0.028331466421630574,
            0.3125062642080666,
            0.6130072276211095,
            -0.0058932048844309295,
            -0.17627051187386608,
            0.003817501156887562
        ],
        [
            -0.08783611550446978,
            -0.02940312462293962,
            0.404002905501456,
            -0.11972016162137165,
            -0.02337189525709145,
            0.0,
            0.0,
            1.0000000000000004,
            0.0,
            0.0,
            0.05296510229627777,
            0.018726197234890826,
            0.38121985660498203,
            -0.07631977477468449,
            0.01245676460681597,
            0.005542864236342054,
            0.005893204884430925,
            0.053785845117000304,
            -0.010539907450325068,
            0.000228263414324771
        ],
        [
            -0.4991214857167149,
            -0.16708083186771303,
            -0.11972016162137165,
            -0.25522851807077623,
            -0.13280886817155868,
            0.0,
            0.0,
            0.0,
            1.0000000000000004,
            0.0,
            0.4909543341951181,
            0.17358047651893993,
            -0.07631977477468448,
            -0.31798458410108904,
            0.11546664329192542,
            0.16579154048565012,
            0.17627051187386625,
            -0.010539907450325075,
            -0.26111891087937206,
            0.006827542852175791
        ],
        [
            -0.09743901884820455,
            -0.03261769487273063,
            -0.02337189525709145,
            -0.13280886817155868,
            0.39914434514293634,
            0.0,
            0.0,
            0.0,
            0.0,
            1.0000000000000004,
            -0.08013260772610722,
            -0.028331466421630532,
            0.012456764606815959,
            0.11546664329192538,
            0.3706071413455595,
            -0.0035905574385523505,
            -0.0038175011568875607,
            0.000228263414324771,
            0.006827542852175786,
            0.05399035851488855
        ],
        [
            0.08705533076255262,
            0.26847866732103925,
            0.01613562959569931,
            0.1145556091650505,
            0.0011833350759047655,
            0.4822078877982438,
            0.5312588069814463,
            0.05296510229627777,
            0.49095433419511847,
            -0.08013260772610727,
            0.9999999999999999,
            0.6848602514927513,
            0.0,
            0.0,
            0.0,
            0.6271606748347195,
            0.5852271272136812,
            0.032868349910089016,
            -0.5410230712851058,
            -0.08517344914837277
        ],
        [
            0.26847866732103925,
            0.5575200999895815,
            0.022851581926564665,
            0.16223580694244488,
            0.001675861377037478,
            0.5312588069814463,
            0.8536368096328213,
            0.018726197234890826,
            0.17358047651893993,
            -0.02833146642163058,
            0.6848602514927513,
            1.0000000000000002,
            0.0,
            0.0,
            0.0,
            0.5852271272136812,
            0.90669940326266,
            0.009242616566554562,
            -0.15213628962897974,
            -0.023950868671009935
        ],
        [
            -0.016135629595699315,
            -0.02285158192656466,
            0.02659217530313404,
            -0.029577588080120967,
            -0.0003055301935101398,
            -0.05296510229627777,
            -0.018726197234890832,
            0.38121985660498203,
            -0.07631977477468449,
            0.01245676460681597,
            0.0,
            0.0,
            1.0000000000000004,
            0.0,
            0.0,
            -0.032868349910089,
            -0.00924261656655456,
            0.5555206262849208,
            0.03846585184787614,
            0.006055692354360628
        ],
        [
            -0.1145556091650505,
            -0.1622358069424447,
            -0.029577588080120967,
            -0.17922908181103425,
            -0.0021691249931269216,
            -0.4909543341951181,
            -0.17358047651893993,
            -0.07631977477468448,
            -0.31798458410108904,
            0.11546664329192542,
            0.0,
            0.0,
            0.0,
            1.0000000000000004,
            0.0,
            0.5410230712851058,
            0.1521362896289797,
            0.038465851847876126,
            -0.07530214961342654,
            -0.09967854441358066
        ],
        [
            -0.0011833350759047649,
            -0.0016758613770374777,
            -0.00030553019351013964,
            -0.0021691249931269207,
            0.030735893863634137,
            0.08013260772610722,
            0.02833146642163054,
            0.012456764606815959,
            0.11546664329192538,
            0.3706071413455595,
            0.0,
            0.0,
            0.0,
            0.0,
            1.0000000000000004,
            0.08517344914837278,
            0.023950868671009914,
            0.006055692354360627,
            -0.0996785444135807,
            0.5421650842772481
        ],
        [
            0.010454462032456674,
            0.10941152126439871,
            0.0010085914134944395,
            0.012231145952817948,
            0.0006474674340129969,
            0.12592564293390882,
            0.3125062642080666,
            0.005542864236342055,
            0.16579154048565015,
            -0.003590557438552351,
            0.6271606748347195,
            0.5852271272136812,
            -0.03286834991008901,
            0.5410230712851058,
            0.08517344914837277,
            0.9999999999999999,
            0.6848602514927513,
            0.0,
            0.0,
            0.0
        ],
        [
            0.10941152126439868,
            0.3178768311151704,
            0.0071951227627011435,
            0.0872549532760082,
            0.004618924581594503,
            0.3125062642080666,
            0.6130072276211095,
            0.0058932048844309295,
            0.17627051187386628,
            -0.003817501156887562,
            0.5852271272136812,
            0.90669940326266,
            -0.009242616566554562,
            0.15213628962897974,
            0.02395086867100993,
            0.6848602514927513,
            1.0000000000000002,
            0.0,
            0.0,
            0.0
        ],
        [
            -0.0010085914134944384,
            -0.0071951227627011435,
            0.0009818387072950102,
            -0.0012063523483484238,
            -6.385941779402561e-05,
            -0.005542864236342054,
            -0.005893204884430922,
            0.053785845117000304,
            -0.010539907450325075,
            0.000228263414324771,
            0.032868349910089016,
            0.00924261656655456,
            0.5555206262849208,
            0.038465851847876126,
            0.0060556923543606265,
            0.0,
            0.0,
            1.0000000000000004,
            0.0,
            0.0
        ],
        [
            -0.012231145952817931,
            -0.08725495327600816,
            -0.0012063523483484234,
            -0.013548068932799362,
            -0.0007744204928282515,
            -0.16579154048565012,
            -0.17627051187386641,
            -0.010539907450325068,
            -0.26111891087937206,
            0.006827542852175786,
            -0.5410230712851058,
            -0.1521362896289797,
            0.03846585184787613,
            -0.07530214961342654,
            -0.09967854441358066,
            0.0,
            0.0,
            0.0,
            1.0000000000000004,
            0.0
        ],
        [
            -0.000647467434012996,
            -0.004618924581594504,
            -6.38594177940256e-05,
            -0.0007744204928282516,
            0.0010403209274903865,
            0.0035905574385523505,
            0.0038175011568875607,
            0.000228263414324771,
            0.006827542852175791,
            0.05399035851488855,
            -0.08517344914837278,
            -0.023950868671009904,
            0.00605569235436063,
            -0.0996785444135807,
            0.5421650842772481,
            0.0,
            0.0,
            0.0,
            0.0,
            1.0000000000000004
        ]
    ],
    "h": [
        [
            -0.23430445581045367,
            -0.453240167834016,
            -0.04515695957785477,
            -0.255236848874004,
            -0.04783806253420724,
            -0.5445687323483444,
            -0.44489046290367695,
            0.005334136525086214,
            0.03680900924789865,
            0.012716635791932218,
            -0.19043060074639862,
            -0.2806830983066003,
            0.02967504602127217,
            0.26583422571398735,
            -0.015507606979028948,
            -0.010093694249707824,
            -0.13194884279830404,
            0.0035214610056389143,
            0.059618572153760464,
            0.0009679821971129167
        ],
        [
            -0.453240167834016,
            -0.304464881613024,
            -0.03912917888194511,
            -0.22238348174391356,
            -0.04045618656705899,
            -0.5116753412408301,
            -0.35824673965176035,
            0.024735623192109743,
            0.11295504469439116,
            0.051237712992401,
            -0.29216823517495427,
            -0.2896756949574322,
            0.023204015573943373,
            0.15802916299401684,
            -0.028863181956738794,
            -0.13534882122576003,
            -0.19066699951945387,
            -0.0008220245541449411,
            0.11792106166976787,
            0.009835959595329949
        ],
        [
            -0.04515695957785477,
            -0.03912917888194511,
            1.4918771750210889,
            -0.04159283000555422,
            -0.007754667591858685,
            -0.010743290488228169,
            -0.03589025245965165,
            0.3100646102579624,
            -0.16553913375387672,
            -0.030232665532952965,
            -0.030403919545454034,
            -0.027422194493420843,
            -0.03459550658947025,
            0.03927837968880642,
            -0.003134140734548675,
            -0.0062609896798561954,
            -0.015978034222557138,
            -0.003364354718839276,
            0.008880787166286656,
            0.0004106582771303854
        ],
        [
            -0.255236848874004,
            -0.22238348174391356,
            -0.04159283000555422,
            1.2617723506417937,
            -0.04391082301359836,
            -0.06423394337111799,
            -0.20670198421850916,
            -0.16446786385222503,
            -0.6078305930899491,
            -0.1706594874410477,
            -0.19689379591084316,
            -0.15966530514509047,
            0.03047839033762957,
            0.20360636412247335,
            -0.019234190540053632,
            -0.055439845439597,
            -0.10436459946216807,
            0.004063905312400165,
            0.0759963672793469,
            0.003973838235084046
        ],
        [
            -0.04783806253420724,
            -0.04045618656705899,
            -0.007754667591858685,
            -0.04391082301359836,
            1.4905635806125015,
            -0.006759996499438453,
            -0.035418803586748045,
            -0.03198793536807444,
            -0.18174963973051983,
            0.3042042588388204,
            -0.01751834940867657,
            -0.026964074658144745,
            0.0030895728159921376,
            0.027007891322557712,
            -0.041918354944518975,
            -0.0027051111835312905,
            -0.013543305443339334,
            0.0003260431900507956,
            0.00590173256098827,
            -0.00362401102276127
        ],
        [
            -0.5445687323483444,
            -0.5116753412408301,
            -0.010743290488228169,
            -0.06423394337111799,
            -0.006759996499438453,
            -0.37695938554653896,
            -0.56913214126833,
            0.022358755002171025,
            0.05739796328333639,
            0.07624837406175766,
            -0.4696055613078953,
            -0.4707073284651715,
            0.013892038951990926,
            0.04436230100231919,
            -0.013677054575975511,
            -0.25391323201187765,
            -0.3234509405149365,
            -0.0016409032234340534,
            0.24148958530515122,
            0.01403330997212159
        ],
        [
            -0.44489046290367695,
            -0.35824673965176035,
            -0.03589025245965165,
            -0.20670198421850916,
            -0.035418803586748045,
            -0.56913214126833,
            -0.4254908822278385,
            0.016026602472615475,
            0.014223302712148458,
            0.06533154316281184,
            -0.4892076741574798,
            -0.3961544247431288,
            0.02998770889805792,
            0.08199638622222644,
            -0.046554246181421406,
            -0.33072214520555154,
            -0.31044309451026797,
            -0.008552809981590482,
            0.20012973009583118,
            0.02439668455143366
        ],
        [
            0.005334136525086214,
            0.024735623192109743,
            0.3100646102579624,
            -0.16446786385222503,
            -0.03198793536807444,
            0.022358755002171025,
            0.016026602472615475,
            1.4191429382427787,
            -0.06573799403835731,
            -0.004317652318029472,
            -0.002500619166160886,
            -0.0027322797672348735,
            0.26709347821869506,
            -0.11623514633287363,
            0.015612240986813141,
            -0.024336887165213567,
            -0.01346874847258856,
            -0.04671146042838549,
            0.01917261304349277,
            0.0021933925302932275
        ],
        [
            0.03680900924789865,
            0.11295504469439116,
            -0.16553913375387672,
            -0.6078305930899491,
            -0.18174963973051983,
            0.05739796328333639,
            0.014223302712148458,
            -0.06573799403835731,
            0.9436087418537937,
            -0.012306224590384194,
            -0.09056770894576605,
            -0.11659268830155994,
            -0.1002064355150519,
            -0.7853672531818786,
            0.13690216988983042,
            -0.31491548627594107,
            -0.17295273955802198,
            -0.009722936639329034,
            0.16728472472654077,
            0.026076719641713413
        ],
        [
            0.012716635791932218,
            0.051237712992401,
            -0.030232665532952965,
            -0.1706594874410477,
            0.3042042588388204,
            0.07624837406175766,
            0.06533154316281184,
            -0.004317652318029472,
            -0.012306224590384194,
            1.4148593320893663,
            0.013933391001031442,
            0.04651882427860477,
            0.01443472399480751,
            0.1418098271562615,
            0.25554973762475985,
            0.024333906774527028,
            0.032710175074840524,
            0.0007142180332338091,
            -0.029204295362461198,
            -0.048529230297189585
        ],
        [
            -0.19043060074639862,
            -0.29216823517495427,
            -0.030403919545454034,
            -0.19689379591084316,
            -0.01751834940867657,
            -0.4696055613078953,
            -0.4892076741574798,
            -0.002500619166160886,
            -0.09056770894576605,
            0.013933391001031442,
            -0.4738783502952979,
            -0.6039618984820071,
            0.03800445591191515,
            -0.1421823927158396,
            -0.08074712654716959,
            -0.6384151235507485,
            -0.562701391294711,
            0.0003376295166470297,
            0.06007624434573655,
            9.414761110287939e-05
        ],
        [
            -0.2806830983066003,
            -0.2896756949574322,
            -0.027422194493420843,
            -0.15966530514509047,
            -0.026964074658144745,
            -0.4707073284651715,
            -0.3961544247431288,
            -0.0027322797672348735,
            -0.11659268830155994,
            0.04651882427860477,
            -0.6039618984820071,
            -0.42444050449179027,
            0.033025389581505984,
            -0.05559940721469053,
            -0.06383204411718185,
            -0.4961409837979891,
            -0.36801435414471073,
            -0.01216401849522424,
            0.258021279013204,
            0.03262808300659703
        ],
        [
            0.02967504602127217,
            0.023204015573943373,
            -0.03459550658947025,
            0.03047839033762957,
            0.0030895728159921376,
            0.013892038951990926,
            0.02998770889805792,
            0.26709347821869506,
            -0.1002064355150519,
            0.01443472399480751,
            0.03800445591191515,
            0.033025389581505984,
            1.398551889064816,
            -0.006943805681603377,
            0.006336507966844574,
            0.003256882372730363,
            0.02364377852848736,
            0.5305949368481666,
            0.04965673063279155,
            0.008997188021464082
        ],
        [
            0.26583422571398735,
            0.15802916299401684,
            0.03927837968880642,
            0.20360636412247335,
            0.027007891322557712,
            0.04436230100231919,
            0.08199638622222644,
            -0.11623514633287363,
            -0.7853672531818786,
            0.1418098271562615,
            -0.1421823927158396,
            -0.05559940721469053,
            -0.006943805681603377,
            0.8611394110967612,
            -0.01566834739403178,
            0.007793296823489171,
            -0.12967581043093895,
            0.056080192603977314,
            -0.44725608825182994,
            -0.14922910879836632
        ],
        [
            -0.015507606979028948,
            -0.028863181956738794,
            -0.003134140734548675,
            -0.019234190540053632,
            -0.041918354944518975,
            -0.013677054575975511,
            -0.046554246181421406,
            0.015612240986813141,
            0.13690216988983042,
            0.25554973762475985,
            -0.08074712654716959,
            -0.06383204411718185,
            0.006336507966844574,
            -0.01566834739403178,
            1.3893804562616936,
            -0.010937714313241503,
            -0.05237317981530995,
            0.009070081798219828,
            -0.1340669301112563,
            0.5111658364472402
        ],
        [
            -0.010093694249707824,
            -0.13534882122576003,
            -0.0062609896798561954,
            -0.055439845439597,
            -0.0027051111835312905,
            -0.25391323201187765,
            -0.33072214520555154,
            -0.024336887165213567,
            -0.31491548627594107,
            0.024333906774527028,
            -0.6384151235507485,
            -0.4961409837979891,
            0.003256882372730363,
            0.007793296823489171,
            -0.010937714313241503,
            -0.3367402261397152,
            -0.49578016966426275,
            -0.01967679997258436,
            0.3382511607238393,
            0.04951541638864923
        ],
        [
            -0.13194884279830404,
            -0.19066699951945387,
            -0.015978034222557138,
            -0.10436459946216807,
            -0.013543305443339334,
            -0.3234509405149365,
            -0.31044309451026797,
            -0.01346874847258856,
            -0.17295273955802198,
            0.032710175074840524,
            -0.562701391294711,
            -0.36801435414471073,
            0.02364377852848736,
            -0.12967581043093895,
            -0.05237317981530995,
            -0.49578016966426275,
            -0.3183093185475898,
            -0.014242309069435098,
            0.26635381579681494,
            0.036593678289213054
        ],
        [
            0.0035214610056389143,
            -0.0008220245541449411,
            -0.003364354718839276,
            0.004063905312400165,
            0.0003260431900507956,
            -0.0016409032234340534,
            -0.008552809981590482,
            -0.04671146042838549,
            -0.009722936639329034,
            0.0007142180332338091,
            0.0003376295166470297,
            -0.01216401849522424,
            0.5305949368481666,
            0.056080192603977314,
            0.009070081798219828,
            -0.01967679997258436,
            -0.014242309069435098,
            1.460622519337831,
            0.01755439420423356,
            0.0028906346373535254
        ],
        [
            0.059618572153760464,
            0.11792106166976787,
            0.008880787166286656,
            0.0759963672793469,
            0.00590173256098827,
            0.24148958530515122,
            0.20012973009583118,
            0.01917261304349277,
            0.16728472472654077,
            -0.029204295362461198,
            0.06007624434573655,
            0.258021279013204,
            0.04965673063279155,
            -0.44725608825182994,
            -0.1340669301112563,
            0.3382511607238393,
            0.26635381579681494,
            0.01755439420423356,
            1.139265346037426,
            -0.04605235463531985
        ],
        [
            0.0009679821971129167,
            0.009835959595329949,
            0.0004106582771303854,
            0.003973838235084046,
            -0.00362401102276127,
            0.01403330997212159,
            0.02439668455143366,
            0.0021933925302932275,
            0.026076719641713413,
            -0.048529230297189585,
            9.414761110287939e-05,
            0.03262808300659703,
            0.008997188021464082,
            -0.14922910879836632,
            0.5111658364472402,
            0.04951541638864923,
            0.036593678289213054,
            0.0028906346373535254,
            -0.04605235463531985,
            1.45438287129911
        ]
    ]
}