{
    "HF": -2.1223290524522693,
    "coordinates": [
        [
            0.646303,
            0.127936,
            0.157573
        ],
        [
            1.328132,
            -0.019544,
            0.158918
        ],
        [
            1.96817,
            0.109786,
            -0.155764
        ],
        [
            2.685891,
            0.036253,
            -0.075976
        ]
    ],
    "elements": [
        "H",
        "H",
        "H",
        "H"
    ],
    "Enn": 3.2483774786919617,
    "S": [
        [
            0.9999999999999999,
            0.6848602514927513,
            0.0,
            0.0,
            0.0,
            0.6050880170297415,
            0.5777037365344861,
            -0.001051974553298063,
            -0.5332838347216887,
            0.11534959637204441,
            0.17767512699550386,
            0.35938850020232077,
            0.05286240434018705,
            -0.2230093089483528,
            0.0030620470572399507,
            0.02429752083332687,
            0.15699516503338815,
            0.0035030785135005444,
            -0.03059245340032947,
            0.0013751835689866819
        ],
        [
            0.6848602514927513,
            1.0000000000000002,
            0.0,
            0.0,
            0.0,
            0.5777037365344861,
            0.8994175933318643,
            -0.0003052310761959464,
            -0.15473263899746592,
            0.03346875770808554,
            0.35938850020232077,
            0.6689212905412898,
            0.0428253332898768,
            -0.18066616722535023,
            0.0024806511813519143,
            0.15699516503338815,
            0.39856339098306287,
            0.013150461453102407,
            -0.11484323792527572,
            0.005162401711866839
        ],
        [
            0.0,
            0.0,
            1.0000000000000004,
            0.0,
            0.0,
            0.001051974553298063,
            0.00030523107619594635,
            0.531683349433929,
            -0.0012658580208644169,
            0.0002738058089595547,
            -0.05286240434018703,
            -0.04282533328987676,
            0.06786195087375203,
            0.09793512048910188,
            -0.001344705962761154,
            -0.0035030785135005444,
            -0.013150461453102405,
            0.0035730828554955286,
            0.005147662834585448,
            -0.00023139632693627233
        ],
        [
            0.0,
            0.0,
            0.0,
            1.0000000000000004,
            0.0,
            0.5332838347216888,
            0.1547326389974659,
            -0.0012658580208644722,
            -0.11002323044736964,
            0.13880203785656958,
            0.22300930894835277,
            0.1806661672253501,
            0.09793512048910191,
            -0.3220798404748262,
            0.005672877562742986,
            0.03059245340032947,
            0.1148432379252757,
            0.0051476628345854475,
            -0.04079210947732936,
            0.0020207886638919357
        ],
        [
            0.0,
            0.0,
            0.0,
            0.0,
            1.0000000000000004,
            -0.1153495963720444,
            -0.03346875770808553,
            0.00027380580895956656,
            0.13880203785656953,
            0.5016628868779966,
            -0.0030620470572399502,
            -0.002480651181351914,
            -0.0013447059627611562,
            0.005672877562742993,
            0.09099872191117858,
            -0.001375183568986681,
            -0.005162401711866836,
            -0.0002313963269362722,
            0.0020207886638919344,
            0.004071693133788494
        ],
        [
            0.6050880170297415,
            0.5777037365344861,
            0.001051974553298063,
            0.5332838347216888,
            -0.1153495963720444,
            0.9999999999999999,
            0.6848602514927513,
            0.0,
            0.0,
            0.0,
            0.5829603955200097,
            0.5699307288585109,
            0.23482028850435027,
            -0.4776056711656441,
            -0.09650792836027358,
            0.1692841927836934,
            0.35244016440452464,
            0.03734277650627915,
            -0.21585264368774448,
            -0.008870447524078338
        ],
        [
            0.5777037365344861,
            0.8994175933318643,
            0.0003052310761959464,
            0.15473263899746592,
            -0.03346875770808553,
            0.6848602514927513,
            1.0000000000000002,
            0.0,
            0.0,
            0.0,
            0.5699307288585109,
            0.8918561652646346,
            0.07038806138857205,
            -0.1431636828131855,
            -0.02892853095945754,
            0.35244016440452464,
            0.6608171655145585,
            0.03144090090520186,
            -0.18173800170351714,
            -0.007468508977698657
        ],
        [
            -0.001051974553298063,
            -0.00030523107619594635,
            0.531683349433929,
            -0.0012658580208644722,
            0.00027380580895956666,
            0.0,
            0.0,
            1.0000000000000004,
            0.0,
            0.0,
            -0.23482028850435016,
            -0.07038806138857195,
            0.37561714830616816,
            0.2643722193773325,
            0.053420670541546596,
            -0.03734277650627914,
            -0.03144090090520183,
            0.07256360334273498,
            0.07012750210704508,
            0.0028818842188243973
        ],
        [
            -0.5332838347216886,
            -0.1547326389974659,
            -0.0012658580208644169,
            -0.11002323044736964,
            0.13880203785656958,
            0.0,
            0.0,
            0.0,
            1.0000000000000004,
            0.0,
            0.4776056711656441,
            0.14316368281318545,
            0.26437221937733235,
            -0.032113160719149894,
            -0.10865336794627715,
            0.2158526436877444,
            0.1817380017035171,
            0.07012750210704505,
            -0.32066261356194997,
            -0.016658170217488708
        ],
        [
            0.1153495963720444,
            0.03346875770808553,
            0.0002738058089595546,
            0.13880203785656953,
            0.5016628868779966,
            0.0,
            0.0,
            0.0,
            0.0,
            1.0000000000000004,
            0.09650792836027357,
            0.02892853095945752,
            0.05342067054154662,
            -0.10865336794627725,
            0.4836436071439336,
            0.008870447524078338,
            0.007468508977698651,
            0.0028818842188243973,
            -0.016658170217488714,
            0.08401118244646918
        ],
        [
            0.17767512699550386,
            0.35938850020232077,
            -0.05286240434018705,
            0.2230093089483528,
            -0.0030620470572399507,
            0.5829603955200097,
            0.5699307288585109,
            -0.23482028850435027,
            0.4776056711656445,
            0.09650792836027358,
            0.9999999999999999,
            0.6848602514927513,
            0.0,
            0.0,
            0.0,
            0.5821250428219022,
            0.5696326051807195,
            -0.0594312321637188,
            -0.5346047448209803,
            0.05477210601462293
        ],
        [
            0.35938850020232077,
            0.6689212905412898,
            -0.0428253332898768,
            0.18066616722535023,
            -0.0024806511813519143,
            0.5699307288585109,
            0.8918561652646346,
            -0.07038806138857205,
            0.1431636828131855,
            0.028928530959457528,
            0.6848602514927513,
            1.0000000000000002,
            0.0,
            0.0,
            0.0,
            0.5696326051807195,
            0.8915653775146559,
            -0.017837013292733028,
            -0.16045018069726785,
            0.016438676222671787
        ],
        [
            0.05286240434018703,
            0.04282533328987676,
            0.06786195087375203,
            0.09793512048910191,
            -0.0013447059627611562,
            0.23482028850435016,
            0.07038806138857195,
            0.37561714830616816,
            0.2643722193773323,
            0.053420670541546596,
            0.0,
            0.0,
            1.0000000000000004,
            0.0,
            0.0,
            0.0594312321637188,
            0.017837013292733,
            0.49627716229329355,
            -0.07502179472252203,
            0.007686242469331696
        ],
        [
            -0.22300930894835277,
            -0.1806661672253502,
            0.09793512048910188,
            -0.3220798404748261,
            0.005672877562742993,
            -0.4776056711656441,
            -0.14316368281318545,
            0.2643722193773326,
            -0.032113160719149894,
            -0.10865336794627724,
            0.0,
            0.0,
            0.0,
            1.0000000000000004,
            0.0,
            0.5346047448209803,
            0.16045018069726819,
            -0.07502179472252206,
            -0.17023008837846534,
            0.0691404425644359
        ],
        [
            0.0030620470572399502,
            0.002480651181351914,
            -0.001344705962761154,
            0.005672877562742986,
            0.09099872191117858,
            -0.09650792836027357,
            -0.028928530959457528,
            0.05342067054154662,
            -0.10865336794627717,
            0.4836436071439336,
            0.0,
            0.0,
            0.0,
            0.0,
            1.0000000000000004,
            -0.054772106014622936,
            -0.016438676222671783,
            0.007686242469331703,
            0.06914044256443592,
            0.4975335485411949
        ],
        [
            0.02429752083332687,
            0.15699516503338815,
            -0.0035030785135005444,
            0.03059245340032947,
            -0.0013751835689866816,
            0.1692841927836934,
            0.35244016440452464,
            -0.03734277650627915,
            0.2158526436877444,
            0.008870447524078338,
            0.5821250428219022,
            0.5696326051807195,
            0.05943123216371884,
            0.5346047448209803,
            -0.05477210601462293,
            0.9999999999999999,
            0.6848602514927513,
            0.0,
            0.0,
            0.0
        ],
        [
            0.15699516503338815,
            0.39856339098306287,
            -0.013150461453102407,
            0.1148432379252758,
            -0.005162401711866837,
            0.35244016440452464,
            0.6608171655145585,
            -0.03144090090520186,
            0.18173800170351714,
            0.007468508977698657,
            0.5696326051807195,
            0.8915653775146559,
            0.017837013292733003,
            0.1604501806972682,
            -0.016438676222671787,
            0.6848602514927513,
            1.0000000000000002,
            0.0,
            0.0,
            0.0
        ],
        [
            0.0035030785135005444,
            0.013150461453102405,
            0.0035730828554955286,
            0.005147662834585449,
            -0.00023139632693627238,
            0.03734277650627914,
            0.03144090090520183,
            0.07256360334273498,
            0.07012750210704505,
            0.0028818842188243973,
            -0.0594312321637188,
            -0.01783701329273302,
            0.4962771622932936,
            -0.07502179472252206,
            0.0076862424693317005,
            0.0,
            0.0,
            1.0000000000000004,
            0.0,
            0.0
        ],
        [
            -0.03059245340032946,
            -0.1148432379252757,
            0.005147662834585447,
            -0.04079210947732936,
            0.0020207886638919353,
            -0.21585264368774448,
            -0.1817380017035171,
            0.07012750210704508,
            -0.32066261356194997,
            -0.016658170217488714,
            -0.5346047448209803,
            -0.1604501806972678,
            -0.07502179472252203,
            -0.17023008837846534,
            0.06914044256443592,
            0.0,
            0.0,
            0.0,
            1.0000000000000004,
            0.0
        ],
        [
            0.0013751835689866808,
            0.005162401711866836,
            -0.00023139632693627214,
            0.002020788663891935,
            0.0040716931337884945,
            -0.008870447524078338,
            -0.007468508977698651,
            0.0028818842188243973,
            -0.016658170217488708,
            0.08401118244646918,
            0.054772106014622936,
            0.016438676222671793,
            0.007686242469331699,
            0.06914044256443592,
            0.4975335485411949,
            0.0,
            0.0,
            0.0,
            0.0,
            1.0000000000000004
        ]
    ],
    "h": [
        [
            -0.3237622182018265,
            -0.49297692456158493,
            0.007029129329399385,
            -0.32948035374995366,
            0.06595659739192031,
            -0.6328168403683392,
            -0.48883379182210995,
            0.02352813481592098,
            0.002433381370493426,
            -0.01734884623854585,
            -0.32141713049662834,
            -0.35853989365861855,
            -0.11535689305239896,
            0.3444831268898168,
            0.028395294494353875,
            -0.0443394012760521,
            -0.18280588942065518,
            -0.01226407310686606,
            0.11242244383965563,
            -0.0022887014807819396
        ],
        [
            -0.49297692456158493,
            -0.32477163409768495,
            0.009762458281016354,
            -0.26960043150721796,
            0.05045147373602084,
            -0.5770712404637578,
            -0.3780775036227475,
            0.056245347067713794,
            0.10726050877498164,
            -0.07048524111931675,
            -0.3902724402944734,
            -0.33557787221609736,
            -0.1023646576154139,
            0.18922248453065643,
            0.037506105890796324,
            -0.18100344647238722,
            -0.2311739004924841,
            -0.0009202547873297627,
            0.15196487944707285,
            -0.007549971001924168
        ],
        [
            0.007029129329399385,
            0.009762458281016354,
            1.4670420436446465,
            0.009043370279300552,
            -9.401508899923423e-06,
            0.018636432143456953,
            0.01437290203262457,
            0.4812494537981201,
            0.0071005635181707015,
            0.004774944768157446,
            0.033001039298092075,
            0.011538574143908381,
            -0.04286186094193278,
            0.025941282022352297,
            -0.003738178634556264,
            0.016670190906941607,
            0.01408724028944796,
            -0.010387911100293305,
            -0.019598978728462814,
            0.0010375569831730757
        ],
        [
            -0.32948035374995366,
            -0.26960043150721796,
            0.009043370279300552,
            1.1498021028025742,
            0.06128991764778135,
            -0.09313705949458617,
            -0.26589069170084745,
            0.039003416229408214,
            -0.5029729739286778,
            0.1798753376325382,
            -0.28670299824746454,
            -0.22343372717423637,
            -0.07456830544960358,
            0.05746933415893629,
            0.04016700094722132,
            -0.11269557627406786,
            -0.15405395251147272,
            -0.01385837734287769,
            0.15300245582067964,
            -0.0063337951461240796
        ],
        [
            0.06595659739192031,
            0.05045147373602084,
            -9.401508899923423e-06,
            0.06128991764778135,
            1.4561779359230407,
            0.004961413744369758,
            0.045422494963157686,
            -0.0021106904551509535,
            0.20561948763379706,
            0.44591977587670106,
            0.03284980779402354,
            0.03813767913499398,
            0.01734187325676111,
            -0.044253607476531426,
            -0.04684419529396397,
            0.005804901886586894,
            0.0197825054387734,
            0.0013342198585256982,
            -0.011299937465829017,
            -0.011281263141016752
        ],
        [
            -0.6328168403683392,
            -0.5770712404637578,
            0.018636432143456953,
            -0.09313705949458617,
            0.004961413744369758,
            -0.522404392321064,
            -0.6335723078516785,
            0.11200074980449283,
            0.06567990667987485,
            -0.10975387538978146,
            -0.5893552663877044,
            -0.5570222736096369,
            -0.04224690587184321,
            0.06774115569825578,
            0.009773021099669765,
            -0.307475936591509,
            -0.38494869366447393,
            -0.009012677578225298,
            0.2819931524247018,
            -0.009051873851974122
        ],
        [
            -0.48883379182210995,
            -0.3780775036227475,
            0.01437290203262457,
            -0.26589069170084745,
            0.045422494963157686,
            -0.6335723078516785,
            -0.44219656272860086,
            0.09426950620730058,
            0.009098835006920061,
            -0.08482232605957302,
            -0.553523700522258,
            -0.4268806234389735,
            -0.11842907507102901,
            0.11960005937308868,
            0.048889529243881895,
            -0.34873319679035464,
            -0.3324476954161868,
            0.011032202450190202,
            0.21766248675588673,
            -0.015666146615675915
        ],
        [
            0.02352813481592098,
            0.056245347067713794,
            0.4812494537981201,
            0.039003416229408214,
            -0.0021106904551509535,
            0.11200074980449283,
            0.09426950620730058,
            1.3264115088083257,
            0.11927833952448466,
            0.02138448249847922,
            0.02883867296875864,
            0.10085731664568975,
            0.2540350962147253,
            0.3972853248705861,
            0.07259950393029568,
            0.10415010574408147,
            0.09283790904479255,
            -0.04996305298060513,
            -0.07918837391818509,
            0.007274890941992105
        ],
        [
            0.002433381370493426,
            0.10726050877498164,
            0.0071005635181707015,
            -0.5029729739286778,
            0.20561948763379706,
            0.06567990667987485,
            0.009098835006920061,
            0.11927833952448466,
            0.7915428638147437,
            0.01836055664322555,
            -0.057995655324550865,
            -0.11529946653662326,
            0.38998771834042445,
            -0.5483676057178308,
            -0.14517802503519986,
            -0.3370514480556801,
            -0.18696588414050747,
            0.038971115268580686,
            0.07142445704712497,
            -0.024190545307950735
        ],
        [
            -0.01734884623854585,
            -0.07048524111931675,
            0.004774944768157446,
            0.1798753376325382,
            0.44591977587670106,
            -0.10975387538978146,
            -0.08482232605957302,
            0.02138448249847922,
            0.01836055664322555,
            1.3582356072047448,
            -0.02191331248259759,
            -0.06719938329199385,
            0.06709945751304752,
            -0.133923141968922,
            0.40407234282885274,
            -0.033296623587771426,
            -0.0452437011904101,
            0.0014058487256907604,
            0.0361025212623543,
            -0.04502879642043964
        ],
        [
            -0.32141713049662834,
            -0.3902724402944734,
            0.033001039298092075,
            -0.28670299824746454,
            0.03284980779402354,
            -0.5893552663877044,
            -0.553523700522258,
            0.02883867296875864,
            -0.057995655324550865,
            -0.02191331248259759,
            -0.502637254047126,
            -0.6267809217682891,
            -0.14375522239434602,
            -0.051844068544923155,
            0.07418866721113969,
            -0.6128053954560968,
            -0.5669326589417932,
            -0.00990417217715013,
            0.09369306619125606,
            0.0012305832714435139
        ],
        [
            -0.35853989365861855,
            -0.33557787221609736,
            0.011538574143908381,
            -0.22343372717423637,
            0.03813767913499398,
            -0.5570222736096369,
            -0.4268806234389735,
            0.10085731664568975,
            -0.11529946653662326,
            -0.06719938329199385,
            -0.6267809217682891,
            -0.4420437365552845,
            -0.11951838423788887,
            -0.0046308279090331445,
            0.05803013507083661,
            -0.4783340834569889,
            -0.37650922419320954,
            0.012657121070021687,
            0.2593657212529856,
            -0.017988328095998266
        ],
        [
            -0.11535689305239896,
            -0.1023646576154139,
            -0.04286186094193278,
            -0.07456830544960358,
            0.01734187325676111,
            -0.04224690587184321,
            -0.11842907507102901,
            0.2540350962147253,
            0.38998771834042445,
            0.06709945751304752,
            -0.14375522239434602,
            -0.11951838423788887,
            1.3273967461622063,
            0.0914376687035805,
            0.02411750168141235,
            -0.02377202895030983,
            -0.07837187733587724,
            0.43168668513737307,
            -0.0661307382060648,
            0.011388054640227793
        ],
        [
            0.3444831268898168,
            0.18922248453065643,
            0.025941282022352297,
            0.05746933415893629,
            -0.044253607476531426,
            0.06774115569825578,
            0.11960005937308868,
            0.3972853248705861,
            -0.5483676057178308,
            -0.133923141968922,
            -0.051844068544923155,
            -0.0046308279090331445,
            0.0914376687035805,
            0.7989731152109036,
            -0.013269425949036413,
            -0.011759572034821475,
            -0.1074643598213734,
            -0.10228570545493795,
            -0.5710786272861894,
            0.0997441893879629
        ],
        [
            0.028395294494353875,
            0.037506105890796324,
            -0.003738178634556264,
            0.04016700094722132,
            -0.04684419529396397,
            0.009773021099669765,
            0.048889529243881895,
            0.07259950393029568,
            -0.14517802503519986,
            0.40407234282885274,
            0.07418866721113969,
            0.05803013507083661,
            0.02411750168141235,
            -0.013269425949036413,
            1.3742098783995047,
            0.015019772726856173,
            0.044698448645923816,
            0.012918775159565245,
            0.08048696926353588,
            0.43802430496304756
        ],
        [
            -0.0443394012760521,
            -0.18100344647238722,
            0.016670190906941607,
            -0.11269557627406786,
            0.005804901886586894,
            -0.307475936591509,
            -0.34873319679035464,
            0.10415010574408147,
            -0.3370514480556801,
            -0.033296623587771426,
            -0.6128053954560968,
            -0.4783340834569889,
            -0.02377202895030983,
            -0.011759572034821475,
            0.015019772726856173,
            -0.30162161702825796,
            -0.4841282209041198,
            0.028070233050701377,
            0.3171300023001712,
            -0.027967902386850978
        ],
        [
            -0.18280588942065518,
            -0.2311739004924841,
            0.01408724028944796,
            -0.15405395251147272,
            0.0197825054387734,
            -0.38494869366447393,
            -0.3324476954161868,
            0.09283790904479255,
            -0.18696588414050747,
            -0.0452437011904101,
            -0.5669326589417932,
            -0.37650922419320954,
            -0.07837187733587724,
            -0.1074643598213734,
            0.044698448645923816,
            -0.4841282209041198,
            -0.32226931446861506,
            0.0189263208629788,
            0.26480511973763576,
            -0.02115970500517047
        ],
        [
            -0.01226407310686606,
            -0.0009202547873297627,
            -0.010387911100293305,
            -0.01385837734287769,
            0.0013342198585256982,
            -0.009012677578225298,
            0.011032202450190202,
            -0.04996305298060513,
            0.038971115268580686,
            0.0014058487256907604,
            -0.00990417217715013,
            0.012657121070021687,
            0.43168668513737307,
            -0.10228570545493795,
            0.012918775159565245,
            0.028070233050701377,
            0.0189263208629788,
            1.4732215722903648,
            -0.024278679754705962,
            0.0034549875163054355
        ],
        [
            0.11242244383965563,
            0.15196487944707285,
            -0.019598978728462814,
            0.15300245582067964,
            -0.011299937465829017,
            0.2819931524247018,
            0.21766248675588673,
            -0.07918837391818509,
            0.07142445704712497,
            0.0361025212623543,
            0.09369306619125606,
            0.2593657212529856,
            -0.0661307382060648,
            -0.5710786272861894,
            0.08048696926353588,
            0.3171300023001712,
            0.26480511973763576,
            -0.024278679754705962,
            1.1664538159877382,
            0.026392968088878584
        ],
        [
            -0.0022887014807819396,
            -0.007549971001924168,
            0.0010375569831730757,
            -0.0063337951461240796,
            -0.011281263141016752,
            -0.009051873851974122,
            -0.015666146615675915,
            0.007274890941992105,
            -0.024190545307950735,
            -0.04502879642043964,
            0.0012305832714435139,
            -0.017988328095998266,
            0.011388054640227793,
            0.0997441893879629,
            0.43802430496304756,
            -0.027967902386850978,
            -0.02115970500517047,
            0.0034549875163054355,
            0.026392968088878584,
            1.4748651798262034
        ]
    ]
}