{
    "HF": -2.1349549600751243,
    "coordinates": [
        [
            0.760761,
            -0.070832,
            -0.190069
        ],
        [
            1.490898,
            0.176773,
            -0.077909
        ],
        [
            2.216178,
            0.073897,
            -0.158711
        ],
        [
            3.050317,
            -0.053281,
            0.179439
        ]
    ],
    "elements": [
        "H",
        "H",
        "H",
        "H"
    ],
    "Enn": 2.9006107223817668,
    "S": [
        [
            0.9999999999999999,
            0.6848602514927513,
            0.0,
            0.0,
            0.0,
            0.5394052217931956,
            0.5539088357544031,
            -0.0758685102047062,
            -0.49388736122800975,
            -0.16748771816366154,
            0.13791247187113667,
            0.3243193297003592,
            -0.003878833138962906,
            -0.18002805314784043,
            -0.017902278250174212,
            0.009507150935740147,
            0.10502906024847583,
            -0.0017624303072793991,
            -0.010920420896471505,
            -8.371243470523158e-05
        ],
        [
            0.6848602514927513,
            1.0000000000000002,
            0.0,
            0.0,
            0.0,
            0.5539088357544031,
            0.876145387921028,
            -0.024335828548207483,
            -0.15842090628301153,
            -0.05372390181596746,
            0.3243193297003592,
            0.627379601194711,
            -0.00384017164008958,
            -0.17823365928644172,
            -0.017723840847583487,
            0.10502906024847578,
            0.3098351784084629,
            -0.013517149454144011,
            -0.08375534666538245,
            -0.0006420415527395391
        ],
        [
            0.0,
            0.0,
            1.0000000000000004,
            0.0,
            0.0,
            0.07586851020470615,
            0.024335828548207452,
            0.4399364316316646,
            -0.09669076866599555,
            -0.03278989802673175,
            0.003878833138962906,
            0.00384017164008958,
            0.06199692968910377,
            -0.00736458436566233,
            -0.0007323460772121965,
            0.0017624303072793974,
            0.013517149454144006,
            0.0005991780422068589,
            -0.0020386699086493024,
            -1.5627787905910096e-05
        ],
        [
            0.0,
            0.0,
            0.0,
            1.0000000000000004,
            0.0,
            0.4938873612280096,
            0.1584209062830113,
            -0.09669076866599566,
            -0.1746461121861941,
            -0.21345504436112567,
            0.18002805314784043,
            0.17823365928644172,
            -0.0073645843656623446,
            -0.27965641381673484,
            -0.03399033518266294,
            0.010920420896471494,
            0.08375534666538247,
            -0.0020386699086493024,
            -0.011703868673691251,
            -9.68333447901098e-05
        ],
        [
            0.0,
            0.0,
            0.0,
            0.0,
            1.0000000000000004,
            0.16748771816366154,
            0.053723901815967465,
            -0.03278989802673177,
            -0.21345504436112556,
            0.3824024350728566,
            0.017902278250174212,
            0.017723840847583494,
            -0.0007323460772121982,
            -0.03399033518266295,
            0.0587755514970714,
            8.371243470523152e-05,
            0.0006420415527395374,
            -1.5627787905910096e-05,
            -9.68333447901098e-05,
            0.000927453619904358
        ],
        [
            0.5394052217931956,
            0.5539088357544031,
            0.0758685102047062,
            0.49388736122800975,
            0.16748771816366154,
            0.9999999999999999,
            0.6848602514927513,
            0.0,
            0.0,
            0.0,
            0.5731489155349,
            0.5664071584123335,
            0.05901644010539932,
            -0.5297324779045569,
            0.0751389234459922,
            0.09724376930760378,
            0.28103910488958145,
            -0.020796738832361824,
            -0.12601935773047718,
            0.018591063289165516
        ],
        [
            0.5539088357544031,
            0.876145387921028,
            0.024335828548207504,
            0.15842090628301153,
            0.05372390181596748,
            0.6848602514927513,
            1.0000000000000002,
            0.0,
            0.0,
            0.0,
            0.5664071584123335,
            0.8884155867516697,
            0.017954542886342708,
            -0.1611602542586403,
            0.022859478156176737,
            0.28103910488958145,
            0.5736797315647555,
            -0.027037703592453687,
            -0.16383693946889225,
            0.024170119302494457
        ],
        [
            -0.07586851020470617,
            -0.024335828548207476,
            0.4399364316316647,
            -0.09669076866599563,
            -0.032789898026731754,
            0.0,
            0.0,
            1.0000000000000004,
            0.0,
            0.0,
            -0.05901644010539932,
            -0.017954542886342684,
            0.4857115195636703,
            0.07517317063594482,
            -0.010662799335902631,
            0.020796738832361824,
            0.027037703592453676,
            0.030197438035633104,
            -0.03799473286575851,
            0.005605190314276797
        ],
        [
            -0.49388736122800975,
            -0.1584209062830115,
            -0.09669076866599557,
            -0.1746461121861941,
            -0.21345504436112553,
            0.0,
            0.0,
            0.0,
            1.0000000000000004,
            0.0,
            0.5297324779045569,
            0.16116025425863995,
            0.07517317063594482,
            -0.180669127935171,
            0.09570945152772778,
            0.12601935773047718,
            0.1638369394688924,
            -0.03799473286575849,
            -0.19376422082220013,
            0.03396506005369851
        ],
        [
            -0.16748771816366154,
            -0.053723901815967444,
            -0.03278989802673176,
            -0.2134550443611257,
            0.3824024350728566,
            0.0,
            0.0,
            0.0,
            0.0,
            1.0000000000000004,
            -0.0751389234459922,
            -0.022859478156176713,
            -0.010662799335902636,
            0.09570945152772783,
            0.48051068264325214,
            -0.018591063289165516,
            -0.02417011930249443,
            0.005605190314276795,
            0.03396506005369852,
            0.031456926722088545
        ],
        [
            0.13791247187113667,
            0.3243193297003592,
            0.003878833138962906,
            0.18002805314784043,
            0.017902278250174212,
            0.5731489155349,
            0.5664071584123335,
            -0.05901644010539932,
            0.5297324779045569,
            -0.0751389234459922,
            0.9999999999999999,
            0.6848602514927513,
            0.0,
            0.0,
            0.0,
            0.4396299960677579,
            0.513045586475174,
            -0.1765598243630625,
            -0.4355328562306095,
            0.06640403768400287
        ],
        [
            0.3243193297003592,
            0.627379601194711,
            0.0038401716400895554,
            0.17823365928644172,
            0.017723840847583487,
            0.5664071584123335,
            0.8884155867516697,
            -0.017954542886342708,
            0.16116025425863995,
            -0.02285947815617676,
            0.6848602514927513,
            1.0000000000000002,
            0.0,
            0.0,
            0.0,
            0.513045586475174,
            0.8352713267196477,
            -0.06760571371096613,
            -0.16676789125876584,
            0.02542646594213591
        ],
        [
            -0.003878833138962906,
            -0.00384017164008958,
            0.06199692968910377,
            -0.0073645843656623446,
            -0.0007323460772121979,
            0.05901644010539929,
            0.017954542886342708,
            0.4857115195636703,
            0.07517317063594481,
            -0.010662799335902634,
            0.0,
            0.0,
            1.0000000000000004,
            0.0,
            0.0,
            0.17655982436306253,
            0.06760571371096617,
            0.24055331722007148,
            -0.25052391540495245,
            0.03819642830915596
        ],
        [
            -0.18002805314784043,
            -0.17823365928644172,
            -0.00736458436566233,
            -0.27965641381673484,
            -0.03399033518266294,
            -0.5297324779045568,
            -0.16116025425863995,
            0.07517317063594484,
            -0.180669127935171,
            0.09570945152772783,
            0.0,
            0.0,
            0.0,
            1.0000000000000004,
            0.0,
            0.43553285623060956,
            0.16676789125876582,
            -0.2505239154049524,
            -0.2758726915824188,
            0.09422188529756333
        ],
        [
            -0.017902278250174212,
            -0.017723840847583494,
            -0.0007323460772121967,
            -0.03399033518266295,
            0.0587755514970714,
            0.0751389234459922,
            0.022859478156176734,
            -0.010662799335902631,
            0.09570945152772778,
            0.48051068264325214,
            0.0,
            0.0,
            0.0,
            0.0,
            1.0000000000000004,
            -0.06640403768400285,
            -0.025426465942135906,
            0.03819642830915595,
            0.09422188529756333,
            0.3277470715773322
        ],
        [
            0.009507150935740147,
            0.10502906024847583,
            0.0017624303072793991,
            0.010920420896471503,
            8.371243470523158e-05,
            0.09724376930760378,
            0.28103910488958145,
            0.020796738832361824,
            0.12601935773047723,
            -0.018591063289165516,
            0.4396299960677579,
            0.513045586475174,
            0.1765598243630625,
            0.4355328562306095,
            -0.06640403768400287,
            0.9999999999999999,
            0.6848602514927513,
            0.0,
            0.0,
            0.0
        ],
        [
            0.10502906024847578,
            0.3098351784084629,
            0.013517149454144011,
            0.08375534666538245,
            0.0006420415527395373,
            0.28103910488958145,
            0.5736797315647555,
            0.027037703592453676,
            0.16383693946889244,
            -0.024170119302494457,
            0.513045586475174,
            0.8352713267196477,
            0.06760571371096613,
            0.16676789125876584,
            -0.02542646594213591,
            0.6848602514927513,
            1.0000000000000002,
            0.0,
            0.0,
            0.0
        ],
        [
            -0.0017624303072793974,
            -0.013517149454144006,
            0.0005991780422068589,
            -0.0020386699086493024,
            -1.5627787905910096e-05,
            -0.020796738832361824,
            -0.027037703592453683,
            0.030197438035633104,
            -0.037994732865758496,
            0.005605190314276797,
            -0.17655982436306253,
            -0.06760571371096617,
            0.24055331722007148,
            -0.25052391540495245,
            0.03819642830915596,
            0.0,
            0.0,
            1.0000000000000004,
            0.0,
            0.0
        ],
        [
            -0.010920420896471496,
            -0.08375534666538247,
            -0.0020386699086493024,
            -0.011703868673691251,
            -9.68333447901098e-05,
            -0.12601935773047718,
            -0.16383693946889225,
            -0.037994732865758496,
            -0.1937642208222001,
            0.03396506005369852,
            -0.43553285623060956,
            -0.16676789125876582,
            -0.2505239154049524,
            -0.2758726915824188,
            0.09422188529756333,
            0.0,
            0.0,
            0.0,
            1.0000000000000004,
            0.0
        ],
        [
            -8.371243470523152e-05,
            -0.0006420415527395393,
            -1.5627787905910096e-05,
            -9.68333447901098e-05,
            0.000927453619904358,
            0.018591063289165516,
            0.02417011930249444,
            0.005605190314276795,
            0.03396506005369851,
            0.031456926722088545,
            0.06640403768400285,
            0.025426465942135906,
            0.03819642830915595,
            0.09422188529756333,
            0.3277470715773322,
            0.0,
            0.0,
            0.0,
            0.0,
            1.0000000000000004
        ]
    ],
    "h": [
        [
            -0.2697194414185695,
            -0.4686054826868824,
            -0.037339896175655064,
            -0.26911195008543987,
            -0.08817742833164255,
            -0.5824229366493037,
            -0.4623012820025917,
            0.017387724899370696,
            0.01831341444892165,
            0.020575440000359546,
            -0.27900462259979875,
            -0.32687048541718633,
            -0.005191662593455064,
            0.32948724630893,
            -0.009882131604785079,
            -0.0010392708692344016,
            -0.12113349949302876,
            0.00971909222544632,
            0.0529708062115718,
            -0.0037894725221393993
        ],
        [
            -0.4686054826868824,
            -0.31839960695113123,
            -0.030865622342460878,
            -0.23429963381850233,
            -0.0736929685919018,
            -0.5482774535353241,
            -0.37305269217289716,
            0.04492242315882184,
            0.08506868500060272,
            0.08184169084120314,
            -0.3545657801325575,
            -0.3210597414184746,
            -0.02652620398073237,
            0.21306113891889336,
            -0.01720584819027625,
            -0.11658409934858346,
            -0.18417239781986294,
            0.02882551688015056,
            0.09616352187031131,
            -0.01212889902046375
        ],
        [
            -0.037339896175655064,
            -0.030865622342460878,
            1.4634937277802809,
            -0.03465789164859189,
            -0.01172862150813144,
            -0.00613687392655074,
            -0.028225858204352486,
            0.3496184164451738,
            -0.13607726355809865,
            -0.044413660669629956,
            -0.021747413734514574,
            -0.023953089493694388,
            -0.048844383924850826,
            0.027550003530370685,
            -0.0018028352246210804,
            -0.005212778095398241,
            -0.012383541601037797,
            -0.0013205949357952642,
            0.009492037361274719,
            -0.00040320449530928816
        ],
        [
            -0.26911195008543987,
            -0.23429963381850233,
            -0.03465789164859189,
            1.2150067404874894,
            -0.07970782817225823,
            -0.09909210055640028,
            -0.23117769602387694,
            -0.11983993865607945,
            -0.5390785727894396,
            -0.274681852043488,
            -0.25895878863773797,
            -0.19362551477954176,
            -0.01954040320179976,
            0.14791405872593488,
            -0.02125564420750828,
            -0.05765627950017606,
            -0.11364590198935685,
            0.016079611438492795,
            0.07208559011384766,
            -0.00422646962678113
        ],
        [
            -0.08817742833164255,
            -0.0736929685919018,
            -0.01172862150813144,
            -0.07970782817225823,
            1.4423001653608831,
            -0.020322475649302785,
            -0.06789654150362748,
            -0.042505493297978834,
            -0.2985708586629238,
            0.2727381780348239,
            -0.05394404730116764,
            -0.05603416306591082,
            -0.0039893513188959005,
            0.0647291199808715,
            -0.051769070115374474,
            -0.0033368069237187875,
            -0.022777352084561373,
            0.0013860410257409792,
            0.006322775527382288,
            -0.003767965307434458
        ],
        [
            -0.5824229366493037,
            -0.5482774535353241,
            -0.00613687392655074,
            -0.09909210055640028,
            -0.020322475649302785,
            -0.4773708059160684,
            -0.6144991451273338,
            0.06700229948236289,
            0.0028353906365128634,
            0.11870277072039842,
            -0.557265655095329,
            -0.5360876215263431,
            -0.013197194827874778,
            0.07801205609494066,
            0.007601489510066728,
            -0.21091254273321708,
            -0.31950801095764825,
            0.055461075353291985,
            0.20638492414135015,
            -0.030445932549694313
        ],
        [
            -0.4623012820025917,
            -0.37305269217289716,
            -0.028225858204352486,
            -0.23117769602387694,
            -0.06789654150362748,
            -0.6144991451273338,
            -0.440010563385002,
            0.05112303195153267,
            -0.019978191541517594,
            0.09626401837712012,
            -0.5207068561202148,
            -0.41943520021141345,
            -0.05508786853187677,
            0.17075315646182326,
            -0.011066313417379764,
            -0.27675651011104385,
            -0.29815702046331494,
            0.05415676392188164,
            0.14703903086991105,
            -0.022725725057031673
        ],
        [
            0.017387724899370696,
            0.04492242315882184,
            0.3496184164451738,
            -0.11983993865607945,
            -0.042505493297978834,
            0.06700229948236289,
            0.05112303195153267,
            1.3779069068328844,
            -0.012907974100984095,
            -0.016053205700409846,
            0.0029532464305936784,
            0.034445132229329406,
            0.40531895889148717,
            0.08411315652461407,
            -0.014500096456711374,
            -0.01186161556757439,
            0.014338090735302005,
            -0.041432147583256536,
            0.0036510552379026145,
            -0.0006240654866745392
        ],
        [
            0.01831341444892165,
            0.08506868500060272,
            -0.13607726355809865,
            -0.5390785727894396,
            -0.2985708586629238,
            0.0028353906365128634,
            -0.019978191541517594,
            -0.012907974100984095,
            0.8478683402381666,
            -0.03869479358573482,
            -0.026927778508953892,
            -0.13063656772023657,
            0.07773003570619763,
            -0.6829475304674684,
            0.14450230769528874,
            -0.27917831111567154,
            -0.19152316334114725,
            0.06994109949273764,
            0.18316880257406698,
            -0.03486748449975555
        ],
        [
            0.020575440000359546,
            0.08184169084120314,
            -0.044413660669629956,
            -0.274681852043488,
            0.2727381780348239,
            0.11870277072039842,
            0.09626401837712012,
            -0.016053205700409846,
            -0.03869479358573482,
            1.3558159979448612,
            0.027783989381188756,
            0.07142281168226146,
            -0.012484414749296232,
            0.10799996638130774,
            0.3989517055487274,
            0.029310872204912047,
            0.037079156362528023,
            -0.009576219424228517,
            -0.03306952343733395,
            -0.037047073125412465
        ],
        [
            -0.27900462259979875,
            -0.3545657801325575,
            -0.021747413734514574,
            -0.25895878863773797,
            -0.05394404730116764,
            -0.557265655095329,
            -0.5207068561202148,
            0.0029532464305936784,
            -0.026927778508953892,
            0.027783989381188756,
            -0.404454947778778,
            -0.585598753738807,
            -0.10017578824793422,
            0.07462096943632383,
            -0.006995095948543429,
            -0.49370545641028407,
            -0.497120585469248,
            0.02866117406260138,
            0.09268085336055376,
            -0.014999737009691039
        ],
        [
            -0.32687048541718633,
            -0.3210597414184746,
            -0.023953089493694388,
            -0.19362551477954176,
            -0.05603416306591082,
            -0.5360876215263431,
            -0.41943520021141345,
            0.034445132229329406,
            -0.13063656772023657,
            0.07142281168226146,
            -0.585598753738807,
            -0.43854555504842074,
            -0.08563653143465011,
            0.06686570182895239,
            -0.002464401373638116,
            -0.4118209836902256,
            -0.35754719523638023,
            0.06397270876146273,
            0.17510783989599155,
            -0.02757596186165026
        ],
        [
            -0.005191662593455064,
            -0.02652620398073237,
            -0.048844383924850826,
            -0.01954040320179976,
            -0.0039893513188959005,
            -0.013197194827874778,
            -0.05508786853187677,
            0.40531895889148717,
            0.07773003570619763,
            -0.012484414749296232,
            -0.10017578824793422,
            -0.08563653143465011,
            1.3792210402276222,
            -0.04275841120123954,
            0.0058123638646378276,
            -0.03157895727732768,
            -0.07618925776716612,
            0.09882743445584546,
            -0.2972530682566361,
            0.04510089271353507
        ],
        [
            0.32948724630893,
            0.21306113891889336,
            0.027550003530370685,
            0.14791405872593488,
            0.0647291199808715,
            0.07801205609494066,
            0.17075315646182326,
            0.08411315652461407,
            -0.6829475304674684,
            0.10799996638130774,
            0.07462096943632383,
            0.06686570182895239,
            -0.04275841120123954,
            0.9145850716739843,
            0.060006099195128254,
            -0.058844014224984975,
            -0.06689086575732,
            -0.31517045478087785,
            -0.5685808027790328,
            0.11925840683246719
        ],
        [
            -0.009882131604785079,
            -0.01720584819027625,
            -0.0018028352246210804,
            -0.02125564420750828,
            -0.051769070115374474,
            0.007601489510066728,
            -0.011066313417379764,
            -0.014500096456711374,
            0.14450230769528874,
            0.3989517055487274,
            -0.006995095948543429,
            -0.002464401373638116,
            0.0058123638646378276,
            0.060006099195128254,
            1.4007998436867883,
            0.0030816343105185134,
            0.009282991285937799,
            0.04857422604285047,
            0.1209358367227801,
            0.20325887655631358
        ],
        [
            -0.0010392708692344016,
            -0.11658409934858346,
            -0.005212778095398241,
            -0.05765627950017606,
            -0.0033368069237187875,
            -0.21091254273321708,
            -0.27675651011104385,
            -0.01186161556757439,
            -0.27917831111567154,
            0.029310872204912047,
            -0.49370545641028407,
            -0.4118209836902256,
            -0.03157895727732768,
            -0.058844014224984975,
            0.0030816343105185134,
            -0.18689631646325,
            -0.4294264343429922,
            0.07797842254314655,
            0.19806553605709099,
            -0.03144301821084812
        ],
        [
            -0.12113349949302876,
            -0.18417239781986294,
            -0.012383541601037797,
            -0.11364590198935685,
            -0.022777352084561373,
            -0.31950801095764825,
            -0.29815702046331494,
            0.014338090735302005,
            -0.19152316334114725,
            0.037079156362528023,
            -0.497120585469248,
            -0.35754719523638023,
            -0.07618925776716612,
            -0.06689086575732,
            0.009282991285937799,
            -0.4294264343429922,
            -0.30016038290380775,
            0.07219293545667951,
            0.18735433054096273,
            -0.029748928666455
        ],
        [
            0.00971909222544632,
            0.02882551688015056,
            -0.0013205949357952642,
            0.016079611438492795,
            0.0013860410257409792,
            0.055461075353291985,
            0.05415676392188164,
            -0.041432147583256536,
            0.06994109949273764,
            -0.009576219424228517,
            0.02866117406260138,
            0.06397270876146273,
            0.09882743445584546,
            -0.31517045478087785,
            0.04857422604285047,
            0.07797842254314655,
            0.07219293545667951,
            1.4798322682001255,
            -0.06710852182338975,
            0.01036308402721468
        ],
        [
            0.0529708062115718,
            0.09616352187031131,
            0.009492037361274719,
            0.07208559011384766,
            0.006322775527382288,
            0.20638492414135015,
            0.14703903086991105,
            0.0036510552379026145,
            0.18316880257406698,
            -0.03306952343733395,
            0.09268085336055376,
            0.17510783989599155,
            -0.2972530682566361,
            -0.5685808027790328,
            0.1209358367227801,
            0.19806553605709099,
            0.18735433054096273,
            -0.06710852182338975,
            1.3324626594810987,
            0.026985548916434114
        ],
        [
            -0.0037894725221393993,
            -0.01212889902046375,
            -0.00040320449530928816,
            -0.00422646962678113,
            -0.003767965307434458,
            -0.030445932549694313,
            -0.022725725057031673,
            -0.0006240654866745392,
            -0.03486748449975555,
            -0.037047073125412465,
            -0.014999737009691039,
            -0.02757596186165026,
            0.04510089271353507,
            0.11925840683246719,
            0.20325887655631358,
            -0.03144301821084812,
            -0.029748928666455,
            0.01036308402721468,
            0.026985548916434114,
            1.502355138133772
        ]
    ]
}