{
    "HF": -2.147261778117106,
    "coordinates": [
        [
            0.807278,
            0.084995,
            -0.004867
        ],
        [
            1.512986,
            -0.187204,
            0.174494
        ],
        [
            2.249115,
            0.034832,
            0.078434
        ],
        [
            2.936662,
            0.178882,
            -0.173836
        ]
    ],
    "elements": [
        "H",
        "H",
        "H",
        "H"
    ],
    "Enn": 3.036605931949997,
    "S": [
        [
            0.9999999999999999,
            0.6848602514927513,
            0.0,
            0.0,
            0.0,
            0.5407856154145281,
            0.5544320706236585,
            -0.12171839221606517,
            -0.47890925638246284,
            0.1847203385508595,
            0.1441748214578868,
            0.33023446723385264,
            -0.010878643920069967,
            -0.18829583454918822,
            0.0065510067701764685,
            0.01828396028453914,
            0.13905755600988318,
            0.0017923314818768755,
            -0.022587350225218284,
            -0.0009959023598350833
        ],
        [
            0.6848602514927513,
            1.0000000000000002,
            0.0,
            0.0,
            0.0,
            0.5544320706236585,
            0.876661171965408,
            -0.03895595734365881,
            -0.15327485208645547,
            0.05911972297760708,
            0.33023446723385264,
            0.634501594800845,
            -0.01040035660802111,
            -0.18001727435011988,
            0.0062629871013332745,
            0.13905755600988318,
            0.36940439263416486,
            0.008353376904303227,
            -0.10527106821957194,
            -0.004641522985957878
        ],
        [
            0.0,
            0.0,
            1.0000000000000004,
            0.0,
            0.0,
            0.12171839221606516,
            0.03895595734365878,
            0.4182700735948212,
            -0.14997497310254154,
            0.05784692493713929,
            0.01087864392006997,
            0.010400356608021105,
            0.06528271576606859,
            -0.02072964447847728,
            0.0007212057645724556,
            -0.001792331481876874,
            -0.008353376904303225,
            0.002450707591811831,
            0.0024724688181052804,
            0.00010901400589346517
        ],
        [
            0.0,
            0.0,
            0.0,
            1.0000000000000004,
            0.0,
            0.47890925638246284,
            0.15327485208645542,
            -0.14997497310254146,
            -0.13369934542885945,
            0.22760264329223565,
            0.18829583454918816,
            0.18001727435011974,
            -0.020729644478477267,
            -0.2923240823014578,
            0.012483177344495926,
            0.02258735022521826,
            0.1052710682195717,
            0.0024724688181052795,
            -0.02851168775344291,
            -0.0013738181555519081
        ],
        [
            0.0,
            0.0,
            0.0,
            0.0,
            1.0000000000000004,
            -0.1847203385508595,
            -0.05911972297760704,
            0.05784692493713929,
            0.2276026432922358,
            0.36859860784573184,
            -0.006551006770176467,
            -0.006262987101333273,
            0.0007212057645724553,
            0.012483177344495932,
            0.06604605204442021,
            0.0009959023598350826,
            0.004641522985957878,
            0.00010901400589346517,
            -0.0013738181555519088,
            0.002586327526288717
        ],
        [
            0.5407856154145281,
            0.5544320706236585,
            0.12171839221606517,
            0.47890925638246284,
            -0.1847203385508595,
            0.9999999999999999,
            0.6848602514927513,
            0.0,
            0.0,
            0.0,
            0.5427716081952109,
            0.5551830227470419,
            0.06549154872721277,
            -0.5018762052156405,
            -0.15137915379133265,
            0.12215536441069967,
            0.30864520725571054,
            0.037156952730436454,
            -0.15186593700070863,
            -0.03905101540859117
        ],
        [
            0.5544320706236585,
            0.876661171965408,
            0.0389559573436588,
            0.15327485208645564,
            -0.05911972297760708,
            0.6848602514927513,
            1.0000000000000002,
            0.0,
            0.0,
            0.0,
            0.5551830227470419,
            0.877401107020175,
            0.020893728924271108,
            -0.16011326024666614,
            -0.048294399286169666,
            0.30864520725571054,
            0.6082652279528664,
            0.040455746718264386,
            -0.1653485937612947,
            -0.04251796426693803
        ],
        [
            -0.12171839221606516,
            -0.0389559573436588,
            0.4182700735948212,
            -0.14997497310254146,
            0.05784692493713929,
            0.0,
            0.0,
            1.0000000000000004,
            0.0,
            0.0,
            -0.06549154872721275,
            -0.020893728924271084,
            0.44769921610755053,
            0.08420650961189387,
            0.0253989131907403,
            -0.03715695273043645,
            -0.04045574671826436,
            0.03540752908324152,
            0.06654888423366533,
            0.017112471400491134
        ],
        [
            -0.47890925638246284,
            -0.15327485208645542,
            -0.14997497310254154,
            -0.13369934542885945,
            0.2276026432922358,
            0.0,
            0.0,
            0.0,
            1.0000000000000004,
            0.0,
            0.5018762052156405,
            0.1601132602466661,
            0.08420650961189385,
            -0.18660547208845765,
            -0.19463748249205148,
            0.15186593700070866,
            0.16534859376129452,
            0.0665488842336654,
            -0.2203050820122456,
            -0.06994119034698598
        ],
        [
            0.1847203385508595,
            0.059119722977607016,
            0.05784692493713929,
            0.22760264329223565,
            0.36859860784573184,
            0.0,
            0.0,
            0.0,
            0.0,
            1.0000000000000004,
            0.15137915379133265,
            0.04829439928616966,
            0.025398913190740294,
            -0.19463748249205148,
            0.39997979362957914,
            0.03905101540859116,
            0.04251796426693805,
            0.017112471400491137,
            -0.06994119034698594,
            0.033705233220802266
        ],
        [
            0.1441748214578868,
            0.33023446723385264,
            0.010878643920069967,
            0.18829583454918816,
            -0.0065510067701764685,
            0.5427716081952109,
            0.5551830227470419,
            -0.0654915487272128,
            0.5018762052156405,
            0.15137915379133265,
            0.9999999999999999,
            0.6848602514927513,
            0.0,
            0.0,
            0.0,
            0.565561277088136,
            0.5636488028026568,
            0.18117615557421451,
            -0.49378492185588607,
            -0.10345433547574266
        ],
        [
            0.33023446723385264,
            0.634501594800845,
            0.010400356608021103,
            0.18001727435011988,
            -0.0062629871013332745,
            0.5551830227470419,
            0.877401107020175,
            -0.020893728924271087,
            0.16011326024666614,
            0.048294399286169666,
            0.6848602514927513,
            1.0000000000000002,
            0.0,
            0.0,
            0.0,
            0.5636488028026568,
            0.8857165119587003,
            0.055764108971198253,
            -0.1519817886820485,
            -0.031842152841404514
        ],
        [
            -0.010878643920069968,
            -0.010400356608021107,
            0.06528271576606859,
            -0.020729644478477274,
            0.0007212057645724556,
            0.06549154872721277,
            0.020893728924271084,
            0.4476992161075505,
            0.08420650961189384,
            0.02539891319074029,
            0.0,
            0.0,
            1.0000000000000004,
            0.0,
            0.0,
            -0.18117615557421451,
            -0.05576410897119829,
            0.4050423059290002,
            0.21848852944950395,
            0.04577617627187818
        ],
        [
            -0.18829583454918816,
            -0.18001727435011963,
            -0.020729644478477274,
            -0.29232408230145784,
            0.012483177344495932,
            -0.5018762052156405,
            -0.1601132602466661,
            0.08420650961189388,
            -0.18660547208845765,
            -0.19463748249205148,
            0.0,
            0.0,
            0.0,
            1.0000000000000004,
            0.0,
            0.49378492185588607,
            0.15198178868204915,
            0.21848852944950364,
            -0.11026898605134548,
            -0.12476026744044477
        ],
        [
            0.006551006770176467,
            0.006262987101333267,
            0.0007212057645724553,
            0.012483177344495926,
            0.06604605204442021,
            -0.15137915379133265,
            -0.04829439928616964,
            0.025398913190740304,
            -0.19463748249205148,
            0.39997979362957914,
            0.0,
            0.0,
            0.0,
            0.0,
            1.0000000000000004,
            0.10345433547574263,
            0.0318421528414045,
            0.04577617627187818,
            -0.12476026744044494,
            0.45906971758148407
        ],
        [
            0.01828396028453914,
            0.13905755600988318,
            -0.0017923314818768757,
            0.02258735022521829,
            0.0009959023598350833,
            0.12215536441069967,
            0.30864520725571054,
            -0.037156952730436454,
            0.15186593700070863,
            0.03905101540859117,
            0.565561277088136,
            0.5636488028026568,
            -0.18117615557421451,
            0.49378492185588607,
            0.10345433547574266,
            0.9999999999999999,
            0.6848602514927513,
            0.0,
            0.0,
            0.0
        ],
        [
            0.13905755600988318,
            0.36940439263416486,
            -0.008353376904303229,
            0.10527106821957187,
            0.004641522985957878,
            0.30864520725571054,
            0.6082652279528664,
            -0.040455746718264386,
            0.16534859376129452,
            0.04251796426693803,
            0.5636488028026568,
            0.8857165119587003,
            -0.055764108971198274,
            0.15198178868204923,
            0.031842152841404514,
            0.6848602514927513,
            1.0000000000000002,
            0.0,
            0.0,
            0.0
        ],
        [
            0.0017923314818768738,
            0.008353376904303227,
            0.002450707591811831,
            0.0024724688181052804,
            0.00010901400589346517,
            0.03715695273043645,
            0.04045574671826436,
            0.03540752908324152,
            0.06654888423366537,
            0.017112471400491134,
            0.18117615557421451,
            0.055764108971198274,
            0.4050423059290002,
            0.21848852944950364,
            0.04577617627187818,
            0.0,
            0.0,
            1.0000000000000004,
            0.0,
            0.0
        ],
        [
            -0.022587350225218267,
            -0.10527106821957179,
            0.0024724688181052795,
            -0.02851168775344291,
            -0.0013738181555519081,
            -0.15186593700070866,
            -0.1653485937612947,
            0.06654888423366535,
            -0.22030508201224566,
            -0.06994119034698594,
            -0.49378492185588607,
            -0.15198178868204915,
            0.21848852944950395,
            -0.11026898605134564,
            -0.12476026744044494,
            0.0,
            0.0,
            0.0,
            1.0000000000000004,
            0.0
        ],
        [
            -0.0009959023598350826,
            -0.004641522985957878,
            0.00010901400589346517,
            -0.0013738181555519088,
            0.002586327526288717,
            -0.03905101540859116,
            -0.042517964266938046,
            0.017112471400491137,
            -0.06994119034698598,
            0.033705233220802266,
            -0.10345433547574263,
            -0.0318421528414045,
            0.04577617627187818,
            -0.12476026744044477,
            0.45906971758148407,
            0.0,
            0.0,
            0.0,
            0.0,
            1.0000000000000004
        ]
    ],
    "h": [
        [
            -0.2671822208354717,
            -0.46830880480914394,
            -0.0655270971642094,
            -0.2640414152285451,
            0.09686402245494061,
            -0.5818967333667486,
            -0.46441632890604634,
            0.011755229860395289,
            0.018100659645468697,
            -0.02540006099922848,
            -0.2713295215158856,
            -0.327497718069253,
            -0.017764237443967146,
            0.3179093188556438,
            0.0437165552804481,
            -0.024589783257752046,
            -0.1537808107339718,
            -0.01334958883196261,
            0.0814488869397966,
            0.01109601173554784
        ],
        [
            -0.46830880480914394,
            -0.3187659322328491,
            -0.054278773361108076,
            -0.2299646823135296,
            0.07959035836140013,
            -0.5432578842585534,
            -0.3742192620890974,
            0.060822177579327286,
            0.08506791698485361,
            -0.10424659752904812,
            -0.3574200718041951,
            -0.32476011761602175,
            -0.006410200451618341,
            0.18769480568203656,
            0.04193368992219554,
            -0.15628672872299604,
            -0.2111844770376503,
            -0.03575803334676893,
            0.12221453657213821,
            0.02453741591158058
        ],
        [
            -0.0655270971642094,
            -0.054278773361108076,
            1.4649925454485677,
            -0.05628792357657846,
            0.021253960701319245,
            -0.013344880570896694,
            -0.04907134054035947,
            0.32410334600592317,
            -0.20966466366788966,
            0.07710915665152478,
            -0.03439523931108728,
            -0.03944918152736728,
            -0.048214521452569756,
            0.04385764381111859,
            0.00892128049402127,
            0.00047279647533190854,
            -0.01737682900820589,
            -0.008202200216515501,
            -0.0004477089258801588,
            0.0005917000544033103
        ],
        [
            -0.2640414152285451,
            -0.2299646823135296,
            -0.05628792357657846,
            1.238171049129618,
            0.08337563624541866,
            -0.0896934262773762,
            -0.22495118137440961,
            -0.19309716622321244,
            -0.4840265392521878,
            0.28549586583544434,
            -0.2462664206106483,
            -0.18630830262550319,
            -0.01858627176393088,
            0.10475835348941454,
            0.046509282126890386,
            -0.08474193881044272,
            -0.12340840263276501,
            -0.018762224826619715,
            0.11200505372380765,
            0.012966903155685529
        ],
        [
            0.09686402245494061,
            0.07959035836140013,
            0.021253960701319245,
            0.08337563624541866,
            1.4470637458889446,
            0.01620108039040402,
            0.07116685583002252,
            0.0789316412140662,
            0.31767873083755677,
            0.2571474811959603,
            0.045831500513794324,
            0.057730861994172974,
            0.005099298866145118,
            -0.06647395606978779,
            -0.05698426825627398,
            0.0008607629073348077,
            0.025425448710464017,
            0.001114582538013405,
            -0.003992717932989581,
            -0.008834436486937108
        ],
        [
            -0.5818967333667486,
            -0.5432578842585534,
            -0.013344880570896694,
            -0.0896934262773762,
            0.01620108039040402,
            -0.44409239071673134,
            -0.5980301029539846,
            0.08870809235001845,
            0.028006753585191627,
            -0.15733886242295714,
            -0.5332772936888907,
            -0.5181582133551237,
            0.014117318403343834,
            0.07353630225182939,
            -0.0004496292421332093,
            -0.25086484554845667,
            -0.3407190319941937,
            -0.06923880479326593,
            0.23554895912663204,
            0.05396984051664507
        ],
        [
            -0.46441632890604634,
            -0.3742192620890974,
            -0.04907134054035947,
            -0.22495118137440961,
            0.07116685583002252,
            -0.5980301029539846,
            -0.4318841269205669,
            0.0753047004215325,
            -0.006387674581436242,
            -0.13164289347346403,
            -0.5204136131866276,
            -0.41511489819519953,
            0.016988341200292648,
            0.13514623444736323,
            0.03254201207108494,
            -0.31585777723245523,
            -0.3147795987968738,
            -0.06239479518622909,
            0.1816164769336946,
            0.03950949895272671
        ],
        [
            0.011755229860395289,
            0.060822177579327286,
            0.32410334600592317,
            -0.19309716622321244,
            0.0789316412140662,
            0.08870809235001845,
            0.0753047004215325,
            1.383153300206809,
            -0.01852203411258766,
            0.0306054957773525,
            0.031242926569427176,
            0.06131393292695917,
            0.3508388807626909,
            0.10458936692725518,
            0.03504529036238834,
            0.04844228535796627,
            0.040708090007400666,
            -0.03465814053949284,
            -0.03521478478019663,
            -0.007764820704573155
        ],
        [
            0.018100659645468697,
            0.08506791698485361,
            -0.20966466366788966,
            -0.4840265392521878,
            0.31767873083755677,
            0.028006753585191627,
            -0.006387674581436242,
            -0.01852203411258766,
            0.9053326833860416,
            0.008526553309490884,
            -0.05211872985478394,
            -0.11906965531358382,
            0.14771149086917246,
            -0.6796839756555275,
            -0.2912543832841778,
            -0.30588482702922826,
            -0.17921644440762005,
            -0.07208156248764447,
            0.15983556980264624,
            0.04694165918315349
        ],
        [
            -0.02540006099922848,
            -0.10424659752904812,
            0.07710915665152478,
            0.28549586583544434,
            0.2571474811959603,
            -0.15733886242295714,
            -0.13164289347346403,
            0.0306054957773525,
            0.008526553309490884,
            1.3483525209543166,
            -0.043622227166574545,
            -0.10767404957727054,
            0.040004047948689204,
            -0.24698298088612575,
            0.28910317368022886,
            -0.0726160581835911,
            -0.07388682435846133,
            -0.020595925339310747,
            0.06281592288157792,
            -0.03239771573925193
        ],
        [
            -0.2713295215158856,
            -0.3574200718041951,
            -0.03439523931108728,
            -0.2462664206106483,
            0.045831500513794324,
            -0.5332772936888907,
            -0.5204136131866276,
            0.031242926569427176,
            -0.05211872985478394,
            -0.043622227166574545,
            -0.46255557256315205,
            -0.610338451815071,
            0.06636971159512836,
            -0.03555604451565883,
            0.011180342396239103,
            -0.5885101187244703,
            -0.5480269338748197,
            -0.020761424533164208,
            0.06860469764141153,
            0.018150713683608294
        ],
        [
            -0.327497718069253,
            -0.32476011761602175,
            -0.03944918152736728,
            -0.18630830262550319,
            0.057730861994172974,
            -0.5181582133551237,
            -0.41511489819519953,
            0.06131393292695917,
            -0.11906965531358382,
            -0.10767404957727054,
            -0.610338451815071,
            -0.44037796162794907,
            0.04987616018201105,
            0.009388840066132081,
            0.013129642859075608,
            -0.46513673926045274,
            -0.36936584645047077,
            -0.07850152503861818,
            0.22414558938131135,
            0.04989428321180353
        ],
        [
            -0.017764237443967146,
            -0.006410200451618341,
            -0.048214521452569756,
            -0.01858627176393088,
            0.005099298866145118,
            0.014117318403343834,
            0.016988341200292648,
            0.3508388807626909,
            0.14771149086917246,
            0.040004047948689204,
            0.06636971159512836,
            0.04987616018201105,
            1.366004955951891,
            0.11904563022087274,
            0.026802455728524407,
            0.005069948213136166,
            0.0586656087791593,
            0.30982446334617664,
            0.31187456540337694,
            0.06493488437107278
        ],
        [
            0.3179093188556438,
            0.18769480568203656,
            0.04385764381111859,
            0.10475835348941454,
            -0.06647395606978779,
            0.07353630225182939,
            0.13514623444736323,
            0.10458936692725518,
            -0.6796839756555275,
            -0.24698298088612575,
            -0.03555604451565883,
            0.009388840066132081,
            0.11904563022087274,
            0.8659525288175636,
            -0.1211466135902032,
            -0.015505097826610026,
            -0.09644257148275709,
            0.31920092207873063,
            -0.4618039527431776,
            -0.184922880759575
        ],
        [
            0.0437165552804481,
            0.04193368992219554,
            0.00892128049402127,
            0.046509282126890386,
            -0.05698426825627398,
            -0.0004496292421332093,
            0.03254201207108494,
            0.03504529036238834,
            -0.2912543832841778,
            0.28910317368022886,
            0.011180342396239103,
            0.013129642859075608,
            0.026802455728524407,
            -0.1211466135902032,
            1.3706790400271172,
            0.006462509313811288,
            -0.00997279864306283,
            0.06889201221027176,
            -0.19142120568363513,
            0.3837568605133215
        ],
        [
            -0.024589783257752046,
            -0.15628672872299604,
            0.00047279647533190854,
            -0.08474193881044272,
            0.0008607629073348077,
            -0.25086484554845667,
            -0.31585777723245523,
            0.04844228535796627,
            -0.30588482702922826,
            -0.0726160581835911,
            -0.5885101187244703,
            -0.46513673926045274,
            0.005069948213136166,
            -0.015505097826610026,
            0.006462509313811288,
            -0.27778815185769035,
            -0.47117236961865383,
            -0.10176603960181611,
            0.27600040412934734,
            0.06066093009555215
        ],
        [
            -0.1537808107339718,
            -0.2111844770376503,
            -0.01737682900820589,
            -0.12340840263276501,
            0.025425448710464017,
            -0.3407190319941937,
            -0.3147795987968738,
            0.040708090007400666,
            -0.17921644440762005,
            -0.07388682435846133,
            -0.5480269338748197,
            -0.36936584645047077,
            0.0586656087791593,
            -0.09644257148275709,
            -0.00997279864306283,
            -0.47117236961865383,
            -0.3133239460997297,
            -0.08403844091598758,
            0.2321754837440966,
            0.05142237897447448
        ],
        [
            -0.01334958883196261,
            -0.03575803334676893,
            -0.008202200216515501,
            -0.018762224826619715,
            0.001114582538013405,
            -0.06923880479326593,
            -0.06239479518622909,
            -0.03465814053949284,
            -0.07208156248764447,
            -0.020595925339310747,
            -0.020761424533164208,
            -0.07850152503861818,
            0.30982446334617664,
            0.31920092207873063,
            0.06889201221027176,
            -0.10176603960181611,
            -0.08403844091598758,
            1.4527207918227274,
            0.09017659820894869,
            0.019453232751489913
        ],
        [
            0.0814488869397966,
            0.12221453657213821,
            -0.0004477089258801588,
            0.11200505372380765,
            -0.003992717932989581,
            0.23554895912663204,
            0.1816164769336946,
            -0.03521478478019663,
            0.15983556980264624,
            0.06281592288157792,
            0.06860469764141153,
            0.22414558938131135,
            0.31187456540337694,
            -0.4618039527431776,
            -0.19142120568363513,
            0.27600040412934734,
            0.2321754837440966,
            0.09017659820894869,
            1.2347543474816332,
            -0.0541852200574814
        ],
        [
            0.01109601173554784,
            0.02453741591158058,
            0.0005917000544033103,
            0.012966903155685529,
            -0.008834436486937108,
            0.05396984051664507,
            0.03950949895272671,
            -0.007764820704573155,
            0.04694165918315349,
            -0.03239771573925193,
            0.018150713683608294,
            0.04989428321180353,
            0.06493488437107278,
            -0.184922880759575,
            0.3837568605133215,
            0.06066093009555215,
            0.05142237897447448,
            0.019453232751489913,
            -0.0541852200574814,
            1.473611504312143
        ]
    ]
}