{
    "HF": -2.1600961160062524,
    "coordinates": [
        [
            0.82911,
            0.163438,
            -0.14376
        ],
        [
            1.539329,
            -0.13854,
            -0.109994
        ],
        [
            2.287845,
            0.141931,
            -0.002621
        ],
        [
            3.074112,
            -0.088295,
            -0.091754
        ]
    ],
    "elements": [
        "H",
        "H",
        "H",
        "H"
    ],
    "Enn": 2.9230738299936516,
    "S": [
        [
            0.9999999999999999,
            0.6848602514927513,
            0.0,
            0.0,
            0.0,
            0.544662061354116,
            0.5558958479833169,
            -0.023122400401475264,
            -0.48634626816132687,
            0.20678955838526025,
            0.1369568602202013,
            0.3234018802794265,
            -0.017310546312777658,
            -0.1789122763769739,
            0.0026378103823104172,
            0.011851794201069073,
            0.11547470250203602,
            -0.00032487152426924565,
            -0.014024097637340022,
            0.001572527850995463
        ],
        [
            0.6848602514927513,
            1.0000000000000002,
            0.0,
            0.0,
            0.0,
            0.5558958479833169,
            0.8781031222778771,
            -0.007354410226256555,
            -0.15468938803772161,
            0.06577237728201454,
            0.3234018802794265,
            0.626270571763079,
            -0.017231908145059954,
            -0.1780995155696443,
            0.0026258273650500933,
            0.11547470250203602,
            0.32880552033285865,
            -0.0021062708792242593,
            -0.09092378449410111,
            0.010195321448289838
        ],
        [
            0.0,
            0.0,
            1.0000000000000004,
            0.0,
            0.0,
            0.023122400401475264,
            0.007354410226256575,
            0.4595147108815656,
            -0.02869398612511333,
            0.012200395289466317,
            0.017310546312777654,
            0.01723190814505994,
            0.058322993639232205,
            -0.03287433975526417,
            0.0004846859951372028,
            0.00032487152426924587,
            0.002106270879224257,
            0.00131332424071396,
            -0.0004008985713386236,
            4.4952922117123164e-05
        ],
        [
            0.0,
            0.0,
            0.0,
            1.0000000000000004,
            0.0,
            0.4863462681613268,
            0.15468938803772156,
            -0.028693986125113376,
            -0.14265760851456966,
            0.25661767879196473,
            0.17891227637697388,
            0.1780995155696443,
            -0.03287433975526417,
            -0.27826734677178055,
            0.005009447602126041,
            0.01402409763734003,
            0.0909237844941011,
            -0.0004008985713386236,
            -0.015983432276239596,
            0.0019405337856936843
        ],
        [
            0.0,
            0.0,
            0.0,
            0.0,
            1.0000000000000004,
            -0.20678955838526022,
            -0.06577237728201453,
            0.012200395289466327,
            0.25661767879196457,
            0.3517676465665595,
            -0.0026378103823104172,
            -0.002625827365050093,
            0.0004846859951372028,
            0.005009447602126041,
            0.06142987271537647,
            -0.0015725278509954633,
            -0.010195321448289824,
            4.4952922117123164e-05,
            0.0019405337856936843,
            0.001105018296945094
        ],
        [
            0.544662061354116,
            0.5558958479833169,
            0.023122400401475264,
            0.4863462681613268,
            -0.20678955838526025,
            0.9999999999999999,
            0.6848602514927513,
            0.0,
            0.0,
            0.0,
            0.5177374313441139,
            0.5455557681089802,
            -0.0689572682759302,
            -0.48071320183683186,
            -0.18012455636536573,
            0.11448292766983192,
            0.3005509951074427,
            -0.0017978132844928035,
            -0.1512748501213662,
            -0.004952364499963869
        ],
        [
            0.5558958479833169,
            0.8781031222778771,
            0.0073544102262565764,
            0.15468938803772161,
            -0.06577237728201454,
            0.6848602514927513,
            1.0000000000000002,
            0.0,
            0.0,
            0.0,
            0.5455557681089802,
            0.8678859937323881,
            -0.02292231265719528,
            -0.159795458643357,
            -0.05987579701858207,
            0.3005509951074427,
            0.5982506493656301,
            -0.0020590487560443863,
            -0.1732561966528552,
            -0.005671979426943556
        ],
        [
            -0.02312240040147526,
            -0.007354410226256552,
            0.4595147108815656,
            -0.028693986125113376,
            0.012200395289466327,
            0.0,
            0.0,
            1.0000000000000004,
            0.0,
            0.0,
            0.0689572682759302,
            0.022922312657195257,
            0.41696604624423933,
            -0.08968636440978457,
            -0.0336057269482238,
            0.0017978132844928035,
            0.002059048756044386,
            0.046780830285998144,
            -0.003402884143707298,
            -0.00011140201175056874
        ],
        [
            -0.4863462681613265,
            -0.15468938803772156,
            -0.02869398612511333,
            -0.14265760851456996,
            0.25661767879196457,
            0.0,
            0.0,
            0.0,
            1.0000000000000004,
            0.0,
            0.48071320183683186,
            0.15979545864335698,
            -0.08968636440978452,
            -0.19538800264895922,
            -0.23427141192270565,
            0.15127485012136616,
            0.17325619665285516,
            -0.003402884143707292,
            -0.2395103476511454,
            -0.00937378913380335
        ],
        [
            0.20678955838526022,
            0.06577237728201453,
            0.012200395289466317,
            0.25661767879196473,
            0.3517676465665595,
            0.0,
            0.0,
            0.0,
            0.0,
            1.0000000000000004,
            0.18012455636536573,
            0.05987579701858206,
            -0.0336057269482238,
            -0.23427141192270579,
            0.34204921992709786,
            0.004952364499963869,
            0.005671979426943555,
            -0.00011140201175056858,
            -0.009373789133803353,
            0.0465143969020952
        ],
        [
            0.1369568602202013,
            0.3234018802794265,
            0.017310546312777658,
            0.1789122763769739,
            -0.0026378103823104172,
            0.5177374313441139,
            0.5455557681089802,
            0.0689572682759302,
            0.48071320183683186,
            0.18012455636536573,
            0.9999999999999999,
            0.6848602514927513,
            0.0,
            0.0,
            0.0,
            0.5039834674657975,
            0.5401125266624792,
            0.05532454119438941,
            -0.4880331754938013,
            0.1429004725636913
        ],
        [
            0.3234018802794265,
            0.626270571763079,
            0.017231908145059954,
            0.1780995155696443,
            -0.0026258273650500933,
            0.5455557681089802,
            0.8678859937323881,
            0.02292231265719528,
            0.159795458643357,
            0.05987579701858207,
            0.6848602514927513,
            1.0000000000000002,
            0.0,
            0.0,
            0.0,
            0.5401125266624793,
            0.8624778880501716,
            0.018825765636791163,
            -0.16606731816434847,
            0.04862599395842037
        ],
        [
            -0.017310546312777658,
            -0.017231908145059947,
            0.058322993639232205,
            -0.03287433975526417,
            0.0004846859951372028,
            -0.06895726827593018,
            -0.02292231265719526,
            0.41696604624423933,
            -0.08968636440978452,
            -0.0336057269482238,
            0.0,
            0.0,
            1.0000000000000004,
            0.0,
            0.0,
            -0.055324541194389405,
            -0.018825765636791152,
            0.40557370517754415,
            0.07534627994763021,
            -0.022062063710193997
        ],
        [
            -0.17891227637697388,
            -0.1780995155696443,
            -0.03287433975526417,
            -0.27826734677178055,
            0.005009447602126041,
            -0.48071320183683186,
            -0.15979545864335698,
            -0.08968636440978457,
            -0.1953880026489595,
            -0.23427141192270579,
            0.0,
            0.0,
            0.0,
            1.0000000000000004,
            0.0,
            0.4880331754938013,
            0.16606731816434836,
            0.07534627994763021,
            -0.2505353760112323,
            0.19461560417828536
        ],
        [
            0.0026378103823104172,
            0.002625827365050093,
            0.0004846859951372028,
            0.005009447602126041,
            0.06142987271537647,
            -0.18012455636536573,
            -0.05987579701858206,
            -0.0336057269482238,
            -0.23427141192270565,
            0.34204921992709786,
            0.0,
            0.0,
            0.0,
            0.0,
            1.0000000000000004,
            -0.14290047256369126,
            -0.04862599395842034,
            -0.022062063710193997,
            0.19461560417828536,
            0.35712994228659517
        ],
        [
            0.011851794201069073,
            0.11547470250203602,
            0.00032487152426924565,
            0.014024097637340022,
            -0.001572527850995463,
            0.11448292766983192,
            0.3005509951074427,
            0.0017978132844928035,
            0.15127485012136627,
            0.004952364499963869,
            0.5039834674657975,
            0.5401125266624792,
            -0.05532454119438941,
            0.4880331754938013,
            -0.1429004725636913,
            0.9999999999999999,
            0.6848602514927513,
            0.0,
            0.0,
            0.0
        ],
        [
            0.11547470250203602,
            0.32880552033285865,
            0.0021062708792242593,
            0.09092378449410118,
            -0.010195321448289838,
            0.3005509951074427,
            0.5982506493656301,
            0.0020590487560443863,
            0.1732561966528552,
            0.005671979426943556,
            0.5401125266624793,
            0.8624778880501716,
            -0.018825765636791163,
            0.16606731816434847,
            -0.04862599395842037,
            0.6848602514927513,
            1.0000000000000002,
            0.0,
            0.0,
            0.0
        ],
        [
            -0.00032487152426924587,
            -0.0021062708792242615,
            0.00131332424071396,
            -0.0004008985713386236,
            4.4952922117123164e-05,
            -0.0017978132844928035,
            -0.002059048756044386,
            0.046780830285998144,
            -0.003402884143707292,
            -0.00011140201175056858,
            0.055324541194389405,
            0.018825765636791152,
            0.40557370517754415,
            0.07534627994763021,
            -0.022062063710193997,
            0.0,
            0.0,
            1.0000000000000004,
            0.0,
            0.0
        ],
        [
            -0.01402409763734003,
            -0.09092378449410103,
            -0.0004008985713386236,
            -0.015983432276239596,
            0.0019405337856936843,
            -0.1512748501213662,
            -0.17325619665285516,
            -0.003402884143707298,
            -0.23951034765114546,
            -0.009373789133803353,
            -0.4880331754938013,
            -0.16606731816434836,
            0.07534627994763021,
            -0.2505353760112323,
            0.19461560417828536,
            0.0,
            0.0,
            0.0,
            1.0000000000000004,
            0.0
        ],
        [
            0.0015725278509954633,
            0.010195321448289824,
            4.4952922117123164e-05,
            0.0019405337856936843,
            0.001105018296945094,
            -0.004952364499963869,
            -0.005671979426943555,
            -0.00011140201175056874,
            -0.00937378913380335,
            0.0465143969020952,
            0.14290047256369126,
            0.04862599395842033,
            -0.022062063710193997,
            0.19461560417828536,
            0.35712994228659517,
            0.0,
            0.0,
            0.0,
            0.0,
            1.0000000000000004
        ]
    ],
    "h": [
        [
            -0.2733446256561918,
            -0.4725662176406311,
            -0.014740426715019567,
            -0.2705145777914145,
            0.10608931753620161,
            -0.5830199748510121,
            -0.46645873636554436,
            -0.004439628191040344,
            0.020834379934633107,
            -0.03557163723641388,
            -0.26205681326436564,
            -0.32429825552584257,
            0.03182542193807274,
            0.30756642934479234,
            0.04361747317266254,
            -0.01233477325967134,
            -0.13763382263449275,
            0.00040037800816131836,
            0.06545200812113823,
            -0.004641109671932412
        ],
        [
            -0.4725662176406311,
            -0.3207100472112132,
            -0.013313109745027984,
            -0.23365072397515868,
            0.08656402827947077,
            -0.5414159098752571,
            -0.37389868425661055,
            -0.005746328670091111,
            0.09611879548933377,
            -0.12087149551678252,
            -0.3410419992219514,
            -0.31931068516517713,
            0.030603636211643817,
            0.18224722799306106,
            0.06644349957831822,
            -0.13577446333001458,
            -0.1991801189041683,
            -0.006490338414720435,
            0.1139108453749784,
            -0.019616620104898532
        ],
        [
            -0.014740426715019567,
            -0.013313109745027984,
            1.4755129101377955,
            -0.013473172923225571,
            0.004515165147967528,
            -0.007460745748167512,
            -0.01364885180112421,
            0.37903588176266556,
            -0.04245300892338085,
            0.013852689190292967,
            -0.017595958034252013,
            -0.010884499739554895,
            -0.04351506130008696,
            0.008336401814633687,
            0.00376513298453801,
            -0.0038230630938060222,
            -0.007086234143141079,
            -0.004583191428253719,
            0.0039716942386114,
            -0.0005689213079956898
        ],
        [
            -0.2705145777914145,
            -0.23365072397515868,
            -0.013473172923225571,
            1.2286179942610391,
            0.0936291190013391,
            -0.0869034789365839,
            -0.2275516318949617,
            -0.04806041710171687,
            -0.4935272385117551,
            0.3215588100953233,
            -0.23875057943781836,
            -0.18538185973360727,
            0.023328772094940213,
            0.11629242750206958,
            0.05650134556686177,
            -0.06728912003280485,
            -0.11836327615703376,
            -0.0005195793405149167,
            0.08715122000144518,
            -0.01099085666340446
        ],
        [
            0.10608931753620161,
            0.08656402827947077,
            0.004515165147967528,
            0.0936291190013391,
            1.4365580919183172,
            0.014322261618392895,
            0.077385074639243,
            0.01810026982155839,
            0.3598861888261263,
            0.23417482312753923,
            0.046933788579514434,
            0.06260170540434565,
            -0.008106721907619364,
            -0.0677056621818768,
            -0.059660601466594645,
            0.0057494699004705645,
            0.028382745221630704,
            -8.945239619478996e-05,
            -0.012991339302405168,
            -0.003522473189021892
        ],
        [
            -0.5830199748510121,
            -0.5414159098752571,
            -0.007460745748167512,
            -0.0869034789365839,
            0.014322261618392895,
            -0.43419314726594127,
            -0.5946580571320783,
            -0.017058295210769576,
            0.04924820934081217,
            -0.17952248531431964,
            -0.5146203051936287,
            -0.5101273154979343,
            0.01671032937622169,
            0.07817540487962016,
            0.023933738540730665,
            -0.22913777018626616,
            -0.32352917183536956,
            -0.009438773549786601,
            0.22340134402675876,
            -0.024929183208924996
        ],
        [
            -0.46645873636554436,
            -0.37389868425661055,
            -0.01364885180112421,
            -0.2275516318949617,
            0.077385074639243,
            -0.5946580571320783,
            -0.4346758194937752,
            -0.016014712454709343,
            0.005308559584876429,
            -0.14773334307434766,
            -0.5036386254140861,
            -0.415917741913413,
            0.04098098606083249,
            0.12461440474278268,
            0.0935361975448762,
            -0.3001039582689637,
            -0.30790026160429806,
            -0.015712956014100606,
            0.17166407855905924,
            -0.0401685076443678
        ],
        [
            -0.004439628191040344,
            -0.005746328670091111,
            0.37903588176266556,
            -0.04806041710171687,
            0.01810026982155839,
            -0.017058295210769576,
            -0.016014712454709343,
            1.3991924626954462,
            -0.04123326794863445,
            -0.006244726632267183,
            -0.0042447777469165615,
            -0.0206890749869034,
            0.3110669662600496,
            -0.12699080300152726,
            -0.043857842411346534,
            -0.020639311828587407,
            -0.021410707812194854,
            -0.04532484372473018,
            0.019840150365341945,
            -0.0037297647222628693
        ],
        [
            0.020834379934633107,
            0.09611879548933377,
            -0.04245300892338085,
            -0.4935272385117551,
            0.3598861888261263,
            0.04924820934081217,
            0.005308559584876429,
            -0.04123326794863445,
            0.9233687660639514,
            0.021508546575330814,
            -0.0550262715878711,
            -0.10985281532409336,
            -0.11830073561795842,
            -0.6640187994899017,
            -0.2959841665092639,
            -0.28729702319006334,
            -0.17424524529433927,
            -0.01631228732516133,
            0.15906780588672187,
            -0.04065831684462047
        ],
        [
            -0.03557163723641388,
            -0.12087149551678252,
            0.013852689190292967,
            0.3215588100953233,
            0.23417482312753923,
            -0.17952248531431964,
            -0.14773334307434766,
            -0.006244726632267183,
            0.021508546575330814,
            1.3350325942149095,
            -0.03491036050244967,
            -0.11253946583349447,
            -0.040020298441029306,
            -0.28020672052047274,
            0.2166289505800859,
            -0.04278074115833675,
            -0.06994321793766166,
            -0.003469202711726035,
            0.0533885103501063,
            -0.052865055649196774
        ],
        [
            -0.26205681326436564,
            -0.3410419992219514,
            -0.017595958034252013,
            -0.23875057943781836,
            0.046933788579514434,
            -0.5146203051936287,
            -0.5036386254140861,
            -0.0042447777469165615,
            -0.0550262715878711,
            -0.03491036050244967,
            -0.4026743632080074,
            -0.5838957878596953,
            0.05460921137176439,
            -0.025473717866840676,
            0.141107404842743,
            -0.5449001808524051,
            -0.5206313492472437,
            -0.004247536825674983,
            0.0843847908853721,
            -0.009403013378994268
        ],
        [
            -0.32429825552584257,
            -0.31931068516517713,
            -0.010884499739554895,
            -0.18538185973360727,
            0.06260170540434565,
            -0.5101273154979343,
            -0.415917741913413,
            -0.0206890749869034,
            -0.10985281532409336,
            -0.11253946583349447,
            -0.5838957878596953,
            -0.43628947207962954,
            0.04794268250278805,
            0.006579242191140783,
            0.11921914058059557,
            -0.4443220535692681,
            -0.3672919396936949,
            -0.019524066768369413,
            0.21210926694368837,
            -0.04905482001319371
        ],
        [
            0.03182542193807274,
            0.030603636211643817,
            -0.04351506130008696,
            0.023328772094940213,
            -0.008106721907619364,
            0.01671032937622169,
            0.04098098606083249,
            0.3110669662600496,
            -0.11830073561795842,
            -0.040020298441029306,
            0.05460921137176439,
            0.04794268250278805,
            1.4068009379932809,
            -0.008340406654251526,
            -0.017844131039806286,
            0.009009044151118764,
            0.03442900141413235,
            0.3071497776335796,
            0.09107934522762953,
            -0.02922530826309295
        ],
        [
            0.30756642934479234,
            0.18224722799306106,
            0.008336401814633687,
            0.11629242750206958,
            -0.0677056621818768,
            0.07817540487962016,
            0.12461440474278268,
            -0.12699080300152726,
            -0.6640187994899017,
            -0.28020672052047274,
            -0.025473717866840676,
            0.006579242191140783,
            -0.008340406654251526,
            0.928351278453837,
            -0.009781505550044551,
            -0.03990072954844803,
            -0.0981420677319105,
            0.10097271786199721,
            -0.600398038600714,
            0.2623480296236933
        ],
        [
            0.04361747317266254,
            0.06644349957831822,
            0.00376513298453801,
            0.05650134556686177,
            -0.059660601466594645,
            0.023933738540730665,
            0.0935361975448762,
            -0.043857842411346534,
            -0.2959841665092639,
            0.2166289505800859,
            0.141107404842743,
            0.11921914058059557,
            -0.017844131039806286,
            -0.009781505550044551,
            1.3672882583153054,
            0.029976702817532896,
            0.0910778271002605,
            -0.028866539638605034,
            0.23394378574319852,
            0.24358050026978362
        ],
        [
            -0.01233477325967134,
            -0.13577446333001458,
            -0.0038230630938060222,
            -0.06728912003280485,
            0.0057494699004705645,
            -0.22913777018626616,
            -0.3001039582689637,
            -0.020639311828587407,
            -0.28729702319006334,
            -0.04278074115833675,
            -0.5449001808524051,
            -0.4443220535692681,
            0.009009044151118764,
            -0.03990072954844803,
            0.029976702817532896,
            -0.23542853861964086,
            -0.45507668373046295,
            -0.026759024006452047,
            0.2504269111225339,
            -0.06715741864166437
        ],
        [
            -0.13763382263449275,
            -0.1991801189041683,
            -0.007086234143141079,
            -0.11836327615703376,
            0.028382745221630704,
            -0.32352917183536956,
            -0.30790026160429806,
            -0.021410707812194854,
            -0.17424524529433927,
            -0.06994321793766166,
            -0.5206313492472437,
            -0.3672919396936949,
            0.03442900141413235,
            -0.0981420677319105,
            0.0910778271002605,
            -0.45507668373046295,
            -0.3122328631785203,
            -0.022644926472160515,
            0.22309018376240583,
            -0.05674468566694114
        ],
        [
            0.00040037800816131836,
            -0.006490338414720435,
            -0.004583191428253719,
            -0.0005195793405149167,
            -8.945239619478996e-05,
            -0.009438773549786601,
            -0.015712956014100606,
            -0.04532484372473018,
            -0.01631228732516133,
            -0.003469202711726035,
            -0.004247536825674983,
            -0.019524066768369413,
            0.3071497776335796,
            0.10097271786199721,
            -0.028866539638605034,
            -0.026759024006452047,
            -0.022644926472160515,
            1.4914833594464225,
            0.023928451191719404,
            -0.007095778255684279
        ],
        [
            0.06545200812113823,
            0.1139108453749784,
            0.0039716942386114,
            0.08715122000144518,
            -0.012991339302405168,
            0.22340134402675876,
            0.17166407855905924,
            0.019840150365341945,
            0.15906780588672187,
            0.0533885103501063,
            0.0843847908853721,
            0.21210926694368837,
            0.09107934522762953,
            -0.600398038600714,
            0.23394378574319852,
            0.2504269111225339,
            0.22309018376240583,
            0.023928451191719404,
            1.2610791908554013,
            0.06100495331662499
        ],
        [
            -0.004641109671932412,
            -0.019616620104898532,
            -0.0005689213079956898,
            -0.01099085666340446,
            -0.003522473189021892,
            -0.024929183208924996,
            -0.0401685076443678,
            -0.0037297647222628693,
            -0.04065831684462047,
            -0.052865055649196774,
            -0.009403013378994268,
            -0.04905482001319371,
            -0.02922530826309295,
            0.2623480296236933,
            0.24358050026978362,
            -0.06715741864166437,
            -0.05674468566694114,
            -0.007095778255684279,
            0.06100495331662499,
            1.4759741661854437
        ]
    ]
}