{
    "HF": -2.1309884463135647,
    "coordinates": [
        [
            0.714042,
            0.084037,
            -0.159999
        ],
        [
            1.461747,
            -0.052586,
            -0.02646
        ],
        [
            2.161107,
            -0.153376,
            -0.163482
        ],
        [
            2.926446,
            0.028862,
            0.150089
        ]
    ],
    "elements": [
        "H",
        "H",
        "H",
        "H"
    ],
    "Enn": 3.001562245498978,
    "S": [
        [
            0.9999999999999999,
            0.6848602514927513,
            0.0,
            0.0,
            0.0,
            0.5452715673136657,
            0.5561252573279455,
            -0.09157480257523234,
            -0.5127411300033253,
            0.09368966558260858,
            0.1367128235192609,
            0.32316694221774833,
            0.0004262565790496309,
            -0.1770947391795729,
            0.029055082745308557,
            0.0129783120392301,
            0.1200667048836454,
            -0.0021645057045395853,
            -0.015443232497698068,
            0.00038513777459292726
        ],
        [
            0.6848602514927513,
            1.0000000000000002,
            0.0,
            0.0,
            0.0,
            0.5561252573279455,
            0.8783289797611153,
            -0.029098301306819178,
            -0.16292577732808564,
            0.029770308445035188,
            0.32316694221774833,
            0.6259863827102494,
            0.00042491515704698153,
            -0.17653742513126328,
            0.0289636469078366,
            0.12006670488364538,
            0.3369392672593879,
            -0.013095460575770702,
            -0.0934329911498588,
            0.002330119312157026
        ],
        [
            0.0,
            0.0,
            1.0000000000000004,
            0.0,
            0.0,
            0.09157480257523232,
            0.029098301306819157,
            0.4402159453059443,
            -0.11965282403203342,
            0.021863338853864166,
            -0.0004262565790496309,
            -0.0004249151570469814,
            0.06133567403196753,
            0.0008026024465103538,
            -0.00013167912611621632,
            0.0021645057045395853,
            0.013095460575770695,
            0.0011480111441654363,
            -0.002724921154484045,
            6.795663210636809e-05
        ],
        [
            0.0,
            0.0,
            0.0,
            1.0000000000000004,
            0.0,
            0.5127411300033254,
            0.16292577732808558,
            -0.1196528240320335,
            -0.2083684450146242,
            0.12241613145020189,
            0.1770947391795728,
            0.17653742513126294,
            0.0008026024465103532,
            -0.27211571291663117,
            0.05470808344340021,
            0.015443232497698061,
            0.09343299114985867,
            -0.002724921154484045,
            -0.017911730252242238,
            0.00048485437907515663
        ],
        [
            0.0,
            0.0,
            0.0,
            0.0,
            1.0000000000000004,
            -0.09368966558260858,
            -0.029770308445035188,
            0.021863338853864184,
            0.1224161314502019,
            0.43921750252609504,
            -0.02905508274530855,
            -0.028963646907836572,
            -0.00013167912611621632,
            0.05470808344340024,
            0.05236191352347152,
            -0.0003851377745929273,
            -0.0023301193121570245,
            6.79566321063681e-05,
            0.00048485437907515674,
            0.001517841207113332
        ],
        [
            0.5452715673136657,
            0.5561252573279455,
            0.09157480257523236,
            0.5127411300033256,
            -0.09368966558260858,
            0.9999999999999999,
            0.6848602514927513,
            0.0,
            0.0,
            0.0,
            0.58708885862197,
            0.5713990416079809,
            0.10316307165885252,
            -0.5265441009132482,
            0.07588420832053062,
            0.13293336706984116,
            0.31949414229628126,
            -0.020879236136744035,
            -0.1732198782788509,
            -0.009632294857889473
        ],
        [
            0.5561252573279455,
            0.8783289797611153,
            0.029098301306819167,
            0.16292577732808564,
            -0.029770308445035188,
            0.6848602514927513,
            1.0000000000000002,
            0.0,
            0.0,
            0.0,
            0.5713990416079809,
            0.8932875033855009,
            0.03073336609573586,
            -0.15686303595564105,
            0.022606705264769263,
            0.31949414229628126,
            0.6215334082009119,
            -0.021276698596666213,
            -0.17651733602477718,
            -0.009815657677479165
        ],
        [
            -0.09157480257523232,
            -0.029098301306819157,
            0.4402159453059443,
            -0.11965282403203346,
            0.021863338853864166,
            0.0,
            0.0,
            1.0000000000000004,
            0.0,
            0.0,
            -0.10316307165885248,
            -0.03073336609573584,
            0.48557234720064746,
            0.12699287116636787,
            -0.018301892422869788,
            0.020879236136744035,
            0.021276698596666196,
            0.05402616651367602,
            -0.03946364788083535,
            -0.002194468073370896
        ],
        [
            -0.5127411300033253,
            -0.16292577732808558,
            -0.11965282403203346,
            -0.2083684450146239,
            0.12241613145020185,
            0.0,
            0.0,
            0.0,
            1.0000000000000004,
            0.0,
            0.5265441009132481,
            0.15686303595564102,
            0.12699287116636793,
            -0.137717941640087,
            0.09341282045845355,
            0.1732198782788509,
            0.17651733602477715,
            -0.03946364788083536,
            -0.26861830514576096,
            -0.018205909932077092
        ],
        [
            0.09368966558260858,
            0.029770308445035188,
            0.021863338853864184,
            0.12241613145020194,
            0.43921750252609504,
            0.0,
            0.0,
            0.0,
            0.0,
            1.0000000000000004,
            -0.0758842083205306,
            -0.02260670526476928,
            -0.0183018924228698,
            0.09341282045845356,
            0.4969909856972023,
            0.009632294857889469,
            0.00981565767747916,
            -0.0021944680733708955,
            -0.01820590993207708,
            0.05777057585482103
        ],
        [
            0.1367128235192609,
            0.32316694221774833,
            -0.0004262565790496309,
            0.17709473917957286,
            -0.029055082745308557,
            0.58708885862197,
            0.5713990416079809,
            -0.10316307165885252,
            0.5265441009132482,
            -0.07588420832053061,
            0.9999999999999999,
            0.6848602514927513,
            0.0,
            0.0,
            0.0,
            0.48635113818380316,
            0.5329663432960865,
            -0.1860506528907048,
            -0.4540975429255865,
            -0.10812702348589717
        ],
        [
            0.32316694221774833,
            0.6259863827102494,
            -0.00042491515704698153,
            0.17653742513126316,
            -0.0289636469078366,
            0.5713990416079809,
            0.8932875033855009,
            -0.030733366095735872,
            0.15686303595564105,
            -0.022606705264769288,
            0.6848602514927513,
            1.0000000000000002,
            0.0,
            0.0,
            0.0,
            0.5329663432960865,
            0.8553462447405765,
            -0.06529416009720133,
            -0.1593647601169493,
            -0.037946994931909415
        ],
        [
            0.0004262565790496309,
            0.0004249151570469814,
            0.06133567403196753,
            0.0008026024465103537,
            -0.00013167912611621632,
            0.10316307165885247,
            0.03073336609573585,
            0.48557234720064746,
            0.12699287116636787,
            -0.01830189242286979,
            0.0,
            0.0,
            1.0000000000000004,
            0.0,
            0.0,
            0.18605065289070477,
            0.0652941600972013,
            0.2935149404541273,
            -0.2455583271537506,
            -0.05847089776405644
        ],
        [
            -0.17709473917957277,
            -0.17653742513126303,
            0.0008026024465103533,
            -0.2721157129166313,
            0.05470808344340021,
            -0.5265441009132481,
            -0.15686303595564102,
            0.12699287116636793,
            -0.137717941640087,
            0.09341282045845356,
            0.0,
            0.0,
            0.0,
            1.0000000000000004,
            0.0,
            0.4540975429255865,
            0.1593647601169493,
            -0.24555832715375028,
            -0.20521519885011855,
            -0.14271108751716566
        ],
        [
            0.02905508274530855,
            0.02896364690783657,
            -0.00013167912611621632,
            0.05470808344340023,
            0.05236191352347152,
            0.0758842083205306,
            0.022606705264769305,
            -0.01830189242286979,
            0.09341282045845355,
            0.4969909856972022,
            0.0,
            0.0,
            0.0,
            0.0,
            1.0000000000000004,
            0.10812702348589717,
            0.03794699493190943,
            -0.05847089776405645,
            -0.14271108751716588,
            0.36014239186712915
        ],
        [
            0.0129783120392301,
            0.1200667048836454,
            0.0021645057045395853,
            0.015443232497698064,
            -0.0003851377745929273,
            0.13293336706984116,
            0.31949414229628126,
            0.020879236136744035,
            0.1732198782788509,
            0.009632294857889473,
            0.48635113818380316,
            0.5329663432960865,
            0.1860506528907048,
            0.4540975429255865,
            0.10812702348589717,
            0.9999999999999999,
            0.6848602514927513,
            0.0,
            0.0,
            0.0
        ],
        [
            0.12006670488364538,
            0.3369392672593879,
            0.013095460575770702,
            0.09343299114985876,
            -0.002330119312157025,
            0.31949414229628126,
            0.6215334082009119,
            0.021276698596666206,
            0.17651733602477718,
            0.009815657677479162,
            0.5329663432960865,
            0.8553462447405765,
            0.06529416009720133,
            0.1593647601169493,
            0.03794699493190941,
            0.6848602514927513,
            1.0000000000000002,
            0.0,
            0.0,
            0.0
        ],
        [
            -0.0021645057045395853,
            -0.013095460575770695,
            0.0011480111441654363,
            -0.002724921154484045,
            6.795663210636807e-05,
            -0.020879236136744035,
            -0.021276698596666196,
            0.05402616651367602,
            -0.03946364788083537,
            -0.002194468073370896,
            -0.18605065289070477,
            -0.0652941600972013,
            0.2935149404541273,
            -0.24555832715375028,
            -0.05847089776405644,
            0.0,
            0.0,
            1.0000000000000004,
            0.0,
            0.0
        ],
        [
            -0.01544323249769806,
            -0.09343299114985865,
            -0.002724921154484045,
            -0.017911730252242238,
            0.0004848543790751565,
            -0.1732198782788509,
            -0.17651733602477715,
            -0.03946364788083533,
            -0.2686183051457609,
            -0.01820590993207708,
            -0.4540975429255865,
            -0.1593647601169493,
            -0.2455583271537506,
            -0.2052151988501184,
            -0.14271108751716582,
            0.0,
            0.0,
            0.0,
            1.0000000000000004,
            0.0
        ],
        [
            0.00038513777459292726,
            0.002330119312157028,
            6.795663210636811e-05,
            0.0004848543790751568,
            0.001517841207113332,
            -0.009632294857889469,
            -0.00981565767747916,
            -0.0021944680733708955,
            -0.018205909932077092,
            0.05777057585482103,
            -0.10812702348589717,
            -0.037946994931909436,
            -0.05847089776405645,
            -0.14271108751716569,
            0.36014239186712915,
            0.0,
            0.0,
            0.0,
            0.0,
            1.0000000000000004
        ]
    ],
    "h": [
        [
            -0.26878267151378643,
            -0.4680788328565726,
            -0.0453963659033107,
            -0.28023936828265805,
            0.05260653485742073,
            -0.5810047827271869,
            -0.4594941145609257,
            0.021404072135519203,
            0.021007838889417707,
            0.0005128613374576763,
            -0.27688531724693866,
            -0.324565770489343,
            -0.021500837581615084,
            0.33076183496954015,
            -0.04226954850908789,
            -0.011403180160618552,
            -0.13830072059072926,
            0.010694729251103367,
            0.0701768150337618,
            0.0020544805743893625
        ],
        [
            -0.4680788328565726,
            -0.3157179624707698,
            -0.036896907150688635,
            -0.2416859124234312,
            0.045082372896944,
            -0.5501891430698602,
            -0.37121445992300206,
            0.0601890020826798,
            0.09259868632093426,
            -0.019820933366223745,
            -0.35822388405503214,
            -0.32018499009705026,
            -0.04464215424325377,
            0.2088173901593014,
            -0.04002168950646577,
            -0.13440825432922077,
            -0.19878570926581568,
            0.03113449944606735,
            0.11306309754202784,
            0.0158127429616339
        ],
        [
            -0.0453963659033107,
            -0.036896907150688635,
            1.4711023497388815,
            -0.04288832403103865,
            0.00787916978281231,
            -0.004749389557914707,
            -0.03281139813934296,
            0.35428772688002375,
            -0.16893602816481718,
            0.031020774233334103,
            -0.02264106244180105,
            -0.028006719604058566,
            -0.05128844489959081,
            0.03336106865227788,
            -0.004815793743133227,
            -0.005845539177871414,
            -0.014412200097992288,
            -0.0031399956119577185,
            0.011715118207171908,
            0.00018424137915216623
        ],
        [
            -0.28023936828265805,
            -0.2416859124234312,
            -0.04288832403103865,
            1.2082504720188951,
            0.04954893059784563,
            -0.0934181046131436,
            -0.2361164153233165,
            -0.14704612085839588,
            -0.590698431855616,
            0.176002832202976,
            -0.2643757307364051,
            -0.19752310577888033,
            -0.03578045369142758,
            0.15823654705016887,
            -0.03152691605042396,
            -0.07144789863670983,
            -0.12466362313150722,
            0.018270295813997486,
            0.09420518994269042,
            0.003896287035768523
        ],
        [
            0.05260653485742073,
            0.045082372896944,
            0.00787916978281231,
            0.04954893059784563,
            1.4697256287217417,
            0.017203492965688377,
            0.04331496412479788,
            0.02692928564248291,
            0.17578029743833673,
            0.3511392249825138,
            0.045043048140903034,
            0.035617294545000205,
            0.006116563325073667,
            -0.038659331679722395,
            -0.04175013865753491,
            0.006851849775792324,
            0.019189633268948014,
            -0.0017100303837983717,
            -0.008218732224314096,
            -0.005577569286620043
        ],
        [
            -0.5810047827271869,
            -0.5501891430698602,
            -0.004749389557914707,
            -0.0934181046131436,
            0.017203492965688377,
            -0.48761685490418305,
            -0.6218928755147044,
            0.09546643465394486,
            -0.00013682944680168396,
            -0.010377422964926565,
            -0.5753750406276126,
            -0.5458765521404998,
            -0.02188804340136588,
            0.06032407272885254,
            -0.025530280623897894,
            -0.26008940321286317,
            -0.35449425958397857,
            0.06006925030360486,
            0.23988605741533303,
            0.03259674400646806
        ],
        [
            -0.4594941145609257,
            -0.37121445992300206,
            -0.03281139813934296,
            -0.2361164153233165,
            0.04331496412479788,
            -0.6218928755147044,
            -0.44535340953463964,
            0.07357465900578025,
            -0.02422886813832903,
            -0.008184504212697738,
            -0.5375874919027723,
            -0.424467567855501,
            -0.07980676212732296,
            0.15587805458043058,
            -0.06040975334794566,
            -0.31061537249884635,
            -0.3175326742207297,
            0.06048975184550237,
            0.17142472093708133,
            0.03489297697057722
        ],
        [
            0.021404072135519203,
            0.0601890020826798,
            0.35428772688002375,
            -0.14704612085839588,
            0.02692928564248291,
            0.09546643465394486,
            0.07357465900578025,
            1.3687781866828108,
            -0.0003138242054753623,
            0.0010687891387588836,
            0.005569757481811599,
            0.054788035990511984,
            0.4066922360353473,
            0.15902955890159937,
            -0.023955416653713583,
            0.005575676085211534,
            0.032692278524263055,
            -0.051756547312207954,
            -0.02611697887264528,
            -0.0034202279039287535
        ],
        [
            0.021007838889417707,
            0.09259868632093426,
            -0.16893602816481718,
            -0.590698431855616,
            0.17578029743833673,
            -0.00013682944680168396,
            -0.02422886813832903,
            -0.0003138242054753623,
            0.8050872221787855,
            0.08404505081708362,
            -0.04638639412809198,
            -0.14205743881671767,
            0.1467686922816765,
            -0.6529955190489627,
            0.12328935651173673,
            -0.31484455194030087,
            -0.20259441359151595,
            0.06908876405296928,
            0.13081123003756756,
            0.040861900819365415
        ],
        [
            0.0005128613374576763,
            -0.019820933366223745,
            0.031020774233334103,
            0.176002832202976,
            0.3511392249825138,
            -0.010377422964926565,
            -0.008184504212697738,
            0.0010687891387588836,
            0.08404505081708362,
            1.3738250409117705,
            -0.008725547001749406,
            0.006683868401928188,
            -0.02555983821967727,
            0.15137519496223995,
            0.4218998841854781,
            0.01650288488388397,
            0.01749180349360839,
            -0.005752588501949059,
            -0.01908862195259838,
            -0.048699754340213494
        ],
        [
            -0.27688531724693866,
            -0.35822388405503214,
            -0.02264106244180105,
            -0.2643757307364051,
            0.045043048140903034,
            -0.5753750406276126,
            -0.5375874919027723,
            0.005569757481811599,
            -0.04638639412809198,
            -0.008725547001749406,
            -0.4437766427661045,
            -0.6014744845334716,
            -0.13344392282647366,
            0.05076798353277265,
            -0.08568662177186846,
            -0.5385486458313492,
            -0.5260233948422897,
            0.025795236579363612,
            0.10100251025452012,
            0.015008266928862174
        ],
        [
            -0.324565770489343,
            -0.32018499009705026,
            -0.028006719604058566,
            -0.19752310577888033,
            0.035617294545000205,
            -0.5458765521404998,
            -0.424467567855501,
            0.054788035990511984,
            -0.14205743881671767,
            0.006683868401928188,
            -0.6014744845334716,
            -0.43908375624464324,
            -0.10946322151922401,
            0.052233395456561964,
            -0.07291501256661462,
            -0.4375495904019606,
            -0.36848087701803456,
            0.07058009689265551,
            0.202495286779255,
            0.04111217495989675
        ],
        [
            -0.021500837581615084,
            -0.04464215424325377,
            -0.05128844489959081,
            -0.03578045369142758,
            0.006116563325073667,
            -0.02188804340136588,
            -0.07980676212732296,
            0.4066922360353473,
            0.1467686922816765,
            -0.02555983821967727,
            -0.13344392282647366,
            -0.10946322151922401,
            1.3557831730260186,
            -0.028513896143416796,
            -0.025010922776862107,
            -0.033175902456918316,
            -0.09316641697165164,
            0.1598780307088714,
            -0.29835407550095516,
            -0.07394873004327485
        ],
        [
            0.33076183496954015,
            0.2088173901593014,
            0.03336106865227788,
            0.15823654705016887,
            -0.038659331679722395,
            0.06032407272885254,
            0.15587805458043058,
            0.15902955890159937,
            -0.6529955190489627,
            0.15137519496223995,
            0.05076798353277265,
            0.052233395456561964,
            -0.028513896143416796,
            0.8815289325328761,
            -0.00043527146468153033,
            -0.03850091186366955,
            -0.06730052145915627,
            -0.327496819677369,
            -0.5342376656163561,
            -0.18895912233483625
        ],
        [
            -0.04226954850908789,
            -0.04002168950646577,
            -0.004815793743133227,
            -0.03152691605042396,
            -0.04175013865753491,
            -0.025530280623897894,
            -0.06040975334794566,
            -0.023955416653713583,
            0.12328935651173673,
            0.4218998841854781,
            -0.08568662177186846,
            -0.07291501256661462,
            -0.025010922776862107,
            -0.00043527146468153033,
            1.3807274730469852,
            -0.016430708663624893,
            -0.056337018424072155,
            -0.07397602140574011,
            -0.17197354328831577,
            0.2439618957094481
        ],
        [
            -0.011403180160618552,
            -0.13440825432922077,
            -0.005845539177871414,
            -0.07144789863670983,
            0.006851849775792324,
            -0.26008940321286317,
            -0.31061537249884635,
            0.005575676085211534,
            -0.31484455194030087,
            0.01650288488388397,
            -0.5385486458313492,
            -0.4375495904019606,
            -0.033175902456918316,
            -0.03850091186366955,
            -0.016430708663624893,
            -0.22604342048434312,
            -0.44945257182833387,
            0.08864601938243168,
            0.2282377495391936,
            0.052372176075215715
        ],
        [
            -0.13830072059072926,
            -0.19878570926581568,
            -0.014412200097992288,
            -0.12466362313150722,
            0.019189633268948014,
            -0.35449425958397857,
            -0.3175326742207297,
            0.032692278524263055,
            -0.20259441359151595,
            0.01749180349360839,
            -0.5260233948422897,
            -0.36848087701803456,
            -0.09316641697165164,
            -0.06730052145915627,
            -0.056337018424072155,
            -0.44945257182833387,
            -0.31183138771938435,
            0.07812400683818158,
            0.20884498623458322,
            0.04599032220142357
        ],
        [
            0.010694729251103367,
            0.03113449944606735,
            -0.0031399956119577185,
            0.018270295813997486,
            -0.0017100303837983717,
            0.06006925030360486,
            0.06048975184550237,
            -0.051756547312207954,
            0.06908876405296928,
            -0.005752588501949059,
            0.025795236579363612,
            0.07058009689265551,
            0.1598780307088714,
            -0.327496819677369,
            -0.07397602140574011,
            0.08864601938243168,
            0.07812400683818158,
            1.4599588795965304,
            -0.07695104201976537,
            -0.017959376055322468
        ],
        [
            0.0701768150337618,
            0.11306309754202784,
            0.011715118207171908,
            0.09420518994269042,
            -0.008218732224314096,
            0.23988605741533303,
            0.17142472093708133,
            -0.02611697887264528,
            0.13081123003756756,
            -0.01908862195259838,
            0.10100251025452012,
            0.202495286779255,
            -0.29835407550095516,
            -0.5342376656163561,
            -0.17197354328831577,
            0.2282377495391936,
            0.20884498623458322,
            -0.07695104201976537,
            1.285354931235469,
            -0.044756540990030166
        ],
        [
            0.0020544805743893625,
            0.0158127429616339,
            0.00018424137915216623,
            0.003896287035768523,
            -0.005577569286620043,
            0.03259674400646806,
            0.03489297697057722,
            -0.0034202279039287535,
            0.040861900819365415,
            -0.048699754340213494,
            0.015008266928862174,
            0.04111217495989675,
            -0.07394873004327485,
            -0.18895912233483625,
            0.2439618957094481,
            0.052372176075215715,
            0.04599032220142357,
            -0.017959376055322468,
            -0.044756540990030166,
            1.4802645247562358
        ]
    ]
}