{
    "HF": -2.1572963700259398,
    "coordinates": [
        [
            0.828304,
            0.072909,
            0.034193
        ],
        [
            1.561119,
            -0.143569,
            -0.015191
        ],
        [
            2.288962,
            0.129712,
            -0.138642
        ],
        [
            3.046281,
            0.093116,
            -0.153187
        ]
    ],
    "elements": [
        "H",
        "H",
        "H",
        "H"
    ],
    "Enn": 3.0087621853690396,
    "S": [
        [
            0.9999999999999999,
            0.6848602514927513,
            0.0,
            0.0,
            0.0,
            0.5500702347934223,
            0.5579243902142983,
            0.03424272827114352,
            -0.5081318831609029,
            0.1501052432099588,
            0.13482547769259232,
            0.32134096865042694,
            0.02079580310948715,
            -0.1757488713414371,
            -0.006834634211983675,
            0.013394728854442928,
            0.12170524128421842,
            0.0013594407491727242,
            -0.016091409512903575,
            -0.0001466016608951501
        ],
        [
            0.6848602514927513,
            1.0000000000000002,
            0.0,
            0.0,
            0.0,
            0.5579243902142983,
            0.8800990296909832,
            0.01079799597035854,
            -0.16023273564349358,
            0.047333722899547924,
            0.32134096865042694,
            0.6237749475774904,
            0.020957923184187228,
            -0.17711897568414106,
            -0.00688791570359814,
            0.12170524128421842,
            0.33981311691576693,
            0.008029269009489276,
            -0.09504074068662609,
            -0.0008658738332519444
        ],
        [
            0.0,
            0.0,
            1.0000000000000004,
            0.0,
            0.0,
            -0.034242728271143504,
            -0.010797995970358526,
            0.4641988770273108,
            0.04389098321835988,
            -0.012965662909662206,
            -0.02079580310948714,
            -0.0209579231841872,
            0.05539999759058792,
            0.03936229805637894,
            0.001530746154470446,
            -0.0013594407491727251,
            -0.008029269009489267,
            0.0014626563920435152,
            0.0017364597466566043,
            1.582011089415715e-05
        ],
        [
            0.0,
            0.0,
            0.0,
            1.0000000000000004,
            0.0,
            0.5081318831609029,
            0.16023273564349352,
            0.0438909832183599,
            -0.18414680991142918,
            0.1923990009951424,
            0.17574887134143707,
            0.17711897568414103,
            0.03936229805637894,
            -0.27259986728245184,
            -0.012936596270989632,
            0.01609140951290359,
            0.09504074068662602,
            0.0017364597466566038,
            -0.01894474611996447,
            -0.0001872592704701142
        ],
        [
            0.0,
            0.0,
            0.0,
            0.0,
            1.0000000000000004,
            -0.15010524320995877,
            -0.047333722899547896,
            -0.012965662909662213,
            0.1923990009951424,
            0.41032083328888985,
            0.006834634211983674,
            0.006887915703598152,
            0.0015307461544704461,
            -0.012936596270989633,
            0.059554526102117124,
            0.00014660166089515024,
            0.0008658738332519444,
            1.5820110894157156e-05,
            -0.00018725927047011425,
            0.001607650627443668
        ],
        [
            0.5500702347934223,
            0.5579243902142983,
            -0.03424272827114352,
            0.5081318831609029,
            -0.1501052432099588,
            0.9999999999999999,
            0.6848602514927513,
            0.0,
            0.0,
            0.0,
            0.5329755835355785,
            0.5514578096057877,
            0.08224834395607485,
            -0.48492018217771715,
            -0.18207150759945315,
            0.1223050782230716,
            0.3087999399951917,
            0.014742265974910818,
            -0.1586615062743159,
            -0.02528532147505556
        ],
        [
            0.5579243902142983,
            0.8800990296909832,
            -0.010797995970358536,
            0.16023273564349358,
            -0.047333722899547924,
            0.6848602514927513,
            1.0000000000000002,
            0.0,
            0.0,
            0.0,
            0.5514578096057877,
            0.8737267914297842,
            0.026659176110597097,
            -0.15717729883002432,
            -0.05901488288211588,
            0.3087999399951917,
            0.6084556954168256,
            0.01603572881024248,
            -0.17258221304441695,
            -0.02750381513559989
        ],
        [
            0.034242728271143504,
            0.010797995970358526,
            0.4641988770273108,
            0.04389098321835988,
            -0.012965662909662206,
            0.0,
            0.0,
            1.0000000000000004,
            0.0,
            0.0,
            -0.08224834395607483,
            -0.026659176110597087,
            0.4296591968771167,
            0.10435686430493002,
            0.03918255480112548,
            -0.014742265974910818,
            -0.01603572881024248,
            0.049226285612069154,
            0.027554295450406534,
            0.004391230329539451
        ],
        [
            -0.5081318831609029,
            -0.16023273564349352,
            0.0438909832183599,
            -0.18414680991142918,
            0.1923990009951424,
            0.0,
            0.0,
            0.0,
            1.0000000000000004,
            0.0,
            0.4849201821777175,
            0.1571772988300243,
            0.10435686430492995,
            -0.16790831617241234,
            -0.23101269519174059,
            0.15866150627431597,
            0.17258221304441673,
            0.02755429545040654,
            -0.24476258799145495,
            -0.047259981584100066
        ],
        [
            0.15010524320995877,
            0.0473337228995479,
            -0.012965662909662213,
            0.1923990009951424,
            0.41032083328888985,
            0.0,
            0.0,
            0.0,
            0.0,
            1.0000000000000004,
            0.18207150759945312,
            0.05901488288211586,
            0.03918255480112548,
            -0.23101269519174078,
            0.36062175185204093,
            0.02528532147505556,
            0.027503815135599883,
            0.004391230329539451,
            -0.04725998158410005,
            0.04425487765370609
        ],
        [
            0.13482547769259232,
            0.32134096865042694,
            -0.02079580310948715,
            0.1757488713414371,
            0.006834634211983675,
            0.5329755835355785,
            0.5514578096057877,
            -0.08224834395607486,
            0.4849201821777175,
            0.18207150759945315,
            0.9999999999999999,
            0.6848602514927513,
            0.0,
            0.0,
            0.0,
            0.5559705947909003,
            0.5601196630584137,
            0.010222494549121728,
            -0.5322577758299283,
            0.02572034448399162
        ],
        [
            0.32134096865042694,
            0.6237749475774904,
            -0.020957923184187228,
            0.17711897568414106,
            0.00688791570359814,
            0.5514578096057877,
            0.8737267914297842,
            -0.026659176110597108,
            0.15717729883002432,
            0.05901488288211588,
            0.6848602514927513,
            1.0000000000000002,
            0.0,
            0.0,
            0.0,
            0.5601196630584137,
            0.8822558765845819,
            0.003193678171516446,
            -0.16628622613782504,
            0.00803546554587939
        ],
        [
            0.02079580310948714,
            0.0209579231841872,
            0.05539999759058792,
            0.039362298056378926,
            0.001530746154470446,
            0.08224834395607483,
            0.026659176110597087,
            0.42965919687711673,
            0.10435686430492994,
            0.03918255480112547,
            0.0,
            0.0,
            1.0000000000000004,
            0.0,
            0.0,
            -0.010222494549121728,
            -0.0031936781715164453,
            0.4737601134403217,
            0.01355569576664804,
            -0.0006550532104387333
        ],
        [
            -0.17574887134143702,
            -0.17711897568414103,
            0.03936229805637895,
            -0.2725998672824518,
            -0.012936596270989633,
            -0.48492018217771715,
            -0.1571772988300243,
            0.10435686430493003,
            -0.16790831617241248,
            -0.23101269519174078,
            0.0,
            0.0,
            0.0,
            1.0000000000000004,
            0.0,
            0.5322577758299283,
            0.16628622613782498,
            0.013555695766648022,
            -0.23178812852348857,
            0.03410685749578896
        ],
        [
            -0.006834634211983674,
            -0.006887915703598152,
            0.0015307461544704461,
            -0.012936596270989632,
            0.059554526102117124,
            -0.18207150759945312,
            -0.05901488288211586,
            0.03918255480112549,
            -0.23101269519174059,
            0.36062175185204093,
            0.0,
            0.0,
            0.0,
            0.0,
            1.0000000000000004,
            -0.02572034448399162,
            -0.008035465545879387,
            -0.0006550532104387333,
            0.034106857495789004,
            0.47237231389747375
        ],
        [
            0.013394728854442928,
            0.12170524128421842,
            -0.0013594407491727242,
            0.016091409512903575,
            0.0001466016608951501,
            0.1223050782230716,
            0.3087999399951917,
            -0.01474226597491082,
            0.158661506274316,
            0.02528532147505556,
            0.5559705947909003,
            0.5601196630584137,
            -0.010222494549121728,
            0.5322577758299283,
            -0.02572034448399162,
            0.9999999999999999,
            0.6848602514927513,
            0.0,
            0.0,
            0.0
        ],
        [
            0.12170524128421842,
            0.33981311691576693,
            -0.008029269009489276,
            0.09504074068662609,
            0.0008658738332519444,
            0.3087999399951917,
            0.6084556954168256,
            -0.016035728810242487,
            0.17258221304441695,
            0.02750381513559989,
            0.5601196630584137,
            0.8822558765845819,
            -0.003193678171516446,
            0.16628622613782504,
            -0.00803546554587939,
            0.6848602514927513,
            1.0000000000000002,
            0.0,
            0.0,
            0.0
        ],
        [
            0.0013594407491727251,
            0.008029269009489267,
            0.0014626563920435152,
            0.0017364597466566043,
            1.582011089415715e-05,
            0.014742265974910816,
            0.016035728810242476,
            0.049226285612069154,
            0.02755429545040654,
            0.004391230329539451,
            0.010222494549121728,
            0.0031936781715164453,
            0.4737601134403217,
            0.013555695766648022,
            -0.0006550532104387333,
            0.0,
            0.0,
            1.0000000000000004,
            0.0,
            0.0
        ],
        [
            -0.016091409512903585,
            -0.09504074068662595,
            0.0017364597466566038,
            -0.01894474611996447,
            -0.0001872592704701142,
            -0.1586615062743159,
            -0.1725822130444169,
            0.027554295450406534,
            -0.24476258799145495,
            -0.04725998158410005,
            -0.5322577758299283,
            -0.16628622613782498,
            0.01355569576664804,
            -0.23178812852348857,
            0.034106857495789004,
            0.0,
            0.0,
            0.0,
            1.0000000000000004,
            0.0
        ],
        [
            -0.00014660166089515024,
            -0.0008658738332519444,
            1.5820110894157156e-05,
            -0.00018725927047011425,
            0.001607650627443668,
            -0.02528532147505556,
            -0.027503815135599883,
            0.004391230329539451,
            -0.047259981584100066,
            0.04425487765370609,
            0.02572034448399162,
            0.008035465545879387,
            -0.0006550532104387333,
            0.03410685749578896,
            0.47237231389747375,
            0.0,
            0.0,
            0.0,
            0.0,
            1.0000000000000004
        ]
    ],
    "h": [
        [
            -0.2736528581891091,
            -0.47170556169684086,
            0.020335314547957888,
            -0.28253916589943406,
            0.07745571396343388,
            -0.5849454860548122,
            -0.46614452182305277,
            0.002653155094385587,
            0.02070603800313875,
            -0.0256530631710169,
            -0.2610492009085482,
            -0.323285004459547,
            -0.04187924309602221,
            0.31076934180961757,
            0.05773712489515152,
            -0.016398000549954724,
            -0.14361649577343655,
            -0.005880133935683785,
            0.07148889533466452,
            0.004575246122249991
        ],
        [
            -0.47170556169684086,
            -0.31759053281641414,
            0.018000767121571337,
            -0.24170819129617718,
            0.06222040209167482,
            -0.5431935347334035,
            -0.3712764360017822,
            0.003338033783944496,
            0.10520126042467387,
            -0.0974024892306705,
            -0.3440133148502623,
            -0.3175379031891228,
            -0.03257538033474703,
            0.17900485185408055,
            0.06392184315077293,
            -0.1444851487928791,
            -0.20271704404495028,
            -0.00613317674267138,
            0.12429590165180149,
            0.0023043882324546225
        ],
        [
            0.020335314547957888,
            0.018000767121571337,
            1.4778895533724186,
            0.019476072472547436,
            -0.004681898937898372,
            0.008619870550508002,
            0.018234364362296973,
            0.38770154372255816,
            0.06501136404191589,
            -0.014817866496660621,
            0.023167409544176336,
            0.014770407620248283,
            -0.04313414843065795,
            -0.012568627428011181,
            -0.00498053983488536,
            0.007070696783168354,
            0.010507150158287761,
            -0.004653930187594208,
            -0.009074340817775344,
            -0.00019392838197334434
        ],
        [
            -0.28253916589943406,
            -0.24170819129617718,
            0.019476072472547436,
            1.2121286461940028,
            0.07027784599020472,
            -0.08390899989811562,
            -0.2339587826506867,
            0.07029430577208064,
            -0.5538217615782195,
            0.23829364558859772,
            -0.24499968822910534,
            -0.19043788114812277,
            -0.02941669225362105,
            0.13235577130856446,
            0.05960820075453044,
            -0.07233015461096406,
            -0.12229389932268808,
            -0.007526433035720892,
            0.09676799683152504,
            0.002760795150372612
        ],
        [
            0.07745571396343388,
            0.06222040209167482,
            -0.004681898937898372,
            0.07027784599020472,
            1.4581495250055074,
            0.00724661802862181,
            0.05446207278224978,
            -0.01850378828298979,
            0.26961416577734904,
            0.3144883838646273,
            0.02766385656781896,
            0.0438972895043023,
            0.007226623877962454,
            -0.050452574208723976,
            -0.05678169755154379,
            -0.0002000686549424788,
            0.01777351365607575,
            0.0003520867009570958,
            -0.003591665224255026,
            -0.005836167971248285
        ],
        [
            -0.5849454860548122,
            -0.5431935347334035,
            0.008619870550508002,
            -0.08390899989811562,
            0.00724661802862181,
            -0.4436300212491018,
            -0.5986805575721637,
            0.01716070402548809,
            0.05640492789216629,
            -0.1532947918383549,
            -0.5243030874449066,
            -0.514049396271326,
            -0.013566423682013884,
            0.06523279609312671,
            0.017588674613077004,
            -0.24781526555908212,
            -0.3345598047610592,
            -0.01433057949723501,
            0.24362368951399835,
            0.014738785071428694
        ],
        [
            -0.46614452182305277,
            -0.3712764360017822,
            0.018234364362296973,
            -0.2339587826506867,
            0.05446207278224978,
            -0.5986805575721637,
            -0.433433603908594,
            0.01753102343849936,
            0.012139962180882438,
            -0.1280806124708631,
            -0.5140899722195824,
            -0.4139491703172984,
            -0.0337437285642123,
            0.11380939718362043,
            0.07414132486508698,
            -0.3150130592578293,
            -0.3116777245853084,
            -0.0061630452339214645,
            0.19227500552253152,
            -0.0021463684917804593
        ],
        [
            0.002653155094385587,
            0.003338033783944496,
            0.38770154372255816,
            0.07029430577208064,
            -0.01850378828298979,
            0.01716070402548809,
            0.01753102343849936,
            1.3957066739220518,
            0.05725716048580706,
            0.008789482240582694,
            0.008820542870304038,
            0.026622844270364224,
            0.32941216109860205,
            0.15689227754846805,
            0.053438673558908925,
            0.03832156323740412,
            0.029323692426705288,
            -0.044645803449828145,
            -0.03191250560563996,
            -0.00020925153065135677
        ],
        [
            0.02070603800313875,
            0.10520126042467387,
            0.06501136404191589,
            -0.5538217615782195,
            0.26961416577734904,
            0.05640492789216629,
            0.012139962180882438,
            0.05725716048580706,
            0.8919507379524714,
            -0.01024501223680259,
            -0.055032695205534776,
            -0.1090281916777956,
            0.15399228548748775,
            -0.6534725448913679,
            -0.3205685908485792,
            -0.3041405609128418,
            -0.1760190547557849,
            -0.007157986981856712,
            0.1682994728157886,
            -0.0006875763075303992
        ],
        [
            -0.0256530631710169,
            -0.0974024892306705,
            -0.014817866496660621,
            0.23829364558859772,
            0.3144883838646273,
            -0.1532947918383549,
            -0.1280806124708631,
            0.008789482240582694,
            -0.01024501223680259,
            1.3523002213260686,
            -0.0361238364223338,
            -0.10642958588850743,
            0.04983796710210983,
            -0.30134454722971793,
            0.24128392072065957,
            -0.06879671440436,
            -0.0758718626465877,
            -0.0029151940637179557,
            0.06922092061395896,
            -0.04470403874297604
        ],
        [
            -0.2610492009085482,
            -0.3440133148502623,
            0.023167409544176336,
            -0.24499968822910534,
            0.02766385656781896,
            -0.5243030874449066,
            -0.5140899722195824,
            0.008820542870304038,
            -0.055032695205534776,
            -0.0361238364223338,
            -0.4474788277642425,
            -0.6027289665784896,
            -0.029795493704050265,
            -0.06577234867192697,
            0.09046057091686283,
            -0.5830213886358018,
            -0.5426073873781745,
            -0.005022729323055742,
            0.07551207372199142,
            0.007572958694551088
        ],
        [
            -0.323285004459547,
            -0.3175379031891228,
            0.014770407620248283,
            -0.19043788114812277,
            0.0438972895043023,
            -0.514049396271326,
            -0.4139491703172984,
            0.026622844270364224,
            -0.1090281916777956,
            -0.10642958588850743,
            -0.6027289665784896,
            -0.4374548809417429,
            -0.0280764814479844,
            -0.016596307101664654,
            0.0771210627558889,
            -0.4636788833994612,
            -0.36822216049702505,
            -0.007526274995911023,
            0.2388570376353153,
            -0.002332229536660826
        ],
        [
            -0.04187924309602221,
            -0.03257538033474703,
            -0.04313414843065795,
            -0.02941669225362105,
            0.007226623877962454,
            -0.013566423682013884,
            -0.0337437285642123,
            0.32941216109860205,
            0.15399228548748775,
            0.04983796710210983,
            -0.029795493704050265,
            -0.0280764814479844,
            1.3979717643052707,
            0.047448378784654195,
            0.013351779754232214,
            -0.003348094087935072,
            -0.01224733032604525,
            0.4049739816766844,
            0.02830866456406809,
            5.0299890259694916e-05
        ],
        [
            0.31076934180961757,
            0.17900485185408055,
            -0.012568627428011181,
            0.13235577130856446,
            -0.050452574208723976,
            0.06523279609312671,
            0.11380939718362043,
            0.15689227754846805,
            -0.6534725448913679,
            -0.30134454722971793,
            -0.06577234867192697,
            -0.016596307101664654,
            0.047448378784654195,
            0.8582006931327348,
            -0.06863995603183218,
            -0.02230305839818969,
            -0.11737205127697162,
            0.021732229905872206,
            -0.6221208084291402,
            0.045370098271764824
        ],
        [
            0.05773712489515152,
            0.06392184315077293,
            -0.00498053983488536,
            0.05960820075453044,
            -0.05678169755154379,
            0.017588674613077004,
            0.07414132486508698,
            0.053438673558908925,
            -0.3205685908485792,
            0.24128392072065957,
            0.09046057091686283,
            0.0771210627558889,
            0.013351779754232214,
            -0.06863995603183218,
            1.3748225012092072,
            0.01649553817429253,
            0.047677059912169265,
            0.0007506649213502915,
            0.02469921306039556,
            0.40140810646217684
        ],
        [
            -0.016398000549954724,
            -0.1444851487928791,
            0.007070696783168354,
            -0.07233015461096406,
            -0.0002000686549424788,
            -0.24781526555908212,
            -0.3150130592578293,
            0.03832156323740412,
            -0.3041405609128418,
            -0.06879671440436,
            -0.5830213886358018,
            -0.4636788833994612,
            -0.003348094087935072,
            -0.02230305839818969,
            0.01649553817429253,
            -0.2731939875186826,
            -0.4706502748802419,
            -0.006773292649065997,
            0.29478211113670516,
            -0.009611398525336627
        ],
        [
            -0.14361649577343655,
            -0.20271704404495028,
            0.010507150158287761,
            -0.12229389932268808,
            0.01777351365607575,
            -0.3345598047610592,
            -0.3116777245853084,
            0.029323692426705288,
            -0.1760190547557849,
            -0.0758718626465877,
            -0.5426073873781745,
            -0.36822216049702505,
            -0.01224733032604525,
            -0.11737205127697162,
            0.047677059912169265,
            -0.4706502748802419,
            -0.3140372215773968,
            -0.006553555305884123,
            0.24922190024646262,
            -0.005816079965747591
        ],
        [
            -0.005880133935683785,
            -0.00613317674267138,
            -0.004653930187594208,
            -0.007526433035720892,
            0.0003520867009570958,
            -0.01433057949723501,
            -0.0061630452339214645,
            -0.044645803449828145,
            -0.007157986981856712,
            -0.0029151940637179557,
            -0.005022729323055742,
            -0.007526274995911023,
            0.4049739816766844,
            0.021732229905872206,
            0.0007506649213502915,
            -0.006773292649065997,
            -0.006553555305884123,
            1.484245037459812,
            0.007153669174369744,
            0.0001334925139934139
        ],
        [
            0.07148889533466452,
            0.12429590165180149,
            -0.009074340817775344,
            0.09676799683152504,
            -0.003591665224255026,
            0.24362368951399835,
            0.19227500552253152,
            -0.03191250560563996,
            0.1682994728157886,
            0.06922092061395896,
            0.07551207372199142,
            0.2388570376353153,
            0.02830866456406809,
            -0.6221208084291402,
            0.02469921306039556,
            0.29478211113670516,
            0.24922190024646262,
            0.007153669174369744,
            1.196563999778906,
            0.008755403621762903
        ],
        [
            0.004575246122249991,
            0.0023043882324546225,
            -0.00019392838197334434,
            0.002760795150372612,
            -0.005836167971248285,
            0.014738785071428694,
            -0.0021463684917804593,
            -0.00020925153065135677,
            -0.0006875763075303992,
            -0.04470403874297604,
            0.007572958694551088,
            -0.002332229536660826,
            5.0299890259694916e-05,
            0.045370098271764824,
            0.40140810646217684,
            -0.009611398525336627,
            -0.005816079965747591,
            0.0001334925139934139,
            0.008755403621762903,
            1.483209471208723
        ]
    ]
}