{
    "HF": -2.17660015328673,
    "coordinates": [
        [
            0.678883,
            -0.070408,
            0.106051
        ],
        [
            1.437148,
            0.174677,
            0.017263
        ],
        [
            2.233924,
            -0.170359,
            -0.085707
        ],
        [
            2.930744,
            -0.000508,
            -0.031998
        ]
    ],
    "elements": [
        "H",
        "H",
        "H",
        "H"
    ],
    "Enn": 2.924135579834292,
    "S": [
        [
            0.9999999999999999,
            0.6848602514927513,
            0.0,
            0.0,
            0.0,
            0.5214287549254903,
            0.5469977048356157,
            0.05753677239927353,
            -0.4913740677043646,
            -0.15882101031080717,
            0.10458830880220445,
            0.289595482427543,
            0.016931085691645247,
            -0.13730082930058574,
            0.008825076116592969,
            0.011960513743231416,
            0.11592863618760196,
            0.0008720504420889904,
            -0.014224922893848966,
            -0.0004415557222581868
        ],
        [
            0.6848602514927513,
            1.0000000000000002,
            0.0,
            0.0,
            0.0,
            0.5469977048356157,
            0.8693151781779961,
            0.019008218457689945,
            -0.16233349967135483,
            -0.05246913119681645,
            0.289595482427543,
            0.5845316241622156,
            0.020803697338836653,
            -0.16870535942949913,
            0.010843617229602217,
            0.11592863618760196,
            0.3296149219864766,
            0.005614650050657425,
            -0.09158640394152426,
            -0.002842932861092468
        ],
        [
            0.0,
            0.0,
            1.0000000000000004,
            0.0,
            0.0,
            -0.0575367723992735,
            -0.01900821845768994,
            0.42518277646462793,
            0.07586889143025179,
            0.024522201679074283,
            -0.016931085691645247,
            -0.020803697338836646,
            0.03688340699447541,
            0.03156694854466795,
            -0.002028980633943482,
            -0.0008720504420889898,
            -0.005614650050657425,
            0.0012757273820754075,
            0.0010831833927252706,
            3.362308737151024e-05
        ],
        [
            0.0,
            0.0,
            0.0,
            1.0000000000000004,
            0.0,
            0.49137406770436454,
            0.16233349967135483,
            0.07586889143025183,
            -0.2138670201640957,
            -0.209423877733289,
            0.13730082930058574,
            0.16870535942949907,
            0.03156694854466793,
            -0.21521274730330667,
            0.016453801531034457,
            0.014224922893848954,
            0.0915864039415242,
            0.0010831833927252702,
            -0.016326801024519593,
            -0.0005484611924135371
        ],
        [
            0.0,
            0.0,
            0.0,
            0.0,
            1.0000000000000004,
            0.15882101031080717,
            0.05246913119681643,
            0.024522201679074297,
            -0.209423877733289,
            0.366376944806891,
            -0.008825076116592969,
            -0.010843617229602214,
            -0.002028980633943481,
            0.016453801531034457,
            0.03971847115175488,
            0.00044155572225818647,
            0.002842932861092467,
            3.362308737151023e-05,
            -0.0005484611924135371,
            0.0013251065164147937
        ],
        [
            0.5214287549254903,
            0.5469977048356157,
            -0.05753677239927353,
            0.4913740677043646,
            0.15882101031080717,
            0.9999999999999999,
            0.6848602514927513,
            0.0,
            0.0,
            0.0,
            0.4654641449229348,
            0.5242443172867631,
            0.057792463565923574,
            -0.4471947941167557,
            0.19365330153376722,
            0.12407174474812746,
            0.310616928874941,
            0.005355442798449137,
            -0.16237729526384836,
            0.019045355284024113
        ],
        [
            0.5469977048356157,
            0.8693151781779961,
            -0.01900821845768994,
            0.162333499671355,
            0.05246913119681645,
            0.6848602514927513,
            1.0000000000000002,
            0.0,
            0.0,
            0.0,
            0.5242443172867631,
            0.8465924771060273,
            0.0210667734559186,
            -0.1630134940964653,
            0.07059138823090542,
            0.310616928874941,
            0.6106896101129884,
            0.005760380313957869,
            -0.1746550211202819,
            0.020485418998816687
        ],
        [
            0.0575367723992735,
            0.01900821845768993,
            0.42518277646462793,
            0.07586889143025179,
            0.024522201679074283,
            0.0,
            0.0,
            1.0000000000000004,
            0.0,
            0.0,
            -0.057792463565923574,
            -0.021066773455918585,
            0.3604859114672924,
            0.07895682846792504,
            -0.03419147698632863,
            -0.005355442798449136,
            -0.005760380313957869,
            0.05259643841887225,
            0.010110428101303283,
            -0.0011858597284184046
        ],
        [
            -0.49137406770436454,
            -0.16233349967135483,
            0.07586889143025183,
            -0.2138670201640957,
            -0.209423877733289,
            0.0,
            0.0,
            0.0,
            1.0000000000000004,
            0.0,
            0.4471947941167555,
            0.16301349409646493,
            0.07895682846792498,
            -0.24027368149282655,
            0.26457170309079314,
            0.16237729526384836,
            0.17465502112028208,
            0.01011042810130328,
            -0.25361879377537694,
            0.03595532666666968
        ],
        [
            -0.15882101031080717,
            -0.05246913119681645,
            0.024522201679074297,
            -0.209423877733289,
            0.366376944806891,
            0.0,
            0.0,
            0.0,
            0.0,
            1.0000000000000004,
            -0.19365330153376717,
            -0.07059138823090537,
            -0.034191476986328614,
            0.2645717030907932,
            0.25611959330473144,
            -0.019045355284024117,
            -0.020485418998816698,
            -0.001185859728418405,
            0.0359553266666697,
            0.04871266790569316
        ],
        [
            0.10458830880220445,
            0.289595482427543,
            -0.016931085691645247,
            0.13730082930058574,
            -0.008825076116592969,
            0.4654641449229348,
            0.5242443172867631,
            -0.057792463565923574,
            0.4471947941167558,
            -0.19365330153376722,
            0.9999999999999999,
            0.6848602514927513,
            0.0,
            0.0,
            0.0,
            0.5875091042580102,
            0.5715480336848616,
            -0.04047374636965053,
            -0.5251059588765359,
            -0.127995425247752
        ],
        [
            0.289595482427543,
            0.5845316241622156,
            -0.020803697338836653,
            0.16870535942949913,
            -0.010843617229602228,
            0.5242443172867631,
            0.8465924771060273,
            -0.021066773455918595,
            0.16301349409646496,
            -0.07059138823090542,
            0.6848602514927513,
            1.0000000000000002,
            0.0,
            0.0,
            0.0,
            0.5715480336848616,
            0.893432665308061,
            -0.012050019483768257,
            -0.1563368257960379,
            -0.03810735369002448
        ],
        [
            0.016931085691645247,
            0.020803697338836653,
            0.03688340699447541,
            0.03156694854466795,
            -0.002028980633943482,
            0.057792463565923574,
            0.021066773455918574,
            0.3604859114672924,
            0.07895682846792498,
            -0.03419147698632863,
            0.0,
            0.0,
            1.0000000000000004,
            0.0,
            0.0,
            0.04047374636965053,
            0.012050019483768274,
            0.5071213963879602,
            -0.04964510606099796,
            -0.012101074753259907
        ],
        [
            -0.13730082930058574,
            -0.16870535942949907,
            0.03156694854466793,
            -0.21521274730330667,
            0.016453801531034457,
            -0.4471947941167557,
            -0.1630134940964646,
            0.07895682846792504,
            -0.24027368149282655,
            0.26457170309079325,
            0.0,
            0.0,
            0.0,
            1.0000000000000004,
            0.0,
            0.5251059588765359,
            0.1563368257960379,
            -0.049645106060997944,
            -0.13314717603867998,
            -0.15699921632438815
        ],
        [
            0.008825076116592969,
            0.010843617229602214,
            -0.002028980633943481,
            0.016453801531034457,
            0.03971847115175488,
            0.19365330153376717,
            0.07059138823090537,
            -0.034191476986328614,
            0.26457170309079303,
            0.25611959330473144,
            0.0,
            0.0,
            0.0,
            0.0,
            1.0000000000000004,
            0.12799542524775198,
            0.03810735369002445,
            -0.012101074753259899,
            -0.1569992163243881,
            0.47267909437239874
        ],
        [
            0.011960513743231416,
            0.11592863618760196,
            -0.0008720504420889904,
            0.014224922893848966,
            0.0004415557222581868,
            0.12407174474812746,
            0.310616928874941,
            -0.005355442798449137,
            0.16237729526384842,
            -0.019045355284024113,
            0.5875091042580102,
            0.5715480336848616,
            0.04047374636965053,
            0.5251059588765359,
            0.127995425247752,
            0.9999999999999999,
            0.6848602514927513,
            0.0,
            0.0,
            0.0
        ],
        [
            0.11592863618760196,
            0.3296149219864766,
            -0.005614650050657424,
            0.09158640394152426,
            0.0028429328610924684,
            0.310616928874941,
            0.6106896101129884,
            -0.005760380313957869,
            0.17465502112028208,
            -0.020485418998816698,
            0.5715480336848616,
            0.893432665308061,
            0.012050019483768252,
            0.1563368257960379,
            0.03810735369002445,
            0.6848602514927513,
            1.0000000000000002,
            0.0,
            0.0,
            0.0
        ],
        [
            0.0008720504420889898,
            0.005614650050657425,
            0.0012757273820754075,
            0.0010831833927252706,
            3.362308737151024e-05,
            0.005355442798449136,
            0.005760380313957869,
            0.05259643841887225,
            0.01011042810130328,
            -0.0011858597284184046,
            -0.04047374636965053,
            -0.012050019483768269,
            0.5071213963879602,
            -0.04964510606099795,
            -0.012101074753259904,
            0.0,
            0.0,
            1.0000000000000004,
            0.0,
            0.0
        ],
        [
            -0.014224922893848954,
            -0.0915864039415242,
            0.0010831833927252702,
            -0.016326801024519593,
            -0.0005484611924135371,
            -0.16237729526384836,
            -0.1746550211202819,
            0.010110428101303283,
            -0.25361879377537694,
            0.03595532666666969,
            -0.5251059588765359,
            -0.1563368257960379,
            -0.04964510606099795,
            -0.13314717603867998,
            -0.15699921632438815,
            0.0,
            0.0,
            0.0,
            1.0000000000000004,
            0.0
        ],
        [
            -0.0004415557222581864,
            -0.0028429328610924663,
            3.362308737151023e-05,
            -0.0005484611924135371,
            0.0013251065164147937,
            0.019045355284024117,
            0.020485418998816694,
            -0.001185859728418405,
            0.03595532666666969,
            0.04871266790569316,
            -0.12799542524775198,
            -0.03810735369002445,
            -0.0121010747532599,
            -0.1569992163243881,
            0.47267909437239874,
            0.0,
            0.0,
            0.0,
            0.0,
            1.0000000000000004
        ]
    ],
    "h": [
        [
            -0.24609368799135178,
            -0.4599739526677584,
            0.03098269276993334,
            -0.2581917555297284,
            -0.07775809863483421,
            -0.5554594463196467,
            -0.4527487391270504,
            -0.001727503354834306,
            0.03406975877636764,
            0.025643843355304785,
            -0.20912318258847945,
            -0.2945154354404689,
            -0.02974567490287636,
            0.2664383363914169,
            -0.05389996367050992,
            -0.014747929482483518,
            -0.13871526963688718,
            -0.0028325965766135414,
            0.0651623550468923,
            -0.0015731777660171228
        ],
        [
            -0.4599739526677584,
            -0.3118731208477845,
            0.027043110868897526,
            -0.22493710409465612,
            -0.06434348606498816,
            -0.5180501708516927,
            -0.3653014770723171,
            -0.011638932970904244,
            0.1127375579786431,
            0.09720305042137863,
            -0.30417404318972185,
            -0.30058507172373405,
            -0.025201636774302746,
            0.14825346406648135,
            -0.07022066319995096,
            -0.14159872307337476,
            -0.19901146246584345,
            0.0025876233449153192,
            0.1196153368644331,
            0.01206283449688316
        ],
        [
            0.03098269276993334,
            0.027043110868897526,
            1.4896419881502596,
            0.028121863677437322,
            0.008156185604708483,
            0.00892991342162286,
            0.025490324943298566,
            0.3365904173710925,
            0.10610585572523415,
            0.030330865548207936,
            0.024402948311963477,
            0.01958871262152364,
            -0.038671716925778005,
            -0.024415033277628347,
            0.006872826502553129,
            0.0056468085068821375,
            0.012126896163905143,
            -0.004372214709210704,
            -0.007377068390450084,
            -0.00026625115169467495
        ],
        [
            -0.2581917555297284,
            -0.22493710409465612,
            0.028121863677437322,
            1.2560869632808205,
            -0.06955688618735413,
            -0.06974188407326798,
            -0.21211535952463245,
            0.107454548481043,
            -0.5603492262205321,
            -0.2608113305173744,
            -0.2047254364429154,
            -0.16498753263985133,
            -0.02605468848666509,
            0.15917305008373428,
            -0.05749601981621481,
            -0.06289848089591549,
            -0.11012134618413955,
            -0.0030152905218237356,
            0.0845760905627034,
            0.0029841825120482603
        ],
        [
            -0.07775809863483421,
            -0.06434348606498816,
            0.008156185604708483,
            -0.06955688618735413,
            1.469836584338231,
            -0.00805145169173399,
            -0.05552929265490254,
            0.03381804598379879,
            -0.28662660205121065,
            0.25739091285915894,
            -0.020062757866046037,
            -0.042505266895535534,
            -0.0043070999383150715,
            0.0369597288908645,
            -0.051915664311562554,
            -0.001036591136601281,
            -0.019086775268148542,
            -0.00031054465205941883,
            0.005863870997659384,
            -0.005015813740474847
        ],
        [
            -0.5554594463196467,
            -0.5180501708516927,
            0.00892991342162286,
            -0.06974188407326798,
            -0.00805145169173399,
            -0.3764254624401191,
            -0.5677109462157299,
            -0.0069859683556044265,
            0.07777305760873857,
            0.14710919755588997,
            -0.4634028079439436,
            -0.4718082764236844,
            -0.015859469087857722,
            0.06056572005378169,
            -0.03350378976079976,
            -0.24155950891873562,
            -0.3192631059650571,
            0.003091548054573453,
            0.22844961954185178,
            0.009409396920032984
        ],
        [
            -0.4527487391270504,
            -0.3653014770723171,
            0.025490324943298566,
            -0.21211535952463245,
            -0.05552929265490254,
            -0.5677109462157299,
            -0.42571388134902355,
            -0.0027429631638704894,
            0.027942524186253814,
            0.12908858552213348,
            -0.4817012702329848,
            -0.40143614641550385,
            -0.03300313918113561,
            0.07731324015083052,
            -0.09622851396957788,
            -0.3206864103975817,
            -0.3108440877524554,
            0.01062562808688085,
            0.1897098613868745,
            0.03285274092077861
        ],
        [
            -0.001727503354834306,
            -0.011638932970904244,
            0.3365904173710925,
            0.107454548481043,
            0.03381804598379879,
            -0.0069859683556044265,
            -0.0027429631638704894,
            1.4208310400915967,
            0.05056614786634887,
            -0.0009191106591214808,
            0.00473390114100751,
            0.009455039661872049,
            0.23857606497834705,
            0.11329583092479587,
            -0.04302846087933486,
            0.023613599901168285,
            0.016476163144936995,
            -0.04527432376564933,
            -0.019375223538756862,
            -0.0028322634990521865
        ],
        [
            0.03406975877636764,
            0.1127375579786431,
            0.10610585572523415,
            -0.5603492262205321,
            -0.28662660205121065,
            0.07777305760873857,
            0.027942524186253814,
            0.05056614786634887,
            0.9848252042070962,
            0.0018959970879936063,
            -0.08456533442534209,
            -0.09673802267113762,
            0.10015008031212352,
            -0.6653960150566363,
            0.3227334860436481,
            -0.2894279586342763,
            -0.15642329349884657,
            0.010941185085547454,
            0.1397349244663953,
            0.03224148320502735
        ],
        [
            0.025643843355304785,
            0.09720305042137863,
            0.030330865548207936,
            -0.2608113305173744,
            0.25739091285915894,
            0.14710919755588997,
            0.12908858552213348,
            -0.0009191106591214808,
            0.0018959970879936063,
            1.3728369492475057,
            0.03823054604742315,
            0.10201294601323709,
            -0.03941465535773328,
            0.3260202443188992,
            0.11482559518889657,
            0.06715387096693462,
            0.07666754383398718,
            -0.0026795328050492114,
            -0.06786641696570135,
            -0.052492114618727145
        ],
        [
            -0.20912318258847945,
            -0.30417404318972185,
            0.024402948311963477,
            -0.2047254364429154,
            -0.020062757866046037,
            -0.4634028079439436,
            -0.4817012702329848,
            0.00473390114100751,
            -0.08456533442534209,
            0.03823054604742315,
            -0.429873963561767,
            -0.5880402938154039,
            -0.042602393662465834,
            -0.12936671817034576,
            -0.14094296691513164,
            -0.6083720488145401,
            -0.5467494605231769,
            0.0004099797994938925,
            0.06526407397373979,
            -0.0016836212102305237
        ],
        [
            -0.2945154354404689,
            -0.30058507172373405,
            0.01958871262152364,
            -0.16498753263985133,
            -0.042505266895535534,
            -0.4718082764236844,
            -0.40143614641550385,
            0.009455039661872049,
            -0.09673802267113762,
            0.10201294601323709,
            -0.5880402938154039,
            -0.4265200373951892,
            -0.037620424142918586,
            -0.05444266744593211,
            -0.11932535890644454,
            -0.48174461975298877,
            -0.3704346474551736,
            0.01461867251738888,
            0.2441473837627829,
            0.04387052026496425
        ],
        [
            -0.02974567490287636,
            -0.025201636774302746,
            -0.038671716925778005,
            -0.02605468848666509,
            -0.0043070999383150715,
            -0.015859469087857722,
            -0.03300313918113561,
            0.23857606497834705,
            0.10015008031212352,
            -0.03941465535773328,
            -0.042602393662465834,
            -0.037620424142918586,
            1.4085193405018939,
            0.00397098303115015,
            -0.014424487535290544,
            -0.0048586969471291624,
            -0.027473981492011905,
            0.45558960413852223,
            -0.06328998652168986,
            -0.017975690262787874
        ],
        [
            0.2664383363914169,
            0.14825346406648135,
            -0.024415033277628347,
            0.15917305008373428,
            0.0369597288908645,
            0.06056572005378169,
            0.07731324015083052,
            0.11329583092479587,
            -0.6653960150566363,
            0.3260202443188992,
            -0.12936671817034576,
            -0.05444266744593211,
            0.00397098303115015,
            0.9293843614984874,
            0.006148621863423317,
            -0.009676184253791908,
            -0.12761990934077527,
            -0.07094901201809416,
            -0.5024771024535126,
            -0.22623684988742676
        ],
        [
            -0.05389996367050992,
            -0.07022066319995096,
            0.006872826502553129,
            -0.05749601981621481,
            -0.051915664311562554,
            -0.03350378976079976,
            -0.09622851396957788,
            -0.04302846087933486,
            0.3227334860436481,
            0.11482559518889657,
            -0.14094296691513164,
            -0.11932535890644454,
            -0.014424487535290544,
            0.006148621863423317,
            1.366090874227333,
            -0.023580264740627077,
            -0.0914178592949681,
            -0.017559457570681475,
            -0.19704665914979114,
            0.4050858929803426
        ],
        [
            -0.014747929482483518,
            -0.14159872307337476,
            0.0056468085068821375,
            -0.06289848089591549,
            -0.001036591136601281,
            -0.24155950891873562,
            -0.3206864103975817,
            0.023613599901168285,
            -0.2894279586342763,
            0.06715387096693462,
            -0.6083720488145401,
            -0.48174461975298877,
            -0.0048586969471291624,
            -0.009676184253791908,
            -0.023580264740627077,
            -0.3030711694088779,
            -0.4842235943993378,
            0.022434383088210788,
            0.3089889980577694,
            0.06775055187536802
        ],
        [
            -0.13871526963688718,
            -0.19901146246584345,
            0.012126896163905143,
            -0.11012134618413955,
            -0.019086775268148542,
            -0.3192631059650571,
            -0.3108440877524554,
            0.016476163144936995,
            -0.15642329349884657,
            0.07666754383398718,
            -0.5467494605231769,
            -0.3704346474551736,
            -0.027473981492011905,
            -0.12761990934077527,
            -0.0914178592949681,
            -0.4842235943993378,
            -0.31947591799599095,
            0.017045929222046573,
            0.25358900997535416,
            0.05117277721104002
        ],
        [
            -0.0028325965766135414,
            0.0025876233449153192,
            -0.004372214709210704,
            -0.0030152905218237356,
            -0.00031054465205941883,
            0.003091548054573453,
            0.01062562808688085,
            -0.04527432376564933,
            0.010941185085547454,
            -0.0026795328050492114,
            0.0004099797994938925,
            0.01461867251738888,
            0.45558960413852223,
            -0.07094901201809416,
            -0.017559457570681475,
            0.022434383088210788,
            0.017045929222046573,
            1.4714325854171342,
            -0.020101523439642697,
            -0.0051649776826754295
        ],
        [
            0.0651623550468923,
            0.1196153368644331,
            -0.007377068390450084,
            0.0845760905627034,
            0.005863870997659384,
            0.22844961954185178,
            0.1897098613868745,
            -0.019375223538756862,
            0.1397349244663953,
            -0.06786641696570135,
            0.06526407397373979,
            0.2441473837627829,
            -0.06328998652168986,
            -0.5024771024535126,
            -0.19704665914979114,
            0.3089889980577694,
            0.25358900997535416,
            -0.020101523439642697,
            1.1808581179745403,
            -0.06211007221369278
        ],
        [
            -0.0015731777660171228,
            0.01206283449688316,
            -0.00026625115169467495,
            0.0029841825120482603,
            -0.005015813740474847,
            0.009409396920032984,
            0.03285274092077861,
            -0.0028322634990521865,
            0.03224148320502735,
            -0.052492114618727145,
            -0.0016836212102305237,
            0.04387052026496425,
            -0.017975690262787874,
            -0.22623684988742676,
            0.4050858929803426,
            0.06775055187536802,
            0.05117277721104002,
            -0.0051649776826754295,
            -0.06211007221369278,
            1.4567341705599932
        ]
    ]
}