{
    "HF": -2.1801627940338926,
    "coordinates": [
        [
            0.807389,
            -0.099461,
            -0.138798
        ],
        [
            1.53008,
            0.184101,
            -0.190211
        ],
        [
            2.333906,
            0.013011,
            0.194309
        ],
        [
            3.007437,
            0.120882,
            0.102736
        ]
    ],
    "elements": [
        "H",
        "H",
        "H",
        "H"
    ],
    "Enn": 2.9590310798281414,
    "S": [
        [
            0.9999999999999999,
            0.6848602514927513,
            0.0,
            0.0,
            0.0,
            0.5402504167337188,
            0.5542293291835714,
            0.034846324145390906,
            -0.4898201786115708,
            -0.19219056206242258,
            0.10557240452974011,
            0.2907132645933938,
            -0.02974840935606742,
            -0.1363269237962455,
            -0.010044409445300198,
            0.013480090059642047,
            0.12203745037809052,
            -0.0017659840307300842,
            -0.016085725549362242,
            -0.0016110453157036234
        ],
        [
            0.6848602514927513,
            1.0000000000000002,
            0.0,
            0.0,
            0.0,
            0.5542293291835714,
            0.8764613395379272,
            0.011162185885874741,
            -0.15690217026916753,
            -0.06156364643515088,
            0.29071326459339386,
            0.5859402633419337,
            -0.03628783260022002,
            -0.16629489430540378,
            -0.012252414714226795,
            0.12203745037809052,
            0.34039400240023227,
            -0.010380096455603768,
            -0.09454863682528404,
            -0.009469398069493743
        ],
        [
            0.0,
            0.0,
            1.0000000000000004,
            0.0,
            0.0,
            -0.034846324145390864,
            -0.011162185885874741,
            0.4526400873916481,
            0.04396441924506602,
            0.017250302895662758,
            0.029748409356067415,
            0.03628783260022,
            0.029449023123368938,
            -0.05460743884090117,
            -0.004023412684767898,
            0.001765984030730084,
            0.010380096455603761,
            0.0013795785670924366,
            -0.002242926493654114,
            -0.00022463744081548603
        ],
        [
            0.0,
            0.0,
            0.0,
            1.0000000000000004,
            0.0,
            0.4898201786115707,
            0.15690217026916736,
            0.043964419245066035,
            -0.1622216585832283,
            -0.24248028027871202,
            0.1363269237962455,
            0.16629489430540345,
            -0.05460743884090119,
            -0.20888235201666572,
            -0.01843794294720266,
            0.016085725549362245,
            0.09454863682528399,
            -0.002242926493654114,
            -0.01880420617680239,
            -0.002046143202991001
        ],
        [
            0.0,
            0.0,
            0.0,
            0.0,
            1.0000000000000004,
            0.19219056206242252,
            0.06156364643515085,
            0.01725030289566275,
            -0.24248028027871182,
            0.36062586478510467,
            0.010044409445300202,
            0.012252414714226795,
            -0.004023412684767901,
            -0.018437942947202666,
            0.0400066309396057,
            0.0016110453157036232,
            0.009469398069493736,
            -0.00022463744081548597,
            -0.002046143202991,
            0.0014208911547912532
        ],
        [
            0.5402504167337188,
            0.5542293291835714,
            -0.034846324145390906,
            0.4898201786115707,
            0.19219056206242258,
            0.9999999999999999,
            0.6848602514927513,
            0.0,
            0.0,
            0.0,
            0.4408643023381571,
            0.5135914755092037,
            -0.2014844040792929,
            -0.42119630342619796,
            0.08964934644212584,
            0.12318080452201156,
            0.3097026534108643,
            -0.03156928222877533,
            -0.15920661445809933,
            0.006812762899845184
        ],
        [
            0.5542293291835714,
            0.8764613395379272,
            -0.011162185885874741,
            0.15690217026916736,
            0.0615636464351509,
            0.6848602514927513,
            1.0000000000000002,
            0.0,
            0.0,
            0.0,
            0.5135914755092037,
            0.8358253484045157,
            -0.07696373106765146,
            -0.1608900657681937,
            0.03424457700084389,
            0.3097026534108643,
            0.6095661658811595,
            -0.034148171810453425,
            -0.17221217715619544,
            0.007369296404076698
        ],
        [
            0.034846324145390864,
            0.011162185885874741,
            0.4526400873916481,
            0.043964419245066035,
            0.017250302895662758,
            0.0,
            0.0,
            1.0000000000000004,
            0.0,
            0.0,
            0.20148440407929294,
            0.07696373106765149,
            0.21162471785651005,
            -0.27561213944749813,
            0.05866254753898539,
            0.03156928222877534,
            0.03414817181045338,
            0.040688337646222664,
            -0.05882235327227982,
            0.0025171237226481197
        ],
        [
            -0.4898201786115708,
            -0.15690217026916717,
            0.04396441924506602,
            -0.1622216585832283,
            -0.24248028027871193,
            0.0,
            0.0,
            0.0,
            1.0000000000000004,
            0.0,
            0.421196303426198,
            0.16089006576819398,
            -0.275612139447498,
            -0.23269066028718302,
            0.12263206319065963,
            0.15920661445809942,
            0.17221217715619538,
            -0.05882235327227982,
            -0.24429390650486665,
            0.012694072141104903
        ],
        [
            -0.19219056206242252,
            -0.06156364643515088,
            0.01725030289566275,
            -0.2424802802787119,
            0.36062586478510467,
            0.0,
            0.0,
            0.0,
            0.0,
            1.0000000000000004,
            -0.08964934644212584,
            -0.03424457700084387,
            0.05866254753898538,
            0.12263206319065963,
            0.31736558735943987,
            -0.006812762899845187,
            -0.007369296404076696,
            0.0025171237226481197,
            0.012694072141104903,
            0.05180909273613394
        ],
        [
            0.10557240452974011,
            0.2907132645933938,
            0.02974840935606742,
            0.13632692379624553,
            0.010044409445300198,
            0.4408643023381571,
            0.5135914755092037,
            0.2014844040792929,
            0.42119630342619796,
            -0.08964934644212583,
            0.9999999999999999,
            0.6848602514927513,
            0.0,
            0.0,
            0.0,
            0.6127188505974488,
            0.5803301371771747,
            0.07276318043031085,
            -0.535182397414169,
            -0.08571344213030108
        ],
        [
            0.29071326459339386,
            0.5859402633419337,
            0.03628783260022002,
            0.16629489430540367,
            0.012252414714226799,
            0.5135914755092037,
            0.8358253484045157,
            0.07696373106765146,
            0.16089006576819403,
            -0.03424457700084388,
            0.6848602514927513,
            1.0000000000000002,
            0.0,
            0.0,
            0.0,
            0.5803301371771747,
            0.9019637371242808,
            0.020882210376492336,
            -0.15359129915028763,
            -0.0245987891138502
        ],
        [
            -0.029748409356067415,
            -0.03628783260022001,
            0.029449023123368938,
            -0.054607438840901176,
            -0.004023412684767898,
            -0.20148440407929294,
            -0.07696373106765145,
            0.21162471785651005,
            -0.27561213944749813,
            0.05866254753898539,
            0.0,
            0.0,
            1.0000000000000004,
            0.0,
            0.0,
            -0.07276318043031085,
            -0.02088221037649233,
            0.5289465190989873,
            0.0865821077262067,
            0.01386676863059553
        ],
        [
            -0.13632692379624553,
            -0.16629489430540337,
            -0.05460743884090118,
            -0.20888235201666577,
            -0.01843794294720266,
            -0.421196303426198,
            -0.1608900657681943,
            -0.275612139447498,
            -0.23269066028718302,
            0.12263206319065963,
            0.0,
            0.0,
            0.0,
            1.0000000000000004,
            0.0,
            0.535182397414169,
            0.1535912991502876,
            0.08658210772620678,
            -0.09610416877786378,
            -0.10199183757803768
        ],
        [
            -0.010044409445300202,
            -0.012252414714226794,
            -0.004023412684767901,
            -0.01843794294720267,
            0.0400066309396057,
            0.08964934644212584,
            0.03424457700084388,
            0.05866254753898538,
            0.12263206319065963,
            0.31736558735943987,
            0.0,
            0.0,
            0.0,
            0.0,
            1.0000000000000004,
            0.08571344213030106,
            0.024598789113850196,
            0.01386676863059554,
            -0.10199183757803768,
            0.5243834356468989
        ],
        [
            0.013480090059642047,
            0.12203745037809052,
            0.0017659840307300842,
            0.016085725549362245,
            0.0016110453157036234,
            0.12318080452201156,
            0.3097026534108643,
            0.03156928222877533,
            0.15920661445809933,
            -0.006812762899845184,
            0.6127188505974488,
            0.5803301371771747,
            -0.07276318043031085,
            0.535182397414169,
            0.08571344213030108,
            0.9999999999999999,
            0.6848602514927513,
            0.0,
            0.0,
            0.0
        ],
        [
            0.12203745037809052,
            0.34039400240023227,
            0.010380096455603768,
            0.09454863682528407,
            0.009469398069493743,
            0.3097026534108643,
            0.6095661658811595,
            0.034148171810453425,
            0.17221217715619563,
            -0.007369296404076698,
            0.5803301371771747,
            0.9019637371242808,
            -0.020882210376492336,
            0.15359129915028763,
            0.02459878911385021,
            0.6848602514927513,
            1.0000000000000002,
            0.0,
            0.0,
            0.0
        ],
        [
            -0.001765984030730084,
            -0.010380096455603761,
            0.0013795785670924366,
            -0.002242926493654114,
            -0.00022463744081548603,
            -0.03156928222877534,
            -0.03414817181045339,
            0.040688337646222664,
            -0.05882235327227982,
            0.0025171237226481197,
            0.07276318043031085,
            0.02088221037649233,
            0.5289465190989873,
            0.08658210772620675,
            0.01386676863059554,
            0.0,
            0.0,
            1.0000000000000004,
            0.0,
            0.0
        ],
        [
            -0.016085725549362242,
            -0.09454863682528403,
            -0.002242926493654114,
            -0.01880420617680239,
            -0.002046143202991001,
            -0.15920661445809942,
            -0.17221217715619538,
            -0.05882235327227982,
            -0.24429390650486665,
            0.012694072141104903,
            -0.535182397414169,
            -0.1535912991502876,
            0.08658210772620673,
            -0.09610416877786378,
            -0.1019918375780377,
            0.0,
            0.0,
            0.0,
            1.0000000000000004,
            0.0
        ],
        [
            -0.0016110453157036232,
            -0.009469398069493736,
            -0.00022463744081548597,
            -0.002046143202991,
            0.0014208911547912532,
            0.006812762899845187,
            0.007369296404076684,
            0.0025171237226481197,
            0.012694072141104903,
            0.05180909273613394,
            -0.08571344213030108,
            -0.024598789113850196,
            0.01386676863059553,
            -0.10199183757803768,
            0.5243834356468989,
            0.0,
            0.0,
            0.0,
            0.0,
            1.0000000000000004
        ]
    ],
    "h": [
        [
            -0.2597454564069217,
            -0.46611825699509035,
            0.014284992661681513,
            -0.2653721233548082,
            -0.10010466396116405,
            -0.5684085713432182,
            -0.4610618395238677,
            -0.01309983396828518,
            0.02731438038615608,
            0.020071436031771472,
            -0.2063553274943018,
            -0.296923555404065,
            0.07865158993922361,
            0.25666068427412736,
            -0.011375198602409842,
            -0.019907346827790787,
            -0.14638384689603695,
            0.009305710707663256,
            0.0687262727581574,
            0.003018435680683416
        ],
        [
            -0.46611825699509035,
            -0.3131660707859436,
            0.009601909598483317,
            -0.22680600379597582,
            -0.0826680354261095,
            -0.5215760126156467,
            -0.36543656779381894,
            -0.04995636338488116,
            0.11925062373588352,
            0.09169310876180908,
            -0.30062625759781975,
            -0.29988551646102013,
            0.0750760435610103,
            0.13307734498601992,
            -0.030469266190021976,
            -0.1496668493317648,
            -0.20377700764124362,
            -9.64516301319579e-06,
            0.122267878496299,
            0.011207388419181775
        ],
        [
            0.014284992661681513,
            0.009601909598483317,
            1.4885661058137407,
            0.011788191866315016,
            0.005979660576665155,
            -0.006207459338189038,
            0.005467504012068499,
            0.374390142217671,
            0.05791054569016012,
            0.02657535739509065,
            -0.019462319690111043,
            0.0035425159097937503,
            -0.03855555541252227,
            0.005905870663615434,
            -0.0006816470257479034,
            -0.00906799253885248,
            -0.003721182595346397,
            -0.004993760121848286,
            0.00930922592239078,
            0.0010633727629331075
        ],
        [
            -0.2653721233548082,
            -0.22680600379597582,
            0.011788191866315016,
            1.251514152209909,
            -0.0885024903140408,
            -0.061192035033041825,
            -0.21389686994437784,
            0.04003168410113765,
            -0.5023297766799519,
            -0.32237070949804064,
            -0.1977853706439919,
            -0.1632080939506988,
            0.0705839406006088,
            0.14364177683900659,
            -0.018585114338278075,
            -0.06632940268225282,
            -0.11102191777914577,
            0.008504651420084781,
            0.08878469742046667,
            0.007630383810289338
        ],
        [
            -0.10010466396116405,
            -0.0826680354261095,
            0.005979660576665155,
            -0.0885024903140408,
            1.4562143480335508,
            -0.013214436485452674,
            -0.07385648420671986,
            0.02083239997141148,
            -0.3406568738323167,
            0.2515792185317992,
            -0.040117747378102885,
            -0.055244742930851166,
            0.019127607378725122,
            0.05225949384225434,
            -0.046422291639251975,
            -0.0074514613226589685,
            -0.029192659583190624,
            0.0016584239729146148,
            0.013597376075505478,
            -0.0046785152520075115
        ],
        [
            -0.5684085713432182,
            -0.5215760126156467,
            -0.006207459338189038,
            -0.061192035033041825,
            -0.013214436485452674,
            -0.3732383386697138,
            -0.563576544131881,
            -0.08539778184102974,
            0.1061120780612113,
            0.1269689134438623,
            -0.44218347758117904,
            -0.45953068591619517,
            0.040896831246626075,
            0.06452506522157919,
            -0.012803485617089078,
            -0.23653228411053112,
            -0.3135534500653283,
            0.012068476731920769,
            0.22221068348891726,
            0.010498341020493226
        ],
        [
            -0.4610618395238677,
            -0.36543656779381894,
            0.005467504012068499,
            -0.21389686994437784,
            -0.07385648420671986,
            -0.563576544131881,
            -0.420734290552212,
            -0.0817898083567119,
            0.04595857003033768,
            0.10648788842746106,
            -0.47007700397955876,
            -0.39510140695694473,
            0.09017909309110794,
            0.060761312714952886,
            -0.04537822949568729,
            -0.3221912083764289,
            -0.30878835681562744,
            -0.013752131283480837,
            0.19064260488832607,
            0.02311180577809994
        ],
        [
            -0.01309983396828518,
            -0.04995636338488116,
            0.374390142217671,
            0.04003168410113765,
            0.02083239997141148,
            -0.08539778184102974,
            -0.0817898083567119,
            1.3961264555818684,
            -0.060009935294520964,
            0.020287067369368215,
            -0.03926606991622439,
            -0.08067980231040323,
            0.06126876425912403,
            -0.35292354811870896,
            0.06832466123733252,
            -0.08579776186172847,
            -0.07412718323729939,
            -0.04637530954883974,
            0.07344180524228171,
            0.0072381394055633045
        ],
        [
            0.02731438038615608,
            0.11925062373588352,
            0.05791054569016012,
            -0.5023297766799519,
            -0.3406568738323167,
            0.1061120780612113,
            0.04595857003033768,
            -0.060009935294520964,
            1.013271198436167,
            -0.060151729395066245,
            -0.08740811919261304,
            -0.08079638830817942,
            -0.3425652888971163,
            -0.627151006474732,
            0.1375647168176045,
            -0.2783624448344407,
            -0.14083372784966602,
            -0.013015680316510472,
            0.13100258057577924,
            0.020749168436348865
        ],
        [
            0.020071436031771472,
            0.09169310876180908,
            0.02657535739509065,
            -0.32237070949804064,
            0.2515792185317992,
            0.1269689134438623,
            0.10648788842746106,
            0.020287067369368215,
            -0.060151729395066245,
            1.3899126385511598,
            0.025135513307490975,
            0.06940337685442144,
            0.06388878292076591,
            0.1292036221388935,
            0.187382761298461,
            0.026045542185667618,
            0.0429246720605817,
            -1.414357026843175e-05,
            -0.03215572128145862,
            -0.046271949622713984
        ],
        [
            -0.2063553274943018,
            -0.30062625759781975,
            -0.019462319690111043,
            -0.1977853706439919,
            -0.040117747378102885,
            -0.44218347758117904,
            -0.47007700397955876,
            -0.03926606991622439,
            -0.08740811919261304,
            0.025135513307490975,
            -0.43389704647812644,
            -0.5863765694894575,
            0.10979010161607373,
            -0.16771413029859017,
            -0.08055875250352718,
            -0.624255677508238,
            -0.5513428921714845,
            0.007510134535525001,
            0.054245903161046716,
            -0.0012556177786608724
        ],
        [
            -0.296923555404065,
            -0.29988551646102013,
            0.0035425159097937503,
            -0.1632080939506988,
            -0.055244742930851166,
            -0.45953068591619517,
            -0.39510140695694473,
            -0.08067980231040323,
            -0.08079638830817942,
            0.06940337685442144,
            -0.5863765694894575,
            -0.42187939450984846,
            0.09904826161874186,
            -0.07698710892349789,
            -0.06479254527794004,
            -0.4909382733005039,
            -0.36903822354011684,
            -0.020430140839083656,
            0.2507133949470751,
            0.03120634247650661
        ],
        [
            0.07865158993922361,
            0.0750760435610103,
            -0.03855555541252227,
            0.0705839406006088,
            0.019127607378725122,
            0.040896831246626075,
            0.09017909309110794,
            0.06126876425912403,
            -0.3425652888971163,
            0.06388878292076591,
            0.10979010161607373,
            0.09904826161874186,
            1.3773902206034945,
            -0.03562583919229376,
            0.020322979392446785,
            0.016771948347595517,
            0.06958087405425765,
            0.4891254016631794,
            0.100208744306064,
            0.0204092481604581
        ],
        [
            0.25666068427412736,
            0.13307734498601992,
            0.005905870663615434,
            0.14364177683900659,
            0.05225949384225434,
            0.06452506522157919,
            0.060761312714952886,
            -0.35292354811870896,
            -0.627151006474732,
            0.1292036221388935,
            -0.16771413029859017,
            -0.07698710892349789,
            -0.03562583919229376,
            0.9392855881067019,
            -0.019302846603200068,
            -0.002331224597829973,
            -0.14015958833810174,
            0.12401457748114897,
            -0.4616545511743372,
            -0.15153335701052964
        ],
        [
            -0.011375198602409842,
            -0.030469266190021976,
            -0.0006816470257479034,
            -0.018585114338278075,
            -0.046422291639251975,
            -0.012803485617089078,
            -0.04537822949568729,
            0.06832466123733252,
            0.1375647168176045,
            0.187382761298461,
            -0.08055875250352718,
            -0.06479254527794004,
            0.020322979392446785,
            -0.019302846603200068,
            1.4023002555464832,
            -0.013068728978862187,
            -0.053874425277641295,
            0.022021861035738832,
            -0.13559852481576645,
            0.48587840710895513
        ],
        [
            -0.019907346827790787,
            -0.1496668493317648,
            -0.00906799253885248,
            -0.06632940268225282,
            -0.0074514613226589685,
            -0.23653228411053112,
            -0.3221912083764289,
            -0.08579776186172847,
            -0.2783624448344407,
            0.026045542185667618,
            -0.624255677508238,
            -0.4909382733005039,
            0.016771948347595517,
            -0.002331224597829973,
            -0.013068728978862187,
            -0.32299587916524364,
            -0.49177005884862157,
            -0.03833973311733789,
            0.32735838019196883,
            0.04755766403898723
        ],
        [
            -0.14638384689603695,
            -0.20377700764124362,
            -0.003721182595346397,
            -0.11102191777914577,
            -0.029192659583190624,
            -0.3135534500653283,
            -0.30878835681562744,
            -0.07412718323729939,
            -0.14083372784966602,
            0.0429246720605817,
            -0.5513428921714845,
            -0.36903822354011684,
            0.06958087405425765,
            -0.14015958833810174,
            -0.053874425277641295,
            -0.49177005884862157,
            -0.3194994204730246,
            -0.02637283391997779,
            0.26130565029736036,
            0.03541890069641885
        ],
        [
            0.009305710707663256,
            -9.64516301319579e-06,
            -0.004993760121848286,
            0.008504651420084781,
            0.0016584239729146148,
            0.012068476731920769,
            -0.013752131283480837,
            -0.04637530954883974,
            -0.013015680316510472,
            -1.414357026843175e-05,
            0.007510134535525001,
            -0.020430140839083656,
            0.4891254016631794,
            0.12401457748114897,
            0.022021861035738832,
            -0.03833973311733789,
            -0.02637283391997779,
            1.4644314659481288,
            0.03422473877799882,
            0.006509405415416073
        ],
        [
            0.0687262727581574,
            0.122267878496299,
            0.00930922592239078,
            0.08878469742046667,
            0.013597376075505478,
            0.22221068348891726,
            0.19064260488832607,
            0.07344180524228171,
            0.13100258057577924,
            -0.03215572128145862,
            0.054245903161046716,
            0.2507133949470751,
            0.100208744306064,
            -0.4616545511743372,
            -0.13559852481576645,
            0.32735838019196883,
            0.26130565029736036,
            0.03422473877799882,
            1.161420623020816,
            -0.04435486776875526
        ],
        [
            0.003018435680683416,
            0.011207388419181775,
            0.0010633727629331075,
            0.007630383810289338,
            -0.0046785152520075115,
            0.010498341020493226,
            0.02311180577809994,
            0.0072381394055633045,
            0.020749168436348865,
            -0.046271949622713984,
            -0.0012556177786608724,
            0.03120634247650661,
            0.0204092481604581,
            -0.15153335701052964,
            0.48587840710895513,
            0.04755766403898723,
            0.03541890069641885,
            0.006509405415416073,
            -0.04435486776875526,
            1.463364428333285
        ]
    ]
}