{
    "HF": -2.1526233506363517,
    "coordinates": [
        [
            0.641108,
            -0.098594,
            0.185024
        ],
        [
            1.462054,
            -0.14542,
            -0.089926
        ],
        [
            2.234419,
            -0.153742,
            -0.062877
        ],
        [
            2.959999,
            -0.021468,
            -0.091218
        ]
    ],
    "elements": [
        "H",
        "H",
        "H",
        "H"
    ],
    "Enn": 2.918500381727686,
    "S": [
        [
            0.9999999999999999,
            0.6848602514927513,
            0.0,
            0.0,
            0.0,
            0.47100766676537,
            0.5265872208154244,
            0.15664728801952946,
            -0.46771763779043696,
            0.026678181155855574,
            0.09304941773430776,
            0.27597174635976734,
            0.018987974091308018,
            -0.12203963673965043,
            0.004224060391799363,
            0.008908537055734805,
            0.10212813195502751,
            0.001216685858928102,
            -0.010213370479853337,
            -0.0003396953162650459
        ],
        [
            0.6848602514927513,
            1.0000000000000002,
            0.0,
            0.0,
            0.0,
            0.5265872208154244,
            0.8489493136088563,
            0.05652085968312025,
            -0.1687600424565152,
            0.009625916623101636,
            0.27597174635976734,
            0.5671939078494086,
            0.02554291967724594,
            -0.16416962777024863,
            0.005682272093943792,
            0.10212813195502751,
            0.3044425494964034,
            0.009805996604222036,
            -0.0823156408929889,
            -0.002737807046347871
        ],
        [
            0.0,
            0.0,
            1.0000000000000004,
            0.0,
            0.0,
            -0.15664728801952946,
            -0.05652085968312027,
            0.30291370947074125,
            0.2208542246503359,
            -0.012597320558814623,
            -0.018987974091308018,
            -0.025542919677245944,
            0.028641498381800794,
            0.034945663607165875,
            -0.0012095463199638884,
            -0.001216685858928102,
            -0.00980599660422203,
            0.0006703682483886518,
            0.001390279452826942,
            4.624050594820143e-05
        ],
        [
            0.0,
            0.0,
            0.0,
            1.0000000000000004,
            0.0,
            0.46771763779043696,
            0.1687600424565152,
            0.22085422465033575,
            -0.2825449025752887,
            0.03761309301137161,
            0.12203963673965043,
            0.1641696277702486,
            0.034945663607165875,
            -0.19052436311598797,
            0.007774004367098088,
            0.010213370479853337,
            0.08231564089298887,
            0.0013902794528269416,
            -0.010834600031951995,
            -0.0003881621660671829
        ],
        [
            0.0,
            0.0,
            0.0,
            0.0,
            1.0000000000000004,
            -0.02667818115585557,
            -0.009625916623101615,
            -0.012597320558814613,
            0.03761309301137161,
            0.3747364583169009,
            -0.0042240603917993655,
            -0.0056822720939437915,
            -0.0012095463199638884,
            0.007774004367098088,
            0.03380956924872088,
            0.00033969531626504594,
            0.0027378070463478688,
            4.624050594820141e-05,
            -0.0003881621660671829,
            0.0008230775311396405
        ],
        [
            0.47100766676537,
            0.5265872208154244,
            -0.15664728801952946,
            0.46771763779043696,
            -0.02667818115585557,
            0.9999999999999999,
            0.6848602514927513,
            0.0,
            0.0,
            0.0,
            0.5443491428233712,
            0.5557779914968214,
            -0.018509245878271303,
            -0.5285183811886209,
            0.005694626204257972,
            0.12457431799669343,
            0.31113084946176395,
            0.00014115480288425685,
            -0.1636549003145993,
            -0.013542120841416223
        ],
        [
            0.5265872208154244,
            0.8489493136088563,
            -0.05652085968312023,
            0.1687600424565152,
            -0.009625916623101615,
            0.6848602514927513,
            1.0000000000000002,
            0.0,
            0.0,
            0.0,
            0.5557779914968214,
            0.8779870767291927,
            -0.0058900793959186844,
            -0.16818703732591694,
            0.0018121646172810403,
            0.31113084946176384,
            0.6113205558532558,
            0.00015134863038537144,
            -0.17547362549737594,
            -0.014520097084773307
        ],
        [
            0.15664728801952946,
            0.05652085968312027,
            0.30291370947074125,
            0.2208542246503359,
            -0.012597320558814623,
            0.0,
            0.0,
            1.0000000000000004,
            0.0,
            0.0,
            0.018509245878271297,
            0.005890079395918672,
            0.4596413415609647,
            -0.024977602253571544,
            0.0002691261333103167,
            -0.00014115480288425685,
            -0.00015134863038537144,
            0.05325637243903529,
            0.00026758637085413483,
            2.2142245436322246e-05
        ],
        [
            -0.46771763779043696,
            -0.1687600424565152,
            0.22085422465033575,
            -0.2825449025752887,
            0.03761309301137161,
            0.0,
            0.0,
            0.0,
            1.0000000000000004,
            0.0,
            0.5285183811886209,
            0.16818703732591692,
            -0.02497760225357155,
            -0.25270162495140613,
            0.007684705754527808,
            0.16365490031459937,
            0.1754736254973759,
            0.0002675863708541348,
            -0.25698307655403907,
            -0.025671722786464565
        ],
        [
            0.02667818115585557,
            0.009625916623101636,
            -0.012597320558814613,
            0.03761309301137161,
            0.3747364583169009,
            0.0,
            0.0,
            0.0,
            0.0,
            1.0000000000000004,
            -0.005694626204257971,
            -0.00181216461728104,
            0.0002691261333103147,
            0.007684705754527749,
            0.4604332819545191,
            0.013542120841416223,
            0.014520097084773307,
            2.2142245436322246e-05,
            -0.02567172278646457,
            0.05113231871127044
        ],
        [
            0.09304941773430776,
            0.27597174635976734,
            -0.018987974091308018,
            0.12203963673965043,
            -0.0042240603917993655,
            0.5443491428233712,
            0.5557779914968214,
            0.018509245878271297,
            0.5285183811886214,
            -0.005694626204257972,
            0.9999999999999999,
            0.6848602514927513,
            0.0,
            0.0,
            0.0,
            0.5722614857861008,
            0.5660860666876009,
            0.020659301705313896,
            -0.5289148629667848,
            -0.09642173789805195
        ],
        [
            0.27597174635976734,
            0.5671939078494086,
            -0.025542919677245948,
            0.16416962777024863,
            -0.005682272093943792,
            0.5557779914968214,
            0.8779870767291927,
            0.005890079395918696,
            0.16818703732591728,
            -0.0018121646172810403,
            0.6848602514927513,
            1.0000000000000002,
            0.0,
            0.0,
            0.0,
            0.5660860666876009,
            0.8881016534017293,
            0.006293678345935234,
            -0.1611293579705617,
            -0.02937405206345001
        ],
        [
            0.018987974091308018,
            0.025542919677245937,
            0.028641498381800794,
            0.034945663607165875,
            -0.0012095463199638884,
            -0.018509245878271303,
            -0.005890079395918684,
            0.4596413415609647,
            -0.02497760225357155,
            0.0002691261333103147,
            0.0,
            0.0,
            1.0000000000000004,
            0.0,
            0.0,
            -0.02065930170531388,
            -0.006293678345935223,
            0.4920187912291033,
            0.026322120632875597,
            0.004798550379824402
        ],
        [
            -0.12203963673965043,
            -0.1641696277702486,
            0.034945663607165875,
            -0.19052436311598797,
            0.007774004367098088,
            -0.5285183811886209,
            -0.16818703732591692,
            -0.024977602253571544,
            -0.25270162495140613,
            0.007684705754527749,
            0.0,
            0.0,
            0.0,
            1.0000000000000004,
            0.0,
            0.5289148629667847,
            0.1611293579705617,
            0.026322120632875652,
            -0.1808461702976871,
            -0.12285142318877225
        ],
        [
            0.004224060391799363,
            0.0056822720939437915,
            -0.0012095463199638884,
            0.007774004367098088,
            0.03380956924872088,
            0.005694626204257971,
            0.00181216461728104,
            0.0002691261333103167,
            0.007684705754527808,
            0.4604332819545191,
            0.0,
            0.0,
            0.0,
            0.0,
            1.0000000000000004,
            0.09642173789805192,
            0.029374052063450017,
            0.004798550379824406,
            -0.12285142318877208,
            0.4706509835028495
        ],
        [
            0.008908537055734805,
            0.10212813195502751,
            -0.001216685858928102,
            0.010213370479853337,
            0.00033969531626504594,
            0.12457431799669343,
            0.31113084946176395,
            -0.00014115480288425685,
            0.16365490031459937,
            0.013542120841416223,
            0.5722614857861008,
            0.5660860666876009,
            -0.02065930170531388,
            0.5289148629667848,
            0.09642173789805195,
            0.9999999999999999,
            0.6848602514927513,
            0.0,
            0.0,
            0.0
        ],
        [
            0.10212813195502751,
            0.3044425494964034,
            -0.009805996604222033,
            0.0823156408929889,
            0.00273780704634787,
            0.31113084946176384,
            0.6113205558532558,
            -0.00015134863038537144,
            0.17547362549737594,
            0.014520097084773309,
            0.5660860666876009,
            0.8881016534017293,
            -0.006293678345935223,
            0.1611293579705617,
            0.029374052063450017,
            0.6848602514927513,
            1.0000000000000002,
            0.0,
            0.0,
            0.0
        ],
        [
            0.001216685858928102,
            0.009805996604222031,
            0.0006703682483886518,
            0.001390279452826942,
            4.624050594820143e-05,
            0.00014115480288425685,
            0.00015134863038537144,
            0.05325637243903529,
            0.0002675863708541348,
            2.2142245436322246e-05,
            0.020659301705313896,
            0.006293678345935234,
            0.4920187912291033,
            0.026322120632875645,
            0.004798550379824405,
            0.0,
            0.0,
            1.0000000000000004,
            0.0,
            0.0
        ],
        [
            -0.010213370479853337,
            -0.08231564089298887,
            0.0013902794528269416,
            -0.010834600031951995,
            -0.0003881621660671829,
            -0.1636549003145993,
            -0.1754736254973759,
            0.00026758637085413483,
            -0.256983076554039,
            -0.02567172278646457,
            -0.5289148629667848,
            -0.1611293579705617,
            0.026322120632875604,
            -0.1808461702976871,
            -0.12285142318877208,
            0.0,
            0.0,
            0.0,
            1.0000000000000004,
            0.0
        ],
        [
            -0.0003396953162650459,
            -0.0027378070463478705,
            4.624050594820141e-05,
            -0.0003881621660671829,
            0.0008230775311396405,
            -0.013542120841416223,
            -0.014520097084773306,
            2.2142245436322246e-05,
            -0.025671722786464565,
            0.05113231871127044,
            -0.09642173789805195,
            -0.02937405206345001,
            0.004798550379824403,
            -0.12285142318877225,
            0.4706509835028495,
            0.0,
            0.0,
            0.0,
            0.0,
            1.0000000000000004
        ]
    ],
    "h": [
        [
            -0.20657156672653598,
            -0.43937071336502864,
            0.07343399912901824,
            -0.2232191621696745,
            0.013108900826525185,
            -0.516503505971493,
            -0.42639802658913073,
            -0.02060305811339397,
            0.04917101375373867,
            -0.0011171227368531947,
            -0.20537972592077836,
            -0.27987535085887505,
            -0.016855109328146135,
            0.28077120371884823,
            -0.0020241773082102406,
            -0.0017538975690978911,
            -0.11825894189571737,
            -0.0031440099133791723,
            0.05436275180227503,
            0.0031351375361728237
        ],
        [
            -0.43937071336502864,
            -0.3019420197455349,
            0.0659587613505356,
            -0.2039358368854334,
            0.011845924825744843,
            -0.5045913770163056,
            -0.3578768087617259,
            -0.0619425097699675,
            0.08573592875012123,
            -0.00829181278516336,
            -0.3095692825856299,
            -0.2949115984231008,
            0.00030342868980360455,
            0.18430512535109655,
            -0.007573769527128049,
            -0.12225376106421937,
            -0.18264227736099836,
            -0.004572214693580889,
            0.11380442845262048,
            0.014232350313473786
        ],
        [
            0.07343399912901824,
            0.0659587613505356,
            1.4798946518233234,
            0.06579895625062507,
            -0.0037729562157152122,
            0.02192962132288706,
            0.05912891259629205,
            0.1748545532136317,
            0.289465460727753,
            -0.016362335615757118,
            0.04819726389016482,
            0.04799401387006449,
            -0.03841764154308237,
            -0.0637226936187471,
            0.001162767712986022,
            0.007553788013699634,
            0.02485533251483081,
            -0.0020845040591337726,
            -0.012334480860041486,
            -0.0008967193467914057
        ],
        [
            -0.2232191621696745,
            -0.2039358368854334,
            0.06579895625062507,
            1.29833713052122,
            0.011541509362565547,
            -0.08296151809930885,
            -0.19046514223031824,
            0.2775533353984035,
            -0.6072238978154952,
            0.04845584849082689,
            -0.20712905423420772,
            -0.155197178520898,
            -0.013359003950873471,
            0.201918626597817,
            -0.005608477158770442,
            -0.05078664538800145,
            -0.09846195699419966,
            -0.0055558125824869365,
            0.06925050491091919,
            0.005023045145151301
        ],
        [
            0.013108900826525185,
            0.011845924825744843,
            -0.0037729562157152122,
            0.011541509362565547,
            1.5009741479390375,
            0.004456000422987938,
            0.010694651671790838,
            -0.015857518141892797,
            0.04903161417299212,
            0.2660635194238842,
            0.008981027907098432,
            0.0085072597367552,
            0.0005977409302682394,
            -0.012028428787309746,
            -0.04117264803709851,
            0.0001240379716975909,
            0.003587252484307483,
            -8.613591569468584e-05,
            7.230853641614966e-05,
            -0.0029303154013191708
        ],
        [
            -0.516503505971493,
            -0.5045913770163056,
            0.02192962132288706,
            -0.08296151809930885,
            0.004456000422987938,
            -0.3962847662615592,
            -0.5804855587206716,
            -0.07705112720669494,
            -0.024005745449472274,
            -0.00944110695608522,
            -0.5242493694159995,
            -0.5024504280890328,
            -0.004465158465316251,
            0.03303811164968129,
            -0.010619254726812482,
            -0.2616233791778516,
            -0.33685646287602966,
            -0.005050725660672631,
            0.2538547632692607,
            0.03238552554598424
        ],
        [
            -0.42639802658913073,
            -0.3578768087617259,
            0.05912891259629205,
            -0.19046514223031824,
            0.010694651671790838,
            -0.5804855587206716,
            -0.4330184750476247,
            -0.06535832741567915,
            -0.03494120486560787,
            -0.009363345501176679,
            -0.5181621268729316,
            -0.4095988567485309,
            0.006443851290356822,
            0.11651281665608193,
            -0.024323888003981522,
            -0.32304193494267386,
            -0.3128847361722459,
            -0.006023492584220585,
            0.19795883916065343,
            0.03242261099659524
        ],
        [
            -0.02060305811339397,
            -0.0619425097699675,
            0.1748545532136317,
            0.2775533353984035,
            -0.015857518141892797,
            -0.07705112720669494,
            -0.06535832741567915,
            1.3943700035482178,
            0.05967267756957828,
            -0.003368740074952373,
            -0.010920536331584282,
            -0.036868962032636995,
            0.37129933410225535,
            -0.010226736069796918,
            0.0004589071875793168,
            0.0014369608185659053,
            -0.013577698763467571,
            -0.047429570781539795,
            0.006873008305367554,
            0.0007261053856123709
        ],
        [
            0.04917101375373867,
            0.08573592875012123,
            0.289465460727753,
            -0.6072238978154952,
            0.04903161417299212,
            -0.024005745449472274,
            -0.03494120486560787,
            0.05967267756957828,
            0.9119594984881916,
            0.010965760230523189,
            -0.07478491626939898,
            -0.1503086627009232,
            -0.02467526335334179,
            -0.7621311519098614,
            -0.005675937590414338,
            -0.3255491894457415,
            -0.2007088007873557,
            -0.006531691239408855,
            0.18826102803632672,
            0.03868752802253793
        ],
        [
            -0.0011171227368531947,
            -0.00829181278516336,
            -0.016362335615757118,
            0.04845584849082689,
            0.2660635194238842,
            -0.00944110695608522,
            -0.009363345501176679,
            -0.003368740074952373,
            0.010965760230523189,
            1.4156780658298924,
            -0.007183827456878044,
            -0.006814887240140882,
            0.00032531073514421117,
            0.011115447204836728,
            0.373454056020762,
            -0.009527593125278,
            -0.0032737562123166253,
            -0.00013203265621725856,
            0.003329831735742604,
            -0.04660851714578512
        ],
        [
            -0.20537972592077836,
            -0.3095692825856299,
            0.04819726389016482,
            -0.20712905423420772,
            0.008981027907098432,
            -0.5242493694159995,
            -0.5181621268729316,
            -0.010920536331584282,
            -0.07478491626939898,
            -0.007183827456878044,
            -0.4749550213712601,
            -0.6118048583698755,
            0.020243645044573915,
            -0.05634854599771333,
            -0.0535990338245094,
            -0.6005859113762522,
            -0.5523883031074721,
            -9.711108755561942e-05,
            0.0807573404516122,
            0.010045423118284824
        ],
        [
            -0.27987535085887505,
            -0.2949115984231008,
            0.04799401387006449,
            -0.155197178520898,
            0.0085072597367552,
            -0.5024504280890328,
            -0.4095988567485309,
            -0.036868962032636995,
            -0.1503086627009232,
            -0.006814887240140882,
            -0.6118048583698755,
            -0.4355244614019933,
            0.01394212139579085,
            -0.00982811226920613,
            -0.0415309301876864,
            -0.47282179813298275,
            -0.36903960401950053,
            -0.007082887949546623,
            0.24432203406553932,
            0.04078052993057439
        ],
        [
            -0.016855109328146135,
            0.00030342868980360455,
            -0.03841764154308237,
            -0.013359003950873471,
            0.0005977409302682394,
            -0.004465158465316251,
            0.006443851290356822,
            0.37129933410225535,
            -0.02467526335334179,
            0.00032531073514421117,
            0.020243645044573915,
            0.01394212139579085,
            1.393207498286754,
            0.006930564606120245,
            0.002203698736621441,
            0.006595734793122206,
            0.013646586594699734,
            0.4288744903161523,
            0.03320709458629428,
            0.006219470070532963
        ],
        [
            0.28077120371884823,
            0.18430512535109655,
            -0.0637226936187471,
            0.201918626597817,
            -0.012028428787309746,
            0.03303811164968129,
            0.11651281665608193,
            -0.010226736069796918,
            -0.7621311519098614,
            0.011115447204836728,
            -0.05634854599771333,
            -0.00982811226920613,
            0.006930564606120245,
            0.8255086385509507,
            -0.0474922193003921,
            -0.009860650593108033,
            -0.1085503292490771,
            0.03869615444814022,
            -0.5675302771906654,
            -0.17815764230575395
        ],
        [
            -0.0020241773082102406,
            -0.007573769527128049,
            0.001162767712986022,
            -0.005608477158770442,
            -0.04117264803709851,
            -0.010619254726812482,
            -0.024323888003981522,
            0.0004589071875793168,
            -0.005675937590414338,
            0.373454056020762,
            -0.0535990338245094,
            -0.0415309301876864,
            0.002203698736621441,
            -0.0474922193003921,
            1.3853668303500581,
            -0.006364873947579286,
            -0.03972130517704371,
            0.006914626310872423,
            -0.16977673415062242,
            0.3990051810167584
        ],
        [
            -0.0017538975690978911,
            -0.12225376106421937,
            0.007553788013699634,
            -0.05078664538800145,
            0.0001240379716975909,
            -0.2616233791778516,
            -0.32304193494267386,
            0.0014369608185659053,
            -0.3255491894457415,
            -0.009527593125278,
            -0.6005859113762522,
            -0.47282179813298275,
            0.006595734793122206,
            -0.009860650593108033,
            -0.006364873947579286,
            -0.290338229841258,
            -0.47681145029947647,
            -0.009880031753935314,
            0.30062233796972376,
            0.053932159127069654
        ],
        [
            -0.11825894189571737,
            -0.18264227736099836,
            0.02485533251483081,
            -0.09846195699419966,
            0.003587252484307483,
            -0.33685646287602966,
            -0.3128847361722459,
            -0.013577698763467571,
            -0.2007088007873557,
            -0.0032737562123166253,
            -0.5523883031074721,
            -0.36903960401950053,
            0.013646586594699734,
            -0.1085503292490771,
            -0.03972130517704371,
            -0.47681145029947647,
            -0.31586487201909397,
            -0.007780651332843143,
            0.2509798474031996,
            0.04382428157655508
        ],
        [
            -0.0031440099133791723,
            -0.004572214693580889,
            -0.0020845040591337726,
            -0.0055558125824869365,
            -8.613591569468584e-05,
            -0.005050725660672631,
            -0.006023492584220585,
            -0.047429570781539795,
            -0.006531691239408855,
            -0.00013203265621725856,
            -9.711108755561942e-05,
            -0.007082887949546623,
            0.4288744903161523,
            0.03869615444814022,
            0.006914626310872423,
            -0.009880031753935314,
            -0.007780651332843143,
            1.4685914420332271,
            0.009969477905687479,
            0.0018448606984973887
        ],
        [
            0.05436275180227503,
            0.11380442845262048,
            -0.012334480860041486,
            0.06925050491091919,
            7.230853641614966e-05,
            0.2538547632692607,
            0.19795883916065343,
            0.006873008305367554,
            0.18826102803632672,
            0.003329831735742604,
            0.0807573404516122,
            0.24432203406553932,
            0.03320709458629428,
            -0.5675302771906654,
            -0.16977673415062242,
            0.30062233796972376,
            0.2509798474031996,
            0.009969477905687479,
            1.1770753892147172,
            -0.05107491938651208
        ],
        [
            0.0031351375361728237,
            0.014232350313473786,
            -0.0008967193467914057,
            0.005023045145151301,
            -0.0029303154013191708,
            0.03238552554598424,
            0.03242261099659524,
            0.0007261053856123709,
            0.03868752802253793,
            -0.04660851714578512,
            0.010045423118284824,
            0.04078052993057439,
            0.006219470070532963,
            -0.17815764230575395,
            0.3990051810167584,
            0.053932159127069654,
            0.04382428157655508,
            0.0018448606984973887,
            -0.05107491938651208,
            1.4598481942746107
        ]
    ]
}