{
    "HF": -2.1256469022370674,
    "coordinates": [
        [
            0.770615,
            -0.19484,
            -0.032691
        ],
        [
            1.436806,
            0.037776,
            0.120214
        ],
        [
            2.167484,
            0.064772,
            -0.016494
        ],
        [
            2.816574,
            0.033405,
            -0.115551
        ]
    ],
    "elements": [
        "H",
        "H",
        "H",
        "H"
    ],
    "Enn": 3.2566545565123657,
    "S": [
        [
            0.9999999999999999,
            0.6848602514927513,
            0.0,
            0.0,
            0.0,
            0.5852549604678203,
            0.5707478428776328,
            -0.11466739552021857,
            -0.49959377972603886,
            -0.17444472630935007,
            0.15303490894041683,
            0.3383317945781358,
            -0.0022753589645550273,
            -0.19623253697962686,
            -0.036470364357971234,
            0.023863910178610507,
            0.15579588139263836,
            0.0012158969786564078,
            -0.030022632953836403,
            -0.0033492928541326537
        ],
        [
            0.6848602514927513,
            1.0000000000000002,
            0.0,
            0.0,
            0.0,
            0.5707478428776328,
            0.8926528759211038,
            -0.034254128235622884,
            -0.14924163332407625,
            -0.052111168985040784,
            0.3383317945781358,
            0.6441730979635667,
            -0.002075315693086525,
            -0.1789803146808717,
            -0.03326399072134219,
            0.15579588139263836,
            0.39665446985153113,
            0.00462739999875927,
            -0.11425863714773722,
            -0.012746571478600149
        ],
        [
            0.0,
            0.0,
            1.0000000000000004,
            0.0,
            0.0,
            0.11466739552021858,
            0.0342541282356229,
            0.47744354843592884,
            -0.13442172024204677,
            -0.046936453473289126,
            0.002275358964555027,
            0.002075315693086523,
            0.07270216995950018,
            -0.0042733225273239375,
            -0.0007942089114753225,
            -0.0012158969786564065,
            -0.004627399998759266,
            0.003973028115570176,
            0.0017803550730373216,
            0.00019861450969711688
        ],
        [
            0.0,
            0.0,
            0.0,
            1.0000000000000004,
            0.0,
            0.4995937797260387,
            0.14924163332407608,
            -0.13442172024204674,
            -0.07736510296520639,
            -0.204497190254236,
            0.1962325369796269,
            0.17898031468087186,
            -0.0042733225273239375,
            -0.2957900941867781,
            -0.06849452416889687,
            0.030022632953836385,
            0.11425863714773725,
            0.0017803550730373233,
            -0.03991496382859918,
            -0.004904141246022251
        ],
        [
            0.0,
            0.0,
            0.0,
            0.0,
            1.0000000000000004,
            0.17444472630935004,
            0.05211116898504074,
            -0.046936453473289105,
            -0.2044971902542359,
            0.4368912664708928,
            0.03647036435797123,
            0.03326399072134216,
            -0.0007942089114753225,
            -0.06849452416889687,
            0.06002182169236804,
            0.003349292854132652,
            0.012746571478600153,
            0.000198614509697117,
            -0.00490414124602225,
            0.0034980305729280826
        ],
        [
            0.5852549604678203,
            0.5707478428776328,
            0.11466739552021857,
            0.4995937797260387,
            0.17444472630935007,
            0.9999999999999999,
            0.6848602514927513,
            0.0,
            0.0,
            0.0,
            0.5676155693140308,
            0.5643985183158609,
            0.09863246585907164,
            -0.5271715838793247,
            -0.019477148728176102,
            0.1610826859838713,
            0.3454325849525852,
            0.03526644720594061,
            -0.20638990235381094,
            0.0006538275008468862
        ],
        [
            0.5707478428776328,
            0.8926528759211038,
            0.034254128235622884,
            0.14924163332407608,
            0.052111168985040784,
            0.6848602514927513,
            1.0000000000000002,
            0.0,
            0.0,
            0.0,
            0.5643985183158609,
            0.8864506115833017,
            0.030262115834573118,
            -0.16174519613902769,
            -0.005975920056398576,
            0.3454325849525852,
            0.6525823361758795,
            0.030886987527535627,
            -0.18075998136658436,
            0.0005726338620357514
        ],
        [
            -0.11466739552021858,
            -0.034254128235622905,
            0.47744354843592884,
            -0.13442172024204682,
            -0.046936453473289126,
            0.0,
            0.0,
            1.0000000000000004,
            0.0,
            0.0,
            -0.09863246585907165,
            -0.030262115834573125,
            0.4639511692151601,
            0.1264517009196875,
            0.004671948680578701,
            -0.035266447205940604,
            -0.030886987527535603,
            0.06725525177595808,
            0.06637833366030976,
            -0.0002102815085066576
        ],
        [
            -0.49959377972603847,
            -0.14924163332407625,
            -0.1344217202420467,
            -0.07736510296520623,
            -0.2044971902542359,
            0.0,
            0.0,
            0.0,
            1.0000000000000004,
            0.0,
            0.5271715838793247,
            0.16174519613902766,
            0.12645170091968738,
            -0.18825008989306571,
            -0.024970668271263423,
            0.20638990235381102,
            0.1807599813665843,
            0.06637833366030979,
            -0.30986854808313097,
            0.0012306309097160901
        ],
        [
            -0.17444472630935004,
            -0.05211116898504075,
            -0.046936453473289105,
            -0.204497190254236,
            0.4368912664708928,
            0.0,
            0.0,
            0.0,
            0.0,
            1.0000000000000004,
            0.019477148728176102,
            0.005975920056398575,
            0.0046719486805787015,
            -0.024970668271263454,
            0.4866873826616818,
            -0.0006538275008468863,
            -0.0005726338620357512,
            -0.0002102815085066576,
            0.0012306309097160897,
            0.07859361354961608
        ],
        [
            0.15303490894041683,
            0.3383317945781358,
            0.002275358964555028,
            0.1962325369796269,
            0.036470364357971234,
            0.5676155693140308,
            0.5643985183158609,
            -0.09863246585907162,
            0.5271715838793247,
            0.019477148728176102,
            0.9999999999999999,
            0.6848602514927513,
            0.0,
            0.0,
            0.0,
            0.6379390835173566,
            0.5888205513418844,
            0.0828097601774779,
            -0.5426268434699132,
            0.026222212942921236
        ],
        [
            0.3383317945781358,
            0.6441730979635667,
            0.0020753156930865234,
            0.17898031468087178,
            0.033263990721342195,
            0.5643985183158609,
            0.8864506115833017,
            -0.030262115834573108,
            0.16174519613902805,
            0.005975920056398576,
            0.6848602514927513,
            1.0000000000000002,
            0.0,
            0.0,
            0.0,
            0.5888205513418844,
            0.9101648565897918,
            0.022941743117171436,
            -0.15033017393949777,
            0.0072646421389333145
        ],
        [
            -0.0022753589645550273,
            -0.0020753156930865247,
            0.07270216995950017,
            -0.0042733225273239375,
            -0.0007942089114753227,
            0.09863246585907165,
            0.030262115834573125,
            0.46395116921516005,
            0.12645170091968738,
            0.004671948680578702,
            0.0,
            0.0,
            1.0000000000000004,
            0.0,
            0.0,
            -0.08280976017747789,
            -0.022941743117171433,
            0.5561463263172757,
            0.09526163173544672,
            -0.004603478104185485
        ],
        [
            -0.19623253697962698,
            -0.17898031468087186,
            -0.0042733225273239375,
            -0.2957900941867781,
            -0.06849452416889688,
            -0.5271715838793247,
            -0.16174519613902766,
            0.12645170091968747,
            -0.18825008989306571,
            -0.024970668271263454,
            0.0,
            0.0,
            0.0,
            1.0000000000000004,
            0.0,
            0.5426268434699132,
            0.1503301739394977,
            0.09526163173544681,
            -0.05353600894932634,
            0.030165173613634164
        ],
        [
            -0.03647036435797123,
            -0.03326399072134217,
            -0.0007942089114753224,
            -0.06849452416889686,
            0.06002182169236804,
            -0.019477148728176102,
            -0.005975920056398575,
            0.0046719486805787,
            -0.024970668271263423,
            0.4866873826616818,
            0.0,
            0.0,
            0.0,
            0.0,
            1.0000000000000004,
            -0.026222212942921236,
            -0.007264642138933301,
            -0.004603478104185486,
            0.030165173613634137,
            0.5692263929553063
        ],
        [
            0.023863910178610507,
            0.15579588139263836,
            -0.0012158969786564076,
            0.030022632953836406,
            0.0033492928541326537,
            0.1610826859838713,
            0.3454325849525852,
            -0.03526644720594061,
            0.20638990235381102,
            -0.0006538275008468862,
            0.6379390835173566,
            0.5888205513418844,
            -0.0828097601774779,
            0.5426268434699132,
            -0.026222212942921236,
            0.9999999999999999,
            0.6848602514927513,
            0.0,
            0.0,
            0.0
        ],
        [
            0.15579588139263836,
            0.39665446985153113,
            -0.00462739999875927,
            0.11425863714773726,
            0.012746571478600144,
            0.3454325849525852,
            0.6525823361758795,
            -0.030886987527535627,
            0.18075998136658436,
            -0.0005726338620357514,
            0.5888205513418844,
            0.9101648565897918,
            -0.022941743117171426,
            0.15033017393949777,
            -0.007264642138933303,
            0.6848602514927513,
            1.0000000000000002,
            0.0,
            0.0,
            0.0
        ],
        [
            0.0012158969786564065,
            0.004627399998759264,
            0.003973028115570176,
            0.0017803550730373225,
            0.00019861450969711696,
            0.035266447205940604,
            0.030886987527535603,
            0.06725525177595808,
            0.06637833366030979,
            -0.0002102815085066576,
            0.08280976017747789,
            0.02294174311717143,
            0.5561463263172757,
            0.09526163173544686,
            -0.004603478104185488,
            0.0,
            0.0,
            1.0000000000000004,
            0.0,
            0.0
        ],
        [
            -0.030022632953836382,
            -0.11425863714773721,
            0.0017803550730373225,
            -0.03991496382859918,
            -0.00490414124602225,
            -0.20638990235381094,
            -0.1807599813665843,
            0.06637833366030976,
            -0.3098685480831311,
            0.0012306309097160897,
            -0.5426268434699132,
            -0.1503301739394977,
            0.09526163173544668,
            -0.05353600894932634,
            0.030165173613634137,
            0.0,
            0.0,
            0.0,
            1.0000000000000004,
            0.0
        ],
        [
            -0.003349292854132652,
            -0.012746571478600153,
            0.00019861450969711696,
            -0.00490414124602225,
            0.0034980305729280826,
            0.0006538275008468863,
            0.0005726338620357512,
            -0.0002102815085066576,
            0.0012306309097160901,
            0.07859361354961608,
            0.026222212942921236,
            0.007264642138933301,
            -0.004603478104185483,
            0.030165173613634164,
            0.5692263929553063,
            0.0,
            0.0,
            0.0,
            0.0,
            1.0000000000000004
        ]
    ],
    "h": [
        [
            -0.2985514565470202,
            -0.48113576714153017,
            -0.06475970948795323,
            -0.2950731004208916,
            -0.10131545012481957,
            -0.6105409322673157,
            -0.47741487703090224,
            0.012039993496402973,
            0.0038789625646588055,
            0.008347778345124068,
            -0.28730697860269055,
            -0.33935946011888635,
            -0.032867439605632986,
            0.3427990796048538,
            0.033917420044730695,
            -0.04130921287072777,
            -0.17707392583929316,
            -0.010699880031966424,
            0.10635662222708733,
            0.005712878829210231
        ],
        [
            -0.48113576714153017,
            -0.3178747704863152,
            -0.05060308928269373,
            -0.2453176197669065,
            -0.08175231881983501,
            -0.5614678305650966,
            -0.37227547655465276,
            0.06768965673829887,
            0.08868543144070609,
            0.06632967167353335,
            -0.37144414622618527,
            -0.3256734866790494,
            -0.026750326042128895,
            0.19299673030866038,
            0.019031007459782673,
            -0.18086004915513548,
            -0.22595873783243192,
            -0.021673288276901206,
            0.149448603455874,
            -0.0021393221572771418
        ],
        [
            -0.06475970948795323,
            -0.05060308928269373,
            1.46698307061525,
            -0.05616246095590417,
            -0.01968149673180741,
            -0.005859022175058515,
            -0.04497133100653702,
            0.4133963240716032,
            -0.19571487196044746,
            -0.0675521881354228,
            -0.028718311288434044,
            -0.03650178527743413,
            -0.05059425446027124,
            0.04558106684630617,
            0.0037468960568669443,
            -0.00048318120320453746,
            -0.017663925900577228,
            -0.01154380730468966,
            0.0022732598487417797,
            -0.0001549165878236919
        ],
        [
            -0.2950731004208916,
            -0.2453176197669065,
            -0.05616246095590417,
            1.208819053998412,
            -0.09028529654044745,
            -0.07952503784811371,
            -0.23963455355299074,
            -0.17483813438975632,
            -0.44080092380869856,
            -0.2901988018633452,
            -0.26151560449882677,
            -0.19766295220200714,
            -0.03355982728197771,
            0.11120951303778503,
            0.0034368007159110703,
            -0.10442745217318405,
            -0.13798787977128302,
            -0.013004414839609029,
            0.14231923897796298,
            0.009575265340667865
        ],
        [
            -0.10131545012481957,
            -0.08175231881983501,
            -0.01968149673180741,
            -0.09028529654044745,
            1.4491297691895886,
            -0.01881678955948446,
            -0.07638731928244949,
            -0.06370925701260369,
            -0.3052610276925655,
            0.3551495365515821,
            -0.0675078036112012,
            -0.06234188440797948,
            -0.010142290912032158,
            0.06227065488360847,
            -0.041630582983968795,
            -0.016900481643114997,
            -0.037101147162890466,
            -0.0025079451209749216,
            0.02541450079771279,
            -0.009701748089408635
        ],
        [
            -0.6105409322673157,
            -0.5614678305650966,
            -0.005859022175058515,
            -0.07952503784811371,
            -0.01881678955948446,
            -0.4879345895879168,
            -0.6180929225341456,
            0.10651578436026359,
            0.03009056139157902,
            0.08540166010839204,
            -0.5629123853581086,
            -0.5363071700039508,
            0.004079217216346409,
            0.05634561012967998,
            0.01923522795792175,
            -0.3066792727397144,
            -0.37604866192825986,
            -0.04471263057616702,
            0.2834912295634461,
            -0.005838611827253825
        ],
        [
            -0.47741487703090224,
            -0.37227547655465276,
            -0.04497133100653702,
            -0.23963455355299074,
            -0.07638731928244949,
            -0.6180929225341456,
            -0.4353126970240744,
            0.08676064779929779,
            -0.014556533940379465,
            0.06372707165684502,
            -0.5442671396552178,
            -0.4168326716945445,
            -0.01705983046412919,
            0.1246695170758732,
            0.02357585534782442,
            -0.3543382350455745,
            -0.3286187027079348,
            -0.034457142051305886,
            0.2212082636040148,
            -0.008376238402147133
        ],
        [
            0.012039993496402973,
            0.06768965673829887,
            0.4133963240716032,
            -0.17483813438975632,
            -0.06370925701260369,
            0.10651578436026359,
            0.08676064779929779,
            1.3714547897735463,
            -0.0008893969600801636,
            -0.017293070344568062,
            0.03199380580608041,
            0.07266818732591446,
            0.37770861604836614,
            0.16968051468911077,
            0.002853726550647036,
            0.057025584585748405,
            0.05325084009381905,
            -0.040393597168004364,
            -0.0351751797075959,
            0.001777496235939628
        ],
        [
            0.0038789625646588055,
            0.08868543144070609,
            -0.19571487196044746,
            -0.44080092380869856,
            -0.3052610276925655,
            0.03009056139157902,
            -0.014556533940379465,
            -0.0008893969600801636,
            0.8126193402864672,
            -0.1006632440346234,
            -0.0739118324026582,
            -0.13845644973739407,
            0.1998097207785529,
            -0.7406467183470643,
            -0.04113875372125882,
            -0.3606614450687382,
            -0.19957510162996922,
            -0.026169591484680593,
            0.12213895487794635,
            -0.012048249424277903
        ],
        [
            0.008347778345124068,
            0.06632967167353335,
            -0.0675521881354228,
            -0.2901988018633452,
            0.3551495365515821,
            0.08540166010839204,
            0.06372707165684502,
            -0.017293070344568062,
            -0.1006632440346234,
            1.3633924633682333,
            0.015738993073739743,
            0.032915143073236966,
            0.009447016458013636,
            -0.07359289296510112,
            0.4065056736058751,
            -0.012774959184525314,
            0.007496340454894498,
            -0.0010405911368162836,
            0.005171583681956872,
            -0.046278477099721965
        ],
        [
            -0.28730697860269055,
            -0.37144414622618527,
            -0.028718311288434044,
            -0.26151560449882677,
            -0.0675078036112012,
            -0.5629123853581086,
            -0.5442671396552178,
            0.03199380580608041,
            -0.0739118324026582,
            0.015738993073739743,
            -0.535494886082176,
            -0.6358472325283826,
            0.0048251693453962114,
            -0.08210194648042157,
            0.024812646742824525,
            -0.6507319184578564,
            -0.5824720248353263,
            -0.014027612694864494,
            0.07546022903132132,
            -0.0017700707200695859
        ],
        [
            -0.33935946011888635,
            -0.3256734866790494,
            -0.03650178527743413,
            -0.19766295220200714,
            -0.06234188440797948,
            -0.5363071700039508,
            -0.4168326716945445,
            0.07266818732591446,
            -0.13845644973739407,
            0.032915143073236966,
            -0.6358472325283826,
            -0.43780728917693934,
            -0.0014405764616773472,
            -0.009898119149529719,
            0.022551357150964464,
            -0.4973220211764895,
            -0.3731903341900813,
            -0.04292605598771585,
            0.2695493441048572,
            -0.011326389751282745
        ],
        [
            -0.032867439605632986,
            -0.026750326042128895,
            -0.05059425446027124,
            -0.03355982728197771,
            -0.010142290912032158,
            0.004079217216346409,
            -0.01705983046412919,
            0.37770861604836614,
            0.1998097207785529,
            0.009447016458013636,
            0.0048251693453962114,
            -0.0014405764616773472,
            1.3665574020033742,
            0.09791145539912914,
            9.490297609984506e-05,
            -0.008361020171715416,
            0.011979588584185685,
            0.5307302667945023,
            0.1551573337176024,
            -0.006962453363558104
        ],
        [
            0.3427990796048538,
            0.19299673030866038,
            0.04558106684630617,
            0.11120951303778503,
            0.06227065488360847,
            0.05634561012967998,
            0.1246695170758732,
            0.16968051468911077,
            -0.7406467183470643,
            -0.07359289296510112,
            -0.08210194648042157,
            -0.009898119149529719,
            0.09791145539912914,
            0.7413866199806243,
            -0.004414840299123908,
            0.013703087979267448,
            -0.10775178997953228,
            0.15099386231334533,
            -0.4410277731834872,
            0.04418686780205077
        ],
        [
            0.033917420044730695,
            0.019031007459782673,
            0.0037468960568669443,
            0.0034368007159110703,
            -0.041630582983968795,
            0.01923522795792175,
            0.02357585534782442,
            0.002853726550647036,
            -0.04113875372125882,
            0.4065056736058751,
            0.024812646742824525,
            0.022551357150964464,
            9.490297609984506e-05,
            -0.004414840299123908,
            1.3804756605608715,
            -0.0018005622244581382,
            0.015110448846062427,
            -0.006298677224894838,
            0.041243835219454,
            0.5520978206371204
        ],
        [
            -0.04130921287072777,
            -0.18086004915513548,
            -0.00048318120320453746,
            -0.10442745217318405,
            -0.016900481643114997,
            -0.3066792727397144,
            -0.3543382350455745,
            0.057025584585748405,
            -0.3606614450687382,
            -0.012774959184525314,
            -0.6507319184578564,
            -0.4973220211764895,
            -0.008361020171715416,
            0.013703087979267448,
            -0.0018005622244581382,
            -0.34644078447709825,
            -0.4988550067355799,
            -0.05540665935482859,
            0.348388347410166,
            -0.017661977129970675
        ],
        [
            -0.17707392583929316,
            -0.22595873783243192,
            -0.017663925900577228,
            -0.13798787977128302,
            -0.037101147162890466,
            -0.37604866192825986,
            -0.3286187027079348,
            0.05325084009381905,
            -0.19957510162996922,
            0.007496340454894498,
            -0.5824720248353263,
            -0.3731903341900813,
            0.011979588584185685,
            -0.10775178997953228,
            0.015110448846062427,
            -0.4988550067355799,
            -0.32032536555148394,
            -0.043791143094579814,
            0.27444257927750615,
            -0.012957732920493018
        ],
        [
            -0.010699880031966424,
            -0.021673288276901206,
            -0.01154380730468966,
            -0.013004414839609029,
            -0.0025079451209749216,
            -0.04471263057616702,
            -0.034457142051305886,
            -0.040393597168004364,
            -0.026169591484680593,
            -0.0010405911368162836,
            -0.014027612694864494,
            -0.04292605598771585,
            0.5307302667945023,
            0.15099386231334533,
            -0.006298677224894838,
            -0.05540665935482859,
            -0.043791143094579814,
            1.457493534661836,
            0.052432236224894985,
            -0.002395490448287125
        ],
        [
            0.10635662222708733,
            0.149448603455874,
            0.0022732598487417797,
            0.14231923897796298,
            0.02541450079771279,
            0.2834912295634461,
            0.2212082636040148,
            -0.0351751797075959,
            0.12213895487794635,
            0.005171583681956872,
            0.07546022903132132,
            0.2695493441048572,
            0.1551573337176024,
            -0.4410277731834872,
            0.041243835219454,
            0.348388347410166,
            0.27444257927750615,
            0.052432236224894985,
            1.1301568626375844,
            0.015256235269770813
        ],
        [
            0.005712878829210231,
            -0.0021393221572771418,
            -0.0001549165878236919,
            0.009575265340667865,
            -0.009701748089408635,
            -0.005838611827253825,
            -0.008376238402147133,
            0.001777496235939628,
            -0.012048249424277903,
            -0.046278477099721965,
            -0.0017700707200695859,
            -0.011326389751282745,
            -0.006962453363558104,
            0.04418686780205077,
            0.5520978206371204,
            -0.017661977129970675,
            -0.012957732920493018,
            -0.002395490448287125,
            0.015256235269770813,
            1.4649599243569287
        ]
    ]
}