{
    "HF": -2.141623061390846,
    "coordinates": [
        [
            0.718157,
            0.1613,
            0.17907
        ],
        [
            1.465018,
            0.09837,
            0.169897
        ],
        [
            2.119296,
            -0.07065,
            -0.130204
        ],
        [
            2.930053,
            -0.053517,
            -0.09081
        ]
    ],
    "elements": [
        "H",
        "H",
        "H",
        "H"
    ],
    "Enn": 3.027685361008715,
    "S": [
        [
            0.9999999999999999,
            0.6848602514927513,
            0.0,
            0.0,
            0.0,
            0.5630162134674483,
            0.5627169561413297,
            0.0065504393740661495,
            -0.5333334461304259,
            0.04493831350811961,
            0.14120304357932054,
            0.3274481371276986,
            0.03937403041103018,
            -0.17838062558145987,
            0.02952982259691553,
            0.012795323478767457,
            0.11933700549675033,
            0.0018514250374841788,
            -0.015174001907185061,
            0.0014736830157004552
        ],
        [
            0.6848602514927513,
            1.0000000000000002,
            0.0,
            0.0,
            0.0,
            0.5627169561413297,
            0.8848035566161389,
            0.0020241072034374104,
            -0.1648017802318182,
            0.013886085938331672,
            0.32744813712769866,
            0.6311528508762528,
            0.03826533981223649,
            -0.17335779910104715,
            0.028698324364312095,
            0.11933700549675037,
            0.3356546910722604,
            0.011323103361822216,
            -0.0928024567719027,
            0.009012876444629326
        ],
        [
            0.0,
            0.0,
            1.0000000000000004,
            0.0,
            0.0,
            -0.0065504393740661495,
            -0.00202410720343741,
            0.4821305851089931,
            0.008577147639595856,
            -0.0007227046277148859,
            -0.0393740304110302,
            -0.0382653398122365,
            0.048420480017210984,
            0.07246950156365574,
            -0.011996883169828231,
            -0.0018514250374841788,
            -0.011323103361822217,
            0.0012127141553912217,
            0.0023176854966870347,
            -0.00022509116402480897
        ],
        [
            0.0,
            0.0,
            0.0,
            1.0000000000000004,
            0.0,
            0.5333334461304259,
            0.16480178023181818,
            0.008577147639595852,
            -0.2161110732691841,
            0.058842243645455775,
            0.1783806255814599,
            0.17335779910104712,
            0.07246950156365575,
            -0.26390008012839644,
            0.054350837405310354,
            0.015174001907185068,
            0.09280245677190273,
            0.002317685496687035,
            -0.01749990084913522,
            0.001844813418340814
        ],
        [
            0.0,
            0.0,
            0.0,
            0.0,
            1.0000000000000004,
            -0.04493831350811958,
            -0.01388608593833167,
            -0.0007227046277148856,
            0.05884224364545576,
            0.4772779228099702,
            -0.029529822596915535,
            -0.028698324364312102,
            -0.011996883169828228,
            0.05435083740531033,
            0.05541925450741956,
            -0.0014736830157004552,
            -0.009012876444629326,
            -0.0002250911640248089,
            0.001844813418340813,
            0.0013163355181307803
        ],
        [
            0.5630162134674483,
            0.5627169561413297,
            -0.0065504393740661495,
            0.5333334461304259,
            -0.04493831350811962,
            0.9999999999999999,
            0.6848602514927513,
            0.0,
            0.0,
            0.0,
            0.5712013232620702,
            0.5657019515832593,
            0.2182479460128646,
            -0.4758225718055089,
            0.12291950988198767,
            0.12691715297620632,
            0.31350956627594784,
            0.029137720837007424,
            -0.1637385296384262,
            0.016975535772996302
        ],
        [
            0.5627169561413297,
            0.8848035566161389,
            -0.0020241072034374104,
            0.16480178023181838,
            -0.013886085938331672,
            0.6848602514927513,
            1.0000000000000002,
            0.0,
            0.0,
            0.0,
            0.5657019515832593,
            0.8877260126638834,
            0.06659508153414245,
            -0.14519010851678493,
            0.03750704156567543,
            0.31350956627594784,
            0.614235803762962,
            0.030789818705100846,
            -0.17302244299779987,
            0.017938042299062384
        ],
        [
            0.0065504393740661495,
            0.00202410720343741,
            0.4821305851089931,
            0.008577147639595852,
            -0.0007227046277148856,
            0.0,
            0.0,
            1.0000000000000004,
            0.0,
            0.0,
            -0.21824794601286468,
            -0.06659508153414247,
            0.3768154194825941,
            0.2507005555664725,
            -0.06476361409346669,
            -0.029137720837007424,
            -0.030789818705100842,
            0.04512031561355928,
            0.05432733408668707,
            -0.005632367685703507
        ],
        [
            -0.5333334461304259,
            -0.16480178023181818,
            0.008577147639595856,
            -0.2161110732691841,
            0.05884224364545576,
            0.0,
            0.0,
            0.0,
            1.0000000000000004,
            0.0,
            0.4758225718055091,
            0.1451901085167849,
            0.25070055556647247,
            -0.05477000172528304,
            0.14119715663008514,
            0.1637385296384262,
            0.17302244299779979,
            0.05432733408668704,
            -0.250502775784912,
            0.031650917667821105
        ],
        [
            0.04493831350811961,
            0.01388608593833167,
            -0.0007227046277148859,
            0.058842243645455775,
            0.4772779228099703,
            0.0,
            0.0,
            0.0,
            0.0,
            1.0000000000000004,
            -0.1229195098819877,
            -0.037507041565675414,
            -0.06476361409346668,
            0.14119715663008514,
            0.4553299714199005,
            -0.0169755357729963,
            -0.017938042299062366,
            -0.0056323676857035045,
            0.03165091766782111,
            0.05150661584251323
        ],
        [
            0.14120304357932054,
            0.3274481371276986,
            -0.03937403041103018,
            0.17838062558145984,
            -0.02952982259691553,
            0.5712013232620702,
            0.5657019515832593,
            -0.2182479460128646,
            0.4758225718055089,
            -0.12291950988198767,
            0.9999999999999999,
            0.6848602514927513,
            0.0,
            0.0,
            0.0,
            0.5135211785988179,
            0.5438990602799475,
            -0.02503910621245014,
            -0.5153229079425157,
            -0.010889856494336917
        ],
        [
            0.32744813712769866,
            0.6311528508762528,
            -0.03826533981223649,
            0.17335779910104707,
            -0.028698324364312095,
            0.5657019515832593,
            0.8877260126638834,
            -0.06659508153414245,
            0.14519010851678493,
            -0.03750704156567543,
            0.6848602514927513,
            1.0000000000000002,
            0.0,
            0.0,
            0.0,
            0.5438990602799475,
            0.8662421620952341,
            -0.008382688605012949,
            -0.17252179177881177,
            -0.0036457481816948496
        ],
        [
            0.0393740304110302,
            0.03826533981223652,
            0.048420480017210984,
            0.07246950156365575,
            -0.011996883169828231,
            0.21824794601286468,
            0.06659508153414247,
            0.3768154194825941,
            0.2507005555664725,
            -0.06476361409346669,
            0.0,
            0.0,
            1.0000000000000004,
            0.0,
            0.0,
            0.025039106212450132,
            0.008382688605012949,
            0.42329036903675016,
            -0.03524070650584877,
            -0.0007447102208981318
        ],
        [
            -0.17838062558145992,
            -0.17335779910104712,
            0.07246950156365574,
            -0.26390008012839644,
            0.05435083740531035,
            -0.4758225718055091,
            -0.1451901085167849,
            0.25070055556647247,
            -0.05477000172528304,
            0.14119715663008514,
            0.0,
            0.0,
            0.0,
            1.0000000000000004,
            0.0,
            0.5153229079425157,
            0.17252179177881108,
            -0.03524070650584874,
            -0.3002765319610964,
            -0.015326674736373735
        ],
        [
            0.029529822596915535,
            0.028698324364312102,
            -0.011996883169828228,
            0.05435083740531035,
            0.05541925450741956,
            0.1229195098819877,
            0.037507041565675414,
            -0.06476361409346668,
            0.14119715663008514,
            0.4553299714199005,
            0.0,
            0.0,
            0.0,
            0.0,
            1.0000000000000004,
            0.010889856494336915,
            0.0036457481816948604,
            -0.0007447102208981318,
            -0.015326674736373747,
            0.4246788004333747
        ],
        [
            0.012795323478767457,
            0.11933700549675033,
            -0.0018514250374841788,
            0.015174001907185063,
            -0.0014736830157004552,
            0.12691715297620632,
            0.31350956627594784,
            -0.029137720837007424,
            0.1637385296384262,
            -0.016975535772996302,
            0.5135211785988179,
            0.5438990602799475,
            0.02503910621245014,
            0.5153229079425157,
            0.010889856494336917,
            0.9999999999999999,
            0.6848602514927513,
            0.0,
            0.0,
            0.0
        ],
        [
            0.11933700549675037,
            0.3356546910722604,
            -0.01132310336182221,
            0.09280245677190274,
            -0.009012876444629328,
            0.31350956627594784,
            0.614235803762962,
            -0.03078981870510086,
            0.17302244299780006,
            -0.017938042299062377,
            0.5438990602799475,
            0.8662421620952341,
            0.00838268860501297,
            0.17252179177881177,
            0.0036457481816948604,
            0.6848602514927513,
            1.0000000000000002,
            0.0,
            0.0,
            0.0
        ],
        [
            0.0018514250374841788,
            0.011323103361822216,
            0.0012127141553912217,
            0.0023176854966870347,
            -0.00022509116402480897,
            0.029137720837007424,
            0.03078981870510084,
            0.04512031561355928,
            0.05432733408668704,
            -0.005632367685703507,
            -0.025039106212450136,
            -0.008382688605012949,
            0.42329036903675016,
            -0.03524070650584874,
            -0.0007447102208981319,
            0.0,
            0.0,
            1.0000000000000004,
            0.0,
            0.0
        ],
        [
            -0.015174001907185066,
            -0.09280245677190269,
            0.002317685496687035,
            -0.01749990084913522,
            0.001844813418340814,
            -0.1637385296384262,
            -0.17302244299779979,
            0.05432733408668707,
            -0.250502775784912,
            0.031650917667821125,
            -0.5153229079425157,
            -0.17252179177881108,
            -0.03524070650584877,
            -0.3002765319610964,
            -0.015326674736373747,
            0.0,
            0.0,
            0.0,
            1.0000000000000004,
            0.0
        ],
        [
            0.0014736830157004552,
            0.009012876444629328,
            -0.0002250911640248089,
            0.001844813418340813,
            0.0013163355181307803,
            0.0169755357729963,
            0.01793804229906236,
            -0.0056323676857035045,
            0.03165091766782109,
            0.05150661584251323,
            -0.010889856494336915,
            -0.0036457481816948496,
            -0.0007447102208981317,
            -0.015326674736373735,
            0.4246788004333747,
            0.0,
            0.0,
            0.0,
            0.0,
            1.0000000000000004
        ]
    ],
    "h": [
        [
            -0.28434267363734045,
            -0.4754393107491427,
            0.008495179942957898,
            -0.30070182353632813,
            0.02759772872393433,
            -0.5957170859294303,
            -0.4689916629697539,
            0.016949939560071056,
            0.019425777266512734,
            0.006231747765109333,
            -0.2800439809298829,
            -0.3308346202512897,
            -0.09790653063879907,
            0.31740641504048694,
            -0.06149464839465248,
            -0.013396497604102144,
            -0.14129412226796215,
            -0.009049086175886213,
            0.07024992500936705,
            -0.006233048237856912
        ],
        [
            -0.4754393107491427,
            -0.3178280524962338,
            0.009834841391998278,
            -0.2538822595381144,
            0.02433065216807375,
            -0.5548109549668795,
            -0.37187378527921444,
            0.04490872909294098,
            0.11476776326382973,
            0.00872280324635704,
            -0.35719636349302547,
            -0.3208520564038956,
            -0.08694814079378273,
            0.18530205633186705,
            -0.05092789665909445,
            -0.13842307165789908,
            -0.2003300068254824,
            -0.004982315067802962,
            0.12090349000205267,
            -0.0038327894293521576
        ],
        [
            0.008495179942957898,
            0.009834841391998278,
            1.473173716140437,
            0.009583181942686814,
            -0.0013579795738687971,
            0.014023031606148192,
            0.013299126804166178,
            0.40868163112104217,
            0.017912241765789007,
            -0.003338720496566654,
            0.031165797484278793,
            0.010812230814511714,
            -0.042936494399568786,
            -0.0019366537291047592,
            0.001870444539472542,
            0.011194341667404765,
            0.011823138836972169,
            -0.003979207045710652,
            -0.012386034655233632,
            0.0007899499762803938
        ],
        [
            -0.30070182353632813,
            -0.2538822595381144,
            0.009583181942686814,
            1.1789593764131951,
            0.027379553982823948,
            -0.08852430016360624,
            -0.24701083617499464,
            0.04167569625462402,
            -0.6084567256934994,
            0.09769394247284506,
            -0.2641466320365291,
            -0.20454250011382802,
            -0.08072667182011486,
            0.13646288704573806,
            -0.04634209191056014,
            -0.07130046661538997,
            -0.1271914982812795,
            -0.009997461858799671,
            0.09528494062385479,
            -0.007529161820700313
        ],
        [
            0.02759772872393433,
            0.02433065216807375,
            -0.0013579795738687971,
            0.027379553982823948,
            1.4719296230105945,
            0.012797693130287627,
            0.025054176522148044,
            -0.00523174723052919,
            0.0878906278347499,
            0.4046457849207543,
            0.03300197374612447,
            0.020531992401046112,
            0.00802990499907525,
            -0.015620936439209393,
            -0.042515565183782494,
            0.008957466477165067,
            0.014161162050602237,
            0.0009741789550404445,
            -0.010990230756565477,
            -0.004211246725422146
        ],
        [
            -0.5957170859294303,
            -0.5548109549668795,
            0.014023031606148192,
            -0.08852430016360624,
            0.012797693130287627,
            -0.485019632007917,
            -0.6186300182523855,
            0.09785161317186844,
            0.05674863390391595,
            0.03369298610264397,
            -0.5599719371733708,
            -0.5378668451422441,
            -0.03068646715857548,
            0.05889933579268458,
            -0.02012517657324933,
            -0.2538055433909695,
            -0.3460791457734514,
            -0.017281610530102326,
            0.247399433328237,
            -0.011023991887352015
        ],
        [
            -0.4689916629697539,
            -0.37187378527921444,
            0.013299126804166178,
            -0.24701083617499464,
            0.025054176522148044,
            -0.6186300182523855,
            -0.44099790755651713,
            0.08344058979663277,
            0.014788460225904687,
            0.030615558332929796,
            -0.5304379902931424,
            -0.42068223046939957,
            -0.09916405333102073,
            0.12099171208903026,
            -0.05718918650728713,
            -0.3113083548544918,
            -0.3138433526206409,
            0.0017523964245411278,
            0.1874965423750249,
            -3.422107432138333e-05
        ],
        [
            0.016949939560071056,
            0.04490872909294098,
            0.40868163112104217,
            0.04167569625462402,
            -0.00523174723052919,
            0.09785161317186844,
            0.08344058979663277,
            1.3438142952317078,
            0.1101852324324211,
            -0.026271149280760082,
            0.022810219289228106,
            0.09037121653016815,
            0.2567391063993252,
            0.37202242473106506,
            -0.09002770698395968,
            0.08640047545370486,
            0.08100948900546251,
            -0.04527776211112523,
            -0.07688558915373822,
            0.0007226421046729811
        ],
        [
            0.019425777266512734,
            0.11476776326382973,
            0.017912241765789007,
            -0.6084567256934994,
            0.0878906278347499,
            0.05674863390391595,
            0.014788460225904687,
            0.1101852324324211,
            0.8420409363635319,
            0.08446246197760138,
            -0.040472173409445644,
            -0.10840419306827653,
            0.37158862068226506,
            -0.5317642355181641,
            0.21230951409864957,
            -0.30094358079186856,
            -0.17934528481196146,
            0.0036417350440751534,
            0.15114103303337156,
            0.001110454204784686
        ],
        [
            0.006231747765109333,
            0.00872280324635704,
            -0.003338720496566654,
            0.09769394247284506,
            0.4046457849207543,
            0.03369298610264397,
            0.030615558332929796,
            -0.026271149280760082,
            0.08446246197760138,
            1.3729630675492648,
            0.009154275270673168,
            0.04186295165897407,
            -0.09196164290072714,
            0.21790073969654888,
            0.36443403178725564,
            0.050989524039862406,
            0.04358635927700056,
            0.0001773169939882531,
            -0.04325947071367589,
            -0.04555553141485959
        ],
        [
            -0.2800439809298829,
            -0.35719636349302547,
            0.031165797484278793,
            -0.2641466320365291,
            0.03300197374612447,
            -0.5599719371733708,
            -0.5304379902931424,
            0.022810219289228106,
            -0.040472173409445644,
            0.009154275270673168,
            -0.44616566678330827,
            -0.6032967111988581,
            -0.1132358158245016,
            -0.021166728214807667,
            -0.06238937500610847,
            -0.554808161428674,
            -0.5322951773695119,
            -0.0073492651568806515,
            0.09203783878895488,
            -0.004350833056110431
        ],
        [
            -0.3308346202512897,
            -0.3208520564038956,
            0.010812230814511714,
            -0.20454250011382802,
            0.020531992401046112,
            -0.5378668451422441,
            -0.42068223046939957,
            0.09037121653016815,
            -0.10840419306827653,
            0.04186295165897407,
            -0.6032967111988581,
            -0.43926755343201185,
            -0.09640492871180617,
            0.002111486785976724,
            -0.05389274942853573,
            -0.44693631969578007,
            -0.3674876898043271,
            0.0015456146912792706,
            0.2258606586098132,
            -0.00023392326248139646
        ],
        [
            -0.09790653063879907,
            -0.08694814079378273,
            -0.042936494399568786,
            -0.08072667182011486,
            0.00802990499907525,
            -0.03068646715857548,
            -0.09916405333102073,
            0.2567391063993252,
            0.37158862068226506,
            -0.09196164290072714,
            -0.1132358158245016,
            -0.09640492871180617,
            1.3532608754473674,
            0.0970800181720941,
            -0.026746773468375062,
            -0.015715544260539088,
            -0.05416581394052514,
            0.3269413694576351,
            -0.02052064499679465,
            -0.002969148936125987
        ],
        [
            0.31740641504048694,
            0.18530205633186705,
            -0.0019366537291047592,
            0.13646288704573806,
            -0.015620936439209393,
            0.05889933579268458,
            0.12099171208903026,
            0.37202242473106506,
            -0.5317642355181641,
            0.21790073969654888,
            -0.021166728214807667,
            0.002111486785976724,
            0.0970800181720941,
            0.8777302770863642,
            0.058294320392018616,
            -0.0388077026166167,
            -0.10647749367218498,
            -0.04395240262119903,
            -0.6765265060683974,
            -0.018281909905781973
        ],
        [
            -0.06149464839465248,
            -0.05092789665909445,
            0.001870444539472542,
            -0.04634209191056014,
            -0.042515565183782494,
            -0.02012517657324933,
            -0.05718918650728713,
            -0.09002770698395968,
            0.21230951409864957,
            0.36443403178725564,
            -0.06238937500610847,
            -0.05389274942853573,
            -0.026746773468375062,
            0.058294320392018616,
            1.3848527238307065,
            -0.007463132498922949,
            -0.02897669422200582,
            -0.0028671854834501254,
            -0.005791920574375858,
            0.3309529441156618
        ],
        [
            -0.013396497604102144,
            -0.13842307165789908,
            0.011194341667404765,
            -0.07130046661538997,
            0.008957466477165067,
            -0.2538055433909695,
            -0.3113083548544918,
            0.08640047545370486,
            -0.30094358079186856,
            0.050989524039862406,
            -0.554808161428674,
            -0.44693631969578007,
            -0.015715544260539088,
            -0.0388077026166167,
            -0.007463132498922949,
            -0.2425716569707601,
            -0.4573268689675478,
            0.009016805079106691,
            0.26729578095666195,
            0.0037458471452725475
        ],
        [
            -0.14129412226796215,
            -0.2003300068254824,
            0.011823138836972169,
            -0.1271914982812795,
            0.014161162050602237,
            -0.3460791457734514,
            -0.3138433526206409,
            0.08100948900546251,
            -0.17934528481196146,
            0.04358635927700056,
            -0.5322951773695119,
            -0.3674876898043271,
            -0.05416581394052514,
            -0.10647749367218498,
            -0.02897669422200582,
            -0.4573268689675478,
            -0.3119702281007557,
            0.005631601371919277,
            0.23606590551867765,
            0.0020194367189863395
        ],
        [
            -0.009049086175886213,
            -0.004982315067802962,
            -0.003979207045710652,
            -0.009997461858799671,
            0.0009741789550404445,
            -0.017281610530102326,
            0.0017523964245411278,
            -0.04527776211112523,
            0.0036417350440751534,
            0.0001773169939882531,
            -0.0073492651568806515,
            0.0015456146912792706,
            0.3269413694576351,
            -0.04395240262119903,
            -0.0028671854834501254,
            0.009016805079106691,
            0.005631601371919277,
            1.4889986141834228,
            -0.007425064320923437,
            -0.0007129776985852426
        ],
        [
            0.07024992500936705,
            0.12090349000205267,
            -0.012386034655233632,
            0.09528494062385479,
            -0.010990230756565477,
            0.247399433328237,
            0.1874965423750249,
            -0.07688558915373822,
            0.15114103303337156,
            -0.04325947071367589,
            0.09203783878895488,
            0.2258606586098132,
            -0.02052064499679465,
            -0.6765265060683974,
            -0.005791920574375858,
            0.26729578095666195,
            0.23606590551867765,
            -0.007425064320923437,
            1.2291490361651374,
            -0.002730422247970301
        ],
        [
            -0.006233048237856912,
            -0.0038327894293521576,
            0.0007899499762803938,
            -0.007529161820700313,
            -0.004211246725422146,
            -0.011023991887352015,
            -3.422107432138333e-05,
            0.0007226421046729811,
            0.001110454204784686,
            -0.04555553141485959,
            -0.004350833056110431,
            -0.00023392326248139646,
            -0.002969148936125987,
            -0.018281909905781973,
            0.3309529441156618,
            0.0037458471452725475,
            0.0020194367189863395,
            -0.0007129776985852426,
            -0.002730422247970301,
            1.49001291317632
        ]
    ]
}