{
    "HF": -2.1469432379235105,
    "coordinates": [
        [
            0.776241,
            -0.113306,
            0.166681
        ],
        [
            1.517159,
            -0.059249,
            0.145871
        ],
        [
            2.219146,
            -0.001303,
            -0.19634
        ],
        [
            2.879275,
            -0.178568,
            -0.115801
        ]
    ],
    "elements": [
        "H",
        "H",
        "H",
        "H"
    ],
    "Enn": 3.1407108548658034,
    "S": [
        [
            0.9999999999999999,
            0.6848602514927513,
            0.0,
            0.0,
            0.0,
            0.5681536387954348,
            0.5645945283328868,
            0.015032049086689972,
            -0.535200179971752,
            -0.039047932603517535,
            0.12812118520458524,
            0.3147213205970165,
            0.04104284027380362,
            -0.16313359129436758,
            -0.012662962305725643,
            0.019274616270825985,
            0.14222898584662508,
            0.003195532321857171,
            -0.023790234850236736,
            0.000738265908585477
        ],
        [
            0.6848602514927513,
            1.0000000000000002,
            0.0,
            0.0,
            0.0,
            0.5645945283328868,
            0.8866424776815992,
            0.0046082752044092025,
            -0.16407275578570207,
            -0.011970664715269006,
            0.3147213205970166,
            0.6157176521408668,
            0.04305051862657446,
            -0.17111354048079155,
            -0.01328239203167922,
            0.14222898584662508,
            0.3746585714509325,
            0.014307055927755354,
            -0.10651377806717252,
            0.00330536842686319
        ],
        [
            0.0,
            0.0,
            1.0000000000000004,
            0.0,
            0.0,
            -0.015032049086689972,
            -0.004608275204409201,
            0.48769029277347875,
            0.019543710798389683,
            0.0014258991880728386,
            -0.041042840273803644,
            -0.04305051862657445,
            0.036564469695109424,
            0.07558283217511631,
            0.005866986358845215,
            -0.00319553232185717,
            -0.014307055927755339,
            0.002282819109413849,
            0.0044407589861570505,
            -0.00013780700309865712
        ],
        [
            0.0,
            0.0,
            0.0,
            1.0000000000000004,
            0.0,
            0.535200179971752,
            0.16407275578570182,
            0.01954371079838969,
            -0.20759390206364303,
            -0.05076762972746526,
            0.1631335912943676,
            0.17111354048079142,
            0.07558283217511629,
            -0.24483983161120004,
            -0.023319598458793157,
            0.02379023485023672,
            0.10651377806717245,
            0.0044407589861570505,
            -0.030181444168117466,
            0.0010259514339128909
        ],
        [
            0.0,
            0.0,
            0.0,
            0.0,
            1.0000000000000004,
            0.03904793260351753,
            0.011970664715269011,
            0.001425899188072839,
            -0.05076762972746526,
            0.4845352322425387,
            0.012662962305725643,
            0.013282392031679214,
            0.005866986358845211,
            -0.023319598458793153,
            0.053770238843364286,
            -0.0007382659085854766,
            -0.0033053684268631945,
            -0.00013780700309865725,
            0.001025951433912892,
            0.0028474694372010324
        ],
        [
            0.5681536387954348,
            0.5645945283328868,
            -0.015032049086689972,
            0.5352001799717522,
            0.03904793260351753,
            0.9999999999999999,
            0.6848602514927513,
            0.0,
            0.0,
            0.0,
            0.536220470261161,
            0.5526976537121556,
            0.2297538845073347,
            -0.47130057223073013,
            -0.03890383006876465,
            0.16406714517478146,
            0.3480083725072767,
            0.04003265442215752,
            -0.20838729061913963,
            0.018254365361969997
        ],
        [
            0.5645945283328868,
            0.8866424776815992,
            -0.0046082752044092025,
            0.1640727557857019,
            0.011970664715269017,
            0.6848602514927513,
            1.0000000000000002,
            0.0,
            0.0,
            0.0,
            0.5526976537121556,
            0.8749507411935729,
            0.07407765991173414,
            -0.15195757660758563,
            -0.012543442733416954,
            0.3480083725072767,
            0.6556165239351766,
            0.03455442282555985,
            -0.17987072442393673,
            0.015756363604523895
        ],
        [
            0.015032049086689972,
            0.004608275204409201,
            0.48769029277347875,
            0.01954371079838969,
            0.001425899188072839,
            0.0,
            0.0,
            1.0000000000000004,
            0.0,
            0.0,
            -0.22975388450733475,
            -0.07407765991173414,
            0.3139556280183171,
            0.28134196818523277,
            0.023223566374393684,
            -0.040032654422157504,
            -0.03455442282555984,
            0.0664369318250354,
            0.07476824502034439,
            -0.006549568632614605
        ],
        [
            -0.535200179971752,
            -0.16407275578570166,
            0.019543710798389683,
            -0.20759390206364317,
            -0.05076762972746526,
            0.0,
            0.0,
            0.0,
            1.0000000000000004,
            0.0,
            0.4713005722307301,
            0.15195757660758555,
            0.2813419681852327,
            -0.12601788527365898,
            -0.04763915154235689,
            0.20838729061913955,
            0.1798707244239362,
            0.07476824502034443,
            -0.30840063764045056,
            0.0340933390946776
        ],
        [
            -0.039047932603517535,
            -0.011970664715269001,
            0.0014258991880728386,
            -0.05076762972746526,
            0.4845352322425387,
            0.0,
            0.0,
            0.0,
            0.0,
            1.0000000000000004,
            0.03890383006876465,
            0.01254344273341694,
            0.023223566374393677,
            -0.04763915154235689,
            0.44717435998823,
            -0.01825436536196999,
            -0.01575636360452388,
            -0.006549568632614605,
            0.03409333909467757,
            0.07781391666591954
        ],
        [
            0.12812118520458524,
            0.3147213205970165,
            -0.04104284027380362,
            0.1631335912943676,
            0.012662962305725639,
            0.536220470261161,
            0.5526976537121556,
            -0.2297538845073347,
            0.47130057223073013,
            0.03890383006876465,
            0.9999999999999999,
            0.6848602514927513,
            0.0,
            0.0,
            0.0,
            0.6127105967285504,
            0.5803273110218707,
            -0.06399456500236528,
            -0.5245243695656316,
            0.14085097362947496
        ],
        [
            0.3147213205970166,
            0.6157176521408668,
            -0.04305051862657446,
            0.17111354048079164,
            0.013282392031679217,
            0.5526976537121556,
            0.8749507411935729,
            -0.07407765991173414,
            0.15195757660758563,
            0.012543442733416956,
            0.6848602514927513,
            1.0000000000000002,
            0.0,
            0.0,
            0.0,
            0.5803273110218707,
            0.9019609996902148,
            -0.018365933188383615,
            -0.1505343387640085,
            0.04042311360507113
        ],
        [
            0.041042840273803644,
            0.04305051862657445,
            0.036564469695109424,
            0.07558283217511633,
            0.005866986358845215,
            0.22975388450733475,
            0.07407765991173414,
            0.3139556280183171,
            0.28134196818523277,
            0.023223566374393684,
            0.0,
            0.0,
            1.0000000000000004,
            0.0,
            0.0,
            0.06399456500236528,
            0.018365933188383612,
            0.5316028255863471,
            -0.07463289925129647,
            0.020041235706628645
        ],
        [
            -0.16313359129436764,
            -0.1711135404807915,
            0.07558283217511627,
            -0.24483983161120013,
            -0.023319598458793153,
            -0.4713005722307301,
            -0.15195757660758555,
            0.2813419681852327,
            -0.12601788527365898,
            -0.04763915154235689,
            0.0,
            0.0,
            0.0,
            1.0000000000000004,
            0.0,
            0.5245243695656316,
            0.15053433876400849,
            -0.07463289925129638,
            -0.07101189076929783,
            0.16426577044389737
        ],
        [
            -0.012662962305725643,
            -0.013282392031679208,
            0.005866986358845211,
            -0.023319598458793157,
            0.053770238843364286,
            -0.03890383006876465,
            -0.012543442733416945,
            0.023223566374393677,
            -0.04763915154235689,
            0.44717435998823,
            0.0,
            0.0,
            0.0,
            0.0,
            1.0000000000000004,
            -0.140850973629475,
            -0.04042311360507109,
            0.020041235706628652,
            0.16426577044389767,
            0.4965979814953629
        ],
        [
            0.019274616270825985,
            0.14222898584662508,
            -0.003195532321857171,
            0.02379023485023674,
            -0.0007382659085854766,
            0.16406714517478146,
            0.3480083725072767,
            -0.04003265442215752,
            0.20838729061913963,
            -0.018254365361969997,
            0.6127105967285504,
            0.5803273110218707,
            0.06399456500236528,
            0.5245243695656316,
            -0.14085097362947496,
            0.9999999999999999,
            0.6848602514927513,
            0.0,
            0.0,
            0.0
        ],
        [
            0.14222898584662508,
            0.3746585714509325,
            -0.014307055927755354,
            0.10651377806717256,
            -0.0033053684268631953,
            0.3480083725072767,
            0.6556165239351766,
            -0.03455442282555985,
            0.1798707244239365,
            -0.015756363604523902,
            0.5803273110218707,
            0.9019609996902148,
            0.018365933188383615,
            0.1505343387640085,
            -0.040423113605071115,
            0.6848602514927513,
            1.0000000000000002,
            0.0,
            0.0,
            0.0
        ],
        [
            0.00319553232185717,
            0.014307055927755339,
            0.002282819109413849,
            0.00444075898615705,
            -0.0001378070030986572,
            0.040032654422157504,
            0.03455442282555984,
            0.0664369318250354,
            0.07476824502034443,
            -0.006549568632614606,
            -0.06399456500236528,
            -0.018365933188383612,
            0.5316028255863471,
            -0.07463289925129638,
            0.020041235706628645,
            0.0,
            0.0,
            1.0000000000000004,
            0.0,
            0.0
        ],
        [
            -0.02379023485023673,
            -0.1065137780671725,
            0.0044407589861570505,
            -0.030181444168117466,
            0.0010259514339128915,
            -0.20838729061913963,
            -0.1798707244239362,
            0.07476824502034439,
            -0.30840063764045067,
            0.03409333909467758,
            -0.5245243695656316,
            -0.15053433876400849,
            -0.07463289925129647,
            -0.07101189076929783,
            0.16426577044389762,
            0.0,
            0.0,
            0.0,
            1.0000000000000004,
            0.0
        ],
        [
            0.000738265908585477,
            0.0033053684268631893,
            -0.00013780700309865717,
            0.0010259514339128913,
            0.0028474694372010324,
            0.018254365361969987,
            0.015756363604523888,
            -0.006549568632614604,
            0.03409333909467759,
            0.07781391666591954,
            0.140850973629475,
            0.040423113605071066,
            0.020041235706628652,
            0.16426577044389742,
            0.4965979814953629,
            0.0,
            0.0,
            0.0,
            0.0,
            1.0000000000000004
        ]
    ],
    "h": [
        [
            -0.28042693915525363,
            -0.47372806082403074,
            0.012904052324227984,
            -0.3025426616397334,
            -0.023477595505101388,
            -0.589918781408443,
            -0.4671249017253689,
            0.013516060871908238,
            0.019403201382505064,
            -0.003031098568617663,
            -0.2520473862501021,
            -0.31926587360207803,
            -0.10136679355909524,
            0.3029127787027313,
            0.017251899830463664,
            -0.032152552806406616,
            -0.16562798422022473,
            -0.013240555292155492,
            0.09302739494989098,
            -0.006394010756174169
        ],
        [
            -0.47372806082403074,
            -0.31405001239735997,
            0.013355150453196397,
            -0.2526663165563518,
            -0.019597915295180277,
            -0.5472677219606557,
            -0.3686865246295312,
            0.04075725621626476,
            0.11978230843658297,
            0.007435068914509631,
            -0.3431045336972435,
            -0.3144759208125032,
            -0.09248320869790351,
            0.16588677483119404,
            0.02652147029254345,
            -0.16778615948590325,
            -0.21865222364415748,
            -0.0026826405573239197,
            0.13962552454336602,
            -0.024421338789803813
        ],
        [
            0.012904052324227984,
            0.013355150453196397,
            1.4869546618538552,
            0.013565408784951036,
            0.001106822857153386,
            0.013662753679051821,
            0.016358000279392847,
            0.4237188858043044,
            0.034142000642049815,
            0.0024586152408142036,
            0.03539893904814531,
            0.01287051043511836,
            -0.0384676390498299,
            -0.011474271664759589,
            -0.0016840467847848168,
            0.014601316354402965,
            0.0136159251863665,
            -0.007069161412192316,
            -0.017680054121856623,
            0.001640850778518939
        ],
        [
            -0.3025426616397334,
            -0.2526663165563518,
            0.013565408784951036,
            1.1946954135089205,
            -0.02205078895478122,
            -0.06970407966972891,
            -0.24149604258979018,
            0.05534982066646442,
            -0.5989776369101254,
            -0.07608580491301768,
            -0.24544622506946304,
            -0.19421900945121806,
            -0.08804626551642772,
            0.15117469823687618,
            0.017753408819056016,
            -0.0897860274426602,
            -0.13386832304535073,
            -0.014452787966906414,
            0.1236448613109011,
            -0.010336459122707586
        ],
        [
            -0.023477595505101388,
            -0.019597915295180277,
            0.001106822857153386,
            -0.02205078895478122,
            1.4870910538570203,
            -0.006259703811223649,
            -0.018519149742724596,
            0.00398095558937744,
            -0.0739288545613343,
            0.42422331282072856,
            -0.017677456059230826,
            -0.014337859523387939,
            -0.006640000841942342,
            0.015502015180162358,
            -0.04458564334756421,
            -0.0017365969951770245,
            -0.00824618417971165,
            1.098110757049946e-05,
            0.0010370342180308781,
            -0.008838946045665
        ],
        [
            -0.589918781408443,
            -0.5472677219606557,
            0.013662753679051821,
            -0.06970407966972891,
            -0.006259703811223649,
            -0.45423493751700206,
            -0.6063261986948242,
            0.0900560180655601,
            0.07354651215487222,
            0.004687678401686294,
            -0.5342751195571065,
            -0.5185346082830314,
            -0.039239519803361544,
            0.044814471172548664,
            0.022510147822267956,
            -0.3000189766488094,
            -0.3681920393349208,
            -0.011553927365580183,
            0.26568336444106005,
            -0.04528820984407958
        ],
        [
            -0.4671249017253689,
            -0.3686865246295312,
            0.016358000279392847,
            -0.24149604258979018,
            -0.018519149742724596,
            -0.6063261986948242,
            -0.43757604715175,
            0.08141065481558618,
            0.01895913136504937,
            0.00404629336693917,
            -0.5263134916935792,
            -0.4146822550842031,
            -0.11045336432426095,
            0.09218224073098685,
            0.050969257908187626,
            -0.3524187553889721,
            -0.32968803449714046,
            0.01108691029041934,
            0.212705742483544,
            -0.04857137198570628
        ],
        [
            0.013516060871908238,
            0.04075725621626476,
            0.4237188858043044,
            0.05534982066646442,
            0.00398095558937744,
            0.0900560180655601,
            0.08141065481558618,
            1.355578997542273,
            0.11911165677195819,
            0.007777302104105647,
            0.03259008543484715,
            0.09139503758104639,
            0.1756096643097686,
            0.4123956856831448,
            0.023945028840764687,
            0.1064929467531338,
            0.08848080265561986,
            -0.05054125783187695,
            -0.07563486687110915,
            0.019518193913589922
        ],
        [
            0.019403201382505064,
            0.11978230843658297,
            0.034142000642049815,
            -0.5989776369101254,
            -0.0739288545613343,
            0.07354651215487222,
            0.01895913136504937,
            0.11911165677195819,
            0.8498517437815596,
            -0.03327063322202505,
            -0.08337762753367806,
            -0.11506631402467526,
            0.39243039489429266,
            -0.6139415078850663,
            -0.04036807714829557,
            -0.3303948234774263,
            -0.17746626794673453,
            0.03748340542838892,
            0.07401068319053306,
            -0.04589416321927559
        ],
        [
            -0.003031098568617663,
            0.007435068914509631,
            0.0024586152408142036,
            -0.07608580491301768,
            0.42422331282072856,
            0.004687678401686294,
            0.00404629336693917,
            0.007777302104105647,
            -0.03327063322202505,
            1.402430772077044,
            0.00820608608043337,
            -0.0006483840173476529,
            0.034287609106698265,
            -0.06916814353942241,
            0.3526306887118097,
            -0.0009645689887312278,
            -0.0056026607859222186,
            -0.002275522881845956,
            0.01852185509598845,
            -0.04539604983242099
        ],
        [
            -0.2520473862501021,
            -0.3431045336972435,
            0.03539893904814531,
            -0.24544622506946304,
            -0.017677456059230826,
            -0.5342751195571065,
            -0.5263134916935792,
            0.03259008543484715,
            -0.08337762753367806,
            0.00820608608043337,
            -0.49354208111370834,
            -0.6163620180346548,
            -0.13288906663114874,
            -0.10339369934511777,
            0.0964714160478865,
            -0.6369967683432419,
            -0.570610098705036,
            -0.010508885854000033,
            0.08120621085090929,
            -0.011062349031104368
        ],
        [
            -0.31926587360207803,
            -0.3144759208125032,
            0.01287051043511836,
            -0.19421900945121806,
            -0.014337859523387939,
            -0.5185346082830314,
            -0.4146822550842031,
            0.09139503758104639,
            -0.11506631402467526,
            -0.0006483840173476529,
            -0.6163620180346548,
            -0.4323148149490146,
            -0.11340110142206457,
            -0.03331196439642842,
            0.07382528763198024,
            -0.4941267411402188,
            -0.37610624723141495,
            0.014617484552941172,
            0.25982513777297556,
            -0.06064004108428095
        ],
        [
            -0.10136679355909524,
            -0.09248320869790351,
            -0.0384676390498299,
            -0.08804626551642772,
            -0.006640000841942342,
            -0.039239519803361544,
            -0.11045336432426095,
            0.1756096643097686,
            0.39243039489429266,
            0.034287609106698265,
            -0.13288906663114874,
            -0.11340110142206457,
            1.338364648420715,
            0.07318659036761152,
            0.017097274974717108,
            -0.02348713333844482,
            -0.07793639296388923,
            0.48490460500580057,
            -0.07003040390166007,
            0.02448895622039928
        ],
        [
            0.3029127787027313,
            0.16588677483119404,
            -0.011474271664759589,
            0.15117469823687618,
            0.015502015180162358,
            0.044814471172548664,
            0.09218224073098685,
            0.4123956856831448,
            -0.6139415078850663,
            -0.06916814353942241,
            -0.10339369934511777,
            -0.03331196439642842,
            0.07318659036761152,
            0.8562153152118073,
            0.05850903348406715,
            0.0024056992986378756,
            -0.11331837213049084,
            -0.10336678873595542,
            -0.44325867187006796,
            0.2460318902876527
        ],
        [
            0.017251899830463664,
            0.02652147029254345,
            -0.0016840467847848168,
            0.017753408819056016,
            -0.04458564334756421,
            0.022510147822267956,
            0.050969257908187626,
            0.023945028840764687,
            -0.04036807714829557,
            0.3526306887118097,
            0.0964714160478865,
            0.07382528763198024,
            0.017097274974717108,
            0.05850903348406715,
            1.3700527893199879,
            0.009780844500061503,
            0.06665815658650286,
            0.03134021914307752,
            0.2284832578394751,
            0.44005450016247516
        ],
        [
            -0.032152552806406616,
            -0.16778615948590325,
            0.014601316354402965,
            -0.0897860274426602,
            -0.0017365969951770245,
            -0.3000189766488094,
            -0.3524187553889721,
            0.1064929467531338,
            -0.3303948234774263,
            -0.0009645689887312278,
            -0.6369967683432419,
            -0.4941267411402188,
            -0.02348713333844482,
            0.0024056992986378756,
            0.009780844500061503,
            -0.3301057216947998,
            -0.49515649580688703,
            0.03217855841182259,
            0.32701083028068195,
            -0.08475237752174351
        ],
        [
            -0.16562798422022473,
            -0.21865222364415748,
            0.0136159251863665,
            -0.13386832304535073,
            -0.00824618417971165,
            -0.3681920393349208,
            -0.32968803449714046,
            0.08848080265561986,
            -0.17746626794673453,
            -0.0056026607859222186,
            -0.570610098705036,
            -0.37610624723141495,
            -0.07793639296388923,
            -0.11331837213049084,
            0.06665815658650286,
            -0.49515649580688703,
            -0.324541792523134,
            0.02092560786020289,
            0.2646904608123537,
            -0.0655503547742558
        ],
        [
            -0.013240555292155492,
            -0.0026826405573239197,
            -0.007069161412192316,
            -0.014452787966906414,
            1.098110757049946e-05,
            -0.011553927365580183,
            0.01108691029041934,
            -0.05054125783187695,
            0.03748340542838892,
            -0.002275522881845956,
            -0.010508885854000033,
            0.014617484552941172,
            0.48490460500580057,
            -0.10336678873595542,
            0.03134021914307752,
            0.03217855841182259,
            0.02092560786020289,
            1.4585877183318503,
            -0.026826698057092955,
            0.008458024564506516
        ],
        [
            0.09302739494989098,
            0.13962552454336602,
            -0.017680054121856623,
            0.1236448613109011,
            0.0010370342180308781,
            0.26568336444106005,
            0.212705742483544,
            -0.07563486687110915,
            0.07401068319053306,
            0.01852185509598845,
            0.08120621085090929,
            0.25982513777297556,
            -0.07003040390166007,
            -0.44325867187006796,
            0.2284832578394751,
            0.32701083028068195,
            0.2646904608123537,
            -0.026826698057092955,
            1.1547407981189632,
            0.07724432413669002
        ],
        [
            -0.006394010756174169,
            -0.024421338789803813,
            0.001640850778518939,
            -0.010336459122707586,
            -0.008838946045665,
            -0.04528820984407958,
            -0.04857137198570628,
            0.019518193913589922,
            -0.04589416321927559,
            -0.04539604983242099,
            -0.011062349031104368,
            -0.06064004108428095,
            0.02448895622039928,
            0.2460318902876527,
            0.44005450016247516,
            -0.08475237752174351,
            -0.0655503547742558,
            0.008458024564506516,
            0.07724432413669002,
            1.4437687696153836
        ]
    ]
}