{
    "HF": -2.1182238714628894,
    "coordinates": [
        [
            0.738956,
            -0.184882,
            -0.079484
        ],
        [
            1.385935,
            -0.132261,
            0.038271
        ],
        [
            2.082757,
            -0.019665,
            0.073419
        ],
        [
            2.894174,
            0.039502,
            -0.008803
        ]
    ],
    "elements": [
        "H",
        "H",
        "H",
        "H"
    ],
    "Enn": 3.1789403237485296,
    "S": [
        [
            0.9999999999999999,
            0.6848602514927513,
            0.0,
            0.0,
            0.0,
            0.6360130391440104,
            0.588182212543111,
            -0.09806736046017037,
            -0.5388095860316806,
            -0.0438232140866598,
            0.17604747467267928,
            0.35805737149587336,
            -0.02550589821563365,
            -0.22416075242517625,
            -0.027560008538042715,
            0.016468138823129367,
            0.13297220198446574,
            -0.0006599281275143133,
            -0.020122649355910974,
            -0.0020950087430026696
        ],
        [
            0.6848602514927513,
            1.0000000000000002,
            0.0,
            0.0,
            0.0,
            0.588182212543111,
            0.9095498399821116,
            -0.027240673788421058,
            -0.14966790273838818,
            -0.012172998984506031,
            0.35805737149587336,
            0.6673733750402788,
            -0.02081526547592989,
            -0.18293672826445567,
            -0.022491617012986725,
            0.1329722019844657,
            0.35919440757694027,
            -0.0033305126437634743,
            -0.1015546016477783,
            -0.010573050028412492
        ],
        [
            0.0,
            0.0,
            1.0000000000000004,
            0.0,
            0.0,
            0.09806736046017037,
            0.027240673788421068,
            0.5479285345809929,
            -0.11242117890702306,
            -0.00914359639998587,
            0.025505898215633645,
            0.020815265475929885,
            0.08437565613627065,
            -0.04791752374370723,
            -0.005891340697293778,
            0.0006599281275143132,
            0.0033305126437634756,
            0.002210711047522519,
            -0.0008857835935903713,
            -9.222067830919279e-05
        ],
        [
            0.0,
            0.0,
            0.0,
            1.0000000000000004,
            0.0,
            0.5388095860316805,
            0.14966790273838798,
            -0.11242117890702302,
            -0.04928346376243643,
            -0.050237483378764866,
            0.22416075242517614,
            0.18293672826445562,
            -0.04791752374370723,
            -0.33129932480194413,
            -0.051776548009941456,
            0.020122649355910974,
            0.1015546016477785,
            -0.0008857835935903716,
            -0.02476971502416786,
            -0.0028120098168416116
        ],
        [
            0.0,
            0.0,
            0.0,
            0.0,
            1.0000000000000004,
            0.04382321408665979,
            0.012172998984505983,
            -0.009143596399985876,
            -0.05023748337876492,
            0.5643040418375228,
            0.027560008538042705,
            0.02249161701298672,
            -0.005891340697293778,
            -0.051776548009941456,
            0.08346210360909259,
            0.0020950087430026696,
            0.010573050028412497,
            -9.222067830919279e-05,
            -0.0028120098168416107,
            0.0019469966851871886
        ],
        [
            0.6360130391440104,
            0.588182212543111,
            0.09806736046017037,
            0.5388095860316809,
            0.043823214086659845,
            0.9999999999999999,
            0.6848602514927513,
            0.0,
            0.0,
            0.0,
            0.5976538784663729,
            0.5751186106503354,
            -0.027065212564770617,
            -0.536577772556293,
            -0.08670293256921906,
            0.11965296636286529,
            0.30604113418528844,
            0.004896355168342074,
            -0.15687797558620636,
            -0.017865757164888037
        ],
        [
            0.588182212543111,
            0.9095498399821116,
            0.027240673788421058,
            0.14966790273838798,
            0.012172998984505985,
            0.6848602514927513,
            1.0000000000000002,
            0.0,
            0.0,
            0.0,
            0.5751186106503354,
            0.8969071565580597,
            -0.007938312129191846,
            -0.15737995147626363,
            -0.025430243328169025,
            0.30604113418528844,
            0.6050543099046587,
            0.005417935138853254,
            -0.17358926532457167,
            -0.019768891389192574
        ],
        [
            -0.09806736046017037,
            -0.02724067378842106,
            0.5479285345809929,
            -0.11242117890702306,
            -0.00914359639998588,
            0.0,
            0.0,
            1.0000000000000004,
            0.0,
            0.0,
            0.027065212564770607,
            0.007938312129191832,
            0.5212263742076318,
            -0.03324881187248623,
            -0.005372510083772411,
            -0.004896355168342073,
            -0.005417935138853256,
            0.049797013404239664,
            0.009231928274591905,
            0.0010513610218464903
        ],
        [
            -0.5388095860316805,
            -0.1496679027383878,
            -0.11242117890702302,
            -0.04928346376243643,
            -0.05023748337876492,
            0.0,
            0.0,
            0.0,
            1.0000000000000004,
            0.0,
            0.536577772556293,
            0.15737995147626355,
            -0.03324881187248622,
            -0.1362664398202401,
            -0.10651198422654089,
            0.15687797558620645,
            0.17358926532457183,
            0.0092319282745919,
            -0.24570348310408519,
            -0.03368534002270315
        ],
        [
            -0.04382321408665979,
            -0.01217299898450603,
            -0.009143596399985866,
            -0.050237483378764866,
            0.5643040418375228,
            0.0,
            0.0,
            0.0,
            0.0,
            1.0000000000000004,
            0.08670293256921906,
            0.02543024332816898,
            -0.005372510083772408,
            -0.10651198422654086,
            0.505692716923164,
            0.017865757164888033,
            0.019768891389192574,
            0.0010513610218464901,
            -0.03368534002270317,
            0.046248960829865564
        ],
        [
            0.17604747467267928,
            0.35805737149587336,
            0.02550589821563365,
            0.22416075242517625,
            0.027560008538042715,
            0.5976538784663729,
            0.5751186106503354,
            0.027065212564770607,
            0.536577772556293,
            0.08670293256921906,
            0.9999999999999999,
            0.6848602514927513,
            0.0,
            0.0,
            0.0,
            0.5089700753481742,
            0.5420990164223027,
            0.05167513526116616,
            -0.5099618499697123,
            -0.03718545800390914
        ],
        [
            0.35805737149587336,
            0.6673733750402788,
            0.02081526547592989,
            0.18293672826445567,
            0.022491617012986718,
            0.5751186106503354,
            0.8969071565580597,
            0.007938312129191836,
            0.15737995147626363,
            0.025430243328169035,
            0.6848602514927513,
            1.0000000000000002,
            0.0,
            0.0,
            0.0,
            0.5420990164223027,
            0.8644539475316438,
            0.017434291506016816,
            -0.17205225500398488,
            -0.01254572651524527
        ],
        [
            -0.025505898215633645,
            -0.020815265475929885,
            0.08437565613627065,
            -0.04791752374370723,
            -0.005891340697293778,
            -0.027065212564770607,
            -0.007938312129191844,
            0.5212263742076318,
            -0.03324881187248622,
            -0.00537251008377241,
            0.0,
            0.0,
            1.0000000000000004,
            0.0,
            0.0,
            -0.05167513526116616,
            -0.017434291506016806,
            0.4124332013222607,
            0.07271231997153828,
            0.005302045478164746
        ],
        [
            -0.22416075242517614,
            -0.1829367282644555,
            -0.04791752374370723,
            -0.33129932480194413,
            -0.051776548009941456,
            -0.536577772556293,
            -0.15737995147626355,
            -0.03324881187248623,
            -0.1362664398202401,
            -0.10651198422654092,
            0.0,
            0.0,
            0.0,
            1.0000000000000004,
            0.0,
            0.5099618499697119,
            0.17205225500398452,
            0.07271231997153824,
            -0.2977684187329872,
            -0.05232382860738005
        ],
        [
            -0.027560008538042705,
            -0.022491617012986714,
            -0.005891340697293778,
            -0.051776548009941456,
            0.08346210360909259,
            -0.08670293256921904,
            -0.025430243328168994,
            -0.00537251008377241,
            -0.10651198422654085,
            0.505692716923164,
            0.0,
            0.0,
            0.0,
            0.0,
            1.0000000000000004,
            0.03718545800390914,
            0.012545726515245267,
            0.005302045478164746,
            -0.052323828607380087,
            0.41598588558385124
        ],
        [
            0.016468138823129367,
            0.13297220198446574,
            0.0006599281275143133,
            0.020122649355910974,
            0.0020950087430026696,
            0.11965296636286529,
            0.30604113418528844,
            -0.004896355168342074,
            0.15687797558620645,
            0.017865757164888037,
            0.5089700753481742,
            0.5420990164223027,
            -0.05167513526116616,
            0.5099618499697119,
            0.03718545800390914,
            0.9999999999999999,
            0.6848602514927513,
            0.0,
            0.0,
            0.0
        ],
        [
            0.1329722019844657,
            0.35919440757694027,
            0.003330512643763474,
            0.10155460164777838,
            0.010573050028412492,
            0.30604113418528844,
            0.6050543099046587,
            -0.005417935138853256,
            0.17358926532457183,
            0.019768891389192574,
            0.5420990164223027,
            0.8644539475316438,
            -0.01743429150601682,
            0.17205225500398455,
            0.01254572651524527,
            0.6848602514927513,
            1.0000000000000002,
            0.0,
            0.0,
            0.0
        ],
        [
            -0.0006599281275143132,
            -0.0033305126437634734,
            0.002210711047522519,
            -0.0008857835935903713,
            -9.222067830919279e-05,
            0.004896355168342073,
            0.005417935138853256,
            0.049797013404239664,
            0.009231928274591902,
            0.0010513610218464903,
            0.05167513526116616,
            0.017434291506016806,
            0.4124332013222607,
            0.07271231997153824,
            0.005302045478164746,
            0.0,
            0.0,
            1.0000000000000004,
            0.0,
            0.0
        ],
        [
            -0.020122649355910974,
            -0.1015546016477785,
            -0.0008857835935903716,
            -0.02476971502416786,
            -0.0028120098168416116,
            -0.15687797558620636,
            -0.17358926532457203,
            0.009231928274591903,
            -0.24570348310408524,
            -0.03368534002270317,
            -0.5099618499697122,
            -0.17205225500398486,
            0.07271231997153828,
            -0.2977684187329872,
            -0.052323828607380087,
            0.0,
            0.0,
            0.0,
            1.0000000000000004,
            0.0
        ],
        [
            -0.0020950087430026696,
            -0.010573050028412495,
            -9.222067830919279e-05,
            -0.0028120098168416107,
            0.0019469966851871886,
            -0.017865757164888033,
            -0.01976889138919258,
            0.0010513610218464901,
            -0.03368534002270315,
            0.046248960829865564,
            -0.03718545800390914,
            -0.012545726515245268,
            0.005302045478164746,
            -0.05232382860738005,
            0.41598588558385124,
            0.0,
            0.0,
            0.0,
            0.0,
            1.0000000000000004
        ]
    ],
    "h": [
        [
            -0.35353998303397005,
            -0.5023916593770404,
            -0.0630636733258734,
            -0.34863752230281986,
            -0.0296058500371391,
            -0.6609095975097679,
            -0.5016559138610606,
            0.000346052437138783,
            -0.016431352858447323,
            -0.0059124325467859035,
            -0.33558848336237296,
            -0.36698498572384314,
            0.026255500153419167,
            0.378726166436408,
            0.05285263565122488,
            -0.02282648911307686,
            -0.15837476488300262,
            -0.0006211404705023888,
            0.08211519164173786,
            0.00852273870144446
        ],
        [
            -0.5023916593770404,
            -0.32416456182203635,
            -0.04866842823943543,
            -0.2764731941793972,
            -0.024239884728014822,
            -0.5907623492752423,
            -0.37603353491154534,
            0.03431495109623227,
            0.10103283443198285,
            -0.0021081851650005846,
            -0.3889841035712527,
            -0.3337679584063118,
            0.020167938383038597,
            0.219868197926407,
            0.03612434252771973,
            -0.15092604575777274,
            -0.20933459160162282,
            -0.008250851311098768,
            0.12415149672968656,
            0.010874742226180706
        ],
        [
            -0.0630636733258734,
            -0.04866842823943543,
            1.4405939384150244,
            -0.05917338625569815,
            -0.0050208002214633275,
            -0.012944230497333509,
            -0.046660747203938514,
            0.511978373971663,
            -0.17396249266773295,
            -0.01511325301189139,
            -0.043727402946482544,
            -0.0384389942966198,
            -0.04291103238154198,
            0.034120922188760186,
            0.005574500716800709,
            -0.0065297184952820934,
            -0.019401560763187053,
            -0.007148176596933052,
            0.009040919996602224,
            0.0008925999051068946
        ],
        [
            -0.34863752230281986,
            -0.2764731941793972,
            -0.05917338625569815,
            1.1134053435548734,
            -0.02921273279599108,
            -0.09530103464253115,
            -0.27543804775998393,
            -0.16682716930008595,
            -0.4396123006107424,
            -0.0875017967627456,
            -0.30050405474704595,
            -0.23125886286301606,
            0.003856420201110572,
            0.10195258774829086,
            0.026982370928866295,
            -0.08755265139706697,
            -0.14302956440661901,
            -0.0008793326981666339,
            0.11575060762122755,
            0.012162842463376898
        ],
        [
            -0.0296058500371391,
            -0.024239884728014822,
            -0.0050208002214633275,
            -0.02921273279599108,
            1.4485331987222747,
            -0.011193357001219179,
            -0.025046353072562526,
            -0.013503707458298108,
            -0.0819071406793953,
            0.5347645623013426,
            -0.030712463666776643,
            -0.02110064717959955,
            -0.00019701334875717527,
            0.008192927779105144,
            -0.04258159653426716,
            -0.00985285274676019,
            -0.014286840007943558,
            -0.00011770702688094765,
            0.01294435636272385,
            -0.0056748445367121505
        ],
        [
            -0.6609095975097679,
            -0.5907623492752423,
            -0.012944230497333509,
            -0.09530103464253115,
            -0.011193357001219179,
            -0.5656436017455757,
            -0.6467607264988156,
            0.04488825340389545,
            0.06315727987764837,
            -0.015675647520033677,
            -0.5871000700111169,
            -0.5610381659521826,
            0.0169049006972717,
            0.08977027811282845,
            0.013887162992021307,
            -0.2452487935686593,
            -0.3485164587092885,
            -0.015542631617716487,
            0.24759062284273867,
            0.02335885245503691
        ],
        [
            -0.5016559138610606,
            -0.37603353491154534,
            -0.046660747203938514,
            -0.27543804775998393,
            -0.025046353072562526,
            -0.6467607264988156,
            -0.4394746701169401,
            0.03118136265676578,
            0.004226318088600439,
            -0.016825274061166344,
            -0.5407094391169072,
            -0.4206030374089227,
            0.028402344854237233,
            0.1640127985494123,
            0.033362240230452686,
            -0.3041162951413151,
            -0.30972957600836093,
            -0.016558787729984644,
            0.18132578928045195,
            0.014338073131573217
        ],
        [
            0.000346052437138783,
            0.03431495109623227,
            0.511978373971663,
            -0.16682716930008595,
            -0.013503707458298108,
            0.04488825340389545,
            0.03118136265676578,
            1.3563306247994513,
            -0.0700111400888784,
            -0.006826103234497006,
            0.012804306447236423,
            0.014782853340690669,
            0.45842888618054156,
            -0.07051855836714115,
            -0.010653943817218195,
            -0.00683570464318267,
            -0.0013871545643962292,
            -0.04661964427638182,
            0.005305507962694352,
            0.00041468091499144563
        ],
        [
            -0.016431352858447323,
            0.10103283443198285,
            -0.17396249266773295,
            -0.4396123006107424,
            -0.0819071406793953,
            0.06315727987764837,
            0.004226318088600439,
            -0.0700111400888784,
            0.7282489594327433,
            -0.07592197975134513,
            -0.018442849759749302,
            -0.12049460311324078,
            -0.047593080304415156,
            -0.6871917202466851,
            -0.17453098215668414,
            -0.31726666428325345,
            -0.19630918673456527,
            -0.02095243116013628,
            0.18733594960692374,
            0.019001899267136108
        ],
        [
            -0.0059124325467859035,
            -0.0021081851650005846,
            -0.01511325301189139,
            -0.0875017967627456,
            0.5347645623013426,
            -0.015675647520033677,
            -0.016825274061166344,
            -0.006826103234497006,
            -0.07592197975134513,
            1.356972457605417,
            -0.0053704435239274595,
            -0.028191726047272138,
            -0.007173234775444959,
            -0.17257247153698588,
            0.4357284744319101,
            -0.042463722467839596,
            -0.03205013690861077,
            -0.0029996668703214276,
            0.03453887397151086,
            -0.04321733169126904
        ],
        [
            -0.33558848336237296,
            -0.3889841035712527,
            -0.043727402946482544,
            -0.30050405474704595,
            -0.030712463666776643,
            -0.5871000700111169,
            -0.5407094391169072,
            0.012804306447236423,
            -0.018442849759749302,
            -0.0053704435239274595,
            -0.4580239588935142,
            -0.6103785414083245,
            0.038546952317632596,
            0.0330406894878815,
            0.02580263668340535,
            -0.5451067510974932,
            -0.529850115429847,
            -0.005899538869589965,
            0.08590012155864901,
            0.008261706981222403
        ],
        [
            -0.36698498572384314,
            -0.3337679584063118,
            -0.0384389942966198,
            -0.23125886286301606,
            -0.02110064717959955,
            -0.5610381659521826,
            -0.4206030374089227,
            0.014782853340690669,
            -0.12049460311324078,
            -0.028191726047272138,
            -0.6103785414083245,
            -0.44107318901380554,
            0.03345194862616367,
            0.04078476137477148,
            0.022513207678346265,
            -0.4394357333546004,
            -0.3628431237742462,
            -0.020025489260461146,
            0.21815476976564319,
            0.01742212066775644
        ],
        [
            0.026255500153419167,
            0.020167938383038597,
            -0.04291103238154198,
            0.003856420201110572,
            -0.00019701334875717527,
            0.0169049006972717,
            0.028402344854237233,
            0.45842888618054156,
            -0.047593080304415156,
            -0.007173234775444959,
            0.038546952317632596,
            0.03345194862616367,
            1.3959067236218943,
            0.003855380735673378,
            -0.0012262031678679378,
            0.004085279537347067,
            0.024929018772998288,
            0.31931813637591894,
            0.09328567859146747,
            0.0066009346002471395
        ],
        [
            0.378726166436408,
            0.219868197926407,
            0.034120922188760186,
            0.10195258774829086,
            0.008192927779105144,
            0.08977027811282845,
            0.1640127985494123,
            -0.07051855836714115,
            -0.6871917202466851,
            -0.17257247153698588,
            0.0330406894878815,
            0.04078476137477148,
            0.003855380735673378,
            0.7939413369398127,
            -0.07272608919115658,
            -0.03880301082978033,
            -0.09237900655743886,
            0.09906664495030465,
            -0.6751611898175303,
            -0.07429868987715808
        ],
        [
            0.05285263565122488,
            0.03612434252771973,
            0.005574500716800709,
            0.026982370928866295,
            -0.04258159653426716,
            0.013887162992021307,
            0.033362240230452686,
            -0.010653943817218195,
            -0.17453098215668414,
            0.4357284744319101,
            0.02580263668340535,
            0.022513207678346265,
            -0.0012262031678679378,
            -0.07272608919115658,
            1.389678140675318,
            -0.0007720299355846519,
            0.0025773032940966077,
            0.007448291375062853,
            -0.07842759572274556,
            0.32314560562924305
        ],
        [
            -0.02282648911307686,
            -0.15092604575777274,
            -0.0065297184952820934,
            -0.08755265139706697,
            -0.00985285274676019,
            -0.2452487935686593,
            -0.3041162951413151,
            -0.00683570464318267,
            -0.31726666428325345,
            -0.042463722467839596,
            -0.5451067510974932,
            -0.4394357333546004,
            0.004085279537347067,
            -0.03880301082978033,
            -0.0007720299355846519,
            -0.23195159027452417,
            -0.4517033034346285,
            -0.026288010740890697,
            0.26078992108610616,
            0.01960504566725716
        ],
        [
            -0.15837476488300262,
            -0.20933459160162282,
            -0.019401560763187053,
            -0.14302956440661901,
            -0.014286840007943558,
            -0.3485164587092885,
            -0.30972957600836093,
            -0.0013871545643962292,
            -0.19630918673456527,
            -0.03205013690861077,
            -0.529850115429847,
            -0.3628431237742462,
            0.024929018772998288,
            -0.09237900655743886,
            0.0025773032940966077,
            -0.4517033034346285,
            -0.30611169594915744,
            -0.022600354998150142,
            0.23066271366877267,
            0.017699428008673294
        ],
        [
            -0.0006211404705023888,
            -0.008250851311098768,
            -0.007148176596933052,
            -0.0008793326981666339,
            -0.00011770702688094765,
            -0.015542631617716487,
            -0.016558787729984644,
            -0.04661964427638182,
            -0.02095243116013628,
            -0.0029996668703214276,
            -0.005899538869589965,
            -0.020025489260461146,
            0.31931813637591894,
            0.09906664495030465,
            0.007448291375062853,
            -0.026288010740890697,
            -0.022600354998150142,
            1.499832334910879,
            0.02450344350225686,
            0.0018126288200920756
        ],
        [
            0.08211519164173786,
            0.12415149672968656,
            0.009040919996602224,
            0.11575060762122755,
            0.01294435636272385,
            0.24759062284273867,
            0.18132578928045195,
            0.005305507962694352,
            0.18733594960692374,
            0.03453887397151086,
            0.08590012155864901,
            0.21815476976564319,
            0.09328567859146747,
            -0.6751611898175303,
            -0.07842759572274556,
            0.26078992108610616,
            0.23066271366877267,
            0.02450344350225686,
            1.2500534405025507,
            -0.019215129631468805
        ],
        [
            0.00852273870144446,
            0.010874742226180706,
            0.0008925999051068946,
            0.012162842463376898,
            -0.0056748445367121505,
            0.02335885245503691,
            0.014338073131573217,
            0.00041468091499144563,
            0.019001899267136108,
            -0.04321733169126904,
            0.008261706981222403,
            0.01742212066775644,
            0.0066009346002471395,
            -0.07429868987715808,
            0.32314560562924305,
            0.01960504566725716,
            0.017699428008673294,
            0.0018126288200920756,
            -0.019215129631468805,
            1.5008069230254324
        ]
    ]
}