{
    "HF": -2.132515106226,
    "coordinates": [
        [
            0.732971,
            -0.099984,
            -0.043666
        ],
        [
            1.471264,
            -0.000117,
            -0.037992
        ],
        [
            2.172361,
            -0.156988,
            0.069191
        ],
        [
            2.975956,
            0.123272,
            -0.112117
        ]
    ],
    "elements": [
        "H",
        "H",
        "H",
        "H"
    ],
    "Enn": 2.997886657969401,
    "S": [
        [
            0.9999999999999999,
            0.6848602514927513,
            0.0,
            0.0,
            0.0,
            0.5666562906341951,
            0.56404869938745,
            -0.004084949694107982,
            -0.5315279810560554,
            -0.07189842634851622,
            0.14423909080881286,
            0.3302943229231129,
            -0.014746526009545912,
            -0.1880787374543031,
            0.007448461049364725,
            0.012050962065345982,
            0.11630446067683735,
            0.0004364047636696486,
            -0.014300000567406854,
            -0.0014233536678475269
        ],
        [
            0.6848602514927513,
            1.0000000000000002,
            0.0,
            0.0,
            0.0,
            0.56404869938745,
            0.8861081252755675,
            -0.0012551836492522867,
            -0.16332275325298204,
            -0.022092249823736067,
            0.3302943229231129,
            0.6345734144512754,
            -0.014093235227559888,
            -0.17974659838731682,
            0.007118484284641827,
            0.11630446067683735,
            0.330284146230155,
            0.002793687305396157,
            -0.09154283678388926,
            -0.0091117361770248
        ],
        [
            0.0,
            0.0,
            1.0000000000000004,
            0.0,
            0.0,
            0.004084949694107982,
            0.0012551836492522867,
            0.4864477471783211,
            -0.005290816802719525,
            -0.0007156752151749924,
            0.0147465260095459,
            0.014093235227559876,
            0.06432544813913514,
            -0.02805597543806987,
            0.0011110976343254677,
            -0.0004364047636696486,
            -0.0027936873053961576,
            0.0013419265449966012,
            0.0005414799680922805,
            5.3896326438389104e-05
        ],
        [
            0.0,
            0.0,
            0.0,
            1.0000000000000004,
            0.0,
            0.5315279810560554,
            0.1633227532529822,
            -0.005290816802719525,
            -0.20194532586141692,
            -0.09312266507528907,
            0.18807873745430298,
            0.1797465983873168,
            -0.02805597543806986,
            -0.29130364105044004,
            0.014171055617921214,
            0.014300000567406854,
            0.09154283678388923,
            0.0005414799680922807,
            -0.016384626875126342,
            -0.0017660611496750991
        ],
        [
            0.0,
            0.0,
            0.0,
            0.0,
            1.0000000000000004,
            0.07189842634851622,
            0.022092249823736074,
            -0.0007156752151749927,
            -0.09312266507528912,
            0.47389194467371204,
            -0.007448461049364721,
            -0.007118484284641826,
            0.001111097634325467,
            0.01417105561792121,
            0.06596399388807758,
            0.0014233536678475269,
            0.0091117361770248,
            5.389632643838912e-05,
            -0.001766061149675099,
            0.0011826660493909778
        ],
        [
            0.5666562906341951,
            0.56404869938745,
            0.004084949694107982,
            0.5315279810560554,
            0.07189842634851622,
            0.9999999999999999,
            0.6848602514927513,
            0.0,
            0.0,
            0.0,
            0.5817142764266837,
            0.5694858822845086,
            -0.07976564134610384,
            -0.521756732418661,
            0.11674347539819427,
            0.12188384245386008,
            0.30836427936707844,
            0.00788561793910219,
            -0.16007320375073925,
            -0.01312645547234914
        ],
        [
            0.56404869938745,
            0.8861081252755675,
            0.0012551836492522867,
            0.1633227532529822,
            0.022092249823736074,
            0.6848602514927513,
            1.0000000000000002,
            0.0,
            0.0,
            0.0,
            0.5694858822845086,
            0.8914222437597931,
            -0.02395471724445905,
            -0.15669071024265535,
            0.03505966850018695,
            0.30836427936707844,
            0.6079193287349209,
            0.008600643959415025,
            -0.17458779306010255,
            -0.014316692850027117
        ],
        [
            -0.004084949694107982,
            -0.0012551836492522867,
            0.4864477471783211,
            -0.005290816802719525,
            -0.0007156752151749924,
            0.0,
            0.0,
            1.0000000000000004,
            0.0,
            0.0,
            0.07976564134610384,
            0.023954717244459047,
            0.48909872677258465,
            -0.09835189295738146,
            0.022006312678726905,
            -0.007885617939102182,
            -0.008600643959415014,
            0.05078024701986555,
            0.014916912678294848,
            0.0012232290318963108
        ],
        [
            -0.5315279810560554,
            -0.1633227532529824,
            -0.005290816802719525,
            -0.20194532586141692,
            -0.09312266507528907,
            0.0,
            0.0,
            0.0,
            1.0000000000000004,
            0.0,
            0.5217567324186609,
            0.15669071024265496,
            -0.09835189295738153,
            -0.13919699331820504,
            0.1439459597148559,
            0.1600732037507392,
            0.17458779306010247,
            0.014916912678294853,
            -0.2512890784261648,
            -0.02483079849527317
        ],
        [
            -0.07189842634851622,
            -0.022092249823736074,
            -0.0007156752151749927,
            -0.09312266507528912,
            0.47389194467371204,
            0.0,
            0.0,
            0.0,
            0.0,
            1.0000000000000004,
            -0.11674347539819425,
            -0.035059668500186936,
            0.022006312678726905,
            0.1439459597148558,
            0.4719266440171626,
            0.013126455472349132,
            0.014316692850027103,
            0.0012232290318963106,
            -0.02483079849527316,
            0.049478896814471575
        ],
        [
            0.14423909080881286,
            0.3302943229231129,
            0.014746526009545912,
            0.18807873745430317,
            -0.00744846104936473,
            0.5817142764266837,
            0.5694858822845086,
            0.07976564134610384,
            0.521756732418661,
            -0.11674347539819425,
            0.9999999999999999,
            0.6848602514927513,
            0.0,
            0.0,
            0.0,
            0.468635384949674,
            0.5255871275326279,
            0.1026384670588012,
            -0.45491516610473526,
            -0.1586551987661859
        ],
        [
            0.3302943229231129,
            0.6345734144512754,
            0.014093235227559888,
            0.17974659838731682,
            -0.007118484284641839,
            0.5694858822845086,
            0.8914222437597931,
            0.02395471724445905,
            0.156690710242655,
            -0.035059668500186936,
            0.6848602514927513,
            1.0000000000000002,
            0.0,
            0.0,
            0.0,
            0.5255871275326279,
            0.8479437618071616,
            0.03719550887119655,
            -0.1648582795648794,
            -0.057495605909510604
        ],
        [
            -0.0147465260095459,
            -0.014093235227559873,
            0.06432544813913514,
            -0.02805597543806986,
            0.001111097634325467,
            -0.07976564134610384,
            -0.023954717244459047,
            0.48909872677258465,
            -0.09835189295738153,
            0.022006312678726905,
            0.0,
            0.0,
            1.0000000000000004,
            0.0,
            0.0,
            -0.10263846705880117,
            -0.037195508871196506,
            0.34229180880326027,
            0.1415547384430958,
            0.049368314880085154
        ],
        [
            -0.18807873745430298,
            -0.1797465983873168,
            -0.02805597543806987,
            -0.29130364105044004,
            0.01417105561792121,
            -0.5217567324186609,
            -0.15669071024265496,
            -0.09835189295738146,
            -0.1391969933182052,
            0.1439459597148558,
            0.0,
            0.0,
            0.0,
            1.0000000000000004,
            0.0,
            0.45491516610473526,
            0.16485827956487933,
            0.14155473844309582,
            -0.2531706785070763,
            -0.21881070331183422
        ],
        [
            0.007448461049364721,
            0.007118484284641826,
            0.0011110976343254677,
            0.014171055617921214,
            0.06596399388807758,
            0.11674347539819427,
            0.03505966850018694,
            0.022006312678726905,
            0.1439459597148559,
            0.4719266440171626,
            0.0,
            0.0,
            0.0,
            0.0,
            1.0000000000000004,
            0.1586551987661858,
            0.05749560590951054,
            0.04936831488008515,
            -0.21881070331183414,
            0.297917613851159
        ],
        [
            0.012050962065345982,
            0.11630446067683735,
            -0.0004364047636696486,
            0.014300000567406854,
            0.0014233536678475269,
            0.12188384245386008,
            0.30836427936707844,
            -0.007885617939102188,
            0.1600732037507393,
            0.013126455472349141,
            0.468635384949674,
            0.5255871275326279,
            -0.1026384670588012,
            0.45491516610473526,
            0.1586551987661859,
            0.9999999999999999,
            0.6848602514927513,
            0.0,
            0.0,
            0.0
        ],
        [
            0.11630446067683735,
            0.330284146230155,
            -0.0027936873053961593,
            0.09154283678388919,
            0.0091117361770248,
            0.30836427936707844,
            0.6079193287349209,
            -0.00860064395941502,
            0.17458779306010255,
            0.014316692850027122,
            0.5255871275326279,
            0.8479437618071616,
            -0.03719550887119655,
            0.1648582795648794,
            0.057495605909510604,
            0.6848602514927513,
            1.0000000000000002,
            0.0,
            0.0,
            0.0
        ],
        [
            0.0004364047636696486,
            0.0027936873053961576,
            0.0013419265449966012,
            0.0005414799680922805,
            5.3896326438389104e-05,
            0.007885617939102182,
            0.008600643959415009,
            0.05078024701986555,
            0.014916912678294853,
            0.0012232290318963108,
            0.10263846705880117,
            0.037195508871196506,
            0.34229180880326027,
            0.1415547384430958,
            0.049368314880085154,
            0.0,
            0.0,
            1.0000000000000004,
            0.0,
            0.0
        ],
        [
            -0.014300000567406854,
            -0.09154283678388928,
            0.0005414799680922807,
            -0.016384626875126342,
            -0.0017660611496750991,
            -0.1600732037507392,
            -0.17458779306010247,
            0.014916912678294848,
            -0.2512890784261649,
            -0.024830798495273164,
            -0.45491516610473526,
            -0.16485827956487933,
            0.14155473844309582,
            -0.2531706785070763,
            -0.21881070331183422,
            0.0,
            0.0,
            0.0,
            1.0000000000000004,
            0.0
        ],
        [
            -0.0014233536678475269,
            -0.009111736177024805,
            5.389632643838912e-05,
            -0.001766061149675099,
            0.0011826660493909778,
            -0.013126455472349134,
            -0.014316692850027096,
            0.0012232290318963106,
            -0.024830798495273167,
            0.049478896814471575,
            -0.1586551987661858,
            -0.05749560590951054,
            0.04936831488008515,
            -0.21881070331183414,
            0.297917613851159,
            0.0,
            0.0,
            0.0,
            0.0,
            1.0000000000000004
        ]
    ],
    "h": [
        [
            -0.2889947145439271,
            -0.47711868715565875,
            -0.005062969660709071,
            -0.30232858778668836,
            -0.03582975176466886,
            -0.6002160251345274,
            -0.4705457628152466,
            -0.009421005907239472,
            0.013494070874811692,
            0.020242300221081713,
            -0.2889108769547949,
            -0.3344103333860385,
            0.03169992498970671,
            0.33957377116256715,
            -0.034085193327042095,
            -0.009868354872747356,
            -0.1370451303476976,
            -0.0037438332724878927,
            0.06664241747194036,
            0.00768096953078307
        ],
        [
            -0.47711868715565875,
            -0.31908689475809493,
            -0.005233895361111915,
            -0.2554750808057592,
            -0.027873214675483482,
            -0.5594211189792186,
            -0.3733024523379618,
            -0.01704245983419322,
            0.10209828217605316,
            0.05637072657340981,
            -0.3618580041296351,
            -0.323102934798279,
            0.036770269079106944,
            0.21068368604909218,
            -0.05010285316243719,
            -0.1311316541917917,
            -0.19674788044850777,
            -0.015685205140142364,
            0.10965334757281761,
            0.025271773190482055
        ],
        [
            -0.005062969660709071,
            -0.005233895361111915,
            1.4698687435254745,
            -0.004934607039987144,
            -0.00016343378608771114,
            -0.0062749314591070676,
            -0.00630308041112964,
            0.41749088565887127,
            -0.00931068765355168,
            0.00030492837987765786,
            -0.0117690393135596,
            -0.004856934314449179,
            -0.04680609564484829,
            0.0020890885372773504,
            -0.0012942153200132347,
            -0.0014396644722628766,
            -0.003203027721926879,
            -0.004671104868330646,
            1.9871244171736514e-05,
            0.00020497506633923883
        ],
        [
            -0.30232858778668836,
            -0.2554750808057592,
            -0.004934607039987144,
            1.1716712485304241,
            -0.034460054981523894,
            -0.0950218103251812,
            -0.2509645881275594,
            -0.019368863910817113,
            -0.6002258326763419,
            -0.11008125765116,
            -0.2753383446292551,
            -0.20936193801033742,
            0.030429120862120664,
            0.1511869731873301,
            -0.04340954730342074,
            -0.06991606741904412,
            -0.12824316395700977,
            -0.006909698641375546,
            0.09110982632930714,
            0.013801380845442378
        ],
        [
            -0.03582975176466886,
            -0.027873214675483482,
            -0.00016343378608771114,
            -0.034460054981523894,
            1.4651989722873182,
            -0.0004172480216592389,
            -0.024168333435779038,
            -0.0012465894338738184,
            -0.13265587987218944,
            0.40058207692695913,
            -0.012790551460474468,
            -0.020558512452696097,
            0.0029421343521828978,
            0.026760880910564375,
            -0.05092005567252518,
            -0.002730682296809543,
            -0.009349615199257073,
            -0.00029517891640210535,
            0.007219304753385161,
            -0.003777227561833412
        ],
        [
            -0.6002160251345274,
            -0.5594211189792186,
            -0.0062749314591070676,
            -0.0950218103251812,
            -0.0004172480216592389,
            -0.5004871332014478,
            -0.6258276835446857,
            -0.03619895477807051,
            0.02865541538193292,
            0.09366660116100482,
            -0.5704835810551689,
            -0.5460085086048421,
            0.018695087427197415,
            0.07193472778807208,
            -0.02199472854983947,
            -0.24296994487014778,
            -0.3434759322516716,
            -0.029413492553834197,
            0.23078706143111424,
            0.046397127124508386
        ],
        [
            -0.4705457628152466,
            -0.3733024523379618,
            -0.00630308041112964,
            -0.2509645881275594,
            -0.024168333435779038,
            -0.6258276835446857,
            -0.4443522308015808,
            -0.028564874847435102,
            -0.007170641740880709,
            0.07266701581632007,
            -0.5316990877745551,
            -0.4233204174130807,
            0.0558541522886135,
            0.15880631893599417,
            -0.07958281304638835,
            -0.29963117449241006,
            -0.3113027620257107,
            -0.03207142506745763,
            0.16466096448034961,
            0.04961485655716892
        ],
        [
            -0.009421005907239472,
            -0.01704245983419322,
            0.41749088565887127,
            -0.019368863910817113,
            -0.0012465894338738184,
            -0.03619895477807051,
            -0.028564874847435102,
            1.37747410313377,
            -0.039923074542852315,
            0.008377542086737385,
            -0.0006870960465003018,
            -0.02823879709600737,
            0.41240944072539243,
            -0.13963726128615822,
            0.030492565987052224,
            -0.01344031760499186,
            -0.023408213187908138,
            -0.04775810168662345,
            0.01849796219443851,
            0.004576765850508927
        ],
        [
            0.013494070874811692,
            0.10209828217605316,
            -0.00931068765355168,
            -0.6002258326763419,
            -0.13265587987218944,
            0.02865541538193292,
            -0.007170641740880709,
            -0.039923074542852315,
            0.7891756316068785,
            0.015953653410435035,
            -0.03502913857818535,
            -0.128257892134378,
            -0.12799602133039795,
            -0.6539980626353018,
            0.18109293469074328,
            -0.30381529207600705,
            -0.19568787440935456,
            -0.037625551400666285,
            0.1496626242735915,
            0.05796990368001992
        ],
        [
            0.020242300221081713,
            0.05637072657340981,
            0.00030492837987765786,
            -0.11008125765116,
            0.40058207692695913,
            0.09366660116100482,
            0.07266701581632007,
            0.008377542086737385,
            0.015953653410435035,
            1.3654360187534929,
            0.008177480807564114,
            0.058382825438558134,
            0.029568113974787515,
            0.1875382285097133,
            0.38904780950308815,
            0.014658323746558378,
            0.03759657878075747,
            0.0040335119767483515,
            -0.026921907434216165,
            -0.05113461661377694
        ],
        [
            -0.2889108769547949,
            -0.3618580041296351,
            -0.0117690393135596,
            -0.2753383446292551,
            -0.012790551460474468,
            -0.5704835810551689,
            -0.5316990877745551,
            -0.0006870960465003018,
            -0.03502913857818535,
            0.008177480807564114,
            -0.4267232727259531,
            -0.5946078321145021,
            0.08285013217468179,
            0.05430630373828402,
            -0.12451895187697491,
            -0.5217224721011684,
            -0.5153515705487137,
            -0.014045572871166728,
            0.09904684132987407,
            0.02160458808752458
        ],
        [
            -0.3344103333860385,
            -0.323102934798279,
            -0.004856934314449179,
            -0.20936193801033742,
            -0.020558512452696097,
            -0.5460085086048421,
            -0.4233204174130807,
            -0.02823879709600737,
            -0.128257892134378,
            0.058382825438558134,
            -0.5946078321145021,
            -0.438469005851847,
            0.07006971663002728,
            0.053435787674138216,
            -0.10401706395304304,
            -0.42831712587941007,
            -0.36485971775108794,
            -0.03751631314132457,
            0.19542561614603066,
            0.05785567835433976
        ],
        [
            0.03169992498970671,
            0.036770269079106944,
            -0.04680609564484829,
            0.030429120862120664,
            0.0029421343521828978,
            0.018695087427197415,
            0.0558541522886135,
            0.41240944072539243,
            -0.12799602133039795,
            0.029568113974787515,
            0.08285013217468179,
            0.07006971663002728,
            1.3870985483058658,
            0.00015208039133396759,
            0.02297467026876062,
            0.01856269012857667,
            0.05452116862546139,
            0.2220080712407212,
            0.1676819212958472,
            0.061375681767913554
        ],
        [
            0.33957377116256715,
            0.21068368604909218,
            0.0020890885372773504,
            0.1511869731873301,
            0.026760880910564375,
            0.07193472778807208,
            0.15880631893599417,
            -0.13963726128615822,
            -0.6539980626353018,
            0.1875382285097133,
            0.05430630373828402,
            0.053435787674138216,
            0.00015208039133396759,
            0.8908753759641037,
            -0.00784839018111767,
            -0.048220141470181055,
            -0.07101790707515332,
            0.18389450387337947,
            -0.5752971197108764,
            -0.2848534693677759
        ],
        [
            -0.034085193327042095,
            -0.05010285316243719,
            -0.0012942153200132347,
            -0.04340954730342074,
            -0.05092005567252518,
            -0.02199472854983947,
            -0.07958281304638835,
            0.030492565987052224,
            0.18109293469074328,
            0.38904780950308815,
            -0.12451895187697491,
            -0.10401706395304304,
            0.02297467026876062,
            -0.00784839018111767,
            1.3674810841995755,
            -0.03033473817798732,
            -0.08355244128193005,
            0.06132327121637046,
            -0.2596247412128406,
            0.16694739526017194
        ],
        [
            -0.009868354872747356,
            -0.1311316541917917,
            -0.0014396644722628766,
            -0.06991606741904412,
            -0.002730682296809543,
            -0.24296994487014778,
            -0.29963117449241006,
            -0.01344031760499186,
            -0.30381529207600705,
            0.014658323746558378,
            -0.5217224721011684,
            -0.42831712587941007,
            0.01856269012857667,
            -0.048220141470181055,
            -0.03033473817798732,
            -0.21116602184961097,
            -0.4425476509191546,
            -0.04753049717034369,
            0.2210337520541379,
            0.07304102752611219
        ],
        [
            -0.1370451303476976,
            -0.19674788044850777,
            -0.003203027721926879,
            -0.12824316395700977,
            -0.009349615199257073,
            -0.3434759322516716,
            -0.3113027620257107,
            -0.023408213187908138,
            -0.19568787440935456,
            0.03759657878075747,
            -0.5153515705487137,
            -0.36485971775108794,
            0.05452116862546139,
            -0.07101790707515332,
            -0.08355244128193005,
            -0.4425476509191546,
            -0.30814334508117613,
            -0.04242564185369309,
            0.20463148546119092,
            0.06524323429178597
        ],
        [
            -0.0037438332724878927,
            -0.015685205140142364,
            -0.004671104868330646,
            -0.006909698641375546,
            -0.00029517891640210535,
            -0.029413492553834197,
            -0.03207142506745763,
            -0.04775810168662345,
            -0.037625551400666285,
            0.0040335119767483515,
            -0.014045572871166728,
            -0.03751631314132457,
            0.2220080712407212,
            0.18389450387337947,
            0.06132327121637046,
            -0.04753049717034369,
            -0.04242564185369309,
            1.4889735945719378,
            0.04141560365874303,
            0.01422257725111601
        ],
        [
            0.06664241747194036,
            0.10965334757281761,
            1.9871244171736514e-05,
            0.09110982632930714,
            0.007219304753385161,
            0.23078706143111424,
            0.16466096448034961,
            0.01849796219443851,
            0.1496626242735915,
            -0.026921907434216165,
            0.09904684132987407,
            0.19542561614603066,
            0.1676819212958472,
            -0.5752971197108764,
            -0.2596247412128406,
            0.2210337520541379,
            0.20463148546119092,
            0.04141560365874303,
            1.2982499882114873,
            -0.06394647573614261
        ],
        [
            0.00768096953078307,
            0.025271773190482055,
            0.00020497506633923883,
            0.013801380845442378,
            -0.003777227561833412,
            0.046397127124508386,
            0.04961485655716892,
            0.004576765850508927,
            0.05796990368001992,
            -0.05113461661377694,
            0.02160458808752458,
            0.05785567835433976,
            0.061375681767913554,
            -0.2848534693677759,
            0.16694739526017194,
            0.07304102752611219,
            0.06524323429178597,
            0.01422257725111601,
            -0.06394647573614261,
            1.4762356263584755
        ]
    ]
}