{
    "HF": -2.1503131616592146,
    "coordinates": [
        [
            0.744319,
            -0.067392,
            0.008335
        ],
        [
            1.568291,
            -0.111135,
            0.050001
        ],
        [
            2.319838,
            -0.150364,
            0.187452
        ],
        [
            3.027464,
            0.183127,
            0.001071
        ]
    ],
    "elements": [
        "H",
        "H",
        "H",
        "H"
    ],
    "Enn": 2.9092350077260427,
    "S": [
        [
            0.9999999999999999,
            0.6848602514927513,
            0.0,
            0.0,
            0.0,
            0.5023745718082846,
            0.5394683992497376,
            -0.025757443634452218,
            -0.5093700462335444,
            0.027041421228383884,
            0.099718271074952,
            0.2839653618825222,
            -0.014923819134715594,
            -0.13127040202386134,
            0.006913130083943023,
            0.010334544485573903,
            0.10886982806583279,
            3.837418624962104e-05,
            -0.012061375476994911,
            -0.0013234392573057288
        ],
        [
            0.6848602514927513,
            1.0000000000000002,
            0.0,
            0.0,
            0.0,
            0.5394683992497376,
            0.8618365493124862,
            -0.008789064608778529,
            -0.17380941640244948,
            0.009227188911385763,
            0.2839653618825222,
            0.5774049438551188,
            -0.019028297161262447,
            -0.16737352521097962,
            0.008814439009498071,
            0.1088698280658328,
            0.3168894950915829,
            0.00027617313254808297,
            -0.08680386931600947,
            -0.009524589343724287
        ],
        [
            0.0,
            0.0,
            1.0000000000000004,
            0.0,
            0.0,
            0.02575744363445221,
            0.008789064608778522,
            0.4104253161916965,
            -0.036747041204725675,
            0.0019508257846362678,
            0.014923819134715592,
            0.01902829716126244,
            0.034744748713071524,
            -0.02776840752938118,
            0.0014623754518528912,
            -3.837418624962103e-05,
            -0.00027617313254808297,
            0.0010613097510940304,
            4.570283347329994e-05,
            5.014761716359507e-06
        ],
        [
            0.0,
            0.0,
            0.0,
            1.0000000000000004,
            0.0,
            0.5093700462335444,
            0.17380941640244946,
            -0.03674704120472567,
            -0.3144129069006521,
            0.03857883702343192,
            0.13127040202386134,
            0.16737352521097962,
            -0.02776840752938119,
            -0.20635014955962186,
            0.012863102382955363,
            0.01206137547699491,
            0.08680386931600946,
            4.570283347329993e-05,
            -0.013303384562448931,
            -0.0015761877944517654
        ],
        [
            0.0,
            0.0,
            0.0,
            0.0,
            1.0000000000000004,
            -0.027041421228383884,
            -0.009227188911385763,
            0.0019508257846362685,
            0.038578837023431956,
            0.41023544099074316,
            -0.006913130083943019,
            -0.008814439009498083,
            0.0014623754518528918,
            0.012863102382955363,
            0.03722425960473427,
            0.0013234392573057286,
            0.00952458934372428,
            5.014761716359506e-06,
            -0.0015761877944517654,
            0.0008885073208077754
        ],
        [
            0.5023745718082846,
            0.5394683992497376,
            0.025757443634452207,
            0.5093700462335444,
            -0.027041421228383905,
            0.9999999999999999,
            0.6848602514927513,
            0.0,
            0.0,
            0.0,
            0.5506262146103797,
            0.558132039085862,
            -0.09543001907674895,
            -0.5217869971631593,
            0.027236063894491732,
            0.12901407888774036,
            0.3156153270671247,
            0.005579060874335568,
            -0.16637676258301362,
            -0.03355212775401048
        ],
        [
            0.5394683992497376,
            0.8618365493124862,
            0.008789064608778523,
            0.17380941640244948,
            -0.009227188911385763,
            0.6848602514927513,
            1.0000000000000002,
            0.0,
            0.0,
            0.0,
            0.5581320390858618,
            0.8803031820097535,
            -0.03006611474590155,
            -0.1643938446350924,
            0.008580975150176943,
            0.3156153270671247,
            0.6168095427486414,
            0.005820223573521174,
            -0.17356863054252208,
            -0.03500246534215179
        ],
        [
            -0.025757443634452218,
            -0.008789064608778527,
            0.4104253161916965,
            -0.036747041204725675,
            0.0019508257846362692,
            0.0,
            0.0,
            1.0000000000000004,
            0.0,
            0.0,
            0.09543001907674892,
            0.030066114745901523,
            0.44485763895862435,
            -0.1254581830638744,
            0.006548624455174098,
            -0.005579060874335567,
            -0.005820223573521174,
            0.055821184563316514,
            0.010411684894106805,
            0.002099657285537532
        ],
        [
            -0.5093700462335444,
            -0.17380941640244946,
            -0.03674704120472567,
            -0.3144129069006521,
            0.038578837023431956,
            0.0,
            0.0,
            0.0,
            1.0000000000000004,
            0.0,
            0.5217869971631593,
            0.16439384463509202,
            -0.1254581830638745,
            -0.2181705556591023,
            0.03580620776431404,
            0.16637676258301348,
            0.17356863054252208,
            0.010411684894106812,
            -0.25432323525022243,
            -0.06261523033537009
        ],
        [
            0.027041421228383888,
            0.009227188911385763,
            0.0019508257846362672,
            0.03857883702343192,
            0.41023544099074316,
            0.0,
            0.0,
            0.0,
            0.0,
            1.0000000000000004,
            -0.02723606389449173,
            -0.008580975150176943,
            0.006548624455174108,
            0.03580620776431407,
            0.46593378056510576,
            0.033552127754010466,
            0.03500246534215178,
            0.002099657285537532,
            -0.06261523033537005,
            0.0435431070721088
        ],
        [
            0.099718271074952,
            0.2839653618825222,
            0.014923819134715594,
            0.13127040202386134,
            -0.006913130083943023,
            0.5506262146103797,
            0.558132039085862,
            0.09543001907674895,
            0.5217869971631593,
            -0.027236063894491732,
            0.9999999999999999,
            0.6848602514927513,
            0.0,
            0.0,
            0.0,
            0.5195811898304981,
            0.5462769806182979,
            0.12023785271471578,
            -0.45650270556067146,
            -0.21514125227186934
        ],
        [
            0.2839653618825222,
            0.5774049438551188,
            0.019028297161262458,
            0.16737352521097962,
            -0.008814439009498083,
            0.5581320390858618,
            0.8803031820097535,
            0.03006611474590155,
            0.16439384463509205,
            -0.008580975150176943,
            0.6848602514927513,
            1.0000000000000002,
            0.0,
            0.0,
            0.0,
            0.5462769806182979,
            0.8686010073606031,
            0.03984533595779813,
            -0.15127934554741593,
            -0.07129514775595185
        ],
        [
            -0.014923819134715592,
            -0.019028297161262447,
            0.034744748713071524,
            -0.02776840752938118,
            0.0014623754518528912,
            -0.09543001907674893,
            -0.0300661147459015,
            0.44485763895862435,
            -0.1254581830638744,
            0.0065486244551741036,
            0.0,
            0.0,
            1.0000000000000004,
            0.0,
            0.0,
            -0.12023785271471578,
            -0.03984533595779813,
            0.3929907410482604,
            0.14789956609107913,
            0.06970232042813583
        ],
        [
            -0.13127040202386134,
            -0.16737352521097962,
            -0.02776840752938119,
            -0.20635014955962186,
            0.012863102382955363,
            -0.5217869971631593,
            -0.16439384463509238,
            -0.1254581830638745,
            -0.2181705556591023,
            0.03580620776431407,
            0.0,
            0.0,
            0.0,
            1.0000000000000004,
            0.0,
            0.45650270556067146,
            0.1512793455474159,
            0.14789956609107907,
            -0.12957905220094104,
            -0.26463627835069053
        ],
        [
            0.006913130083943019,
            0.008814439009498071,
            0.0014623754518528918,
            0.012863102382955363,
            0.03722425960473427,
            0.02723606389449173,
            0.008580975150176943,
            0.006548624455174103,
            0.03580620776431404,
            0.46593378056510576,
            0.0,
            0.0,
            0.0,
            0.0,
            1.0000000000000004,
            0.21514125227186937,
            0.07129514775595183,
            0.06970232042813584,
            -0.2646362783506906,
            0.30722771357918954
        ],
        [
            0.010334544485573903,
            0.10886982806583279,
            -3.837418624962104e-05,
            0.012061375476994911,
            0.0013234392573057288,
            0.12901407888774036,
            0.3156153270671247,
            -0.005579060874335568,
            0.16637676258301348,
            0.03355212775401048,
            0.5195811898304981,
            0.5462769806182979,
            -0.12023785271471578,
            0.45650270556067146,
            0.21514125227186934,
            0.9999999999999999,
            0.6848602514927513,
            0.0,
            0.0,
            0.0
        ],
        [
            0.1088698280658328,
            0.3168894950915829,
            -0.000276173132548083,
            0.08680386931600947,
            0.009524589343724287,
            0.3156153270671247,
            0.6168095427486414,
            -0.005820223573521175,
            0.17356863054252208,
            0.0350024653421518,
            0.5462769806182979,
            0.8686010073606031,
            -0.039845335957798135,
            0.15127934554741593,
            0.07129514775595185,
            0.6848602514927513,
            1.0000000000000002,
            0.0,
            0.0,
            0.0
        ],
        [
            3.837418624962104e-05,
            0.0002761731325480829,
            0.0010613097510940304,
            4.570283347329994e-05,
            5.014761716359507e-06,
            0.005579060874335567,
            0.005820223573521171,
            0.055821184563316514,
            0.010411684894106812,
            0.002099657285537532,
            0.12023785271471578,
            0.039845335957798135,
            0.3929907410482604,
            0.14789956609107913,
            0.06970232042813583,
            0.0,
            0.0,
            1.0000000000000004,
            0.0,
            0.0
        ],
        [
            -0.012061375476994906,
            -0.08680386931600946,
            4.570283347329993e-05,
            -0.013303384562448931,
            -0.0015761877944517654,
            -0.16637676258301348,
            -0.17356863054252208,
            0.010411684894106805,
            -0.25432323525022243,
            -0.06261523033537005,
            -0.45650270556067146,
            -0.1512793455474159,
            0.14789956609107907,
            -0.12957905220094104,
            -0.26463627835069053,
            0.0,
            0.0,
            0.0,
            1.0000000000000004,
            0.0
        ],
        [
            -0.0013234392573057286,
            -0.009524589343724285,
            5.014761716359506e-06,
            -0.0015761877944517654,
            0.0008885073208077754,
            -0.033552127754010466,
            -0.03500246534215178,
            0.002099657285537532,
            -0.06261523033537009,
            0.0435431070721088,
            -0.21514125227186937,
            -0.07129514775595183,
            0.06970232042813584,
            -0.2646362783506906,
            0.30722771357918954,
            0.0,
            0.0,
            0.0,
            0.0,
            1.0000000000000004
        ]
    ],
    "h": [
        [
            -0.22845105627389795,
            -0.44935818357883694,
            -0.0145220044773002,
            -0.25474443360777616,
            0.014966621021557837,
            -0.5389704979907308,
            -0.43774335747314286,
            -0.004565154217463584,
            0.04070132934278481,
            0.0037495750962355592,
            -0.22016750377253164,
            -0.28996837752478577,
            0.03469387016941147,
            0.2911330680191861,
            -0.00471289192389128,
            -0.004563932987175855,
            -0.12491476592372536,
            -0.0012803638320785828,
            0.058850233874615764,
            0.009399344116613532
        ],
        [
            -0.44935818357883694,
            -0.3054976836856058,
            -0.013437956238834209,
            -0.22623533236374554,
            0.013311997091934029,
            -0.5200982329143979,
            -0.36170236973844094,
            -0.008767486385914722,
            0.10095148208339166,
            -0.0037621403719481153,
            -0.318808439414458,
            -0.30076478182278166,
            0.04106103914467667,
            0.1894087751141646,
            -0.020963598133261895,
            -0.12448375565704459,
            -0.18770853175736513,
            -0.014982576631519227,
            0.1064744195572718,
            0.03384481182416664
        ],
        [
            -0.0145220044773002,
            -0.013437956238834209,
            1.4952597608191243,
            -0.013912814768590073,
            0.0008199264775707795,
            -0.007466743362747698,
            -0.013530042406094987,
            0.3143163377605343,
            -0.051204760006140354,
            0.0027696309383166,
            -0.018919803049653384,
            -0.010722545382786067,
            -0.04045325518805013,
            0.01953408478422139,
            -0.0011459623902418297,
            -0.0028914500214420784,
            -0.006497806968724884,
            -0.0038411200480516585,
            0.0023835835060930168,
            0.0006922482921402875
        ],
        [
            -0.25474443360777616,
            -0.22623533236374554,
            -0.013912814768590073,
            1.2492735659948213,
            0.013696822327353489,
            -0.08153360433085577,
            -0.2136753250921063,
            -0.05794674832444159,
            -0.6836296433224791,
            0.05418764751379439,
            -0.2270738996129617,
            -0.17402791547713398,
            0.039491085140588356,
            0.21148113114331069,
            -0.014043633180861513,
            -0.05713920432144845,
            -0.10939083855484054,
            -0.004004882997502603,
            0.07678736765222,
            0.014978103031617411
        ],
        [
            0.014966621021557837,
            0.013311997091934029,
            0.0008199264775707795,
            0.013696822327353489,
            1.495350764229025,
            0.005471951771412638,
            0.012346462149227216,
            0.003025830042476948,
            0.05186063599100575,
            0.31466028052978295,
            0.011389282048728022,
            0.009521041535335548,
            -0.0020866961341099123,
            -0.014522512297844507,
            -0.042877504977998526,
            -0.0016399160237213642,
            0.0031110733378055255,
            2.9275589484377984e-05,
            0.0036738051662058963,
            -0.0032105759550981458
        ],
        [
            -0.5389704979907308,
            -0.5200982329143979,
            -0.007466743362747698,
            -0.08153360433085577,
            0.005471951771412638,
            -0.4252807335759974,
            -0.5955119850026214,
            -0.030189304190351606,
            0.0017965156233222673,
            -0.0012212318473699083,
            -0.5334278731365463,
            -0.5136237017366185,
            0.022672497698206145,
            0.04341976114436097,
            -0.023838682638897456,
            -0.25826820134574624,
            -0.3428041092387494,
            -0.031039766201718295,
            0.23351801141524492,
            0.0741050767754478
        ],
        [
            -0.43774335747314286,
            -0.36170236973844094,
            -0.013530042406094987,
            -0.2136753250921063,
            0.012346462149227216,
            -0.5955119850026214,
            -0.4398095076705961,
            -0.024990648654922794,
            -0.019251401609602113,
            -0.004123004173147864,
            -0.5179340997835632,
            -0.41412603434184536,
            0.06602531628756222,
            0.13289626722984887,
            -0.058695757462341874,
            -0.315999773709421,
            -0.31620662323662385,
            -0.03744145787911071,
            0.17293119724910994,
            0.07211832264938234
        ],
        [
            -0.004565154217463584,
            -0.008767486385914722,
            0.3143163377605343,
            -0.05794674832444159,
            0.003025830042476948,
            -0.030189304190351606,
            -0.024990648654922794,
            1.4001427426185256,
            -0.05753100128366496,
            0.002713768943552638,
            -0.001965114809367563,
            -0.02919670177942211,
            0.35217480660840006,
            -0.1805978922593538,
            0.007168368155573073,
            -0.02293962278332892,
            -0.028724969367499246,
            -0.050406014951284744,
            0.025914706926063825,
            0.009700709690706556
        ],
        [
            0.04070132934278481,
            0.10095148208339166,
            -0.051204760006140354,
            -0.6836296433224791,
            0.05186063599100575,
            0.0017965156233222673,
            -0.019251401609602113,
            -0.05753100128366496,
            0.8606575678577773,
            0.017317865949339473,
            -0.06712590609045477,
            -0.1428793679718755,
            -0.1584849987401657,
            -0.7171221349079706,
            0.011093889968977005,
            -0.312712447134512,
            -0.1964866089510979,
            -0.043340855799857345,
            0.139046410791131,
            0.08130051773085464
        ],
        [
            0.0037495750962355592,
            -0.0037621403719481153,
            0.0027696309383166,
            0.05418764751379439,
            0.31466028052978295,
            -0.0012212318473699083,
            -0.004123004173147864,
            0.002713768943552638,
            0.017317865949339473,
            1.4068483254299236,
            -0.01394805446602862,
            -0.004538387396217261,
            0.011621810151205423,
            0.04619539010221224,
            0.3769650889633207,
            -0.020418128222345344,
            -0.0021580382867887327,
            -0.0013558896311357581,
            0.00012675311271206913,
            -0.04410647914984202
        ],
        [
            -0.22016750377253164,
            -0.318808439414458,
            -0.018919803049653384,
            -0.2270738996129617,
            0.011389282048728022,
            -0.5334278731365463,
            -0.5179340997835632,
            -0.001965114809367563,
            -0.06712590609045477,
            -0.01394805446602862,
            -0.4403911844726287,
            -0.5972422892121225,
            0.10019669294708065,
            0.004537267396486688,
            -0.11629167414656758,
            -0.565031063073205,
            -0.5346938116603079,
            -0.012629199234980182,
            0.09038054077224444,
            0.02998865763980585
        ],
        [
            -0.28996837752478577,
            -0.30076478182278166,
            -0.010722545382786067,
            -0.17402791547713398,
            0.009521041535335548,
            -0.5136237017366185,
            -0.41412603434184536,
            -0.02919670177942211,
            -0.1428793679718755,
            -0.004538387396217261,
            -0.5972422892121225,
            -0.4334728963696113,
            0.0835115272574365,
            0.02578643525789688,
            -0.09453223381355835,
            -0.4544628690456939,
            -0.3703578225401688,
            -0.04582189205755836,
            0.2086987272075952,
            0.08805294398774637
        ],
        [
            0.03469387016941147,
            0.04106103914467667,
            -0.04045325518805013,
            0.039491085140588356,
            -0.0020866961341099123,
            0.022672497698206145,
            0.06602531628756222,
            0.35217480660840006,
            -0.1584849987401657,
            0.011621810151205423,
            0.10019669294708065,
            0.0835115272574365,
            1.3786403104449387,
            0.0035956810089867244,
            0.025965153300959685,
            0.018680706042516315,
            0.06619440869658808,
            0.2878207188170596,
            0.18285436558511103,
            0.089669904800173
        ],
        [
            0.2911330680191861,
            0.1894087751141646,
            0.01953408478422139,
            0.21148113114331069,
            -0.014522512297844507,
            0.04341976114436097,
            0.13289626722984887,
            -0.1805978922593538,
            -0.7171221349079706,
            0.04619539010221224,
            0.004537267396486688,
            0.02578643525789688,
            0.0035956810089867244,
            0.9141683184181439,
            -0.08042011422013212,
            -0.023680588202623643,
            -0.07502592612026221,
            0.20232468181382807,
            -0.45845642972640105,
            -0.3662962290084631
        ],
        [
            -0.00471289192389128,
            -0.020963598133261895,
            -0.0011459623902418297,
            -0.014043633180861513,
            -0.042877504977998526,
            -0.023838682638897456,
            -0.058695757462341874,
            0.007168368155573073,
            0.011093889968977005,
            0.3769650889633207,
            -0.11629167414656758,
            -0.09453223381355835,
            0.025965153300959685,
            -0.08042011422013212,
            1.3569496488598307,
            -0.023883195836216176,
            -0.08908699403590387,
            0.09307037950474997,
            -0.3442994565694917,
            0.17410864200649406
        ],
        [
            -0.004563932987175855,
            -0.12448375565704459,
            -0.0028914500214420784,
            -0.05713920432144845,
            -0.0016399160237213642,
            -0.25826820134574624,
            -0.315999773709421,
            -0.02293962278332892,
            -0.312712447134512,
            -0.020418128222345344,
            -0.565031063073205,
            -0.4544628690456939,
            0.018680706042516315,
            -0.023680588202623643,
            -0.023883195836216176,
            -0.2517939229134758,
            -0.46090442105340257,
            -0.060392373526911666,
            0.24103737848159804,
            0.11061585417102644
        ],
        [
            -0.12491476592372536,
            -0.18770853175736513,
            -0.006497806968724884,
            -0.10939083855484054,
            0.0031110733378055255,
            -0.3428041092387494,
            -0.31620662323662385,
            -0.028724969367499246,
            -0.1964866089510979,
            -0.0021580382867887327,
            -0.5346938116603079,
            -0.3703578225401688,
            0.06619440869658808,
            -0.07502592612026221,
            -0.08908699403590387,
            -0.46090442105340257,
            -0.31526012434666795,
            -0.05098190154923238,
            0.2135588739122394,
            0.09502145388709389
        ],
        [
            -0.0012803638320785828,
            -0.014982576631519227,
            -0.0038411200480516585,
            -0.004004882997502603,
            2.9275589484377984e-05,
            -0.031039766201718295,
            -0.03744145787911071,
            -0.050406014951284744,
            -0.043340855799857345,
            -0.0013558896311357581,
            -0.012629199234980182,
            -0.04582189205755836,
            0.2878207188170596,
            0.20232468181382807,
            0.09307037950474997,
            -0.060392373526911666,
            -0.05098190154923238,
            1.464529083382997,
            0.05074953913354623,
            0.0238175004993825
        ],
        [
            0.058850233874615764,
            0.1064744195572718,
            0.0023835835060930168,
            0.07678736765222,
            0.0036738051662058963,
            0.23351801141524492,
            0.17293119724910994,
            0.025914706926063825,
            0.139046410791131,
            0.00012675311271206913,
            0.09038054077224444,
            0.2086987272075952,
            0.18285436558511103,
            -0.45845642972640105,
            -0.3442994565694917,
            0.24103737848159804,
            0.2135588739122394,
            0.05074953913354623,
            1.2650741050306544,
            -0.09429210792902792
        ],
        [
            0.009399344116613532,
            0.03384481182416664,
            0.0006922482921402875,
            0.014978103031617411,
            -0.0032105759550981458,
            0.0741050767754478,
            0.07211832264938234,
            0.009700709690706556,
            0.08130051773085464,
            -0.04410647914984202,
            0.02998865763980585,
            0.08805294398774637,
            0.089669904800173,
            -0.3662962290084631,
            0.17410864200649406,
            0.11061585417102644,
            0.09502145388709389,
            0.0238175004993825,
            -0.09429210792902792,
            1.4344551077669274
        ]
    ]
}