{
    "HF": -2.138973070506833,
    "coordinates": [
        [
            0.832016,
            0.091507,
            -0.046254
        ],
        [
            1.532743,
            -0.140643,
            -0.17409
        ],
        [
            2.246129,
            -0.012358,
            -0.010411
        ],
        [
            2.973587,
            0.171023,
            0.10993
        ]
    ],
    "elements": [
        "H",
        "H",
        "H",
        "H"
    ],
    "Enn": 3.0868020611285547,
    "S": [
        [
            0.9999999999999999,
            0.6848602514927513,
            0.0,
            0.0,
            0.0,
            0.5633335648634739,
            0.5628333340597211,
            0.09135275021695818,
            -0.500745788363829,
            0.16589646862282018,
            0.15397422149767664,
            0.33917263180850016,
            -0.005073101356532042,
            -0.20014894340846445,
            0.014700713455798915,
            0.01762113333149561,
            0.13687904246873822,
            -0.0015837570308978091,
            -0.021716232958669594,
            -0.0008063183429088142
        ],
        [
            0.6848602514927513,
            1.0000000000000002,
            0.0,
            0.0,
            0.0,
            0.5628333340597211,
            0.8849176066303802,
            0.02821442184308796,
            -0.15465602158109992,
            0.05123735122244807,
            0.33917263180850016,
            0.6451723435800387,
            -0.00460475781415963,
            -0.1816713971167234,
            0.013343558585154432,
            0.13687904246873822,
            0.365769011595028,
            -0.007591641712012456,
            -0.10409542419733289,
            -0.003865037278929872
        ],
        [
            0.0,
            0.0,
            1.0000000000000004,
            0.0,
            0.0,
            -0.09135275021695817,
            -0.02821442184308795,
            0.46213109508279315,
            0.11223473860553924,
            -0.03718323193950846,
            0.0050731013565320435,
            0.00460475781415963,
            0.07318190075831922,
            -0.009662182594237803,
            0.0007096763802825584,
            0.0015837570308978087,
            0.007591641712012456,
            0.002337382065205999,
            -0.0021669254585556684,
            -8.045740475684092e-05
        ],
        [
            0.0,
            0.0,
            0.0,
            1.0000000000000004,
            0.0,
            0.500745788363829,
            0.1546560215810999,
            0.11223473860553931,
            -0.13260296347289463,
            0.20381813078691408,
            0.20014894340846454,
            0.1816713971167234,
            -0.009662182594237796,
            -0.3077750484063651,
            0.027998844827456088,
            0.021716232958669594,
            0.10409542419733278,
            -0.0021669254585556692,
            -0.027217133639604096,
            -0.001103219566424939
        ],
        [
            0.0,
            0.0,
            0.0,
            0.0,
            1.0000000000000004,
            -0.1658964686228202,
            -0.05123735122244804,
            -0.03718323193950847,
            0.20381813078691402,
            0.4150817605804772,
            -0.01470071345579892,
            -0.013343558585154429,
            0.0007096763802825581,
            0.0279988448274561,
            0.0713703210562173,
            0.0008063183429088137,
            0.0038650372789298653,
            -8.04574047568409e-05,
            -0.0011032195664249379,
            0.0024544528878755307
        ],
        [
            0.5633335648634739,
            0.5628333340597211,
            -0.09135275021695816,
            0.500745788363829,
            -0.16589646862282018,
            0.9999999999999999,
            0.6848602514927513,
            0.0,
            0.0,
            0.0,
            0.5682334420622951,
            0.5646235867149612,
            -0.11825408978155098,
            -0.5154040047464947,
            -0.09268278708708061,
            0.12514624164128457,
            0.31171410603716143,
            -0.031203849536873395,
            -0.1582982866773706,
            -0.034241176571224496
        ],
        [
            0.5628333340597211,
            0.8849176066303802,
            -0.028214421843087947,
            0.15465602158109992,
            -0.05123735122244807,
            0.6848602514927513,
            1.0000000000000002,
            0.0,
            0.0,
            0.0,
            0.5646235867149612,
            0.8866709195720712,
            -0.03624792482375157,
            -0.15798460461217886,
            -0.028409661813763337,
            0.31171410603716143,
            0.6120361479526792,
            -0.033337653882688285,
            -0.16912315530930241,
            -0.03658268162454027
        ],
        [
            0.09135275021695818,
            0.02821442184308795,
            0.46213109508279315,
            0.11223473860553931,
            -0.03718323193950846,
            0.0,
            0.0,
            1.0000000000000004,
            0.0,
            0.0,
            0.11825408978155098,
            0.03624792482375158,
            0.4543673830319687,
            -0.14803532542681336,
            -0.0266205276279304,
            0.03120384953687339,
            0.03333765388268828,
            0.042397843881027825,
            -0.0569769389820798,
            -0.012324564397525955
        ],
        [
            -0.500745788363829,
            -0.1546560215810999,
            0.11223473860553924,
            -0.13260296347289446,
            0.20381813078691396,
            0.0,
            0.0,
            0.0,
            1.0000000000000004,
            0.0,
            0.5154040047464947,
            0.15798460461217886,
            -0.1480353254268133,
            -0.1568713478500586,
            -0.11602411868583476,
            0.1582982866773706,
            0.16912315530930255,
            -0.05697693898207984,
            -0.23541695493058282,
            -0.06252297255400639
        ],
        [
            0.1658964686228202,
            0.05123735122244803,
            -0.03718323193950847,
            0.20381813078691416,
            0.4150817605804772,
            0.0,
            0.0,
            0.0,
            0.0,
            1.0000000000000004,
            0.09268278708708061,
            0.02840966181376334,
            -0.026620527627930386,
            -0.11602411868583475,
            0.4674684530907069,
            0.034241176571224496,
            0.036582681624540266,
            -0.012324564397525958,
            -0.06252297255400636,
            0.040104955439026715
        ],
        [
            0.15397422149767664,
            0.33917263180850016,
            0.005073101356532042,
            0.20014894340846454,
            -0.014700713455798915,
            0.5682334420622951,
            0.5646235867149612,
            0.11825408978155098,
            0.5154040047464947,
            0.09268278708708061,
            0.9999999999999999,
            0.6848602514927513,
            0.0,
            0.0,
            0.0,
            0.5547975751502399,
            0.5596847062132502,
            -0.08435224576552985,
            -0.5099069809965087,
            -0.1285397261176875
        ],
        [
            0.33917263180850016,
            0.6451723435800387,
            0.00460475781415963,
            0.1816713971167234,
            -0.013343558585154429,
            0.5646235867149612,
            0.8866709195720712,
            0.03624792482375158,
            0.15798460461217886,
            0.02840966181376334,
            0.6848602514927513,
            1.0000000000000002,
            0.0,
            0.0,
            0.0,
            0.5596847062132503,
            0.8818287891131605,
            -0.026401639871619864,
            -0.15959717916361738,
            -0.04023200007725978
        ],
        [
            -0.005073101356532045,
            -0.004604757814159633,
            0.07318190075831922,
            -0.0096621825942378,
            0.0007096763802825584,
            -0.11825408978155098,
            -0.03624792482375157,
            0.4543673830319687,
            -0.14803532542681336,
            -0.026620527627930393,
            0.0,
            0.0,
            1.0000000000000004,
            0.0,
            0.0,
            0.08435224576552983,
            0.026401639871619843,
            0.4548840561457978,
            -0.1074230981671215,
            -0.027079714794510337
        ],
        [
            -0.20014894340846454,
            -0.1816713971167234,
            -0.009662182594237798,
            -0.3077750484063652,
            0.0279988448274561,
            -0.5154040047464947,
            -0.15798460461217886,
            -0.1480353254268133,
            -0.1568713478500586,
            -0.11602411868583475,
            0.0,
            0.0,
            0.0,
            1.0000000000000004,
            0.0,
            0.5099069809965087,
            0.15959717916361738,
            -0.10742309816712148,
            -0.17671493421152085,
            -0.16369612322471067
        ],
        [
            0.01470071345579892,
            0.013343558585154425,
            0.0007096763802825581,
            0.027998844827456088,
            0.0713703210562173,
            -0.09268278708708061,
            -0.028409661813763337,
            -0.026620527627930393,
            -0.11602411868583476,
            0.4674684530907069,
            0.0,
            0.0,
            0.0,
            0.0,
            1.0000000000000004,
            0.1285397261176875,
            0.04023200007725978,
            -0.027079714794510337,
            -0.16369612322471072,
            0.43138942729225427
        ],
        [
            0.01762113333149561,
            0.13687904246873822,
            0.0015837570308978091,
            0.021716232958669594,
            0.0008063183429088137,
            0.12514624164128457,
            0.31171410603716143,
            0.031203849536873395,
            0.15829828667737064,
            0.034241176571224496,
            0.5547975751502399,
            0.5596847062132502,
            0.08435224576552985,
            0.5099069809965087,
            0.1285397261176875,
            0.9999999999999999,
            0.6848602514927513,
            0.0,
            0.0,
            0.0
        ],
        [
            0.13687904246873822,
            0.365769011595028,
            0.007591641712012458,
            0.10409542419733282,
            0.003865037278929872,
            0.31171410603716143,
            0.6120361479526792,
            0.033337653882688285,
            0.1691231553093026,
            0.03658268162454027,
            0.5596847062132503,
            0.8818287891131605,
            0.026401639871619857,
            0.15959717916361738,
            0.040232000077259765,
            0.6848602514927513,
            1.0000000000000002,
            0.0,
            0.0,
            0.0
        ],
        [
            -0.0015837570308978087,
            -0.007591641712012453,
            0.002337382065205999,
            -0.0021669254585556684,
            -8.04574047568409e-05,
            -0.03120384953687339,
            -0.03333765388268828,
            0.042397843881027825,
            -0.05697693898207984,
            -0.012324564397525955,
            -0.08435224576552983,
            -0.02640163987161984,
            0.4548840561457978,
            -0.1074230981671215,
            -0.027079714794510337,
            0.0,
            0.0,
            1.0000000000000004,
            0.0,
            0.0
        ],
        [
            -0.021716232958669594,
            -0.10409542419733286,
            -0.0021669254585556692,
            -0.027217133639604096,
            -0.0011032195664249385,
            -0.1582982866773706,
            -0.16912315530930236,
            -0.0569769389820798,
            -0.23541695493058282,
            -0.06252297255400635,
            -0.5099069809965087,
            -0.15959717916361738,
            -0.10742309816712148,
            -0.17671493421152085,
            -0.16369612322471067,
            0.0,
            0.0,
            0.0,
            1.0000000000000004,
            0.0
        ],
        [
            -0.0008063183429088142,
            -0.0038650372789298705,
            -8.045740475684092e-05,
            -0.0011032195664249383,
            0.002454452887875531,
            -0.034241176571224496,
            -0.036582681624540266,
            -0.012324564397525958,
            -0.06252297255400642,
            0.040104955439026715,
            -0.1285397261176875,
            -0.04023200007725977,
            -0.027079714794510337,
            -0.16369612322471072,
            0.43138942729225427,
            0.0,
            0.0,
            0.0,
            0.0,
            1.0000000000000004
        ]
    ],
    "h": [
        [
            -0.2862578133332905,
            -0.4762658629032508,
            0.049009686125575797,
            -0.28665349746180124,
            0.09159680019606002,
            -0.6006338545649739,
            -0.47274770018894485,
            -0.014790970302020312,
            0.010370072579996115,
            -0.017595177719547272,
            -0.2909237522682751,
            -0.3384017521170743,
            0.044324852948798885,
            0.33713440868526734,
            0.02275382166084302,
            -0.02389452282084218,
            -0.1547353308763066,
            0.010617859258490639,
            0.08273266855119293,
            0.01031109292660004
        ],
        [
            -0.4762658629032508,
            -0.3200548065510027,
            0.038689227295554116,
            -0.24422995044537907,
            0.07417360253572736,
            -0.5564385817217632,
            -0.3747523075811179,
            -0.06212133727239647,
            0.08979976352932045,
            -0.08606623065622837,
            -0.3692688517427805,
            -0.32777527411418594,
            0.03643601187793929,
            0.19927299008830113,
            0.019059592956923874,
            -0.1550211678145528,
            -0.2107312247234907,
            0.020488789347511777,
            0.12603994445350225,
            0.026970162444323268
        ],
        [
            0.049009686125575797,
            0.038689227295554116,
            1.4649250433844516,
            0.042854782623071457,
            -0.014528170136704528,
            0.004664713161913692,
            0.03379547426578079,
            0.3845938184775769,
            0.1580183703204763,
            -0.05222996358347197,
            0.018292852022421622,
            0.0275445261242799,
            -0.05024955504206585,
            -0.03733310596413717,
            -0.002996116875203684,
            -0.0034169713259747728,
            0.009817883421597739,
            -0.007351997429126579,
            0.0030175493548854748,
            -2.2112297497772044e-05
        ],
        [
            -0.28665349746180124,
            -0.24422995044537907,
            0.042854782623071457,
            1.2034900484570892,
            0.08169099331309818,
            -0.09325373304239215,
            -0.2403053357276882,
            0.1363130210613517,
            -0.5031107855887273,
            0.2655350894029723,
            -0.26480051442800967,
            -0.2005861398576857,
            0.039323759283733814,
            0.10457936255959144,
            0.032179255840088766,
            -0.08627741450134213,
            -0.13028981863491057,
            0.013690998654203482,
            0.11484018865255641,
            0.013284719290649035
        ],
        [
            0.09159680019606002,
            0.07417360253572736,
            -0.014528170136704528,
            0.08169099331309818,
            1.4463247256979537,
            0.016069799130865536,
            0.06751816010250167,
            -0.04977994260302698,
            0.2916069238349476,
            0.32059942584184,
            0.05012141516855696,
            0.055249073320270854,
            -0.010844933971427736,
            -0.06257553988953496,
            -0.05205934462575046,
            0.0024989189470879403,
            0.024926626203438974,
            -0.0009689968818920064,
            -0.00508208172994886,
            -0.008571208958732111
        ],
        [
            -0.6006338545649739,
            -0.5564385817217632,
            0.004664713161913692,
            -0.09325373304239215,
            0.016069799130865536,
            -0.47997339020500984,
            -0.6138034338897904,
            -0.10103439808028976,
            0.029557763867287937,
            -0.1282851040091353,
            -0.5574889172366063,
            -0.534988148864135,
            0.0021127603807137296,
            0.07326568897773522,
            -0.011284410163968694,
            -0.2566062041928471,
            -0.34798219548633386,
            0.04431076815768509,
            0.24741310958754967,
            0.05638206154697453
        ],
        [
            -0.47274770018894485,
            -0.3747523075811179,
            0.03379547426578079,
            -0.2403053357276882,
            0.06751816010250167,
            -0.6138034338897904,
            -0.43543130587871914,
            -0.08369208636818593,
            -0.006736749540753831,
            -0.1042805082914129,
            -0.5326114149062677,
            -0.418569414215201,
            0.028341927946102158,
            0.14352409643853742,
            0.0036700869741626355,
            -0.31626106646675617,
            -0.31498767789653304,
            0.03214262298798321,
            0.18782689753772552,
            0.0461748313659123
        ],
        [
            -0.014790970302020312,
            -0.06212133727239647,
            0.3845938184775769,
            0.1363130210613517,
            -0.04977994260302698,
            -0.10103439808028976,
            -0.08369208636818593,
            1.3692554634380196,
            -0.019307334603893955,
            -0.025216304984320925,
            -0.028717031766941042,
            -0.07428262751334963,
            0.36388666738085274,
            -0.202486904352133,
            -0.040590244534024565,
            -0.059223097714743184,
            -0.05490285779726601,
            -0.03825429866563805,
            0.04961740405214432,
            0.012091206764979517
        ],
        [
            0.010370072579996115,
            0.08979976352932045,
            0.1580183703204763,
            -0.5031107855887273,
            0.2916069238349476,
            0.029557763867287937,
            -0.006736749540753831,
            -0.019307334603893955,
            0.8449005837535553,
            0.030150560745334808,
            -0.04264404118638754,
            -0.12299953244980616,
            -0.2314422103602385,
            -0.6743642908404288,
            -0.18752206525344825,
            -0.316226622422245,
            -0.18814809300458693,
            0.038016301705873334,
            0.16950763569018729,
            0.05486462724053234
        ],
        [
            -0.017595177719547272,
            -0.08606623065622837,
            -0.05222996358347197,
            0.2655350894029723,
            0.32059942584184,
            -0.1282851040091353,
            -0.1042805082914129,
            -0.025216304984320925,
            0.030150560745334808,
            1.356259301089385,
            -0.03618265809904811,
            -0.08250675686619302,
            -0.03599266506434712,
            -0.1413564086391269,
            0.3804449590900162,
            -0.05145024274232983,
            -0.05204842714919154,
            0.007457700972528309,
            0.043206422725684784,
            -0.0364995697036771
        ],
        [
            -0.2909237522682751,
            -0.3692688517427805,
            0.018292852022421622,
            -0.26480051442800967,
            0.05012141516855696,
            -0.5574889172366063,
            -0.5326114149062677,
            -0.028717031766941042,
            -0.04264404118638754,
            -0.03618265809904811,
            -0.47192304878136726,
            -0.615498801842423,
            0.010936131286546476,
            -0.01777643460095102,
            -0.023907530123750548,
            -0.5808807231240685,
            -0.5469489381377375,
            0.014989755234349533,
            0.07541006528399397,
            0.018621470312499222
        ],
        [
            -0.3384017521170743,
            -0.32777527411418594,
            0.0275445261242799,
            -0.2005861398576857,
            0.055249073320270854,
            -0.534988148864135,
            -0.418569414215201,
            -0.07428262751334963,
            -0.12299953244980616,
            -0.08250675686619302,
            -0.615498801842423,
            -0.44217961312779175,
            0.011494539590318036,
            0.016984480531333807,
            -0.018086011736611278,
            -0.45981087973876056,
            -0.36808692526852105,
            0.03986551772108032,
            0.22914978509646827,
            0.05741640060276732
        ],
        [
            0.044324852948798885,
            0.03643601187793929,
            -0.05024955504206585,
            0.039323759283733814,
            -0.010844933971427736,
            0.0021127603807137296,
            0.028341927946102158,
            0.36388666738085274,
            -0.2314422103602385,
            -0.03599266506434712,
            0.010936131286546476,
            0.011494539590318036,
            1.377380498110185,
            -0.10338509428208822,
            -0.020314850623206038,
            0.002930689850601992,
            -0.008951816883423863,
            0.3780431322943798,
            -0.16218313780867016,
            -0.04039167419837718
        ],
        [
            0.33713440868526734,
            0.19927299008830113,
            -0.03733310596413717,
            0.10457936255959144,
            -0.06257553988953496,
            0.07326568897773522,
            0.14352409643853742,
            -0.202486904352133,
            -0.6743642908404288,
            -0.1413564086391269,
            -0.01777643460095102,
            0.016984480531333807,
            -0.10338509428208822,
            0.8225657300107687,
            -0.10795204720961475,
            -0.020183840143302767,
            -0.09825778973553795,
            -0.1576210723189494,
            -0.5495215749599107,
            -0.23747774774081143
        ],
        [
            0.02275382166084302,
            0.019059592956923874,
            -0.002996116875203684,
            0.032179255840088766,
            -0.05205934462575046,
            -0.011284410163968694,
            0.0036700869741626355,
            -0.040590244534024565,
            -0.18752206525344825,
            0.3804449590900162,
            -0.023907530123750548,
            -0.018086011736611278,
            -0.020314850623206038,
            -0.10795204720961475,
            1.3740184329198248,
            0.00014820439161902788,
            -0.03151001949992915,
            -0.039122974235031444,
            -0.2368605307647506,
            0.3455775815306482
        ],
        [
            -0.02389452282084218,
            -0.1550211678145528,
            -0.0034169713259747728,
            -0.08627741450134213,
            0.0024989189470879403,
            -0.2566062041928471,
            -0.31626106646675617,
            -0.059223097714743184,
            -0.316226622422245,
            -0.05145024274232983,
            -0.5808807231240685,
            -0.45981087973876056,
            0.002930689850601992,
            -0.020183840143302767,
            0.00014820439161902788,
            -0.2690306982702071,
            -0.46756167161577133,
            0.048102916695943104,
            0.2802957072490513,
            0.07222625379467185
        ],
        [
            -0.1547353308763066,
            -0.2107312247234907,
            0.009817883421597739,
            -0.13028981863491057,
            0.024926626203438974,
            -0.34798219548633386,
            -0.31498767789653304,
            -0.05490285779726601,
            -0.18814809300458693,
            -0.05204842714919154,
            -0.5469489381377375,
            -0.36808692526852105,
            -0.008951816883423863,
            -0.09825778973553795,
            -0.03151001949992915,
            -0.46756167161577133,
            -0.31189518287499474,
            0.041142802286839794,
            0.23802792300188022,
            0.06081560310597843
        ],
        [
            0.010617859258490639,
            0.020488789347511777,
            -0.007351997429126579,
            0.013690998654203482,
            -0.0009689968818920064,
            0.04431076815768509,
            0.03214262298798321,
            -0.03825429866563805,
            0.038016301705873334,
            0.007457700972528309,
            0.014989755234349533,
            0.03986551772108032,
            0.3780431322943798,
            -0.1576210723189494,
            -0.039122974235031444,
            0.048102916695943104,
            0.041142802286839794,
            1.480765198247684,
            -0.04485084343712456,
            -0.011331616948306235
        ],
        [
            0.08273266855119293,
            0.12603994445350225,
            0.0030175493548854748,
            0.11484018865255641,
            -0.00508208172994886,
            0.24741310958754967,
            0.18782689753772552,
            0.04961740405214432,
            0.16950763569018729,
            0.043206422725684784,
            0.07541006528399397,
            0.22914978509646827,
            -0.16218313780867016,
            -0.5495215749599107,
            -0.2368605307647506,
            0.2802957072490513,
            0.23802792300188022,
            -0.04485084343712456,
            1.2241154576867364,
            -0.06657783673523965
        ],
        [
            0.01031109292660004,
            0.026970162444323268,
            -2.2112297497772044e-05,
            0.013284719290649035,
            -0.008571208958732111,
            0.05638206154697453,
            0.0461748313659123,
            0.012091206764979517,
            0.05486462724053234,
            -0.0364995697036771,
            0.018621470312499222,
            0.05741640060276732,
            -0.04039167419837718,
            -0.23747774774081143,
            0.3455775815306482,
            0.07222625379467185,
            0.06081560310597843,
            -0.011331616948306235,
            -0.06657783673523965,
            1.4715767442406906
        ]
    ]
}