{
    "HF": -2.1512973755854534,
    "coordinates": [
        [
            0.752532,
            0.117207,
            -0.039462
        ],
        [
            1.550667,
            0.190979,
            0.176974
        ],
        [
            2.22851,
            -0.131454,
            -0.022095
        ],
        [
            3.01562,
            -0.07991,
            0.156658
        ]
    ],
    "elements": [
        "H",
        "H",
        "H",
        "H"
    ],
    "Enn": 2.913855263616567,
    "S": [
        [
            0.9999999999999999,
            0.6848602514927513,
            0.0,
            0.0,
            0.0,
            0.4992222354632537,
            0.5382017828034497,
            -0.13273604685919807,
            -0.48948088469555,
            -0.04524295241501767,
            0.1265624364592306,
            0.3131511984920213,
            -0.0019343939927851071,
            -0.16439931920786416,
            0.027696685935391107,
            0.010995137022753535,
            0.1118102317549822,
            -0.001117684357984968,
            -0.01289729787040325,
            0.001123366243080374
        ],
        [
            0.6848602514927513,
            1.0000000000000002,
            0.0,
            0.0,
            0.0,
            0.5382017828034497,
            0.8605745662026356,
            -0.0455407777833709,
            -0.16793735180899078,
            -0.015522529794649863,
            0.3131511984920213,
            0.613797141971043,
            -0.0020485561932338725,
            -0.1741016797936861,
            0.029331262254029357,
            0.1118102317549822,
            0.32222701143078103,
            -0.007672746864029883,
            -0.0885381468234941,
            0.0077117522108758885
        ],
        [
            0.0,
            0.0,
            1.0000000000000004,
            0.0,
            0.0,
            0.13273604685919807,
            0.045540777783370866,
            0.35899466862518165,
            -0.18329121150425132,
            -0.01694169439392037,
            0.001934393992785106,
            0.0020485561932338716,
            0.05451254718053376,
            -0.003630559096767272,
            0.0006116476367271372,
            0.0011176843579849677,
            0.007672746864029884,
            0.0010554575102964202,
            -0.0013510904642463004,
            0.00011768119447446938
        ],
        [
            0.0,
            0.0,
            0.0,
            1.0000000000000004,
            0.0,
            0.48948088469555,
            0.16793735180899075,
            -0.18329121150425132,
            -0.26721035657415004,
            -0.062474631092293495,
            0.1643993192078641,
            0.17410167979368604,
            -0.003630559096767272,
            -0.25399689360819055,
            0.05198240660800636,
            0.01289729787040325,
            0.0885381468234941,
            -0.0013510904642463004,
            -0.01441809804449447,
            0.0013579588978219355
        ],
        [
            0.0,
            0.0,
            0.0,
            0.0,
            1.0000000000000004,
            0.045242952415017655,
            0.015522529794649858,
            -0.016941694393920362,
            -0.06247463109229347,
            0.40292450276125324,
            -0.02769668593539111,
            -0.02933126225402937,
            0.0006116476367271374,
            0.051982406608006376,
            0.04579768470309853,
            -0.0011233662430803737,
            -0.007711752210875885,
            0.00011768119447446938,
            0.0013579588978219355,
            0.001054264042691987
        ],
        [
            0.4992222354632537,
            0.5382017828034497,
            0.13273604685919807,
            0.48948088469555,
            0.045242952415017655,
            0.9999999999999999,
            0.6848602514927513,
            0.0,
            0.0,
            0.0,
            0.5414122439577407,
            0.5546692473312492,
            0.13529079724543464,
            -0.4606740370285537,
            0.2191311436147126,
            0.12882573923351834,
            0.3154270771324842,
            0.002312330460544423,
            -0.16673830700757716,
            0.030832097171018848
        ],
        [
            0.5382017828034497,
            0.8605745662026356,
            0.045540777783370914,
            0.16793735180899078,
            0.015522529794649863,
            0.6848602514927513,
            1.0000000000000002,
            0.0,
            0.0,
            0.0,
            0.5546692473312492,
            0.8768949102814304,
            0.04325614186684997,
            -0.14728999980635418,
            0.07006217738851366,
            0.3154270771324842,
            0.6165797220807678,
            0.0024150463891031457,
            -0.17414498192832376,
            0.03220168838835221
        ],
        [
            -0.13273604685919807,
            -0.045540777783370845,
            0.35899466862518165,
            -0.18329121150425132,
            -0.016941694393920362,
            0.0,
            0.0,
            1.0000000000000004,
            0.0,
            0.0,
            -0.1352907972454346,
            -0.043256141866849944,
            0.41008424063624505,
            0.16013578991804947,
            -0.07617259918690085,
            -0.002312330460544423,
            -0.0024150463891031452,
            0.05598566108948728,
            0.004330484265258076,
            -0.0008007632682628691
        ],
        [
            -0.48948088469555,
            -0.16793735180899075,
            -0.18329121150425132,
            -0.26721035657415004,
            -0.06247463109229347,
            0.0,
            0.0,
            0.0,
            1.0000000000000004,
            0.0,
            0.4606740370285536,
            0.1472899998063545,
            0.16013578991804947,
            -0.08815993099307241,
            0.25937269565148985,
            0.16673830700757716,
            0.17414498192832373,
            0.004330484265258073,
            -0.2562183078703499,
            0.057741708610528346
        ],
        [
            -0.04524295241501767,
            -0.015522529794649858,
            -0.01694169439392037,
            -0.062474631092293495,
            0.4029245027612532,
            0.0,
            0.0,
            0.0,
            0.0,
            1.0000000000000004,
            -0.21913114361471261,
            -0.07006217738851368,
            -0.07617259918690088,
            0.25937269565148996,
            0.3337358165707894,
            -0.030832097171018844,
            -0.03220168838835217,
            -0.0008007632682628686,
            0.05774170861052836,
            0.04536851802382959
        ],
        [
            0.1265624364592306,
            0.3131511984920213,
            0.0019343939927851071,
            0.16439931920786416,
            -0.027696685935391107,
            0.5414122439577407,
            0.5546692473312492,
            -0.13529079724543464,
            0.4606740370285537,
            -0.2191311436147126,
            0.9999999999999999,
            0.6848602514927513,
            0.0,
            0.0,
            0.0,
            0.5159486761770667,
            0.5448541778636555,
            -0.11429711963448039,
            -0.5032889284962815,
            -0.03295794047898307
        ],
        [
            0.3131511984920213,
            0.613797141971043,
            0.0020485561932338725,
            0.1741016797936861,
            -0.029331262254029357,
            0.5546692473312492,
            0.8768949102814304,
            -0.04325614186684996,
            0.14728999980635454,
            -0.07006217738851366,
            0.6848602514927513,
            1.0000000000000002,
            0.0,
            0.0,
            0.0,
            0.5448541778636555,
            0.867190088534794,
            -0.03810834226952935,
            -0.1678039377452087,
            -0.0109886625340029
        ],
        [
            -0.001934393992785106,
            -0.0020485561932338716,
            0.05451254718053376,
            -0.003630559096767272,
            0.0006116476367271372,
            0.1352907972454346,
            0.04325614186684995,
            0.41008424063624505,
            0.16013578991804947,
            -0.07617259918690085,
            0.0,
            0.0,
            1.0000000000000004,
            0.0,
            0.0,
            0.11429711963448036,
            0.03810834226952933,
            0.3922953117035024,
            -0.15625828236974337,
            -0.010232593800696294
        ],
        [
            -0.1643993192078641,
            -0.17410167979368604,
            -0.003630559096767272,
            -0.25399689360819055,
            0.05198240660800636,
            -0.4606740370285536,
            -0.14728999980635413,
            0.16013578991804947,
            -0.08815993099307241,
            0.25937269565148985,
            0.0,
            0.0,
            0.0,
            1.0000000000000004,
            0.0,
            0.503288928496282,
            0.16780393774520863,
            -0.15625828236974357,
            -0.26027650868744207,
            -0.045057576132798136
        ],
        [
            0.02769668593539111,
            0.029331262254029357,
            0.0006116476367271374,
            0.051982406608006376,
            0.04579768470309853,
            0.21913114361471261,
            0.07006217738851368,
            -0.07617259918690088,
            0.25937269565148996,
            0.3337358165707894,
            0.0,
            0.0,
            0.0,
            0.0,
            1.0000000000000004,
            0.032957940478983046,
            0.010988662534002897,
            -0.010232593800696289,
            -0.04505757613279806,
            0.4248310297660983
        ],
        [
            0.010995137022753535,
            0.1118102317549822,
            0.001117684357984968,
            0.01289729787040325,
            -0.001123366243080374,
            0.12882573923351834,
            0.3154270771324842,
            -0.002312330460544423,
            0.1667383070075772,
            -0.030832097171018848,
            0.5159486761770667,
            0.5448541778636555,
            0.11429711963448039,
            0.503288928496282,
            0.032957940478983046,
            0.9999999999999999,
            0.6848602514927513,
            0.0,
            0.0,
            0.0
        ],
        [
            0.1118102317549822,
            0.32222701143078103,
            0.007672746864029884,
            0.0885381468234941,
            -0.0077117522108758885,
            0.3154270771324842,
            0.6165797220807678,
            -0.0024150463891031457,
            0.17414498192832376,
            -0.032201688388352225,
            0.5448541778636555,
            0.867190088534794,
            0.03810834226952936,
            0.1678039377452087,
            0.0109886625340029,
            0.6848602514927513,
            1.0000000000000002,
            0.0,
            0.0,
            0.0
        ],
        [
            -0.0011176843579849677,
            -0.007672746864029883,
            0.0010554575102964202,
            -0.0013510904642463004,
            0.00011768119447446938,
            0.002312330460544423,
            0.0024150463891031452,
            0.05598566108948728,
            0.004330484265258073,
            -0.0008007632682628691,
            -0.11429711963448036,
            -0.03810834226952933,
            0.3922953117035024,
            -0.15625828236974357,
            -0.010232593800696289,
            0.0,
            0.0,
            1.0000000000000004,
            0.0,
            0.0
        ],
        [
            -0.01289729787040325,
            -0.0885381468234941,
            -0.0013510904642463004,
            -0.01441809804449447,
            0.0013579588978219355,
            -0.16673830700757716,
            -0.17414498192832373,
            0.004330484265258076,
            -0.25621830787034977,
            0.05774170861052838,
            -0.5032889284962815,
            -0.16780393774520863,
            -0.15625828236974337,
            -0.26027650868744207,
            -0.04505757613279806,
            0.0,
            0.0,
            0.0,
            1.0000000000000004,
            0.0
        ],
        [
            0.0011233662430803737,
            0.007711752210875885,
            0.00011768119447446938,
            0.0013579588978219355,
            0.001054264042691987,
            0.030832097171018844,
            0.032201688388352176,
            -0.0008007632682628686,
            0.05774170861052832,
            0.04536851802382959,
            -0.032957940478983046,
            -0.010988662534002897,
            -0.010232593800696294,
            -0.045057576132798136,
            0.4248310297660983,
            0.0,
            0.0,
            0.0,
            0.0,
            1.0000000000000004
        ]
    ],
    "h": [
        [
            -0.23660696995390018,
            -0.4557422188358503,
            -0.06286796878848679,
            -0.2506765153427981,
            -0.0179591213412073,
            -0.5464106895356357,
            -0.44465006330979717,
            0.027377430615229875,
            0.04270666580722593,
            0.02007028369100597,
            -0.2481904738805822,
            -0.30901952437711394,
            -0.029157796428160486,
            0.2905398917257639,
            -0.08131063411618628,
            -0.008875891245235766,
            -0.1309015678106677,
            0.003497346124197722,
            0.06416439166908573,
            -0.007518231690644186
        ],
        [
            -0.4557422188358503,
            -0.3148849950005763,
            -0.05382426580900738,
            -0.22519965864034844,
            -0.013465562231375978,
            -0.524926240440879,
            -0.36986553051490967,
            0.07954531226705522,
            0.09890403659905891,
            0.06224434267836772,
            -0.33781288756902683,
            -0.31434576044135787,
            -0.0490840975716831,
            0.175473751794731,
            -0.08142722885039161,
            -0.13191568639259674,
            -0.19595235315959908,
            0.015509818062772724,
            0.11773625522183974,
            -0.004078002518179283
        ],
        [
            -0.06286796878848679,
            -0.05382426580900738,
            1.4728483485403026,
            -0.0577066496804363,
            -0.0053347313543935645,
            -0.012453955100868913,
            -0.04743627177745999,
            0.24369953993800064,
            -0.24528335947079205,
            -0.020181138852350955,
            -0.03059261988053263,
            -0.03967395553516841,
            -0.05159932965597615,
            0.04152850344132614,
            -0.014294668883808124,
            -0.004438213126470222,
            -0.018754081086934944,
            -0.003425015890718922,
            0.0094002685397388,
            -0.0010195366156612378
        ],
        [
            -0.2506765153427981,
            -0.22519965864034844,
            -0.0577066496804363,
            1.252106018186223,
            -0.01538773929068879,
            -0.09524269234271499,
            -0.21621663073124664,
            -0.21998795016662132,
            -0.6173214446096369,
            -0.05441387079120204,
            -0.2348555303166644,
            -0.17883829228438586,
            -0.03915754293474405,
            0.1319659168532133,
            -0.07130244449501544,
            -0.06381605899521167,
            -0.1148658681732504,
            0.008178964965148925,
            0.08458929291049128,
            -0.0069612697428827405
        ],
        [
            -0.0179591213412073,
            -0.013465562231375978,
            -0.0053347313543935645,
            -0.01538773929068879,
            1.4859085932220262,
            0.004701624027742768,
            -0.008675194404781353,
            -0.024771743800421513,
            -0.07995396921362728,
            0.2972743691477647,
            0.011552987770883212,
            -0.007640455363269509,
            0.00023023517669048144,
            0.009841665071012168,
            -0.04632339644638277,
            0.006850919379941097,
            0.0017427936151903928,
            -0.0008497069785340941,
            -0.006201936304603082,
            -0.0038155975143689415
        ],
        [
            -0.5464106895356357,
            -0.524926240440879,
            -0.012453955100868913,
            -0.09524269234271499,
            0.004701624027742768,
            -0.4192890156768847,
            -0.5909945502255325,
            0.12089218530724295,
            0.023056374232294452,
            0.1174230392490504,
            -0.53637237071877,
            -0.5178246290998298,
            -0.01856842171622325,
            0.05496812596569878,
            -0.029325219506211864,
            -0.25397350255564644,
            -0.3397868879126288,
            0.023686649457797432,
            0.2409423610757236,
            -0.016495284947558184
        ],
        [
            -0.44465006330979717,
            -0.36986553051490967,
            -0.04743627177745999,
            -0.21621663073124664,
            -0.008675194404781353,
            -0.5909945502255325,
            -0.43812450754812504,
            0.10102337570968277,
            -0.002785921731833549,
            0.10194434466029766,
            -0.5201408292476901,
            -0.42102636158862117,
            -0.07450156624014034,
            0.11084474521060206,
            -0.09676964069513663,
            -0.3137710957986856,
            -0.3157015026628387,
            0.03351143966244185,
            0.18565954185313793,
            0.003183915749097349
        ],
        [
            0.027377430615229875,
            0.07954531226705522,
            0.24369953993800064,
            -0.21998795016662132,
            -0.024771743800421513,
            0.12089218530724295,
            0.10102337570968277,
            1.3732256461872798,
            -0.004441857631304792,
            -0.031726300028671044,
            0.021558485170124597,
            0.07911007228043423,
            0.30391112430615963,
            0.20015451003892887,
            -0.09749798181965028,
            0.03292695831541936,
            0.05153046872556724,
            -0.05123629452009422,
            -0.04220570738502824,
            0.0010461079401116388
        ],
        [
            0.04270666580722593,
            0.09890403659905891,
            -0.24528335947079205,
            -0.6173214446096369,
            -0.07995396921362728,
            0.023056374232294452,
            -0.002785921731833549,
            -0.004441857631304792,
            0.9350634818529455,
            0.07994898253720456,
            -0.05935358688053727,
            -0.11493888418968579,
            0.20176047270806435,
            -0.5420727706512736,
            0.3648490830599066,
            -0.29475128645876525,
            -0.17718603454796658,
            0.0354051871879892,
            0.1344897539900234,
            0.006190984159108667
        ],
        [
            0.02007028369100597,
            0.06224434267836772,
            -0.020181138852350955,
            -0.05441387079120204,
            0.2972743691477647,
            0.1174230392490504,
            0.10194434466029766,
            -0.031726300028671044,
            0.07994898253720456,
            1.3593031314750685,
            0.03176250854128276,
            0.09986782582947834,
            -0.09799210353650309,
            0.36436936210928705,
            0.20115290235853267,
            0.08489913600284371,
            0.0833119036514918,
            -0.01221031532333432,
            -0.07446464522162291,
            -0.04531510557792688
        ],
        [
            -0.2481904738805822,
            -0.33781288756902683,
            -0.03059261988053263,
            -0.2348555303166644,
            0.011552987770883212,
            -0.53637237071877,
            -0.5201408292476901,
            0.021558485170124597,
            -0.05935358688053727,
            0.03176250854128276,
            -0.4314564457121919,
            -0.5965310737822942,
            -0.11412238222897028,
            -0.0366491435832485,
            -0.11234161928784053,
            -0.5589301942912417,
            -0.532025339687918,
            0.008012547453698782,
            0.09308544985889267,
            -0.007484314382256579
        ],
        [
            -0.30901952437711394,
            -0.31434576044135787,
            -0.03967395553516841,
            -0.17883829228438586,
            -0.007640455363269509,
            -0.5178246290998298,
            -0.42102636158862117,
            0.07911007228043423,
            -0.11493888418968579,
            0.09986782582947834,
            -0.5965310737822942,
            -0.43955462988178406,
            -0.09426342953906974,
            -0.004693711061145661,
            -0.09732592165634028,
            -0.45132810267421486,
            -0.37096860383298225,
            0.04018817539890173,
            0.22514041144253266,
            0.00342725916333412
        ],
        [
            -0.029157796428160486,
            -0.0490840975716831,
            -0.05159932965597615,
            -0.03915754293474405,
            0.00023023517669048144,
            -0.01856842171622325,
            -0.07450156624014034,
            0.30391112430615963,
            0.20176047270806435,
            -0.09799210353650309,
            -0.11412238222897028,
            -0.09426342953906974,
            1.3743876613315122,
            0.0009496087652963404,
            -0.029686368958390847,
            -0.0249904037437248,
            -0.07354989816988133,
            0.2877543601703213,
            -0.18803810608081367,
            -0.016474984200841654
        ],
        [
            0.2905398917257639,
            0.175473751794731,
            0.04152850344132614,
            0.1319659168532133,
            0.009841665071012168,
            0.05496812596569878,
            0.11084474521060206,
            0.20015451003892887,
            -0.5420727706512736,
            0.36436936210928705,
            -0.0366491435832485,
            -0.004693711061145661,
            0.0009496087652963404,
            0.9163637060668965,
            0.08437940712974647,
            -0.03723588235156172,
            -0.10498707392529633,
            -0.21262333503006808,
            -0.6244174573368738,
            -0.05738602972995707
        ],
        [
            -0.08131063411618628,
            -0.08142722885039161,
            -0.014294668883808124,
            -0.07130244449501544,
            -0.04632339644638277,
            -0.029325219506211864,
            -0.09676964069513663,
            -0.09749798181965028,
            0.3648490830599066,
            0.20115290235853267,
            -0.11234161928784053,
            -0.09732592165634028,
            -0.029686368958390847,
            0.08437940712974647,
            1.3575031484793985,
            -0.019361398449484618,
            -0.058447301780202805,
            -0.01231125380350813,
            -0.031949861345790836,
            0.3271229878669887
        ],
        [
            -0.008875891245235766,
            -0.13191568639259674,
            -0.004438213126470222,
            -0.06381605899521167,
            0.006850919379941097,
            -0.25397350255564644,
            -0.3137710957986856,
            0.03292695831541936,
            -0.29475128645876525,
            0.08489913600284371,
            -0.5589301942912417,
            -0.45132810267421486,
            -0.0249904037437248,
            -0.03723588235156172,
            -0.019361398449484618,
            -0.2489963905445305,
            -0.4612892360991834,
            0.054805386836656325,
            0.2642561524270476,
            0.011974420907751552
        ],
        [
            -0.1309015678106677,
            -0.19595235315959908,
            -0.018754081086934944,
            -0.1148658681732504,
            0.0017427936151903928,
            -0.3397868879126288,
            -0.3157015026628387,
            0.05153046872556724,
            -0.17718603454796658,
            0.0833119036514918,
            -0.532025339687918,
            -0.37096860383298225,
            -0.07354989816988133,
            -0.10498707392529633,
            -0.058447301780202805,
            -0.4612892360991834,
            -0.3163646080743756,
            0.04583017531683081,
            0.23361712539929216,
            0.007861323731335575
        ],
        [
            0.003497346124197722,
            0.015509818062772724,
            -0.003425015890718922,
            0.008178964965148925,
            -0.0008497069785340941,
            0.023686649457797432,
            0.03351143966244185,
            -0.05123629452009422,
            0.0354051871879892,
            -0.01221031532333432,
            0.008012547453698782,
            0.04018817539890173,
            0.2877543601703213,
            -0.21262333503006808,
            -0.01231125380350813,
            0.054805386836656325,
            0.04583017531683081,
            1.4728944822299581,
            -0.05117512977913947,
            -0.0035114080848343138
        ],
        [
            0.06416439166908573,
            0.11773625522183974,
            0.0094002685397388,
            0.08458929291049128,
            -0.006201936304603082,
            0.2409423610757236,
            0.18565954185313793,
            -0.04220570738502824,
            0.1344897539900234,
            -0.07446464522162291,
            0.09308544985889267,
            0.22514041144253266,
            -0.18803810608081367,
            -0.6244174573368738,
            -0.031949861345790836,
            0.2642561524270476,
            0.23361712539929216,
            -0.05117512977913947,
            1.231706657839099,
            -0.010077521235502191
        ],
        [
            -0.007518231690644186,
            -0.004078002518179283,
            -0.0010195366156612378,
            -0.0069612697428827405,
            -0.0038155975143689415,
            -0.016495284947558184,
            0.003183915749097349,
            0.0010461079401116388,
            0.006190984159108667,
            -0.04531510557792688,
            -0.007484314382256579,
            0.00342725916333412,
            -0.016474984200841654,
            -0.05738602972995707,
            0.3271229878669887,
            0.011974420907751552,
            0.007861323731335575,
            -0.0035114080848343138,
            -0.010077521235502191,
            1.482739965811349
        ]
    ]
}