{
    "HF": -2.173725655307131,
    "coordinates": [
        [
            0.722198,
            0.109243,
            -0.118812
        ],
        [
            1.382559,
            -0.134558,
            0.065216
        ],
        [
            2.185209,
            0.182596,
            0.057014
        ],
        [
            2.941463,
            -0.04041,
            0.030832
        ]
    ],
    "elements": [
        "H",
        "H",
        "H",
        "H"
    ],
    "Enn": 2.9460278335002203,
    "S": [
        [
            0.9999999999999999,
            0.6848602514927513,
            0.0,
            0.0,
            0.0,
            0.5807413599019844,
            0.5691380284164032,
            -0.13666447089319084,
            -0.4904030183640447,
            0.18105361503809644,
            0.13366851753730144,
            0.3202136531630365,
            -0.020934218003975425,
            -0.17418920532921234,
            -0.008733564394603804,
            0.013233106671974443,
            0.12107284950509813,
            -0.0010696783916991246,
            -0.0158636484987982,
            0.0010697427250872008
        ],
        [
            0.6848602514927513,
            1.0000000000000002,
            0.0,
            0.0,
            0.0,
            0.5691380284164032,
            0.891082843011163,
            -0.04110226998417351,
            -0.14749025207587343,
            0.05445244486932144,
            0.3202136531630365,
            0.6224072788914992,
            -0.021240614705788963,
            -0.17673866755389425,
            -0.008861390297872541,
            0.12107284950509813,
            0.33870569343285833,
            -0.006376527317900879,
            -0.0945657954756709,
            0.006376910819717595
        ],
        [
            0.0,
            0.0,
            1.0000000000000004,
            0.0,
            0.0,
            0.13666447089319078,
            0.04110226998417351,
            0.45876764104459555,
            -0.15869326522906946,
            0.05858852469499616,
            0.020934218003975415,
            0.02124061470578894,
            0.05451960326347089,
            -0.03958679784653031,
            -0.0019848178738482067,
            0.0010696783916991242,
            0.006376527317900874,
            0.0014865940915757146,
            -0.001360834053890783,
            9.176592190068211e-05
        ],
        [
            0.0,
            0.0,
            0.0,
            1.0000000000000004,
            0.0,
            0.4904030183640443,
            0.1474902520758732,
            -0.15869326522906946,
            -0.06645859351545855,
            0.21023744623705287,
            0.17418920532921225,
            0.1767386675538942,
            -0.039586797846530325,
            -0.27011620071568626,
            -0.01651525020438695,
            0.01586364849879819,
            0.0945657954756708,
            -0.001360834053890783,
            -0.018603219017099885,
            0.0013609158981777905
        ],
        [
            0.0,
            0.0,
            0.0,
            0.0,
            1.0000000000000004,
            -0.18105361503809642,
            -0.05445244486932142,
            0.058588524694996175,
            0.21023744623705293,
            0.4253736407682852,
            0.008733564394603809,
            0.008861390297872538,
            -0.0019848178738482063,
            -0.01651525020438694,
            0.05844913295936629,
            -0.0010697427250872008,
            -0.00637691081971759,
            9.176592190068218e-05,
            0.0013609158981777916,
            0.0014865830537998885
        ],
        [
            0.5807413599019844,
            0.5691380284164032,
            0.13666447089319084,
            0.49040301836404454,
            -0.18105361503809644,
            0.9999999999999999,
            0.6848602514927513,
            0.0,
            0.0,
            0.0,
            0.47400993384663453,
            0.5278475339820051,
            0.004710665621205149,
            -0.46098704716658356,
            -0.18215148066663006,
            0.10680014225208403,
            0.29209873457440755,
            0.0031142015277785817,
            -0.14119186884772406,
            -0.00852710113533324
        ],
        [
            0.5691380284164032,
            0.891082843011163,
            0.041102269984173524,
            0.14749025207587324,
            -0.05445244486932144,
            0.6848602514927513,
            1.0000000000000002,
            0.0,
            0.0,
            0.0,
            0.5278475339820051,
            0.8502154716593293,
            0.0016903758083228837,
            -0.16542064649480145,
            -0.06536325885306458,
            0.2920987345744075,
            0.5876834017078656,
            0.0037648100433301723,
            -0.17068919950522327,
            -0.010308554442748063
        ],
        [
            -0.13666447089319078,
            -0.0411022699841735,
            0.45876764104459555,
            -0.15869326522906946,
            0.05858852469499616,
            0.0,
            0.0,
            1.0000000000000004,
            0.0,
            0.0,
            -0.004710665621205149,
            -0.0016903758083228835,
            0.38017742177711566,
            0.006498906633450803,
            0.0025679365033644264,
            -0.003114201527778581,
            -0.0037648100433301736,
            0.04197462617334288,
            0.0058590850011220556,
            0.00035385189510427805
        ],
        [
            -0.4904030183640443,
            -0.14749025207587338,
            -0.15869326522906946,
            -0.06645859351545855,
            0.21023744623705287,
            0.0,
            0.0,
            0.0,
            1.0000000000000004,
            0.0,
            0.46098704716658334,
            0.16542064649480143,
            0.006498906633450806,
            -0.2557409778878716,
            -0.2512989800567495,
            0.14119186884772392,
            0.17068919950522302,
            0.005859085001122055,
            -0.22353571481820028,
            -0.016042959943160757
        ],
        [
            0.18105361503809642,
            0.054452444869321444,
            0.058588524694996175,
            0.21023744623705293,
            0.4253736407682852,
            0.0,
            0.0,
            0.0,
            0.0,
            1.0000000000000004,
            0.18215148066662998,
            0.06536325885306456,
            0.002567936503364425,
            -0.2512989800567493,
            0.2809471561710474,
            0.008527101135333233,
            0.010308554442748065,
            0.000353851895104278,
            -0.016042959943160757,
            0.041134963298624413
        ],
        [
            0.13366851753730144,
            0.3202136531630365,
            0.020934218003975425,
            0.17418920532921234,
            0.008733564394603809,
            0.47400993384663453,
            0.5278475339820051,
            -0.004710665621205149,
            0.46098704716658334,
            0.18215148066663006,
            0.9999999999999999,
            0.6848602514927513,
            0.0,
            0.0,
            0.0,
            0.5316394526098154,
            0.5509455745229889,
            0.01738823853899194,
            -0.5022505900262321,
            0.1481048630214054
        ],
        [
            0.3202136531630365,
            0.6224072788914992,
            0.02124061470578897,
            0.17673866755389425,
            0.008861390297872541,
            0.5278475339820051,
            0.8502154716593293,
            -0.0016903758083228837,
            0.1654206464948018,
            0.06536325885306458,
            0.6848602514927513,
            1.0000000000000002,
            0.0,
            0.0,
            0.0,
            0.5509455745229889,
            0.8732208174003973,
            0.005648382340818693,
            -0.1631507042538193,
            0.04811027241221504
        ],
        [
            -0.020934218003975415,
            -0.021240614705788946,
            0.05451960326347089,
            -0.039586797846530325,
            -0.0019848178738482063,
            0.004710665621205149,
            0.0016903758083228835,
            0.38017742177711566,
            0.006498906633450806,
            0.0025679365033644264,
            0.0,
            0.0,
            1.0000000000000004,
            0.0,
            0.0,
            -0.01738823853899195,
            -0.005648382340818699,
            0.445024422212724,
            0.02291712215103016,
            -0.006757856146761051
        ],
        [
            -0.17418920532921234,
            -0.1767386675538942,
            -0.03958679784653031,
            -0.2701162007156862,
            -0.01651525020438694,
            -0.4609870471665833,
            -0.16542064649480143,
            0.006498906633450803,
            -0.2557409778878716,
            -0.2512989800567494,
            0.0,
            0.0,
            0.0,
            1.0000000000000004,
            0.0,
            0.5022505900262322,
            0.1631507042538193,
            0.02291712215103015,
            -0.21613180542790625,
            0.1951973012914456
        ],
        [
            -0.008733564394603804,
            -0.008861390297872538,
            -0.0019848178738482067,
            -0.01651525020438695,
            0.05844913295936629,
            -0.18215148066662998,
            -0.06536325885306458,
            0.002567936503364425,
            -0.25129898005674944,
            0.2809471561710474,
            0.0,
            0.0,
            0.0,
            0.0,
            1.0000000000000004,
            -0.14810486302140544,
            -0.04811027241221503,
            -0.006757856146761048,
            0.1951973012914456,
            0.3882575776345243
        ],
        [
            0.013233106671974443,
            0.12107284950509813,
            0.0010696783916991246,
            0.0158636484987982,
            -0.0010697427250872008,
            0.10680014225208403,
            0.29209873457440755,
            -0.0031142015277785826,
            0.141191868847724,
            0.008527101135333238,
            0.5316394526098154,
            0.5509455745229889,
            -0.01738823853899195,
            0.5022505900262321,
            -0.1481048630214054,
            0.9999999999999999,
            0.6848602514927513,
            0.0,
            0.0,
            0.0
        ],
        [
            0.12107284950509813,
            0.33870569343285833,
            0.006376527317900881,
            0.0945657954756709,
            -0.006376910819717593,
            0.2920987345744075,
            0.5876834017078656,
            -0.0037648100433301753,
            0.17068919950522307,
            0.01030855444274807,
            0.5509455745229889,
            0.8732208174003973,
            -0.005648382340818688,
            0.1631507042538193,
            -0.04811027241221503,
            0.6848602514927513,
            1.0000000000000002,
            0.0,
            0.0,
            0.0
        ],
        [
            -0.0010696783916991242,
            -0.006376527317900873,
            0.0014865940915757146,
            -0.001360834053890783,
            9.176592190068211e-05,
            0.00311420152777858,
            0.0037648100433301766,
            0.04197462617334288,
            0.005859085001122059,
            0.00035385189510427805,
            0.017388238538991945,
            0.005648382340818693,
            0.445024422212724,
            0.022917122151030152,
            -0.00675785614676105,
            0.0,
            0.0,
            1.0000000000000004,
            0.0,
            0.0
        ],
        [
            -0.01586364849879819,
            -0.09456579547567073,
            -0.001360834053890783,
            -0.018603219017099885,
            0.0013609158981777905,
            -0.14119186884772397,
            -0.17068919950522282,
            0.005859085001122052,
            -0.22353571481820023,
            -0.01604295994316075,
            -0.5022505900262322,
            -0.1631507042538193,
            0.022917122151030152,
            -0.21613180542790625,
            0.1951973012914456,
            0.0,
            0.0,
            0.0,
            1.0000000000000004,
            0.0
        ],
        [
            0.0010697427250872008,
            0.006376910819717593,
            9.176592190068218e-05,
            0.0013609158981777916,
            0.0014865830537998885,
            -0.008527101135333235,
            -0.010308554442748065,
            0.00035385189510427794,
            -0.016042959943160764,
            0.041134963298624413,
            0.14810486302140544,
            0.04811027241221502,
            -0.00675785614676105,
            0.1951973012914456,
            0.3882575776345243,
            0.0,
            0.0,
            0.0,
            0.0,
            1.0000000000000004
        ]
    ],
    "h": [
        [
            -0.3000746615986152,
            -0.48365174359412355,
            -0.07828207669704348,
            -0.28840808825135916,
            0.097544798161563,
            -0.6067354920976182,
            -0.4812960831219705,
            0.008478813503592586,
            0.008387085715479636,
            -0.027696613100353207,
            -0.25234081102885,
            -0.3263967164064528,
            0.015162426949548086,
            0.2983252003649033,
            0.055729169230827574,
            -0.0178638885335336,
            -0.1458954317814421,
            0.0016617409772148677,
            0.0679335535697638,
            -0.00269631931521953
        ],
        [
            -0.48365174359412355,
            -0.32165288453880914,
            -0.06301320369932817,
            -0.23986165997230205,
            0.075714777205879,
            -0.5471405827440876,
            -0.37282617480852065,
            0.05606177519036163,
            0.10778365714414229,
            -0.11124743243635812,
            -0.32920990499226355,
            -0.31608253603210934,
            0.0050379898653493335,
            0.16356815615742235,
            0.07075176002153324,
            -0.14414164486417688,
            -0.2033411532151716,
            -0.0018712705954513024,
            0.11530925158064737,
            -0.019154885455938492
        ],
        [
            -0.07828207669704348,
            -0.06301320369932817,
            1.453645479280981,
            -0.06827080617498514,
            0.023782840367974296,
            -0.012593156623545043,
            -0.05845290423469381,
            0.3849117741946826,
            -0.23263539666177097,
            0.07889894810629892,
            -0.04216702761279817,
            -0.045073594675605455,
            -0.04313854094852823,
            0.04318087899840367,
            0.012981838246021647,
            -0.006899065878325203,
            -0.02295802787055347,
            -0.005014802800128011,
            0.010497375249849866,
            -0.0007345757729670256
        ],
        [
            -0.28840808825135916,
            -0.23986165997230205,
            -0.06827080617498514,
            1.2134710659961059,
            0.08412811029197009,
            -0.07036393151305487,
            -0.2327273052587286,
            -0.22158287220849826,
            -0.40745348603600595,
            0.2699118206776205,
            -0.22765723293291973,
            -0.18361791685131534,
            0.0009070098941511423,
            0.11250033002524273,
            0.05878233940090313,
            -0.07007397754895325,
            -0.11882865179124197,
            0.0031627799671502207,
            0.09095121553853204,
            -0.00840853887224331
        ],
        [
            0.097544798161563,
            0.075714777205879,
            0.023782840367974296,
            0.08412811029197009,
            1.4404446511652536,
            0.004749277521339024,
            0.06694536592999384,
            0.08417395031111059,
            0.30329366087819254,
            0.33744565897228085,
            0.029299317730693254,
            0.051378682540722406,
            -0.00211965045542683,
            -0.054260690528148386,
            -0.056870999356844754,
            0.002019962401518709,
            0.021926024785076055,
            -0.00023254998925442745,
            -0.008256877799023593,
            -0.005198838753931064
        ],
        [
            -0.6067354920976182,
            -0.5471405827440876,
            -0.012593156623545043,
            -0.07036393151305487,
            0.004749277521339024,
            -0.4297602826523632,
            -0.5880861404300768,
            0.07554914387544555,
            0.09949245741360155,
            -0.1658344683787112,
            -0.4734315089584693,
            -0.487502946119297,
            0.00935898010701406,
            0.08814386179771116,
            0.03155352277343876,
            -0.21396783357687316,
            -0.3087135457970284,
            -0.005281199652903106,
            0.21199204320488674,
            -0.01942407334869042
        ],
        [
            -0.4812960831219705,
            -0.37282617480852065,
            -0.05845290423469381,
            -0.2327273052587286,
            0.06694536592999384,
            -0.5880861404300768,
            -0.42654885514462504,
            0.05794888200587902,
            0.03312186276707524,
            -0.13735115599326508,
            -0.4792414095760973,
            -0.4045808597886287,
            0.00762615618788317,
            0.10463039712405564,
            0.09413929913755167,
            -0.2975000527512552,
            -0.3025238093089959,
            -0.005645457157250054,
            0.17058363026098528,
            -0.03995071107280669
        ],
        [
            0.008478813503592586,
            0.05606177519036163,
            0.3849117741946826,
            -0.22158287220849826,
            0.08417395031111059,
            0.07554914387544555,
            0.05794888200587902,
            1.3928831565377104,
            -0.06599890920740559,
            0.02496463719218206,
            0.013066676727261915,
            0.03241791701637986,
            0.2620655432249213,
            -0.015171753923837197,
            0.00018846928747253897,
            -0.0008069665402629968,
            0.010578440283771275,
            -0.04242269427499373,
            -0.00400134808044026,
            5.592259920850863e-05
        ],
        [
            0.008387085715479636,
            0.10778365714414229,
            -0.23263539666177097,
            -0.40745348603600595,
            0.30329366087819254,
            0.09949245741360155,
            0.03312186276707524,
            -0.06599890920740559,
            0.9515246487015376,
            0.017554047858872435,
            -0.06192519190863233,
            -0.08921631572329536,
            0.005949592895820005,
            -0.6956424389912431,
            -0.30960583037080064,
            -0.27464990704447156,
            -0.15592945369518424,
            -0.006998353735177362,
            0.16614395461893583,
            -0.03588434199557081
        ],
        [
            -0.027696613100353207,
            -0.11124743243635812,
            0.07889894810629892,
            0.2699118206776205,
            0.33744565897228085,
            -0.1658344683787112,
            -0.13735115599326508,
            0.02496463719218206,
            0.017554047858872435,
            1.3515597225554232,
            -0.03674069600873103,
            -0.10503438661906758,
            0.00602917666540184,
            -0.2971879700539459,
            0.14425338801747156,
            -0.049461915509304004,
            -0.07047426044203525,
            -0.001644204502329975,
            0.056515720003727205,
            -0.051317677162221895
        ],
        [
            -0.25234081102885,
            -0.32920990499226355,
            -0.04216702761279817,
            -0.22765723293291973,
            0.029299317730693254,
            -0.4734315089584693,
            -0.4792414095760973,
            0.013066676727261915,
            -0.06192519190863233,
            -0.03674069600873103,
            -0.3890262081423579,
            -0.5748151783867377,
            0.006929495995273259,
            -0.07568770179185647,
            0.14033225607433714,
            -0.5618307845411465,
            -0.5232966153868943,
            -0.0026709351979229967,
            0.06864469375910587,
            -0.005880345456932057
        ],
        [
            -0.3263967164064528,
            -0.31608253603210934,
            -0.045073594675605455,
            -0.18361791685131534,
            0.051378682540722406,
            -0.487502946119297,
            -0.4045808597886287,
            0.03241791701637986,
            -0.08921631572329536,
            -0.10503438661906758,
            -0.5748151783867377,
            -0.42929119687555084,
            0.00749897525277912,
            -0.023361142341761204,
            0.12101640309384296,
            -0.455390172684101,
            -0.36600210290136737,
            -0.007778623938411276,
            0.21871739790750117,
            -0.051769285201515386
        ],
        [
            0.015162426949548086,
            0.0050379898653493335,
            -0.04313854094852823,
            0.0009070098941511423,
            -0.00211965045542683,
            0.00935898010701406,
            0.00762615618788317,
            0.2620655432249213,
            0.005949592895820005,
            0.00602917666540184,
            0.006929495995273259,
            0.00749897525277912,
            1.4231666569672368,
            0.005254551648862819,
            -0.001770738885854977,
            -0.001639914260558463,
            0.005260816974922417,
            0.36561109256677327,
            0.03202798334264013,
            -0.009666465859284145
        ],
        [
            0.2983252003649033,
            0.16356815615742235,
            0.04318087899840367,
            0.11250033002524273,
            -0.054260690528148386,
            0.08814386179771116,
            0.10463039712405564,
            -0.015171753923837197,
            -0.6956424389912431,
            -0.2971879700539459,
            -0.07568770179185647,
            -0.023361142341761204,
            0.005254551648862819,
            0.950678574974807,
            -0.0010075439612179096,
            -0.03066661908520596,
            -0.11359873719405023,
            0.03150755743662025,
            -0.5747761979805579,
            0.27050685060743657
        ],
        [
            0.055729169230827574,
            0.07075176002153324,
            0.012981838246021647,
            0.05878233940090313,
            -0.056870999356844754,
            0.03155352277343876,
            0.09413929913755167,
            0.00018846928747253897,
            -0.30960583037080064,
            0.14425338801747156,
            0.14033225607433714,
            0.12101640309384296,
            -0.001770738885854977,
            -0.0010075439612179096,
            1.3760657860011345,
            0.02440901844616461,
            0.09214370784373253,
            -0.008582511882224675,
            0.2448868765069947,
            0.2878926269246511
        ],
        [
            -0.0178638885335336,
            -0.14414164486417688,
            -0.006899065878325203,
            -0.07007397754895325,
            0.002019962401518709,
            -0.21396783357687316,
            -0.2975000527512552,
            -0.0008069665402629968,
            -0.27464990704447156,
            -0.049461915509304004,
            -0.5618307845411465,
            -0.455390172684101,
            -0.001639914260558463,
            -0.03066661908520596,
            0.02440901844616461,
            -0.2527797331213262,
            -0.4627538973345937,
            -0.010104389142400472,
            0.26806658338670974,
            -0.07331801470898208
        ],
        [
            -0.1458954317814421,
            -0.2033411532151716,
            -0.02295802787055347,
            -0.11882865179124197,
            0.021926024785076055,
            -0.3087135457970284,
            -0.3025238093089959,
            0.010578440283771275,
            -0.15592945369518424,
            -0.07047426044203525,
            -0.5232966153868943,
            -0.36600210290136737,
            0.005260816974922417,
            -0.11359873719405023,
            0.09214370784373253,
            -0.4627538973345937,
            -0.31221948136560873,
            -0.008590795958635752,
            0.23140137256782575,
            -0.05997248023056842
        ],
        [
            0.0016617409772148677,
            -0.0018712705954513024,
            -0.005014802800128011,
            0.0031627799671502207,
            -0.00023254998925442745,
            -0.005281199652903106,
            -0.005645457157250054,
            -0.04242269427499373,
            -0.006998353735177362,
            -0.001644204502329975,
            -0.0026709351979229967,
            -0.007778623938411276,
            0.36561109256677327,
            0.03150755743662025,
            -0.008582511882224675,
            -0.010104389142400472,
            -0.008590795958635752,
            1.492753743537304,
            0.008817312872025834,
            -0.002360276016713201
        ],
        [
            0.0679335535697638,
            0.11530925158064737,
            0.010497375249849866,
            0.09095121553853204,
            -0.008256877799023593,
            0.21199204320488674,
            0.17058363026098528,
            -0.00400134808044026,
            0.16614395461893583,
            0.056515720003727205,
            0.06864469375910587,
            0.21871739790750117,
            0.03202798334264013,
            -0.5747761979805579,
            0.2448868765069947,
            0.26806658338670974,
            0.23140137256782575,
            0.008817312872025834,
            1.243274037377443,
            0.06673703326236177
        ],
        [
            -0.00269631931521953,
            -0.019154885455938492,
            -0.0007345757729670256,
            -0.00840853887224331,
            -0.005198838753931064,
            -0.01942407334869042,
            -0.03995071107280669,
            5.592259920850863e-05,
            -0.03588434199557081,
            -0.051317677162221895,
            -0.005880345456932057,
            -0.051769285201515386,
            -0.009666465859284145,
            0.27050685060743657,
            0.2878926269246511,
            -0.07331801470898208,
            -0.05997248023056842,
            -0.002360276016713201,
            0.06673703326236177,
            1.47277506178857
        ]
    ]
}