{
    "HF": -2.1688654204091824,
    "coordinates": [
        [
            0.72238,
            0.089589,
            0.13055
        ],
        [
            1.545319,
            -0.074108,
            -0.128587
        ],
        [
            2.358623,
            0.075186,
            -0.194129
        ],
        [
            3.172072,
            0.136806,
            -0.152448
        ]
    ],
    "elements": [
        "H",
        "H",
        "H",
        "H"
    ],
    "Enn": 2.742708993435378,
    "S": [
        [
            0.9999999999999999,
            0.6848602514927513,
            0.0,
            0.0,
            0.0,
            0.4625948765763923,
            0.5230235086202915,
            0.1443081688639806,
            -0.4582781315549511,
            0.09115955775719804,
            0.07997779719158823,
            0.2592095016978697,
            0.020692070227000123,
            -0.10427916515831749,
            0.0009179155026333166,
            0.00539227624250133,
            0.08223175990703108,
            0.0006731825805709182,
            -0.005827214263577604,
            -0.0001123176202899563
        ],
        [
            0.6848602514927513,
            1.0000000000000002,
            0.0,
            0.0,
            0.0,
            0.5230235086202915,
            0.8453628209710033,
            0.05288538117556589,
            -0.1679476211395478,
            0.03340772734999863,
            0.2592095016978697,
            0.5454107088360898,
            0.03128374107861591,
            -0.15765664657614997,
            0.001387769836531791,
            0.0822317599070311,
            0.2657611871981345,
            0.007960093867211237,
            -0.06890429708251097,
            -0.001328107449975311
        ],
        [
            0.0,
            0.0,
            1.0000000000000004,
            0.0,
            0.0,
            -0.1443081688639806,
            -0.05288538117556584,
            0.3034250403243529,
            0.20345956570454626,
            -0.040471675940910695,
            -0.020692070227000127,
            -0.03128374107861589,
            0.019600219287834723,
            0.03721912209678871,
            -0.00032762066243219854,
            -0.0006731825805709188,
            -0.00796009386721124,
            0.00029464841201422287,
            0.0006695187404780076,
            1.2904751441875172e-05
        ],
        [
            0.0,
            0.0,
            0.0,
            1.0000000000000004,
            0.0,
            0.45827813155495106,
            0.16794762113954778,
            0.20345956570454632,
            -0.27863182857702057,
            0.12852553100150543,
            0.10427916515831748,
            0.15765664657614964,
            0.03721912209678868,
            -0.16058282915910005,
            0.0016510677178383803,
            0.005827214263577606,
            0.06890429708251093,
            0.0006695187404780071,
            -0.0054235054347141105,
            -0.00011170632431730986
        ],
        [
            0.0,
            0.0,
            0.0,
            0.0,
            1.0000000000000004,
            -0.09115955775719807,
            -0.03340772734999866,
            -0.04047167594091071,
            0.12852553100150543,
            0.3419268705081521,
            -0.0009179155026333166,
            -0.00138776983653179,
            -0.00032762066243219843,
            0.0016510677178383812,
            0.02697106030284487,
            0.00011231762028995638,
            0.0013281074499753105,
            1.2904751441875176e-05,
            -0.00011170632431730998,
            0.00036984073292742526
        ],
        [
            0.4625948765763923,
            0.5230235086202915,
            -0.1443081688639806,
            0.458278131554951,
            -0.09115955775719804,
            0.9999999999999999,
            0.6848602514927513,
            0.0,
            0.0,
            0.0,
            0.49981026225764835,
            0.5384385139897968,
            0.04025561227935438,
            -0.49952779117585766,
            -0.09169572761944919,
            0.08637819073450602,
            0.2676123973809639,
            0.0016696931468764514,
            -0.11383338232935379,
            -0.014758881035174573
        ],
        [
            0.5230235086202915,
            0.8453628209710033,
            -0.05288538117556589,
            0.1679476211395478,
            -0.03340772734999863,
            0.6848602514927513,
            1.0000000000000002,
            0.0,
            0.0,
            0.0,
            0.5384385139897968,
            0.8608105171995887,
            0.013797313521961107,
            -0.17120945770139817,
            -0.03142803278733729,
            0.2676123973809639,
            0.5563951667022677,
            0.0023789413317011647,
            -0.16218724899077427,
            -0.021028122544504424
        ],
        [
            0.1443081688639806,
            0.05288538117556584,
            0.3034250403243529,
            0.20345956570454632,
            -0.040471675940910695,
            0.0,
            0.0,
            1.0000000000000004,
            0.0,
            0.0,
            -0.0402556122793544,
            -0.013797313521961084,
            0.40480180232738144,
            0.05665233993566426,
            0.010399376418110647,
            -0.0016696931468764538,
            -0.002378941331701164,
            0.030345394443102035,
            0.0030625106160976174,
            0.0003970648058332231
        ],
        [
            -0.4582781315549512,
            -0.16794762113954778,
            0.20345956570454626,
            -0.27863182857702046,
            0.1285255310015054,
            0.0,
            0.0,
            0.0,
            1.0000000000000004,
            0.0,
            0.4995277911758573,
            0.17120945770139814,
            0.05665233993566424,
            -0.29362585072740816,
            -0.12904480239167346,
            0.11383338232935387,
            0.16218724899077439,
            0.0030625106160976153,
            -0.1784001101084919,
            -0.027070381127514066
        ],
        [
            0.09115955775719807,
            0.03340772734999866,
            -0.04047167594091071,
            0.1285255310015055,
            0.3419268705081521,
            0.0,
            0.0,
            0.0,
            0.0,
            1.0000000000000004,
            0.09169572761944916,
            0.03142803278733724,
            0.01039937641811064,
            -0.1290448023916734,
            0.38567917774395477,
            0.01475888103517457,
            0.02102812254450441,
            0.0003970648058332226,
            -0.02707038112751405,
            0.02688054895068998
        ],
        [
            0.07997779719158823,
            0.2592095016978697,
            -0.020692070227000123,
            0.10427916515831752,
            -0.0009179155026333166,
            0.49981026225764835,
            0.5384385139897968,
            -0.0402556122793544,
            0.49952779117585766,
            0.09169572761944919,
            0.9999999999999999,
            0.6848602514927513,
            0.0,
            0.0,
            0.0,
            0.5096508391416888,
            0.542369053214731,
            -0.026240175385062056,
            -0.5121049021569384,
            -0.03879272587575934
        ],
        [
            0.2592095016978697,
            0.5454107088360898,
            -0.03128374107861591,
            0.1576566465761499,
            -0.001387769836531791,
            0.5384385139897968,
            0.8608105171995887,
            -0.013797313521961086,
            0.17120945770139817,
            0.03142803278733729,
            0.6848602514927513,
            1.0000000000000002,
            0.0,
            0.0,
            0.0,
            0.542369053214731,
            0.864722353601356,
            -0.008842708254884337,
            -0.17257484674617782,
            -0.013072807338259013
        ],
        [
            0.020692070227000127,
            0.03128374107861589,
            0.019600219287834723,
            0.03721912209678871,
            -0.00032762066243219854,
            0.040255612279354376,
            0.013797313521961061,
            0.40480180232738144,
            0.05665233993566424,
            0.010399376418110643,
            0.0,
            0.0,
            1.0000000000000004,
            0.0,
            0.0,
            0.02624017538506206,
            0.008842708254884335,
            0.4186816180320329,
            -0.03702096549870232,
            -0.0028043944906564985
        ],
        [
            -0.10427916515831749,
            -0.15765664657614956,
            0.03721912209678869,
            -0.1605828291591,
            0.0016510677178383805,
            -0.4995277911758573,
            -0.17120945770139814,
            0.05665233993566426,
            -0.29362585072740816,
            -0.12904480239167346,
            0.0,
            0.0,
            0.0,
            1.0000000000000004,
            0.0,
            0.5121049021569384,
            0.1725748467461771,
            -0.03702096549870232,
            -0.30192490900410984,
            -0.05473073808282043
        ],
        [
            0.0009179155026333166,
            0.00138776983653179,
            -0.00032762066243219843,
            0.0016510677178383812,
            0.02697106030284487,
            -0.09169572761944916,
            -0.03142803278733724,
            0.010399376418110643,
            -0.1290448023916734,
            0.38567917774395477,
            0.0,
            0.0,
            0.0,
            0.0,
            1.0000000000000004,
            0.038792725875759326,
            0.013072807338259012,
            -0.002804394490656497,
            -0.0547307380828204,
            0.4164326298130887
        ],
        [
            0.00539227624250133,
            0.08223175990703108,
            -0.0006731825805709182,
            0.005827214263577603,
            0.0001123176202899563,
            0.08637819073450602,
            0.2676123973809639,
            -0.0016696931468764538,
            0.11383338232935387,
            0.014758881035174573,
            0.5096508391416888,
            0.542369053214731,
            0.026240175385062056,
            0.5121049021569384,
            0.038792725875759326,
            0.9999999999999999,
            0.6848602514927513,
            0.0,
            0.0,
            0.0
        ],
        [
            0.0822317599070311,
            0.2657611871981345,
            -0.007960093867211237,
            0.068904297082511,
            0.001328107449975311,
            0.2676123973809639,
            0.5563951667022677,
            -0.0023789413317011647,
            0.1621872489907744,
            0.021028122544504424,
            0.542369053214731,
            0.864722353601356,
            0.008842708254884337,
            0.17257484674617782,
            0.013072807338259013,
            0.6848602514927513,
            1.0000000000000002,
            0.0,
            0.0,
            0.0
        ],
        [
            0.0006731825805709188,
            0.00796009386721124,
            0.00029464841201422287,
            0.0006695187404780076,
            1.290475144187518e-05,
            0.0016696931468764514,
            0.002378941331701164,
            0.030345394443102035,
            0.0030625106160976153,
            0.0003970648058332226,
            -0.02624017538506206,
            -0.008842708254884335,
            0.4186816180320329,
            -0.03702096549870232,
            -0.002804394490656497,
            0.0,
            0.0,
            1.0000000000000004,
            0.0,
            0.0
        ],
        [
            -0.005827214263577605,
            -0.06890429708251095,
            0.0006695187404780071,
            -0.0054235054347141105,
            -0.00011170632431730994,
            -0.11383338232935379,
            -0.16218724899077422,
            0.0030625106160976174,
            -0.1784001101084919,
            -0.02707038112751405,
            -0.5121049021569384,
            -0.1725748467461771,
            -0.03702096549870232,
            -0.30192490900410984,
            -0.0547307380828204,
            0.0,
            0.0,
            0.0,
            1.0000000000000004,
            0.0
        ],
        [
            -0.00011231762028995638,
            -0.0013281074499753105,
            1.2904751441875167e-05,
            -0.00011170632431730991,
            0.0003698407329274253,
            -0.01475888103517457,
            -0.021028122544504417,
            0.0003970648058332231,
            -0.027070381127514066,
            0.02688054895068998,
            -0.03879272587575935,
            -0.013072807338259012,
            -0.0028043944906564985,
            -0.05473073808282043,
            0.4164326298130887,
            0.0,
            0.0,
            0.0,
            0.0,
            1.0000000000000004
        ]
    ],
    "h": [
        [
            -0.2032915029787632,
            -0.437432477663139,
            0.06728992482848692,
            -0.21457207871821324,
            0.041414827949354464,
            -0.5115843668151975,
            -0.42617285157056606,
            -0.016838851299062402,
            0.050647249140557626,
            -0.014603586997169571,
            -0.186189420448786,
            -0.26933894661357594,
            -0.03222384318553323,
            0.25552776009831346,
            0.02139270011208231,
            0.008767510989067244,
            -0.09683656383657097,
            -0.0022839347552694737,
            0.03539479518253041,
            0.0028576095862205613
        ],
        [
            -0.437432477663139,
            -0.30159030172307943,
            0.06125136759891507,
            -0.19729159898857387,
            0.03703367269226872,
            -0.4954899338159424,
            -0.35641850110419493,
            -0.04661154212666328,
            0.09182000669614737,
            -0.048689071139533344,
            -0.2858094149914826,
            -0.28618291116034367,
            -0.02039450799174626,
            0.17024363519361788,
            0.02615016279645807,
            -0.0986069040030451,
            -0.16255416865001515,
            0.00010248009874145973,
            0.0928067342437703,
            0.007409298184684199
        ],
        [
            0.06728992482848692,
            0.06125136759891507,
            1.47681417290175,
            0.0596033097909211,
            -0.011455254533238004,
            0.022841925511130873,
            0.055719193534944894,
            0.17390033959437,
            0.26289319563218305,
            -0.04925629190722901,
            0.04614506081720286,
            0.043902869188028534,
            -0.02929922928645976,
            -0.06171263746479613,
            -0.005413050900569495,
            0.005414060518565481,
            0.020716725683998086,
            -0.0008330861401327709,
            -0.008156912158654526,
            -0.000568846111122056
        ],
        [
            -0.21457207871821324,
            -0.19729159898857387,
            0.0596033097909211,
            1.3028000027549385,
            0.03625548885840764,
            -0.08125789190757049,
            -0.1840783904004739,
            0.2573530686974306,
            -0.5873537788801902,
            0.15380960584255893,
            -0.18773144834579827,
            -0.14705830654202598,
            -0.03428375400257147,
            0.20036968099652452,
            0.019128413752965676,
            -0.034429125037071656,
            -0.08486956513508345,
            -0.002664302221915942,
            0.04519312015709308,
            0.0026941167505832326
        ],
        [
            0.041414827949354464,
            0.03703367269226872,
            -0.011455254533238004,
            0.03625548885840764,
            1.4881505465826301,
            0.010954142952366658,
            0.03227017943992409,
            -0.05146881892938014,
            0.16428818098347187,
            0.22299737398665803,
            0.016364112240174193,
            0.02503747124001763,
            0.0029684366098545467,
            -0.025226694472778727,
            -0.040539516029907505,
            -0.0002851385383749677,
            0.00887042114684028,
            2.2631450417840917e-05,
            -0.0014533180586693952,
            -0.0013937150997871922
        ],
        [
            -0.5115843668151975,
            -0.4954899338159424,
            0.022841925511130873,
            -0.08125789190757049,
            0.010954142952366658,
            -0.36562634750956113,
            -0.5637406522430355,
            -0.04758580357583295,
            0.008642160908757524,
            -0.0759033019716796,
            -0.47718036026890953,
            -0.4748251107513808,
            -0.013345544735323775,
            0.05002684701301163,
            0.004615552558741215,
            -0.2017363467657124,
            -0.2927269253622301,
            0.0026885700795704058,
            0.20844937745550965,
            0.021925462648028703
        ],
        [
            -0.42617285157056606,
            -0.35641850110419493,
            0.055719193534944894,
            -0.1840783904004739,
            0.03227017943992409,
            -0.5637406522430355,
            -0.4257652184305958,
            -0.04013046841445086,
            -0.010863766597184382,
            -0.06770276908927647,
            -0.48111498705003186,
            -0.3980783433342123,
            -0.025223217679093368,
            0.1098435086534863,
            0.025247804613541106,
            -0.2831374216728134,
            -0.2911546932419117,
            0.007149403125375608,
            0.16925074451819686,
            0.01454658556464931
        ],
        [
            -0.016838851299062402,
            -0.04661154212666328,
            0.17390033959437,
            0.2573530686974306,
            -0.05146881892938014,
            -0.04758580357583295,
            -0.04013046841445086,
            1.4054324719200606,
            0.07860113948182136,
            -0.008026000369437555,
            -0.004448347860004184,
            -0.012017782982410644,
            0.2963165043357715,
            0.0975435753430712,
            0.015406849134543321,
            0.017732857252937093,
            0.007898004389792565,
            -0.040816022697355486,
            -0.01232107695593979,
            -0.0011449935363551204
        ],
        [
            0.050647249140557626,
            0.09182000669614737,
            0.26289319563218305,
            -0.5873537788801902,
            0.16428818098347187,
            0.008642160908757524,
            -0.010863766597184382,
            0.07860113948182136,
            0.9886315713932152,
            -0.005027300243918748,
            -0.06179683413010839,
            -0.12391473562541239,
            0.07892069619507705,
            -0.7467765687456787,
            -0.17862453831411212,
            -0.270134602688757,
            -0.17590456171512553,
            0.006041218797144572,
            0.21829837620784753,
            0.026391551861473614
        ],
        [
            -0.014603586997169571,
            -0.048689071139533344,
            -0.04925629190722901,
            0.15380960584255893,
            0.22299737398665803,
            -0.0759033019716796,
            -0.06770276908927647,
            -0.008026000369437555,
            -0.005027300243918748,
            1.410743356767118,
            -0.01904306097922437,
            -0.05361138716984532,
            0.011773704352855466,
            -0.16603980591199236,
            0.273672893140134,
            -0.03546196125036949,
            -0.03648509449254106,
            0.0008399241583092935,
            0.0405762676116299,
            -0.03617902290355225
        ],
        [
            -0.186189420448786,
            -0.2858094149914826,
            0.04614506081720286,
            -0.18773144834579827,
            0.016364112240174193,
            -0.47718036026890953,
            -0.48111498705003186,
            -0.004448347860004184,
            -0.06179683413010839,
            -0.01904306097922437,
            -0.3989824515340923,
            -0.5793193305978608,
            -0.027305064385656212,
            -0.05155033147688934,
            0.018295345548531454,
            -0.5462799458346288,
            -0.5158551371227313,
            0.002459804193812691,
            0.07630609073777728,
            0.008368759696862085
        ],
        [
            -0.26933894661357594,
            -0.28618291116034367,
            0.043902869188028534,
            -0.14705830654202598,
            0.02503747124001763,
            -0.4748251107513808,
            -0.3980783433342123,
            -0.012017782982410644,
            -0.12391473562541239,
            -0.05361138716984532,
            -0.5793193305978608,
            -0.42954895617259203,
            -0.025827248737762865,
            -0.015960832424038715,
            0.017402496363139626,
            -0.44516553408315795,
            -0.36015479939040407,
            0.009834608166653113,
            0.21453308236972335,
            0.018446978621019492
        ],
        [
            -0.03222384318553323,
            -0.02039450799174626,
            -0.02929922928645976,
            -0.03428375400257147,
            0.0029684366098545467,
            -0.013345544735323775,
            -0.025223217679093368,
            0.2963165043357715,
            0.07892069619507705,
            0.011773704352855466,
            -0.027305064385656212,
            -0.025827248737762865,
            1.415057499519802,
            0.009827343167470432,
            0.002480845448068906,
            -0.0013892927088616919,
            -0.015662310735834642,
            0.32515636639821344,
            -0.046197580287384535,
            -0.003300230581241262
        ],
        [
            0.25552776009831346,
            0.17024363519361788,
            -0.06171263746479613,
            0.20036968099652452,
            -0.025226694472778727,
            0.05002684701301163,
            0.1098435086534863,
            0.0975435753430712,
            -0.7467765687456787,
            -0.16603980591199236,
            -0.05155033147688934,
            -0.015960832424038715,
            0.009827343167470432,
            0.9265442211367125,
            -0.0585783681056613,
            -0.03649359871733082,
            -0.11381953090813751,
            -0.0490756070052035,
            -0.6664138959175947,
            -0.07568108027016567
        ],
        [
            0.02139270011208231,
            0.02615016279645807,
            -0.005413050900569495,
            0.019128413752965676,
            -0.040539516029907505,
            0.004615552558741215,
            0.025247804613541106,
            0.015406849134543321,
            -0.17862453831411212,
            0.273672893140134,
            0.018295345548531454,
            0.017402496363139626,
            0.002480845448068906,
            -0.0585783681056613,
            1.409005896879588,
            0.0023521037247236157,
            0.0021128610269773116,
            -0.0037976552570660876,
            -0.08084022285733143,
            0.3214225241267466
        ],
        [
            0.008767510989067244,
            -0.0986069040030451,
            0.005414060518565481,
            -0.034429125037071656,
            -0.0002851385383749677,
            -0.2017363467657124,
            -0.2831374216728134,
            0.017732857252937093,
            -0.270134602688757,
            -0.03546196125036949,
            -0.5462799458346288,
            -0.44516553408315795,
            -0.0013892927088616919,
            -0.03649359871733082,
            0.0023521037247236157,
            -0.23667351032654493,
            -0.45305527402301093,
            0.013494332717603544,
            0.25818401817714287,
            0.02091555009296247
        ],
        [
            -0.09683656383657097,
            -0.16255416865001515,
            0.020716725683998086,
            -0.08486956513508345,
            0.00887042114684028,
            -0.2927269253622301,
            -0.2911546932419117,
            0.007898004389792565,
            -0.17590456171512553,
            -0.03648509449254106,
            -0.5158551371227313,
            -0.36015479939040407,
            -0.015662310735834642,
            -0.11381953090813751,
            0.0021128610269773116,
            -0.45305527402301093,
            -0.3063437645254323,
            0.011419926714302212,
            0.22689407532621902,
            0.018814195476556144
        ],
        [
            -0.0022839347552694737,
            0.00010248009874145973,
            -0.0008330861401327709,
            -0.002664302221915942,
            2.2631450417840917e-05,
            0.0026885700795704058,
            0.007149403125375608,
            -0.040816022697355486,
            0.006041218797144572,
            0.0008399241583092935,
            0.002459804193812691,
            0.009834608166653113,
            0.32515636639821344,
            -0.0490756070052035,
            -0.0037976552570660876,
            0.013494332717603544,
            0.011419926714302212,
            1.48478937858348,
            -0.012261145933807241,
            -0.0009400649566958122
        ],
        [
            0.03539479518253041,
            0.0928067342437703,
            -0.008156912158654526,
            0.04519312015709308,
            -0.0014533180586693952,
            0.20844937745550965,
            0.16925074451819686,
            -0.01232107695593979,
            0.21829837620784753,
            0.0405762676116299,
            0.07630609073777728,
            0.21453308236972335,
            -0.046197580287384535,
            -0.6664138959175947,
            -0.08084022285733143,
            0.25818401817714287,
            0.22689407532621902,
            -0.012261145933807241,
            1.2358484148969444,
            -0.02002637897776635
        ],
        [
            0.0028576095862205613,
            0.007409298184684199,
            -0.000568846111122056,
            0.0026941167505832326,
            -0.0013937150997871922,
            0.021925462648028703,
            0.01454658556464931,
            -0.0011449935363551204,
            0.026391551861473614,
            -0.03617902290355225,
            0.008368759696862085,
            0.018446978621019492,
            -0.003300230581241262,
            -0.07568108027016567,
            0.3214225241267466,
            0.02091555009296247,
            0.018814195476556144,
            -0.0009400649566958122,
            -0.02002637897776635,
            1.4837560659584812
        ]
    ]
}