{
    "HF": -2.170342328386858,
    "coordinates": [
        [
            0.721747,
            0.016045,
            -0.181831
        ],
        [
            1.388199,
            0.100569,
            0.163529
        ],
        [
            2.174696,
            -0.174708,
            0.009331
        ],
        [
            2.949241,
            -0.044407,
            -0.125011
        ]
    ],
    "elements": [
        "H",
        "H",
        "H",
        "H"
    ],
    "Enn": 2.9165489224813532,
    "S": [
        [
            0.9999999999999999,
            0.6848602514927513,
            0.0,
            0.0,
            0.0,
            0.5583577873381603,
            0.5610025927600645,
            -0.24404417134646741,
            -0.47093967478050713,
            -0.05972778995508689,
            0.13283748808940618,
            0.3194001184776851,
            -0.0225875095550863,
            -0.17167899174811457,
            0.022539182526659988,
            0.013247199836122197,
            0.12112817110848002,
            -0.00040668683834201827,
            -0.015943197681904542,
            0.0004326827305781714
        ],
        [
            0.6848602514927513,
            1.0000000000000002,
            0.0,
            0.0,
            0.0,
            0.5610025927600646,
            0.883122444111849,
            -0.0759590718941739,
            -0.14658059816428073,
            -0.018590353812784205,
            0.3194001184776851,
            0.6214191579703231,
            -0.023030523611530927,
            -0.17504617157620356,
            0.02298124873390296,
            0.12112817110848002,
            0.3388026575620897,
            -0.0024223619806727874,
            -0.09496298447336769,
            0.0025772021551501516
        ],
        [
            0.0,
            0.0,
            1.0000000000000004,
            0.0,
            0.0,
            0.24404417134646733,
            0.07595907189417382,
            0.32915830578185,
            -0.28491206939280816,
            -0.03613449693805064,
            0.022587509555086305,
            0.023030523611530906,
            0.053147882104646646,
            -0.042340867571337815,
            0.005558796290740695,
            0.00040668683834201827,
            0.0024223619806727874,
            0.001567797027029637,
            -0.000519511591224131,
            1.4099034481206763e-05
        ],
        [
            0.0,
            0.0,
            0.0,
            1.0000000000000004,
            0.0,
            0.4709396747805069,
            0.1465805981642805,
            -0.2849120693928084,
            -0.07300204121497356,
            -0.06972986956612733,
            0.1716789917481147,
            0.17504617157620367,
            -0.042340867571337815,
            -0.26309808810859264,
            0.042250277313668004,
            0.01594319768190454,
            0.0949629844733678,
            -0.0005195115912241319,
            -0.018785176861405316,
            0.000552719371923288
        ],
        [
            0.0,
            0.0,
            0.0,
            0.0,
            1.0000000000000004,
            0.05972778995508689,
            0.018590353812784198,
            -0.03613449693805065,
            -0.06972986956612731,
            0.46795807649345844,
            -0.022539182526659995,
            -0.022981248733902955,
            0.005558796290740693,
            0.04225027731366799,
            0.053171694212475605,
            -0.0004326827305781714,
            -0.0025772021551501508,
            1.4099034481206781e-05,
            0.0005527193719232877,
            0.0015660487202516383
        ],
        [
            0.5583577873381603,
            0.5610025927600645,
            0.24404417134646741,
            0.47093967478050697,
            0.059727789955086895,
            0.9999999999999999,
            0.6848602514927513,
            0.0,
            0.0,
            0.0,
            0.48596564272847714,
            0.5328079336992085,
            0.09139827777230669,
            -0.46618290297595205,
            0.16316582387791842,
            0.09805405899377534,
            0.28200235669479257,
            0.023553846934087977,
            -0.12742962613739012,
            0.011834555046497327
        ],
        [
            0.5610025927600646,
            0.883122444111849,
            0.0759590718941739,
            0.14658059816428073,
            0.018590353812784205,
            0.6848602514927513,
            1.0000000000000002,
            0.0,
            0.0,
            0.0,
            0.5328079336992085,
            0.855187746752802,
            0.032098102047341016,
            -0.1637184721327616,
            0.05730210013933956,
            0.28200235669479257,
            0.5749075941578803,
            0.03042602737551162,
            -0.1646090892989651,
            0.015287460126125219
        ],
        [
            -0.24404417134646733,
            -0.07595907189417382,
            0.32915830578185,
            -0.2849120693928083,
            -0.03613449693805064,
            0.0,
            0.0,
            1.0000000000000004,
            0.0,
            0.0,
            -0.09139827777230666,
            -0.032098102047341016,
            0.3693868679086281,
            0.12395416947118042,
            -0.04338444000360859,
            -0.02355384693408797,
            -0.030426027375511616,
            0.028951883243462286,
            0.043191031095998235,
            -0.004011207209141996
        ],
        [
            -0.47093967478050713,
            -0.14658059816428068,
            -0.28491206939280833,
            -0.07300204121497356,
            -0.06972986956612731,
            0.0,
            0.0,
            0.0,
            1.0000000000000004,
            0.0,
            0.4661829029759521,
            0.1637184721327616,
            0.12395416947118049,
            -0.23854744889374163,
            0.22128517820930332,
            0.12742962613739012,
            0.16460908929896506,
            0.04319103109599822,
            -0.19673432523370765,
            0.021701195411982524
        ],
        [
            -0.05972778995508689,
            -0.018590353812784198,
            -0.03613449693805065,
            -0.06972986956612733,
            0.46795807649345844,
            0.0,
            0.0,
            0.0,
            0.0,
            1.0000000000000004,
            -0.16316582387791842,
            -0.057302100139339604,
            -0.04338444000360859,
            0.22128517820930318,
            0.3162382418136713,
            -0.011834555046497323,
            -0.015287460126125222,
            -0.004011207209141996,
            0.021701195411982534,
            0.03491981210533259
        ],
        [
            0.13283748808940618,
            0.3194001184776851,
            0.0225875095550863,
            0.1716789917481146,
            -0.022539182526659988,
            0.48596564272847714,
            0.5328079336992085,
            -0.09139827777230669,
            0.46618290297595244,
            -0.16316582387791842,
            0.9999999999999999,
            0.6848602514927513,
            0.0,
            0.0,
            0.0,
            0.5253562521818191,
            0.5485232664150546,
            0.08788782354897504,
            -0.5067147600209974,
            -0.08524416263160436
        ],
        [
            0.3194001184776851,
            0.6214191579703231,
            0.02303052361153093,
            0.17504617157620367,
            -0.022981248733902972,
            0.5328079336992085,
            0.855187746752802,
            -0.032098102047341016,
            0.16371847213276125,
            -0.05730210013933958,
            0.6848602514927513,
            1.0000000000000002,
            0.0,
            0.0,
            0.0,
            0.5485232664150546,
            0.8708256882161824,
            0.028846305640354234,
            -0.16631255900766792,
            -0.027978610347053002
        ],
        [
            -0.022587509555086305,
            -0.023030523611530917,
            0.053147882104646646,
            -0.04234086757133781,
            0.005558796290740695,
            0.09139827777230666,
            0.032098102047340996,
            0.3693868679086281,
            0.12395416947118049,
            -0.04338444000360859,
            0.0,
            0.0,
            1.0000000000000004,
            0.0,
            0.0,
            -0.08788782354897504,
            -0.02884630564035421,
            0.4180307290983619,
            0.11847857825155012,
            0.019931543325120198
        ],
        [
            -0.17167899174811468,
            -0.17504617157620356,
            -0.04234086757133782,
            -0.26309808810859264,
            0.04225027731366801,
            -0.46618290297595205,
            -0.1637184721327616,
            0.12395416947118042,
            -0.23854744889374163,
            0.22128517820930318,
            0.0,
            0.0,
            0.0,
            1.0000000000000004,
            0.0,
            0.5067147600209974,
            0.16631255900766784,
            0.11847857825154996,
            -0.24450448517460285,
            -0.11491474910865708
        ],
        [
            0.022539182526659995,
            0.02298124873390296,
            0.005558796290740693,
            0.04225027731366798,
            0.053171694212475605,
            0.16316582387791842,
            0.057302100139339604,
            -0.04338444000360859,
            0.22128517820930332,
            0.3162382418136713,
            0.0,
            0.0,
            0.0,
            0.0,
            1.0000000000000004,
            0.08524416263160438,
            0.02797861034705298,
            0.0199315433251202,
            -0.11491474910865725,
            0.41924840197193614
        ],
        [
            0.013247199836122197,
            0.12112817110848002,
            0.00040668683834201827,
            0.01594319768190454,
            -0.0004326827305781714,
            0.09805405899377534,
            0.28200235669479257,
            -0.023553846934087977,
            0.12742962613739017,
            -0.011834555046497327,
            0.5253562521818191,
            0.5485232664150546,
            -0.08788782354897504,
            0.5067147600209974,
            0.08524416263160438,
            0.9999999999999999,
            0.6848602514927513,
            0.0,
            0.0,
            0.0
        ],
        [
            0.12112817110848002,
            0.3388026575620897,
            0.0024223619806727874,
            0.09496298447336773,
            -0.0025772021551501516,
            0.28200235669479257,
            0.5749075941578803,
            -0.03042602737551162,
            0.16460908929896526,
            -0.015287460126125224,
            0.5485232664150546,
            0.8708256882161824,
            -0.028846305640354227,
            0.16631255900766861,
            0.02797861034705299,
            0.6848602514927513,
            1.0000000000000002,
            0.0,
            0.0,
            0.0
        ],
        [
            -0.00040668683834201827,
            -0.0024223619806727874,
            0.001567797027029637,
            -0.0005195115912241316,
            1.4099034481206778e-05,
            0.02355384693408797,
            0.030426027375511616,
            0.028951883243462286,
            0.04319103109599822,
            -0.004011207209141996,
            0.08788782354897504,
            0.0288463056403542,
            0.4180307290983619,
            0.11847857825154996,
            0.019931543325120198,
            0.0,
            0.0,
            1.0000000000000004,
            0.0,
            0.0
        ],
        [
            -0.015943197681904542,
            -0.09496298447336783,
            -0.0005195115912241313,
            -0.018785176861405316,
            0.000552719371923288,
            -0.12742962613739006,
            -0.16460908929896506,
            0.043191031095998235,
            -0.19673432523370762,
            0.021701195411982534,
            -0.5067147600209974,
            -0.16631255900766784,
            0.11847857825155012,
            -0.24450448517460271,
            -0.11491474910865725,
            0.0,
            0.0,
            0.0,
            1.0000000000000004,
            0.0
        ],
        [
            0.0004326827305781714,
            0.0025772021551501516,
            1.4099034481206766e-05,
            0.0005527193719232877,
            0.0015660487202516383,
            0.011834555046497323,
            0.015287460126125224,
            -0.004011207209141996,
            0.021701195411982524,
            0.03491981210533259,
            -0.08524416263160436,
            -0.02797861034705299,
            0.019931543325120198,
            -0.1149147491086571,
            0.41924840197193614,
            0.0,
            0.0,
            0.0,
            0.0,
            1.0000000000000004
        ]
    ],
    "h": [
        [
            -0.2823756012484713,
            -0.4757847843824017,
            -0.13323734759157385,
            -0.26683175229250766,
            -0.028246144226242026,
            -0.5926990914056565,
            -0.473525594081156,
            0.02361947368820405,
            0.01374082715688052,
            0.018205525866456185,
            -0.25256760571713244,
            -0.3231739047948323,
            -0.011231712265156263,
            0.2960047031128462,
            -0.06281448030090747,
            -0.015314891565958631,
            -0.14077799160891175,
            -0.004576323110305319,
            0.06542148621625843,
            -0.002209933962075361
        ],
        [
            -0.4757847843824017,
            -0.32077527932868244,
            -0.10867183011459437,
            -0.22746866669208501,
            -0.020915447303002772,
            -0.5412371295564635,
            -0.3734521151601433,
            0.1151636320864663,
            0.09660718461191298,
            0.057638754925938375,
            -0.3325885609500798,
            -0.3176523940874765,
            -0.018265982472630705,
            0.1664064768929185,
            -0.06443421002636941,
            -0.1405998948047265,
            -0.19984061544976156,
            -0.016577221078151953,
            0.11265022384215323,
            0.008268685594706525
        ],
        [
            -0.13323734759157385,
            -0.10867183011459437,
            1.4162671466082883,
            -0.11247683794644969,
            -0.013287405382536983,
            -0.022427817192152588,
            -0.09931308790167105,
            0.20347530400971503,
            -0.40628955739810213,
            -0.045399907030933384,
            -0.06505657331242601,
            -0.07715650091486573,
            -0.05183236589061438,
            0.07779708363747753,
            -0.021190804528113363,
            -0.0056906746376952505,
            -0.034721948409638645,
            -0.006232932184349319,
            0.010698170263556885,
            -0.00023260524601813158
        ],
        [
            -0.26683175229250766,
            -0.22746866669208501,
            -0.11247683794644969,
            1.2387637710883712,
            -0.022860526861681635,
            -0.0762414123209697,
            -0.22140915654668802,
            -0.3788628566770751,
            -0.40310538796244755,
            -0.07449016065755043,
            -0.22476216750522632,
            -0.17721670290981273,
            -0.023589499213783297,
            0.10943528891736398,
            -0.051783144226238836,
            -0.06810405872544541,
            -0.11317220069403758,
            -0.004342035484039578,
            0.08892467580397082,
            -5.053256166455888e-05
        ],
        [
            -0.028246144226242026,
            -0.020915447303002772,
            -0.013287405382536983,
            -0.022860526861681635,
            1.4696249464848548,
            0.003465381846239901,
            -0.016446958534911228,
            -0.05287378559221943,
            -0.09549787092999212,
            0.39226192680831784,
            0.004807339343739635,
            -0.012491691697667853,
            0.0001421571405556786,
            0.016717453572444196,
            -0.0468720884702358,
            0.0047442971417111495,
            -0.001628725163088025,
            0.00012006053389638667,
            -0.0027669470335486422,
            -0.005442543834425703
        ],
        [
            -0.5926990914056565,
            -0.5412371295564635,
            -0.022427817192152588,
            -0.0762414123209697,
            0.003465381846239901,
            -0.4219645284013851,
            -0.5851826316255415,
            0.1610459910995057,
            0.0744527415803967,
            0.09326680275059088,
            -0.4804180828996112,
            -0.4897438311145095,
            0.005853176376484859,
            0.08588011332220435,
            -0.02999285507371119,
            -0.20667050860600106,
            -0.3050125950032813,
            -0.036447205730708726,
            0.20909827913231213,
            0.004185103163394131
        ],
        [
            -0.473525594081156,
            -0.3734521151601433,
            -0.09931308790167105,
            -0.22140915654668802,
            -0.016446958534911228,
            -0.5851826316255415,
            -0.42602074373261756,
            0.13192341986979628,
            0.021214510100123027,
            0.08149456253975611,
            -0.48273808245535865,
            -0.40506587485450973,
            -0.008326108946420198,
            0.11147442385209139,
            -0.07952851925721366,
            -0.2902048502544291,
            -0.2994788330903104,
            -0.02974228005477439,
            0.1689779901792946,
            0.02135679630496772
        ],
        [
            0.02361947368820405,
            0.1151636320864663,
            0.20347530400971503,
            -0.3788628566770751,
            -0.05287378559221943,
            0.1610459910995057,
            0.13192341986979628,
            1.3468837110201715,
            -0.07304245476433141,
            -0.02662741938622955,
            0.038820288619044296,
            0.09171148905004742,
            0.24846677032945952,
            0.12672107211770708,
            -0.046873282669216046,
            0.03839510434427762,
            0.04988854826909036,
            -0.03392652098286118,
            -0.04472573832005061,
            -0.001882069846141552
        ],
        [
            0.01374082715688052,
            0.09660718461191298,
            -0.40628955739810213,
            -0.40310538796244755,
            -0.09549787092999212,
            0.0744527415803967,
            0.021214510100123027,
            -0.07304245476433141,
            0.9731561406905858,
            0.03979271611021781,
            -0.05461383248334417,
            -0.09394759402698466,
            0.1728783642470596,
            -0.67949361877631,
            0.2881654649532404,
            -0.2685480737918199,
            -0.15733327159904179,
            -0.041375274874935405,
            0.1832449283522844,
            0.014698568082513117
        ],
        [
            0.018205525866456185,
            0.057638754925938375,
            -0.045399907030933384,
            -0.07449016065755043,
            0.39226192680831784,
            0.09326680275059088,
            0.08149456253975611,
            -0.02662741938622955,
            0.03979271611021781,
            1.3846258771289899,
            0.02511644433723509,
            0.07354779624336247,
            -0.058479877885061454,
            0.2847569360203182,
            0.1852929375380989,
            0.05179848048837387,
            0.058035086057783444,
            0.009607312268703826,
            -0.053640730524703306,
            -0.045463762686803966
        ],
        [
            -0.25256760571713244,
            -0.3325885609500798,
            -0.06505657331242601,
            -0.22476216750522632,
            0.004807339343739635,
            -0.4804180828996112,
            -0.48273808245535865,
            0.038820288619044296,
            -0.05461383248334417,
            0.02511644433723509,
            -0.39341217375803206,
            -0.5785207780604156,
            0.008267538607434378,
            -0.06629513769693657,
            -0.10385354343093939,
            -0.5547483768611926,
            -0.5210269242682173,
            -0.01359448492321591,
            0.06707002302067389,
            0.001750313544958526
        ],
        [
            -0.3231739047948323,
            -0.3176523940874765,
            -0.07715650091486573,
            -0.17721670290981273,
            -0.012491691697667853,
            -0.4897438311145095,
            -0.40506587485450973,
            0.09171148905004742,
            -0.09394759402698466,
            0.07354779624336247,
            -0.5785207780604156,
            -0.4324203187258786,
            0.005562381540760506,
            -0.01851499555787589,
            -0.09206009171273538,
            -0.4499315161140588,
            -0.36407070267729447,
            -0.039043134546636056,
            0.21582420335669206,
            0.028035184486586304
        ],
        [
            -0.011231712265156263,
            -0.018265982472630705,
            -0.05183236589061438,
            -0.023589499213783297,
            0.0001421571405556786,
            0.005853176376484859,
            -0.008326108946420198,
            0.24846677032945952,
            0.1728783642470596,
            -0.058479877885061454,
            0.008267538607434378,
            0.005562381540760506,
            1.408521099498325,
            0.07496273389537317,
            -0.005376944550424539,
            -0.0015505727223066867,
            0.016506961264203278,
            0.3278685519211003,
            0.16935749294361613,
            0.02769857333138042
        ],
        [
            0.2960047031128462,
            0.1664064768929185,
            0.07779708363747753,
            0.10943528891736398,
            0.016717453572444196,
            0.08588011332220435,
            0.11147442385209139,
            0.12672107211770708,
            -0.67949361877631,
            0.2847569360203182,
            -0.06629513769693657,
            -0.01851499555787589,
            0.07496273389537317,
            0.9388100547481606,
            0.02981097124264162,
            -0.03389025292692793,
            -0.11464598639145795,
            0.16567254918646754,
            -0.6068587622025126,
            -0.15705218859191733
        ],
        [
            -0.06281448030090747,
            -0.06443421002636941,
            -0.021190804528113363,
            -0.051783144226238836,
            -0.0468720884702358,
            -0.02999285507371119,
            -0.07952851925721366,
            -0.046873282669216046,
            0.2881654649532404,
            0.1852929375380989,
            -0.10385354343093939,
            -0.09206009171273538,
            -0.005376944550424539,
            0.02981097124264162,
            1.3929852085104637,
            -0.015101897390128072,
            -0.06277354441115501,
            0.02396218454463915,
            -0.13940285490045592,
            0.3300296624738963
        ],
        [
            -0.015314891565958631,
            -0.1405998948047265,
            -0.0056906746376952505,
            -0.06810405872544541,
            0.0047442971417111495,
            -0.20667050860600106,
            -0.2902048502544291,
            0.03839510434427762,
            -0.2685480737918199,
            0.05179848048837387,
            -0.5547483768611926,
            -0.4499315161140588,
            -0.0015505727223066867,
            -0.03389025292692793,
            -0.015101897390128072,
            -0.24491898926566114,
            -0.45806384339713846,
            -0.04803965558512154,
            0.26463778410848726,
            0.04139804134731705
        ],
        [
            -0.14077799160891175,
            -0.19984061544976156,
            -0.034721948409638645,
            -0.11317220069403758,
            -0.001628725163088025,
            -0.3050125950032813,
            -0.2994788330903104,
            0.04988854826909036,
            -0.15733327159904179,
            0.058035086057783444,
            -0.5210269242682173,
            -0.36407070267729447,
            0.016506961264203278,
            -0.11464598639145795,
            -0.06277354441115501,
            -0.45806384339713846,
            -0.3089042591812574,
            -0.04169694731145103,
            0.22931605080385986,
            0.033630776059398335
        ],
        [
            -0.004576323110305319,
            -0.016577221078151953,
            -0.006232932184349319,
            -0.004342035484039578,
            0.00012006053389638667,
            -0.036447205730708726,
            -0.02974228005477439,
            -0.03392652098286118,
            -0.041375274874935405,
            0.009607312268703826,
            -0.01359448492321591,
            -0.039043134546636056,
            0.3278685519211003,
            0.16567254918646754,
            0.02396218454463915,
            -0.04803965558512154,
            -0.04169694731145103,
            1.4880703518359313,
            0.044202667780157745,
            0.006544691672474757
        ],
        [
            0.06542148621625843,
            0.11265022384215323,
            0.010698170263556885,
            0.08892467580397082,
            -0.0027669470335486422,
            0.20909827913231213,
            0.1689779901792946,
            -0.04472573832005061,
            0.1832449283522844,
            -0.053640730524703306,
            0.06707002302067389,
            0.21582420335669206,
            0.16935749294361613,
            -0.6068587622025126,
            -0.13940285490045592,
            0.26463778410848726,
            0.22931605080385986,
            0.044202667780157745,
            1.2467147280634054,
            -0.03777602709547971
        ],
        [
            -0.002209933962075361,
            0.008268685594706525,
            -0.00023260524601813158,
            -5.053256166455888e-05,
            -0.005442543834425703,
            0.004185103163394131,
            0.02135679630496772,
            -0.001882069846141552,
            0.014698568082513117,
            -0.045463762686803966,
            0.001750313544958526,
            0.028035184486586304,
            0.02769857333138042,
            -0.15705218859191733,
            0.3300296624738963,
            0.04139804134731705,
            0.033630776059398335,
            0.006544691672474757,
            -0.03777602709547971,
            1.4891479960683032
        ]
    ]
}