{
    "HF": -2.1811193652022776,
    "coordinates": [
        [
            0.717164,
            0.193443,
            0.11624
        ],
        [
            1.408319,
            0.068706,
            -0.018703
        ],
        [
            2.237541,
            -0.138893,
            0.159899
        ],
        [
            2.992905,
            -0.075763,
            0.108532
        ]
    ],
    "elements": [
        "H",
        "H",
        "H",
        "H"
    ],
    "Enn": 2.944760849214537,
    "S": [
        [
            0.9999999999999999,
            0.6848602514927513,
            0.0,
            0.0,
            0.0,
            0.5908047336679729,
            0.5727134536072043,
            0.1024103169994382,
            -0.524528153707467,
            0.0946648267161611,
            0.10828968315358026,
            0.29376639436325536,
            -0.004021470392375281,
            -0.14004331502664621,
            0.030611772700254936,
            0.010537177952959803,
            0.10978307286387011,
            4.169917444604026e-05,
            -0.012311432401791141,
            0.0014563658479398956
        ],
        [
            0.6848602514927513,
            1.0000000000000002,
            0.0,
            0.0,
            0.0,
            0.5727134536072043,
            0.8945676291451411,
            0.03034137726514732,
            -0.1554033525539887,
            0.028046600238046313,
            0.29376639436325536,
            0.5897774319102299,
            -0.004809566738284144,
            -0.1674879096830487,
            0.036610828730259434,
            0.10978307286387015,
            0.3185529895240455,
            0.00029569330151343133,
            -0.08730168262577585,
            0.010327245839027657
        ],
        [
            0.0,
            0.0,
            1.0000000000000004,
            0.0,
            0.0,
            -0.1024103169994382,
            -0.030341377265147327,
            0.49048940911133593,
            0.12465798393675018,
            -0.02249779418845035,
            0.004021470392375277,
            0.004809566738284132,
            0.04279297255803344,
            -0.007411125148285436,
            0.001619982206571521,
            -4.169917444604029e-05,
            -0.0002956933015134313,
            0.001094925382561694,
            4.987101440191199e-05,
            -5.899430692280502e-06
        ],
        [
            0.0,
            0.0,
            0.0,
            1.0000000000000004,
            0.0,
            0.524528153707467,
            0.15540335255398868,
            0.1246579839367501,
            -0.12364892804635394,
            0.11522985958751769,
            0.14004331502664616,
            0.16748790968304864,
            -0.007411125148285444,
            -0.21507855073054002,
            0.0564141113465858,
            0.012311432401791153,
            0.0873016826257759,
            4.98710144019122e-05,
            -0.01362902508352932,
            0.0017417717051221007
        ],
        [
            0.0,
            0.0,
            0.0,
            0.0,
            1.0000000000000004,
            -0.09466482671616107,
            -0.028046600238046285,
            -0.02249779418845035,
            0.11522985958751775,
            0.4940317336709625,
            -0.030611772700254936,
            -0.03661082873025945,
            0.0016199822065715228,
            0.056414111346585805,
            0.030674348167089648,
            -0.001456365847939897,
            -0.010327245839027652,
            -5.899430692280525e-06,
            0.0017417717051221,
            0.0008890535421940556
        ],
        [
            0.5908047336679729,
            0.5727134536072043,
            -0.1024103169994382,
            0.524528153707467,
            -0.09466482671616107,
            0.9999999999999999,
            0.6848602514927513,
            0.0,
            0.0,
            0.0,
            0.4662845865794986,
            0.5245923700522378,
            -0.10046503003863744,
            -0.46644389838131134,
            0.11677607065425409,
            0.09748803386110108,
            0.2813300025146946,
            -0.010313489053823283,
            -0.1284442988630614,
            0.011710452706541407
        ],
        [
            0.5727134536072043,
            0.8945676291451411,
            -0.03034137726514731,
            0.15540335255398888,
            -0.028046600238046334,
            0.6848602514927513,
            1.0000000000000002,
            0.0,
            0.0,
            0.0,
            0.5245923700522378,
            0.8469428526968557,
            -0.036566331239532936,
            -0.16977193045491085,
            0.042503072748321935,
            0.28133000251469453,
            0.5740507081327738,
            -0.013382474173986574,
            -0.16666547114756664,
            0.01519513232555245
        ],
        [
            0.1024103169994382,
            0.030341377265147327,
            0.49048940911133593,
            0.1246579839367501,
            -0.02249779418845035,
            0.0,
            0.0,
            1.0000000000000004,
            0.0,
            0.0,
            0.10046503003863744,
            0.03656633123953291,
            0.3408307484202898,
            -0.14287976318721035,
            0.0357705125501997,
            0.010313489053823274,
            0.013382474173986554,
            0.03506978920468387,
            -0.019161750610074847,
            0.0017470045481197637
        ],
        [
            -0.524528153707467,
            -0.15540335255398868,
            0.12465798393675018,
            -0.12364892804635394,
            0.11522985958751775,
            0.0,
            0.0,
            0.0,
            1.0000000000000004,
            0.0,
            0.4664438983813115,
            0.16977193045491076,
            -0.1428797631872104,
            -0.29176416237728103,
            0.16607706497072647,
            0.12844429886306133,
            0.16666547114756677,
            -0.019161750610074853,
            -0.20203224934826533,
            0.02175721262928364
        ],
        [
            0.09466482671616107,
            0.02804660023804631,
            -0.02249779418845035,
            0.11522985958751769,
            0.4940317336709625,
            0.0,
            0.0,
            0.0,
            0.0,
            1.0000000000000004,
            -0.1167760706542541,
            -0.042503072748321914,
            0.03577051255019971,
            0.16607706497072647,
            0.33002686098592887,
            -0.011710452706541395,
            -0.01519513232555243,
            0.0017470045481197635,
            0.02175721262928363,
            0.034624753458774776
        ],
        [
            0.10828968315358026,
            0.29376639436325536,
            0.004021470392375277,
            0.14004331502664621,
            -0.030611772700254936,
            0.4662845865794986,
            0.5245923700522378,
            0.10046503003863744,
            0.46644389838131134,
            -0.11677607065425409,
            0.9999999999999999,
            0.6848602514927513,
            0.0,
            0.0,
            0.0,
            0.554853949749768,
            0.5597056266365067,
            0.03600999393555382,
            -0.5295355589996624,
            -0.04425625240235002
        ],
        [
            0.29376639436325536,
            0.5897774319102299,
            0.004809566738284133,
            0.1674879096830487,
            -0.036610828730259434,
            0.5245923700522378,
            0.8469428526968557,
            0.03656633123953295,
            0.16977193045491085,
            -0.042503072748321935,
            0.6848602514927513,
            1.0000000000000002,
            0.0,
            0.0,
            0.0,
            0.5597056266365067,
            0.8818493339285057,
            0.011269867686505626,
            -0.1657260952586221,
            -0.013850657952559041
        ],
        [
            -0.004021470392375281,
            -0.004809566738284143,
            0.04279297255803344,
            -0.007411125148285444,
            0.001619982206571522,
            -0.10046503003863744,
            -0.03656633123953292,
            0.3408307484202898,
            -0.14287976318721035,
            0.0357705125501997,
            0.0,
            0.0,
            1.0000000000000004,
            0.0,
            0.0,
            -0.03600999393555382,
            -0.011269867686505602,
            0.4694821234407661,
            0.04761863171573225,
            0.003979755747181728
        ],
        [
            -0.14004331502664621,
            -0.16748790968304864,
            -0.007411125148285436,
            -0.21507855073053997,
            0.056414111346585784,
            -0.4664438983813115,
            -0.16977193045491076,
            -0.1428797631872104,
            -0.29176416237728103,
            0.16607706497072647,
            0.0,
            0.0,
            0.0,
            1.0000000000000004,
            0.0,
            0.5295355589996624,
            0.16572609525862209,
            0.04761863171573237,
            -0.22752301726174842,
            -0.05852325851644405
        ],
        [
            0.030611772700254936,
            0.03661082873025945,
            0.0016199822065715217,
            0.05641411134658582,
            0.030674348167089648,
            0.1167760706542541,
            0.042503072748321914,
            0.03577051255019971,
            0.16607706497072647,
            0.33002686098592887,
            0.0,
            0.0,
            0.0,
            0.0,
            1.0000000000000004,
            0.044256252402349996,
            0.01385065795255904,
            0.003979755747181735,
            -0.058523258516444,
            0.46782921563102003
        ],
        [
            0.010537177952959803,
            0.10978307286387011,
            -4.169917444604026e-05,
            0.012311432401791141,
            -0.0014563658479398956,
            0.09748803386110108,
            0.2813300025146946,
            0.010313489053823283,
            0.1284442988630614,
            -0.011710452706541407,
            0.554853949749768,
            0.5597056266365067,
            -0.03600999393555382,
            0.5295355589996631,
            0.044256252402349996,
            0.9999999999999999,
            0.6848602514927513,
            0.0,
            0.0,
            0.0
        ],
        [
            0.10978307286387015,
            0.3185529895240455,
            -0.00029569330151343133,
            0.08730168262577591,
            -0.010327245839027653,
            0.28133000251469453,
            0.5740507081327738,
            0.013382474173986568,
            0.1666654711475668,
            -0.01519513232555245,
            0.5597056266365067,
            0.8818493339285057,
            -0.011269867686505603,
            0.1657260952586221,
            0.013850657952559041,
            0.6848602514927513,
            1.0000000000000002,
            0.0,
            0.0,
            0.0
        ],
        [
            4.169917444604029e-05,
            0.0002956933015134313,
            0.001094925382561694,
            4.987101440191218e-05,
            -5.899430692280525e-06,
            -0.010313489053823274,
            -0.01338247417398655,
            0.03506978920468387,
            -0.019161750610074847,
            0.0017470045481197637,
            0.03600999393555382,
            0.011269867686505624,
            0.46948212344076606,
            0.04761863171573237,
            0.003979755747181735,
            0.0,
            0.0,
            1.0000000000000004,
            0.0,
            0.0
        ],
        [
            -0.01231143240179115,
            -0.08730168262577596,
            4.987101440191201e-05,
            -0.01362902508352932,
            0.0017417717051221007,
            -0.12844429886306133,
            -0.1666654711475666,
            -0.019161750610074853,
            -0.20203224934826533,
            0.02175721262928364,
            -0.5295355589996624,
            -0.16572609525862209,
            0.04761863171573225,
            -0.22752301726174856,
            -0.058523258516444,
            0.0,
            0.0,
            0.0,
            1.0000000000000004,
            0.0
        ],
        [
            0.001456365847939897,
            0.010327245839027653,
            -5.899430692280502e-06,
            0.0017417717051221,
            0.0008890535421940556,
            0.011710452706541395,
            0.01519513232555243,
            0.0017470045481197635,
            0.02175721262928363,
            0.034624753458774776,
            -0.04425625240235002,
            -0.01385065795255904,
            0.003979755747181728,
            -0.05852325851644405,
            0.46782921563102003,
            0.0,
            0.0,
            0.0,
            0.0,
            1.0000000000000004
        ]
    ],
    "h": [
        [
            -0.30027979021636786,
            -0.4813602254122733,
            0.056807740770770845,
            -0.3062562856812252,
            0.056839286967352895,
            -0.6061592467950694,
            -0.4794253498797032,
            -0.011255807350290997,
            0.007601114420150545,
            0.0031546113015952504,
            -0.2243303995948166,
            -0.3102824787892808,
            0.031033643435457954,
            0.2842824397919561,
            -0.06082986962588788,
            -0.010590373404770752,
            -0.13477598864313198,
            0.0015860321523266658,
            0.056540467047258486,
            -0.005442561880362882
        ],
        [
            -0.4813602254122733,
            -0.31361554672220326,
            0.043815905784934675,
            -0.24876417441055748,
            0.04657794091837444,
            -0.5437443585202435,
            -0.3646018442879708,
            -0.06052422450554702,
            0.1291947993807364,
            -0.016261845802109865,
            -0.306808316675078,
            -0.3014903393137509,
            0.03492861056406195,
            0.1543155982222964,
            -0.047733719843692166,
            -0.13365297377009366,
            -0.1909002897424671,
            -0.0021988775182599602,
            0.11010090709880947,
            0.0007635072689653258
        ],
        [
            0.056807740770770845,
            0.043815905784934675,
            1.4655547095853274,
            0.0519303930663705,
            -0.009372384453929829,
            0.0020226303978136406,
            0.03868750407376211,
            0.4350228578075914,
            0.18152548273329192,
            -0.03305239200874038,
            0.014692366974720655,
            0.028395594563387035,
            -0.04747604558849981,
            -0.026739497034276232,
            0.005991812186484146,
            -0.0003257840586045528,
            0.011230929506094884,
            -0.003963051778412407,
            -0.002110648054470157,
            0.00026419854736228104
        ],
        [
            -0.3062562856812252,
            -0.24876417441055748,
            0.0519303930663705,
            1.1888310305127272,
            0.05294078458740921,
            -0.05540906439997384,
            -0.2375680223213883,
            0.16675973845598868,
            -0.486919608047027,
            0.17692806523177734,
            -0.21750215201880146,
            -0.18160830872793254,
            0.03280594200169894,
            0.17570592277288644,
            -0.05328706018250731,
            -0.05716903346474578,
            -0.11140254344785272,
            9.863255661363141e-05,
            0.07516913945650873,
            -0.006094984652962368
        ],
        [
            0.056839286967352895,
            0.04657794091837444,
            -0.009372384453929829,
            0.05294078458740921,
            1.4660525273589515,
            0.012405706978449477,
            0.044881306253794884,
            -0.029572449097261706,
            0.17285744366698835,
            0.43799803525805203,
            0.04353096120238335,
            0.03411220879339452,
            -0.006390428716451376,
            -0.043000165483513944,
            -0.03328036501126515,
            0.009390925412475442,
            0.02013278705505379,
            4.85687777449655e-06,
            -0.011782613814421559,
            -0.0030181530310329804
        ],
        [
            -0.6061592467950694,
            -0.5437443585202435,
            0.0020226303978136406,
            -0.05540906439997384,
            0.012405706978449477,
            -0.42974203777196895,
            -0.5871685992714132,
            -0.09237363214290531,
            0.12761751911246344,
            -0.01044239473565655,
            -0.4540998212697871,
            -0.47357961193713893,
            0.013592395011584768,
            0.07248313700856346,
            -0.02701490573041601,
            -0.20624812378208768,
            -0.2981137374149876,
            0.003225195814995585,
            0.20993306427733271,
            -0.0036451438572357824
        ],
        [
            -0.4794253498797032,
            -0.3646018442879708,
            0.03868750407376211,
            -0.2375680223213883,
            0.044881306253794884,
            -0.5871685992714132,
            -0.4230828956607,
            -0.0769355999414964,
            0.0531519777134354,
            0.0006101050514318099,
            -0.46790063862877496,
            -0.39318840691975,
            0.04189535965681424,
            0.08851042726889263,
            -0.056142729831165444,
            -0.29565899241281746,
            -0.29563526906803583,
            -0.007764104877530768,
            0.1753698676348821,
            0.009950319705590335
        ],
        [
            -0.011255807350290997,
            -0.06052422450554702,
            0.4350228578075914,
            0.16675973845598868,
            -0.029572449097261706,
            -0.09237363214290531,
            -0.0769355999414964,
            1.3976001385152304,
            0.01346469124217561,
            0.00022100134591808505,
            -0.02101233185068835,
            -0.05805497341475876,
            0.21859992933149747,
            -0.1738432693699805,
            0.04165868596511611,
            -0.03362555714762139,
            -0.04002590170481486,
            -0.04193078853715355,
            0.03727441797672924,
            0.0004288228533545933
        ],
        [
            0.007601114420150545,
            0.1291947993807364,
            0.18152548273329192,
            -0.486919608047027,
            0.17285744366698835,
            0.12761751911246344,
            0.0531519777134354,
            0.01346469124217561,
            0.9233994075553809,
            0.09912561569662148,
            -0.06190938898732068,
            -0.08310212978941334,
            -0.1829360141789041,
            -0.7295026276146442,
            0.21966700742206052,
            -0.2722258595800111,
            -0.15210225277792813,
            -0.001797258203805871,
            0.19309280054287392,
            0.003722345015258137
        ],
        [
            0.0031546113015952504,
            -0.016261845802109865,
            -0.03305239200874038,
            0.17692806523177734,
            0.43799803525805203,
            -0.01044239473565655,
            0.0006101050514318099,
            0.00022100134591808505,
            0.09912561569662148,
            1.3955684421898622,
            0.009545326015618222,
            0.023000352878214433,
            0.045884478771296325,
            0.23473706687662127,
            0.2014366133124954,
            0.04606921260460961,
            0.03429013142634622,
            0.0006100765657092912,
            -0.04222685686595826,
            -0.04267179558075795
        ],
        [
            -0.2243303995948166,
            -0.306808316675078,
            0.014692366974720655,
            -0.21750215201880146,
            0.04353096120238335,
            -0.4540998212697871,
            -0.46790063862877496,
            -0.02101233185068835,
            -0.06190938898732068,
            0.009545326015618222,
            -0.3991885764618943,
            -0.5759605384586497,
            0.05469899206453886,
            -0.11075444298713144,
            -0.06379650811464145,
            -0.5773263971947173,
            -0.5280898688662053,
            0.001677767997555632,
            0.0596158951008241,
            -0.0006561527470358985
        ],
        [
            -0.3102824787892808,
            -0.3014903393137509,
            0.028395594563387035,
            -0.18160830872793254,
            0.03411220879339452,
            -0.47357961193713893,
            -0.39318840691975,
            -0.05805497341475876,
            -0.08310212978941334,
            0.023000352878214433,
            -0.5759605384586497,
            -0.42311343416689207,
            0.04831384101917342,
            -0.04827564842311971,
            -0.05913593014904194,
            -0.4637923760487409,
            -0.3619960946173717,
            -0.010650385896772866,
            0.22967818536661205,
            0.014231767224816888
        ],
        [
            0.031033643435457954,
            0.03492861056406195,
            -0.04747604558849981,
            0.03280594200169894,
            -0.006390428716451376,
            0.013592395011584768,
            0.04189535965681424,
            0.21859992933149747,
            -0.1829360141789041,
            0.045884478771296325,
            0.05469899206453886,
            0.04831384101917342,
            1.4147922995230033,
            -0.02130569925185341,
            0.011268372600930448,
            0.008749042500600088,
            0.03259870555869054,
            0.4024388698810263,
            0.05597990544123521,
            0.006068963854765425
        ],
        [
            0.2842824397919561,
            0.1543155982222964,
            -0.026739497034276232,
            0.17570592277288644,
            -0.043000165483513944,
            0.07248313700856346,
            0.08851042726889263,
            -0.1738432693699805,
            -0.7295026276146442,
            0.23473706687662127,
            -0.11075444298713144,
            -0.04827564842311971,
            -0.02130569925185341,
            0.9324926019390254,
            0.02933039009693674,
            -0.02193077036948854,
            -0.13043794308340664,
            0.06650069347848767,
            -0.6058167512992257,
            -0.08087079714495486
        ],
        [
            -0.06082986962588788,
            -0.047733719843692166,
            0.005991812186484146,
            -0.05328706018250731,
            -0.03328036501126515,
            -0.02701490573041601,
            -0.056142729831165444,
            0.04165868596511611,
            0.21966700742206052,
            0.2014366133124954,
            -0.06379650811464145,
            -0.05913593014904194,
            0.011268372600930448,
            0.02933039009693674,
            1.4102804004861818,
            -0.006495229533824129,
            -0.03750899334973791,
            0.006263980618083899,
            -0.07054531926276401,
            0.3998520729556184
        ],
        [
            -0.010590373404770752,
            -0.13365297377009366,
            -0.0003257840586045528,
            -0.05716903346474578,
            0.009390925412475442,
            -0.20624812378208768,
            -0.29565899241281746,
            -0.03362555714762139,
            -0.2722258595800111,
            0.04606921260460961,
            -0.5773263971947173,
            -0.4637923760487409,
            0.008749042500600088,
            -0.02193077036948854,
            -0.006495229533824129,
            -0.268415607672136,
            -0.46823663522727155,
            -0.017367336187135058,
            0.290440939755474,
            0.02276100500258406
        ],
        [
            -0.13477598864313198,
            -0.1909002897424671,
            0.011230929506094884,
            -0.11140254344785272,
            0.02013278705505379,
            -0.2981137374149876,
            -0.29563526906803583,
            -0.04002590170481486,
            -0.15210225277792813,
            0.03429013142634622,
            -0.5280898688662053,
            -0.3619960946173717,
            0.03259870555869054,
            -0.13043794308340664,
            -0.03750899334973791,
            -0.46823663522727155,
            -0.30973287727407595,
            -0.013275425535649914,
            0.24360641330237223,
            0.017591426263258193
        ],
        [
            0.0015860321523266658,
            -0.0021988775182599602,
            -0.003963051778412407,
            9.863255661363141e-05,
            4.85687777449655e-06,
            0.003225195814995585,
            -0.007764104877530768,
            -0.04193078853715355,
            -0.001797258203805871,
            0.0006100765657092912,
            0.001677767997555632,
            -0.010650385896772866,
            0.4024388698810263,
            0.06650069347848767,
            0.006263980618083899,
            -0.017367336187135058,
            -0.013275425535649914,
            1.4855168245103014,
            0.016376085354913382,
            0.0016490273392753177
        ],
        [
            0.056540467047258486,
            0.11010090709880947,
            -0.002110648054470157,
            0.07516913945650873,
            -0.011782613814421559,
            0.20993306427733271,
            0.1753698676348821,
            0.03727441797672924,
            0.19309280054287392,
            -0.04222685686595826,
            0.0596158951008241,
            0.22967818536661205,
            0.05597990544123521,
            -0.6058167512992257,
            -0.07054531926276401,
            0.290440939755474,
            0.24360641330237223,
            0.016376085354913382,
            1.207397568649012,
            -0.020827880506113915
        ],
        [
            -0.005442561880362882,
            0.0007635072689653258,
            0.00026419854736228104,
            -0.006094984652962368,
            -0.0030181530310329804,
            -0.0036451438572357824,
            0.009950319705590335,
            0.0004288228533545933,
            0.003722345015258137,
            -0.04267179558075795,
            -0.0006561527470358985,
            0.014231767224816888,
            0.006068963854765425,
            -0.08087079714495486,
            0.3998520729556184,
            0.02276100500258406,
            0.017591426263258193,
            0.0016490273392753177,
            -0.020827880506113915,
            1.4848746887568647
        ]
    ]
}