{
    "HF": -2.1104440350762803,
    "coordinates": [
        [
            0.817341,
            0.017769,
            0.047775
        ],
        [
            1.521359,
            -0.121344,
            0.197509
        ],
        [
            2.177126,
            0.11528,
            0.099369
        ],
        [
            2.8238,
            0.022493,
            -0.137873
        ]
    ],
    "elements": [
        "H",
        "H",
        "H",
        "H"
    ],
    "Enn": 3.276588574417745,
    "S": [
        [
            0.9999999999999999,
            0.6848602514927513,
            0.0,
            0.0,
            0.0,
            0.5762956923389289,
            0.567542517857482,
            -0.1101224832073549,
            -0.5177729198623932,
            0.10231122528233241,
            0.1753318617505999,
            0.35746963138611915,
            -0.008563490323176768,
            -0.22569495850488275,
            -0.01618472118663585,
            0.027752279511565732,
            0.16612847947630335,
            0.0032735151203017697,
            -0.03537971793267671,
            -8.329788324304901e-05
        ],
        [
            0.6848602514927513,
            1.0000000000000002,
            0.0,
            0.0,
            0.0,
            0.567542517857482,
            0.8895250918930553,
            -0.033342714789676556,
            -0.1567704821937469,
            0.030977634221594767,
            0.35746963138611915,
            0.6666892215316285,
            -0.007011360228540612,
            -0.1847878138614195,
            -0.013251245246447697,
            0.16612847947630335,
            0.41292492949751447,
            0.011106629836826478,
            -0.12003898450707245,
            -0.00028261936217555876
        ],
        [
            0.0,
            0.0,
            1.0000000000000004,
            0.0,
            0.0,
            0.1101224832073549,
            0.03334271478967654,
            0.4688009628498068,
            -0.13622889510342073,
            0.026918644529716818,
            0.008563490323176768,
            0.007011360228540596,
            0.08866354660912415,
            -0.016261419228082465,
            -0.0011661161509720647,
            -0.003273515120301768,
            -0.011106629836826467,
            0.004680156785958367,
            0.0049707545303675415,
            1.1703126952235887e-05
        ],
        [
            0.0,
            0.0,
            0.0,
            1.0000000000000004,
            0.0,
            0.5177729198623933,
            0.15677048219374684,
            -0.1362288951034207,
            -0.1427450247786595,
            0.12656584532919823,
            0.22569495850488272,
            0.18478781386141951,
            -0.016261419228082465,
            -0.33929707445527213,
            -0.03073355914155811,
            0.035379717932676705,
            0.12003898450707255,
            0.004970754530367543,
            -0.048583179930905364,
            -0.0001264858463406892
        ],
        [
            0.0,
            0.0,
            0.0,
            0.0,
            1.0000000000000004,
            -0.10231122528233243,
            -0.030977634221594778,
            0.026918644529716814,
            0.12656584532919823,
            0.472765553155928,
            0.016184721186635845,
            0.013251245246447692,
            -0.0011661161509720647,
            -0.03073355914155811,
            0.0870766277787217,
            8.329788324304901e-05,
            0.00028261936217555865,
            1.170312695223589e-05,
            -0.0001264858463406892,
            0.0051397789949920725
        ],
        [
            0.5762956923389289,
            0.567542517857482,
            0.1101224832073549,
            0.5177729198623933,
            -0.10231122528233241,
            0.9999999999999999,
            0.6848602514927513,
            0.0,
            0.0,
            0.0,
            0.5998565337932806,
            0.5758873000058781,
            0.07592285346318611,
            -0.5073130410331483,
            -0.1830565445065514,
            0.18020333135810554,
            0.36144069938925893,
            0.05757267377201533,
            -0.22358090416390083,
            -0.02469148814589146
        ],
        [
            0.567542517857482,
            0.8895250918930553,
            0.033342714789676535,
            0.1567704821937469,
            -0.030977634221594767,
            0.6848602514927513,
            1.0000000000000002,
            0.0,
            0.0,
            0.0,
            0.5758873000058781,
            0.8976540849376751,
            0.02219692175175159,
            -0.14831881787630813,
            -0.053518691793218616,
            0.36144069938925893,
            0.671303456045308,
            0.04611825296477639,
            -0.17909817315686663,
            -0.019778971893824177
        ],
        [
            -0.1101224832073549,
            -0.03334271478967654,
            0.4688009628498068,
            -0.1362288951034208,
            0.026918644529716818,
            0.0,
            0.0,
            1.0000000000000004,
            0.0,
            0.0,
            -0.0759228534631861,
            -0.022196921751751614,
            0.5123636213876799,
            0.08780183404373965,
            0.03168201690351277,
            -0.05757267377201529,
            -0.046118252964776375,
            0.0658609769244603,
            0.10549618164111349,
            0.011650626998622467
        ],
        [
            -0.517772919862393,
            -0.15677048219374684,
            -0.13622889510342068,
            -0.14274502477865966,
            0.1265658453291982,
            0.0,
            0.0,
            0.0,
            1.0000000000000004,
            0.0,
            0.5073130410331482,
            0.14831881787630813,
            0.08780183404373974,
            -0.06118408286675099,
            -0.21169779069457786,
            0.22358090416390075,
            0.17909817315686682,
            0.10549618164111353,
            -0.3166631814821301,
            -0.04524468897768171
        ],
        [
            0.10231122528233243,
            0.030977634221594778,
            0.026918644529716814,
            0.12656584532919826,
            0.472765553155928,
            0.0,
            0.0,
            0.0,
            0.0,
            1.0000000000000004,
            0.18305654450655134,
            0.053518691793218574,
            0.03168201690351277,
            -0.21169779069457767,
            0.44911569028980336,
            0.024691488145891442,
            0.019778971893824174,
            0.011650626998622467,
            -0.0452446889776817,
            0.08802985832690166
        ],
        [
            0.1753318617505999,
            0.35746963138611915,
            0.008563490323176768,
            0.22569495850488272,
            0.01618472118663585,
            0.5998565337932806,
            0.5758873000058781,
            -0.07592285346318614,
            0.5073130410331483,
            0.1830565445065514,
            0.9999999999999999,
            0.6848602514927513,
            0.0,
            0.0,
            0.0,
            0.6071715037566802,
            0.5784235446953012,
            0.1863617873723196,
            -0.5079847686632528,
            0.07288739415835063
        ],
        [
            0.35746963138611915,
            0.6666892215316285,
            0.007011360228540605,
            0.1847878138614196,
            0.013251245246447697,
            0.5758873000058781,
            0.8976540849376751,
            -0.022196921751751614,
            0.14831881787630852,
            0.053518691793218616,
            0.6848602514927513,
            1.0000000000000002,
            0.0,
            0.0,
            0.0,
            0.5784235446953012,
            0.9001158433216445,
            0.05391073271849706,
            -0.14694981988855807,
            0.02108486337474472
        ],
        [
            -0.008563490323176768,
            -0.007011360228540596,
            0.08866354660912415,
            -0.016261419228082462,
            -0.0011661161509720647,
            0.07592285346318611,
            0.02219692175175159,
            0.5123636213876799,
            0.08780183404373974,
            0.03168201690351278,
            0.0,
            0.0,
            1.0000000000000004,
            0.0,
            0.0,
            -0.18636178737231962,
            -0.05391073271849704,
            0.45609921962473254,
            0.21275147201385386,
            -0.03052630975383186
        ],
        [
            -0.22569495850488275,
            -0.1847878138614194,
            -0.01626141922808247,
            -0.33929707445527213,
            -0.030733559141558116,
            -0.5073130410331483,
            -0.14831881787630813,
            0.08780183404373965,
            -0.06118408286675099,
            -0.2116977906945777,
            0.0,
            0.0,
            0.0,
            1.0000000000000004,
            0.0,
            0.5079847686632527,
            0.14694981988855807,
            0.2127514720138538,
            -0.04576747431304603,
            0.08320858378259101
        ],
        [
            -0.01618472118663584,
            -0.013251245246447692,
            -0.0011661161509720647,
            -0.030733559141558106,
            0.0870766277787217,
            -0.18305654450655134,
            -0.05351869179321855,
            0.03168201690351276,
            -0.21169779069457784,
            0.44911569028980336,
            0.0,
            0.0,
            0.0,
            0.0,
            1.0000000000000004,
            -0.07288739415835062,
            -0.021084863374744717,
            -0.030526309753831842,
            0.08320858378259098,
            0.522211217107352
        ],
        [
            0.027752279511565732,
            0.16612847947630335,
            -0.0032735151203017697,
            0.035379717932676705,
            8.329788324304901e-05,
            0.18020333135810554,
            0.36144069938925893,
            -0.05757267377201533,
            0.22358090416390095,
            0.02469148814589146,
            0.6071715037566802,
            0.5784235446953012,
            -0.1863617873723196,
            0.5079847686632528,
            -0.07288739415835062,
            0.9999999999999999,
            0.6848602514927513,
            0.0,
            0.0,
            0.0
        ],
        [
            0.16612847947630335,
            0.41292492949751447,
            -0.011106629836826478,
            0.1200389845070725,
            0.00028261936217555876,
            0.36144069938925893,
            0.671303456045308,
            -0.04611825296477639,
            0.17909817315686685,
            0.019778971893824177,
            0.5784235446953012,
            0.9001158433216445,
            -0.05391073271849706,
            0.14694981988855807,
            -0.02108486337474472,
            0.6848602514927513,
            1.0000000000000002,
            0.0,
            0.0,
            0.0
        ],
        [
            0.003273515120301768,
            0.011106629836826467,
            0.004680156785958367,
            0.0049707545303675415,
            1.1703126952235887e-05,
            0.05757267377201529,
            0.046118252964776375,
            0.0658609769244603,
            0.10549618164111353,
            0.011650626998622467,
            0.18636178737231962,
            0.05391073271849703,
            0.45609921962473254,
            0.21275147201385386,
            -0.03052630975383185,
            0.0,
            0.0,
            1.0000000000000004,
            0.0,
            0.0
        ],
        [
            -0.03537971793267671,
            -0.1200389845070726,
            0.004970754530367544,
            -0.048583179930905364,
            -0.00012648584634068923,
            -0.22358090416390075,
            -0.17909817315686657,
            0.10549618164111349,
            -0.3166631814821301,
            -0.0452446889776817,
            -0.5079847686632527,
            -0.14694981988855807,
            0.2127514720138538,
            -0.04576747431304603,
            0.08320858378259098,
            0.0,
            0.0,
            0.0,
            1.0000000000000004,
            0.0
        ],
        [
            -8.329788324304901e-05,
            -0.00028261936217555865,
            1.170312695223589e-05,
            -0.0001264858463406892,
            0.0051397789949920725,
            -0.024691488145891442,
            -0.019778971893824174,
            0.011650626998622467,
            -0.04524468897768171,
            0.08802985832690166,
            0.07288739415835062,
            0.021084863374744717,
            -0.03052630975383185,
            0.08320858378259101,
            0.5222112171073521,
            0.0,
            0.0,
            0.0,
            0.0,
            1.0000000000000004
        ]
    ],
    "h": [
        [
            -0.2970228173930054,
            -0.4818042657721151,
            -0.06310648071181807,
            -0.30563107937795897,
            0.05318350216670535,
            -0.61114072632669,
            -0.4764983865077437,
            0.00971819272934607,
            0.008861055454031153,
            -0.025480847550072433,
            -0.3166730601700111,
            -0.3513438017747699,
            -0.02651633474523149,
            0.35107118957541206,
            0.06909584095946733,
            -0.04919854158434217,
            -0.18568768369714522,
            -0.021699546464012648,
            0.11946830368030395,
            0.0032531408022702497
        ],
        [
            -0.4818042657721151,
            -0.32253053230196227,
            -0.05006311573205968,
            -0.25826049432750015,
            0.040483263780082546,
            -0.5687340568570141,
            -0.3778653410316588,
            0.06231054954958759,
            0.09015216349698324,
            -0.08453336645944502,
            -0.3954199250634604,
            -0.33625054711937863,
            -0.009136390271109067,
            0.20284842346871002,
            0.07539584101645515,
            -0.18821217909991123,
            -0.23476182877966933,
            -0.04541242027181997,
            0.15290288894991533,
            -0.005985312544577922
        ],
        [
            -0.06310648071181807,
            -0.05006311573205968,
            1.465873376852003,
            -0.05674251887329686,
            0.01079829044162044,
            -0.009661946876626387,
            -0.0448712327123743,
            0.3963295174959651,
            -0.1962039293944905,
            0.03564807936182036,
            -0.033722132596962516,
            -0.037293087506685696,
            -0.046353493665649975,
            0.043806674301540754,
            0.01157469986723663,
            0.0012218843517867936,
            -0.01838084581530905,
            -0.013575073973900635,
            -0.002093328319250789,
            0.00034321347837308776
        ],
        [
            -0.30563107937795897,
            -0.25826049432750015,
            -0.05674251887329686,
            1.182296847539195,
            0.04773943673508248,
            -0.10069584943391074,
            -0.255051398507443,
            -0.1754439617045273,
            -0.5364289946897456,
            0.14380282445857084,
            -0.28748174193065534,
            -0.2167567864211929,
            -0.028543437541396734,
            0.06159546695459739,
            0.0652425491276094,
            -0.12066449308050724,
            -0.15320789975022697,
            -0.03023427149000047,
            0.16191080716642475,
            -0.00019202567720524616
        ],
        [
            0.05318350216670535,
            0.040483263780082546,
            0.01079829044162044,
            0.04773943673508248,
            1.4675645240210535,
            -0.0007258969284995864,
            0.03420227132132163,
            0.03936520393542086,
            0.18017172511840324,
            0.40051730208003256,
            0.01754284331863274,
            0.029624838586368534,
            0.002868937201349993,
            -0.05021172628048615,
            -0.05083373480018563,
            -0.0006615467923410628,
            0.012929062102133017,
            0.0006001829713390563,
            -0.003426540126148456,
            -0.013748573487087296
        ],
        [
            -0.61114072632669,
            -0.5687340568570141,
            -0.009661946876626387,
            -0.10069584943391074,
            -0.0007258969284995864,
            -0.5123204694036239,
            -0.6307711271966697,
            0.09749377885411496,
            0.01707931404074177,
            -0.14364544225555637,
            -0.6053700089492886,
            -0.5616282763159128,
            0.021062737586863195,
            0.06284389905155097,
            0.024338534371877107,
            -0.328895500333347,
            -0.39823745287952894,
            -0.08722893242958094,
            0.286936264900865,
            -0.004790543442684543
        ],
        [
            -0.4764983865077437,
            -0.3778653410316588,
            -0.0448712327123743,
            -0.255051398507443,
            0.03420227132132163,
            -0.6307711271966697,
            -0.44261727114087956,
            0.08067871105761214,
            -0.017736517467046756,
            -0.11419882916480713,
            -0.5663648354667405,
            -0.42867437939733444,
            0.017501393913212676,
            0.13897632600422893,
            0.09365985108065986,
            -0.36043335201995036,
            -0.3380700586434813,
            -0.07399854369051262,
            0.21798335210924213,
            -0.018284571372089192
        ],
        [
            0.00971819272934607,
            0.06231054954958759,
            0.3963295174959651,
            -0.1754439617045273,
            0.03936520393542086,
            0.09749377885411496,
            0.08067871105761214,
            1.3619725274656027,
            -0.004130344617271469,
            0.025492103221690952,
            0.04104553685973886,
            0.07154956817833558,
            0.43671964352467785,
            0.12093823767703579,
            0.03773534546272947,
            0.06295760085329723,
            0.05243308956282673,
            -0.035059609626646365,
            -0.00937578834681474,
            0.008665127688749424
        ],
        [
            0.008861055454031153,
            0.09015216349698324,
            -0.1962039293944905,
            -0.5364289946897456,
            0.18017172511840324,
            0.01707931404074177,
            -0.017736517467046756,
            -0.004130344617271469,
            0.7792440828962826,
            -0.04405970595099889,
            -0.06706894772824445,
            -0.1370396841503117,
            0.17189633204468557,
            -0.599848868033565,
            -0.2994927640243656,
            -0.3572751472669039,
            -0.20196610370611623,
            -0.05203580407531258,
            0.059103921812229676,
            -0.042207187506149796
        ],
        [
            -0.025480847550072433,
            -0.08453336645944502,
            0.03564807936182036,
            0.14380282445857084,
            0.40051730208003256,
            -0.14364544225555637,
            -0.11419882916480713,
            0.025492103221690952,
            -0.04405970595099889,
            1.3387465893808161,
            -0.03120391198304706,
            -0.10215457691128334,
            0.051221307290627766,
            -0.29516329252836315,
            0.3588659123979888,
            -0.07663945688341595,
            -0.08065217361602359,
            -0.022326253387800192,
            0.06348278562053264,
            -0.048526563858684924
        ],
        [
            -0.3166730601700111,
            -0.3954199250634604,
            -0.033722132596962516,
            -0.28748174193065534,
            0.01754284331863274,
            -0.6053700089492886,
            -0.5663648354667405,
            0.04104553685973886,
            -0.06706894772824445,
            -0.03120391198304706,
            -0.5390720431404579,
            -0.6411592244107498,
            0.06740297148541363,
            -0.02737063677641291,
            0.1302732392306894,
            -0.6351675575764474,
            -0.5813754095734105,
            -0.02795612177623774,
            0.0945351591876028,
            0.006736157491206776
        ],
        [
            -0.3513438017747699,
            -0.33625054711937863,
            -0.037293087506685696,
            -0.2167567864211929,
            0.029624838586368534,
            -0.5616282763159128,
            -0.42867437939733444,
            0.07154956817833558,
            -0.1370396841503117,
            -0.10215457691128334,
            -0.6411592244107498,
            -0.44448395465282875,
            0.04782829416655691,
            0.018579218644869694,
            0.10241838487966629,
            -0.48849997179809024,
            -0.3788404969793553,
            -0.0887935190060593,
            0.25697625650873196,
            -0.02106886493376599
        ],
        [
            -0.02651633474523149,
            -0.009136390271109067,
            -0.046353493665649975,
            -0.028543437541396734,
            0.002868937201349993,
            0.021062737586863195,
            0.017501393913212676,
            0.43671964352467785,
            0.17189633204468557,
            0.051221307290627766,
            0.06740297148541363,
            0.04782829416655691,
            1.3343874837930703,
            0.13762571250159292,
            -0.00033601456271979387,
            0.0006824771155327647,
            0.05842448934527322,
            0.37720829749546914,
            0.3145851281913947,
            -0.04520322849342723
        ],
        [
            0.35107118957541206,
            0.20284842346871002,
            0.043806674301540754,
            0.06159546695459739,
            -0.05021172628048615,
            0.06284389905155097,
            0.13897632600422893,
            0.12093823767703579,
            -0.599848868033565,
            -0.29516329252836315,
            -0.02737063677641291,
            0.018579218644869694,
            0.13762571250159292,
            0.772759735212031,
            -0.057226948684528024,
            0.002726061253384926,
            -0.08697511123645135,
            0.3254554049382225,
            -0.41862645054233383,
            0.11884947275698504
        ],
        [
            0.06909584095946733,
            0.07539584101645515,
            0.01157469986723663,
            0.0652425491276094,
            -0.05083373480018563,
            0.024338534371877107,
            0.09365985108065986,
            0.03773534546272947,
            -0.2994927640243656,
            0.3588659123979888,
            0.1302732392306894,
            0.10241838487966629,
            -0.00033601456271979387,
            -0.057226948684528024,
            1.3372545465676389,
            0.024447401111362815,
            0.07425875375950056,
            -0.03460088852731717,
            0.08596788202642144,
            0.4726797270351496
        ],
        [
            -0.04919854158434217,
            -0.18821217909991123,
            0.0012218843517867936,
            -0.12066449308050724,
            -0.0006615467923410628,
            -0.328895500333347,
            -0.36043335201995036,
            0.06295760085329723,
            -0.3572751472669039,
            -0.07663945688341595,
            -0.6351675575764474,
            -0.48849997179809024,
            0.0006824771155327647,
            0.002726061253384926,
            0.024447401111362815,
            -0.3242681495547364,
            -0.4922755704582027,
            -0.11566695225199983,
            0.31470138530777003,
            -0.037691347673997684
        ],
        [
            -0.18568768369714522,
            -0.23476182877966933,
            -0.01838084581530905,
            -0.15320789975022697,
            0.012929062102133017,
            -0.39823745287952894,
            -0.3380700586434813,
            0.05243308956282673,
            -0.20196610370611623,
            -0.08065217361602359,
            -0.5813754095734105,
            -0.3788404969793553,
            0.05842448934527322,
            -0.08697511123645135,
            0.07425875375950056,
            -0.4922755704582027,
            -0.3243542763675571,
            -0.09262832132081344,
            0.2584384668064659,
            -0.026529751857665526
        ],
        [
            -0.021699546464012648,
            -0.04541242027181997,
            -0.013575073973900635,
            -0.03023427149000047,
            0.0006001829713390563,
            -0.08722893242958094,
            -0.07399854369051262,
            -0.035059609626646365,
            -0.05203580407531258,
            -0.022326253387800192,
            -0.02795612177623774,
            -0.0887935190060593,
            0.37720829749546914,
            0.3254554049382225,
            -0.03460088852731717,
            -0.11566695225199983,
            -0.09262832132081344,
            1.4317280248032542,
            0.10437784538256736,
            -0.012281003895748654
        ],
        [
            0.11946830368030395,
            0.15290288894991533,
            -0.002093328319250789,
            0.16191080716642475,
            -0.003426540126148456,
            0.286936264900865,
            0.21798335210924213,
            -0.00937578834681474,
            0.059103921812229676,
            0.06348278562053264,
            0.0945351591876028,
            0.25697625650873196,
            0.3145851281913947,
            -0.41862645054233383,
            0.08596788202642144,
            0.31470138530777003,
            0.2584384668064659,
            0.10437784538256736,
            1.1752187781967378,
            0.03201246821710176
        ],
        [
            0.0032531408022702497,
            -0.005985312544577922,
            0.00034321347837308776,
            -0.00019202567720524616,
            -0.013748573487087296,
            -0.004790543442684543,
            -0.018284571372089192,
            0.008665127688749424,
            -0.042207187506149796,
            -0.048526563858684924,
            0.006736157491206776,
            -0.02106886493376599,
            -0.04520322849342723,
            0.11884947275698504,
            0.4726797270351496,
            -0.037691347673997684,
            -0.026529751857665526,
            -0.012281003895748654,
            0.03201246821710176,
            1.4634928180409155
        ]
    ]
}