{
    "HF": -2.1505008451465057,
    "coordinates": [
        [
            0.780547,
            0.120235,
            0.188456
        ],
        [
            1.441924,
            0.140643,
            -0.065735
        ],
        [
            2.176134,
            -0.117472,
            -0.139694
        ],
        [
            2.992807,
            0.068846,
            -0.110707
        ]
    ],
    "elements": [
        "H",
        "H",
        "H",
        "H"
    ],
    "Enn": 2.9966255898134984,
    "S": [
        [
            0.9999999999999999,
            0.6848602514927513,
            0.0,
            0.0,
            0.0,
            0.5959457545463478,
            0.5745209027114977,
            0.19503050771836308,
            -0.5074479116225508,
            -0.01565823574208508,
            0.1412988704076975,
            0.3275385595455722,
            0.04181181204213107,
            -0.17782118339918201,
            0.03028785739783285,
            0.013059464930444022,
            0.12038840186724731,
            0.0021042174736880218,
            -0.01556033382584432,
            0.0003614538955531055
        ],
        [
            0.6848602514927513,
            1.0000000000000002,
            0.0,
            0.0,
            0.0,
            0.5745209027114977,
            0.8963261066046114,
            0.05734634224393271,
            -0.1492088696856516,
            -0.004604113255442472,
            0.3275385595455722,
            0.631261693987356,
            0.04061278998973315,
            -0.1727218703135816,
            0.029419303580952322,
            0.12038840186724731,
            0.3375046547411221,
            0.012670411260218867,
            -0.09369555732002888,
            0.002176471569851175
        ],
        [
            0.0,
            0.0,
            1.0000000000000004,
            0.0,
            0.0,
            -0.19503050771836306,
            -0.05734634224393269,
            0.43351109509794916,
            0.2273452009693856,
            0.007015153023741708,
            -0.04181181204213105,
            -0.04061278998973314,
            0.0464560012647789,
            0.07666660379420784,
            -0.013058439486832251,
            -0.0021042174736880218,
            -0.012670411260218862,
            0.001186241379772862,
            0.0026551409995718314,
            -6.167676531103793e-05
        ],
        [
            0.0,
            0.0,
            0.0,
            1.0000000000000004,
            0.0,
            0.5074479116225507,
            0.14920886968565159,
            0.22734520096938568,
            -0.0706391427128707,
            -0.018252655921662135,
            0.17782118339918182,
            0.17272187031358133,
            0.0766666037942078,
            -0.2615719714432302,
            0.05553615233310909,
            0.015560333825844316,
            0.09369555732002885,
            0.00265514099957183,
            -0.018089025520068035,
            0.0004560892918810037
        ],
        [
            0.0,
            0.0,
            0.0,
            0.0,
            1.0000000000000004,
            0.01565823574208508,
            0.004604113255442472,
            0.007015153023741708,
            -0.018252655921662128,
            0.5203248242986318,
            -0.030287857397832834,
            -0.029419303580952297,
            -0.013058439486832251,
            0.05553615233310913,
            0.05502358886227224,
            -0.0003614538955531055,
            -0.002176471569851175,
            -6.167676531103796e-05,
            0.0004560892918810042,
            0.0015347004100109151
        ],
        [
            0.5959457545463478,
            0.5745209027114977,
            -0.19503050771836308,
            0.5074479116225507,
            0.01565823574208508,
            0.9999999999999999,
            0.6848602514927513,
            0.0,
            0.0,
            0.0,
            0.5372828587716518,
            0.5531023107706478,
            0.04977918850749826,
            -0.49417079725375274,
            0.17372808233768589,
            0.10935019640538941,
            0.2949450332591749,
            0.004191844041771038,
            -0.14455793967433062,
            0.006692204631037873
        ],
        [
            0.5745209027114977,
            0.8963261066046114,
            -0.057346342243932695,
            0.1492088696856516,
            0.004604113255442472,
            0.6848602514927513,
            1.0000000000000002,
            0.0,
            0.0,
            0.0,
            0.5531023107706478,
            0.875349984499415,
            0.016022254624685792,
            -0.15905703927839165,
            0.055917254863515974,
            0.29494503325917487,
            0.5912546987896088,
            0.004975480628515349,
            -0.1715820582494387,
            0.007943266536634259
        ],
        [
            0.19503050771836306,
            0.0573463422439327,
            0.43351109509794916,
            0.22734520096938568,
            0.007015153023741708,
            0.0,
            0.0,
            1.0000000000000004,
            0.0,
            0.0,
            -0.04977918850749827,
            -0.0160222546246858,
            0.44591123307701697,
            0.06376809488090492,
            -0.022417975524965304,
            -0.004191844041771037,
            -0.004975480628515344,
            0.043422495260796716,
            0.00790413798306278,
            -0.00036591631655641225
        ],
        [
            -0.5074479116225508,
            -0.14920886968565159,
            0.2273452009693856,
            -0.0706391427128707,
            -0.018252655921662128,
            0.0,
            0.0,
            0.0,
            1.0000000000000004,
            0.0,
            0.4941707972537527,
            0.15905703927839165,
            0.06376809488090492,
            -0.18070749658525895,
            0.22254900431569885,
            0.1445579396743305,
            0.1715820582494387,
            0.007904137983062777,
            -0.2289266458138438,
            0.012618816035977014
        ],
        [
            -0.01565823574208508,
            -0.004604113255442472,
            0.007015153023741708,
            -0.018252655921662135,
            0.5203248242986318,
            0.0,
            0.0,
            0.0,
            0.0,
            1.0000000000000004,
            -0.17372808233768589,
            -0.055917254863515946,
            -0.022417975524965304,
            0.22254900431569885,
            0.3740966136634299,
            -0.00669220463103787,
            -0.007943266536634259,
            -0.000365916316556412,
            0.01261881603597701,
            0.0430675179726578
        ],
        [
            0.1412988704076975,
            0.3275385595455722,
            -0.04181181204213107,
            0.17782118339918204,
            -0.03028785739783285,
            0.5372828587716518,
            0.5531023107706478,
            -0.04977918850749827,
            0.49417079725375274,
            -0.17372808233768589,
            0.9999999999999999,
            0.6848602514927513,
            0.0,
            0.0,
            0.0,
            0.493100124955625,
            0.5357244510894338,
            -0.01750157324468445,
            -0.4930852563720353,
            -0.11249381183989775
        ],
        [
            0.3275385595455722,
            0.631261693987356,
            -0.04061278998973315,
            0.1727218703135815,
            -0.029419303580952322,
            0.5531023107706478,
            0.875349984499415,
            -0.016022254624685803,
            0.15905703927839165,
            -0.055917254863515974,
            0.6848602514927513,
            1.0000000000000002,
            0.0,
            0.0,
            0.0,
            0.5357244510894338,
            0.8581030257097741,
            -0.006069250297973055,
            -0.17099364710375514,
            -0.03901095584288628
        ],
        [
            0.04181181204213105,
            0.04061278998973315,
            0.0464560012647789,
            0.07666660379420782,
            -0.013058439486832251,
            0.04977918850749826,
            0.016022254624685813,
            0.44591123307701697,
            0.06376809488090493,
            -0.022417975524965307,
            0.0,
            0.0,
            1.0000000000000004,
            0.0,
            0.0,
            0.01750157324468445,
            0.006069250297973053,
            0.4008777770111728,
            -0.024691302869914403,
            -0.005633141010069771
        ],
        [
            -0.17782118339918185,
            -0.17272187031358133,
            0.07666660379420781,
            -0.2615719714432303,
            0.0555361523331091,
            -0.4941707972537527,
            -0.15905703927839165,
            0.06376809488090492,
            -0.18070749658525895,
            0.22254900431569885,
            0.0,
            0.0,
            0.0,
            1.0000000000000004,
            0.0,
            0.4930852563720353,
            0.1709936471037551,
            -0.024691302869914424,
            -0.29389285721421954,
            -0.15870680539954854
        ],
        [
            0.030287857397832834,
            0.029419303580952297,
            -0.013058439486832251,
            0.05553615233310912,
            0.05502358886227224,
            0.17372808233768589,
            0.055917254863515946,
            -0.0224179755249653,
            0.22254900431569885,
            0.3740966136634299,
            0.0,
            0.0,
            0.0,
            0.0,
            1.0000000000000004,
            0.11249381183989775,
            0.039010955842886275,
            -0.005633141010069778,
            -0.15870680539954857,
            0.36554636802355733
        ],
        [
            0.013059464930444022,
            0.12038840186724731,
            -0.0021042174736880218,
            0.015560333825844319,
            -0.00036145389555310576,
            0.10935019640538941,
            0.2949450332591749,
            -0.00419184404177104,
            0.14455793967433062,
            -0.006692204631037873,
            0.493100124955625,
            0.5357244510894338,
            0.01750157324468445,
            0.4930852563720353,
            0.11249381183989775,
            0.9999999999999999,
            0.6848602514927513,
            0.0,
            0.0,
            0.0
        ],
        [
            0.12038840186724731,
            0.3375046547411221,
            -0.012670411260218862,
            0.09369555732002892,
            -0.002176471569851175,
            0.29494503325917487,
            0.5912546987896088,
            -0.004975480628515344,
            0.1715820582494387,
            -0.007943266536634259,
            0.5357244510894338,
            0.8581030257097741,
            0.006069250297973055,
            0.17099364710375514,
            0.03901095584288628,
            0.6848602514927513,
            1.0000000000000002,
            0.0,
            0.0,
            0.0
        ],
        [
            0.0021042174736880218,
            0.012670411260218867,
            0.001186241379772862,
            0.0026551409995718314,
            -6.167676531103796e-05,
            0.0041918440417710355,
            0.004975480628515338,
            0.043422495260796716,
            0.007904137983062777,
            -0.000365916316556412,
            -0.01750157324468445,
            -0.006069250297973053,
            0.4008777770111728,
            -0.024691302869914424,
            -0.005633141010069776,
            0.0,
            0.0,
            1.0000000000000004,
            0.0,
            0.0
        ],
        [
            -0.015560333825844312,
            -0.09369555732002888,
            0.00265514099957183,
            -0.018089025520068035,
            0.000456089291881004,
            -0.14455793967433056,
            -0.1715820582494387,
            0.00790413798306278,
            -0.2289266458138438,
            0.01261881603597701,
            -0.4930852563720353,
            -0.1709936471037551,
            -0.024691302869914403,
            -0.29389285721421954,
            -0.15870680539954854,
            0.0,
            0.0,
            0.0,
            1.0000000000000004,
            0.0
        ],
        [
            0.0003614538955531055,
            0.002176471569851175,
            -6.167676531103793e-05,
            0.00045608929188100387,
            0.0015347004100109151,
            0.00669220463103787,
            0.007943266536634259,
            -0.00036591631655641225,
            0.012618816035977014,
            0.0430675179726578,
            -0.11249381183989775,
            -0.039010955842886275,
            -0.005633141010069773,
            -0.15870680539954857,
            0.36554636802355733,
            0.0,
            0.0,
            0.0,
            0.0,
            1.0000000000000004
        ]
    ],
    "h": [
        [
            -0.3124780513672907,
            -0.48685371249023013,
            0.11526783616450562,
            -0.3030528854163184,
            -0.004012277456092745,
            -0.6206007722391457,
            -0.48417706323947907,
            -0.0069116502538000835,
            0.0025933439946901338,
            0.017892264733437163,
            -0.27917788874927385,
            -0.3369105305759523,
            -0.04966212985972362,
            0.3233450612739376,
            -0.07469388911678487,
            -0.014134490770998681,
            -0.14310143683337406,
            -0.005237990727795592,
            0.06754724981812091,
            -0.0005509199586885896
        ],
        [
            -0.48685371249023013,
            -0.3205218819350748,
            0.09236180473956145,
            -0.24840927465490925,
            -0.0005429479521379408,
            -0.5629775987781331,
            -0.3732556236875928,
            -0.0688251172343314,
            0.10450698994047547,
            0.044859081282249524,
            -0.3498823369055358,
            -0.3212956502093164,
            -0.029327997188777086,
            0.1866890869273801,
            -0.0734974636225368,
            -0.13782245414624889,
            -0.1997852017635114,
            -0.0006669746505045468,
            0.112881241972495,
            0.01329664575962016
        ],
        [
            0.11526783616450562,
            0.09236180473956145,
            1.4267004060508486,
            0.1039451157416892,
            0.0017026252925155742,
            0.022319713514675266,
            0.08750714517096048,
            0.3465614185814142,
            0.3396241365357782,
            0.0032961618995891832,
            0.07585964047584984,
            0.07001117241410512,
            -0.03800666702171712,
            -0.06958215488541461,
            0.021939489185972577,
            0.013127176847842875,
            0.03628785775191905,
            -0.003728034585303961,
            -0.018798654481775097,
            -0.00044879036930778804
        ],
        [
            -0.3030528854163184,
            -0.24840927465490925,
            0.1039451157416892,
            1.1862747753694232,
            -0.0026001303783754594,
            -0.07692340375558893,
            -0.24341133936140535,
            0.3278608477709788,
            -0.42793939550129806,
            -0.0014040397941949279,
            -0.2518146969488337,
            -0.19784632049481826,
            -0.020372629603304493,
            0.1311011822487873,
            -0.062451349672940484,
            -0.06973454991929498,
            -0.12254566082835477,
            -0.007953345127407314,
            0.09138310978911943,
            0.002086708071292052
        ],
        [
            -0.004012277456092745,
            -0.0005429479521379408,
            0.0017026252925155742,
            -0.0026001303783754594,
            1.4647143159543934,
            0.010263881374884907,
            0.0028040351684508347,
            0.010887399665067866,
            -0.021952532428366346,
            0.4688519618832988,
            0.018915522727886075,
            0.002378158821715576,
            -0.0015449341611443734,
            0.0044889115061355345,
            -0.045736555138419094,
            0.006027305467372824,
            0.005322591016304606,
            0.00020643884901574524,
            -0.004543668330129246,
            -0.005518391915599942
        ],
        [
            -0.6206007722391457,
            -0.5629775987781331,
            0.022319713514675266,
            -0.07692340375558893,
            0.010263881374884907,
            -0.48685762884282857,
            -0.6159626671964041,
            -0.08663570564958269,
            0.07295430233692549,
            0.0835510712803543,
            -0.526980448417776,
            -0.5223900489111234,
            -0.022837041997739782,
            0.07792677871101539,
            -0.03289101178112164,
            -0.22351524396117717,
            -0.32499805098340906,
            -0.0006282945922985554,
            0.22359455130285644,
            0.01683059769945863
        ],
        [
            -0.48417706323947907,
            -0.3732556236875928,
            0.08750714517096048,
            -0.24341133936140535,
            0.0028040351684508347,
            -0.6159626671964041,
            -0.4362660530419642,
            -0.061538046234531726,
            0.0147421554789305,
            0.070997408247335,
            -0.5067574935608898,
            -0.4133993746389668,
            -0.033243854023766825,
            0.1303532230606188,
            -0.0943034652052881,
            -0.29459538384438405,
            -0.3051527916466613,
            0.004483866578010587,
            0.1698002195122605,
            0.031290627524416484
        ],
        [
            -0.0069116502538000835,
            -0.0688251172343314,
            0.3465614185814142,
            0.3278608477709788,
            0.010887399665067866,
            -0.08663570564958269,
            -0.061538046234531726,
            1.351236071701595,
            0.12642250473784367,
            -0.004842134327520695,
            -0.013479709110019972,
            -0.024275380349293323,
            0.3467011943498063,
            0.1278433669099086,
            -0.035956866032595375,
            0.02471864651040282,
            0.006393186317478525,
            -0.044147594512555705,
            -0.015158769218263164,
            -0.002833035205221399
        ],
        [
            0.0025933439946901338,
            0.10450698994047547,
            0.3396241365357782,
            -0.42793939550129806,
            -0.021952532428366346,
            0.07295430233692549,
            0.0147421554789305,
            0.12642250473784367,
            0.8640511642056992,
            0.07168452105204337,
            -0.04178933945246677,
            -0.1086436431145224,
            0.09868878444545329,
            -0.6653573251459383,
            0.3027253159418003,
            -0.28724697768099977,
            -0.17548339599098695,
            0.004346176907766779,
            0.17561349194554887,
            0.03181027369302421
        ],
        [
            0.017892264733437163,
            0.044859081282249524,
            0.0032961618995891832,
            -0.0014040397941949279,
            0.4688519618832988,
            0.0835510712803543,
            0.070997408247335,
            -0.004842134327520695,
            0.07168452105204337,
            1.3645894520320128,
            0.015804789947643227,
            0.07025009146488295,
            -0.02892124213901205,
            0.30848967933441335,
            0.2579419097907626,
            0.05044798432945376,
            0.05869951679769566,
            -0.0008107027734777929,
            -0.05170618089141675,
            -0.05071806536973179
        ],
        [
            -0.27917788874927385,
            -0.3498823369055358,
            0.07585964047584984,
            -0.2518146969488337,
            0.018915522727886075,
            -0.526980448417776,
            -0.5067574935608898,
            -0.013479709110019972,
            -0.04178933945246677,
            0.015804789947643227,
            -0.40457398970509995,
            -0.5843682060605431,
            -0.029977355350412904,
            -0.01205877063235472,
            -0.12585210974102135,
            -0.5354223522244087,
            -0.5163076048640891,
            0.0012473692358279179,
            0.0846356632466243,
            0.007986958488699347
        ],
        [
            -0.3369105305759523,
            -0.3212956502093164,
            0.07001117241410512,
            -0.19784632049481826,
            0.002378158821715576,
            -0.5223900489111234,
            -0.4133993746389668,
            -0.024275380349293323,
            -0.1086436431145224,
            0.07025009146488295,
            -0.5843682060605431,
            -0.43406791406348755,
            -0.02933735514580244,
            0.01113927509407786,
            -0.10889173864052193,
            -0.4378443502428543,
            -0.36395442600261785,
            0.005990601583995553,
            0.20865152695670613,
            0.038245751353681946
        ],
        [
            -0.04966212985972362,
            -0.029327997188777086,
            -0.03800666702171712,
            -0.020372629603304493,
            -0.0015449341611443734,
            -0.022837041997739782,
            -0.033243854023766825,
            0.3467011943498063,
            0.09868878444545329,
            -0.02892124213901205,
            -0.029977355350412904,
            -0.02933735514580244,
            1.4098720786864285,
            0.025171077587366652,
            -0.010579949125055924,
            5.771148984488883e-05,
            -0.014890977855159276,
            0.30103860243993824,
            -0.027722685173207272,
            -0.0077475830684076
        ],
        [
            0.3233450612739376,
            0.1866890869273801,
            -0.06958215488541461,
            0.1311011822487873,
            0.0044889115061355345,
            0.07792677871101539,
            0.1303532230606188,
            0.1278433669099086,
            -0.6653573251459383,
            0.30848967933441335,
            -0.01205877063235472,
            0.01113927509407786,
            0.025171077587366652,
            0.9118448823114726,
            0.03342268992342588,
            -0.044026411523068854,
            -0.09799780108925496,
            -0.031245409500108345,
            -0.6465912172445435,
            -0.21041081955126617
        ],
        [
            -0.07469388911678487,
            -0.0734974636225368,
            0.021939489185972577,
            -0.062451349672940484,
            -0.045736555138419094,
            -0.03289101178112164,
            -0.0943034652052881,
            -0.035956866032595375,
            0.3027253159418003,
            0.2579419097907626,
            -0.12585210974102135,
            -0.10889173864052193,
            -0.010579949125055924,
            0.03342268992342588,
            1.3753267179821957,
            -0.020955506962941323,
            -0.07552261931771148,
            -0.00771208042148714,
            -0.18796451200277592,
            0.25481222022524636
        ],
        [
            -0.014134490770998681,
            -0.13782245414624889,
            0.013127176847842875,
            -0.06973454991929498,
            0.006027305467372824,
            -0.22351524396117717,
            -0.29459538384438405,
            0.02471864651040282,
            -0.28724697768099977,
            0.05044798432945376,
            -0.5354223522244087,
            -0.4378443502428543,
            5.771148984488883e-05,
            -0.044026411523068854,
            -0.020955506962941323,
            -0.22408914826914983,
            -0.44876168036618325,
            0.009087580005999542,
            0.24657990027521665,
            0.05274015347804789
        ],
        [
            -0.14310143683337406,
            -0.1997852017635114,
            0.03628785775191905,
            -0.12254566082835477,
            0.005322591016304606,
            -0.32499805098340906,
            -0.3051527916466613,
            0.006393186317478525,
            -0.17548339599098695,
            0.05869951679769566,
            -0.5163076048640891,
            -0.36395442600261785,
            -0.014890977855159276,
            -0.09799780108925496,
            -0.07552261931771148,
            -0.44876168036618325,
            -0.30782492770041614,
            0.007590061907223539,
            0.22127822353245746,
            0.04498188809447683
        ],
        [
            -0.005237990727795592,
            -0.0006669746505045468,
            -0.003728034585303961,
            -0.007953345127407314,
            0.00020643884901574524,
            -0.0006282945922985554,
            0.004483866578010587,
            -0.044147594512555705,
            0.004346176907766779,
            -0.0008107027734777929,
            0.0012473692358279179,
            0.005990601583995553,
            0.30103860243993824,
            -0.031245409500108345,
            -0.00771208042148714,
            0.009087580005999542,
            0.007590061907223539,
            1.4987114652014337,
            -0.0075648624734054246,
            -0.0018315557054991746
        ],
        [
            0.06754724981812091,
            0.112881241972495,
            -0.018798654481775097,
            0.09138310978911943,
            -0.004543668330129246,
            0.22359455130285644,
            0.1698002195122605,
            -0.015158769218263164,
            0.17561349194554887,
            -0.05170618089141675,
            0.0846356632466243,
            0.20865152695670613,
            -0.027722685173207272,
            -0.6465912172445435,
            -0.18796451200277592,
            0.24657990027521665,
            0.22127822353245746,
            -0.0075648624734054246,
            1.2661094609766328,
            -0.04811798966852931
        ],
        [
            -0.0005509199586885896,
            0.01329664575962016,
            -0.00044879036930778804,
            0.002086708071292052,
            -0.005518391915599942,
            0.01683059769945863,
            0.031290627524416484,
            -0.002833035205221399,
            0.03181027369302421,
            -0.05071806536973179,
            0.007986958488699347,
            0.038245751353681946,
            -0.0077475830684076,
            -0.21041081955126617,
            0.25481222022524636,
            0.05274015347804789,
            0.04498188809447683,
            -0.0018315557054991746,
            -0.04811798966852931,
            1.487675138561767
        ]
    ]
}