{
    "HF": -2.162863633851579,
    "coordinates": [
        [
            0.699708,
            -0.039217,
            0.004763
        ],
        [
            1.372385,
            0.081873,
            -0.122855
        ],
        [
            2.176222,
            0.177007,
            -0.14213
        ],
        [
            2.996815,
            0.11981,
            -0.069142
        ]
    ],
    "elements": [
        "H",
        "H",
        "H",
        "H"
    ],
    "Enn": 2.963538121556436,
    "S": [
        [
            0.9999999999999999,
            0.6848602514927513,
            0.0,
            0.0,
            0.0,
            0.6069587977360962,
            0.5783501521192544,
            0.10020407063791245,
            -0.5281776365755538,
            -0.09507836601063188,
            0.1257251837841273,
            0.3123028187261529,
            0.016229500211087485,
            -0.16313292175034644,
            -0.023889548539700198,
            0.01007176621535487,
            0.10766994096137908,
            0.00037830607373373745,
            -0.011758467358315193,
            -0.0008140299030871402
        ],
        [
            0.6848602514927513,
            1.0000000000000002,
            0.0,
            0.0,
            0.0,
            0.5783501521192544,
            0.9000446639936615,
            0.02899591204089342,
            -0.15283802538773575,
            -0.02751269404811065,
            0.3123028187261529,
            0.6127579198408105,
            0.01727682061135461,
            -0.17366019829504248,
            -0.025431186372866937,
            0.10766994096137908,
            0.3146958735903764,
            0.002776596940892505,
            -0.08630187766866593,
            -0.005974614460717304
        ],
        [
            0.0,
            0.0,
            1.0000000000000004,
            0.0,
            0.0,
            -0.10020407063791242,
            -0.02899591204089342,
            0.5113242863331665,
            0.1189897221406203,
            0.02141958986855164,
            -0.016229500211087496,
            -0.01727682061135462,
            0.0509817311662648,
            0.03041039634200391,
            0.004453366198121694,
            -0.00037830607373373707,
            -0.0027765969408925016,
            0.0010039731521081351,
            0.0004488608392350758,
            3.107430027466566e-05
        ],
        [
            0.0,
            0.0,
            0.0,
            1.0000000000000004,
            0.0,
            0.5281776365755536,
            0.15283802538773575,
            0.11898972214062026,
            -0.0932985638592632,
            -0.11290308149326667,
            0.1631329217503465,
            0.1736601982950424,
            0.03041039634200392,
            -0.25166688372847007,
            -0.044763586683187466,
            0.011758467358315186,
            0.0863018776686659,
            0.000448860839235076,
            -0.012933028355425256,
            -0.0009658479491378992
        ],
        [
            0.0,
            0.0,
            0.0,
            0.0,
            1.0000000000000004,
            0.09507836601063184,
            0.027512694048110648,
            0.021419589868551633,
            -0.1129030814932667,
            0.5135746921328624,
            0.023889548539700208,
            0.025431186372866926,
            0.004453366198121691,
            -0.044763586683187424,
            0.04745187136329676,
            0.0008140299030871392,
            0.005974614460717298,
            3.107430027466566e-05,
            -0.0009658479491378987,
            0.0009515494550474913
        ],
        [
            0.6069587977360962,
            0.5783501521192544,
            -0.10020407063791245,
            0.5281776365755537,
            0.09507836601063188,
            0.9999999999999999,
            0.6848602514927513,
            0.0,
            0.0,
            0.0,
            0.5152586840215971,
            0.5445830471091395,
            0.012303834802508259,
            -0.5131142752863206,
            -0.060727004933946574,
            0.08996480470885765,
            0.2721542329502984,
            -0.0039490248720800295,
            -0.11942945791434034,
            -0.002789160102248992
        ],
        [
            0.5783501521192544,
            0.9000446639936615,
            -0.028995912040893426,
            0.15283802538773575,
            0.02751269404811065,
            0.6848602514927513,
            1.0000000000000002,
            0.0,
            0.0,
            0.0,
            0.5445830471091395,
            0.8669210634496322,
            0.004107053220612097,
            -0.17127892812955559,
            -0.020270837929427358,
            0.27215423295029834,
            0.5622779703926541,
            -0.005452519048567887,
            -0.16489928914909105,
            -0.0038510642702049747
        ],
        [
            0.10020407063791244,
            0.02899591204089342,
            0.5113242863331665,
            0.11898972214062026,
            0.02141958986855164,
            0.0,
            0.0,
            1.0000000000000004,
            0.0,
            0.0,
            -0.012303834802508257,
            -0.004107053220612118,
            0.4265795725422259,
            0.01717566955684818,
            0.0020327381641068953,
            0.003949024872080029,
            0.005452519048567886,
            0.03211361085167822,
            -0.00732937384394405,
            -0.00017117047550076358
        ],
        [
            -0.5281776365755538,
            -0.15283802538773575,
            0.1189897221406203,
            -0.09329856385926337,
            -0.11290308149326671,
            0.0,
            0.0,
            0.0,
            1.0000000000000004,
            0.0,
            0.5131142752863206,
            0.1712789281295552,
            0.017175669556848152,
            -0.28929592745985777,
            -0.08477251090122921,
            0.11942945791434026,
            0.16489928914909102,
            -0.007329373843944046,
            -0.1893046182565398,
            -0.00517666962407062
        ],
        [
            -0.09507836601063184,
            -0.02751269404811064,
            0.021419589868551633,
            -0.11290308149326664,
            0.5135746921328624,
            0.0,
            0.0,
            0.0,
            0.0,
            1.0000000000000004,
            0.06072700493394655,
            0.020270837929427375,
            0.0020327381641068922,
            -0.08477251090122921,
            0.41695860831518816,
            0.0027891601022489894,
            0.0038510642702049742,
            -0.00017117047550076358,
            -0.005176669624070623,
            0.032235065972398357
        ],
        [
            0.1257251837841273,
            0.3123028187261529,
            -0.016229500211087485,
            0.16313292175034638,
            0.023889548539700198,
            0.5152586840215971,
            0.5445830471091395,
            -0.012303834802508257,
            0.5131142752863206,
            0.060727004933946574,
            0.9999999999999999,
            0.6848602514927513,
            0.0,
            0.0,
            0.0,
            0.5026604805787039,
            0.539582978622172,
            -0.04515286281707201,
            -0.5076467797124125,
            0.03538401236570486
        ],
        [
            0.3123028187261529,
            0.6127579198408105,
            -0.017276820611354615,
            0.1736601982950424,
            0.02543118637286694,
            0.5445830471091395,
            0.8669210634496322,
            -0.00410705322061212,
            0.17127892812955559,
            0.02027083792942738,
            0.6848602514927513,
            1.0000000000000002,
            0.0,
            0.0,
            0.0,
            0.539582978622172,
            0.861950653920147,
            -0.015399647426673399,
            -0.173135897418702,
            0.012067923958232012
        ],
        [
            0.016229500211087496,
            0.01727682061135462,
            0.0509817311662648,
            0.030410396342003914,
            0.004453366198121694,
            0.012303834802508259,
            0.0041070532206120966,
            0.4265795725422259,
            0.017175669556848152,
            0.0020327381641068922,
            0.0,
            0.0,
            1.0000000000000004,
            0.0,
            0.0,
            0.04515286281707201,
            0.015399647426673395,
            0.40690234311153256,
            -0.06415787940432698,
            0.004471934598868489
        ],
        [
            -0.16313292175034652,
            -0.17366019829504248,
            0.030410396342003914,
            -0.25166688372847,
            -0.04476358668318746,
            -0.5131142752863206,
            -0.1712789281295552,
            0.01717566955684818,
            -0.28929592745985777,
            -0.08477251090122921,
            0.0,
            0.0,
            0.0,
            1.0000000000000004,
            0.0,
            0.5076467797124125,
            0.17313589741870125,
            -0.06415787940432695,
            -0.3087084015912518,
            0.05027728158449727
        ],
        [
            -0.023889548539700208,
            -0.025431186372866937,
            0.004453366198121691,
            -0.04476358668318743,
            0.04745187136329676,
            -0.06072700493394653,
            -0.020270837929427396,
            0.0020327381641068953,
            -0.08477251090122921,
            0.41695860831518816,
            0.0,
            0.0,
            0.0,
            0.0,
            1.0000000000000004,
            -0.03538401236570486,
            -0.012067923958232009,
            0.0044719345988684924,
            0.05027728158449733,
            0.4091044647810747
        ],
        [
            0.01007176621535487,
            0.10766994096137908,
            -0.0003783060737337375,
            0.011758467358315195,
            0.0008140299030871402,
            0.08996480470885765,
            0.2721542329502984,
            0.0039490248720800295,
            0.1194294579143403,
            0.002789160102248992,
            0.5026604805787039,
            0.539582978622172,
            0.04515286281707201,
            0.5076467797124125,
            -0.0353840123657049,
            0.9999999999999999,
            0.6848602514927513,
            0.0,
            0.0,
            0.0
        ],
        [
            0.10766994096137908,
            0.3146958735903764,
            -0.002776596940892506,
            0.08630187766866596,
            0.005974614460717306,
            0.27215423295029834,
            0.5622779703926541,
            0.005452519048567887,
            0.16489928914909105,
            0.0038510642702049747,
            0.539582978622172,
            0.861950653920147,
            0.015399647426673399,
            0.173135897418702,
            -0.012067923958232012,
            0.6848602514927513,
            1.0000000000000002,
            0.0,
            0.0,
            0.0
        ],
        [
            0.0003783060737337371,
            0.002776596940892501,
            0.0010039731521081351,
            0.0004488608392350758,
            3.107430027466566e-05,
            -0.003949024872080029,
            -0.005452519048567886,
            0.03211361085167822,
            -0.007329373843944046,
            -0.00017117047550076358,
            -0.04515286281707201,
            -0.015399647426673395,
            0.40690234311153256,
            -0.06415787940432695,
            0.0044719345988684924,
            0.0,
            0.0,
            1.0000000000000004,
            0.0,
            0.0
        ],
        [
            -0.011758467358315185,
            -0.08630187766866587,
            0.000448860839235076,
            -0.012933028355425256,
            -0.0009658479491378992,
            -0.11942945791434026,
            -0.16489928914909102,
            -0.00732937384394405,
            -0.18930461825653971,
            -0.005176669624070623,
            -0.5076467797124125,
            -0.17313589741870125,
            -0.06415787940432698,
            -0.3087084015912518,
            0.05027728158449733,
            0.0,
            0.0,
            0.0,
            1.0000000000000004,
            0.0
        ],
        [
            -0.0008140299030871392,
            -0.005974614460717297,
            3.107430027466566e-05,
            -0.0009658479491378987,
            0.0009515494550474913,
            -0.0027891601022489894,
            -0.0038510642702049742,
            -0.00017117047550076358,
            -0.00517666962407062,
            0.032235065972398357,
            0.03538401236570486,
            0.012067923958232009,
            0.004471934598868489,
            0.05027728158449727,
            0.40910446478107465,
            0.0,
            0.0,
            0.0,
            0.0,
            1.0000000000000004
        ]
    ],
    "h": [
        [
            -0.31842369614651367,
            -0.4881294114171286,
            0.05989753892731543,
            -0.31834623080888846,
            -0.05771850389574771,
            -0.6247221554948665,
            -0.4870644056163016,
            -0.0027243780698243125,
            -0.0020489828839692636,
            -0.000803995408408642,
            -0.25951166613534904,
            -0.32867250101274176,
            -0.01657161332909447,
            0.32255915004755636,
            0.03863091038156122,
            -0.0069906801395547905,
            -0.130852405485302,
            0.000196981113258807,
            0.05482298181452887,
            0.002206439925328981
        ],
        [
            -0.4881294114171286,
            -0.3167816083053161,
            0.04706060086411584,
            -0.25620798656514976,
            -0.046027405624626136,
            -0.5601765393693496,
            -0.3682514863391022,
            -0.03826402156448288,
            0.1165668722744383,
            0.02638827206772605,
            -0.3312433651789154,
            -0.3118901219346162,
            -0.010978990272902459,
            0.18562786356631245,
            0.028512476637129712,
            -0.12743779260414592,
            -0.18779181120699773,
            0.00596760155913977,
            0.10538021977277448,
            -0.0027028509023567047
        ],
        [
            0.05989753892731543,
            0.04706060086411584,
            1.4543911580028777,
            0.05534244156555049,
            0.009939714074325508,
            0.008994248263466287,
            0.04405311546929284,
            0.46242052258783906,
            0.17822179646762912,
            0.031797841655130395,
            0.03405845091982348,
            0.03406535675134442,
            -0.045131700093484786,
            -0.03911625948966682,
            -0.004846936590809982,
            0.0037011444687595303,
            0.01545143910738308,
            -0.0036064094974277137,
            -0.0055838826973705555,
            -0.00011997728560859658
        ],
        [
            -0.31834623080888846,
            -0.25620798656514976,
            0.05534244156555049,
            1.1636435725020977,
            -0.0537763962233873,
            -0.06721701405052127,
            -0.2489308423098261,
            0.17200502738154808,
            -0.4635572098785312,
            -0.16932958404922482,
            -0.24584884067724555,
            -0.19719701346274432,
            -0.009698172050209092,
            0.17616134708210857,
            0.028480358243330242,
            -0.057967460326242455,
            -0.11527793802795898,
            0.0003585120940168343,
            0.07518352810470234,
            0.002550315862048458
        ],
        [
            -0.05771850389574771,
            -0.046027405624626136,
            0.009939714074325508,
            -0.0537763962233873,
            1.455101227407652,
            -0.01120837713811551,
            -0.04401132582529747,
            0.030947931920340857,
            -0.17078389564618454,
            0.46487557414095226,
            -0.039358168887831696,
            -0.03433884676560416,
            -0.0017003418031405638,
            0.039360009285102526,
            -0.04189450700861051,
            -0.006189975677074283,
            -0.017348937990540263,
            0.00011610258968262275,
            0.008168618247289103,
            -0.0033149088426217134
        ],
        [
            -0.6247221554948665,
            -0.5601765393693496,
            0.008994248263466287,
            -0.06721701405052127,
            -0.01120837713811551,
            -0.4789661738320814,
            -0.6096465840104975,
            -0.05153051185234127,
            0.09900597601923566,
            0.029349498582086707,
            -0.4969239830301433,
            -0.5041391366477181,
            -0.010697934828712105,
            0.07992498270937798,
            0.017050061708331773,
            -0.19935998968923058,
            -0.30176646606820334,
            0.011747785127447043,
            0.20890022141412307,
            -0.0034162694639556855
        ],
        [
            -0.4870644056163016,
            -0.3682514863391022,
            0.04405311546929284,
            -0.2489308423098261,
            -0.04401132582529747,
            -0.6096465840104975,
            -0.42945738133993605,
            -0.037767814086491186,
            0.03072100514706811,
            0.017939886716956698,
            -0.4872352571803311,
            -0.40195217767040403,
            -0.017536351721701343,
            0.12885413501068482,
            0.0348636025080644,
            -0.28226720851331033,
            -0.2925494124538024,
            0.013541208280786955,
            0.1652795178270024,
            -0.009479056568332832
        ],
        [
            -0.0027243780698243125,
            -0.03826402156448288,
            0.46242052258783906,
            0.17200502738154808,
            0.030947931920340857,
            -0.05153051185234127,
            -0.037767814086491186,
            1.387606917011475,
            0.05964137560900552,
            0.010215903032533781,
            -0.009436992767016853,
            -0.01873621497078659,
            0.32766775362313316,
            0.04005837540282341,
            0.004655627296959898,
            0.0023819418053093854,
            -0.0026445230490961535,
            -0.040768838537844715,
            0.0011435838161979323,
            0.00018926879111740683
        ],
        [
            -0.0020489828839692636,
            0.1165668722744383,
            0.17822179646762912,
            -0.4635572098785312,
            -0.17078389564618454,
            0.09900597601923566,
            0.03072100514706811,
            0.05964137560900552,
            0.8461968391421522,
            -0.08043518451673204,
            -0.038868250774533375,
            -0.101318941207095,
            0.02155575603287191,
            -0.7860733385456666,
            -0.1188751204124183,
            -0.2776532635456902,
            -0.17257313643590955,
            0.017140906171796554,
            0.2158264256769723,
            -0.008069938261387724
        ],
        [
            -0.000803995408408642,
            0.02638827206772605,
            0.031797841655130395,
            -0.16932958404922482,
            0.46487557414095226,
            0.029349498582086707,
            0.017939886716956698,
            0.010215903032533781,
            -0.08043518451673204,
            1.3853540678745924,
            0.00278667715277707,
            -0.0017986756174402652,
            0.00310132355751284,
            -0.13388895345218257,
            0.3142287638106793,
            -0.02164251689026865,
            -0.015016657953328783,
            0.0013829300676157744,
            0.018541485054452814,
            -0.04150576474249361
        ],
        [
            -0.25951166613534904,
            -0.3312433651789154,
            0.03405845091982348,
            -0.24584884067724555,
            -0.039358168887831696,
            -0.4969239830301433,
            -0.4872352571803311,
            -0.009436992767016853,
            -0.038868250774533375,
            0.00278667715277707,
            -0.3922543499461544,
            -0.5776276155511938,
            -0.026100707474140956,
            -0.031655707228231855,
            0.04092134632391223,
            -0.5375317351504925,
            -0.5119745230812905,
            0.005134046360835254,
            0.07228292770461331,
            -0.0024136961927972295
        ],
        [
            -0.32867250101274176,
            -0.3118901219346162,
            0.03406535675134442,
            -0.19719701346274432,
            -0.03433884676560416,
            -0.5041391366477181,
            -0.40195217767040403,
            -0.01873621497078659,
            -0.101318941207095,
            -0.0017986756174402652,
            -0.5776276155511938,
            -0.4294502668427833,
            -0.02340841689450993,
            -7.13449323443971e-05,
            0.03730425754996867,
            -0.4393300278151444,
            -0.3580722814813321,
            0.017546504483260783,
            0.2090680990008058,
            -0.01243048384544801
        ],
        [
            -0.01657161332909447,
            -0.010978990272902459,
            -0.045131700093484786,
            -0.009698172050209092,
            -0.0017003418031405638,
            -0.010697934828712105,
            -0.017536351721701343,
            0.32766775362313316,
            0.02155575603287191,
            0.00310132355751284,
            -0.026100707474140956,
            -0.02340841689450993,
            1.4200986506679785,
            -0.012236850853916778,
            0.002338775824972804,
            -0.002936188140598775,
            -0.018743967999708618,
            0.3127114828207954,
            -0.0839970992841499,
            0.006063776233604479
        ],
        [
            0.32255915004755636,
            0.18562786356631245,
            -0.03911625948966682,
            0.17616134708210857,
            0.039360009285102526,
            0.07992498270937798,
            0.12885413501068482,
            0.04005837540282341,
            -0.7860733385456666,
            -0.13388895345218257,
            -0.031655707228231855,
            -7.13449323443971e-05,
            -0.012236850853916778,
            0.9019794267457562,
            -0.016501845353636385,
            -0.04086395179208491,
            -0.10902577203353445,
            -0.08665097111709717,
            -0.6716051399066055,
            0.06698235878043667
        ],
        [
            0.03863091038156122,
            0.028512476637129712,
            -0.004846936590809982,
            0.028480358243330242,
            -0.04189450700861051,
            0.017050061708331773,
            0.0348636025080644,
            0.004655627296959898,
            -0.1188751204124183,
            0.3142287638106793,
            0.04092134632391223,
            0.03730425754996867,
            0.002338775824972804,
            -0.016501845353636385,
            1.4173512347965205,
            0.0037514750622429927,
            0.02328863469492661,
            0.005764072342340779,
            0.061588833519695074,
            0.3155258168201679
        ],
        [
            -0.0069906801395547905,
            -0.12743779260414592,
            0.0037011444687595303,
            -0.057967460326242455,
            -0.006189975677074283,
            -0.19935998968923058,
            -0.28226720851331033,
            0.0023819418053093854,
            -0.2776532635456902,
            -0.02164251689026865,
            -0.5375317351504925,
            -0.4393300278151444,
            -0.002936188140598775,
            -0.04086395179208491,
            0.0037514750622429927,
            -0.22649983684314812,
            -0.4490164742017173,
            0.022733542797746784,
            0.2545249107253834,
            -0.017344477130026653
        ],
        [
            -0.130852405485302,
            -0.18779181120699773,
            0.01545143910738308,
            -0.11527793802795898,
            -0.017348937990540263,
            -0.30176646606820334,
            -0.2925494124538024,
            -0.0026445230490961535,
            -0.17257313643590955,
            -0.015016657953328783,
            -0.5119745230812905,
            -0.3580722814813321,
            -0.018743967999708618,
            -0.10902577203353445,
            0.02328863469492661,
            -0.4490164742017173,
            -0.3032284967611323,
            0.019699139785866748,
            0.22453637838488802,
            -0.0147018321009801
        ],
        [
            0.000196981113258807,
            0.00596760155913977,
            -0.0036064094974277137,
            0.0003585120940168343,
            0.00011610258968262275,
            0.011747785127447043,
            0.013541208280786955,
            -0.040768838537844715,
            0.017140906171796554,
            0.0013829300676157744,
            0.005134046360835254,
            0.017546504483260783,
            0.3127114828207954,
            -0.08665097111709717,
            0.005764072342340779,
            0.022733542797746784,
            0.019699139785866748,
            1.497842313584562,
            -0.021197121172982593,
            0.0014506139818565539
        ],
        [
            0.05482298181452887,
            0.10538021977277448,
            -0.0055838826973705555,
            0.07518352810470234,
            0.008168618247289103,
            0.20890022141412307,
            0.1652795178270024,
            0.0011435838161979323,
            0.2158264256769723,
            0.018541485054452814,
            0.07228292770461331,
            0.2090680990008058,
            -0.0839970992841499,
            -0.6716051399066055,
            0.061588833519695074,
            0.2545249107253834,
            0.22453637838488802,
            -0.021197121172982593,
            1.256264824789,
            0.01595928236139011
        ],
        [
            0.002206439925328981,
            -0.0027028509023567047,
            -0.00011997728560859658,
            0.002550315862048458,
            -0.0033149088426217134,
            -0.0034162694639556855,
            -0.009479056568332832,
            0.00018926879111740683,
            -0.008069938261387724,
            -0.04150576474249361,
            -0.0024136961927972295,
            -0.01243048384544801,
            0.006063776233604479,
            0.06698235878043667,
            0.3155258168201679,
            -0.017344477130026653,
            -0.0147018321009801,
            0.0014506139818565539,
            0.01595928236139011,
            1.4985688331916567
        ]
    ]
}