{
    "HF": -2.1373088945682683,
    "coordinates": [
        [
            0.692203,
            0.030589,
            0.176969
        ],
        [
            1.374464,
            0.167499,
            0.185607
        ],
        [
            2.098342,
            0.168004,
            -0.102903
        ],
        [
            2.752211,
            0.145008,
            -0.12272
        ]
    ],
    "elements": [
        "H",
        "H",
        "H",
        "H"
    ],
    "Enn": 3.2439180902605464,
    "S": [
        [
            0.9999999999999999,
            0.6848602514927513,
            0.0,
            0.0,
            0.0,
            0.6064578705504899,
            0.578177227020581,
            -0.006775393396800235,
            -0.5351454820901063,
            -0.10738818128686302,
            0.14590587263191623,
            0.3318407808320053,
            0.037087094673096524,
            -0.18633378907691123,
            -0.01820947831331308,
            0.021963965601575052,
            0.15038359346150132,
            0.003975089101448356,
            -0.027324043757683558,
            -0.0015176590395330476
        ],
        [
            0.6848602514927513,
            1.0000000000000002,
            0.0,
            0.0,
            0.0,
            0.578177227020581,
            0.8998769400791047,
            -0.0019620018994123286,
            -0.1549661238591071,
            -0.031097207692584453,
            0.3318407808320053,
            0.6364272718223568,
            0.03512459791294317,
            -0.17647377009743057,
            -0.0172459074941655,
            0.1503835934615013,
            0.38796973587190964,
            0.016113767297410046,
            -0.11076312291343055,
            -0.006152114827045238
        ],
        [
            0.0,
            0.0,
            1.0000000000000004,
            0.0,
            0.0,
            0.006775393396800235,
            0.0019620018994123277,
            0.5332027020642738,
            -0.008159665758496016,
            -0.0016374083217356556,
            -0.03708709467309654,
            -0.035124597912943166,
            0.05392641858544081,
            0.06916010147941597,
            0.0067586741743127406,
            -0.003975089101448356,
            -0.016113767297410046,
            0.0027185567889988172,
            0.005682134330037465,
            0.00031560271994504716
        ],
        [
            0.0,
            0.0,
            0.0,
            1.0000000000000004,
            0.0,
            0.535145482090106,
            0.15496612385910724,
            -0.008159665758496075,
            -0.11117439255918625,
            -0.1293285296359914,
            0.1863337890769112,
            0.17647377009743023,
            0.06916010147941594,
            -0.279783933977813,
            -0.03395707803851025,
            0.027324043757683554,
            0.11076312291343055,
            0.005682134330037464,
            -0.035512772979766266,
            -0.002169396033583337
        ],
        [
            0.0,
            0.0,
            0.0,
            0.0,
            1.0000000000000004,
            0.107388181286863,
            0.031097207692584464,
            -0.0016374083217356669,
            -0.12932852963599134,
            0.5073535244040505,
            0.018209478313313085,
            0.017245907494165498,
            0.00675867417431274,
            -0.03395707803851026,
            0.06437329762270896,
            0.0015176590395330476,
            0.006152114827045239,
            0.00031560271994504705,
            -0.002169396033583337,
            0.0034246962945094876
        ],
        [
            0.6064578705504899,
            0.578177227020581,
            0.006775393396800235,
            0.535145482090106,
            0.107388181286863,
            0.9999999999999999,
            0.6848602514927513,
            0.0,
            0.0,
            0.0,
            0.5392779517233791,
            0.5538605415600376,
            0.19509886250072056,
            -0.489507380642947,
            -0.0003414957040063013,
            0.15638136184438936,
            0.34131264136874556,
            0.04447658971619822,
            -0.19874188135233997,
            0.003244357384552804
        ],
        [
            0.578177227020581,
            0.8998769400791047,
            0.0019620018994123286,
            0.1549661238591073,
            0.031097207692584467,
            0.6848602514927513,
            1.0000000000000002,
            0.0,
            0.0,
            0.0,
            0.5538605415600376,
            0.876097772088466,
            0.06259340600148007,
            -0.15704824633301948,
            -0.00010956178306038532,
            0.34131264136874556,
            0.6477112899036437,
            0.03987817069480007,
            -0.17819402789975827,
            0.0029089244117341193
        ],
        [
            -0.006775393396800235,
            -0.0019620018994123277,
            0.5332027020642738,
            -0.008159665758496075,
            -0.0016374083217356669,
            0.0,
            0.0,
            1.0000000000000004,
            0.0,
            0.0,
            -0.19509886250072056,
            -0.06259340600148004,
            0.35639431298884444,
            0.24650642974816855,
            0.00017197061800857928,
            -0.04447658971619821,
            -0.03987817069480002,
            0.056614290712336306,
            0.08289574641468814,
            -0.0013532297530771252
        ],
        [
            -0.5351454820901063,
            -0.15496612385910705,
            -0.008159665758496016,
            -0.11117439255918625,
            -0.12932852963599134,
            0.0,
            0.0,
            0.0,
            1.0000000000000004,
            0.0,
            0.489507380642947,
            0.15704824633301945,
            0.24650642974816855,
            -0.16384779008687564,
            -0.0004314781013580618,
            0.19874188135234006,
            0.178194027899758,
            0.08289574641468815,
            -0.2952507730359395,
            0.006046853608710072
        ],
        [
            -0.10738818128686299,
            -0.031097207692584443,
            -0.0016374083217356556,
            -0.1293285296359914,
            0.5073535244040505,
            0.0,
            0.0,
            0.0,
            0.0,
            1.0000000000000004,
            0.0003414957040063013,
            0.00010956178306038528,
            0.0001719706180085993,
            -0.00043147810135811207,
            0.4546420179200661,
            -0.003244357384552804,
            -0.0029089244117341184,
            -0.0013532297530771257,
            0.006046853608710075,
            0.07506687817599114
        ],
        [
            0.14590587263191623,
            0.3318407808320053,
            -0.037087094673096524,
            0.18633378907691125,
            0.01820947831331308,
            0.5392779517233791,
            0.5538605415600376,
            -0.19509886250072056,
            0.489507380642947,
            0.0003414957040063013,
            0.9999999999999999,
            0.6848602514927513,
            0.0,
            0.0,
            0.0,
            0.6402122941346609,
            0.5895718482068099,
            0.01664088050531063,
            -0.5490718017422892,
            0.01931037433012681
        ],
        [
            0.3318407808320053,
            0.6364272718223568,
            -0.03512459791294317,
            0.17647377009743045,
            0.017245907494165495,
            0.5538605415600376,
            0.876097772088466,
            -0.06259340600148007,
            0.15704824633301948,
            0.00010956178306038532,
            0.6848602514927513,
            1.0000000000000002,
            0.0,
            0.0,
            0.0,
            0.5895718482068099,
            0.9108883791695328,
            0.004595895747718821,
            -0.15164322332669733,
            0.005333159338676
        ],
        [
            0.03708709467309654,
            0.03512459791294318,
            0.05392641858544081,
            0.06916010147941598,
            0.0067586741743127406,
            0.19509886250072056,
            0.06259340600148004,
            0.35639431298884444,
            0.24650642974816855,
            0.0001719706180085993,
            0.0,
            0.0,
            1.0000000000000004,
            0.0,
            0.0,
            -0.01664088050531063,
            -0.00459589574771882,
            0.5728081950879603,
            0.019289147549030855,
            -0.0006783824237538619
        ],
        [
            -0.18633378907691125,
            -0.17647377009743034,
            0.06916010147941593,
            -0.279783933977813,
            -0.033957078038510245,
            -0.489507380642947,
            -0.15704824633301945,
            0.24650642974816855,
            -0.16384779008687564,
            -0.00043147810135811207,
            0.0,
            0.0,
            0.0,
            1.0000000000000004,
            0.0,
            0.5490718017422895,
            0.1516432233266977,
            0.0192891475490309,
            -0.06305952270863473,
            0.02238347060793835
        ],
        [
            -0.018209478313313085,
            -0.017245907494165498,
            0.00675867417431274,
            -0.033957078038510266,
            0.06437329762270896,
            -0.0003414957040063013,
            -0.00010956178306038528,
            0.00017197061800857928,
            -0.0004314781013580618,
            0.4546420179200661,
            0.0,
            0.0,
            0.0,
            0.0,
            1.0000000000000004,
            -0.01931037433012681,
            -0.005333159338675998,
            -0.0006783824237538613,
            0.022383470607938282,
            0.5726055898977448
        ],
        [
            0.021963965601575052,
            0.15038359346150132,
            -0.003975089101448356,
            0.027324043757683554,
            0.0015176590395330476,
            0.15638136184438936,
            0.34131264136874556,
            -0.04447658971619822,
            0.19874188135234006,
            -0.003244357384552804,
            0.6402122941346609,
            0.5895718482068099,
            -0.01664088050531063,
            0.5490718017422895,
            -0.01931037433012681,
            0.9999999999999999,
            0.6848602514927513,
            0.0,
            0.0,
            0.0
        ],
        [
            0.1503835934615013,
            0.38796973587190964,
            -0.016113767297410053,
            0.1107631229134305,
            0.006152114827045241,
            0.34131264136874556,
            0.6477112899036437,
            -0.03987817069480008,
            0.17819402789975805,
            -0.0029089244117341193,
            0.5895718482068099,
            0.9108883791695328,
            -0.004595895747718845,
            0.15164322332669772,
            -0.005333159338676,
            0.6848602514927513,
            1.0000000000000002,
            0.0,
            0.0,
            0.0
        ],
        [
            0.003975089101448356,
            0.01611376729741005,
            0.0027185567889988172,
            0.0056821343300374645,
            0.0003156027199450471,
            0.04447658971619821,
            0.039878170694800034,
            0.056614290712336306,
            0.08289574641468811,
            -0.0013532297530771252,
            0.01664088050531063,
            0.00459589574771882,
            0.5728081950879603,
            0.0192891475490309,
            -0.0006783824237538613,
            0.0,
            0.0,
            1.0000000000000004,
            0.0,
            0.0
        ],
        [
            -0.027324043757683558,
            -0.1107631229134305,
            0.005682134330037464,
            -0.035512772979766266,
            -0.002169396033583337,
            -0.19874188135233997,
            -0.1781940278997578,
            0.08289574641468818,
            -0.2952507730359395,
            0.006046853608710075,
            -0.5490718017422892,
            -0.1516432233266973,
            0.019289147549030855,
            -0.06305952270863455,
            0.022383470607938282,
            0.0,
            0.0,
            0.0,
            1.0000000000000004,
            0.0
        ],
        [
            -0.0015176590395330474,
            -0.0061521148270452354,
            0.0003156027199450471,
            -0.002169396033583337,
            0.0034246962945094876,
            0.003244357384552804,
            0.0029089244117341184,
            -0.0013532297530771257,
            0.006046853608710072,
            0.07506687817599114,
            0.01931037433012681,
            0.005333159338675998,
            -0.0006783824237538619,
            0.02238347060793835,
            0.5726055898977448,
            0.0,
            0.0,
            0.0,
            0.0,
            1.0000000000000004
        ]
    ],
    "h": [
        [
            -0.3154649442471851,
            -0.4878722481713451,
            0.00011436886006237906,
            -0.3250536816860336,
            -0.06415146129479117,
            -0.6225248708478672,
            -0.48491509502696095,
            0.013590297335939,
            0.0015503360420833223,
            0.004295943503203559,
            -0.27637490645148666,
            -0.33794903374493707,
            -0.09293348163903502,
            0.3264513244569557,
            0.014140026658283622,
            -0.039499420447601866,
            -0.1763107241242427,
            -0.01665046739140295,
            0.10047896513016352,
            0.0020429136029342016
        ],
        [
            -0.4878722481713451,
            -0.3175845191590443,
            0.003067413621381467,
            -0.26253941209584897,
            -0.05030206868708838,
            -0.5633173162329252,
            -0.3703476676208981,
            0.04417236439220948,
            0.11679363171017157,
            0.04391192078376734,
            -0.35821236972717957,
            -0.3208670684700221,
            -0.07490398148340432,
            0.17286383512988468,
            0.006587414732659953,
            -0.1784189694293465,
            -0.22388194883597867,
            -0.015333881305802488,
            0.1462099250741048,
            -0.0026313277190213556
        ],
        [
            0.00011436886006237906,
            0.003067413621381467,
            1.4761317692229932,
            0.0019620434766871152,
            -0.0001805193931719803,
            0.011274462546500386,
            0.006725261310672822,
            0.4936256269884507,
            -0.005306759992317561,
            -0.0032665662714880007,
            0.025472181247497352,
            0.005602784838750562,
            -0.044332142754250126,
            0.006355356426853587,
            0.001275777335699663,
            0.01476512748321015,
            0.009697796713282268,
            -0.0077134180087725344,
            -0.018574584183581513,
            -0.0005267129335802006
        ],
        [
            -0.3250536816860336,
            -0.26253941209584897,
            0.0019620434766871152,
            1.1664027475669982,
            -0.059884956799524935,
            -0.0683813286016306,
            -0.2539919079886174,
            0.015310123394131056,
            -0.4942356623277614,
            -0.1858889209198975,
            -0.25861949242115123,
            -0.20471205935486458,
            -0.07032706516299395,
            0.12485186820817717,
            0.0004184201307563806,
            -0.09918363571576684,
            -0.14070053906469882,
            -0.020643737318120088,
            0.13486644503257156,
            0.003812103936780516
        ],
        [
            -0.06415146129479117,
            -0.05030206868708838,
            -0.0001805193931719803,
            -0.059884956799524935,
            1.465560668899618,
            -0.008524542720481476,
            -0.0466227151821295,
            0.0007783954993542223,
            -0.19468612651550304,
            0.46031953266542347,
            -0.0372959600014235,
            -0.03707308598847658,
            -0.013231949445026654,
            0.037002537497270255,
            -0.04478938063139294,
            -0.008500392369106609,
            -0.021497092558092592,
            -0.00196918296663051,
            0.012874440556169646,
            -0.0098283739708837
        ],
        [
            -0.6225248708478672,
            -0.5633173162329252,
            0.011274462546500386,
            -0.0683813286016306,
            -0.008524542720481476,
            -0.4830717736517032,
            -0.6143894648053398,
            0.08601845102851025,
            0.09271712061612455,
            0.06010715262954633,
            -0.5359620281464016,
            -0.5226163118049783,
            -0.026703839930488527,
            0.057922443334398,
            0.009701755731535148,
            -0.29409001387468847,
            -0.36483385744906727,
            -0.03508248839917073,
            0.2706452761341701,
            -0.006161182748670328
        ],
        [
            -0.48491509502696095,
            -0.3703476676208981,
            0.006725261310672822,
            -0.2539919079886174,
            -0.0466227151821295,
            -0.6143894648053398,
            -0.4326428408829166,
            0.07725367176955078,
            0.02468823432660311,
            0.04466162225056315,
            -0.5279094726410454,
            -0.41143886909373006,
            -0.07728604809347922,
            0.10024789859591637,
            0.009575873071199458,
            -0.3510373915924267,
            -0.3248693883689586,
            -0.015153382869544624,
            0.21760920109887494,
            -0.00676967446848069
        ],
        [
            0.013590297335939,
            0.04417236439220948,
            0.4936256269884507,
            0.015310123394131056,
            0.0007783954993542223,
            0.08601845102851025,
            0.07725367176955078,
            1.362622503545458,
            0.09539007380716087,
            -0.0002409526544841355,
            0.032835790173231405,
            0.08412545864648006,
            0.23133656644180933,
            0.36206264157512696,
            -0.0009949623630464092,
            0.10030345912313417,
            0.07915125798449213,
            -0.042156591660857806,
            -0.07034771384764776,
            0.0025267263991509176
        ],
        [
            0.0015503360420833223,
            0.11679363171017157,
            -0.005306759992317561,
            -0.4942356623277614,
            -0.19468612651550304,
            0.09271712061612455,
            0.02468823432660311,
            0.09539007380716087,
            0.8233273383740318,
            -0.060193150461892504,
            -0.0725056985072361,
            -0.10970116737531055,
            0.3629409945651913,
            -0.6792786785170676,
            -0.002329633002622131,
            -0.3390202890258648,
            -0.1772057839363736,
            0.0036046198706690957,
            0.11272557253302296,
            -0.007320103145656256
        ],
        [
            0.004295943503203559,
            0.04391192078376734,
            -0.0032665662714880007,
            -0.1858889209198975,
            0.46031953266542347,
            0.06010715262954633,
            0.04466162225056315,
            -0.0002409526544841355,
            -0.060193150461892504,
            1.3874497873509988,
            0.01089736755125961,
            0.02512641665819897,
            0.005249973432016978,
            -0.02093623763822701,
            0.36484696175568254,
            -0.0014135964005696049,
            0.00938020622514666,
            0.00017722483479035113,
            -0.0009304371287946964,
            -0.045179757747045135
        ],
        [
            -0.27637490645148666,
            -0.35821236972717957,
            0.025472181247497352,
            -0.25861949242115123,
            -0.0372959600014235,
            -0.5359620281464016,
            -0.5279094726410454,
            0.032835790173231405,
            -0.0725056985072361,
            0.01089736755125961,
            -0.5143010346377674,
            -0.6248369590489454,
            -0.07219227731759209,
            -0.12172922147458295,
            0.01160968486842041,
            -0.6504508943019126,
            -0.5774661575057177,
            -0.014632262977314764,
            0.06774788556098321,
            -0.002029099618414014
        ],
        [
            -0.33794903374493707,
            -0.3208670684700221,
            0.005602784838750562,
            -0.20471205935486458,
            -0.03707308598847658,
            -0.5226163118049783,
            -0.41143886909373006,
            0.08412545864648006,
            -0.10970116737531055,
            0.02512641665819897,
            -0.6248369590489454,
            -0.43261052880356066,
            -0.06689160636985236,
            -0.03717647172650071,
            0.01023477259242212,
            -0.49927129866770326,
            -0.37172431223412317,
            -0.018421009976173533,
            0.2696760018708819,
            -0.0090575451405727
        ],
        [
            -0.09293348163903502,
            -0.07490398148340432,
            -0.044332142754250126,
            -0.07032706516299395,
            -0.013231949445026654,
            -0.026703839930488527,
            -0.07728604809347922,
            0.23133656644180933,
            0.3629409945651913,
            0.005249973432016978,
            -0.07219227731759209,
            -0.06689160636985236,
            1.3546369649452676,
            0.10709199210032185,
            0.000547903887559367,
            -0.015609331036196961,
            -0.03620176261974998,
            0.5539987114088525,
            0.058187539036209684,
            -0.0015035893784920852
        ],
        [
            0.3264513244569557,
            0.17286383512988468,
            0.006355356426853587,
            0.12485186820817717,
            0.037002537497270255,
            0.057922443334398,
            0.10024789859591637,
            0.36206264157512696,
            -0.6792786785170676,
            -0.02093623763822701,
            -0.12172922147458295,
            -0.03717647172650071,
            0.10709199210032185,
            0.7931573633189157,
            0.006617307941141827,
            0.011028372968222455,
            -0.1230900724754741,
            0.037715739305631206,
            -0.4471851678703762,
            0.03365407110158884
        ],
        [
            0.014140026658283622,
            0.006587414732659953,
            0.001275777335699663,
            0.0004184201307563806,
            -0.04478938063139294,
            0.009701755731535148,
            0.009575873071199458,
            -0.0009949623630464092,
            -0.002329633002622131,
            0.36484696175568254,
            0.01160968486842041,
            0.01023477259242212,
            0.000547903887559367,
            0.006617307941141827,
            1.3903867544333428,
            -0.00187630290339727,
            0.007854988783831193,
            -0.0007459039477981642,
            0.0331291608870648,
            0.5588959547487967
        ],
        [
            -0.039499420447601866,
            -0.1784189694293465,
            0.01476512748321015,
            -0.09918363571576684,
            -0.008500392369106609,
            -0.29409001387468847,
            -0.3510373915924267,
            0.10030345912313417,
            -0.3390202890258648,
            -0.0014135964005696049,
            -0.6504508943019126,
            -0.49927129866770326,
            -0.015609331036196961,
            0.011028372968222455,
            -0.00187630290339727,
            -0.3485808937619468,
            -0.5002917041784435,
            -0.01550342393819953,
            0.3536692671382169,
            -0.013167784283206006
        ],
        [
            -0.1763107241242427,
            -0.22388194883597867,
            0.009697796713282268,
            -0.14070053906469882,
            -0.021497092558092592,
            -0.36483385744906727,
            -0.3248693883689586,
            0.07915125798449213,
            -0.1772057839363736,
            0.00938020622514666,
            -0.5774661575057177,
            -0.37172431223412317,
            -0.03620176261974998,
            -0.1230900724754741,
            0.007854988783831193,
            -0.5002917041784435,
            -0.32028770607553825,
            -0.015251063684399201,
            0.2766883025572865,
            -0.009916409226499306
        ],
        [
            -0.01665046739140295,
            -0.015333881305802488,
            -0.0077134180087725344,
            -0.020643737318120088,
            -0.00196918296663051,
            -0.03508248839917073,
            -0.015153382869544624,
            -0.042156591660857806,
            0.0036046198706690957,
            0.00017722483479035113,
            -0.014632262977314764,
            -0.018421009976173533,
            0.5539987114088525,
            0.037715739305631206,
            -0.0007459039477981642,
            -0.01550342393819953,
            -0.015251063684399201,
            1.4641725870723163,
            0.016663056815464015,
            -0.0004994405678097956
        ],
        [
            0.10047896513016352,
            0.1462099250741048,
            -0.018574584183581513,
            0.13486644503257156,
            0.012874440556169646,
            0.2706452761341701,
            0.21760920109887494,
            -0.07034771384764776,
            0.11272557253302296,
            -0.0009304371287946964,
            0.06774788556098321,
            0.2696760018708819,
            0.058187539036209684,
            -0.4471851678703762,
            0.0331291608870648,
            0.3536692671382169,
            0.2766883025572865,
            0.016663056815464015,
            1.1248394885421868,
            0.01180490691229658
        ],
        [
            0.0020429136029342016,
            -0.0026313277190213556,
            -0.0005267129335802006,
            0.003812103936780516,
            -0.0098283739708837,
            -0.006161182748670328,
            -0.00676967446848069,
            0.0025267263991509176,
            -0.007320103145656256,
            -0.045179757747045135,
            -0.002029099618414014,
            -0.0090575451405727,
            -0.0015035893784920852,
            0.03365407110158884,
            0.5588959547487967,
            -0.013167784283206006,
            -0.009916409226499306,
            -0.0004994405678097956,
            0.01180490691229658,
            1.465715023601881
        ]
    ]
}