{
    "HF": -2.1748058015972243,
    "coordinates": [
        [
            0.720069,
            0.121573,
            -0.0335
        ],
        [
            1.501945,
            0.055485,
            -0.111044
        ],
        [
            2.325301,
            -0.093062,
            0.095549
        ],
        [
            2.991251,
            0.054114,
            0.147753
        ]
    ],
    "elements": [
        "H",
        "H",
        "H",
        "H"
    ],
    "Enn": 2.9667631972207635,
    "S": [
        [
            0.9999999999999999,
            0.6848602514927513,
            0.0,
            0.0,
            0.0,
            0.5319538994843316,
            0.5510662147407921,
            0.05153781539038281,
            -0.5196556915579664,
            0.043923851536155176,
            0.09023873226994354,
            0.2724964867128665,
            -0.009522899912674531,
            -0.11845472396238918,
            0.015838539025927346,
            0.011023743515267408,
            0.1119352209471315,
            -0.0010362470492351458,
            -0.01298464381707325,
            0.00038567190443387824
        ],
        [
            0.6848602514927513,
            1.0000000000000002,
            0.0,
            0.0,
            0.0,
            0.5510662147407921,
            0.8733399991406464,
            0.01673289073034049,
            -0.16871770443458833,
            0.014260849099694916,
            0.2724964867128665,
            0.5627197623489443,
            -0.013117666726733822,
            -0.1631697912815163,
            0.02181737477928936,
            0.11193522094713151,
            0.32245271785707735,
            -0.007099618121918163,
            -0.08896142345436697,
            0.0026423459964054546
        ],
        [
            0.0,
            0.0,
            1.0000000000000004,
            0.0,
            0.0,
            -0.051537815390382796,
            -0.01673289073034049,
            0.4392152524947201,
            0.07023100025316495,
            -0.005936269107545397,
            0.009522899912674535,
            0.013117666726733819,
            0.03110225967029917,
            -0.01748282176825533,
            0.002337621882836551,
            0.001036247049235147,
            0.007099618121918163,
            0.0010770208194439033,
            -0.0012583758393707317,
            3.737647434160281e-05
        ],
        [
            0.0,
            0.0,
            0.0,
            1.0000000000000004,
            0.0,
            0.5196556915579662,
            0.16871770443458817,
            0.07023100025316495,
            -0.261958495904832,
            0.05985538977523941,
            0.11845472396238925,
            0.1631697912815162,
            -0.017482821768255326,
            -0.18495991532555853,
            0.029077524430483625,
            0.01298464381707326,
            0.08896142345436672,
            -0.0012583758393707306,
            -0.014590571704702368,
            0.0004683441142938881
        ],
        [
            0.0,
            0.0,
            0.0,
            0.0,
            1.0000000000000004,
            -0.043923851536155176,
            -0.014260849099694916,
            -0.005936269107545397,
            0.05985538977523941,
            0.44112127043639543,
            -0.01583853902592735,
            -0.02181737477928937,
            0.002337621882836551,
            0.029077524430483635,
            0.028619806174626734,
            -0.0003856719044338784,
            -0.002642345996405453,
            3.737647434160282e-05,
            0.00046834411429388847,
            0.0011635354054204176
        ],
        [
            0.5319538994843316,
            0.5510662147407921,
            -0.051537815390382796,
            0.5196556915579663,
            -0.043923851536155176,
            0.9999999999999999,
            0.6848602514927513,
            0.0,
            0.0,
            0.0,
            0.47499712383994735,
            0.5282606423489481,
            -0.11896576177573776,
            -0.4741262954341352,
            0.08554020230356552,
            0.12186382474166267,
            0.3083435526918662,
            -0.027526012319456988,
            -0.15840467742454972,
            0.00014582148514076895
        ],
        [
            0.5510662147407921,
            0.8733399991406464,
            -0.01673289073034049,
            0.16871770443458817,
            -0.014260849099694916,
            0.6848602514927513,
            1.0000000000000002,
            0.0,
            0.0,
            0.0,
            0.5282606423489481,
            0.8506302455635211,
            -0.04261297589814923,
            -0.16982980731968927,
            0.030640097828785948,
            0.3083435526918662,
            0.6078938037896533,
            -0.030025778123876617,
            -0.1727901463871614,
            0.00015906421561237409
        ],
        [
            0.0515378153903828,
            0.01673289073034049,
            0.4392152524947201,
            0.07023100025316495,
            -0.005936269107545397,
            0.0,
            0.0,
            1.0000000000000004,
            0.0,
            0.0,
            0.11896576177573776,
            0.04261297589814921,
            0.3390946309418229,
            -0.16840686862217252,
            0.030383376222700577,
            0.02752601231945698,
            0.030025778123876586,
            0.04254698088413106,
            -0.051534864868225075,
            4.744108983267146e-05
        ],
        [
            -0.5196556915579664,
            -0.16871770443458833,
            0.07023100025316495,
            -0.261958495904832,
            0.05985538977523941,
            0.0,
            0.0,
            0.0,
            1.0000000000000004,
            0.0,
            0.4741262954341355,
            0.1698298073196892,
            -0.1684068686221724,
            -0.28981837526651527,
            0.12108994551227702,
            0.15840467742454972,
            0.17279014638716114,
            -0.05153486486822511,
            -0.2450668570791005,
            0.00027301050527763697
        ],
        [
            0.043923851536155176,
            0.014260849099694916,
            -0.005936269107545397,
            0.05985538977523941,
            0.44112127043639543,
            0.0,
            0.0,
            0.0,
            0.0,
            1.0000000000000004,
            -0.08554020230356553,
            -0.030640097828785934,
            0.030383376222700577,
            0.12108994551227709,
            0.35950394607798297,
            -0.00014582148514076895,
            -0.00015906421561237406,
            4.7441089832671475e-05,
            0.0002730105052776369,
            0.051501953284631224
        ],
        [
            0.09023873226994354,
            0.2724964867128665,
            0.009522899912674531,
            0.11845472396238918,
            -0.015838539025927346,
            0.47499712383994735,
            0.5282606423489481,
            0.11896576177573776,
            0.4741262954341354,
            -0.08554020230356552,
            0.9999999999999999,
            0.6848602514927513,
            0.0,
            0.0,
            0.0,
            0.6161606903752427,
            0.5815058864798165,
            -0.041774708565505345,
            -0.532906811148538,
            -0.11777324549530332
        ],
        [
            0.2724964867128665,
            0.5627197623489443,
            0.013117666726733822,
            0.1631697912815163,
            -0.02181737477928936,
            0.5282606423489481,
            0.8506302455635211,
            0.04261297589814923,
            0.16982980731968927,
            -0.030640097828785948,
            0.6848602514927513,
            1.0000000000000002,
            0.0,
            0.0,
            0.0,
            0.5815058864798165,
            0.9031021364370078,
            -0.011930288783190373,
            -0.15219093968212463,
            -0.033634437628435085
        ],
        [
            -0.009522899912674535,
            -0.013117666726733822,
            0.03110225967029917,
            -0.017482821768255326,
            0.002337621882836551,
            -0.11896576177573776,
            -0.04261297589814921,
            0.3390946309418229,
            -0.1684068686221724,
            0.030383376222700577,
            0.0,
            0.0,
            1.0000000000000004,
            0.0,
            0.0,
            0.041774708565505345,
            0.011930288783190348,
            0.5409431576651732,
            -0.04917142901858608,
            -0.010866963341451208
        ],
        [
            -0.11845472396238925,
            -0.16316979128151612,
            -0.01748282176825533,
            -0.18495991532555858,
            0.029077524430483635,
            -0.4741262954341352,
            -0.1698298073196892,
            -0.16840686862217252,
            -0.289818375266515,
            0.12108994551227709,
            0.0,
            0.0,
            0.0,
            1.0000000000000004,
            0.0,
            0.5329068111485381,
            0.15219093968212463,
            -0.04917142901858613,
            -0.0824667270658109,
            -0.13862643163817784
        ],
        [
            0.01583853902592735,
            0.021817374779289363,
            0.002337621882836551,
            0.029077524430483625,
            0.028619806174626734,
            0.08554020230356553,
            0.030640097828785934,
            0.030383376222700577,
            0.12108994551227702,
            0.35950394607798297,
            0.0,
            0.0,
            0.0,
            0.0,
            1.0000000000000004,
            0.11777324549530328,
            0.03363443762843506,
            -0.0108669633414512,
            -0.13862643163817756,
            0.5141610592759636
        ],
        [
            0.011023743515267408,
            0.1119352209471315,
            0.0010362470492351458,
            0.01298464381707325,
            -0.000385671904433878,
            0.12186382474166267,
            0.3083435526918662,
            0.027526012319456988,
            0.15840467742454978,
            -0.00014582148514076895,
            0.6161606903752427,
            0.5815058864798165,
            0.041774708565505345,
            0.532906811148538,
            0.11777324549530332,
            0.9999999999999999,
            0.6848602514927513,
            0.0,
            0.0,
            0.0
        ],
        [
            0.11193522094713151,
            0.32245271785707735,
            0.007099618121918163,
            0.0889614234543669,
            -0.0026423459964054546,
            0.3083435526918662,
            0.6078938037896533,
            0.030025778123876617,
            0.1727901463871612,
            -0.00015906421561237409,
            0.5815058864798165,
            0.9031021364370078,
            0.011930288783190348,
            0.15219093968212388,
            0.033634437628435085,
            0.6848602514927513,
            1.0000000000000002,
            0.0,
            0.0,
            0.0
        ],
        [
            -0.001036247049235147,
            -0.007099618121918163,
            0.0010770208194439033,
            -0.0012583758393707317,
            3.737647434160283e-05,
            -0.02752601231945698,
            -0.030025778123876586,
            0.04254698088413106,
            -0.05153486486822509,
            4.744108983267146e-05,
            -0.041774708565505345,
            -0.011930288783190373,
            0.5409431576651732,
            -0.04917142901858612,
            -0.010866963341451201,
            0.0,
            0.0,
            1.0000000000000004,
            0.0,
            0.0
        ],
        [
            -0.012984643817073257,
            -0.08896142345436679,
            -0.0012583758393707306,
            -0.014590571704702368,
            0.0004683441142938883,
            -0.15840467742454972,
            -0.17279014638716095,
            -0.051534864868225096,
            -0.24506685707910042,
            0.0002730105052776369,
            -0.5329068111485381,
            -0.15219093968212463,
            -0.04917142901858609,
            -0.0824667270658109,
            -0.13862643163817762,
            0.0,
            0.0,
            0.0,
            1.0000000000000004,
            0.0
        ],
        [
            0.0003856719044338784,
            0.002642345996405451,
            3.7376474341602796e-05,
            0.0004683441142938883,
            0.0011635354054204176,
            0.00014582148514076895,
            0.00015906421561237406,
            4.7441089832671475e-05,
            0.00027301050527763697,
            0.051501953284631224,
            -0.11777324549530328,
            -0.03363443762843505,
            -0.010866963341451204,
            -0.13862643163817776,
            0.5141610592759636,
            0.0,
            0.0,
            0.0,
            0.0,
            1.0000000000000004
        ]
    ],
    "h": [
        [
            -0.24826585395049672,
            -0.45935597154540786,
            0.02554842942142827,
            -0.2735876796292735,
            0.024553049216093335,
            -0.5582168282720851,
            -0.4526171674743268,
            -0.007542130155285154,
            0.031246365199120718,
            0.001919261712187953,
            -0.1953696637942351,
            -0.2859395307266296,
            0.041846538064513536,
            0.26578442211408315,
            -0.034698693442314694,
            -0.011635913133415644,
            -0.1349184996694472,
            0.007472562847117593,
            0.06044496288412246,
            -0.0008879420492760346
        ],
        [
            -0.45935597154540786,
            -0.3062602529824938,
            0.020551909080950444,
            -0.2341656012996862,
            0.021395800391781454,
            -0.5185904456528792,
            -0.35962221941924577,
            -0.04001696365017764,
            0.12451162091625334,
            -0.0019285291278488999,
            -0.2941415098992899,
            -0.2917645936612888,
            0.037258014812483795,
            0.15246346265517988,
            -0.0379095274913067,
            -0.13720235306271317,
            -0.19241160438857197,
            0.012511660359080102,
            0.1161374531689377,
            0.012943333745685024
        ],
        [
            0.02554842942142827,
            0.020551909080950444,
            1.4925666416106682,
            0.02361337622342231,
            -0.0019300148392256895,
            0.0005733790272892808,
            0.016936551336120396,
            0.3593527786407371,
            0.09609087767553848,
            -0.008116336921922962,
            -0.0007934052804347592,
            0.01232477403819092,
            -0.04152437327965379,
            -0.005354937336135034,
            0.0005671195380606174,
            -0.0037912937706474988,
            0.003175126666460101,
            -0.00380565690896436,
            0.0037438093519397953,
            0.0001120116042889965
        ],
        [
            -0.2735876796292735,
            -0.2341656012996862,
            0.02361337622342231,
            1.233659092197223,
            0.023179323378860504,
            -0.061162527178243,
            -0.21862040127512683,
            0.08562837777565283,
            -0.6331861561492921,
            0.08939584553818182,
            -0.20253740077946453,
            -0.16769515527449363,
            0.04093717496147374,
            0.20090200823840054,
            -0.03880039275427479,
            -0.05754014161029415,
            -0.10850036971781497,
            0.008330862811741026,
            0.07850352669071176,
            0.0009879391235323987
        ],
        [
            0.024553049216093335,
            0.021395800391781454,
            -0.0019300148392256895,
            0.023179323378860504,
            1.4930207394027921,
            0.007528632292639975,
            0.020475190168721066,
            -0.006765624752660557,
            0.08487816544429827,
            0.36178770239428715,
            0.022371016276882434,
            0.015511860611115903,
            -0.00429036483256753,
            -0.02608667472885902,
            -0.036040006231721676,
            0.004271289335307356,
            0.00951148838439897,
            -0.000508195662553716,
            -0.0048261518697841,
            -0.00424694523069752
        ],
        [
            -0.5582168282720851,
            -0.5185904456528792,
            0.0005733790272892808,
            -0.061162527178243,
            0.007528632292639975,
            -0.3857739776497082,
            -0.5721834219624002,
            -0.06856588698142865,
            0.08578198353394888,
            0.009524647888514766,
            -0.4629449858888248,
            -0.4691855690349239,
            0.011484585466772751,
            0.04952893707167605,
            -0.023631228843163182,
            -0.24549293544373105,
            -0.3194341491622084,
            0.03032528893274375,
            0.23252725214278766,
            0.022005497688241345
        ],
        [
            -0.4526171674743268,
            -0.35962221941924577,
            0.016936551336120396,
            -0.21862040127512683,
            0.020475190168721066,
            -0.5721834219624002,
            -0.4249528365439792,
            -0.06271372170893677,
            0.033210903174057615,
            0.011111931444447113,
            -0.4832532314170671,
            -0.3948742669271683,
            0.03444816009375695,
            0.0784963794693243,
            -0.059293863223278696,
            -0.3252343085140641,
            -0.30860942571592465,
            0.018775698110183245,
            0.19342413820702536,
            0.034666930454495745
        ],
        [
            -0.007542130155285154,
            -0.04001696365017764,
            0.3593527786407371,
            0.08562837777565283,
            -0.006765624752660557,
            -0.06856588698142865,
            -0.06271372170893677,
            1.4127402557109299,
            -0.028222937092381717,
            0.006541279384902696,
            -0.025903171995020208,
            -0.05740291359482519,
            0.21401617557849206,
            -0.22389189822799027,
            0.034757723915583585,
            -0.05856573566957307,
            -0.048612596811178826,
            -0.04000855285308244,
            0.048950992862238876,
            0.007659102122959528
        ],
        [
            0.031246365199120718,
            0.12451162091625334,
            0.09609087767553848,
            -0.6331861561492921,
            0.08487816544429827,
            0.08578198353394888,
            0.033210903174057615,
            -0.028222937092381717,
            0.9365823038088601,
            0.05672872554325326,
            -0.0844312056423433,
            -0.10244063738727904,
            -0.23091401170620568,
            -0.739856870760309,
            0.14432528994887941,
            -0.30206477610929894,
            -0.1625057820700811,
            0.02110892118332726,
            0.16165861571849627,
            0.03630020989822839
        ],
        [
            0.001919261712187953,
            -0.0019285291278488999,
            -0.008116336921922962,
            0.08939584553818182,
            0.36178770239428715,
            0.009524647888514766,
            0.011111931444447113,
            0.006541279384902696,
            0.05672872554325326,
            1.4197388034322904,
            0.0055739766870955,
            0.020294257907841944,
            0.04035045020882564,
            0.16707981455239726,
            0.24079279256157532,
            0.027428981060312954,
            0.0249685404548164,
            -0.0030810558511272504,
            -0.027858503740267347,
            -0.04948297824717984
        ],
        [
            -0.1953696637942351,
            -0.2941415098992899,
            -0.0007934052804347592,
            -0.20253740077946453,
            0.022371016276882434,
            -0.4629449858888248,
            -0.4832532314170671,
            -0.025903171995020208,
            -0.0844312056423433,
            0.0055739766870955,
            -0.4584011497842919,
            -0.5976600388319906,
            0.019442668126188518,
            -0.14089470725602182,
            -0.09855115153531102,
            -0.628855573098513,
            -0.556800314040506,
            0.009745132527319747,
            0.05803460807063576,
            0.003295830667700339
        ],
        [
            -0.2859395307266296,
            -0.2917645936612888,
            0.01232477403819092,
            -0.16769515527449363,
            0.015511860611115903,
            -0.4691855690349239,
            -0.3948742669271683,
            -0.05740291359482519,
            -0.10244063738727904,
            0.020294257907841944,
            -0.5976600388319906,
            -0.42319931843991987,
            0.023332437564667192,
            -0.05779184779701149,
            -0.07975101885313965,
            -0.4914732515840148,
            -0.3673852310765555,
            0.02404711917433108,
            0.2504689718106594,
            0.04698022945665409
        ],
        [
            0.041846538064513536,
            0.037258014812483795,
            -0.04152437327965379,
            0.04093717496147374,
            -0.00429036483256753,
            0.011484585466772751,
            0.03444816009375695,
            0.21401617557849206,
            -0.23091401170620568,
            0.04035045020882564,
            0.019442668126188518,
            0.023332437564667192,
            1.393452098319287,
            -0.07307562735611851,
            0.0036899128274775327,
            0.007760868014284314,
            0.00668008754930691,
            0.5069892730677643,
            -0.08596816537827115,
            -0.016799190154423584
        ],
        [
            0.26578442211408315,
            0.15246346265517988,
            -0.005354937336135034,
            0.20090200823840054,
            -0.02608667472885902,
            0.04952893707167605,
            0.0784963794693243,
            -0.22389189822799027,
            -0.739856870760309,
            0.16707981455239726,
            -0.14089470725602182,
            -0.05779184779701149,
            -0.07307562735611851,
            0.8932275286818925,
            -0.02805700190948099,
            0.0026983106222882025,
            -0.12992043879928736,
            -0.07748972681144838,
            -0.44774088210177754,
            -0.20577660419589905
        ],
        [
            -0.034698693442314694,
            -0.0379095274913067,
            0.0005671195380606174,
            -0.03880039275427479,
            -0.036040006231721676,
            -0.023631228843163182,
            -0.059293863223278696,
            0.034757723915583585,
            0.14432528994887941,
            0.24079279256157532,
            -0.09855115153531102,
            -0.07975101885313965,
            0.0036899128274775327,
            -0.02805700190948099,
            1.3871038916449054,
            -0.00954835441060703,
            -0.06514352982444914,
            -0.013688621889158974,
            -0.19029866416519603,
            0.4699898819144652
        ],
        [
            -0.011635913133415644,
            -0.13720235306271317,
            -0.0037912937706474988,
            -0.05754014161029415,
            0.004271289335307356,
            -0.24549293544373105,
            -0.3252343085140641,
            -0.05856573566957307,
            -0.30206477610929894,
            0.027428981060312954,
            -0.628855573098513,
            -0.4914732515840148,
            0.007760868014284314,
            0.0026983106222882025,
            -0.00954835441060703,
            -0.3255337831756113,
            -0.4914765360974407,
            0.028097164507574133,
            0.3264333686413601,
            0.06931053279842246
        ],
        [
            -0.1349184996694472,
            -0.19241160438857197,
            0.003175126666460101,
            -0.10850036971781497,
            0.00951148838439897,
            -0.3194341491622084,
            -0.30860942571592465,
            -0.048612596811178826,
            -0.1625057820700811,
            0.0249685404548164,
            -0.556800314040506,
            -0.3673852310765555,
            0.00668008754930691,
            -0.12992043879928736,
            -0.06514352982444914,
            -0.4914765360974407,
            -0.31727592362536017,
            0.023536118260875996,
            0.2595924017744461,
            0.05235109009778324
        ],
        [
            0.007472562847117593,
            0.012511660359080102,
            -0.00380565690896436,
            0.008330862811741026,
            -0.000508195662553716,
            0.03032528893274375,
            0.018775698110183245,
            -0.04000855285308244,
            0.02110892118332726,
            -0.0030810558511272504,
            0.009745132527319747,
            0.02404711917433108,
            0.5069892730677643,
            -0.07748972681144838,
            -0.013688621889158974,
            0.028097164507574133,
            0.023536118260875996,
            1.4635939224161902,
            -0.02669080591231217,
            -0.004999507010680047
        ],
        [
            0.06044496288412246,
            0.1161374531689377,
            0.0037438093519397953,
            0.07850352669071176,
            -0.0048261518697841,
            0.23252725214278766,
            0.19342413820702536,
            0.048950992862238876,
            0.16165861571849627,
            -0.027858503740267347,
            0.05803460807063576,
            0.2504689718106594,
            -0.08596816537827115,
            -0.44774088210177754,
            -0.19029866416519603,
            0.3264333686413601,
            0.2595924017744461,
            -0.02669080591231217,
            1.1582811956498986,
            -0.06329879283957779
        ],
        [
            -0.0008879420492760346,
            0.012943333745685024,
            0.0001120116042889965,
            0.0009879391235323987,
            -0.00424694523069752,
            0.022005497688241345,
            0.034666930454495745,
            0.007659102122959528,
            0.03630020989822839,
            -0.04948297824717984,
            0.003295830667700339,
            0.04698022945665409,
            -0.016799190154423584,
            -0.20577660419589905,
            0.4699898819144652,
            0.06931053279842246,
            0.05235109009778324,
            -0.004999507010680047,
            -0.06329879283957779,
            1.4521100947859678
        ]
    ]
}