{
    "HF": -2.1066079298965885,
    "coordinates": [
        [
            0.742011,
            0.01754,
            -0.075232
        ],
        [
            1.399659,
            0.005588,
            0.077415
        ],
        [
            2.072564,
            0.1797,
            0.025477
        ],
        [
            2.760668,
            -0.006946,
            -0.197179
        ]
    ],
    "elements": [
        "H",
        "H",
        "H",
        "H"
    ],
    "Enn": 3.287827026509598,
    "S": [
        [
            0.9999999999999999,
            0.6848602514927513,
            0.0,
            0.0,
            0.0,
            0.6233255678216079,
            0.5839359798888615,
            -0.1239429201597578,
            -0.5339824140482582,
            0.009704519458288895,
            0.18378495076779855,
            0.36431657861503924,
            -0.017711455060756106,
            -0.23400122794838815,
            -0.028518697957999876,
            0.027077012781987406,
            0.16439849079243535,
            0.0020868084511355433,
            -0.034544109224039325,
            0.00041901475013329505
        ],
        [
            0.6848602514927513,
            1.0000000000000002,
            0.0,
            0.0,
            0.0,
            0.5839359798888615,
            0.9054522599643643,
            -0.03504035054199821,
            -0.15096409659701174,
            0.0027435997410886715,
            0.36431657861503924,
            0.6746331245864455,
            -0.013966300583779335,
            -0.18452077908279654,
            -0.022488310902358862,
            0.16439849079243535,
            0.4102279597752647,
            0.007214219280843722,
            -0.11942101282368704,
            0.0014485585812749754
        ],
        [
            0.0,
            0.0,
            1.0000000000000004,
            0.0,
            0.0,
            0.12394292015975776,
            0.0350403505419982,
            0.5198295191032797,
            -0.14420325694344535,
            0.002620729215306756,
            0.0177114550607561,
            0.013966300583779335,
            0.09328733742678612,
            -0.033330666530563484,
            -0.004062146253923125,
            -0.0020868084511355437,
            -0.007214219280843721,
            0.004752386837775686,
            0.0031591988383686026,
            -3.8320597682664075e-05
        ],
        [
            0.0,
            0.0,
            0.0,
            1.0000000000000004,
            0.0,
            0.5339824140482576,
            0.15096409659701174,
            -0.14420325694344524,
            -0.0679692731469277,
            0.011290869306229781,
            0.234001227948388,
            0.18452077908279638,
            -0.03333066653056347,
            -0.3445499091895924,
            -0.05366849918672784,
            0.03454410922403932,
            0.11942101282368688,
            0.0031591988383686035,
            -0.047352754075757696,
            0.0006343423188458397
        ],
        [
            0.0,
            0.0,
            0.0,
            0.0,
            1.0000000000000004,
            -0.009704519458288895,
            -0.002743599741088673,
            0.002620729215306757,
            0.011290869306229792,
            0.5530954092036039,
            0.028518697957999873,
            0.02248831090235884,
            -0.004062146253923123,
            -0.05366849918672784,
            0.08926931955565037,
            -0.000419014750133295,
            -0.0014485585812749752,
            -3.8320597682664075e-05,
            0.0006343423188458397,
            0.004935539455938789
        ],
        [
            0.6233255678216079,
            0.5839359798888615,
            0.1239429201597578,
            0.533982414048258,
            -0.009704519458288896,
            0.9999999999999999,
            0.6848602514927513,
            0.0,
            0.0,
            0.0,
            0.6055722419408351,
            0.5778712101485678,
            0.04066364016367136,
            -0.5268352032102752,
            -0.13631691085866127,
            0.16551203665563985,
            0.3492446834141972,
            0.0424637494708783,
            -0.21046907508398072,
            0.0019382821032797096
        ],
        [
            0.5839359798888615,
            0.9054522599643643,
            0.03504035054199821,
            0.15096409659701174,
            -0.0027435997410886733,
            0.6848602514927513,
            1.0000000000000002,
            0.0,
            0.0,
            0.0,
            0.5778712101485678,
            0.8995800806787861,
            0.011790332220427226,
            -0.15275469796269742,
            -0.039524785774635585,
            0.3492446834141972,
            0.6570698293563735,
            0.036398570899341696,
            -0.18040737445516725,
            0.0016614335624680402
        ],
        [
            -0.12394292015975776,
            -0.0350403505419982,
            0.5198295191032797,
            -0.14420325694344524,
            0.0026207292153067555,
            0.0,
            0.0,
            1.0000000000000004,
            0.0,
            0.0,
            -0.04066364016367135,
            -0.011790332220427207,
            0.5285309227969682,
            0.04829406004548317,
            0.012495932386650675,
            -0.042463749470878276,
            -0.03639857089934168,
            0.06584641442172166,
            0.07943799606698465,
            -0.0007315718284769505
        ],
        [
            -0.5339824140482576,
            -0.15096409659701174,
            -0.14420325694344535,
            -0.0679692731469277,
            0.011290869306229788,
            0.0,
            0.0,
            0.0,
            1.0000000000000004,
            0.0,
            0.5268352032102752,
            0.15275469796269742,
            0.04829406004548322,
            -0.09343588805687641,
            -0.16189640306979813,
            0.21046907508398055,
            0.18040737445516702,
            0.07943799606698465,
            -0.31185611310526945,
            0.0036259927117984576
        ],
        [
            0.009704519458288895,
            0.002743599741088673,
            0.0026207292153067573,
            0.011290869306229787,
            0.5530954092036039,
            0.0,
            0.0,
            0.0,
            0.0,
            1.0000000000000004,
            0.13631691085866127,
            0.03952478577463558,
            0.01249593238665068,
            -0.16189640306979802,
            0.49036831493902916,
            -0.0019382821032797085,
            -0.0016614335624680386,
            -0.0007315718284769503,
            0.0036259927117984567,
            0.08184024612993807
        ],
        [
            0.18378495076779855,
            0.36431657861503924,
            0.017711455060756106,
            0.23400122794838815,
            0.028518697957999876,
            0.6055722419408351,
            0.5778712101485678,
            -0.04066364016367137,
            0.5268352032102752,
            0.13631691085866127,
            0.9999999999999999,
            0.6848602514927513,
            0.0,
            0.0,
            0.0,
            0.5651366730495969,
            0.5634935718036991,
            0.15975611265109851,
            -0.4937159570803008,
            0.13391886767873729
        ],
        [
            0.36431657861503924,
            0.6746331245864455,
            0.013966300583779338,
            0.18452077908279654,
            0.022488310902358862,
            0.5778712101485678,
            0.8995800806787861,
            -0.011790332220427231,
            0.15275469796269706,
            0.03952478577463558,
            0.6848602514927513,
            1.0000000000000002,
            0.0,
            0.0,
            0.0,
            0.5634935718036991,
            0.8855644678532872,
            0.0492034860908184,
            -0.1520601986608781,
            0.04124584051140271
        ],
        [
            -0.0177114550607561,
            -0.013966300583779331,
            0.09328733742678612,
            -0.033330666530563484,
            -0.004062146253923125,
            0.040663640163671355,
            0.011790332220427212,
            0.5285309227969682,
            0.04829406004548319,
            0.012495932386650673,
            0.0,
            0.0,
            1.0000000000000004,
            0.0,
            0.0,
            -0.15975611265109846,
            -0.049203486090818364,
            0.4223267674010981,
            0.19279902512441496,
            -0.052296116347778164
        ],
        [
            -0.234001227948388,
            -0.18452077908279652,
            -0.03333066653056347,
            -0.3445499091895924,
            -0.05366849918672784,
            -0.5268352032102752,
            -0.15275469796269742,
            0.04829406004548319,
            -0.09343588805687641,
            -0.16189640306979802,
            0.0,
            0.0,
            0.0,
            1.0000000000000004,
            0.0,
            0.4937159570803011,
            0.15206019866087844,
            0.1927990251244149,
            -0.11112046384815351,
            0.16161777290246632
        ],
        [
            -0.028518697957999873,
            -0.022488310902358827,
            -0.004062146253923123,
            -0.05366849918672784,
            0.08926931955565037,
            -0.13631691085866127,
            -0.03952478577463558,
            0.012495932386650681,
            -0.16189640306979813,
            0.49036831493902916,
            0.0,
            0.0,
            0.0,
            0.0,
            1.0000000000000004,
            -0.13391886767873729,
            -0.04124584051140272,
            -0.0522961163477782,
            0.16161777290246646,
            0.4408741801424104
        ],
        [
            0.027077012781987406,
            0.16439849079243535,
            -0.0020868084511355437,
            0.034544109224039325,
            -0.00041901475013329505,
            0.16551203665563985,
            0.3492446834141972,
            -0.0424637494708783,
            0.21046907508398063,
            -0.0019382821032797096,
            0.5651366730495969,
            0.5634935718036991,
            -0.15975611265109851,
            0.4937159570803011,
            -0.13391886767873729,
            0.9999999999999999,
            0.6848602514927513,
            0.0,
            0.0,
            0.0
        ],
        [
            0.16439849079243535,
            0.4102279597752647,
            -0.007214219280843722,
            0.11942101282368695,
            -0.0014485585812749754,
            0.3492446834141972,
            0.6570698293563735,
            -0.036398570899341696,
            0.18040737445516705,
            -0.0016614335624680402,
            0.5634935718036991,
            0.8855644678532872,
            -0.04920348609081841,
            0.15206019866087847,
            -0.041245840511402725,
            0.6848602514927513,
            1.0000000000000002,
            0.0,
            0.0,
            0.0
        ],
        [
            0.0020868084511355433,
            0.007214219280843721,
            0.004752386837775686,
            0.0031591988383686035,
            -3.8320597682664075e-05,
            0.042463749470878276,
            0.03639857089934167,
            0.06584641442172166,
            0.07943799606698465,
            -0.0007315718284769505,
            0.15975611265109846,
            0.049203486090818344,
            0.4223267674010981,
            0.19279902512441482,
            -0.052296116347778164,
            0.0,
            0.0,
            1.0000000000000004,
            0.0,
            0.0
        ],
        [
            -0.03454410922403932,
            -0.11942101282368682,
            0.0031591988383686026,
            -0.047352754075757696,
            0.0006343423188458397,
            -0.21046907508398047,
            -0.1804073744551668,
            0.07943799606698465,
            -0.31185611310526945,
            0.0036259927117984576,
            -0.4937159570803008,
            -0.15206019866087808,
            0.19279902512441502,
            -0.11112046384815351,
            0.1616177729024664,
            0.0,
            0.0,
            0.0,
            1.0000000000000004,
            0.0
        ],
        [
            0.000419014750133295,
            0.0014485585812749747,
            -3.8320597682664075e-05,
            0.0006343423188458397,
            0.004935539455938789,
            0.0019382821032797085,
            0.001661433562468039,
            -0.0007315718284769503,
            0.0036259927117984567,
            0.08184024612993807,
            0.13391886767873729,
            0.041245840511402725,
            -0.0522961163477782,
            0.16161777290246634,
            0.4408741801424104,
            0.0,
            0.0,
            0.0,
            0.0,
            1.0000000000000004
        ]
    ],
    "h": [
        [
            -0.33934503684093786,
            -0.49750825702209067,
            -0.07730397575909997,
            -0.3396784627327468,
            0.0006165840695796457,
            -0.6491109626352956,
            -0.4950971537207979,
            0.005828504722025257,
            -0.01052366052244258,
            -0.017877931371610048,
            -0.33801695976540974,
            -0.3661982851147222,
            -0.008449636317587009,
            0.3746889485925325,
            0.06319394450244453,
            -0.047082074423446536,
            -0.18706417944597153,
            -0.016414191789562188,
            0.1161359326705329,
            -0.0046887905238870336
        ],
        [
            -0.49750825702209067,
            -0.3247155374321493,
            -0.0590523103328173,
            -0.2742994259063807,
            -0.0019853243004775614,
            -0.5884627721095176,
            -0.37864498357466925,
            0.061298774712334886,
            0.0939475119949168,
            -0.03746372392354222,
            -0.4016477030144543,
            -0.338972375467558,
            0.0034455559911783923,
            0.21489713319377773,
            0.06794491076036935,
            -0.1823882259879668,
            -0.23238380059445707,
            -0.03671670506164526,
            0.1444770620599075,
            -0.02250875620717311
        ],
        [
            -0.07730397575909997,
            -0.0590523103328173,
            1.447001946649906,
            -0.0706242056053001,
            0.0006810966741174615,
            -0.011403639651451386,
            -0.054419313133505016,
            0.47292143232730477,
            -0.2176235709116771,
            0.0009414957679116046,
            -0.04480187126781909,
            -0.04484080174186811,
            -0.04462336231131875,
            0.04802811252387978,
            0.010778936761714084,
            -0.0022832000090378933,
            -0.022694546407774664,
            -0.013808958612573854,
            0.002887044798811054,
            -0.00033233287814851437
        ],
        [
            -0.3396784627327468,
            -0.2742994259063807,
            -0.0706242056053001,
            1.1330432364890066,
            -0.0005084936557815944,
            -0.09795196221387137,
            -0.2732378554562688,
            -0.19890137190285662,
            -0.4656316065438617,
            -0.009050687997086838,
            -0.3035601136813525,
            -0.23176438681571276,
            -0.02128827503435024,
            0.07043213865633924,
            0.047426251667135266,
            -0.11946617021660821,
            -0.15866616982744974,
            -0.02326827256086281,
            0.15955096797361495,
            -0.009996008741432397
        ],
        [
            0.0006165840695796457,
            -0.0019853243004775614,
            0.0006810966741174615,
            -0.0005084936557815944,
            1.4622943624030467,
            -0.010913084321443337,
            -0.0047106235588740015,
            0.005567519495165471,
            0.01201932101979069,
            0.5186873905391127,
            -0.014667107203337852,
            -0.0033542989168440576,
            -0.0018755227808083096,
            -0.017987560451311155,
            -0.04238571481949552,
            -0.0046934209076951216,
            -0.004995865655375076,
            -0.0007651330248707303,
            0.0024901496549564594,
            -0.013392939237947843
        ],
        [
            -0.6491109626352956,
            -0.5884627721095176,
            -0.011403639651451386,
            -0.09795196221387137,
            -0.010913084321443337,
            -0.5574964813900936,
            -0.6470709464689177,
            0.09257091637632943,
            0.04210495942184263,
            -0.07253370730130482,
            -0.607610969502512,
            -0.5695343339926259,
            0.022441734960005108,
            0.07917867312684757,
            0.03294261339815446,
            -0.30512681386636903,
            -0.39018041531782427,
            -0.06982418016229242,
            0.2749635887579819,
            -0.03666952038660499
        ],
        [
            -0.4950971537207979,
            -0.37864498357466925,
            -0.054419313133505016,
            -0.2732378554562688,
            -0.0047106235588740015,
            -0.6470709464689177,
            -0.4436771777235933,
            0.07231656879903886,
            -0.010380063852499427,
            -0.056610026419417175,
            -0.5605644804762928,
            -0.4272654645901306,
            0.026187365868240314,
            0.15621060258589953,
            0.0919703253157838,
            -0.34315141534221655,
            -0.33219603569908474,
            -0.05994270843937151,
            0.2023898098875419,
            -0.04333680543577448
        ],
        [
            0.005828504722025257,
            0.061298774712334886,
            0.47292143232730477,
            -0.19890137190285662,
            0.005567519495165471,
            0.09257091637632943,
            0.07231656879903886,
            1.351918335850917,
            -0.03788360412331708,
            0.006999862715180774,
            0.034341301847262334,
            0.05800358888411916,
            0.46326208145629355,
            0.053525954716322516,
            0.009832255987312032,
            0.04007669083263789,
            0.036725925006797014,
            -0.0396682068106021,
            -0.006375862318824477,
            0.006127898090729396
        ],
        [
            -0.01052366052244258,
            0.0939475119949168,
            -0.2176235709116771,
            -0.4656316065438617,
            0.01201932101979069,
            0.04210495942184263,
            -0.010380063852499427,
            -0.03788360412331708,
            0.7205519563498077,
            -0.06524589692993457,
            -0.04839375682903646,
            -0.13496017704284496,
            0.1036982761647547,
            -0.6507639983205724,
            -0.218933978014421,
            -0.349808234587489,
            -0.20365349346986839,
            -0.05295882990893119,
            0.08404622408178741,
            -0.05547160869535933
        ],
        [
            -0.017877931371610048,
            -0.03746372392354222,
            0.0009414957679116046,
            -0.009050687997086838,
            0.5186873905391127,
            -0.07253370730130482,
            -0.056610026419417175,
            0.006999862715180774,
            -0.06524589692993457,
            1.3521923375732836,
            -0.00661002997877802,
            -0.05556840714775435,
            0.020877792818296916,
            -0.23552823284253743,
            0.41540686958681394,
            -0.04194460401261378,
            -0.04820538591711179,
            -0.013894642212665408,
            0.04919936080459371,
            -0.052479715325051884
        ],
        [
            -0.33801695976540974,
            -0.4016477030144543,
            -0.04480187126781909,
            -0.3035601136813525,
            -0.014667107203337852,
            -0.607610969502512,
            -0.5605644804762928,
            0.034341301847262334,
            -0.04839375682903646,
            -0.00661002997877802,
            -0.506890540036143,
            -0.6291684713757044,
            0.06359074004873981,
            0.014561627004845729,
            0.1370587810656721,
            -0.5993852735512196,
            -0.5630510799011708,
            -0.023611703658474648,
            0.09487912181059821,
            -0.007804148419338436
        ],
        [
            -0.3661982851147222,
            -0.338972375467558,
            -0.04484080174186811,
            -0.23176438681571276,
            -0.0033542989168440576,
            -0.5695343339926259,
            -0.4272654645901306,
            0.05800358888411916,
            -0.13496017704284496,
            -0.05556840714775435,
            -0.6291684713757044,
            -0.44243671886447666,
            0.05002405211644735,
            0.038686073013887226,
            0.10905903614587825,
            -0.4694543687622339,
            -0.3751725006516162,
            -0.07163370225369906,
            0.2386725780465832,
            -0.050797994292527376
        ],
        [
            -0.008449636317587009,
            0.0034455559911783923,
            -0.04462336231131875,
            -0.02128827503435024,
            -0.0018755227808083096,
            0.022441734960005108,
            0.026187365868240314,
            0.46326208145629355,
            0.1036982761647547,
            0.020877792818296916,
            0.06359074004873981,
            0.05002405211644735,
            1.3577140140341648,
            0.0978850744668166,
            -0.015234948930467618,
            0.005975709860782774,
            0.05471524443296549,
            0.330924621814775,
            0.27129425028763055,
            -0.07448701240588988
        ],
        [
            0.3746889485925325,
            0.21489713319377773,
            0.04802811252387978,
            0.07043213865633924,
            -0.017987560451311155,
            0.07917867312684757,
            0.15621060258589953,
            0.053525954716322516,
            -0.6507639983205724,
            -0.23552823284253743,
            0.014561627004845729,
            0.038686073013887226,
            0.0978850744668166,
            0.7821327172001835,
            -0.011705547558908415,
            -0.011326829199514776,
            -0.07740130380662702,
            0.2835771097549566,
            -0.4826477565674198,
            0.23187922513256942
        ],
        [
            0.06319394450244453,
            0.06794491076036935,
            0.010778936761714084,
            0.047426251667135266,
            -0.04238571481949552,
            0.03294261339815446,
            0.0919703253157838,
            0.009832255987312032,
            -0.218933978014421,
            0.41540686958681394,
            0.1370587810656721,
            0.10905903614587825,
            -0.015234948930467618,
            -0.011705547558908415,
            1.3481951760122368,
            0.02129382110359382,
            0.08499117491551884,
            -0.06770373910921507,
            0.20081908578322621,
            0.3583416832024078
        ],
        [
            -0.047082074423446536,
            -0.1823882259879668,
            -0.0022832000090378933,
            -0.11946617021660821,
            -0.0046934209076951216,
            -0.30512681386636903,
            -0.34315141534221655,
            0.04007669083263789,
            -0.349808234587489,
            -0.04194460401261378,
            -0.5993852735512196,
            -0.4694543687622339,
            0.005975709860782774,
            -0.011326829199514776,
            0.02129382110359382,
            -0.2842682024168728,
            -0.4757762024936891,
            -0.09169152648512412,
            0.28410372982842336,
            -0.07197692194674796
        ],
        [
            -0.18706417944597153,
            -0.23238380059445707,
            -0.022694546407774664,
            -0.15866616982744974,
            -0.004995865655375076,
            -0.39018041531782427,
            -0.33219603569908474,
            0.036725925006797014,
            -0.20365349346986839,
            -0.04820538591711179,
            -0.5630510799011708,
            -0.3751725006516162,
            0.05471524443296549,
            -0.07740130380662702,
            0.08499117491551884,
            -0.4757762024936891,
            -0.3190801968411794,
            -0.07607962434623466,
            0.24240743520311284,
            -0.05736698959461798
        ],
        [
            -0.016414191789562188,
            -0.03671670506164526,
            -0.013808958612573854,
            -0.02326827256086281,
            -0.0007651330248707303,
            -0.06982418016229242,
            -0.05994270843937151,
            -0.0396682068106021,
            -0.05295882990893119,
            -0.013894642212665408,
            -0.023611703658474648,
            -0.07163370225369906,
            0.330924621814775,
            0.2835771097549566,
            -0.06770373910921507,
            -0.09169152648512412,
            -0.07607962434623466,
            1.4575228658259982,
            0.08199906067563983,
            -0.020515534471996527
        ],
        [
            0.1161359326705329,
            0.1444770620599075,
            0.002887044798811054,
            0.15955096797361495,
            0.0024901496549564594,
            0.2749635887579819,
            0.2023898098875419,
            -0.006375862318824477,
            0.08404622408178741,
            0.04919936080459371,
            0.09487912181059821,
            0.2386725780465832,
            0.27129425028763055,
            -0.4826477565674198,
            0.20081908578322621,
            0.28410372982842336,
            0.24240743520311284,
            0.08199906067563983,
            1.2194322094800811,
            0.06290552670195412
        ],
        [
            -0.0046887905238870336,
            -0.02250875620717311,
            -0.00033233287814851437,
            -0.009996008741432397,
            -0.013392939237947843,
            -0.03666952038660499,
            -0.04333680543577448,
            0.006127898090729396,
            -0.05547160869535933,
            -0.052479715325051884,
            -0.007804148419338436,
            -0.050797994292527376,
            -0.07448701240588988,
            0.23187922513256942,
            0.3583416832024078,
            -0.07197692194674796,
            -0.05736698959461798,
            -0.020515534471996527,
            0.06290552670195412,
            1.4663536153548906
        ]
    ]
}