{
    "HF": -2.144743571021317,
    "coordinates": [
        [
            0.778872,
            0.143287,
            -0.120147
        ],
        [
            1.548004,
            -0.041378,
            -0.133531
        ],
        [
            2.27431,
            0.139911,
            0.065216
        ],
        [
            2.939254,
            0.035883,
            0.057629
        ]
    ],
    "elements": [
        "H",
        "H",
        "H",
        "H"
    ],
    "Enn": 3.109594483084298,
    "S": [
        [
            0.9999999999999999,
            0.6848602514927513,
            0.0,
            0.0,
            0.0,
            0.529883203400242,
            0.550270751773595,
            0.008851558131955518,
            -0.508668306122774,
            0.12212888392390651,
            0.12335867775971944,
            0.30988551601825876,
            -0.020010724903820595,
            -0.16143889788533672,
            0.00036445357096776747,
            0.016333827897789657,
            0.13250682431359376,
            -0.001643336959249741,
            -0.01997027487792433,
            0.0009928278438667715
        ],
        [
            0.6848602514927513,
            1.0000000000000002,
            0.0,
            0.0,
            0.0,
            0.5502707517735952,
            0.8725539696881743,
            0.0028836263488365,
            -0.16571199200039663,
            0.03978667511266368,
            0.30988551601825876,
            0.6097909643796169,
            -0.021620995895968994,
            -0.17442995020945962,
            0.0003937812947826218,
            0.13250682431359376,
            0.3584064295080774,
            -0.008345418008290799,
            -0.10141577517543043,
            0.005041913845302319
        ],
        [
            0.0,
            0.0,
            1.0000000000000004,
            0.0,
            0.0,
            -0.008851558131955515,
            -0.002883626348836499,
            0.44358649909612885,
            0.011860398761552832,
            -0.002847626333714048,
            0.020010724903820592,
            0.021620995895968987,
            0.047787210265152806,
            -0.03775839922701272,
            8.524081626278979e-05,
            0.0016433369592497415,
            0.008345418008290804,
            0.0020292571323830767,
            -0.0022042145464221297,
            0.00010958314739889628
        ],
        [
            0.0,
            0.0,
            0.0,
            1.0000000000000004,
            0.0,
            0.5086683061227737,
            0.1657119920003966,
            0.011860398761552829,
            -0.23778304094744787,
            0.16364319615228268,
            0.16143889788533658,
            0.17442995020945962,
            -0.0377583992270127,
            -0.2521529154409152,
            0.0006876904009451388,
            0.019970274877924323,
            0.10141577517543039,
            -0.002204214546422129,
            -0.024575570831742735,
            0.001331684024524808
        ],
        [
            0.0,
            0.0,
            0.0,
            0.0,
            1.0000000000000004,
            -0.12212888392390644,
            -0.039786675112663664,
            -0.002847626333714048,
            0.16364319615228276,
            0.4045029201520247,
            -0.00036445357096776747,
            -0.0003937812947826218,
            8.524081626278979e-05,
            0.0006876904009451392,
            0.052465898725071014,
            -0.0009928278438667718,
            -0.0050419138453023215,
            0.00010958314739889627,
            0.0013316840245248085,
            0.0021444350288081894
        ],
        [
            0.529883203400242,
            0.550270751773595,
            -0.008851558131955518,
            0.5086683061227738,
            -0.12212888392390651,
            0.9999999999999999,
            0.6848602514927513,
            0.0,
            0.0,
            0.0,
            0.5430424584729014,
            0.5552852706798682,
            -0.1355868014121225,
            -0.49549179301540647,
            -0.12367681344222695,
            0.15850531156061695,
            0.34318356149764717,
            -0.02803461434549165,
            -0.20403409294918,
            -0.01133072995891939
        ],
        [
            0.5502707517735952,
            0.8725539696881743,
            -0.0028836263488365,
            0.16571199200039663,
            -0.03978667511266368,
            0.6848602514927513,
            1.0000000000000002,
            0.0,
            0.0,
            0.0,
            0.5552852706798682,
            0.8775018254273028,
            -0.043237376015525804,
            -0.15800774665445247,
            -0.03943939108755683,
            0.34318356149764717,
            0.6499260428815514,
            -0.02486907200428556,
            -0.18099548245429106,
            -0.010051314982857846
        ],
        [
            0.008851558131955515,
            0.002883626348836499,
            0.44358649909612885,
            0.011860398761552829,
            -0.002847626333714048,
            0.0,
            0.0,
            1.0000000000000004,
            0.0,
            0.0,
            0.1355868014121225,
            0.04323737601552581,
            0.4119311203811564,
            -0.17201504390952363,
            -0.04293567077142921,
            0.02803461434549164,
            0.02486907200428553,
            0.06943275420266062,
            -0.05296481907884704,
            -0.00294132247033301
        ],
        [
            -0.5086683061227739,
            -0.1657119920003966,
            0.011860398761552832,
            -0.23778304094744773,
            0.16364319615228276,
            0.0,
            0.0,
            0.0,
            1.0000000000000004,
            0.0,
            0.49549179301540647,
            0.15800774665445244,
            -0.17201504390952368,
            -0.16961460680698684,
            -0.15690518747610602,
            0.20403409294918,
            0.1809954824542908,
            -0.05296481907884703,
            -0.3087642894130695,
            -0.021406752913009
        ],
        [
            0.12212888392390644,
            0.03978667511266367,
            -0.002847626333714048,
            0.16364319615228268,
            0.4045029201520247,
            0.0,
            0.0,
            0.0,
            0.0,
            1.0000000000000004,
            0.12367681344222695,
            0.039439391087556834,
            -0.04293567077142919,
            -0.1569051874761059,
            0.41983727756494715,
            0.011330729958919383,
            0.010051314982857837,
            -0.0029413224703330088,
            -0.021406752913009,
            0.07552141380970495
        ],
        [
            0.12335867775971944,
            0.30988551601825876,
            0.020010724903820595,
            0.1614388978853367,
            -0.00036445357096776747,
            0.5430424584729014,
            0.5552852706798682,
            0.1355868014121225,
            0.49549179301540647,
            0.12367681344222695,
            0.9999999999999999,
            0.6848602514927513,
            0.0,
            0.0,
            0.0,
            0.6250912807169465,
            0.584531260086349,
            0.006182301546104973,
            -0.5418326504907386,
            0.08476769015924727
        ],
        [
            0.30988551601825876,
            0.6097909643796169,
            0.021620995895969,
            0.1744299502094597,
            -0.0003937812947826218,
            0.5552852706798682,
            0.8775018254273028,
            0.04323737601552582,
            0.15800774665445247,
            0.03943939108755683,
            0.6848602514927513,
            1.0000000000000002,
            0.0,
            0.0,
            0.0,
            0.584531260086349,
            0.9060273825025795,
            0.0017435023258639325,
            -0.1528049835994822,
            0.023905767754708512
        ],
        [
            -0.020010724903820592,
            -0.021620995895968987,
            0.047787210265152806,
            -0.03775839922701271,
            8.524081626278979e-05,
            -0.1355868014121225,
            -0.0432373760155258,
            0.4119311203811564,
            -0.17201504390952374,
            -0.04293567077142921,
            0.0,
            0.0,
            1.0000000000000004,
            0.0,
            0.0,
            -0.006182301546104975,
            -0.001743502325863932,
            0.555315168969498,
            0.007274308980326684,
            -0.00113803841316776
        ],
        [
            -0.1614388978853366,
            -0.17442995020945962,
            -0.037758399227012705,
            -0.2521529154409153,
            0.0006876904009451389,
            -0.49549179301540647,
            -0.15800774665445244,
            -0.17201504390952357,
            -0.16961460680698684,
            -0.1569051874761059,
            0.0,
            0.0,
            0.0,
            1.0000000000000004,
            0.0,
            0.5418326504907387,
            0.15280498359948214,
            0.0072743089803266586,
            -0.08214079406613886,
            0.09974058450051708
        ],
        [
            0.00036445357096776747,
            0.0003937812947826218,
            8.524081626278979e-05,
            0.0006876904009451391,
            0.052465898725071014,
            -0.12367681344222695,
            -0.03943939108755682,
            -0.04293567077142919,
            -0.15690518747610602,
            0.41983727756494715,
            0.0,
            0.0,
            0.0,
            0.0,
            1.0000000000000004,
            -0.08476769015924726,
            -0.02390576775470849,
            -0.001138038413167758,
            0.09974058450051725,
            0.5397941275852821
        ],
        [
            0.016333827897789657,
            0.13250682431359376,
            0.001643336959249741,
            0.01997027487792433,
            -0.0009928278438667718,
            0.15850531156061695,
            0.34318356149764717,
            0.02803461434549165,
            0.2040340929491801,
            0.01133072995891939,
            0.6250912807169465,
            0.584531260086349,
            -0.006182301546104973,
            0.5418326504907386,
            -0.08476769015924726,
            0.9999999999999999,
            0.6848602514927513,
            0.0,
            0.0,
            0.0
        ],
        [
            0.13250682431359376,
            0.3584064295080774,
            0.008345418008290799,
            0.10141577517543046,
            -0.0050419138453023215,
            0.34318356149764717,
            0.6499260428815514,
            0.02486907200428556,
            0.18099548245429106,
            0.010051314982857846,
            0.584531260086349,
            0.9060273825025795,
            -0.0017435023258639325,
            0.1528049835994822,
            -0.0239057677547085,
            0.6848602514927513,
            1.0000000000000002,
            0.0,
            0.0,
            0.0
        ],
        [
            -0.0016433369592497415,
            -0.008345418008290808,
            0.0020292571323830767,
            -0.0022042145464221297,
            0.0001095831473988963,
            -0.02803461434549164,
            -0.02486907200428553,
            0.06943275420266062,
            -0.05296481907884703,
            -0.00294132247033301,
            0.006182301546104975,
            0.001743502325863932,
            0.555315168969498,
            0.007274308980326659,
            -0.001138038413167758,
            0.0,
            0.0,
            1.0000000000000004,
            0.0,
            0.0
        ],
        [
            -0.01997027487792432,
            -0.10141577517543043,
            -0.002204214546422129,
            -0.024575570831742735,
            0.0013316840245248083,
            -0.20403409294918,
            -0.18099548245429103,
            -0.05296481907884704,
            -0.3087642894130694,
            -0.021406752913009003,
            -0.5418326504907387,
            -0.15280498359948214,
            0.007274308980326683,
            -0.08214079406613886,
            0.09974058450051725,
            0.0,
            0.0,
            0.0,
            1.0000000000000004,
            0.0
        ],
        [
            0.0009928278438667715,
            0.005041913845302324,
            0.00010958314739889625,
            0.0013316840245248083,
            0.0021444350288081894,
            -0.011330729958919383,
            -0.010051314982857837,
            -0.0029413224703330088,
            -0.021406752913008992,
            0.07552141380970495,
            0.08476769015924729,
            0.023905767754708505,
            -0.00113803841316776,
            0.09974058450051711,
            0.5397941275852821,
            0.0,
            0.0,
            0.0,
            0.0,
            1.0000000000000004
        ]
    ],
    "h": [
        [
            -0.2515893743926716,
            -0.4618553724403406,
            0.00226272312524437,
            -0.2715195077593675,
            0.0613229155124922,
            -0.5631355874258424,
            -0.45299028775689554,
            -0.008099256245708078,
            0.03103930568300539,
            -0.019259181877821357,
            -0.24290522457662742,
            -0.3101401247547262,
            0.05541968499453293,
            0.3042438860942752,
            0.03067775737994949,
            -0.024857213324756225,
            -0.15424960145116068,
            0.008544934794049233,
            0.08514877730490017,
            -0.0009479964710721578
        ],
        [
            -0.4618553724403406,
            -0.31190060485884663,
            0.0005132722947574636,
            -0.23558382019160218,
            0.05075963287985403,
            -0.5328818780523108,
            -0.36701440276892017,
            -0.030246371866724277,
            0.10330402363372015,
            -0.07250594071877656,
            -0.33910472845224787,
            -0.3116005706934639,
            0.05089051551181034,
            0.1758351165101022,
            0.04598980477950311,
            -0.15967702302074144,
            -0.21173892939925,
            0.007151325696159998,
            0.13927117069853104,
            -0.009871909365725906
        ],
        [
            0.00226272312524437,
            0.0005132722947574636,
            1.4940364210738757,
            0.0013064497218284563,
            -0.0010373637201340062,
            -0.005539618154430293,
            -0.0017692131679028795,
            0.36093087210562036,
            0.013409239253299152,
            -0.005740638777012462,
            -0.013985028312974095,
            -0.0011921771563578737,
            -0.044074608817329664,
            0.001571838928222602,
            0.0012800111250758197,
            -0.007006763741420178,
            -0.0043376129845972,
            -0.00639166968102616,
            0.00842400349655938,
            -0.0005550199693315006
        ],
        [
            -0.2715195077593675,
            -0.23558382019160218,
            0.0013064497218284563,
            1.2364617487334644,
            0.05670484856351059,
            -0.07925196698289172,
            -0.22421589688457227,
            0.00042793348868418873,
            -0.6099373287576784,
            0.2058923747480958,
            -0.23763771154224567,
            -0.18195235334582738,
            0.048316311817408863,
            0.15769722481173343,
            0.03824153674907388,
            -0.08141483052226306,
            -0.1247997644737551,
            0.009548756533950924,
            0.11261933668601826,
            -0.005163186595928238
        ],
        [
            0.0613229155124922,
            0.05075963287985403,
            -0.0010373637201340062,
            0.05670484856351059,
            1.4807830421062413,
            0.007592704449989718,
            0.04446049743864569,
            -0.002992395798528537,
            0.22735384790653318,
            0.3096095825102929,
            0.026425709877388424,
            0.03638539901076332,
            -0.008507566169311732,
            -0.040315776299914056,
            -0.050989323864519404,
            0.004412973161049767,
            0.01865018256800003,
            -0.0009535135025681294,
            -0.00934171351176728,
            -0.006863092813592284
        ],
        [
            -0.5631355874258424,
            -0.5328818780523108,
            -0.005539618154430293,
            -0.07925196698289172,
            0.007592704449989718,
            -0.4308609608547129,
            -0.596314225900511,
            -0.0630415333228038,
            0.03000673752470681,
            -0.11261280851548525,
            -0.5383082699244748,
            -0.5163770342047724,
            0.017413356174355465,
            0.040791066575335266,
            0.016597786120764263,
            -0.30004653116281466,
            -0.3640352315784719,
            0.01797848212585121,
            0.2739024597622832,
            -0.012972666290633003
        ],
        [
            -0.45299028775689554,
            -0.36701440276892017,
            -0.0017692131679028795,
            -0.22421589688457227,
            0.04446049743864569,
            -0.596314225900511,
            -0.4358246869903588,
            -0.055745212988915716,
            -0.00512358067000733,
            -0.09358111578760253,
            -0.5312174087662122,
            -0.415364568149752,
            0.05738972768448143,
            0.10048171340516587,
            0.06601301041862277,
            -0.35213974158481504,
            -0.327067983656393,
            0.004601693371119549,
            0.21876360797847383,
            -0.024093009893096387
        ],
        [
            -0.008099256245708078,
            -0.030246371866724277,
            0.36093087210562036,
            0.00042793348868418873,
            -0.002992395798528537,
            -0.0630415333228038,
            -0.055745212988915716,
            1.3911977774432758,
            -0.0652060799652385,
            -0.016028568572910965,
            -0.022158797241591477,
            -0.05903675436826886,
            0.3063767820912011,
            -0.2513455855158661,
            -0.055618570486342195,
            -0.06648382691474225,
            -0.05467175887217623,
            -0.0451260530734231,
            0.04807296735771599,
            -0.006674895575729301
        ],
        [
            0.03103930568300539,
            0.10330402363372015,
            0.013409239253299152,
            -0.6099373287576784,
            0.22735384790653318,
            0.03000673752470681,
            -0.00512358067000733,
            -0.0652060799652385,
            0.8700090626346226,
            0.0018889924577495465,
            -0.08575500609046816,
            -0.13043076293866102,
            -0.24587694741818988,
            -0.6783811094369093,
            -0.20118451227924006,
            -0.343153143311281,
            -0.19044564510159784,
            -0.00891563895545018,
            0.1087762914836451,
            -0.0339709751695635
        ],
        [
            -0.019259181877821357,
            -0.07250594071877656,
            -0.005740638777012462,
            0.2058923747480958,
            0.3096095825102929,
            -0.11261280851548525,
            -0.09358111578760253,
            -0.016028568572910965,
            0.0018889924577495465,
            1.3813399631786618,
            -0.022390532749094333,
            -0.07383103736773933,
            -0.05531396161997583,
            -0.2040260635834517,
            0.3194452220268069,
            -0.0450569582191681,
            -0.053764039305079045,
            0.0014001770322482092,
            0.0473389848925724,
            -0.049803500926412225
        ],
        [
            -0.24290522457662742,
            -0.33910472845224787,
            -0.013985028312974095,
            -0.23763771154224567,
            0.026425709877388424,
            -0.5383082699244748,
            -0.5312174087662122,
            -0.022158797241591477,
            -0.08575500609046816,
            -0.022390532749094333,
            -0.5116597401251133,
            -0.6246623767427137,
            0.061946520014415335,
            -0.10458548678480159,
            0.10308082894349228,
            -0.6447182836418551,
            -0.5757671419199786,
            0.00930278609899795,
            0.07980308005040948,
            0.00236762713669611
        ],
        [
            -0.3101401247547262,
            -0.3116005706934639,
            -0.0011921771563578737,
            -0.18195235334582738,
            0.03638539901076332,
            -0.5163770342047724,
            -0.415364568149752,
            -0.05903675436826886,
            -0.13043076293866102,
            -0.07383103736773933,
            -0.6246623767427137,
            -0.43568513963455824,
            0.0542769444415309,
            -0.030130741939565803,
            0.08097662420004714,
            -0.49683622044689635,
            -0.3748026010112626,
            0.005276311397742637,
            0.2683032115740855,
            -0.029881829204306015
        ],
        [
            0.05541968499453293,
            0.05089051551181034,
            -0.044074608817329664,
            0.048316311817408863,
            -0.008507566169311732,
            0.017413356174355465,
            0.05738972768448143,
            0.3063767820912011,
            -0.24587694741818988,
            -0.05531396161997583,
            0.061946520014415335,
            0.0542769444415309,
            1.369170830448682,
            -0.0632532846621356,
            -0.015441586897352715,
            0.012737837680381052,
            0.03317626231860617,
            0.5240354528625828,
            -0.011094894639486819,
            -0.001795429100116255
        ],
        [
            0.3042438860942752,
            0.1758351165101022,
            0.001571838928222602,
            0.15769722481173343,
            -0.040315776299914056,
            0.040791066575335266,
            0.10048171340516587,
            -0.2513455855158661,
            -0.6783811094369093,
            -0.2040260635834517,
            -0.10458548678480159,
            -0.030130741939565803,
            -0.0632532846621356,
            0.8037397010033855,
            -0.006766119494976638,
            0.007027177988375932,
            -0.1170036130150505,
            0.005686203616746329,
            -0.46892422741161005,
            0.1479687538887601
        ],
        [
            0.03067775737994949,
            0.04598980477950311,
            0.0012800111250758197,
            0.03824153674907388,
            -0.050989323864519404,
            0.016597786120764263,
            0.06601301041862277,
            -0.055618570486342195,
            -0.20118451227924006,
            0.3194452220268069,
            0.10308082894349228,
            0.08097662420004714,
            -0.015441586897352715,
            -0.006766119494976638,
            1.3653195867654735,
            0.018155227888119352,
            0.06389955386820603,
            -0.004135797809164805,
            0.12356023731625812,
            0.5031566981897537
        ],
        [
            -0.024857213324756225,
            -0.15967702302074144,
            -0.007006763741420178,
            -0.08141483052226306,
            0.004412973161049767,
            -0.30004653116281466,
            -0.35213974158481504,
            -0.06648382691474225,
            -0.343153143311281,
            -0.0450569582191681,
            -0.6447182836418551,
            -0.49683622044689635,
            0.012737837680381052,
            0.007027177988375932,
            0.018155227888119352,
            -0.34028740855788375,
            -0.4983540166646472,
            9.506667945363874e-05,
            0.3426683053541404,
            -0.04750259161110834
        ],
        [
            -0.15424960145116068,
            -0.21173892939925,
            -0.0043376129845972,
            -0.1247997644737551,
            0.01865018256800003,
            -0.3640352315784719,
            -0.327067983656393,
            -0.05467175887217623,
            -0.19044564510159784,
            -0.053764039305079045,
            -0.5757671419199786,
            -0.3748026010112626,
            0.03317626231860617,
            -0.1170036130150505,
            0.06389955386820603,
            -0.4983540166646472,
            -0.32340621189964547,
            0.0025061275925993,
            0.2732027363685918,
            -0.03442909518805479
        ],
        [
            0.008544934794049233,
            0.007151325696159998,
            -0.00639166968102616,
            0.009548756533950924,
            -0.0009535135025681294,
            0.01797848212585121,
            0.004601693371119549,
            -0.0451260530734231,
            -0.00891563895545018,
            0.0014001770322482092,
            0.00930278609899795,
            0.005276311397742637,
            0.5240354528625828,
            0.005686203616746329,
            -0.004135797809164805,
            9.506667945363874e-05,
            0.0025061275925993,
            1.4599575796389144,
            -0.0015042871769932646,
            -0.0008286122121859255
        ],
        [
            0.08514877730490017,
            0.13927117069853104,
            0.00842400349655938,
            0.11261933668601826,
            -0.00934171351176728,
            0.2739024597622832,
            0.21876360797847383,
            0.04807296735771599,
            0.1087762914836451,
            0.0473389848925724,
            0.07980308005040948,
            0.2683032115740855,
            -0.011094894639486819,
            -0.46892422741161005,
            0.12356023731625812,
            0.3426683053541404,
            0.2732027363685918,
            -0.0015042871769932646,
            1.1292561591164398,
            0.04417839456129646
        ],
        [
            -0.0009479964710721578,
            -0.009871909365725906,
            -0.0005550199693315006,
            -0.005163186595928238,
            -0.006863092813592284,
            -0.012972666290633003,
            -0.024093009893096387,
            -0.006674895575729301,
            -0.0339709751695635,
            -0.049803500926412225,
            0.00236762713669611,
            -0.029881829204306015,
            -0.001795429100116255,
            0.1479687538887601,
            0.5031566981897537,
            -0.04750259161110834,
            -0.03442909518805479,
            -0.0008286122121859255,
            0.04417839456129646,
            1.4533131895944136
        ]
    ]
}