{
    "HF": -2.136920690639676,
    "coordinates": [
        [
            0.760281,
            -0.111718,
            -0.100801
        ],
        [
            1.585921,
            0.074806,
            -0.052944
        ],
        [
            2.292914,
            0.010744,
            0.085863
        ],
        [
            3.036295,
            0.132469,
            0.06634
        ]
    ],
    "elements": [
        "H",
        "H",
        "H",
        "H"
    ],
    "Enn": 2.9935919291568807,
    "S": [
        [
            0.9999999999999999,
            0.6848602514927513,
            0.0,
            0.0,
            0.0,
            0.4856799737752154,
            0.5326904842475776,
            -0.028345322223534045,
            -0.48902003553583906,
            -0.1104766885183456,
            0.11062105942233202,
            0.29634810478244683,
            -0.01764544242770795,
            -0.14488057345982797,
            -0.011576394862330024,
            0.010399536585926395,
            0.10916386030089276,
            -0.0008897728381281649,
            -0.012116329544512939,
            -0.0012999261702634436
        ],
        [
            0.6848602514927513,
            1.0000000000000002,
            0.0,
            0.0,
            0.0,
            0.5326904842475776,
            0.8550702201927503,
            -0.009959645051154072,
            -0.17182609315324532,
            -0.038817995978048414,
            0.29634810478244683,
            0.5930103503556732,
            -0.020756717309392332,
            -0.17042616637405128,
            -0.01361756479633354,
            0.10916386030089276,
            0.3174256519499039,
            -0.006373029689982489,
            -0.08678364253424231,
            -0.009310767560968007
        ],
        [
            0.0,
            0.0,
            1.0000000000000004,
            0.0,
            0.0,
            0.028345322223534045,
            0.00995964505115407,
            0.391027668644716,
            -0.04035207213346903,
            -0.009116115864811758,
            0.017645442427707953,
            0.02075671730939233,
            0.040410711751538285,
            -0.032999339949367656,
            -0.0026367468068868812,
            0.000889772838128165,
            0.006373029689982487,
            0.0009944387241034684,
            -0.0010589286512194622,
            -0.00011360941125815873
        ],
        [
            0.0,
            0.0,
            0.0,
            1.0000000000000004,
            0.0,
            0.48902003553583906,
            0.17182609315324512,
            -0.040352072133469016,
            -0.3027966370297117,
            -0.15727333310953837,
            0.14488057345982797,
            0.17042616637405125,
            -0.03299933994936765,
            -0.22651626994583968,
            -0.02164940839625992,
            0.012116329544512939,
            0.08678364253424234,
            -0.0010589286512194622,
            -0.013347577878281785,
            -0.0015470567398503472
        ],
        [
            0.0,
            0.0,
            0.0,
            0.0,
            1.0000000000000004,
            0.11047668851834555,
            0.038817995978048386,
            -0.009116115864811748,
            -0.15727333310953825,
            0.3578362994416346,
            0.011576394862330022,
            0.013617564796333538,
            -0.0026367468068868804,
            -0.02164940839625992,
            0.042699947949170716,
            0.0012999261702634436,
            0.009310767560968004,
            -0.00011360941125815873,
            -0.0015470567398503472,
            0.0009062227682963581
        ],
        [
            0.4856799737752154,
            0.5326904842475776,
            0.028345322223534045,
            0.48902003553583906,
            0.1104766885183456,
            0.9999999999999999,
            0.6848602514927513,
            0.0,
            0.0,
            0.0,
            0.5841845563857808,
            0.570366986914017,
            -0.10385457553986745,
            -0.5289679765765237,
            0.04793080909633511,
            0.1401787124029404,
            0.3264791442861355,
            -0.015051651390375726,
            -0.18301300957098016,
            -0.007276108900801745
        ],
        [
            0.5326904842475776,
            0.8550702201927503,
            0.009959645051154072,
            0.17182609315324512,
            0.038817995978048414,
            0.6848602514927513,
            1.0000000000000002,
            0.0,
            0.0,
            0.0,
            0.570366986914017,
            0.8922815839972232,
            -0.031073714333121272,
            -0.15826938495548842,
            0.014341094380027059,
            0.3264791442861355,
            0.6299857404738892,
            -0.014711864540732129,
            -0.17888154171053788,
            -0.0071118527632560696
        ],
        [
            -0.02834532222353404,
            -0.00995964505115407,
            0.391027668644716,
            -0.04035207213346902,
            -0.009116115864811751,
            0.0,
            0.0,
            1.0000000000000004,
            0.0,
            0.0,
            0.10385457553986742,
            0.031073714333121272,
            0.4816749485431895,
            -0.12918105102409908,
            0.011705344311338062,
            0.015051651390375724,
            0.014711864540732126,
            0.06135667638591282,
            -0.028615597092728692,
            -0.0011376797813239998
        ],
        [
            -0.48902003553583906,
            -0.17182609315324493,
            -0.04035207213346902,
            -0.3027966370297117,
            -0.15727333310953828,
            0.0,
            0.0,
            0.0,
            1.0000000000000004,
            0.0,
            0.5289679765765234,
            0.15826938495548803,
            -0.129181051024099,
            -0.15092702316579112,
            0.05961944635865504,
            0.18301300957098007,
            0.17888154171053786,
            -0.028615597092728703,
            -0.28422688110772293,
            -0.013833046973257228
        ],
        [
            -0.11047668851834555,
            -0.038817995978048386,
            -0.009116115864811753,
            -0.15727333310953834,
            0.3578362994416346,
            0.0,
            0.0,
            0.0,
            0.0,
            1.0000000000000004,
            -0.04793080909633511,
            -0.014341094380027047,
            0.011705344311338062,
            0.059619446358655084,
            0.5016353911174073,
            0.007276108900801749,
            0.007111852763256068,
            -0.0011376797813240005,
            -0.01383304697325723,
            0.06316016148423237
        ],
        [
            0.11062105942233202,
            0.29634810478244683,
            0.01764544242770795,
            0.14488057345982797,
            0.011576394862330024,
            0.5841845563857808,
            0.570366986914017,
            0.10385457553986745,
            0.5289679765765237,
            -0.04793080909633511,
            0.9999999999999999,
            0.6848602514927513,
            0.0,
            0.0,
            0.0,
            0.5598270363189113,
            0.5615445211037564,
            0.013841596815966254,
            -0.5270491257824006,
            -0.08630171451229285
        ],
        [
            0.29634810478244683,
            0.5930103503556732,
            0.020756717309392332,
            0.17042616637405128,
            0.01361756479633354,
            0.570366986914017,
            0.8922815839972232,
            0.031073714333121272,
            0.15826938495548806,
            -0.014341094380027059,
            0.6848602514927513,
            1.0000000000000002,
            0.0,
            0.0,
            0.0,
            0.5615445211037564,
            0.8836540725642708,
            0.004298350003713576,
            -0.1636690940998111,
            -0.026800013020644196
        ],
        [
            -0.017645442427707953,
            -0.02075671730939233,
            0.040410711751538285,
            -0.032999339949367656,
            -0.0026367468068868812,
            -0.10385457553986742,
            -0.03107371433312127,
            0.4816749485431895,
            -0.129181051024099,
            0.011705344311338062,
            0.0,
            0.0,
            1.0000000000000004,
            0.0,
            0.0,
            -0.01384159681596626,
            -0.004298350003713574,
            0.47804115764432087,
            0.01802957136557575,
            0.0029522540587864237
        ],
        [
            -0.14488057345982797,
            -0.17042616637405125,
            -0.03299933994936765,
            -0.22651626994583968,
            -0.02164940839625992,
            -0.5289679765765237,
            -0.15826938495548767,
            -0.12918105102409908,
            -0.1509270231657913,
            0.059619446358655084,
            0.0,
            0.0,
            0.0,
            1.0000000000000004,
            0.0,
            0.5270491257824007,
            0.163669094099811,
            0.018029571365575772,
            -0.20800077442699394,
            -0.11241354169311643
        ],
        [
            -0.011576394862330022,
            -0.013617564796333538,
            -0.0026367468068868804,
            -0.02164940839625992,
            0.042699947949170716,
            0.04793080909633511,
            0.014341094380027052,
            0.011705344311338062,
            0.05961944635865504,
            0.5016353911174073,
            0.0,
            0.0,
            0.0,
            0.0,
            1.0000000000000004,
            0.08630171451229285,
            0.026800013020644182,
            0.0029522540587864246,
            -0.11241354169311632,
            0.4601074910038976
        ],
        [
            0.010399536585926395,
            0.10916386030089276,
            0.0008897728381281649,
            0.012116329544512939,
            0.0012999261702634436,
            0.1401787124029404,
            0.3264791442861355,
            0.015051651390375726,
            0.1830130095709802,
            0.007276108900801749,
            0.5598270363189113,
            0.5615445211037564,
            -0.013841596815966254,
            0.5270491257824006,
            0.08630171451229285,
            0.9999999999999999,
            0.6848602514927513,
            0.0,
            0.0,
            0.0
        ],
        [
            0.10916386030089276,
            0.3174256519499039,
            0.006373029689982489,
            0.08678364253424238,
            0.009310767560968007,
            0.3264791442861355,
            0.6299857404738892,
            0.014711864540732129,
            0.1788815417105381,
            0.0071118527632560696,
            0.5615445211037564,
            0.8836540725642708,
            -0.004298350003713576,
            0.1636690940998111,
            0.026800013020644196,
            0.6848602514927513,
            1.0000000000000002,
            0.0,
            0.0,
            0.0
        ],
        [
            -0.000889772838128165,
            -0.006373029689982487,
            0.0009944387241034684,
            -0.0010589286512194622,
            -0.00011360941125815873,
            -0.015051651390375724,
            -0.014711864540732126,
            0.06135667638591282,
            -0.028615597092728703,
            -0.0011376797813240005,
            0.01384159681596626,
            0.004298350003713574,
            0.47804115764432087,
            0.018029571365575772,
            0.0029522540587864246,
            0.0,
            0.0,
            1.0000000000000004,
            0.0,
            0.0
        ],
        [
            -0.012116329544512939,
            -0.08678364253424228,
            -0.0010589286512194622,
            -0.013347577878281785,
            -0.0015470567398503472,
            -0.18301300957098016,
            -0.17888154171053786,
            -0.028615597092728692,
            -0.28422688110772304,
            -0.01383304697325723,
            -0.5270491257824006,
            -0.163669094099811,
            0.01802957136557575,
            -0.20800077442699394,
            -0.11241354169311632,
            0.0,
            0.0,
            0.0,
            1.0000000000000004,
            0.0
        ],
        [
            -0.0012999261702634436,
            -0.009310767560968004,
            -0.00011360941125815873,
            -0.0015470567398503472,
            0.0009062227682963581,
            -0.007276108900801745,
            -0.007111852763256068,
            -0.0011376797813239998,
            -0.013833046973257228,
            0.06316016148423237,
            -0.08630171451229285,
            -0.026800013020644182,
            0.0029522540587864237,
            -0.11241354169311643,
            0.4601074910038977,
            0.0,
            0.0,
            0.0,
            0.0,
            1.0000000000000004
        ]
    ],
    "h": [
        [
            -0.2186925986446897,
            -0.4452952119802507,
            -0.015141479442687305,
            -0.24015397994693813,
            -0.052283236802824457,
            -0.5297903226659939,
            -0.4317361486707064,
            -0.0020642818890360196,
            0.04549966744629419,
            0.01770730235518428,
            -0.23430842104194521,
            -0.2952356002462731,
            0.04350032783955332,
            0.30264830547991517,
            0.0029640990621618464,
            -0.005634932314125526,
            -0.12592525051823317,
            0.004732953258221834,
            0.06327440289707238,
            0.004801502054018949
        ],
        [
            -0.4452952119802507,
            -0.3054362080837896,
            -0.01423777534424526,
            -0.21736980052817528,
            -0.046114444004012906,
            -0.5189258760171165,
            -0.361530535946173,
            -0.009373669757993437,
            0.08744708358189307,
            0.05180477165078206,
            -0.3341999865572543,
            -0.30492062545509657,
            0.04035560718702499,
            0.1959278726349261,
            -0.015860441187705628,
            -0.12950224881553735,
            -0.19021119438211026,
            0.003080948388013191,
            0.12210157156780824,
            0.013905712563160252
        ],
        [
            -0.015141479442687305,
            -0.01423777534424526,
            1.4969714110898782,
            -0.014530402578187971,
            -0.00291640878051166,
            -0.00848731185220506,
            -0.014454122857951265,
            0.2857777149300235,
            -0.05583925299643357,
            -0.010838971448692634,
            -0.021474422106980147,
            -0.011781237462791035,
            -0.04181555963860649,
            0.018314295377234183,
            -0.0005539776494288117,
            -0.005579233483511166,
            -0.008587606497693068,
            -0.0032969238524942408,
            0.006881267933354819,
            0.0007309108627792454
        ],
        [
            -0.24015397994693813,
            -0.21736980052817528,
            -0.014530402578187971,
            1.270485585747582,
            -0.04866423202331198,
            -0.09114420755152586,
            -0.2058235213437315,
            -0.062341856166531595,
            -0.6534400778939399,
            -0.1961519739186292,
            -0.23386962849196838,
            -0.17142342157029672,
            0.039881673955067615,
            0.19016583211471505,
            -0.006479048458852443,
            -0.060102065587063144,
            -0.10973390198805574,
            0.0050050839716244125,
            0.08231072560190046,
            0.008663498407454532
        ],
        [
            -0.052283236802824457,
            -0.046114444004012906,
            -0.00291640878051166,
            -0.04866423202331198,
            1.4871690150831327,
            -0.01392075199367096,
            -0.041324837875394885,
            -0.013104981463880217,
            -0.20971709034500385,
            0.24437444571761568,
            -0.03445003480040857,
            -0.034734761082727134,
            0.007111213371378298,
            0.043026160514418585,
            -0.04599615082995666,
            -0.006356203563354256,
            -0.018349985621876973,
            0.0006905769994585969,
            0.010902465058375005,
            -0.002655152000191405
        ],
        [
            -0.5297903226659939,
            -0.5189258760171165,
            -0.00848731185220506,
            -0.09114420755152586,
            -0.01392075199367096,
            -0.43789641468548135,
            -0.6005046018102618,
            -0.03690867817874943,
            -0.036375357665937774,
            0.07209594257193995,
            -0.5665622272487401,
            -0.5303714097014361,
            0.01317146151376633,
            0.02923705667916454,
            -0.006295411823849725,
            -0.28386359678303164,
            -0.35828049386072425,
            0.008245238740632922,
            0.27126017810174735,
            0.02706221376525456
        ],
        [
            -0.4317361486707064,
            -0.361530535946173,
            -0.014454122857951265,
            -0.2058235213437315,
            -0.041324837875394885,
            -0.6005046018102618,
            -0.4398899993742875,
            -0.030822443153088047,
            -0.040606138645302506,
            0.05879736287478679,
            -0.5420110309547779,
            -0.4195014871545011,
            0.04843630542292596,
            0.12730403491834097,
            -0.03503751023196956,
            -0.33109583746607474,
            -0.32007173975273906,
            -0.0009461694861973013,
            0.20510913503690792,
            0.028363921017542305
        ],
        [
            -0.0020642818890360196,
            -0.009373669757993437,
            0.2857777149300235,
            -0.062341856166531595,
            -0.013104981463880217,
            -0.03690867817874943,
            -0.030822443153088047,
            1.391145714029488,
            -0.07054634326241274,
            0.0014304610401102483,
            -0.009386293787761235,
            -0.03843423781376216,
            0.40342592606556904,
            -0.19922166152251564,
            0.014432924955982397,
            -0.045511240819669854,
            -0.03851688193851035,
            -0.04788069044488501,
            0.038296729021105314,
            0.005299903662651329
        ],
        [
            0.04549966744629419,
            0.08744708358189307,
            -0.05583925299643357,
            -0.6534400778939399,
            -0.20971709034500385,
            -0.036375357665937774,
            -0.040606138645302506,
            -0.07054634326241274,
            0.8526806735825003,
            -0.02902812514616534,
            -0.06772674669702938,
            -0.155913239326521,
            -0.1900400571986816,
            -0.6714098516143339,
            0.06426046920857029,
            -0.33863709934713204,
            -0.2106039455049491,
            -0.00498069678392115,
            0.16058666611788497,
            0.033018626779071254
        ],
        [
            0.01770730235518428,
            0.05180477165078206,
            -0.010838971448692634,
            -0.1961519739186292,
            0.24437444571761568,
            0.07209594257193995,
            0.05879736287478679,
            0.0014304610401102483,
            -0.02902812514616534,
            1.3892590807123386,
            0.007429334545413113,
            0.038706906312862534,
            0.014217713836155232,
            0.0650027227556782,
            0.431092207517926,
            0.003106047999085376,
            0.019605648603572688,
            -0.0005850318488058179,
            -0.01636880426971239,
            -0.04923889509591339
        ],
        [
            -0.23430842104194521,
            -0.3341999865572543,
            -0.021474422106980147,
            -0.23386962849196838,
            -0.03445003480040857,
            -0.5665622272487401,
            -0.5420110309547779,
            -0.009386293787761235,
            -0.06772674669702938,
            0.007429334545413113,
            -0.49533947458903027,
            -0.6222244631456394,
            0.0564301761762686,
            -0.023701108016799033,
            -0.06799294880712095,
            -0.5953838675881921,
            -0.5556832233771416,
            0.00416494980313439,
            0.09469443374939268,
            0.007346379885991627
        ],
        [
            -0.2952356002462731,
            -0.30492062545509657,
            -0.011781237462791035,
            -0.17142342157029672,
            -0.034734761082727134,
            -0.5303714097014361,
            -0.4195014871545011,
            -0.03843423781376216,
            -0.155913239326521,
            0.038706906312862534,
            -0.6222244631456394,
            -0.440513583994238,
            0.04720604946516546,
            0.007207105095376906,
            -0.05190198123723826,
            -0.46810382763065095,
            -0.37114226500795344,
            -0.0012962505625286834,
            0.24621549863862457,
            0.03394860105057942
        ],
        [
            0.04350032783955332,
            0.04035560718702499,
            -0.04181555963860649,
            0.039881673955067615,
            0.007111213371378298,
            0.01317146151376633,
            0.04843630542292596,
            0.40342592606556904,
            -0.1900400571986816,
            0.014217713836155232,
            0.0564301761762686,
            0.04720604946516546,
            1.374317881594711,
            -0.05024582059702459,
            0.005385472620693174,
            0.008617037263418122,
            0.027874657195503076,
            0.40480780855449094,
            0.010341023436587209,
            0.003116375170516701
        ],
        [
            0.30264830547991517,
            0.1959278726349261,
            0.018314295377234183,
            0.19016583211471505,
            0.043026160514418585,
            0.02923705667916454,
            0.12730403491834097,
            -0.19922166152251564,
            -0.6714098516143339,
            0.0650027227556782,
            -0.023701108016799033,
            0.007207105095376906,
            -0.05024582059702459,
            0.798225772405412,
            -0.024484394706216307,
            -0.014532896023745301,
            -0.1006292658944436,
            0.02261275648119514,
            -0.6011526048824285,
            -0.16114507280439577
        ],
        [
            0.0029640990621618464,
            -0.015860441187705628,
            -0.0005539776494288117,
            -0.006479048458852443,
            -0.04599615082995666,
            -0.006295411823849725,
            -0.03503751023196956,
            0.014432924955982397,
            0.06426046920857029,
            0.431092207517926,
            -0.06799294880712095,
            -0.05190198123723826,
            0.005385472620693174,
            -0.024484394706216307,
            1.375524935659715,
            -0.013924127787216578,
            -0.046058586655125446,
            0.00471850148154085,
            -0.1461082381684105,
            0.38133231366237474
        ],
        [
            -0.005634932314125526,
            -0.12950224881553735,
            -0.005579233483511166,
            -0.060102065587063144,
            -0.006356203563354256,
            -0.28386359678303164,
            -0.33109583746607474,
            -0.045511240819669854,
            -0.33863709934713204,
            0.003106047999085376,
            -0.5953838675881921,
            -0.46810382763065095,
            0.008617037263418122,
            -0.014532896023745301,
            -0.013924127787216578,
            -0.282917708472181,
            -0.47417999990091664,
            -0.005779574474946236,
            0.2958324345026076,
            0.045456150744323104
        ],
        [
            -0.12592525051823317,
            -0.19021119438211026,
            -0.008587606497693068,
            -0.10973390198805574,
            -0.018349985621876973,
            -0.35828049386072425,
            -0.32007173975273906,
            -0.03851688193851035,
            -0.2106039455049491,
            0.019605648603572688,
            -0.5556832233771416,
            -0.37114226500795344,
            0.027874657195503076,
            -0.1006292658944436,
            -0.046058586655125446,
            -0.47417999990091664,
            -0.3172432526035993,
            -0.0034921649757147085,
            0.25121614080505494,
            0.03699094951288277
        ],
        [
            0.004732953258221834,
            0.003080948388013191,
            -0.0032969238524942408,
            0.0050050839716244125,
            0.0006905769994585969,
            0.008245238740632922,
            -0.0009461694861973013,
            -0.04788069044488501,
            -0.00498069678392115,
            -0.0005850318488058179,
            0.00416494980313439,
            -0.0012962505625286834,
            0.40480780855449094,
            0.02261275648119514,
            0.00471850148154085,
            -0.005779574474946236,
            -0.0034921649757147085,
            1.4697640692112621,
            0.004533120222575534,
            0.0010551425047157469
        ],
        [
            0.06327440289707238,
            0.12210157156780824,
            0.006881267933354819,
            0.08231072560190046,
            0.010902465058375005,
            0.27126017810174735,
            0.20510913503690792,
            0.038296729021105314,
            0.16058666611788497,
            -0.01636880426971239,
            0.09469443374939268,
            0.24621549863862457,
            0.010341023436587209,
            -0.6011526048824285,
            -0.1461082381684105,
            0.2958324345026076,
            0.25121614080505494,
            0.004533120222575534,
            1.179580146889903,
            -0.0437661057588154
        ],
        [
            0.004801502054018949,
            0.013905712563160252,
            0.0007309108627792454,
            0.008663498407454532,
            -0.002655152000191405,
            0.02706221376525456,
            0.028363921017542305,
            0.005299903662651329,
            0.033018626779071254,
            -0.04923889509591339,
            0.007346379885991627,
            0.03394860105057942,
            0.003116375170516701,
            -0.16114507280439577,
            0.38133231366237474,
            0.045456150744323104,
            0.03699094951288277,
            0.0010551425047157469,
            -0.0437661057588154,
            1.4631157291701198
        ]
    ]
}