{
    "HF": -2.161888825505959,
    "coordinates": [
        [
            0.713072,
            -0.04297,
            -0.106666
        ],
        [
            1.481741,
            -0.182373,
            -0.087735
        ],
        [
            2.274186,
            -0.126387,
            0.033849
        ],
        [
            2.944452,
            0.040853,
            0.165993
        ]
    ],
    "elements": [
        "H",
        "H",
        "H",
        "H"
    ],
    "Enn": 3.012875293906517,
    "S": [
        [
            0.9999999999999999,
            0.6848602514927513,
            0.0,
            0.0,
            0.0,
            0.5375439764508189,
            0.5532016730970077,
            -0.012749624304902223,
            -0.5176821596759223,
            0.0938849441115781,
            0.104688872881073,
            0.28971000713944933,
            -0.01242115017939363,
            -0.13799830225352386,
            0.0073738396933742175,
            0.012298094724076709,
            0.11732305253859227,
            -0.0017820102129209457,
            -0.01458357123332638,
            -0.0005478397635055964
        ],
        [
            0.6848602514927513,
            1.0000000000000002,
            0.0,
            0.0,
            0.0,
            0.5532016730970077,
            0.875448000496544,
            -0.004101941218944928,
            -0.16655406765755512,
            0.03020563687837827,
            0.28971000713944933,
            0.5846760437927996,
            -0.015250829433903877,
            -0.16943588471607593,
            0.009053684225086003,
            0.11732305253859227,
            0.3320938558760827,
            -0.011232645040952142,
            -0.09192544347144146,
            -0.0034532291443441446
        ],
        [
            0.0,
            0.0,
            1.0000000000000004,
            0.0,
            0.0,
            0.012749624304902223,
            0.004101941218944928,
            0.45221553191275876,
            -0.017099948648140344,
            0.0031011841786213684,
            0.012421150179393629,
            0.015250829433903877,
            0.03874286375645308,
            -0.02325594012704229,
            0.0012426643778593281,
            0.001782010212920945,
            0.011232645040952133,
            0.0011325452576700413,
            -0.0022167209219927145,
            -8.327232378357577e-05
        ],
        [
            0.0,
            0.0,
            0.0,
            1.0000000000000004,
            0.0,
            0.5176821596759225,
            0.16655406765755496,
            -0.017099948648140323,
            -0.24168483151974643,
            0.12591961023700318,
            0.13799830225352383,
            0.1694358847160759,
            -0.023255940127042293,
            -0.21753611074801302,
            0.013805933584154622,
            0.014583571233326388,
            0.09192544347144153,
            -0.0022167209219927154,
            -0.016737732992519343,
            -0.0006814819897534846
        ],
        [
            0.0,
            0.0,
            0.0,
            0.0,
            1.0000000000000004,
            -0.09388494411157808,
            -0.03020563687837826,
            0.0031011841786213637,
            0.12591961023700315,
            0.42980035412100315,
            -0.0073738396933742175,
            -0.009053684225086,
            0.001242664377859328,
            0.013805933584154618,
            0.040098407851991216,
            0.0005478397635055964,
            0.003453229144344147,
            -8.327232378357584e-05,
            -0.0006814819897534848,
            0.0013778127804776783
        ],
        [
            0.5375439764508189,
            0.5532016730970077,
            0.012749624304902223,
            0.5176821596759226,
            -0.0938849441115781,
            0.9999999999999999,
            0.6848602514927513,
            0.0,
            0.0,
            0.0,
            0.5199735407666286,
            0.5464301996057637,
            -0.07851109599479732,
            -0.5117098093959495,
            -0.03615214354162326,
            0.12515726629001336,
            0.3117253326935082,
            -0.027878814848213012,
            -0.16071797021000644,
            -0.024527353399337867
        ],
        [
            0.5532016730970077,
            0.875448000496544,
            0.004101941218944928,
            0.16655406765755496,
            -0.03020563687837827,
            0.6848602514927513,
            1.0000000000000002,
            0.0,
            0.0,
            0.0,
            0.5464301996057637,
            0.8687528631503073,
            -0.02600053616285553,
            -0.16946304513401478,
            -0.011972512975503585,
            0.3117253326935083,
            0.6120499168547264,
            -0.02978319183675494,
            -0.17169647147627243,
            -0.0262027950441081
        ],
        [
            -0.012749624304902223,
            -0.004101941218944928,
            0.4522155319127587,
            -0.017099948648140323,
            0.0031011841786213637,
            0.0,
            0.0,
            1.0000000000000004,
            0.0,
            0.0,
            0.0785110959947973,
            0.026000536162855515,
            0.415801479122559,
            -0.10815819903709219,
            -0.00764134410752878,
            0.027878814848213012,
            0.029783191836754947,
            0.044671816050057996,
            -0.05167950821949031,
            -0.007886868904249673
        ],
        [
            -0.5176821596759223,
            -0.16655406765755512,
            -0.017099948648140344,
            -0.24168483151974626,
            0.12591961023700315,
            0.0,
            0.0,
            0.0,
            1.0000000000000004,
            0.0,
            0.5117098093959495,
            0.16946304513401442,
            -0.10815819903709216,
            -0.2725439149497194,
            -0.049803797632012765,
            0.16071797021000636,
            0.17169647147627243,
            -0.05167950821949031,
            -0.244289706245408,
            -0.04546683811721191
        ],
        [
            0.09388494411157808,
            0.03020563687837827,
            0.0031011841786213684,
            0.12591961023700318,
            0.42980035412100315,
            0.0,
            0.0,
            0.0,
            0.0,
            1.0000000000000004,
            0.03615214354162328,
            0.011972512975503606,
            -0.007641344107528787,
            -0.04980379763201283,
            0.42887745418391965,
            0.024527353399337863,
            0.026202795044108104,
            -0.007886868904249673,
            -0.04546683811721191,
            0.04669761462268246
        ],
        [
            0.104688872881073,
            0.28971000713944933,
            0.01242115017939363,
            0.13799830225352383,
            -0.007373839693374221,
            0.5199735407666286,
            0.5464301996057637,
            0.07851109599479732,
            0.5117098093959495,
            0.036152143541623286,
            0.9999999999999999,
            0.6848602514927513,
            0.0,
            0.0,
            0.0,
            0.6004142633549212,
            0.5760815702485645,
            -0.10234887372667695,
            -0.5191379873265901,
            -0.12953161431506124
        ],
        [
            0.28971000713944933,
            0.5846760437927996,
            0.01525082943390387,
            0.16943588471607585,
            -0.009053684225086003,
            0.5464301996057637,
            0.8687528631503073,
            0.02600053616285554,
            0.16946304513401445,
            0.011972512975503608,
            0.6848602514927513,
            1.0000000000000002,
            0.0,
            0.0,
            0.0,
            0.5760815702485645,
            0.897842795459828,
            -0.02989857505548692,
            -0.1516527296596218,
            -0.03783930933133274
        ],
        [
            -0.012421150179393629,
            -0.015250829433903875,
            0.03874286375645308,
            -0.023255940127042293,
            0.0012426643778593286,
            -0.0785110959947973,
            -0.026000536162855508,
            0.415801479122559,
            -0.10815819903709212,
            -0.007641344107528783,
            0.0,
            0.0,
            1.0000000000000004,
            0.0,
            0.0,
            0.10234887372667692,
            0.029898575055486907,
            0.5023092156931728,
            -0.12098920318994744,
            -0.030188364532121252
        ],
        [
            -0.13799830225352386,
            -0.1694358847160759,
            -0.02325594012704229,
            -0.21753611074801305,
            0.013805933584154625,
            -0.5117098093959495,
            -0.16946304513401475,
            -0.10815819903709223,
            -0.2725439149497194,
            -0.04980379763201283,
            0.0,
            0.0,
            0.0,
            1.0000000000000004,
            0.0,
            0.5191379873265901,
            0.15165272965962104,
            -0.12098920318994726,
            -0.08752377229850164,
            -0.15312261125353238
        ],
        [
            0.0073738396933742175,
            0.009053684225086,
            0.0012426643778593275,
            0.013805933584154615,
            0.040098407851991216,
            -0.03615214354162326,
            -0.011972512975503585,
            -0.007641344107528782,
            -0.049803797632012765,
            0.42887745418391965,
            0.0,
            0.0,
            0.0,
            0.0,
            1.0000000000000004,
            0.12953161431506122,
            0.03783930933133272,
            -0.03018836453212124,
            -0.15312261125353255,
            0.48795636437786155
        ],
        [
            0.012298094724076709,
            0.11732305253859227,
            0.0017820102129209457,
            0.014583571233326384,
            0.0005478397635055964,
            0.12515726629001336,
            0.3117253326935082,
            0.027878814848213012,
            0.16071797021000636,
            0.024527353399337867,
            0.6004142633549212,
            0.5760815702485645,
            0.10234887372667695,
            0.5191379873265901,
            0.12953161431506124,
            0.9999999999999999,
            0.6848602514927513,
            0.0,
            0.0,
            0.0
        ],
        [
            0.11732305253859227,
            0.3320938558760827,
            0.011232645040952142,
            0.09192544347144149,
            0.0034532291443441446,
            0.3117253326935083,
            0.6120499168547264,
            0.02978319183675494,
            0.17169647147627243,
            0.026202795044108107,
            0.5760815702485645,
            0.897842795459828,
            0.029898575055486935,
            0.15165272965962104,
            0.03783930933133275,
            0.6848602514927513,
            1.0000000000000002,
            0.0,
            0.0,
            0.0
        ],
        [
            -0.001782010212920945,
            -0.011232645040952133,
            0.0011325452576700413,
            -0.0022167209219927145,
            -8.327232378357577e-05,
            -0.027878814848213012,
            -0.029783191836754947,
            0.044671816050057996,
            -0.05167950821949033,
            -0.007886868904249673,
            -0.10234887372667695,
            -0.029898575055486917,
            0.5023092156931728,
            -0.12098920318994726,
            -0.030188364532121252,
            0.0,
            0.0,
            1.0000000000000004,
            0.0,
            0.0
        ],
        [
            -0.014583571233326386,
            -0.09192544347144146,
            -0.0022167209219927154,
            -0.016737732992519343,
            -0.0006814819897534846,
            -0.1607179702100063,
            -0.17169647147627243,
            -0.05167950821949029,
            -0.2442897062454079,
            -0.045466838117211895,
            -0.5191379873265901,
            -0.15165272965962104,
            -0.12098920318994744,
            -0.08752377229850164,
            -0.15312261125353258,
            0.0,
            0.0,
            0.0,
            1.0000000000000004,
            0.0
        ],
        [
            -0.0005478397635055964,
            -0.003453229144344147,
            -8.327232378357584e-05,
            -0.0006814819897534848,
            0.0013778127804776783,
            -0.024527353399337863,
            -0.026202795044108097,
            -0.007886868904249673,
            -0.04546683811721192,
            0.04669761462268246,
            -0.12953161431506122,
            -0.03783930933133272,
            -0.03018836453212124,
            -0.15312261125353233,
            0.48795636437786155,
            0.0,
            0.0,
            0.0,
            0.0,
            1.0000000000000004
        ]
    ],
    "h": [
        [
            -0.2542415929623598,
            -0.4614441700961254,
            -0.007141968771910328,
            -0.2760799459980987,
            0.04967943809597542,
            -0.5657645660622229,
            -0.45475940122674063,
            -0.0006233054583413486,
            0.02628401052172813,
            -0.006328318739830224,
            -0.2218154156091325,
            -0.2993112163756891,
            0.03732752736341803,
            0.29477908638638706,
            0.007117016782770274,
            -0.012904737552959525,
            -0.13791735952601797,
            0.009587814639464313,
            0.06515606449139619,
            0.006142369083091637
        ],
        [
            -0.4614441700961254,
            -0.3080778656945171,
            -0.006688888043938858,
            -0.23642364229312685,
            0.04141902831774038,
            -0.5290224732030442,
            -0.362526392352595,
            -0.008840431784606357,
            0.11149058895305144,
            -0.04263979128511742,
            -0.3174943565265571,
            -0.3016281894613637,
            0.02299043874782008,
            0.17568487150231837,
            0.001807157818789703,
            -0.14042372974653688,
            -0.19572077452171366,
            0.021021643255798063,
            0.11810659248121577,
            0.02197367481788056
        ],
        [
            -0.007141968771910328,
            -0.006688888043938858,
            1.4909534948820975,
            -0.007435668166238986,
            0.0011714337471908582,
            -0.003934868747916272,
            -0.007349604863130299,
            0.3758357973831131,
            -0.026376276863168083,
            0.003770621240258092,
            -0.013907880499250243,
            -0.006115955332913554,
            -0.042400575712791336,
            0.011130994374508166,
            3.030153355702706e-05,
            -0.006532119709570704,
            -0.006390404543149111,
            -0.003394243328154303,
            0.008909398130538567,
            0.0007591948067738224
        ],
        [
            -0.2760799459980987,
            -0.23642364229312685,
            -0.007435668166238986,
            1.2269073766058347,
            0.0462443924408311,
            -0.06944071233820281,
            -0.22369231351232866,
            -0.030644090333204393,
            -0.6171456719944273,
            0.16845044429728584,
            -0.22484284588601522,
            -0.17720492140101823,
            0.03117391569825126,
            0.2005082220600507,
            0.004673033782516378,
            -0.06369210498151469,
            -0.11354257400974993,
            0.013139079835407508,
            0.08615121453772,
            0.008591110537995474
        ],
        [
            0.04967943809597542,
            0.04141902831774038,
            0.0011714337471908582,
            0.0462443924408311,
            1.482888815632683,
            0.00846828876129585,
            0.03714732966200007,
            0.0047418337328763716,
            0.17635507069028752,
            0.34572759077462845,
            0.02426532853755712,
            0.028744700216213767,
            -0.004532914042139421,
            -0.03448041412264123,
            -0.04478827095049576,
            0.000910370765401965,
            0.013091096335636323,
            -0.0003562663432403299,
            -0.001814783953367575,
            -0.005030799287577751
        ],
        [
            -0.5657645660622229,
            -0.5290224732030442,
            -0.003934868747916272,
            -0.06944071233820281,
            0.00846828876129585,
            -0.4197973145667879,
            -0.5888935582707171,
            -0.025233982051399723,
            0.05198803955112802,
            -0.061275251679528235,
            -0.5027675601253958,
            -0.4957437808977584,
            0.0019608193828786757,
            0.04865397151330164,
            -0.01141501841136458,
            -0.25653377274278816,
            -0.3335114204197837,
            0.04427764007951873,
            0.2420426125065982,
            0.04679214888729028
        ],
        [
            -0.45475940122674063,
            -0.362526392352595,
            -0.007349604863130299,
            -0.22369231351232866,
            0.03714732966200007,
            -0.5888935582707171,
            -0.4302116355421781,
            -0.02526594335703355,
            0.009526064532290712,
            -0.052312977541758954,
            -0.5057651776491922,
            -0.4038085425044118,
            0.009324750525581675,
            0.10846307728362892,
            -0.017283407325633895,
            -0.3259400470080076,
            -0.31199975315388595,
            0.03714269627878278,
            0.19248659380982946,
            0.044625289000755394
        ],
        [
            -0.0006233054583413486,
            -0.008840431784606357,
            0.3758357973831131,
            -0.030644090333204393,
            0.0047418337328763716,
            -0.025233982051399723,
            -0.02526594335703355,
            1.4086112681204657,
            -0.04926637833074868,
            -0.0018764614139909343,
            -0.016808995212873268,
            -0.03300124050955056,
            0.31165582201928044,
            -0.16038482142117688,
            -0.013568482106648048,
            -0.04937926480777261,
            -0.03283887400689697,
            -0.03984709922305081,
            0.03495240942618065,
            0.008114476314078512
        ],
        [
            0.02628401052172813,
            0.11149058895305144,
            -0.026376276863168083,
            -0.6171456719944273,
            0.17635507069028752,
            0.05198803955112802,
            0.009526064532290712,
            -0.04926637833074868,
            0.8783359032844484,
            0.025160217466769445,
            -0.0710191238141924,
            -0.12109508518544193,
            -0.1715232337027502,
            -0.7732608603102201,
            -0.08942676956575288,
            -0.3192043836377963,
            -0.1819338278862726,
            0.042408565286891714,
            0.17118755474485137,
            0.05141423917697058
        ],
        [
            -0.006328318739830224,
            -0.04263979128511742,
            0.003770621240258092,
            0.16845044429728584,
            0.34572759077462845,
            -0.061275251679528235,
            -0.052312977541758954,
            -0.0018764614139909343,
            0.025160217466769445,
            1.405688208273557,
            -0.01958312772910928,
            -0.03866518205323229,
            -0.010126520110115778,
            -0.06096741524592253,
            0.3302595579207376,
            -0.029507424550782285,
            -0.02437342237902798,
            0.00395020640710626,
            0.02062833130461239,
            -0.04193608821514197
        ],
        [
            -0.2218154156091325,
            -0.3174943565265571,
            -0.013907880499250243,
            -0.22484284588601522,
            0.02426532853755712,
            -0.5027675601253958,
            -0.5057651776491922,
            -0.016808995212873268,
            -0.0710191238141924,
            -0.01958312772910928,
            -0.4730871198820181,
            -0.6083221506091223,
            -0.025699130019227277,
            -0.0872975885369402,
            -0.05734253371846798,
            -0.6178167356248601,
            -0.5572844515920512,
            0.012202985660776322,
            0.06514819352239087,
            0.012741859354273355
        ],
        [
            -0.2993112163756891,
            -0.3016281894613637,
            -0.006115955332913554,
            -0.17720492140101823,
            0.028744700216213767,
            -0.4957437808977584,
            -0.4038085425044118,
            -0.03300124050955056,
            -0.12109508518544193,
            -0.03866518205323229,
            -0.6083221506091223,
            -0.43039292915916105,
            -0.013610818975787562,
            -0.02280245740349779,
            -0.04151891418443798,
            -0.48284356938731054,
            -0.36767495545533224,
            0.0472421199755936,
            0.24254527361356015,
            0.0575048551158263
        ],
        [
            0.03732752736341803,
            0.02299043874782008,
            -0.042400575712791336,
            0.03117391569825126,
            -0.004532914042139421,
            0.0019608193828786757,
            0.009324750525581675,
            0.31165582201928044,
            -0.1715232337027502,
            -0.010126520110115778,
            -0.025699130019227277,
            -0.013610818975787562,
            1.3840521558019485,
            -0.0939972752283201,
            -0.01578761968837174,
            0.00024217320756014793,
            -0.02604234756050343,
            0.44919925891851076,
            -0.18217761209379435,
            -0.04487416092433761
        ],
        [
            0.29477908638638706,
            0.17568487150231837,
            0.011130994374508166,
            0.2005082220600507,
            -0.03448041412264123,
            0.04865397151330164,
            0.10846307728362892,
            -0.16038482142117688,
            -0.7732608603102201,
            -0.06096741524592253,
            -0.0872975885369402,
            -0.02280245740349779,
            -0.0939972752283201,
            0.8537703871427123,
            -0.08449792881268593,
            -0.0006849298698572426,
            -0.1121814555752455,
            -0.18322013487251,
            -0.4507828031462531,
            -0.22916320648108246
        ],
        [
            0.007117016782770274,
            0.001807157818789703,
            3.030153355702706e-05,
            0.004673033782516378,
            -0.04478827095049576,
            -0.01141501841136458,
            -0.017283407325633895,
            -0.013568482106648048,
            -0.08942676956575288,
            0.3302595579207376,
            -0.05734253371846798,
            -0.04151891418443798,
            -0.01578761968837174,
            -0.08449792881268593,
            1.38281945314066,
            -0.001630124255391996,
            -0.04498308167313821,
            -0.04399122104573621,
            -0.22338122374069397,
            0.4292672838195034
        ],
        [
            -0.012904737552959525,
            -0.14042372974653688,
            -0.006532119709570704,
            -0.06369210498151469,
            0.000910370765401965,
            -0.25653377274278816,
            -0.3259400470080076,
            -0.04937926480777261,
            -0.3192043836377963,
            -0.029507424550782285,
            -0.6178167356248601,
            -0.48284356938731054,
            0.00024217320756014793,
            -0.0006849298698572426,
            -0.001630124255391996,
            -0.31049233614393557,
            -0.4847813676887678,
            0.06123179200011422,
            0.3091748134301452,
            0.07719182772361866
        ],
        [
            -0.13791735952601797,
            -0.19572077452171366,
            -0.006390404543149111,
            -0.11354257400974993,
            0.013091096335636323,
            -0.3335114204197837,
            -0.31199975315388595,
            -0.03283887400689697,
            -0.1819338278862726,
            -0.02437342237902798,
            -0.5572844515920512,
            -0.36767495545533224,
            -0.02604234756050343,
            -0.1121814555752455,
            -0.04498308167313821,
            -0.4847813676887678,
            -0.3153934108196992,
            0.04929542496747537,
            0.2504255125718219,
            0.06130885029373653
        ],
        [
            0.009587814639464313,
            0.021021643255798063,
            -0.003394243328154303,
            0.013139079835407508,
            -0.0003562663432403299,
            0.04427764007951873,
            0.03714269627878278,
            -0.03984709922305081,
            0.042408565286891714,
            0.00395020640710626,
            0.012202985660776322,
            0.0472421199755936,
            0.44919925891851076,
            -0.18322013487251,
            -0.04399122104573621,
            0.06123179200011422,
            0.04929542496747537,
            1.4594508682543912,
            -0.056550660585945,
            -0.01383908557339382
        ],
        [
            0.06515606449139619,
            0.11810659248121577,
            0.008909398130538567,
            0.08615121453772,
            -0.001814783953367575,
            0.2420426125065982,
            0.19248659380982946,
            0.03495240942618065,
            0.17118755474485137,
            0.02062833130461239,
            0.06514819352239087,
            0.24254527361356015,
            -0.18217761209379435,
            -0.4507828031462531,
            -0.22338122374069397,
            0.3091748134301452,
            0.2504255125718219,
            -0.056550660585945,
            1.1822507008803955,
            -0.07033098371689085
        ],
        [
            0.006142369083091637,
            0.02197367481788056,
            0.0007591948067738224,
            0.008591110537995474,
            -0.005030799287577751,
            0.04679214888729028,
            0.044625289000755394,
            0.008114476314078512,
            0.05141423917697058,
            -0.04193608821514197,
            0.012741859354273355,
            0.0575048551158263,
            -0.04487416092433761,
            -0.22916320648108246,
            0.4292672838195034,
            0.07719182772361866,
            0.06130885029373653,
            -0.01383908557339382,
            -0.07033098371689085,
            1.4532168430508807
        ]
    ]
}