{
    "HF": -2.160444530786306,
    "coordinates": [
        [
            0.734592,
            -0.012684,
            -0.174759
        ],
        [
            1.387351,
            0.178935,
            0.131287
        ],
        [
            2.17292,
            0.192138,
            -0.11674
        ],
        [
            2.883768,
            -0.121713,
            0.050645
        ]
    ],
    "elements": [
        "H",
        "H",
        "H",
        "H"
    ],
    "Enn": 2.972133082234954,
    "S": [
        [
            0.9999999999999999,
            0.6848602514927513,
            0.0,
            0.0,
            0.0,
            0.5659037314786526,
            0.5637739328774978,
            -0.2199654548133314,
            -0.4691596371738085,
            -0.13772295826730543,
            0.14102599778740557,
            0.32728097425074565,
            -0.007375147775601643,
            -0.18283461538091952,
            -0.026036169490930235,
            0.016719650172580112,
            0.13383774246220062,
            -0.00214382105899559,
            -0.020440847404162785,
            0.0010369765675907715
        ],
        [
            0.6848602514927513,
            1.0000000000000002,
            0.0,
            0.0,
            0.0,
            0.5637739328774978,
            0.8858390615120955,
            -0.0676672879499927,
            -0.14432611834478926,
            -0.04236728481891499,
            0.32728097425074565,
            0.6309516038754308,
            -0.007174558934893516,
            -0.1778618901343958,
            -0.02532803926580532,
            0.13383774246220062,
            0.3606571847188065,
            -0.010695295842080153,
            -0.10197721928935802,
            0.005173366090957382
        ],
        [
            0.0,
            0.0,
            1.0000000000000004,
            0.0,
            0.0,
            0.21996545481333138,
            0.0676672879499927,
            0.3675245152347998,
            -0.2518594617459415,
            -0.07393396061991572,
            0.0073751477756016474,
            0.007174558934893502,
            0.0637325211824982,
            -0.013929434780423378,
            -0.0019835911493038287,
            0.00214382105899559,
            0.010695295842080146,
            0.0019919917636554907,
            -0.0028859256390772903,
            0.0001464047553587784
        ],
        [
            0.0,
            0.0,
            0.0,
            1.0000000000000004,
            0.0,
            0.4691596371738083,
            0.14432611834478887,
            -0.25185946174594137,
            -0.05157688395494827,
            -0.15769217111249795,
            0.1828346153809195,
            0.17786189013439574,
            -0.013929434780423387,
            -0.2810251648538503,
            -0.04917448922931935,
            0.020440847404162774,
            0.10197721928935796,
            -0.0028859256390772895,
            -0.025221980680880725,
            0.0013959361258139068
        ],
        [
            0.0,
            0.0,
            0.0,
            0.0,
            1.0000000000000004,
            0.1377229582673054,
            0.042367284818914976,
            -0.07393396061991572,
            -0.157692171112498,
            0.4393178795439746,
            0.026036169490930235,
            0.025328039265805305,
            -0.0019835911493038304,
            -0.04917448922931935,
            0.0572918168672083,
            -0.001036976567590771,
            -0.0051733660909573775,
            0.00014640475535877834,
            0.0013959361258139068,
            0.0022238488395251326
        ],
        [
            0.5659037314786526,
            0.5637739328774978,
            0.2199654548133314,
            0.4691596371738084,
            0.13772295826730543,
            0.9999999999999999,
            0.6848602514927513,
            0.0,
            0.0,
            0.0,
            0.504150650048401,
            0.5401793689026527,
            0.15401415840342647,
            -0.4878047486879306,
            -0.008198498282043639,
            0.11667085602217936,
            0.30289293097328474,
            0.008133855009852522,
            -0.15093423913442722,
            0.030324486508297666
        ],
        [
            0.5637739328774978,
            0.8858390615120955,
            0.0676672879499927,
            0.14432611834478906,
            0.04236728481891499,
            0.6848602514927513,
            1.0000000000000002,
            0.0,
            0.0,
            0.0,
            0.5401793689026527,
            0.8625444242354036,
            0.05239266147778485,
            -0.16594181554605744,
            -0.002788971803437502,
            0.30289293097328474,
            0.6011586052249416,
            0.009179301595337294,
            -0.1703338577340575,
            0.03422210096519143
        ],
        [
            -0.21996545481333138,
            -0.0676672879499927,
            0.3675245152347998,
            -0.25185946174594137,
            -0.07393396061991572,
            0.0,
            0.0,
            1.0000000000000004,
            0.0,
            0.0,
            -0.15401415840342655,
            -0.05239266147778486,
            0.34813711271969416,
            0.20957341088021225,
            0.003522284794653866,
            -0.008133855009852519,
            -0.009179301595337294,
            0.04738025047601858,
            0.015098656414528296,
            -0.003033499922625246
        ],
        [
            -0.4691596371738085,
            -0.14432611834478887,
            -0.2518594617459415,
            -0.05157688395494827,
            -0.157692171112498,
            0.0,
            0.0,
            0.0,
            1.0000000000000004,
            0.0,
            0.4878047486879308,
            0.16594181554605741,
            0.2095734108802124,
            -0.24947048070085573,
            -0.01115603439888175,
            0.15093423913442722,
            0.1703338577340575,
            0.015098656414528306,
            -0.23198125299456077,
            0.056290529174810956
        ],
        [
            -0.1377229582673054,
            -0.04236728481891498,
            -0.07393396061991572,
            -0.15769217111249795,
            0.4393178795439746,
            0.0,
            0.0,
            0.0,
            0.0,
            1.0000000000000004,
            0.008198498282043642,
            0.0027889718034375018,
            0.003522284794653866,
            -0.011156034398881742,
            0.4141180402489348,
            -0.030324486508297673,
            -0.03422210096519143,
            -0.003033499922625248,
            0.05629052917481096,
            0.03688448013608781
        ],
        [
            0.14102599778740557,
            0.32728097425074565,
            0.0073751477756016474,
            0.1828346153809195,
            0.026036169490930235,
            0.504150650048401,
            0.5401793689026527,
            -0.15401415840342647,
            0.4878047486879306,
            0.008198498282043639,
            0.9999999999999999,
            0.6848602514927513,
            0.0,
            0.0,
            0.0,
            0.5269035341900346,
            0.5491218548311237,
            -0.10991330020387478,
            -0.4667780841970544,
            0.20609014656203545
        ],
        [
            0.32728097425074565,
            0.6309516038754308,
            0.007174558934893504,
            0.1778618901343959,
            0.02532803926580532,
            0.5401793689026527,
            0.8625444242354036,
            -0.05239266147778485,
            0.16594181554605744,
            0.002788971803437502,
            0.6848602514927513,
            1.0000000000000002,
            0.0,
            0.0,
            0.0,
            0.5491218548311237,
            0.8714179340659866,
            -0.035983267250889614,
            -0.15281317656158203,
            0.06746951285933006
        ],
        [
            -0.007375147775601643,
            -0.007174558934893502,
            0.0637325211824982,
            -0.013929434780423387,
            -0.00198359114930383,
            0.15401415840342655,
            0.05239266147778486,
            0.34813711271969416,
            0.2095734108802124,
            0.003522284794653866,
            0.0,
            0.0,
            1.0000000000000004,
            0.0,
            0.0,
            0.10991330020387474,
            0.03598326725088962,
            0.4083295921629086,
            -0.1360298198649159,
            0.060059386809027705
        ],
        [
            -0.18283461538091947,
            -0.17786189013439574,
            -0.013929434780423378,
            -0.2810251648538502,
            -0.049174489229319336,
            -0.4878047486879308,
            -0.16594181554605741,
            0.20957341088021225,
            -0.24947048070085573,
            -0.011156034398881742,
            0.0,
            0.0,
            0.0,
            1.0000000000000004,
            0.0,
            0.4667780841970544,
            0.15281317656158197,
            -0.1360298198649159,
            -0.13732846728611356,
            0.25505926453639055
        ],
        [
            -0.026036169490930235,
            -0.025328039265805312,
            -0.001983591149303829,
            -0.04917448922931935,
            0.0572918168672083,
            -0.008198498282043642,
            -0.0027889718034375018,
            0.003522284794653866,
            -0.01115603439888175,
            0.4141180402489348,
            0.0,
            0.0,
            0.0,
            0.0,
            1.0000000000000004,
            -0.20609014656203536,
            -0.06746951285932999,
            0.060059386809027684,
            0.25505926453639044,
            0.3277480137721391
        ],
        [
            0.016719650172580112,
            0.13383774246220062,
            0.00214382105899559,
            0.02044084740416278,
            -0.0010369765675907715,
            0.11667085602217936,
            0.30289293097328474,
            -0.008133855009852519,
            0.15093423913442727,
            -0.030324486508297666,
            0.5269035341900346,
            0.5491218548311237,
            0.10991330020387477,
            0.4667780841970544,
            -0.20609014656203545,
            0.9999999999999999,
            0.6848602514927513,
            0.0,
            0.0,
            0.0
        ],
        [
            0.13383774246220062,
            0.3606571847188065,
            0.010695295842080158,
            0.10197721928935806,
            -0.005173366090957382,
            0.30289293097328474,
            0.6011586052249416,
            -0.009179301595337294,
            0.1703338577340575,
            -0.03422210096519143,
            0.5491218548311237,
            0.8714179340659866,
            0.035983267250889614,
            0.15281317656158203,
            -0.06746951285933006,
            0.6848602514927513,
            1.0000000000000002,
            0.0,
            0.0,
            0.0
        ],
        [
            -0.00214382105899559,
            -0.01069529584208015,
            0.0019919917636554907,
            -0.0028859256390772903,
            0.0001464047553587784,
            0.008133855009852519,
            0.0091793015953373,
            0.04738025047601858,
            0.015098656414528306,
            -0.0030334999226252473,
            -0.10991330020387474,
            -0.03598326725088961,
            0.4083295921629086,
            -0.1360298198649159,
            0.060059386809027705,
            0.0,
            0.0,
            1.0000000000000004,
            0.0,
            0.0
        ],
        [
            -0.02044084740416277,
            -0.101977219289358,
            -0.0028859256390772895,
            -0.025221980680880725,
            0.0013959361258139068,
            -0.15093423913442722,
            -0.1703338577340575,
            0.015098656414528296,
            -0.23198125299456082,
            0.05629052917481094,
            -0.4667780841970544,
            -0.15281317656158197,
            -0.1360298198649159,
            -0.13732846728611356,
            0.25505926453639055,
            0.0,
            0.0,
            0.0,
            1.0000000000000004,
            0.0
        ],
        [
            0.001036976567590771,
            0.005173366090957376,
            0.00014640475535877834,
            0.0013959361258139068,
            0.0022238488395251326,
            0.030324486508297673,
            0.034222100965191446,
            -0.0030334999226252473,
            0.05629052917481098,
            0.03688448013608781,
            0.20609014656203536,
            0.06746951285932999,
            0.060059386809027684,
            0.25505926453639044,
            0.3277480137721391,
            0.0,
            0.0,
            0.0,
            0.0,
            1.0000000000000004
        ]
    ],
    "h": [
        [
            -0.28822041542645205,
            -0.4782092173303445,
            -0.11823382484820683,
            -0.27021848490335443,
            -0.07920310898145272,
            -0.598453999358783,
            -0.4752835030691436,
            0.030374272312848116,
            0.009727941778086002,
            0.004755505592316744,
            -0.26481950284976996,
            -0.32929550031825927,
            -0.0358827617014682,
            0.31070402578767675,
            0.015330656578718557,
            -0.023096967145749416,
            -0.15324575854749461,
            0.004460532433517825,
            0.07719616633218866,
            -0.010794642301693712
        ],
        [
            -0.4782092173303445,
            -0.32192480715366334,
            -0.09464507984169755,
            -0.2296943432279731,
            -0.06503077034491028,
            -0.5477695469278099,
            -0.37545466007354267,
            0.12119327973460675,
            0.08784724142769323,
            0.05220190535851724,
            -0.34464248449205337,
            -0.32278294314034794,
            -0.0563195107586294,
            0.17961762257035963,
            0.023587932440513396,
            -0.15147709847072,
            -0.21025424829689343,
            0.015255678907260765,
            0.11533074753028241,
            -0.03646754860336572
        ],
        [
            -0.11823382484820683,
            -0.09464507984169755,
            1.4282686936340054,
            -0.09909572253841822,
            -0.029231994217373394,
            -0.013978156167720523,
            -0.08532757353890166,
            0.25661045940916904,
            -0.3616958308719163,
            -0.10492594837859148,
            -0.05213419776804391,
            -0.0677645234029374,
            -0.057913639318106974,
            0.0727007235244664,
            0.0033500482488843623,
            -0.007641133243953296,
            -0.03249658159304612,
            -0.006007664110524174,
            0.015842295315866072,
            -0.002157217177990548
        ],
        [
            -0.27021848490335443,
            -0.2296943432279731,
            -0.09909572253841822,
            1.2370056924063049,
            -0.0663123096911006,
            -0.07871891467911118,
            -0.2248861334262124,
            -0.32560848377986273,
            -0.38456742559032847,
            -0.218817073189697,
            -0.23448420963447236,
            -0.18220922014541102,
            -0.04875550088036571,
            0.10126289435666691,
            0.005080079923846459,
            -0.07987038138754557,
            -0.12125514977510723,
            0.011117883853785584,
            0.10374148911148871,
            -0.01580462395356809
        ],
        [
            -0.07920310898145272,
            -0.06503077034491028,
            -0.029231994217373394,
            -0.0663123096911006,
            1.4553356571335605,
            -0.017093316127399893,
            -0.060453591755509184,
            -0.09870545411832293,
            -0.22835575243234257,
            0.3548302502125248,
            -0.04688533151694092,
            -0.047278671614418115,
            -0.010939666404175097,
            0.04640967468488083,
            -0.04276845839880197,
            -0.0036204684533203127,
            -0.02307621424245181,
            0.00015799781662640202,
            0.0039910634962446335,
            -0.008250232244555657
        ],
        [
            -0.598453999358783,
            -0.5477695469278099,
            -0.013978156167720523,
            -0.07871891467911118,
            -0.017093316127399893,
            -0.43881563015138925,
            -0.5946679765598035,
            0.17715980769589207,
            0.05582734770170056,
            0.06831378041388025,
            -0.5022371424643026,
            -0.5038911914470368,
            -0.018313498140904938,
            0.0867492529493421,
            0.026013485055692825,
            -0.23048983626922379,
            -0.3263557785945994,
            0.015510826778874939,
            0.21706606392658054,
            -0.0642686989199559
        ],
        [
            -0.4752835030691436,
            -0.37545466007354267,
            -0.08532757353890166,
            -0.2248861334262124,
            -0.060453591755509184,
            -0.5946679765598035,
            -0.4314248811929293,
            0.1440772539251053,
            0.003950679690599507,
            0.05537186388049988,
            -0.49743833043667807,
            -0.41188781833424115,
            -0.07513781667373035,
            0.12826028426580055,
            0.05235159759321973,
            -0.3042777052270924,
            -0.31090834761590924,
            0.030125860536018484,
            0.16650744610217627,
            -0.06598854271937113
        ],
        [
            0.030374272312848116,
            0.12119327973460675,
            0.25661045940916904,
            -0.32560848377986273,
            -0.09870545411832293,
            0.17715980769589207,
            0.1440772539251053,
            1.338371459146724,
            -0.036736801193422694,
            -0.027977515912523183,
            0.03624324488111669,
            0.10624812521832325,
            0.22458873002835528,
            0.2410736600315907,
            -0.001466296743339278,
            0.040589461300693276,
            0.06605933446376774,
            -0.049609567315286096,
            -0.04743352749884146,
            0.016118747087491447
        ],
        [
            0.009727941778086002,
            0.08784724142769323,
            -0.3616958308719163,
            -0.38456742559032847,
            -0.22835575243234257,
            0.05582734770170056,
            0.003950679690599507,
            -0.036736801193422694,
            0.9351474040023517,
            -0.06166512880074745,
            -0.06112903795154545,
            -0.11124727631158621,
            0.26341950815414106,
            -0.7176005479620662,
            0.013374625806457898,
            -0.2885398290174153,
            -0.17050064364662856,
            0.029778822602697375,
            0.14657933035289167,
            -0.0738331150227853
        ],
        [
            0.004755505592316744,
            0.05220190535851724,
            -0.10492594837859148,
            -0.218817073189697,
            0.3548302502125248,
            0.06831378041388025,
            0.05537186388049988,
            -0.027977515912523183,
            -0.06166512880074745,
            1.387193061665459,
            0.023630028516926235,
            0.0356613278986483,
            0.008134011815312996,
            -0.032799942489228656,
            0.3032732644504921,
            0.020222651873688997,
            0.015131523617290601,
            -0.00157142277340007,
            -0.01128483036556785,
            -0.039981169223822444
        ],
        [
            -0.26481950284976996,
            -0.34464248449205337,
            -0.05213419776804391,
            -0.23448420963447236,
            -0.04688533151694092,
            -0.5022371424643026,
            -0.49743833043667807,
            0.03624324488111669,
            -0.06112903795154545,
            0.023630028516926235,
            -0.40704084599558943,
            -0.5846752353679959,
            -0.11444984858466614,
            -0.030409704088409137,
            0.10410409575100624,
            -0.5609682029322243,
            -0.5280180857884433,
            0.0039766120122757265,
            0.07350115421202041,
            -0.02358789562327146
        ],
        [
            -0.32929550031825927,
            -0.32278294314034794,
            -0.0677645234029374,
            -0.18220922014541102,
            -0.047278671614418115,
            -0.5038911914470368,
            -0.41188781833424115,
            0.10624812521832325,
            -0.11124727631158621,
            0.0356613278986483,
            -0.5846752353679959,
            -0.43399235819058735,
            -0.09611197124672746,
            0.009857269484063916,
            0.0864140139425264,
            -0.4534693801178371,
            -0.36920952891039027,
            0.03737969388072298,
            0.20761270640477497,
            -0.0838367164971692
        ],
        [
            -0.0358827617014682,
            -0.0563195107586294,
            -0.057913639318106974,
            -0.04875550088036571,
            -0.010939666404175097,
            -0.018313498140904938,
            -0.07513781667373035,
            0.22458873002835528,
            0.26341950815414106,
            0.008134011815312996,
            -0.11444984858466614,
            -0.09611197124672746,
            1.3843869461259168,
            0.014080049536836434,
            0.02211801548482336,
            -0.022721799055387043,
            -0.07351541422707916,
            0.3138009810053538,
            -0.16521478097973058,
            0.07652799911944093
        ],
        [
            0.31070402578767675,
            0.17961762257035963,
            0.0727007235244664,
            0.10126289435666691,
            0.04640967468488083,
            0.0867492529493421,
            0.12826028426580055,
            0.2410736600315907,
            -0.7176005479620662,
            -0.032799942489228656,
            -0.030409704088409137,
            0.009857269484063916,
            0.014080049536836434,
            0.9417748031772835,
            0.08474592780627677,
            -0.02777961156059705,
            -0.08894995765612929,
            -0.18785575652824726,
            -0.4697811292388104,
            0.3566794207955065
        ],
        [
            0.015330656578718557,
            0.023587932440513396,
            0.0033500482488843623,
            0.005080079923846459,
            -0.04276845839880197,
            0.026013485055692825,
            0.05235159759321973,
            -0.001466296743339278,
            0.013374625806457898,
            0.3032732644504921,
            0.10410409575100624,
            0.0864140139425264,
            0.02211801548482336,
            0.08474592780627677,
            1.376616814443838,
            0.01579589416017102,
            0.08131151243460386,
            0.083060787064522,
            0.34159025490656125,
            0.20487588144300367
        ],
        [
            -0.023096967145749416,
            -0.15147709847072,
            -0.007641133243953296,
            -0.07987038138754557,
            -0.0036204684533203127,
            -0.23048983626922379,
            -0.3042777052270924,
            0.040589461300693276,
            -0.2885398290174153,
            0.020222651873688997,
            -0.5609682029322243,
            -0.4534693801178371,
            -0.022721799055387043,
            -0.02777961156059705,
            0.01579589416017102,
            -0.24996512932897597,
            -0.46095401886345977,
            0.05305123342377402,
            0.2479569321358898,
            -0.10816518448524694
        ],
        [
            -0.15324575854749461,
            -0.21025424829689343,
            -0.03249658159304612,
            -0.12125514977510723,
            -0.02307621424245181,
            -0.3263557785945994,
            -0.31090834761590924,
            0.06605933446376774,
            -0.17050064364662856,
            0.015131523617290601,
            -0.5280180857884433,
            -0.36920952891039027,
            -0.07351541422707916,
            -0.08894995765612929,
            0.08131151243460386,
            -0.46095401886345977,
            -0.3134420319084834,
            0.04345549158834523,
            0.21680263134639421,
            -0.09194971816221831
        ],
        [
            0.004460532433517825,
            0.015255678907260765,
            -0.006007664110524174,
            0.011117883853785584,
            0.00015799781662640202,
            0.015510826778874939,
            0.030125860536018484,
            -0.049609567315286096,
            0.029778822602697375,
            -0.00157142277340007,
            0.0039766120122757265,
            0.03737969388072298,
            0.3138009810053538,
            -0.18785575652824726,
            0.083060787064522,
            0.05305123342377402,
            0.04345549158834523,
            1.4816032863221833,
            -0.0451789824077415,
            0.0203876800248736
        ],
        [
            0.07719616633218866,
            0.11533074753028241,
            0.015842295315866072,
            0.10374148911148871,
            0.0039910634962446335,
            0.21706606392658054,
            0.16650744610217627,
            -0.04743352749884146,
            0.14657933035289167,
            -0.01128483036556785,
            0.07350115421202041,
            0.20761270640477497,
            -0.16521478097973058,
            -0.4697811292388104,
            0.34159025490656125,
            0.2479569321358898,
            0.21680263134639421,
            -0.0451789824077415,
            1.274100767756013,
            0.09235875936035189
        ],
        [
            -0.010794642301693712,
            -0.03646754860336572,
            -0.002157217177990548,
            -0.01580462395356809,
            -0.008250232244555657,
            -0.0642686989199559,
            -0.06598854271937113,
            0.016118747087491447,
            -0.0738331150227853,
            -0.039981169223822444,
            -0.02358789562327146,
            -0.0838367164971692,
            0.07652799911944093,
            0.3566794207955065,
            0.20487588144300367,
            -0.10816518448524694,
            -0.09194971816221831,
            0.0203876800248736,
            0.09235875936035189,
            1.4526296336703628
        ]
    ]
}