{
    "HF": -2.168930005714972,
    "coordinates": [
        [
            0.705279,
            0.192923,
            -0.030401
        ],
        [
            1.537735,
            0.135144,
            0.013494
        ],
        [
            2.316276,
            -0.156171,
            0.018045
        ],
        [
            3.118916,
            0.090049,
            0.130242
        ]
    ],
    "elements": [
        "H",
        "H",
        "H",
        "H"
    ],
    "Enn": 2.7677010207365393,
    "S": [
        [
            0.9999999999999999,
            0.6848602514927513,
            0.0,
            0.0,
            0.0,
            0.49506666688792583,
            0.5365227478221865,
            -0.026636530844179624,
            -0.5051541159681604,
            0.03506167252866738,
            0.08435580558733417,
            0.2649999585183752,
            -0.0032938989332968113,
            -0.10953352804863897,
            0.023735300215091376,
            0.006441859916793991,
            0.08880030781370575,
            -0.00047541620490099194,
            -0.007143057229687042,
            0.0003044512780699105
        ],
        [
            0.6848602514927513,
            1.0000000000000002,
            0.0,
            0.0,
            0.0,
            0.5365227478221865,
            0.8588999301626958,
            -0.009205285018271149,
            -0.1745755722786179,
            0.012116919081232245,
            0.26499995851837516,
            0.5529942929272951,
            -0.004779614486059629,
            -0.15893870697681137,
            0.03444112495142013,
            0.08880030781370571,
            0.278885033668687,
            -0.004907357163114546,
            -0.07373230592748077,
            0.003142617236967971
        ],
        [
            0.0,
            0.0,
            1.0000000000000004,
            0.0,
            0.0,
            0.02663653084417962,
            0.009205285018271146,
            0.4019618078842566,
            -0.03832402921292474,
            0.002659989337446759,
            0.0032938989332968096,
            0.004779614486059626,
            0.029121502450443263,
            -0.005936807028791744,
            0.0012864727326674255,
            0.00047541620490099145,
            0.004907357163114543,
            0.0004625543160478269,
            -0.0004990518063540737,
            2.1270578602693364e-05
        ],
        [
            0.0,
            0.0,
            0.0,
            1.0000000000000004,
            0.0,
            0.5051541159681603,
            0.1745755722786177,
            -0.03832402921292473,
            -0.3228215323763162,
            0.050445929693440694,
            0.10953352804863893,
            0.15893870697681128,
            -0.005936807028791742,
            -0.168119325493667,
            0.042779666286360575,
            0.0071430572296870345,
            0.07373230592748078,
            -0.0004990518063540739,
            -0.007002409189498297,
            0.0003195872557588505
        ],
        [
            0.0,
            0.0,
            0.0,
            0.0,
            1.0000000000000004,
            -0.03506167252866738,
            -0.012116919081232243,
            0.002659989337446757,
            0.05044592969344067,
            0.40048127064330213,
            -0.023735300215091366,
            -0.03444112495142013,
            0.001286472732667426,
            0.0427796662863606,
            0.020029921107179483,
            -0.0003044512780699103,
            -0.0031426172369679677,
            2.1270578602693357e-05,
            0.00031958725575885027,
            0.00048214796661715507
        ],
        [
            0.49506666688792583,
            0.5365227478221865,
            0.026636530844179624,
            0.5051541159681604,
            -0.03506167252866738,
            0.9999999999999999,
            0.6848602514927513,
            0.0,
            0.0,
            0.0,
            0.4984268692749183,
            0.5378812424112593,
            -0.0027854115481330036,
            -0.47650122876181433,
            0.17829755331671415,
            0.10017750150505335,
            0.2845034598581741,
            -0.009781809304095421,
            -0.13248030816167214,
            0.0037783147511579024
        ],
        [
            0.5365227478221865,
            0.8588999301626958,
            0.009205285018271147,
            0.1745755722786179,
            -0.012116919081232245,
            0.6848602514927513,
            1.0000000000000002,
            0.0,
            0.0,
            0.0,
            0.5378812424112593,
            0.8602550192726685,
            -0.0009569771143884867,
            -0.1637103756565873,
            0.06125725952056298,
            0.2845034598581741,
            0.5780883734573004,
            -0.012427746761190992,
            -0.16831566323711503,
            0.004800332684036618
        ],
        [
            -0.02663653084417962,
            -0.009205285018271144,
            0.4019618078842566,
            -0.03832402921292472,
            0.0026599893374467565,
            0.0,
            0.0,
            1.0000000000000004,
            0.0,
            0.0,
            0.002785411548133003,
            0.0009569771143884867,
            0.40777364290094426,
            -0.0037511374071095742,
            0.0014036031419695633,
            0.009781809304095421,
            0.012427746761190985,
            0.03681911290093849,
            -0.0182929153847948,
            0.0005217106828866026
        ],
        [
            -0.5051541159681604,
            -0.17457557227861786,
            -0.03832402921292476,
            -0.3228215323763162,
            0.05044592969344067,
            0.0,
            0.0,
            0.0,
            1.0000000000000004,
            0.0,
            0.4765012287618143,
            0.16371037565658694,
            -0.003751137407109578,
            -0.2339126845435223,
            0.2401148305322185,
            0.13248030816167214,
            0.1683156632371152,
            -0.0182929153847948,
            -0.20958101098008178,
            0.007065808572971881
        ],
        [
            0.03506167252866738,
            0.012116919081232243,
            0.00265998933744676,
            0.050445929693440694,
            0.40048127064330213,
            0.0,
            0.0,
            0.0,
            0.0,
            1.0000000000000004,
            -0.1782975533167141,
            -0.06125725952056298,
            0.0014036031419695648,
            0.2401148305322185,
            0.3179492400369288,
            -0.003778314751157906,
            -0.004800332684036617,
            0.0005217106828866029,
            0.007065808572971885,
            0.03796827207230841
        ],
        [
            0.08435580558733417,
            0.2649999585183752,
            0.0032938989332968113,
            0.10953352804863897,
            -0.023735300215091376,
            0.4984268692749183,
            0.5378812424112593,
            0.0027854115481330036,
            0.47650122876181433,
            -0.17829755331671415,
            0.9999999999999999,
            0.6848602514927513,
            0.0,
            0.0,
            0.0,
            0.4862776229574205,
            0.5329361413712843,
            -0.06655695201071059,
            -0.4761381495216158,
            -0.14606141629524108
        ],
        [
            0.26499995851837516,
            0.5529942929272951,
            0.004779614486059629,
            0.15893870697681137,
            -0.03444112495142013,
            0.5378812424112593,
            0.8602550192726685,
            0.0009569771143884867,
            0.16371037565658694,
            -0.06125725952056298,
            0.6848602514927513,
            1.0000000000000002,
            0.0,
            0.0,
            0.0,
            0.5329361413712843,
            0.8553160273462165,
            -0.02336110691941964,
            -0.16712174886853473,
            -0.05126671609490012
        ],
        [
            -0.0032938989332968096,
            -0.004779614486059626,
            0.029121502450443263,
            -0.005936807028791742,
            0.0012864727326674255,
            -0.002785411548133003,
            -0.0009569771143884867,
            0.40777364290094426,
            -0.0037511374071095773,
            0.0014036031419695646,
            0.0,
            0.0,
            1.0000000000000004,
            0.0,
            0.0,
            0.06655695201071057,
            0.023361106919419637,
            0.3811633182676415,
            -0.09212458529879734,
            -0.028260384969936565
        ],
        [
            -0.10953352804863889,
            -0.15893870697681137,
            -0.005936807028791744,
            -0.16811932549366704,
            0.04277966628636058,
            -0.4765012287618143,
            -0.1637103756565866,
            -0.0037511374071095747,
            -0.2339126845435223,
            0.2401148305322185,
            0.0,
            0.0,
            0.0,
            1.0000000000000004,
            0.0,
            0.4761381495216157,
            0.1671217488685347,
            -0.09212458529879736,
            -0.2650040973483292,
            -0.20217042694786744
        ],
        [
            0.023735300215091366,
            0.03444112495142013,
            0.001286472732667426,
            0.042779666286360596,
            0.020029921107179483,
            0.1782975533167141,
            0.06125725952056298,
            0.0014036031419695635,
            0.2401148305322185,
            0.3179492400369288,
            0.0,
            0.0,
            0.0,
            0.0,
            1.0000000000000004,
            0.14606141629524103,
            0.05126671609490007,
            -0.028260384969936565,
            -0.2021704269478674,
            0.3320226070816369
        ],
        [
            0.006441859916793991,
            0.08880030781370575,
            0.0004754162049009919,
            0.007143057229687041,
            -0.0003044512780699106,
            0.10017750150505335,
            0.2845034598581741,
            0.009781809304095421,
            0.13248030816167214,
            -0.003778314751157906,
            0.4862776229574205,
            0.5329361413712843,
            0.06655695201071059,
            0.4761381495216158,
            0.14606141629524108,
            0.9999999999999999,
            0.6848602514927513,
            0.0,
            0.0,
            0.0
        ],
        [
            0.08880030781370571,
            0.278885033668687,
            0.004907357163114545,
            0.07373230592748077,
            -0.003142617236967968,
            0.2845034598581741,
            0.5780883734573004,
            0.012427746761190992,
            0.1683156632371152,
            -0.0048003326840366295,
            0.5329361413712843,
            0.8553160273462165,
            0.02336110691941964,
            0.16712174886853473,
            0.05126671609490012,
            0.6848602514927513,
            1.0000000000000002,
            0.0,
            0.0,
            0.0
        ],
        [
            -0.00047541620490099145,
            -0.004907357163114543,
            0.0004625543160478269,
            -0.0004990518063540737,
            2.1270578602693357e-05,
            -0.009781809304095421,
            -0.01242774676119098,
            0.03681911290093849,
            -0.0182929153847948,
            0.0005217106828866029,
            -0.06655695201071057,
            -0.023361106919419637,
            0.3811633182676415,
            -0.09212458529879736,
            -0.02826038496993657,
            0.0,
            0.0,
            1.0000000000000004,
            0.0,
            0.0
        ],
        [
            -0.007143057229687036,
            -0.07373230592748076,
            -0.0004990518063540739,
            -0.007002409189498297,
            0.0003195872557588504,
            -0.13248030816167214,
            -0.168315663237115,
            -0.0182929153847948,
            -0.20958101098008178,
            0.007065808572971885,
            -0.4761381495216157,
            -0.1671217488685347,
            -0.09212458529879734,
            -0.2650040973483292,
            -0.20217042694786744,
            0.0,
            0.0,
            0.0,
            1.0000000000000004,
            0.0
        ],
        [
            0.0003044512780699102,
            0.0031426172369679707,
            2.1270578602693364e-05,
            0.0003195872557588503,
            0.00048214796661715507,
            0.0037783147511579024,
            0.004800332684036617,
            0.0005217106828866026,
            0.007065808572971881,
            0.03796827207230841,
            -0.14606141629524103,
            -0.05126671609490007,
            -0.02826038496993656,
            -0.2021704269478674,
            0.3320226070816369,
            0.0,
            0.0,
            0.0,
            0.0,
            1.0000000000000004
        ]
    ],
    "h": [
        [
            -0.22445909892441174,
            -0.4480805321160677,
            -0.012629350744010781,
            -0.24888381530014844,
            0.01996068825421851,
            -0.5330661555671887,
            -0.43745862031055194,
            0.004216595920558404,
            0.04502601011378582,
            0.0068167162265632755,
            -0.1947730768453108,
            -0.2774001701099158,
            0.007230819085342955,
            0.25884425399989497,
            -0.06348813416932,
            0.004727774799229999,
            -0.1067165223972688,
            0.0029121622695986804,
            0.041649045163746706,
            -0.001563671993252542
        ],
        [
            -0.4480805321160677,
            -0.30484149772004066,
            -0.011069645429100095,
            -0.22146904483562552,
            0.018830483121472764,
            -0.5089308817055593,
            -0.3591970591000372,
            0.010278747887896986,
            0.1142747928894158,
            0.018862930319732372,
            -0.29080515144689767,
            -0.289870972409333,
            -0.0005010061486483853,
            0.16560118440336505,
            -0.06815612731103432,
            -0.10500687952413629,
            -0.17110744658260946,
            0.010011199846653782,
            0.09433367223700509,
            0.013200278695776807
        ],
        [
            -0.012629350744010781,
            -0.011069645429100095,
            1.493250390822001,
            -0.01217402500334625,
            0.0009029388123020374,
            -0.0030267145153413458,
            -0.010089858779883174,
            0.3032401232044974,
            -0.051742752231651354,
            0.00409789486111019,
            -0.008144823136676579,
            -0.00799186134398929,
            -0.039224858590115354,
            0.01019342690341972,
            -0.0030217200267781304,
            -0.0019570812370278733,
            -0.004771559735672137,
            -0.0014737822064343766,
            0.003070463551642388,
            1.6064040316154184e-05
        ],
        [
            -0.24888381530014844,
            -0.22146904483562552,
            -0.01217402500334625,
            1.255173215240038,
            0.019027534613671453,
            -0.07598662670501821,
            -0.20725085414100242,
            -0.04977850020762295,
            -0.6781570710214387,
            0.08148767168696401,
            -0.20150814212970525,
            -0.163798308204003,
            0.004486796214924645,
            0.20576007294266363,
            -0.07186097660123117,
            -0.04031027564958284,
            -0.09636079779342198,
            0.004479443471626582,
            0.053266286934034617,
            0.0012840523364902646
        ],
        [
            0.01996068825421851,
            0.018830483121472764,
            0.0009029388123020374,
            0.019027534613671453,
            1.4919556619216652,
            0.011183859841590815,
            0.01941598277839169,
            0.003339041613877881,
            0.06965052216977666,
            0.29890805373677237,
            0.030274083479482933,
            0.015408530408206472,
            -0.000640219549025366,
            -0.03447442002197938,
            -0.029458979576950726,
            0.005131263853923745,
            0.00980123643496545,
            -0.0004407697495892928,
            -0.004684499463110064,
            -0.0021067649877939097
        ],
        [
            -0.5330661555671887,
            -0.5089308817055593,
            -0.0030267145153413458,
            -0.07598662670501821,
            0.011183859841590815,
            -0.3861689409262228,
            -0.5754369578919668,
            0.011436875635023491,
            0.04624151060042275,
            0.05498781012350639,
            -0.4818170168051463,
            -0.48188087641433064,
            -0.003118158288912994,
            0.05136472658537772,
            -0.035073611614972466,
            -0.21324586327515005,
            -0.30473011086554863,
            0.02118344378674751,
            0.20870409503013898,
            0.023453922892615327
        ],
        [
            -0.43745862031055194,
            -0.3591970591000372,
            -0.010089858779883174,
            -0.20725085414100242,
            0.01941598277839169,
            -0.5754369578919668,
            -0.43250516699003416,
            0.008360667476237796,
            0.012714421339784468,
            0.05024273023228844,
            -0.4827492460725369,
            -0.402802402518353,
            -0.011379009219075368,
            0.10482587014135714,
            -0.09919490236213105,
            -0.2897211017042483,
            -0.2993645435294606,
            0.020867184980933248,
            0.16249564326106503,
            0.04038780020401045
        ],
        [
            0.004216595920558404,
            0.010278747887896986,
            0.3032401232044974,
            -0.04977850020762295,
            0.003339041613877881,
            0.011436875635023491,
            0.008360667476237796,
            1.4204505842217494,
            -0.016297386706640174,
            0.0015299187798931942,
            -0.002634170173430034,
            0.0012573105115077634,
            0.3003752155253481,
            -0.01164444721886439,
            0.0015448577151732463,
            -0.011614818145302835,
            -0.002844936123202777,
            -0.041175408736476404,
            0.0080384601881512,
            0.0012232578766674719
        ],
        [
            0.04502601011378582,
            0.1142747928894158,
            -0.051742752231651354,
            -0.6781570710214387,
            0.06965052216977666,
            0.04624151060042275,
            0.012714421339784468,
            -0.016297386706640174,
            0.9483782441214319,
            0.09216655742782442,
            -0.06469575377083847,
            -0.11275243281068553,
            -0.01677087974052946,
            -0.6724093382343904,
            0.3065856988441605,
            -0.2715913525330727,
            -0.16983604741751154,
            0.025090531892379205,
            0.17749120739335916,
            0.03874801872558108
        ],
        [
            0.0068167162265632755,
            0.018862930319732372,
            0.00409789486111019,
            0.08148767168696401,
            0.29890805373677237,
            0.05498781012350639,
            0.05024273023228844,
            0.0015299187798931942,
            0.09216655742782442,
            1.3929240357008785,
            0.014698197232233756,
            0.05820768433157181,
            0.0034945142570138687,
            0.3292393727855611,
            0.1858412453651011,
            0.04926757477299329,
            0.055449787789395785,
            -0.0056374225628848945,
            -0.047877428742778665,
            -0.051361998389794564
        ],
        [
            -0.1947730768453108,
            -0.29080515144689767,
            -0.008144823136676579,
            -0.20150814212970525,
            0.030274083479482933,
            -0.4818170168051463,
            -0.4827492460725369,
            -0.002634170173430034,
            -0.06469575377083847,
            0.014698197232233756,
            -0.38250911894711925,
            -0.5704518877887182,
            -0.029736082503238094,
            -0.036091508009260365,
            -0.13687768101413944,
            -0.5348253831662583,
            -0.510335289418124,
            0.009769924420388806,
            0.08685954206295754,
            0.01439938217462225
        ],
        [
            -0.2774001701099158,
            -0.289870972409333,
            -0.00799186134398929,
            -0.163798308204003,
            0.015408530408206472,
            -0.48188087641433064,
            -0.402802402518353,
            0.0012573105115077634,
            -0.11275243281068553,
            0.05820768433157181,
            -0.5704518877887182,
            -0.42657302521439155,
            -0.024402724276831718,
            -0.008029004173625079,
            -0.12062765308998998,
            -0.4404457234595669,
            -0.36416945902284903,
            0.026246436776069103,
            0.20232664286930058,
            0.05154466942753867
        ],
        [
            0.007230819085342955,
            -0.0005010061486483853,
            -0.039224858590115354,
            0.004486796214924645,
            -0.000640219549025366,
            -0.003118158288912994,
            -0.011379009219075368,
            0.3003752155253481,
            -0.01677087974052946,
            0.0034945142570138687,
            -0.029736082503238094,
            -0.024402724276831718,
            1.4143126600826803,
            -0.03150727692155764,
            -0.008020612034487111,
            -0.008483844674946783,
            -0.02502676953391919,
            0.27168100041946297,
            -0.11769174067742008,
            -0.036708992863523526
        ],
        [
            0.25884425399989497,
            0.16560118440336505,
            0.01019342690341972,
            0.20576007294266363,
            -0.03447442002197938,
            0.05136472658537772,
            0.10482587014135714,
            -0.01164444721886439,
            -0.6724093382343904,
            0.3292393727855611,
            -0.036091508009260365,
            -0.008029004173625079,
            -0.03150727692155764,
            0.9842299782952391,
            0.014297617534737943,
            -0.042853139543815866,
            -0.09864810480147213,
            -0.12224425394690955,
            -0.5959238835792203,
            -0.2645244370997202
        ],
        [
            -0.06348813416932,
            -0.06815612731103432,
            -0.0030217200267781304,
            -0.07186097660123117,
            -0.029458979576950726,
            -0.035073611614972466,
            -0.09919490236213105,
            0.0015448577151732463,
            0.3065856988441605,
            0.1858412453651011,
            -0.13687768101413944,
            -0.12062765308998998,
            -0.008020612034487111,
            0.014297617534737943,
            1.3718996904922989,
            -0.026516862973309352,
            -0.08773724518118621,
            -0.03481975280289125,
            -0.24103119436880693,
            0.20854623806877298
        ],
        [
            0.004727774799229999,
            -0.10500687952413629,
            -0.0019570812370278733,
            -0.04031027564958284,
            0.005131263853923745,
            -0.21324586327515005,
            -0.2897211017042483,
            -0.011614818145302835,
            -0.2715913525330727,
            0.04926757477299329,
            -0.5348253831662583,
            -0.4404457234595669,
            -0.008483844674946783,
            -0.042853139543815866,
            -0.026516862973309352,
            -0.2252093721797086,
            -0.4490492731575928,
            0.0321699698152048,
            0.23519766514125745,
            0.06833268260070255
        ],
        [
            -0.1067165223972688,
            -0.17110744658260946,
            -0.004771559735672137,
            -0.09636079779342198,
            0.00980123643496545,
            -0.30473011086554863,
            -0.2993645435294606,
            -0.002844936123202777,
            -0.16983604741751154,
            0.055449787789395785,
            -0.510335289418124,
            -0.36416945902284903,
            -0.02502676953391919,
            -0.09864810480147213,
            -0.08773724518118621,
            -0.4490492731575928,
            -0.3098819785814573,
            0.028567186702319787,
            0.21270196071588038,
            0.059119702136096
        ],
        [
            0.0029121622695986804,
            0.010011199846653782,
            -0.0014737822064343766,
            0.004479443471626582,
            -0.0004407697495892928,
            0.02118344378674751,
            0.020867184980933248,
            -0.041175408736476404,
            0.025090531892379205,
            -0.0056374225628848945,
            0.009769924420388806,
            0.026246436776069103,
            0.27168100041946297,
            -0.12224425394690955,
            -0.03481975280289125,
            0.0321699698152048,
            0.028567186702319787,
            1.4819615582610832,
            -0.029209905891569014,
            -0.008562461598089722
        ],
        [
            0.041649045163746706,
            0.09433367223700509,
            0.003070463551642388,
            0.053266286934034617,
            -0.004684499463110064,
            0.20870409503013898,
            0.16249564326106503,
            0.0080384601881512,
            0.17749120739335916,
            -0.047877428742778665,
            0.08685954206295754,
            0.20232664286930058,
            -0.11769174067742008,
            -0.5959238835792203,
            -0.24103119436880693,
            0.23519766514125745,
            0.21270196071588038,
            -0.029209905891569014,
            1.2691931842801576,
            -0.06085444356933509
        ],
        [
            -0.001563671993252542,
            0.013200278695776807,
            1.6064040316154184e-05,
            0.0012840523364902646,
            -0.0021067649877939097,
            0.023453922892615327,
            0.04038780020401045,
            0.0012232578766674719,
            0.03874801872558108,
            -0.051361998389794564,
            0.01439938217462225,
            0.05154466942753867,
            -0.036708992863523526,
            -0.2645244370997202,
            0.20854623806877298,
            0.06833268260070255,
            0.059119702136096,
            -0.008562461598089722,
            -0.06085444356933509,
            1.4670257951884897
        ]
    ]
}