{
    "HF": -2.1405602428942725,
    "coordinates": [
        [
            0.721449,
            -0.100946,
            -0.03259
        ],
        [
            1.413711,
            0.097771,
            0.110902
        ],
        [
            2.161514,
            0.07879,
            0.058533
        ],
        [
            2.864608,
            -0.196741,
            -0.128463
        ]
    ],
    "elements": [
        "H",
        "H",
        "H",
        "H"
    ],
    "Enn": 3.0696759327245386,
    "S": [
        [
            0.9999999999999999,
            0.6848602514927513,
            0.0,
            0.0,
            0.0,
            0.575254852040433,
            0.5671675355550014,
            -0.10529101188274827,
            -0.5079653671840596,
            -0.14581380152415524,
            0.14099096112432308,
            0.32724787766233454,
            -0.011579681286243303,
            -0.1829998324404811,
            -0.022840398095587567,
            0.01770074471315214,
            0.1371432075907783,
            0.000977544093634028,
            -0.021852162988209516,
            0.0009767487869334613
        ],
        [
            0.6848602514927513,
            1.0000000000000002,
            0.0,
            0.0,
            0.0,
            0.5671675355550014,
            0.8891587421593204,
            -0.03193021438074859,
            -0.1540439471722869,
            -0.044219025528246976,
            0.32724787766233454,
            0.6309117543492787,
            -0.01126694050480496,
            -0.17805742433910163,
            -0.022223531035760715,
            0.1371432075907783,
            0.3662109909637544,
            0.004669750540136679,
            -0.10438828343588691,
            0.004665951341800018
        ],
        [
            0.0,
            0.0,
            1.0000000000000004,
            0.0,
            0.0,
            0.10529101188274827,
            0.031930214380748584,
            0.4700111281179662,
            -0.12805518134894528,
            -0.036758830431423875,
            0.0115796812862433,
            0.01126694050480496,
            0.06288473769129234,
            -0.021895353899491498,
            -0.002732781734490459,
            -0.000977544093634028,
            -0.004669750540136677,
            0.002453459480285469,
            0.0013407597479572556,
            -5.992932864783494e-05
        ],
        [
            0.0,
            0.0,
            0.0,
            1.0000000000000004,
            0.0,
            0.5079653671840594,
            0.15404394717228684,
            -0.12805518134894525,
            -0.12123430503228248,
            -0.17733909536502626,
            0.18299983244048104,
            0.17805742433910157,
            -0.02189535389949148,
            -0.281753656681087,
            -0.043187596199411794,
            0.021852162988209505,
            0.10438828343588688,
            0.0013407597479572551,
            -0.02745810099923521,
            0.0013396689376108525
        ],
        [
            0.0,
            0.0,
            0.0,
            0.0,
            1.0000000000000004,
            0.14581380152415524,
            0.04421902552824699,
            -0.03675883043142389,
            -0.17733909536502637,
            0.44564838838715753,
            0.02284039809558757,
            0.022223531035760725,
            -0.00273278173449046,
            -0.043187596199411836,
            0.058879921619021905,
            -0.0009767487869334613,
            -0.004665951341800017,
            -5.992932864783494e-05,
            0.001339668937610853,
            0.0024535570341475367
        ],
        [
            0.575254852040433,
            0.5671675355550014,
            0.10529101188274827,
            0.5079653671840596,
            0.14581380152415524,
            0.9999999999999999,
            0.6848602514927513,
            0.0,
            0.0,
            0.0,
            0.5627661883404292,
            0.5626252310094223,
            0.037375707305630376,
            -0.533706315764523,
            0.013546722304572748,
            0.12564893962635915,
            0.3122253852660926,
            0.026426725815778027,
            -0.16018405867998614,
            0.03251514579598695
        ],
        [
            0.5671675355550014,
            0.8891587421593204,
            0.03193021438074859,
            0.1540439471722869,
            0.044219025528246976,
            0.6848602514927513,
            1.0000000000000002,
            0.0,
            0.0,
            0.0,
            0.5626252310094223,
            0.8847136599335961,
            0.011553693071101328,
            -0.16498093031466668,
            0.0041876042731878475,
            0.3122253852660926,
            0.6126630145479298,
            0.028145447956254892,
            -0.17060199278669153,
            0.034629842159432385
        ],
        [
            -0.10529101188274827,
            -0.031930214380748584,
            0.4700111281179662,
            -0.12805518134894525,
            -0.036758830431423875,
            0.0,
            0.0,
            1.0000000000000004,
            0.0,
            0.0,
            -0.037375707305630376,
            -0.011553693071101327,
            0.47851259149112546,
            0.04899934128988808,
            -0.0012437185957041709,
            -0.026426725815778023,
            -0.02814544795625488,
            0.04593123753623696,
            0.04864965672965492,
            -0.009875206649930445
        ],
        [
            -0.5079653671840596,
            -0.15404394717228684,
            -0.12805518134894528,
            -0.12123430503228233,
            -0.17733909536502632,
            0.0,
            0.0,
            0.0,
            1.0000000000000004,
            0.0,
            0.533706315764523,
            0.16498093031466668,
            0.048999341289888115,
            -0.21774192848519613,
            0.01775967646934954,
            0.16018405867998614,
            0.17060199278669105,
            0.04864965672965494,
            -0.24092973529757947,
            0.05985798969257885
        ],
        [
            -0.14581380152415524,
            -0.04421902552824699,
            -0.03675883043142389,
            -0.17733909536502632,
            0.44564838838715753,
            0.0,
            0.0,
            0.0,
            0.0,
            1.0000000000000004,
            -0.013546722304572748,
            -0.0041876042731878475,
            -0.0012437185957041709,
            0.01775967646934953,
            0.481493256298495,
            -0.03251514579598695,
            -0.03462984215943239,
            -0.009875206649930445,
            0.05985798969257883,
            0.04180698117810338
        ],
        [
            0.14099096112432308,
            0.32724787766233454,
            0.011579681286243303,
            0.18299983244048104,
            0.022840398095587567,
            0.5627661883404292,
            0.5626252310094223,
            -0.037375707305630376,
            0.533706315764523,
            -0.013546722304572748,
            0.9999999999999999,
            0.6848602514927513,
            0.0,
            0.0,
            0.0,
            0.5403050965192009,
            0.5542500499381297,
            0.126757003396035,
            -0.4765989034296552,
            0.186771288705175
        ],
        [
            0.32724787766233454,
            0.6309117543492787,
            0.01126694050480496,
            0.17805742433910174,
            0.022223531035760715,
            0.5626252310094223,
            0.8847136599335961,
            -0.011553693071101328,
            0.16498093031466668,
            -0.0041876042731878475,
            0.6848602514927513,
            1.0000000000000002,
            0.0,
            0.0,
            0.0,
            0.5542500499381297,
            0.8764817642591257,
            0.04059999252720686,
            -0.15265359230103306,
            0.05982243759766967
        ],
        [
            -0.0115796812862433,
            -0.011266940504804956,
            0.06288473769129234,
            -0.021895353899491495,
            -0.002732781734490459,
            0.037375707305630376,
            0.011553693071101327,
            0.47851259149112546,
            0.048999341289888115,
            -0.0012437185957041709,
            0.0,
            0.0,
            1.0000000000000004,
            0.0,
            0.0,
            -0.12675700339603493,
            -0.04059999252720686,
            0.4144500849209881,
            0.15559003019460788,
            -0.06097317941775991
        ],
        [
            -0.18299983244048101,
            -0.17805742433910157,
            -0.021895353899491484,
            -0.2817536566810871,
            -0.043187596199411794,
            -0.533706315764523,
            -0.16498093031466668,
            0.04899934128988808,
            -0.21774192848519613,
            0.01775967646934953,
            0.0,
            0.0,
            0.0,
            1.0000000000000004,
            0.0,
            0.47659890342965516,
            0.152653592301033,
            0.15559003019460788,
            -0.12917833711624038,
            0.22925558091911324
        ],
        [
            -0.02284039809558757,
            -0.022223531035760725,
            -0.00273278173449046,
            -0.04318759619941183,
            0.058879921619021905,
            0.013546722304572748,
            0.0041876042731878475,
            -0.0012437185957041709,
            0.01775967646934954,
            0.481493256298495,
            0.0,
            0.0,
            0.0,
            0.0,
            1.0000000000000004,
            -0.186771288705175,
            -0.05982243759766965,
            -0.06097317941775994,
            0.2292555809191133,
            0.3659895573386829
        ],
        [
            0.01770074471315214,
            0.1371432075907783,
            -0.000977544093634028,
            0.021852162988209512,
            -0.0009767487869334613,
            0.12564893962635915,
            0.3122253852660926,
            -0.026426725815778027,
            0.16018405867998622,
            -0.03251514579598695,
            0.5403050965192009,
            0.5542500499381297,
            -0.126757003396035,
            0.4765989034296552,
            -0.186771288705175,
            0.9999999999999999,
            0.6848602514927513,
            0.0,
            0.0,
            0.0
        ],
        [
            0.1371432075907783,
            0.3662109909637544,
            -0.004669750540136679,
            0.10438828343588695,
            -0.004665951341800018,
            0.3122253852660926,
            0.6126630145479298,
            -0.028145447956254892,
            0.17060199278669133,
            -0.03462984215943239,
            0.5542500499381297,
            0.8764817642591257,
            -0.04059999252720686,
            0.15265359230103306,
            -0.05982243759766964,
            0.6848602514927513,
            1.0000000000000002,
            0.0,
            0.0,
            0.0
        ],
        [
            0.000977544093634028,
            0.004669750540136677,
            0.002453459480285469,
            0.0013407597479572556,
            -5.992932864783494e-05,
            0.026426725815778023,
            0.02814544795625488,
            0.04593123753623696,
            0.04864965672965494,
            -0.009875206649930445,
            0.12675700339603493,
            0.04059999252720685,
            0.4144500849209881,
            0.15559003019460788,
            -0.06097317941775991,
            0.0,
            0.0,
            1.0000000000000004,
            0.0,
            0.0
        ],
        [
            -0.0218521629882095,
            -0.10438828343588688,
            0.0013407597479572551,
            -0.02745810099923521,
            0.0013396689376108525,
            -0.16018405867998614,
            -0.17060199278669105,
            0.04864965672965492,
            -0.24092973529757955,
            0.05985798969257883,
            -0.47659890342965516,
            -0.152653592301033,
            0.15559003019460788,
            -0.12917833711624038,
            0.22925558091911324,
            0.0,
            0.0,
            0.0,
            1.0000000000000004,
            0.0
        ],
        [
            0.0009767487869334613,
            0.004665951341800017,
            -5.992932864783494e-05,
            0.001339668937610853,
            0.0024535570341475367,
            0.03251514579598695,
            0.03462984215943239,
            -0.009875206649930445,
            0.05985798969257885,
            0.04180698117810338,
            0.186771288705175,
            0.05982243759766965,
            -0.06097317941775994,
            0.2292555809191133,
            0.3659895573386829,
            0.0,
            0.0,
            0.0,
            0.0,
            1.0000000000000004
        ]
    ],
    "h": [
        [
            -0.29112673409730294,
            -0.476922245699856,
            -0.05975705708391056,
            -0.29236415413449535,
            -0.0835528283196408,
            -0.604059506662731,
            -0.47354799850746265,
            0.006696323407071547,
            0.006477220165638897,
            0.00625102735870553,
            -0.2785411566702868,
            -0.3319874472281732,
            -0.00699033398108868,
            0.3374179348048906,
            0.007409877514543549,
            -0.0226092087977842,
            -0.15394992191563506,
            -0.008680201701626289,
            0.0808084344554306,
            -0.010586899982061054
        ],
        [
            -0.476922245699856,
            -0.3171180556800415,
            -0.04799608042786058,
            -0.24523505253937766,
            -0.06763716334948339,
            -0.5576597816286297,
            -0.37227849503635,
            0.04974831575646863,
            0.09224796461039725,
            0.06066064227497603,
            -0.35924234436664026,
            -0.3229087489569835,
            -0.0008962254474055749,
            0.2017856314825177,
            0.014489600859973563,
            -0.15210250337814415,
            -0.208781774518063,
            -0.02437926510611012,
            0.1188074019717627,
            -0.03412331966633333
        ],
        [
            -0.05975705708391056,
            -0.04799608042786058,
            1.4637084301685181,
            -0.053533973996422034,
            -0.0152610088372581,
            -0.009909322613124522,
            -0.04385044927062166,
            0.39982959095710413,
            -0.18576181105098258,
            -0.05190093998571477,
            -0.032774509263807615,
            -0.035116097802318565,
            -0.04837618930155166,
            0.04144754800101984,
            0.00021131871039175264,
            -0.0010569306320962297,
            -0.016011532861972277,
            -0.007885155478214554,
            0.0018049253658626507,
            -0.0006894298215865415
        ],
        [
            -0.29236415413449535,
            -0.24523505253937766,
            -0.053533973996422034,
            1.1997251223965648,
            -0.0752237795718746,
            -0.08269789863511512,
            -0.24015525480158117,
            -0.17326283764305905,
            -0.4938482976312971,
            -0.2452199358625382,
            -0.26072133051243007,
            -0.19798764697383459,
            -0.010327147907038758,
            0.14647689327914304,
            -0.0005075521075627865,
            -0.08345589170788811,
            -0.1280118211693968,
            -0.012277428869616604,
            0.11130556475654202,
            -0.015578044758168885
        ],
        [
            -0.0835528283196408,
            -0.06763716334948339,
            -0.0152610088372581,
            -0.0752237795718746,
            1.4533907403710145,
            -0.01599900523291109,
            -0.06254676496523737,
            -0.051071963130518885,
            -0.25857703641334456,
            0.3654042726017509,
            -0.05054255908808862,
            -0.050149189258072255,
            -0.0024607948418458826,
            0.057492938363243956,
            -0.046586045090385594,
            -0.0035519823109850016,
            -0.024051617334539234,
            -0.0009753967471245444,
            0.004708848649338111,
            -0.00866833658634437
        ],
        [
            -0.604059506662731,
            -0.5576597816286297,
            -0.009909322613124522,
            -0.08269789863511512,
            -0.01599900523291109,
            -0.48491370599880845,
            -0.6167198691035893,
            0.07272569718231595,
            0.032098107871555676,
            0.08359580788000939,
            -0.5485512761862034,
            -0.5309713411041606,
            0.013202033911180744,
            0.07001079166967594,
            0.024308113396158477,
            -0.2541528567892072,
            -0.34779674036084096,
            -0.04909229346258964,
            0.23816197123662944,
            -0.06713220153873914
        ],
        [
            -0.47354799850746265,
            -0.37227849503635,
            -0.04385044927062166,
            -0.24015525480158117,
            -0.06254676496523737,
            -0.6167198691035893,
            -0.4369167614996299,
            0.059138974829329664,
            -0.009375562599946152,
            0.06728560419972603,
            -0.52537119919542,
            -0.41563986568378053,
            0.016253038860735567,
            0.14968637386294464,
            0.04115498362148043,
            -0.3144571167197179,
            -0.31572050659476336,
            -0.0436693543874501,
            0.1768297513433199,
            -0.06301925469472039
        ],
        [
            0.006696323407071547,
            0.04974831575646863,
            0.39982959095710413,
            -0.17326283764305905,
            -0.051071963130518885,
            0.07272569718231595,
            0.059138974829329664,
            1.3801204926573674,
            -0.028922392573328903,
            -0.015510805566138278,
            0.022941526084074237,
            0.04500640240474733,
            0.39704877484982337,
            0.05652819525073528,
            -0.005740194158403052,
            0.030378540726618747,
            0.02737303985722877,
            -0.041276927786866216,
            -0.020439263710493538,
            0.007107556966168625
        ],
        [
            0.006477220165638897,
            0.09224796461039725,
            -0.18576181105098258,
            -0.4938482976312971,
            -0.25857703641334456,
            0.032098107871555676,
            -0.009375562599946152,
            -0.028922392573328903,
            0.8177213244338095,
            -0.060351423745887436,
            -0.04799730434944349,
            -0.1317686810190623,
            0.09103481993603174,
            -0.7471305488536506,
            0.0540485749008909,
            -0.3179048926918877,
            -0.1926895161948434,
            -0.052189026151802584,
            0.15853765168982709,
            -0.07542472267880473
        ],
        [
            0.00625102735870553,
            0.06066064227497603,
            -0.05190093998571477,
            -0.2452199358625382,
            0.3654042726017509,
            0.08359580788000939,
            0.06728560419972603,
            -0.015510805566138278,
            -0.060351423745887436,
            1.371511754096133,
            0.027937644132363715,
            0.04673078292819453,
            -0.003682707968838595,
            0.00547943721674303,
            0.3991039918688911,
            0.027385133353822595,
            0.02389765655693951,
            0.003791161137975129,
            -0.015576745041891785,
            -0.040730073422357696
        ],
        [
            -0.2785411566702868,
            -0.35924234436664026,
            -0.032774509263807615,
            -0.26072133051243007,
            -0.05054255908808862,
            -0.5485512761862034,
            -0.52537119919542,
            0.022941526084074237,
            -0.04799730434944349,
            0.027937644132363715,
            -0.45589537886304754,
            -0.6066137274412947,
            0.04677351141892674,
            0.004428925316996735,
            0.08755848285400128,
            -0.5727361453429625,
            -0.5409199805426796,
            -0.01684614169213086,
            0.07805908262322148,
            -0.022768647183221136
        ],
        [
            -0.3319874472281732,
            -0.3229087489569835,
            -0.035116097802318565,
            -0.19798764697383459,
            -0.050149189258072255,
            -0.5309713411041606,
            -0.41563986568378053,
            0.04500640240474733,
            -0.1317686810190623,
            0.04673078292819453,
            -0.6066137274412947,
            -0.43737272391946136,
            0.0373876104100538,
            0.03113215795962465,
            0.07108457215947134,
            -0.45636244979766527,
            -0.36835476383011145,
            -0.053976271640248555,
            0.2149660497223841,
            -0.07789183576647776
        ],
        [
            -0.00699033398108868,
            -0.0008962254474055749,
            -0.04837618930155166,
            -0.010327147907038758,
            -0.0024607948418458826,
            0.013202033911180744,
            0.016253038860735567,
            0.39704877484982337,
            0.09103481993603174,
            -0.003682707968838595,
            0.04677351141892674,
            0.0373876104100538,
            1.3848634649122034,
            0.07609461665385281,
            -0.022452225540856068,
            0.005902763132757727,
            0.04183247391164943,
            0.32176480179490874,
            0.21543568394755175,
            -0.08454127160003416
        ],
        [
            0.3374179348048906,
            0.2017856314825177,
            0.04144754800101984,
            0.14647689327914304,
            0.057492938363243956,
            0.07001079166967594,
            0.14968637386294464,
            0.05652819525073528,
            -0.7471305488536506,
            0.00547943721674303,
            0.004428925316996735,
            0.03113215795962465,
            0.07609461665385281,
            0.8551994708981638,
            0.08958429304800591,
            -0.020288453598952594,
            -0.08098298646544244,
            0.2222691976796291,
            -0.4747131989690551,
            0.3262810474289366
        ],
        [
            0.007409877514543549,
            0.014489600859973563,
            0.00021131871039175264,
            -0.0005075521075627865,
            -0.046586045090385594,
            0.024308113396158477,
            0.04115498362148043,
            -0.005740194158403052,
            0.0540485749008909,
            0.3991039918688911,
            0.08755848285400128,
            0.07108457215947134,
            -0.022452225540856068,
            0.08958429304800591,
            1.368488681928721,
            0.011254012543378933,
            0.0700651577365834,
            -0.08357070810885295,
            0.31259957035927083,
            0.25566293892401665
        ],
        [
            -0.0226092087977842,
            -0.15210250337814415,
            -0.0010569306320962297,
            -0.08345589170788811,
            -0.0035519823109850016,
            -0.2541528567892072,
            -0.3144571167197179,
            0.030378540726618747,
            -0.3179048926918877,
            0.027385133353822595,
            -0.5727361453429625,
            -0.45636244979766527,
            0.005902763132757727,
            -0.020288453598952594,
            0.011254012543378933,
            -0.2588318168018131,
            -0.46307794819058934,
            -0.06850568800623241,
            0.25705375025846144,
            -0.10027689687238903
        ],
        [
            -0.15394992191563506,
            -0.208781774518063,
            -0.016011532861972277,
            -0.1280118211693968,
            -0.024051617334539234,
            -0.34779674036084096,
            -0.31572050659476336,
            0.02737303985722877,
            -0.1926895161948434,
            0.02389765655693951,
            -0.5409199805426796,
            -0.36835476383011145,
            0.04183247391164943,
            -0.08098298646544244,
            0.0700651577365834,
            -0.46307794819058934,
            -0.31178801490868713,
            -0.05801247882006726,
            0.22231185578828783,
            -0.08447239532387238
        ],
        [
            -0.008680201701626289,
            -0.02437926510611012,
            -0.007885155478214554,
            -0.012277428869616604,
            -0.0009753967471245444,
            -0.04909229346258964,
            -0.0436693543874501,
            -0.041276927786866216,
            -0.052189026151802584,
            0.003791161137975129,
            -0.01684614169213086,
            -0.053976271640248555,
            0.32176480179490874,
            0.2222691976796291,
            -0.08357070810885295,
            -0.06850568800623241,
            -0.05801247882006726,
            1.472710367113109,
            0.059740187228688624,
            -0.022957882048980114
        ],
        [
            0.0808084344554306,
            0.1188074019717627,
            0.0018049253658626507,
            0.11130556475654202,
            0.004708848649338111,
            0.23816197123662944,
            0.1768297513433199,
            -0.020439263710493538,
            0.15853765168982709,
            -0.015576745041891785,
            0.07805908262322148,
            0.2149660497223841,
            0.21543568394755175,
            -0.4747131989690551,
            0.31259957035927083,
            0.25705375025846144,
            0.22231185578828783,
            0.059740187228688624,
            1.257525785872547,
            0.0871257498749395
        ],
        [
            -0.010586899982061054,
            -0.03412331966633333,
            -0.0006894298215865415,
            -0.015578044758168885,
            -0.00866833658634437,
            -0.06713220153873914,
            -0.06301925469472039,
            0.007107556966168625,
            -0.07542472267880473,
            -0.040730073422357696,
            -0.022768647183221136,
            -0.07789183576647776,
            -0.08454127160003416,
            0.3262810474289366,
            0.25566293892401665,
            -0.10027689687238903,
            -0.08447239532387238,
            -0.022957882048980114,
            0.0871257498749395,
            1.4547586018352576
        ]
    ]
}