{
    "HF": -2.1064204880374806,
    "coordinates": [
        [
            0.778101,
            0.098491,
            0.009268
        ],
        [
            1.439331,
            -0.186304,
            -0.040115
        ],
        [
            2.120425,
            -0.049613,
            -0.115757
        ],
        [
            2.78068,
            -0.141697,
            -0.169056
        ]
    ],
    "elements": [
        "H",
        "H",
        "H",
        "H"
    ],
    "Enn": 3.3258570396147222,
    "S": [
        [
            0.9999999999999999,
            0.6848602514927513,
            0.0,
            0.0,
            0.0,
            0.5855516357743479,
            0.5708533015809488,
            0.03705729057457619,
            -0.49619083989686735,
            0.2137118253080295,
            0.1786686927520565,
            0.36019721999034787,
            0.02123773496700244,
            -0.2280177672613205,
            0.025158116373148805,
            0.026870206041160034,
            0.16386356958824289,
            0.0030232263462893977,
            -0.03395084000653796,
            0.004072041282511372
        ],
        [
            0.6848602514927513,
            1.0000000000000002,
            0.0,
            0.0,
            0.0,
            0.5708533015809488,
            0.8927556696770066,
            0.011065074604058742,
            -0.14815947351197312,
            0.0638130109929106,
            0.36019721999034787,
            0.6698606560983283,
            0.017128908218524086,
            -0.18390357604896757,
            0.020290820418286677,
            0.16386356958824289,
            0.40939187920885733,
            0.010512610934484998,
            -0.11805664909137313,
            0.014159636364886851
        ],
        [
            0.0,
            0.0,
            1.0000000000000004,
            0.0,
            0.0,
            -0.03705729057457618,
            -0.011065074604058726,
            0.5054247487789002,
            0.043119828087527665,
            -0.018571921177483543,
            -0.021237734967002434,
            -0.017128908218524082,
            0.08811437995501922,
            0.04001519800803946,
            -0.004415037566029271,
            -0.0030232263462893973,
            -0.010512610934484995,
            0.0044803357581085414,
            0.004527546038640397,
            -0.0005430308756503286
        ],
        [
            0.0,
            0.0,
            0.0,
            1.0000000000000004,
            0.0,
            0.4961908398968675,
            0.1481594735119727,
            0.0431198280875277,
            -0.06872209927630993,
            0.2486748767832543,
            0.22801776726132036,
            0.1839035760489672,
            0.04001519800803946,
            -0.3377795374173941,
            0.04740180672491642,
            0.033950840006537954,
            0.11805664909137319,
            0.004527546038640394,
            -0.04596085326435334,
            0.006098238195245503
        ],
        [
            0.0,
            0.0,
            0.0,
            0.0,
            1.0000000000000004,
            -0.21371182530802957,
            -0.06381301099291063,
            -0.018571921177483557,
            0.2486748767832543,
            0.4015396028190367,
            -0.025158116373148798,
            -0.020290820418286663,
            -0.004415037566029271,
            0.04740180672491642,
            0.08661139181487432,
            -0.004072041282511371,
            -0.014159636364886846,
            -0.0005430308756503286,
            0.006098238195245504,
            0.004152082283042082
        ],
        [
            0.5855516357743479,
            0.5708533015809488,
            -0.03705729057457619,
            0.4961908398968675,
            -0.2137118253080295,
            0.9999999999999999,
            0.6848602514927513,
            0.0,
            0.0,
            0.0,
            0.6041246110865988,
            0.5773702045741536,
            0.05904365872164475,
            -0.5316395877073574,
            -0.106696501339472,
            0.18203749837050592,
            0.36291799415572995,
            0.022411694079104698,
            -0.2331446432190925,
            -0.00775330141527228
        ],
        [
            0.5708533015809488,
            0.8927556696770066,
            -0.011065074604058742,
            0.14815947351197292,
            -0.0638130109929106,
            0.6848602514927513,
            1.0000000000000002,
            0.0,
            0.0,
            0.0,
            0.5773702045741536,
            0.8990939383459179,
            0.01715543647098033,
            -0.15447059633227428,
            -0.031001213170656117,
            0.36291799415572995,
            0.673015105532191,
            0.017808123057386452,
            -0.18525455871214144,
            -0.006160700981230465
        ],
        [
            0.03705729057457618,
            0.011065074604058728,
            0.5054247487789002,
            0.04311982808752768,
            -0.018571921177483543,
            0.0,
            0.0,
            1.0000000000000004,
            0.0,
            0.0,
            -0.05904365872164474,
            -0.017155436470980317,
            0.5226657345454022,
            0.07096200135709947,
            0.014241597969594913,
            -0.02241169407910471,
            -0.017808123057386452,
            0.090372204962018,
            0.04240938782809885,
            0.0014103380722302748
        ],
        [
            -0.4961908398968673,
            -0.1481594735119727,
            0.043119828087527685,
            -0.06872209927630978,
            0.24867487678325423,
            0.0,
            0.0,
            0.0,
            1.0000000000000004,
            0.0,
            0.5316395877073571,
            0.1544705963322739,
            0.07096200135709944,
            -0.10840771797934322,
            -0.12823387704586447,
            0.23314464321909265,
            0.18525455871214166,
            0.04240938782809885,
            -0.3467279661238528,
            -0.01467148201772909
        ],
        [
            0.21371182530802957,
            0.06381301099291063,
            -0.018571921177483557,
            0.2486748767832544,
            0.4015396028190367,
            0.0,
            0.0,
            0.0,
            0.0,
            1.0000000000000004,
            0.106696501339472,
            0.031001213170656124,
            0.014241597969594916,
            -0.12823387704586456,
            0.5048110637061016,
            0.007753301415272285,
            0.006160700981230465,
            0.0014103380722302729,
            -0.014671482017729071,
            0.09396102344071224
        ],
        [
            0.1786686927520565,
            0.36019721999034787,
            -0.02123773496700244,
            0.22801776726132048,
            -0.025158116373148805,
            0.6041246110865988,
            0.5773702045741536,
            -0.05904365872164475,
            0.5316395877073574,
            0.10669650133947202,
            0.9999999999999999,
            0.6848602514927513,
            0.0,
            0.0,
            0.0,
            0.6286060200792309,
            0.5857120036936958,
            0.04373852443218776,
            -0.5418221626854937,
            0.0755664887486365
        ],
        [
            0.36019721999034787,
            0.6698606560983283,
            -0.01712890821852409,
            0.18390357604896745,
            -0.020290820418286684,
            0.5773702045741536,
            0.8990939383459179,
            -0.01715543647098032,
            0.15447059633227428,
            0.031001213170656128,
            0.6848602514927513,
            1.0000000000000002,
            0.0,
            0.0,
            0.0,
            0.5857120036936958,
            0.907167483904643,
            0.012274585887316425,
            -0.15205457335090933,
            0.021206644906051647
        ],
        [
            0.021237734967002434,
            0.017128908218524082,
            0.08811437995501922,
            0.04001519800803947,
            -0.004415037566029271,
            0.05904365872164474,
            0.017155436470980306,
            0.5226657345454022,
            0.07096200135709944,
            0.014241597969594908,
            0.0,
            0.0,
            1.0000000000000004,
            0.0,
            0.0,
            -0.04373852443218776,
            -0.012274585887316445,
            0.55544890981968,
            0.05112365264376234,
            -0.007130079181601367
        ],
        [
            -0.2280177672613203,
            -0.1839035760489671,
            0.04001519800803945,
            -0.3377795374173941,
            0.047401806724916416,
            -0.5316395877073571,
            -0.1544705963322739,
            0.07096200135709947,
            -0.10840771797934322,
            -0.12823387704586447,
            0.0,
            0.0,
            0.0,
            1.0000000000000004,
            0.0,
            0.5418221626854937,
            0.1520545733509093,
            0.05112365264376227,
            -0.0737314679157132,
            0.08832568022004547
        ],
        [
            0.025158116373148798,
            0.020290820418286663,
            -0.004415037566029271,
            0.04740180672491643,
            0.08661139181487432,
            -0.106696501339472,
            -0.031001213170656114,
            0.014241597969594922,
            -0.12823387704586456,
            0.5048110637061016,
            0.0,
            0.0,
            0.0,
            0.0,
            1.0000000000000004,
            -0.07556648874863649,
            -0.021206644906051644,
            -0.007130079181601367,
            0.0883256802200456,
            0.5472573135801624
        ],
        [
            0.026870206041160034,
            0.16386356958824289,
            -0.0030232263462893977,
            0.03395084000653797,
            -0.004072041282511372,
            0.18203749837050592,
            0.36291799415572995,
            -0.022411694079104698,
            0.2331446432190925,
            0.00775330141527228,
            0.6286060200792309,
            0.5857120036936958,
            -0.04373852443218776,
            0.5418221626854937,
            -0.07556648874863649,
            0.9999999999999999,
            0.6848602514927513,
            0.0,
            0.0,
            0.0
        ],
        [
            0.16386356958824289,
            0.40939187920885733,
            -0.010512610934484998,
            0.11805664909137319,
            -0.014159636364886851,
            0.36291799415572995,
            0.673015105532191,
            -0.017808123057386452,
            0.18525455871214166,
            0.006160700981230465,
            0.5857120036936958,
            0.907167483904643,
            -0.012274585887316425,
            0.15205457335090933,
            -0.021206644906051633,
            0.6848602514927513,
            1.0000000000000002,
            0.0,
            0.0,
            0.0
        ],
        [
            0.0030232263462893973,
            0.010512610934484998,
            0.0044803357581085414,
            0.004527546038640396,
            -0.0005430308756503286,
            0.02241169407910471,
            0.017808123057386452,
            0.09037220496201799,
            0.042409387828098846,
            0.0014103380722302727,
            0.04373852443218775,
            0.012274585887316423,
            0.55544890981968,
            0.05112365264376227,
            -0.007130079181601366,
            0.0,
            0.0,
            1.0000000000000004,
            0.0,
            0.0
        ],
        [
            -0.03395084000653796,
            -0.11805664909137313,
            0.004527546038640395,
            -0.04596085326435334,
            0.006098238195245503,
            -0.23314464321909265,
            -0.18525455871214144,
            0.04240938782809886,
            -0.3467279661238528,
            -0.014671482017729071,
            -0.5418221626854937,
            -0.1520545733509093,
            0.05112365264376234,
            -0.0737314679157132,
            0.08832568022004558,
            0.0,
            0.0,
            0.0,
            1.0000000000000004,
            0.0
        ],
        [
            0.004072041282511371,
            0.014159636364886846,
            -0.0005430308756503286,
            0.006098238195245504,
            0.004152082283042082,
            -0.007753301415272285,
            -0.006160700981230465,
            0.001410338072230275,
            -0.01467148201772909,
            0.09396102344071225,
            0.0755664887486365,
            0.021206644906051644,
            -0.007130079181601369,
            0.08832568022004549,
            0.5472573135801624,
            0.0,
            0.0,
            0.0,
            0.0,
            1.0000000000000004
        ]
    ],
    "h": [
        [
            -0.30507869728337744,
            -0.48524905029405874,
            0.02282338687607221,
            -0.29889407570500187,
            0.1210575149845592,
            -0.6183004289025296,
            -0.48016699133991403,
            0.0014875939838616126,
            0.0018466927103111264,
            -0.02629578115757636,
            -0.3214003233783554,
            -0.3549580343653523,
            -0.03674325196491367,
            0.36304034861779705,
            0.014862641832328945,
            -0.049620939034545,
            -0.18666769277280415,
            -0.011034284843920359,
            0.12150370925272433,
            -0.007794690973857629
        ],
        [
            -0.48524905029405874,
            -0.32237531164137434,
            0.019438699770297725,
            -0.2505909026056192,
            0.09610178458646114,
            -0.5720513516229635,
            -0.3767605898354116,
            -0.0011822979698562913,
            0.07691037843498386,
            -0.11219723066839771,
            -0.39776860627582056,
            -0.33556893759214157,
            -0.02348902537996252,
            0.20984566759134043,
            0.036994215620645525,
            -0.19013007175137348,
            -0.23437883288067263,
            -0.014041286925470332,
            0.16160003566192704,
            -0.012724362414357943
        ],
        [
            0.02282338687607221,
            0.019438699770297725,
            1.4746279444989576,
            0.021430195606660263,
            -0.008061274069646846,
            0.00873347423315389,
            0.0196467666201883,
            0.4481716409298775,
            0.06774351548993492,
            -0.024044134397410044,
            0.023766672725584165,
            0.016623117995276947,
            -0.04020904859735647,
            -0.005157541712729516,
            -0.004493234124042716,
            0.01063607711054034,
            0.012404084483859462,
            -0.011511771353914516,
            -0.015274694231538424,
            0.0014443072798729461
        ],
        [
            -0.29889407570500187,
            -0.2505909026056192,
            0.021430195606660263,
            1.1991564937090926,
            0.10695648811073553,
            -0.09786091890596171,
            -0.2482355480938102,
            0.07012159646682518,
            -0.44119221936771336,
            0.3280764581000072,
            -0.28244722140141343,
            -0.21055191491017655,
            -0.012817204574174845,
            0.056816461134971186,
            0.05171089552102925,
            -0.11955171620993932,
            -0.15004568583215838,
            -0.015553926966266146,
            0.16193843620860646,
            -0.016131414920985528
        ],
        [
            0.1210575149845592,
            0.09610178458646114,
            -0.008061274069646846,
            0.10695648811073553,
            1.4314080235367086,
            0.018041100891918183,
            0.08813230311430316,
            -0.028076392186928423,
            0.3683246993139722,
            0.3044495463269399,
            0.0746051490959327,
            0.07504906176765656,
            0.00862980682409616,
            -0.08032479790121366,
            -0.05224833848580365,
            0.018050119838898957,
            0.04278180478339729,
            0.0027252745346488414,
            -0.03014744213623398,
            -0.010775695013073017
        ],
        [
            -0.6183004289025296,
            -0.5720513516229635,
            0.00873347423315389,
            -0.09786091890596171,
            0.018041100891918183,
            -0.5202396666642686,
            -0.6332771722000321,
            0.009808267352483694,
            -0.0025698263683116146,
            -0.1667380897956454,
            -0.6094117184148511,
            -0.5636471454061005,
            -0.006752770903646996,
            0.05938430508350434,
            0.002982178995806606,
            -0.3348273220182659,
            -0.3993162497822712,
            -0.02686002234756825,
            0.30428985922756413,
            -0.01748334098575352
        ],
        [
            -0.48016699133991403,
            -0.3767605898354116,
            0.0196467666201883,
            -0.2482355480938102,
            0.08813230311430316,
            -0.6332771722000321,
            -0.4412680210909672,
            0.010649491536928492,
            -0.0347317294681488,
            -0.12767755939113007,
            -0.570337196157092,
            -0.42749979530918325,
            -0.018410087844469056,
            0.1399896773169677,
            0.053214541942717505,
            -0.3653278672657787,
            -0.3366872207612064,
            -0.019612340086578348,
            0.23273155485865238,
            -0.023301928013299618
        ],
        [
            0.0014875939838616126,
            -0.0011822979698562913,
            0.4481716409298775,
            0.07012159646682518,
            -0.028076392186928423,
            0.009808267352483694,
            0.010649491536928492,
            1.3746172045445826,
            0.057388631834415005,
            -0.0020916722910384526,
            0.008651959780768992,
            0.02025721070268562,
            0.45745394667347017,
            0.12203788164297347,
            0.018408306346681124,
            0.03867156294402304,
            0.02443395715024746,
            -0.04091668769263329,
            -0.015220358645086182,
            0.003707577327205528
        ],
        [
            0.0018466927103111264,
            0.07691037843498386,
            0.06774351548993492,
            -0.44119221936771336,
            0.3683246993139722,
            -0.0025698263683116146,
            -0.0347317294681488,
            0.057388631834415005,
            0.7685864565128102,
            0.05357545800844914,
            -0.07390315844022166,
            -0.1522854273404639,
            0.12232381640886814,
            -0.679446163823034,
            -0.1625103101758471,
            -0.3775995617128585,
            -0.21554704745411807,
            -0.008023516504973294,
            0.07947971320701408,
            -0.03584148588579637
        ],
        [
            -0.02629578115757636,
            -0.11219723066839771,
            -0.024044134397410044,
            0.3280764581000072,
            0.3044495463269399,
            -0.1667380897956454,
            -0.12767755939113007,
            -0.0020916722910384526,
            0.05357545800844914,
            1.324159773351182,
            -0.032123934927310915,
            -0.09456532207979719,
            0.016000498206718575,
            -0.13945614860251476,
            0.4330773555576757,
            -0.034569501567717834,
            -0.0578946280320591,
            -0.0039242783669647865,
            0.04582016443307197,
            -0.04603645804601447
        ],
        [
            -0.3214003233783554,
            -0.39776860627582056,
            0.023766672725584165,
            -0.28244722140141343,
            0.0746051490959327,
            -0.6094117184148511,
            -0.570337196157092,
            0.008651959780768992,
            -0.07390315844022166,
            -0.032123934927310915,
            -0.558830364108478,
            -0.6484759368013092,
            -0.004448720475436478,
            -0.044099648516627815,
            0.09490595920205681,
            -0.6501336791474875,
            -0.588941351895684,
            -0.00893194661986517,
            0.09429803400014869,
            0.002400952549161506
        ],
        [
            -0.3549580343653523,
            -0.33556893759214157,
            0.016623117995276947,
            -0.21055191491017655,
            0.07504906176765656,
            -0.5636471454061005,
            -0.42749979530918325,
            0.02025721070268562,
            -0.1522854273404639,
            -0.09456532207979719,
            -0.6484759368013092,
            -0.4444699577123612,
            -0.007571799577282513,
            0.011882109492959675,
            0.06912022893730424,
            -0.49553219903529744,
            -0.37714352605441426,
            -0.023295443344501513,
            0.276041736759139,
            -0.026655719611220423
        ],
        [
            -0.03674325196491367,
            -0.02348902537996252,
            -0.04020904859735647,
            -0.012817204574174845,
            0.00862980682409616,
            -0.006752770903646996,
            -0.018410087844469056,
            0.45745394667347017,
            0.12232381640886814,
            0.016000498206718575,
            -0.004448720475436478,
            -0.007571799577282513,
            1.3651043842508275,
            0.06374166877971876,
            0.0018411683614007299,
            -0.002572912514508696,
            0.003912917066946298,
            0.5260448127957815,
            0.08450080820509046,
            -0.010804061024040218
        ],
        [
            0.36304034861779705,
            0.20984566759134043,
            -0.005157541712729516,
            0.056816461134971186,
            -0.08032479790121366,
            0.05938430508350434,
            0.1399896773169677,
            0.12203788164297347,
            -0.679446163823034,
            -0.13945614860251476,
            -0.044099648516627815,
            0.011882109492959675,
            0.06374166877971876,
            0.6980863254535667,
            -0.0037528294197004246,
            0.011518529153287549,
            -0.09705473939191972,
            0.08231324983532878,
            -0.4771219872475468,
            0.1334497387781574
        ],
        [
            0.014862641832328945,
            0.036994215620645525,
            -0.004493234124042716,
            0.05171089552102925,
            -0.05224833848580365,
            0.002982178995806606,
            0.053214541942717505,
            0.018408306346681124,
            -0.1625103101758471,
            0.4330773555576757,
            0.09490595920205681,
            0.06912022893730424,
            0.0018411683614007299,
            -0.0037528294197004246,
            1.3540532653306285,
            0.020039580781610777,
            0.05754228150289616,
            -0.008418646659365264,
            0.10764804587055546,
            0.5147963042269336
        ],
        [
            -0.049620939034545,
            -0.19013007175137348,
            0.01063607711054034,
            -0.11955171620993932,
            0.018050119838898957,
            -0.3348273220182659,
            -0.3653278672657787,
            0.03867156294402304,
            -0.3775995617128585,
            -0.034569501567717834,
            -0.6501336791474875,
            -0.49553219903529744,
            -0.002572912514508696,
            0.011518529153287549,
            0.020039580781610777,
            -0.3427781488418786,
            -0.49901555045413626,
            -0.028540442122400877,
            0.3474495208876907,
            -0.04171065608677452
        ],
        [
            -0.18666769277280415,
            -0.23437883288067263,
            0.012404084483859462,
            -0.15004568583215838,
            0.04278180478339729,
            -0.3993162497822712,
            -0.3366872207612064,
            0.02443395715024746,
            -0.21554704745411807,
            -0.0578946280320591,
            -0.588941351895684,
            -0.37714352605441426,
            0.003912917066946298,
            -0.09705473939191972,
            0.05754228150289616,
            -0.49901555045413626,
            -0.32368676116965633,
            -0.023146950485364963,
            0.2782960979009505,
            -0.030325586161055552
        ],
        [
            -0.011034284843920359,
            -0.014041286925470332,
            -0.011511771353914516,
            -0.015553926966266146,
            0.0027252745346488414,
            -0.02686002234756825,
            -0.019612340086578348,
            -0.04091668769263329,
            -0.008023516504973294,
            -0.0039242783669647865,
            -0.00893194661986517,
            -0.023295443344501513,
            0.5260448127957815,
            0.08231324983532878,
            -0.008418646659365264,
            -0.028540442122400877,
            -0.023146950485364963,
            1.4633781698123078,
            0.02809564162011456,
            -0.0031541018989205013
        ],
        [
            0.12150370925272433,
            0.16160003566192704,
            -0.015274694231538424,
            0.16193843620860646,
            -0.03014744213623398,
            0.30428985922756413,
            0.23273155485865238,
            -0.015220358645086182,
            0.07947971320701408,
            0.04582016443307197,
            0.09429803400014869,
            0.276041736759139,
            0.08450080820509046,
            -0.4771219872475468,
            0.10764804587055546,
            0.3474495208876907,
            0.2782960979009505,
            0.02809564162011456,
            1.1260531954329713,
            0.0394203857420323
        ],
        [
            -0.007794690973857629,
            -0.012724362414357943,
            0.0014443072798729461,
            -0.016131414920985528,
            -0.010775695013073017,
            -0.01748334098575352,
            -0.023301928013299618,
            0.003707577327205528,
            -0.03584148588579637,
            -0.04603645804601447,
            0.002400952549161506,
            -0.026655719611220423,
            -0.010804061024040218,
            0.1334497387781574,
            0.5147963042269336,
            -0.04171065608677452,
            -0.030325586161055552,
            -0.0031541018989205013,
            0.0394203857420323,
            1.459900623147866
        ]
    ]
}