{
    "HF": -2.1316450587904834,
    "coordinates": [
        [
            0.667326,
            -0.198327,
            0.124724
        ],
        [
            1.350678,
            0.13587,
            0.063747
        ],
        [
            2.016728,
            -0.035123,
            -0.193167
        ],
        [
            2.749349,
            0.065693,
            -0.071815
        ]
    ],
    "elements": [
        "H",
        "H",
        "H",
        "H"
    ],
    "Enn": 3.1266679883591815,
    "S": [
        [
            0.9999999999999999,
            0.6848602514927513,
            0.0,
            0.0,
            0.0,
            0.5521327113312403,
            0.5586938583715466,
            0.042481922477962716,
            -0.4760828950122305,
            -0.23283092061544028,
            0.16258747842454643,
            0.34673508840151934,
            0.04809622879357741,
            -0.20416163819205627,
            -0.024692416344051914,
            0.020300246286312558,
            0.14541322620755984,
            0.002368346110668264,
            -0.025088919117182192,
            -0.0031815097265104376
        ],
        [
            0.6848602514927513,
            1.0000000000000002,
            0.0,
            0.0,
            0.0,
            0.5586938583715466,
            0.8808553961037413,
            0.013352478385949627,
            -0.14963745035005743,
            -0.07318100626710408,
            0.34673508840151934,
            0.6541177079642707,
            0.04181405835034001,
            -0.17749471978151465,
            -0.02146717453154978,
            0.14541322620755984,
            0.3798897387336931,
            0.010193453469450222,
            -0.10798368045438907,
            -0.013693341194390153
        ],
        [
            0.0,
            0.0,
            1.0000000000000004,
            0.0,
            0.0,
            -0.042481922477962696,
            -0.013352478385949633,
            0.4650215653638172,
            0.050795868576636434,
            0.024841994888002317,
            -0.048096228793577396,
            -0.04181405835033998,
            0.0587947012836698,
            0.0887651007976299,
            0.010735732947317691,
            -0.002368346110668263,
            -0.010193453469450215,
            0.0028137026225908707,
            0.0033223006891188755,
            0.00042129881751602424
        ],
        [
            0.0,
            0.0,
            0.0,
            1.0000000000000004,
            0.0,
            0.47608289501223044,
            0.14963745035005738,
            0.050795868576636434,
            -0.09970074618384446,
            -0.2783972135511121,
            0.2041616381920562,
            0.17749471978151468,
            0.0887651007976299,
            -0.29708929525962663,
            -0.04557165667029388,
            0.025088919117182182,
            0.10798368045438891,
            0.003322300689118875,
            -0.032067252876620086,
            -0.004463001378561838
        ],
        [
            0.0,
            0.0,
            0.0,
            0.0,
            1.0000000000000004,
            0.2328309206154403,
            0.07318100626710414,
            0.024841994888002334,
            -0.2783972135511123,
            0.333402525836687,
            0.024692416344051907,
            0.02146717453154977,
            0.010735732947317691,
            -0.04557165667029388,
            0.07419422640845894,
            0.003181509726510437,
            0.01369334119439015,
            0.00042129881751602435,
            -0.004463001378561841,
            0.0025613711311380087
        ],
        [
            0.5521327113312403,
            0.5586938583715466,
            -0.042481922477962716,
            0.47608289501223044,
            0.23283092061544028,
            0.9999999999999999,
            0.6848602514927513,
            0.0,
            0.0,
            0.0,
            0.5754963201029448,
            0.5672545776347598,
            0.18861736539183319,
            -0.4889908538235774,
            0.1255371414576307,
            0.15830145964955972,
            0.3430046893146683,
            0.019849552826233484,
            -0.2047992350438973,
            0.010275608715470315
        ],
        [
            0.5586938583715466,
            0.8808553961037413,
            -0.013352478385949638,
            0.14963745035005743,
            0.07318100626710408,
            0.6848602514927513,
            1.0000000000000002,
            0.0,
            0.0,
            0.0,
            0.5672545776347598,
            0.8892437886334288,
            0.057178538930610846,
            -0.14823546344198185,
            0.038056041739110924,
            0.3430046893146683,
            0.6497144962850427,
            0.017626187779390356,
            -0.18185950109608628,
            0.00912462917184961
        ],
        [
            0.04248192247796271,
            0.013352478385949622,
            0.4650215653638172,
            0.05079586857663643,
            0.024841994888002324,
            0.0,
            0.0,
            1.0000000000000004,
            0.0,
            0.0,
            -0.18861736539183316,
            -0.05717853893061083,
            0.4116997571255323,
            0.22071970153283918,
            -0.056664700734486546,
            -0.019849552826233477,
            -0.017626187779390335,
            0.07290879766564534,
            0.037687413123000654,
            -0.0018909304552198602
        ],
        [
            -0.47608289501223044,
            -0.14963745035005738,
            0.05079586857663644,
            -0.09970074618384446,
            -0.2783972135511122,
            0.0,
            0.0,
            0.0,
            1.0000000000000004,
            0.0,
            0.488990853823577,
            0.14823546344198182,
            0.22071970153283918,
            -0.07537873550293393,
            0.1469033370085117,
            0.2047992350438973,
            0.18185950109608645,
            0.03768741312300067,
            -0.3122811456819899,
            0.019509815366642702
        ],
        [
            -0.2328309206154403,
            -0.07318100626710414,
            0.02484199488800233,
            -0.2783972135511122,
            0.333402525836687,
            0.0,
            0.0,
            0.0,
            0.0,
            1.0000000000000004,
            -0.1255371414576307,
            -0.038056041739110896,
            -0.056664700734486546,
            0.1469033370085117,
            0.4591234326671755,
            -0.010275608715470315,
            -0.009124629171849606,
            -0.0018909304552198602,
            0.0195098153666427,
            0.07558265076247464
        ],
        [
            0.16258747842454643,
            0.34673508840151934,
            -0.04809622879357741,
            0.2041616381920562,
            0.024692416344051907,
            0.5754963201029448,
            0.5672545776347598,
            -0.18861736539183319,
            0.4889908538235774,
            -0.1255371414576307,
            0.9999999999999999,
            0.6848602514927513,
            0.0,
            0.0,
            0.0,
            0.5631352471116213,
            0.562760613845219,
            -0.08668062903174618,
            -0.5233045118487284,
            -0.07201195115420038
        ],
        [
            0.34673508840151934,
            0.6541177079642707,
            -0.04181405835034002,
            0.17749471978151476,
            0.02146717453154978,
            0.5672545776347598,
            0.8892437886334288,
            -0.05717853893061086,
            0.14823546344198185,
            -0.038056041739110924,
            0.6848602514927513,
            1.0000000000000002,
            0.0,
            0.0,
            0.0,
            0.562760613845219,
            0.8848463420882388,
            -0.026779657622738203,
            -0.16167298064496766,
            -0.022247824204743027
        ],
        [
            0.048096228793577396,
            0.041814058350339994,
            0.0587947012836698,
            0.08876510079762989,
            0.010735732947317691,
            0.18861736539183316,
            0.05717853893061084,
            0.4116997571255323,
            0.22071970153283918,
            -0.056664700734486546,
            0.0,
            0.0,
            1.0000000000000004,
            0.0,
            0.0,
            0.08668062903174618,
            0.02677965762273822,
            0.4639327898556932,
            -0.11133793251537695,
            -0.015321216569645487
        ],
        [
            -0.20416163819205627,
            -0.1774947197815146,
            0.08876510079762992,
            -0.29708929525962663,
            -0.04557165667029389,
            -0.488990853823577,
            -0.14823546344198182,
            0.22071970153283918,
            -0.07537873550293393,
            0.1469033370085117,
            0.0,
            0.0,
            0.0,
            1.0000000000000004,
            0.0,
            0.5233045118487287,
            0.16167298064496727,
            -0.11133793251537702,
            -0.18978960375180753,
            -0.09249658023329035
        ],
        [
            -0.024692416344051907,
            -0.02146717453154977,
            0.010735732947317691,
            -0.04557165667029387,
            0.07419422640845894,
            0.1255371414576307,
            0.0380560417391109,
            -0.056664700734486546,
            0.1469033370085117,
            0.4591234326671755,
            0.0,
            0.0,
            0.0,
            0.0,
            1.0000000000000004,
            0.07201195115420037,
            0.022247824204743014,
            -0.015321216569645487,
            -0.09249658023329028,
            0.4696464474683013
        ],
        [
            0.020300246286312558,
            0.14541322620755984,
            -0.002368346110668264,
            0.02508891911718219,
            0.0031815097265104376,
            0.15830145964955972,
            0.3430046893146683,
            -0.019849552826233484,
            0.2047992350438974,
            -0.010275608715470315,
            0.5631352471116213,
            0.562760613845219,
            0.08668062903174618,
            0.5233045118487287,
            0.07201195115420038,
            0.9999999999999999,
            0.6848602514927513,
            0.0,
            0.0,
            0.0
        ],
        [
            0.14541322620755984,
            0.3798897387336931,
            -0.010193453469450222,
            0.10798368045438902,
            0.013693341194390153,
            0.3430046893146683,
            0.6497144962850427,
            -0.017626187779390356,
            0.1818595010960865,
            -0.00912462917184961,
            0.562760613845219,
            0.8848463420882388,
            0.026779657622738227,
            0.1616729806449673,
            0.022247824204743027,
            0.6848602514927513,
            1.0000000000000002,
            0.0,
            0.0,
            0.0
        ],
        [
            0.002368346110668263,
            0.010193453469450215,
            0.0028137026225908707,
            0.003322300689118875,
            0.00042129881751602424,
            0.019849552826233477,
            0.017626187779390335,
            0.07290879766564534,
            0.03768741312300067,
            -0.0018909304552198602,
            -0.08668062903174617,
            -0.0267796576227382,
            0.4639327898556932,
            -0.11133793251537702,
            -0.015321216569645487,
            0.0,
            0.0,
            1.0000000000000004,
            0.0,
            0.0
        ],
        [
            -0.025088919117182185,
            -0.10798368045438887,
            0.0033223006891188755,
            -0.032067252876620086,
            -0.004463001378561839,
            -0.2047992350438973,
            -0.18185950109608623,
            0.037687413123000654,
            -0.3122811456819899,
            0.0195098153666427,
            -0.5233045118487284,
            -0.16167298064496763,
            -0.11133793251537695,
            -0.18978960375180737,
            -0.09249658023329028,
            0.0,
            0.0,
            0.0,
            1.0000000000000004,
            0.0
        ],
        [
            -0.003181509726510437,
            -0.013693341194390151,
            0.00042129881751602435,
            -0.00446300137856184,
            0.0025613711311380087,
            0.010275608715470315,
            0.009124629171849606,
            -0.0018909304552198602,
            0.019509815366642702,
            0.07558265076247464,
            -0.07201195115420037,
            -0.022247824204743014,
            -0.015321216569645487,
            -0.09249658023329035,
            0.4696464474683013,
            0.0,
            0.0,
            0.0,
            0.0,
            1.0000000000000004
        ]
    ],
    "h": [
        [
            -0.2793555460706305,
            -0.4750733337022862,
            0.029301649333948,
            -0.270472845532816,
            -0.12446103835396026,
            -0.5921085081602995,
            -0.4680839306053808,
            0.014076197981066768,
            0.01736317685986699,
            0.03321120418525392,
            -0.29712028507952404,
            -0.3402945642801295,
            -0.09076365737818029,
            0.32765867438771124,
            -0.017226952985531473,
            -0.032699116775321446,
            -0.16595744885271488,
            -0.006645192076792803,
            0.09822039988572677,
            0.005966394381968592
        ],
        [
            -0.4750733337022862,
            -0.3220753694671674,
            0.027255901060943732,
            -0.2337293657843103,
            -0.10221743393175052,
            -0.5552238170296036,
            -0.3770187080903815,
            0.026246411681995836,
            0.08089154678131244,
            0.12162974569873447,
            -0.3770901588311365,
            -0.3312697832457445,
            -0.08490709061375892,
            0.19140837338445182,
            -0.041195314943718614,
            -0.16679545010507812,
            -0.22197391880128947,
            0.006926092052722583,
            0.14274855584693952,
            0.01076651423744275
        ],
        [
            0.029301649333948,
            0.027255901060943732,
            1.475489674473282,
            0.027216866974395376,
            0.01033023042712852,
            0.019353879177649122,
            0.02926443971168606,
            0.38237616896482973,
            0.07936929631227357,
            0.0279161562519068,
            0.04216658433865325,
            0.02381077730102922,
            -0.03875094894067825,
            -0.0010181172412306039,
            0.008538967238895835,
            0.014275437304509461,
            0.018770254853569507,
            -0.008705801486662241,
            -0.01706329936927867,
            -0.0016981335158480493
        ],
        [
            -0.270472845532816,
            -0.2337293657843103,
            0.027216866974395376,
            1.2346339470803163,
            -0.10763871949197742,
            -0.09579065320847002,
            -0.23022195681470609,
            0.0973759131790627,
            -0.4497450444395423,
            -0.3576324479822304,
            -0.2580822921180329,
            -0.194076580039934,
            -0.053071910430856684,
            0.06616897128422672,
            -0.04844916979039121,
            -0.09652799602697745,
            -0.13424083997578978,
            -0.00656544497761752,
            0.1304319875163487,
            0.013192715585071905
        ],
        [
            -0.12446103835396026,
            -0.10221743393175052,
            0.01033023042712852,
            -0.10763871949197742,
            1.4278638822300893,
            -0.02304789244739286,
            -0.09328833006166541,
            0.040373759054415315,
            -0.3974903957763217,
            0.20974901681456626,
            -0.07532708708058516,
            -0.07877477862573343,
            -0.027174746506860595,
            0.07979063627070246,
            -0.055961467874472176,
            -0.015329779199965884,
            -0.042462238708003,
            -0.0015239241091710132,
            0.026037805463891082,
            -0.007320639511214571
        ],
        [
            -0.5921085081602995,
            -0.5552238170296036,
            0.019353879177649122,
            -0.09579065320847002,
            -0.02304789244739286,
            -0.4783151791256026,
            -0.6165128959979158,
            0.06690036053249863,
            0.0076260432381153875,
            0.17667875199375938,
            -0.578320197885573,
            -0.5462518279605317,
            -0.039696090006409,
            0.06103701003362738,
            -0.004545917475058114,
            -0.2948413179988107,
            -0.3740915914919123,
            0.007798636031965067,
            0.2737608984702629,
            0.012213468985376558
        ],
        [
            -0.4680839306053808,
            -0.3770187080903815,
            0.02926443971168606,
            -0.23022195681470609,
            -0.09328833006166541,
            -0.6165128959979158,
            -0.44169373690651903,
            0.05727389609016452,
            -0.02323455512975746,
            0.14036224587355364,
            -0.5478344705681828,
            -0.427681894936758,
            -0.10551235203854205,
            0.1252838796756422,
            -0.05784231249563279,
            -0.33947863091881525,
            -0.3296279738847048,
            0.02301318993319535,
            0.20950552388180355,
            0.020419475996133224
        ],
        [
            0.014076197981066768,
            0.026246411681995836,
            0.38237616896482973,
            0.0973759131790627,
            0.040373759054415315,
            0.06690036053249863,
            0.05727389609016452,
            1.353700821154603,
            0.1149594145519268,
            -0.01227714716817996,
            0.015139567978146917,
            0.06806755591341823,
            0.30257531617995936,
            0.33454253715127147,
            -0.07704687172691504,
            0.07599620951896252,
            0.06784177969368542,
            -0.05223918052659304,
            -0.06436266126943896,
            -0.00653240156697181
        ],
        [
            0.01736317685986699,
            0.08089154678131244,
            0.07936929631227357,
            -0.4497450444395423,
            -0.3974903957763217,
            0.0076260432381153875,
            -0.02323455512975746,
            0.1149594145519268,
            0.8696556790449126,
            -0.05119773996803542,
            -0.06531366061058108,
            -0.1344077277680768,
            0.3130543527577512,
            -0.5793047123990285,
            0.18839331617640492,
            -0.3318087490539571,
            -0.19501546371268297,
            0.03885758823050815,
            0.09492724128641583,
            0.028391142481990643
        ],
        [
            0.03321120418525392,
            0.12162974569873447,
            0.0279161562519068,
            -0.3576324479822304,
            0.20974901681456626,
            0.17667875199375938,
            0.14036224587355364,
            -0.01227714716817996,
            -0.05119773996803542,
            1.3230890696832955,
            0.03560920883365498,
            0.10435993561853145,
            -0.06577127841699508,
            0.16328062112800096,
            0.3675601976899834,
            0.036746756876308795,
            0.062161629364844,
            -0.003676559249889809,
            -0.04660715847195246,
            -0.04824598110664147
        ],
        [
            -0.29712028507952404,
            -0.3770901588311365,
            0.04216658433865325,
            -0.2580822921180329,
            -0.07532708708058516,
            -0.578320197885573,
            -0.5478344705681828,
            0.015139567978146917,
            -0.06531366061058108,
            0.03560920883365498,
            -0.48723704744223917,
            -0.621287339590958,
            -0.1343861244038489,
            -0.03429651935367044,
            -0.09478407246256995,
            -0.5977018217156825,
            -0.5586727491676243,
            -0.0015159104551608626,
            0.09575516491401848,
            -0.0008930855434049478
        ],
        [
            -0.3402945642801295,
            -0.3312697832457445,
            0.02381077730102922,
            -0.194076580039934,
            -0.07877477862573343,
            -0.5462518279605317,
            -0.427681894936758,
            0.06806755591341823,
            -0.1344077277680768,
            0.10435993561853145,
            -0.621287339590958,
            -0.4439847528661267,
            -0.11213480754801204,
            0.005055975212655217,
            -0.07305283528149055,
            -0.47034861270893036,
            -0.37628902165000944,
            0.02743856911961537,
            0.2500790898932749,
            0.023149175483502808
        ],
        [
            -0.09076365737818029,
            -0.08490709061375892,
            -0.03875094894067825,
            -0.053071910430856684,
            -0.027174746506860595,
            -0.039696090006409,
            -0.10551235203854205,
            0.30257531617995936,
            0.3130543527577512,
            -0.06577127841699508,
            -0.1343861244038489,
            -0.11213480754801204,
            1.3455190327986821,
            0.05630402069254326,
            -0.026792104060780652,
            -0.020837353688270333,
            -0.07737716375648376,
            0.3864422957912408,
            -0.1235347534300121,
            -0.021966186860505353
        ],
        [
            0.32765867438771124,
            0.19140837338445182,
            -0.0010181172412306039,
            0.06616897128422672,
            0.07979063627070246,
            0.06103701003362738,
            0.1252838796756422,
            0.33454253715127147,
            -0.5793047123990285,
            0.16328062112800096,
            -0.03429651935367044,
            0.005055975212655217,
            0.05630402069254326,
            0.817866364519978,
            0.013305485039855004,
            -0.0171444149045763,
            -0.10081349366494519,
            -0.15473794913958527,
            -0.5828774393259578,
            -0.13215992121705225
        ],
        [
            -0.017226952985531473,
            -0.041195314943718614,
            0.008538967238895835,
            -0.04844916979039121,
            -0.055961467874472176,
            -0.004545917475058114,
            -0.05784231249563279,
            -0.07704687172691504,
            0.18839331617640492,
            0.3675601976899834,
            -0.09478407246256995,
            -0.07305283528149055,
            -0.026792104060780652,
            0.013305485039855004,
            1.368309852574523,
            -0.02261142998017915,
            -0.058123805252030605,
            -0.021994190892654884,
            -0.10695460811059895,
            0.39597807122368767
        ],
        [
            -0.032699116775321446,
            -0.16679545010507812,
            0.014275437304509461,
            -0.09652799602697745,
            -0.015329779199965884,
            -0.2948413179988107,
            -0.33947863091881525,
            0.07599620951896252,
            -0.3318087490539571,
            0.036746756876308795,
            -0.5977018217156825,
            -0.47034861270893036,
            -0.020837353688270333,
            -0.0171444149045763,
            -0.02261142998017915,
            -0.28601949678523453,
            -0.4774030292133451,
            0.044194586264800426,
            0.3000658059797974,
            0.03481461250763317
        ],
        [
            -0.16595744885271488,
            -0.22197391880128947,
            0.018770254853569507,
            -0.13424083997578978,
            -0.042462238708003,
            -0.3740915914919123,
            -0.3296279738847048,
            0.06784177969368542,
            -0.19501546371268297,
            0.062161629364844,
            -0.5586727491676243,
            -0.37628902165000944,
            -0.07737716375648376,
            -0.10081349366494519,
            -0.058123805252030605,
            -0.4774030292133451,
            -0.32126642931707194,
            0.03364552069014291,
            0.2553479027565829,
            0.027001555708382724
        ],
        [
            -0.006645192076792803,
            0.006926092052722583,
            -0.008705801486662241,
            -0.00656544497761752,
            -0.0015239241091710132,
            0.007798636031965067,
            0.02301318993319535,
            -0.05223918052659304,
            0.03885758823050815,
            -0.003676559249889809,
            -0.0015159104551608626,
            0.02743856911961537,
            0.3864422957912408,
            -0.15473794913958527,
            -0.021994190892654884,
            0.044194586264800426,
            0.03364552069014291,
            1.471682084982448,
            -0.03969252626147214,
            -0.006076040994838147
        ],
        [
            0.09822039988572677,
            0.14274855584693952,
            -0.01706329936927867,
            0.1304319875163487,
            0.026037805463891082,
            0.2737608984702629,
            0.20950552388180355,
            -0.06436266126943896,
            0.09492724128641583,
            -0.04660715847195246,
            0.09575516491401848,
            0.2500790898932749,
            -0.1235347534300121,
            -0.5828774393259578,
            -0.10695460811059895,
            0.3000658059797974,
            0.2553479027565829,
            -0.03969252626147214,
            1.1866740587148077,
            -0.03316175440549644
        ],
        [
            0.005966394381968592,
            0.01076651423744275,
            -0.0016981335158480493,
            0.013192715585071905,
            -0.007320639511214571,
            0.012213468985376558,
            0.020419475996133224,
            -0.00653240156697181,
            0.028391142481990643,
            -0.04824598110664147,
            -0.0008930855434049478,
            0.023149175483502808,
            -0.021966186860505353,
            -0.13215992121705225,
            0.39597807122368767,
            0.03481461250763317,
            0.027001555708382724,
            -0.006076040994838147,
            -0.03316175440549644,
            1.4742156041489742
        ]
    ]
}