{
    "HF": -2.1127605175528785,
    "coordinates": [
        [
            0.798608,
            0.111728,
            0.198025
        ],
        [
            1.529772,
            -0.074512,
            -0.103446
        ],
        [
            2.175979,
            -0.184568,
            0.099274
        ],
        [
            2.878405,
            -0.144422,
            -0.176698
        ]
    ],
    "elements": [
        "H",
        "H",
        "H",
        "H"
    ],
    "Enn": 3.1372614083842656,
    "S": [
        [
            0.9999999999999999,
            0.6848602514927513,
            0.0,
            0.0,
            0.0,
            0.5130399414423965,
            0.5437093020487632,
            0.1913897748046786,
            -0.4641816735450109,
            0.11823502645237298,
            0.156255469601149,
            0.3412012408650602,
            0.01423092079580574,
            -0.19849173788052524,
            0.0426989590800504,
            0.01888973066375081,
            0.14100844567227402,
            0.0041360215401398896,
            -0.02295585056459924,
            0.002827266854468054
        ],
        [
            0.6848602514927513,
            1.0000000000000002,
            0.0,
            0.0,
            0.0,
            0.5437093020487632,
            0.8660537571762387,
            0.06412642196112044,
            -0.1555271690702609,
            0.03961543507016946,
            0.3412012408650602,
            0.6475792715034088,
            0.012767726154787955,
            -0.1780832167932116,
            0.03830873802552936,
            0.14100844567227402,
            0.3726417537799844,
            0.018804216125523417,
            -0.10436763231831316,
            0.01285402807020874
        ],
        [
            0.0,
            0.0,
            1.0000000000000004,
            0.0,
            0.0,
            -0.19138977480467853,
            -0.06412642196112038,
            0.3243019167913824,
            0.2428964819059394,
            -0.0618698962068184,
            -0.01423092079580574,
            -0.01276772615478795,
            0.07317367128166741,
            0.026510389659519275,
            -0.005702837082062077,
            -0.00413602154013989,
            -0.018804216125523424,
            0.001771752021239862,
            0.00564134361337502,
            -0.0006947938508258313
        ],
        [
            0.0,
            0.0,
            0.0,
            1.0000000000000004,
            0.0,
            0.4641816735450109,
            0.1555271690702609,
            0.24289648190593963,
            -0.1646498306908574,
            0.15005436937603348,
            0.19849173788052515,
            0.1780832167932114,
            0.02651038965951928,
            -0.2946904401746778,
            0.07954271262627138,
            0.022955850564599232,
            0.10436763231831314,
            0.005641343613375017,
            -0.02852255781284492,
            0.0038562622699060654
        ],
        [
            0.0,
            0.0,
            0.0,
            0.0,
            1.0000000000000004,
            -0.11823502645237298,
            -0.03961543507016947,
            -0.061869896206818445,
            0.15005436937603342,
            0.3862307310438251,
            -0.04269895908005039,
            -0.038308738025529344,
            -0.005702837082062077,
            0.07954271262627136,
            0.057963346618924744,
            -0.0028272668544680538,
            -0.012854028070208728,
            -0.0006947938508258311,
            0.0038562622699060663,
            0.00231322776257341
        ],
        [
            0.5130399414423965,
            0.5437093020487632,
            -0.1913897748046786,
            0.4641816735450109,
            -0.11823502645237298,
            0.9999999999999999,
            0.6848602514927513,
            0.0,
            0.0,
            0.0,
            0.6144246448367766,
            0.5809135296462012,
            -0.16164501802811151,
            -0.515272998050966,
            0.08775653168953157,
            0.18027490372649593,
            0.3614985265414377,
            0.012580796231092425,
            -0.2316233954503205,
            0.01200681844203123
        ],
        [
            0.5437093020487632,
            0.8660537571762387,
            -0.06412642196112044,
            0.1555271690702609,
            -0.03961543507016946,
            0.6848602514927513,
            1.0000000000000002,
            0.0,
            0.0,
            0.0,
            0.5809135296462012,
            0.9025287066126022,
            -0.04627765661690747,
            -0.1475184769605463,
            0.02512398271818452,
            0.3614985265414377,
            0.671370506610329,
            0.010074578122900099,
            -0.1854817413534255,
            0.009614942343853352
        ],
        [
            0.19138977480467853,
            0.06412642196112038,
            0.3243019167913824,
            0.24289648190593957,
            -0.0618698962068184,
            0.0,
            0.0,
            1.0000000000000004,
            0.0,
            0.0,
            0.1616450180281115,
            0.04627765661690744,
            0.4848344995504408,
            -0.18458309109031837,
            0.03143648501646698,
            -0.012580796231092425,
            -0.010074578122900097,
            0.09178521436977381,
            0.02387320223145151,
            -0.0012375313135603054
        ],
        [
            -0.4641816735450109,
            -0.1555271690702609,
            0.2428964819059395,
            -0.1646498306908574,
            0.15005436937603336,
            0.0,
            0.0,
            0.0,
            1.0000000000000004,
            0.0,
            0.515272998050966,
            0.14751847696054626,
            -0.18458309109031837,
            -0.045652687931490646,
            0.10020953370676831,
            0.2316233954503204,
            0.18548174135342566,
            0.023873202231451524,
            -0.34644450169333596,
            0.02278402730301938
        ],
        [
            0.11823502645237298,
            0.03961543507016947,
            -0.061869896206818445,
            0.15005436937603353,
            0.3862307310438251,
            0.0,
            0.0,
            0.0,
            0.0,
            1.0000000000000004,
            -0.08775653168953156,
            -0.025123982718184515,
            0.03143648501646699,
            0.10020953370676833,
            0.5256728435860164,
            -0.012006818442031225,
            -0.009614942343853364,
            -0.0012375313135603058,
            0.022784027303019375,
            0.09190083400914507
        ],
        [
            0.156255469601149,
            0.3412012408650602,
            -0.01423092079580574,
            0.19849173788052515,
            -0.0426989590800504,
            0.6144246448367766,
            0.5809135296462012,
            0.16164501802811151,
            0.515272998050966,
            -0.08775653168953157,
            0.9999999999999999,
            0.6848602514927513,
            0.0,
            0.0,
            0.0,
            0.5580401221453806,
            0.5608852738550607,
            0.19487174422179984,
            -0.49600314454633754,
            -0.02834824200835003
        ],
        [
            0.3412012408650602,
            0.6475792715034088,
            -0.012767726154787955,
            0.1780832167932116,
            -0.03830873802552936,
            0.5809135296462012,
            0.9025287066126022,
            0.04627765661690747,
            0.1475184769605463,
            -0.02512398271818452,
            0.6848602514927513,
            1.0000000000000002,
            0.0,
            0.0,
            0.0,
            0.5608852738550607,
            0.8830073292400182,
            0.06068420654389863,
            -0.15445829455816015,
            -0.008827809183219149
        ],
        [
            0.01423092079580574,
            0.01276772615478795,
            0.07317367128166741,
            0.02651038965951928,
            -0.005702837082062077,
            -0.1616450180281115,
            -0.04627765661690744,
            0.4848344995504408,
            -0.18458309109031837,
            0.03143648501646699,
            0.0,
            0.0,
            1.0000000000000004,
            0.0,
            0.0,
            -0.19487174422179976,
            -0.060684206543898556,
            0.3822289157083297,
            0.2397718378039329,
            0.013703764098249046
        ],
        [
            -0.19849173788052515,
            -0.1780832167932113,
            0.026510389659519275,
            -0.29469044017467794,
            0.07954271262627136,
            -0.515272998050966,
            -0.14751847696054626,
            -0.18458309109031837,
            -0.045652687931490646,
            0.10020953370676833,
            0.0,
            0.0,
            0.0,
            1.0000000000000004,
            0.0,
            0.49600314454633754,
            0.15445829455816013,
            0.23977183780393266,
            -0.13385499668163522,
            -0.03487991608017001
        ],
        [
            0.04269895908005039,
            0.038308738025529344,
            -0.005702837082062077,
            0.07954271262627138,
            0.057963346618924744,
            0.08775653168953157,
            0.025123982718184515,
            0.03143648501646698,
            0.10020953370676831,
            0.5256728435860164,
            0.0,
            0.0,
            0.0,
            0.0,
            1.0000000000000004,
            0.028348242008350025,
            0.008827809183219149,
            0.01370376409824905,
            -0.03487991608017006,
            0.474437951979015
        ],
        [
            0.01888973066375081,
            0.14100844567227402,
            -0.0041360215401398896,
            0.02295585056459924,
            -0.002827266854468054,
            0.18027490372649593,
            0.3614985265414377,
            -0.012580796231092425,
            0.2316233954503205,
            -0.012006818442031225,
            0.5580401221453806,
            0.5608852738550607,
            -0.19487174422179984,
            0.49600314454633754,
            0.02834824200835003,
            0.9999999999999999,
            0.6848602514927513,
            0.0,
            0.0,
            0.0
        ],
        [
            0.14100844567227402,
            0.3726417537799844,
            -0.018804216125523417,
            0.10436763231831316,
            -0.01285402807020874,
            0.3614985265414377,
            0.671370506610329,
            -0.010074578122900099,
            0.1854817413534257,
            -0.009614942343853366,
            0.5608852738550607,
            0.8830073292400182,
            -0.06068420654389863,
            0.15445829455816015,
            0.008827809183219149,
            0.6848602514927513,
            1.0000000000000002,
            0.0,
            0.0,
            0.0
        ],
        [
            0.00413602154013989,
            0.01880421612552343,
            0.001771752021239862,
            0.005641343613375018,
            -0.0006947938508258313,
            0.012580796231092425,
            0.010074578122900097,
            0.09178521436977381,
            0.023873202231451524,
            -0.0012375313135603058,
            0.19487174422179976,
            0.060684206543898535,
            0.3822289157083297,
            0.23977183780393257,
            0.013703764098249046,
            0.0,
            0.0,
            1.0000000000000004,
            0.0,
            0.0
        ],
        [
            -0.02295585056459924,
            -0.10436763231831314,
            0.005641343613375018,
            -0.02852255781284492,
            0.0038562622699060663,
            -0.23162339545032032,
            -0.18548174135342543,
            0.02387320223145151,
            -0.34644450169333596,
            0.022784027303019375,
            -0.49600314454633754,
            -0.15445829455816013,
            0.239771837803933,
            -0.13385499668163536,
            -0.03487991608017006,
            0.0,
            0.0,
            0.0,
            1.0000000000000004,
            0.0
        ],
        [
            0.0028272668544680538,
            0.012854028070208728,
            -0.0006947938508258311,
            0.0038562622699060654,
            0.00231322776257341,
            0.01200681844203123,
            0.00961494234385335,
            -0.0012375313135603054,
            0.02278402730301938,
            0.09190083400914507,
            -0.028348242008350025,
            -0.008827809183219149,
            0.01370376409824905,
            -0.03487991608017001,
            0.474437951979015,
            0.0,
            0.0,
            0.0,
            0.0,
            1.0000000000000004
        ]
    ],
    "h": [
        [
            -0.24691776153577072,
            -0.4604127077470054,
            0.09340060843749655,
            -0.24683243042982597,
            0.0633302073654933,
            -0.5601523497278242,
            -0.44778359036800874,
            -0.040527162713952125,
            0.030998334785096726,
            -0.0062347237391135735,
            -0.29155455115850926,
            -0.3286485931699673,
            0.02634433189314178,
            0.33056218138613036,
            -0.05773379925857552,
            -0.02823185124873044,
            -0.15834108540583652,
            -0.014453180375139221,
            0.09712790601148102,
            -0.007498604539929753
        ],
        [
            -0.4604127077470054,
            -0.31693016330688817,
            0.0795114685229184,
            -0.22138161855355948,
            0.05620148884343167,
            -0.5445991548624093,
            -0.3735235332412896,
            -0.11205724489808098,
            0.06598263330193427,
            -0.026051294543313598,
            -0.38037707310453267,
            -0.3281389732392851,
            0.06319815985452337,
            0.20823071609197571,
            -0.04503665213673647,
            -0.16196369053916404,
            -0.21861357984237156,
            -0.03471417027876344,
            0.14323529978184946,
            -0.0008508589979226468
        ],
        [
            0.09340060843749655,
            0.0795114685229184,
            1.4575444595999008,
            0.08141236691551161,
            -0.02076414289706326,
            0.020171117808398975,
            0.07132597584411676,
            0.1991354937382535,
            0.3345057512427724,
            -0.08469105996929571,
            0.06093533245546618,
            0.06304340692160759,
            -0.057722883511442086,
            -0.07056254158705133,
            0.012724398204957334,
            0.015647938100361185,
            0.03516647641616315,
            -0.003835112290704052,
            -0.02734160297076626,
            0.002185530375479825
        ],
        [
            -0.24683243042982597,
            -0.22138161855355948,
            0.08141236691551161,
            1.266264971956148,
            0.05627948164706121,
            -0.10571964052865956,
            -0.2171261314183136,
            0.29273873700854114,
            -0.5116257066657133,
            0.20796042061344844,
            -0.25976060494782854,
            -0.18620374709392262,
            0.05522102218001536,
            0.08622836151201807,
            -0.02234731036789539,
            -0.09339926216148717,
            -0.13043810504793246,
            -0.025506143880843456,
            0.12591319606190302,
            -0.010228319096910084
        ],
        [
            0.0633302073654933,
            0.05620148884343167,
            -0.02076414289706326,
            0.05627948164706121,
            1.47631382429518,
            0.025101224875293787,
            0.053973515268346345,
            -0.07535198388789763,
            0.21131040326732764,
            0.27614073692016167,
            0.06011270172273528,
            0.045989459982335945,
            -0.012798727837808065,
            -0.03644364333628475,
            -0.03820179085094931,
            0.016204540637021758,
            0.029381391506247925,
            0.004221912184776053,
            -0.022384068548260715,
            -0.00682852992035111
        ],
        [
            -0.5601523497278242,
            -0.5445991548624093,
            0.020171117808398975,
            -0.10571964052865956,
            0.025101224875293787,
            -0.4861278622880101,
            -0.6230069046778827,
            -0.1706247858187404,
            -0.06102822899308187,
            -0.00964500979446687,
            -0.6180529451263872,
            -0.564971909231681,
            0.02536256761239697,
            0.04288492351188289,
            -0.02427817734515575,
            -0.3281056399734323,
            -0.39724045218518067,
            -0.06394286567345307,
            0.287981719109077,
            -0.0001335501198420526
        ],
        [
            -0.44778359036800874,
            -0.3735235332412896,
            0.07132597584411676,
            -0.2171261314183136,
            0.053973515268346345,
            -0.6230069046778827,
            -0.44805989838009874,
            -0.13423767902098604,
            -0.062395790870217,
            -0.008012403035500899,
            -0.5714753858215624,
            -0.43508668264094963,
            0.10738345717597592,
            0.14278256514587317,
            -0.05348820327565216,
            -0.35347499304588414,
            -0.3380561029117253,
            -0.06624691749309441,
            0.21418511416257835,
            0.006621434752313308
        ],
        [
            -0.040527162713952125,
            -0.11205724489808098,
            0.1991354937382535,
            0.29273873700854114,
            -0.07535198388789763,
            -0.1706247858187404,
            -0.13423767902098604,
            1.3243613721390484,
            0.008535640810765818,
            -0.007918445823451005,
            -0.021603165030122717,
            -0.10331662417379077,
            0.40318709044413825,
            -0.22684059976181487,
            0.037478699455726586,
            -0.03369206504700906,
            -0.06552688286755254,
            -0.05613785518181427,
            0.06760656127428996,
            -2.884864578152173e-05
        ],
        [
            0.030998334785096726,
            0.06598263330193427,
            0.3345057512427724,
            -0.5116257066657133,
            0.21131040326732764,
            -0.06102822899308187,
            -0.062395790870217,
            0.008535640810765818,
            0.8285775979896441,
            0.10417674150189729,
            -0.0763546737068228,
            -0.16701943664009222,
            -0.21712078645156924,
            -0.5666629701552697,
            0.15360705346547515,
            -0.3547237750156828,
            -0.2218938366614665,
            -0.0752475657205773,
            0.04898924362868595,
            0.01947530949379528
        ],
        [
            -0.0062347237391135735,
            -0.026051294543313598,
            -0.08469105996929571,
            0.20796042061344844,
            0.27614073692016167,
            -0.00964500979446687,
            -0.008012403035500899,
            -0.007918445823451005,
            0.10417674150189729,
            1.3627339084388286,
            -0.002383883576059509,
            0.01206639838499566,
            0.04093676344379488,
            0.17950635777077073,
            0.45738653753999436,
            0.04279922812902315,
            0.02729003180314859,
            0.010413316772288971,
            -0.02596017650088639,
            -0.04282972589879677
        ],
        [
            -0.29155455115850926,
            -0.38037707310453267,
            0.06093533245546618,
            -0.25976060494782854,
            0.06011270172273528,
            -0.6180529451263872,
            -0.5714753858215624,
            -0.021603165030122717,
            -0.0763546737068228,
            -0.002383883576059509,
            -0.5202191334752881,
            -0.6346034359550496,
            0.18181800793010344,
            0.01633014913264194,
            -0.06061681415493327,
            -0.6036643799431207,
            -0.5672774628774113,
            -0.01699304844573951,
            0.115978074814856,
            -0.0014422119658069818
        ],
        [
            -0.3286485931699673,
            -0.3281389732392851,
            0.06304340692160759,
            -0.18620374709392262,
            0.045989459982335945,
            -0.564971909231681,
            -0.43508668264094963,
            -0.10331662417379077,
            -0.16701943664009222,
            0.01206639838499566,
            -0.6346034359550496,
            -0.4474256799118368,
            0.13896826168407186,
            0.03574439587652017,
            -0.05131019713741368,
            -0.4719222174387059,
            -0.3797553367259643,
            -0.0754526858423194,
            0.24857553270985622,
            0.007958789922771279
        ],
        [
            0.02634433189314178,
            0.06319815985452337,
            -0.057722883511442086,
            0.05522102218001536,
            -0.012798727837808065,
            0.02536256761239697,
            0.10738345717597592,
            0.40318709044413825,
            -0.21712078645156924,
            0.04093676344379488,
            0.18181800793010344,
            0.13896826168407186,
            1.3103146050022627,
            0.019929996547966122,
            0.018002880952054563,
            0.041087769561129306,
            0.11864027399354125,
            0.2729701358775427,
            0.2939861155285708,
            0.01991923021900081
        ],
        [
            0.33056218138613036,
            0.20823071609197571,
            -0.07056254158705133,
            0.08622836151201807,
            -0.03644364333628475,
            0.04288492351188289,
            0.14278256514587317,
            -0.22684059976181487,
            -0.5666629701552697,
            0.17950635777077073,
            0.01633014913264194,
            0.03574439587652017,
            0.019929996547966122,
            0.7954095392744946,
            0.04368949270179254,
            -0.012174894886204157,
            -0.07692052549366271,
            0.34354618085470484,
            -0.5125220695464656,
            -0.045794453945156695
        ],
        [
            -0.05773379925857552,
            -0.04503665213673647,
            0.012724398204957334,
            -0.02234731036789539,
            -0.03820179085094931,
            -0.02427817734515575,
            -0.05348820327565216,
            0.037478699455726586,
            0.15360705346547515,
            0.45738653753999436,
            -0.06061681415493327,
            -0.05131019713741368,
            0.018002880952054563,
            0.04368949270179254,
            1.3627839516659246,
            -0.007437649106322511,
            -0.03199168389130274,
            0.017303297609033853,
            -0.03170119945368294,
            0.39569345064687655
        ],
        [
            -0.02823185124873044,
            -0.16196369053916404,
            0.015647938100361185,
            -0.09339926216148717,
            0.016204540637021758,
            -0.3281056399734323,
            -0.35347499304588414,
            -0.03369206504700906,
            -0.3547237750156828,
            0.04279922812902315,
            -0.6036643799431207,
            -0.4719222174387059,
            0.041087769561129306,
            -0.012174894886204157,
            -0.007437649106322511,
            -0.2898450655448983,
            -0.4796248931747882,
            -0.10199440334101334,
            0.28801307983619095,
            0.01463244299494775
        ],
        [
            -0.15834108540583652,
            -0.21861357984237156,
            0.03516647641616315,
            -0.13043810504793246,
            0.029381391506247925,
            -0.39724045218518067,
            -0.3380561029117253,
            -0.06552688286755254,
            -0.2218938366614665,
            0.02729003180314859,
            -0.5672774628774113,
            -0.3797553367259643,
            0.11864027399354125,
            -0.07692052549366271,
            -0.03199168389130274,
            -0.4796248931747882,
            -0.3251473751806111,
            -0.08269044889350644,
            0.2487533383805274,
            0.010743466354158012
        ],
        [
            -0.014453180375139221,
            -0.03471417027876344,
            -0.003835112290704052,
            -0.025506143880843456,
            0.004221912184776053,
            -0.06394286567345307,
            -0.06624691749309441,
            -0.05613785518181427,
            -0.0752475657205773,
            0.010413316772288971,
            -0.01699304844573951,
            -0.0754526858423194,
            0.2729701358775427,
            0.34354618085470484,
            0.017303297609033853,
            -0.10199440334101334,
            -0.08269044889350644,
            1.4343846465338477,
            0.0926986172788169,
            0.005176475620430509
        ],
        [
            0.09712790601148102,
            0.14323529978184946,
            -0.02734160297076626,
            0.12591319606190302,
            -0.022384068548260715,
            0.287981719109077,
            0.21418511416257835,
            0.06760656127428996,
            0.04898924362868595,
            -0.02596017650088639,
            0.115978074814856,
            0.24857553270985622,
            0.2939861155285708,
            -0.5125220695464656,
            -0.03170119945368294,
            0.28801307983619095,
            0.2487533383805274,
            0.0926986172788169,
            1.1962439786529624,
            -0.011393909063494263
        ],
        [
            -0.007498604539929753,
            -0.0008508589979226468,
            0.002185530375479825,
            -0.010228319096910084,
            -0.00682852992035111,
            -0.0001335501198420526,
            0.006621434752313308,
            -2.884864578152173e-05,
            0.01947530949379528,
            -0.04282972589879677,
            -0.0014422119658069818,
            0.007958789922771279,
            0.01991923021900081,
            -0.045794453945156695,
            0.39569345064687655,
            0.01463244299494775,
            0.010743466354158012,
            0.005176475620430509,
            -0.011393909063494263,
            1.4691527576042613
        ]
    ]
}