{
    "HF": -2.1614854787759583,
    "coordinates": [
        [
            0.689843,
            0.031174,
            -0.183816
        ],
        [
            1.350686,
            -0.141427,
            0.095395
        ],
        [
            2.116875,
            0.141035,
            0.168801
        ],
        [
            2.890573,
            -0.146832,
            0.119432
        ]
    ],
    "elements": [
        "H",
        "H",
        "H",
        "H"
    ],
    "Enn": 2.9425106115550577,
    "S": [
        [
            0.9999999999999999,
            0.6848602514927513,
            0.0,
            0.0,
            0.0,
            0.5724268775385177,
            0.5661459394100784,
            -0.20360647787724434,
            -0.48190048264513885,
            0.12586424491904066,
            0.13411142822399585,
            0.32064593874490743,
            -0.042153253560065274,
            -0.17059314138095175,
            -0.013133225537516146,
            0.013266040620395483,
            0.12120207567679846,
            -0.0021742585555851375,
            -0.015779019254975723,
            0.001276285642264707
        ],
        [
            0.6848602514927513,
            1.0000000000000002,
            0.0,
            0.0,
            0.0,
            0.5661459394100784,
            0.8881601964692011,
            -0.062011312701652735,
            -0.14676979746391894,
            0.0383337855013519,
            0.3206459387449075,
            0.6229319467710573,
            -0.04265932143365064,
            -0.17264118515019217,
            -0.013290895538281743,
            0.12120207567679846,
            0.3389321667022985,
            -0.01293659597230662,
            -0.09388340518036165,
            0.00759375726351505
        ],
        [
            0.0,
            0.0,
            1.0000000000000004,
            0.0,
            0.0,
            0.20360647787724437,
            0.06201131270165275,
            0.39341179137488164,
            -0.23627719773664466,
            0.061711602614452465,
            0.04215325356006528,
            0.04265932143365065,
            0.040344348125230425,
            -0.07782825490638355,
            -0.005991659550921215,
            0.0021742585555851366,
            0.012936595972306612,
            0.001206331083589749,
            -0.002745561992993909,
            0.00022207472435277104
        ],
        [
            0.0,
            0.0,
            0.0,
            1.0000000000000004,
            0.0,
            0.4819004826451387,
            0.1467697974639191,
            -0.23627719773664474,
            -0.06598565666012801,
            0.14606043675407712,
            0.17059314138095172,
            0.1726411851501923,
            -0.07782825490638351,
            -0.25539339366210795,
            -0.024248093291787405,
            0.01577901925497572,
            0.09388340518036167,
            -0.0027455619929939107,
            -0.01834042613619707,
            0.0016116396748696578
        ],
        [
            0.0,
            0.0,
            0.0,
            0.0,
            1.0000000000000004,
            -0.12586424491904064,
            -0.0383337855013519,
            0.061711602614452445,
            0.14606043675407704,
            0.4550921227290094,
            0.013133225537516145,
            0.013290895538281744,
            -0.005991659550921212,
            -0.024248093291787405,
            0.057708812260018706,
            -0.0012762856422647067,
            -0.007593757263515043,
            0.0002220747243527711,
            0.001611639674869657,
            0.0014542963729648967
        ],
        [
            0.5724268775385177,
            0.5661459394100784,
            0.20360647787724434,
            0.4819004826451387,
            -0.12586424491904064,
            0.9999999999999999,
            0.6848602514927513,
            0.0,
            0.0,
            0.0,
            0.5072740084060533,
            0.5414250381320026,
            -0.04593985367263795,
            -0.479505906132806,
            -0.17677387336294925,
            0.11318226421334156,
            0.2991455006546657,
            -0.002336448878028306,
            -0.1496803783101208,
            0.0005253778002971612
        ],
        [
            0.5661459394100784,
            0.8881601964692011,
            0.062011312701652714,
            0.14676979746391913,
            -0.038333785501351914,
            0.6848602514927513,
            1.0000000000000002,
            0.0,
            0.0,
            0.0,
            0.5414250381320026,
            0.8637838173064566,
            -0.015544294798153236,
            -0.16224651509552684,
            -0.05981353836574613,
            0.2991455006546657,
            0.5965013410500735,
            -0.002699877437301932,
            -0.17296277269603366,
            0.0006070989536388363
        ],
        [
            -0.20360647787724437,
            -0.06201131270165274,
            0.39341179137488164,
            -0.23627719773664474,
            0.061711602614452465,
            0.0,
            0.0,
            1.0000000000000004,
            0.0,
            0.0,
            0.04593985367263792,
            0.015544294798153254,
            0.4120200670949493,
            -0.061014962311770525,
            -0.022493677518872403,
            0.002336448878028306,
            0.0026998774373019315,
            0.04594231407962756,
            -0.004421463664998844,
            1.551932778789514e-05
        ],
        [
            -0.4819004826451385,
            -0.14676979746391894,
            -0.23627719773664466,
            -0.06598565666012801,
            0.14606043675407707,
            0.0,
            0.0,
            0.0,
            1.0000000000000004,
            0.0,
            0.479505906132806,
            0.16224651509552646,
            -0.061014962311770504,
            -0.21898949588341418,
            -0.23478201079621983,
            0.14968037831012074,
            0.17296277269603383,
            -0.004421463664998845,
            -0.23724175430459812,
            0.0009942177105844523
        ],
        [
            0.1258642449190406,
            0.03833378550135189,
            0.061711602614452445,
            0.14606043675407707,
            0.4550921227290094,
            0.0,
            0.0,
            0.0,
            0.0,
            1.0000000000000004,
            0.17677387336294928,
            0.05981353836574613,
            -0.02249367751887242,
            -0.23478201079622008,
            0.3313113489978947,
            -0.0005253778002971612,
            -0.0006070989536388363,
            1.5519327787895305e-05,
            0.0009942177105844627,
            0.046007841599107806
        ],
        [
            0.13411142822399585,
            0.32064593874490743,
            0.042153253560065274,
            0.17059314138095172,
            0.013133225537516145,
            0.5072740084060533,
            0.5414250381320026,
            0.04593985367263792,
            0.479505906132806,
            0.17677387336294925,
            0.9999999999999999,
            0.6848602514927513,
            0.0,
            0.0,
            0.0,
            0.5017476785516963,
            0.5392169947199502,
            0.030471134577324272,
            -0.47753561709183123,
            0.17767493968625248
        ],
        [
            0.3206459387449075,
            0.6229319467710573,
            0.04265932143365064,
            0.17264118515019225,
            0.01329089553828175,
            0.5414250381320026,
            0.8637838173064566,
            0.015544294798153257,
            0.1622465150955265,
            0.05981353836574613,
            0.6848602514927513,
            1.0000000000000002,
            0.0,
            0.0,
            0.0,
            0.5392169947199502,
            0.8615861541741778,
            0.01040876138828352,
            -0.16312337435621915,
            0.06069272042295796
        ],
        [
            -0.04215325356006528,
            -0.04265932143365065,
            0.040344348125230425,
            -0.07782825490638354,
            -0.005991659550921215,
            -0.04593985367263795,
            -0.015544294798153231,
            0.4120200670949493,
            -0.061014962311770504,
            -0.022493677518872414,
            0.0,
            0.0,
            1.0000000000000004,
            0.0,
            0.0,
            -0.030471134577324248,
            -0.01040876138828354,
            0.4089659727961154,
            0.040813318529747414,
            -0.015185262938773016
        ],
        [
            -0.17059314138095175,
            -0.1726411851501923,
            -0.07782825490638352,
            -0.25539339366210784,
            -0.024248093291787405,
            -0.479505906132806,
            -0.16224651509552646,
            -0.061014962311770525,
            -0.21898949588341418,
            -0.23478201079621996,
            0.0,
            0.0,
            0.0,
            1.0000000000000004,
            0.0,
            0.4775356170918312,
            0.1631233743562191,
            0.04081331852974748,
            -0.2280453720204169,
            0.23797945198814663
        ],
        [
            -0.013133225537516146,
            -0.013290895538281739,
            -0.005991659550921213,
            -0.024248093291787405,
            0.057708812260018706,
            -0.17677387336294928,
            -0.05981353836574613,
            -0.022493677518872414,
            -0.23478201079621994,
            0.3313113489978947,
            0.0,
            0.0,
            0.0,
            0.0,
            1.0000000000000004,
            -0.17767493968625245,
            -0.060692720422957945,
            -0.015185262938773024,
            0.23797945198814632,
            0.3230260864541878
        ],
        [
            0.013266040620395483,
            0.12120207567679846,
            0.0021742585555851375,
            0.01577901925497572,
            -0.001276285642264707,
            0.11318226421334156,
            0.2991455006546657,
            0.002336448878028306,
            0.1496803783101208,
            -0.0005253778002971612,
            0.5017476785516963,
            0.5392169947199502,
            -0.030471134577324248,
            0.47753561709183123,
            -0.17767493968625248,
            0.9999999999999999,
            0.6848602514927513,
            0.0,
            0.0,
            0.0
        ],
        [
            0.12120207567679846,
            0.3389321667022985,
            0.012936595972306614,
            0.09388340518036169,
            -0.007593757263515051,
            0.2991455006546657,
            0.5965013410500735,
            0.002699877437301932,
            0.17296277269603386,
            -0.0006070989536388363,
            0.5392169947199502,
            0.8615861541741778,
            -0.010408761388283541,
            0.16312337435621915,
            -0.06069272042295796,
            0.6848602514927513,
            1.0000000000000002,
            0.0,
            0.0,
            0.0
        ],
        [
            -0.0021742585555851366,
            -0.012936595972306607,
            0.001206331083589749,
            -0.002745561992993909,
            0.00022207472435277104,
            -0.002336448878028306,
            -0.0026998774373019315,
            0.04594231407962756,
            -0.004421463664998845,
            1.5519327787895305e-05,
            0.030471134577324265,
            0.010408761388283517,
            0.4089659727961154,
            0.04081331852974748,
            -0.015185262938773024,
            0.0,
            0.0,
            1.0000000000000004,
            0.0,
            0.0
        ],
        [
            -0.015779019254975723,
            -0.09388340518036163,
            -0.0027455619929939107,
            -0.01834042613619707,
            0.0016116396748696578,
            -0.1496803783101208,
            -0.17296277269603402,
            -0.004421463664998844,
            -0.2372417543045982,
            0.0009942177105844627,
            -0.4775356170918312,
            -0.1631233743562191,
            0.040813318529747414,
            -0.2280453720204169,
            0.23797945198814632,
            0.0,
            0.0,
            0.0,
            1.0000000000000004,
            0.0
        ],
        [
            0.0012762856422647067,
            0.007593757263515044,
            0.0002220747243527711,
            0.001611639674869657,
            0.0014542963729648967,
            0.0005253778002971612,
            0.0006070989536388363,
            1.551932778789514e-05,
            0.0009942177105844523,
            0.046007841599107806,
            0.17767493968625245,
            0.060692720422957945,
            -0.015185262938773016,
            0.23797945198814663,
            0.3230260864541878,
            0.0,
            0.0,
            0.0,
            0.0,
            1.0000000000000004
        ]
    ],
    "h": [
        [
            -0.2926180156210789,
            -0.4797991754474411,
            -0.11605449491163411,
            -0.2782247118777621,
            0.06505727769020384,
            -0.6010864132229993,
            -0.4758766263610792,
            0.010030578026951675,
            0.01054280490004822,
            -0.02611264249044626,
            -0.26048717146089906,
            -0.32657335133638454,
            0.04787583402138312,
            0.30539623892589907,
            0.05614163237220068,
            -0.015558913290993806,
            -0.1435414537449201,
            0.004946712120093686,
            0.06805483154604314,
            -0.005116095213836603
        ],
        [
            -0.4797991754474411,
            -0.3204496433808637,
            -0.0951553728993866,
            -0.23366021280014446,
            0.050371247180274054,
            -0.5494747070628079,
            -0.37339592461563864,
            0.07214719992736869,
            0.0974087095334844,
            -0.08882961658683881,
            -0.3377737028808104,
            -0.3183285959705051,
            0.028493401761390286,
            0.17650232033464164,
            0.0723345006798302,
            -0.13983256681426304,
            -0.2019752346426697,
            -0.0012957040070879083,
            0.11215595406049514,
            -0.02499846500191889
        ],
        [
            -0.11605449491163411,
            -0.0951553728993866,
            1.4316933824997593,
            -0.10068860715686752,
            0.023929097213396387,
            -0.023960313561133706,
            -0.08949380796535893,
            0.2903582872777011,
            -0.34613574674573305,
            0.07924841622018827,
            -0.07466649181244427,
            -0.07077597596709134,
            -0.03632601353911294,
            0.06973417348774372,
            0.020903334666359574,
            -0.013708347430681403,
            -0.03774539436816242,
            -0.003942033604742032,
            0.019415098553784326,
            -0.0022687878839676824
        ],
        [
            -0.2782247118777621,
            -0.23366021280014446,
            -0.10068860715686752,
            1.2257741749807387,
            0.05551087463898828,
            -0.07496286617753467,
            -0.2277879535450405,
            -0.3338521794800663,
            -0.404084942255611,
            0.17917603901094759,
            -0.23305822822234407,
            -0.18324764955483142,
            0.02015661642628508,
            0.12163217927534609,
            0.05798256137191626,
            -0.06936035563065265,
            -0.11785170338724099,
            0.007473725366264161,
            0.08992653899518058,
            -0.011376976649987606
        ],
        [
            0.06505727769020384,
            0.050371247180274054,
            0.023929097213396387,
            0.05551087463898828,
            1.458008249351681,
            0.0011250264592213566,
            0.04371025376303854,
            0.0885177318032167,
            0.2085091786379663,
            0.37742177570556723,
            0.01708920845236319,
            0.034649877508432465,
            -0.005908022305897767,
            -0.03874508683968146,
            -0.05371369341635519,
            0.0015559536549505232,
            0.01450549767673551,
            -0.0007086072577981329,
            -0.007233723784708587,
            -0.004914965032374451
        ],
        [
            -0.6010864132229993,
            -0.5494747070628079,
            -0.023960313561133706,
            -0.07496286617753467,
            0.0011250264592213566,
            -0.4470961601717418,
            -0.5991814777244711,
            0.08955900464988564,
            0.06572128054689022,
            -0.13867327364746415,
            -0.5032044405362374,
            -0.5056993642172063,
            0.023753848346750234,
            0.07973015643187975,
            0.03302031365008978,
            -0.224361061469991,
            -0.32153801734892423,
            -0.0032636730037512,
            0.21733180684463455,
            -0.03502650581912648
        ],
        [
            -0.4758766263610792,
            -0.37339592461563864,
            -0.08949380796535893,
            -0.2277879535450405,
            0.04371025376303854,
            -0.5991814777244711,
            -0.43389173059507935,
            0.06587488847959647,
            0.010746074999737329,
            -0.11418480663108678,
            -0.4952539970585079,
            -0.41185478714257306,
            0.03406178973101347,
            0.12056547464905976,
            0.10247901501333524,
            -0.2983540456454534,
            -0.3074705551664223,
            -0.008491746141796257,
            0.16674064810572758,
            -0.05107056614995506
        ],
        [
            0.010030578026951675,
            0.07214719992736869,
            0.2903582872777011,
            -0.3338521794800663,
            0.0885177318032167,
            0.08955900464988564,
            0.06587488847959647,
            1.3610044231168146,
            -0.12014978361882678,
            0.018151186598823088,
            0.012755324915114594,
            0.027297764234666722,
            0.29946019487767694,
            -0.12041398707016257,
            -0.03241281803516984,
            -0.022221240933203625,
            -0.0036854798239992223,
            -0.044163574125121494,
            0.012218744617450688,
            -0.004039358741866177
        ],
        [
            0.01054280490004822,
            0.0974087095334844,
            -0.34613574674573305,
            -0.404084942255611,
            0.2085091786379663,
            0.06572128054689022,
            0.010746074999737329,
            -0.12014978361882678,
            0.9256373590146887,
            -0.01291355396486453,
            -0.057654367580584065,
            -0.10812500103141692,
            -0.08905399100748015,
            -0.6798934873378407,
            -0.29249769331019004,
            -0.2829475811116946,
            -0.16988670995686675,
            -0.009196739117967229,
            0.15480372778740514,
            -0.05276892742422208
        ],
        [
            -0.02611264249044626,
            -0.08882961658683881,
            0.07924841622018827,
            0.17917603901094759,
            0.37742177570556723,
            -0.13867327364746415,
            -0.11418480663108678,
            0.018151186598823088,
            -0.01291355396486453,
            1.3612382725631913,
            -0.025586029061485993,
            -0.09138279275038874,
            -0.024714352968632475,
            -0.293187359579349,
            0.20424576953811058,
            -0.04040777837589595,
            -0.06333592116484799,
            -0.0016127087411064193,
            0.04818113343060666,
            -0.054550047886086764
        ],
        [
            -0.26048717146089906,
            -0.3377737028808104,
            -0.07466649181244427,
            -0.23305822822234407,
            0.01708920845236319,
            -0.5032044405362374,
            -0.4952539970585079,
            0.012755324915114594,
            -0.057654367580584065,
            -0.025586029061485993,
            -0.39183012654574423,
            -0.5774899546060304,
            0.03296662262126672,
            -0.02890689839086802,
            0.15375677904020035,
            -0.5435453899552827,
            -0.5179387626878396,
            -0.002989044984699915,
            0.08194361827935515,
            -0.014725937154950353
        ],
        [
            -0.32657335133638454,
            -0.3183285959705051,
            -0.07077597596709134,
            -0.18324764955483142,
            0.034649877508432465,
            -0.5056993642172063,
            -0.41185478714257306,
            0.027297764234666722,
            -0.10812500103141692,
            -0.09138279275038874,
            -0.5774899546060304,
            -0.4320957641386638,
            0.03238002492857202,
            0.003959943175042252,
            0.13194461153403597,
            -0.44429167564683936,
            -0.3671053313236461,
            -0.011262993437260695,
            0.20711351372953235,
            -0.06341247301571842
        ],
        [
            0.04787583402138312,
            0.028493401761390286,
            -0.03632601353911294,
            0.02015661642628508,
            -0.005908022305897767,
            0.023753848346750234,
            0.03406178973101347,
            0.29946019487767694,
            -0.08905399100748015,
            -0.024714352968632475,
            0.03296662262126672,
            0.03238002492857202,
            1.4136997953338217,
            -0.016177933707975378,
            -0.012004065866526773,
            0.0010317348362424983,
            0.01920450738643148,
            0.31170648308726423,
            0.04914641192400629,
            -0.020329839737822337
        ],
        [
            0.30539623892589907,
            0.17650232033464164,
            0.06973417348774372,
            0.12163217927534609,
            -0.03874508683968146,
            0.07973015643187975,
            0.12056547464905976,
            -0.12041398707016257,
            -0.6798934873378407,
            -0.293187359579349,
            -0.02890689839086802,
            0.003959943175042252,
            -0.016177933707975378,
            0.9516596961130366,
            0.003273965683454604,
            -0.03871098532488482,
            -0.09494498863620149,
            0.0533174956449038,
            -0.5681572185158126,
            0.320338990564955
        ],
        [
            0.05614163237220068,
            0.0723345006798302,
            0.020903334666359574,
            0.05798256137191626,
            -0.05371369341635519,
            0.03302031365008978,
            0.10247901501333524,
            -0.03241281803516984,
            -0.29249769331019004,
            0.20424576953811058,
            0.15375677904020035,
            0.13194461153403597,
            -0.012004065866526773,
            0.003273965683454604,
            1.362686146291203,
            0.030840183870307236,
            0.10235658845831226,
            -0.019968067787687876,
            0.2914080981862066,
            0.19948373233977668
        ],
        [
            -0.015558913290993806,
            -0.13983256681426304,
            -0.013708347430681403,
            -0.06936035563065265,
            0.0015559536549505232,
            -0.224361061469991,
            -0.2983540456454534,
            -0.022221240933203625,
            -0.2829475811116946,
            -0.04040777837589595,
            -0.5435453899552827,
            -0.44429167564683936,
            0.0010317348362424983,
            -0.03871098532488482,
            0.030840183870307236,
            -0.23305312686698465,
            -0.453758459884691,
            -0.01586357850655,
            0.2442676722750477,
            -0.08512506787674784
        ],
        [
            -0.1435414537449201,
            -0.2019752346426697,
            -0.03774539436816242,
            -0.11785170338724099,
            0.01450549767673551,
            -0.32153801734892423,
            -0.3074705551664223,
            -0.0036854798239992223,
            -0.16988670995686675,
            -0.06333592116484799,
            -0.5179387626878396,
            -0.3671053313236461,
            0.01920450738643148,
            -0.09494498863620149,
            0.10235658845831226,
            -0.453758459884691,
            -0.31169774796315486,
            -0.013386016166723467,
            0.218108625457457,
            -0.072573717942396
        ],
        [
            0.004946712120093686,
            -0.0012957040070879083,
            -0.003942033604742032,
            0.007473725366264161,
            -0.0007086072577981329,
            -0.0032636730037512,
            -0.008491746141796257,
            -0.044163574125121494,
            -0.009196739117967229,
            -0.0016127087411064193,
            -0.002989044984699915,
            -0.011262993437260695,
            0.31170648308726423,
            0.0533174956449038,
            -0.019968067787687876,
            -0.01586357850655,
            -0.013386016166723467,
            1.4942641683012579,
            0.013196849542323948,
            -0.004943667001869321
        ],
        [
            0.06805483154604314,
            0.11215595406049514,
            0.019415098553784326,
            0.08992653899518058,
            -0.007233723784708587,
            0.21733180684463455,
            0.16674064810572758,
            0.012218744617450688,
            0.15480372778740514,
            0.04818113343060666,
            0.08194361827935515,
            0.20711351372953235,
            0.04914641192400629,
            -0.5681572185158126,
            0.2914080981862066,
            0.2442676722750477,
            0.218108625457457,
            0.013196849542323948,
            1.2720430989557447,
            0.07543488147525679
        ],
        [
            -0.005116095213836603,
            -0.02499846500191889,
            -0.0022687878839676824,
            -0.011376976649987606,
            -0.004914965032374451,
            -0.03502650581912648,
            -0.05107056614995506,
            -0.004039358741866177,
            -0.05276892742422208,
            -0.054550047886086764,
            -0.014725937154950353,
            -0.06341247301571842,
            -0.020329839737822337,
            0.320338990564955,
            0.19948373233977668,
            -0.08512506787674784,
            -0.072573717942396,
            -0.004943667001869321,
            0.07543488147525679,
            1.4669079913109575
        ]
    ]
}