{
    "HF": -2.137658648615017,
    "coordinates": [
        [
            0.681705,
            0.032152,
            0.149763
        ],
        [
            1.389915,
            -0.087476,
            -0.020456
        ],
        [
            2.110086,
            -0.050427,
            -0.121373
        ],
        [
            2.936272,
            -0.076607,
            -0.00536
        ]
    ],
    "elements": [
        "H",
        "H",
        "H",
        "H"
    ],
    "Enn": 3.0170834790658114,
    "S": [
        [
            0.9999999999999999,
            0.6848602514927513,
            0.0,
            0.0,
            0.0,
            0.5722173268454138,
            0.5660700785570171,
            0.12406981922388616,
            -0.5162025782817925,
            0.08719487445064918,
            0.14024263653588012,
            0.3265397456058073,
            0.03423190890351812,
            -0.18033831092704805,
            0.01042589993709291,
            0.011729175042109286,
            0.11495982459346706,
            0.0009567756881475234,
            -0.013905835323579986,
            0.0006708094032943954
        ],
        [
            0.6848602514927513,
            1.0000000000000002,
            0.0,
            0.0,
            0.0,
            0.5660700785570171,
            0.8880860199373158,
            0.03779934856195861,
            -0.15726726537616081,
            0.026564957318336885,
            0.3265397456058073,
            0.6300587706226859,
            0.03344713507309045,
            -0.17620401659254384,
            0.010186883951967792,
            0.11495982459346706,
            0.32788599922660566,
            0.006252505056604146,
            -0.09087428407104585,
            0.004383722577897604
        ],
        [
            0.0,
            0.0,
            1.0000000000000004,
            0.0,
            0.0,
            -0.12406981922388616,
            -0.037799348561958615,
            0.4559108395148709,
            0.1542925420557222,
            -0.026062478955453806,
            -0.03423190890351811,
            -0.03344713507309043,
            0.05158626801186218,
            0.06410203998532399,
            -0.0037059316526529473,
            -0.0009567756881475234,
            -0.0062525050566041435,
            0.0012194639453026622,
            0.0011810169893240912,
            -5.697157225396221e-05
        ],
        [
            0.0,
            0.0,
            0.0,
            1.0000000000000004,
            0.0,
            0.5162025782817923,
            0.1572672653761608,
            0.15429254205572226,
            -0.1489514655323218,
            0.10843506436438906,
            0.18033831092704808,
            0.1762040165925439,
            0.06410203998532399,
            -0.2739440387856552,
            0.019523347544951872,
            0.01390583532357998,
            0.09087428407104575,
            0.0011810169893240908,
            -0.01586424934583895,
            0.0008280282533337981
        ],
        [
            0.0,
            0.0,
            0.0,
            0.0,
            1.0000000000000004,
            -0.08719487445064916,
            -0.02656495731833687,
            -0.026062478955453806,
            0.10843506436438902,
            0.47467879299815946,
            -0.010425899937092906,
            -0.010186883951967776,
            -0.003705931652652946,
            0.019523347544951865,
            0.06262544607187995,
            -0.0006708094032943954,
            -0.004383722577897603,
            -5.697157225396221e-05,
            0.0008280282533337985,
            0.0012607789178142753
        ],
        [
            0.5722173268454138,
            0.5660700785570171,
            -0.12406981922388617,
            0.5162025782817923,
            -0.08719487445064918,
            0.9999999999999999,
            0.6848602514927513,
            0.0,
            0.0,
            0.0,
            0.5802849641703767,
            0.5689746874638821,
            0.07486946958735546,
            -0.5342887797119947,
            -0.027486340049168438,
            0.11130311994007797,
            0.29709697828623693,
            -0.0014377521958919847,
            -0.14727597856272806,
            -0.0010351701521694485
        ],
        [
            0.5660700785570171,
            0.8880860199373158,
            -0.03779934856195862,
            0.15726726537616081,
            -0.026564957318336885,
            0.6848602514927513,
            1.0000000000000002,
            0.0,
            0.0,
            0.0,
            0.5689746874638821,
            0.8909234441305811,
            0.022532696811183472,
            -0.16079941729546895,
            -0.008272282015493305,
            0.29709697828623693,
            0.5939461207200737,
            -0.0016831884415122104,
            -0.17241721176811714,
            -0.0012118822980124715
        ],
        [
            0.12406981922388616,
            0.03779934856195861,
            0.4559108395148709,
            0.15429254205572226,
            -0.026062478955453806,
            0.0,
            0.0,
            1.0000000000000004,
            0.0,
            0.0,
            -0.07486946958735548,
            -0.02253269681118349,
            0.48917109307859863,
            0.09480476176167274,
            0.0048772050228462595,
            0.0014377521958919839,
            0.0016831884415122102,
            0.04482269256075753,
            -0.002718058247982912,
            -1.9104627907608817e-05
        ],
        [
            -0.5162025782817922,
            -0.1572672653761608,
            0.1542925420557222,
            -0.1489514655323218,
            0.10843506436438902,
            0.0,
            0.0,
            0.0,
            1.0000000000000004,
            0.0,
            0.5342887797119948,
            0.16079941729546893,
            0.0948047617616728,
            -0.17409640484828912,
            -0.0348050538413569,
            0.14727597856272792,
            0.17241721176811714,
            -0.002718058247982913,
            -0.23357475268225833,
            -0.001956980332361305
        ],
        [
            0.08719487445064916,
            0.02656495731833688,
            -0.026062478955453806,
            0.10843506436438906,
            0.47467879299815946,
            0.0,
            0.0,
            0.0,
            0.0,
            1.0000000000000004,
            0.02748634004916846,
            0.008272282015493293,
            0.004877205022846258,
            -0.03480505384135687,
            0.5006654738616825,
            0.001035170152169448,
            0.0012118822980124713,
            -1.910462790760882e-05,
            -0.001956980332361305,
            0.04483547187890923
        ],
        [
            0.14024263653588012,
            0.3265397456058073,
            -0.03423190890351812,
            0.18033831092704808,
            -0.01042589993709291,
            0.5802849641703767,
            0.5689746874638821,
            -0.07486946958735546,
            0.5342887797119947,
            0.027486340049168452,
            0.9999999999999999,
            0.6848602514927513,
            0.0,
            0.0,
            0.0,
            0.4957704989585288,
            0.536807877362623,
            -0.070526207562057,
            -0.5022520348656243,
            0.015915251859486883
        ],
        [
            0.3265397456058073,
            0.6300587706226859,
            -0.03344713507309045,
            0.17620401659254395,
            -0.010186883951967792,
            0.5689746874638821,
            0.8909234441305811,
            -0.022532696811183483,
            0.16079941729546895,
            0.008272282015493293,
            0.6848602514927513,
            1.0000000000000002,
            0.0,
            0.0,
            0.0,
            0.536807877362623,
            0.8591844530720895,
            -0.02434306108957475,
            -0.17335898795265564,
            0.005493361427814711
        ],
        [
            0.03423190890351811,
            0.033447135073090425,
            0.05158626801186218,
            0.06410203998532397,
            -0.0037059316526529473,
            0.07486946958735548,
            0.02253269681118349,
            0.48917109307859863,
            0.09480476176167281,
            0.004877205022846259,
            0.0,
            0.0,
            1.0000000000000004,
            0.0,
            0.0,
            0.070526207562057,
            0.024343061089574746,
            0.3906369625655074,
            -0.10072481297741509,
            0.0031917456889232285
        ],
        [
            -0.18033831092704805,
            -0.176204016592544,
            0.064102039985324,
            -0.27394403878565526,
            0.019523347544951875,
            -0.5342887797119948,
            -0.16079941729546893,
            0.09480476176167271,
            -0.17409640484828912,
            -0.03480505384135687,
            0.0,
            0.0,
            0.0,
            1.0000000000000004,
            0.0,
            0.502252034865624,
            0.17335898795265525,
            -0.10072481297741516,
            -0.312530516328761,
            0.022730000980482598
        ],
        [
            0.010425899937092906,
            0.010186883951967776,
            -0.003705931652652946,
            0.01952334754495186,
            0.06262544607187995,
            -0.027486340049168445,
            -0.008272282015493293,
            0.004877205022846259,
            -0.0348050538413569,
            0.5006654738616825,
            0.0,
            0.0,
            0.0,
            0.0,
            1.0000000000000004,
            -0.015915251859486883,
            -0.0054933614278147,
            0.0031917456889232303,
            0.022730000980482598,
            0.4040604728916081
        ],
        [
            0.011729175042109286,
            0.11495982459346706,
            -0.0009567756881475234,
            0.013905835323579984,
            -0.0006708094032943954,
            0.11130311994007797,
            0.29709697828623693,
            0.0014377521958919847,
            0.14727597856272806,
            0.0010351701521694485,
            0.4957704989585288,
            0.536807877362623,
            0.070526207562057,
            0.502252034865624,
            -0.015915251859486883,
            0.9999999999999999,
            0.6848602514927513,
            0.0,
            0.0,
            0.0
        ],
        [
            0.11495982459346706,
            0.32788599922660566,
            -0.006252505056604146,
            0.09087428407104582,
            -0.004383722577897604,
            0.29709697828623693,
            0.5939461207200737,
            0.0016831884415122104,
            0.17241721176811714,
            0.0012118822980124715,
            0.536807877362623,
            0.8591844530720895,
            0.02434306108957475,
            0.17335898795265528,
            -0.005493361427814701,
            0.6848602514927513,
            1.0000000000000002,
            0.0,
            0.0,
            0.0
        ],
        [
            0.0009567756881475234,
            0.006252505056604142,
            0.0012194639453026622,
            0.0011810169893240912,
            -5.697157225396221e-05,
            -0.0014377521958919843,
            -0.0016831884415122096,
            0.04482269256075753,
            -0.002718058247982913,
            -1.910462790760882e-05,
            -0.07052620756205699,
            -0.024343061089574746,
            0.3906369625655074,
            -0.10072481297741516,
            0.0031917456889232303,
            0.0,
            0.0,
            1.0000000000000004,
            0.0,
            0.0
        ],
        [
            -0.013905835323579979,
            -0.09087428407104568,
            0.0011810169893240908,
            -0.01586424934583895,
            0.0008280282533337981,
            -0.14727597856272798,
            -0.17241721176811714,
            -0.002718058247982912,
            -0.23357475268225833,
            -0.001956980332361305,
            -0.5022520348656236,
            -0.1733589879526556,
            -0.10072481297741509,
            -0.312530516328761,
            0.022730000980482598,
            0.0,
            0.0,
            0.0,
            1.0000000000000004,
            0.0
        ],
        [
            0.0006708094032943954,
            0.004383722577897603,
            -5.697157225396221e-05,
            0.0008280282533337985,
            0.0012607789178142753,
            -0.001035170152169448,
            -0.0012118822980124713,
            -1.9104627907608817e-05,
            -0.001956980332361305,
            0.04483547187890923,
            0.015915251859486883,
            0.00549336142781471,
            0.0031917456889232285,
            0.022730000980482598,
            0.4040604728916081,
            0.0,
            0.0,
            0.0,
            0.0,
            1.0000000000000004
        ]
    ],
    "h": [
        [
            -0.2914405010087051,
            -0.47722212967235667,
            0.071595671808245,
            -0.2951154528585266,
            0.0482098852811549,
            -0.6037668343198863,
            -0.47246638951704045,
            -0.0012836682809063416,
            0.008706838656284077,
            -0.008844543356195167,
            -0.28436270478723036,
            -0.33295297065118523,
            -0.049108058988698584,
            0.34065511811159094,
            -0.0011152522913866758,
            -0.008789438315037992,
            -0.1348462189232732,
            -0.0012190092310970571,
            0.06438898685916009,
            -0.0015015470341035848
        ],
        [
            -0.47722212967235667,
            -0.31696842994153007,
            0.05937631657917304,
            -0.24766664574520902,
            0.038979669160295605,
            -0.5593418847951919,
            -0.37101505892663655,
            -0.033171248287629476,
            0.09628916493716655,
            -0.04120174194422981,
            -0.35847098164794317,
            -0.32042565211008545,
            -0.03932706030890854,
            0.20842778904826328,
            0.007256808607629905,
            -0.13111703240564584,
            -0.19361771525748794,
            0.008387452003291268,
            0.11332708999750321,
            -0.0026246031253298564
        ],
        [
            0.071595671808245,
            0.05937631657917304,
            1.4533799262559581,
            0.06697500756179257,
            -0.01073675083611609,
            0.019381540309560463,
            0.05698602401915109,
            0.37559077595157564,
            0.2269977961117567,
            -0.0352700040786845,
            0.056402649607184566,
            0.04661851324195468,
            -0.04033355060754333,
            -0.05041263686595451,
            -0.0016556728205360987,
            0.008719638318489742,
            0.02399618965860648,
            -0.004398818067363466,
            -0.011579237628445906,
            0.00032402229078055543
        ],
        [
            -0.2951154528585266,
            -0.24766664574520902,
            0.06697500756179257,
            1.1872896524114989,
            0.04469768458215422,
            -0.0882770248969833,
            -0.2430071238429199,
            0.22375200708241327,
            -0.5285057259667274,
            0.14596604625710904,
            -0.2665241530702198,
            -0.20156708286429614,
            -0.031103953387702638,
            0.1582593138122349,
            0.008260737588024251,
            -0.06669026038475737,
            -0.1219395643850189,
            -0.0010068008879090245,
            0.08843818151095773,
            -0.0031526566404871683
        ],
        [
            0.0482098852811549,
            0.038979669160295605,
            -0.01073675083611609,
            0.04469768458215422,
            1.4619491874331276,
            0.008469584264905627,
            0.036027210729322884,
            -0.03748163944434299,
            0.15734115949947497,
            0.40369615064192255,
            0.029278825061845263,
            0.02955063303249803,
            0.005109416521049553,
            -0.034418501201804536,
            -0.04852276893893659,
            0.0036782101205307532,
            0.01377696923459015,
            4.7429006652110214e-05,
            -0.006479842588759041,
            -0.004132899138025673
        ],
        [
            -0.6037668343198863,
            -0.5593418847951919,
            0.019381540309560463,
            -0.0882770248969833,
            0.008469584264905627,
            -0.5001243116121867,
            -0.6235858280097233,
            -0.03041739072036194,
            0.025271272848138737,
            -0.05916757238983366,
            -0.5616818877768128,
            -0.5399155891930401,
            -0.023794127107347962,
            0.06693377810473533,
            -0.0019715896662523477,
            -0.235273444266336,
            -0.335273094925187,
            0.01631085444590602,
            0.23840266382696157,
            -0.002777352956919944
        ],
        [
            -0.47246638951704045,
            -0.37101505892663655,
            0.05698602401915109,
            -0.2430071238429199,
            0.036027210729322884,
            -0.6235858280097233,
            -0.43938438480659947,
            -0.02142596737803457,
            -0.00991940924690729,
            -0.04573082432455918,
            -0.5278695965765857,
            -0.41743438419117185,
            -0.05254659345842808,
            0.15239768069354487,
            0.010804016714056272,
            -0.2972869263341459,
            -0.30583567784658117,
            0.021318166921849818,
            0.17625536745006676,
            -0.004410516802374174
        ],
        [
            -0.0012836682809063416,
            -0.033171248287629476,
            0.37559077595157564,
            0.22375200708241327,
            -0.03748163944434299,
            -0.03041739072036194,
            -0.02142596737803457,
            1.3653268868402757,
            0.10294168172918194,
            -0.008601719037121562,
            -0.009316313988320057,
            0.0007487973308025683,
            0.4123821293049029,
            0.16205602507415479,
            0.0063832652085555625,
            0.023596722089798784,
            0.017778314072647954,
            -0.047448392472435846,
            -0.0201879974720898,
            0.00041913361595062793
        ],
        [
            0.008706838656284077,
            0.09628916493716655,
            0.2269977961117567,
            -0.5285057259667274,
            0.15734115949947497,
            0.025271272848138737,
            -0.00991940924690729,
            0.10294168172918194,
            0.8016050601569396,
            0.03133537782660475,
            -0.032657078152586116,
            -0.13079871356591155,
            0.13626236343772266,
            -0.7018259076702597,
            -0.0448547994847599,
            -0.30692355191704457,
            -0.1966073903150396,
            0.025782493136662837,
            0.1973005574527859,
            -0.004659179909119531
        ],
        [
            -0.008844543356195167,
            -0.04120174194422981,
            -0.0352700040786845,
            0.14596604625710904,
            0.40369615064192255,
            -0.05916757238983366,
            -0.04573082432455918,
            -0.008601719037121562,
            0.03133537782660475,
            1.3773788810804533,
            -0.010398998035955717,
            -0.030656537140143568,
            0.004270771800037865,
            -0.03280752778993078,
            0.43083821138185796,
            -0.004541133491002647,
            -0.013849491645672035,
            0.0006949242138931368,
            0.008961222083669899,
            -0.04526655230341878
        ],
        [
            -0.28436270478723036,
            -0.35847098164794317,
            0.056402649607184566,
            -0.2665241530702198,
            0.029278825061845263,
            -0.5616818877768128,
            -0.5278695965765857,
            -0.009316313988320057,
            -0.032657078152586116,
            -0.010398998035955717,
            -0.43951699800552846,
            -0.6008182988173656,
            -0.06823903889592564,
            0.024287805266075185,
            0.019795711730001005,
            -0.5370478066860132,
            -0.5222994011109203,
            0.00732860734511194,
            0.08901438738184753,
            -0.0006931990409583151
        ],
        [
            -0.33295297065118523,
            -0.32042565211008545,
            0.04661851324195468,
            -0.20156708286429614,
            0.02955063303249803,
            -0.5399155891930401,
            -0.41743438419117185,
            0.0007487973308025683,
            -0.13079871356591155,
            -0.030656537140143568,
            -0.6008182988173656,
            -0.4386196707993406,
            -0.05904653484082415,
            0.03327295804170025,
            0.015134002609342638,
            -0.4358373099953827,
            -0.3620708166119657,
            0.025921474879062118,
            0.21266795993327436,
            -0.005053059727711945
        ],
        [
            -0.049108058988698584,
            -0.03932706030890854,
            -0.04033355060754333,
            -0.031103953387702638,
            0.005109416521049553,
            -0.023794127107347962,
            -0.05254659345842808,
            0.4123821293049029,
            0.13626236343772266,
            0.004270771800037865,
            -0.06823903889592564,
            -0.05904653484082415,
            1.3928692349454441,
            0.014090027253061882,
            0.0026239952968303156,
            -0.00846851947821281,
            -0.04051064079619792,
            0.28772822852732133,
            -0.12339302223546114,
            0.004272569924766276
        ],
        [
            0.34065511811159094,
            0.20842778904826328,
            -0.05041263686595451,
            0.1582593138122349,
            -0.034418501201804536,
            0.06693377810473533,
            0.15239768069354487,
            0.16205602507415479,
            -0.7018259076702597,
            -0.03280752778993078,
            0.024287805266075185,
            0.03327295804170025,
            0.014090027253061882,
            0.8370081519096932,
            -0.0036234308064803152,
            -0.04185884268704809,
            -0.09206664538819004,
            -0.13407538752592438,
            -0.6778337752789221,
            0.030656280404799133
        ],
        [
            -0.0011152522913866758,
            0.007256808607629905,
            -0.0016556728205360987,
            0.008260737588024251,
            -0.04852276893893659,
            -0.0019715896662523477,
            0.010804016714056272,
            0.0063832652085555625,
            -0.0448547994847599,
            0.43083821138185796,
            0.019795711730001005,
            0.015134002609342638,
            0.0026239952968303156,
            -0.0036234308064803152,
            1.4024496818085437,
            0.005080678962758458,
            0.011858193647851355,
            0.003973935915695783,
            0.026270394565234667,
            0.3052866642138743
        ],
        [
            -0.008789438315037992,
            -0.13111703240564584,
            0.008719638318489742,
            -0.06669026038475737,
            0.0036782101205307532,
            -0.235273444266336,
            -0.2972869263341459,
            0.023596722089798784,
            -0.30692355191704457,
            -0.004541133491002647,
            -0.5370478066860132,
            -0.4358373099953827,
            -0.00846851947821281,
            -0.04185884268704809,
            0.005080678962758458,
            -0.22477868292485526,
            -0.4478313586749725,
            0.03447528017047215,
            0.2504250922741883,
            -0.006964245111905356
        ],
        [
            -0.1348462189232732,
            -0.19361771525748794,
            0.02399618965860648,
            -0.1219395643850189,
            0.01377696923459015,
            -0.335273094925187,
            -0.30583567784658117,
            0.017778314072647954,
            -0.1966073903150396,
            -0.013849491645672035,
            -0.5222994011109203,
            -0.3620708166119657,
            -0.04051064079619792,
            -0.09206664538819004,
            0.011858193647851355,
            -0.4478313586749725,
            -0.3056590013278315,
            0.029775588496427346,
            0.2244129476553812,
            -0.005917327397844422
        ],
        [
            -0.0012190092310970571,
            0.008387452003291268,
            -0.004398818067363466,
            -0.0010068008879090245,
            4.7429006652110214e-05,
            0.01631085444590602,
            0.021318166921849818,
            -0.047448392472435846,
            0.025782493136662837,
            0.0006949242138931368,
            0.00732860734511194,
            0.025921474879062118,
            0.28772822852732133,
            -0.13407538752592438,
            0.003973935915695783,
            0.03447528017047215,
            0.029775588496427346,
            1.492761877507356,
            -0.031876798269756715,
            0.0009847447102263552
        ],
        [
            0.06438898685916009,
            0.11332708999750321,
            -0.011579237628445906,
            0.08843818151095773,
            -0.006479842588759041,
            0.23840266382696157,
            0.17625536745006676,
            -0.0201879974720898,
            0.1973005574527859,
            0.008961222083669899,
            0.08901438738184753,
            0.21266795993327436,
            -0.12339302223546114,
            -0.6778337752789221,
            0.026270394565234667,
            0.2504250922741883,
            0.2244129476553812,
            -0.031876798269756715,
            1.2556814000724081,
            0.006730917858903926
        ],
        [
            -0.0015015470341035848,
            -0.0026246031253298564,
            0.00032402229078055543,
            -0.0031526566404871683,
            -0.004132899138025673,
            -0.002777352956919944,
            -0.004410516802374174,
            0.00041913361595062793,
            -0.004659179909119531,
            -0.04526655230341878,
            -0.0006931990409583151,
            -0.005053059727711945,
            0.004272569924766276,
            0.030656280404799133,
            0.3052866642138743,
            -0.006964245111905356,
            -0.005917327397844422,
            0.0009847447102263552,
            0.006730917858903926,
            1.4970384570099968
        ]
    ]
}