{
    "HF": -2.16478915806899,
    "coordinates": [
        [
            0.773079,
            -0.023224,
            -0.185374
        ],
        [
            1.481362,
            0.172372,
            -0.135244
        ],
        [
            2.252257,
            -0.116874,
            -0.1057
        ],
        [
            2.981594,
            0.154869,
            -0.199676
        ]
    ],
    "elements": [
        "H",
        "H",
        "H",
        "H"
    ],
    "Enn": 2.9835091872326864,
    "S": [
        [
            0.9999999999999999,
            0.6848602514927513,
            0.0,
            0.0,
            0.0,
            0.5735366166486014,
            0.5665473118227383,
            -0.036645420889176564,
            -0.5177603958437791,
            -0.14298220116176694,
            0.1306871468516917,
            0.3172800624998484,
            -0.009228507102413328,
            -0.17133073121386586,
            0.010847323971948295,
            0.013897616792068404,
            0.1236450018845755,
            0.00010854062824857556,
            -0.01676084502841583,
            -0.0013515820239598374
        ],
        [
            0.6848602514927513,
            1.0000000000000002,
            0.0,
            0.0,
            0.0,
            0.5665473118227383,
            0.8885525943658248,
            -0.011142038109806181,
            -0.15742501852239893,
            -0.0434737300244495,
            0.3172800624998484,
            0.6188396417350011,
            -0.009530705049600779,
            -0.17694115061197352,
            0.011202531916247612,
            0.12364500188457554,
            0.3431965266338897,
            0.0006233305923284309,
            -0.09625471704070897,
            -0.007761908486893216
        ],
        [
            0.0,
            0.0,
            1.0000000000000004,
            0.0,
            0.0,
            0.036645420889176564,
            0.011142038109806181,
            0.4913141546851656,
            -0.04558675229580404,
            -0.012589016540069557,
            0.009228507102413335,
            0.009530705049600777,
            0.05633699718452534,
            -0.017525880306060036,
            0.00110960188068138,
            -0.00010854062824857556,
            -0.0006233305923284307,
            0.0017063249563133863,
            0.00013999795853463756,
            1.1289330807945252e-05
        ],
        [
            0.0,
            0.0,
            0.0,
            1.0000000000000004,
            0.0,
            0.5177603958437789,
            0.15742501852239893,
            -0.04558675229580399,
            -0.14955115599742405,
            -0.17786926794434638,
            0.17133073121386586,
            0.1769411506119734,
            -0.017525880306060032,
            -0.26809360282960515,
            0.020600179364190604,
            0.01676084502841583,
            0.09625471704070886,
            0.00013999795853463813,
            -0.019911254761769307,
            -0.0017432985896594394
        ],
        [
            0.0,
            0.0,
            0.0,
            0.0,
            1.0000000000000004,
            0.1429822011617669,
            0.04347373002444948,
            -0.012589016540069541,
            -0.17786926794434638,
            0.44542112401768713,
            -0.010847323971948295,
            -0.011202531916247614,
            0.0011096018806813794,
            0.020600179364190598,
            0.05597676345339128,
            0.0013515820239598374,
            0.007761908486893213,
            1.1289330807945298e-05,
            -0.0017432985896594394,
            0.001566653265188238
        ],
        [
            0.5735366166486014,
            0.5665473118227383,
            0.036645420889176564,
            0.5177603958437791,
            0.14298220116176694,
            0.9999999999999999,
            0.6848602514927513,
            0.0,
            0.0,
            0.0,
            0.5041483685867795,
            0.5401784568519813,
            -0.018345455222950127,
            -0.4786900793425443,
            0.17960836519826123,
            0.12500548171840806,
            0.31157071234201716,
            0.007069110541404661,
            -0.1645968749340793,
            0.0019203290570866287
        ],
        [
            0.5665473118227383,
            0.8885525943658248,
            0.011142038109806181,
            0.15742501852239912,
            0.0434737300244495,
            0.6848602514927513,
            1.0000000000000002,
            0.0,
            0.0,
            0.0,
            0.5401784568519813,
            0.8625435163818775,
            -0.0062407963670485745,
            -0.16284181950229884,
            0.06109955950390373,
            0.31157071234201716,
            0.6118602666172533,
            0.007559167222745397,
            -0.17600733425803577,
            0.0020534533135664456
        ],
        [
            -0.036645420889176564,
            -0.011142038109806181,
            0.4913141546851656,
            -0.04558675229580399,
            -0.012589016540069541,
            0.0,
            0.0,
            1.0000000000000004,
            0.0,
            0.0,
            0.018345455222950127,
            0.006240796367048574,
            0.4133641064868584,
            -0.024497100503559875,
            0.009191509002202218,
            -0.007069110541404661,
            -0.007559167222745395,
            0.05296037686165567,
            0.013435364452984601,
            -0.0001567485455720111
        ],
        [
            -0.5177603958437788,
            -0.15742501852239893,
            -0.04558675229580404,
            -0.14955115599742405,
            -0.17786926794434638,
            0.0,
            0.0,
            0.0,
            1.0000000000000004,
            0.0,
            0.4786900793425443,
            0.16284181950229845,
            -0.024497100503559896,
            -0.2249027289042786,
            0.23983510466601274,
            0.1645968749340793,
            0.17600733425803594,
            0.013435364452984601,
            -0.25929106620422,
            0.0036497265958000597
        ],
        [
            -0.1429822011617669,
            -0.04347373002444946,
            -0.012589016540069557,
            -0.17786926794434638,
            0.44542112401768713,
            0.0,
            0.0,
            0.0,
            0.0,
            1.0000000000000004,
            -0.1796083651982612,
            -0.061099559503903715,
            0.009191509002202227,
            0.23983510466601274,
            0.32431488143422693,
            -0.0019203290570866287,
            -0.0020534533135664456,
            -0.0001567485455720111,
            0.0036497265958000597,
            0.053494818359922876
        ],
        [
            0.1306871468516917,
            0.3172800624998484,
            0.009228507102413332,
            0.17133073121386586,
            -0.010847323971948295,
            0.5041483685867795,
            0.5401784568519813,
            0.018345455222950127,
            0.4786900793425443,
            -0.17960836519826123,
            0.9999999999999999,
            0.6848602514927513,
            0.0,
            0.0,
            0.0,
            0.5355336993036207,
            0.5524357336237173,
            0.06299142543337789,
            -0.4888692565261719,
            -0.18214734529605867
        ],
        [
            0.3172800624998484,
            0.6188396417350011,
            0.009530705049600779,
            0.17694115061197352,
            -0.011202531916247616,
            0.5401784568519813,
            0.8625435163818775,
            0.0062407963670485745,
            0.16284181950229884,
            -0.06109955950390373,
            0.6848602514927513,
            1.0000000000000002,
            0.0,
            0.0,
            0.0,
            0.5524357336237173,
            0.8746922659367113,
            0.020332486338130003,
            -0.1577981036476624,
            -0.05879384986573649
        ],
        [
            -0.009228507102413332,
            -0.009530705049600777,
            0.05633699718452534,
            -0.017525880306060032,
            0.0011096018806813794,
            -0.018345455222950127,
            -0.006240796367048574,
            0.4133641064868584,
            -0.024497100503559903,
            0.009191509002202228,
            0.0,
            0.0,
            1.0000000000000004,
            0.0,
            0.0,
            -0.0629914254333779,
            -0.020332486338129976,
            0.43998844343359805,
            0.0801294286335179,
            0.02985534989333883
        ],
        [
            -0.17133073121386586,
            -0.1769411506119735,
            -0.017525880306060036,
            -0.26809360282960515,
            0.020600179364190598,
            -0.4786900793425443,
            -0.1628418195022988,
            -0.02449710050355987,
            -0.2249027289042786,
            0.23983510466601274,
            0.0,
            0.0,
            0.0,
            1.0000000000000004,
            0.0,
            0.48886925652617197,
            0.15779810364766236,
            0.08012942863351788,
            -0.17156211926447654,
            -0.23170395978928718
        ],
        [
            0.010847323971948295,
            0.01120253191624761,
            0.00110960188068138,
            0.020600179364190604,
            0.055976763453391275,
            0.1796083651982612,
            0.061099559503903715,
            0.009191509002202216,
            0.23983510466601274,
            0.32431488143422693,
            0.0,
            0.0,
            0.0,
            0.0,
            1.0000000000000004,
            0.18214734529605867,
            0.058793849865736506,
            0.029855349893338837,
            -0.23170395978928726,
            0.3639828575936409
        ],
        [
            0.013897616792068404,
            0.1236450018845755,
            -0.00010854062824857556,
            0.01676084502841583,
            0.0013515820239598374,
            0.12500548171840806,
            0.31157071234201716,
            -0.007069110541404661,
            0.1645968749340793,
            -0.0019203290570866287,
            0.5355336993036207,
            0.5524357336237173,
            -0.0629914254333779,
            0.4888692565261719,
            0.18214734529605867,
            0.9999999999999999,
            0.6848602514927513,
            0.0,
            0.0,
            0.0
        ],
        [
            0.12364500188457554,
            0.3431965266338897,
            -0.0006233305923284309,
            0.0962547170407089,
            0.0077619084868932155,
            0.31157071234201716,
            0.6118602666172533,
            -0.007559167222745397,
            0.17600733425803597,
            -0.0020534533135664456,
            0.5524357336237173,
            0.8746922659367113,
            -0.02033248633812998,
            0.1577981036476624,
            0.05879384986573649,
            0.6848602514927513,
            1.0000000000000002,
            0.0,
            0.0,
            0.0
        ],
        [
            0.00010854062824857556,
            0.0006233305923284307,
            0.0017063249563133865,
            0.00013999795853463813,
            1.1289330807945298e-05,
            0.007069110541404661,
            0.007559167222745395,
            0.05296037686165567,
            0.013435364452984601,
            -0.0001567485455720111,
            0.06299142543337789,
            0.020332486338129955,
            0.43998844343359805,
            0.08012942863351787,
            0.02985534989333882,
            0.0,
            0.0,
            1.0000000000000004,
            0.0,
            0.0
        ],
        [
            -0.01676084502841583,
            -0.09625471704070894,
            0.00013999795853463756,
            -0.019911254761769307,
            -0.0017432985896594394,
            -0.1645968749340793,
            -0.17600733425803575,
            0.013435364452984601,
            -0.25929106620422,
            0.0036497265958000597,
            -0.48886925652617197,
            -0.15779810364766236,
            0.08012942863351791,
            -0.17156211926447654,
            -0.23170395978928718,
            0.0,
            0.0,
            0.0,
            1.0000000000000004,
            0.0
        ],
        [
            -0.0013515820239598374,
            -0.007761908486893214,
            1.1289330807945252e-05,
            -0.0017432985896594394,
            0.001566653265188238,
            0.0019203290570866287,
            0.0020534533135664456,
            -0.0001567485455720111,
            0.0036497265958000597,
            0.053494818359922876,
            -0.18214734529605867,
            -0.058793849865736506,
            0.029855349893338847,
            -0.23170395978928726,
            0.3639828575936409,
            0.0,
            0.0,
            0.0,
            0.0,
            1.0000000000000004
        ]
    ],
    "h": [
        [
            -0.2912176642260851,
            -0.47926112946600496,
            -0.021626702921926495,
            -0.2985123939109871,
            -0.07498786125279923,
            -0.5989579161020941,
            -0.47457451682128193,
            -0.0003639266408402425,
            0.013383240656194673,
            0.02587510354830702,
            -0.2539093214863471,
            -0.3233718683607113,
            0.010805537346156972,
            0.3068203784873164,
            -0.05488301759679093,
            -0.018861615017994472,
            -0.14828235835690595,
            -0.002213530547243297,
            0.07269107317693187,
            0.004813292418103655
        ],
        [
            -0.47926112946600496,
            -0.31877740132100296,
            -0.0178164953366658,
            -0.24921355492282363,
            -0.05835323548105164,
            -0.5476421969246679,
            -0.3715270368599837,
            0.010612234119286995,
            0.11333326204924646,
            0.09540550148235163,
            -0.3343202718076801,
            -0.31546599134017606,
            0.012412330197993843,
            0.1739147406021799,
            -0.07303351451130148,
            -0.1460325428945744,
            -0.20566008892837945,
            -0.010058040910058286,
            0.11854165202465863,
            0.02529224390280051
        ],
        [
            -0.021626702921926495,
            -0.0178164953366658,
            1.47622177122203,
            -0.019848413357511602,
            -0.004927099079874554,
            -0.0049730093880465676,
            -0.016781375849733767,
            0.4309514447980757,
            -0.06663532767184578,
            -0.016139604512807774,
            -0.014378912457368885,
            -0.013025148754251035,
            -0.04463373261435952,
            0.013372781793724704,
            -0.003976145318777407,
            -0.001729682303133604,
            -0.006774007003141497,
            -0.005719445716219048,
            0.0019147380117574505,
            0.0002621186574137149
        ],
        [
            -0.2985123939109871,
            -0.24921355492282363,
            -0.019848413357511602,
            1.1953137190082295,
            -0.06875434873929437,
            -0.07374341374843918,
            -0.24082503579653058,
            -0.06621469860194683,
            -0.5223603965972343,
            -0.22415085552782643,
            -0.24036244731949186,
            -0.19203755749199797,
            0.008337756679651254,
            0.1403065446026509,
            -0.06184684075517096,
            -0.07368112030892665,
            -0.12516273691181107,
            -0.0035645070861859253,
            0.09731408874928525,
            0.0115720328510242
        ],
        [
            -0.07498786125279923,
            -0.05835323548105164,
            -0.004927099079874554,
            -0.06875434873929437,
            1.4579235863280777,
            -0.0020970244702606666,
            -0.05088090907410623,
            -0.018258039110941246,
            -0.2552341744349338,
            0.36602640112954765,
            -0.021692168630741193,
            -0.04016146724195112,
            0.0016749856473594945,
            0.043821382161425025,
            -0.054928648629695445,
            -0.002607195467908217,
            -0.018010575088540925,
            -0.0001698795325446771,
            0.008774791519234848,
            -0.005271549420865071
        ],
        [
            -0.5989579161020941,
            -0.5476421969246679,
            -0.0049730093880465676,
            -0.07374341374843918,
            -0.0020970244702606666,
            -0.4424267739747001,
            -0.5976503730285018,
            0.012014441047152798,
            0.08543625767714036,
            0.14774214956131065,
            -0.5014829439984596,
            -0.503460070871333,
            0.010249826690815013,
            0.07491101107891229,
            -0.033888072698859184,
            -0.24101406333873382,
            -0.3301246142235268,
            -0.01792756024950817,
            0.22734916236970032,
            0.035329052768540856
        ],
        [
            -0.47457451682128193,
            -0.3715270368599837,
            -0.016781375849733767,
            -0.24082503579653058,
            -0.05088090907410623,
            -0.5976503730285018,
            -0.4336250303080238,
            0.009045669466707238,
            0.024324779620899198,
            0.12168133649898055,
            -0.49814110412658774,
            -0.4112229828109706,
            0.022310665263783953,
            0.11259237774880804,
            -0.10511390995087128,
            -0.31258306088519316,
            -0.31259040211111344,
            -0.01999371527426547,
            0.17705199623303364,
            0.05296274443550807
        ],
        [
            -0.0003639266408402425,
            0.010612234119286995,
            0.4309514447980757,
            -0.06621469860194683,
            -0.018258039110941246,
            0.012014441047152798,
            0.009045669466707238,
            1.4053225608700683,
            -0.025289170602176572,
            -0.002304848563119917,
            0.004269262865198596,
            0.003277746802771809,
            0.3068323268822787,
            -0.03771529846582928,
            0.013232210776983024,
            -0.0003667179120498548,
            -0.0017168426590588402,
            -0.04449334119047185,
            0.003206048525813597,
            0.0005501889571165643
        ],
        [
            0.013383240656194673,
            0.11333326204924646,
            -0.06663532767184578,
            -0.5223603965972343,
            -0.2552341744349338,
            0.08543625767714036,
            0.024324779620899198,
            -0.025289170602176572,
            0.8887710714972523,
            0.0007494558768374442,
            -0.06479848982069714,
            -0.10360606690610213,
            -0.024590005300151,
            -0.6969326685433671,
            0.29556290303612687,
            -0.29643134702144747,
            -0.17005210677085236,
            -0.021280153668202184,
            0.13674464730979874,
            0.056036466176558344
        ],
        [
            0.02587510354830702,
            0.09540550148235163,
            -0.016139604512807774,
            -0.22415085552782643,
            0.36602640112954765,
            0.14774214956131065,
            0.12168133649898055,
            -0.002304848563119917,
            0.0007494558768374442,
            1.3594412899070898,
            0.027758139269075888,
            0.09571346084854188,
            0.009991129088435583,
            0.29829114571077,
            0.1962223426442546,
            0.046029514612594406,
            0.06744197001645603,
            0.005237546158149999,
            -0.054455895988097316,
            -0.056624293546483406
        ],
        [
            -0.2539093214863471,
            -0.3343202718076801,
            -0.014378912457368885,
            -0.24036244731949186,
            -0.021692168630741193,
            -0.5014829439984596,
            -0.49814110412658774,
            0.004269262865198596,
            -0.06479848982069714,
            0.027758139269075888,
            -0.41215279125275783,
            -0.5851114655290897,
            0.038484745003489584,
            -0.05308232555999173,
            -0.16169456131138005,
            -0.5706396408972594,
            -0.5321607565956461,
            -0.006524313383403937,
            0.07836488957367593,
            0.010795935038464044
        ],
        [
            -0.3233718683607113,
            -0.31546599134017606,
            -0.013025148754251035,
            -0.19203755749199797,
            -0.04016146724195112,
            -0.503460070871333,
            -0.4112229828109706,
            0.003277746802771809,
            -0.10360606690610213,
            0.09571346084854188,
            -0.5851114655290897,
            -0.431358569295363,
            0.03219878100996233,
            -0.007785829989278389,
            -0.13599693370240062,
            -0.4597882656853056,
            -0.3699321067088992,
            -0.02533996008172652,
            0.22089193596790369,
            0.06635894476550772
        ],
        [
            0.010805537346156972,
            0.012412330197993843,
            -0.04463373261435952,
            0.008337756679651254,
            0.0016749856473594945,
            0.010249826690815013,
            0.022310665263783953,
            0.3068323268822787,
            -0.024590005300151,
            0.009991129088435583,
            0.038484745003489584,
            0.03219878100996233,
            1.4097959860988372,
            0.020386822868447597,
            0.013541710170489047,
            0.0057878142529153714,
            0.028133115921975524,
            0.3561194377856466,
            0.10598986941686736,
            0.041104440302925746
        ],
        [
            0.3068203784873164,
            0.1739147406021799,
            0.013372781793724704,
            0.1403065446026509,
            0.043821382161425025,
            0.07491101107891229,
            0.11259237774880804,
            -0.03771529846582928,
            -0.6969326685433671,
            0.29829114571077,
            -0.05308232555999173,
            -0.007785829989278389,
            0.020386822868447597,
            0.932186177048679,
            -0.009654769142838956,
            -0.026025573039275884,
            -0.10038886551716014,
            0.11222821452153162,
            -0.5228415666623942,
            -0.3225754861326696
        ],
        [
            -0.05488301759679093,
            -0.07303351451130148,
            -0.003976145318777407,
            -0.06184684075517096,
            -0.054928648629695445,
            -0.033888072698859184,
            -0.10511390995087128,
            0.013232210776983024,
            0.29556290303612687,
            0.1962223426442546,
            -0.16169456131138005,
            -0.13599693370240062,
            0.013541710170489047,
            -0.009654769142838956,
            1.3552746750017557,
            -0.02984634572563788,
            -0.1078101607697417,
            0.03927198785007171,
            -0.29056508494512473,
            0.2531426109227035
        ],
        [
            -0.018861615017994472,
            -0.1460325428945744,
            -0.001729682303133604,
            -0.07368112030892665,
            -0.002607195467908217,
            -0.24101406333873382,
            -0.31258306088519316,
            -0.0003667179120498548,
            -0.29643134702144747,
            0.046029514612594406,
            -0.5706396408972594,
            -0.4597882656853056,
            0.0057878142529153714,
            -0.026025573039275884,
            -0.02984634572563788,
            -0.26047360760059046,
            -0.46656157676748156,
            -0.03335403673872909,
            0.26568994428873594,
            0.09189094772689657
        ],
        [
            -0.14828235835690595,
            -0.20566008892837945,
            -0.006774007003141497,
            -0.12516273691181107,
            -0.018010575088540925,
            -0.3301246142235268,
            -0.31259040211111344,
            -0.0017168426590588402,
            -0.17005210677085236,
            0.06744197001645603,
            -0.5321607565956461,
            -0.3699321067088992,
            0.028133115921975524,
            -0.10038886551716014,
            -0.1078101607697417,
            -0.46656157676748156,
            -0.3161334529996871,
            -0.027934947281686783,
            0.23017777910522255,
            0.07540916530564493
        ],
        [
            -0.002213530547243297,
            -0.010058040910058286,
            -0.005719445716219048,
            -0.0035645070861859253,
            -0.0001698795325446771,
            -0.01792756024950817,
            -0.01999371527426547,
            -0.04449334119047185,
            -0.021280153668202184,
            0.005237546158149999,
            -0.006524313383403937,
            -0.02533996008172652,
            0.3561194377856466,
            0.11222821452153162,
            0.03927198785007171,
            -0.03335403673872909,
            -0.027934947281686783,
            1.4829750825701107,
            0.02957105155435987,
            0.010603400982256247
        ],
        [
            0.07269107317693187,
            0.11854165202465863,
            0.0019147380117574505,
            0.09731408874928525,
            0.008774791519234848,
            0.22734916236970032,
            0.17705199623303364,
            0.003206048525813597,
            0.13674464730979874,
            -0.054455895988097316,
            0.07836488957367593,
            0.22089193596790369,
            0.10598986941686736,
            -0.5228415666623942,
            -0.29056508494512473,
            0.26568994428873594,
            0.23017777910522255,
            0.02957105155435987,
            1.2432806327152248,
            -0.08145262768639425
        ],
        [
            0.004813292418103655,
            0.02529224390280051,
            0.0002621186574137149,
            0.0115720328510242,
            -0.005271549420865071,
            0.035329052768540856,
            0.05296274443550807,
            0.0005501889571165643,
            0.056036466176558344,
            -0.056624293546483406,
            0.010795935038464044,
            0.06635894476550772,
            0.041104440302925746,
            -0.3225754861326696,
            0.2531426109227035,
            0.09189094772689657,
            0.07540916530564493,
            0.010603400982256247,
            -0.08145262768639425,
            1.4560665035439109
        ]
    ]
}