{
    "HF": -2.1164703590316996,
    "coordinates": [
        [
            0.750784,
            0.095673,
            0.045686
        ],
        [
            1.410509,
            0.147571,
            -0.044895
        ],
        [
            2.111326,
            0.15714,
            -0.063204
        ],
        [
            2.937368,
            -0.007028,
            -0.011758
        ]
    ],
    "elements": [
        "H",
        "H",
        "H",
        "H"
    ],
    "Enn": 3.1478889364031315,
    "S": [
        [
            0.9999999999999999,
            0.6848602514927513,
            0.0,
            0.0,
            0.0,
            0.6292915797408907,
            0.5859416634125238,
            0.07443511974184208,
            -0.5421303515272163,
            -0.04264728634440028,
            0.17449614980062517,
            0.3567813041331962,
            0.01796763673700381,
            -0.22449926000033651,
            -0.010142499102887444,
            0.015249532548229442,
            0.12866516020751206,
            0.0004882947178041267,
            -0.018586752615330035,
            0.0008729955402339951
        ],
        [
            0.6848602514927513,
            1.0000000000000002,
            0.0,
            0.0,
            0.0,
            0.5859416634125238,
            0.9073891368606525,
            0.020869238731174924,
            -0.15199609765761452,
            -0.01195694187159025,
            0.3567813041331962,
            0.6658874378520588,
            0.014767128444064857,
            -0.18451004194641266,
            -0.008335853467456468,
            0.12866516020751206,
            0.3518614001743875,
            0.0026128331640051573,
            -0.09945650008848719,
            0.004671342155429527
        ],
        [
            0.0,
            0.0,
            1.0000000000000004,
            0.0,
            0.0,
            -0.07443511974184208,
            -0.020869238731174914,
            0.5484540290033381,
            0.08694075813849458,
            0.0068392913196734855,
            -0.017967636737003807,
            -0.014767128444064836,
            0.08591395550854003,
            0.03409374419189637,
            0.0015402980387546241,
            -0.0004882947178041262,
            -0.0026128331640051564,
            0.001963742409699687,
            0.000645898194446812,
            -3.0336996185777463e-05
        ],
        [
            0.0,
            0.0,
            0.0,
            1.0000000000000004,
            0.0,
            0.5421303515272161,
            0.15199609765761452,
            0.08694075813849451,
            -0.07282107609567623,
            -0.04981233885551704,
            0.2244992600003364,
            0.18451004194641263,
            0.034093744191896376,
            -0.3373466397787945,
            -0.01924547868714569,
            0.018586752615330018,
            0.09945650008848714,
            0.000645898194446812,
            -0.022605158103066198,
            0.0011547662152336542
        ],
        [
            0.0,
            0.0,
            0.0,
            0.0,
            1.0000000000000004,
            0.04264728634440028,
            0.01195694187159025,
            0.006839291319673489,
            -0.0498123388555171,
            0.5564725519500497,
            0.010142499102887441,
            0.008335853467456453,
            0.0015402980387546252,
            -0.019245478687145705,
            0.08777314542446531,
            -0.0008729955402339941,
            -0.004671342155429524,
            -3.0336996185777463e-05,
            0.0011547662152336542,
            0.0019264730117763006
        ],
        [
            0.6292915797408907,
            0.5859416634125238,
            -0.07443511974184208,
            0.5421303515272162,
            0.04264728634440028,
            0.9999999999999999,
            0.6848602514927513,
            0.0,
            0.0,
            0.0,
            0.602219740416722,
            0.5767094438811851,
            0.014234593805021492,
            -0.5448601958956657,
            -0.007439555853419111,
            0.11468934073863779,
            0.3007731261345242,
            -0.0032733001988433487,
            -0.1508243917163822,
            0.015271416767992959
        ],
        [
            0.5859416634125238,
            0.9073891368606525,
            -0.020869238731174924,
            0.15199609765761452,
            0.01195694187159025,
            0.6848602514927513,
            1.0000000000000002,
            0.0,
            0.0,
            0.0,
            0.5767094438811851,
            0.8984525347085912,
            0.004147368299992298,
            -0.15874958817497953,
            -0.0021675769983410613,
            0.3007731261345242,
            0.598526834550704,
            -0.003743676141291517,
            -0.17249798139289083,
            0.017465931972342894
        ],
        [
            0.07443511974184208,
            0.020869238731174914,
            0.5484540290033381,
            0.08694075813849451,
            0.006839291319673489,
            0.0,
            0.0,
            1.0000000000000004,
            0.0,
            0.0,
            -0.01423459380502148,
            -0.004147368299992297,
            0.5278355563160254,
            0.017598601779456526,
            0.00024029243073101736,
            0.003273300198843347,
            0.0037436761412915154,
            0.04681638161472158,
            -0.006167113508452517,
            0.0006244385246399639
        ],
        [
            -0.5421303515272162,
            -0.15199609765761452,
            0.08694075813849458,
            -0.07282107609567605,
            -0.0498123388555171,
            0.0,
            0.0,
            0.0,
            1.0000000000000004,
            0.0,
            0.5448601958956657,
            0.15874958817497953,
            0.01759860177945653,
            -0.14532963141720223,
            -0.00919771808551092,
            0.15082439171638215,
            0.1724979813928908,
            -0.006167113508452519,
            -0.23721287883310838,
            0.02877235661928512
        ],
        [
            -0.04264728634440028,
            -0.01195694187159025,
            0.0068392913196734855,
            -0.04981233885551704,
            0.5564725519500497,
            0.0,
            0.0,
            0.0,
            0.0,
            1.0000000000000004,
            0.007439555853419111,
            0.002167576998341061,
            0.00024029243073101755,
            -0.009197718085510925,
            0.5281697374726182,
            -0.015271416767992964,
            -0.017465931972342905,
            0.0006244385246399641,
            0.028772356619285122,
            0.04403693837821103
        ],
        [
            0.17449614980062517,
            0.3567813041331962,
            -0.01796763673700381,
            0.22449926000033651,
            0.010142499102887441,
            0.602219740416722,
            0.5767094438811851,
            -0.01423459380502148,
            0.5448601958956657,
            0.007439555853419111,
            0.9999999999999999,
            0.6848602514927513,
            0.0,
            0.0,
            0.0,
            0.4887778713814305,
            0.5339613820870195,
            -0.030717363043778385,
            -0.4932129223537068,
            0.09802138273473175
        ],
        [
            0.3567813041331962,
            0.6658874378520588,
            -0.014767128444064857,
            0.18451004194641266,
            0.008335853467456454,
            0.5767094438811851,
            0.8984525347085912,
            -0.004147368299992298,
            0.15874958817497953,
            0.0021675769983410613,
            0.6848602514927513,
            1.0000000000000002,
            0.0,
            0.0,
            0.0,
            0.5339613820870195,
            0.8563414292404975,
            -0.010733835389403194,
            -0.17234768208866366,
            0.03425246449106912
        ],
        [
            0.017967636737003807,
            0.014767128444064833,
            0.08591395550854003,
            0.03409374419189637,
            0.001540298038754625,
            0.01423459380502148,
            0.004147368299992297,
            0.5278355563160254,
            0.01759860177945653,
            0.00024029243073101755,
            0.0,
            0.0,
            1.0000000000000004,
            0.0,
            0.0,
            0.030717363043778374,
            0.010733835389403189,
            0.39413741166319366,
            -0.04378526585519672,
            0.008701905623341104
        ],
        [
            -0.2244992600003364,
            -0.18451004194641263,
            0.034093744191896376,
            -0.3373466397787945,
            -0.019245478687145705,
            -0.5448601958956657,
            -0.15874958817497953,
            0.017598601779456526,
            -0.14532963141720223,
            -0.009197718085510925,
            0.0,
            0.0,
            0.0,
            1.0000000000000004,
            0.0,
            0.49321292235370606,
            0.17234768208866363,
            -0.04378526585519669,
            -0.30617316274482564,
            0.13972202940784373
        ],
        [
            -0.010142499102887444,
            -0.008335853467456467,
            0.0015402980387546246,
            -0.01924547868714569,
            0.08777314542446531,
            -0.007439555853419111,
            -0.002167576998341061,
            0.00024029243073101736,
            -0.00919771808551092,
            0.5281697374726182,
            0.0,
            0.0,
            0.0,
            0.0,
            1.0000000000000004,
            -0.09802138273473175,
            -0.03425246449106913,
            0.008701905623341109,
            0.13972202940784392,
            0.3690959375775655
        ],
        [
            0.015249532548229442,
            0.12866516020751206,
            -0.0004882947178041267,
            0.018586752615330035,
            -0.0008729955402339951,
            0.11468934073863779,
            0.3007731261345242,
            0.003273300198843349,
            0.15082439171638215,
            -0.015271416767992959,
            0.4887778713814305,
            0.5339613820870195,
            0.030717363043778388,
            0.4932129223537068,
            -0.09802138273473175,
            0.9999999999999999,
            0.6848602514927513,
            0.0,
            0.0,
            0.0
        ],
        [
            0.12866516020751206,
            0.3518614001743875,
            -0.0026128331640051577,
            0.09945650008848719,
            -0.004671342155429526,
            0.3007731261345242,
            0.598526834550704,
            0.003743676141291516,
            0.17249798139289083,
            -0.017465931972342894,
            0.5339613820870195,
            0.8563414292404975,
            0.01073383538940319,
            0.17234768208866366,
            -0.03425246449106914,
            0.6848602514927513,
            1.0000000000000002,
            0.0,
            0.0,
            0.0
        ],
        [
            0.0004882947178041262,
            0.002612833164005157,
            0.001963742409699687,
            0.000645898194446812,
            -3.0336996185777463e-05,
            -0.003273300198843348,
            -0.0037436761412915137,
            0.04681638161472158,
            -0.006167113508452519,
            0.0006244385246399639,
            -0.030717363043778374,
            -0.010733835389403182,
            0.39413741166319366,
            -0.043785265855196674,
            0.008701905623341104,
            0.0,
            0.0,
            1.0000000000000004,
            0.0,
            0.0
        ],
        [
            -0.018586752615330018,
            -0.09945650008848714,
            0.000645898194446812,
            -0.022605158103066198,
            0.0011547662152336542,
            -0.1508243917163822,
            -0.1724979813928908,
            -0.006167113508452517,
            -0.23721287883310832,
            0.02877235661928511,
            -0.4932129223537068,
            -0.17234768208866363,
            -0.04378526585519674,
            -0.30617316274482564,
            0.1397220294078439,
            0.0,
            0.0,
            0.0,
            1.0000000000000004,
            0.0
        ],
        [
            0.0008729955402339941,
            0.004671342155429525,
            -3.0336996185777463e-05,
            0.0011547662152336542,
            0.0019264730117763006,
            0.015271416767992964,
            0.017465931972342908,
            0.0006244385246399641,
            0.02877235661928513,
            0.04403693837821103,
            0.09802138273473175,
            0.03425246449106912,
            0.008701905623341109,
            0.13972202940784378,
            0.3690959375775655,
            0.0,
            0.0,
            0.0,
            0.0,
            1.0000000000000004
        ]
    ],
    "h": [
        [
            -0.3479903463658178,
            -0.5002376088335012,
            0.04704168637029972,
            -0.34665116079461844,
            -0.027827886791635427,
            -0.6567038963275029,
            -0.49921089050657286,
            -0.001463838026761033,
            -0.014801264576233653,
            -0.0013663507213883402,
            -0.3354901394584445,
            -0.3655069443768374,
            -0.01704502563326654,
            0.38174971096252586,
            0.005810277584934631,
            -0.018852013387995296,
            -0.1528295414426975,
            0.0001867770252212543,
            0.0773466449055851,
            -0.006628666563566138
        ],
        [
            -0.5002376088335012,
            -0.32421123068998225,
            0.03646840468447223,
            -0.2768764986199924,
            -0.021535334697832195,
            -0.5895194207745023,
            -0.37637388909722835,
            -0.027475049031477093,
            0.0998359204047583,
            0.01531374660749344,
            -0.38865579868280237,
            -0.3336698928087847,
            -0.012038203744623298,
            0.22640937308483977,
            0.011645927891586881,
            -0.14470809629843961,
            -0.20536990229850954,
            0.004786099286362842,
            0.11838966317085287,
            -0.01821430590667809
        ],
        [
            0.04704168637029972,
            0.03646840468447223,
            1.4444940772889365,
            0.04461450469541531,
            0.0034609660266236757,
            0.009691444303274732,
            0.03489145172614136,
            0.5110185450814111,
            0.1335062281005211,
            0.010100063091625993,
            0.03255799055121498,
            0.02885472003735932,
            -0.04438180748617451,
            -0.027156635816022505,
            -0.0003110662526284885,
            0.004514659546347296,
            0.01412380801841775,
            -0.006313422127170535,
            -0.006421014724735829,
            0.0006589100901389694
        ],
        [
            -0.34665116079461844,
            -0.2768764986199924,
            0.04461450469541531,
            1.110734467679656,
            -0.025842210908408107,
            -0.09913552386190094,
            -0.27631272893764436,
            0.12702480207887684,
            -0.4717016434095262,
            -0.07301920916748372,
            -0.30406854035771924,
            -0.23269119097216423,
            -0.0009984471057764843,
            0.11043785070717516,
            0.001274931680719911,
            -0.08366987019384259,
            -0.14148711640984546,
            0.000144484060387078,
            0.10999591631799197,
            -0.0103729458013056
        ],
        [
            -0.027827886791635427,
            -0.021535334697832195,
            0.0034609660266236757,
            -0.025842210908408107,
            1.4484587071527477,
            -0.006169093708035894,
            -0.02042530305327645,
            0.009950576681854834,
            -0.07570528941508686,
            0.5227256681181186,
            -0.018207442477369423,
            -0.016568349127627106,
            -0.00040112492058792934,
            0.01635572363581251,
            -0.04491902845508586,
            2.4226549517311884e-05,
            -0.006778536455405297,
            9.993002906830008e-05,
            -0.0007471474344969533,
            -0.006323730270965331
        ],
        [
            -0.6567038963275029,
            -0.5895194207745023,
            0.009691444303274732,
            -0.09913552386190094,
            -0.006169093708035894,
            -0.565815811263479,
            -0.6473895839962012,
            -0.03654654164941871,
            0.05431203788590776,
            0.020848176033688194,
            -0.5903724664943386,
            -0.562877358166379,
            -0.011160367375921233,
            0.09220531972551371,
            0.012120880923457089,
            -0.2377052157134962,
            -0.3445303819179798,
            0.00949140084742411,
            0.2400307934819797,
            -0.03490660509561018
        ],
        [
            -0.49921089050657286,
            -0.37637388909722835,
            0.03489145172614136,
            -0.27631272893764436,
            -0.02042530305327645,
            -0.6473895839962012,
            -0.4405849024812405,
            -0.025866147765159275,
            0.00047838036670799777,
            0.016275217000664616,
            -0.5405912658424733,
            -0.4213486969643261,
            -0.01691648543011281,
            0.17413576443022477,
            0.025709626268686513,
            -0.297123168704728,
            -0.30720410509488194,
            0.009824842010971323,
            0.17297894179147633,
            -0.03201224806808352
        ],
        [
            -0.001463838026761033,
            -0.027475049031477093,
            0.5110185450814111,
            0.12702480207887684,
            0.009950576681854834,
            -0.03654654164941871,
            -0.025866147765159275,
            1.3595896074186367,
            0.049995589984242174,
            0.0032335762139378533,
            -0.009886122890884377,
            -0.01350787669309764,
            0.4685031830781652,
            0.0426350905521036,
            0.0005073111591110471,
            0.0037058646127694547,
            -0.0007288159221425713,
            -0.04557845488118992,
            -0.0018438310228459116,
            0.0004349795932377916
        ],
        [
            -0.014801264576233653,
            0.0998359204047583,
            0.1335062281005211,
            -0.4717016434095262,
            -0.07570528941508686,
            0.05431203788590776,
            0.00047838036670799777,
            0.049995589984242174,
            0.7166238642885292,
            -0.024525368811462545,
            -0.013844921760054918,
            -0.12332495038058894,
            0.026065315503512793,
            -0.7005015295369025,
            0.0015780014040164513,
            -0.3126968968919992,
            -0.19885832119263142,
            0.012785393250594884,
            0.19085018154677402,
            -0.041826197269745576
        ],
        [
            -0.0013663507213883402,
            0.01531374660749344,
            0.010100063091625993,
            -0.07301920916748372,
            0.5227256681181186,
            0.020848176033688194,
            0.016275217000664616,
            0.0032335762139378533,
            -0.024525368811462545,
            1.363499409915192,
            0.010842860891307806,
            0.011520492837917902,
            0.0010389130343966897,
            -0.01828232710396272,
            0.4688894683181498,
            0.010999500744300207,
            0.005044636503994372,
            -0.00032384767129024056,
            -0.006486683179543637,
            -0.04432544765985219
        ],
        [
            -0.3354901394584445,
            -0.38865579868280237,
            0.03255799055121498,
            -0.30406854035771924,
            -0.018207442477369423,
            -0.5903724664943386,
            -0.5405912658424733,
            -0.009886122890884377,
            -0.013844921760054918,
            0.010842860891307806,
            -0.44965726625429303,
            -0.6067700676941687,
            -0.02183169075180908,
            0.05737877008063014,
            0.04814518449577035,
            -0.5296340096553724,
            -0.5216104838643407,
            0.004066348226993505,
            0.08886809217804714,
            -0.013693340961869999
        ],
        [
            -0.3655069443768374,
            -0.3336698928087847,
            0.02885472003735932,
            -0.23269119097216423,
            -0.016568349127627106,
            -0.562877358166379,
            -0.4213486969643261,
            -0.01350787669309764,
            -0.12332495038058894,
            0.011520492837917902,
            -0.6067700676941687,
            -0.44110486166410046,
            -0.019452218711546718,
            0.05520552311790586,
            0.040848648353271816,
            -0.43062278374411356,
            -0.3610473034112007,
            0.011822546380050623,
            0.20692730560241435,
            -0.038185943729904234
        ],
        [
            -0.01704502563326654,
            -0.012038203744623298,
            -0.04438180748617451,
            -0.0009984471057764843,
            -0.00040112492058792934,
            -0.011160367375921233,
            -0.01691648543011281,
            0.4685031830781652,
            0.026065315503512793,
            0.0010389130343966897,
            -0.02183169075180908,
            -0.019452218711546718,
            1.3992547874855064,
            -0.0015481889835424444,
            0.002744189659491921,
            -0.002347025301518424,
            -0.01416218164771478,
            0.2932737323924177,
            -0.05524412674664825,
            0.011246149911980616
        ],
        [
            0.38174971096252586,
            0.22640937308483977,
            -0.027156635816022505,
            0.11043785070717516,
            0.01635572363581251,
            0.09220531972551371,
            0.17413576443022477,
            0.0426350905521036,
            -0.7005015295369025,
            -0.01828232710396272,
            0.05737877008063014,
            0.05520552311790586,
            -0.0015481889835424444,
            0.8035523298058067,
            0.03958240820977392,
            -0.04574166130963686,
            -0.08388578323018633,
            -0.05832762432323628,
            -0.6653060734128249,
            0.18800101489434617
        ],
        [
            0.005810277584934631,
            0.011645927891586881,
            -0.0003110662526284885,
            0.001274931680719911,
            -0.04491902845508586,
            0.012120880923457089,
            0.025709626268686513,
            0.0005073111591110471,
            0.0015780014040164513,
            0.4688894683181498,
            0.04814518449577035,
            0.040848648353271816,
            0.002744189659491921,
            0.03958240820977392,
            1.3919048780731607,
            0.010431346118590229,
            0.038474365921478904,
            0.011333694468769116,
            0.17966010283891604,
            0.2607145337390085
        ],
        [
            -0.018852013387995296,
            -0.14470809629843961,
            0.004514659546347296,
            -0.08366987019384259,
            2.4226549517311884e-05,
            -0.2377052157134962,
            -0.297123168704728,
            0.0037058646127694547,
            -0.3126968968919992,
            0.010999500744300207,
            -0.5296340096553724,
            -0.43062278374411356,
            -0.002347025301518424,
            -0.04574166130963686,
            0.010431346118590229,
            -0.21711234636874654,
            -0.44467929342630064,
            0.015213771250923304,
            0.24378507391838405,
            -0.047906005593794716
        ],
        [
            -0.1528295414426975,
            -0.20536990229850954,
            0.01412380801841775,
            -0.14148711640984546,
            -0.006778536455405297,
            -0.3445303819179798,
            -0.30720410509488194,
            -0.0007288159221425713,
            -0.19885832119263142,
            0.005044636503994372,
            -0.5216104838643407,
            -0.3610473034112007,
            -0.01416218164771478,
            -0.08388578323018633,
            0.038474365921478904,
            -0.44467929342630064,
            -0.30385591557815306,
            0.013379737716733621,
            0.21983694608505283,
            -0.042406414140269105
        ],
        [
            0.0001867770252212543,
            0.004786099286362842,
            -0.006313422127170535,
            0.000144484060387078,
            9.993002906830008e-05,
            0.00949140084742411,
            0.009824842010971323,
            -0.04557845488118992,
            0.012785393250594884,
            -0.00032384767129024056,
            0.004066348226993505,
            0.011822546380050623,
            0.2932737323924177,
            -0.05832762432323628,
            0.011333694468769116,
            0.015213771250923304,
            0.013379737716733621,
            1.5050763064158243,
            -0.013907614424001527,
            0.0027438324990911827
        ],
        [
            0.0773466449055851,
            0.11838966317085287,
            -0.006421014724735829,
            0.10999591631799197,
            -0.0007471474344969533,
            0.2400307934819797,
            0.17297894179147633,
            -0.0018438310228459116,
            0.19085018154677402,
            -0.006486683179543637,
            0.08886809217804714,
            0.20692730560241435,
            -0.05524412674664825,
            -0.6653060734128249,
            0.17966010283891604,
            0.24378507391838405,
            0.21983694608505283,
            -0.013907614424001527,
            1.2741904576339083,
            0.04454710688595982
        ],
        [
            -0.006628666563566138,
            -0.01821430590667809,
            0.0006589100901389694,
            -0.0103729458013056,
            -0.006323730270965331,
            -0.03490660509561018,
            -0.03201224806808352,
            0.0004349795932377916,
            -0.041826197269745576,
            -0.04432544765985219,
            -0.013693340961869999,
            -0.038185943729904234,
            0.011246149911980616,
            0.18800101489434617,
            0.2607145337390085,
            -0.047906005593794716,
            -0.042406414140269105,
            0.0027438324990911827,
            0.04454710688595982,
            1.4972060594684249
        ]
    ]
}