{
    "HF": -2.1488665310333652,
    "coordinates": [
        [
            0.678073,
            -0.011508,
            -0.08629
        ],
        [
            1.385881,
            0.067571,
            0.071926
        ],
        [
            2.109683,
            -0.151348,
            -0.054547
        ],
        [
            2.886245,
            -0.030684,
            0.118339
        ]
    ],
    "elements": [
        "H",
        "H",
        "H",
        "H"
    ],
    "Enn": 3.0313550624427594,
    "S": [
        [
            0.9999999999999999,
            0.6848602514927513,
            0.0,
            0.0,
            0.0,
            0.5791338041134382,
            0.5685622331712195,
            -0.11708504313086626,
            -0.5238011971505546,
            -0.0585210606117319,
            0.14645386881548456,
            0.3323467733066854,
            -0.004225738872384064,
            -0.19058091633096255,
            0.018615988530201532,
            0.013798799063675107,
            0.12326710325381805,
            -0.0015394881108972212,
            -0.016612770139208706,
            0.0001442670589924454
        ],
        [
            0.6848602514927513,
            1.0000000000000002,
            0.0,
            0.0,
            0.0,
            0.5685622331712195,
            0.8905208664787413,
            -0.035299055099680336,
            -0.15791673150626095,
            -0.017643057454540794,
            0.3323467733066854,
            0.6370331322597276,
            -0.003990318795540453,
            -0.17996346567380717,
            0.01757887346401969,
            0.12326710325381805,
            0.34253895670245543,
            -0.008889194328753573,
            -0.09592418483847562,
            0.0008330158015148314
        ],
        [
            0.0,
            0.0,
            1.0000000000000004,
            0.0,
            0.0,
            0.11708504313086626,
            0.03529905509968035,
            0.46853880762676114,
            -0.14568887174065714,
            -0.016276914485820203,
            0.004225738872384057,
            0.003990318795540451,
            0.06789858022463809,
            -0.00803161918050323,
            0.0007845304420907734,
            0.0015394881108972208,
            0.008889194328753573,
            0.0015043485975446019,
            -0.001979982321963063,
            1.719437661829046e-05
        ],
        [
            0.0,
            0.0,
            0.0,
            1.0000000000000004,
            0.0,
            0.5238011971505548,
            0.1579167315062607,
            -0.1456888717406571,
            -0.1506610426408345,
            -0.07281773201433119,
            0.19058091633096247,
            0.17996346567380705,
            -0.008031619180503224,
            -0.2941495373347564,
            0.035382340238842305,
            0.016612770139208706,
            0.09592418483847566,
            -0.0019799823219630633,
            -0.019678355718469837,
            0.00018554623736598277
        ],
        [
            0.0,
            0.0,
            0.0,
            0.0,
            1.0000000000000004,
            0.05852106061173188,
            0.017643057454540763,
            -0.016276914485820197,
            -0.07281773201433119,
            0.492969101013327,
            -0.018615988530201515,
            -0.017578873464019654,
            0.0007845304420907724,
            0.035382340238842284,
            0.064620509541035,
            -0.00014426705899244538,
            -0.0008330158015148319,
            1.7194376618290474e-05,
            0.00018554623736598286,
            0.0016862201944642483
        ],
        [
            0.5791338041134382,
            0.5685622331712195,
            0.11708504313086626,
            0.5238011971505548,
            0.0585210606117319,
            0.9999999999999999,
            0.6848602514927513,
            0.0,
            0.0,
            0.0,
            0.5492927918389838,
            0.5576337506915071,
            0.08753925912730287,
            -0.5009851180478051,
            0.15152646864461206,
            0.12418236281160264,
            0.31073015647039154,
            -0.005051307086663626,
            -0.16329044245739321,
            0.010693473332905327
        ],
        [
            0.5685622331712195,
            0.8905208664787413,
            0.035299055099680336,
            0.15791673150626076,
            0.01764305745454079,
            0.6848602514927513,
            1.0000000000000002,
            0.0,
            0.0,
            0.0,
            0.557633750691507,
            0.8798132356170848,
            0.027638416226541545,
            -0.15817400505723145,
            0.04784083908738034,
            0.3107301564703916,
            0.6108286547792204,
            -0.005429463292056405,
            -0.1755148614121672,
            0.011494019256695364
        ],
        [
            -0.11708504313086626,
            -0.03529905509968035,
            0.46853880762676114,
            -0.1456888717406571,
            -0.016276914485820203,
            0.0,
            0.0,
            1.0000000000000004,
            0.0,
            0.0,
            -0.08753925912730286,
            -0.02763841622654154,
            0.4468914319117527,
            0.11080816647570244,
            -0.03351470843779695,
            0.005051307086663625,
            0.005429463292056402,
            0.05270533386574678,
            -0.009582054329718355,
            0.0006275042244191921
        ],
        [
            -0.5238011971505546,
            -0.1579167315062605,
            -0.14568887174065714,
            -0.1506610426408345,
            -0.07281773201433121,
            0.0,
            0.0,
            0.0,
            1.0000000000000004,
            0.0,
            0.5009851180478051,
            0.15817400505723142,
            0.11080816647570244,
            -0.1678991128835766,
            0.1918038869695058,
            0.1632904424573932,
            0.17551486141216693,
            -0.00958205432971835,
            -0.2567513228206864,
            0.020284936292988533
        ],
        [
            -0.05852106061173188,
            -0.017643057454540766,
            -0.016276914485820197,
            -0.07281773201433116,
            0.492969101013327,
            0.0,
            0.0,
            0.0,
            0.0,
            1.0000000000000004,
            -0.151526468644612,
            -0.047840839087380294,
            -0.03351470843779694,
            0.1918038869695057,
            0.4082409806933315,
            -0.010693473332905322,
            -0.011494019256695355,
            0.0006275042244191919,
            0.02028493629298854,
            0.0516733412773733
        ],
        [
            0.14645386881548456,
            0.3323467733066854,
            0.00422573887238406,
            0.19058091633096258,
            -0.018615988530201532,
            0.5492927918389838,
            0.5576337506915071,
            -0.08753925912730287,
            0.5009851180478051,
            -0.15152646864461206,
            0.9999999999999999,
            0.6848602514927513,
            0.0,
            0.0,
            0.0,
            0.5191858921149444,
            0.5461225205976811,
            -0.1114245592965258,
            -0.5004921081893774,
            -0.0777676215711856
        ],
        [
            0.3323467733066854,
            0.6370331322597276,
            0.003990318795540453,
            0.17996346567380705,
            -0.017578873464019682,
            0.557633750691507,
            0.8798132356170848,
            -0.027638416226541545,
            0.15817400505723145,
            -0.04784083908738034,
            0.6848602514927513,
            1.0000000000000002,
            0.0,
            0.0,
            0.0,
            0.5461225205976811,
            0.868447905175312,
            -0.03694916006100283,
            -0.16596666957007777,
            -0.02578828505258289
        ],
        [
            -0.004225738872384062,
            -0.003990318795540451,
            0.06789858022463809,
            -0.008031619180503222,
            0.0007845304420907727,
            0.08753925912730286,
            0.02763841622654154,
            0.4468914319117527,
            0.11080816647570244,
            -0.03351470843779695,
            0.0,
            0.0,
            1.0000000000000004,
            0.0,
            0.0,
            0.11142455929652581,
            0.03694916006100284,
            0.39800933828980856,
            -0.1503977153357216,
            -0.023369144927603325
        ],
        [
            -0.1905809163309625,
            -0.17996346567380705,
            -0.008031619180503232,
            -0.2941495373347565,
            0.035382340238842305,
            -0.5009851180478051,
            -0.15817400505723142,
            0.11080816647570244,
            -0.1678991128835766,
            0.1918038869695058,
            0.0,
            0.0,
            0.0,
            1.0000000000000004,
            0.0,
            0.5004921081893774,
            0.16596666957007777,
            -0.15039771533572133,
            -0.24405769499424534,
            -0.10496853373477022
        ],
        [
            0.01861598853020151,
            0.017578873464019654,
            0.000784530442090773,
            0.03538234023884228,
            0.064620509541035,
            0.151526468644612,
            0.047840839087380294,
            -0.03351470843779694,
            0.1918038869695057,
            0.4082409806933315,
            0.0,
            0.0,
            0.0,
            0.0,
            1.0000000000000004,
            0.0777676215711856,
            0.025788285052582918,
            -0.02336914492760331,
            -0.10496853373477033,
            0.4151821284327195
        ],
        [
            0.013798799063675107,
            0.12326710325381805,
            0.0015394881108972212,
            0.016612770139208706,
            -0.00014426705899244538,
            0.12418236281160264,
            0.31073015647039154,
            0.005051307086663626,
            0.16329044245739321,
            -0.010693473332905327,
            0.5191858921149444,
            0.5461225205976811,
            0.1114245592965258,
            0.5004921081893774,
            0.0777676215711856,
            0.9999999999999999,
            0.6848602514927513,
            0.0,
            0.0,
            0.0
        ],
        [
            0.12326710325381805,
            0.34253895670245543,
            0.008889194328753573,
            0.09592418483847566,
            -0.0008330158015148314,
            0.3107301564703916,
            0.6108286547792204,
            0.005429463292056405,
            0.17551486141216702,
            -0.01149401925669536,
            0.5461225205976811,
            0.868447905175312,
            0.03694916006100283,
            0.16596666957007777,
            0.025788285052582873,
            0.6848602514927513,
            1.0000000000000002,
            0.0,
            0.0,
            0.0
        ],
        [
            -0.0015394881108972208,
            -0.008889194328753573,
            0.0015043485975446019,
            -0.001979982321963063,
            1.7194376618290463e-05,
            -0.005051307086663625,
            -0.005429463292056402,
            0.05270533386574678,
            -0.00958205432971835,
            0.0006275042244191921,
            -0.11142455929652581,
            -0.03694916006100285,
            0.39800933828980856,
            -0.1503977153357214,
            -0.023369144927603325,
            0.0,
            0.0,
            1.0000000000000004,
            0.0,
            0.0
        ],
        [
            -0.016612770139208706,
            -0.09592418483847562,
            -0.0019799823219630633,
            -0.019678355718469837,
            0.00018554623736598283,
            -0.1632904424573932,
            -0.17551486141216713,
            -0.009582054329718355,
            -0.2567513228206864,
            0.020284936292988547,
            -0.5004921081893774,
            -0.16596666957007777,
            -0.15039771533572152,
            -0.24405769499424534,
            -0.10496853373477033,
            0.0,
            0.0,
            0.0,
            1.0000000000000004,
            0.0
        ],
        [
            0.0001442670589924454,
            0.0008330158015148314,
            1.719437661829047e-05,
            0.00018554623736598283,
            0.0016862201944642483,
            0.010693473332905322,
            0.011494019256695352,
            0.0006275042244191919,
            0.020284936292988526,
            0.0516733412773733,
            -0.0777676215711856,
            -0.02578828505258289,
            -0.02336914492760331,
            -0.10496853373477022,
            0.4151821284327195,
            0.0,
            0.0,
            0.0,
            0.0,
            1.0000000000000004
        ]
    ],
    "h": [
        [
            -0.2994133869706661,
            -0.4824683958152338,
            -0.06360885369244551,
            -0.30638401508919466,
            -0.028941351084458583,
            -0.608930498322644,
            -0.4778016686297375,
            0.018162843808262108,
            0.009370226337639287,
            0.018355166205994658,
            -0.2828193669349326,
            -0.3367327863223918,
            -0.018809342628844577,
            0.3312344284902059,
            -0.05859091963095159,
            -0.01734809961966169,
            -0.1472682995002731,
            0.0060080611004233574,
            0.07378450828874164,
            -0.0010778319207728603
        ],
        [
            -0.4824683958152338,
            -0.32076065495256856,
            -0.050232899405976576,
            -0.2555408186539594,
            -0.02121283351126908,
            -0.558837720222296,
            -0.37380062273354997,
            0.06735466899670425,
            0.1065289224973773,
            0.05734886669087286,
            -0.3562210639858105,
            -0.3230246052806556,
            -0.03508236280890732,
            0.19362127611975882,
            -0.061180742190885234,
            -0.14392288252318408,
            -0.20468367683488836,
            0.017962527154384973,
            0.12083400834235103,
            0.008237060316861212
        ],
        [
            -0.06360885369244551,
            -0.050232899405976576,
            1.4576422328529597,
            -0.05947196367837277,
            -0.0065238338798374075,
            -0.006498738082462929,
            -0.045442276925575294,
            0.3967364402791681,
            -0.21164715773032927,
            -0.021456228697235104,
            -0.030928562386698156,
            -0.037186798859575834,
            -0.05029782922712692,
            0.04194153557830849,
            -0.00949763945979836,
            -0.0053715001373909116,
            -0.01806044401145556,
            -0.004622217243316402,
            0.010535238885481536,
            -0.00010132334386524976
        ],
        [
            -0.30638401508919466,
            -0.2555408186539594,
            -0.05947196367837277,
            1.1761395194353081,
            -0.026188717993173065,
            -0.0862695170542036,
            -0.24992280700328273,
            -0.18949792451515163,
            -0.5348481855545272,
            -0.07902560295609717,
            -0.26323304904807,
            -0.20504392884401756,
            -0.03177919687734882,
            0.12694840842628796,
            -0.054129878693710255,
            -0.07610643297571805,
            -0.13009851381101306,
            0.011226901996032563,
            0.1005633498019598,
            0.001274193777832546
        ],
        [
            -0.028941351084458583,
            -0.02121283351126908,
            -0.0065238338798374075,
            -0.026188717993173065,
            1.4672058389632587,
            0.003821792353369491,
            -0.016954746996546484,
            -0.024198840175237355,
            -0.10234128072829232,
            0.4292035236592616,
            -0.00046863994647371177,
            -0.013889932429766019,
            -0.0006467719773209791,
            0.022573402304201837,
            -0.04933192557624602,
            0.0029961048503870514,
            -0.003375822771544344,
            -0.00030508402858967735,
            -0.0008312790205296269,
            -0.005794945007497582
        ],
        [
            -0.608930498322644,
            -0.558837720222296,
            -0.006498738082462929,
            -0.0862695170542036,
            0.003821792353369491,
            -0.48026777895989836,
            -0.6148669708209545,
            0.10158251869611384,
            0.06127579056534513,
            0.09830910633932387,
            -0.542499483537336,
            -0.5293944187105203,
            -0.012583892723441015,
            0.07479293785437124,
            -0.023856213196403186,
            -0.2461666278122492,
            -0.33951404824096443,
            0.028443568293105702,
            0.2391279078647789,
            0.008515662981280505
        ],
        [
            -0.4778016686297375,
            -0.37380062273354997,
            -0.045442276925575294,
            -0.24992280700328273,
            -0.016954746996546484,
            -0.6148669708209545,
            -0.43818907969979914,
            0.0794788709132632,
            0.009987168076875177,
            0.08109229567715284,
            -0.5201991167864057,
            -0.4183441967158257,
            -0.05470497536283908,
            0.1335256529542635,
            -0.0776945392806899,
            -0.3097139909093487,
            -0.3124857947434787,
            0.034117465824998416,
            0.18113374524742037,
            0.021020711655179828
        ],
        [
            0.018162843808262108,
            0.06735466899670425,
            0.3967364402791681,
            -0.18949792451515163,
            -0.024198840175237355,
            0.10158251869611384,
            0.0794788709132632,
            1.371755958793833,
            -0.023854762709095957,
            -0.01849352150541881,
            0.01482651212843647,
            0.05808094166951827,
            0.3538151724398615,
            0.12998643075751914,
            -0.042567314886903185,
            0.014502291758388693,
            0.033944892163466044,
            -0.04885486948620782,
            -0.02539720138427072,
            -0.0015722973514490865
        ],
        [
            0.009370226337639287,
            0.1065289224973773,
            -0.21164715773032927,
            -0.5348481855545272,
            -0.10234128072829232,
            0.06127579056534513,
            0.009987168076875177,
            -0.023854762709095957,
            0.8342877353414502,
            0.04154131282514313,
            -0.046562374202496315,
            -0.1138794774455748,
            0.1352384226825844,
            -0.6731293346643035,
            0.26357408742679134,
            -0.3062248106302966,
            -0.18374067076156272,
            0.03805432109443351,
            0.15659650284670518,
            0.023561989429195292
        ],
        [
            0.018355166205994658,
            0.05734886669087286,
            -0.021456228697235104,
            -0.07902560295609717,
            0.4292035236592616,
            0.09830910633932387,
            0.08109229567715284,
            -0.01849352150541881,
            0.04154131282514313,
            1.3680757934017753,
            0.019541154592149335,
            0.07314671649614167,
            -0.043483306003110636,
            0.2610614741211613,
            0.30336046996885857,
            0.04866740582579161,
            0.05635420691239809,
            -0.008033345614130253,
            -0.04952095193611399,
            -0.049507666599880276
        ],
        [
            -0.2828193669349326,
            -0.3562210639858105,
            -0.030928562386698156,
            -0.26323304904807,
            -0.00046863994647371177,
            -0.542499483537336,
            -0.5201991167864057,
            0.01482651212843647,
            -0.046562374202496315,
            0.019541154592149335,
            -0.43213594580861203,
            -0.5971371657784175,
            -0.09157101253397243,
            -0.015371350932974648,
            -0.10404421679844471,
            -0.5573333182752009,
            -0.5309849661572434,
            0.00931013974757322,
            0.08587431611471719,
            0.0021719818848000283
        ],
        [
            -0.3367327863223918,
            -0.3230246052806556,
            -0.037186798859575834,
            -0.20504392884401756,
            -0.013889932429766019,
            -0.5293944187105203,
            -0.4183441967158257,
            0.05808094166951827,
            -0.1138794774455748,
            0.07314671649614167,
            -0.5971371657784175,
            -0.43775960108298406,
            -0.07473440117657315,
            0.013234133270181858,
            -0.0879325260676512,
            -0.4495584581690456,
            -0.3677611161966512,
            0.04121048489173421,
            0.22115891341794475,
            0.025226794468534958
        ],
        [
            -0.018809342628844577,
            -0.03508236280890732,
            -0.05029782922712692,
            -0.03177919687734882,
            -0.0006467719773209791,
            -0.012583892723441015,
            -0.05470497536283908,
            0.3538151724398615,
            0.1352384226825844,
            -0.043483306003110636,
            -0.09157101253397243,
            -0.07473440117657315,
            1.387454901709781,
            -0.015121371036944598,
            -0.019630517261032054,
            -0.01889337424380133,
            -0.061537853376127306,
            0.29870208116378344,
            -0.18887627943102409,
            -0.031941640021239934
        ],
        [
            0.3312344284902059,
            0.19362127611975882,
            0.04194153557830849,
            0.12694840842628796,
            0.022573402304201837,
            0.07479293785437124,
            0.1335256529542635,
            0.12998643075751914,
            -0.6731293346643035,
            0.2610614741211613,
            -0.015371350932974648,
            0.013234133270181858,
            -0.015121371036944598,
            0.8746916791987598,
            0.037455383070273594,
            -0.03374025806101788,
            -0.0973945712256197,
            -0.20731436064063408,
            -0.6097189412407341,
            -0.14236893398446407
        ],
        [
            -0.05859091963095159,
            -0.061180742190885234,
            -0.00949763945979836,
            -0.054129878693710255,
            -0.04933192557624602,
            -0.023856213196403186,
            -0.0776945392806899,
            -0.042567314886903185,
            0.26357408742679134,
            0.30336046996885857,
            -0.10404421679844471,
            -0.0879325260676512,
            -0.019630517261032054,
            0.037455383070273594,
            1.3793660884312322,
            -0.017781161029335246,
            -0.06091647077692754,
            -0.030134497568269206,
            -0.1213619680359942,
            0.3205782926299453
        ],
        [
            -0.01734809961966169,
            -0.14392288252318408,
            -0.0053715001373909116,
            -0.07610643297571805,
            0.0029961048503870514,
            -0.2461666278122492,
            -0.3097139909093487,
            0.014502291758388693,
            -0.3062248106302966,
            0.04866740582579161,
            -0.5573333182752009,
            -0.4495584581690456,
            -0.01889337424380133,
            -0.03374025806101788,
            -0.017781161029335246,
            -0.24595476909552993,
            -0.4593791766724673,
            0.055022873503639595,
            0.26314701142721775,
            0.03695556408920654
        ],
        [
            -0.1472682995002731,
            -0.20468367683488836,
            -0.01806044401145556,
            -0.13009851381101306,
            -0.003375822771544344,
            -0.33951404824096443,
            -0.3124857947434787,
            0.033944892163466044,
            -0.18374067076156272,
            0.05635420691239809,
            -0.5309849661572434,
            -0.3677611161966512,
            -0.061537853376127306,
            -0.0973945712256197,
            -0.06091647077692754,
            -0.4593791766724673,
            -0.3125480164624985,
            0.046374450792187084,
            0.23126966684778424,
            0.03019082381302065
        ],
        [
            0.0060080611004233574,
            0.017962527154384973,
            -0.004622217243316402,
            0.011226901996032563,
            -0.00030508402858967735,
            0.028443568293105702,
            0.034117465824998416,
            -0.04885486948620782,
            0.03805432109443351,
            -0.008033345614130253,
            0.00931013974757322,
            0.04121048489173421,
            0.29870208116378344,
            -0.20731436064063408,
            -0.030134497568269206,
            0.055022873503639595,
            0.046374450792187084,
            1.4809093171944634,
            -0.05091302422062578,
            -0.007828751075066566
        ],
        [
            0.07378450828874164,
            0.12083400834235103,
            0.010535238885481536,
            0.1005633498019598,
            -0.0008312790205296269,
            0.2391279078647789,
            0.18113374524742037,
            -0.02539720138427072,
            0.15659650284670518,
            -0.04952095193611399,
            0.08587431611471719,
            0.22115891341794475,
            -0.18887627943102409,
            -0.6097189412407341,
            -0.1213619680359942,
            0.26314701142721775,
            0.23126966684778424,
            -0.05091302422062578,
            1.2429947472950365,
            -0.03353006411813111
        ],
        [
            -0.0010778319207728603,
            0.008237060316861212,
            -0.00010132334386524976,
            0.001274193777832546,
            -0.005794945007497582,
            0.008515662981280505,
            0.021020711655179828,
            -0.0015722973514490865,
            0.023561989429195292,
            -0.049507666599880276,
            0.0021719818848000283,
            0.025226794468534958,
            -0.031941640021239934,
            -0.14236893398446407,
            0.3205782926299453,
            0.03695556408920654,
            0.03019082381302065,
            -0.007828751075066566,
            -0.03353006411813111,
            1.486535713580325
        ]
    ]
}