{
    "HF": -2.172285686067749,
    "coordinates": [
        [
            0.653224,
            0.140449,
            -0.197917
        ],
        [
            1.46377,
            -0.07456,
            -0.165956
        ],
        [
            2.300009,
            0.120374,
            0.038844
        ],
        [
            2.954086,
            0.100309,
            0.04994
        ]
    ],
    "elements": [
        "H",
        "H",
        "H",
        "H"
    ],
    "Enn": 2.9343414693687517,
    "S": [
        [
            0.9999999999999999,
            0.6848602514927513,
            0.0,
            0.0,
            0.0,
            0.49230621503663075,
            0.5354014891057244,
            -0.019257862224389067,
            -0.4883884482503569,
            0.1295520696787856,
            0.08096189697005551,
            0.26052775820885754,
            -0.015314679044192939,
            -0.10652085322241109,
            0.0012985338878116462,
            0.009676710305506493,
            0.10583145593890814,
            -0.0012080690745149328,
            -0.011214531874938285,
            0.00019564463642757473
        ],
        [
            0.6848602514927513,
            1.0000000000000002,
            0.0,
            0.0,
            0.0,
            0.5354014891057244,
            0.8577804986573336,
            -0.0066876344926159355,
            -0.16960155775638697,
            0.04498925579997066,
            0.2605277582088576,
            0.5471427782832697,
            -0.022936804935606046,
            -0.15953635233793578,
            0.0019448150627945115,
            0.10583145593890814,
            0.3113168470828093,
            -0.009141359684601237,
            -0.08485944365755646,
            0.0014804269306087554
        ],
        [
            0.0,
            0.0,
            1.0000000000000004,
            0.0,
            0.0,
            0.019257862224389067,
            0.006687634492615935,
            0.39979210970881374,
            -0.026959862116743102,
            0.007151491702949393,
            0.015314679044192933,
            0.022936804935606018,
            0.02349819133436932,
            -0.02783664046855577,
            0.0003393403251828603,
            0.0012080690745149328,
            0.009141359684601226,
            0.0008026548006999693,
            -0.0014138717918608106,
            2.4665892054931122e-05
        ],
        [
            0.0,
            0.0,
            0.0,
            1.0000000000000004,
            0.0,
            0.48838844825035677,
            0.1696015577563871,
            -0.02695986211674316,
            -0.2828596138491438,
            0.18136519488935962,
            0.10652085322241107,
            0.1595363523379356,
            -0.027836640468555766,
            -0.1661167202897704,
            0.0023602728380360642,
            0.011214531874938281,
            0.08485944365755642,
            -0.00141387179186081,
            -0.012170040965711382,
            0.00022897402020234618
        ],
        [
            0.0,
            0.0,
            0.0,
            0.0,
            1.0000000000000004,
            -0.12955206967878558,
            -0.04498925579997065,
            0.007151491702949407,
            0.18136519488935954,
            0.3527454460588134,
            -0.0012985338878116464,
            -0.001944815062794511,
            0.00033934032518286093,
            0.002360272838036069,
            0.027471538405633728,
            -0.00019564463642757473,
            -0.001480426930608755,
            2.4665892054931122e-05,
            0.00022897402020234629,
            0.0009509674780984063
        ],
        [
            0.49230621503663075,
            0.5354014891057244,
            0.019257862224389067,
            0.48838844825035677,
            -0.1295520696787856,
            0.9999999999999999,
            0.6848602514927513,
            0.0,
            0.0,
            0.0,
            0.4591551088638761,
            0.5215525518961653,
            -0.1129767388239642,
            -0.46130642137408706,
            -0.10753421682573552,
            0.12049881487410348,
            0.3069251349867908,
            -0.022649844205964213,
            -0.15635039656897662,
            -0.01834566460913012
        ],
        [
            0.5354014891057244,
            0.8577804986573336,
            0.0066876344926159355,
            0.16960155775638713,
            -0.04498925579997066,
            0.6848602514927513,
            1.0000000000000002,
            0.0,
            0.0,
            0.0,
            0.5215525518961653,
            0.8438797527930968,
            -0.041670640264072474,
            -0.17014948507708877,
            -0.03966320600213234,
            0.30692513498679075,
            0.6061454717257804,
            -0.024925129141531818,
            -0.1720565400085744,
            -0.02018857416464654
        ],
        [
            -0.019257862224389067,
            -0.006687634492615935,
            0.39979210970881374,
            -0.026959862116743158,
            0.007151491702949406,
            0.0,
            0.0,
            1.0000000000000004,
            0.0,
            0.0,
            0.11297673882396417,
            0.04167064026407247,
            0.3240675250403469,
            -0.16169522886792634,
            -0.03769245125393618,
            0.02264984420596421,
            0.024925129141531818,
            0.04449957860808593,
            -0.04228896728644926,
            -0.004962054638354613
        ],
        [
            -0.48838844825035665,
            -0.16960155775638694,
            -0.026959862116743106,
            -0.28285961384914365,
            0.18136519488935954,
            0.0,
            0.0,
            0.0,
            1.0000000000000004,
            0.0,
            0.46130642137408706,
            0.17014948507708844,
            -0.16169522886792634,
            -0.29656600757067825,
            -0.15390575070381032,
            0.15635039656897656,
            0.17205654000857423,
            -0.04228896728644923,
            -0.24129217286486782,
            -0.03425273937643167
        ],
        [
            0.12955206967878558,
            0.044989255799970665,
            0.007151491702949395,
            0.18136519488935962,
            0.3527454460588134,
            0.0,
            0.0,
            0.0,
            0.0,
            1.0000000000000004,
            0.10753421682573554,
            0.03966320600213234,
            -0.037692451253936186,
            -0.15390575070381035,
            0.3277910051273253,
            0.018345664609130116,
            0.020188574164646533,
            -0.004962054638354613,
            -0.03425273937643169,
            0.046606699916089074
        ],
        [
            0.08096189697005551,
            0.26052775820885754,
            0.015314679044192939,
            0.10652085322241107,
            -0.0012985338878116462,
            0.4591551088638761,
            0.5215525518961653,
            0.1129767388239642,
            0.46130642137408706,
            0.10753421682573552,
            0.9999999999999999,
            0.6848602514927513,
            0.0,
            0.0,
            0.0,
            0.6402895841526347,
            0.5895973527059858,
            -0.009319030677315788,
            -0.5493298150979338,
            0.01685168984682238
        ],
        [
            0.2605277582088576,
            0.5471427782832697,
            0.022936804935606042,
            0.1595363523379357,
            -0.0019448150627945115,
            0.5215525518961653,
            0.8438797527930968,
            0.04167064026407247,
            0.17014948507708844,
            0.03966320600213234,
            0.6848602514927513,
            1.0000000000000002,
            0.0,
            0.0,
            0.0,
            0.5895973527059858,
            0.9109129346445676,
            -0.0025734679123500357,
            -0.15169846536645426,
            0.004653625960824035
        ],
        [
            -0.015314679044192933,
            -0.022936804935606025,
            0.02349819133436932,
            -0.027836640468555766,
            0.00033934032518286077,
            -0.11297673882396417,
            -0.04167064026407247,
            0.3240675250403469,
            -0.16169522886792634,
            -0.03769245125393618,
            0.0,
            0.0,
            1.0000000000000004,
            0.0,
            0.0,
            0.009319030677315775,
            0.0025734679123500352,
            0.5733016034188904,
            -0.010805614473546736,
            0.0003314818506257141
        ],
        [
            -0.10652085322241106,
            -0.1595363523379356,
            -0.02783664046855577,
            -0.16611672028977037,
            0.002360272838036068,
            -0.46130642137408706,
            -0.17014948507708877,
            -0.16169522886792634,
            -0.29656600757067825,
            -0.15390575070381032,
            0.0,
            0.0,
            0.0,
            1.0000000000000004,
            0.0,
            0.5493298150979338,
            0.15169846536645423,
            -0.010805614473546749,
            -0.06347470210797693,
            0.01953989315174074
        ],
        [
            0.0012985338878116462,
            0.001944815062794511,
            0.0003393403251828604,
            0.002360272838036065,
            0.027471538405633728,
            -0.10753421682573554,
            -0.03966320600213234,
            -0.037692451253936186,
            -0.15390575070381035,
            0.3277910051273253,
            0.0,
            0.0,
            0.0,
            0.0,
            1.0000000000000004,
            -0.01685168984682238,
            -0.004653625960824034,
            0.000331481850625715,
            0.019539893151740772,
            0.5728854920774257
        ],
        [
            0.009676710305506493,
            0.10583145593890814,
            0.0012080690745149328,
            0.011214531874938283,
            -0.00019564463642757473,
            0.12049881487410348,
            0.3069251349867908,
            0.022649844205964213,
            0.15635039656897662,
            0.01834566460913012,
            0.6402895841526347,
            0.5895973527059858,
            0.00931903067731579,
            0.5493298150979338,
            -0.01685168984682238,
            0.9999999999999999,
            0.6848602514927513,
            0.0,
            0.0,
            0.0
        ],
        [
            0.10583145593890814,
            0.3113168470828093,
            0.009141359684601237,
            0.08485944365755643,
            -0.0014804269306087554,
            0.30692513498679075,
            0.6061454717257804,
            0.024925129141531818,
            0.17205654000857423,
            0.02018857416464654,
            0.5895973527059858,
            0.9109129346445676,
            0.0025734679123500474,
            0.15169846536645426,
            -0.004653625960824035,
            0.6848602514927513,
            1.0000000000000002,
            0.0,
            0.0,
            0.0
        ],
        [
            -0.0012080690745149328,
            -0.00914135968460123,
            0.0008026548006999693,
            -0.0014138717918608106,
            2.4665892054931122e-05,
            -0.02264984420596421,
            -0.02492512914153182,
            0.04449957860808593,
            -0.04228896728644923,
            -0.004962054638354613,
            -0.009319030677315788,
            -0.0025734679123500352,
            0.5733016034188904,
            -0.010805614473546749,
            0.000331481850625715,
            0.0,
            0.0,
            1.0000000000000004,
            0.0,
            0.0
        ],
        [
            -0.01121453187493828,
            -0.08485944365755645,
            -0.00141387179186081,
            -0.012170040965711382,
            0.00022897402020234618,
            -0.15635039656897648,
            -0.1720565400085744,
            -0.04228896728644926,
            -0.24129217286486776,
            -0.03425273937643169,
            -0.5493298150979338,
            -0.15169846536645423,
            -0.010805614473546736,
            -0.06347470210797693,
            0.019539893151740772,
            0.0,
            0.0,
            0.0,
            1.0000000000000004,
            0.0
        ],
        [
            0.00019564463642757473,
            0.0014804269306087513,
            2.4665892054931122e-05,
            0.00022897402020234629,
            0.0009509674780984063,
            -0.018345664609130116,
            -0.02018857416464654,
            -0.004962054638354613,
            -0.03425273937643167,
            0.046606699916089074,
            0.01685168984682238,
            0.004653625960824034,
            0.0003314818506257141,
            0.01953989315174074,
            0.5728854920774257,
            0.0,
            0.0,
            0.0,
            0.0,
            1.0000000000000004
        ]
    ],
    "h": [
        [
            -0.219694284935118,
            -0.44693621771153447,
            -0.010721393629898593,
            -0.24157437960886058,
            0.06192222328767513,
            -0.5296086429899489,
            -0.43800549136893974,
            -0.0012100170109416442,
            0.045245571141253826,
            -0.016661561215320864,
            -0.17674251749736614,
            -0.2717674689297217,
            0.044109250060077196,
            0.24684823008730788,
            0.023198973565629312,
            -0.008501386743350797,
            -0.12781824475414155,
            0.00702619440563173,
            0.05535351080435333,
            0.00268060638527887
        ],
        [
            -0.44693621771153447,
            -0.30323433594506755,
            -0.01012302058664748,
            -0.2144592319730839,
            0.053529650006915216,
            -0.5001194219567813,
            -0.3568816868171494,
            -0.01062352743602824,
            0.11452811104944297,
            -0.06617742727390447,
            -0.28083270935209764,
            -0.284876271420498,
            0.03838417047795796,
            0.1441261365254,
            0.03272263996345782,
            -0.13248677291406535,
            -0.18761407544941983,
            0.008276775212953957,
            0.11529850167220392,
            0.0019247458363847118
        ],
        [
            -0.010721393629898593,
            -0.01012302058664748,
            1.5015517868822583,
            -0.010071087442400529,
            0.002204777342913212,
            -0.00561565031011288,
            -0.010423670143982197,
            0.30214206710625685,
            -0.037776715921595774,
            0.008019954751759678,
            -0.018439832072626054,
            -0.008179953579790525,
            -0.0332393526453164,
            0.021068777485781363,
            0.0017109064942196694,
            -0.005934048450804818,
            -0.007342498371971807,
            -0.0026651139680634577,
            0.007356724177342224,
            9.472845699975876e-06
        ],
        [
            -0.24157437960886058,
            -0.2144592319730839,
            -0.010071087442400529,
            1.2796094415618384,
            0.05622858804155363,
            -0.06683827098905815,
            -0.19757615515080929,
            -0.04359105814432869,
            -0.620899299056161,
            0.22894493891094514,
            -0.18358683641389656,
            -0.15120360887224932,
            0.0441915151518787,
            0.1935697604134229,
            0.023551227997901825,
            -0.05128492496877434,
            -0.0991415927411191,
            0.007620608003400125,
            0.06995795996056065,
            0.0008944864963982521
        ],
        [
            0.06192222328767513,
            0.053529650006915216,
            0.002204777342913212,
            0.05622858804155363,
            1.4871755702269223,
            0.011156904979148424,
            0.046591551215543696,
            0.010075795401989591,
            0.2417771734197508,
            0.24138265657080854,
            0.02122084392949168,
            0.03489902366796814,
            -0.006510305935060533,
            -0.03261251357552731,
            -0.041521879637681905,
            0.0018589872340148837,
            0.016646208106808953,
            -0.0006204594462996576,
            -0.0048363221268496875,
            -0.0036878668266872626
        ],
        [
            -0.5296086429899489,
            -0.5001194219567813,
            -0.00561565031011288,
            -0.06683827098905815,
            0.011156904979148424,
            -0.34882499316436477,
            -0.5546591936451637,
            -0.03050419866548399,
            0.06559052166050568,
            -0.09734008119791349,
            -0.4492342792582451,
            -0.4553219196687939,
            0.016819357532632556,
            0.04596178089648373,
            0.011717008377299637,
            -0.245044466259162,
            -0.3132681646771017,
            0.020619792391406648,
            0.23273739368117813,
            0.011721828477264815
        ],
        [
            -0.43800549136893974,
            -0.3568816868171494,
            -0.010423670143982197,
            -0.19757615515080929,
            0.046591551215543696,
            -0.5546591936451637,
            -0.42056537425663865,
            -0.031438653069263515,
            0.024391312143142177,
            -0.08681917273372863,
            -0.478026825753755,
            -0.391270864921879,
            0.04062099118309746,
            0.06594999350360314,
            0.04011637076067687,
            -0.32823666939613483,
            -0.3069538135743738,
            0.00827968325453271,
            0.19902795024686515,
            -0.0003086461493009354
        ],
        [
            -0.0012100170109416442,
            -0.01062352743602824,
            0.30214206710625685,
            -0.04359105814432869,
            0.010075795401989591,
            -0.03050419866548399,
            -0.031438653069263515,
            1.4246004021259586,
            -0.05727170670929242,
            -0.00783273055231138,
            -0.020674008763876456,
            -0.03950286025202232,
            0.19465732111669087,
            -0.2195939769496375,
            -0.046916410583556015,
            -0.0555227990609678,
            -0.04070964979457402,
            -0.042788591026709025,
            0.04641161905194381,
            0.0006781055609230164
        ],
        [
            0.045245571141253826,
            0.11452811104944297,
            -0.037776715921595774,
            -0.620899299056161,
            0.2417771734197508,
            0.06559052166050568,
            0.024391312143142177,
            -0.05727170670929242,
            0.999324886524042,
            0.014308174418230513,
            -0.09286862897936887,
            -0.10296545748052999,
            -0.21354500614978733,
            -0.723715010244998,
            -0.19389068187749098,
            -0.29861234704308903,
            -0.15865376562144837,
            0.01006993398756556,
            0.16541859827639427,
            0.0017315385922992976
        ],
        [
            -0.016661561215320864,
            -0.06617742727390447,
            0.008019954751759678,
            0.22894493891094514,
            0.24138265657080854,
            -0.09734008119791349,
            -0.08681917273372863,
            -0.00783273055231138,
            0.014308174418230513,
            1.4117840773266792,
            -0.02543681424516747,
            -0.06405250032396509,
            -0.0448027642824676,
            -0.18842184886868524,
            0.201596387300932,
            -0.044746268280669015,
            -0.04649154044002597,
            0.0027043824034474404,
            0.04390321101122591,
            -0.044405411132885694
        ],
        [
            -0.17674251749736614,
            -0.28083270935209764,
            -0.018439832072626054,
            -0.18358683641389656,
            0.02122084392949168,
            -0.4492342792582451,
            -0.478026825753755,
            -0.020674008763876456,
            -0.09286862897936887,
            -0.02543681424516747,
            -0.47281881506552637,
            -0.6013216860863627,
            0.03387210065351966,
            -0.17449181210371628,
            0.04942991202771588,
            -0.6460530109270106,
            -0.5637138704467077,
            0.006949221196719393,
            0.052424986059521395,
            0.006374495617329973
        ],
        [
            -0.2717674689297217,
            -0.284876271420498,
            -0.008179953579790525,
            -0.15120360887224932,
            0.03489902366796814,
            -0.4553219196687939,
            -0.391270864921879,
            -0.03950286025202232,
            -0.10296545748052999,
            -0.06405250032396509,
            -0.6013216860863627,
            -0.4219958088451823,
            0.03481071701560211,
            -0.07613507828783143,
            0.043547727971491146,
            -0.5009132921780641,
            -0.36685481047481683,
            0.009737334563802198,
            0.2613596211870486,
            -0.00117043281087303
        ],
        [
            0.044109250060077196,
            0.03838417047795796,
            -0.0332393526453164,
            0.0441915151518787,
            -0.006510305935060533,
            0.016819357532632556,
            0.04062099118309746,
            0.19465732111669087,
            -0.21354500614978733,
            -0.0448027642824676,
            0.03387210065351966,
            0.03481071701560211,
            1.3936164443240653,
            -0.052201287300163296,
            -0.009813077495811177,
            0.007701110244595934,
            0.018424691509940666,
            0.5584707873490655,
            -0.029921686080026242,
            -0.0006065266290381538
        ],
        [
            0.24684823008730788,
            0.1441261365254,
            0.021068777485781363,
            0.1935697604134229,
            -0.03261251357552731,
            0.04596178089648373,
            0.06594999350360314,
            -0.2195939769496375,
            -0.723715010244998,
            -0.18842184886868524,
            -0.17449181210371628,
            -0.07613507828783143,
            -0.052201287300163296,
            0.8807308788761881,
            -0.031010968011165173,
            0.009555226299245989,
            -0.14222878783568643,
            -0.020295250650800165,
            -0.43180402671509654,
            0.027192713039417536
        ],
        [
            0.023198973565629312,
            0.03272263996345782,
            0.0017109064942196694,
            0.023551227997901825,
            -0.041521879637681905,
            0.011717008377299637,
            0.04011637076067687,
            -0.046916410583556015,
            -0.19389068187749098,
            0.201596387300932,
            0.04942991202771588,
            0.043547727971491146,
            -0.009813077495811177,
            -0.031010968011165173,
            1.3949281076891364,
            0.011088887471954592,
            0.029547846399511923,
            -0.0011069725674492134,
            0.014455693507994402,
            0.5582886676175528
        ],
        [
            -0.008501386743350797,
            -0.13248677291406535,
            -0.005934048450804818,
            -0.05128492496877434,
            0.0018589872340148837,
            -0.245044466259162,
            -0.32823666939613483,
            -0.0555227990609678,
            -0.29861234704308903,
            -0.044746268280669015,
            -0.6460530109270106,
            -0.5009132921780641,
            0.007701110244595934,
            0.009555226299245989,
            0.011088887471954592,
            -0.34815522237768115,
            -0.4999341666714905,
            0.008278064783286382,
            0.34965838260220244,
            -0.006894452566273285
        ],
        [
            -0.12781824475414155,
            -0.18761407544941983,
            -0.007342498371971807,
            -0.0991415927411191,
            0.016646208106808953,
            -0.3132681646771017,
            -0.3069538135743738,
            -0.04070964979457402,
            -0.15865376562144837,
            -0.04649154044002597,
            -0.5637138704467077,
            -0.36685481047481683,
            0.018424691509940666,
            -0.14222878783568643,
            0.029547846399511923,
            -0.4999341666714905,
            -0.3181666123311233,
            0.008084203741781405,
            0.2707991480282045,
            -0.003383935367017878
        ],
        [
            0.00702619440563173,
            0.008276775212953957,
            -0.0026651139680634577,
            0.007620608003400125,
            -0.0006204594462996576,
            0.020619792391406648,
            0.00827968325453271,
            -0.042788591026709025,
            0.01006993398756556,
            0.0027043824034474404,
            0.006949221196719393,
            0.009737334563802198,
            0.5584707873490655,
            -0.020295250650800165,
            -0.0011069725674492134,
            0.008278064783286382,
            0.008084203741781405,
            1.4589655589002604,
            -0.008700250583754924,
            -0.0002932862618117717
        ],
        [
            0.05535351080435333,
            0.11529850167220392,
            0.007356724177342224,
            0.06995795996056065,
            -0.0048363221268496875,
            0.23273739368117813,
            0.19902795024686515,
            0.04641161905194381,
            0.16541859827639427,
            0.04390321101122591,
            0.052424986059521395,
            0.2613596211870486,
            -0.029921686080026242,
            -0.43180402671509654,
            0.014455693507994402,
            0.34965838260220244,
            0.2707991480282045,
            -0.008700250583754924,
            1.1253322698461674,
            0.006296712995402082
        ],
        [
            0.00268060638527887,
            0.0019247458363847118,
            9.472845699975876e-06,
            0.0008944864963982521,
            -0.0036878668266872626,
            0.011721828477264815,
            -0.0003086461493009354,
            0.0006781055609230164,
            0.0017315385922992976,
            -0.044405411132885694,
            0.006374495617329973,
            -0.00117043281087303,
            -0.0006065266290381538,
            0.027192713039417536,
            0.5582886676175528,
            -0.006894452566273285,
            -0.003383935367017878,
            -0.0002932862618117717,
            0.006296712995402082,
            1.4588778685362676
        ]
    ]
}