{
    "HF": -2.1792216417982093,
    "coordinates": [
        [
            0.657971,
            0.156127,
            0.044715
        ],
        [
            1.471458,
            0.013976,
            0.170169
        ],
        [
            2.275603,
            -0.084633,
            -0.175958
        ],
        [
            3.03652,
            -0.102785,
            0.134402
        ]
    ],
    "elements": [
        "H",
        "H",
        "H",
        "H"
    ],
    "Enn": 2.7567331635148395,
    "S": [
        [
            0.9999999999999999,
            0.6848602514927513,
            0.0,
            0.0,
            0.0,
            0.49531718440818984,
            0.5366242702088395,
            -0.07617725636512238,
            -0.4939596007197405,
            0.08631588605830436,
            0.08408155423174483,
            0.2646427319457026,
            0.014944595169955088,
            -0.1095505810586922,
            0.016304943210625616,
            0.007149087232961124,
            0.09288467099144246,
            -0.0003016201060386709,
            -0.007999132556537452,
            0.0008707289227500566
        ],
        [
            0.6848602514927513,
            1.0000000000000002,
            0.0,
            0.0,
            0.0,
            0.5366242702088395,
            0.859001243147094,
            -0.02631445789069915,
            -0.17063201975330547,
            0.029816717710242604,
            0.2646427319457026,
            0.5525282711418145,
            0.021739876982657835,
            -0.15936304252541444,
            0.023718772946145206,
            0.09288467099144249,
            0.28686168574793064,
            -0.002875346494142297,
            -0.07625578431986427,
            0.008300664661448931
        ],
        [
            0.0,
            0.0,
            1.0000000000000004,
            0.0,
            0.0,
            0.07617725636512239,
            0.026314457890699132,
            0.3877482175323513,
            -0.1071112780811555,
            0.018716925151249297,
            -0.014944595169955078,
            -0.021739876982657814,
            0.02546752933502426,
            0.027017635718726587,
            -0.00402116549106386,
            0.00030162010603867106,
            0.002875346494142295,
            0.0005742439664207273,
            -0.000324814611356521,
            3.535701835679634e-05
        ],
        [
            0.0,
            0.0,
            0.0,
            1.0000000000000004,
            0.0,
            0.4939596007197403,
            0.17063201975330525,
            -0.10711127808115557,
            -0.29027980532746134,
            0.12136699738959572,
            0.10955058105869211,
            0.1593630425254142,
            0.027017635718726587,
            -0.16889817723461845,
            0.02947694541534584,
            0.007999132556537456,
            0.07625578431986417,
            -0.0003248146113565212,
            -0.008027772084676414,
            0.000937687743547444
        ],
        [
            0.0,
            0.0,
            0.0,
            0.0,
            1.0000000000000004,
            -0.08631588605830431,
            -0.029816717710242552,
            0.018716925151249297,
            0.12136699738959565,
            0.3830586505625839,
            -0.016304943210625603,
            -0.023718772946145182,
            -0.004021165491063858,
            0.029476945415345835,
            0.02476600596553101,
            -0.0008707289227500572,
            -0.008300664661448924,
            3.5357018356796356e-05,
            0.0009376877435474438,
            0.0004844215742780288
        ],
        [
            0.49531718440818984,
            0.5366242702088395,
            0.07617725636512239,
            0.4939596007197403,
            -0.08631588605830436,
            0.9999999999999999,
            0.6848602514927513,
            0.0,
            0.0,
            0.0,
            0.46045802707845573,
            0.5221106781775503,
            0.1916249412912338,
            -0.4451956605946348,
            0.05459251614519315,
            0.10463993864979099,
            0.28965428824917105,
            0.0031599091867834236,
            -0.1382686216815959,
            0.010315490719322824
        ],
        [
            0.5366242702088395,
            0.859001243147094,
            0.026314457890699163,
            0.17063201975330547,
            -0.029816717710242604,
            0.6848602514927513,
            1.0000000000000002,
            0.0,
            0.0,
            0.0,
            0.5221106781775503,
            0.8444426615994255,
            0.07050690763243564,
            -0.1638062827750652,
            0.020086891963720956,
            0.28965428824917105,
            0.5846057830421707,
            0.0038811810827303677,
            -0.16982942454497585,
            0.012670075332028985
        ],
        [
            -0.07617725636512238,
            -0.026314457890699142,
            0.3877482175323513,
            -0.10711127808115554,
            0.0187169251512493,
            0.0,
            0.0,
            1.0000000000000004,
            0.0,
            0.0,
            -0.19162494129123372,
            -0.07050690763243556,
            0.25155349526958226,
            0.26383499763899876,
            -0.03235300260796751,
            -0.0031599091867834236,
            -0.0038811810827303673,
            0.04067135553333295,
            0.005930340641684404,
            -0.0004424313564981531
        ],
        [
            -0.4939596007197405,
            -0.17063201975330541,
            -0.10711127808115552,
            -0.29027980532746145,
            0.1213669973895957,
            0.0,
            0.0,
            0.0,
            1.0000000000000004,
            0.0,
            0.4451956605946348,
            0.16380628277506487,
            0.26383499763899887,
            -0.24784318863995788,
            0.07516462247147444,
            0.13826862168159584,
            0.169829424544976,
            0.0059303406416844,
            -0.21868792362790523,
            0.01935953542829178
        ],
        [
            0.08631588605830431,
            0.029816717710242576,
            0.018716925151249293,
            0.12136699738959568,
            0.3830586505625839,
            0.0,
            0.0,
            0.0,
            0.0,
            1.0000000000000004,
            -0.05459251614519314,
            -0.020086891963720946,
            -0.032353002607967515,
            0.07516462247147444,
            0.35589849271469987,
            -0.01031549071932282,
            -0.012670075332028985,
            -0.0004424313564981531,
            0.01935953542829179,
            0.039362571458062025
        ],
        [
            0.08408155423174483,
            0.2646427319457026,
            -0.014944595169955088,
            0.10955058105869223,
            -0.016304943210625616,
            0.46045802707845573,
            0.5221106781775503,
            -0.1916249412912338,
            0.4451956605946348,
            -0.05459251614519315,
            0.9999999999999999,
            0.6848602514927513,
            0.0,
            0.0,
            0.0,
            0.5056466073055534,
            0.5407767249812131,
            -0.19344467033992296,
            -0.474272903148096,
            0.011313982652436785
        ],
        [
            0.2646427319457026,
            0.5525282711418145,
            -0.021739876982657832,
            0.15936304252541436,
            -0.023718772946145206,
            0.5221106781775503,
            0.8444426615994255,
            -0.07050690763243564,
            0.1638062827750652,
            -0.02008689196372096,
            0.6848602514927513,
            1.0000000000000002,
            0.0,
            0.0,
            0.0,
            0.5407767249812131,
            0.8631389061453236,
            -0.06563714615214057,
            -0.16092415368813115,
            0.0038389144121460817
        ],
        [
            0.014944595169955078,
            0.021739876982657825,
            0.02546752933502426,
            0.02701763571872659,
            -0.00402116549106386,
            0.19162494129123372,
            0.07050690763243556,
            0.25155349526958226,
            0.26383499763899876,
            -0.03235300260796751,
            0.0,
            0.0,
            1.0000000000000004,
            0.0,
            0.0,
            0.19344467033992296,
            0.06563714615214061,
            0.31197791371021555,
            -0.25505801564797526,
            0.006084517890968462
        ],
        [
            -0.10955058105869214,
            -0.1593630425254142,
            0.02701763571872658,
            -0.16889817723461845,
            0.029476945415345835,
            -0.4451956605946348,
            -0.1638062827750652,
            0.26383499763899887,
            -0.24784318863995788,
            0.07516462247147444,
            0.0,
            0.0,
            0.0,
            1.0000000000000004,
            0.0,
            0.47427290314809595,
            0.16092415368813115,
            -0.25505801564797514,
            -0.20932177864576898,
            0.01491755735288712
        ],
        [
            0.016304943210625603,
            0.02371877294614518,
            -0.004021165491063858,
            0.02947694541534584,
            0.02476600596553101,
            0.05459251614519314,
            0.020086891963720935,
            -0.032353002607967515,
            0.07516462247147444,
            0.35589849271469987,
            0.0,
            0.0,
            0.0,
            0.0,
            1.0000000000000004,
            -0.011313982652436785,
            -0.0038389144121460817,
            0.006084517890968461,
            0.01491755735288712,
            0.415654165174483
        ],
        [
            0.007149087232961124,
            0.09288467099144246,
            0.0003016201060386708,
            0.00799913255653745,
            -0.0008707289227500566,
            0.10463993864979099,
            0.28965428824917105,
            -0.0031599091867834236,
            0.13826862168159584,
            -0.010315490719322824,
            0.5056466073055534,
            0.5407767249812131,
            0.19344467033992296,
            0.474272903148096,
            -0.011313982652436785,
            0.9999999999999999,
            0.6848602514927513,
            0.0,
            0.0,
            0.0
        ],
        [
            0.09288467099144249,
            0.28686168574793064,
            0.0028753464941422956,
            0.07625578431986424,
            -0.008300664661448931,
            0.28965428824917105,
            0.5846057830421707,
            -0.0038811810827303677,
            0.16982942454497602,
            -0.012670075332028985,
            0.5407767249812131,
            0.8631389061453236,
            0.06563714615214057,
            0.16092415368813115,
            -0.0038389144121460817,
            0.6848602514927513,
            1.0000000000000002,
            0.0,
            0.0,
            0.0
        ],
        [
            -0.000301620106038671,
            -0.0028753464941422935,
            0.0005742439664207273,
            -0.00032481461135652106,
            3.535701835679635e-05,
            0.0031599091867834236,
            0.0038811810827303673,
            0.04067135553333295,
            0.0059303406416844,
            -0.0004424313564981531,
            -0.19344467033992296,
            -0.06563714615214061,
            0.31197791371021555,
            -0.25505801564797526,
            0.006084517890968462,
            0.0,
            0.0,
            1.0000000000000004,
            0.0,
            0.0
        ],
        [
            -0.007999132556537456,
            -0.07625578431986416,
            -0.00032481461135652116,
            -0.008027772084676414,
            0.000937687743547444,
            -0.1382686216815959,
            -0.16982942454497618,
            0.005930340641684404,
            -0.21868792362790523,
            0.01935953542829179,
            -0.47427290314809595,
            -0.16092415368813115,
            -0.25505801564797514,
            -0.20932177864576898,
            0.01491755735288712,
            0.0,
            0.0,
            0.0,
            1.0000000000000004,
            0.0
        ],
        [
            0.0008707289227500572,
            0.008300664661448924,
            3.535701835679635e-05,
            0.0009376877435474438,
            0.0004844215742780288,
            0.01031549071932282,
            0.012670075332028984,
            -0.0004424313564981531,
            0.01935953542829178,
            0.039362571458062025,
            0.011313982652436785,
            0.0038389144121460817,
            0.006084517890968461,
            0.01491755735288712,
            0.415654165174483,
            0.0,
            0.0,
            0.0,
            0.0,
            1.0000000000000004
        ]
    ],
    "h": [
        [
            -0.22543969001782327,
            -0.4497282637717426,
            -0.03363620454880096,
            -0.24541027703840074,
            0.0429945763151674,
            -0.5333718387462056,
            -0.43973423620979357,
            0.01952261295759483,
            0.045163801132896975,
            -0.007255972519794207,
            -0.1862824097396395,
            -0.27547849868810614,
            -0.05425125708111593,
            0.24611329087665113,
            -0.03153664988161037,
            0.00036487384918335725,
            -0.11328534988376544,
            0.0003752788437441836,
            0.04496850984466043,
            -0.004106916525403806
        ],
        [
            -0.4497282637717426,
            -0.306732104183292,
            -0.02788456265045898,
            -0.2182097184201717,
            0.0380686043894607,
            -0.5050067877307232,
            -0.36043851497738955,
            0.06301268711552924,
            0.11643925438198227,
            -0.023677825991380373,
            -0.28225779574309956,
            -0.2886598789255622,
            -0.07060188167290685,
            0.15002808735351636,
            -0.021271913401267682,
            -0.11231475795453234,
            -0.17748693006332544,
            0.0200647122876728,
            0.09717445472572497,
            -0.005380264745842918
        ],
        [
            -0.03363620454880096,
            -0.02788456265045898,
            1.4903746537096239,
            -0.03102917705662506,
            0.0054763131415195175,
            -0.001237116183460868,
            -0.022581613571780214,
            0.28400008308253016,
            -0.1416684985054873,
            0.02495338093154071,
            0.0024150448896079722,
            -0.01687577617501522,
            -0.03979683089401559,
            0.00249822118508361,
            -6.973452571630741e-05,
            0.0014389171810077527,
            -0.005931679880443519,
            -0.002409108086847172,
            0.0016373658901361176,
            -0.00019718359303733351
        ],
        [
            -0.24541027703840074,
            -0.2182097184201717,
            -0.03102917705662506,
            1.2665106953368346,
            0.03990335514203759,
            -0.07218318219759023,
            -0.20346514064047405,
            -0.12285270625924802,
            -0.6338208381503142,
            0.16283860641901568,
            -0.1904274059973613,
            -0.15757380809660285,
            -0.062448016154482554,
            0.1882020387644649,
            -0.031012626575458828,
            -0.04324003164404347,
            -0.09713322824430173,
            0.004942242484125852,
            0.05639000162335682,
            -0.00505634971453217
        ],
        [
            0.0429945763151674,
            0.0380686043894607,
            0.0054763131415195175,
            0.03990335514203759,
            1.4889572922637189,
            0.012148793513295869,
            0.03514603685149865,
            0.021783062117023792,
            0.1637152392917362,
            0.27849777951142635,
            0.030267987747800512,
            0.02699401564569605,
            0.010187878913943956,
            -0.03697522193496799,
            -0.033303958108753404,
            0.005623647731716039,
            0.015195250809161953,
            -0.0006595537149509949,
            -0.007635912216996461,
            -0.0014637506231977675
        ],
        [
            -0.5333718387462056,
            -0.5050067877307232,
            -0.001237116183460868,
            -0.07218318219759023,
            0.012148793513295869,
            -0.36142219490882943,
            -0.5624478269412156,
            0.10559826533966335,
            0.06813769734472715,
            -0.020140616390573594,
            -0.4533325132355521,
            -0.464126743189057,
            -0.04010927360415295,
            0.05900260609490238,
            -0.01163381190281687,
            -0.2131055838706092,
            -0.3002975850587235,
            0.031046576844477945,
            0.20342490706132185,
            -0.011096276814538645
        ],
        [
            -0.43973423620979357,
            -0.36043851497738955,
            -0.022581613571780214,
            -0.20346514064047405,
            0.03514603685149865,
            -0.5624478269412156,
            -0.4281873605057793,
            0.09489342858677619,
            0.026146017973396288,
            -0.013720778503464068,
            -0.46772926622044086,
            -0.3990738217085201,
            -0.10865990383293901,
            0.0863109989358663,
            -0.020756767234686918,
            -0.2950662942196325,
            -0.30120135910997736,
            0.0531398536470482,
            0.1625538636861893,
            -0.005318171348701148
        ],
        [
            0.01952261295759483,
            0.06301268711552924,
            0.28400008308253016,
            -0.12285270625924802,
            0.021783062117023792,
            0.10559826533966335,
            0.09489342858677619,
            1.3943262399060705,
            0.03731056930492491,
            -0.0027704714711711243,
            0.02622449136852445,
            0.0803484712185674,
            0.10825131117385639,
            0.3304335869905728,
            -0.03945183540495618,
            0.04858053546906496,
            0.06362855387052145,
            -0.054584074411043515,
            -0.05116132177826227,
            0.0021717854213023436
        ],
        [
            0.045163801132896975,
            0.11643925438198227,
            -0.1416684985054873,
            -0.6338208381503142,
            0.1637152392917362,
            0.06813769734472715,
            0.026146017973396288,
            0.03731056930492491,
            0.9985513329683278,
            0.06328247046657862,
            -0.07744883326439234,
            -0.09877532527766542,
            0.3121213869387047,
            -0.6485005866755863,
            0.10314251570178096,
            -0.2644327360755166,
            -0.15605986319139892,
            0.048764620494828964,
            0.15558468519833302,
            -0.008194531128114586
        ],
        [
            -0.007255972519794207,
            -0.023677825991380373,
            0.02495338093154071,
            0.16283860641901568,
            0.27849777951142635,
            -0.020140616390573594,
            -0.013720778503464068,
            -0.0027704714711711243,
            0.06328247046657862,
            1.419936304256132,
            0.005438104177373365,
            0.005505584764066346,
            -0.039577825494646036,
            0.11115127242589629,
            0.2311992921006757,
            0.02707741520460771,
            0.016095012690322746,
            -0.0052570789506681355,
            -0.02002403222966799,
            -0.04111359834902403
        ],
        [
            -0.1862824097396395,
            -0.28225779574309956,
            0.0024150448896079722,
            -0.1904274059973613,
            0.030267987747800512,
            -0.4533325132355521,
            -0.46772926622044086,
            0.02622449136852445,
            -0.07744883326439234,
            0.005438104177373365,
            -0.37157029938166564,
            -0.5634680893298707,
            -0.16179457013021342,
            -0.07022822563397133,
            -0.01346696302372187,
            -0.5497439452708283,
            -0.5145535325503525,
            0.016331566439694023,
            0.08020727533824412,
            -0.0034798623340600264
        ],
        [
            -0.27547849868810614,
            -0.2886598789255622,
            -0.01687577617501522,
            -0.15757380809660285,
            0.02699401564569605,
            -0.464126743189057,
            -0.3990738217085201,
            0.0803484712185674,
            -0.09877532527766542,
            0.005505584764066346,
            -0.5634680893298707,
            -0.4231308742552511,
            -0.14185297351437326,
            -0.0281655325527988,
            -0.01499987331036372,
            -0.4510916588271895,
            -0.36720012349807507,
            0.06945669907411141,
            0.20674830531950472,
            -0.006361685028503171
        ],
        [
            -0.05425125708111593,
            -0.07060188167290685,
            -0.03979683089401559,
            -0.062448016154482554,
            0.010187878913943956,
            -0.04010927360415295,
            -0.10865990383293901,
            0.10825131117385639,
            0.3121213869387047,
            -0.039577825494646036,
            -0.16179457013021342,
            -0.14185297351437326,
            1.3591284556508978,
            -0.012451910226659342,
            -0.006675488822273045,
            -0.03329231821120798,
            -0.11044485734442157,
            0.18254506480817245,
            -0.3128875406624606,
            0.006511957910125963
        ],
        [
            0.24611329087665113,
            0.15002808735351636,
            0.00249822118508361,
            0.1882020387644649,
            -0.03697522193496799,
            0.05900260609490238,
            0.0863109989358663,
            0.3304335869905728,
            -0.6485005866755863,
            0.11115127242589629,
            -0.07022822563397133,
            -0.0281655325527988,
            -0.012451910226659342,
            1.0202046458750957,
            0.029003310658590256,
            -0.03617165731552463,
            -0.10534971212065358,
            -0.34192340091504936,
            -0.5394543890204077,
            0.0217373900404011
        ],
        [
            -0.03153664988161037,
            -0.021271913401267682,
            -6.973452571630741e-05,
            -0.031012626575458828,
            -0.033303958108753404,
            -0.01163381190281687,
            -0.020756767234686918,
            -0.03945183540495618,
            0.10314251570178096,
            0.2311992921006757,
            -0.01346696302372187,
            -0.01499987331036372,
            -0.006675488822273045,
            0.029003310658590256,
            1.4202882007437656,
            -9.691994999312843e-05,
            -0.004850384897446885,
            0.008324532133817352,
            0.024531628095662235,
            0.3181856448458062
        ],
        [
            0.00036487384918335725,
            -0.11231475795453234,
            0.0014389171810077527,
            -0.04324003164404347,
            0.005623647731716039,
            -0.2131055838706092,
            -0.2950662942196325,
            0.04858053546906496,
            -0.2644327360755166,
            0.02707741520460771,
            -0.5497439452708283,
            -0.4510916588271895,
            -0.03329231821120798,
            -0.03617165731552463,
            -9.691994999312843e-05,
            -0.24087973755055803,
            -0.4576949713060252,
            0.09311292790138694,
            0.24409167241580584,
            -0.006146398868592256
        ],
        [
            -0.11328534988376544,
            -0.17748693006332544,
            -0.005931679880443519,
            -0.09713322824430173,
            0.015195250809161953,
            -0.3002975850587235,
            -0.30120135910997736,
            0.06362855387052145,
            -0.15605986319139892,
            0.016095012690322746,
            -0.5145535325503525,
            -0.36720012349807507,
            -0.11044485734442157,
            -0.10534971212065358,
            -0.004850384897446885,
            -0.4576949713060252,
            -0.31440821004103836,
            0.07891947075049624,
            0.21685315324625667,
            -0.005905239626217996
        ],
        [
            0.0003752788437441836,
            0.0200647122876728,
            -0.002409108086847172,
            0.004942242484125852,
            -0.0006595537149509949,
            0.031046576844477945,
            0.0531398536470482,
            -0.054584074411043515,
            0.048764620494828964,
            -0.0052570789506681355,
            0.016331566439694023,
            0.06945669907411141,
            0.18254506480817245,
            -0.34192340091504936,
            0.008324532133817352,
            0.09311292790138694,
            0.07891947075049624,
            1.4494936241595104,
            -0.08173300452592752,
            0.0018840015584970665
        ],
        [
            0.04496850984466043,
            0.09717445472572497,
            0.0016373658901361176,
            0.05639000162335682,
            -0.007635912216996461,
            0.20342490706132185,
            0.1625538636861893,
            -0.05116132177826227,
            0.15558468519833302,
            -0.02002403222966799,
            0.08020727533824412,
            0.20674830531950472,
            -0.3128875406624606,
            -0.5394543890204077,
            0.024531628095662235,
            0.24409167241580584,
            0.21685315324625667,
            -0.08173300452592752,
            1.2625419354813743,
            0.0060590774711589
        ],
        [
            -0.004106916525403806,
            -0.005380264745842918,
            -0.00019718359303733351,
            -0.00505634971453217,
            -0.0014637506231977675,
            -0.011096276814538645,
            -0.005318171348701148,
            0.0021717854213023436,
            -0.008194531128114586,
            -0.04111359834902403,
            -0.0034798623340600264,
            -0.006361685028503171,
            0.006511957910125963,
            0.0217373900404011,
            0.3181856448458062,
            -0.006146398868592256,
            -0.005905239626217996,
            0.0018840015584970665,
            0.0060590774711589,
            1.4829708396992323
        ]
    ]
}