{
    "HF": -2.162680090117627,
    "coordinates": [
        [
            0.747249,
            0.109137,
            -0.071294
        ],
        [
            1.490429,
            0.079877,
            0.068205
        ],
        [
            2.274807,
            0.176265,
            0.184917
        ],
        [
            2.979797,
            -0.104183,
            0.153536
        ]
    ],
    "elements": [
        "H",
        "H",
        "H",
        "H"
    ],
    "Enn": 2.9867408014801295,
    "S": [
        [
            0.9999999999999999,
            0.6848602514927513,
            0.0,
            0.0,
            0.0,
            0.557266993796108,
            0.5605995232093217,
            -0.09833168891721031,
            -0.5238614224438335,
            0.020625131489957448,
            0.11017307547553865,
            0.2958546693414036,
            -0.024100398907977168,
            -0.14368921379281832,
            -0.0063143720523111445,
            0.012101638869520039,
            0.11651431387754305,
            -0.001440763326306485,
            -0.014306690755766096,
            0.0013670045490712958
        ],
        [
            0.6848602514927513,
            1.0000000000000002,
            0.0,
            0.0,
            0.0,
            0.5605995232093217,
            0.8827269085545577,
            -0.030658119309825177,
            -0.16333092788246423,
            0.006430559151000981,
            0.2958546693414036,
            0.5923932783783271,
            -0.028439471281549014,
            -0.16955923778409387,
            -0.007451221173906742,
            0.11651431387754305,
            0.3306574741097541,
            -0.009193745724739235,
            -0.09129332664802349,
            0.008723078939649393
        ],
        [
            0.0,
            0.0,
            1.0000000000000004,
            0.0,
            0.0,
            0.09833168891721031,
            0.0306581193098252,
            0.4515061400303088,
            -0.1279898934033552,
            0.005039134908073648,
            0.024100398907977175,
            0.028439471281548997,
            0.03662998992836755,
            -0.04486499415636318,
            -0.0019715764165605157,
            0.001440763326306485,
            0.009193745724739235,
            0.001188150209936361,
            -0.001782193610788372,
            0.00017028863032435382
        ],
        [
            0.0,
            0.0,
            0.0,
            1.0000000000000004,
            0.0,
            0.5238614224438337,
            0.16333092788246423,
            -0.1279898934033551,
            -0.2063347591834639,
            0.026845957899211976,
            0.1436892137928184,
            0.1695592377840937,
            -0.044864994156363205,
            -0.22333499111316704,
            -0.01175475419762754,
            0.014306690755766094,
            0.09129332664802353,
            -0.001782193610788372,
            -0.01632944535363835,
            0.0016909555711131768
        ],
        [
            0.0,
            0.0,
            0.0,
            0.0,
            1.0000000000000004,
            -0.020625131489957448,
            -0.006430559151000981,
            0.005039134908073645,
            0.026845957899211986,
            0.47447358992366406,
            0.006314372052311146,
            0.00745122117390674,
            -0.0019715764165605157,
            -0.011754754197627533,
            0.043638451720337236,
            -0.0013670045490712956,
            -0.008723078939649399,
            0.00017028863032435385,
            0.0016909555711131772,
            0.0012060561842238957
        ],
        [
            0.557266993796108,
            0.5605995232093217,
            0.09833168891721031,
            0.5238614224438337,
            -0.020625131489957448,
            0.9999999999999999,
            0.6848602514927513,
            0.0,
            0.0,
            0.0,
            0.5237677705103516,
            0.5479073169825759,
            -0.07606196440842092,
            -0.5111842100105248,
            -0.06281668230686542,
            0.12455609784604788,
            0.31111224067728704,
            -0.009321000072322094,
            -0.16268881456579926,
            0.020105509994159273
        ],
        [
            0.5605995232093217,
            0.8827269085545577,
            0.030658119309825177,
            0.16333092788246423,
            -0.006430559151000981,
            0.6848602514927513,
            1.0000000000000002,
            0.0,
            0.0,
            0.0,
            0.5479073169825759,
            0.8702160085311681,
            -0.025030699788807738,
            -0.1682220357713465,
            -0.020671902557094363,
            0.31111224067728704,
            0.6112977165449779,
            -0.009995281467265457,
            -0.17445772776995763,
            0.021559943125767676
        ],
        [
            -0.09833168891721031,
            -0.0306581193098252,
            0.4515061400303088,
            -0.12798989340335518,
            0.005039134908073648,
            0.0,
            0.0,
            1.0000000000000004,
            0.0,
            0.0,
            0.0760619644084209,
            0.02503069978880773,
            0.42130839275568815,
            -0.10380296789057719,
            -0.01275578926109217,
            0.009321000072322094,
            0.00999528146726547,
            0.05223822726835576,
            -0.017567815912878388,
            0.0021710767230962357
        ],
        [
            -0.5238614224438335,
            -0.16333092788246423,
            -0.12798989340335515,
            -0.2063347591834639,
            0.026845957899211986,
            0.0,
            0.0,
            0.0,
            1.0000000000000004,
            0.0,
            0.5111842100105248,
            0.1682220357713468,
            -0.10380296789057723,
            -0.2608673718898421,
            -0.08572692155936801,
            0.1626888145657992,
            0.17445772776995724,
            -0.01756781591287837,
            -0.2533840607263078,
            0.03789399159654045
        ],
        [
            0.020625131489957448,
            0.006430559151000981,
            0.005039134908073645,
            0.026845957899211976,
            0.47447358992366406,
            0.0,
            0.0,
            0.0,
            0.0,
            1.0000000000000004,
            0.06281668230686542,
            0.02067190255709438,
            -0.012755789261092174,
            -0.08572692155936801,
            0.4262192972853672,
            -0.020105509994159266,
            -0.02155994312576767,
            0.0021710767230962344,
            0.037893991596540465,
            0.0485617089105037
        ],
        [
            0.11017307547553865,
            0.2958546693414036,
            0.024100398907977168,
            0.14368921379281835,
            0.0063143720523111445,
            0.5237677705103516,
            0.5479073169825759,
            0.07606196440842092,
            0.5111842100105248,
            0.06281668230686542,
            0.9999999999999999,
            0.6848602514927513,
            0.0,
            0.0,
            0.0,
            0.5551450129949791,
            0.5598136124317572,
            0.02201373293160671,
            -0.4945496185415831,
            0.1967339273191817
        ],
        [
            0.2958546693414036,
            0.5923932783783271,
            0.028439471281549014,
            0.16955923778409376,
            0.007451221173906742,
            0.5479073169825759,
            0.8702160085311681,
            0.025030699788807738,
            0.16822203577134684,
            0.020671902557094383,
            0.6848602514927513,
            1.0000000000000002,
            0.0,
            0.0,
            0.0,
            0.5598136124317572,
            0.8819553762862679,
            0.006886377515513817,
            -0.15470594578445832,
            0.06154267873779724
        ],
        [
            -0.024100398907977175,
            -0.028439471281549,
            0.03662998992836755,
            -0.044864994156363185,
            -0.0019715764165605157,
            -0.07606196440842092,
            -0.02503069978880773,
            0.42130839275568815,
            -0.10380296789057723,
            -0.012755789261092174,
            0.0,
            0.0,
            1.0000000000000004,
            0.0,
            0.0,
            -0.02201373293160671,
            -0.0068863775155138165,
            0.4718497398674923,
            0.02717048226168449,
            -0.010808532616526326
        ],
        [
            -0.14368921379281838,
            -0.16955923778409362,
            -0.0448649941563632,
            -0.2233349911131671,
            -0.011754754197627539,
            -0.5111842100105248,
            -0.16822203577134714,
            -0.10380296789057719,
            -0.2608673718898421,
            -0.08572692155936801,
            0.0,
            0.0,
            0.0,
            1.0000000000000004,
            0.0,
            0.494549618541583,
            0.1547059457844583,
            0.02717048226168447,
            -0.13733942329115,
            0.24281913926659127
        ],
        [
            -0.006314372052311146,
            -0.00745122117390674,
            -0.0019715764165605157,
            -0.011754754197627535,
            0.043638451720337236,
            -0.06281668230686542,
            -0.0206719025570944,
            -0.01275578926109217,
            -0.08572692155936801,
            0.4262192972853672,
            0.0,
            0.0,
            0.0,
            0.0,
            1.0000000000000004,
            -0.1967339273191817,
            -0.06154267873779726,
            -0.010808532616526305,
            0.24281913926659093,
            0.3764646917601674
        ],
        [
            0.012101638869520039,
            0.11651431387754305,
            0.001440763326306485,
            0.014306690755766094,
            -0.0013670045490712958,
            0.12455609784604788,
            0.31111224067728704,
            0.009321000072322094,
            0.16268881456579926,
            -0.020105509994159273,
            0.5551450129949791,
            0.5598136124317572,
            -0.02201373293160671,
            0.49454961854158375,
            -0.1967339273191817,
            0.9999999999999999,
            0.6848602514927513,
            0.0,
            0.0,
            0.0
        ],
        [
            0.11651431387754305,
            0.3306574741097541,
            0.009193745724739235,
            0.09129332664802353,
            -0.008723078939649393,
            0.31111224067728704,
            0.6112977165449779,
            0.00999528146726547,
            0.17445772776995744,
            -0.021559943125767676,
            0.5598136124317572,
            0.8819553762862679,
            -0.006886377515513817,
            0.15470594578445832,
            -0.06154267873779722,
            0.6848602514927513,
            1.0000000000000002,
            0.0,
            0.0,
            0.0
        ],
        [
            -0.001440763326306485,
            -0.009193745724739235,
            0.001188150209936361,
            -0.001782193610788372,
            0.00017028863032435382,
            -0.009321000072322094,
            -0.009995281467265457,
            0.05223822726835576,
            -0.01756781591287837,
            0.002171076723096235,
            0.02201373293160671,
            0.0068863775155138165,
            0.4718497398674923,
            0.027170482261684475,
            -0.010808532616526307,
            0.0,
            0.0,
            1.0000000000000004,
            0.0,
            0.0
        ],
        [
            -0.014306690755766096,
            -0.09129332664802349,
            -0.001782193610788372,
            -0.01632944535363835,
            0.0016909555711131768,
            -0.16268881456579926,
            -0.17445772776995724,
            -0.01756781591287839,
            -0.25338406072630776,
            0.03789399159654048,
            -0.494549618541583,
            -0.1547059457844583,
            0.027170482261684486,
            -0.13733942329115,
            0.24281913926659093,
            0.0,
            0.0,
            0.0,
            1.0000000000000004,
            0.0
        ],
        [
            0.0013670045490712956,
            0.008723078939649393,
            0.00017028863032435385,
            0.0016909555711131772,
            0.0012060561842238957,
            0.020105509994159266,
            0.021559943125767676,
            0.0021710767230962353,
            0.037893991596540444,
            0.0485617089105037,
            0.1967339273191817,
            0.06154267873779726,
            -0.010808532616526324,
            0.24281913926659127,
            0.3764646917601674,
            0.0,
            0.0,
            0.0,
            0.0,
            1.0000000000000004
        ]
    ],
    "h": [
        [
            -0.27105954098842155,
            -0.46875788356579595,
            -0.054668438615078724,
            -0.28867139407411113,
            0.008967950602561517,
            -0.5809089035599819,
            -0.4624356759851447,
            0.002115726992003214,
            0.0192515201429021,
            -0.009067488223204662,
            -0.23304218907906557,
            -0.30682964148958186,
            0.043885716381618096,
            0.3022796113407842,
            0.01594039521609602,
            -0.012354528681708464,
            -0.1384188742446345,
            0.004940566249193943,
            0.06525203742515731,
            -0.007811421909446602
        ],
        [
            -0.46875788356579595,
            -0.3107425088416824,
            -0.04581161913004857,
            -0.24296848678846739,
            0.006711284556755702,
            -0.538952296147023,
            -0.3648227334933263,
            0.024359479619274996,
            0.11313891704439688,
            -0.021386132104091515,
            -0.32258124986502157,
            -0.3051687566769392,
            0.033030981428749134,
            0.18033134039275645,
            0.03331803190165679,
            -0.13744555093067984,
            -0.1961913921227098,
            0.0011426933138385473,
            0.11447393376210208,
            -0.030327335273403873
        ],
        [
            -0.054668438615078724,
            -0.04581161913004857,
            1.4759894877864912,
            -0.051890829611098865,
            0.0016581619935614133,
            -0.01252437431205114,
            -0.0432707303736028,
            0.3753740119735621,
            -0.18590013224576588,
            0.005615642606745722,
            -0.040785870982702366,
            -0.03403499066466546,
            -0.03811015347026303,
            0.044320306561785816,
            0.004246328626917241,
            -0.008632359098710778,
            -0.01978397783924434,
            -0.003825615075664283,
            0.011744134852529665,
            -0.0018582448027513604
        ],
        [
            -0.28867139407411113,
            -0.24296848678846739,
            -0.051890829611098865,
            1.2088810302200574,
            0.00878827369349349,
            -0.06816929125736704,
            -0.2317932264746112,
            -0.1854273011513375,
            -0.5864202067814054,
            0.029558600045700878,
            -0.23270871463734,
            -0.18409060748342054,
            0.038057871110907485,
            0.19621564825037785,
            0.0240779593935517,
            -0.06425865449968801,
            -0.11688963128171515,
            0.006180753325402125,
            0.0859950857480262,
            -0.013533463774523486
        ],
        [
            0.008967950602561517,
            0.006711284556755702,
            0.0016581619935614133,
            0.00878827369349349,
            1.485245068772164,
            -0.0020091241795789916,
            0.005305297201216148,
            0.007221792186715785,
            0.03815344283688424,
            0.4083785106803568,
            -0.0008803016902952585,
            0.004512279838346183,
            -0.0003370514570019633,
            -0.002437182997701199,
            -0.045187349689865236,
            0.0021698621521735353,
            0.0029094515695562567,
            -0.0004998056644714374,
            -0.005291587664253415,
            -0.004047066608112779
        ],
        [
            -0.5809089035599819,
            -0.538952296147023,
            -0.01252437431205114,
            -0.06816929125736704,
            -0.0020091241795789916,
            -0.44051048757734557,
            -0.598781716865272,
            0.019269001657124803,
            0.05932500745028303,
            -0.036644730681175776,
            -0.5089553643859792,
            -0.5037240661055702,
            0.017168305486903457,
            0.055004126211894544,
            0.023171316985732104,
            -0.24958517736492777,
            -0.33390935784219555,
            0.003204456986623718,
            0.23500940634070727,
            -0.057106173645793505
        ],
        [
            -0.4624356759851447,
            -0.3648227334933263,
            -0.0432707303736028,
            -0.2317932264746112,
            0.005305297201216148,
            -0.598781716865272,
            -0.43456927141379675,
            0.011225436290062944,
            0.010313980887309324,
            -0.02865680082252559,
            -0.5046735103179314,
            -0.40761233253725937,
            0.03871434829612555,
            0.11688492349880059,
            0.06683833043815238,
            -0.3175763564889693,
            -0.31234953617905314,
            -0.004670755631895082,
            0.1818168456147169,
            -0.06295854555277702
        ],
        [
            0.002115726992003214,
            0.024359479619274996,
            0.3753740119735621,
            -0.1854273011513375,
            0.007221792186715785,
            0.019269001657124803,
            0.011225436290062944,
            1.3941809153062557,
            -0.08902694642010209,
            -0.0017028968135544805,
            -0.0022478844645954232,
            -0.009843584611327269,
            0.31896595052423915,
            -0.16310200586780263,
            -0.01440337954376443,
            -0.0339347793036911,
            -0.021911626960501383,
            -0.04613810941612398,
            0.02552057158196784,
            -0.008628191167675377
        ],
        [
            0.0192515201429021,
            0.11313891704439688,
            -0.18590013224576588,
            -0.5864202067814054,
            0.03815344283688424,
            0.05932500745028303,
            0.010313980887309324,
            -0.08902694642010209,
            0.8567377933673685,
            -0.012897218448216822,
            -0.06679797995030357,
            -0.12195421327149325,
            -0.14732625490218268,
            -0.7601780168819292,
            -0.08459191950280792,
            -0.3115866061029301,
            -0.18347659158456256,
            -0.00572339547617217,
            0.15790689620786053,
            -0.07121194868353015
        ],
        [
            -0.009067488223204662,
            -0.021386132104091515,
            0.005615642606745722,
            0.029558600045700878,
            0.4083785106803568,
            -0.036644730681175776,
            -0.02865680082252559,
            -0.0017028968135544805,
            -0.012897218448216822,
            1.404889023896635,
            0.0024913673009761966,
            -0.02145860456271194,
            -0.016829469384568443,
            -0.10986361023312471,
            0.3263350479210114,
            0.0005551266571886398,
            -0.016184790632753625,
            0.00021467873184442213,
            0.01319746467538653,
            -0.048646046443234586
        ],
        [
            -0.23304218907906557,
            -0.32258124986502157,
            -0.040785870982702366,
            -0.23270871463734,
            -0.0008803016902952585,
            -0.5089553643859792,
            -0.5046735103179314,
            -0.0022478844645954232,
            -0.06679797995030357,
            0.0024913673009761966,
            -0.4401992799197658,
            -0.5959786237686981,
            0.0419317648169545,
            -0.04918817366669184,
            0.1273238017340556,
            -0.5863045640687006,
            -0.5416203808360309,
            0.0009608812563309671,
            0.07624238252382098,
            -0.01775793352800975
        ],
        [
            -0.30682964148958186,
            -0.3051687566769392,
            -0.03403499066466546,
            -0.18409060748342054,
            0.004512279838346183,
            -0.5037240661055702,
            -0.40761233253725937,
            -0.009843584611327269,
            -0.12195421327149325,
            -0.02145860456271194,
            -0.5959786237686981,
            -0.43033928971025937,
            0.03791801015314057,
            -0.004634134182657373,
            0.10195779962040023,
            -0.46685024644668216,
            -0.3685853035066531,
            -0.006409980496912543,
            0.22609515515579331,
            -0.07943103683905348
        ],
        [
            0.043885716381618096,
            0.033030981428749134,
            -0.03811015347026303,
            0.038057871110907485,
            -0.0003370514570019633,
            0.017168305486903457,
            0.03871434829612555,
            0.31896595052423915,
            -0.14732625490218268,
            -0.016829469384568443,
            0.0419317648169545,
            0.03791801015314057,
            1.4001413792808646,
            -0.029736517927116433,
            -0.00796365964183189,
            0.004461695401243561,
            0.023206590111469343,
            0.4007454124805633,
            0.02867143050651655,
            -0.013617633631930214
        ],
        [
            0.3022796113407842,
            0.18033134039275645,
            0.044320306561785816,
            0.19621564825037785,
            -0.002437182997701199,
            0.055004126211894544,
            0.11688492349880059,
            -0.16310200586780263,
            -0.7601780168819292,
            -0.10986361023312471,
            -0.04918817366669184,
            -0.004634134182657373,
            -0.029736517927116433,
            0.8936847551383349,
            0.06693975129858323,
            -0.015389519715378386,
            -0.0983309500410757,
            0.036250895449498236,
            -0.492031009353843,
            0.34714263627654846
        ],
        [
            0.01594039521609602,
            0.03331803190165679,
            0.004246328626917241,
            0.0240779593935517,
            -0.045187349689865236,
            0.023171316985732104,
            0.06683833043815238,
            -0.01440337954376443,
            -0.08459191950280792,
            0.3263350479210114,
            0.1273238017340556,
            0.10195779962040023,
            -0.00796365964183189,
            0.06693975129858323,
            1.366026077165024,
            0.019261314810471775,
            0.09083201145114152,
            -0.01564782073045538,
            0.32528066005299183,
            0.27009279669115405
        ],
        [
            -0.012354528681708464,
            -0.13744555093067984,
            -0.008632359098710778,
            -0.06425865449968801,
            0.0021698621521735353,
            -0.24958517736492777,
            -0.3175763564889693,
            -0.0339347793036911,
            -0.3115866061029301,
            0.0005551266571886398,
            -0.5863045640687006,
            -0.46685024644668216,
            0.004461695401243561,
            -0.015389519715378386,
            0.019261314810471775,
            -0.27483136427482324,
            -0.47121282011765286,
            -0.011312771942579968,
            0.27536410943752604,
            -0.10594523167822623
        ],
        [
            -0.1384188742446345,
            -0.1961913921227098,
            -0.01978397783924434,
            -0.11688963128171515,
            0.0029094515695562567,
            -0.33390935784219555,
            -0.31234953617905314,
            -0.021911626960501383,
            -0.18347659158456256,
            -0.016184790632753625,
            -0.5416203808360309,
            -0.3685853035066531,
            0.023206590111469343,
            -0.0983309500410757,
            0.09083201145114152,
            -0.47121282011765286,
            -0.31501850734609893,
            -0.008457213524325942,
            0.23395444250077418,
            -0.08692724973544155
        ],
        [
            0.004940566249193943,
            0.0011426933138385473,
            -0.003825615075664283,
            0.006180753325402125,
            -0.0004998056644714374,
            0.003204456986623718,
            -0.004670755631895082,
            -0.04613810941612398,
            -0.00572339547617217,
            0.00021467873184442213,
            0.0009608812563309671,
            -0.006409980496912543,
            0.4007454124805633,
            0.036250895449498236,
            -0.01564782073045538,
            -0.011312771942579968,
            -0.008457213524325942,
            1.478422771236615,
            0.009176012739301756,
            -0.004009533488146387
        ],
        [
            0.06525203742515731,
            0.11447393376210208,
            0.011744134852529665,
            0.0859950857480262,
            -0.005291587664253415,
            0.23500940634070727,
            0.1818168456147169,
            0.02552057158196784,
            0.15790689620786053,
            0.01319746467538653,
            0.07624238252382098,
            0.22609515515579331,
            0.02867143050651655,
            -0.492031009353843,
            0.32528066005299183,
            0.27536410943752604,
            0.23395444250077418,
            0.009176012739301756,
            1.2262533985623205,
            0.0945353158892947
        ],
        [
            -0.007811421909446602,
            -0.030327335273403873,
            -0.0018582448027513604,
            -0.013533463774523486,
            -0.004047066608112779,
            -0.057106173645793505,
            -0.06295854555277702,
            -0.008628191167675377,
            -0.07121194868353015,
            -0.048646046443234586,
            -0.01775793352800975,
            -0.07943103683905348,
            -0.013617633631930214,
            0.34714263627654846,
            0.27009279669115405,
            -0.10594523167822623,
            -0.08692724973544155,
            -0.004009533488146387,
            0.0945353158892947,
            1.4420003157567343
        ]
    ]
}