{
    "HF": -2.171473292368586,
    "coordinates": [
        [
            0.720125,
            -0.105605,
            0.148314
        ],
        [
            1.398397,
            -0.151648,
            0.150675
        ],
        [
            2.179696,
            0.167619,
            0.026427
        ],
        [
            2.966965,
            0.124409,
            -0.078472
        ]
    ],
    "elements": [
        "H",
        "H",
        "H",
        "H"
    ],
    "Enn": 2.9811422208179037,
    "S": [
        [
            0.9999999999999999,
            0.6848602514927513,
            0.0,
            0.0,
            0.0,
            0.6195696298654509,
            0.5826650159452949,
            -0.0019024971955615964,
            -0.5465525530825742,
            0.037101515618484834,
            0.12882855362249435,
            0.31542989145372535,
            0.013873328216391239,
            -0.16613016595802976,
            -0.03109869164550181,
            0.011414129219610127,
            0.11362245653673175,
            0.0013529624286737014,
            -0.013404222938105613,
            -0.0013722200667984476
        ],
        [
            0.6848602514927513,
            1.0000000000000002,
            0.0,
            0.0,
            0.0,
            0.5826650159452949,
            0.9042235864839869,
            -0.0005407122263165754,
            -0.15533670612799605,
            0.010544689977252946,
            0.31542989145372535,
            0.6165831582637136,
            0.014489346757165476,
            -0.17350685746390318,
            -0.03247956942397285,
            0.11362245653673175,
            0.32549032084199747,
            0.009026924481295986,
            -0.08943257080046867,
            -0.009155410861520611
        ],
        [
            0.0,
            0.0,
            1.0000000000000004,
            0.0,
            0.0,
            0.0019024971955615964,
            0.0005407122263165753,
            0.548833581871765,
            -0.002281807394783109,
            0.00015489546653554734,
            -0.013873328216391234,
            -0.014489346757165468,
            0.05388583607350744,
            0.02588639690266844,
            0.004845797091977492,
            -0.001352962428673701,
            -0.009026924481295981,
            0.0010788526691301898,
            0.0016471264869230792,
            0.0001686199959779624
        ],
        [
            0.0,
            0.0,
            0.0,
            1.0000000000000004,
            0.0,
            0.546552553082574,
            0.15533670612799566,
            -0.0022818073947831106,
            -0.1066798922635408,
            0.04449862680135461,
            0.1661301659580297,
            0.17350685746390318,
            0.025886396902668442,
            -0.2539365405762258,
            -0.05802739346554334,
            0.01340422293810561,
            0.08943257080046854,
            0.0016471264869230785,
            -0.015073492220215529,
            -0.0016705711629603456
        ],
        [
            0.0,
            0.0,
            0.0,
            0.0,
            1.0000000000000004,
            -0.03710151561848486,
            -0.010544689977252945,
            0.00015489546653554723,
            0.044498626801354545,
            0.5458208334072024,
            0.03109869164550181,
            0.03247956942397284,
            0.004845797091977497,
            -0.05802739346554338,
            0.045185155330361625,
            0.0013722200667984476,
            0.009155410861520615,
            0.00016861999597796244,
            -0.0016705711629603469,
            0.0010740861846391609
        ],
        [
            0.6195696298654509,
            0.5826650159452949,
            0.0019024971955615964,
            0.5465525530825742,
            -0.03710151561848486,
            0.9999999999999999,
            0.6848602514927513,
            0.0,
            0.0,
            0.0,
            0.4816101883869416,
            0.5310115713728453,
            0.07281119220321465,
            -0.4578529365235608,
            -0.18709525224666576,
            0.09415692410873083,
            0.27732328032760306,
            0.017805717572134144,
            -0.12188454922249604,
            -0.021450828401901992
        ],
        [
            0.5826650159452949,
            0.9042235864839869,
            0.0005407122263165754,
            0.15533670612799588,
            -0.010544689977252946,
            0.6848602514927513,
            1.0000000000000002,
            0.0,
            0.0,
            0.0,
            0.5310115713728453,
            0.85338912598923,
            0.025770573008919634,
            -0.16205108268379254,
            -0.06621992734562113,
            0.27732328032760306,
            0.568928143235161,
            0.023734337128761655,
            -0.16246741926094357,
            -0.02859312975842826
        ],
        [
            -0.0019024971955615964,
            -0.0005407122263165753,
            0.548833581871765,
            -0.0022818073947831106,
            0.00015489546653554723,
            0.0,
            0.0,
            1.0000000000000004,
            0.0,
            0.0,
            -0.07281119220321462,
            -0.0257705730089196,
            0.37319877378974886,
            0.0979813205301969,
            0.04003870766724951,
            -0.017805717572134137,
            -0.02373433712876165,
            0.029973389256944625,
            0.03238417275158461,
            0.005699387962322445
        ],
        [
            -0.5465525530825742,
            -0.15533670612799566,
            -0.002281807394783109,
            -0.10667989226354062,
            0.044498626801354545,
            0.0,
            0.0,
            0.0,
            1.0000000000000004,
            0.0,
            0.4578529365235608,
            0.16205108268379284,
            0.0979813205301969,
            -0.22734779489356757,
            -0.25177228013098296,
            0.12188454922249603,
            0.16246741926094335,
            0.03238417275158461,
            -0.18697339983866543,
            -0.039013722969465855
        ],
        [
            0.037101515618484834,
            0.010544689977252945,
            0.00015489546653554734,
            0.04449862680135461,
            0.5458208334072024,
            0.0,
            0.0,
            0.0,
            0.0,
            1.0000000000000004,
            0.18709525224666576,
            0.06621992734562115,
            0.040038707667249526,
            -0.251772280130983,
            0.28589724460906046,
            0.021450828401901982,
            0.02859312975842823,
            0.005699387962322442,
            -0.03901372296946584,
            0.027838145334925003
        ],
        [
            0.12882855362249435,
            0.31542989145372535,
            -0.013873328216391236,
            0.16613016595802976,
            0.03109869164550181,
            0.4816101883869416,
            0.5310115713728453,
            -0.07281119220321466,
            0.4578529365235608,
            0.18709525224666576,
            0.9999999999999999,
            0.6848602514927513,
            0.0,
            0.0,
            0.0,
            0.5264874157614576,
            0.5489610074868182,
            0.06881303523685497,
            -0.5164431447190498,
            0.02834546804625879
        ],
        [
            0.31542989145372535,
            0.6165831582637136,
            -0.014489346757165471,
            0.17350685746390318,
            0.03247956942397285,
            0.5310115713728453,
            0.85338912598923,
            -0.025770573008919644,
            0.16205108268379254,
            0.06621992734562113,
            0.6848602514927513,
            1.0000000000000002,
            0.0,
            0.0,
            0.0,
            0.5489610074868182,
            0.8712588151855077,
            0.022543408564750383,
            -0.16918871216467707,
            0.009286081698422915
        ],
        [
            0.013873328216391237,
            0.014489346757165475,
            0.05388583607350744,
            0.025886396902668436,
            0.004845797091977493,
            0.07281119220321462,
            0.02577057300891961,
            0.37319877378974886,
            0.0979813205301969,
            0.04003870766724951,
            0.0,
            0.0,
            1.0000000000000004,
            0.0,
            0.0,
            -0.06881303523685497,
            -0.022543408564750386,
            0.4273155016401026,
            0.09431108456886343,
            -0.005176352637053642
        ],
        [
            -0.16613016595802976,
            -0.17350685746390318,
            0.025886396902668446,
            -0.2539365405762258,
            -0.05802739346554336,
            -0.4578529365235608,
            -0.16205108268379284,
            0.0979813205301969,
            -0.22734779489356757,
            -0.25177228013098296,
            0.0,
            0.0,
            0.0,
            1.0000000000000004,
            0.0,
            0.5164431447190498,
            0.16918871216467699,
            0.09431108456886328,
            -0.2679245890263009,
            0.03884862547994339
        ],
        [
            -0.03109869164550181,
            -0.03247956942397286,
            0.004845797091977496,
            -0.05802739346554336,
            0.045185155330361625,
            -0.18709525224666576,
            -0.06621992734562115,
            0.040038707667249526,
            -0.251772280130983,
            0.28589724460906046,
            0.0,
            0.0,
            0.0,
            0.0,
            1.0000000000000004,
            -0.02834546804625879,
            -0.009286081698422911,
            -0.005176352637053639,
            0.03884862547994343,
            0.437749659917897
        ],
        [
            0.011414129219610127,
            0.11362245653673175,
            -0.0013529624286737014,
            0.013404222938105613,
            0.0013722200667984476,
            0.09415692410873083,
            0.27732328032760306,
            -0.017805717572134144,
            0.12188454922249604,
            0.021450828401901992,
            0.5264874157614576,
            0.5489610074868182,
            -0.06881303523685497,
            0.5164431447190498,
            -0.02834546804625879,
            0.9999999999999999,
            0.6848602514927513,
            0.0,
            0.0,
            0.0
        ],
        [
            0.11362245653673175,
            0.32549032084199747,
            -0.009026924481295986,
            0.08943257080046867,
            0.009155410861520611,
            0.27732328032760306,
            0.568928143235161,
            -0.023734337128761655,
            0.1624674192609434,
            0.02859312975842826,
            0.5489610074868182,
            0.8712588151855077,
            -0.022543408564750383,
            0.16918871216467707,
            -0.009286081698422915,
            0.6848602514927513,
            1.0000000000000002,
            0.0,
            0.0,
            0.0
        ],
        [
            0.001352962428673701,
            0.009026924481295981,
            0.0010788526691301898,
            0.0016471264869230792,
            0.0001686199959779624,
            0.017805717572134137,
            0.023734337128761645,
            0.029973389256944625,
            0.03238417275158461,
            0.005699387962322445,
            0.06881303523685497,
            0.022543408564750383,
            0.4273155016401026,
            0.09431108456886332,
            -0.005176352637053642,
            0.0,
            0.0,
            1.0000000000000004,
            0.0,
            0.0
        ],
        [
            -0.013404222938105606,
            -0.08943257080046854,
            0.0016471264869230785,
            -0.015073492220215529,
            -0.0016705711629603456,
            -0.12188454922249603,
            -0.16246741926094352,
            0.03238417275158461,
            -0.18697339983866543,
            -0.039013722969465855,
            -0.5164431447190498,
            -0.16918871216467699,
            0.09431108456886339,
            -0.2679245890263009,
            0.03884862547994343,
            0.0,
            0.0,
            0.0,
            1.0000000000000004,
            0.0
        ],
        [
            -0.0013722200667984476,
            -0.009155410861520615,
            0.00016861999597796244,
            -0.0016705711629603469,
            0.0010740861846391609,
            -0.021450828401901982,
            -0.02859312975842823,
            0.005699387962322442,
            -0.03901372296946584,
            0.027838145334925003,
            0.02834546804625879,
            0.009286081698422911,
            -0.005176352637053639,
            0.03884862547994339,
            0.437749659917897,
            0.0,
            0.0,
            0.0,
            0.0,
            1.0000000000000004
        ]
    ],
    "h": [
        [
            -0.33052571133685116,
            -0.4939584546525425,
            -1.2111044581049335e-05,
            -0.33768286703208955,
            0.01777622793168058,
            -0.6331666471323832,
            -0.4937246960464725,
            0.004051124536757808,
            -0.002153252065595357,
            -0.01598818701148015,
            -0.2548847699102634,
            -0.33083374961128886,
            -0.03677328994837804,
            0.30220305939115166,
            0.08320411681941449,
            -0.013116806448069673,
            -0.1401019944250626,
            -0.007201685075950904,
            0.0595681647295104,
            0.006889241803614098
        ],
        [
            -0.4939584546525425,
            -0.3191291851239817,
            0.0011379644326881553,
            -0.2677991452085221,
            0.01073306883069412,
            -0.5602647065080755,
            -0.3690610712560134,
            0.015030294482163201,
            0.13716722771863188,
            -0.053525687427269465,
            -0.32602948732898357,
            -0.31203754121016103,
            -0.02309093305463783,
            0.1604473267239188,
            0.07065787304205004,
            -0.13706329319296578,
            -0.19528016936441972,
            -0.014447267419221744,
            0.1099112106828198,
            0.0025951682862526207
        ],
        [
            -1.2111044581049335e-05,
            0.0011379644326881553,
            1.4640817377527573,
            0.0008518858655341566,
            0.0004717665215022751,
            0.003711999358902947,
            0.002543308085041938,
            0.5192814736364302,
            -0.000766557394550278,
            0.0018393246813603083,
            0.010811502318607877,
            0.002606357187282266,
            -0.04519225757284538,
            -0.0013163335269872206,
            -0.0013567798430572445,
            0.005741418100968518,
            0.004842517595542571,
            -0.003501054483415848,
            -0.006997947232314808,
            -0.0005246752923773212
        ],
        [
            -0.33768286703208955,
            -0.2677991452085221,
            0.0008518858655341566,
            1.1386332427619665,
            0.015590902951354527,
            -0.06125568138442916,
            -0.25873012035743503,
            0.005707118324730778,
            -0.4853543780474425,
            0.04004630353705961,
            -0.24014868933746022,
            -0.20119421919976482,
            -0.027794480927965666,
            0.14758398700318298,
            0.07177568812454323,
            -0.06295453842143812,
            -0.1208260691639341,
            -0.009859952883839104,
            0.08127846381405311,
            0.007205270788636727
        ],
        [
            0.01777622793168058,
            0.01073306883069412,
            0.0004717665215022751,
            0.015590902951354527,
            1.461916886301462,
            -0.008809921933647151,
            0.006384604115898522,
            0.0014874878183556701,
            0.061483950321493966,
            0.5121967823091524,
            -0.017152945169368064,
            0.003769938741085492,
            0.0003871825380185809,
            -0.006143998637305859,
            -0.045571675719845564,
            -0.008720400068833402,
            -0.004563947493169462,
            -0.0009325742554522425,
            0.008290227436382589,
            -0.003851764745761673
        ],
        [
            -0.6331666471323832,
            -0.5602647065080755,
            0.003711999358902947,
            -0.06125568138442916,
            -0.008809921933647151,
            -0.4658150532933818,
            -0.60123820574853,
            0.027358284520025335,
            0.1527766713801762,
            -0.09090808821006205,
            -0.4720275385428834,
            -0.48984330818592015,
            -0.00877515104673432,
            0.08489646045368271,
            0.03222598403659266,
            -0.1999605165531595,
            -0.29888763745756697,
            -0.02846816378284673,
            0.20403144095267783,
            0.015215734348039273
        ],
        [
            -0.4937246960464725,
            -0.3690610712560134,
            0.002543308085041938,
            -0.25873012035743503,
            0.006384604115898522,
            -0.60123820574853,
            -0.4250312461564416,
            0.02686788016868793,
            0.06670576642290571,
            -0.08129478564109355,
            -0.4746021143878465,
            -0.39843652380722894,
            -0.015097435591571451,
            0.10029855725821102,
            0.07740523525798607,
            -0.2880629524940908,
            -0.29411946699973823,
            -0.02275512966300764,
            0.16788090619278714,
            -0.0035583640433592065
        ],
        [
            0.004051124536757808,
            0.015030294482163201,
            0.5192814736364302,
            0.005707118324730778,
            0.0014874878183556701,
            0.027358284520025335,
            0.02686788016868793,
            1.3992854128268541,
            0.0313275491980674,
            0.012070001270111118,
            0.013861169311193938,
            0.030447173349899423,
            0.25593280196849494,
            0.13482652240584153,
            0.05101687333917376,
            0.03711278830018469,
            0.028125762578802047,
            -0.0360342462302653,
            -0.03524589049588788,
            -0.0015855604556893853
        ],
        [
            -0.002153252065595357,
            0.13716722771863188,
            -0.000766557394550278,
            -0.4853543780474425,
            0.061483950321493966,
            0.1527766713801762,
            0.06670576642290571,
            0.0313275491980674,
            0.8833574932668922,
            -0.05638907191218252,
            -0.04469863097215643,
            -0.07054054906563362,
            0.1451555866168131,
            -0.6699216107743687,
            -0.3421422374027172,
            -0.2634233108802857,
            -0.1481947183140403,
            -0.03190895298841594,
            0.1874880758993418,
            0.009198280597692371
        ],
        [
            -0.01598818701148015,
            -0.053525687427269465,
            0.0018393246813603083,
            0.04004630353705961,
            0.5121967823091524,
            -0.09090808821006205,
            -0.08129478564109355,
            0.012070001270111118,
            -0.05638907191218252,
            1.3727905967838878,
            -0.028499688083951646,
            -0.07903138074611551,
            0.05301737655254428,
            -0.33284956730490045,
            0.1470033461929265,
            -0.06877213342639807,
            -0.06668313723913555,
            -0.00960023731841444,
            0.06915315874753422,
            -0.03840763404513965
        ],
        [
            -0.2548847699102634,
            -0.32602948732898357,
            0.010811502318607877,
            -0.24014868933746022,
            -0.017152945169368064,
            -0.4720275385428834,
            -0.4746021143878465,
            0.013861169311193938,
            -0.04469863097215643,
            -0.028499688083951646,
            -0.38616678845053953,
            -0.5732039420038781,
            0.006623832470176786,
            -0.08291025765803853,
            0.08322628115579085,
            -0.5550392618300909,
            -0.5181889565291744,
            -0.009305891589808685,
            0.06392586592107175,
            0.0044265271619553445
        ],
        [
            -0.33083374961128886,
            -0.31203754121016103,
            0.002606357187282266,
            -0.20119421919976482,
            0.003769938741085492,
            -0.48984330818592015,
            -0.39843652380722894,
            0.030447173349899423,
            -0.07054054906563362,
            -0.07903138074611551,
            -0.5732039420038781,
            -0.4265933430492439,
            0.0012366662236414014,
            -0.03298931311684626,
            0.07725963144906527,
            -0.4508286670086168,
            -0.3606635578458792,
            -0.02960138525248073,
            0.21715043017593827,
            -0.005094947840538546
        ],
        [
            -0.03677328994837804,
            -0.02309093305463783,
            -0.04519225757284538,
            -0.027794480927965666,
            0.0003871825380185809,
            -0.00877515104673432,
            -0.015097435591571451,
            0.25593280196849494,
            0.1451555866168131,
            0.05301737655254428,
            0.006623832470176786,
            0.0012366662236414014,
            1.4169342950132635,
            0.06642322605392362,
            0.010409550820236492,
            0.0027417530608698226,
            0.014102170430751779,
            0.3419648209397359,
            0.13403771774753392,
            -0.00673572763927109
        ],
        [
            0.30220305939115166,
            0.1604473267239188,
            -0.0013163335269872206,
            0.14758398700318298,
            -0.006143998637305859,
            0.08489646045368271,
            0.10029855725821102,
            0.13482652240584153,
            -0.6699216107743687,
            -0.33284956730490045,
            -0.08291025765803853,
            -0.03298931311684626,
            0.06642322605392362,
            0.9478133635704955,
            -0.06656262574547653,
            -0.034427534719005504,
            -0.12419319420737956,
            0.13253422770708292,
            -0.6358029589614768,
            0.05107832310777752
        ],
        [
            0.08320411681941449,
            0.07065787304205004,
            -0.0013567798430572445,
            0.07177568812454323,
            -0.045571675719845564,
            0.03222598403659266,
            0.07740523525798607,
            0.05101687333917376,
            -0.3421422374027172,
            0.1470033461929265,
            0.08322628115579085,
            0.07725963144906527,
            0.010409550820236492,
            -0.06656262574547653,
            1.3952006977397762,
            0.0101709490052721,
            0.04355456710845249,
            -0.004631678522193606,
            0.035982439787771006,
            0.3548242682460423
        ],
        [
            -0.013116806448069673,
            -0.13706329319296578,
            0.005741418100968518,
            -0.06295453842143812,
            -0.008720400068833402,
            -0.1999605165531595,
            -0.2880629524940908,
            0.03711278830018469,
            -0.2634233108802857,
            -0.06877213342639807,
            -0.5550392618300909,
            -0.4508286670086168,
            0.0027417530608698226,
            -0.034427534719005504,
            0.0101709490052721,
            -0.2451412397822661,
            -0.4584142720268769,
            -0.03656710464263255,
            0.2701601219156162,
            -0.011917519016118134
        ],
        [
            -0.1401019944250626,
            -0.19528016936441972,
            0.004842517595542571,
            -0.1208260691639341,
            -0.004563947493169462,
            -0.29888763745756697,
            -0.29411946699973823,
            0.028125762578802047,
            -0.1481947183140403,
            -0.06668313723913555,
            -0.5181889565291744,
            -0.3606635578458792,
            0.014102170430751779,
            -0.12419319420737956,
            0.04355456710845249,
            -0.4584142720268769,
            -0.30710215249538275,
            -0.03159457155350484,
            0.2326425240483907,
            -0.008519248596506534
        ],
        [
            -0.007201685075950904,
            -0.014447267419221744,
            -0.003501054483415848,
            -0.009859952883839104,
            -0.0009325742554522425,
            -0.02846816378284673,
            -0.02275512966300764,
            -0.0360342462302653,
            -0.03190895298841594,
            -0.00960023731841444,
            -0.009305891589808685,
            -0.02960138525248073,
            0.3419648209397359,
            0.13253422770708292,
            -0.004631678522193606,
            -0.03656710464263255,
            -0.03159457155350484,
            1.4915596725713391,
            0.03467486680851887,
            -0.0013709832878495082
        ],
        [
            0.0595681647295104,
            0.1099112106828198,
            -0.006997947232314808,
            0.08127846381405311,
            0.008290227436382589,
            0.20403144095267783,
            0.16788090619278714,
            -0.03524589049588788,
            0.1874880758993418,
            0.06915315874753422,
            0.06392586592107175,
            0.21715043017593827,
            0.13403771774753392,
            -0.6358029589614768,
            0.035982439787771006,
            0.2701601219156162,
            0.2326425240483907,
            0.03467486680851887,
            1.2387648534366253,
            0.010715755673309076
        ],
        [
            0.006889241803614098,
            0.0025951682862526207,
            -0.0005246752923773212,
            0.007205270788636727,
            -0.003851764745761673,
            0.015215734348039273,
            -0.0035583640433592065,
            -0.0015855604556893853,
            0.009198280597692371,
            -0.03840763404513965,
            0.0044265271619553445,
            -0.005094947840538546,
            -0.00673572763927109,
            0.05107832310777752,
            0.3548242682460423,
            -0.011917519016118134,
            -0.008519248596506534,
            -0.0013709832878495082,
            0.010715755673309076,
            1.4949474921575958
        ]
    ]
}