{
    "HF": -2.166108119603718,
    "coordinates": [
        [
            0.774984,
            0.064708,
            -0.092549
        ],
        [
            1.499604,
            0.114499,
            0.053204
        ],
        [
            2.31511,
            0.139227,
            0.12088
        ],
        [
            3.064891,
            -0.12196,
            -0.11511
        ]
    ],
    "elements": [
        "H",
        "H",
        "H",
        "H"
    ],
    "Enn": 2.9022424263697677,
    "S": [
        [
            0.9999999999999999,
            0.6848602514927513,
            0.0,
            0.0,
            0.0,
            0.5700634588791926,
            0.5652890464825296,
            -0.10573182273850609,
            -0.5256522568508111,
            -0.036119278409178245,
            0.10836380477754357,
            0.2938490052131788,
            -0.019675519580781658,
            -0.1419806083984413,
            -0.006869732059093506,
            0.0103056638357292,
            0.1087388248874481,
            0.00011877742630518675,
            -0.012055727137016577,
            0.0009827554015130796
        ],
        [
            0.6848602514927513,
            1.0000000000000002,
            0.0,
            0.0,
            0.0,
            0.5652890464825296,
            0.8873221088196614,
            -0.03231868862095147,
            -0.16067434734457509,
            -0.011040457658681432,
            0.29384900521317886,
            0.5898810466721627,
            -0.02351885957363608,
            -0.16971455200420668,
            -0.008211638983304917,
            0.1087388248874481,
            0.3166504402677013,
            0.0008566484564267261,
            -0.0869485083511704,
            0.007087844247341174
        ],
        [
            0.0,
            0.0,
            1.0000000000000004,
            0.0,
            0.0,
            0.10573182273850606,
            0.032318688620951455,
            0.4634226285597879,
            -0.13448554140133967,
            -0.009240939515765647,
            0.019675519580781658,
            0.023518859573636065,
            0.03795962771399253,
            -0.036738665764386384,
            -0.001777600426261429,
            -0.00011877742630518675,
            -0.0008566484564267261,
            0.001055296093833235,
            0.00014172841856108055,
            -1.1553377685626444e-05
        ],
        [
            0.0,
            0.0,
            0.0,
            1.0000000000000004,
            0.0,
            0.5256522568508109,
            0.16067434734457503,
            -0.13448554140133961,
            -0.17812954214063503,
            -0.0459418989105823,
            0.1419806083984413,
            0.16971455200420665,
            -0.036738665764386405,
            -0.2220592245782794,
            -0.012827350707243675,
            0.012055727137016576,
            0.08694850835117038,
            0.00014172841856108055,
            -0.013328525300648746,
            0.0011726501678099278
        ],
        [
            0.0,
            0.0,
            0.0,
            0.0,
            1.0000000000000004,
            0.036119278409178245,
            0.011040457658681429,
            -0.009240939515765647,
            -0.04594189891058232,
            0.48731677725456957,
            0.006869732059093506,
            0.008211638983304915,
            -0.0017776004262614283,
            -0.012827350707243662,
            0.042430180998642056,
            -0.0009827554015130792,
            -0.007087844247341166,
            -1.155337768562644e-05,
            0.0011726501678099273,
            0.0009611006847299016
        ],
        [
            0.5700634588791926,
            0.5652890464825296,
            0.10573182273850609,
            0.5256522568508109,
            0.036119278409178245,
            0.9999999999999999,
            0.6848602514927513,
            0.0,
            0.0,
            0.0,
            0.5082152049014677,
            0.5417992605855474,
            -0.042453361305382825,
            -0.5115694022209868,
            -0.015511949854594016,
            0.09861616841154044,
            0.28266768236636186,
            0.013835487734252859,
            -0.1286673068733762,
            0.01943703788249163
        ],
        [
            0.5652890464825296,
            0.8873221088196614,
            0.03231868862095147,
            0.16067434734457509,
            0.011040457658681432,
            0.6848602514927513,
            1.0000000000000002,
            0.0,
            0.0,
            0.0,
            0.5417992605855473,
            0.8641559423067665,
            -0.014341497491566874,
            -0.17281720629702912,
            -0.005240211448245537,
            0.28266768236636186,
            0.5757547615735236,
            0.017793224685713184,
            -0.16547347985685043,
            0.024997136993708487
        ],
        [
            -0.10573182273850606,
            -0.03231868862095145,
            0.4634226285597879,
            -0.13448554140133961,
            -0.009240939515765647,
            0.0,
            0.0,
            1.0000000000000004,
            0.0,
            0.0,
            0.042453361305382825,
            0.014341497491566883,
            0.41395817700237375,
            -0.060026828069956226,
            -0.0018201501944974962,
            -0.013835487734252867,
            -0.017793224685713174,
            0.034520282714954796,
            0.025485779704379617,
            -0.0038499917159715126
        ],
        [
            -0.5256522568508111,
            -0.16067434734457503,
            -0.13448554140133967,
            -0.1781295421406349,
            -0.04594189891058232,
            0.0,
            0.0,
            0.0,
            1.0000000000000004,
            0.0,
            0.5115694022209868,
            0.1728172062970291,
            -0.060026828069956226,
            -0.3043927311700615,
            -0.021933084173324,
            0.1286673068733763,
            0.16547347985685026,
            0.025485779704379617,
            -0.19975197691180793,
            0.03580416354621659
        ],
        [
            -0.036119278409178245,
            -0.011040457658681429,
            -0.009240939515765647,
            -0.0459418989105823,
            0.48731677725456957,
            0.0,
            0.0,
            0.0,
            0.0,
            1.0000000000000004,
            0.015511949854594014,
            0.005240211448245536,
            -0.0018201501944974984,
            -0.021933084173324024,
            0.41827453311872903,
            -0.019437037882491643,
            -0.024997136993708487,
            -0.0038499917159715135,
            0.0358041635462166,
            0.031852016011908076
        ],
        [
            0.10836380477754357,
            0.2938490052131788,
            0.019675519580781658,
            0.1419806083984413,
            0.006869732059093506,
            0.5082152049014677,
            0.5417992605855474,
            0.042453361305382825,
            0.5115694022209868,
            0.015511949854594018,
            0.9999999999999999,
            0.6848602514927513,
            0.0,
            0.0,
            0.0,
            0.500730627504938,
            0.5388086151916236,
            0.1452820841302521,
            -0.46158628044097,
            0.16079406630674245
        ],
        [
            0.29384900521317886,
            0.5898810466721627,
            0.02351885957363608,
            0.16971455200420657,
            0.008211638983304927,
            0.5417992605855473,
            0.8641559423067665,
            0.014341497491566884,
            0.17281720629702912,
            0.0052402114482455586,
            0.6848602514927513,
            1.0000000000000002,
            0.0,
            0.0,
            0.0,
            0.5388086151916236,
            0.8611793196014036,
            0.04971495322945452,
            -0.15795299524273773,
            0.0550230920341605
        ],
        [
            -0.019675519580781658,
            -0.023518859573636065,
            0.03795962771399253,
            -0.03673866576438639,
            -0.0017776004262614283,
            -0.042453361305382825,
            -0.014341497491566872,
            0.41395817700237375,
            -0.060026828069956226,
            -0.0018201501944974984,
            0.0,
            0.0,
            1.0000000000000004,
            0.0,
            0.0,
            -0.14528208413025206,
            -0.04971495322945453,
            0.3510744070267682,
            0.1885305903339045,
            -0.06567482944692057
        ],
        [
            -0.1419806083984413,
            -0.16971455200420665,
            -0.0367386657643864,
            -0.22205922457827945,
            -0.012827350707243668,
            -0.5115694022209868,
            -0.1728172062970291,
            -0.060026828069956226,
            -0.3043927311700615,
            -0.021933084173324024,
            0.0,
            0.0,
            0.0,
            1.0000000000000004,
            0.0,
            0.46158628044097,
            0.15795299524273773,
            0.18853059033390474,
            -0.18858074359977617,
            0.2086602792387032
        ],
        [
            -0.006869732059093506,
            -0.008211638983304915,
            -0.001777600426261429,
            -0.01282735070724367,
            0.042430180998642056,
            -0.015511949854594016,
            -0.005240211448245536,
            -0.0018201501944974962,
            -0.021933084173324,
            0.41827453311872903,
            0.0,
            0.0,
            0.0,
            0.0,
            1.0000000000000004,
            -0.1607940663067424,
            -0.055023092034160496,
            -0.06567482944692057,
            0.20866027923870292,
            0.33772648497936897
        ],
        [
            0.0103056638357292,
            0.1087388248874481,
            -0.00011877742630518675,
            0.012055727137016577,
            -0.0009827554015130796,
            0.09861616841154044,
            0.28266768236636186,
            -0.013835487734252859,
            0.1286673068733762,
            -0.01943703788249163,
            0.500730627504938,
            0.5388086151916236,
            -0.1452820841302521,
            0.46158628044097,
            -0.16079406630674245,
            0.9999999999999999,
            0.6848602514927513,
            0.0,
            0.0,
            0.0
        ],
        [
            0.1087388248874481,
            0.3166504402677013,
            -0.0008566484564267261,
            0.08694850835117038,
            -0.007087844247341174,
            0.28266768236636186,
            0.5757547615735236,
            -0.017793224685713184,
            0.16547347985685043,
            -0.024997136993708487,
            0.5388086151916236,
            0.8611793196014036,
            -0.04971495322945452,
            0.15795299524273773,
            -0.0550230920341605,
            0.6848602514927513,
            1.0000000000000002,
            0.0,
            0.0,
            0.0
        ],
        [
            0.00011877742630518675,
            0.0008566484564267261,
            0.001055296093833235,
            0.00014172841856108055,
            -1.1553377685626444e-05,
            0.013835487734252867,
            0.017793224685713174,
            0.034520282714954796,
            0.025485779704379617,
            -0.0038499917159715126,
            0.14528208413025206,
            0.04971495322945453,
            0.3510744070267682,
            0.18853059033390474,
            -0.06567482944692057,
            0.0,
            0.0,
            1.0000000000000004,
            0.0,
            0.0
        ],
        [
            -0.012055727137016577,
            -0.0869485083511704,
            0.00014172841856108055,
            -0.013328525300648746,
            0.0011726501678099278,
            -0.1286673068733763,
            -0.16547347985685043,
            0.025485779704379617,
            -0.19975197691180793,
            0.03580416354621659,
            -0.46158628044097,
            -0.15795299524273773,
            0.1885305903339045,
            -0.18858074359977617,
            0.20866027923870292,
            0.0,
            0.0,
            0.0,
            1.0000000000000004,
            0.0
        ],
        [
            0.0009827554015130792,
            0.007087844247341166,
            -1.155337768562644e-05,
            0.0011726501678099273,
            0.0009611006847299016,
            0.019437037882491643,
            0.024997136993708497,
            -0.0038499917159715135,
            0.0358041635462166,
            0.031852016011908076,
            0.1607940663067424,
            0.055023092034160496,
            -0.06567482944692057,
            0.2086602792387032,
            0.33772648497936897,
            0.0,
            0.0,
            0.0,
            0.0,
            1.0000000000000004
        ]
    ],
    "h": [
        [
            -0.2830907249137191,
            -0.47329315733855903,
            -0.06021116967961411,
            -0.2952396160723052,
            -0.02137990805866719,
            -0.5923119522885099,
            -0.46941822111832077,
            0.0008587551271729554,
            0.012840741270164657,
            -0.002186800371783773,
            -0.23327146018995668,
            -0.3088356222980745,
            0.02560236017177097,
            0.3016991247757117,
            0.004818016565501529,
            -0.0059339814979594355,
            -0.1283366727117466,
            -0.0034751376504309765,
            0.05448640045200668,
            -0.006628271138369189
        ],
        [
            -0.47329315733855903,
            -0.3122791580417168,
            -0.04943302344044294,
            -0.2456438337313197,
            -0.01757078750199361,
            -0.5429042708033309,
            -0.36580774304781594,
            0.03308901798736163,
            0.1157124199066637,
            0.01028065118526117,
            -0.3171986968637718,
            -0.3049772062624968,
            0.027091040659703733,
            0.18162550669717573,
            0.015513917781492186,
            -0.1249726985823803,
            -0.18678207777579348,
            -0.020388530920224218,
            0.09931548642932764,
            -0.024635205683697908
        ],
        [
            -0.06021116967961411,
            -0.04943302344044294,
            1.4661699159628268,
            -0.05632263582838441,
            -0.003931921650320127,
            -0.0120544248398331,
            -0.046233763302661914,
            0.39220374953890014,
            -0.19553595580682243,
            -0.013418163516985562,
            -0.037798351141232575,
            -0.03552521529918814,
            -0.04041059835499429,
            0.04548305643860705,
            0.0015183860860063913,
            -0.0034991929069253087,
            -0.016507948919316624,
            -0.004176126492898242,
            0.004270658942629554,
            -0.0008310588067982944
        ],
        [
            -0.2952396160723052,
            -0.2456438337313197,
            -0.05632263582838441,
            1.194714403924329,
            -0.01958099418375875,
            -0.06674947857480551,
            -0.23591974083834333,
            -0.1931581727396069,
            -0.5560127490291554,
            -0.06666603159703043,
            -0.23160910524423625,
            -0.18597031093093475,
            0.026383907565216358,
            0.2009995076329436,
            0.009965746634323543,
            -0.0561606052497947,
            -0.11136544700858021,
            -0.006221633035988273,
            0.07330834293450636,
            -0.010800213095317972
        ],
        [
            -0.02137990805866719,
            -0.01757078750199361,
            -0.003931921650320127,
            -0.01958099418375875,
            1.4760834908334282,
            -0.004819840361089157,
            -0.016341436745977638,
            -0.01315383746380985,
            -0.0661930310418839,
            0.4263476433986124,
            -0.012701258908281342,
            -0.012264131278107007,
            0.0015319863796459362,
            0.01614215737264986,
            -0.04446582690447075,
            0.0010510068537742914,
            -0.0042440323990741,
            -6.420810942251557e-05,
            -0.0022979230125319988,
            -0.0034288309784447093
        ],
        [
            -0.5923119522885099,
            -0.5429042708033309,
            -0.0120544248398331,
            -0.06674947857480551,
            -0.004819840361089157,
            -0.44427131519385954,
            -0.5980445577572999,
            0.03838769739756269,
            0.07816992582446487,
            0.012086732877758999,
            -0.4899825924440442,
            -0.4952741612537439,
            0.02123304060263803,
            0.07011764515072527,
            0.014685441819864344,
            -0.21021382377670284,
            -0.308770859062509,
            -0.03912514341474726,
            0.20445342741261865,
            -0.04729775210456058
        ],
        [
            -0.46941822111832077,
            -0.36580774304781594,
            -0.046233763302661914,
            -0.23591974083834333,
            -0.016341436745977638,
            -0.5980445577572999,
            -0.4317530376930476,
            0.02904072062794824,
            0.02196041637023613,
            0.010740263586523484,
            -0.4857024514859325,
            -0.40237461805944363,
            0.04915878201951141,
            0.1284414811784123,
            0.039202446895892445,
            -0.2890421359555338,
            -0.2990855737455189,
            -0.04400069868408545,
            0.15631450756958354,
            -0.04946456972046516
        ],
        [
            0.0008587551271729554,
            0.03308901798736163,
            0.39220374953890014,
            -0.1931581727396069,
            -0.01315383746380985,
            0.03838769739756269,
            0.02904072062794824,
            1.3956138010131733,
            -0.07166242046994807,
            -0.004134263955942031,
            0.010165571401138176,
            0.010415725432153779,
            0.3095652756340317,
            -0.09463805292283299,
            -0.002758634459285345,
            -0.0005921948647087012,
            -0.003537658792136085,
            -0.04262767630279557,
            -0.0005418773984193354,
            -0.000561927050439278
        ],
        [
            0.012840741270164657,
            0.1157124199066637,
            -0.19553595580682243,
            -0.5560127490291554,
            -0.0661930310418839,
            0.07816992582446487,
            0.02196041637023613,
            -0.07166242046994807,
            0.8671994592188657,
            -0.021324514160398846,
            -0.052455076693550096,
            -0.11037013619624875,
            -0.06493301415991658,
            -0.7877718071557323,
            -0.006503067510598447,
            -0.28053281174138844,
            -0.17369349540092277,
            -0.05330147728017206,
            0.18358710498144026,
            -0.06158527711919127
        ],
        [
            -0.002186800371783773,
            0.01028065118526117,
            -0.013418163516985562,
            -0.06666603159703043,
            0.4263476433986124,
            0.012086732877758999,
            0.010740263586523484,
            -0.004134263955942031,
            -0.021324514160398846,
            1.4061240243995068,
            0.009336250341212975,
            0.007204137092025727,
            -0.004118519428351106,
            -0.029957269962269092,
            0.31519611980977935,
            0.014540485455952351,
            0.0030441462626825816,
            0.0020776783854266527,
            -0.011322013788068921,
            -0.03947384317917539
        ],
        [
            -0.23327146018995668,
            -0.3171986968637718,
            -0.037798351141232575,
            -0.23160910524423625,
            -0.012701258908281342,
            -0.4899825924440442,
            -0.4857024514859325,
            0.010165571401138176,
            -0.052455076693550096,
            0.009336250341212975,
            -0.3904154216608231,
            -0.5749825181031996,
            0.08458294970074573,
            -0.016422734743313724,
            0.081454067919682,
            -0.541048588095755,
            -0.514118265316766,
            -0.01715841793081907,
            0.07476875610523936,
            -0.01979722288067587
        ],
        [
            -0.3088356222980745,
            -0.3049772062624968,
            -0.03552521529918814,
            -0.18597031093093475,
            -0.012264131278107007,
            -0.4952741612537439,
            -0.40237461805944363,
            0.010415725432153779,
            -0.11037013619624875,
            0.007204137092025727,
            -0.5749825181031996,
            -0.4272612979252055,
            0.07272278091011905,
            0.012292498917657005,
            0.06822001137679917,
            -0.4423125111365199,
            -0.36222274193291937,
            -0.0562266317660477,
            0.19578530457000348,
            -0.0629138159172303
        ],
        [
            0.02560236017177097,
            0.027091040659703733,
            -0.04041059835499429,
            0.026383907565216358,
            0.0015319863796459362,
            0.02123304060263803,
            0.04915878201951141,
            0.3095652756340317,
            -0.06493301415991658,
            -0.004118519428351106,
            0.08458294970074573,
            0.07272278091011905,
            1.3998555475282437,
            0.04014931186080793,
            -0.021425212740315225,
            0.014921429289565968,
            0.06228037472259039,
            0.23666403771563793,
            0.24291907153308284,
            -0.08602702580702287
        ],
        [
            0.3016991247757117,
            0.18162550669717573,
            0.04548305643860705,
            0.2009995076329436,
            0.01614215737264986,
            0.07011764515072527,
            0.1284414811784123,
            -0.09463805292283299,
            -0.7877718071557323,
            -0.029957269962269092,
            -0.016422734743313724,
            0.012292498917657005,
            0.04014931186080793,
            0.9534244377416845,
            0.0621240407938614,
            -0.03515218055040936,
            -0.088291659161788,
            0.2547351240171128,
            -0.5123386422567184,
            0.2829599821117448
        ],
        [
            0.004818016565501529,
            0.015513917781492186,
            0.0015183860860063913,
            0.009965746634323543,
            -0.04446582690447075,
            0.014685441819864344,
            0.039202446895892445,
            -0.002758634459285345,
            -0.006503067510598447,
            0.31519611980977935,
            0.081454067919682,
            0.06822001137679917,
            -0.021425212740315225,
            0.0621240407938614,
            1.3968440537554696,
            0.01664350667690251,
            0.06385309455712146,
            -0.08649340510374832,
            0.2713814886639007,
            0.21896625822184446
        ],
        [
            -0.0059339814979594355,
            -0.1249726985823803,
            -0.0034991929069253087,
            -0.0561606052497947,
            0.0010510068537742914,
            -0.21021382377670284,
            -0.2890421359555338,
            -0.0005921948647087012,
            -0.28053281174138844,
            0.014540485455952351,
            -0.541048588095755,
            -0.4423125111365199,
            0.014921429289565968,
            -0.03515218055040936,
            0.01664350667690251,
            -0.22914636284315137,
            -0.45019835269999453,
            -0.07203183630262369,
            0.23225013905089611,
            -0.07966844627404605
        ],
        [
            -0.1283366727117466,
            -0.18678207777579348,
            -0.016507948919316624,
            -0.11136544700858021,
            -0.0042440323990741,
            -0.308770859062509,
            -0.2990855737455189,
            -0.003537658792136085,
            -0.17369349540092277,
            0.0030441462626825816,
            -0.514118265316766,
            -0.36222274193291937,
            0.06228037472259039,
            -0.088291659161788,
            0.06385309455712146,
            -0.45019835269999453,
            -0.3068522524405761,
            -0.06254155774739695,
            0.20681410449460638,
            -0.0694213174694768
        ],
        [
            -0.0034751376504309765,
            -0.020388530920224218,
            -0.004176126492898242,
            -0.006221633035988273,
            -6.420810942251557e-05,
            -0.03912514341474726,
            -0.04400069868408545,
            -0.04262767630279557,
            -0.05330147728017206,
            0.0020776783854266527,
            -0.01715841793081907,
            -0.0562266317660477,
            0.23666403771563793,
            0.2547351240171128,
            -0.08649340510374832,
            -0.07203183630262369,
            -0.06254155774739695,
            1.474060730525913,
            0.06182624082400967,
            -0.02131360557557512
        ],
        [
            0.05448640045200668,
            0.09931548642932764,
            0.004270658942629554,
            0.07330834293450636,
            -0.0022979230125319988,
            0.20445342741261865,
            0.15631450756958354,
            -0.0005418773984193354,
            0.18358710498144026,
            -0.011322013788068921,
            0.07476875610523936,
            0.19578530457000348,
            0.24291907153308284,
            -0.5123386422567184,
            0.2713814886639007,
            0.23225013905089611,
            0.20681410449460638,
            0.06182624082400967,
            1.2882661153180945,
            0.06875821507474383
        ],
        [
            -0.006628271138369189,
            -0.024635205683697908,
            -0.0008310588067982944,
            -0.010800213095317972,
            -0.0034288309784447093,
            -0.04729775210456058,
            -0.04946456972046516,
            -0.000561927050439278,
            -0.06158527711919127,
            -0.03947384317917539,
            -0.01979722288067587,
            -0.0629138159172303,
            -0.08602702580702287,
            0.2829599821117448,
            0.21896625822184446,
            -0.07966844627404605,
            -0.0694213174694768,
            -0.02131360557557512,
            0.06875821507474383,
            1.4696907865287308
        ]
    ]
}