{
    "HF": -2.1792811907786644,
    "coordinates": [
        [
            0.76443,
            -0.151302,
            -0.036914
        ],
        [
            1.600112,
            0.139657,
            -0.097416
        ],
        [
            2.434088,
            0.157592,
            0.175879
        ],
        [
            3.237597,
            0.188421,
            0.138452
        ]
    ],
    "elements": [
        "H",
        "H",
        "H",
        "H"
    ],
    "Enn": 2.69726929874668,
    "S": [
        [
            0.9999999999999999,
            0.6848602514927513,
            0.0,
            0.0,
            0.0,
            0.4560038512625867,
            0.5201978064438997,
            0.03308596209586811,
            -0.45699882609168707,
            -0.15911306147650806,
            0.07078965432507528,
            0.24639079367090605,
            -0.01169455201459867,
            -0.0917600782337332,
            -0.016976014013606842,
            0.004668947272537719,
            0.07726527555494425,
            -0.0003494659131657916,
            -0.0049284785195904636,
            -0.0006769933078157808
        ],
        [
            0.6848602514927513,
            1.0000000000000002,
            0.0,
            0.0,
            0.0,
            0.5201978064438997,
            0.8425124447921793,
            0.012276197439921038,
            -0.16956459669082155,
            -0.059037224073947715,
            0.24639079367090602,
            0.5283904989521357,
            -0.01941965765887767,
            -0.15237431103187765,
            -0.028189911006853415,
            0.07726527555494425,
            0.2555750136597701,
            -0.00461330245756993,
            -0.06506088636954063,
            -0.008936994347781379
        ],
        [
            0.0,
            0.0,
            1.0000000000000004,
            0.0,
            0.0,
            -0.03308596209586811,
            -0.012276197439921026,
            0.3567476805887275,
            0.04727712103897128,
            0.016460452493146975,
            0.011694552014598668,
            0.019419657658877664,
            0.019713838223284978,
            -0.02060636118319391,
            -0.003812266542801879,
            0.0003494659131657915,
            0.00461330245756993,
            0.00027117867250221186,
            -0.000331835903295,
            -4.558215784663441e-05
        ],
        [
            0.0,
            0.0,
            0.0,
            1.0000000000000004,
            0.0,
            0.456998826091687,
            0.16956459669082152,
            0.04727712103897128,
            -0.29284330293708793,
            -0.2273594899404656,
            0.0917600782337332,
            0.15237431103187776,
            -0.02060636118319391,
            -0.1393455976824576,
            -0.029912550372058762,
            0.0049284785195904636,
            0.06506088636954058,
            -0.000331835903295,
            -0.004385136155808432,
            -0.000642840052091553
        ],
        [
            0.0,
            0.0,
            0.0,
            0.0,
            1.0000000000000004,
            0.159113061476508,
            0.05903722407394767,
            0.01646045249314696,
            -0.22735948994046537,
            0.28101082200317934,
            0.016976014013606842,
            0.0281899110068534,
            -0.003812266542801879,
            -0.029912550372058762,
            0.01680610626897377,
            0.0006769933078157807,
            0.008936994347781379,
            -4.558215784663441e-05,
            -0.000642840052091553,
            0.00020640552293347365
        ],
        [
            0.4560038512625867,
            0.5201978064438997,
            -0.03308596209586811,
            0.4569988260916871,
            0.15911306147650806,
            0.9999999999999999,
            0.6848602514927513,
            0.0,
            0.0,
            0.0,
            0.4628732934179504,
            0.5231422141508755,
            -0.15230841789360722,
            -0.4647782254385886,
            -0.009995248632144205,
            0.08295934607083195,
            0.2631734772900653,
            -0.015715135103600193,
            -0.1091004205959213,
            -0.003248990317431615
        ],
        [
            0.5201978064438997,
            0.8425124447921793,
            -0.012276197439921028,
            0.16956459669082155,
            0.059037224073947715,
            0.6848602514927513,
            1.0000000000000002,
            0.0,
            0.0,
            0.0,
            0.5231422141508755,
            0.8454824346663277,
            -0.055788300370765584,
            -0.17024132746669163,
            -0.0036611104013966073,
            0.2631734772900653,
            0.5506090387420767,
            -0.02309877118182788,
            -0.1603604190847227,
            -0.004775503577893788
        ],
        [
            0.03308596209586811,
            0.012276197439921015,
            0.3567476805887275,
            0.04727712103897128,
            0.016460452493146965,
            0.0,
            0.0,
            1.0000000000000004,
            0.0,
            0.0,
            0.1523084178936072,
            0.05578830037076551,
            0.2964829439228195,
            -0.21763685266462152,
            -0.004680370841055377,
            0.015715135103600186,
            0.023098771181827873,
            0.024430625333251806,
            -0.028632527945221864,
            -0.0008526713788039584
        ],
        [
            -0.45699882609168707,
            -0.16956459669082152,
            0.04727712103897128,
            -0.2928433029370878,
            -0.22735948994046548,
            0.0,
            0.0,
            0.0,
            1.0000000000000004,
            0.0,
            0.46477822543858827,
            0.1702413274666919,
            -0.21763685266462174,
            -0.2963290238726328,
            -0.014282430898991939,
            0.10910042059592123,
            0.16036041908472284,
            -0.028632527945221857,
            -0.17022291850540078,
            -0.00591956769345905
        ],
        [
            -0.159113061476508,
            -0.05903722407394767,
            0.01646045249314697,
            -0.2273594899404655,
            0.28101082200317934,
            0.0,
            0.0,
            0.0,
            0.0,
            1.0000000000000004,
            0.009995248632144205,
            0.0036611104013966065,
            -0.004680370841055363,
            -0.014282430898991883,
            0.3674956688103514,
            0.003248990317431609,
            0.004775503577893807,
            -0.0008526713788039573,
            -0.005919567693459046,
            0.028378652522740414
        ],
        [
            0.07078965432507528,
            0.24639079367090605,
            0.01169455201459867,
            0.0917600782337332,
            0.016976014013606842,
            0.4628732934179504,
            0.5231422141508755,
            0.15230841789360722,
            0.46477822543858827,
            0.009995248632144205,
            0.9999999999999999,
            0.6848602514927513,
            0.0,
            0.0,
            0.0,
            0.5189515758621035,
            0.5460309202286278,
            0.02410781828483436,
            -0.5175634959315188,
            -0.019857854754673308
        ],
        [
            0.24639079367090602,
            0.5283904989521357,
            0.01941965765887767,
            0.15237431103187782,
            0.028189911006853415,
            0.5231422141508755,
            0.8454824346663277,
            0.05578830037076556,
            0.17024132746669196,
            0.0036611104013966073,
            0.6848602514927513,
            1.0000000000000002,
            0.0,
            0.0,
            0.0,
            0.5460309202286278,
            0.8683571022691273,
            0.007997458402563938,
            -0.1716950277496393,
            -0.006587587706539231
        ],
        [
            -0.011694552014598668,
            -0.019419657658877657,
            0.019713838223284978,
            -0.02060636118319391,
            -0.003812266542801879,
            -0.1523084178936072,
            -0.05578830037076549,
            0.2964829439228195,
            -0.21763685266462166,
            -0.004680370841055361,
            0.0,
            0.0,
            1.0000000000000004,
            0.0,
            0.0,
            -0.024107818284834368,
            -0.007997458402563934,
            0.4296553938932453,
            0.03366746631573065,
            0.0012917519518109433
        ],
        [
            -0.0917600782337332,
            -0.15237431103187768,
            -0.02060636118319391,
            -0.1393455976824576,
            -0.029912550372058762,
            -0.4647782254385881,
            -0.17024132746669157,
            -0.21763685266462163,
            -0.29632902387263305,
            -0.014282430898991883,
            0.0,
            0.0,
            0.0,
            1.0000000000000004,
            0.0,
            0.517563495931519,
            0.1716950277496392,
            0.03366746631573061,
            -0.2915730970465544,
            -0.027732233923308255
        ],
        [
            -0.016976014013606842,
            -0.0281899110068534,
            -0.003812266542801879,
            -0.029912550372058762,
            0.01680610626897377,
            -0.009995248632144205,
            -0.0036611104013966065,
            -0.004680370841055379,
            -0.014282430898991939,
            0.3674956688103514,
            0.0,
            0.0,
            0.0,
            0.0,
            1.0000000000000004,
            0.01985785475467331,
            0.006587587706539229,
            0.0012917519518109433,
            -0.027732233923308286,
            0.4301595764502262
        ],
        [
            0.004668947272537719,
            0.07726527555494425,
            0.0003494659131657916,
            0.0049284785195904636,
            0.0006769933078157808,
            0.08295934607083195,
            0.2631734772900653,
            0.015715135103600193,
            0.10910042059592126,
            0.003248990317431615,
            0.5189515758621035,
            0.5460309202286278,
            -0.02410781828483436,
            0.5175634959315188,
            0.019857854754673308,
            0.9999999999999999,
            0.6848602514927513,
            0.0,
            0.0,
            0.0
        ],
        [
            0.07726527555494425,
            0.2555750136597701,
            0.00461330245756993,
            0.06506088636954063,
            0.008936994347781379,
            0.2631734772900653,
            0.5506090387420767,
            0.02309877118182788,
            0.16036041908472287,
            0.004775503577893808,
            0.5460309202286278,
            0.8683571022691273,
            -0.007997458402563938,
            0.1716950277496393,
            0.006587587706539231,
            0.6848602514927513,
            1.0000000000000002,
            0.0,
            0.0,
            0.0
        ],
        [
            -0.0003494659131657915,
            -0.0046133024575699295,
            0.00027117867250221186,
            -0.000331835903295,
            -4.558215784663441e-05,
            -0.015715135103600186,
            -0.023098771181827866,
            0.024430625333251806,
            -0.028632527945221857,
            -0.0008526713788039573,
            0.024107818284834368,
            0.007997458402563934,
            0.4296553938932453,
            0.03366746631573061,
            0.0012917519518109433,
            0.0,
            0.0,
            1.0000000000000004,
            0.0,
            0.0
        ],
        [
            -0.0049284785195904636,
            -0.06506088636954054,
            -0.000331835903295,
            -0.004385136155808432,
            -0.000642840052091553,
            -0.10910042059592127,
            -0.1603604190847227,
            -0.028632527945221864,
            -0.17022291850540083,
            -0.005919567693459046,
            -0.517563495931519,
            -0.1716950277496392,
            0.03366746631573065,
            -0.2915730970465544,
            -0.027732233923308286,
            0.0,
            0.0,
            0.0,
            1.0000000000000004,
            0.0
        ],
        [
            -0.0006769933078157807,
            -0.008936994347781379,
            -4.558215784663441e-05,
            -0.000642840052091553,
            0.00020640552293347365,
            -0.0032489903174316138,
            -0.004775503577893807,
            -0.0008526713788039584,
            -0.00591956769345905,
            0.028378652522740407,
            -0.01985785475467331,
            -0.006587587706539229,
            0.0012917519518109433,
            -0.027732233923308255,
            0.4301595764502262,
            0.0,
            0.0,
            0.0,
            0.0,
            1.0000000000000004
        ]
    ],
    "h": [
        [
            -0.1984848984723,
            -0.4358329450434507,
            0.013451056222326485,
            -0.21179853678636054,
            -0.07289268868195108,
            -0.5055136025072928,
            -0.42450012431693496,
            -0.009789676281046503,
            0.05485713541406867,
            0.021252754705737287,
            -0.16797012490887087,
            -0.25958388975719326,
            0.046595024890759354,
            0.23349547357175626,
            0.023845709542805613,
            0.009133225151043693,
            -0.09386523729609858,
            0.0038533091641205354,
            0.03191836751761098,
            0.002525487956786409
        ],
        [
            -0.4358329450434507,
            -0.300649999003622,
            0.01141662971947249,
            -0.1951674443376965,
            -0.06641327446824397,
            -0.4871103973288853,
            -0.35446217993746876,
            -0.036250496831418996,
            0.10069589167629667,
            0.057318097016527084,
            -0.2678308495963717,
            -0.27838313153264915,
            0.04975485086950203,
            0.15259624371628763,
            0.008448466889313846,
            -0.09550876885108475,
            -0.15924674504822228,
            0.0025693129838650726,
            0.08990488299739302,
            0.005028557420877051
        ],
        [
            0.013451056222326485,
            0.01141662971947249,
            1.4968705230036103,
            0.01158027121931883,
            0.004281405628978666,
            0.00044429427714765685,
            0.008480794687679424,
            0.24094667033099487,
            0.058591096304608126,
            0.021228281149924665,
            -0.007972366177294046,
            0.005845159523709016,
            -0.03330726467152477,
            0.008294737096165579,
            0.001750784549232643,
            -0.003145866940337255,
            -0.0005531639002651087,
            -0.0009185412102006869,
            0.0021884039418739454,
            0.00022899095380104307
        ],
        [
            -0.21179853678636054,
            -0.1951674443376965,
            0.01158027121931883,
            1.3088924167551061,
            -0.06443366246063324,
            -0.07774829052512788,
            -0.18002297494676206,
            0.04826239091315694,
            -0.5942085794354857,
            -0.28308121592420965,
            -0.17161247211831857,
            -0.14049226094712647,
            0.047935264528951076,
            0.19282886491218598,
            0.02646709678055286,
            -0.030447201018009004,
            -0.08091231010863219,
            0.0027226248432007643,
            0.03967922692531352,
            0.0036485514104125207
        ],
        [
            -0.07289268868195108,
            -0.06641327446824397,
            0.004281405628978666,
            -0.06443366246063324,
            1.475843500591921,
            -0.023471481076103307,
            -0.05956505248153729,
            0.018134910561064893,
            -0.2902664167625897,
            0.14707894132695715,
            -0.04293938094029855,
            -0.04564457901566534,
            0.013011887439913588,
            0.05927938413086903,
            -0.028144727773384354,
            -0.00489110481553463,
            -0.02137079263539822,
            0.0006067330442729682,
            0.007880717124871876,
            -0.0003262372158958867
        ],
        [
            -0.5055136025072928,
            -0.4871103973288853,
            0.00044429427714765685,
            -0.07774829052512788,
            -0.023471481076103307,
            -0.33803930505267155,
            -0.549550229915888,
            -0.06947768996877098,
            0.03508952121227324,
            0.06589575465977515,
            -0.4455405144124429,
            -0.4535072177183901,
            0.021690880476444963,
            0.053351496527352715,
            0.006701646245208009,
            -0.1926835605549555,
            -0.2806947834219382,
            0.01241804873684112,
            0.19861467913359876,
            0.0068545778969148
        ],
        [
            -0.42450012431693496,
            -0.35446217993746876,
            0.008480794687679424,
            -0.18002297494676206,
            -0.05956505248153729,
            -0.549550229915888,
            -0.4210629297241677,
            -0.0650636428514513,
            0.008459753412247861,
            0.05646657605338282,
            -0.4623847759472426,
            -0.39087739320522363,
            0.06036904308243865,
            0.08727585946199001,
            0.004312953129403219,
            -0.2813796501003667,
            -0.2877450079797663,
            -0.002499089759218698,
            0.16773799353497115,
            0.005926163824269576
        ],
        [
            -0.009789676281046503,
            -0.036250496831418996,
            0.24094667033099487,
            0.04826239091315694,
            0.018134910561064893,
            -0.06947768996877098,
            -0.0650636428514513,
            1.4139090549284596,
            -0.04895005669054102,
            0.0028604203423297767,
            -0.023893594333824597,
            -0.06199582069566974,
            0.16116140351917596,
            -0.28248652871833735,
            -0.0060656783823347885,
            -0.05360796407848883,
            -0.05235721240357301,
            -0.03666000090899126,
            0.057256915327212735,
            0.0019176442270556035
        ],
        [
            0.05485713541406867,
            0.10069589167629667,
            0.058591096304608126,
            -0.5942085794354857,
            -0.2902664167625897,
            0.03508952121227324,
            0.008459753412247861,
            -0.04895005669054102,
            1.0393514884757145,
            -0.07083319501535427,
            -0.07063904319725833,
            -0.10661246175812666,
            -0.2801963053176229,
            -0.7030108164233556,
            -0.02654947580570484,
            -0.25495510274141103,
            -0.15995744641474857,
            0.011338527786305445,
            0.20806756353188277,
            0.007981727773566604
        ],
        [
            0.021252754705737287,
            0.057318097016527084,
            0.021228281149924665,
            -0.28308121592420965,
            0.14707894132695715,
            0.06589575465977515,
            0.05646657605338282,
            0.0028604203423297767,
            -0.07083319501535427,
            1.411910169017674,
            0.005591239759486532,
            0.024037486689855572,
            -0.0091877160818898,
            -0.039816667410767906,
            0.24699240562881164,
            -0.012368635377398064,
            0.001453147010834766,
            4.242679223599049e-05,
            0.006374028374508617,
            -0.03866656914865291
        ],
        [
            -0.16797012490887087,
            -0.2678308495963717,
            -0.007972366177294046,
            -0.17161247211831857,
            -0.04293938094029855,
            -0.4455405144124429,
            -0.4623847759472426,
            -0.023893594333824597,
            -0.07063904319725833,
            0.005591239759486532,
            -0.3832833043538957,
            -0.569906198615064,
            0.06728843943630371,
            -0.0887292863113873,
            -0.007686690836792942,
            -0.5533191157278043,
            -0.5152558967604534,
            0.003109346236103549,
            0.07139512076875965,
            0.0016521953323555688
        ],
        [
            -0.25958388975719326,
            -0.27838313153264915,
            0.005845159523709016,
            -0.14049226094712647,
            -0.04564457901566534,
            -0.4535072177183901,
            -0.39087739320522363,
            -0.06199582069566974,
            -0.10661246175812666,
            0.024037486689855572,
            -0.569906198615064,
            -0.42458962838821246,
            0.062284587505752984,
            -0.04166498093375619,
            -0.00376902859708353,
            -0.45123462910585843,
            -0.36065813445561834,
            -0.004566516488496567,
            0.2179255768808177,
            0.007400080421857096
        ],
        [
            0.046595024890759354,
            0.04975485086950203,
            -0.03330726467152477,
            0.047935264528951076,
            0.013011887439913588,
            0.021690880476444963,
            0.06036904308243865,
            0.16116140351917596,
            -0.2801963053176229,
            -0.0091877160818898,
            0.06728843943630371,
            0.062284587505752984,
            1.4033532059920861,
            -0.05011796636074127,
            -0.0012267552982229968,
            0.010048492911810099,
            0.03586702668377985,
            0.339607611700546,
            0.031446752091024974,
            0.0013113384244174508
        ],
        [
            0.23349547357175626,
            0.15259624371628763,
            0.008294737096165579,
            0.19282886491218598,
            0.05927938413086903,
            0.053351496527352715,
            0.08727585946199001,
            -0.28248652871833735,
            -0.7030108164233556,
            -0.039816667410767906,
            -0.0887292863113873,
            -0.04166498093375619,
            -0.05011796636074127,
            0.9671697801020289,
            -0.017490895579616604,
            -0.034339340147758524,
            -0.12524882751427657,
            0.04388795449661335,
            -0.657779066498724,
            -0.03888080177630298
        ],
        [
            0.023845709542805613,
            0.008448466889313846,
            0.001750784549232643,
            0.02646709678055286,
            -0.028144727773384354,
            0.006701646245208009,
            0.004312953129403219,
            -0.0060656783823347885,
            -0.02654947580570484,
            0.24699240562881164,
            -0.007686690836792942,
            -0.00376902859708353,
            -0.0012267552982229968,
            -0.017490895579616604,
            1.4224186420749325,
            -0.00451094783255105,
            -0.007668801160631095,
            0.0016719596303440484,
            -0.03677294953471903,
            0.341559857716068
        ],
        [
            0.009133225151043693,
            -0.09550876885108475,
            -0.003145866940337255,
            -0.030447201018009004,
            -0.00489110481553463,
            -0.1926835605549555,
            -0.2813796501003667,
            -0.05360796407848883,
            -0.25495510274141103,
            -0.012368635377398064,
            -0.5533191157278043,
            -0.45123462910585843,
            0.010048492911810099,
            -0.034339340147758524,
            -0.00451094783255105,
            -0.24457797924419888,
            -0.4574824394265067,
            -0.010037859894278939,
            0.2656680549191607,
            0.009205861828625494
        ],
        [
            -0.09386523729609858,
            -0.15924674504822228,
            -0.0005531639002651087,
            -0.08091231010863219,
            -0.02137079263539822,
            -0.2806947834219382,
            -0.2877450079797663,
            -0.05235721240357301,
            -0.15995744641474857,
            0.001453147010834766,
            -0.5152558967604534,
            -0.36065813445561834,
            0.03586702668377985,
            -0.12524882751427657,
            -0.007668801160631095,
            -0.4574824394265067,
            -0.3082146201657563,
            -0.007322930172203196,
            0.2309020477421861,
            0.007888927541433319
        ],
        [
            0.0038533091641205354,
            0.0025693129838650726,
            -0.0009185412102006869,
            0.0027226248432007643,
            0.0006067330442729682,
            0.01241804873684112,
            -0.002499089759218698,
            -0.03666000090899126,
            0.011338527786305445,
            4.242679223599049e-05,
            0.003109346236103549,
            -0.004566516488496567,
            0.339607611700546,
            0.04388795449661335,
            0.0016719596303440484,
            -0.010037859894278939,
            -0.007322930172203196,
            1.482099002399261,
            0.009174602647150627,
            0.0004033790844523724
        ],
        [
            0.03191836751761098,
            0.08990488299739302,
            0.0021884039418739454,
            0.03967922692531352,
            0.007880717124871876,
            0.19861467913359876,
            0.16773799353497115,
            0.057256915327212735,
            0.20806756353188277,
            0.006374028374508617,
            0.07139512076875965,
            0.2179255768808177,
            0.031446752091024974,
            -0.657779066498724,
            -0.03677294953471903,
            0.2656680549191607,
            0.2309020477421861,
            0.009174602647150627,
            1.2262079885672725,
            -0.00933925246434451
        ],
        [
            0.002525487956786409,
            0.005028557420877051,
            0.00022899095380104307,
            0.0036485514104125207,
            -0.0003262372158958867,
            0.0068545778969148,
            0.005926163824269576,
            0.0019176442270556035,
            0.007981727773566604,
            -0.03866656914865291,
            0.0016521953323555688,
            0.007400080421857096,
            0.0013113384244174508,
            -0.03888080177630298,
            0.341559857716068,
            0.009205861828625494,
            0.007888927541433319,
            0.0004033790844523724,
            -0.00933925246434451,
            1.4826245879702988
        ]
    ]
}