{
    "HF": -2.132472159272248,
    "coordinates": [
        [
            0.729433,
            -0.07264,
            0.148013
        ],
        [
            1.427548,
            -0.190113,
            -0.101252
        ],
        [
            2.145397,
            -0.155445,
            -0.085953
        ],
        [
            2.882333,
            0.038052,
            -0.144535
        ]
    ],
    "elements": [
        "H",
        "H",
        "H",
        "H"
    ],
    "Enn": 3.104262147490443,
    "S": [
        [
            0.9999999999999999,
            0.6848602514927513,
            0.0,
            0.0,
            0.0,
            0.5622384155751727,
            0.5624315036322969,
            0.17768928302087356,
            -0.4976533160135483,
            0.08374097103207864,
            0.14689693216237296,
            0.33275500013334924,
            0.03126166665732148,
            -0.18919584284369334,
            0.01106409609755052,
            0.016039041867330593,
            0.13147751542439903,
            0.0026448243152017888,
            -0.01946361714384624,
            -0.0010007277202316077
        ],
        [
            0.6848602514927513,
            1.0000000000000002,
            0.0,
            0.0,
            0.0,
            0.5624315036322969,
            0.884523775986983,
            0.05497284276330387,
            -0.15396211311537475,
            0.025907466984669315,
            0.33275500013334924,
            0.6375216761981949,
            0.02944981428620765,
            -0.1782304986021718,
            0.010422847216986341,
            0.13147751542439903,
            0.3566598901117288,
            0.01361879790647636,
            -0.100222561811576,
            -0.005152973111638705
        ],
        [
            0.0,
            0.0,
            1.0000000000000004,
            0.0,
            0.0,
            -0.17768928302087356,
            -0.054972842763303886,
            0.403686128888455,
            0.21745105574642756,
            -0.03659085948833658,
            -0.03126166665732147,
            -0.02944981428620763,
            0.05866940542392214,
            0.05881923108172074,
            -0.0034397247597551107,
            -0.002644824315201788,
            -0.013618797906476349,
            0.001670124481597948,
            0.003510985205285207,
            0.000180518358652715
        ],
        [
            0.0,
            0.0,
            0.0,
            1.0000000000000004,
            0.0,
            0.4976533160135483,
            0.15396211311537472,
            0.21745105574642756,
            -0.12768590090702275,
            0.10247980210498904,
            0.18919584284369328,
            0.17823049860217166,
            0.05881923108172074,
            -0.2875860636228351,
            0.020817240238846183,
            0.01946361714384624,
            0.100222561811576,
            0.003510985205285208,
            -0.02369059476033081,
            -0.0013284588318615413
        ],
        [
            0.0,
            0.0,
            0.0,
            0.0,
            1.0000000000000004,
            -0.08374097103207864,
            -0.025907466984669312,
            -0.03659085948833658,
            0.10247980210498904,
            0.4640835241857255,
            -0.011064096097550517,
            -0.010422847216986327,
            -0.0034397247597551107,
            0.020817240238846183,
            0.06717098360054825,
            0.0010007277202316075,
            0.005152973111638708,
            0.0001805183586527151,
            -0.0013284588318615415,
            0.0020789135265231
        ],
        [
            0.5622384155751727,
            0.5624315036322969,
            -0.17768928302087356,
            0.4976533160135483,
            -0.08374097103207864,
            0.9999999999999999,
            0.6848602514927513,
            0.0,
            0.0,
            0.0,
            0.5878186371416381,
            0.5716577187082962,
            -0.011536609803930988,
            -0.5413127531957691,
            -0.026142309215156555,
            0.13439808719564375,
            0.3209252417068123,
            0.005187731993757803,
            -0.17436487046967517,
            -0.02734696925711595
        ],
        [
            0.5624315036322969,
            0.884523775986983,
            -0.05497284276330387,
            0.15396211311537475,
            -0.025907466984669315,
            0.6848602514927513,
            1.0000000000000002,
            0.0,
            0.0,
            0.0,
            0.5716577187082962,
            0.8935395214432049,
            -0.0034331492084290127,
            -0.1610878309772903,
            -0.007779620678333065,
            0.3209252417068123,
            0.623270796087872,
            0.005241221620836839,
            -0.17616271043294404,
            -0.02762893817707266
        ],
        [
            0.17768928302087356,
            0.05497284276330387,
            0.403686128888455,
            0.21745105574642756,
            -0.03659085948833658,
            0.0,
            0.0,
            1.0000000000000004,
            0.0,
            0.0,
            0.011536609803930988,
            0.003433149208429012,
            0.5110014697543039,
            -0.014578553020419518,
            -0.0007040607093022399,
            -0.0051877319937578,
            -0.005241221620836827,
            0.059478241907734965,
            0.009770659277974086,
            0.0015324068327340176
        ],
        [
            -0.4976533160135483,
            -0.15396211311537472,
            0.21745105574642756,
            -0.12768590090702275,
            0.10247980210498904,
            0.0,
            0.0,
            0.0,
            1.0000000000000004,
            0.0,
            0.5413127531957691,
            0.16108783097729026,
            -0.01457855302041949,
            -0.1727325176821588,
            -0.03303544519981068,
            0.17436487046967494,
            0.17616271043294385,
            0.009770659277974093,
            -0.26863270847910775,
            -0.05150572913520226
        ],
        [
            0.08374097103207864,
            0.025907466984669312,
            -0.03659085948833658,
            0.10247980210498904,
            0.4640835241857255,
            0.0,
            0.0,
            0.0,
            0.0,
            1.0000000000000004,
            0.026142309215156555,
            0.007779620678333063,
            -0.0007040607093022397,
            -0.033035445199810734,
            0.5097167489682785,
            0.02734696925711593,
            0.02762893817707264,
            0.0015324068327340187,
            -0.05150572913520226,
            0.05169090478052725
        ],
        [
            0.14689693216237296,
            0.33275500013334924,
            -0.03126166665732148,
            0.18919584284369334,
            -0.01106409609755052,
            0.5878186371416381,
            0.5716577187082962,
            0.01153660980393101,
            0.5413127531957691,
            0.026142309215156555,
            0.9999999999999999,
            0.6848602514927513,
            0.0,
            0.0,
            0.0,
            0.5513095735346409,
            0.5583870351267061,
            0.040736403764478256,
            -0.5124461855959092,
            -0.1345527964087134
        ],
        [
            0.33275500013334924,
            0.6375216761981949,
            -0.02944981428620765,
            0.1782304986021718,
            -0.010422847216986329,
            0.5716577187082962,
            0.8935395214432049,
            0.0034331492084290127,
            0.1610878309772903,
            0.007779620678333065,
            0.6848602514927513,
            1.0000000000000002,
            0.0,
            0.0,
            0.0,
            0.5583870351267061,
            0.8805538446927962,
            0.012820511651105633,
            -0.16127644283430378,
            -0.04234629310972627
        ],
        [
            0.03126166665732147,
            0.02944981428620763,
            0.05866940542392214,
            0.05881923108172074,
            -0.0034397247597551107,
            -0.011536609803930988,
            -0.003433149208429012,
            0.5110014697543039,
            -0.01457855302041949,
            -0.0007040607093022397,
            0.0,
            0.0,
            1.0000000000000004,
            0.0,
            0.0,
            -0.040736403764478235,
            -0.012820511651105607,
            0.46442207671018226,
            0.052520121210641986,
            0.013790187877774465
        ],
        [
            -0.18919584284369328,
            -0.17823049860217177,
            0.05881923108172074,
            -0.2875860636228351,
            0.020817240238846183,
            -0.5413127531957691,
            -0.16108783097729026,
            -0.014578553020419518,
            -0.1727325176821588,
            -0.033035445199810734,
            0.0,
            0.0,
            0.0,
            1.0000000000000004,
            0.0,
            0.5124461855959085,
            0.16127644283430373,
            0.052520121210642055,
            -0.1920830977862574,
            -0.17347454668491358
        ],
        [
            0.011064096097550517,
            0.010422847216986313,
            -0.0034397247597551107,
            0.020817240238846183,
            0.06717098360054825,
            -0.026142309215156555,
            -0.007779620678333063,
            -0.0007040607093022399,
            -0.03303544519981068,
            0.5097167489682785,
            0.0,
            0.0,
            0.0,
            0.0,
            1.0000000000000004,
            0.1345527964087134,
            0.04234629310972626,
            0.013790187877774468,
            -0.17347454668491344,
            0.4230479673992938
        ],
        [
            0.016039041867330593,
            0.13147751542439903,
            -0.0026448243152017888,
            0.01946361714384624,
            0.0010007277202316077,
            0.13439808719564375,
            0.3209252417068123,
            -0.005187731993757803,
            0.1743648704696751,
            0.02734696925711595,
            0.5513095735346409,
            0.5583870351267061,
            -0.040736403764478256,
            0.5124461855959085,
            0.1345527964087134,
            0.9999999999999999,
            0.6848602514927513,
            0.0,
            0.0,
            0.0
        ],
        [
            0.13147751542439903,
            0.3566598901117288,
            -0.01361879790647636,
            0.100222561811576,
            0.005152973111638705,
            0.3209252417068123,
            0.623270796087872,
            -0.005241221620836827,
            0.17616271043294385,
            0.027628938177072664,
            0.5583870351267061,
            0.8805538446927962,
            -0.012820511651105633,
            0.16127644283430378,
            0.04234629310972628,
            0.6848602514927513,
            1.0000000000000002,
            0.0,
            0.0,
            0.0
        ],
        [
            0.002644824315201788,
            0.013618797906476349,
            0.001670124481597948,
            0.003510985205285207,
            0.000180518358652715,
            0.0051877319937578,
            0.005241221620836839,
            0.059478241907734965,
            0.009770659277974093,
            0.0015324068327340185,
            0.040736403764478235,
            0.01282051165110563,
            0.46442207671018226,
            0.052520121210642055,
            0.013790187877774465,
            0.0,
            0.0,
            1.0000000000000004,
            0.0,
            0.0
        ],
        [
            -0.01946361714384624,
            -0.100222561811576,
            0.003510985205285208,
            -0.02369059476033081,
            -0.0013284588318615413,
            -0.17436487046967494,
            -0.17616271043294365,
            0.009770659277974087,
            -0.26863270847910775,
            -0.05150572913520226,
            -0.5124461855959085,
            -0.16127644283430373,
            0.052520121210641986,
            -0.1920830977862574,
            -0.1734745466849134,
            0.0,
            0.0,
            0.0,
            1.0000000000000004,
            0.0
        ],
        [
            -0.0010007277202316075,
            -0.005152973111638706,
            0.0001805183586527151,
            -0.0013284588318615415,
            0.0020789135265231,
            -0.02734696925711593,
            -0.02762893817707265,
            0.0015324068327340179,
            -0.05150572913520226,
            0.05169090478052725,
            -0.1345527964087134,
            -0.042346293109726256,
            0.013790187877774468,
            -0.17347454668491366,
            0.4230479673992938,
            0.0,
            0.0,
            0.0,
            0.0,
            1.0000000000000004
        ]
    ],
    "h": [
        [
            -0.28223512753952407,
            -0.4738069350447077,
            0.09782940102207004,
            -0.28196633085655487,
            0.047013442916840044,
            -0.596201646243743,
            -0.4682334268389976,
            -0.015656740746255338,
            0.01051254970670712,
            -0.005060779452719627,
            -0.2873640446526649,
            -0.33364498110076124,
            -0.023769570924707592,
            0.3441724732213327,
            0.004744189379459668,
            -0.02026836610658443,
            -0.1506052795430367,
            -0.007089356548668198,
            0.08080055222911725,
            0.009015890750778802
        ],
        [
            -0.4738069350447077,
            -0.31675989129165183,
            0.08058660418266264,
            -0.23980023675329667,
            0.03841376005562438,
            -0.5568010725936737,
            -0.3717872091536063,
            -0.07381177368529951,
            0.08373460375339303,
            -0.03843846047570719,
            -0.36748615539059126,
            -0.3237095230152246,
            -0.002502685619756549,
            0.20935786316454602,
            -0.0026561437364772157,
            -0.15021021680919575,
            -0.20722061477163012,
            -0.009128733402396276,
            0.12750017502587627,
            0.025779425911223695
        ],
        [
            0.09782940102207004,
            0.08058660418266264,
            1.445645447625589,
            0.0885490680224197,
            -0.014557406216156834,
            0.020872083116909412,
            0.07516060929872079,
            0.3054279666157288,
            0.31614537664184056,
            -0.05035381006556992,
            0.06722053091323776,
            0.06246992340791137,
            -0.04549725543786316,
            -0.06873319670812386,
            -0.001961606989852197,
            0.01320534625343289,
            0.03349575009157829,
            -0.004651592645990524,
            -0.02071934816301056,
            -0.002436373768551843
        ],
        [
            -0.28196633085655487,
            -0.23980023675329667,
            0.0885490680224197,
            1.2135785059089317,
            0.0416111947563068,
            -0.09021555604506615,
            -0.2353135613237618,
            0.2962639841531192,
            -0.49598205276818086,
            0.13721675596512997,
            -0.2647681048231167,
            -0.19658469625985886,
            0.0040024689851532735,
            0.1351310256387548,
            0.007417256698137545,
            -0.08163166467195991,
            -0.12759950057426406,
            -0.012144191526540908,
            0.10942573234772879,
            0.012870210295999553
        ],
        [
            0.047013442916840044,
            0.03841376005562438,
            -0.014557406216156834,
            0.0416111947563068,
            1.4695554731875426,
            0.009549458725957832,
            0.03518619011897761,
            -0.050504396579213254,
            0.147102433980113,
            0.3889275306101796,
            0.02836086376657979,
            0.028756087154413173,
            0.0008885980953151178,
            -0.033737789688560636,
            -0.04760602240809658,
            0.000736978784800326,
            0.012919459104661999,
            -0.00012039269192142086,
            -0.0009579033628459577,
            -0.0070223689390461475
        ],
        [
            -0.596201646243743,
            -0.5568010725936737,
            0.020872083116909412,
            -0.09021555604506615,
            0.009549458725957832,
            -0.49400362045819923,
            -0.6217557071983016,
            -0.09761153868580624,
            0.0003530087514359709,
            -0.05596683558496724,
            -0.5742330367619152,
            -0.5443202873630151,
            -0.009077008282915059,
            0.060221629982630365,
            -0.015442099337617012,
            -0.27092799532843687,
            -0.35826099929471916,
            -0.014464903814700985,
            0.26112243885414776,
            0.05324376469141323
        ],
        [
            -0.4682334268389976,
            -0.3717872091536063,
            0.07516060929872079,
            -0.2353135613237618,
            0.03518619011897761,
            -0.6217557071983016,
            -0.43947576995368154,
            -0.07459496440737998,
            -0.027011619407579235,
            -0.04623996140480494,
            -0.5422987503800207,
            -0.4206616317919485,
            0.004673307220593536,
            0.14974774705958865,
            -0.02237621059283124,
            -0.32275965662846484,
            -0.3181828930272781,
            -0.013543048250916451,
            0.19427389023666292,
            0.04729428364940839
        ],
        [
            -0.015656740746255338,
            -0.07381177368529951,
            0.3054279666157288,
            0.2962639841531192,
            -0.050504396579213254,
            -0.09761153868580624,
            -0.07459496440737998,
            1.356603519062413,
            0.0852206050371912,
            -0.013992396062185426,
            -0.015929177794691326,
            -0.04327430553067717,
            0.4416555885999185,
            0.018568108831225345,
            -6.22106429097088e-05,
            0.00875234134022556,
            -0.013320380090291942,
            -0.047468787788926325,
            0.004265437486157273,
            0.0003306915878817738
        ],
        [
            0.01051254970670712,
            0.08373460375339303,
            0.31614537664184056,
            -0.49598205276818086,
            0.147102433980113,
            0.0003530087514359709,
            -0.027011619407579235,
            0.0852206050371912,
            0.8040564561993673,
            0.021074360443574785,
            -0.048567852120594335,
            -0.14440986892019975,
            -0.0037295911371911846,
            -0.7168925207207627,
            -0.07217446970813132,
            -0.33505151253417614,
            -0.20584411607204706,
            -0.01524332245107355,
            0.16676430700495548,
            0.05552706654438633
        ],
        [
            -0.005060779452719627,
            -0.03843846047570719,
            -0.05035381006556992,
            0.13721675596512997,
            0.3889275306101796,
            -0.05596683558496724,
            -0.04623996140480494,
            -0.013992396062185426,
            0.021074360443574785,
            1.3799038496231542,
            -0.02087342243572486,
            -0.03650400367705901,
            -0.0017548244458973593,
            -0.03922665937041493,
            0.4413496581263501,
            -0.028136467469475034,
            -0.022232191255724038,
            -0.0012434732972330343,
            0.01536154815499581,
            -0.04321554371244132
        ],
        [
            -0.2873640446526649,
            -0.36748615539059126,
            0.06722053091323776,
            -0.2647681048231167,
            0.02836086376657979,
            -0.5742330367619152,
            -0.5422987503800207,
            -0.015929177794691326,
            -0.048567852120594335,
            -0.02087342243572486,
            -0.4847566666213392,
            -0.6199212339701152,
            0.02523431481229787,
            0.0021804707600293766,
            -0.05603798037473046,
            -0.5825092700711417,
            -0.5497761014922,
            -0.0031507857124482425,
            0.08569519619639221,
            0.017507407393431318
        ],
        [
            -0.33364498110076124,
            -0.3237095230152246,
            0.06246992340791137,
            -0.19658469625985886,
            0.028756087154413173,
            -0.5443202873630151,
            -0.4206616317919485,
            -0.04327430553067717,
            -0.14440986892019975,
            -0.03650400367705901,
            -0.6199212339701152,
            -0.4416201470691361,
            0.016650022926316073,
            0.027326553718803284,
            -0.04438232288941253,
            -0.4601512076466725,
            -0.36877964819103237,
            -0.015759290185760028,
            0.2340139689040906,
            0.0575908238713201
        ],
        [
            -0.023769570924707592,
            -0.002502685619756549,
            -0.04549725543786316,
            0.0040024689851532735,
            0.0008885980953151178,
            -0.009077008282915059,
            0.004673307220593536,
            0.4416555885999185,
            -0.0037295911371911846,
            -0.0017548244458973593,
            0.02523431481229787,
            0.016650022926316073,
            1.38877680462333,
            0.023845735438657943,
            0.005218273353207692,
            0.008484189359742891,
            0.01941710311516987,
            0.39083147552913267,
            0.06970426735324439,
            0.01836106929243063
        ],
        [
            0.3441724732213327,
            0.20935786316454602,
            -0.06873319670812386,
            0.1351310256387548,
            -0.033737789688560636,
            0.060221629982630365,
            0.14974774705958865,
            0.018568108831225345,
            -0.7168925207207627,
            -0.03922665937041493,
            0.0021804707600293766,
            0.027326553718803284,
            0.023845735438657943,
            0.7881806034606986,
            -0.0800753853493015,
            -0.018055292627078834,
            -0.09144858982516119,
            0.07643278089655062,
            -0.5737934304788709,
            -0.2497003928412584
        ],
        [
            0.004744189379459668,
            -0.0026561437364772157,
            -0.001961606989852197,
            0.007417256698137545,
            -0.04760602240809658,
            -0.015442099337617012,
            -0.02237621059283124,
            -6.22106429097088e-05,
            -0.07217446970813132,
            0.4413496581263501,
            -0.05603798037473046,
            -0.04438232288941253,
            0.005218273353207692,
            -0.0800753853493015,
            1.3739190189047585,
            -0.006788589243583554,
            -0.047477793789629005,
            0.01943253871051222,
            -0.24053746638219398,
            0.33322367490493643
        ],
        [
            -0.02026836610658443,
            -0.15021021680919575,
            0.01320534625343289,
            -0.08163166467195991,
            0.000736978784800326,
            -0.27092799532843687,
            -0.32275965662846484,
            0.00875234134022556,
            -0.33505151253417614,
            -0.028136467469475034,
            -0.5825092700711417,
            -0.4601512076466725,
            0.008484189359742891,
            -0.018055292627078834,
            -0.006788589243583554,
            -0.2692366374373729,
            -0.46784418262441807,
            -0.020492410355981813,
            0.2822573547423498,
            0.07385629334381336
        ],
        [
            -0.1506052795430367,
            -0.20722061477163012,
            0.03349575009157829,
            -0.12759950057426406,
            0.012919459104661999,
            -0.35826099929471916,
            -0.3181828930272781,
            -0.013320380090291942,
            -0.20584411607204706,
            -0.022232191255724038,
            -0.5497761014922,
            -0.36877964819103237,
            0.01941710311516987,
            -0.09144858982516119,
            -0.047477793789629005,
            -0.46784418262441807,
            -0.3130374216228864,
            -0.01696841231870392,
            0.24131127979709938,
            0.061790365974194766
        ],
        [
            -0.007089356548668198,
            -0.009128733402396276,
            -0.004651592645990524,
            -0.012144191526540908,
            -0.00012039269192142086,
            -0.014464903814700985,
            -0.013543048250916451,
            -0.047468787788926325,
            -0.01524332245107355,
            -0.0012434732972330343,
            -0.0031507857124482425,
            -0.015759290185760028,
            0.39083147552913267,
            0.07643278089655062,
            0.01943253871051222,
            -0.020492410355981813,
            -0.01696841231870392,
            1.4829948445712446,
            0.019788124070760554,
            0.0051524058722870235
        ],
        [
            0.08080055222911725,
            0.12750017502587627,
            -0.02071934816301056,
            0.10942573234772879,
            -0.0009579033628459577,
            0.26112243885414776,
            0.19427389023666292,
            0.004265437486157273,
            0.16676430700495548,
            0.01536154815499581,
            0.08569519619639221,
            0.2340139689040906,
            0.06970426735324439,
            -0.5737934304788709,
            -0.24053746638219398,
            0.2822573547423498,
            0.24131127979709938,
            0.019788124070760554,
            1.2145289268048518,
            -0.06876034620291502
        ],
        [
            0.009015890750778802,
            0.025779425911223695,
            -0.002436373768551843,
            0.012870210295999553,
            -0.0070223689390461475,
            0.05324376469141323,
            0.04729428364940839,
            0.0003306915878817738,
            0.05552706654438633,
            -0.04321554371244132,
            0.017507407393431318,
            0.0575908238713201,
            0.01836106929243063,
            -0.2497003928412584,
            0.33322367490493643,
            0.07385629334381336,
            0.061790365974194766,
            0.0051524058722870235,
            -0.06876034620291502,
            1.466769302503051
        ]
    ]
}