{
    "HF": -2.138032324646796,
    "coordinates": [
        [
            0.678723,
            0.163896,
            0.139413
        ],
        [
            1.447557,
            -0.035054,
            0.006181
        ],
        [
            2.164764,
            0.012927,
            0.10996
        ],
        [
            2.916028,
            -0.148751,
            -0.144005
        ]
    ],
    "elements": [
        "H",
        "H",
        "H",
        "H"
    ],
    "Enn": 2.983682873080585,
    "S": [
        [
            0.9999999999999999,
            0.6848602514927513,
            0.0,
            0.0,
            0.0,
            0.5187273037183295,
            0.5459432164966984,
            0.08577165034262983,
            -0.49495737525163197,
            0.12807936408420048,
            0.1275021928203854,
            0.3140992562075089,
            0.0033103131183631696,
            -0.16702071153110123,
            0.016967869526573507,
            0.011131774237519388,
            0.11240554724656697,
            0.0016397882544348715,
            -0.012944507619799766,
            0.0018089002052950037
        ],
        [
            0.6848602514927513,
            1.0000000000000002,
            0.0,
            0.0,
            0.0,
            0.5459432164966984,
            0.868270156644987,
            0.028464335175082296,
            -0.1642574506875164,
            0.04250464965685886,
            0.31409925620750895,
            0.6149572032334992,
            0.003485435114323531,
            -0.17585643169539467,
            0.01786550279341015,
            0.11240554724656697,
            0.3233011881989741,
            0.011151460189447423,
            -0.0880297568931814,
            0.012301514278733782
        ],
        [
            0.0,
            0.0,
            1.0000000000000004,
            0.0,
            0.0,
            -0.08577165034262982,
            -0.028464335175082255,
            0.4111057653264119,
            0.11460845613173744,
            -0.029657055160683794,
            -0.0033103131183631696,
            -0.0034854351143235296,
            0.0550483200485856,
            0.006269252034547139,
            -0.0006369021516926834,
            -0.0016397882544348717,
            -0.011151460189447427,
            0.0009466108108707415,
            0.0019689134829839975,
            -0.0002751412497243326
        ],
        [
            0.0,
            0.0,
            0.0,
            1.0000000000000004,
            0.0,
            0.494957375251632,
            0.16425745068751652,
            0.11460845613173748,
            -0.23039784261345722,
            0.1711402091645338,
            0.16702071153110118,
            0.17585643169539453,
            0.006269252034547139,
            -0.26114038314250454,
            0.03213467933329531,
            0.012944507619799766,
            0.08802975689318138,
            0.0019689134829839966,
            -0.014346596586413738,
            0.0021719682367192543
        ],
        [
            0.0,
            0.0,
            0.0,
            0.0,
            1.0000000000000004,
            -0.12807936408420048,
            -0.042504649656858844,
            -0.029657055160683805,
            0.1711402091645338,
            0.3866806868492109,
            -0.01696786952657351,
            -0.017865502793410155,
            -0.0006369021516926838,
            0.03213467933329532,
            0.051907967848279724,
            -0.0018089002052950032,
            -0.012301514278733777,
            -0.0002751412497243324,
            0.0021719682367192543,
            0.0008925127635391501
        ],
        [
            0.5187273037183295,
            0.5459432164966984,
            -0.08577165034262985,
            0.4949573752516321,
            -0.12807936408420048,
            0.9999999999999999,
            0.6848602514927513,
            0.0,
            0.0,
            0.0,
            0.5818120936643838,
            0.5695208295289498,
            -0.07724878653353305,
            -0.5338591665303731,
            -0.035715067852508206,
            0.13194349776186873,
            0.3185213620659412,
            0.017600137963530126,
            -0.17208855815750504,
            0.013324030775435026
        ],
        [
            0.5459432164966984,
            0.868270156644987,
            -0.028464335175082307,
            0.16425745068751657,
            -0.04250464965685886,
            0.6848602514927513,
            1.0000000000000002,
            0.0,
            0.0,
            0.0,
            0.56952082952895,
            0.8914563373966307,
            -0.023195464186380296,
            -0.16030169189066418,
            -0.010724150041209803,
            0.31852136206594117,
            0.620350746477258,
            0.01804063496483431,
            -0.17639559790822867,
            0.013657505184216686
        ],
        [
            0.08577165034262979,
            0.02846433517508226,
            0.4111057653264119,
            0.11460845613173744,
            -0.029657055160683794,
            0.0,
            0.0,
            1.0000000000000004,
            0.0,
            0.0,
            0.07724878653353304,
            0.023195464186380278,
            0.4901503025164463,
            -0.09743874584237378,
            -0.006518631949022999,
            -0.017600137963530126,
            -0.018040634964834313,
            0.05471615812737592,
            0.03327739300154135,
            -0.002576516493751832
        ],
        [
            -0.49495737525163186,
            -0.16425745068751635,
            0.11460845613173748,
            -0.23039784261345722,
            0.1711402091645338,
            0.0,
            0.0,
            0.0,
            1.0000000000000004,
            0.0,
            0.5338591665303731,
            0.16030169189066418,
            -0.09743874584237375,
            -0.16914052106663147,
            -0.04504965806437656,
            0.17208855815750496,
            0.17639559790822842,
            0.03327739300154134,
            -0.2672562168056841,
            0.0251923598211301
        ],
        [
            0.12807936408420048,
            0.04250464965685884,
            -0.029657055160683805,
            0.1711402091645338,
            0.3866806868492109,
            0.0,
            0.0,
            0.0,
            0.0,
            1.0000000000000004,
            0.03571506785250819,
            0.010724150041209803,
            -0.006518631949022996,
            -0.04504965806437656,
            0.501235760356636,
            -0.013324030775435024,
            -0.01365750518421668,
            -0.0025765164937518316,
            0.0251923598211301,
            0.05616903176992416
        ],
        [
            0.1275021928203854,
            0.3140992562075089,
            -0.0033103131183631696,
            0.16702071153110123,
            -0.016967869526573507,
            0.5818120936643838,
            0.5695208295289498,
            0.07724878653353304,
            0.5338591665303731,
            0.035715067852508206,
            0.9999999999999999,
            0.6848602514927513,
            0.0,
            0.0,
            0.0,
            0.5155203095599656,
            0.5446858850768996,
            0.16221802166818422,
            -0.47986360258510685,
            0.10327047155028721
        ],
        [
            0.31409925620750895,
            0.6149572032334992,
            -0.003485435114323531,
            0.17585643169539467,
            -0.017865502793410138,
            0.56952082952895,
            0.8914563373966307,
            0.02319546418638028,
            0.16030169189066418,
            0.010724150041209803,
            0.6848602514927513,
            1.0000000000000002,
            0.0,
            0.0,
            0.0,
            0.5446858850768996,
            0.8670231087494543,
            0.05412493118360736,
            -0.1601091185821734,
            0.034456758308834975
        ],
        [
            0.0033103131183631696,
            0.0034854351143235296,
            0.0550483200485856,
            0.006269252034547139,
            -0.0006369021516926834,
            -0.07724878653353305,
            -0.02319546418638027,
            0.4901503025164463,
            -0.09743874584237378,
            -0.006518631949022999,
            0.0,
            0.0,
            1.0000000000000004,
            0.0,
            0.0,
            -0.1622180216681842,
            -0.05412493118360736,
            0.35574200521821975,
            0.21165198977994001,
            -0.045549194961612846
        ],
        [
            -0.16702071153110118,
            -0.17585643169539442,
            0.006269252034547139,
            -0.26114038314250454,
            0.03213467933329531,
            -0.5338591665303731,
            -0.16030169189066418,
            -0.09743874584237375,
            -0.16914052106663147,
            -0.04504965806437656,
            0.0,
            0.0,
            0.0,
            1.0000000000000004,
            0.0,
            0.47986360258510746,
            0.1601091185821734,
            0.21165198977993974,
            -0.19880517806834125,
            0.13474089108200382
        ],
        [
            0.01696786952657351,
            0.017865502793410155,
            -0.0006369021516926838,
            0.03213467933329532,
            0.051907967848279724,
            -0.03571506785250819,
            -0.010724150041209801,
            -0.006518631949022996,
            -0.04504965806437656,
            0.501235760356636,
            0.0,
            0.0,
            0.0,
            0.0,
            1.0000000000000004,
            -0.10327047155028715,
            -0.03445675830883495,
            -0.04554919496161283,
            0.13474089108200393,
            0.3982937044825346
        ],
        [
            0.011131774237519388,
            0.11240554724656697,
            -0.0016397882544348715,
            0.012944507619799766,
            -0.0018089002052950037,
            0.13194349776186873,
            0.3185213620659412,
            -0.017600137963530126,
            0.17208855815750504,
            -0.013324030775435026,
            0.5155203095599656,
            0.5446858850768996,
            -0.16221802166818422,
            0.47986360258510746,
            -0.10327047155028721,
            0.9999999999999999,
            0.6848602514927513,
            0.0,
            0.0,
            0.0
        ],
        [
            0.11240554724656697,
            0.3233011881989741,
            -0.011151460189447423,
            0.0880297568931814,
            -0.012301514278733782,
            0.31852136206594117,
            0.620350746477258,
            -0.018040634964834316,
            0.17639559790822848,
            -0.013657505184216686,
            0.5446858850768996,
            0.8670231087494543,
            -0.05412493118360736,
            0.1601091185821734,
            -0.034456758308834975,
            0.6848602514927513,
            1.0000000000000002,
            0.0,
            0.0,
            0.0
        ],
        [
            0.0016397882544348717,
            0.011151460189447427,
            0.0009466108108707415,
            0.0019689134829839975,
            -0.0002751412497243326,
            0.017600137963530122,
            0.018040634964834316,
            0.05471615812737592,
            0.03327739300154135,
            -0.002576516493751832,
            0.1622180216681842,
            0.05412493118360736,
            0.35574200521821975,
            0.21165198977993974,
            -0.045549194961612846,
            0.0,
            0.0,
            1.0000000000000004,
            0.0,
            0.0
        ],
        [
            -0.012944507619799766,
            -0.08802975689318138,
            0.0019689134829839966,
            -0.014346596586413738,
            0.0021719682367192543,
            -0.1720885581575049,
            -0.17639559790822862,
            0.03327739300154134,
            -0.2672562168056841,
            0.0251923598211301,
            -0.47986360258510685,
            -0.1601091185821734,
            0.21165198977994001,
            -0.1988051780683411,
            0.134740891082004,
            0.0,
            0.0,
            0.0,
            1.0000000000000004,
            0.0
        ],
        [
            0.0018089002052950032,
            0.012301514278733777,
            -0.0002751412497243324,
            0.0021719682367192543,
            0.0008925127635391501,
            0.013324030775435024,
            0.01365750518421668,
            -0.0025765164937518316,
            0.0251923598211301,
            0.05616903176992416,
            0.10327047155028715,
            0.034456758308834955,
            -0.04554919496161283,
            0.13474089108200377,
            0.3982937044825346,
            0.0,
            0.0,
            0.0,
            0.0,
            1.0000000000000004
        ]
    ],
    "h": [
        [
            -0.2474249992599844,
            -0.45900955811942534,
            0.041363849096760226,
            -0.2592438880771212,
            0.06425369719732182,
            -0.5594207447935513,
            -0.4484885591962846,
            -0.01845710929046454,
            0.029825300058658133,
            -0.01848390952908982,
            -0.26020387860214633,
            -0.3135174333530685,
            0.01076001891563803,
            0.3215576459107826,
            -0.010302884837407,
            -0.0077106561593777365,
            -0.13091248193460203,
            -0.008408613212815271,
            0.06475236302709979,
            -0.0075704721180807465
        ],
        [
            -0.45900955811942534,
            -0.3125267314962987,
            0.03484793103960179,
            -0.22883124694051435,
            0.05500589671110845,
            -0.5366317210569976,
            -0.3678916186721215,
            -0.05084835568032973,
            0.08583073858529858,
            -0.058191866628373945,
            -0.3482453631358461,
            -0.3144824559254955,
            0.032499854520211834,
            0.20674712262250586,
            0.011624371262087166,
            -0.1305730313480053,
            -0.19386474167981815,
            -0.026448874654477712,
            0.11511257478506033,
            -0.01832990266652471
        ],
        [
            0.041363849096760226,
            0.03484793103960179,
            1.479184247561547,
            0.038380971897854894,
            -0.009915895797240306,
            0.007056613224045549,
            0.031125410771401324,
            0.31373919007137413,
            0.1581538045858727,
            -0.039657480490456386,
            0.02311017744879057,
            0.026483881225527795,
            -0.04914543550312943,
            -0.031176381122529545,
            -0.000145320341291744,
            0.00538033116445236,
            0.013856262488195166,
            -0.002636123132754841,
            -0.010036073515119044,
            0.0013020763479713597
        ],
        [
            -0.2592438880771212,
            -0.22883124694051435,
            0.038380971897854894,
            1.2404601487857898,
            0.059566247826632196,
            -0.09359588524156404,
            -0.22145829608550138,
            0.14096442227361847,
            -0.5951125166397538,
            0.22083623831036914,
            -0.25035914988636526,
            -0.1847333089835263,
            0.02357231193860966,
            0.16748182690785168,
            0.006196636147451154,
            -0.0646785128113673,
            -0.11680271496803403,
            -0.014271838351914607,
            0.08485206631023304,
            -0.012435186797840279
        ],
        [
            0.06425369719732182,
            0.05500589671110845,
            -0.009915895797240306,
            0.059566247826632196,
            1.4707494272502157,
            0.015461995459854105,
            0.05042856365208481,
            -0.03804068199032467,
            0.23729583069923493,
            0.2813319816966222,
            0.04375193584177933,
            0.04232508296279418,
            -0.004427137082036374,
            -0.04994572401457881,
            -0.04722832756307213,
            0.008529395601496296,
            0.02244687130877479,
            0.0020764852236983614,
            -0.013765070090960927,
            -0.002221153159993528
        ],
        [
            -0.5594207447935513,
            -0.5366317210569976,
            0.007056613224045549,
            -0.09359588524156404,
            0.015461995459854105,
            -0.4619885900534473,
            -0.6106404369162399,
            -0.07756839582040967,
            -0.019916943046684288,
            -0.07805105263912557,
            -0.5679647731325671,
            -0.5374945408237375,
            0.01713879346938893,
            0.051542146867680105,
            0.004208669547870497,
            -0.26464563510780736,
            -0.35157887339361477,
            -0.05223267323005106,
            0.24821769449843908,
            -0.035085846015262746
        ],
        [
            -0.4484885591962846,
            -0.3678916186721215,
            0.031125410771401324,
            -0.22145829608550138,
            0.05042856365208481,
            -0.6106404369162399,
            -0.442242892598931,
            -0.06077390458861513,
            -0.03462778160199404,
            -0.061482859844405706,
            -0.5372431048314393,
            -0.4224611521837667,
            0.06398440144660683,
            0.1491428530540222,
            0.03148855819219851,
            -0.3161832994414483,
            -0.31652140096602577,
            -0.05307324774166149,
            0.18172040343558177,
            -0.034093484301898055
        ],
        [
            -0.01845710929046454,
            -0.05084835568032973,
            0.31373919007137413,
            0.14096442227361847,
            -0.03804068199032467,
            -0.07756839582040967,
            -0.06077390458861513,
            1.3817902691797865,
            0.0068463153655318005,
            -0.013304466952379933,
            -0.004217998256592331,
            -0.043406390891006064,
            0.41351572161908345,
            -0.11876515170287677,
            -0.010824847246293748,
            -0.002093694128056982,
            -0.02466357165975541,
            -0.05039354840874219,
            0.019998931287847993,
            -0.00270961837919955
        ],
        [
            0.029825300058658133,
            0.08583073858529858,
            0.1581538045858727,
            -0.5951125166397538,
            0.23729583069923493,
            -0.019916943046684288,
            -0.03462778160199404,
            0.0068463153655318005,
            0.8324647364364757,
            0.04742217347547767,
            -0.053945083090310764,
            -0.14909744879360237,
            -0.10713976348958087,
            -0.6910856453533187,
            -0.03880700535901682,
            -0.32303354559512065,
            -0.20731469703804767,
            -0.0619210375098609,
            0.1511408161047425,
            -0.03924603231775707
        ],
        [
            -0.01848390952908982,
            -0.058191866628373945,
            -0.039657480490456386,
            0.22083623831036914,
            0.2813319816966222,
            -0.07805105263912557,
            -0.061482859844405706,
            -0.013304466952379933,
            0.04742217347547767,
            1.377642523923502,
            -0.007505074679369242,
            -0.03744544099504088,
            -0.01049339152732089,
            -0.03593615951712836,
            0.42772109921627655,
            0.007727895947020679,
            -0.01408774654773342,
            -0.0010913677600679827,
            0.008606922561178412,
            -0.04724956624565868
        ],
        [
            -0.26020387860214633,
            -0.3482453631358461,
            0.02311017744879057,
            -0.25035914988636526,
            0.04375193584177933,
            -0.5679647731325671,
            -0.5372431048314393,
            -0.004217998256592331,
            -0.053945083090310764,
            -0.007505074679369242,
            -0.4598197363863519,
            -0.6087580986489498,
            0.11403637129699015,
            0.02620460442902743,
            0.06614412464981143,
            -0.5594447228739057,
            -0.5365090561605241,
            -0.019303056127029095,
            0.09591131119261087,
            -0.012539802400279298
        ],
        [
            -0.3135174333530685,
            -0.3144824559254955,
            0.026483881225527795,
            -0.1847333089835263,
            0.04232508296279418,
            -0.5374945408237375,
            -0.4224611521837667,
            -0.043406390891006064,
            -0.14909744879360237,
            -0.03744544099504088,
            -0.6087580986489498,
            -0.44062069632064693,
            0.09165493547044246,
            0.038705979583431104,
            0.051631772296014254,
            -0.4489888897519376,
            -0.3689514335126003,
            -0.0630322285552666,
            0.2170427808044168,
            -0.040287050802307954
        ],
        [
            0.01076001891563803,
            0.032499854520211834,
            -0.04914543550312943,
            0.02357231193860966,
            -0.004427137082036374,
            0.01713879346938893,
            0.06398440144660683,
            0.41351572161908345,
            -0.10713976348958087,
            -0.01049339152732089,
            0.11403637129699015,
            0.09165493547044246,
            1.3642046376862507,
            0.03731523966960391,
            -0.018451907799481172,
            0.025154893700081726,
            0.08007568124973459,
            0.23985287216879714,
            0.26732091539459746,
            -0.05951391945491159
        ],
        [
            0.3215576459107826,
            0.20674712262250586,
            -0.031176381122529545,
            0.16748182690785168,
            -0.04994572401457881,
            0.051542146867680105,
            0.1491428530540222,
            -0.11876515170287677,
            -0.6910856453533187,
            -0.03593615951712836,
            0.02620460442902743,
            0.038705979583431104,
            0.03731523966960391,
            0.8497510571936799,
            0.03478842798172557,
            -0.02879981656166808,
            -0.07886574467748592,
            0.2914557317826283,
            -0.5509470005033363,
            0.18639568567732556
        ],
        [
            -0.010302884837407,
            0.011624371262087166,
            -0.000145320341291744,
            0.006196636147451154,
            -0.04722832756307213,
            0.004208669547870497,
            0.03148855819219851,
            -0.010824847246293748,
            -0.03880700535901682,
            0.42772109921627655,
            0.06614412464981143,
            0.051631772296014254,
            -0.018451907799481172,
            0.03478842798172557,
            1.3825356987845268,
            0.01709731863924055,
            0.04879562344427493,
            -0.05965933218920362,
            0.17152415112992503,
            0.2954833757293359
        ],
        [
            -0.0077106561593777365,
            -0.1305730313480053,
            0.00538033116445236,
            -0.0646785128113673,
            0.008529395601496296,
            -0.26464563510780736,
            -0.3161832994414483,
            -0.002093694128056982,
            -0.32303354559512065,
            0.007727895947020679,
            -0.5594447228739057,
            -0.4489888897519376,
            0.025154893700081726,
            -0.02879981656166808,
            0.01709731863924055,
            -0.24698324474622768,
            -0.45904842745426644,
            -0.08091620904582422,
            0.25151941700024516,
            -0.051158820683904586
        ],
        [
            -0.13091248193460203,
            -0.19386474167981815,
            0.013856262488195166,
            -0.11680271496803403,
            0.02244687130877479,
            -0.35157887339361477,
            -0.31652140096602577,
            -0.02466357165975541,
            -0.20731469703804767,
            -0.01408774654773342,
            -0.5365090561605241,
            -0.3689514335126003,
            0.08007568124973459,
            -0.07886574467748592,
            0.04879562344427493,
            -0.45904842745426644,
            -0.31368525985834017,
            -0.06922236024318301,
            0.22325627611627336,
            -0.043899407896108286
        ],
        [
            -0.008408613212815271,
            -0.026448874654477712,
            -0.002636123132754841,
            -0.014271838351914607,
            0.0020764852236983614,
            -0.05223267323005106,
            -0.05307324774166149,
            -0.05039354840874219,
            -0.0619210375098609,
            -0.0010913677600679827,
            -0.019303056127029095,
            -0.0630322285552666,
            0.23985287216879714,
            0.2914557317826283,
            -0.05965933218920362,
            -0.08091620904582422,
            -0.06922236024318301,
            1.459990392510015,
            0.07264044919560905,
            -0.015270688799982841
        ],
        [
            0.06475236302709979,
            0.11511257478506033,
            -0.010036073515119044,
            0.08485206631023304,
            -0.013765070090960927,
            0.24821769449843908,
            0.18172040343558177,
            0.019998931287847993,
            0.1511408161047425,
            0.008606922561178412,
            0.09591131119261087,
            0.2170427808044168,
            0.26732091539459746,
            -0.5509470005033363,
            0.17152415112992503,
            0.25151941700024516,
            0.22325627611627336,
            0.07264044919560905,
            1.2513812234565624,
            0.04634339713035137
        ],
        [
            -0.0075704721180807465,
            -0.01832990266652471,
            0.0013020763479713597,
            -0.012435186797840279,
            -0.002221153159993528,
            -0.035085846015262746,
            -0.034093484301898055,
            -0.00270961837919955,
            -0.03924603231775707,
            -0.04724956624565868,
            -0.012539802400279298,
            -0.040287050802307954,
            -0.05951391945491159,
            0.18639568567732556,
            0.2954833757293359,
            -0.051158820683904586,
            -0.043899407896108286,
            -0.015270688799982841,
            0.04634339713035137,
            1.474288457793062
        ]
    ]
}