{
    "HF": -2.1641118443284575,
    "coordinates": [
        [
            0.643374,
            -0.171851,
            -0.01601
        ],
        [
            1.410068,
            -0.149882,
            0.127465
        ],
        [
            2.153473,
            0.090606,
            -0.032573
        ],
        [
            2.940893,
            0.100025,
            -0.032954
        ]
    ],
    "elements": [
        "H",
        "H",
        "H",
        "H"
    ],
    "Enn": 2.926957234638817,
    "S": [
        [
            0.9999999999999999,
            0.6848602514927513,
            0.0,
            0.0,
            0.0,
            0.5384372540185289,
            0.5535413041762047,
            -0.09683060432195487,
            -0.5174381833073141,
            -0.01482677502247099,
            0.11534855090493265,
            0.301480865628915,
            0.0016475688860601826,
            -0.1502138578319506,
            -0.026107346925599084,
            0.009709677270092204,
            0.10598651718646084,
            8.293070465160006e-05,
            -0.011244975780243131,
            -0.0013306697508178957
        ],
        [
            0.6848602514927513,
            1.0000000000000002,
            0.0,
            0.0,
            0.0,
            0.5535413041762047,
            0.8757829791068344,
            -0.03110832671107849,
            -0.16623500567641505,
            -0.004763330402618482,
            0.301480865628915,
            0.5994062831114423,
            0.001875927940607291,
            -0.17103404619834153,
            -0.02972592039533709,
            0.10598651718646085,
            0.31160268853021345,
            0.0006259046071226107,
            -0.08486943620465846,
            -0.01004299108628818
        ],
        [
            0.0,
            0.0,
            1.0000000000000004,
            0.0,
            0.0,
            0.09683060432195487,
            0.03110832671107851,
            0.42942460429316465,
            -0.12955979270070073,
            -0.0037124316687514106,
            -0.001647568886060183,
            -0.0018759279406072922,
            0.04732908501968826,
            0.0030754884185809645,
            0.0005345235404271535,
            -8.293070465160008e-05,
            -0.0006259046071226098,
            0.0009594832582969328,
            9.704394107438507e-05,
            1.1483656293392793e-05
        ],
        [
            0.0,
            0.0,
            0.0,
            1.0000000000000004,
            0.0,
            0.5174381833073141,
            0.16623500567641486,
            -0.12955979270070064,
            -0.23866493401988081,
            -0.019838292983737193,
            0.15021385783195051,
            0.1710340461983415,
            0.0030754884185809606,
            -0.23303879972995,
            -0.04873413414692408,
            0.011244975780243128,
            0.08486943620465842,
            9.704394107438517e-05,
            -0.012198458891923352,
            -0.0015571245587546938
        ],
        [
            0.0,
            0.0,
            0.0,
            0.0,
            1.0000000000000004,
            0.01482677502247099,
            0.004763330402618482,
            -0.0037124316687514097,
            -0.0198382929837372,
            0.4531012781671917,
            0.02610734692559908,
            0.02972592039533706,
            0.0005345235404271529,
            -0.04873413414692408,
            0.038892767049063616,
            0.0013306697508178953,
            0.010042991086288167,
            1.1483656293392805e-05,
            -0.0015571245587546938,
            0.0007759372314747706
        ],
        [
            0.5384372540185289,
            0.5535413041762047,
            0.09683060432195488,
            0.5174381833073142,
            0.01482677502247099,
            0.9999999999999999,
            0.6848602514927513,
            0.0,
            0.0,
            0.0,
            0.5247866719480442,
            0.5483025720850468,
            0.10455471650010364,
            -0.48567527099663566,
            -0.15711365214309683,
            0.10758336778946546,
            0.2929774109580237,
            0.014659123132678318,
            -0.13988712166004205,
            -0.022836556048337415
        ],
        [
            0.5535413041762047,
            0.8757829791068344,
            0.0311083267110785,
            0.16623500567641505,
            0.004763330402618482,
            0.6848602514927513,
            1.0000000000000002,
            0.0,
            0.0,
            0.0,
            0.5483025720850468,
            0.8706072702943821,
            0.03434906596147285,
            -0.15955752621932726,
            -0.05161610476850924,
            0.29297741095802377,
            0.5887872918695831,
            0.01762131243672478,
            -0.16815430597964867,
            -0.027451170541672627
        ],
        [
            -0.09683060432195487,
            -0.03110832671107851,
            0.42942460429316465,
            -0.1295597927007007,
            -0.0037124316687514106,
            0.0,
            0.0,
            1.0000000000000004,
            0.0,
            0.0,
            -0.10455471650010364,
            -0.03434906596147284,
            0.40880616964107414,
            0.13526354801725046,
            0.0437571177696848,
            -0.014659123132678321,
            -0.01762131243672479,
            0.03973273063252907,
            0.027145134377314396,
            0.004431439973106991
        ],
        [
            -0.5174381833073141,
            -0.16623500567641505,
            -0.1295597927007007,
            -0.23866493401988068,
            -0.0198382929837372,
            0.0,
            0.0,
            0.0,
            1.0000000000000004,
            0.0,
            0.4856752709966356,
            0.15955752621932756,
            0.13526354801725046,
            -0.19039795938890564,
            -0.2032596016919265,
            0.13988712166004208,
            0.16815430597964845,
            0.027145134377314403,
            -0.21645962403670316,
            -0.04228775330123932
        ],
        [
            -0.01482677502247099,
            -0.004763330402618482,
            -0.0037124316687514097,
            -0.019838292983737193,
            0.4531012781671917,
            0.0,
            0.0,
            0.0,
            0.0,
            1.0000000000000004,
            0.1571136521430968,
            0.05161610476850923,
            0.04375711776968477,
            -0.20325960169192636,
            0.3721717813949589,
            0.022836556048337425,
            0.027451170541672617,
            0.004431439973106991,
            -0.04228775330123931,
            0.0356738667829196
        ],
        [
            0.11534855090493265,
            0.301480865628915,
            -0.001647568886060183,
            0.15021385783195063,
            0.026107346925599084,
            0.5247866719480442,
            0.5483025720850468,
            -0.10455471650010364,
            0.48567527099663566,
            0.15711365214309683,
            0.9999999999999999,
            0.6848602514927513,
            0.0,
            0.0,
            0.0,
            0.532753717220955,
            0.5513728215867786,
            0.0002537047827115088,
            -0.524336535440154,
            -0.006272035035064917
        ],
        [
            0.301480865628915,
            0.5994062831114423,
            -0.0018759279406072925,
            0.17103404619834164,
            0.02972592039533709,
            0.5483025720850468,
            0.8706072702943821,
            -0.034349065961472844,
            0.1595575262193276,
            0.05161610476850924,
            0.6848602514927513,
            1.0000000000000002,
            0.0,
            0.0,
            0.0,
            0.5513728215867786,
            0.8736428545982516,
            8.226320600238087e-05,
            -0.17001494401677883,
            -0.002033693273848826
        ],
        [
            0.0016475688860601834,
            0.0018759279406072907,
            0.04732908501968826,
            0.0030754884185809636,
            0.0005345235404271533,
            0.10455471650010364,
            0.03434906596147284,
            0.40880616964107414,
            0.13526354801725055,
            0.0437571177696848,
            0.0,
            0.0,
            1.0000000000000004,
            0.0,
            0.0,
            -0.0002537047827115088,
            -8.226320600237534e-05,
            0.4471031800903945,
            0.00034823425107756824,
            4.165525908536255e-06
        ],
        [
            -0.15021385783195054,
            -0.1710340461983415,
            0.0030754884185809615,
            -0.23303879972995,
            -0.04873413414692407,
            -0.48567527099663566,
            -0.15955752621932756,
            0.13526354801725038,
            -0.19039795938890577,
            -0.20325960169192636,
            0.0,
            0.0,
            0.0,
            1.0000000000000004,
            0.0,
            0.524336535440154,
            0.1700149440167788,
            0.000348234251077575,
            -0.2725990503202714,
            -0.008608972207085721
        ],
        [
            -0.02610734692559908,
            -0.02972592039533707,
            0.0005345235404271531,
            -0.04873413414692409,
            0.038892767049063616,
            -0.1571136521430968,
            -0.05161610476850923,
            0.04375711776968477,
            -0.2032596016919265,
            0.3721717813949589,
            0.0,
            0.0,
            0.0,
            0.0,
            1.0000000000000004,
            0.006272035035064917,
            0.002033693273848826,
            4.165525908536336e-06,
            -0.008608972207085721,
            0.44700036935156534
        ],
        [
            0.009709677270092204,
            0.10598651718646084,
            -8.293070465160008e-05,
            0.01124497578024313,
            0.0013306697508178957,
            0.10758336778946546,
            0.2929774109580237,
            -0.014659123132678318,
            0.139887121660042,
            0.022836556048337415,
            0.532753717220955,
            0.5513728215867786,
            -0.0002537047827115088,
            0.524336535440154,
            0.006272035035064917,
            0.9999999999999999,
            0.6848602514927513,
            0.0,
            0.0,
            0.0
        ],
        [
            0.10598651718646085,
            0.31160268853021345,
            -0.0006259046071226111,
            0.08486943620465849,
            0.01004299108628818,
            0.29297741095802377,
            0.5887872918695831,
            -0.01762131243672478,
            0.16815430597964848,
            0.027451170541672627,
            0.5513728215867786,
            0.8736428545982516,
            -8.226320600237535e-05,
            0.17001494401677883,
            0.002033693273848826,
            0.6848602514927513,
            1.0000000000000002,
            0.0,
            0.0,
            0.0
        ],
        [
            8.293070465160006e-05,
            0.0006259046071226104,
            0.0009594832582969328,
            9.70439410743851e-05,
            1.1483656293392797e-05,
            0.014659123132678323,
            0.01762131243672478,
            0.03973273063252907,
            0.027145134377314403,
            0.004431439973106991,
            0.0002537047827115088,
            8.226320600237534e-05,
            0.4471031800903945,
            0.000348234251077575,
            4.165525908536336e-06,
            0.0,
            0.0,
            1.0000000000000004,
            0.0,
            0.0
        ],
        [
            -0.011244975780243126,
            -0.08486943620465842,
            9.704394107438514e-05,
            -0.012198458891923352,
            -0.0015571245587546938,
            -0.13988712166004202,
            -0.16815430597964826,
            0.027145134377314396,
            -0.2164596240367031,
            -0.04228775330123931,
            -0.524336535440154,
            -0.1700149440167788,
            0.0003482342510775683,
            -0.2725990503202714,
            -0.008608972207085721,
            0.0,
            0.0,
            0.0,
            1.0000000000000004,
            0.0
        ],
        [
            -0.0013306697508178953,
            -0.010042991086288172,
            1.1483656293392802e-05,
            -0.0015571245587546938,
            0.0007759372314747706,
            -0.022836556048337425,
            -0.027451170541672617,
            0.004431439973106991,
            -0.04228775330123932,
            0.0356738667829196,
            -0.006272035035064917,
            -0.002033693273848826,
            4.1655259085362554e-06,
            -0.008608972207085721,
            0.44700036935156534,
            0.0,
            0.0,
            0.0,
            0.0,
            1.0000000000000004
        ]
    ],
    "h": [
        [
            -0.26121355222111453,
            -0.4653218311581482,
            -0.04942436345059362,
            -0.27821592686726204,
            -0.010492223819428369,
            -0.5722024584135298,
            -0.4588908608467088,
            0.014493465047889592,
            0.026484459628819068,
            -0.008032620074919537,
            -0.23878246835320585,
            -0.3087656387588428,
            -0.03031466017370821,
            0.2960564557140971,
            0.0680005611701387,
            -0.005793917603477944,
            -0.12686828265446126,
            -0.0028030616269970224,
            0.05609471561669119,
            0.007413351642749311
        ],
        [
            -0.4653218311581482,
            -0.3129386903538631,
            -0.040490230128586095,
            -0.23912722082010707,
            -0.010479743344359692,
            -0.5343267269012448,
            -0.366677110301572,
            0.05845164658468877,
            0.11324247338439572,
            -0.024727726038053146,
            -0.32516198570833577,
            -0.30754338308016593,
            -0.03440406690531555,
            0.17538552880362532,
            0.05833780690251895,
            -0.12699407648525682,
            -0.18825686933115116,
            -0.003366500507864364,
            0.11167436863393322,
            0.007843912669470987
        ],
        [
            -0.04942436345059362,
            -0.040490230128586095,
            1.4733888889792937,
            -0.04613460581472284,
            -0.0012738534918662271,
            -0.006055135856604915,
            -0.03563999458991321,
            0.341382263825025,
            -0.17990480658981217,
            -0.005794234725914459,
            -0.01831426645375265,
            -0.028142812895594803,
            -0.04911904112572278,
            0.02989630793030918,
            0.007693949128769609,
            7.101652842275707e-05,
            -0.010933045264797325,
            -0.0035308554498758335,
            0.0020858345763746264,
            0.00033227034290580793
        ],
        [
            -0.27821592686726204,
            -0.23912722082010707,
            -0.04613460581472284,
            1.2144493908772886,
            -0.010807987023024608,
            -0.07899201030582215,
            -0.22904900282694113,
            -0.16356862979810344,
            -0.6131484677735356,
            -0.04429463713204619,
            -0.23358608073780338,
            -0.1839980510230247,
            -0.032381624761031666,
            0.1745131379292727,
            0.06047723662954209,
            -0.056703407373897334,
            -0.11182764178394773,
            -0.002063199562953459,
            0.0749628281605264,
            0.008388114190388232
        ],
        [
            -0.010492223819428369,
            -0.010479743344359692,
            -0.0012738534918662271,
            -0.010807987023024608,
            1.4812273800723357,
            -0.009141174599403584,
            -0.012260413380149162,
            -0.0029040532187724327,
            -0.031429798545197646,
            0.3712937015171097,
            -0.02510478210240954,
            -0.010005390746251397,
            -0.0024605617543966172,
            0.014899068021810333,
            -0.040675989373896215,
            -0.007952369972249126,
            -0.00957199342442916,
            -0.00016082877845130685,
            0.008977443172929828,
            -0.002476042539486552
        ],
        [
            -0.5722024584135298,
            -0.5343267269012448,
            -0.006055135856604915,
            -0.07899201030582215,
            -0.009141174599403584,
            -0.43072156817341867,
            -0.5933133516384886,
            0.091696411193507,
            0.06062928530964935,
            -0.05752369083612856,
            -0.5088595435378315,
            -0.5034167063147792,
            -0.008048035284866861,
            0.059026996751836425,
            0.0214619227324222,
            -0.2285495314648052,
            -0.31884715589590695,
            -0.012825159547309277,
            0.2292125604409471,
            0.021542028892346597
        ],
        [
            -0.4588908608467088,
            -0.366677110301572,
            -0.03563999458991321,
            -0.22904900282694113,
            -0.012260413380149162,
            -0.5933133516384886,
            -0.4323738620464119,
            0.07726987294231998,
            0.018428094188956565,
            -0.05267093491832789,
            -0.5020023897613426,
            -0.4084501613121281,
            -0.03846512885513211,
            0.11098764891947832,
            0.06304740709665288,
            -0.301625543409333,
            -0.30344217345785063,
            -0.003356640051509062,
            0.18180396034501894,
            0.006699699086952761
        ],
        [
            0.014493465047889592,
            0.05845164658468877,
            0.341382263825025,
            -0.16356862979810344,
            -0.0029040532187724327,
            0.091696411193507,
            0.07726987294231998,
            1.3895708352313514,
            6.199460261796692e-06,
            0.013407508500323365,
            0.020864213354883837,
            0.062341105376352526,
            0.30469709384376464,
            0.17548032396414176,
            0.05570306765370933,
            0.03854519305528024,
            0.042831121562578484,
            -0.04279066135446795,
            -0.04085701875034629,
            -0.002768633825950618
        ],
        [
            0.026484459628819068,
            0.11324247338439572,
            -0.17990480658981217,
            -0.6131484677735356,
            -0.031429798545197646,
            0.06062928530964935,
            0.018428094188956565,
            6.199460261796692e-06,
            0.8992375723847732,
            -0.08158108505192102,
            -0.0515361940240201,
            -0.10643419458027448,
            0.18837793384699258,
            -0.6628362211683057,
            -0.2914278142857421,
            -0.28952604257417824,
            -0.17306123328965348,
            -0.008465472809259467,
            0.18959793894275012,
            0.014239706590388992
        ],
        [
            -0.008032620074919537,
            -0.024727726038053146,
            -0.005794234725914459,
            -0.04429463713204619,
            0.3712937015171097,
            -0.05752369083612856,
            -0.05267093491832789,
            0.013407508500323365,
            -0.08158108505192102,
            1.3850962385209775,
            -0.019270005649190014,
            -0.060348661213743965,
            0.05912293597581615,
            -0.2915780082637375,
            0.253586587963359,
            -0.06526931170959666,
            -0.05670511911750451,
            -0.002256922245666211,
            0.06138549733924564,
            -0.040529652453488454
        ],
        [
            -0.23878246835320585,
            -0.32516198570833577,
            -0.01831426645375265,
            -0.23358608073780338,
            -0.02510478210240954,
            -0.5088595435378315,
            -0.5020023897613426,
            0.020864213354883837,
            -0.0515361940240201,
            -0.019270005649190014,
            -0.4255921872563311,
            -0.5924017516992729,
            -0.04351165839951459,
            -0.05858970566528848,
            0.06208654884790955,
            -0.564625669573036,
            -0.5301446147354807,
            -0.005143918842648219,
            0.07592394139710557,
            0.007480851171280507
        ],
        [
            -0.3087656387588428,
            -0.30754338308016593,
            -0.028142812895594803,
            -0.1839980510230247,
            -0.010005390746251397,
            -0.5034167063147792,
            -0.4084501613121281,
            0.062341105376352526,
            -0.10643419458027448,
            -0.060348661213743965,
            -0.5924017516992729,
            -0.43398391651000257,
            -0.03774873807051442,
            -0.017325980224720386,
            0.05659746406289845,
            -0.45412779283835314,
            -0.3644329518058036,
            -0.004325142740624333,
            0.22735469771143585,
            0.008127670253593417
        ],
        [
            -0.03031466017370821,
            -0.03440406690531555,
            -0.04911904112572278,
            -0.032381624761031666,
            -0.0024605617543966172,
            -0.008048035284866861,
            -0.03846512885513211,
            0.30469709384376464,
            0.18837793384699258,
            0.05912293597581615,
            -0.04351165839951459,
            -0.03774873807051442,
            1.4010130116017248,
            0.046222569040761795,
            0.014610948906727044,
            -0.007722940875551064,
            -0.020472083720273537,
            0.36567804177073826,
            0.011867440183589277,
            0.0013151873873540614
        ],
        [
            0.2960564557140971,
            0.17538552880362532,
            0.02989630793030918,
            0.1745131379292727,
            0.014899068021810333,
            0.059026996751836425,
            0.11098764891947832,
            0.17548032396414176,
            -0.6628362211683057,
            -0.2915780082637375,
            -0.05858970566528848,
            -0.017325980224720386,
            0.046222569040761795,
            0.8915098729836681,
            -0.0784888270088496,
            -0.03042019153239539,
            -0.1171304983609957,
            0.0020655295005435207,
            -0.6531052529792846,
            -0.01527608529495203
        ],
        [
            0.0680005611701387,
            0.05833780690251895,
            0.007693949128769609,
            0.06047723662954209,
            -0.040675989373896215,
            0.0214619227324222,
            0.06304740709665288,
            0.05570306765370933,
            -0.2914278142857421,
            0.253586587963359,
            0.06208654884790955,
            0.05659746406289845,
            0.014610948906727044,
            -0.0784888270088496,
            1.3876226898472324,
            0.00749305253600646,
            0.027214607920731354,
            0.0012182316409634734,
            -0.027889628714828044,
            0.36435449770598693
        ],
        [
            -0.005793917603477944,
            -0.12699407648525682,
            7.101652842275707e-05,
            -0.056703407373897334,
            -0.007952369972249126,
            -0.2285495314648052,
            -0.301625543409333,
            0.03854519305528024,
            -0.28952604257417824,
            -0.06526931170959666,
            -0.564625669573036,
            -0.45412779283835314,
            -0.007722940875551064,
            -0.03042019153239539,
            0.00749305253600646,
            -0.25408414441072336,
            -0.4618921202005968,
            -0.002349813354355185,
            0.2776419295682334,
            0.005530049282313373
        ],
        [
            -0.12686828265446126,
            -0.18825686933115116,
            -0.010933045264797325,
            -0.11182764178394773,
            -0.00957199342442916,
            -0.31884715589590695,
            -0.30344217345785063,
            0.042831121562578484,
            -0.17306123328965348,
            -0.05670511911750451,
            -0.5301446147354807,
            -0.3644329518058036,
            -0.020472083720273537,
            -0.1171304983609957,
            0.027214607920731354,
            -0.4618921202005968,
            -0.31032862087060553,
            -0.0030029297986925753,
            0.23920540330667703,
            0.006166877820364024
        ],
        [
            -0.0028030616269970224,
            -0.003366500507864364,
            -0.0035308554498758335,
            -0.002063199562953459,
            -0.00016082877845130685,
            -0.012825159547309277,
            -0.003356640051509062,
            -0.04279066135446795,
            -0.008465472809259467,
            -0.002256922245666211,
            -0.005143918842648219,
            -0.004325142740624333,
            0.36567804177073826,
            0.0020655295005435207,
            0.0012182316409634734,
            -0.002349813354355185,
            -0.0030029297986925753,
            1.4867698657675208,
            0.0023897613478908097,
            0.00037950402965484343
        ],
        [
            0.05609471561669119,
            0.11167436863393322,
            0.0020858345763746264,
            0.0749628281605264,
            0.008977443172929828,
            0.2292125604409471,
            0.18180396034501894,
            -0.04085701875034629,
            0.18959793894275012,
            0.06138549733924564,
            0.07592394139710557,
            0.22735469771143585,
            0.011867440183589277,
            -0.6531052529792846,
            -0.027889628714828044,
            0.2776419295682334,
            0.23920540330667703,
            0.0023897613478908097,
            1.2166509667623777,
            -0.006089758482146537
        ],
        [
            0.007413351642749311,
            0.007843912669470987,
            0.00033227034290580793,
            0.008388114190388232,
            -0.002476042539486552,
            0.021542028892346597,
            0.006699699086952761,
            -0.002768633825950618,
            0.014239706590388992,
            -0.040529652453488454,
            0.007480851171280507,
            0.008127670253593417,
            0.0013151873873540614,
            -0.01527608529495203,
            0.36435449770598693,
            0.005530049282313373,
            0.006166877820364024,
            0.00037950402965484343,
            -0.006089758482146537,
            1.4864619025690087
        ]
    ]
}