{
    "HF": -2.162213941175214,
    "coordinates": [
        [
            0.736563,
            0.114569,
            -0.12473
        ],
        [
            1.459683,
            0.029401,
            0.119323
        ],
        [
            2.254681,
            -0.027466,
            0.063621
        ],
        [
            3.082664,
            0.13384,
            -0.014993
        ]
    ],
    "elements": [
        "H",
        "H",
        "H",
        "H"
    ],
    "Enn": 2.87005033261855,
    "S": [
        [
            0.9999999999999999,
            0.6848602514927513,
            0.0,
            0.0,
            0.0,
            0.5482998948125108,
            0.557262093483766,
            -0.16853696527681694,
            -0.49936878600538376,
            0.058814914214109025,
            0.11429658433794658,
            0.3003502470905147,
            -0.018527890621459743,
            -0.14933567782740326,
            0.013971834205388002,
            0.008507701259598625,
            0.10012218286968835,
            -0.0004568149766185277,
            -0.009766387576293362,
            -8.02216336733794e-05
        ],
        [
            0.6848602514927513,
            1.0000000000000002,
            0.0,
            0.0,
            0.0,
            0.557262093483766,
            0.8794476919568295,
            -0.053295482283547656,
            -0.15791254009940062,
            0.01859870452371079,
            0.3003502470905147,
            0.5980009840892943,
            -0.021247080629873745,
            -0.171252478360416,
            0.01602236832968298,
            0.10012218286968835,
            0.3006798901540862,
            -0.003813338858462435,
            -0.08152654172410015,
            -0.0006696634056100438
        ],
        [
            0.0,
            0.0,
            1.0000000000000004,
            0.0,
            0.0,
            0.16853696527681694,
            0.05329548228354765,
            0.39318067481635777,
            -0.2130949827523889,
            0.025098010691248285,
            0.018527890621459746,
            0.021247080629873755,
            0.04240334526138014,
            -0.034671174871367595,
            0.0032438323785467897,
            0.0004568149766185277,
            0.0038133388584624343,
            0.0007520056480211983,
            -0.0005188566590799227,
            -4.261916548831096e-06
        ],
        [
            0.0,
            0.0,
            0.0,
            1.0000000000000004,
            0.0,
            0.4993687860053836,
            0.15791254009940042,
            -0.21309498275238895,
            -0.166292309993271,
            0.07436447612221717,
            0.14933567782740323,
            0.17125247836041588,
            -0.03467117487136756,
            -0.23274636058673498,
            0.026145442938209477,
            0.009766387576293356,
            0.08152654172410005,
            -0.0005188566590799225,
            -0.01031652099176058,
            -9.111682182973091e-05
        ],
        [
            0.0,
            0.0,
            0.0,
            0.0,
            1.0000000000000004,
            -0.058814914214109,
            -0.018598704523710777,
            0.025098010691248278,
            0.07436447612221711,
            0.45634169390487933,
            -0.013971834205387999,
            -0.016022368329682984,
            0.003243832378546789,
            0.02614544293820949,
            0.04425878895578886,
            8.02216336733794e-05,
            0.0006696634056100438,
            -4.261916548831096e-06,
            -9.111682182973096e-05,
            0.0007755263152575927
        ],
        [
            0.5482998948125108,
            0.557262093483766,
            0.16853696527681694,
            0.4993687860053836,
            -0.05881491421410902,
            0.9999999999999999,
            0.6848602514927513,
            0.0,
            0.0,
            0.0,
            0.5236705175263291,
            0.5478695592331552,
            0.03629282040208695,
            -0.5179835487777517,
            0.03705187996491112,
            0.0884669027146493,
            0.2702712333461004,
            0.009675643886184014,
            -0.11691374214570724,
            -0.007523411744164302
        ],
        [
            0.557262093483766,
            0.8794476919568295,
            0.053295482283547656,
            0.15791254009940062,
            -0.018598704523710805,
            0.6848602514927513,
            1.0000000000000002,
            0.0,
            0.0,
            0.0,
            0.5478695592331552,
            0.8701786266369466,
            0.0119452795583192,
            -0.17048711641062536,
            0.012195113508364847,
            0.2702712333461004,
            0.5598435631154471,
            0.013533755866724544,
            -0.16353248034733361,
            -0.010523332506662233
        ],
        [
            -0.16853696527681694,
            -0.05329548228354768,
            0.39318067481635777,
            -0.21309498275238895,
            0.02509801069124828,
            0.0,
            0.0,
            1.0000000000000004,
            0.0,
            0.0,
            -0.03629282040208696,
            -0.0119452795583192,
            0.4331248114609686,
            0.05019893536758525,
            -0.0035907799234066885,
            -0.009675643886184016,
            -0.013533755866724537,
            0.030053324210105373,
            0.017844262415160222,
            0.0011482801846583038
        ],
        [
            -0.49936878600538376,
            -0.1579125400994006,
            -0.2130949827523889,
            -0.16629230999327085,
            0.07436447612221712,
            0.0,
            0.0,
            0.0,
            1.0000000000000004,
            0.0,
            0.5179835487777515,
            0.17048711641062536,
            0.05019893536758525,
            -0.27981434969618013,
            0.05124883949496374,
            0.1169137421457073,
            0.16353248034733361,
            0.017844262415160232,
            -0.18408754504403402,
            -0.013875018034909613
        ],
        [
            0.05881491421410901,
            0.018598704523710777,
            0.02509801069124828,
            0.07436447612221715,
            0.45634169390487933,
            0.0,
            0.0,
            0.0,
            0.0,
            1.0000000000000004,
            -0.03705187996491111,
            -0.012195113508364837,
            -0.0035907799234066876,
            0.05124883949496373,
            0.43297614862443956,
            0.007523411744164302,
            0.010523332506662228,
            0.0011482801846583038,
            -0.013875018034909602,
            0.030637235507900446
        ],
        [
            0.11429658433794658,
            0.3003502470905147,
            0.018527890621459743,
            0.14933567782740328,
            -0.013971834205388002,
            0.5236705175263291,
            0.5478695592331552,
            -0.03629282040208695,
            0.5179835487777517,
            -0.03705187996491112,
            0.9999999999999999,
            0.6848602514927513,
            0.0,
            0.0,
            0.0,
            0.48613613460674143,
            0.5328780046824727,
            0.04661782987467597,
            -0.49099105290563816,
            -0.09565389963320124
        ],
        [
            0.3003502470905147,
            0.5980009840892943,
            0.021247080629873745,
            0.17125247836041607,
            -0.016022368329682984,
            0.5478695592331552,
            0.8701786266369466,
            -0.0119452795583192,
            0.17048711641062536,
            -0.012195113508364847,
            0.6848602514927513,
            1.0000000000000002,
            0.0,
            0.0,
            0.0,
            0.5328780046824727,
            0.8552578590455973,
            0.016366713593361285,
            -0.17237846466497142,
            -0.033582429375057045
        ],
        [
            -0.018527890621459746,
            -0.021247080629873755,
            0.04240334526138014,
            -0.03467117487136759,
            0.0032438323785467897,
            0.03629282040208696,
            0.0119452795583192,
            0.4331248114609686,
            0.05019893536758525,
            -0.0035907799234066885,
            0.0,
            0.0,
            1.0000000000000004,
            0.0,
            0.0,
            -0.04661782987467597,
            -0.016366713593361275,
            0.3875615754415685,
            0.06656084213240948,
            0.012967250778108301
        ],
        [
            -0.14933567782740326,
            -0.17125247836041577,
            -0.03467117487136757,
            -0.23274636058673492,
            0.02614544293820948,
            -0.5179835487777515,
            -0.17048711641062536,
            0.05019893536758525,
            -0.27981434969618013,
            0.05124883949496374,
            0.0,
            0.0,
            0.0,
            1.0000000000000004,
            0.0,
            0.49099105290563816,
            0.17237846466497134,
            0.06656084213240947,
            -0.3071547335823979,
            -0.13657444222416418
        ],
        [
            0.013971834205387999,
            0.016022368329682984,
            0.003243832378546789,
            0.026145442938209487,
            0.04425878895578886,
            0.03705187996491111,
            0.012195113508364837,
            -0.0035907799234066876,
            0.05124883949496373,
            0.43297614862443956,
            0.0,
            0.0,
            0.0,
            0.0,
            1.0000000000000004,
            0.09565389963320124,
            0.03358242937505704,
            0.012967250778108296,
            -0.13657444222416418,
            0.3672741263828152
        ],
        [
            0.008507701259598625,
            0.10012218286968835,
            0.0004568149766185277,
            0.009766387576293362,
            8.02216336733794e-05,
            0.0884669027146493,
            0.2702712333461004,
            -0.009675643886184014,
            0.11691374214570724,
            0.007523411744164301,
            0.48613613460674143,
            0.5328780046824727,
            -0.04661782987467597,
            0.49099105290563816,
            0.09565389963320124,
            0.9999999999999999,
            0.6848602514927513,
            0.0,
            0.0,
            0.0
        ],
        [
            0.10012218286968835,
            0.3006798901540862,
            0.0038133388584624343,
            0.08152654172410012,
            0.0006696634056100438,
            0.2702712333461004,
            0.5598435631154471,
            -0.013533755866724548,
            0.16353248034733361,
            0.010523332506662238,
            0.5328780046824727,
            0.8552578590455973,
            -0.016366713593361292,
            0.17237846466497142,
            0.03358242937505704,
            0.6848602514927513,
            1.0000000000000002,
            0.0,
            0.0,
            0.0
        ],
        [
            -0.0004568149766185275,
            -0.0038133388584624325,
            0.0007520056480211983,
            -0.0005188566590799227,
            -4.261916548831096e-06,
            0.009675643886184016,
            0.013533755866724536,
            0.030053324210105373,
            0.017844262415160222,
            0.0011482801846583038,
            0.04661782987467597,
            0.016366713593361275,
            0.3875615754415685,
            0.06656084213240948,
            0.012967250778108301,
            0.0,
            0.0,
            1.0000000000000004,
            0.0,
            0.0
        ],
        [
            -0.009766387576293356,
            -0.08152654172410002,
            -0.0005188566590799225,
            -0.01031652099176058,
            -9.111682182973091e-05,
            -0.1169137421457073,
            -0.16353248034733361,
            0.017844262415160232,
            -0.18408754504403402,
            -0.013875018034909611,
            -0.49099105290563816,
            -0.17237846466497134,
            0.06656084213240947,
            -0.3071547335823979,
            -0.13657444222416418,
            0.0,
            0.0,
            0.0,
            1.0000000000000004,
            0.0
        ],
        [
            -8.02216336733794e-05,
            -0.0006696634056100438,
            -4.261916548831096e-06,
            -9.111682182973096e-05,
            0.0007755263152575927,
            -0.007523411744164301,
            -0.010523332506662222,
            0.001148280184658304,
            -0.013875018034909606,
            0.030637235507900446,
            -0.09565389963320123,
            -0.03358242937505703,
            0.012967250778108296,
            -0.13657444222416418,
            0.3672741263828152,
            0.0,
            0.0,
            0.0,
            0.0,
            1.0000000000000004
        ]
    ],
    "h": [
        [
            -0.26976466059270554,
            -0.46817105127918424,
            -0.09008796998434201,
            -0.2723318045759028,
            0.032838376781830464,
            -0.5810748934921512,
            -0.46368164384981814,
            0.014702871519111982,
            0.01778696911532518,
            -0.00023111491177639498,
            -0.2420439213791724,
            -0.3110448355742978,
            0.005499986137226152,
            0.3063720038021258,
            -0.019676700141775118,
            -0.0005550320977351711,
            -0.11818006793390934,
            -0.0009021073936114042,
            0.04851095318725043,
            0.0020470812338501737
        ],
        [
            -0.46817105127918424,
            -0.3135849118252232,
            -0.07470428757333916,
            -0.23256561906092094,
            0.02779155674590996,
            -0.5389051623611996,
            -0.36731488142491586,
            0.07335237828181546,
            0.10043525997251715,
            -0.015107855263393324,
            -0.32414722375790883,
            -0.3079475764733848,
            -0.004210214716703804,
            0.18892687530413166,
            -0.020665086709502567,
            -0.11654365495247106,
            -0.17982093540552418,
            -0.006795456309392993,
            0.09950096703553613,
            0.01295251207833573
        ],
        [
            -0.09008796998434201,
            -0.07470428757333916,
            1.448153535336066,
            -0.08155525482827944,
            0.009649240327209058,
            -0.017430216773645146,
            -0.06867763328913704,
            0.2914749525406581,
            -0.3017735110392577,
            0.03547987683334055,
            -0.05025523945838689,
            -0.053987097811816924,
            -0.04583072390064903,
            0.06414357262540571,
            -0.0047499241122717474,
            -0.00419694392595983,
            -0.023016569724220434,
            -0.002913223187177027,
            0.007595862449391009,
            0.0005087357852302426
        ],
        [
            -0.2723318045759028,
            -0.23256561906092094,
            -0.08155525482827944,
            1.2218414825471917,
            0.02978092525922773,
            -0.0776763097979416,
            -0.22498117243884996,
            -0.2861000592758016,
            -0.5246342751855191,
            0.1058597208809896,
            -0.23236937358000315,
            -0.18083558709129632,
            -0.0010358195883129612,
            0.18392991033955075,
            -0.018707481347851176,
            -0.050788552909024426,
            -0.10530258691882191,
            -0.0005219872540270644,
            0.06564953728765519,
            0.003910488330555097
        ],
        [
            0.032838376781830464,
            0.02779155674590996,
            0.009649240327209058,
            0.02978092525922773,
            1.471731526936083,
            0.008959027811233145,
            0.026339114246852993,
            0.03372486429046532,
            0.10620754761064527,
            0.3773738031546021,
            0.023862760166425932,
            0.02069622565645835,
            0.00011810860291000622,
            -0.02615481200109758,
            -0.04349671665028659,
            0.0021795630568570714,
            0.009255594409925766,
            0.0001542247443765604,
            -0.002479137679647389,
            -0.0029164982941141692
        ],
        [
            -0.5810748934921512,
            -0.5389051623611996,
            -0.017430216773645146,
            -0.0776763097979416,
            0.008959027811233145,
            -0.4413112475536609,
            -0.596809767749213,
            0.1008479954829922,
            0.04600986532204969,
            -0.014062258634336838,
            -0.5033524489862862,
            -0.5023713892028472,
            0.008077201832954788,
            0.07080933170026882,
            -0.014356412555600467,
            -0.199803694566591,
            -0.3014018123586525,
            -0.01782054856810492,
            0.20694540492399183,
            0.024809805567248815
        ],
        [
            -0.46368164384981814,
            -0.36731488142491586,
            -0.06867763328913704,
            -0.22498117243884996,
            0.026339114246852993,
            -0.596809767749213,
            -0.4314223450027719,
            0.0812564757854202,
            0.0051000275516094595,
            -0.01060041013799571,
            -0.4919850353494586,
            -0.40518659653846023,
            0.0009078104499664688,
            0.13576178543069428,
            -0.03550855482183273,
            -0.2788672451696393,
            -0.2926951729763957,
            -0.01526542525192814,
            0.16098645951326246,
            0.028384631355033253
        ],
        [
            0.014702871519111982,
            0.07335237828181546,
            0.2914749525406581,
            -0.2861000592758016,
            0.03372486429046532,
            0.1008479954829922,
            0.0812564757854202,
            1.3766214044803684,
            -0.0636691983269202,
            0.008054054512923308,
            0.02013404976007442,
            0.05155214374578075,
            0.335381401607717,
            0.043113266212698204,
            -0.002594848276293013,
            0.01283482929854382,
            0.022124709805087645,
            -0.038765311082312195,
            -0.019764932289956544,
            -0.0023570881724670613
        ],
        [
            0.01778696911532518,
            0.10043525997251715,
            -0.3017735110392577,
            -0.5246342751855191,
            0.10620754761064527,
            0.04600986532204969,
            0.0051000275516094595,
            -0.0636691983269202,
            0.8904471387689978,
            0.04423708134776177,
            -0.04260034677925051,
            -0.11630691327232534,
            0.07150288888974542,
            -0.7705858190106362,
            0.06063332694894821,
            -0.27532008825266097,
            -0.17902798736402564,
            -0.02346631110375619,
            0.2134966664350753,
            0.035351590986410275
        ],
        [
            -0.00023111491177639498,
            -0.015107855263393324,
            0.03547987683334055,
            0.1058597208809896,
            0.3773738031546021,
            -0.014062258634336838,
            -0.01060041013799571,
            0.008054054512923308,
            0.04423708134776177,
            1.4001032466941734,
            -0.005192498105768301,
            -0.0007934030147513996,
            -0.004643524909556454,
            0.07808877314232933,
            0.3359385343861514,
            0.00296425586336228,
            0.006386545546223768,
            0.0001656041712696883,
            -0.0011476553146889217,
            -0.0410397796182415
        ],
        [
            -0.2420439213791724,
            -0.32414722375790883,
            -0.05025523945838689,
            -0.23236937358000315,
            0.023862760166425932,
            -0.5033524489862862,
            -0.4919850353494586,
            0.02013404976007442,
            -0.04260034677925051,
            -0.005192498105768301,
            -0.39241712022372854,
            -0.5783885179247124,
            0.006105784948501471,
            -0.008885184255079115,
            -0.0587934507387506,
            -0.5266259538716598,
            -0.5076980281633449,
            -0.00796109971231558,
            0.07847117556764371,
            0.01141601616431731
        ],
        [
            -0.3110448355742978,
            -0.3079475764733848,
            -0.053987097811816924,
            -0.18083558709129632,
            0.02069622565645835,
            -0.5023713892028472,
            -0.40518659653846023,
            0.05155214374578075,
            -0.11630691327232534,
            -0.0007934030147513996,
            -0.5783885179247124,
            -0.4319738451872941,
            0.006604362796814336,
            0.013612117031895396,
            -0.05104109729315144,
            -0.4327255631458159,
            -0.35827174722233934,
            -0.01954002909618892,
            0.2007564625587417,
            0.03598247612996618
        ],
        [
            0.005499986137226152,
            -0.004210214716703804,
            -0.04583072390064903,
            -0.0010358195883129612,
            0.00011810860291000622,
            0.008077201832954788,
            0.0009078104499664688,
            0.335381401607717,
            0.07150288888974542,
            -0.004643524909556454,
            0.006105784948501471,
            0.006604362796814336,
            1.4162899891617995,
            0.03381009879485617,
            0.0028009454813920495,
            0.0004209252099394156,
            0.010102249819005663,
            0.2841020651707238,
            0.08970580427641855,
            0.017403551569890267
        ],
        [
            0.3063720038021258,
            0.18892687530413166,
            0.06414357262540571,
            0.18392991033955075,
            -0.02615481200109758,
            0.07080933170026882,
            0.13576178543069428,
            0.043113266212698204,
            -0.7705858190106362,
            0.07808877314232933,
            -0.008885184255079115,
            0.013612117031895396,
            0.03381009879485617,
            0.9134965563181168,
            -0.023392946306419186,
            -0.04540736143451829,
            -0.09925817514420507,
            0.08865941203781956,
            -0.6529864348766643,
            -0.18123988645422479
        ],
        [
            -0.019676700141775118,
            -0.020665086709502567,
            -0.0047499241122717474,
            -0.018707481347851176,
            -0.04349671665028659,
            -0.014356412555600467,
            -0.03550855482183273,
            -0.002594848276293013,
            0.06063332694894821,
            0.3359385343861514,
            -0.0587934507387506,
            -0.05104109729315144,
            0.0028009454813920495,
            -0.023392946306419186,
            1.4100984518744524,
            -0.010811567261815924,
            -0.042067679714487986,
            0.016427989112967337,
            -0.17335047547853538,
            0.2581603684253674
        ],
        [
            -0.0005550320977351711,
            -0.11654365495247106,
            -0.00419694392595983,
            -0.050788552909024426,
            0.0021795630568570714,
            -0.199803694566591,
            -0.2788672451696393,
            0.01283482929854382,
            -0.27532008825266097,
            0.00296425586336228,
            -0.5266259538716598,
            -0.4327255631458159,
            0.0004209252099394156,
            -0.04540736143451829,
            -0.010811567261815924,
            -0.21640873921980286,
            -0.4438544812112468,
            -0.023654210497063614,
            0.2390105229270489,
            0.04593938357340149
        ],
        [
            -0.11818006793390934,
            -0.17982093540552418,
            -0.023016569724220434,
            -0.10530258691882191,
            0.009255594409925766,
            -0.3014018123586525,
            -0.2926951729763957,
            0.022124709805087645,
            -0.17902798736402564,
            0.006386545546223768,
            -0.5076980281633449,
            -0.35827174722233934,
            0.010102249819005663,
            -0.09925817514420507,
            -0.042067679714487986,
            -0.4438544812112468,
            -0.3027432427692984,
            -0.021209264955882445,
            0.21482722366843246,
            0.040442648306389856
        ],
        [
            -0.0009021073936114042,
            -0.006795456309392993,
            -0.002913223187177027,
            -0.0005219872540270644,
            0.0001542247443765604,
            -0.01782054856810492,
            -0.01526542525192814,
            -0.038765311082312195,
            -0.02346631110375619,
            0.0001656041712696883,
            -0.00796109971231558,
            -0.01954002909618892,
            0.2841020651707238,
            0.08865941203781956,
            0.016427989112967337,
            -0.023654210497063614,
            -0.021209264955882445,
            1.4964307979955762,
            0.021673514242725518,
            0.004081164219899793
        ],
        [
            0.04851095318725043,
            0.09950096703553613,
            0.007595862449391009,
            0.06564953728765519,
            -0.002479137679647389,
            0.20694540492399183,
            0.16098645951326246,
            -0.019764932289956544,
            0.2134966664350753,
            -0.0011476553146889217,
            0.07847117556764371,
            0.2007564625587417,
            0.08970580427641855,
            -0.6529864348766643,
            -0.17335047547853538,
            0.2390105229270489,
            0.21482722366843246,
            0.021673514242725518,
            1.273488662276801,
            -0.042357418334432906
        ],
        [
            0.0020470812338501737,
            0.01295251207833573,
            0.0005087357852302426,
            0.003910488330555097,
            -0.0029164982941141692,
            0.024809805567248815,
            0.028384631355033253,
            -0.0023570881724670613,
            0.035351590986410275,
            -0.0410397796182415,
            0.01141601616431731,
            0.03598247612996618,
            0.017403551569890267,
            -0.18123988645422479,
            0.2581603684253674,
            0.04593938357340149,
            0.040442648306389856,
            0.004081164219899793,
            -0.042357418334432906,
            1.4903492966179415
        ]
    ]
}