{
    "HF": -2.1532080428240357,
    "coordinates": [
        [
            0.670619,
            0.143424,
            -0.073067
        ],
        [
            1.478422,
            -0.047344,
            0.149544
        ],
        [
            2.246029,
            -0.11566,
            0.043413
        ],
        [
            2.978463,
            0.015765,
            -0.150946
        ]
    ],
    "elements": [
        "H",
        "H",
        "H",
        "H"
    ],
    "Enn": 2.8890772717745388,
    "S": [
        [
            0.9999999999999999,
            0.6848602514927513,
            0.0,
            0.0,
            0.0,
            0.47684110068812147,
            0.5290305744343302,
            -0.12882001716809688,
            -0.46745756646544934,
            0.11039318378302734,
            0.0962894686822218,
            0.27989825595693313,
            -0.009300774544561394,
            -0.12579441299147898,
            0.02068751607231409,
            0.009743373455287281,
            0.10614469399402171,
            0.00038279146822241435,
            -0.011343532828982,
            0.0006274705124848182
        ],
        [
            0.6848602514927513,
            1.0000000000000002,
            0.0,
            0.0,
            0.0,
            0.5290305744343302,
            0.8514029526863824,
            -0.04598839106253061,
            -0.16688106277535864,
            0.039410062333922524,
            0.27989825595693313,
            0.5722234218952702,
            -0.012184560409774225,
            -0.16479806245846862,
            0.02710185996914446,
            0.10614469399402171,
            0.31189411120542043,
            0.002881428534116469,
            -0.08538742862503994,
            0.004723228151835206
        ],
        [
            0.0,
            0.0,
            1.0000000000000004,
            0.0,
            0.0,
            0.12882001716809685,
            0.04598839106253056,
            0.334090832167026,
            -0.17900223458343703,
            0.042272556906836345,
            0.009300774544561397,
            0.01218456040977423,
            0.034654229375587854,
            -0.017112234388741758,
            0.00281419194646014,
            -0.0003827914682224142,
            -0.002881428534116468,
            0.0009503588150923246,
            0.0004505462936660874,
            -2.492208715282274e-05
        ],
        [
            0.0,
            0.0,
            0.0,
            1.0000000000000004,
            0.0,
            0.46745756646544917,
            0.1668810627753586,
            -0.1790022345834371,
            -0.26613751394573765,
            0.1533971739357584,
            0.12579441299147898,
            0.16479806245846862,
            -0.01711223438874175,
            -0.19552616969315167,
            0.038062380961304675,
            0.011343532828982,
            0.08538742862503992,
            0.0004505462936660871,
            -0.012385797280557448,
            0.0007385339989357724
        ],
        [
            0.0,
            0.0,
            0.0,
            0.0,
            1.0000000000000004,
            -0.11039318378302734,
            -0.03941006233392254,
            0.04227255690683637,
            0.15339717393575847,
            0.34719377232134174,
            -0.020687516072314085,
            -0.02710185996914446,
            0.002814191946460139,
            0.038062380961304675,
            0.029659897203405363,
            -0.0006274705124848183,
            -0.004723228151835207,
            -2.4922087152822732e-05,
            0.0007385339989357726,
            0.0009247104536928017
        ],
        [
            0.47684110068812147,
            0.5290305744343302,
            0.12882001716809688,
            0.46745756646544934,
            -0.11039318378302734,
            0.9999999999999999,
            0.6848602514927513,
            0.0,
            0.0,
            0.0,
            0.5403432501013786,
            0.5542645071602047,
            0.07194832871172376,
            -0.5203761460593055,
            0.0463127834871067,
            0.11585556307913354,
            0.30202348482696695,
            0.030050722755786574,
            -0.15001269996776212,
            -0.006311261813687427
        ],
        [
            0.5290305744343302,
            0.8514029526863824,
            0.04598839106253061,
            0.16688106277535864,
            -0.039410062333922524,
            0.6848602514927513,
            1.0000000000000002,
            0.0,
            0.0,
            0.0,
            0.5542645071602045,
            0.8764960147616127,
            0.023043475734929535,
            -0.16666509576336858,
            0.014832971406162623,
            0.30202348482696695,
            0.6000800209820133,
            0.034099084005613935,
            -0.17022205088643605,
            -0.007161499858598591
        ],
        [
            -0.12882001716809685,
            -0.04598839106253056,
            0.334090832167026,
            -0.17900223458343703,
            0.042272556906836345,
            0.0,
            0.0,
            1.0000000000000004,
            0.0,
            0.0,
            -0.07194832871172374,
            -0.02304347573492954,
            0.44254422519231246,
            0.0964182658626904,
            -0.008581097163881458,
            -0.030050722755786574,
            -0.03409908400561393,
            0.036503636368664126,
            0.05579690275926021,
            0.0023474603269071663
        ],
        [
            -0.46745756646544934,
            -0.1668810627753586,
            -0.1790022345834371,
            -0.26613751394573765,
            0.1533971739357584,
            0.0,
            0.0,
            0.0,
            1.0000000000000004,
            0.0,
            0.5203761460593055,
            0.16666509576336855,
            0.09641826586269035,
            -0.2414830968122647,
            0.0620639610545039,
            0.15001269996776212,
            0.17022205088643597,
            0.05579690275926019,
            -0.2308562568915466,
            -0.011718482266412034
        ],
        [
            0.11039318378302734,
            0.03941006233392254,
            0.04227255690683637,
            0.15339717393575847,
            0.34719377232134174,
            0.0,
            0.0,
            0.0,
            0.0,
            1.0000000000000004,
            -0.046312783487106685,
            -0.014832971406162632,
            -0.008581097163881458,
            0.06206396105450393,
            0.4503516128410359,
            0.006311261813687426,
            0.007161499858598584,
            0.002347460326907166,
            -0.011718482266412037,
            0.047187924073319606
        ],
        [
            0.0962894686822218,
            0.27989825595693313,
            0.009300774544561394,
            0.12579441299147898,
            -0.02068751607231409,
            0.5403432501013786,
            0.5542645071602047,
            -0.07194832871172376,
            0.5203761460593055,
            -0.0463127834871067,
            0.9999999999999999,
            0.6848602514927513,
            0.0,
            0.0,
            0.0,
            0.5473703955471801,
            0.5569136859129521,
            0.13393172196975267,
            -0.5047162562536018,
            -0.09056424739721211
        ],
        [
            0.27989825595693313,
            0.5722234218952702,
            0.012184560409774225,
            0.16479806245846862,
            -0.02710185996914446,
            0.5542645071602045,
            0.8764960147616127,
            -0.023043475734929545,
            0.16666509576336858,
            -0.014832971406162633,
            0.6848602514927513,
            1.0000000000000002,
            0.0,
            0.0,
            0.0,
            0.5569136859129521,
            0.8791049312313469,
            0.04241514567186515,
            -0.15983975429502556,
            -0.028681000210563322
        ],
        [
            -0.009300774544561397,
            -0.012184560409774234,
            0.034654229375587854,
            -0.017112234388741758,
            0.00281419194646014,
            0.07194832871172373,
            0.02304347573492954,
            0.44254422519231246,
            0.09641826586269038,
            -0.00858109716388146,
            0.0,
            0.0,
            1.0000000000000004,
            0.0,
            0.0,
            -0.13393172196975267,
            -0.042415145671865113,
            0.41851397910163135,
            0.17149166127690177,
            0.030771771358670978
        ],
        [
            -0.12579441299147898,
            -0.16479806245846862,
            -0.01711223438874175,
            -0.19552616969315167,
            0.038062380961304675,
            -0.5203761460593055,
            -0.16666509576336855,
            0.09641826586269038,
            -0.2414830968122647,
            0.06206396105450393,
            0.0,
            0.0,
            0.0,
            1.0000000000000004,
            0.0,
            0.5047162562536018,
            0.15983975429502553,
            0.1714916612769018,
            -0.18223828269602863,
            -0.11596217094817744
        ],
        [
            0.020687516072314085,
            0.02710185996914446,
            0.002814191946460139,
            0.038062380961304675,
            0.029659897203405363,
            0.04631278348710667,
            0.01483297140616262,
            -0.008581097163881456,
            0.0620639610545039,
            0.4503516128410359,
            0.0,
            0.0,
            0.0,
            0.0,
            1.0000000000000004,
            0.09056424739721208,
            0.028681000210563308,
            0.030771771358670978,
            -0.11596217094817741,
            0.44321329600561604
        ],
        [
            0.009743373455287281,
            0.10614469399402171,
            -0.0003827914682224142,
            0.011343532828982,
            -0.0006274705124848183,
            0.11585556307913354,
            0.30202348482696695,
            -0.030050722755786574,
            0.15001269996776212,
            0.006311261813687427,
            0.5473703955471801,
            0.5569136859129521,
            -0.13393172196975267,
            0.5047162562536018,
            0.09056424739721211,
            0.9999999999999999,
            0.6848602514927513,
            0.0,
            0.0,
            0.0
        ],
        [
            0.10614469399402171,
            0.31189411120542043,
            -0.002881428534116469,
            0.08538742862503994,
            -0.004723228151835209,
            0.30202348482696695,
            0.6000800209820133,
            -0.034099084005613935,
            0.17022205088643605,
            0.007161499858598592,
            0.5569136859129521,
            0.8791049312313469,
            -0.04241514567186516,
            0.15983975429502556,
            0.02868100021056331,
            0.6848602514927513,
            1.0000000000000002,
            0.0,
            0.0,
            0.0
        ],
        [
            0.0003827914682224142,
            0.002881428534116468,
            0.0009503588150923246,
            0.0004505462936660872,
            -2.4922087152822732e-05,
            0.030050722755786574,
            0.03409908400561393,
            0.036503636368664126,
            0.05579690275926021,
            0.0023474603269071663,
            0.13393172196975267,
            0.04241514567186512,
            0.41851397910163135,
            0.17149166127690177,
            0.030771771358670978,
            0.0,
            0.0,
            1.0000000000000004,
            0.0,
            0.0
        ],
        [
            -0.011343532828982,
            -0.08538742862503992,
            0.00045054629366608734,
            -0.012385797280557448,
            0.0007385339989357724,
            -0.15001269996776212,
            -0.17022205088643597,
            0.05579690275926019,
            -0.2308562568915466,
            -0.011718482266412034,
            -0.5047162562536018,
            -0.15983975429502553,
            0.1714916612769018,
            -0.18223828269602863,
            -0.11596217094817744,
            0.0,
            0.0,
            0.0,
            1.0000000000000004,
            0.0
        ],
        [
            0.0006274705124848182,
            0.004723228151835205,
            -2.492208715282274e-05,
            0.0007385339989357724,
            0.0009247104536928017,
            -0.006311261813687426,
            -0.007161499858598586,
            0.002347460326907166,
            -0.011718482266412037,
            0.047187924073319606,
            -0.09056424739721208,
            -0.0286810002105633,
            0.030771771358670978,
            -0.11596217094817741,
            0.44321329600561604,
            0.0,
            0.0,
            0.0,
            0.0,
            1.0000000000000004
        ]
    ],
    "h": [
        [
            -0.21152208604001665,
            -0.44122544853837586,
            -0.061117011780163724,
            -0.22494147662251884,
            0.05341464132236231,
            -0.5224358475004685,
            -0.4298578565204487,
            0.015817362145199076,
            0.04587257127876987,
            -0.009636723170917405,
            -0.21058076784522523,
            -0.2833795977029181,
            -0.013369577227001678,
            0.2809234762526367,
            -0.029476771243269667,
            -0.002339550814800341,
            -0.11944901382369666,
            -0.006353951764551679,
            0.05477262152330248,
            -0.0004182186445691753
        ],
        [
            -0.44122544853837586,
            -0.3035047436840139,
            -0.05425153321220592,
            -0.2049493164701793,
            0.048155576631639385,
            -0.5081478871043055,
            -0.36013291220615473,
            0.060292508733687133,
            0.08558256876551693,
            -0.03248152578518741,
            -0.313159812504479,
            -0.2983484833099437,
            -0.013379820321466541,
            0.18275915456794892,
            -0.025816075785422672,
            -0.12240420218835954,
            -0.18343845680798038,
            -0.02239175702677105,
            0.1086502730446952,
            0.010528443478665439
        ],
        [
            -0.061117011780163724,
            -0.05425153321220592,
            1.483165616997353,
            -0.05393746170791003,
            0.012759531828275633,
            -0.01663793743302658,
            -0.04806727876242539,
            0.21406086177843414,
            -0.2344010852086592,
            0.05497104413865024,
            -0.03332175409627835,
            -0.03862802812970818,
            -0.04476801748304526,
            0.04699987979631139,
            -0.005240401975529002,
            -0.0014482676559334458,
            -0.01676821536310693,
            -0.003922015328943005,
            0.0033990623144240124,
            0.0002189283205434039
        ],
        [
            -0.22494147662251884,
            -0.2049493164701793,
            -0.05393746170791003,
            1.2931539338012599,
            0.04771814448268808,
            -0.08348137842220948,
            -0.1929874127085459,
            -0.22166291209459754,
            -0.592627724143382,
            0.19942618681964253,
            -0.20991342722451578,
            -0.15754404013882134,
            -0.009413065755869296,
            0.19450859970170253,
            -0.02970103028755816,
            -0.05272820787658902,
            -0.09910092649177443,
            -0.008103292320010686,
            0.07159511536592902,
            0.0003161974274446481
        ],
        [
            0.05341464132236231,
            0.048155576631639385,
            0.012759531828275633,
            0.04771814448268808,
            1.4867492288256021,
            0.017938329966376843,
            0.044186162238580226,
            0.0529234395437701,
            0.2029860268871312,
            0.22990956001185003,
            0.040607863863929325,
            0.035633011989977044,
            0.0023259683755831395,
            -0.04980744377766043,
            -0.0360324155921559,
            0.005905448938558586,
            0.01851700857969488,
            0.001156015115122362,
            -0.008288454174499504,
            -0.003425834655082581
        ],
        [
            -0.5224358475004685,
            -0.5081478871043055,
            -0.01663793743302658,
            -0.08348137842220948,
            0.017938329966376843,
            -0.3990796634125686,
            -0.5811335005985369,
            0.08854881608104648,
            -0.014724408547177478,
            -0.029463396897589495,
            -0.5194673667078722,
            -0.5015084794281921,
            0.010206061126041152,
            0.04137044196619377,
            -0.01869443356395363,
            -0.24694362387740487,
            -0.33043077317185165,
            -0.05399988207749893,
            0.2382326110780484,
            0.024247640826327143
        ],
        [
            -0.4298578565204487,
            -0.36013291220615473,
            -0.04806727876242539,
            -0.1929874127085459,
            0.044186162238580226,
            -0.5811335005985369,
            -0.4325023567432382,
            0.07777823858578703,
            -0.028468433419349348,
            -0.025382550214702402,
            -0.5121758430180285,
            -0.40908504374770605,
            0.0038662081277029657,
            0.12249363842667771,
            -0.04213756994081858,
            -0.3117553472387158,
            -0.30997246532086353,
            -0.046877259302531275,
            0.18399910708215478,
            0.028482243292166903
        ],
        [
            0.015817362145199076,
            0.060292508733687133,
            0.21406086177843414,
            -0.22166291209459754,
            0.0529234395437701,
            0.08854881608104648,
            0.07777823858578703,
            1.3958098666391252,
            -0.014557448339813421,
            0.00927269293498756,
            0.025958790462983217,
            0.05999122370695284,
            0.3472913781899081,
            0.12397742790339505,
            -0.007672968228091739,
            0.04328897932906321,
            0.03883374799213225,
            -0.03692854359683183,
            -0.037769290839908654,
            -0.004987092162690702
        ],
        [
            0.04587257127876987,
            0.08558256876551693,
            -0.2344010852086592,
            -0.592627724143382,
            0.2029860268871312,
            -0.014724408547177478,
            -0.028468433419349348,
            -0.014557448339813421,
            0.9239191785803045,
            0.06895211703928375,
            -0.06661206164789113,
            -0.14254538216580853,
            0.155161574861237,
            -0.7354458114934127,
            0.07748112558105444,
            -0.30895471216049963,
            -0.19272657813107158,
            -0.05874691753082645,
            0.1859591129980726,
            0.03388180481929734
        ],
        [
            -0.009636723170917405,
            -0.03248152578518741,
            0.05497104413865024,
            0.19942618681964253,
            0.22990956001185003,
            -0.029463396897589495,
            -0.025382550214702402,
            0.00927269293498756,
            0.06895211703928375,
            1.4027309013034308,
            -0.006967631771242405,
            -0.006186739573006124,
            -0.01300480665833319,
            0.10347341541437921,
            0.3588420844332211,
            0.01177117146105301,
            0.0079665420267719,
            0.0027271324092453353,
            -0.010326559472833917,
            -0.047774195401841385
        ],
        [
            -0.21058076784522523,
            -0.313159812504479,
            -0.03332175409627835,
            -0.20991342722451578,
            0.040607863863929325,
            -0.5194673667078722,
            -0.5121758430180285,
            0.025958790462983217,
            -0.06661206164789113,
            -0.006967631771242405,
            -0.45276941445219343,
            -0.6032937948268859,
            0.036559688048405564,
            -0.03618882484460646,
            -0.06540316002525931,
            -0.5798028309596273,
            -0.5409747732443002,
            -0.019436674812171595,
            0.07930679007288899,
            0.008749191327363431
        ],
        [
            -0.2833795977029181,
            -0.2983484833099437,
            -0.03862802812970818,
            -0.15754404013882134,
            0.035633011989977044,
            -0.5015084794281921,
            -0.40908504374770605,
            0.05999122370695284,
            -0.14254538216580853,
            -0.006186739573006124,
            -0.6032937948268859,
            -0.43514891388360755,
            0.027543249608637563,
            0.0008072283566598476,
            -0.05479502613659385,
            -0.461538390023287,
            -0.3676300662481575,
            -0.05887313669916505,
            0.2267777820299801,
            0.0362464584440187
        ],
        [
            -0.013369577227001678,
            -0.013379820321466541,
            -0.04476801748304526,
            -0.009413065755869296,
            0.0023259683755831395,
            0.010206061126041152,
            0.0038662081277029657,
            0.3472913781899081,
            0.155161574861237,
            -0.01300480665833319,
            0.036559688048405564,
            0.027543249608637563,
            1.3794384583627246,
            0.09856910039931818,
            0.008145278332026343,
            0.003183527142833653,
            0.0374650067606075,
            0.3244217871108962,
            0.2420549132422669,
            0.043115570073725455
        ],
        [
            0.2809234762526367,
            0.18275915456794892,
            0.04699987979631139,
            0.19450859970170253,
            -0.04980744377766043,
            0.04137044196619377,
            0.12249363842667771,
            0.12397742790339505,
            -0.7354458114934127,
            0.10347341541437921,
            -0.03618882484460646,
            0.0008072283566598476,
            0.09856910039931818,
            0.8696050464194633,
            -0.017747858263466292,
            -0.01892565253514311,
            -0.0998863549423854,
            0.24494975745685155,
            -0.5472330745081195,
            -0.1629317850671582
        ],
        [
            -0.029476771243269667,
            -0.025816075785422672,
            -0.005240401975529002,
            -0.02970103028755816,
            -0.0360324155921559,
            -0.01869443356395363,
            -0.04213756994081858,
            -0.007672968228091739,
            0.07748112558105444,
            0.3588420844332211,
            -0.06540316002525931,
            -0.05479502613659385,
            0.008145278332026343,
            -0.017747858263466292,
            1.3909180029331036,
            -0.007556473186738827,
            -0.04403527017137322,
            0.04098081641778409,
            -0.15301467617266068,
            0.3599190127432571
        ],
        [
            -0.002339550814800341,
            -0.12240420218835954,
            -0.0014482676559334458,
            -0.05272820787658902,
            0.005905448938558586,
            -0.24694362387740487,
            -0.3117553472387158,
            0.04328897932906321,
            -0.30895471216049963,
            0.01177117146105301,
            -0.5798028309596273,
            -0.461538390023287,
            0.003183527142833653,
            -0.01892565253514311,
            -0.007556473186738827,
            -0.2679879766396851,
            -0.46678583405344276,
            -0.07359839128686935,
            0.2737748859668542,
            0.04853257627477603
        ],
        [
            -0.11944901382369666,
            -0.18343845680798038,
            -0.01676821536310693,
            -0.09910092649177443,
            0.01851700857969488,
            -0.33043077317185165,
            -0.30997246532086353,
            0.03883374799213225,
            -0.19272657813107158,
            0.0079665420267719,
            -0.5409747732443002,
            -0.3676300662481575,
            0.0374650067606075,
            -0.0998863549423854,
            -0.04403527017137322,
            -0.46678583405344276,
            -0.3128985609947874,
            -0.06223572671360352,
            0.23418002514056568,
            0.04002583577011676
        ],
        [
            -0.006353951764551679,
            -0.02239175702677105,
            -0.003922015328943005,
            -0.008103292320010686,
            0.001156015115122362,
            -0.05399988207749893,
            -0.046877259302531275,
            -0.03692854359683183,
            -0.05874691753082645,
            0.0027271324092453353,
            -0.019436674812171595,
            -0.05887313669916505,
            0.3244217871108962,
            0.24494975745685155,
            0.04098081641778409,
            -0.07359839128686935,
            -0.06223572671360352,
            1.4586529677010425,
            0.06777295185571629,
            0.01169068918749465
        ],
        [
            0.05477262152330248,
            0.1086502730446952,
            0.0033990623144240124,
            0.07159511536592902,
            -0.008288454174499504,
            0.2382326110780484,
            0.18399910708215478,
            -0.037769290839908654,
            0.1859591129980726,
            -0.010326559472833917,
            0.07930679007288899,
            0.2267777820299801,
            0.2420549132422669,
            -0.5472330745081195,
            -0.15301467617266068,
            0.2737748859668542,
            0.23418002514056568,
            0.06777295185571629,
            1.21869675176485,
            -0.04389944650488368
        ],
        [
            -0.0004182186445691753,
            0.010528443478665439,
            0.0002189283205434039,
            0.0003161974274446481,
            -0.003425834655082581,
            0.024247640826327143,
            0.028482243292166903,
            -0.004987092162690702,
            0.03388180481929734,
            -0.047774195401841385,
            0.008749191327363431,
            0.0362464584440187,
            0.043115570073725455,
            -0.1629317850671582,
            0.3599190127432571,
            0.04853257627477603,
            0.04002583577011676,
            0.01169068918749465,
            -0.04389944650488368,
            1.4687307916111603
        ]
    ]
}