{
    "HF": -2.119865581099532,
    "coordinates": [
        [
            0.67908,
            0.060228,
            -0.184366
        ],
        [
            1.357027,
            0.128578,
            -0.069508
        ],
        [
            2.01668,
            -0.083564,
            0.186139
        ],
        [
            2.705569,
            0.141902,
            -0.18625
        ]
    ],
    "elements": [
        "H",
        "H",
        "H",
        "H"
    ],
    "Enn": 3.1627409676005955,
    "S": [
        [
            0.9999999999999999,
            0.6848602514927513,
            0.0,
            0.0,
            0.0,
            0.6104664023407977,
            0.5795577153840943,
            -0.09084260053118656,
            -0.5361965949460755,
            -0.05405885307341762,
            0.16279115115212828,
            0.3469107903038903,
            -0.05614272163850429,
            -0.20268688536905938,
            0.021788840177173877,
            0.026574508551107847,
            0.16309447975146407,
            3.1513402774677815e-05,
            -0.033896796218394386,
            -0.0013661495001162812
        ],
        [
            0.6848602514927513,
            1.0000000000000002,
            0.0,
            0.0,
            0.0,
            0.5795577153840943,
            0.9012153749405487,
            -0.02615489051244645,
            -0.1543787072580189,
            -0.015564320870341767,
            0.3469107903038902,
            0.65432465523422,
            -0.04876109354709061,
            -0.17603767487237235,
            0.01892405004878004,
            0.16309447975146407,
            0.40818798717441485,
            0.0001105073759193138,
            -0.11886517076399221,
            -0.0047906472509736345
        ],
        [
            0.0,
            0.0,
            1.0000000000000004,
            0.0,
            0.0,
            0.09084260053118653,
            0.02615489051244644,
            0.5196222846295934,
            -0.10877071385143619,
            -0.010966164452008287,
            0.056142721638504284,
            0.04876109354709057,
            0.051396653017675056,
            -0.10274522411442133,
            0.01104511159230029,
            -3.1513402774677815e-05,
            -0.00011050737591931376,
            0.0047985018465029694,
            4.756275059993777e-05,
            1.916931250304994e-06
        ],
        [
            0.0,
            0.0,
            0.0,
            1.0000000000000004,
            0.0,
            0.5361965949460753,
            0.15437870725801864,
            -0.10877071385143615,
            -0.10396666364059834,
            -0.0647275617871255,
            0.20268688536905935,
            0.1760376748723725,
            -0.10274522411442137,
            -0.29107530155419936,
            0.039875146801961844,
            0.03389679621839438,
            0.11886517076399221,
            4.756275059993927e-05,
            -0.04636142787374204,
            -0.00206191087712283
        ],
        [
            0.0,
            0.0,
            0.0,
            0.0,
            1.0000000000000004,
            0.05405885307341762,
            0.015564320870341762,
            -0.010966164452008287,
            -0.06472756178712552,
            0.5315244802339669,
            -0.021788840177173877,
            -0.018924050048780037,
            0.011045111592300299,
            0.039875146801961865,
            0.0755697183223745,
            0.0013661495001162812,
            0.004790647250973633,
            1.9169312503050537e-06,
            -0.002061910877122829,
            0.0047154444498153985
        ],
        [
            0.6104664023407977,
            0.5795577153840943,
            0.09084260053118653,
            0.5361965949460755,
            0.05405885307341762,
            0.9999999999999999,
            0.6848602514927513,
            0.0,
            0.0,
            0.0,
            0.5718595897611825,
            0.5659405201645665,
            -0.18618966962997577,
            -0.4804303361292033,
            0.15450464466487898,
            0.17975925637443405,
            0.36108157750594577,
            0.019979592437887238,
            -0.23079371216334615,
            -0.0022803111959912433
        ],
        [
            0.5795577153840943,
            0.9012153749405487,
            0.02615489051244645,
            0.1543787072580189,
            0.015564320870341767,
            0.6848602514927513,
            1.0000000000000002,
            0.0,
            0.0,
            0.0,
            0.5659405201645665,
            0.8879593293515744,
            -0.05675588105571987,
            -0.14644876413980518,
            0.04709738866062389,
            0.3610815775059458,
            0.670886963198335,
            0.016036095266175793,
            -0.1852405131181515,
            -0.0018302319073386182
        ],
        [
            -0.09084260053118656,
            -0.026154890512446415,
            0.5196222846295934,
            -0.10877071385143613,
            -0.010966164452008285,
            0.0,
            0.0,
            1.0000000000000004,
            0.0,
            0.0,
            0.18618966962997577,
            0.05675588105571984,
            0.40899922044004666,
            -0.21565616230598664,
            0.06935423561162703,
            -0.019979592437887255,
            -0.01603609526617579,
            0.08940377661934783,
            0.03788125877057618,
            0.00037427821444134323
        ],
        [
            -0.5361965949460754,
            -0.15437870725801883,
            -0.1087707138514362,
            -0.10396666364059852,
            -0.06472756178712552,
            0.0,
            0.0,
            0.0,
            1.0000000000000004,
            0.0,
            0.4804303361292033,
            0.14644876413980512,
            -0.21565616230598655,
            -0.06388727013986593,
            0.1789566456243046,
            0.23079371216334615,
            0.18524051311815148,
            0.037881258770576166,
            -0.3449011969028172,
            -0.004323464493148636
        ],
        [
            -0.05405885307341762,
            -0.015564320870341762,
            -0.010966164452008289,
            -0.0647275617871255,
            0.5315244802339669,
            0.0,
            0.0,
            0.0,
            0.0,
            1.0000000000000004,
            -0.15450464466487898,
            -0.0470973886606239,
            0.06935423561162703,
            0.17895664562430466,
            0.43502446433192216,
            0.0022803111959912438,
            0.0018302319073386318,
            0.0003742782144413415,
            -0.0043234644931486165,
            0.09264040408107159
        ],
        [
            0.16279115115212828,
            0.3469107903038903,
            0.05614272163850429,
            0.20268688536905935,
            -0.021788840177173877,
            0.5718595897611825,
            0.5659405201645665,
            0.18618966962997577,
            0.4804303361292033,
            -0.15450464466487898,
            0.9999999999999999,
            0.6848602514927513,
            0.0,
            0.0,
            0.0,
            0.5111626196108154,
            0.5429677408668251,
            0.23531748122308044,
            -0.4353179721266922,
            -0.14247491526721537
        ],
        [
            0.3469107903038902,
            0.65432465523422,
            0.04876109354709061,
            0.17603767487237246,
            -0.01892405004878004,
            0.5659405201645665,
            0.8879593293515744,
            0.056755881055719846,
            0.14644876413980518,
            -0.04709738866062389,
            0.6848602514927513,
            1.0000000000000002,
            0.0,
            0.0,
            0.0,
            0.5429677408668251,
            0.8653172445945664,
            0.07909618166414403,
            -0.1463214259562731,
            -0.047889437376205816
        ],
        [
            -0.056142721638504284,
            -0.04876109354709057,
            0.051396653017675056,
            -0.10274522411442132,
            0.01104511159230029,
            -0.18618966962997577,
            -0.05675588105571985,
            0.40899922044004666,
            -0.21565616230598664,
            0.06935423561162703,
            0.0,
            0.0,
            1.0000000000000004,
            0.0,
            0.0,
            -0.23531748122308044,
            -0.079096181664144,
            0.2702674735077156,
            0.28125818603274066,
            0.0920527954025363
        ],
        [
            -0.20268688536905938,
            -0.1760376748723725,
            -0.10274522411442139,
            -0.29107530155419936,
            0.03987514680196185,
            -0.4804303361292033,
            -0.14644876413980512,
            -0.21565616230598655,
            -0.06388727013986593,
            0.1789566456243046,
            0.0,
            0.0,
            0.0,
            1.0000000000000004,
            0.0,
            0.43531797212669227,
            0.14632142595627307,
            0.2812581860327403,
            -0.09799880522052505,
            -0.17029009495999567
        ],
        [
            0.021788840177173877,
            0.018924050048780037,
            0.011045111592300299,
            0.03987514680196186,
            0.0755697183223745,
            0.15450464466487898,
            0.0470973886606239,
            0.06935423561162703,
            0.17895664562430466,
            0.43502446433192216,
            0.0,
            0.0,
            0.0,
            0.0,
            1.0000000000000004,
            0.14247491526721534,
            0.04788943737620579,
            0.09205279540253629,
            -0.17029009495999584,
            0.36657156326425955
        ],
        [
            0.026574508551107847,
            0.16309447975146407,
            -3.1513402774677815e-05,
            0.03389679621839438,
            0.0013661495001162812,
            0.17975925637443405,
            0.36108157750594577,
            -0.019979592437887245,
            0.23079371216334615,
            0.002280311195991243,
            0.5111626196108154,
            0.5429677408668251,
            -0.23531748122308044,
            0.4353179721266922,
            0.14247491526721537,
            0.9999999999999999,
            0.6848602514927513,
            0.0,
            0.0,
            0.0
        ],
        [
            0.16309447975146407,
            0.40818798717441485,
            -0.0001105073759193138,
            0.11886517076399226,
            0.0047906472509736345,
            0.3610815775059458,
            0.670886963198335,
            -0.016036095266175793,
            0.1852405131181515,
            0.0018302319073386323,
            0.5429677408668251,
            0.8653172445945664,
            -0.07909618166414403,
            0.1463214259562731,
            0.047889437376205816,
            0.6848602514927513,
            1.0000000000000002,
            0.0,
            0.0,
            0.0
        ],
        [
            3.1513402774677815e-05,
            0.00011050737591931376,
            0.0047985018465029694,
            4.7562750599939255e-05,
            1.9169312503050537e-06,
            0.019979592437887245,
            0.01603609526617579,
            0.08940377661934783,
            0.037881258770576166,
            0.0003742782144413415,
            0.23531748122308044,
            0.079096181664144,
            0.2702674735077156,
            0.2812581860327403,
            0.0920527954025363,
            0.0,
            0.0,
            1.0000000000000004,
            0.0,
            0.0
        ],
        [
            -0.033896796218394386,
            -0.11886517076399217,
            4.7562750599937785e-05,
            -0.04636142787374204,
            -0.0020619108771228294,
            -0.23079371216334624,
            -0.18524051311815148,
            0.03788125877057618,
            -0.3449011969028172,
            -0.0043234644931486165,
            -0.43531797212669227,
            -0.14632142595627307,
            0.28125818603274066,
            -0.09799880522052491,
            -0.17029009495999586,
            0.0,
            0.0,
            0.0,
            1.0000000000000004,
            0.0
        ],
        [
            -0.0013661495001162812,
            -0.004790647250973633,
            1.916931250304994e-06,
            -0.0020619108771228294,
            0.0047154444498153985,
            -0.002280311195991244,
            -0.0018302319073386177,
            0.00037427821444134323,
            -0.004323464493148636,
            0.09264040408107159,
            -0.14247491526721534,
            -0.04788943737620578,
            0.09205279540253629,
            -0.1702900949599956,
            0.36657156326425955,
            0.0,
            0.0,
            0.0,
            0.0,
            1.0000000000000004
        ]
    ],
    "h": [
        [
            -0.32409830339550116,
            -0.4917856334009595,
            -0.06196919183100189,
            -0.32918732565023795,
            -0.02699487177738401,
            -0.6308141012610238,
            -0.4865756142049351,
            -0.018414364199883487,
            0.002563069271645624,
            0.02049356769586759,
            -0.30756815303735646,
            -0.3501924872476308,
            0.0951423124193565,
            0.3367520819647104,
            -0.06200140946901301,
            -0.04528164717355385,
            -0.18481076954883846,
            -0.009087386953280508,
            0.11395563852405254,
            0.00605781335407703
        ],
        [
            -0.4917856334009595,
            -0.323790836959152,
            -0.05177066192135684,
            -0.26787963762359085,
            -0.018571812449443757,
            -0.5781621250440147,
            -0.3791816935539114,
            -0.006017338605285472,
            0.10680331230619208,
            0.05852581785645999,
            -0.3789580092127384,
            -0.3337364787041506,
            0.09881577546549598,
            0.19127608022027223,
            -0.07091353876927015,
            -0.17699455261688762,
            -0.233284524548663,
            -0.04087612198659937,
            0.13558520026272763,
            0.02318483792874802
        ],
        [
            -0.06196919183100189,
            -0.05177066192135684,
            1.460795153448178,
            -0.058703239900247714,
            -0.0037189080285961037,
            -0.02395152461386557,
            -0.05213115972398892,
            0.4676157887558806,
            -0.1694832421819043,
            -0.009193514959371447,
            -0.060289682927649454,
            -0.04180145146165298,
            -0.03443384986172507,
            0.02076569876432438,
            -0.010811826190404938,
            -0.013089337577786072,
            -0.028112437153808845,
            -0.015158042152636265,
            0.012886990610150379,
            0.0016489685388895153
        ],
        [
            -0.32918732565023795,
            -0.26787963762359085,
            -0.058703239900247714,
            1.1528584127164951,
            -0.024660528079268367,
            -0.08458672426347369,
            -0.26410323514568323,
            -0.18566391854703979,
            -0.49708105701640126,
            -0.06739817704767656,
            -0.2815321206052468,
            -0.22009212756105023,
            0.065990737910749,
            0.09710424461354095,
            -0.05801751623053561,
            -0.1137155018790244,
            -0.15400488114465732,
            -0.016264707618606256,
            0.15275982063511076,
            0.012526308921499984
        ],
        [
            -0.02699487177738401,
            -0.018571812449443757,
            -0.0037189080285961037,
            -0.024660528079268367,
            1.4688561554161124,
            0.0070027989001569535,
            -0.01429009824073717,
            -0.015288287008734719,
            -0.09328879605849183,
            0.4894996981221602,
            0.0003683179425848851,
            -0.012387840667129349,
            0.00682373699605569,
            0.02564329664714849,
            -0.048689621427169094,
            0.00039107306470015715,
            -0.004388353547074392,
            0.0004537697447127509,
            0.004483540639289266,
            -0.012625800293831934
        ],
        [
            -0.6308141012610238,
            -0.5781621250440147,
            -0.02395152461386557,
            -0.08458672426347369,
            0.0070027989001569535,
            -0.5264008833603171,
            -0.6390872494026494,
            -0.0345240699183024,
            0.06265541245047945,
            0.10187292840289475,
            -0.5809555157651549,
            -0.5564752327213794,
            0.06235621696348026,
            0.07111458722321173,
            -0.03521264136339686,
            -0.30411618707964216,
            -0.39141105041085594,
            -0.07119857373198675,
            0.2512265354123737,
            0.03802189465827627
        ],
        [
            -0.4865756142049351,
            -0.3791816935539114,
            -0.05213115972398892,
            -0.26410323514568323,
            -0.01429009824073717,
            -0.6390872494026494,
            -0.4504469363393784,
            -0.03099989111025521,
            0.0008092687987998198,
            0.08057956647288984,
            -0.5415415820373455,
            -0.42952643417182257,
            0.14077228678156328,
            0.13499022817650558,
            -0.09778858840214177,
            -0.3424117789263649,
            -0.33957147357770334,
            -0.07839372985933647,
            0.18614991066851788,
            0.0454436324758061
        ],
        [
            -0.018414364199883487,
            -0.006017338605285472,
            0.4676157887558806,
            -0.18566391854703979,
            -0.015288287008734719,
            -0.0345240699183024,
            -0.03099989111025521,
            1.3400108067361967,
            -0.13353333961222064,
            0.021269981648140947,
            0.004865702077680334,
            -0.045381650399884954,
            0.29508094021528597,
            -0.3232973155656755,
            0.09722131402249032,
            -0.04685075470959836,
            -0.051349698876938424,
            -0.05782460523041871,
            0.06620403886054885,
            0.01119651003693565
        ],
        [
            0.002563069271645624,
            0.10680331230619208,
            -0.1694832421819043,
            -0.49708105701640126,
            -0.09328879605849183,
            0.06265541245047945,
            0.0008092687987998198,
            -0.13353333961222064,
            0.7730198990162482,
            0.04033845205376593,
            -0.0680354484604101,
            -0.12757615668705058,
            -0.27036646770219264,
            -0.5629535555514562,
            0.2290469686869473,
            -0.3222265330503172,
            -0.1900201523199999,
            -0.07995228766412965,
            -0.012277602831415102,
            0.05330615595796005
        ],
        [
            0.02049356769586759,
            0.05852581785645999,
            -0.009193514959371447,
            -0.06739817704767656,
            0.4894996981221602,
            0.10187292840289475,
            0.08057956647288984,
            0.021269981648140947,
            0.04033845205376593,
            1.354762173670752,
            0.01472057010228206,
            0.07155355596063784,
            0.08924666272557993,
            0.24418317196387668,
            0.33585557604092797,
            0.04323880995623434,
            0.057100873284885396,
            0.018080701812262512,
            -0.05033055078469197,
            -0.04685548200069117
        ],
        [
            -0.30756815303735646,
            -0.3789580092127384,
            -0.060289682927649454,
            -0.2815321206052468,
            0.0003683179425848851,
            -0.5809555157651549,
            -0.5415415820373455,
            0.004865702077680334,
            -0.0680354484604101,
            0.01472057010228206,
            -0.44482019592983413,
            -0.5998210694630868,
            0.19799291564352728,
            0.019777385786258483,
            -0.13871393396291315,
            -0.569143139209926,
            -0.5423667200044402,
            -0.029773501629448196,
            0.11114622811964803,
            0.014334051826014993
        ],
        [
            -0.3501924872476308,
            -0.3337364787041506,
            -0.04180145146165298,
            -0.22009212756105023,
            -0.012387840667129349,
            -0.5564752327213794,
            -0.42952643417182257,
            -0.045381650399884954,
            -0.12757615668705058,
            0.07155355596063784,
            -0.5998210694630868,
            -0.4354422798611093,
            0.1660731098560216,
            0.036584229513223376,
            -0.11476907423400531,
            -0.45829634708849354,
            -0.3807835219891589,
            -0.09101547414894054,
            0.2159328887009817,
            0.05204375019759211
        ],
        [
            0.0951423124193565,
            0.09881577546549598,
            -0.03443384986172507,
            0.065990737910749,
            0.00682373699605569,
            0.06235621696348026,
            0.14077228678156328,
            0.29508094021528597,
            -0.27036646770219264,
            0.08924666272557993,
            0.19799291564352728,
            0.1660731098560216,
            1.3105150680986757,
            0.0009219477883579078,
            0.05777972420671115,
            0.04263473551247221,
            0.13407667531677533,
            0.12669131298981112,
            0.3316269351967892,
            0.12033833339970978
        ],
        [
            0.3367520819647104,
            0.19127608022027223,
            0.02076569876432438,
            0.09710424461354095,
            0.02564329664714849,
            0.07111458722321173,
            0.13499022817650558,
            -0.3232973155656755,
            -0.5629535555514562,
            0.24418317196387668,
            0.019777385786258483,
            0.036584229513223376,
            0.0009219477883579078,
            0.930054449657659,
            0.015220231176742339,
            -0.02643767590768742,
            -0.060097023270784145,
            0.38274958520805347,
            -0.42572188967660124,
            -0.23108395880533394
        ],
        [
            -0.06200140946901301,
            -0.07091353876927015,
            -0.010811826190404938,
            -0.05801751623053561,
            -0.048689621427169094,
            -0.03521264136339686,
            -0.09778858840214177,
            0.09722131402249032,
            0.2290469686869473,
            0.33585557604092797,
            -0.13871393396291315,
            -0.11476907423400531,
            0.05777972420671115,
            0.015220231176742339,
            1.3537762096862582,
            -0.032137791402547244,
            -0.0911223488382881,
            0.11697365016146855,
            -0.1940156720453411,
            0.25057244858546396
        ],
        [
            -0.04528164717355385,
            -0.17699455261688762,
            -0.013089337577786072,
            -0.1137155018790244,
            0.00039107306470015715,
            -0.30411618707964216,
            -0.3424117789263649,
            -0.04685075470959836,
            -0.3222265330503172,
            0.04323880995623434,
            -0.569143139209926,
            -0.45829634708849354,
            0.04263473551247221,
            -0.02643767590768742,
            -0.032137791402547244,
            -0.2540609933570297,
            -0.4655046234990893,
            -0.11918443751524957,
            0.23925168399764127,
            0.06974441830605405
        ],
        [
            -0.18481076954883846,
            -0.233284524548663,
            -0.028112437153808845,
            -0.15400488114465732,
            -0.004388353547074392,
            -0.39141105041085594,
            -0.33957147357770334,
            -0.051349698876938424,
            -0.1900201523199999,
            0.057100873284885396,
            -0.5423667200044402,
            -0.3807835219891589,
            0.13407667531677533,
            -0.060097023270784145,
            -0.0911223488382881,
            -0.4655046234990893,
            -0.3248584705515585,
            -0.10134744591218901,
            0.21750643334016703,
            0.05875019143551846
        ],
        [
            -0.009087386953280508,
            -0.04087612198659937,
            -0.015158042152636265,
            -0.016264707618606256,
            0.0004537697447127509,
            -0.07119857373198675,
            -0.07839372985933647,
            -0.05782460523041871,
            -0.07995228766412965,
            0.018080701812262512,
            -0.029773501629448196,
            -0.09101547414894054,
            0.12669131298981112,
            0.38274958520805347,
            0.11697365016146855,
            -0.11918443751524957,
            -0.10134744591218901,
            1.432767786503605,
            0.09591799542272492,
            0.03044631411654243
        ],
        [
            0.11395563852405254,
            0.13558520026272763,
            0.012886990610150379,
            0.15275982063511076,
            0.004483540639289266,
            0.2512265354123737,
            0.18614991066851788,
            0.06620403886054885,
            -0.012277602831415102,
            -0.05033055078469197,
            0.11114622811964803,
            0.2159328887009817,
            0.3316269351967892,
            -0.42572188967660124,
            -0.1940156720453411,
            0.23925168399764127,
            0.21750643334016703,
            0.09591799542272492,
            1.2734184790975462,
            -0.05603673193673324
        ],
        [
            0.00605781335407703,
            0.02318483792874802,
            0.0016489685388895153,
            0.012526308921499984,
            -0.012625800293831934,
            0.03802189465827627,
            0.0454436324758061,
            0.01119651003693565,
            0.05330615595796005,
            -0.04685548200069117,
            0.014334051826014993,
            0.05204375019759211,
            0.12033833339970978,
            -0.23108395880533394,
            0.25057244858546396,
            0.06974441830605405,
            0.05875019143551846,
            0.03044631411654243,
            -0.05603673193673324,
            1.46514290873193
        ]
    ]
}