{
    "HF": -2.1682228315130074,
    "coordinates": [
        [
            0.655062,
            0.007043,
            -0.067592
        ],
        [
            1.429808,
            0.032024,
            0.103
        ],
        [
            2.229839,
            -0.1134,
            -0.039826
        ],
        [
            2.989011,
            0.178027,
            0.153415
        ]
    ],
    "elements": [
        "H",
        "H",
        "H",
        "H"
    ],
    "Enn": 2.8386695295757165,
    "S": [
        [
            0.9999999999999999,
            0.6848602514927513,
            0.0,
            0.0,
            0.0,
            0.5278321316931622,
            0.5494804420330051,
            -0.11226913972291343,
            -0.5098718985870865,
            -0.016440368712589686,
            0.1019393005935131,
            0.28655374077355755,
            -0.0023762458301573777,
            -0.13477120505934395,
            0.010307648797869516,
            0.008447595819136495,
            0.09981672051673257,
            -0.0009120516556694977,
            -0.009631740395997271,
            -0.0007056167464966874
        ],
        [
            0.6848602514927513,
            1.0000000000000002,
            0.0,
            0.0,
            0.0,
            0.5494804420330051,
            0.8717726040684604,
            -0.03669825174298331,
            -0.16666563346973695,
            -0.005373986041499398,
            0.28655374077355755,
            0.5806879296394638,
            -0.002978471037371637,
            -0.1689270217106893,
            0.01291997360635858,
            0.09981672051673258,
            0.3001044420556438,
            -0.0076547943802691065,
            -0.08083861456440171,
            -0.005922198673869757
        ],
        [
            0.0,
            0.0,
            1.0000000000000004,
            0.0,
            0.0,
            0.11226913972291343,
            0.03669825174298331,
            0.40807876285376593,
            -0.15146487865302455,
            -0.004883851137832537,
            0.0023762458301573777,
            0.002978471037371636,
            0.03912561256517661,
            -0.00445036667990313,
            0.00034037550334274175,
            0.0009120516556694967,
            0.007654794380269106,
            0.0006701436515560118,
            -0.001027749656085403,
            -7.529245377517096e-05
        ],
        [
            0.0,
            0.0,
            0.0,
            1.0000000000000004,
            0.0,
            0.5098718985870865,
            0.16666563346973678,
            -0.1514648786530245,
            -0.2464499586359462,
            -0.022180079567806262,
            0.1347712050593439,
            0.16892702171068918,
            -0.004450366679903132,
            -0.21320300370262293,
            0.01930474371632835,
            0.009631740395997259,
            0.08083861456440158,
            -0.0010277496560854025,
            -0.010086107894401949,
            -0.0007951275172103437
        ],
        [
            0.0,
            0.0,
            0.0,
            0.0,
            1.0000000000000004,
            0.01644036871258969,
            0.005373986041499401,
            -0.004883851137832535,
            -0.022180079567806262,
            0.4407147700244946,
            -0.010307648797869514,
            -0.012919973606358576,
            0.00034037550334274175,
            0.019304743716328343,
            0.03772760359870608,
            0.0007056167464966865,
            0.005922198673869754,
            -7.529245377517096e-05,
            -0.0007951275172103442,
            0.0007092129649128046
        ],
        [
            0.5278321316931622,
            0.5494804420330051,
            0.11226913972291343,
            0.5098718985870867,
            0.01644036871258969,
            0.9999999999999999,
            0.6848602514927513,
            0.0,
            0.0,
            0.0,
            0.5028368045472483,
            0.539653616590274,
            0.08839627598163853,
            -0.49514626937578776,
            0.0900042011843348,
            0.10547327720792274,
            0.2906009654788454,
            -0.004497211935676494,
            -0.13908690551904399,
            -0.013024029242181408
        ],
        [
            0.5494804420330051,
            0.8717726040684604,
            0.03669825174298331,
            0.16666563346973678,
            0.005373986041499401,
            0.6848602514927513,
            1.0000000000000002,
            0.0,
            0.0,
            0.0,
            0.539653616590274,
            0.8620209946033971,
            0.030138891993478193,
            -0.1688211383111924,
            0.03068711739640942,
            0.2906009654788454,
            0.5857988357758689,
            -0.005489812306615395,
            -0.1697854173938638,
            -0.01589862275518729
        ],
        [
            -0.11226913972291343,
            -0.03669825174298331,
            0.40807876285376593,
            -0.15146487865302455,
            -0.004883851137832536,
            0.0,
            0.0,
            1.0000000000000004,
            0.0,
            0.0,
            -0.08839627598163854,
            -0.030138891993478193,
            0.3909472523987696,
            0.12246049334932457,
            -0.022260005905811377,
            0.004497211935676497,
            0.005489812306615394,
            0.0410330970827852,
            -0.008429544495344759,
            -0.0007893383895194025
        ],
        [
            -0.5098718985870865,
            -0.16666563346973695,
            -0.1514648786530245,
            -0.2464499586359462,
            -0.022180079567806255,
            0.0,
            0.0,
            0.0,
            1.0000000000000004,
            0.0,
            0.4951462693757877,
            0.1688211383111924,
            0.12246049334932457,
            -0.27314529158365386,
            0.12468804548774155,
            0.13908690551904393,
            0.16978541739386357,
            -0.008429544495344764,
            -0.21939792507245492,
            -0.02441215481411924
        ],
        [
            -0.01644036871258969,
            -0.005373986041499404,
            -0.004883851137832536,
            -0.022180079567806266,
            0.4407147700244946,
            0.0,
            0.0,
            0.0,
            0.0,
            1.0000000000000004,
            -0.0900042011843348,
            -0.030687117396409436,
            -0.02226000590581137,
            0.12468804548774154,
            0.39014466861901764,
            0.013024029242181408,
            0.015898622755187282,
            -0.0007893383895194028,
            -0.024412154814119232,
            0.039019714377907744
        ],
        [
            0.1019393005935131,
            0.28655374077355755,
            0.0023762458301573777,
            0.13477120505934395,
            -0.010307648797869516,
            0.5028368045472483,
            0.539653616590274,
            -0.08839627598163853,
            0.49514626937578776,
            -0.0900042011843348,
            0.9999999999999999,
            0.6848602514927513,
            0.0,
            0.0,
            0.0,
            0.49489753674374737,
            0.5364541857123779,
            -0.11721251421057399,
            -0.46048436324729175,
            -0.17676834304751554
        ],
        [
            0.28655374077355755,
            0.5806879296394638,
            0.002978471037371637,
            0.1689270217106893,
            -0.01291997360635858,
            0.539653616590274,
            0.8620209946033971,
            -0.030138891993478193,
            0.1688211383111924,
            -0.030687117396409426,
            0.6848602514927513,
            1.0000000000000002,
            0.0,
            0.0,
            0.0,
            0.536454185712378,
            0.8588315053447274,
            -0.040519325484823544,
            -0.15918535593877284,
            -0.06110724674404324
        ],
        [
            -0.0023762458301573777,
            -0.002978471037371636,
            0.03912561256517661,
            -0.004450366679903132,
            0.00034037550334274175,
            0.08839627598163854,
            0.030138891993478203,
            0.3909472523987696,
            0.12246049334932466,
            -0.022260005905811377,
            0.0,
            0.0,
            1.0000000000000004,
            0.0,
            0.0,
            0.11721251421057398,
            0.04051932548482352,
            0.3646448888407469,
            -0.15379000078214788,
            -0.05903610585998825
        ],
        [
            -0.13477120505934395,
            -0.16892702171068907,
            -0.00445036667990313,
            -0.213203003702623,
            0.019304743716328343,
            -0.49514626937578776,
            -0.1688211383111924,
            0.12246049334932449,
            -0.27314529158365386,
            0.1246880454877415,
            0.0,
            0.0,
            0.0,
            1.0000000000000004,
            0.0,
            0.46048436324729175,
            0.1591853559387728,
            -0.15379000078214788,
            -0.20039282956339596,
            -0.23193089746968293
        ],
        [
            0.010307648797869514,
            0.012919973606358576,
            0.00034037550334274175,
            0.01930474371632835,
            0.03772760359870608,
            0.0900042011843348,
            0.03068711739640944,
            -0.02226000590581137,
            0.12468804548774161,
            0.39014466861901764,
            0.0,
            0.0,
            0.0,
            0.0,
            1.0000000000000004,
            0.1767683430475155,
            0.06110724674404324,
            -0.05903610585998828,
            -0.23193089746968304,
            0.31475844398272496
        ],
        [
            0.008447595819136495,
            0.09981672051673257,
            0.0009120516556694977,
            0.009631740395997271,
            0.0007056167464966874,
            0.10547327720792274,
            0.2906009654788454,
            0.004497211935676497,
            0.13908690551904399,
            0.013024029242181408,
            0.49489753674374737,
            0.5364541857123779,
            0.11721251421057399,
            0.46048436324729175,
            0.17676834304751554,
            0.9999999999999999,
            0.6848602514927513,
            0.0,
            0.0,
            0.0
        ],
        [
            0.09981672051673258,
            0.3001044420556438,
            0.0076547943802691065,
            0.08083861456440165,
            0.005922198673869757,
            0.2906009654788454,
            0.5857988357758689,
            0.005489812306615395,
            0.1697854173938638,
            0.015898622755187285,
            0.536454185712378,
            0.8588315053447274,
            0.040519325484823544,
            0.15918535593877284,
            0.06110724674404326,
            0.6848602514927513,
            1.0000000000000002,
            0.0,
            0.0,
            0.0
        ],
        [
            -0.0009120516556694967,
            -0.007654794380269106,
            0.0006701436515560118,
            -0.001027749656085403,
            -7.529245377517096e-05,
            -0.004497211935676494,
            -0.005489812306615394,
            0.0410330970827852,
            -0.008429544495344766,
            -0.000789338389519403,
            -0.11721251421057398,
            -0.04051932548482351,
            0.3646448888407469,
            -0.15379000078214788,
            -0.05903610585998825,
            0.0,
            0.0,
            1.0000000000000004,
            0.0,
            0.0
        ],
        [
            -0.009631740395997257,
            -0.08083861456440158,
            -0.0010277496560854025,
            -0.010086107894401949,
            -0.0007951275172103437,
            -0.13908690551904399,
            -0.16978541739386377,
            -0.008429544495344759,
            -0.21939792507245498,
            -0.024412154814119232,
            -0.46048436324729175,
            -0.1591853559387728,
            -0.15379000078214788,
            -0.20039282956339596,
            -0.23193089746968293,
            0.0,
            0.0,
            0.0,
            1.0000000000000004,
            0.0
        ],
        [
            -0.0007056167464966867,
            -0.005922198673869756,
            -7.529245377517096e-05,
            -0.0007951275172103442,
            0.0007092129649128046,
            -0.013024029242181408,
            -0.015898622755187285,
            -0.0007893383895194024,
            -0.02441215481411924,
            0.039019714377907744,
            -0.1767683430475155,
            -0.06110724674404326,
            -0.05903610585998828,
            -0.23193089746968304,
            0.31475844398272496,
            0.0,
            0.0,
            0.0,
            0.0,
            1.0000000000000004
        ]
    ],
    "h": [
        [
            -0.25126442040659724,
            -0.46087875384757737,
            -0.05592190332531524,
            -0.2681054897379622,
            -0.005884945653231486,
            -0.5606597557552395,
            -0.45300279851741787,
            0.017346335833524767,
            0.030132096164753874,
            0.010343691196854514,
            -0.21945731737975807,
            -0.29658082461388424,
            -0.01568310349453529,
            0.2851099330247845,
            -0.026485727228971478,
            -0.0019399539304681968,
            -0.12003341501259598,
            0.003569666533897618,
            0.05032526942435597,
            0.004702842350051109
        ],
        [
            -0.46087875384757737,
            -0.3108919928184326,
            -0.046617240447462516,
            -0.23239362564634589,
            -0.0040827246437231315,
            -0.5258802859363464,
            -0.3648171192536116,
            0.06133501334738734,
            0.1104712041174187,
            0.024781225749367683,
            -0.30870676715183043,
            -0.3008568870807393,
            -0.03246951485723785,
            0.17688530431880767,
            -0.03952434428235803,
            -0.11792843618718601,
            -0.18272855965021695,
            0.015849740058000356,
            0.09930030168819443,
            0.024033807616164325
        ],
        [
            -0.05592190332531524,
            -0.046617240447462516,
            1.4747126563088206,
            -0.05237028679083432,
            -0.001640488251904544,
            -0.007955398207240866,
            -0.04143753018449873,
            0.31313299366169955,
            -0.20975183415877163,
            -0.00571483700006328,
            -0.02355813411588941,
            -0.03243873132059824,
            -0.0465320529822999,
            0.03420302073446742,
            -0.00443957953948546,
            -0.003273172021726338,
            -0.015155195012327313,
            -0.0020956511567192158,
            0.006999950214333407,
            0.0007387771379356251
        ],
        [
            -0.2681054897379622,
            -0.23239362564634589,
            -0.05237028679083432,
            1.230826938621357,
            -0.005709960317494488,
            -0.07521139701669177,
            -0.2212259747109394,
            -0.19374593116403072,
            -0.6135535497393062,
            -0.01965446456682659,
            -0.22035002500896367,
            -0.1753893742498927,
            -0.023300566891037745,
            0.19605432465977668,
            -0.03353564434284228,
            -0.050622698044316045,
            -0.10642582302477636,
            0.007406797392301288,
            0.06534610577292341,
            0.009023300215924254
        ],
        [
            -0.005884945653231486,
            -0.0040827246437231315,
            -0.001640488251904544,
            -0.005709960317494488,
            1.4858133828017335,
            0.0030988404273563225,
            -0.0024503847240523353,
            -0.007489746134369507,
            -0.02993308669188291,
            0.3564534696361802,
            0.005913142190859932,
            -0.0021020472604657107,
            0.00017799412012056974,
            -0.002894448367568067,
            -0.04274078447157577,
            -0.00013694990898268766,
            -0.0009437093153540858,
            0.00012330572333227595,
            0.002319699351538606,
            -0.0026365798913961826
        ],
        [
            -0.5606597557552395,
            -0.5258802859363464,
            -0.007955398207240866,
            -0.07521139701669177,
            0.0030988404273563225,
            -0.4109980471898105,
            -0.5857135467890429,
            0.09080208717285343,
            0.054147764655319286,
            0.04469016559977708,
            -0.48998910183825584,
            -0.4914809010463528,
            -0.014658023450371344,
            0.06434480108114615,
            -0.024180678257890054,
            -0.21836265515541553,
            -0.31127366078446395,
            0.02622318303975691,
            0.20907722691424574,
            0.04467343410138542
        ],
        [
            -0.45300279851741787,
            -0.3648171192536116,
            -0.04143753018449873,
            -0.2212259747109394,
            -0.0024503847240523353,
            -0.5857135467890429,
            -0.4335459834852329,
            0.07523020976123942,
            0.011550785455431492,
            0.037413958627879045,
            -0.48781600191233565,
            -0.4064310962825499,
            -0.05448596590362613,
            0.12042936442111973,
            -0.07040931165390481,
            -0.293864394309888,
            -0.3024143481009437,
            0.03411283945429966,
            0.15961977428719748,
            0.053032994675323596
        ],
        [
            0.017346335833524767,
            0.06133501334738734,
            0.31313299366169955,
            -0.19374593116403072,
            -0.007489746134369507,
            0.09080208717285343,
            0.07523020976123942,
            1.3958578401883919,
            -0.01831733420924815,
            -0.008635603462137112,
            0.013240421420771697,
            0.0529063619831374,
            0.2795593774829555,
            0.14590269039677953,
            -0.027290980114559764,
            0.013391587242400273,
            0.03158738624171303,
            -0.04611158614484159,
            -0.02008709603393336,
            -0.005376813683814274
        ],
        [
            0.030132096164753874,
            0.1104712041174187,
            -0.20975183415877163,
            -0.6135535497393062,
            -0.02993308669188291,
            0.054147764655319286,
            0.011550785455431492,
            -0.01831733420924815,
            0.9109440067873638,
            0.027720654235855853,
            -0.06224631544446457,
            -0.11429378955496822,
            0.14498402375648495,
            -0.7368957200417829,
            0.14214998265260215,
            -0.28137479410764,
            -0.17496613874424724,
            0.036635485298983625,
            0.1686070426353457,
            0.059405216152898094
        ],
        [
            0.010343691196854514,
            0.024781225749367683,
            -0.00571483700006328,
            -0.01965446456682659,
            0.3564534696361802,
            0.04469016559977708,
            0.037413958627879045,
            -0.008635603462137112,
            0.027720654235855853,
            1.4071778307743543,
            0.003434672901028918,
            0.03204507833074187,
            -0.029120831069191312,
            0.16162027949400434,
            0.2780109292851385,
            0.009390863905839545,
            0.02514338086563149,
            -0.0027853575043475126,
            -0.014781267119375323,
            -0.04715342069399131
        ],
        [
            -0.21945731737975807,
            -0.30870676715183043,
            -0.02355813411588941,
            -0.22035002500896367,
            0.005913142190859932,
            -0.48998910183825584,
            -0.48781600191233565,
            0.013240421420771697,
            -0.06224631544446457,
            0.003434672901028918,
            -0.3877424024495544,
            -0.5737582965041217,
            -0.09002771615243646,
            -0.020430844088329236,
            -0.11781872012769302,
            -0.5401841686847677,
            -0.5142098216783951,
            0.011917655138625388,
            0.08253790515771064,
            0.02067620100741696
        ],
        [
            -0.29658082461388424,
            -0.3008568870807393,
            -0.03243873132059824,
            -0.1753893742498927,
            -0.0021020472604657107,
            -0.4914809010463528,
            -0.4064310962825499,
            0.0529063619831374,
            -0.11429378955496822,
            0.03204507833074187,
            -0.5737582965041217,
            -0.4287103853826506,
            -0.0762619872491117,
            0.008356244122259812,
            -0.10067745445772275,
            -0.44295743899443785,
            -0.3651520841588298,
            0.04273516796965276,
            0.1986709002038894,
            0.06680399880766527
        ],
        [
            -0.01568310349453529,
            -0.03246951485723785,
            -0.0465320529822999,
            -0.023300566891037745,
            0.00017799412012056974,
            -0.014658023450371344,
            -0.05448596590362613,
            0.2795593774829555,
            0.14498402375648495,
            -0.029120831069191312,
            -0.09002771615243646,
            -0.0762619872491117,
            1.3988279003274242,
            -0.013537531593614663,
            -0.025474586790955434,
            -0.020462701112358705,
            -0.06216506900918894,
            0.25232788297557657,
            -0.1891862215390046,
            -0.07551061658430676
        ],
        [
            0.2851099330247845,
            0.17688530431880767,
            0.03420302073446742,
            0.19605432465977668,
            -0.002894448367568067,
            0.06434480108114615,
            0.12042936442111973,
            0.14590269039677953,
            -0.7368957200417829,
            0.16162027949400434,
            -0.020430844088329236,
            0.008356244122259812,
            -0.013537531593614663,
            0.970141057220425,
            -0.03580017593390704,
            -0.037491422288030374,
            -0.08844246354470814,
            -0.20561224716675958,
            -0.5234083170523106,
            -0.3102794453715497
        ],
        [
            -0.026485727228971478,
            -0.03952434428235803,
            -0.00443957953948546,
            -0.03353564434284228,
            -0.04274078447157577,
            -0.024180678257890054,
            -0.07040931165390481,
            -0.027290980114559764,
            0.14214998265260215,
            0.2780109292851385,
            -0.11781872012769302,
            -0.10067745445772275,
            -0.025474586790955434,
            -0.03580017593390704,
            1.383015990595652,
            -0.025314881525958455,
            -0.08434366176193213,
            -0.07676918677753986,
            -0.290341229450923,
            0.18779746192911856
        ],
        [
            -0.0019399539304681968,
            -0.11792843618718601,
            -0.003273172021726338,
            -0.050622698044316045,
            -0.00013694990898268766,
            -0.21836265515541553,
            -0.293864394309888,
            0.013391587242400273,
            -0.28137479410764,
            0.009390863905839545,
            -0.5401841686847677,
            -0.44295743899443785,
            -0.020462701112358705,
            -0.037491422288030374,
            -0.025314881525958455,
            -0.23010507259538993,
            -0.45182124070810237,
            0.055640610540426336,
            0.23204713439441527,
            0.08565250413457695
        ],
        [
            -0.12003341501259598,
            -0.18272855965021695,
            -0.015155195012327313,
            -0.10642582302477636,
            -0.0009437093153540858,
            -0.31127366078446395,
            -0.3024143481009437,
            0.03158738624171303,
            -0.17496613874424724,
            0.02514338086563149,
            -0.5142098216783951,
            -0.3651520841588298,
            -0.06216506900918894,
            -0.08844246354470814,
            -0.08434366176193213,
            -0.45182124070810237,
            -0.3106980549045819,
            0.048105476464014224,
            0.2084865145963046,
            0.07449902678839009
        ],
        [
            0.003569666533897618,
            0.015849740058000356,
            -0.0020956511567192158,
            0.007406797392301288,
            0.00012330572333227595,
            0.02622318303975691,
            0.03411283945429966,
            -0.04611158614484159,
            0.036635485298983625,
            -0.0027853575043475126,
            0.011917655138625388,
            0.04273516796965276,
            0.25232788297557657,
            -0.20561224716675958,
            -0.07676918677753986,
            0.055640610540426336,
            0.048105476464014224,
            1.4768870642828789,
            -0.04821732362657502,
            -0.01846415917129259
        ],
        [
            0.05032526942435597,
            0.09930030168819443,
            0.006999950214333407,
            0.06534610577292341,
            0.002319699351538606,
            0.20907722691424574,
            0.15961977428719748,
            -0.02008709603393336,
            0.1686070426353457,
            -0.014781267119375323,
            0.08253790515771064,
            0.1986709002038894,
            -0.1891862215390046,
            -0.5234083170523106,
            -0.290341229450923,
            0.23204713439441527,
            0.2084865145963046,
            -0.04821732362657502,
            1.282919050684516,
            -0.07400139880642581
        ],
        [
            0.004702842350051109,
            0.024033807616164325,
            0.0007387771379356251,
            0.009023300215924254,
            -0.0026365798913961826,
            0.04467343410138542,
            0.053032994675323596,
            -0.005376813683814274,
            0.059405216152898094,
            -0.04715342069399131,
            0.02067620100741696,
            0.06680399880766527,
            -0.07551061658430676,
            -0.3102794453715497,
            0.18779746192911856,
            0.08565250413457695,
            0.07449902678839009,
            -0.01846415917129259,
            -0.07400139880642581,
            1.461076675704532
        ]
    ]
}