{
    "HF": -2.1650729086093334,
    "coordinates": [
        [
            0.713251,
            -0.008041,
            0.011529
        ],
        [
            1.378596,
            -0.165535,
            0.051179
        ],
        [
            2.16946,
            0.04524,
            -0.078495
        ],
        [
            2.930478,
            0.143267,
            0.013836
        ]
    ],
    "elements": [
        "H",
        "H",
        "H",
        "H"
    ],
    "Enn": 3.030866820288012,
    "S": [
        [
            0.9999999999999999,
            0.6848602514927513,
            0.0,
            0.0,
            0.0,
            0.6154544277483438,
            0.5812650701708979,
            -0.03168292654887955,
            -0.5316538906598804,
            0.12584794032507532,
            0.1389414622944832,
            0.3253027529633265,
            0.011237129464474381,
            -0.1817694066063803,
            -0.0066507319714371686,
            0.013568918165444087,
            0.12238185501079693,
            -1.7003633288550665e-05,
            -0.016341965680742677,
            -0.0011152083856194308
        ],
        [
            0.6848602514927513,
            1.0000000000000002,
            0.0,
            0.0,
            0.0,
            0.5812650701708979,
            0.9028690415366917,
            -0.009057292027077873,
            -0.15198547197367274,
            0.03597652334205804,
            0.32530275296332645,
            0.6285670614949059,
            0.011060302856490595,
            -0.17890909715572875,
            -0.006546076562879631,
            0.12238185501079693,
            0.3409955842922224,
            -9.944524670504437e-05,
            -0.09557550325794777,
            -0.0065222632806445045
        ],
        [
            0.0,
            0.0,
            1.0000000000000004,
            0.0,
            0.0,
            0.03168292654887955,
            0.00905729202707787,
            0.5417401615422193,
            -0.03725541984514166,
            0.008818740793258749,
            -0.01123712946447438,
            -0.011060302856490595,
            0.06153736200395235,
            0.021393810981759683,
            0.0007827747548045215,
            1.7003633288550682e-05,
            9.944524670504437e-05,
            0.0016429947330259796,
            -2.1818860722191867e-05,
            -1.48896264485026e-06
        ],
        [
            0.0,
            0.0,
            0.0,
            1.0000000000000004,
            0.0,
            0.5316538906598806,
            0.15198547197367274,
            -0.037255419845141656,
            -0.08120252880878755,
            0.14798247397454578,
            0.18176940660638025,
            0.1789090971557287,
            0.021393810981759673,
            -0.2832017735058501,
            -0.012661997277605275,
            0.01634196568074269,
            0.09557550325794788,
            -2.181886072219184e-05,
            -0.019326799254108695,
            -0.001431022183854966
        ],
        [
            0.0,
            0.0,
            0.0,
            0.0,
            1.0000000000000004,
            -0.1258479403250753,
            -0.03597652334205805,
            0.008818740793258744,
            0.14798247397454575,
            0.5089313565473862,
            0.006650731971437166,
            0.006546076562879625,
            0.0007827747548045212,
            -0.012661997277605275,
            0.06239665662640959,
            0.0011152083856194317,
            0.006522263280644506,
            -1.488962644850258e-06,
            -0.001431022183854966,
            0.0015453616226213881
        ],
        [
            0.6154544277483438,
            0.5812650701708979,
            0.03168292654887955,
            0.5316538906598806,
            -0.12584794032507532,
            0.9999999999999999,
            0.6848602514927513,
            0.0,
            0.0,
            0.0,
            0.5004374946044075,
            0.5386907955215514,
            0.07977179114768296,
            -0.4865172496739605,
            -0.1296628412723667,
            0.1010893027982774,
            0.28556733224890296,
            0.0031634752556763215,
            -0.1314661464459063,
            -0.026159855552670093
        ],
        [
            0.5812650701708979,
            0.9028690415366917,
            0.00905729202707787,
            0.15198547197367274,
            -0.035976523342058066,
            0.6848602514927513,
            1.0000000000000002,
            0.0,
            0.0,
            0.0,
            0.5386907955215514,
            0.8610619238569548,
            0.027311461725535207,
            -0.16656887167900802,
            -0.044392656547956294,
            0.28556733224890296,
            0.5794381420442613,
            0.00399104616437628,
            -0.1658579306339764,
            -0.03300332157704853
        ],
        [
            -0.03168292654887955,
            -0.009057292027077873,
            0.5417401615422193,
            -0.03725541984514166,
            0.008818740793258749,
            0.0,
            0.0,
            1.0000000000000004,
            0.0,
            0.0,
            -0.07977179114768296,
            -0.02731146172553519,
            0.3921780173979449,
            0.10918316905583664,
            0.029098659766715846,
            -0.0031634752556763206,
            -0.003991046164376274,
            0.038563829263079524,
            0.005823114742919731,
            0.0011587153397249912
        ],
        [
            -0.5316538906598804,
            -0.15198547197367274,
            -0.037255419845141656,
            -0.08120252880878755,
            0.14798247397454578,
            0.0,
            0.0,
            0.0,
            1.0000000000000004,
            0.0,
            0.4865172496739605,
            0.16656887167900797,
            0.10918316905583664,
            -0.2558129895628441,
            -0.17746874822820277,
            0.1314661464459063,
            0.1658579306339764,
            0.005823114742919731,
            -0.20329018308994082,
            -0.048153321341164304
        ],
        [
            0.1258479403250753,
            0.03597652334205804,
            0.008818740793258744,
            0.14798247397454575,
            0.5089313565473862,
            0.0,
            0.0,
            0.0,
            0.0,
            1.0000000000000004,
            0.12966284127236666,
            0.04439265654795627,
            0.029098659766715846,
            -0.17746874822820277,
            0.3627826255939775,
            0.026159855552670093,
            0.033003321577048515,
            0.0011587153397249912,
            -0.048153321341164304,
            0.029122138874925423
        ],
        [
            0.1389414622944832,
            0.3253027529633265,
            -0.011237129464474381,
            0.18176940660638025,
            0.0066507319714371686,
            0.5004374946044075,
            0.5386907955215514,
            -0.07977179114768296,
            0.4865172496739605,
            0.1296628412723667,
            0.9999999999999999,
            0.6848602514927513,
            0.0,
            0.0,
            0.0,
            0.5443831185698149,
            0.5557907905738697,
            -0.06318577934745565,
            -0.520794916414227,
            -0.06708377892682887
        ],
        [
            0.32530275296332645,
            0.6285670614949059,
            -0.011060302856490596,
            0.17890909715572875,
            0.006546076562879633,
            0.5386907955215514,
            0.8610619238569548,
            -0.027311461725535207,
            0.16656887167900802,
            0.04439265654795629,
            0.6848602514927513,
            1.0000000000000002,
            0.0,
            0.0,
            0.0,
            0.5557907905738697,
            0.8779996795937308,
            -0.02010611445922948,
            -0.16572023495395813,
            -0.021346482569179252
        ],
        [
            0.01123712946447438,
            0.011060302856490596,
            0.06153736200395235,
            0.021393810981759676,
            0.0007827747548045215,
            0.07977179114768296,
            0.02731146172553519,
            0.3921780173979449,
            0.10918316905583664,
            0.029098659766715846,
            0.0,
            0.0,
            1.0000000000000004,
            0.0,
            0.0,
            0.06318577934745565,
            0.020106114459229472,
            0.45036230727891585,
            -0.0840149479693514,
            -0.010821995412186852
        ],
        [
            -0.18176940660638025,
            -0.1789090971557287,
            0.02139381098175968,
            -0.2832017735058501,
            -0.01266199727760528,
            -0.4865172496739605,
            -0.16656887167900797,
            0.10918316905583664,
            -0.2558129895628441,
            -0.17746874822820277,
            0.0,
            0.0,
            0.0,
            1.0000000000000004,
            0.0,
            0.520794916414227,
            0.1657202349539581,
            -0.0840149479693514,
            -0.2319192915236231,
            -0.08919792165785718
        ],
        [
            -0.006650731971437166,
            -0.006546076562879623,
            0.0007827747548045212,
            -0.012661997277605273,
            0.06239665662640959,
            -0.12966284127236666,
            -0.04439265654795626,
            0.029098659766715846,
            -0.17746874822820277,
            0.3627826255939775,
            0.0,
            0.0,
            0.0,
            0.0,
            1.0000000000000004,
            0.06708377892682886,
            0.02134648256917924,
            -0.010821995412186852,
            -0.08919792165785718,
            0.44906585896179774
        ],
        [
            0.013568918165444087,
            0.12238185501079693,
            1.7003633288550665e-05,
            0.016341965680742677,
            0.0011152083856194308,
            0.1010893027982774,
            0.28556733224890296,
            -0.0031634752556763224,
            0.13146614644590635,
            0.026159855552670093,
            0.5443831185698149,
            0.5557907905738697,
            0.06318577934745565,
            0.520794916414227,
            0.06708377892682886,
            0.9999999999999999,
            0.6848602514927513,
            0.0,
            0.0,
            0.0
        ],
        [
            0.12238185501079693,
            0.3409955842922224,
            9.944524670504437e-05,
            0.09557550325794785,
            0.0065222632806445045,
            0.28556733224890296,
            0.5794381420442613,
            -0.00399104616437628,
            0.1658579306339764,
            0.03300332157704853,
            0.5557907905738697,
            0.8779996795937308,
            0.020106114459229486,
            0.16572023495395813,
            0.021346482569179242,
            0.6848602514927513,
            1.0000000000000002,
            0.0,
            0.0,
            0.0
        ],
        [
            -1.7003633288550682e-05,
            -9.944524670504437e-05,
            0.0016429947330259796,
            -2.181886072219183e-05,
            -1.4889626448502575e-06,
            0.0031634752556763198,
            0.003991046164376274,
            0.038563829263079524,
            0.005823114742919731,
            0.0011587153397249912,
            -0.06318577934745565,
            -0.020106114459229472,
            0.45036230727891585,
            -0.0840149479693514,
            -0.01082199541218685,
            0.0,
            0.0,
            1.0000000000000004,
            0.0,
            0.0
        ],
        [
            -0.0163419656807427,
            -0.09557550325794792,
            -2.1818860722191874e-05,
            -0.019326799254108695,
            -0.001431022183854966,
            -0.1314661464459063,
            -0.1658579306339764,
            0.005823114742919731,
            -0.20329018308994082,
            -0.048153321341164304,
            -0.520794916414227,
            -0.1657202349539581,
            -0.0840149479693514,
            -0.2319192915236231,
            -0.08919792165785716,
            0.0,
            0.0,
            0.0,
            1.0000000000000004,
            0.0
        ],
        [
            -0.0011152083856194317,
            -0.0065222632806445045,
            -1.4889626448502604e-06,
            -0.001431022183854966,
            0.0015453616226213881,
            -0.026159855552670093,
            -0.033003321577048515,
            0.0011587153397249912,
            -0.048153321341164304,
            0.029122138874925423,
            -0.06708377892682887,
            -0.021346482569179228,
            -0.010821995412186853,
            -0.0891979216578572,
            0.44906585896179774,
            0.0,
            0.0,
            0.0,
            0.0,
            1.0000000000000004
        ]
    ],
    "h": [
        [
            -0.3282096971575288,
            -0.49323179525574856,
            -0.01659014266937981,
            -0.3285667777282366,
            0.07337767878571447,
            -0.633045202270029,
            -0.4931246391476529,
            0.008984567742076004,
            -0.004190943135144676,
            -0.014197777233818598,
            -0.26846987761681873,
            -0.33721877902795194,
            -0.03207426217303415,
            0.3210735879602653,
            0.04871612944920483,
            -0.018032570625400236,
            -0.14767269972089325,
            0.0002477839432689353,
            0.06803149873505285,
            0.008308987772528593
        ],
        [
            -0.49323179525574856,
            -0.32042537816399297,
            -0.01156936159206122,
            -0.2631422046396593,
            0.0548417327716469,
            -0.5627235647432605,
            -0.37107570491078246,
            0.030176480773661522,
            0.12148906764622519,
            -0.07853559419998384,
            -0.3394121970943672,
            -0.31768921534673555,
            -0.033514103260489175,
            0.17445755189578682,
            0.04033858040541766,
            -0.14553103438439047,
            -0.20173981062424362,
            0.00797698666375874,
            0.11644529315340751,
            0.016014396073510954
        ],
        [
            -0.01659014266937981,
            -0.01156936159206122,
            1.463069739607053,
            -0.014917196561938507,
            0.0040672390973767085,
            0.0029775871094159453,
            -0.009282658268335185,
            0.5072818639220253,
            -0.05374287518322621,
            0.013956259298006674,
            0.0015699248902003964,
            -0.006992850546452167,
            -0.04631792835851997,
            0.01022701044571682,
            0.0011306622064649326,
            0.0018578705105232168,
            -0.0013999786993572835,
            -0.005506089941441362,
            -0.0004989466306237794,
            -2.1874415617783117e-05
        ],
        [
            -0.3285667777282366,
            -0.2631422046396593,
            -0.014917196561938507,
            1.1525299785846654,
            0.06644546834984659,
            -0.0683583208289984,
            -0.2559815932212771,
            -0.042204592134512164,
            -0.45300761484602126,
            0.19525070211393647,
            -0.24924549621879843,
            -0.20270286307895735,
            -0.029444524651995485,
            0.13433597659021457,
            0.04539008387898959,
            -0.07194311831199113,
            -0.12544403226148726,
            0.0020108115434660173,
            0.09415203385894216,
            0.010169181805266016
        ],
        [
            0.07337767878571447,
            0.0548417327716469,
            0.0040672390973767085,
            0.06644546834984659,
            1.44813185541075,
            0.00220537991855535,
            0.048526548773824486,
            0.012561999980329475,
            0.21809639399723224,
            0.45972423663537454,
            0.021004958578197907,
            0.036718476957879456,
            0.004795484626438055,
            -0.04311847730819833,
            -0.05293836779467667,
            -0.0033451544473735123,
            0.012654345848085233,
            0.00015309041404964796,
            0.0018611941023473771,
            -0.005456388695548232
        ],
        [
            -0.633045202270029,
            -0.5627235647432605,
            0.0029775871094159453,
            -0.0683583208289984,
            0.00220537991855535,
            -0.47323150676225545,
            -0.6052484522649814,
            0.04943785956056864,
            0.12343510187354094,
            -0.12173058779712827,
            -0.49074854971950654,
            -0.5007521035883307,
            -0.015341995395643293,
            0.08768021852795793,
            0.009484005919341731,
            -0.21310023223897362,
            -0.3106744872842313,
            0.008702599617083986,
            0.21654218087856997,
            0.035724481489581135
        ],
        [
            -0.4931246391476529,
            -0.37107570491078246,
            -0.009282658268335185,
            -0.2559815932212771,
            0.048526548773824486,
            -0.6052484522649814,
            -0.42649509904942984,
            0.04139950464959058,
            0.04554004404788914,
            -0.09988877232764831,
            -0.4881983974830353,
            -0.40277575643544483,
            -0.043367162659157577,
            0.11562456496894341,
            0.033484049510313196,
            -0.29626802734465524,
            -0.29920207940868637,
            0.01736275732365706,
            0.174727542780781,
            0.024491942996552038
        ],
        [
            0.008984567742076004,
            0.030176480773661522,
            0.5072818639220253,
            -0.042204592134512164,
            0.012561999980329475,
            0.04943785956056864,
            0.04139950464959058,
            1.3940325003270553,
            0.016669339663545224,
            0.012966936350096686,
            0.010544854954245009,
            0.03631267600637485,
            0.28280471257928963,
            0.14198156560751704,
            0.03837604395597296,
            0.023317656976203836,
            0.028142231020190492,
            -0.04456986280694922,
            -0.02533483519345993,
            -0.003915109792845382
        ],
        [
            -0.004190943135144676,
            0.12148906764622519,
            -0.05374287518322621,
            -0.45300761484602126,
            0.21809639399723224,
            0.12343510187354094,
            0.04554004404788914,
            0.016669339663545224,
            0.866680357156318,
            0.009570092666989584,
            -0.044878933751858696,
            -0.08644681502703438,
            0.14261503220717991,
            -0.7351206108304932,
            -0.25475640547561973,
            -0.2822834583576085,
            -0.16106188252857825,
            0.01619226820862783,
            0.19328728050460126,
            0.03725911678131316
        ],
        [
            -0.014197777233818598,
            -0.07853559419998384,
            0.013956259298006674,
            0.19525070211393647,
            0.45972423663537454,
            -0.12173058779712827,
            -0.09988877232764831,
            0.012966936350096686,
            0.009570092666989584,
            1.3696892137611505,
            -0.032373742571965014,
            -0.08130913224164754,
            0.03479753234037953,
            -0.22374958837028114,
            0.24386817982638065,
            -0.05658719794956269,
            -0.05661231059554759,
            0.0035672944200159577,
            0.05754976962146702,
            -0.033730991323023415
        ],
        [
            -0.26846987761681873,
            -0.3394121970943672,
            0.0015699248902003964,
            -0.24924549621879843,
            0.021004958578197907,
            -0.49074854971950654,
            -0.4881983974830353,
            0.010544854954245009,
            -0.044878933751858696,
            -0.032373742571965014,
            -0.4107600083441625,
            -0.5854662397849626,
            -0.06272836457507688,
            -0.07174757213246749,
            0.01648113809234384,
            -0.5678193178681405,
            -0.5282719316265838,
            0.002163491300138029,
            0.062238118039297685,
            0.01160948007088769
        ],
        [
            -0.33721877902795194,
            -0.31768921534673555,
            -0.006992850546452167,
            -0.20270286307895735,
            0.036718476957879456,
            -0.5007521035883307,
            -0.40277575643544483,
            0.03631267600637485,
            -0.08644681502703438,
            -0.08130913224164754,
            -0.5854662397849626,
            -0.430633391391571,
            -0.05377327464211178,
            -0.019916917362772638,
            0.01860023253175673,
            -0.4565254597385393,
            -0.3622342141216084,
            0.022625426755120637,
            0.22385729256273512,
            0.03181268835946265
        ],
        [
            -0.03207426217303415,
            -0.033514103260489175,
            -0.04631792835851997,
            -0.029444524651995485,
            0.004795484626438055,
            -0.015341995395643293,
            -0.043367162659157577,
            0.28280471257928963,
            0.14261503220717991,
            0.03479753234037953,
            -0.06272836457507688,
            -0.05377327464211178,
            1.4106182216460852,
            0.004266339053583806,
            0.004945587930530816,
            -0.008366800904391777,
            -0.039351187589284756,
            0.3762379281889864,
            -0.10789253076155034,
            -0.013306605908308233
        ],
        [
            0.3210735879602653,
            0.17445755189578682,
            0.01022701044571682,
            0.13433597659021457,
            -0.04311847730819833,
            0.08768021852795793,
            0.11562456496894341,
            0.14198156560751704,
            -0.7351206108304932,
            -0.22374958837028114,
            -0.07174757213246749,
            -0.019916917362772638,
            0.004266339053583806,
            0.8966855248450434,
            -0.09176705808174634,
            -0.026777783428833635,
            -0.11916881144660987,
            -0.11788985965753504,
            -0.6068228388939508,
            -0.12891521785404053
        ],
        [
            0.04871612944920483,
            0.04033858040541766,
            0.0011306622064649326,
            0.04539008387898959,
            -0.05293836779467667,
            0.009484005919341731,
            0.033484049510313196,
            0.03837604395597296,
            -0.25475640547561973,
            0.24386817982638065,
            0.01648113809234384,
            0.01860023253175673,
            0.004945587930530816,
            -0.09176705808174634,
            1.4009862716569548,
            0.0031884534176811613,
            -0.002422099862971906,
            -0.015427786529349497,
            -0.13561769768111567,
            0.37257987409025284
        ],
        [
            -0.018032570625400236,
            -0.14553103438439047,
            0.0018578705105232168,
            -0.07194311831199113,
            -0.0033451544473735123,
            -0.21310023223897362,
            -0.29626802734465524,
            0.023317656976203836,
            -0.2822834583576085,
            -0.05658719794956269,
            -0.5678193178681405,
            -0.4565254597385393,
            -0.008366800904391777,
            -0.026777783428833635,
            0.0031884534176811613,
            -0.25804719733506,
            -0.4636241254613369,
            0.03236218605171437,
            0.2805005508787326,
            0.03815758676848603
        ],
        [
            -0.14767269972089325,
            -0.20173981062424362,
            -0.0013999786993572835,
            -0.12544403226148726,
            0.012654345848085233,
            -0.3106744872842313,
            -0.29920207940868637,
            0.028142231020190492,
            -0.16106188252857825,
            -0.05661231059554759,
            -0.5282719316265838,
            -0.3622342141216084,
            -0.039351187589284756,
            -0.11916881144660987,
            -0.002422099862971906,
            -0.4636241254613369,
            -0.30818761488142976,
            0.026203117457081232,
            0.237974222328441,
            0.03297945589610124
        ],
        [
            0.0002477839432689353,
            0.00797698666375874,
            -0.005506089941441362,
            0.0020108115434660173,
            0.00015309041404964796,
            0.008702599617083986,
            0.01736275732365706,
            -0.04456986280694922,
            0.01619226820862783,
            0.0035672944200159577,
            0.002163491300138029,
            0.022625426755120637,
            0.3762379281889864,
            -0.11788985965753504,
            -0.015427786529349497,
            0.03236218605171437,
            0.026203117457081232,
            1.4905210139893321,
            -0.030155674758216622,
            -0.003857726417760112
        ],
        [
            0.06803149873505285,
            0.11644529315340751,
            -0.0004989466306237794,
            0.09415203385894216,
            0.0018611941023473771,
            0.21654218087856997,
            0.174727542780781,
            -0.02533483519345993,
            0.19328728050460126,
            0.05754976962146702,
            0.062238118039297685,
            0.22385729256273512,
            -0.10789253076155034,
            -0.6068228388939508,
            -0.13561769768111567,
            0.2805005508787326,
            0.237974222328441,
            -0.030155674758216622,
            1.2268224428925183,
            -0.03607047427354568
        ],
        [
            0.008308987772528593,
            0.016014396073510954,
            -2.1874415617783117e-05,
            0.010169181805266016,
            -0.005456388695548232,
            0.035724481489581135,
            0.024491942996552038,
            -0.003915109792845382,
            0.03725911678131316,
            -0.033730991323023415,
            0.01160948007088769,
            0.03181268835946265,
            -0.013306605908308233,
            -0.12891521785404053,
            0.37257987409025284,
            0.03815758676848603,
            0.03297945589610124,
            -0.003857726417760112,
            -0.03607047427354568,
            1.4892617986312833
        ]
    ]
}