{
    "HF": -2.1221799063930695,
    "coordinates": [
        [
            0.773818,
            -0.056858,
            0.160778
        ],
        [
            1.476068,
            -0.110653,
            0.189451
        ],
        [
            2.182147,
            0.045518,
            0.140153
        ],
        [
            2.839733,
            0.01766,
            -0.0218
        ]
    ],
    "elements": [
        "H",
        "H",
        "H",
        "H"
    ],
    "Enn": 3.2730597504778633,
    "S": [
        [
            0.9999999999999999,
            0.6848602514927513,
            0.0,
            0.0,
            0.0,
            0.5991532226088334,
            0.575642108565741,
            -0.02214913886045031,
            -0.5424696670997535,
            0.04155522355518866,
            0.15630888558714523,
            0.34124851498381337,
            0.0029734954441630996,
            -0.20303805407916475,
            -0.0147594942832311,
            0.022686148249260376,
            0.1524721465676193,
            0.0025190476532903384,
            -0.028503644100862698,
            -0.0010281325955366438
        ],
        [
            0.6848602514927513,
            1.0000000000000002,
            0.0,
            0.0,
            0.0,
            0.575642108565741,
            0.8974158759110964,
            -0.006482200079257169,
            -0.1587599834568533,
            0.012161613827072145,
            0.3412485149838134,
            0.6476352970656368,
            0.0026670450979997718,
            -0.18211282210040775,
            -0.013238371343167202,
            0.1524721465676193,
            0.3913348391313844,
            0.009963183504028354,
            -0.11273587315407518,
            -0.004066407279919729
        ],
        [
            0.0,
            0.0,
            1.0000000000000004,
            0.0,
            0.0,
            0.022149138860450314,
            0.006482200079257168,
            0.5235534439991872,
            -0.027427486037172183,
            0.0021010489303947004,
            -0.0029734954441630996,
            -0.0026670450979997705,
            0.07503010007425037,
            0.005664292122604157,
            0.0004117557547588122,
            -0.0025190476532903376,
            -0.009963183504028347,
            0.0034094026559397888,
            0.0036549627104849,
            0.00013183529393025062
        ],
        [
            0.0,
            0.0,
            0.0,
            1.0000000000000004,
            0.0,
            0.5424696670997532,
            0.1587599834568531,
            -0.027427486037172193,
            -0.1470719545792938,
            0.051458222417245465,
            0.20303805407916473,
            0.18211282210040733,
            0.005664292122604157,
            -0.3116596425580144,
            -0.028115760986362304,
            0.028503644100862688,
            0.11273587315407504,
            0.0036549627104849,
            -0.0376243876347823,
            -0.0014917487937205671
        ],
        [
            0.0,
            0.0,
            0.0,
            0.0,
            1.0000000000000004,
            -0.04155522355518867,
            -0.012161613827072143,
            0.0021010489303946995,
            0.05145822241724543,
            0.52073141940995,
            0.014759494283231096,
            0.01323837134316719,
            0.0004117557547588122,
            -0.028115760986362304,
            0.07306922791887255,
            0.0010281325955366438,
            0.004066407279919729,
            0.00013183529393025068,
            -0.0014917487937205678,
            0.003678607170716265
        ],
        [
            0.5991532226088334,
            0.575642108565741,
            0.02214913886045031,
            0.5424696670997533,
            -0.04155522355518866,
            0.9999999999999999,
            0.6848602514927513,
            0.0,
            0.0,
            0.0,
            0.5829785037180184,
            0.5699371875433944,
            0.036788328313115744,
            -0.5269070969815502,
            -0.1165416451171974,
            0.1665479841758471,
            0.35012685134788896,
            0.032919257418524764,
            -0.21250000789408127,
            -0.019995023347312763
        ],
        [
            0.575642108565741,
            0.8974158759110964,
            0.006482200079257169,
            0.15875998345685313,
            -0.012161613827072155,
            0.6848602514927513,
            1.0000000000000002,
            0.0,
            0.0,
            0.0,
            0.5699371875433944,
            0.8918624643799045,
            0.0110271087110637,
            -0.15793764233030047,
            -0.034932747667563116,
            0.350126851347889,
            0.6581056410252316,
            0.028077835956650136,
            -0.1812477203413253,
            -0.017054363601145792
        ],
        [
            -0.022149138860450314,
            -0.006482200079257168,
            0.5235534439991872,
            -0.027427486037172193,
            0.0021010489303946995,
            0.0,
            0.0,
            1.0000000000000004,
            0.0,
            0.0,
            -0.036788328313115744,
            -0.011027108711063698,
            0.5024298736117098,
            0.045691880238344855,
            0.01010615898320521,
            -0.03291925741852475,
            -0.028077835956650123,
            0.07307050739201594,
            0.06181006409612195,
            0.005815970017831138
        ],
        [
            -0.5424696670997531,
            -0.1587599834568533,
            -0.027427486037172183,
            -0.14707195457929398,
            0.05145822241724543,
            0.0,
            0.0,
            0.0,
            1.0000000000000004,
            0.0,
            0.5269070969815499,
            0.15793764233030005,
            0.045691880238344855,
            -0.14880968313467594,
            -0.14474718302370385,
            0.21250000789408127,
            0.1812477203413253,
            0.06181006409612201,
            -0.3163498466494609,
            -0.03754318206477462
        ],
        [
            0.04155522355518866,
            0.012161613827072143,
            0.0021010489303947004,
            0.051458222417245465,
            0.52073141940995,
            0.0,
            0.0,
            0.0,
            0.0,
            1.0000000000000004,
            0.11654164511719738,
            0.034932747667563095,
            0.01010615898320521,
            -0.14474718302370385,
            0.4736047789579884,
            0.019995023347312752,
            0.017054363601145785,
            0.005815970017831138,
            -0.03754318206477459,
            0.0791131641516251
        ],
        [
            0.15630888558714523,
            0.34124851498381337,
            -0.0029734954441630996,
            0.2030380540791648,
            0.0147594942832311,
            0.5829785037180184,
            0.5699371875433944,
            -0.036788328313115744,
            0.5269070969815502,
            0.1165416451171974,
            0.9999999999999999,
            0.6848602514927513,
            0.0,
            0.0,
            0.0,
            0.6212257982227423,
            0.5832262357152092,
            0.13094145034709084,
            -0.531668228238699,
            0.022523614405224088
        ],
        [
            0.3412485149838134,
            0.6476352970656368,
            -0.0026670450979997718,
            0.18211282210040763,
            0.013238371343167202,
            0.5699371875433944,
            0.8918624643799045,
            -0.0110271087110637,
            0.15793764233030047,
            0.0349327476675631,
            0.6848602514927513,
            1.0000000000000002,
            0.0,
            0.0,
            0.0,
            0.5832262357152092,
            0.9047662577073432,
            0.037128332369674895,
            -0.1507540556188833,
            0.006386550932396454
        ],
        [
            0.0029734954441630996,
            0.0026670450979997705,
            0.07503010007425037,
            0.005664292122604159,
            0.0004117557547588122,
            0.036788328313115744,
            0.011027108711063698,
            0.5024298736117098,
            0.045691880238344855,
            0.01010615898320521,
            0.0,
            0.0,
            1.0000000000000004,
            0.0,
            0.0,
            -0.13094145034709082,
            -0.03712833236967487,
            0.5133004945736221,
            0.1522906954541703,
            -0.006451649204761469
        ],
        [
            -0.20303805407916475,
            -0.18211282210040744,
            0.0056642921226041565,
            -0.31165964255801437,
            -0.0281157609863623,
            -0.5269070969815499,
            -0.15793764233030005,
            0.045691880238344855,
            -0.14880968313467594,
            -0.14474718302370385,
            0.0,
            0.0,
            0.0,
            1.0000000000000004,
            0.0,
            0.5316682282386989,
            0.15075405561888328,
            0.15229069545417012,
            -0.06754637663876294,
            0.02619595928425081
        ],
        [
            -0.014759494283231096,
            -0.01323837134316719,
            0.0004117557547588122,
            -0.02811576098636231,
            0.07306922791887255,
            -0.11654164511719736,
            -0.03493274766756311,
            0.01010615898320521,
            -0.14474718302370385,
            0.4736047789579884,
            0.0,
            0.0,
            0.0,
            0.0,
            1.0000000000000004,
            -0.022523614405224084,
            -0.006386550932396453,
            -0.00645164920476147,
            0.02619595928425085,
            0.5496975102752164
        ],
        [
            0.022686148249260376,
            0.1524721465676193,
            -0.0025190476532903384,
            0.028503644100862695,
            0.0010281325955366438,
            0.1665479841758471,
            0.35012685134788896,
            -0.032919257418524764,
            0.21250000789408127,
            0.019995023347312763,
            0.6212257982227423,
            0.5832262357152092,
            -0.13094145034709084,
            0.531668228238699,
            -0.022523614405224088,
            0.9999999999999999,
            0.6848602514927513,
            0.0,
            0.0,
            0.0
        ],
        [
            0.1524721465676193,
            0.3913348391313844,
            -0.00996318350402836,
            0.11273587315407513,
            0.004066407279919729,
            0.350126851347889,
            0.6581056410252316,
            -0.028077835956650123,
            0.1812477203413253,
            0.017054363601145785,
            0.5832262357152092,
            0.9047662577073432,
            -0.037128332369674895,
            0.1507540556188833,
            -0.006386550932396454,
            0.6848602514927513,
            1.0000000000000002,
            0.0,
            0.0,
            0.0
        ],
        [
            0.0025190476532903376,
            0.009963183504028347,
            0.0034094026559397888,
            0.0036549627104848995,
            0.00013183529393025062,
            0.03291925741852475,
            0.02807783595665012,
            0.07307050739201594,
            0.06181006409612199,
            0.005815970017831138,
            0.1309414503470908,
            0.037128332369674874,
            0.5133004945736221,
            0.1522906954541701,
            -0.006451649204761469,
            0.0,
            0.0,
            1.0000000000000004,
            0.0,
            0.0
        ],
        [
            -0.028503644100862684,
            -0.11273587315407518,
            0.0036549627104849004,
            -0.0376243876347823,
            -0.0014917487937205671,
            -0.21250000789408127,
            -0.1812477203413253,
            0.06181006409612197,
            -0.3163498466494609,
            -0.0375431820647746,
            -0.5316682282386989,
            -0.15075405561888328,
            0.15229069545417034,
            -0.06754637663876294,
            0.02619595928425085,
            0.0,
            0.0,
            0.0,
            1.0000000000000004,
            0.0
        ],
        [
            -0.0010281325955366438,
            -0.004066407279919729,
            0.00013183529393025068,
            -0.0014917487937205678,
            0.003678607170716265,
            -0.01999502334731275,
            -0.01705436360114578,
            0.005815970017831138,
            -0.03754318206477461,
            0.0791131641516251,
            0.022523614405224084,
            0.006386550932396453,
            -0.00645164920476147,
            0.02619595928425081,
            0.5496975102752164,
            0.0,
            0.0,
            0.0,
            0.0,
            1.0000000000000004
        ]
    ],
    "h": [
        [
            -0.3106104978566766,
            -0.48575710845979003,
            -0.013406421394593991,
            -0.3268196225335524,
            0.021760785973939708,
            -0.6207857252469505,
            -0.4813915126425956,
            0.0007515164547133024,
            0.0016078953503954052,
            -0.011684792471229971,
            -0.2969351498841599,
            -0.344151525801168,
            -0.01948958162060764,
            0.35356688131003494,
            0.04896454754492332,
            -0.03976055337027347,
            -0.17658823279813937,
            -0.013569234309649987,
            0.10580594859997969,
            0.005488004027618848
        ],
        [
            -0.48575710845979003,
            -0.3179551086479666,
            -0.010012712996547353,
            -0.26711239352995253,
            0.015515039614810107,
            -0.5692609613905225,
            -0.3719771660763034,
            0.016988573008311,
            0.10560021003879391,
            -0.04299775989679891,
            -0.37597340478462943,
            -0.3261581347777003,
            -0.0034954274877677795,
            0.1995586751130053,
            0.04651552484147545,
            -0.178070847860747,
            -0.22499312757775125,
            -0.029166462362607025,
            0.14820098018886704,
            0.001811337339410423
        ],
        [
            -0.013406421394593991,
            -0.010012712996547353,
            1.4764130219860214,
            -0.011746224046680402,
            0.0009535269601022976,
            -0.0005153061035824691,
            -0.008341313716044471,
            0.48032678648128435,
            -0.038669146598063975,
            0.0031399109218608664,
            -0.002739982701658039,
            -0.006405071518342515,
            -0.04640903606907659,
            0.010704699336914068,
            0.001390834975853227,
            0.004956077112650935,
            -0.0012699539062113324,
            -0.009615981153189658,
            -0.007796256119182279,
            -0.00021902155538372899
        ],
        [
            -0.3268196225335524,
            -0.26711239352995253,
            -0.011746224046680402,
            1.1559635422859327,
            0.019716681006438357,
            -0.08259935401125551,
            -0.2606108809449925,
            -0.033650426429660624,
            -0.5518900802005219,
            0.055290965691845384,
            -0.2819047368380494,
            -0.21556655003315728,
            -0.012025928163860401,
            0.1279934707312238,
            0.0435220199016432,
            -0.10554887692558447,
            -0.14758695313516346,
            -0.019902247016419586,
            0.14429785581651114,
            0.005433190690256903
        ],
        [
            0.021760785973939708,
            0.015515039614810107,
            0.0009535269601022976,
            0.019716681006438357,
            1.4750313510656374,
            -0.0037059948643638624,
            0.01213246543745635,
            0.0035031181526998722,
            0.07301762921376416,
            0.4755327562352629,
            0.00011605398810537668,
            0.010123670344349947,
            0.0009227077132553355,
            -0.020117514836417195,
            -0.04791756816760451,
            -0.004006965073214748,
            0.002526851408230962,
            -0.0004913248723533438,
            0.003527429058432039,
            -0.010501778330404433
        ],
        [
            -0.6207857252469505,
            -0.5692609613905225,
            -0.0005153061035824691,
            -0.08259935401125551,
            -0.0037059948643638624,
            -0.5122825890590339,
            -0.6292547986251055,
            0.030226194504224365,
            0.048657065446501516,
            -0.07743471905203882,
            -0.5787614170186843,
            -0.5476502358808704,
            0.010878908342230188,
            0.0563476187919032,
            0.014367277840865111,
            -0.31271781568741663,
            -0.38265490132167723,
            -0.056050995251377446,
            0.2848512763940846,
            0.007555471743584362
        ],
        [
            -0.4813915126425956,
            -0.3719771660763034,
            -0.008341313716044471,
            -0.2606108809449925,
            0.01213246543745635,
            -0.6292547986251055,
            -0.4390581915854985,
            0.026901339945429214,
            -0.0021366696049181233,
            -0.0630411126889151,
            -0.551197373216374,
            -0.4198273394893921,
            0.016305203248382635,
            0.13021271758126252,
            0.05392117974980419,
            -0.3550496949904163,
            -0.33003464152678874,
            -0.049572537866462235,
            0.21895288693759607,
            -0.0028371245669250207
        ],
        [
            0.0007515164547133024,
            0.016988573008311,
            0.48032678648128435,
            -0.033650426429660624,
            0.0035031181526998722,
            0.030226194504224365,
            0.026901339945429214,
            1.3842515887622289,
            0.015576373917516156,
            0.005642076625438169,
            0.01856967476756681,
            0.028227552100593748,
            0.4300019126011909,
            0.07251201426690729,
            0.01298106851533468,
            0.03666049132492546,
            0.023787262106914404,
            -0.04156029201796496,
            -0.007078916595857215,
            0.0022312426935086564
        ],
        [
            0.0016078953503954052,
            0.10560021003879391,
            -0.038669146598063975,
            -0.5518900802005219,
            0.07301762921376416,
            0.048657065446501516,
            -0.0021366696049181233,
            0.015576373917516156,
            0.7459500733886493,
            -0.04127841911257703,
            -0.06677753823432853,
            -0.13352852068071336,
            0.09793573572368734,
            -0.7093146086898614,
            -0.2112831097525077,
            -0.36245007655156836,
            -0.20162952014267033,
            -0.044571035372657,
            0.10495524027609204,
            -0.015788594505306425
        ],
        [
            -0.011684792471229971,
            -0.04299775989679891,
            0.0031399109218608664,
            0.055290965691845384,
            0.4755327562352629,
            -0.07743471905203882,
            -0.0630411126889151,
            0.005642076625438169,
            -0.04127841911257703,
            1.3721080623505593,
            -0.01860153816251603,
            -0.05940083597490589,
            0.017322434341786815,
            -0.209333482971246,
            0.3936337531450902,
            -0.05342076113940545,
            -0.04979091140518553,
            -0.009961434485987877,
            0.04189413473327505,
            -0.0458188792090391
        ],
        [
            -0.2969351498841599,
            -0.37597340478462943,
            -0.002739982701658039,
            -0.2819047368380494,
            0.00011605398810537668,
            -0.5787614170186843,
            -0.551197373216374,
            0.01856967476756681,
            -0.06677753823432853,
            -0.01860153816251603,
            -0.5322075989141033,
            -0.6354987626369638,
            0.058110362636498006,
            -0.057679919736023044,
            0.0673113024426368,
            -0.6410047732769858,
            -0.5793743136495524,
            -0.01489149296366818,
            0.08325594599579222,
            0.006531555839065985
        ],
        [
            -0.344151525801168,
            -0.3261581347777003,
            -0.006405071518342515,
            -0.21556655003315728,
            0.010123670344349947,
            -0.5476502358808704,
            -0.4198273394893921,
            0.028227552100593748,
            -0.13352852068071336,
            -0.05940083597490589,
            -0.6354987626369638,
            -0.4384539097017677,
            0.04017656355541828,
            0.0009981571899883163,
            0.05487556305434453,
            -0.4920722379775684,
            -0.3737543012935338,
            -0.06047731711844024,
            0.26380798972509917,
            -0.003331789481159252
        ],
        [
            -0.01948958162060764,
            -0.0034954274877677795,
            -0.04640903606907659,
            -0.012025928163860401,
            0.0009227077132553355,
            0.010878908342230188,
            0.016305203248382635,
            0.4300019126011909,
            0.09793573572368734,
            0.017322434341786815,
            0.058110362636498006,
            0.04017656355541828,
            1.362023581548492,
            0.09469782672860642,
            0.0012955816808968008,
            0.0021302227386951755,
            0.045788170272250024,
            0.4656396415360652,
            0.2252101966962894,
            -0.009787051514446215
        ],
        [
            0.35356688131003494,
            0.1995586751130053,
            0.010704699336914068,
            0.1279934707312238,
            -0.020117514836417195,
            0.0563476187919032,
            0.13021271758126252,
            0.07251201426690729,
            -0.7093146086898614,
            -0.209333482971246,
            -0.057679919736023044,
            0.0009981571899883163,
            0.09469782672860642,
            0.7501177339803298,
            -0.05049325875792833,
            0.008168482967513602,
            -0.10081233791029864,
            0.23446720611494842,
            -0.4534678525983266,
            0.03529528269299735
        ],
        [
            0.04896454754492332,
            0.04651552484147545,
            0.001390834975853227,
            0.0435220199016432,
            -0.04791756816760451,
            0.014367277840865111,
            0.05392117974980419,
            0.01298106851533468,
            -0.2112831097525077,
            0.3936337531450902,
            0.0673113024426368,
            0.05487556305434453,
            0.0012955816808968008,
            -0.05049325875792833,
            1.3675836161194699,
            0.012214523336431235,
            0.036241396998043664,
            -0.006051509966943921,
            0.018642790260409735,
            0.5181319047621947
        ],
        [
            -0.03976055337027347,
            -0.178070847860747,
            0.004956077112650935,
            -0.10554887692558447,
            -0.004006965073214748,
            -0.31271781568741663,
            -0.3550496949904163,
            0.03666049132492546,
            -0.36245007655156836,
            -0.05342076113940545,
            -0.6410047732769858,
            -0.4920722379775684,
            0.0021302227386951755,
            0.008168482967513602,
            0.012214523336431235,
            -0.33315083519492394,
            -0.4946556830472557,
            -0.08142247949937201,
            0.33397224786322255,
            -0.010482984392601601
        ],
        [
            -0.17658823279813937,
            -0.22499312757775125,
            -0.0012699539062113324,
            -0.14758695313516346,
            0.002526851408230962,
            -0.38265490132167723,
            -0.33003464152678874,
            0.023787262106914404,
            -0.20162952014267033,
            -0.04979091140518553,
            -0.5793743136495524,
            -0.3737543012935338,
            0.045788170272250024,
            -0.10081233791029864,
            0.036241396998043664,
            -0.4946556830472557,
            -0.32074062024140426,
            -0.06370293148818712,
            0.2680381820153393,
            -0.006157865868850908
        ],
        [
            -0.013569234309649987,
            -0.029166462362607025,
            -0.009615981153189658,
            -0.019902247016419586,
            -0.0004913248723533438,
            -0.056050995251377446,
            -0.049572537866462235,
            -0.04156029201796496,
            -0.044571035372657,
            -0.009961434485987877,
            -0.01489149296366818,
            -0.06047731711844024,
            0.4656396415360652,
            0.23446720611494842,
            -0.006051509966943921,
            -0.08142247949937201,
            -0.06370293148818712,
            1.4495876550232147,
            0.07587922504345622,
            -0.0024192041179336744
        ],
        [
            0.10580594859997969,
            0.14820098018886704,
            -0.007796256119182279,
            0.14429785581651114,
            0.003527429058432039,
            0.2848512763940846,
            0.21895288693759607,
            -0.007078916595857215,
            0.10495524027609204,
            0.04189413473327505,
            0.08325594599579222,
            0.26380798972509917,
            0.2252101966962894,
            -0.4534678525983266,
            0.018642790260409735,
            0.33397224786322255,
            0.2680381820153393,
            0.07587922504345622,
            1.1483835561103293,
            0.008539437686171745
        ],
        [
            0.005488004027618848,
            0.001811337339410423,
            -0.00021902155538372899,
            0.005433190690256903,
            -0.010501778330404433,
            0.007555471743584362,
            -0.0028371245669250207,
            0.0022312426935086564,
            -0.015788594505306425,
            -0.0458188792090391,
            0.006531555839065985,
            -0.003331789481159252,
            -0.009787051514446215,
            0.03529528269299735,
            0.5181319047621947,
            -0.010482984392601601,
            -0.006157865868850908,
            -0.0024192041179336744,
            0.008539437686171745,
            1.4670159262272346
        ]
    ]
}