{
    "HF": -2.1379948079316855,
    "coordinates": [
        [
            0.712302,
            0.07167,
            -0.187185
        ],
        [
            1.500425,
            0.188013,
            -0.082251
        ],
        [
            2.191186,
            0.153693,
            0.151896
        ],
        [
            2.936142,
            -0.036549,
            -0.003473
        ]
    ],
    "elements": [
        "H",
        "H",
        "H",
        "H"
    ],
    "Enn": 3.0066564837125163,
    "S": [
        [
            0.9999999999999999,
            0.6848602514927513,
            0.0,
            0.0,
            0.0,
            0.5200720987484866,
            0.5464686739749199,
            -0.0677758617967559,
            -0.5090410689275607,
            -0.07514482521413433,
            0.11941904025598206,
            0.30579596635816964,
            -0.03518515334601775,
            -0.15345820119963113,
            -0.008511216591022245,
            0.013009930393326229,
            0.12019218142107843,
            -0.001286183673368287,
            -0.015569297052905263,
            0.0007576506213434215
        ],
        [
            0.6848602514927513,
            1.0000000000000002,
            0.0,
            0.0,
            0.0,
            0.5464686739749199,
            0.868790992665884,
            -0.022441648107425126,
            -0.16855146121722414,
            -0.02488162717291024,
            0.30579596635816964,
            0.604751476856315,
            -0.03899274392069854,
            -0.17006480782001446,
            -0.009432264959132063,
            0.12019218142107843,
            0.33715986198991366,
            -0.007767122121197796,
            -0.09402127709678472,
            0.004575368995133171
        ],
        [
            0.0,
            0.0,
            1.0000000000000004,
            0.0,
            0.0,
            0.0677758617967559,
            0.02244164810742512,
            0.42014515243972295,
            -0.09286192958737695,
            -0.013708311360008775,
            0.03518515334601775,
            0.03899274392069851,
            0.03503025612111572,
            -0.06501043935678057,
            -0.0036056589072308667,
            0.001286183673368287,
            0.007767122121197798,
            0.001401333715528994,
            -0.0016290687060474915,
            7.927557121904159e-05
        ],
        [
            0.0,
            0.0,
            0.0,
            1.0000000000000004,
            0.0,
            0.5090410689275605,
            0.16855146121722425,
            -0.0928619295873769,
            -0.26494467323334825,
            -0.1029583878817561,
            0.15345820119963105,
            0.17006480782001432,
            -0.06501043935678057,
            -0.23360366356873077,
            -0.01572589224215221,
            0.015569297052905256,
            0.09402127709678469,
            -0.0016290687060474904,
            -0.018184020515536276,
            0.0009596334822970377
        ],
        [
            0.0,
            0.0,
            0.0,
            0.0,
            1.0000000000000004,
            0.07514482521413433,
            0.024881627172910235,
            -0.013708311360008772,
            -0.10295838788175612,
            0.41731042486292924,
            0.008511216591022245,
            0.009432264959132047,
            -0.0036056589072308667,
            -0.01572589224215221,
            0.04906375700973069,
            -0.0007576506213434213,
            -0.004575368995133168,
            7.927557121904157e-05,
            0.000959633482297038,
            0.0014892127420348099
        ],
        [
            0.5200720987484866,
            0.5464686739749199,
            0.0677758617967559,
            0.5090410689275607,
            0.07514482521413433,
            0.9999999999999999,
            0.6848602514927513,
            0.0,
            0.0,
            0.0,
            0.5786488691488539,
            0.568388285308627,
            -0.17309320793338004,
            -0.5106451818954312,
            0.025371065596713187,
            0.1405661182213911,
            0.3268461452739451,
            -0.009974054182722656,
            -0.18177561183396412,
            0.02843171387164645
        ],
        [
            0.5464686739749199,
            0.868790992665884,
            0.022441648107425126,
            0.1685514612172243,
            0.02488162717291024,
            0.6848602514927513,
            1.0000000000000002,
            0.0,
            0.0,
            0.0,
            0.568388285308627,
            0.8903510506542418,
            -0.05222271320167049,
            -0.15406310392146416,
            0.007654522659189854,
            0.3268461452739451,
            0.6304279317133626,
            -0.009727748886851009,
            -0.17728673549192783,
            0.027729604020526488
        ],
        [
            -0.06777586179675588,
            -0.02244164810742512,
            0.42014515243972295,
            -0.0928619295873769,
            -0.013708311360008772,
            0.0,
            0.0,
            1.0000000000000004,
            0.0,
            0.0,
            0.17309320793337996,
            0.052222713201670434,
            0.4292920975805261,
            -0.2101761179779387,
            0.01044246037197072,
            0.00997405418272265,
            0.009727748886851004,
            0.06294628843781157,
            -0.018785825374932095,
            0.0029383106265688155
        ],
        [
            -0.5090410689275607,
            -0.16855146121722409,
            -0.09286192958737695,
            -0.26494467323334814,
            -0.10295838788175612,
            0.0,
            0.0,
            0.0,
            1.0000000000000004,
            0.0,
            0.5106451818954312,
            0.15406310392146413,
            -0.21017611797793892,
            -0.11950867972168239,
            0.030806477849397475,
            0.18177561183396407,
            0.1772867354919276,
            -0.0187858253749321,
            -0.27839172454987426,
            0.053550261720854815
        ],
        [
            -0.07514482521413433,
            -0.024881627172910235,
            -0.013708311360008775,
            -0.1029583878817561,
            0.41731042486292924,
            0.0,
            0.0,
            0.0,
            0.0,
            1.0000000000000004,
            -0.025371065596713187,
            -0.0076545226591898516,
            0.010442460371970707,
            0.030806477849397405,
            0.4990048190230931,
            -0.028431713871646454,
            -0.027729604020526474,
            0.0029383106265688176,
            0.05355026172085485,
            0.05560121686648365
        ],
        [
            0.11941904025598206,
            0.30579596635816964,
            0.03518515334601775,
            0.15345820119963116,
            0.008511216591022245,
            0.5786488691488539,
            0.568388285308627,
            0.17309320793338004,
            0.5106451818954312,
            -0.025371065596713187,
            0.9999999999999999,
            0.6848602514927513,
            0.0,
            0.0,
            0.0,
            0.5351883655124605,
            0.5523039314429345,
            0.10405771802424675,
            -0.4989310698303442,
            0.12741375945245673
        ],
        [
            0.30579596635816964,
            0.604751476856315,
            0.03899274392069854,
            0.17006480782001454,
            0.00943226495913205,
            0.568388285308627,
            0.8903510506542418,
            0.05222271320167049,
            0.15406310392146416,
            -0.007654522659189854,
            0.6848602514927513,
            1.0000000000000002,
            0.0,
            0.0,
            0.0,
            0.5523039314429345,
            0.8745621796110006,
            0.03360680916249169,
            -0.16113635362558248,
            0.041149950045959886
        ],
        [
            -0.03518515334601775,
            -0.03899274392069851,
            0.03503025612111572,
            -0.06501043935678058,
            -0.0036056589072308667,
            -0.17309320793337996,
            -0.052222713201670434,
            0.4292920975805261,
            -0.21017611797793884,
            0.010442460371970703,
            0.0,
            0.0,
            1.0000000000000004,
            0.0,
            0.0,
            -0.10405771802424672,
            -0.033606809162491647,
            0.42171807861487787,
            0.13519384486885128,
            -0.034524921519579664
        ],
        [
            -0.15345820119963108,
            -0.1700648078200144,
            -0.06501043935678057,
            -0.23360366356873077,
            -0.015725892242152206,
            -0.510645181895431,
            -0.15406310392146413,
            -0.21017611797793878,
            -0.11950867972168239,
            0.030806477849397405,
            0.0,
            0.0,
            0.0,
            1.0000000000000004,
            0.0,
            0.4989310698303442,
            0.16113635362558243,
            0.13519384486885114,
            -0.19830682752363038,
            0.1655384757290063
        ],
        [
            -0.008511216591022245,
            -0.009432264959132037,
            -0.0036056589072308667,
            -0.01572589224215221,
            0.04906375700973069,
            0.025371065596713184,
            0.0076545226591898516,
            0.010442460371970724,
            0.030806477849397475,
            0.4990048190230931,
            0.0,
            0.0,
            0.0,
            0.0,
            1.0000000000000004,
            -0.12741375945245667,
            -0.04114995004595985,
            -0.034524921519579664,
            0.16553847572900643,
            0.4076401488898886
        ],
        [
            0.013009930393326229,
            0.12019218142107843,
            0.001286183673368287,
            0.015569297052905265,
            -0.0007576506213434215,
            0.1405661182213911,
            0.3268461452739451,
            0.009974054182722656,
            0.18177561183396407,
            -0.02843171387164645,
            0.5351883655124605,
            0.5523039314429345,
            -0.10405771802424676,
            0.4989310698303442,
            -0.12741375945245673,
            0.9999999999999999,
            0.6848602514927513,
            0.0,
            0.0,
            0.0
        ],
        [
            0.12019218142107843,
            0.33715986198991366,
            0.007767122121197798,
            0.09402127709678476,
            -0.004575368995133171,
            0.3268461452739451,
            0.6304279317133626,
            0.009727748886851005,
            0.17728673549192764,
            -0.027729604020526478,
            0.5523039314429345,
            0.8745621796110006,
            -0.0336068091624917,
            0.16113635362558248,
            -0.041149950045959886,
            0.6848602514927513,
            1.0000000000000002,
            0.0,
            0.0,
            0.0
        ],
        [
            -0.001286183673368287,
            -0.0077671221211978005,
            0.001401333715528994,
            -0.0016290687060474915,
            7.927557121904159e-05,
            -0.00997405418272265,
            -0.009727748886851005,
            0.06294628843781157,
            -0.018785825374932088,
            0.0029383106265688155,
            0.10405771802424672,
            0.033606809162491647,
            0.42171807861487787,
            0.1351938448688511,
            -0.034524921519579664,
            0.0,
            0.0,
            1.0000000000000004,
            0.0,
            0.0
        ],
        [
            -0.015569297052905258,
            -0.09402127709678472,
            -0.0016290687060474904,
            -0.018184020515536276,
            0.0009596334822970377,
            -0.18177561183396398,
            -0.17728673549192742,
            -0.018785825374932102,
            -0.27839172454987415,
            0.05355026172085483,
            -0.4989310698303442,
            -0.16113635362558243,
            0.1351938448688513,
            -0.19830682752363055,
            0.16553847572900648,
            0.0,
            0.0,
            0.0,
            1.0000000000000004,
            0.0
        ],
        [
            0.0007576506213434213,
            0.004575368995133168,
            7.927557121904157e-05,
            0.000959633482297038,
            0.0014892127420348099,
            0.028431713871646454,
            0.027729604020526485,
            0.0029383106265688176,
            0.05355026172085483,
            0.05560121686648365,
            0.12741375945245667,
            0.04114995004595985,
            -0.034524921519579664,
            0.1655384757290062,
            0.4076401488898886,
            0.0,
            0.0,
            0.0,
            0.0,
            1.0000000000000004
        ]
    ],
    "h": [
        [
            -0.24406170071839917,
            -0.45670977953504455,
            -0.03784327885955291,
            -0.2640545114924805,
            -0.03898711221813313,
            -0.5564122944373728,
            -0.4462715004414335,
            -0.005910671134774198,
            0.033792124859781,
            0.0053621772644490695,
            -0.24926821123869108,
            -0.30723453991166627,
            0.07606238425431361,
            0.3077406090830338,
            -0.004682810711120151,
            -0.011677695682886326,
            -0.13681774834134702,
            0.004004361583173427,
            0.07083047192004531,
            -0.0075661516587451644
        ],
        [
            -0.45670977953504455,
            -0.3096276703593943,
            -0.03416747580011742,
            -0.23173754321666362,
            -0.0332591557039872,
            -0.5344476638818073,
            -0.3659781011098473,
            -0.009224694328081585,
            0.09791752662883157,
            0.033522657188926566,
            -0.34287191903881026,
            -0.3113903454991138,
            0.07393766184817882,
            0.19131128455289995,
            0.0009455684022629182,
            -0.1371085112023228,
            -0.1979354286232945,
            -0.009392297016409971,
            0.12080475947825303,
            -0.023167267158477882
        ],
        [
            -0.03784327885955291,
            -0.03416747580011742,
            1.4854979566583226,
            -0.03636707637361941,
            -0.0050100596866321885,
            -0.01727021826075001,
            -0.03415019325901438,
            0.3244329065576876,
            -0.1321740050414638,
            -0.017319842676703695,
            -0.044568454548388606,
            -0.02774380424584194,
            -0.035029596579643094,
            0.03565458334480934,
            -0.00048648247194840125,
            -0.010119932984594815,
            -0.01820614492732844,
            -0.004932754789971723,
            0.011991761084240677,
            -0.0015159678320900978
        ],
        [
            -0.2640545114924805,
            -0.23173754321666362,
            -0.03636707637361941,
            1.236582213512514,
            -0.03613629945850607,
            -0.08622395018973816,
            -0.2220153790436904,
            -0.14338873243126427,
            -0.6383260680144814,
            -0.13447697802445177,
            -0.24535623810487156,
            -0.18404369455531855,
            0.06964096579107906,
            0.1779284285104613,
            -0.003055974256437926,
            -0.06885439950914701,
            -0.11835876690717911,
            0.002819358338589109,
            0.09441198131344758,
            -0.010614903466208237
        ],
        [
            -0.03898711221813313,
            -0.0332591557039872,
            -0.0050100596866321885,
            -0.03613629945850607,
            1.4856663172918498,
            -0.009112150704560867,
            -0.03001386968902984,
            -0.019950899282602193,
            -0.1414849088084838,
            0.3241456431787188,
            -0.02367165370374328,
            -0.02446724778806578,
            0.008477480916385904,
            0.02952839138187172,
            -0.04690739737145175,
            -0.0006998218844717374,
            -0.011060421030484036,
            -0.0001226096651324121,
            0.0009740759197124364,
            -0.005309942525571165
        ],
        [
            -0.5564122944373728,
            -0.5344476638818073,
            -0.01727021826075001,
            -0.08622395018973816,
            -0.009112150704560867,
            -0.45816914709526024,
            -0.6097637847858699,
            -0.04906138461523263,
            -0.0012725009562322975,
            0.04864906694309985,
            -0.5636718831624412,
            -0.5337187830034711,
            0.03305898893041603,
            0.03990030586825355,
            0.014444266955807722,
            -0.2767314256025262,
            -0.3592005312002254,
            -0.017344580777915657,
            0.2579860434533523,
            -0.05172595252936016
        ],
        [
            -0.4462715004414335,
            -0.3659781011098473,
            -0.03415019325901438,
            -0.2220153790436904,
            -0.03001386968902984,
            -0.6097637847858699,
            -0.4423095025234154,
            -0.041113360715202205,
            -0.020892770333693272,
            0.0420072251014705,
            -0.5367548969018454,
            -0.4202618374697402,
            0.09945304746047062,
            0.12786452266552606,
            0.020732072317698937,
            -0.3255970498975753,
            -0.3214788871785119,
            -0.03008761875756323,
            0.19285281027710982,
            -0.04562541433868927
        ],
        [
            -0.005910671134774198,
            -0.009224694328081585,
            0.3244329065576876,
            -0.14338873243126427,
            -0.019950899282602193,
            -0.04906138461523263,
            -0.041113360715202205,
            1.3652632288044584,
            -0.1218483208321721,
            0.00022022871129231692,
            -0.007746608323669357,
            -0.055344382098411984,
            0.3297287309362915,
            -0.3214165710554266,
            0.018594005768419974,
            -0.06213575657790406,
            -0.05800942116587792,
            -0.054492220128357666,
            0.05673770177974312,
            -0.013242064337112868
        ],
        [
            0.033792124859781,
            0.09791752662883157,
            -0.1321740050414638,
            -0.6383260680144814,
            -0.1414849088084838,
            -0.0012725009562322975,
            -0.020892770333693272,
            -0.1218483208321721,
            0.841547876353735,
            -0.016913369062192672,
            -0.06147877753360431,
            -0.14150286276257684,
            -0.29416459070289525,
            -0.621795451508495,
            0.06788679969013134,
            -0.32437586798147666,
            -0.19891483681007244,
            -0.03938265940877431,
            0.13371679400544678,
            -0.04759644074240123
        ],
        [
            0.0053621772644490695,
            0.033522657188926566,
            -0.017319842676703695,
            -0.13447697802445177,
            0.3241456431787188,
            0.04864906694309985,
            0.0420072251014705,
            0.00022022871129231692,
            -0.016913369062192672,
            1.3918216238926902,
            0.019146204578358944,
            0.03335267712128638,
            0.0096730688149924,
            0.03971640140149718,
            0.4251995655717643,
            0.027851050897668296,
            0.021099543009936945,
            0.0033472457391412625,
            -0.011653785657768437,
            -0.043009793088055984
        ],
        [
            -0.24926821123869108,
            -0.34287191903881026,
            -0.044568454548388606,
            -0.24535623810487156,
            -0.02367165370374328,
            -0.5636718831624412,
            -0.5367548969018454,
            -0.007746608323669357,
            -0.06147877753360431,
            0.019146204578358944,
            -0.4707150940636242,
            -0.6117172008051703,
            0.13256959969411058,
            -0.00927344911011492,
            0.05113211187060677,
            -0.5772561245338113,
            -0.5455751068661565,
            -0.005246878541333266,
            0.09617922568327941,
            -0.01989413736464063
        ],
        [
            -0.30723453991166627,
            -0.3113903454991138,
            -0.02774380424584194,
            -0.18404369455531855,
            -0.02446724778806578,
            -0.5337187830034711,
            -0.4202618374697402,
            -0.055344382098411984,
            -0.14150286276257684,
            0.03335267712128638,
            -0.6117172008051703,
            -0.43827559313425546,
            0.11009298071518288,
            0.014139301872328702,
            0.040952151062446374,
            -0.4590849155231763,
            -0.37165735510015563,
            -0.0362793645549583,
            0.23025583266836175,
            -0.055126939110812685
        ],
        [
            0.07606238425431361,
            0.07393766184817882,
            -0.035029596579643094,
            0.06964096579107906,
            0.008477480916385904,
            0.03305898893041603,
            0.09945304746047062,
            0.3297287309362915,
            -0.29416459070289525,
            0.0096730688149924,
            0.13256959969411058,
            0.11009298071518288,
            1.352325330426198,
            -0.0426714901036955,
            -0.008023046447415737,
            0.021189942343728646,
            0.0775936724484757,
            0.3262279083601688,
            0.15751201284606886,
            -0.04238025714331625
        ],
        [
            0.3077406090830338,
            0.19131128455289995,
            0.03565458334480934,
            0.1779284285104613,
            0.02952839138187172,
            0.03990030586825355,
            0.12786452266552606,
            -0.3214165710554266,
            -0.621795451508495,
            0.03971640140149718,
            -0.00927344911011492,
            0.014139301872328702,
            -0.0426714901036955,
            0.8557331366906304,
            0.07281749669257045,
            -0.023184554461717632,
            -0.09071229910263873,
            0.18491665638963037,
            -0.5662492163644366,
            0.2333015634185871
        ],
        [
            -0.004682810711120151,
            0.0009455684022629182,
            -0.00048648247194840125,
            -0.003055974256437926,
            -0.04690739737145175,
            0.014444266955807722,
            0.020732072317698937,
            0.018594005768419974,
            0.06788679969013134,
            0.4251995655717643,
            0.05113211187060677,
            0.040952151062446374,
            -0.008023046447415737,
            0.07281749669257045,
            1.3760150784045861,
            0.008470299099532813,
            0.044098212081565114,
            -0.04761126981091719,
            0.2246201383828345,
            0.30744631033267356
        ],
        [
            -0.011677695682886326,
            -0.1371085112023228,
            -0.010119932984594815,
            -0.06885439950914701,
            -0.0006998218844717374,
            -0.2767314256025262,
            -0.3255970498975753,
            -0.06213575657790406,
            -0.32437586798147666,
            0.027851050897668296,
            -0.5772561245338113,
            -0.4590849155231763,
            0.021189942343728646,
            -0.023184554461717632,
            0.008470299099532813,
            -0.2630994512122484,
            -0.46586763423292266,
            -0.05228432018441986,
            0.27007228075581696,
            -0.06866249566184211
        ],
        [
            -0.13681774834134702,
            -0.1979354286232945,
            -0.01820614492732844,
            -0.11835876690717911,
            -0.011060421030484036,
            -0.3592005312002254,
            -0.3214788871785119,
            -0.05800942116587792,
            -0.19891483681007244,
            0.021099543009936945,
            -0.5455751068661565,
            -0.37165735510015563,
            0.0775936724484757,
            -0.09071229910263873,
            0.044098212081565114,
            -0.46586763423292266,
            -0.3163232891751888,
            -0.042317193718439096,
            0.2355130321449053,
            -0.05859101029643397
        ],
        [
            0.004004361583173427,
            -0.009392297016409971,
            -0.004932754789971723,
            0.002819358338589109,
            -0.0001226096651324121,
            -0.017344580777915657,
            -0.03008761875756323,
            -0.054492220128357666,
            -0.03938265940877431,
            0.0033472457391412625,
            -0.005246878541333266,
            -0.0362793645549583,
            0.3262279083601688,
            0.18491665638963037,
            -0.04761126981091719,
            -0.05228432018441986,
            -0.042317193718439096,
            1.4673422533491782,
            0.046467908185056375,
            -0.012090691358550558
        ],
        [
            0.07083047192004531,
            0.12080475947825303,
            0.011991761084240677,
            0.09441198131344758,
            0.0009740759197124364,
            0.2579860434533523,
            0.19285281027710982,
            0.05673770177974312,
            0.13371679400544678,
            -0.011653785657768437,
            0.09617922568327941,
            0.23025583266836175,
            0.15751201284606886,
            -0.5662492163644366,
            0.2246201383828345,
            0.27007228075581696,
            0.2355130321449053,
            0.046467908185056375,
            1.221291701451234,
            0.06325229598852689
        ],
        [
            -0.0075661516587451644,
            -0.023167267158477882,
            -0.0015159678320900978,
            -0.010614903466208237,
            -0.005309942525571165,
            -0.05172595252936016,
            -0.04562541433868927,
            -0.013242064337112868,
            -0.04759644074240123,
            -0.043009793088055984,
            -0.01989413736464063,
            -0.055126939110812685,
            -0.04238025714331625,
            0.2333015634185871,
            0.30744631033267356,
            -0.06866249566184211,
            -0.05859101029643397,
            -0.012090691358550558,
            0.06325229598852689,
            1.4616757070526152
        ]
    ]
}