{
    "HF": -2.12264950175686,
    "coordinates": [
        [
            0.688747,
            -0.075106,
            -0.149787
        ],
        [
            1.439996,
            0.067252,
            0.040927
        ],
        [
            2.131147,
            -0.112227,
            -0.105784
        ],
        [
            2.781422,
            -0.083094,
            0.010849
        ]
    ],
    "elements": [
        "H",
        "H",
        "H",
        "H"
    ],
    "Enn": 3.2082721476538003,
    "S": [
        [
            0.9999999999999999,
            0.6848602514927513,
            0.0,
            0.0,
            0.0,
            0.5323045217256501,
            0.5512006684988722,
            -0.12685937862952296,
            -0.4997167556448425,
            -0.0946938736691676,
            0.1447345818552578,
            0.33075522083391007,
            -0.0057738393918328685,
            -0.18926404878712189,
            0.004870819991005789,
            0.020938730673034065,
            0.1473480285834954,
            -0.002010146611522834,
            -0.02618705371316857,
            9.995923163453024e-05
        ],
        [
            0.6848602514927513,
            1.0000000000000002,
            0.0,
            0.0,
            0.0,
            0.5512006684988722,
            0.8734728157249846,
            -0.04116408384174449,
            -0.16215105772007687,
            -0.030726829952405516,
            0.33075522083391007,
            0.6351262715333159,
            -0.00550316075185692,
            -0.1803913157847967,
            0.004642475064647421,
            0.14734802858349544,
            0.38304720725201646,
            -0.008450294452231628,
            -0.11008565914753736,
            0.0004202106133396371
        ],
        [
            0.0,
            0.0,
            1.0000000000000004,
            0.0,
            0.0,
            0.12685937862952293,
            0.04116408384174448,
            0.40441524862827954,
            -0.16611268532913342,
            -0.031477538949249546,
            0.005773839391832868,
            0.005503160751856918,
            0.06653517852671541,
            -0.011018947514033362,
            0.00028357900074073224,
            0.0020101466115228332,
            0.008450294452231622,
            0.0030653449573757184,
            -0.002867282194369133,
            1.0944771724525103e-05
        ],
        [
            0.0,
            0.0,
            0.0,
            1.0000000000000004,
            0.0,
            0.4997167556448423,
            0.16215105772007665,
            -0.16611268532913337,
            -0.20775595472915004,
            -0.12399440868570093,
            0.18926404878712194,
            0.18039131578479664,
            -0.011018947514033362,
            -0.29432517563429855,
            0.009295601451456314,
            0.026187053713168568,
            0.11008565914753732,
            -0.002867282194369135,
            -0.034067890900492205,
            0.00014258229891568876
        ],
        [
            0.0,
            0.0,
            0.0,
            0.0,
            1.0000000000000004,
            0.09469387366916758,
            0.030726829952405495,
            -0.031477538949249546,
            -0.12399440868570097,
            0.42308870927605585,
            -0.004870819991005789,
            -0.0046424750646474194,
            0.00028357900074073224,
            0.009295601451456314,
            0.0666321036001905,
            -9.995923163453024e-05,
            -0.0004202106133396371,
            1.0944771724525147e-05,
            0.00014258229891568922,
            0.003284896390431946
        ],
        [
            0.5323045217256501,
            0.5512006684988722,
            0.12685937862952296,
            0.4997167556448424,
            0.0946938736691676,
            0.9999999999999999,
            0.6848602514927513,
            0.0,
            0.0,
            0.0,
            0.5796058692627333,
            0.5687314515899777,
            0.10868277243833357,
            -0.5120011918228812,
            0.13295714237146275,
            0.18123497735029553,
            0.3622728006015793,
            0.005199641239884868,
            -0.23189487166213837,
            0.025990599835485424
        ],
        [
            0.5512006684988722,
            0.8734728157249846,
            0.04116408384174449,
            0.16215105772007668,
            0.030726829952405516,
            0.6848602514927513,
            1.0000000000000002,
            0.0,
            0.0,
            0.0,
            0.5687314515899777,
            0.8906860462311599,
            0.032742610686456154,
            -0.15424942995790936,
            0.04005569468815878,
            0.3622728006015792,
            0.6722678856038377,
            0.004146196012919603,
            -0.1849130637950226,
            0.020724914746938324
        ],
        [
            -0.12685937862952293,
            -0.04116408384174449,
            0.40441524862827954,
            -0.16611268532913337,
            -0.031477538949249546,
            0.0,
            0.0,
            1.0000000000000004,
            0.0,
            0.0,
            -0.10868277243833356,
            -0.03274261068645615,
            0.47362594974073957,
            0.1320614676994392,
            -0.03429389548915887,
            -0.005199641239884867,
            -0.004146196012919598,
            0.09360539820622021,
            0.00982810862549845,
            -0.001101526897055216
        ],
        [
            -0.49971675564484247,
            -0.16215105772007682,
            -0.16611268532913342,
            -0.20775595472915018,
            -0.12399440868570097,
            0.0,
            0.0,
            0.0,
            1.0000000000000004,
            0.0,
            0.5120011918228808,
            0.1542494299579093,
            0.1320614676994392,
            -0.12047879519902742,
            0.16155748485953775,
            0.23189487166213835,
            0.18491306379502254,
            0.009828108625498454,
            -0.3444906240230254,
            0.04912616594883936
        ],
        [
            -0.09469387366916758,
            -0.030726829952405495,
            -0.031477538949249546,
            -0.12399440868570093,
            0.42308870927605585,
            0.0,
            0.0,
            0.0,
            0.0,
            1.0000000000000004,
            -0.13295714237146272,
            -0.04005569468815877,
            -0.03429389548915887,
            0.16155748485953775,
            0.45970524957904907,
            -0.025990599835485406,
            -0.020724914746938293,
            -0.0011015268970552157,
            0.04912616594883935,
            0.08831974495773207
        ],
        [
            0.1447345818552578,
            0.33075522083391007,
            0.005773839391832868,
            0.18926404878712186,
            -0.004870819991005789,
            0.5796058692627333,
            0.5687314515899777,
            -0.10868277243833357,
            0.5120011918228812,
            -0.13295714237146275,
            0.9999999999999999,
            0.6848602514927513,
            0.0,
            0.0,
            0.0,
            0.6347181754891763,
            0.5877521411030883,
            -0.09688431551021609,
            -0.5401682908645558,
            -0.024200104290887856
        ],
        [
            0.33075522083391007,
            0.6351262715333159,
            0.00550316075185692,
            0.18039131578479659,
            -0.004642475064647421,
            0.5687314515899777,
            0.8906860462311599,
            -0.032742610686456154,
            0.15424942995790936,
            -0.04005569468815878,
            0.6848602514927513,
            1.0000000000000002,
            0.0,
            0.0,
            0.0,
            0.5877521411030883,
            0.9091353382500065,
            -0.02696006307485881,
            -0.1503129904572791,
            -0.006734179156498247
        ],
        [
            -0.0057738393918328685,
            -0.005503160751856905,
            0.06653517852671541,
            -0.01101894751403336,
            0.00028357900074073224,
            0.10868277243833356,
            0.03274261068645614,
            0.47362594974073957,
            0.1320614676994392,
            -0.03429389548915887,
            0.0,
            0.0,
            1.0000000000000004,
            0.0,
            0.0,
            0.09688431551021608,
            0.026960063074858813,
            0.546829245085356,
            -0.11161368222155692,
            -0.005000409679228968
        ],
        [
            -0.18926404878712189,
            -0.18039131578479664,
            -0.011018947514033364,
            -0.29432517563429855,
            0.009295601451456316,
            -0.5120011918228808,
            -0.1542494299579093,
            0.1320614676994392,
            -0.12047879519902742,
            0.16155748485953775,
            0.0,
            0.0,
            0.0,
            1.0000000000000004,
            0.0,
            0.5401682908645555,
            0.15031299045727908,
            -0.11161368222155704,
            -0.05544210317573058,
            -0.02787925719273807
        ],
        [
            0.004870819991005789,
            0.0046424750646474194,
            0.00028357900074073224,
            0.009295601451456312,
            0.0666321036001905,
            0.13295714237146272,
            0.04005569468815877,
            -0.03429389548915887,
            0.16155748485953775,
            0.45970524957904907,
            0.0,
            0.0,
            0.0,
            0.0,
            1.0000000000000004,
            0.024200104290887856,
            0.00673417915649827,
            -0.005000409679228972,
            -0.027879257192738056,
            0.565599199641122
        ],
        [
            0.020938730673034065,
            0.1473480285834954,
            0.002010146611522834,
            0.026187053713168568,
            -9.995923163453024e-05,
            0.18123497735029553,
            0.3622728006015793,
            -0.005199641239884868,
            0.23189487166213837,
            -0.025990599835485424,
            0.6347181754891763,
            0.5877521411030883,
            0.09688431551021609,
            0.5401682908645564,
            0.024200104290887856,
            0.9999999999999999,
            0.6848602514927513,
            0.0,
            0.0,
            0.0
        ],
        [
            0.14734802858349544,
            0.38304720725201646,
            0.00845029445223163,
            0.11008565914753732,
            -0.0004202106133396371,
            0.3622728006015792,
            0.6722678856038377,
            -0.0041461960129196,
            0.1849130637950226,
            -0.020724914746938324,
            0.5877521411030883,
            0.9091353382500065,
            0.026960063074858816,
            0.1503129904572791,
            0.006734179156498271,
            0.6848602514927513,
            1.0000000000000002,
            0.0,
            0.0,
            0.0
        ],
        [
            -0.0020101466115228332,
            -0.00845029445223162,
            0.0030653449573757184,
            -0.0028672821943691333,
            1.0944771724525144e-05,
            0.005199641239884867,
            0.0041461960129196,
            0.09360539820622021,
            0.009828108625498454,
            -0.0011015268970552162,
            -0.09688431551021609,
            -0.026960063074858813,
            0.546829245085356,
            -0.11161368222155707,
            -0.005000409679228973,
            0.0,
            0.0,
            1.0000000000000004,
            0.0,
            0.0
        ],
        [
            -0.026187053713168564,
            -0.11008565914753736,
            -0.0028672821943691346,
            -0.034067890900492205,
            0.00014258229891568928,
            -0.23189487166213835,
            -0.18491306379502254,
            0.00982810862549845,
            -0.3444906240230254,
            0.04912616594883936,
            -0.5401682908645558,
            -0.15031299045727908,
            -0.11161368222155688,
            -0.05544210317573058,
            -0.027879257192738056,
            0.0,
            0.0,
            0.0,
            1.0000000000000004,
            0.0
        ],
        [
            9.995923163453024e-05,
            0.0004202106133396371,
            1.0944771724525106e-05,
            0.0001425822989156887,
            0.003284896390431946,
            0.025990599835485406,
            0.020724914746938293,
            -0.0011015268970552155,
            0.04912616594883935,
            0.08831974495773207,
            -0.024200104290887856,
            -0.00673417915649827,
            -0.005000409679228967,
            -0.02787925719273807,
            0.565599199641122,
            0.0,
            0.0,
            0.0,
            0.0,
            1.0000000000000004
        ]
    ],
    "h": [
        [
            -0.25647019942244853,
            -0.4645859743017071,
            -0.0643280968157788,
            -0.27129811858391817,
            -0.047343154909530824,
            -0.569528508563426,
            -0.4550783646972304,
            0.02122462301260314,
            0.02800172033327908,
            0.017902845393545808,
            -0.2718020446471371,
            -0.32424323004430394,
            -0.023116144822355352,
            0.3269413026875724,
            -0.04193180922008189,
            -0.035739004859018486,
            -0.16771814584002662,
            0.0046006526673132795,
            0.10361664262951635,
            -0.004561656748125317
        ],
        [
            -0.4645859743017071,
            -0.3151743486881937,
            -0.053418561221703846,
            -0.23676908677462746,
            -0.03867339168809811,
            -0.5428638441368254,
            -0.37102107911422544,
            0.07327655679946679,
            0.08833034235644413,
            0.06564518241388395,
            -0.3656545671580089,
            -0.32213463464377035,
            -0.04208063567841535,
            0.1917597685194422,
            -0.04832874265461719,
            -0.17508085744035373,
            -0.22337359943266916,
            0.01462525730815614,
            0.15342280638451192,
            -0.002516722626443672
        ],
        [
            -0.0643280968157788,
            -0.053418561221703846,
            1.47856095408319,
            -0.05869788612771533,
            -0.011048335656030146,
            -0.009810396116212983,
            -0.04741543319866937,
            0.3081134933626644,
            -0.2325282702117083,
            -0.04166927444735663,
            -0.034875854598072756,
            -0.0402868233907598,
            -0.05079353525009617,
            0.04653522725564936,
            -0.008197834776114644,
            -0.008223381897568265,
            -0.022355826345748318,
            -0.00878646060032506,
            0.015110823579388291,
            -0.000601494997597574
        ],
        [
            -0.27129811858391817,
            -0.23676908677462746,
            -0.05869788612771533,
            1.2370202233948107,
            -0.04254157770077315,
            -0.0910306745204732,
            -0.22850470052249772,
            -0.2079236513972305,
            -0.5809049982958907,
            -0.14830465676608082,
            -0.25690324182158386,
            -0.19052179511598005,
            -0.03656271839145259,
            0.11866479597963142,
            -0.043802821309843074,
            -0.09932813320607149,
            -0.13517245305524048,
            0.01057600440936347,
            0.1379560784678806,
            -0.0028725246785617827
        ],
        [
            -0.047343154909530824,
            -0.03867339168809811,
            -0.011048335656030146,
            -0.04254157770077315,
            1.4850593747140188,
            -0.004643164990477344,
            -0.033261733757708314,
            -0.042921525766809424,
            -0.17163996023304745,
            0.33261584165563673,
            -0.01926306423608629,
            -0.028337120213818366,
            -0.0035337819614172997,
            0.036082852233743176,
            -0.05051658126550823,
            -0.00128457548127297,
            -0.01373887896409268,
            -2.4327668890405615e-05,
            0.004360455111750254,
            -0.009922647801771496
        ],
        [
            -0.569528508563426,
            -0.5428638441368254,
            -0.009810396116212983,
            -0.0910306745204732,
            -0.004643164990477344,
            -0.46127805687111634,
            -0.6108437082646212,
            0.11214691277028048,
            -0.006306553784533833,
            0.10884995836702839,
            -0.5814994761177621,
            -0.5418128949094148,
            -0.015018978524808713,
            0.03924059227190846,
            -0.011986553959817792,
            -0.3331040096190559,
            -0.38989903693077366,
            0.02348569133408738,
            0.2966309190258204,
            -0.00954873742571876
        ],
        [
            -0.4550783646972304,
            -0.37102107911422544,
            -0.04741543319866937,
            -0.22850470052249772,
            -0.033261733757708314,
            -0.6108437082646212,
            -0.4404964134511995,
            0.09044707658069649,
            -0.02959817340478685,
            0.08989397436850532,
            -0.5574854845513264,
            -0.42443640192429166,
            -0.06427567994633833,
            0.11698283122546371,
            -0.05875329422411306,
            -0.36782595703655724,
            -0.33659413839175834,
            0.03051062754025964,
            0.23256359549233285,
            0.0017123145079892613
        ],
        [
            0.02122462301260314,
            0.07327655679946679,
            0.3081134933626644,
            -0.2079236513972305,
            -0.042921525766809424,
            0.11214691277028048,
            0.09044707658069649,
            1.3710238729487314,
            -0.00836160723982924,
            -0.024507354478207594,
            0.019530811703363765,
            0.07039131677309524,
            0.39093372101502344,
            0.16797729029274516,
            -0.04581857331877108,
            0.03679451934714878,
            0.0493062992307173,
            -0.04696793873752608,
            -0.045189706490298936,
            0.0002109600794656854
        ],
        [
            0.02800172033327908,
            0.08833034235644413,
            -0.2325282702117083,
            -0.5809049982958907,
            -0.17163996023304745,
            -0.006306553784533833,
            -0.02959817340478685,
            -0.00836160723982924,
            0.8236578547356812,
            0.025999243513926698,
            -0.09015554987346608,
            -0.14909973862635345,
            0.16420261535998826,
            -0.6609651105509229,
            0.22792871794724057,
            -0.3683572253811816,
            -0.20856810558927158,
            0.042774047573516466,
            0.06979340525712252,
            0.02225594497700445
        ],
        [
            0.017902845393545808,
            0.06564518241388395,
            -0.04166927444735663,
            -0.14830465676608082,
            0.33261584165563673,
            0.10884995836702839,
            0.08989397436850532,
            -0.024507354478207594,
            0.025999243513926698,
            1.3717132930758091,
            0.02749640095294914,
            0.0783577861783189,
            -0.04458519001529099,
            0.22450718320929014,
            0.3720136433123027,
            0.061623541053806255,
            0.06126518568558871,
            -0.00800006356510039,
            -0.04637775780198097,
            -0.04360665050345133
        ],
        [
            -0.2718020446471371,
            -0.3656545671580089,
            -0.034875854598072756,
            -0.25690324182158386,
            -0.01926306423608629,
            -0.5814994761177621,
            -0.5574854845513264,
            0.019530811703363765,
            -0.09015554987346608,
            0.02749640095294914,
            -0.5483385949073813,
            -0.6413794847432286,
            -0.10817941793714868,
            -0.07756726739189082,
            -0.07676422452921994,
            -0.6581122246004057,
            -0.588567884033064,
            -0.00016840930780034902,
            0.09384133719086352,
            -0.009372467766071153
        ],
        [
            -0.32424323004430394,
            -0.32213463464377035,
            -0.0402868233907598,
            -0.19052179511598005,
            -0.028337120213818366,
            -0.5418128949094148,
            -0.42443640192429166,
            0.07039131677309524,
            -0.14909973862635345,
            0.0783577861783189,
            -0.6413794847432286,
            -0.44145233946130746,
            -0.08137124352804598,
            -0.00956484011727246,
            -0.06142121429172062,
            -0.501835497092777,
            -0.37856292805806757,
            0.03641891960929359,
            0.27780407238779703,
            0.0017767979127791302
        ],
        [
            -0.023116144822355352,
            -0.04208063567841535,
            -0.05079353525009617,
            -0.03656271839145259,
            -0.0035337819614172997,
            -0.015018978524808713,
            -0.06427567994633833,
            0.39093372101502344,
            0.16420261535998826,
            -0.04458519001529099,
            -0.10817941793714868,
            -0.08137124352804598,
            1.3521486626868862,
            -0.005447891064016934,
            -0.015762815087292957,
            -0.01954401221311336,
            -0.06740336211089443,
            0.5123407882312272,
            -0.1406165309755872,
            -0.00943849949319229
        ],
        [
            0.3269413026875724,
            0.1917597685194422,
            0.04653522725564936,
            0.11866479597963142,
            0.036082852233743176,
            0.03924059227190846,
            0.11698283122546371,
            0.16797729029274516,
            -0.6609651105509229,
            0.22450718320929014,
            -0.07756726739189082,
            -0.00956484011727246,
            -0.005447891064016934,
            0.7480133120478882,
            0.05244850353558016,
            0.012735949285473391,
            -0.10487657725770277,
            -0.1682064150598579,
            -0.44839175781476953,
            -0.03755634996442531
        ],
        [
            -0.04193180922008189,
            -0.04832874265461719,
            -0.008197834776114644,
            -0.043802821309843074,
            -0.05051658126550823,
            -0.011986553959817792,
            -0.05875329422411306,
            -0.04581857331877108,
            0.22792871794724057,
            0.3720136433123027,
            -0.07676422452921994,
            -0.06142121429172062,
            -0.015762815087292957,
            0.05244850353558016,
            1.3559102762845918,
            -0.017676737517708263,
            -0.04266359826436521,
            -0.006709087533334232,
            -0.015517912639050342,
            0.5377993525673821
        ],
        [
            -0.035739004859018486,
            -0.17508085744035373,
            -0.008223381897568265,
            -0.09932813320607149,
            -0.00128457548127297,
            -0.3331040096190559,
            -0.36782595703655724,
            0.03679451934714878,
            -0.3683572253811816,
            0.061623541053806255,
            -0.6581122246004057,
            -0.501835497092777,
            -0.01954401221311336,
            0.012735949285473391,
            -0.017676737517708263,
            -0.3531038838419269,
            -0.5037392940713052,
            0.05606932850965053,
            0.35125886355522373,
            0.009825011339797256
        ],
        [
            -0.16771814584002662,
            -0.22337359943266916,
            -0.022355826345748318,
            -0.13517245305524048,
            -0.01373887896409268,
            -0.38989903693077366,
            -0.33659413839175834,
            0.0493062992307173,
            -0.20856810558927158,
            0.06126518568558871,
            -0.588567884033064,
            -0.37856292805806757,
            -0.06740336211089443,
            -0.10487657725770277,
            -0.04266359826436521,
            -0.5037392940713052,
            -0.3266613982265476,
            0.04085339743487352,
            0.2795594736927477,
            0.004930046852336237
        ],
        [
            0.0046006526673132795,
            0.01462525730815614,
            -0.00878646060032506,
            0.01057600440936347,
            -2.4327668890405615e-05,
            0.02348569133408738,
            0.03051062754025964,
            -0.04696793873752608,
            0.042774047573516466,
            -0.00800006356510039,
            -0.00016840930780034902,
            0.03641891960929359,
            0.5123407882312272,
            -0.1682064150598579,
            -0.006709087533334232,
            0.05606932850965053,
            0.04085339743487352,
            1.4469152210596399,
            -0.05213950503628781,
            -0.0024900147143616927
        ],
        [
            0.10361664262951635,
            0.15342280638451192,
            0.015110823579388291,
            0.1379560784678806,
            0.004360455111750254,
            0.2966309190258204,
            0.23256359549233285,
            -0.045189706490298936,
            0.06979340525712252,
            -0.04637775780198097,
            0.09384133719086352,
            0.27780407238779703,
            -0.1406165309755872,
            -0.44839175781476953,
            -0.015517912639050342,
            0.35125886355522373,
            0.2795594736927477,
            -0.05213950503628781,
            1.1154705736718653,
            -0.008098164171908614
        ],
        [
            -0.004561656748125317,
            -0.002516722626443672,
            -0.000601494997597574,
            -0.0028725246785617827,
            -0.009922647801771496,
            -0.00954873742571876,
            0.0017123145079892613,
            0.0002109600794656854,
            0.02225594497700445,
            -0.04360665050345133,
            -0.009372467766071153,
            0.0017767979127791302,
            -0.00943849949319229,
            -0.03755634996442531,
            0.5377993525673821,
            0.009825011339797256,
            0.004930046852336237,
            -0.0024900147143616927,
            -0.008098164171908614,
            1.455305540877209
        ]
    ]
}