{
    "HF": -2.1462793068943666,
    "coordinates": [
        [
            0.835092,
            0.186223,
            0.079837
        ],
        [
            1.602458,
            0.158805,
            0.022268
        ],
        [
            2.330743,
            0.006871,
            -0.04095
        ],
        [
            3.153177,
            0.019572,
            0.158737
        ]
    ],
    "elements": [
        "H",
        "H",
        "H",
        "H"
    ],
    "Enn": 2.9374789217461545,
    "S": [
        [
            0.9999999999999999,
            0.6848602514927513,
            0.0,
            0.0,
            0.0,
            0.546639830204386,
            0.5566395181731119,
            0.03960350679875052,
            -0.5278949538489461,
            0.01886169552029986,
            0.1219969827328071,
            0.30848138662100044,
            0.01286419073674625,
            -0.1592914778875646,
            0.019101545174703517,
            0.009290195420017912,
            0.10399021299202273,
            -0.000365834998804024,
            -0.01074824617493823,
            0.0007727093585004998
        ],
        [
            0.6848602514927513,
            1.0000000000000002,
            0.0,
            0.0,
            0.0,
            0.5566395181731119,
            0.8788351497138243,
            0.012556734357565389,
            -0.16737499378185353,
            0.005980311324075915,
            0.30848138662100044,
            0.6080635343617697,
            0.014020479573466856,
            -0.17360928158274705,
            0.02081847427670552,
            0.10399021299202273,
            0.30791054860926537,
            -0.002855641591570015,
            -0.08389885853985522,
            0.006031628984496002
        ],
        [
            0.0,
            0.0,
            1.0000000000000004,
            0.0,
            0.0,
            -0.0396035067987505,
            -0.012556734357565378,
            0.4591879373282516,
            0.05312106469840528,
            -0.001898016529141085,
            -0.012864190736746248,
            -0.014020479573466853,
            0.04963397119382207,
            0.02419529453492261,
            -0.0029013950884447244,
            0.00036583499880402435,
            0.002855641591570015,
            0.0008799081721309328,
            -0.00042467052216517437,
            3.053027269895128e-05
        ],
        [
            0.0,
            0.0,
            0.0,
            1.0000000000000004,
            0.0,
            0.5278949538489461,
            0.1673749937818531,
            0.053121064698405246,
            -0.24490408241939468,
            0.025299611803242666,
            0.15929147788756454,
            0.173609281582747,
            0.02419529453492261,
            -0.24801147648243918,
            0.035926668146633665,
            0.010748246174938239,
            0.08389885853985522,
            -0.0004246705221651746,
            -0.011582473526441714,
            0.0008969805727420597
        ],
        [
            0.0,
            0.0,
            0.0,
            0.0,
            1.0000000000000004,
            -0.018861695520299863,
            -0.005980311324075957,
            -0.001898016529141081,
            0.02529961180324263,
            0.4622692073052915,
            -0.01910154517470351,
            -0.020818474276705502,
            -0.0029013950884447235,
            0.03592666814663365,
            0.04727978379017954,
            -0.0007727093585005004,
            -0.0060316289844960045,
            3.05302726989513e-05,
            0.0008969805727420597,
            0.0008298771313238854
        ],
        [
            0.546639830204386,
            0.5566395181731119,
            -0.03960350679875052,
            0.5278949538489461,
            -0.01886169552029986,
            0.9999999999999999,
            0.6848602514927513,
            0.0,
            0.0,
            0.0,
            0.5653629304092969,
            0.5635763008300609,
            0.04538199687374068,
            -0.5228103956656686,
            0.10906811846333193,
            0.10657294298741371,
            0.2918430964800666,
            -0.012328176093224865,
            -0.14008703004425602,
            0.012577867075951155
        ],
        [
            0.5566395181731119,
            0.8788351497138243,
            -0.012556734357565384,
            0.16737499378185336,
            -0.00598031132407596,
            0.6848602514927513,
            1.0000000000000002,
            0.0,
            0.0,
            0.0,
            0.5635763008300609,
            0.885645500435757,
            0.013972376458234828,
            -0.1609647914974465,
            0.03358029429601462,
            0.2918430964800666,
            0.5873620048848328,
            -0.014928418699427239,
            -0.16963400125418304,
            0.015230774174188659
        ],
        [
            0.03960350679875051,
            0.012556734357565371,
            0.4591879373282516,
            0.053121064698405246,
            -0.001898016529141081,
            0.0,
            0.0,
            1.0000000000000004,
            0.0,
            0.0,
            -0.04538199687374068,
            -0.013972376458234823,
            0.4799449119283156,
            0.05796892730785819,
            -0.012093412608514693,
            0.012328176093224867,
            0.01492841869942723,
            0.03993771687630241,
            -0.023057139722571614,
            0.0020702104862278807
        ],
        [
            -0.5278949538489461,
            -0.1673749937818531,
            0.05312106469840528,
            -0.24490408241939454,
            0.02529961180324263,
            0.0,
            0.0,
            0.0,
            1.0000000000000004,
            0.0,
            0.5228103956656686,
            0.1609647914974461,
            0.05796892730785813,
            -0.1828377074158181,
            0.13931872254092376,
            0.14008703004425596,
            0.16963400125418296,
            -0.02305713972257161,
            -0.22003512360918684,
            0.023524131744152982
        ],
        [
            0.018861695520299863,
            0.005980311324075912,
            -0.001898016529141085,
            0.025299611803242666,
            0.4622692073052915,
            0.0,
            0.0,
            0.0,
            0.0,
            1.0000000000000004,
            -0.10906811846333189,
            -0.03358029429601457,
            -0.012093412608514684,
            0.13931872254092378,
            0.45591232695954026,
            -0.012577867075951153,
            -0.015230774174188647,
            0.0020702104862278807,
            0.023524131744152986,
            0.03985469046446763
        ],
        [
            0.1219969827328071,
            0.30848138662100044,
            -0.01286419073674625,
            0.1592914778875646,
            -0.019101545174703513,
            0.5653629304092969,
            0.5635763008300609,
            -0.04538199687374068,
            0.5228103956656686,
            -0.10906811846333193,
            0.9999999999999999,
            0.6848602514927513,
            0.0,
            0.0,
            0.0,
            0.48673544195915674,
            0.5331241691329849,
            -0.11859856800354646,
            -0.4884619162861316,
            -0.007543407493793003
        ],
        [
            0.30848138662100044,
            0.6080635343617697,
            -0.014020479573466856,
            0.17360928158274705,
            -0.02081847427670551,
            0.5635763008300609,
            0.885645500435757,
            -0.013972376458234828,
            0.16096479149744614,
            -0.033580294296014626,
            0.6848602514927513,
            1.0000000000000002,
            0.0,
            0.0,
            0.0,
            0.5331241691329849,
            0.855504140821755,
            -0.04159350590420253,
            -0.1713076636677242,
            -0.0026455358560611188
        ],
        [
            0.012864190736746248,
            0.014020479573466853,
            0.04963397119382207,
            0.02419529453492261,
            -0.0029013950884447244,
            0.04538199687374068,
            0.013972376458234823,
            0.4799449119283156,
            0.05796892730785815,
            -0.012093412608514693,
            0.0,
            0.0,
            1.0000000000000004,
            0.0,
            0.0,
            0.11859856800354644,
            0.04159350590420251,
            0.35371234771851123,
            -0.16822613660826735,
            -0.0025979472651442
        ],
        [
            -0.15929147788756454,
            -0.173609281582747,
            0.02419529453492261,
            -0.24801147648243918,
            0.035926668146633665,
            -0.5228103956656686,
            -0.16096479149744647,
            0.057968927307858166,
            -0.18283770741581823,
            0.13931872254092387,
            0.0,
            0.0,
            0.0,
            1.0000000000000004,
            0.0,
            0.488461916286131,
            0.17130766366772412,
            -0.16822613660826755,
            -0.29830113743270426,
            -0.010699946221144122
        ],
        [
            0.01910154517470351,
            0.020818474276705495,
            -0.0029013950884447235,
            0.03592666814663365,
            0.04727978379017954,
            0.10906811846333189,
            0.03358029429601458,
            -0.012093412608514684,
            0.13931872254092373,
            0.45591232695954026,
            0.0,
            0.0,
            0.0,
            0.0,
            1.0000000000000004,
            0.007543407493793001,
            0.002645535856061116,
            -0.002597947265144199,
            -0.010699946221144105,
            0.39439241751613674
        ],
        [
            0.009290195420017912,
            0.10399021299202273,
            0.00036583499880402424,
            0.01074824617493823,
            -0.0007727093585004998,
            0.10657294298741371,
            0.2918430964800666,
            0.012328176093224865,
            0.14008703004425607,
            -0.012577867075951153,
            0.48673544195915674,
            0.5331241691329849,
            0.11859856800354646,
            0.4884619162861316,
            0.007543407493793001,
            0.9999999999999999,
            0.6848602514927513,
            0.0,
            0.0,
            0.0
        ],
        [
            0.10399021299202273,
            0.30791054860926537,
            0.002855641591570015,
            0.08389885853985522,
            -0.0060316289844960045,
            0.2918430964800666,
            0.5873620048848328,
            0.01492841869942723,
            0.16963400125418304,
            -0.015230774174188654,
            0.5331241691329849,
            0.855504140821755,
            0.04159350590420253,
            0.1713076636677249,
            0.0026455358560611175,
            0.6848602514927513,
            1.0000000000000002,
            0.0,
            0.0,
            0.0
        ],
        [
            -0.00036583499880402435,
            -0.002855641591570015,
            0.0008799081721309329,
            -0.00042467052216517453,
            3.053027269895129e-05,
            -0.012328176093224867,
            -0.014928418699427232,
            0.03993771687630241,
            -0.02305713972257162,
            0.0020702104862278807,
            -0.11859856800354644,
            -0.041593505904202514,
            0.35371234771851123,
            -0.16822613660826755,
            -0.0025979472651441998,
            0.0,
            0.0,
            1.0000000000000004,
            0.0,
            0.0
        ],
        [
            -0.010748246174938239,
            -0.08389885853985522,
            -0.0004246705221651744,
            -0.011582473526441714,
            0.0008969805727420597,
            -0.14008703004425602,
            -0.16963400125418296,
            -0.023057139722571604,
            -0.2200351236091869,
            0.023524131744152976,
            -0.4884619162861316,
            -0.17130766366772412,
            -0.16822613660826735,
            -0.29830113743270414,
            -0.010699946221144108,
            0.0,
            0.0,
            0.0,
            1.0000000000000004,
            0.0
        ],
        [
            0.0007727093585005003,
            0.006031628984496002,
            3.0530272698951285e-05,
            0.0008969805727420597,
            0.0008298771313238854,
            0.012577867075951151,
            0.015230774174188652,
            0.0020702104862278807,
            0.02352413174415299,
            0.03985469046446763,
            -0.007543407493793,
            -0.0026455358560611175,
            -0.002597947265144199,
            -0.010699946221144119,
            0.39439241751613674,
            0.0,
            0.0,
            0.0,
            0.0,
            1.0000000000000004
        ]
    ],
    "h": [
        [
            -0.26822211900309445,
            -0.4672465084026598,
            0.022815884446218286,
            -0.28654430473337467,
            0.011871907808237547,
            -0.5799980263876054,
            -0.4603155200797818,
            0.0027515004190186987,
            0.021585878269966496,
            0.005866290417066097,
            -0.25796998276431304,
            -0.3161325891089609,
            -0.019606138170847755,
            0.31954671551285435,
            -0.04858974494256269,
            -0.002125382736913331,
            -0.12285675599178153,
            0.0038241131888455777,
            0.05455727039471931,
            -0.004116505847531683
        ],
        [
            -0.4672465084026598,
            -0.3130616468861007,
            0.019586740554059553,
            -0.2451233209478362,
            0.01109380235882409,
            -0.5443862472720913,
            -0.367409649159846,
            -0.0053048547410094946,
            0.10659618568221277,
            0.014899320812886994,
            -0.33977182796673233,
            -0.31172040382041755,
            -0.024452888893110425,
            0.19955241924848952,
            -0.042432590015487444,
            -0.1200019870389451,
            -0.18447389334671482,
            0.01745639095247157,
            0.10542180024182543,
            -0.002996309950046055
        ],
        [
            0.022815884446218286,
            0.019586740554059553,
            1.4751481864894844,
            0.021770488332078893,
            -0.0009724723121192695,
            0.007748593752845839,
            0.018873331329487,
            0.38062013812614315,
            0.0758001692912671,
            -0.003560310675629218,
            0.01945988203291574,
            0.015084854719434899,
            -0.04554882446491633,
            -0.01895394389617997,
            0.003434537097822033,
            0.0014114884581524394,
            0.006791954570343702,
            -0.0032959230073990133,
            -0.0009676129795470338,
            1.213257479300853e-05
        ],
        [
            -0.28654430473337467,
            -0.2451233209478362,
            0.021770488332078893,
            1.1949982206566572,
            0.012142196030810133,
            -0.0859844329150804,
            -0.23729891148628512,
            0.07826050740389108,
            -0.6348852711597207,
            0.047533971010705195,
            -0.25411130608232524,
            -0.19475377054110843,
            -0.020831986549971662,
            0.19009424352178683,
            -0.04376567051923708,
            -0.05625095857824987,
            -0.11470772835377534,
            0.006737904223940629,
            0.07408231030260164,
            -0.004498148255234621
        ],
        [
            0.011871907808237547,
            0.01109380235882409,
            -0.0009724723121192695,
            0.012142196030810133,
            1.4761523407876684,
            0.007762212114457011,
            0.012183755303014852,
            -0.0029636446579051363,
            0.03863906967694658,
            0.3840184821231696,
            0.020327165725782623,
            0.010029189017003906,
            0.0013298747513441674,
            -0.012979595245255507,
            -0.04453182144331237,
            0.005353516545574677,
            0.007758061287487426,
            -0.000589870596838449,
            -0.00590881850825071,
            -0.002755938952760791
        ],
        [
            -0.5799980263876054,
            -0.5443862472720913,
            0.007748593752845839,
            -0.0859844329150804,
            0.007762212114457011,
            -0.46985461940577533,
            -0.6119340883786222,
            0.0010922576701874742,
            0.03095307731685873,
            0.04020226644943193,
            -0.5444385194423816,
            -0.5269415812271236,
            -0.016616044600477733,
            0.05962934970385647,
            -0.01451482844481422,
            -0.2281103708939356,
            -0.326387505484375,
            0.03579396370018992,
            0.22795797058548478,
            -0.009606586987642763
        ],
        [
            -0.4603155200797818,
            -0.367409649159846,
            0.018873331329487,
            -0.23729891148628512,
            0.012183755303014852,
            -0.6119340883786222,
            -0.43873174145816884,
            0.00042362299862690536,
            -0.001457377516040928,
            0.034963221889914575,
            -0.5179742750564394,
            -0.41448763397534205,
            -0.0446020432778006,
            0.14355961699440506,
            -0.0480753321178135,
            -0.29321306091299026,
            -0.30299600835276186,
            0.037176668622039825,
            0.1696667000633248,
            -0.0002527307302189266
        ],
        [
            0.0027515004190186987,
            -0.0053048547410094946,
            0.38062013812614315,
            0.07826050740389108,
            -0.0029636446579051363,
            0.0010922576701874742,
            0.00042362299862690536,
            1.3914248505970959,
            0.039684307748749106,
            -0.005044342596928029,
            -0.005945243506382411,
            0.005594234069688259,
            0.40121817325837317,
            0.08612709712312784,
            -0.01780411887397406,
            0.0009858393171941066,
            0.00891755498639922,
            -0.045173548828112,
            -0.003811394895561919,
            -6.234147749080692e-05
        ],
        [
            0.021585878269966496,
            0.10659618568221277,
            0.0758001692912671,
            -0.6348852711597207,
            0.03863906967694658,
            0.03095307731685873,
            -0.001457377516040928,
            0.039684307748749106,
            0.8244478235774424,
            0.06690027718121783,
            -0.03747692440259709,
            -0.12535754483893824,
            0.06690704443272316,
            -0.6910878504171616,
            0.2056750883299635,
            -0.29637585064128025,
            -0.1908372641377741,
            0.04620598642440124,
            0.19304432314364794,
            -0.004460837290669817
        ],
        [
            0.005866290417066097,
            0.014899320812886994,
            -0.003560310675629218,
            0.047533971010705195,
            0.3840184821231696,
            0.04020226644943193,
            0.034963221889914575,
            -0.005044342596928029,
            0.06690027718121783,
            1.382981920737103,
            0.009158105146355011,
            0.041222367835004006,
            -0.01459934836471272,
            0.20693669687710903,
            0.36799409040210895,
            0.041270007160668955,
            0.03854974444669622,
            -0.007397371892645067,
            -0.03835865105143058,
            -0.04348866559573733
        ],
        [
            -0.25796998276431304,
            -0.33977182796673233,
            0.01945988203291574,
            -0.25411130608232524,
            0.020327165725782623,
            -0.5444385194423816,
            -0.5179742750564394,
            -0.005945243506382411,
            -0.03747692440259709,
            0.009158105146355011,
            -0.42422623839153806,
            -0.5929821833194189,
            -0.07449046617870464,
            0.017209888771083384,
            -0.05314606568799807,
            -0.531558338546025,
            -0.5168021889510901,
            0.01571373741043164,
            0.0893928330701248,
            -0.0031169105630874513
        ],
        [
            -0.3161325891089609,
            -0.31172040382041755,
            0.015084854719434899,
            -0.19475377054110843,
            0.010029189017003906,
            -0.5269415812271236,
            -0.41448763397534205,
            0.005594234069688259,
            -0.12535754483893824,
            0.041222367835004006,
            -0.5929821833194189,
            -0.43598812551647725,
            -0.0631207307010952,
            0.027913017845722192,
            -0.045685778704081144,
            -0.43391282989469715,
            -0.3615854491086272,
            0.045222961497469426,
            0.2055012916306676,
            -0.00038423066843282856
        ],
        [
            -0.019606138170847755,
            -0.024452888893110425,
            -0.04554882446491633,
            -0.020831986549971662,
            0.0013298747513441674,
            -0.016616044600477733,
            -0.0446020432778006,
            0.40121817325837317,
            0.06690704443272316,
            -0.01459934836471272,
            -0.07449046617870464,
            -0.0631207307010952,
            1.3926497138668217,
            -0.02904604804566342,
            -0.005404096743544588,
            -0.015307395725261158,
            -0.053214193969732385,
            0.23860742361304332,
            -0.2113112126396685,
            -0.004090587856209144
        ],
        [
            0.31954671551285435,
            0.19955241924848952,
            -0.01895394389617997,
            0.19009424352178683,
            -0.012979595245255507,
            0.05962934970385647,
            0.14355961699440506,
            0.08612709712312784,
            -0.6910878504171616,
            0.20693669687710903,
            0.017209888771083384,
            0.027913017845722192,
            -0.02904604804566342,
            0.8810726236763335,
            0.05536342519489587,
            -0.04414106454711053,
            -0.09068746628325441,
            -0.22353246697581902,
            -0.6464094632673294,
            -0.012135885371311987
        ],
        [
            -0.04858974494256269,
            -0.042432590015487444,
            0.003434537097822033,
            -0.04376567051923708,
            -0.04453182144331237,
            -0.01451482844481422,
            -0.0480753321178135,
            -0.01780411887397406,
            0.2056750883299635,
            0.36799409040210895,
            -0.05314606568799807,
            -0.045685778704081144,
            -0.005404096743544588,
            0.05536342519489587,
            1.39541767400208,
            -0.005776814836323616,
            -0.023289438151331398,
            -0.0020407263244006622,
            -0.002979460959339788,
            0.2901121093465703
        ],
        [
            -0.002125382736913331,
            -0.1200019870389451,
            0.0014114884581524394,
            -0.05625095857824987,
            0.005353516545574677,
            -0.2281103708939356,
            -0.29321306091299026,
            0.0009858393171941066,
            -0.29637585064128025,
            0.041270007160668955,
            -0.531558338546025,
            -0.43391282989469715,
            -0.015307395725261158,
            -0.04414106454711053,
            -0.005776814836323616,
            -0.22025196534221592,
            -0.4457588427280561,
            0.057069703167201474,
            0.23991889792410084,
            0.0023781456047135266
        ],
        [
            -0.12285675599178153,
            -0.18447389334671482,
            0.006791954570343702,
            -0.11470772835377534,
            0.007758061287487426,
            -0.326387505484375,
            -0.30299600835276186,
            0.00891755498639922,
            -0.1908372641377741,
            0.03854974444669622,
            -0.5168021889510901,
            -0.3615854491086272,
            -0.053214193969732385,
            -0.09068746628325441,
            -0.023289438151331398,
            -0.4457588427280561,
            -0.3057031762131994,
            0.05034524041624189,
            0.21683031455541243,
            0.0013080721126736408
        ],
        [
            0.0038241131888455777,
            0.01745639095247157,
            -0.0032959230073990133,
            0.006737904223940629,
            -0.000589870596838449,
            0.03579396370018992,
            0.037176668622039825,
            -0.045173548828112,
            0.04620598642440124,
            -0.007397371892645067,
            0.01571373741043164,
            0.045222961497469426,
            0.23860742361304332,
            -0.22353246697581902,
            -0.0020407263244006622,
            0.057069703167201474,
            0.05034524041624189,
            1.4820381592982315,
            -0.052640641870160605,
            -0.0006612878702520558
        ],
        [
            0.05455727039471931,
            0.10542180024182543,
            -0.0009676129795470338,
            0.07408231030260164,
            -0.00590881850825071,
            0.22795797058548478,
            0.1696667000633248,
            -0.003811394895561919,
            0.19304432314364794,
            -0.03835865105143058,
            0.0893928330701248,
            0.2055012916306676,
            -0.2113112126396685,
            -0.6464094632673294,
            -0.002979460959339788,
            0.23991889792410084,
            0.21683031455541243,
            -0.052640641870160605,
            1.2678388751210166,
            -0.001633555124755927
        ],
        [
            -0.004116505847531683,
            -0.002996309950046055,
            1.213257479300853e-05,
            -0.004498148255234621,
            -0.002755938952760791,
            -0.009606586987642763,
            -0.0002527307302189266,
            -6.234147749080692e-05,
            -0.004460837290669817,
            -0.04348866559573733,
            -0.0031169105630874513,
            -0.00038423066843282856,
            -0.004090587856209144,
            -0.012135885371311987,
            0.2901121093465703,
            0.0023781456047135266,
            0.0013080721126736408,
            -0.0006612878702520558,
            -0.001633555124755927,
            1.494436251659082
        ]
    ]
}