{
    "HF": -2.136073373879596,
    "coordinates": [
        [
            0.775174,
            0.043036,
            -0.030032
        ],
        [
            1.603413,
            0.020798,
            -0.056852
        ],
        [
            2.321067,
            0.14924,
            -0.118384
        ],
        [
            3.147668,
            -0.087551,
            0.123682
        ]
    ],
    "elements": [
        "H",
        "H",
        "H",
        "H"
    ],
    "Enn": 2.856754579117133,
    "S": [
        [
            0.9999999999999999,
            0.6848602514927513,
            0.0,
            0.0,
            0.0,
            0.5002098209009285,
            0.5385992498176819,
            0.0164894042514301,
            -0.5092157974571292,
            0.013672310654112691,
            0.1096797141085119,
            0.29530980290692393,
            0.00826551664387618,
            -0.144621562852586,
            -0.009935609037104148,
            0.007522086317135227,
            0.09494539854577132,
            -0.000550223024245481,
            -0.008492400325827563,
            0.00046743936184826776
        ],
        [
            0.6848602514927513,
            1.0000000000000002,
            0.0,
            0.0,
            0.0,
            0.5385992498176819,
            0.8609707007988477,
            0.0056477050661871454,
            -0.17440900806539072,
            0.004682836139517887,
            0.29530980290692393,
            0.5917114356883867,
            0.009787765529365154,
            -0.17125631810810035,
            -0.011765436552434548,
            0.09494539854577129,
            0.29083610199132554,
            -0.00504554674492036,
            -0.07787533587729868,
            0.004286420318116208
        ],
        [
            0.0,
            0.0,
            1.0000000000000004,
            0.0,
            0.0,
            -0.016489404251430095,
            -0.005647705066187149,
            0.40905609025055056,
            0.023634218206649134,
            -0.000634572562363597,
            -0.008265516643876186,
            -0.009787765529365151,
            0.04296430356119226,
            0.01554989613590256,
            0.0010682894412597742,
            0.0005502230242454805,
            0.005045546744920359,
            0.0005975563069464287,
            -0.0006027291692260626,
            3.317546599558264e-05
        ],
        [
            0.0,
            0.0,
            0.0,
            1.0000000000000004,
            0.0,
            0.5092157974571292,
            0.1744090080653905,
            0.023634218206649127,
            -0.3200362032095461,
            0.019596485625632477,
            0.14462156285258604,
            0.17125631810810032,
            0.015549896135902566,
            -0.22822316802322787,
            -0.018691836848259192,
            0.008492400325827555,
            0.07787533587729865,
            -0.0006027291692260624,
            -0.008666197645100201,
            0.0005120457084047245
        ],
        [
            0.0,
            0.0,
            0.0,
            0.0,
            1.0000000000000004,
            -0.013672310654112691,
            -0.004682836139517891,
            -0.0006345725623635971,
            0.019596485625632487,
            0.40929525199608485,
            0.009935609037104153,
            0.011765436552434541,
            0.001068289441259774,
            -0.01869183684825918,
            0.04256887941655013,
            -0.0004674393618482673,
            -0.00428642031811621,
            3.317546599558264e-05,
            0.0005120457084047247,
            0.000608423098851895
        ],
        [
            0.5002098209009285,
            0.5385992498176819,
            -0.016489404251430098,
            0.5092157974571292,
            -0.013672310654112691,
            0.9999999999999999,
            0.6848602514927513,
            0.0,
            0.0,
            0.0,
            0.5774559299731739,
            0.5679598723939372,
            0.045369100769134155,
            -0.5291444556226388,
            -0.0947035370374623,
            0.1078170195273415,
            0.29323876575365015,
            -0.01654085245321988,
            -0.14148744339097927,
            0.009927131855794035
        ],
        [
            0.5385992498176819,
            0.8609707007988477,
            -0.005647705066187151,
            0.17440900806539072,
            -0.004682836139517882,
            0.6848602514927513,
            1.0000000000000002,
            0.0,
            0.0,
            0.0,
            0.5679598723939372,
            0.8899327300884438,
            0.0137126796374857,
            -0.15993238302932036,
            -0.028623870473866223,
            0.29323876575365015,
            0.5891153925552246,
            -0.01984978480487601,
            -0.16979144888970385,
            0.011913015464253331
        ],
        [
            0.0164894042514301,
            0.005647705066187144,
            0.40905609025055056,
            0.023634218206649127,
            -0.0006345725623635971,
            0.0,
            0.0,
            1.0000000000000004,
            0.0,
            0.0,
            -0.045369100769134155,
            -0.013712679637485686,
            0.49422937988497234,
            0.057222508091445516,
            0.010241388446635066,
            0.016540852453219873,
            0.019849784804876005,
            0.03910423302293015,
            -0.030919353518539895,
            0.002169383317120734
        ],
        [
            -0.5092157974571292,
            -0.17440900806539067,
            0.023634218206649134,
            -0.3200362032095461,
            0.019596485625632487,
            0.0,
            0.0,
            0.0,
            1.0000000000000004,
            0.0,
            0.5291444556226387,
            0.15993238302932072,
            0.057222508091445454,
            -0.16825629044014193,
            -0.11944635936230641,
            0.14148744339097932,
            0.16979144888970385,
            -0.030919353518539888,
            -0.22175960880987772,
            0.01855651032149223
        ],
        [
            0.013672310654112688,
            0.004682836139517886,
            -0.000634572562363597,
            0.019596485625632477,
            0.40929525199608485,
            0.0,
            0.0,
            0.0,
            0.0,
            1.0000000000000004,
            0.09470353703746229,
            0.028623870473866213,
            0.010241388446635063,
            -0.11944635936230649,
            0.47775777390029084,
            -0.009927131855794035,
            -0.011913015464253326,
            0.002169383317120734,
            0.018556510321492237,
            0.041416943832539146
        ],
        [
            0.1096797141085119,
            0.29530980290692393,
            -0.00826551664387618,
            0.144621562852586,
            0.009935609037104151,
            0.5774559299731739,
            0.5679598723939372,
            -0.04536910076913417,
            0.5291444556226388,
            0.0947035370374623,
            0.9999999999999999,
            0.6848602514927513,
            0.0,
            0.0,
            0.0,
            0.451285872693326,
            0.5181565578561155,
            -0.13064489662758247,
            -0.4461229672785778,
            0.12779793823726535
        ],
        [
            0.29530980290692393,
            0.5917114356883867,
            -0.009787765529365153,
            0.17125631810810035,
            0.011765436552434548,
            0.5679598723939372,
            0.8899327300884438,
            -0.013712679637485688,
            0.15993238302932075,
            0.028623870473866216,
            0.6848602514927513,
            1.0000000000000002,
            0.0,
            0.0,
            0.0,
            0.5181565578561155,
            0.8404497072296909,
            -0.048910792488813803,
            -0.16701936654485142,
            0.0478449491635286
        ],
        [
            0.008265516643876182,
            0.009787765529365153,
            0.04296430356119226,
            0.015549896135902566,
            0.001068289441259774,
            0.04536910076913415,
            0.013712679637485676,
            0.49422937988497234,
            0.057222508091445454,
            0.010241388446635063,
            0.0,
            0.0,
            1.0000000000000004,
            0.0,
            0.0,
            0.13064489662758244,
            0.048910792488813776,
            0.3009512469620199,
            -0.18438518696328318,
            0.05281962253399501
        ],
        [
            -0.1446215628525861,
            -0.17125631810810032,
            0.01554989613590256,
            -0.22822316802322792,
            -0.01869183684825918,
            -0.5291444556226386,
            -0.15993238302932036,
            0.057222508091445516,
            -0.1682562904401421,
            -0.11944635936230649,
            0.0,
            0.0,
            0.0,
            1.0000000000000004,
            0.0,
            0.4461229672785778,
            0.1670193665448514,
            -0.18438518696328318,
            -0.2746864500620898,
            0.18036714287104672
        ],
        [
            -0.009935609037104153,
            -0.011765436552434547,
            0.0010682894412597742,
            -0.018691836848259192,
            0.04256887941655013,
            -0.09470353703746226,
            -0.02862387047386622,
            0.010241388446635066,
            -0.11944635936230641,
            0.47775777390029084,
            0.0,
            0.0,
            0.0,
            0.0,
            1.0000000000000004,
            -0.12779793823726535,
            -0.04784494916352855,
            0.05281962253399501,
            0.18036714287104672,
            0.30327893412895546
        ],
        [
            0.007522086317135227,
            0.09494539854577132,
            0.000550223024245481,
            0.008492400325827565,
            -0.00046743936184826776,
            0.1078170195273415,
            0.29323876575365015,
            0.01654085245321988,
            0.14148744339097932,
            -0.009927131855794035,
            0.451285872693326,
            0.5181565578561155,
            0.13064489662758247,
            0.4461229672785778,
            -0.12779793823726535,
            0.9999999999999999,
            0.6848602514927513,
            0.0,
            0.0,
            0.0
        ],
        [
            0.09494539854577129,
            0.29083610199132554,
            0.005045546744920361,
            0.07787533587729868,
            -0.004286420318116208,
            0.29323876575365015,
            0.5891153925552246,
            0.019849784804876012,
            0.16979144888970385,
            -0.011913015464253333,
            0.5181565578561155,
            0.8404497072296909,
            0.048910792488813803,
            0.16701936654485142,
            -0.0478449491635286,
            0.6848602514927513,
            1.0000000000000002,
            0.0,
            0.0,
            0.0
        ],
        [
            -0.0005502230242454805,
            -0.005045546744920358,
            0.0005975563069464287,
            -0.0006027291692260626,
            3.317546599558264e-05,
            -0.016540852453219873,
            -0.019849784804876005,
            0.03910423302293015,
            -0.030919353518539888,
            0.002169383317120734,
            -0.13064489662758244,
            -0.048910792488813776,
            0.3009512469620199,
            -0.18438518696328318,
            0.05281962253399501,
            0.0,
            0.0,
            1.0000000000000004,
            0.0,
            0.0
        ],
        [
            -0.008492400325827557,
            -0.0778753358772986,
            -0.0006027291692260624,
            -0.008666197645100201,
            0.0005120457084047245,
            -0.14148744339097927,
            -0.16979144888970385,
            -0.030919353518539895,
            -0.22175960880987777,
            0.018556510321492237,
            -0.4461229672785778,
            -0.1670193665448514,
            -0.18438518696328318,
            -0.2746864500620898,
            0.18036714287104672,
            0.0,
            0.0,
            0.0,
            1.0000000000000004,
            0.0
        ],
        [
            0.0004674393618482673,
            0.004286420318116209,
            3.317546599558264e-05,
            0.0005120457084047247,
            0.000608423098851895,
            0.009927131855794035,
            0.01191301546425333,
            0.002169383317120734,
            0.01855651032149223,
            0.041416943832539146,
            0.12779793823726535,
            0.047844949163528556,
            0.05281962253399501,
            0.18036714287104672,
            0.30327893412895546,
            0.0,
            0.0,
            0.0,
            0.0,
            1.0000000000000004
        ]
    ],
    "h": [
        [
            -0.23240380232289315,
            -0.45073533828926005,
            0.009688983379185757,
            -0.2541541231106874,
            0.0045314304701187715,
            -0.5428394195031467,
            -0.438989938155832,
            0.004528464996185828,
            0.03948046784296433,
            -0.010753989472065947,
            -0.2411071754492764,
            -0.2991790704851893,
            -0.013572389940083508,
            0.30475934518708236,
            0.028224146895117933,
            0.005098592778745921,
            -0.10945333848499691,
            0.004664208346302334,
            0.047319959108642964,
            -0.0033293233798515004
        ],
        [
            -0.45073533828926005,
            -0.3083196016578731,
            0.008931450339299247,
            -0.22747152178887428,
            0.003132056014252913,
            -0.5261609724661646,
            -0.36386753114641923,
            0.004143817692377368,
            0.09545166070703764,
            -0.02547976619607848,
            -0.33160093477794417,
            -0.30586007136302706,
            -0.02214360591453763,
            0.2039830875140225,
            0.03869278538300079,
            -0.1066375764345751,
            -0.17493156125642573,
            0.01907424940095817,
            0.09605786003838167,
            -0.01719254317868666
        ],
        [
            0.009688983379185757,
            0.008931450339299247,
            1.4849960425177258,
            0.009028463550178879,
            -7.187335941305246e-05,
            0.005173240078605458,
            0.00885012197165429,
            0.30865601670390885,
            0.03207963478277196,
            -0.0002619432379192205,
            0.010815721595927918,
            0.007016794890092512,
            -0.04489799304026479,
            -0.010830218391782574,
            -0.0014295571365138477,
            -7.306796531668207e-06,
            0.002504395167485903,
            -0.00214622957862794,
            0.0010777370939627758,
            2.454396012775261e-05
        ],
        [
            -0.2541541231106874,
            -0.22747152178887428,
            0.009028463550178879,
            1.2359015189845821,
            0.004374524806658907,
            -0.0944289626983712,
            -0.2185297942414779,
            0.03634084222696934,
            -0.6904263369386777,
            0.014337369564715409,
            -0.24325393183987473,
            -0.18200065204485066,
            -0.018982413010580734,
            0.2049252397212572,
            0.03447193453237189,
            -0.04821630709084696,
            -0.1060187146495698,
            0.00795011566545262,
            0.06289628599227909,
            -0.006784850933773482
        ],
        [
            0.0045314304701187715,
            0.003132056014252913,
            -7.187335941305246e-05,
            0.004374524806658907,
            1.4850516776899958,
            -0.0029155718538300263,
            0.0015106571752316143,
            -0.0007485326950263517,
            0.02534893241526262,
            0.3087741105887042,
            -0.005649551031088846,
            0.0015527331124628174,
            -0.00023108954810874618,
            0.0014383023884433355,
            -0.045371726912642366,
            -0.00041731314242483613,
            0.0003029175614968514,
            -8.884119903087505e-06,
            -0.0013477591596440476,
            -0.0021481303114953476
        ],
        [
            -0.5428394195031467,
            -0.5261609724661646,
            0.005173240078605458,
            -0.0944289626983712,
            -0.0029155718538300263,
            -0.4508434046879777,
            -0.6058924869170506,
            0.01410730321427367,
            -0.014830264442914132,
            -0.05159291390554113,
            -0.5556897108649264,
            -0.529553482343702,
            -0.01586060600410283,
            0.05133635900892464,
            0.018845093789898043,
            -0.2291244580343203,
            -0.328623600807796,
            0.042679325239789706,
            0.22058965131221764,
            -0.03634590330358116
        ],
        [
            -0.438989938155832,
            -0.36386753114641923,
            0.00885012197165429,
            -0.2185297942414779,
            0.0015106571752316143,
            -0.6058924869170506,
            -0.44189839305168777,
            0.009708518625913367,
            -0.02571995535620719,
            -0.04095332576721264,
            -0.5231268855937945,
            -0.4179352007103194,
            -0.045976889920426964,
            0.15499627791034087,
            0.06496559088545223,
            -0.28851862056792066,
            -0.30368810673157987,
            0.04147627474267271,
            0.15737956246331175,
            -0.039252990848548885
        ],
        [
            0.004528464996185828,
            0.004143817692377368,
            0.30865601670390885,
            0.03634084222696934,
            -0.0007485326950263517,
            0.01410730321427367,
            0.009708518625913367,
            1.3952371175541396,
            0.026329578378845888,
            0.00376319016626342,
            -0.00547354140174075,
            0.009807883995333055,
            0.42022205610232166,
            0.08005752039955351,
            0.015309220344701929,
            -0.004530099774943848,
            0.008486408794600088,
            -0.0442485852467006,
            -0.0007774266721283507,
            0.00036435730314208874
        ],
        [
            0.03948046784296433,
            0.09545166070703764,
            0.03207963478277196,
            -0.6904263369386777,
            0.02534893241526262,
            -0.014830264442914132,
            -0.02571995535620719,
            0.026329578378845888,
            0.8430175313960555,
            -0.0385258153368075,
            -0.040786912199974656,
            -0.14177066347539247,
            0.06162350664499949,
            -0.6672968303211021,
            -0.15261213383298167,
            -0.292204680716621,
            -0.19849803494918328,
            0.05196725255496675,
            0.17518110773434392,
            -0.047446169676276684
        ],
        [
            -0.010753989472065947,
            -0.02547976619607848,
            -0.0002619432379192205,
            0.014337369564715409,
            0.3087741105887042,
            -0.05159291390554113,
            -0.04095332576721264,
            0.00376319016626342,
            -0.0385258153368075,
            1.3889876200058775,
            -0.002040420018641853,
            -0.03703400006988771,
            0.013840456770311128,
            -0.1662646695461894,
            0.39846903733456596,
            -0.012549952193178407,
            -0.027627667362540607,
            0.004101356031270018,
            0.01723533837908351,
            -0.04768441869105286
        ],
        [
            -0.2411071754492764,
            -0.33160093477794417,
            0.010815721595927918,
            -0.24325393183987473,
            -0.005649551031088846,
            -0.5556897108649264,
            -0.5231268855937945,
            -0.00547354140174075,
            -0.040786912199974656,
            -0.002040420018641853,
            -0.4172982153857714,
            -0.5889305070527,
            -0.07716228357965721,
            0.05962564295512106,
            0.09932779081391202,
            -0.5084699107957262,
            -0.5059857211870146,
            0.022300366838606922,
            0.10043431650680534,
            -0.019657930485834862
        ],
        [
            -0.2991790704851893,
            -0.30586007136302706,
            0.007016794890092512,
            -0.18200065204485066,
            0.0015527331124628174,
            -0.529553482343702,
            -0.4179352007103194,
            0.009807883995333055,
            -0.14177066347539247,
            -0.03703400006988771,
            -0.5889305070527,
            -0.43573391082825896,
            -0.0661240983164905,
            0.05357273580505025,
            0.08422047056324775,
            -0.42079438733220387,
            -0.3610767981236316,
            0.04904197285646697,
            0.1863939953344017,
            -0.04622352045139312
        ],
        [
            -0.013572389940083508,
            -0.02214360591453763,
            -0.04489799304026479,
            -0.018982413010580734,
            -0.00023108954810874618,
            -0.01586060600410283,
            -0.045976889920426964,
            0.42022205610232166,
            0.06162350664499949,
            0.013840456770311128,
            -0.07716228357965721,
            -0.0661240983164905,
            1.3877779174139886,
            -0.028890934145166462,
            0.018448993479802216,
            -0.021783424975742233,
            -0.05701790083328319,
            0.16939625195470548,
            -0.219965288414112,
            0.06476495548101076
        ],
        [
            0.30475934518708236,
            0.2039830875140225,
            -0.010830218391782574,
            0.2049252397212572,
            0.0014383023884433355,
            0.05133635900892464,
            0.15499627791034087,
            0.08005752039955351,
            -0.6672968303211021,
            -0.1662646695461894,
            0.05962564295512106,
            0.05357273580505025,
            -0.028890934145166462,
            0.9143288963910545,
            0.0023718646571376147,
            -0.05225909849878285,
            -0.06910443508864328,
            -0.2343129085217051,
            -0.5803979444098097,
            0.22842644081775754
        ],
        [
            0.028224146895117933,
            0.03869278538300079,
            -0.0014295571365138477,
            0.03447193453237189,
            -0.045371726912642366,
            0.018845093789898043,
            0.06496559088545223,
            0.015309220344701929,
            -0.15261213383298167,
            0.39846903733456596,
            0.09932779081391202,
            0.08422047056324775,
            0.018448993479802216,
            0.0023718646571376147,
            1.3819415549843914,
            0.02470432199932507,
            0.06576040512004525,
            0.06348657614833508,
            0.21007792961406802,
            0.17252370726820054
        ],
        [
            0.005098592778745921,
            -0.1066375764345751,
            -7.306796531668207e-06,
            -0.04821630709084696,
            -0.00041731314242483613,
            -0.2291244580343203,
            -0.28851862056792066,
            -0.004530099774943848,
            -0.292204680716621,
            -0.012549952193178407,
            -0.5084699107957262,
            -0.42079438733220387,
            -0.021783424975742233,
            -0.05225909849878285,
            0.02470432199932507,
            -0.20009765838874283,
            -0.4355492852255286,
            0.059266810918799505,
            0.2077915650904923,
            -0.05711766102907205
        ],
        [
            -0.10945333848499691,
            -0.17493156125642573,
            0.002504395167485903,
            -0.1060187146495698,
            0.0003029175614968514,
            -0.328623600807796,
            -0.30368810673157987,
            0.008486408794600088,
            -0.19849803494918328,
            -0.027627667362540607,
            -0.5059857211870146,
            -0.3610767981236316,
            -0.05701790083328319,
            -0.06910443508864328,
            0.06576040512004525,
            -0.4355492852255286,
            -0.3046249055411383,
            0.054379543125535446,
            0.19538412400473926,
            -0.05204597067085685
        ],
        [
            0.004664208346302334,
            0.01907424940095817,
            -0.00214622957862794,
            0.00795011566545262,
            -8.884119903087505e-06,
            0.042679325239789706,
            0.04147627474267271,
            -0.0442485852467006,
            0.05196725255496675,
            0.004101356031270018,
            0.022300366838606922,
            0.04904197285646697,
            0.16939625195470548,
            -0.2343129085217051,
            0.06348657614833508,
            0.059266810918799505,
            0.054379543125535446,
            1.4787110203728506,
            -0.05187609213539255,
            0.014456215084757345
        ],
        [
            0.047319959108642964,
            0.09605786003838167,
            0.0010777370939627758,
            0.06289628599227909,
            -0.0013477591596440476,
            0.22058965131221764,
            0.15737956246331175,
            -0.0007774266721283507,
            0.17518110773434392,
            0.01723533837908351,
            0.10043431650680534,
            0.1863939953344017,
            -0.219965288414112,
            -0.5803979444098097,
            0.21007792961406802,
            0.2077915650904923,
            0.19538412400473926,
            -0.05187609213539255,
            1.306343827855778,
            0.049820454103257986
        ],
        [
            -0.0033293233798515004,
            -0.01719254317868666,
            2.454396012775261e-05,
            -0.006784850933773482,
            -0.0021481303114953476,
            -0.03634590330358116,
            -0.039252990848548885,
            0.00036435730314208874,
            -0.047446169676276684,
            -0.04768441869105286,
            -0.019657930485834862,
            -0.04622352045139312,
            0.06476495548101076,
            0.22842644081775754,
            0.17252370726820054,
            -0.05711766102907205,
            -0.05204597067085685,
            0.014456215084757345,
            0.049820454103257986,
            1.4795257698896014
        ]
    ]
}