{
    "HF": -2.127826568697028,
    "coordinates": [
        [
            0.677532,
            0.073939,
            -0.074725
        ],
        [
            1.474709,
            -0.090877,
            0.014871
        ],
        [
            2.138083,
            0.182861,
            0.036513
        ],
        [
            2.83016,
            -0.164893,
            0.079895
        ]
    ],
    "elements": [
        "H",
        "H",
        "H",
        "H"
    ],
    "Enn": 3.0587323726186337,
    "S": [
        [
            0.9999999999999999,
            0.6848602514927513,
            0.0,
            0.0,
            0.0,
            0.5080049327604034,
            0.5417157017710285,
            -0.05617440134343395,
            -0.49980959797038527,
            0.1033354182309412,
            0.1358877925137948,
            0.3223707073317298,
            -0.013513251894240387,
            -0.17742851873806334,
            -0.013231902972225778,
            0.016276020375938248,
            0.13230583736411042,
            -0.0014231148558869371,
            -0.01981268196868571,
            0.0021981979515016746
        ],
        [
            0.6848602514927513,
            1.0000000000000002,
            0.0,
            0.0,
            0.0,
            0.5417157017710285,
            0.864072860307082,
            -0.018983528078239133,
            -0.16890521856808816,
            0.034921080893600825,
            0.3223707073317298,
            0.6250226470679708,
            -0.013534928400537187,
            -0.17771313049796825,
            -0.013253128168821012,
            0.13230583736411042,
            0.3580657959076259,
            -0.007246585251519195,
            -0.10088735168029514,
            0.011193354344786131
        ],
        [
            0.0,
            0.0,
            1.0000000000000004,
            0.0,
            0.0,
            0.056174401343433926,
            0.01898352807823911,
            0.4099737001566528,
            -0.07763867381765546,
            0.016051762235903315,
            0.013513251894240382,
            0.01353492840053718,
            0.058824585786817936,
            -0.025635482410673965,
            -0.001911790834510694,
            0.0014231148558869363,
            0.007246585251519189,
            0.002061716138130211,
            -0.0018994332386108367,
            0.0002107402854761266
        ],
        [
            0.0,
            0.0,
            0.0,
            1.0000000000000004,
            0.0,
            0.49980959797038527,
            0.16890521856808813,
            -0.07763867381765543,
            -0.27208751031155326,
            0.14281994356813582,
            0.17742851873806328,
            0.17771313049796805,
            -0.025635482410673954,
            -0.2758159491739784,
            -0.025101745942352684,
            0.019812681968685714,
            0.10088735168029526,
            -0.0018994332386108378,
            -0.0242458627036165,
            0.002933937648712351
        ],
        [
            0.0,
            0.0,
            0.0,
            0.0,
            1.0000000000000004,
            -0.1033354182309412,
            -0.034921080893600805,
            0.016051762235903322,
            0.1428199435681359,
            0.38917167350540816,
            0.013231902972225776,
            0.013253128168820993,
            -0.001911790834510694,
            -0.025101745942352694,
            0.05890503995847343,
            -0.002198197951501674,
            -0.011193354344786131,
            0.00021074028547612663,
            0.002933937648712349,
            0.0018726319911418507
        ],
        [
            0.5080049327604034,
            0.5417157017710285,
            0.05617440134343395,
            0.49980959797038527,
            -0.1033354182309412,
            0.9999999999999999,
            0.6848602514927513,
            0.0,
            0.0,
            0.0,
            0.5885394538835045,
            0.5719129628355915,
            -0.016344984849899293,
            -0.5010090555317018,
            -0.2067389087349475,
            0.1775042027924345,
            0.35924908308300196,
            -0.010957091756632543,
            -0.2284049117036685,
            0.012472319504473956
        ],
        [
            0.5417157017710285,
            0.864072860307082,
            0.018983528078239133,
            0.16890521856808816,
            -0.034921080893600825,
            0.6848602514927513,
            1.0000000000000002,
            0.0,
            0.0,
            0.0,
            0.5719129628355915,
            0.8937881523602772,
            -0.004858855193107467,
            -0.1489343963068329,
            -0.061457041994771866,
            0.35924908308300196,
            0.6687592701037497,
            -0.008883468772112034,
            -0.18517942037752277,
            0.01011194058557832
        ],
        [
            -0.056174401343433926,
            -0.01898352807823911,
            0.4099737001566528,
            -0.07763867381765542,
            0.016051762235903315,
            0.0,
            0.0,
            1.0000000000000004,
            0.0,
            0.0,
            0.01634498484989929,
            0.004858855193107465,
            0.5115377963184111,
            -0.019089481267391285,
            -0.007877180026912655,
            0.010957091756632542,
            0.008883468772112026,
            0.08994694166833149,
            -0.02080988177695153,
            0.0011363481303292003
        ],
        [
            -0.49980959797038527,
            -0.16890521856808813,
            -0.07763867381765548,
            -0.27208751031155326,
            0.1428199435681359,
            0.0,
            0.0,
            0.0,
            1.0000000000000004,
            0.0,
            0.5010090555317017,
            0.14893439630683283,
            -0.019089481267391285,
            -0.07297321886736848,
            -0.2414525655287476,
            0.2284049117036685,
            0.1851794203775225,
            -0.02080988177695153,
            -0.34284497891765053,
            0.023687626254965014
        ],
        [
            0.1033354182309412,
            0.034921080893600805,
            0.016051762235903322,
            0.14281994356813582,
            0.38917167350540816,
            0.0,
            0.0,
            0.0,
            0.0,
            1.0000000000000004,
            0.20673890873494744,
            0.061457041994771845,
            -0.007877180026912655,
            -0.2414525655287476,
            0.4125263671259503,
            -0.012472319504473956,
            -0.010111940585578318,
            0.0011363481303292003,
            0.023687626254965014,
            0.08965174723325195
        ],
        [
            0.1358877925137948,
            0.3223707073317298,
            0.013513251894240387,
            0.17742851873806342,
            0.01323190297222578,
            0.5885394538835045,
            0.5719129628355915,
            0.016344984849899293,
            0.5010090555317018,
            0.2067389087349475,
            0.9999999999999999,
            0.6848602514927513,
            0.0,
            0.0,
            0.0,
            0.5420671177709757,
            0.554916884856381,
            -0.02952830438925624,
            -0.4710677312434487,
            0.2367015343824955
        ],
        [
            0.3223707073317298,
            0.6250226470679708,
            0.013534928400537187,
            0.17771313049796825,
            0.013253128168821,
            0.5719129628355915,
            0.8937881523602772,
            0.004858855193107473,
            0.1489343963068329,
            0.061457041994771866,
            0.6848602514927513,
            1.0000000000000002,
            0.0,
            0.0,
            0.0,
            0.554916884856381,
            0.877138917180689,
            -0.00943106312409404,
            -0.1504546096015318,
            0.0756002472374765
        ],
        [
            -0.013513251894240382,
            -0.013534928400537178,
            0.058824585786817936,
            -0.025635482410673954,
            -0.001911790834510694,
            -0.01634498484989929,
            -0.004858855193107465,
            0.5115377963184111,
            -0.019089481267391285,
            -0.007877180026912655,
            0.0,
            0.0,
            1.0000000000000004,
            0.0,
            0.0,
            0.02952830438925624,
            0.00943106312409405,
            0.45563428109863896,
            -0.035689435320268685,
            0.017933183576920943
        ],
        [
            -0.17742851873806328,
            -0.17771313049796816,
            -0.025635482410673965,
            -0.27581594917397845,
            -0.025101745942352694,
            -0.5010090555317017,
            -0.14893439630683283,
            -0.019089481267391285,
            -0.07297321886736848,
            -0.2414525655287476,
            0.0,
            0.0,
            0.0,
            1.0000000000000004,
            0.0,
            0.4710677312434487,
            0.15045460960153179,
            -0.035689435320268685,
            -0.11148538484848466,
            0.2860897121009801
        ],
        [
            -0.013231902972225774,
            -0.013253128168821007,
            -0.001911790834510694,
            -0.025101745942352684,
            0.05890503995847343,
            -0.20673890873494744,
            -0.061457041994771845,
            -0.007877180026912655,
            -0.2414525655287476,
            0.4125263671259503,
            0.0,
            0.0,
            0.0,
            0.0,
            1.0000000000000004,
            -0.23670153438249542,
            -0.07560024723747645,
            0.017933183576920936,
            0.28608971210098,
            0.3141174229182626
        ],
        [
            0.016276020375938248,
            0.13230583736411042,
            0.0014231148558869371,
            0.01981268196868571,
            -0.0021981979515016746,
            0.1775042027924345,
            0.35924908308300196,
            0.010957091756632542,
            0.2284049117036685,
            -0.012472319504473956,
            0.5420671177709757,
            0.554916884856381,
            0.02952830438925624,
            0.4710677312434487,
            -0.2367015343824955,
            0.9999999999999999,
            0.6848602514927513,
            0.0,
            0.0,
            0.0
        ],
        [
            0.13230583736411042,
            0.3580657959076259,
            0.007246585251519195,
            0.10088735168029521,
            -0.011193354344786131,
            0.35924908308300196,
            0.6687592701037497,
            0.008883468772112034,
            0.18517942037752255,
            -0.01011194058557832,
            0.554916884856381,
            0.877138917180689,
            0.009431063124094051,
            0.1504546096015318,
            -0.0756002472374765,
            0.6848602514927513,
            1.0000000000000002,
            0.0,
            0.0,
            0.0
        ],
        [
            -0.0014231148558869363,
            -0.007246585251519189,
            0.002061716138130211,
            -0.0018994332386108367,
            0.0002107402854761266,
            -0.010957091756632538,
            -0.008883468772112033,
            0.08994694166833149,
            -0.020809881776951523,
            0.0011363481303292,
            -0.02952830438925624,
            -0.009431063124094061,
            0.45563428109863896,
            -0.035689435320268685,
            0.017933183576920943,
            0.0,
            0.0,
            1.0000000000000004,
            0.0,
            0.0
        ],
        [
            -0.01981268196868571,
            -0.10088735168029526,
            -0.0018994332386108378,
            -0.0242458627036165,
            0.002933937648712351,
            -0.2284049117036685,
            -0.18517942037752227,
            -0.020809881776951533,
            -0.34284497891765053,
            0.023687626254965014,
            -0.4710677312434487,
            -0.15045460960153179,
            -0.035689435320268685,
            -0.11148538484848466,
            0.2860897121009801,
            0.0,
            0.0,
            0.0,
            1.0000000000000004,
            0.0
        ],
        [
            0.002198197951501674,
            0.01119335434478613,
            0.00021074028547612663,
            0.002933937648712349,
            0.0018726319911418507,
            0.012472319504473956,
            0.010111940585578318,
            0.0011363481303292005,
            0.023687626254965014,
            0.08965174723325195,
            0.23670153438249542,
            0.07560024723747645,
            0.017933183576920936,
            0.28608971210098,
            0.3141174229182626,
            0.0,
            0.0,
            0.0,
            0.0,
            1.0000000000000004
        ]
    ],
    "h": [
        [
            -0.23883146218157747,
            -0.4564809785174013,
            -0.02857653016928945,
            -0.2592232717194867,
            0.04657230183735829,
            -0.5496318031064522,
            -0.4427268383194053,
            0.0062269212166568,
            0.039939033222412434,
            -0.031862464050042005,
            -0.26487254535357163,
            -0.3147448760744745,
            0.017654842737278586,
            0.31516476137085686,
            0.05714768376398715,
            -0.022315684604611502,
            -0.15059800372544158,
            0.005368269215753929,
            0.08802679747063928,
            -0.010055439441441062
        ],
        [
            -0.4564809785174013,
            -0.313586556429885,
            -0.02511026724783413,
            -0.23157708926291146,
            0.03846230992435169,
            -0.5353343112100515,
            -0.3702450038248013,
            0.01839073144539191,
            0.08838527264044493,
            -0.08527773358366203,
            -0.3582695235142315,
            -0.31948964616943165,
            0.008038334086312448,
            0.19697172419970743,
            0.08668217270107771,
            -0.15306358180857593,
            -0.2126295506996443,
            0.007832401829707944,
            0.1339381944150025,
            -0.03719303579572215
        ],
        [
            -0.02857653016928945,
            -0.02511026724783413,
            1.4930021258393047,
            -0.027067719195100058,
            0.004971649352868186,
            -0.008997154318010764,
            -0.023462849009135155,
            0.3118273458688555,
            -0.10740298947254306,
            0.018725725954615885,
            -0.023754112838577868,
            -0.01985804962360824,
            -0.04500456925728061,
            0.020500699941218642,
            0.006897392056039334,
            -0.006692867431625996,
            -0.012478265950832,
            -0.006254275801405982,
            0.009956770136149163,
            -0.001541683789255247
        ],
        [
            -0.2592232717194867,
            -0.23157708926291146,
            -0.027067719195100058,
            1.246892576834827,
            0.043352854178233875,
            -0.09823087951727849,
            -0.22302263673890688,
            -0.10347562039035105,
            -0.6428089934915868,
            0.15925794648086367,
            -0.2552423126552181,
            -0.1878924269900057,
            0.007174597423954265,
            0.13703374316335126,
            0.06873703350071794,
            -0.08496625761303672,
            -0.12942620169698313,
            0.00794995756137372,
            0.11569048400788914,
            -0.01953265616564174
        ],
        [
            0.04657230183735829,
            0.03846230992435169,
            0.004971649352868186,
            0.043352854178233875,
            1.4862428062619415,
            0.002673239633920077,
            0.032077492688603035,
            0.02173007592876497,
            0.1930504112372478,
            0.2839238143000118,
            0.015750907288276682,
            0.02871328054729256,
            -0.0018896455446267748,
            -0.03520097170138808,
            -0.053877980038838424,
            0.0047107062488629566,
            0.014246292023521703,
            -0.000760964426648773,
            -0.011986877897830492,
            -0.005757060137022782
        ],
        [
            -0.5496318031064522,
            -0.5353343112100515,
            -0.008997154318010764,
            -0.09823087951727849,
            0.002673239633920077,
            -0.462056783903277,
            -0.6144030630860282,
            0.0172555159285729,
            -0.027396680137427326,
            -0.1467738207780333,
            -0.5908697597653203,
            -0.549708371089306,
            0.002666720353585901,
            0.041274058834395944,
            0.04463848098827522,
            -0.3177769847715412,
            -0.38800634894969266,
            0.014971280782492838,
            0.27033621250813317,
            -0.07180463419285471
        ],
        [
            -0.4427268383194053,
            -0.3702450038248013,
            -0.023462849009135155,
            -0.22302263673890688,
            0.032077492688603035,
            -0.6144030630860282,
            -0.44876242994980364,
            0.013156155171510581,
            -0.0400022071678297,
            -0.11718552222359666,
            -0.5546883539444314,
            -0.4316374217293091,
            0.002993469130573436,
            0.132321651675962,
            0.14078149289820954,
            -0.3498197051123868,
            -0.3371918259089398,
            0.011898396679813095,
            0.2025998723524367,
            -0.07873758499574075
        ],
        [
            0.0062269212166568,
            0.01839073144539191,
            0.3118273458688555,
            -0.10347562039035105,
            0.02173007592876497,
            0.0172555159285729,
            0.013156155171510581,
            1.3896159713586613,
            -0.03912415858197443,
            0.0023197990716250583,
            -0.0007060513218507709,
            0.0023988449693530907,
            0.43898669502262677,
            -0.04236480209673361,
            -0.009568381227761935,
            -0.01553309114591823,
            -0.00555335869662435,
            -0.040144687600912304,
            0.0003686178505469956,
            -0.0034772064938266758
        ],
        [
            0.039939033222412434,
            0.08838527264044493,
            -0.10740298947254306,
            -0.6428089934915868,
            0.1930504112372478,
            -0.027396680137427326,
            -0.0400022071678297,
            -0.03912415858197443,
            0.8291270534031947,
            -0.04716663190179922,
            -0.08106484291846128,
            -0.15441225317443702,
            -0.03949430750422227,
            -0.5793102970436752,
            -0.29329649280643644,
            -0.34171867746938206,
            -0.21154054655266724,
            0.005928389800745039,
            0.031230912261745458,
            -0.08882649697419252
        ],
        [
            -0.031862464050042005,
            -0.08527773358366203,
            0.018725725954615885,
            0.15925794648086367,
            0.2839238143000118,
            -0.1467738207780333,
            -0.11718552222359666,
            0.0023197990716250583,
            -0.04716663190179922,
            1.3433541158445133,
            -0.015699782769110326,
            -0.09893862628911833,
            -0.010237568173790037,
            -0.32785199628280876,
            0.3059751054805616,
            -0.05109779636294839,
            -0.07475167515879219,
            0.004349535632492673,
            0.07767300385093637,
            -0.06317417877825629
        ],
        [
            -0.26487254535357163,
            -0.3582695235142315,
            -0.023754112838577868,
            -0.2552423126552181,
            0.015750907288276682,
            -0.5908697597653203,
            -0.5546883539444314,
            -0.0007060513218507709,
            -0.08106484291846128,
            -0.015699782769110326,
            -0.4871403881033176,
            -0.6187607319655211,
            -0.006825113029295474,
            0.007978194597958926,
            0.21876186925897084,
            -0.5936012620353504,
            -0.5575084766756953,
            0.005827703006439443,
            0.1146347309514506,
            -0.023404653071102677
        ],
        [
            -0.3147448760744745,
            -0.31948964616943165,
            -0.01985804962360824,
            -0.1878924269900057,
            0.02871328054729256,
            -0.549708371089306,
            -0.4316374217293091,
            0.0023988449693530907,
            -0.15441225317443702,
            -0.09893862628911833,
            -0.6187607319655211,
            -0.44206817243415286,
            -0.003764223051927208,
            0.029743361113024412,
            0.17420746899871642,
            -0.4694043752147993,
            -0.380432583608761,
            0.013700956119095293,
            0.23609381133432067,
            -0.0910439196104769
        ],
        [
            0.017654842737278586,
            0.008038334086312448,
            -0.04500456925728061,
            0.007174597423954265,
            -0.0018896455446267748,
            0.002666720353585901,
            0.002993469130573436,
            0.43898669502262677,
            -0.03949430750422227,
            -0.010237568173790037,
            -0.006825113029295474,
            -0.003764223051927208,
            1.3800517380036,
            -0.025759223138248813,
            0.0034707315857989522,
            -0.003290325972475444,
            -0.008316992780364959,
            0.36767161809047344,
            -0.049825412036877834,
            0.024610812255742825
        ],
        [
            0.31516476137085686,
            0.19697172419970743,
            0.020500699941218642,
            0.13703374316335126,
            -0.03520097170138808,
            0.041274058834395944,
            0.132321651675962,
            -0.04236480209673361,
            -0.5793102970436752,
            -0.32785199628280876,
            0.007978194597958926,
            0.029743361113024412,
            -0.025759223138248813,
            0.8648483855274507,
            0.008237152400333549,
            -0.016720892674166654,
            -0.07255812230574193,
            -0.05209427002026179,
            -0.46587108764251683,
            0.40095652257536585
        ],
        [
            0.05714768376398715,
            0.08668217270107771,
            0.006897392056039334,
            0.06873703350071794,
            -0.053877980038838424,
            0.04463848098827522,
            0.14078149289820954,
            -0.009568381227761935,
            -0.29329649280643644,
            0.3059751054805616,
            0.21876186925897084,
            0.17420746899871642,
            0.0034707315857989522,
            0.008237152400333549,
            1.2878408422058634,
            0.04877898837194011,
            0.14399386259100044,
            0.02214990951959265,
            0.34317107603118924,
            0.18096388815025394
        ],
        [
            -0.022315684604611502,
            -0.15306358180857593,
            -0.006692867431625996,
            -0.08496625761303672,
            0.0047107062488629566,
            -0.3177769847715412,
            -0.3498197051123868,
            -0.01553309114591823,
            -0.34171867746938206,
            -0.05109779636294839,
            -0.5936012620353504,
            -0.4694043752147993,
            -0.003290325972475444,
            -0.016720892674166654,
            0.04877898837194011,
            -0.28055042721225276,
            -0.4765869670328837,
            0.016089481220016803,
            0.2691032766213047,
            -0.12207456155577318
        ],
        [
            -0.15059800372544158,
            -0.2126295506996443,
            -0.012478265950832,
            -0.12942620169698313,
            0.014246292023521703,
            -0.38800634894969266,
            -0.3371918259089398,
            -0.00555335869662435,
            -0.21154054655266724,
            -0.07475167515879219,
            -0.5575084766756953,
            -0.380432583608761,
            -0.008316992780364959,
            -0.07255812230574193,
            0.14399386259100044,
            -0.4765869670328837,
            -0.3265467016602117,
            0.013934292778722263,
            0.23632895409864382,
            -0.10037111814662734
        ],
        [
            0.005368269215753929,
            0.007832401829707944,
            -0.006254275801405982,
            0.00794995756137372,
            -0.000760964426648773,
            0.014971280782492838,
            0.011898396679813095,
            -0.040144687600912304,
            0.005928389800745039,
            0.004349535632492673,
            0.005827703006439443,
            0.013700956119095293,
            0.36767161809047344,
            -0.05209427002026179,
            0.02214990951959265,
            0.016089481220016803,
            0.013934292778722263,
            1.468137020363983,
            -0.014760895644722643,
            0.006549236576141026
        ],
        [
            0.08802679747063928,
            0.1339381944150025,
            0.009956770136149163,
            0.11569048400788914,
            -0.011986877897830492,
            0.27033621250813317,
            0.2025998723524367,
            0.0003686178505469956,
            0.031230912261745458,
            0.07767300385093637,
            0.1146347309514506,
            0.23609381133432067,
            -0.049825412036877834,
            -0.46587108764251683,
            0.34317107603118924,
            0.2691032766213047,
            0.23632895409864382,
            -0.014760895644722643,
            1.222060055019557,
            0.1054736606510478
        ],
        [
            -0.010055439441441062,
            -0.03719303579572215,
            -0.001541683789255247,
            -0.01953265616564174,
            -0.005757060137022782,
            -0.07180463419285471,
            -0.07873758499574075,
            -0.0034772064938266758,
            -0.08882649697419252,
            -0.06317417877825629,
            -0.023404653071102677,
            -0.0910439196104769,
            0.024610812255742825,
            0.40095652257536585,
            0.18096388815025394,
            -0.12207456155577318,
            -0.10037111814662734,
            0.006549236576141026,
            0.1054736606510478,
            1.4169574752290939
        ]
    ]
}