{
    "HF": -2.1736167444786503,
    "coordinates": [
        [
            0.643604,
            0.08447,
            0.1485
        ],
        [
            1.377902,
            0.007324,
            -0.155614
        ],
        [
            2.211844,
            0.18712,
            -0.082142
        ],
        [
            2.866973,
            -0.187486,
            -0.110826
        ]
    ],
    "elements": [
        "H",
        "H",
        "H",
        "H"
    ],
    "Enn": 2.9014459281623006,
    "S": [
        [
            0.9999999999999999,
            0.6848602514927513,
            0.0,
            0.0,
            0.0,
            0.5240296427871588,
            0.54800895998932,
            0.19831851258834812,
            -0.4788496654432181,
            0.05030837111129609,
            0.09955961726114201,
            0.2837791037857736,
            0.019179649562842987,
            -0.13041117242493946,
            -0.008536134041613548,
            0.012060041349146148,
            0.11634209571163528,
            0.001654838950698825,
            -0.014188001291718905,
            0.0017354348645189832
        ],
        [
            0.6848602514927513,
            1.0000000000000002,
            0.0,
            0.0,
            0.0,
            0.54800895998932,
            0.8703166348736779,
            0.06523488394372841,
            -0.1575127906315128,
            0.016548433668699476,
            0.28377910378577365,
            0.5771682662193115,
            0.024484801025443426,
            -0.16648331336071237,
            -0.010897255596386468,
            0.11634209571163533,
            0.33035111742861667,
            0.010587534953712712,
            -0.0907737635350921,
            0.011103181539343891
        ],
        [
            0.0,
            0.0,
            1.0000000000000004,
            0.0,
            0.0,
            -0.19831851258834804,
            -0.06523488394372835,
            0.332114889095821,
            0.2533826380119687,
            -0.02662060497518901,
            -0.01917964956284298,
            -0.024484801025443415,
            0.03258755606308557,
            0.03550425649897745,
            0.0023239503708743785,
            -0.0016548389506988261,
            -0.010587534953712712,
            0.0011226321555066602,
            0.002035909836423412,
            -0.00024902654281604424
        ],
        [
            0.0,
            0.0,
            0.0,
            1.0000000000000004,
            0.0,
            0.47884966544321805,
            0.15751279063151277,
            0.2533826380119687,
            -0.17474981075951623,
            0.06427674159055925,
            0.13041117242493946,
            0.1664833133607122,
            0.03550425649897745,
            -0.20360042132996767,
            -0.015801596975485974,
            0.014188001291718915,
            0.09077376353509205,
            0.002035909836423412,
            -0.0160950741198336,
            0.002135065112924912
        ],
        [
            0.0,
            0.0,
            0.0,
            0.0,
            1.0000000000000004,
            -0.05030837111129609,
            -0.01654843366869947,
            -0.02662060497518901,
            0.06427674159055925,
            0.4303018841164075,
            0.008536134041613552,
            0.010897255596386463,
            0.0023239503708743776,
            -0.01580159697548597,
            0.03677488631732186,
            -0.0017354348645189839,
            -0.011103181539343893,
            -0.00024902654281604413,
            0.002135065112924911,
            0.0010989386464174045
        ],
        [
            0.5240296427871588,
            0.54800895998932,
            -0.19831851258834812,
            0.47884966544321805,
            -0.05030837111129609,
            0.9999999999999999,
            0.6848602514927513,
            0.0,
            0.0,
            0.0,
            0.4792017748467088,
            0.5300130038501172,
            -0.04278326956885967,
            -0.4856103738947353,
            -0.10469649302322917,
            0.1247780100374905,
            0.3113387700550904,
            -0.004902980134868837,
            -0.16300985827474487,
            0.021326015005666644
        ],
        [
            0.54800895998932,
            0.8703166348736779,
            -0.06523488394372841,
            0.1575127906315128,
            -0.016548433668699476,
            0.6848602514927513,
            1.0000000000000002,
            0.0,
            0.0,
            0.0,
            0.5300130038501172,
            0.8523883021603228,
            -0.015208407736235203,
            -0.17262263126594454,
            -0.037217047002179704,
            0.3113387700550904,
            0.6115757099573412,
            -0.005250347203739188,
            -0.17455880505981752,
            0.022836923701894055
        ],
        [
            0.19831851258834804,
            0.06523488394372835,
            0.332114889095821,
            0.2533826380119687,
            -0.02662060497518901,
            0.0,
            0.0,
            1.0000000000000004,
            0.0,
            0.0,
            0.04278326956885965,
            0.015208407736235196,
            0.3806608079908334,
            -0.0614125974073293,
            -0.013240416435972978,
            0.004902980134868833,
            0.005250347203739173,
            0.0531111584010806,
            -0.009244057301043492,
            0.001209367990388828
        ],
        [
            -0.47884966544321805,
            -0.15751279063151277,
            0.2533826380119687,
            -0.17474981075951623,
            0.06427674159055925,
            0.0,
            0.0,
            0.0,
            1.0000000000000004,
            0.0,
            0.48561037389473494,
            0.17262263126594446,
            -0.061412597407329336,
            -0.31099068490488724,
            -0.15028499786923163,
            0.16300985827474482,
            0.17455880505981763,
            -0.009244057301043494,
            -0.2539488743656363,
            0.04020797541342062
        ],
        [
            0.05030837111129609,
            0.016548433668699458,
            -0.02662060497518901,
            0.06427674159055925,
            0.4303018841164075,
            0.0,
            0.0,
            0.0,
            0.0,
            1.0000000000000004,
            0.10469649302322911,
            0.03721704700217968,
            -0.013240416435972978,
            -0.15028499786923152,
            0.3536702797284541,
            -0.02132601500566664,
            -0.022836923701894028,
            0.001209367990388828,
            0.04020797541342061,
            0.04812892931201141
        ],
        [
            0.09955961726114201,
            0.2837791037857736,
            -0.019179649562842987,
            0.13041117242493946,
            0.008536134041613552,
            0.4792017748467088,
            0.5300130038501172,
            0.04278326956885967,
            0.4856103738947353,
            0.10469649302322917,
            0.9999999999999999,
            0.6848602514927513,
            0.0,
            0.0,
            0.0,
            0.5584797601453828,
            0.5610476252044121,
            0.020274776671486777,
            -0.46306631453125335,
            0.2647836072304762
        ],
        [
            0.28377910378577365,
            0.5771682662193115,
            -0.024484801025443426,
            0.16648331336071237,
            0.010897255596386468,
            0.5300130038501172,
            0.8523883021603228,
            0.015208407736235203,
            0.17262263126594454,
            0.037217047002179704,
            0.6848602514927513,
            1.0000000000000002,
            0.0,
            0.0,
            0.0,
            0.5610476252044121,
            0.8831666281126687,
            0.006309348827805184,
            -0.14410254456181754,
            0.08239854716876269
        ],
        [
            0.01917964956284298,
            0.024484801025443415,
            0.03258755606308557,
            0.03550425649897745,
            0.0023239503708743776,
            -0.04278326956885965,
            -0.015208407736235219,
            0.3806608079908334,
            -0.061412597407329336,
            -0.013240416435972978,
            0.0,
            0.0,
            1.0000000000000004,
            0.0,
            0.0,
            -0.020274776671486784,
            -0.006309348827805183,
            0.4759250898505572,
            0.023268369457064845,
            -0.013304968653247274
        ],
        [
            -0.13041117242493946,
            -0.16648331336071232,
            0.03550425649897745,
            -0.20360042132996767,
            -0.01580159697548597,
            -0.48561037389473516,
            -0.17262263126594446,
            -0.0614125974073293,
            -0.3109906849048871,
            -0.15028499786923152,
            0.0,
            0.0,
            0.0,
            1.0000000000000004,
            0.0,
            0.46306631453125346,
            0.1441025445618175,
            0.023268369457064845,
            -0.05449469240340249,
            0.30387919428368554
        ],
        [
            -0.008536134041613548,
            -0.010897255596386463,
            0.0023239503708743785,
            -0.015801596975485974,
            0.036774886317321856,
            -0.10469649302322911,
            -0.03721704700217968,
            -0.013240416435972978,
            -0.15028499786923163,
            0.3536702797284541,
            0.0,
            0.0,
            0.0,
            0.0,
            1.0000000000000004,
            -0.2647836072304762,
            -0.08239854716876263,
            -0.013304968653247274,
            0.30387919428368554,
            0.3031842410340221
        ],
        [
            0.012060041349146148,
            0.11634209571163528,
            -0.001654838950698825,
            0.014188001291718905,
            -0.0017354348645189832,
            0.1247780100374905,
            0.3113387700550904,
            0.004902980134868833,
            0.16300985827474482,
            -0.021326015005666644,
            0.5584797601453828,
            0.5610476252044121,
            -0.020274776671486777,
            0.46306631453125335,
            -0.2647836072304762,
            0.9999999999999999,
            0.6848602514927513,
            0.0,
            0.0,
            0.0
        ],
        [
            0.11634209571163533,
            0.33035111742861667,
            -0.010587534953712712,
            0.0907737635350921,
            -0.011103181539343896,
            0.3113387700550904,
            0.6115757099573412,
            0.0052503472037391755,
            0.17455880505981772,
            -0.022836923701894055,
            0.5610476252044121,
            0.8831666281126687,
            -0.006309348827805184,
            0.14410254456181754,
            -0.08239854716876269,
            0.6848602514927513,
            1.0000000000000002,
            0.0,
            0.0,
            0.0
        ],
        [
            0.0016548389506988261,
            0.010587534953712712,
            0.0011226321555066602,
            0.002035909836423412,
            -0.00024902654281604424,
            -0.004902980134868833,
            -0.005250347203739185,
            0.0531111584010806,
            -0.009244057301043494,
            0.001209367990388828,
            0.020274776671486784,
            0.006309348827805183,
            0.4759250898505572,
            0.023268369457064845,
            -0.013304968653247274,
            0.0,
            0.0,
            1.0000000000000004,
            0.0,
            0.0
        ],
        [
            -0.014188001291718915,
            -0.0907737635350921,
            0.002035909836423412,
            -0.0160950741198336,
            0.002135065112924912,
            -0.16300985827474476,
            -0.17455880505981744,
            -0.009244057301043492,
            -0.2539488743656364,
            0.04020797541342061,
            -0.46306631453125346,
            -0.1441025445618175,
            0.023268369457064845,
            -0.05449469240340249,
            0.30387919428368554,
            0.0,
            0.0,
            0.0,
            1.0000000000000004,
            0.0
        ],
        [
            0.0017354348645189839,
            0.011103181539343891,
            -0.00024902654281604413,
            0.002135065112924911,
            0.0010989386464174045,
            0.02132601500566664,
            0.02283692370189402,
            0.001209367990388828,
            0.04020797541342062,
            0.04812892931201141,
            0.2647836072304762,
            0.08239854716876263,
            -0.013304968653247274,
            0.30387919428368554,
            0.3031842410340221,
            0.0,
            0.0,
            0.0,
            0.0,
            1.0000000000000004
        ]
    ],
    "h": [
        [
            -0.2456021216741331,
            -0.45873801292154925,
            0.10147601203300154,
            -0.2510889800869608,
            0.022723936426884514,
            -0.5553319959019081,
            -0.4510667617063018,
            -0.019442034851096968,
            0.030117707727598475,
            -0.014441207499276354,
            -0.20749080390812075,
            -0.29149068292194685,
            -0.00914105696115549,
            0.27388269174892277,
            0.025537334233396335,
            -0.012952631451781209,
            -0.13678424839317385,
            -0.0031397217208867026,
            0.06369010256636115,
            -0.008807877684178657
        ],
        [
            -0.45873801292154925,
            -0.3098847233194215,
            0.08595174734577682,
            -0.21840153624617703,
            0.01830428871652883,
            -0.5200951514149819,
            -0.3643828466629009,
            -0.08475348895934111,
            0.10072172468188581,
            -0.03985544180222464,
            -0.3038141515694196,
            -0.2994839367510682,
            0.008712817538371477,
            0.16452965323232555,
            0.0500705168959788,
            -0.13741792954643756,
            -0.19685509954159974,
            -0.003473118572049072,
            0.10967979871784803,
            -0.03854323653587958
        ],
        [
            0.10147601203300154,
            0.08595174734577682,
            1.4575134233247538,
            0.08904869074313893,
            -0.00879494057144607,
            0.018680124431803613,
            0.07749097546893942,
            0.2125495410242466,
            0.3523182551407477,
            -0.033411099267508,
            0.052170738021904806,
            0.05960076833675773,
            -0.041404589575939885,
            -0.06821593981237702,
            -0.009963396709060355,
            0.009281537007558485,
            0.03176757808800525,
            -0.003705968527189022,
            -0.01504940056506057,
            0.0026667477355880737
        ],
        [
            -0.2510889800869608,
            -0.21840153624617703,
            0.08904869074313893,
            1.2689031662218495,
            0.020191888979420907,
            -0.06715907335114302,
            -0.20653842946638595,
            0.3363609476765134,
            -0.5123739352068677,
            0.07546130993674229,
            -0.20403979236354247,
            -0.16147219851040012,
            -0.0030381598288751477,
            0.17851508575658115,
            0.034910461298062016,
            -0.061446421956222734,
            -0.10733720330279642,
            -0.006398036232027856,
            0.08087905848931291,
            -0.016016648785294175
        ],
        [
            0.022723936426884514,
            0.01830428871652883,
            -0.00879494057144607,
            0.020191888979420907,
            1.4914400434288078,
            -0.0004051718013719785,
            0.01521978435833261,
            -0.03719360936064307,
            0.08850059439810638,
            0.3446638836639998,
            0.00185144285275206,
            0.012095936890037046,
            -0.0003112667075204122,
            -0.007115004035656687,
            -0.04278922731545885,
            0.002928857934787012,
            0.006637563975909071,
            0.0006107033504527307,
            -0.0073990505666474676,
            -0.0036626634873253667
        ],
        [
            -0.5553319959019081,
            -0.5200951514149819,
            0.018680124431803613,
            -0.06715907335114302,
            -0.0004051718013719785,
            -0.3883066687713361,
            -0.5749492441372483,
            -0.11248988057640757,
            0.05038011299489201,
            -0.06380034526854944,
            -0.4734439935769271,
            -0.47861662231564195,
            -0.0019593140607229026,
            0.06237764146107583,
            0.034628450374652286,
            -0.2424555993833894,
            -0.32399760788460624,
            -0.0007443607891013688,
            0.21867887685713897,
            -0.06766333872238103
        ],
        [
            -0.4510667617063018,
            -0.3643828466629009,
            0.07749097546893942,
            -0.20653842946638595,
            0.01521978435833261,
            -0.5749492441372483,
            -0.42998485765858163,
            -0.09293752432836432,
            0.005004722697134326,
            -0.053318553473806034,
            -0.48512816794923364,
            -0.40342234578466907,
            0.01422823713528511,
            0.10434673089242935,
            0.09550829878194403,
            -0.31734897611348384,
            -0.3129571365000079,
            -0.004639426025575627,
            0.1712248944459318,
            -0.08198404257317149
        ],
        [
            -0.019442034851096968,
            -0.08475348895934111,
            0.2125495410242466,
            0.3363609476765134,
            -0.03719360936064307,
            -0.11248988057640757,
            -0.09293752432836432,
            1.3856406550034797,
            0.07362666130013501,
            -0.013252207765299824,
            -0.018253397339458646,
            -0.0549470228368989,
            0.26335533507753134,
            -0.05220955940931375,
            -0.014271077823581765,
            -0.008957037680641652,
            -0.026812708708483055,
            -0.04443468488268859,
            0.015087212873955112,
            -0.005143041408689741
        ],
        [
            0.030117707727598475,
            0.10072172468188581,
            0.3523182551407477,
            -0.5123739352068677,
            0.08850059439810638,
            0.05038011299489201,
            0.005004722697134326,
            0.07362666130013501,
            0.9568679503162554,
            -0.014979279163831408,
            -0.08609942876272425,
            -0.11856440841084559,
            -0.07100604755975759,
            -0.760110756247869,
            -0.1527242265052246,
            -0.29682636746277546,
            -0.17212859386137516,
            -0.004115147167423382,
            0.1303970108686866,
            -0.0859389863423307
        ],
        [
            -0.014441207499276354,
            -0.03985544180222464,
            -0.033411099267508,
            0.07546130993674229,
            0.3446638836639998,
            -0.06380034526854944,
            -0.053318553473806034,
            -0.013252207765299824,
            -0.014979279163831408,
            1.411796777075707,
            -0.00445710842503283,
            -0.04003566620874502,
            -0.017707166497750202,
            -0.1854675665658742,
            0.23010692060874893,
            -0.009512591364239889,
            -0.03093166665072191,
            -0.00019455992127494345,
            0.025216971572175548,
            -0.052860929471856485
        ],
        [
            -0.20749080390812075,
            -0.3038141515694196,
            0.052170738021904806,
            -0.20403979236354247,
            0.00185144285275206,
            -0.4734439935769271,
            -0.48512816794923364,
            -0.018253397339458646,
            -0.08609942876272425,
            -0.00445710842503283,
            -0.417150196897893,
            -0.583504919877781,
            0.027938407294860055,
            -0.06452398650280816,
            0.17727365025762504,
            -0.5898730165110418,
            -0.5387848461410369,
            0.0015548721356991105,
            0.07193638712337669,
            -0.02152439956593971
        ],
        [
            -0.29149068292194685,
            -0.2994839367510682,
            0.05960076833675773,
            -0.16147219851040012,
            0.012095936890037046,
            -0.47861662231564195,
            -0.40342234578466907,
            -0.0549470228368989,
            -0.11856440841084559,
            -0.04003566620874502,
            -0.583504919877781,
            -0.4263297862722675,
            0.0216943508066475,
            -0.011442452737160741,
            0.14381079389821455,
            -0.47176502813580146,
            -0.3714085488410883,
            -0.005409061371973396,
            0.21611630852616137,
            -0.10603964423782927
        ],
        [
            -0.00914105696115549,
            0.008712817538371477,
            -0.041404589575939885,
            -0.0030381598288751477,
            -0.0003112667075204122,
            -0.0019593140607229026,
            0.01422823713528511,
            0.26335533507753134,
            -0.07100604755975759,
            -0.017707166497750202,
            0.027938407294860055,
            0.0216943508066475,
            1.411042508932754,
            -0.0038703179610825125,
            -0.009272599283066634,
            0.008620000744365024,
            0.018068693262770795,
            0.4064197908186008,
            0.025979374542348145,
            -0.01659791402182456
        ],
        [
            0.27388269174892277,
            0.16452965323232555,
            -0.06821593981237702,
            0.17851508575658115,
            -0.007115004035656687,
            0.06237764146107583,
            0.10434673089242935,
            -0.05220955940931375,
            -0.760110756247869,
            -0.1854675665658742,
            -0.06452398650280816,
            -0.011442452737160741,
            -0.0038703179610825125,
            0.9677437018103217,
            0.07750523602089242,
            -0.012251793789688215,
            -0.09165049585680712,
            0.03331012814312488,
            -0.37734865363960246,
            0.4350456552173607
        ],
        [
            0.025537334233396335,
            0.0500705168959788,
            -0.009963396709060355,
            0.034910461298062016,
            -0.04278922731545885,
            0.034628450374652286,
            0.09550829878194403,
            -0.014271077823581765,
            -0.1527242265052246,
            0.23010692060874893,
            0.17727365025762504,
            0.14381079389821455,
            -0.009272599283066634,
            0.07750523602089242,
            1.337040637710538,
            0.02784423690977378,
            0.12661034489639067,
            -0.019510954918356496,
            0.404284466233908,
            0.1687288555133173
        ],
        [
            -0.012952631451781209,
            -0.13741792954643756,
            0.009281537007558485,
            -0.061446421956222734,
            0.002928857934787012,
            -0.2424555993833894,
            -0.31734897611348384,
            -0.008957037680641652,
            -0.29682636746277546,
            -0.009512591364239889,
            -0.5898730165110418,
            -0.47176502813580146,
            0.008620000744365024,
            -0.012251793789688215,
            0.02784423690977378,
            -0.28047174205252623,
            -0.4747896436281118,
            -0.008531076134173655,
            0.26176851877606694,
            -0.14289586932922266
        ],
        [
            -0.13678424839317385,
            -0.19685509954159974,
            0.03176757808800525,
            -0.10733720330279642,
            0.006637563975909071,
            -0.32399760788460624,
            -0.3129571365000079,
            -0.026812708708483055,
            -0.17212859386137516,
            -0.03093166665072191,
            -0.5387848461410369,
            -0.3714085488410883,
            0.018068693262770795,
            -0.09165049585680712,
            0.12661034489639067,
            -0.4747896436281118,
            -0.3189050531709776,
            -0.006449087668469945,
            0.22269676860329735,
            -0.11637361700746422
        ],
        [
            -0.0031397217208867026,
            -0.003473118572049072,
            -0.003705968527189022,
            -0.006398036232027856,
            0.0006107033504527307,
            -0.0007443607891013688,
            -0.004639426025575627,
            -0.04443468488268859,
            -0.004115147167423382,
            -0.00019455992127494345,
            0.0015548721356991105,
            -0.005409061371973396,
            0.4064197908186008,
            0.03331012814312488,
            -0.019510954918356496,
            -0.008531076134173655,
            -0.006449087668469945,
            1.4754934878240245,
            0.00753040240594118,
            -0.004791996338966395
        ],
        [
            0.06369010256636115,
            0.10967979871784803,
            -0.01504940056506057,
            0.08087905848931291,
            -0.0073990505666474676,
            0.21867887685713897,
            0.1712248944459318,
            0.015087212873955112,
            0.1303970108686866,
            0.025216971572175548,
            0.07193638712337669,
            0.21611630852616137,
            0.025979374542348145,
            -0.37734865363960246,
            0.404284466233908,
            0.26176851877606694,
            0.22269676860329735,
            0.00753040240594118,
            1.2498078637909122,
            0.11905917636036072
        ],
        [
            -0.008807877684178657,
            -0.03854323653587958,
            0.0026667477355880737,
            -0.016016648785294175,
            -0.0036626634873253667,
            -0.06766333872238103,
            -0.08198404257317149,
            -0.005143041408689741,
            -0.0859389863423307,
            -0.052860929471856485,
            -0.02152439956593971,
            -0.10603964423782927,
            -0.01659791402182456,
            0.4350456552173607,
            0.1687288555133173,
            -0.14289586932922266,
            -0.11637361700746422,
            -0.004791996338966395,
            0.11905917636036072,
            1.409014971207578
        ]
    ]
}