{
    "HF": -2.1321312938500823,
    "coordinates": [
        [
            0.747433,
            0.139888,
            -0.163852
        ],
        [
            1.505115,
            -0.167399,
            0.134975
        ],
        [
            2.246846,
            -0.081767,
            0.156941
        ],
        [
            2.919044,
            0.018009,
            0.197267
        ]
    ],
    "elements": [
        "H",
        "H",
        "H",
        "H"
    ],
    "Enn": 3.0459465843601654,
    "S": [
        [
            0.9999999999999999,
            0.6848602514927513,
            0.0,
            0.0,
            0.0,
            0.4683651582248307,
            0.5254729680518718,
            -0.16904250957178393,
            -0.4286107571851552,
            0.1738282204713254,
            0.11048268466443147,
            0.2961958240366332,
            -0.030278549567544784,
            -0.1415244436216533,
            0.020921254218122395,
            0.014452676458812314,
            0.1257391334255179,
            -0.002874901390019073,
            -0.01728839380503576,
            0.0009702898670912762
        ],
        [
            0.6848602514927513,
            1.0000000000000002,
            0.0,
            0.0,
            0.0,
            0.5254729680518718,
            0.8478289329820772,
            -0.06129042647702446,
            -0.15540313597487795,
            0.06302560103620294,
            0.2961958240366332,
            0.5928199552733839,
            -0.035652020465150765,
            -0.16664049078911658,
            0.024634105470515227,
            0.1257391334255179,
            0.34682684033525985,
            -0.01602500920184881,
            -0.09636736438081646,
            0.005408499958496033
        ],
        [
            0.0,
            0.0,
            1.0000000000000004,
            0.0,
            0.0,
            0.16904250957178385,
            0.06129042647702443,
            0.2872395720041758,
            -0.2197994169852054,
            0.08914228323641425,
            0.030278549567544777,
            0.03565202046515075,
            0.03249740437576993,
            -0.055376005801839025,
            0.008186115877351088,
            0.0028749013900190726,
            0.016025009201848784,
            0.0012023085527198428,
            -0.0037007398230525963,
            0.00020769947697530885
        ],
        [
            0.0,
            0.0,
            0.0,
            1.0000000000000004,
            0.0,
            0.428610757185155,
            0.1554031359748777,
            -0.21979941698520544,
            -0.1833782837208967,
            0.22602209120036956,
            0.14152444362165323,
            0.16664049078911655,
            -0.05537600580183899,
            -0.21448716467987725,
            0.03826258230699118,
            0.01728839380503576,
            0.09636736438081639,
            -0.003700739823052597,
            -0.020436915633087326,
            0.0012490133969517735
        ],
        [
            0.0,
            0.0,
            0.0,
            0.0,
            1.0000000000000004,
            -0.17382822047132535,
            -0.06302560103620287,
            0.08914228323641422,
            0.22602209120036942,
            0.28226169215583585,
            -0.020921254218122395,
            -0.024634105470515224,
            0.008186115877351088,
            0.038262582306991214,
            0.03868858875788026,
            -0.0009702898670912762,
            -0.0054084999584960314,
            0.00020769947697530893,
            0.0012490133969517737,
            0.0017476083142120458
        ],
        [
            0.4683651582248307,
            0.5254729680518718,
            0.16904250957178393,
            0.42861075718515507,
            -0.1738282204713254,
            0.9999999999999999,
            0.6848602514927513,
            0.0,
            0.0,
            0.0,
            0.5650932251358559,
            0.5634776824253143,
            -0.0157591158708905,
            -0.5321417087331101,
            -0.061435154796325955,
            0.1506143751267793,
            0.3361498136425397,
            -0.008581670429565716,
            -0.19479022488931852,
            -0.02554277196116549
        ],
        [
            0.5254729680518718,
            0.8478289329820772,
            0.06129042647702446,
            0.15540313597487795,
            -0.06302560103620294,
            0.6848602514927513,
            1.0000000000000002,
            0.0,
            0.0,
            0.0,
            0.5634776824253143,
            0.8855489037846763,
            -0.004853995598556815,
            -0.16390599150109933,
            -0.018922760224693486,
            0.3361498136425397,
            0.6415756440992526,
            -0.007926413640464832,
            -0.17991694137688313,
            -0.02359244365650976
        ],
        [
            -0.16904250957178385,
            -0.06129042647702443,
            0.2872395720041758,
            -0.21979941698520544,
            0.08914228323641425,
            0.0,
            0.0,
            1.0000000000000004,
            0.0,
            0.0,
            0.0157591158708905,
            0.004853995598556813,
            0.48405460189394367,
            -0.02050068031238948,
            -0.002366780216157253,
            0.008581670429565714,
            0.00792641364046483,
            0.07030556029860988,
            -0.016239733990988898,
            -0.002129510463256124
        ],
        [
            -0.4286107571851551,
            -0.15540313597487787,
            -0.2197994169852054,
            -0.18337828372089696,
            0.22602209120036948,
            0.0,
            0.0,
            0.0,
            1.0000000000000004,
            0.0,
            0.5321417087331101,
            0.16390599150109894,
            -0.02050068031238948,
            -0.20758949186968043,
            -0.0799196147004706,
            0.1947902248893185,
            0.1799169413768833,
            -0.016239733990988874,
            -0.2975950303051501,
            -0.04833648943365547
        ],
        [
            0.17382822047132535,
            0.06302560103620287,
            0.08914228323641422,
            0.22602209120036948,
            0.28226169215583585,
            0.0,
            0.0,
            0.0,
            0.0,
            1.0000000000000004,
            0.061435154796325955,
            0.01892276022469346,
            -0.002366780216157253,
            -0.0799196147004706,
            0.47543509090911396,
            0.02554277196116549,
            0.02359244365650974,
            -0.0021295104632561225,
            -0.048336489433655525,
            0.06468267094338163
        ],
        [
            0.11048268466443147,
            0.2961958240366332,
            0.030278549567544784,
            0.14152444362165334,
            -0.020921254218122395,
            0.5650932251358559,
            0.5634776824253143,
            0.0157591158708905,
            0.5321417087331101,
            0.061435154796325955,
            0.9999999999999999,
            0.6848602514927513,
            0.0,
            0.0,
            0.0,
            0.6188178442435499,
            0.5824098472571551,
            -0.03244509386570097,
            -0.5408304122981812,
            -0.0802767863300149
        ],
        [
            0.2961958240366332,
            0.5928199552733839,
            0.035652020465150765,
            0.1666404907891167,
            -0.024634105470515227,
            0.5634776824253143,
            0.8855489037846763,
            0.004853995598556815,
            0.16390599150109933,
            0.018922760224693462,
            0.6848602514927513,
            1.0000000000000002,
            0.0,
            0.0,
            0.0,
            0.5824098472571551,
            0.9039767854295853,
            -0.009231075715639924,
            -0.15387369523140773,
            -0.02283985048365053
        ],
        [
            -0.030278549567544777,
            -0.03565202046515075,
            0.03249740437576993,
            -0.05537600580183902,
            0.008186115877351088,
            -0.0157591158708905,
            -0.004853995598556813,
            0.48405460189394367,
            -0.02050068031238948,
            -0.002366780216157253,
            0.0,
            0.0,
            1.0000000000000004,
            0.0,
            0.0,
            0.03244509386570097,
            0.009231075715639971,
            0.5456360963983512,
            -0.03856159649307059,
            -0.0057237924714036836
        ],
        [
            -0.14152444362165326,
            -0.16664049078911655,
            -0.055376005801839004,
            -0.21448716467987736,
            0.038262582306991186,
            -0.5321417087331101,
            -0.1639059915010993,
            -0.02050068031238948,
            -0.20758949186968043,
            -0.0799196147004706,
            0.0,
            0.0,
            0.0,
            1.0000000000000004,
            0.0,
            0.5408304122981812,
            0.15387369523140773,
            -0.03856159649307069,
            -0.09483753216848305,
            -0.09541045111572233
        ],
        [
            0.020921254218122395,
            0.024634105470515224,
            0.008186115877351088,
            0.03826258230699121,
            0.03868858875788026,
            -0.06143515479632596,
            -0.01892276022469346,
            -0.002366780216157253,
            -0.0799196147004706,
            0.47543509090911396,
            0.0,
            0.0,
            0.0,
            0.0,
            1.0000000000000004,
            0.08027678633001488,
            0.02283985048365053,
            -0.005723792471403691,
            -0.0954104511157222,
            0.5337874472944522
        ],
        [
            0.014452676458812314,
            0.1257391334255179,
            0.002874901390019073,
            0.017288393805035763,
            -0.0009702898670912762,
            0.1506143751267793,
            0.3361498136425397,
            0.008581670429565716,
            0.19479022488931852,
            0.02554277196116549,
            0.6188178442435499,
            0.5824098472571551,
            0.03244509386570097,
            0.5408304122981812,
            0.0802767863300149,
            0.9999999999999999,
            0.6848602514927513,
            0.0,
            0.0,
            0.0
        ],
        [
            0.1257391334255179,
            0.34682684033525985,
            0.01602500920184881,
            0.09636736438081649,
            -0.005408499958496033,
            0.3361498136425397,
            0.6415756440992526,
            0.007926413640464858,
            0.17991694137688333,
            0.02359244365650977,
            0.5824098472571551,
            0.9039767854295853,
            0.009231075715639971,
            0.15387369523140773,
            0.02283985048365053,
            0.6848602514927513,
            1.0000000000000002,
            0.0,
            0.0,
            0.0
        ],
        [
            -0.0028749013900190726,
            -0.016025009201848784,
            0.0012023085527198428,
            -0.0037007398230525963,
            0.00020769947697530888,
            -0.008581670429565714,
            -0.00792641364046483,
            0.07030556029860988,
            -0.016239733990988874,
            -0.0021295104632561217,
            -0.03244509386570097,
            -0.009231075715639971,
            0.5456360963983512,
            -0.0385615964930707,
            -0.005723792471403691,
            0.0,
            0.0,
            1.0000000000000004,
            0.0,
            0.0
        ],
        [
            -0.01728839380503576,
            -0.09636736438081642,
            -0.003700739823052597,
            -0.020436915633087326,
            0.0012490133969517737,
            -0.19479022488931852,
            -0.1799169413768835,
            -0.016239733990988898,
            -0.2975950303051501,
            -0.048336489433655504,
            -0.5408304122981812,
            -0.15387369523140773,
            -0.03856159649307058,
            -0.09483753216848305,
            -0.0954104511157222,
            0.0,
            0.0,
            0.0,
            1.0000000000000004,
            0.0
        ],
        [
            0.0009702898670912762,
            0.0054084999584960314,
            0.00020769947697530888,
            0.0012490133969517735,
            0.0017476083142120458,
            -0.02554277196116549,
            -0.02359244365650975,
            -0.0021295104632561243,
            -0.04833648943365549,
            0.06468267094338163,
            -0.08027678633001488,
            -0.022839850483650535,
            -0.005723792471403683,
            -0.09541045111572233,
            0.5337874472944522,
            0.0,
            0.0,
            0.0,
            0.0,
            1.0000000000000004
        ]
    ],
    "h": [
        [
            -0.20599554344290927,
            -0.43957862385372604,
            -0.07993426264191958,
            -0.20644615452322224,
            0.08183891747746144,
            -0.5176760521824195,
            -0.4266122336900111,
            0.022244599508747687,
            0.045451847253589306,
            -0.02371389109032407,
            -0.22485704992340425,
            -0.29094227795631844,
            0.034446381096611293,
            0.29244400842610263,
            -0.001401367490242715,
            -0.015601224455890822,
            -0.1388022772823136,
            0.008084406142595554,
            0.07544421027108264,
            0.0026699370989134597
        ],
        [
            -0.43957862385372604,
            -0.3046438582797968,
            -0.07238979883144825,
            -0.19051715818669973,
            0.07354747991266303,
            -0.509739708225964,
            -0.3622621287804646,
            0.06043817648071455,
            0.06322014552135674,
            -0.07615407983089206,
            -0.3329165582934356,
            -0.30613530439398107,
            0.013027363461439671,
            0.18675663345999752,
            0.008455940140521916,
            -0.14734795569242065,
            -0.20159656920521762,
            0.009320199147435312,
            0.13257749797894453,
            0.01487542276504613
        ],
        [
            -0.07993426264191958,
            -0.07238979883144825,
            1.4787853509503863,
            -0.0662624450770884,
            0.026154521396535818,
            -0.02691896322026205,
            -0.06564491598374682,
            0.1540310433722356,
            -0.2898429613292306,
            0.11154772205518479,
            -0.06099254516637679,
            -0.054635968169069446,
            -0.03693323480869651,
            0.06916881919579833,
            0.0013465014973128124,
            -0.014243834577181258,
            -0.03209596049176121,
            -0.0031966664752023357,
            0.02202657324623744,
            0.0006701023698169715
        ],
        [
            -0.20644615452322224,
            -0.19051715818669973,
            -0.0662624450770884,
            1.3293212621920056,
            0.06711070913342085,
            -0.08531391526426757,
            -0.1800820972465259,
            -0.27714772299383866,
            -0.4838595114208885,
            0.2779669571686561,
            -0.21058568548514983,
            -0.14948994225579693,
            0.01973549695749141,
            0.15803357317891814,
            0.0033565134326387497,
            -0.069321797936527,
            -0.10338616312558732,
            0.01257073479938472,
            0.09587133298049162,
            0.0015552209711884313
        ],
        [
            0.08183891747746144,
            0.07354747991266303,
            0.026154521396535818,
            0.06711070913342085,
            1.4775988855967832,
            0.025162567611515363,
            0.06550334906410143,
            0.11341863016678427,
            0.29578042399555066,
            0.14864812567935526,
            0.05377573997478519,
            0.054488958110516544,
            -0.006496246962433401,
            -0.0671591238924336,
            -0.04504986794097206,
            0.008544931810730965,
            0.029190824210886424,
            -0.0013702501056087496,
            -0.01391185544176116,
            -0.006446596483122646
        ],
        [
            -0.5176760521824195,
            -0.509739708225964,
            -0.02691896322026205,
            -0.08531391526426757,
            0.025162567611515363,
            -0.40821628635007357,
            -0.5860517905960421,
            0.06634866465541502,
            -0.05856285197833594,
            -0.10425623119079636,
            -0.5523612741847075,
            -0.5177686858393521,
            0.009073960392901086,
            0.027355659951868505,
            -0.012974756190812092,
            -0.30051591863151433,
            -0.3640156857039513,
            0.015173796874911391,
            0.28045511088368175,
            0.03798078896131757
        ],
        [
            -0.4266122336900111,
            -0.3622621287804646,
            -0.06564491598374682,
            -0.1800820972465259,
            0.06550334906410143,
            -0.5860517905960421,
            -0.4344280859438425,
            0.05588687040867136,
            -0.060603031937537466,
            -0.09024567615566212,
            -0.5404097112094577,
            -0.4165240053812431,
            0.006610688957391298,
            0.1174468017881265,
            -0.0005317540803362053,
            -0.3480283584008981,
            -0.3261118236389732,
            0.01227125842115372,
            0.2185520151021101,
            0.03174070361845735
        ],
        [
            0.022244599508747687,
            0.06043817648071455,
            0.1540310433722356,
            -0.27714772299383866,
            0.11341863016678427,
            0.06634866465541502,
            0.05588687040867136,
            1.384707965467079,
            -0.07924636910236826,
            0.024551011003011613,
            0.006951242391354934,
            0.025590075206569945,
            0.40157359847223906,
            -0.06261381435776614,
            -0.0034320183447864175,
            -0.01973220121972272,
            0.0023641312485347577,
            -0.0475600126694182,
            0.004291695062989296,
            0.001061002895336319
        ],
        [
            0.045451847253589306,
            0.06322014552135674,
            -0.2898429613292306,
            -0.4838595114208885,
            0.29578042399555066,
            -0.05856285197833594,
            -0.060603031937537466,
            -0.07924636910236826,
            0.915646966035272,
            0.033168702710944895,
            -0.08883453161703181,
            -0.16696777524791295,
            -0.04519139143142408,
            -0.7310082912958707,
            -0.12357434912672408,
            -0.35391443528770217,
            -0.21183165396374404,
            0.010972470952998421,
            0.15013696643959895,
            0.03152696773970086
        ],
        [
            -0.02371389109032407,
            -0.07615407983089206,
            0.11154772205518479,
            0.2779669571686561,
            0.14864812567935526,
            -0.10425623119079636,
            -0.09024567615566212,
            0.024551011003011613,
            0.033168702710944895,
            1.3809153509835803,
            -0.027129292757178902,
            -0.06487831658101333,
            -0.00016821886640123324,
            -0.09215792334107412,
            0.3917260487863572,
            -0.03343530592652322,
            -0.03875935745199026,
            0.0015662170761587537,
            0.02501344860774672,
            -0.044170955926063446
        ],
        [
            -0.22485704992340425,
            -0.3329165582934356,
            -0.06099254516637679,
            -0.21058568548514983,
            0.05377573997478519,
            -0.5523612741847075,
            -0.5404097112094577,
            0.006951242391354934,
            -0.08883453161703181,
            -0.027129292757178902,
            -0.5285836621833566,
            -0.6334695068366835,
            -0.012475230074036463,
            -0.07210756679343734,
            -0.017352436543041028,
            -0.6403591474015021,
            -0.5771453013320071,
            0.002778992195306751,
            0.08380779836729846,
            0.013169785979858656
        ],
        [
            -0.29094227795631844,
            -0.30613530439398107,
            -0.054635968169069446,
            -0.14948994225579693,
            0.054488958110516544,
            -0.5177686858393521,
            -0.4165240053812431,
            0.025590075206569945,
            -0.16696777524791295,
            -0.06487831658101333,
            -0.6334695068366835,
            -0.44012213915011156,
            -0.004844820223477981,
            -0.010768176520866798,
            -0.011987661874946636,
            -0.4922622290772922,
            -0.3744569276793197,
            0.014247666199095843,
            0.26572911867675564,
            0.039872655790066464
        ],
        [
            0.034446381096611293,
            0.013027363461439671,
            -0.03693323480869651,
            0.01973549695749141,
            -0.006496246962433401,
            0.009073960392901086,
            0.006610688957391298,
            0.40157359847223906,
            -0.04519139143142408,
            -0.00016821886640123324,
            -0.012475230074036463,
            -0.004844820223477981,
            1.3762782566174112,
            -0.03470122284720259,
            -0.0033256906003221063,
            -0.005008481849765191,
            -0.011182684994430706,
            0.5095365196372308,
            -0.05682169655331644,
            -0.008198376196311972
        ],
        [
            0.29244400842610263,
            0.18675663345999752,
            0.06916881919579833,
            0.15803357317891814,
            -0.0671591238924336,
            0.027355659951868505,
            0.1174468017881265,
            -0.06261381435776614,
            -0.7310082912958707,
            -0.09215792334107412,
            -0.07210756679343734,
            -0.010768176520866798,
            -0.03470122284720259,
            0.7638485996791462,
            -0.07114134203912816,
            0.008320675756049667,
            -0.10731541489797983,
            -0.060629441371688284,
            -0.4870208173717726,
            -0.1455741335627529
        ],
        [
            -0.001401367490242715,
            0.008455940140521916,
            0.0013465014973128124,
            0.0033565134326387497,
            -0.04504986794097206,
            -0.012974756190812092,
            -0.0005317540803362053,
            -0.0034320183447864175,
            -0.12357434912672408,
            0.3917260487863572,
            -0.017352436543041028,
            -0.011987661874946636,
            -0.0033256906003221063,
            -0.07114134203912816,
            1.3691197137473967,
            0.006428893220175064,
            -0.01808342521611296,
            -0.008849773000843329,
            -0.14688115007116262,
            0.49143971432902656
        ],
        [
            -0.015601224455890822,
            -0.14734795569242065,
            -0.014243834577181258,
            -0.069321797936527,
            0.008544931810730965,
            -0.30051591863151433,
            -0.3480283584008981,
            -0.01973220121972272,
            -0.35391443528770217,
            -0.03343530592652322,
            -0.6403591474015021,
            -0.4922622290772922,
            -0.005008481849765191,
            0.008320675756049667,
            0.006428893220175064,
            -0.3331986358767367,
            -0.49390506476213103,
            0.01820446926148201,
            0.33530114901095454,
            0.05192349821550664
        ],
        [
            -0.1388022772823136,
            -0.20159656920521762,
            -0.03209596049176121,
            -0.10338616312558732,
            0.029190824210886424,
            -0.3640156857039513,
            -0.3261118236389732,
            0.0023641312485347577,
            -0.21183165396374404,
            -0.03875935745199026,
            -0.5771453013320071,
            -0.3744569276793197,
            -0.011182684994430706,
            -0.10731541489797983,
            -0.01808342521611296,
            -0.49390506476213103,
            -0.32141987082741386,
            0.014425060740465125,
            0.2691557674108234,
            0.04128667732805093
        ],
        [
            0.008084406142595554,
            0.009320199147435312,
            -0.0031966664752023357,
            0.01257073479938472,
            -0.0013702501056087496,
            0.015173796874911391,
            0.01227125842115372,
            -0.0475600126694182,
            0.010972470952998421,
            0.0015662170761587537,
            0.002778992195306751,
            0.014247666199095843,
            0.5095365196372308,
            -0.060629441371688284,
            -0.008849773000843329,
            0.01820446926148201,
            0.014425060740465125,
            1.4571814741940505,
            -0.018515396741119617,
            -0.002741114570257394
        ],
        [
            0.07544421027108264,
            0.13257749797894453,
            0.02202657324623744,
            0.09587133298049162,
            -0.01391185544176116,
            0.28045511088368175,
            0.2185520151021101,
            0.004291695062989296,
            0.15013696643959895,
            0.02501344860774672,
            0.08380779836729846,
            0.26572911867675564,
            -0.05682169655331644,
            -0.4870208173717726,
            -0.14688115007116262,
            0.33530114901095454,
            0.2691557674108234,
            -0.018515396741119617,
            1.131840788947673,
            -0.04875504266126386
        ],
        [
            0.0026699370989134597,
            0.01487542276504613,
            0.0006701023698169715,
            0.0015552209711884313,
            -0.006446596483122646,
            0.03798078896131757,
            0.03174070361845735,
            0.001061002895336319,
            0.03152696773970086,
            -0.044170955926063446,
            0.013169785979858656,
            0.039872655790066464,
            -0.008198376196311972,
            -0.1455741335627529,
            0.49143971432902656,
            0.05192349821550664,
            0.04128667732805093,
            -0.002741114570257394,
            -0.04875504266126386,
            1.4509329775395843
        ]
    ]
}