{
    "HF": -2.140544401068719,
    "coordinates": [
        [
            0.832252,
            -0.068733,
            -0.152372
        ],
        [
            1.609359,
            0.016495,
            0.035497
        ],
        [
            2.311772,
            0.13308,
            -0.197137
        ],
        [
            2.994008,
            0.113925,
            0.050034
        ]
    ],
    "elements": [
        "H",
        "H",
        "H",
        "H"
    ],
    "Enn": 3.0719301696748866,
    "S": [
        [
            0.9999999999999999,
            0.6848602514927513,
            0.0,
            0.0,
            0.0,
            0.519695959466827,
            0.5463218091332159,
            -0.12123168368796032,
            -0.5014663942199074,
            -0.05499754582904834,
            0.1275310534084383,
            0.314128302151441,
            0.005032665251475412,
            -0.1663337181472782,
            -0.02268864676412394,
            0.015848663631240427,
            0.13080688649547917,
            -0.0018034042140980693,
            -0.019260890883925314,
            -0.0016274527777769686
        ],
        [
            0.6848602514927513,
            1.0000000000000002,
            0.0,
            0.0,
            0.0,
            0.5463218091332159,
            0.8686454387106615,
            -0.04016696558946845,
            -0.1661478483854977,
            -0.018222006521880756,
            0.31412830215144094,
            0.6149927234348279,
            0.005297964124688954,
            -0.1751020637051225,
            -0.023884687454391873,
            0.13080688649547914,
            0.3555191901875792,
            -0.009370923893105919,
            -0.10008424133407645,
            -0.008456637730437542
        ],
        [
            0.0,
            0.0,
            1.0000000000000004,
            0.0,
            0.0,
            0.12123168368796033,
            0.040166965589468466,
            0.3924858663289877,
            -0.1637682860032827,
            -0.017961031723414886,
            -0.005032665251475412,
            -0.005297964124688952,
            0.054904435785079767,
            0.009489958370830623,
            0.0012944718345763765,
            0.0018034042140980693,
            0.009370923893105922,
            0.001882556724028373,
            -0.002393027781278703,
            -0.0002021993548174749
        ],
        [
            0.0,
            0.0,
            0.0,
            1.0000000000000004,
            0.0,
            0.5014663942199074,
            0.16614784838549768,
            -0.16376828600328255,
            -0.24533851710080404,
            -0.07429455354256298,
            0.16633371814727813,
            0.17510206370512235,
            0.00948995837083062,
            -0.2584593468848871,
            -0.04278335683441172,
            0.019260890883925307,
            0.10008424133407649,
            -0.0023930277812787013,
            -0.02345162834781383,
            -0.0021595489682756687
        ],
        [
            0.0,
            0.0,
            0.0,
            0.0,
            1.0000000000000004,
            0.05499754582904834,
            0.018222006521880767,
            -0.01796103172341489,
            -0.07429455354256305,
            0.4239294228969058,
            0.022688646764123938,
            0.023884687454391866,
            0.0012944718345763765,
            -0.042783356834411736,
            0.049355731065743154,
            0.0016274527777769689,
            0.008456637730437543,
            -0.00020219935481747487,
            -0.0021595489682756704,
            0.0019241452685496787
        ],
        [
            0.519695959466827,
            0.5463218091332159,
            0.12123168368796032,
            0.5014663942199074,
            0.05499754582904834,
            0.9999999999999999,
            0.6848602514927513,
            0.0,
            0.0,
            0.0,
            0.5634190576254153,
            0.5628646767039195,
            0.16627423787579196,
            -0.502046933161312,
            -0.08332867088537882,
            0.16564742170415564,
            0.34936017125648416,
            -0.0022502855732045588,
            -0.2143396621484569,
            -0.01508188232766871
        ],
        [
            0.5463218091332159,
            0.8686454387106615,
            0.04016696558946845,
            0.1661478483854977,
            0.018222006521880756,
            0.6848602514927513,
            1.0000000000000002,
            0.0,
            0.0,
            0.0,
            0.5628646767039195,
            0.8849483207945131,
            0.05134722590383793,
            -0.15503735046808503,
            -0.025732766199261306,
            0.34936017125648405,
            0.6572054876573044,
            -0.001927620883829016,
            -0.18360585603446117,
            -0.012919316414078608
        ],
        [
            -0.12123168368796033,
            -0.04016696558946846,
            0.3924858663289877,
            -0.1637682860032826,
            -0.017961031723414886,
            0.0,
            0.0,
            1.0000000000000004,
            0.0,
            0.0,
            -0.16627423787579196,
            -0.051347225903837945,
            0.41488570797501223,
            0.2047768350407566,
            0.03398841894046183,
            0.0022502855732045588,
            0.001927620883829016,
            0.08192944563994077,
            -0.004283758523637455,
            -0.0003014241103398748
        ],
        [
            -0.5014663942199074,
            -0.16614784838549768,
            -0.16376828600328266,
            -0.24533851710080404,
            -0.07429455354256302,
            0.0,
            0.0,
            0.0,
            1.0000000000000004,
            0.0,
            0.502046933161312,
            0.15503735046808498,
            0.20477683504075653,
            -0.1355950435773093,
            -0.10262432539193156,
            0.21433966214845687,
            0.18360585603446117,
            -0.0042837585236374575,
            -0.3260535062157187,
            -0.028710641326133136
        ],
        [
            -0.05499754582904834,
            -0.01822200652188077,
            -0.01796103172341489,
            -0.07429455354256301,
            0.4239294228969058,
            0.0,
            0.0,
            0.0,
            0.0,
            1.0000000000000004,
            0.08332867088537876,
            0.025732766199261275,
            0.033988418940461805,
            -0.10262432539193152,
            0.4656729190133231,
            0.015081882327668713,
            0.012919316414078622,
            -0.0003014241103398749,
            -0.028710641326133126,
            0.07995421235934254
        ],
        [
            0.1275310534084383,
            0.314128302151441,
            -0.005032665251475412,
            0.16633371814727813,
            0.02268864676412394,
            0.5634190576254153,
            0.5628646767039195,
            -0.16627423787579196,
            0.502046933161312,
            0.0833286708853788,
            0.9999999999999999,
            0.6848602514927513,
            0.0,
            0.0,
            0.0,
            0.5821196257066485,
            0.5696306707704899,
            -0.1841066880953125,
            -0.5081672625809406,
            0.014267707823594662
        ],
        [
            0.31412830215144094,
            0.6149927234348279,
            -0.005297964124688954,
            0.1751020637051225,
            0.023884687454391873,
            0.5628646767039195,
            0.8849483207945131,
            -0.05134722590383795,
            0.15503735046808503,
            0.025732766199261296,
            0.6848602514927513,
            1.0000000000000002,
            0.0,
            0.0,
            0.0,
            0.5696306707704899,
            0.8915634905153339,
            -0.055256134154542606,
            -0.15251677559688875,
            0.0042821821723837495
        ],
        [
            0.005032665251475412,
            0.005297964124688952,
            0.054904435785079767,
            0.00948995837083062,
            0.0012944718345763765,
            0.16627423787579196,
            0.05134722590383796,
            0.41488570797501223,
            0.2047768350407566,
            0.03398841894046183,
            0.0,
            0.0,
            1.0000000000000004,
            0.0,
            0.0,
            0.1841066880953125,
            0.05525613415454262,
            0.4245751579212341,
            -0.2209128031584359,
            0.006202523385602395
        ],
        [
            -0.16633371814727813,
            -0.17510206370512224,
            0.009489958370830623,
            -0.25845934688488714,
            -0.042783356834411736,
            -0.502046933161312,
            -0.15503735046808498,
            0.20477683504075653,
            -0.1355950435773093,
            -0.10262432539193156,
            0.0,
            0.0,
            0.0,
            1.0000000000000004,
            0.0,
            0.5081672625809406,
            0.1525167755968887,
            -0.2209128031584355,
            -0.10514783633331123,
            0.01712006968657259
        ],
        [
            -0.022688646764123938,
            -0.023884687454391866,
            0.0012944718345763765,
            -0.04278335683441172,
            0.049355731065743154,
            -0.08332867088537876,
            -0.025732766199261275,
            0.03398841894046181,
            -0.10262432539193152,
            0.4656729190133231,
            0.0,
            0.0,
            0.0,
            0.0,
            1.0000000000000004,
            -0.014267707823594662,
            -0.004282182172383748,
            0.006202523385602402,
            0.01712006968657264,
            0.5041301851180214
        ],
        [
            0.015848663631240427,
            0.13080688649547917,
            0.0018034042140980693,
            0.019260890883925314,
            0.0016274527777769686,
            0.16564742170415564,
            0.34936017125648416,
            0.0022502855732045588,
            0.2143396621484569,
            0.01508188232766871,
            0.5821196257066485,
            0.5696306707704899,
            0.1841066880953125,
            0.5081672625809406,
            -0.014267707823594662,
            0.9999999999999999,
            0.6848602514927513,
            0.0,
            0.0,
            0.0
        ],
        [
            0.13080688649547914,
            0.3555191901875792,
            0.009370923893105919,
            0.10008424133407653,
            0.008456637730437542,
            0.34936017125648405,
            0.6572054876573044,
            0.001927620883829016,
            0.18360585603446117,
            0.012919316414078615,
            0.5696306707704899,
            0.8915634905153339,
            0.055256134154542634,
            0.15251677559688875,
            -0.0042821821723837495,
            0.6848602514927513,
            1.0000000000000002,
            0.0,
            0.0,
            0.0
        ],
        [
            -0.0018034042140980693,
            -0.009370923893105922,
            0.001882556724028373,
            -0.002393027781278703,
            -0.0002021993548174749,
            -0.0022502855732045588,
            -0.001927620883829016,
            0.08192944563994077,
            -0.0042837585236374575,
            -0.0003014241103398748,
            -0.1841066880953125,
            -0.05525613415454259,
            0.4245751579212341,
            -0.2209128031584356,
            0.006202523385602405,
            0.0,
            0.0,
            1.0000000000000004,
            0.0,
            0.0
        ],
        [
            -0.019260890883925314,
            -0.10008424133407649,
            -0.0023930277812787013,
            -0.02345162834781383,
            -0.0021595489682756687,
            -0.21433966214845687,
            -0.18360585603446117,
            -0.004283758523637455,
            -0.3260535062157188,
            -0.02871064132613312,
            -0.5081672625809406,
            -0.1525167755968887,
            -0.2209128031584358,
            -0.1051478363333114,
            0.01712006968657264,
            0.0,
            0.0,
            0.0,
            1.0000000000000004,
            0.0
        ],
        [
            -0.0016274527777769689,
            -0.008456637730437543,
            -0.00020219935481747487,
            -0.0021595489682756704,
            0.0019241452685496787,
            -0.015081882327668715,
            -0.012919316414078622,
            -0.0003014241103398749,
            -0.028710641326133143,
            0.07995421235934254,
            0.014267707823594662,
            0.004282182172383748,
            0.0062025233856023935,
            0.01712006968657259,
            0.5041301851180214,
            0.0,
            0.0,
            0.0,
            0.0,
            1.0000000000000004
        ]
    ],
    "h": [
        [
            -0.24528373170811535,
            -0.459166343336482,
            -0.05826366391758847,
            -0.2638452021872366,
            -0.029954939598228824,
            -0.5565207540317063,
            -0.44803171343222536,
            0.026223710813468415,
            0.03471671885841432,
            0.0003599090375267372,
            -0.2514110483115043,
            -0.3113163067532189,
            -0.04243054191779741,
            0.30938828431775856,
            0.042659076787915584,
            -0.022578643065681643,
            -0.15115470751181165,
            0.006336355253956191,
            0.08506450468289253,
            0.006079575565203469
        ],
        [
            -0.459166343336482,
            -0.31245042265775025,
            -0.04834531708658418,
            -0.23200069377771762,
            -0.026609677103729842,
            -0.5336522811568947,
            -0.36833832418906054,
            0.08194431557476071,
            0.09483271382507344,
            0.004326801536258949,
            -0.3462981459869057,
            -0.3146400699223142,
            -0.06760135585055853,
            0.1867104620824447,
            0.03537121228036302,
            -0.15487626405290666,
            -0.21113523043453242,
            0.027107337193170537,
            0.1357292781756254,
            0.0030981719212002275
        ],
        [
            -0.05826366391758847,
            -0.04834531708658418,
            1.4819812517339468,
            -0.05375829496369737,
            -0.005872194835128356,
            -0.0061746862103821964,
            -0.04169114942012407,
            0.2914562714532641,
            -0.22497353731442915,
            -0.024942142180903022,
            -0.023792815360747174,
            -0.03533494473436185,
            -0.053363271027221826,
            0.03996546885613562,
            0.005942110048467293,
            -0.005349718277783803,
            -0.01809498390226269,
            -0.005806221999727647,
            0.011968369255848516,
            0.0008975808582538283
        ],
        [
            -0.2638452021872366,
            -0.23200069377771762,
            -0.05375829496369737,
            1.2449610613108781,
            -0.028303472361333255,
            -0.0868272517561991,
            -0.22191520451575675,
            -0.197129554360927,
            -0.614130026582167,
            -0.10871256700448895,
            -0.24392058801715585,
            -0.1831198377777652,
            -0.053655445452148745,
            0.15210400469225038,
            0.03213941790572403,
            -0.08135798684714209,
            -0.12557091489199423,
            0.013825848133817494,
            0.11159172180877847,
            0.007528937476601437
        ],
        [
            -0.029954939598228824,
            -0.026609677103729842,
            -0.005872194835128356,
            -0.028303472361333255,
            1.4921031529696145,
            -0.01131877889510513,
            -0.0258039279806389,
            -0.021055111893871506,
            -0.10535094068394826,
            0.33237149258064513,
            -0.029974935722596394,
            -0.021024423395636233,
            -0.00636995117814484,
            0.022826503884444252,
            -0.04187471961576664,
            -0.008679373998476556,
            -0.014336747626201596,
            0.0014594016984637932,
            0.01171414323755399,
            -0.00596913896449716
        ],
        [
            -0.5565207540317063,
            -0.5336522811568947,
            -0.0061746862103821964,
            -0.0868272517561991,
            -0.01131877889510513,
            -0.4440438637448496,
            -0.6044227389759316,
            0.1326985251861713,
            0.0009837532761474005,
            -0.012275902075485661,
            -0.5612195744390054,
            -0.5312053911875052,
            -0.0321058208381127,
            0.040633216364747815,
            0.015543408718687035,
            -0.3062858902506403,
            -0.37385771538807755,
            0.0483463055737586,
            0.2721621405442478,
            0.006653579607713712
        ],
        [
            -0.44803171343222536,
            -0.36833832418906054,
            -0.04169114942012407,
            -0.22191520451575675,
            -0.0258039279806389,
            -0.6044227389759316,
            -0.4421428843717088,
            0.10828919036721141,
            -0.023695603377961116,
            -0.012041883976257366,
            -0.5410282489378673,
            -0.42303830676326126,
            -0.10820691715974343,
            0.11648025903353343,
            0.04120849309749641,
            -0.34966532604811856,
            -0.3314920908119401,
            0.058938793811327675,
            0.21027727921377493,
            -0.0011339161336269554
        ],
        [
            0.026223710813468415,
            0.08194431557476071,
            0.2914562714532641,
            -0.197129554360927,
            -0.021055111893871506,
            0.1326985251861713,
            0.10828919036721141,
            1.3633470553607518,
            0.01862205869610401,
            0.0063014207587732745,
            0.0190212940458947,
            0.08744962412895388,
            0.31180374675280575,
            0.27086545132141193,
            0.044129277798268,
            0.046639399868299694,
            0.06457332801455962,
            -0.05743592520067911,
            -0.06261150089007954,
            -0.0006885653734237908
        ],
        [
            0.03471671885841432,
            0.09483271382507344,
            -0.22497353731442915,
            -0.614130026582167,
            -0.10535094068394826,
            0.0009837532761474005,
            -0.023695603377961116,
            0.01862205869610401,
            0.8516092408543423,
            -0.07139138028891645,
            -0.08412451443804203,
            -0.1441173968723844,
            0.24966354104902938,
            -0.6467325264871077,
            -0.14977453542842561,
            -0.3431536343455862,
            -0.2019861884657413,
            0.07054002489174607,
            0.07790920034418214,
            -0.011297693135208377
        ],
        [
            0.0003599090375267372,
            0.004326801536258949,
            -0.024942142180903022,
            -0.10871256700448895,
            0.33237149258064513,
            -0.012275902075485661,
            -0.012041883976257366,
            0.0063014207587732745,
            -0.07139138028891645,
            1.3921912632201479,
            -0.007398528499293844,
            -0.024086838495249466,
            0.04389712323134144,
            -0.16257937220687238,
            0.3768374618447745,
            -0.040494747546507726,
            -0.0295925066787596,
            0.00927847777587285,
            0.025800580657090892,
            -0.044181016652003025
        ],
        [
            -0.2514110483115043,
            -0.3462981459869057,
            -0.023792815360747174,
            -0.24392058801715585,
            -0.029974935722596394,
            -0.5612195744390054,
            -0.5410282489378673,
            0.0190212940458947,
            -0.08412451443804203,
            -0.007398528499293844,
            -0.49422000872897986,
            -0.6201652569670485,
            -0.17508908662558886,
            -0.04700028076097526,
            0.04538376703774943,
            -0.6177545246345119,
            -0.5656520466966609,
            0.010007686207621436,
            0.09690062304156244,
            0.0038899917425936244
        ],
        [
            -0.3113163067532189,
            -0.3146400699223142,
            -0.03533494473436185,
            -0.1831198377777652,
            -0.021024423395636233,
            -0.5312053911875052,
            -0.42303830676326126,
            0.08744962412895388,
            -0.1441173968723844,
            -0.024086838495249466,
            -0.6201652569670485,
            -0.4389181540528797,
            -0.13775419296984043,
            -0.0002897622160949048,
            0.03937760927134159,
            -0.4827215623263117,
            -0.37781813636568096,
            0.07079352914556872,
            0.25175136115073293,
            -0.0016719607954712706
        ],
        [
            -0.04243054191779741,
            -0.06760135585055853,
            -0.053363271027221826,
            -0.053655445452148745,
            -0.00636995117814484,
            -0.0321058208381127,
            -0.10820691715974343,
            0.31180374675280575,
            0.24966354104902938,
            0.04389712323134144,
            -0.17508908662558886,
            -0.13775419296984043,
            1.326652781924439,
            -0.017069872524778797,
            0.015150536753142462,
            -0.03255667747845259,
            -0.1138976965304,
            0.33300259736292714,
            -0.27824080648886623,
            0.010574542712638708
        ],
        [
            0.30938828431775856,
            0.1867104620824447,
            0.03996546885613562,
            0.15210400469225038,
            0.022826503884444252,
            0.040633216364747815,
            0.11648025903353343,
            0.27086545132141193,
            -0.6467325264871077,
            -0.16257937220687238,
            -0.04700028076097526,
            -0.0002897622160949048,
            -0.017069872524778797,
            0.8365302909204715,
            -0.037942119489467616,
            -0.005356820853206767,
            -0.09493823216517733,
            -0.3203326996446314,
            -0.479539429025689,
            0.02147163096266326
        ],
        [
            0.042659076787915584,
            0.03537121228036302,
            0.005942110048467293,
            0.03213941790572403,
            -0.04187471961576664,
            0.015543408718687035,
            0.04120849309749641,
            0.044129277798268,
            -0.14977453542842561,
            0.3768374618447745,
            0.04538376703774943,
            0.03937760927134159,
            0.015150536753142462,
            -0.037942119489467616,
            1.3781726230809572,
            0.007257882346217437,
            0.024534800271268368,
            0.007757208688268303,
            0.010365403673080892,
            0.44257182008359697
        ],
        [
            -0.022578643065681643,
            -0.15487626405290666,
            -0.005349718277783803,
            -0.08135798684714209,
            -0.008679373998476556,
            -0.3062858902506403,
            -0.34966532604811856,
            0.046639399868299694,
            -0.3431536343455862,
            -0.040494747546507726,
            -0.6177545246345119,
            -0.4827215623263117,
            -0.03255667747845259,
            -0.005356820853206767,
            0.007257882346217437,
            -0.3073311384105921,
            -0.48673413319230596,
            0.10033678235047068,
            0.3036753055434014,
            -0.006386316348823814
        ],
        [
            -0.15115470751181165,
            -0.21113523043453242,
            -0.01809498390226269,
            -0.12557091489199423,
            -0.014336747626201596,
            -0.37385771538807755,
            -0.3314920908119401,
            0.06457332801455962,
            -0.2019861884657413,
            -0.0295925066787596,
            -0.5656520466966609,
            -0.37781813636568096,
            -0.1138976965304,
            -0.09493823216517733,
            0.024534800271268368,
            -0.48673413319230596,
            -0.3250560965093656,
            0.07855590533542794,
            0.2544757542747317,
            -0.00377142617367425
        ],
        [
            0.006336355253956191,
            0.027107337193170537,
            -0.005806221999727647,
            0.013825848133817494,
            0.0014594016984637932,
            0.0483463055737586,
            0.058938793811327675,
            -0.05743592520067911,
            0.07054002489174607,
            0.00927847777587285,
            0.010007686207621436,
            0.07079352914556872,
            0.33300259736292714,
            -0.3203326996446314,
            0.007757208688268303,
            0.10033678235047068,
            0.07855590533542794,
            1.4328339104207777,
            -0.09055521951747571,
            0.002559910775373009
        ],
        [
            0.08506450468289253,
            0.1357292781756254,
            0.011968369255848516,
            0.11159172180877847,
            0.01171414323755399,
            0.2721621405442478,
            0.21027727921377493,
            -0.06261150089007954,
            0.07790920034418214,
            0.025800580657090892,
            0.09690062304156244,
            0.25175136115073293,
            -0.27824080648886623,
            -0.479539429025689,
            0.010365403673080892,
            0.3036753055434014,
            0.2544757542747317,
            -0.09055521951747571,
            1.17882645157949,
            0.004513703035581291
        ],
        [
            0.006079575565203469,
            0.0030981719212002275,
            0.0008975808582538283,
            0.007528937476601437,
            -0.00596913896449716,
            0.006653579607713712,
            -0.0011339161336269554,
            -0.0006885653734237908,
            -0.011297693135208377,
            -0.044181016652003025,
            0.0038899917425936244,
            -0.0016719607954712706,
            0.010574542712638708,
            0.02147163096266326,
            0.44257182008359697,
            -0.006386316348823814,
            -0.00377142617367425,
            0.002559910775373009,
            0.004513703035581291,
            1.465189375525292
        ]
    ]
}