{
    "HF": -2.1391256966758823,
    "coordinates": [
        [
            0.68638,
            -0.190051,
            -0.162268
        ],
        [
            1.453702,
            0.198695,
            0.097922
        ],
        [
            2.139768,
            -0.161188,
            0.06616
        ],
        [
            2.956658,
            -0.107107,
            -0.144098
        ]
    ],
    "elements": [
        "H",
        "H",
        "H",
        "H"
    ],
    "Enn": 2.830729902714104,
    "S": [
        [
            0.9999999999999999,
            0.6848602514927513,
            0.0,
            0.0,
            0.0,
            0.4472749943014175,
            0.516408863040215,
            -0.1388493863814936,
            -0.4094784152235692,
            -0.20745279817925405,
            0.13497217508658033,
            0.3214834711677792,
            -0.027521372497858933,
            -0.17510652166948976,
            -0.0034774606195637266,
            0.011333710324310695,
            0.1132776577664465,
            -0.00010746519401583114,
            -0.013427400425969899,
            -0.0004905664861006656
        ],
        [
            0.6848602514927513,
            1.0000000000000002,
            0.0,
            0.0,
            0.0,
            0.516408863040215,
            0.8386811567465596,
            -0.052383527583825445,
            -0.15448338964862648,
            -0.07826544761175222,
            0.32148347116777926,
            0.6239477032904985,
            -0.027712253861180973,
            -0.1763210167527363,
            -0.003501579417563808,
            0.1132776577664465,
            0.3248709521669455,
            -0.0007208781051461682,
            -0.09007119993368415,
            -0.0032907272181202044
        ],
        [
            0.0,
            0.0,
            1.0000000000000004,
            0.0,
            0.0,
            0.1388493863814936,
            0.052383527583825425,
            0.2889134119337117,
            -0.1816824527958785,
            -0.09204522585640264,
            0.027521372497858927,
            0.027712253861180966,
            0.05200758721564973,
            -0.05184988063801103,
            -0.001029692762603594,
            0.00010746519401583114,
            0.0007208781051461679,
            0.0012299989326597094,
            -0.00013183880257102592,
            -4.816695418116713e-06
        ],
        [
            0.0,
            0.0,
            0.0,
            1.0000000000000004,
            0.0,
            0.4094784152235691,
            0.1544833896486264,
            -0.18168245279587847,
            -0.18527687203429274,
            -0.2714490441392313,
            0.17510652166948973,
            0.17632101675273654,
            -0.05184988063801106,
            -0.26974143872924256,
            -0.006551487141921799,
            0.013427400425969897,
            0.09007119993368413,
            -0.00013183880257102597,
            -0.01524174354010102,
            -0.0006018292592433231
        ],
        [
            0.0,
            0.0,
            0.0,
            0.0,
            1.0000000000000004,
            0.20745279817925402,
            0.07826544761175219,
            -0.0920452258564026,
            -0.2714490441392312,
            0.2129964269912886,
            0.0034774606195637266,
            0.003501579417563807,
            -0.001029692762603594,
            -0.006551487141921795,
            0.060026690828038375,
            0.0004905664861006656,
            0.0032907272181201992,
            -4.816695418116713e-06,
            -0.0006018292592433229,
            0.0012090664234974122
        ],
        [
            0.4472749943014175,
            0.516408863040215,
            0.1388493863814936,
            0.4094784152235692,
            0.20745279817925405,
            0.9999999999999999,
            0.6848602514927513,
            0.0,
            0.0,
            0.0,
            0.5423618586895109,
            0.5550282632024282,
            0.021633934257794855,
            -0.46729761162736233,
            0.24512578434915894,
            0.10948486829532982,
            0.29509419508259915,
            0.022592529280822993,
            -0.14030070836207176,
            0.028546569040303418
        ],
        [
            0.516408863040215,
            0.8386811567465596,
            0.052383527583825445,
            0.15448338964862648,
            0.07826544761175222,
            0.6848602514927513,
            1.0000000000000002,
            0.0,
            0.0,
            0.0,
            0.5550282632024282,
            0.8772486490937449,
            0.006906403769772158,
            -0.14917980003502612,
            0.0782538035349447,
            0.29509419508259915,
            0.5914414937562615,
            0.026790390104729934,
            -0.16636962875070047,
            0.03385073495912169
        ],
        [
            -0.1388493863814936,
            -0.052383527583825425,
            0.2889134119337117,
            -0.18168245279587855,
            -0.09204522585640264,
            0.0,
            0.0,
            1.0000000000000004,
            0.0,
            0.0,
            -0.021633934257794855,
            -0.006906403769772156,
            0.45701277847452465,
            0.025922278285445258,
            -0.013597798573607935,
            -0.02259252928082298,
            -0.02679039010472995,
            0.03708345695659779,
            0.04129983207458965,
            -0.008403154349211598
        ],
        [
            -0.4094784152235692,
            -0.1544833896486264,
            -0.1816824527958784,
            -0.18527687203429263,
            -0.2714490441392312,
            0.0,
            0.0,
            0.0,
            1.0000000000000004,
            0.0,
            0.467297611627362,
            0.1491798000350261,
            0.0259222782854453,
            -0.10171388867033924,
            0.2937153603740604,
            0.14030070836207162,
            0.16636962875070027,
            0.04129983207458965,
            -0.21274002950235338,
            0.05218399821532793
        ],
        [
            -0.20745279817925402,
            -0.07826544761175219,
            -0.0920452258564026,
            -0.2714490441392313,
            0.2129964269912886,
            0.0,
            0.0,
            0.0,
            0.0,
            1.0000000000000004,
            -0.24512578434915888,
            -0.07825380353494463,
            -0.013597798573607949,
            0.29371536037406015,
            0.30414144884356253,
            -0.0285465690403034,
            -0.033850734959121664,
            -0.008403154349211597,
            0.05218399821532791,
            0.033116217953226085
        ],
        [
            0.13497217508658033,
            0.3214834711677792,
            0.027521372497858933,
            0.17510652166948973,
            0.0034774606195637266,
            0.5423618586895109,
            0.5550282632024282,
            -0.021633934257794855,
            0.46729761162736233,
            -0.24512578434915894,
            0.9999999999999999,
            0.6848602514927513,
            0.0,
            0.0,
            0.0,
            0.48763998709983136,
            0.5334952775372458,
            0.12517083937386989,
            -0.48631113668027176,
            -0.03219551296111565
        ],
        [
            0.32148347116777926,
            0.6239477032904985,
            0.027712253861180973,
            0.17632101675273637,
            0.003501579417563808,
            0.5550282632024282,
            0.8772486490937449,
            -0.006906403769772158,
            0.14917980003502648,
            -0.0782538035349447,
            0.6848602514927513,
            1.0000000000000002,
            0.0,
            0.0,
            0.0,
            0.5334952775372458,
            0.8558753443503871,
            0.043827925919504386,
            -0.1702793444453195,
            -0.011273093350325381
        ],
        [
            -0.027521372497858927,
            -0.027712253861180966,
            0.05200758721564973,
            -0.051849880638011034,
            -0.001029692762603594,
            0.021633934257794855,
            0.006906403769772156,
            0.45701277847452465,
            0.025922278285445296,
            -0.013597798573607947,
            0.0,
            0.0,
            1.0000000000000004,
            0.0,
            0.0,
            -0.12517083937386986,
            -0.04382792591950435,
            0.3501774165043364,
            0.17639302499456203,
            0.01167784057184065
        ],
        [
            -0.17510652166948976,
            -0.17632101675273643,
            -0.051849880638011055,
            -0.26974143872924256,
            -0.006551487141921797,
            -0.46729761162736233,
            -0.1491798000350261,
            0.02592227828544526,
            -0.10171388867033924,
            0.29371536037406015,
            0.0,
            0.0,
            0.0,
            1.0000000000000004,
            0.0,
            0.4863111366802717,
            0.17027934444531945,
            0.17639302499456203,
            -0.28973957202337647,
            -0.045370502833332896
        ],
        [
            -0.0034774606195637266,
            -0.003501579417563807,
            -0.001029692762603594,
            -0.006551487141921796,
            0.060026690828038375,
            0.24512578434915888,
            0.07825380353494465,
            -0.013597798573607937,
            0.2937153603740604,
            0.30414144884356253,
            0.0,
            0.0,
            0.0,
            0.0,
            1.0000000000000004,
            0.03219551296111565,
            0.011273093350325378,
            0.01167784057184065,
            -0.045370502833332896,
            0.3925752454477403
        ],
        [
            0.011333710324310695,
            0.1132776577664465,
            0.00010746519401583114,
            0.013427400425969897,
            0.0004905664861006656,
            0.10948486829532982,
            0.29509419508259915,
            -0.022592529280822993,
            0.1403007083620717,
            -0.028546569040303418,
            0.48763998709983136,
            0.5334952775372458,
            -0.12517083937386989,
            0.48631113668027176,
            0.03219551296111565,
            0.9999999999999999,
            0.6848602514927513,
            0.0,
            0.0,
            0.0
        ],
        [
            0.1132776577664465,
            0.3248709521669455,
            0.0007208781051461682,
            0.09007119993368418,
            0.0032907272181202083,
            0.29509419508259915,
            0.5914414937562615,
            -0.026790390104729934,
            0.16636962875070047,
            -0.03385073495912169,
            0.5334952775372458,
            0.8558753443503871,
            -0.043827925919504386,
            0.1702793444453195,
            0.011273093350325381,
            0.6848602514927513,
            1.0000000000000002,
            0.0,
            0.0,
            0.0
        ],
        [
            -0.00010746519401583114,
            -0.0007208781051461679,
            0.0012299989326597094,
            -0.00013183880257102592,
            -4.816695418116713e-06,
            0.02259252928082298,
            0.026790390104729944,
            0.03708345695659779,
            0.041299832074589655,
            -0.008403154349211598,
            0.12517083937386986,
            0.04382792591950435,
            0.3501774165043364,
            0.17639302499456203,
            0.01167784057184065,
            0.0,
            0.0,
            1.0000000000000004,
            0.0,
            0.0
        ],
        [
            -0.013427400425969894,
            -0.0900711999336841,
            -0.00013183880257102597,
            -0.01524174354010102,
            -0.0006018292592433231,
            -0.14030070836207167,
            -0.16636962875070047,
            0.041299832074589635,
            -0.21274002950235343,
            0.05218399821532791,
            -0.4863111366802717,
            -0.17027934444531945,
            0.17639302499456203,
            -0.28973957202337647,
            -0.045370502833332896,
            0.0,
            0.0,
            0.0,
            1.0000000000000004,
            0.0
        ],
        [
            -0.0004905664861006656,
            -0.003290727218120203,
            -4.816695418116713e-06,
            -0.0006018292592433229,
            0.0012090664234974122,
            0.0285465690403034,
            0.03385073495912168,
            -0.008403154349211597,
            0.05218399821532793,
            0.033116217953226085,
            -0.03219551296111565,
            -0.011273093350325378,
            0.01167784057184065,
            -0.045370502833332896,
            0.3925752454477403,
            0.0,
            0.0,
            0.0,
            0.0,
            1.0000000000000004
        ]
    ],
    "h": [
        [
            -0.20810348013611568,
            -0.4416391784784808,
            -0.06554148467735871,
            -0.19765105188541526,
            -0.09117938116856282,
            -0.515501763625468,
            -0.4289025303555548,
            0.02156536775984086,
            0.0499384139482687,
            0.052540375990633714,
            -0.2520592910989793,
            -0.30620475520660484,
            0.01103982331045384,
            0.2850020371097691,
            -0.05780382533500685,
            -0.005669285038608786,
            -0.1234003443777543,
            -0.005042715711268414,
            0.06099735741887562,
            -0.003382490858192171
        ],
        [
            -0.4416391784784808,
            -0.3152303196478672,
            -0.060710503394635115,
            -0.18893013934834096,
            -0.08230766828879378,
            -0.5085809312871001,
            -0.37197713951697464,
            0.05489013141556548,
            0.06042797130187755,
            0.1283962305345278,
            -0.34536052785843896,
            -0.32035343790166704,
            0.007102933890950604,
            0.18178291987664347,
            -0.07992936468984789,
            -0.1265631225042565,
            -0.19217833403246287,
            -0.020977471731658204,
            0.11064764392919849,
            -0.0016227760922676113
        ],
        [
            -0.06554148467735871,
            -0.060710503394635115,
            1.4694893236871118,
            -0.05303791862920537,
            -0.02479222158137012,
            -0.02906242044555965,
            -0.055775078365647365,
            0.15123743239131504,
            -0.22888781315981643,
            -0.1051868800458223,
            -0.05030578024710956,
            -0.047140493375451696,
            -0.04302672079659718,
            0.044844066183675146,
            -0.016494086101846314,
            -0.0055489264633075686,
            -0.02243216449464888,
            -0.00508117537600564,
            0.007846835117593827,
            -0.00039524607640862913
        ],
        [
            -0.19765105188541526,
            -0.18893013934834096,
            -0.05303791862920537,
            1.3182457225725677,
            -0.07270136353254998,
            -0.10884142124337326,
            -0.18422062508903042,
            -0.21468053093225758,
            -0.4681561970384089,
            -0.29455228352866725,
            -0.21877930576777377,
            -0.15694512509721104,
            -0.002358460408376853,
            0.08171655238433773,
            -0.06045664317740328,
            -0.06238405962683728,
            -0.10285809436491536,
            -0.0064339107533982805,
            0.08142570703065388,
            0.00010927736108223623
        ],
        [
            -0.09117938116856282,
            -0.08230766828879378,
            -0.02479222158137012,
            -0.07270136353254998,
            1.4500656956982911,
            -0.030629627080372424,
            -0.07212613835449512,
            -0.11293966781483797,
            -0.3383359049785406,
            0.061114974034838176,
            -0.04858456715737991,
            -0.06215515937126449,
            0.0015182141429511738,
            0.06619838318107901,
            -0.06284471242038078,
            -0.0030190295725442467,
            -0.025861393354938943,
            -0.0009442843394136021,
            0.00889647091750299,
            -0.004695753291171905
        ],
        [
            -0.515501763625468,
            -0.5085809312871001,
            -0.02906242044555965,
            -0.10884142124337326,
            -0.030629627080372424,
            -0.39288271243720607,
            -0.5759562827223034,
            0.06821589161557542,
            -0.03048546210255086,
            0.19670955716582023,
            -0.5375331848823898,
            -0.5147800360211141,
            0.01782981714615524,
            0.06631738518161334,
            -0.0195048172483685,
            -0.2305100967537978,
            -0.3261217982271812,
            -0.04523673087811793,
            0.22521082562682782,
            -0.017504967979868294
        ],
        [
            -0.4289025303555548,
            -0.37197713951697464,
            -0.055775078365647365,
            -0.18422062508903042,
            -0.07212613835449512,
            -0.5759562827223034,
            -0.4324517551118521,
            0.060882006875258576,
            -0.03674555609322378,
            0.1704336208627852,
            -0.5191532626387784,
            -0.42277164555238844,
            0.024207029120859244,
            0.13048240876132655,
            -0.09832740186495968,
            -0.2942460672805026,
            -0.3084361293047402,
            -0.04148185528202008,
            0.17143140501079845,
            0.002899525905294374
        ],
        [
            0.02156536775984086,
            0.05489013141556548,
            0.15123743239131504,
            -0.21468053093225758,
            -0.11293966781483797,
            0.06821589161557542,
            0.060882006875258576,
            1.38919963952097,
            -0.03800014939079916,
            -0.029944535765017183,
            0.023038266100280855,
            0.04353773081215346,
            0.3604677985771826,
            0.015631044205776545,
            -0.014044096996191021,
            0.02067199788558495,
            0.020227990625195244,
            -0.039982280612555224,
            -0.02008049028338997,
            0.001014918834310513
        ],
        [
            0.0499384139482687,
            0.06042797130187755,
            -0.22888781315981643,
            -0.4681561970384089,
            -0.3383359049785406,
            -0.03048546210255086,
            -0.03674555609322378,
            -0.03800014939079916,
            1.0139179771640463,
            0.03316061897917346,
            -0.052560016034097434,
            -0.12665813985852276,
            0.04988847151811455,
            -0.5412041755518497,
            0.4027929421797142,
            -0.27691870797967366,
            -0.177361720346497,
            -0.048732607652081664,
            0.16451632679469452,
            -0.005165957863810328
        ],
        [
            0.052540375990633714,
            0.1283962305345278,
            -0.1051868800458223,
            -0.29455228352866725,
            0.061114974034838176,
            0.19670955716582023,
            0.1704336208627852,
            -0.029944535765017183,
            0.03316061897917346,
            1.3143664400359272,
            0.04842682861835401,
            0.14417580173450142,
            -0.025618782082625278,
            0.3750821633162621,
            0.1629599040210698,
            0.07945231349094511,
            0.09668553369771092,
            0.018637036320338654,
            -0.08398835980535589,
            -0.04147992732693981
        ],
        [
            -0.2520592910989793,
            -0.34536052785843896,
            -0.05030578024710956,
            -0.21877930576777377,
            -0.04858456715737991,
            -0.5375331848823898,
            -0.5191532626387784,
            0.023038266100280855,
            -0.052560016034097434,
            0.04842682861835401,
            -0.41862679929639324,
            -0.5943216576476513,
            0.047602058775768355,
            -0.0035426324954465627,
            -0.12383127860887366,
            -0.531209094159709,
            -0.518450454006329,
            -0.020209038101263233,
            0.09015269526593206,
            -0.007478843054491091
        ],
        [
            -0.30620475520660484,
            -0.32035343790166704,
            -0.047140493375451696,
            -0.15694512509721104,
            -0.06215515937126449,
            -0.5147800360211141,
            -0.42277164555238844,
            0.04353773081215346,
            -0.12665813985852276,
            0.14417580173450142,
            -0.5943216576476513,
            -0.4453629876484557,
            0.042082185290252,
            0.01750030877623686,
            -0.10419628285544458,
            -0.4340465329395964,
            -0.3671790222444551,
            -0.05095627394142874,
            0.20714847962572946,
            0.002487067124214478
        ],
        [
            0.01103982331045384,
            0.007102933890950604,
            -0.04302672079659718,
            -0.002358460408376853,
            0.0015182141429511738,
            0.01782981714615524,
            0.024207029120859244,
            0.3604677985771826,
            0.04988847151811455,
            -0.025618782082625278,
            0.047602058775768355,
            0.042082185290252,
            1.3917847146624855,
            0.05992344211971043,
            -0.0006387796417507202,
            0.009705674803852982,
            0.04223130788267554,
            0.2324719286262431,
            0.22895677210121107,
            0.01632124920516249
        ],
        [
            0.2850020371097691,
            0.18178291987664347,
            0.044844066183675146,
            0.08171655238433773,
            0.06619838318107901,
            0.06631738518161334,
            0.13048240876132655,
            0.015631044205776545,
            -0.5412041755518497,
            0.3750821633162621,
            -0.0035426324954465627,
            0.01750030877623686,
            0.05992344211971043,
            0.9259399876392398,
            0.09106192010968633,
            -0.04837707947866188,
            -0.09602410612338397,
            0.2347350368128721,
            -0.6349289961828236,
            -0.05729819879850563
        ],
        [
            -0.05780382533500685,
            -0.07992936468984789,
            -0.016494086101846314,
            -0.06045664317740328,
            -0.06284471242038078,
            -0.0195048172483685,
            -0.09832740186495968,
            -0.014044096996191021,
            0.4027929421797142,
            0.1629599040210698,
            -0.12383127860887366,
            -0.10419628285544458,
            -0.0006387796417507202,
            0.09106192010968633,
            1.3515206857127506,
            -0.02344182743862642,
            -0.062375531242538064,
            0.009922454258551362,
            -0.031341315248082105,
            0.28443972873127854
        ],
        [
            -0.005669285038608786,
            -0.1265631225042565,
            -0.0055489264633075686,
            -0.06238405962683728,
            -0.0030190295725442467,
            -0.2305100967537978,
            -0.2942460672805026,
            0.02067199788558495,
            -0.27691870797967366,
            0.07945231349094511,
            -0.531209094159709,
            -0.4340465329395964,
            0.009705674803852982,
            -0.04837707947866188,
            -0.02344182743862642,
            -0.22288106636791305,
            -0.4477170730261826,
            -0.062195187194813505,
            0.23941956390051156,
            0.010280227367996072
        ],
        [
            -0.1234003443777543,
            -0.19217833403246287,
            -0.02243216449464888,
            -0.10285809436491536,
            -0.025861393354938943,
            -0.3261217982271812,
            -0.3084361293047402,
            0.020227990625195244,
            -0.177361720346497,
            0.09668553369771092,
            -0.518450454006329,
            -0.3671790222444551,
            0.04223130788267554,
            -0.09602410612338397,
            -0.062375531242538064,
            -0.4477170730261826,
            -0.3099809056302998,
            -0.05548532629176625,
            0.21716791957927997,
            0.006839085845287906
        ],
        [
            -0.005042715711268414,
            -0.020977471731658204,
            -0.00508117537600564,
            -0.0064339107533982805,
            -0.0009442843394136021,
            -0.04523673087811793,
            -0.04148185528202008,
            -0.039982280612555224,
            -0.048732607652081664,
            0.018637036320338654,
            -0.020209038101263233,
            -0.05095627394142874,
            0.2324719286262431,
            0.2347350368128721,
            0.009922454258551362,
            -0.062195187194813505,
            -0.05548532629176625,
            1.48058432954519,
            0.0569073322246703,
            0.0026898966345455626
        ],
        [
            0.06099735741887562,
            0.11064764392919849,
            0.007846835117593827,
            0.08142570703065388,
            0.00889647091750299,
            0.22521082562682782,
            0.17143140501079845,
            -0.02008049028338997,
            0.16451632679469452,
            -0.08398835980535589,
            0.09015269526593206,
            0.20714847962572946,
            0.22895677210121107,
            -0.6349289961828236,
            -0.031341315248082105,
            0.23941956390051156,
            0.21716791957927997,
            0.0569073322246703,
            1.269344023933081,
            -0.009127807375246438
        ],
        [
            -0.003382490858192171,
            -0.0016227760922676113,
            -0.00039524607640862913,
            0.00010927736108223623,
            -0.004695753291171905,
            -0.017504967979868294,
            0.002899525905294374,
            0.001014918834310513,
            -0.005165957863810328,
            -0.04147992732693981,
            -0.007478843054491091,
            0.002487067124214478,
            0.01632124920516249,
            -0.05729819879850563,
            0.28443972873127854,
            0.010280227367996072,
            0.006839085845287906,
            0.0026898966345455626,
            -0.009127807375246438,
            1.4931754423208554
        ]
    ]
}