{
    "HF": -2.1242437936428527,
    "coordinates": [
        [
            0.64277,
            0.094658,
            -0.174907
        ],
        [
            1.296801,
            -0.106373,
            -0.064872
        ],
        [
            1.984363,
            0.121484,
            -0.115089
        ],
        [
            2.714968,
            -0.176225,
            -0.008488
        ]
    ],
    "elements": [
        "H",
        "H",
        "H",
        "H"
    ],
    "Enn": 3.175894333508003,
    "S": [
        [
            0.9999999999999999,
            0.6848602514927513,
            0.0,
            0.0,
            0.0,
            0.6088166643199491,
            0.578990477473912,
            -0.08673166668317701,
            -0.5155195955147452,
            0.15845643372550336,
            0.1842060309044244,
            0.3646523137478833,
            -0.01054970423851119,
            -0.2366078665026739,
            -0.004731123840688434,
            0.021111487400780993,
            0.14786556008132562,
            -0.0021034664990701142,
            -0.026191715323611458,
            0.0034238477317350183
        ],
        [
            0.6848602514927513,
            1.0000000000000002,
            0.0,
            0.0,
            0.0,
            0.5789904774739121,
            0.900665563709237,
            -0.025030447040639756,
            -0.14877710099910635,
            0.04572995682307313,
            0.3646523137478833,
            0.6750211848727398,
            -0.008303720026947473,
            -0.1862351242454203,
            -0.003723889020744471,
            0.14786556008132562,
            0.38388912985444873,
            -0.008787490349550437,
            -0.10941911637107372,
            0.014303545558844076
        ],
        [
            0.0,
            0.0,
            1.0000000000000004,
            0.0,
            0.0,
            0.08673166668317703,
            0.025030447040639767,
            0.519245697076974,
            -0.10016242357684035,
            0.03078715255710477,
            0.010549704238511183,
            0.008303720026947457,
            0.09524591062805628,
            -0.020030160211021365,
            -0.0004005157136485199,
            0.0021034664990701142,
            0.008787490349550434,
            0.003089368432104729,
            -0.002980176169989888,
            0.0003895762188050421
        ],
        [
            0.0,
            0.0,
            0.0,
            1.0000000000000004,
            0.0,
            0.515519595514745,
            0.14877710099910635,
            -0.10016242357684035,
            -0.05925278510827125,
            0.18299406710660968,
            0.23660786650267374,
            0.1862351242454199,
            -0.020030160211021372,
            -0.3530957228820381,
            -0.008982732251510563,
            0.026191715323611444,
            0.10941911637107372,
            -0.0029801761699898865,
            -0.0337795259293747,
            0.004850882780544112
        ],
        [
            0.0,
            0.0,
            0.0,
            0.0,
            1.0000000000000004,
            -0.15845643372550336,
            -0.04572995682307313,
            0.03078715255710476,
            0.18299406710660962,
            0.47984984576987816,
            0.004731123840688434,
            0.00372388902074447,
            -0.00040051571364852005,
            -0.008982732251510563,
            0.09595938583858872,
            -0.003423847731735017,
            -0.014303545558844067,
            0.0003895762188050421,
            0.0048508827805441145,
            0.0026945877488840217
        ],
        [
            0.6088166643199491,
            0.578990477473912,
            0.08673166668317703,
            0.515519595514745,
            -0.15845643372550336,
            0.9999999999999999,
            0.6848602514927513,
            0.0,
            0.0,
            0.0,
            0.5819659439919382,
            0.5695757861367975,
            0.03739193852467707,
            -0.5119635986997237,
            -0.16966395715429727,
            0.1529885495028775,
            0.33829021058912756,
            -0.007917902030537221,
            -0.19915059890998998,
            0.009809188646372827
        ],
        [
            0.5789904774739121,
            0.900665563709237,
            0.025030447040639767,
            0.14877710099910635,
            -0.04572995682307313,
            0.6848602514927513,
            1.0000000000000002,
            0.0,
            0.0,
            0.0,
            0.5695757861367975,
            0.8915099500454735,
            0.011225070573246058,
            -0.1536916178481831,
            -0.05093316816233803,
            0.33829021058912756,
            0.6441236553986147,
            -0.0072235117048849926,
            -0.1816853349173814,
            0.008948934797276308
        ],
        [
            -0.08673166668317701,
            -0.025030447040639756,
            0.519245697076974,
            -0.10016242357684041,
            0.030787152557104774,
            0.0,
            0.0,
            1.0000000000000004,
            0.0,
            0.0,
            -0.03739193852467708,
            -0.011225070573246067,
            0.5011278729048785,
            0.045216396816063605,
            0.014984645063743788,
            0.00791790203053722,
            0.007223511704884992,
            0.07211826184283464,
            -0.01509593527578014,
            0.0007435522550473916
        ],
        [
            -0.515519595514745,
            -0.14877710099910635,
            -0.1001624235768403,
            -0.059252785108271075,
            0.18299406710660962,
            0.0,
            0.0,
            0.0,
            1.0000000000000004,
            0.0,
            0.5119635986997237,
            0.15369161784818308,
            0.045216396816063584,
            -0.11466434150867844,
            -0.20516702569484047,
            0.19915059890998996,
            0.18168533491738134,
            -0.01509593527578014,
            -0.3069736107924392,
            0.018701781904153555
        ],
        [
            0.15845643372550336,
            0.04572995682307313,
            0.030787152557104753,
            0.18299406710660968,
            0.47984984576987816,
            0.0,
            0.0,
            0.0,
            0.0,
            1.0000000000000004,
            0.16966395715429725,
            0.05093316816233799,
            0.014984645063743782,
            -0.20516702569484047,
            0.4364382722945525,
            -0.009809188646372834,
            -0.00894893479727629,
            0.0007435522550473919,
            0.01870178190415356,
            0.07179729283496789
        ],
        [
            0.1842060309044244,
            0.3646523137478833,
            0.010549704238511195,
            0.23660786650267385,
            0.004731123840688434,
            0.5819659439919382,
            0.5695757861367975,
            -0.037391938524677086,
            0.5119635986997237,
            0.16966395715429727,
            0.9999999999999999,
            0.6848602514927513,
            0.0,
            0.0,
            0.0,
            0.5259346882313957,
            0.5487472024848599,
            -0.06983661329976958,
            -0.47863508653650677,
            0.19503558417708178
        ],
        [
            0.3646523137478833,
            0.6750211848727398,
            0.008303720026947459,
            0.18623512424542019,
            0.003723889020744471,
            0.5695757861367975,
            0.8915099500454735,
            -0.011225070573246069,
            0.1536916178481831,
            0.05093316816233803,
            0.6848602514927513,
            1.0000000000000002,
            0.0,
            0.0,
            0.0,
            0.5487472024848599,
            0.8710472802648774,
            -0.022899653349897523,
            -0.15694600646993837,
            0.06395280437467411
        ],
        [
            -0.01054970423851119,
            -0.00830372002694747,
            0.09524591062805628,
            -0.020030160211021376,
            -0.00040051571364852005,
            0.03739193852467707,
            0.011225070573246055,
            0.5011278729048785,
            0.045216396816063584,
            0.014984645063743782,
            0.0,
            0.0,
            1.0000000000000004,
            0.0,
            0.0,
            0.06983661329976953,
            0.02289965334989751,
            0.4262871354833691,
            -0.08881447321918133,
            0.036190373741774605
        ],
        [
            -0.2366078665026738,
            -0.18623512424542002,
            -0.020030160211021362,
            -0.353095722882038,
            -0.00898273225151056,
            -0.5119635986997237,
            -0.15369161784818308,
            0.045216396816063605,
            -0.11466434150867844,
            -0.20516702569484047,
            0.0,
            0.0,
            0.0,
            1.0000000000000004,
            0.0,
            0.4786350865365067,
            0.15694600646993795,
            -0.08881447321918125,
            -0.16945666443564178,
            0.24803583463203185
        ],
        [
            -0.004731123840688434,
            -0.00372388902074447,
            -0.0004005157136485199,
            -0.008982732251510563,
            0.09595938583858872,
            -0.16966395715429725,
            -0.05093316816233799,
            0.014984645063743788,
            -0.20516702569484047,
            0.4364382722945525,
            0.0,
            0.0,
            0.0,
            0.0,
            1.0000000000000004,
            -0.19503558417708175,
            -0.06395280437467411,
            0.036190373741774626,
            0.2480358346320322,
            0.33817551753272596
        ],
        [
            0.021111487400780993,
            0.14786556008132562,
            0.0021034664990701142,
            0.02619171532361145,
            -0.0034238477317350183,
            0.1529885495028775,
            0.33829021058912756,
            0.007917902030537221,
            0.19915059890998998,
            -0.009809188646372834,
            0.5259346882313957,
            0.5487472024848599,
            0.06983661329976956,
            0.47863508653650677,
            -0.19503558417708178,
            0.9999999999999999,
            0.6848602514927513,
            0.0,
            0.0,
            0.0
        ],
        [
            0.14786556008132562,
            0.38388912985444873,
            0.008787490349550434,
            0.10941911637107377,
            -0.014303545558844081,
            0.33829021058912756,
            0.6441236553986147,
            0.007223511704884994,
            0.1816853349173814,
            -0.008948934797276294,
            0.5487472024848599,
            0.8710472802648774,
            0.022899653349897516,
            0.15694600646993837,
            -0.06395280437467413,
            0.6848602514927513,
            1.0000000000000002,
            0.0,
            0.0,
            0.0
        ],
        [
            -0.0021034664990701142,
            -0.008787490349550437,
            0.003089368432104729,
            -0.0029801761699898874,
            0.0003895762188050421,
            -0.00791790203053722,
            -0.00722351170488499,
            0.07211826184283464,
            -0.01509593527578014,
            0.0007435522550473919,
            -0.06983661329976953,
            -0.022899653349897506,
            0.4262871354833691,
            -0.0888144732191812,
            0.036190373741774605,
            0.0,
            0.0,
            1.0000000000000004,
            0.0,
            0.0
        ],
        [
            -0.02619171532361144,
            -0.10941911637107372,
            -0.002980176169989887,
            -0.0337795259293747,
            0.004850882780544112,
            -0.19915059890998996,
            -0.18168533491738134,
            -0.01509593527578014,
            -0.3069736107924392,
            0.01870178190415356,
            -0.47863508653650666,
            -0.1569460064699383,
            -0.08881447321918136,
            -0.16945666443564178,
            0.2480358346320322,
            0.0,
            0.0,
            0.0,
            1.0000000000000004,
            0.0
        ],
        [
            0.003423847731735017,
            0.014303545558844066,
            0.0003895762188050421,
            0.004850882780544113,
            0.0026945877488840217,
            0.009809188646372827,
            0.008948934797276278,
            0.0007435522550473916,
            0.018701781904153555,
            0.07179729283496789,
            0.19503558417708175,
            0.06395280437467414,
            0.036190373741774626,
            0.24803583463203185,
            0.33817551753272596,
            0.0,
            0.0,
            0.0,
            0.0,
            1.0000000000000004
        ]
    ],
    "h": [
        [
            -0.3322803942734971,
            -0.497075767202556,
            -0.05058294715486239,
            -0.3247385681307654,
            0.08814530933542966,
            -0.6403766830277247,
            -0.49326669707507054,
            0.011519058387846837,
            -0.005083985233451105,
            -0.03356546690040896,
            -0.33229896559524685,
            -0.3647680816492523,
            -0.0023926726289361655,
            0.36336801276999026,
            0.05309315077737656,
            -0.036199495043607297,
            -0.17446307739458522,
            0.0074301857050196735,
            0.10073034949717619,
            -0.013657894207122125
        ],
        [
            -0.497075767202556,
            -0.32818582268830987,
            -0.03924945794470995,
            -0.26648119622039573,
            0.06643937665111135,
            -0.5810790472514837,
            -0.3807751209574626,
            0.04522189519070227,
            0.09068748633773685,
            -0.10751581018597042,
            -0.39255572499878155,
            -0.3387811701481641,
            -0.015290995403929909,
            0.21349624499358566,
            0.07539690555399804,
            -0.16807025705329537,
            -0.22529808415412905,
            0.013995259984672322,
            0.1348855908686128,
            -0.03490032503554806
        ],
        [
            -0.05058294715486239,
            -0.03924945794470995,
            1.453783257141758,
            -0.04629335709144017,
            0.01354768082188329,
            -0.006826388104106268,
            -0.03649893144696005,
            0.4679172369161452,
            -0.15085466160272615,
            0.041930994881695396,
            -0.030499417366087064,
            -0.030847062996721474,
            -0.04177251431274773,
            0.03055393263723303,
            0.008482348428733667,
            -0.007707850655488168,
            -0.01700201465982879,
            -0.008654680467716919,
            0.01280653614446001,
            -0.0018716078942979798
        ],
        [
            -0.3247385681307654,
            -0.26648119622039573,
            -0.04629335709144017,
            1.1528472592472392,
            0.07969541135593125,
            -0.10178006336358025,
            -0.2657762311148485,
            -0.1341862387517123,
            -0.441415728142904,
            0.22632368246090345,
            -0.28980615715806557,
            -0.22448904858198515,
            -0.02082942957727503,
            0.04636605631864088,
            0.06833274941644306,
            -0.10474355054252023,
            -0.15131266365821094,
            0.01249768454702924,
            0.13728302013533844,
            -0.02467049508793178
        ],
        [
            0.08814530933542966,
            0.06643937665111135,
            0.01354768082188329,
            0.07969541135593125,
            1.436502128609711,
            0.0034013808555123926,
            0.059498261567289074,
            0.044413646286089715,
            0.2714397165785486,
            0.41176054997278966,
            0.041214501937127675,
            0.050670401488910825,
            0.0014807554578807319,
            -0.06815022233233103,
            -0.05326295113102522,
            0.008959192155436037,
            0.025247819825364955,
            -0.0013466491438538881,
            -0.0187407144935912,
            -0.007349456985478476
        ],
        [
            -0.6403766830277247,
            -0.5810790472514837,
            -0.006826388104106268,
            -0.10178006336358025,
            0.0034013808555123926,
            -0.5300731586701748,
            -0.636183217748827,
            0.06632993018006991,
            0.043204639073179785,
            -0.1694112046630077,
            -0.5889373343094009,
            -0.5597406946808814,
            -0.004065225491064875,
            0.09015819989851193,
            0.030248455861403345,
            -0.28072908053424084,
            -0.3716908703614397,
            0.02297558520164083,
            0.25590438831177875,
            -0.055364500512388476
        ],
        [
            -0.49326669707507054,
            -0.3807751209574626,
            -0.03649893144696005,
            -0.2657762311148485,
            0.059498261567289074,
            -0.636183217748827,
            -0.44396894651580987,
            0.04891932714772252,
            -0.009406948927612721,
            -0.12889648458076772,
            -0.5473761817296331,
            -0.42924420515778294,
            -0.026820248356180673,
            0.15601988308460885,
            0.10944468151806054,
            -0.32829462823398214,
            -0.3262975464810024,
            0.02326053573153181,
            0.18808781512777706,
            -0.06257601047160274
        ],
        [
            0.011519058387846837,
            0.04522189519070227,
            0.4679172369161452,
            -0.1341862387517123,
            0.044413646286089715,
            0.06632993018006991,
            0.04891932714772252,
            1.3660810515988506,
            -0.031742982053347676,
            0.02013835878457186,
            0.009350410056607542,
            0.03349495575862883,
            0.4248561787661642,
            0.040665080484345806,
            0.02022797024126727,
            0.0010209924440894354,
            0.01642782509447096,
            -0.04495027564638154,
            -0.014067379834606101,
            0.0023125172098114022
        ],
        [
            -0.005083985233451105,
            0.09068748633773685,
            -0.15085466160272615,
            -0.441415728142904,
            0.2714397165785486,
            0.043204639073179785,
            -0.009406948927612721,
            -0.031742982053347676,
            0.7791507493133665,
            0.006557145658188317,
            -0.04656261591104416,
            -0.12776528031632978,
            0.04722568888512993,
            -0.6499903549886199,
            -0.2572768781653119,
            -0.32908081485697094,
            -0.19800731074979044,
            0.024336852175635713,
            0.0904093460145009,
            -0.07139605796026692
        ],
        [
            -0.03356546690040896,
            -0.10751581018597042,
            0.041930994881695396,
            0.22632368246090345,
            0.41176054997278966,
            -0.1694112046630077,
            -0.12889648458076772,
            0.02013835878457186,
            0.006557145658188317,
            1.3226286998300787,
            -0.02474714754506363,
            -0.10191976574982596,
            0.021474657364874594,
            -0.25156004361931417,
            0.3389096557430945,
            -0.03533298384583196,
            -0.06597974905826975,
            0.005649767563055679,
            0.057730960366207056,
            -0.057997746540309286
        ],
        [
            -0.33229896559524685,
            -0.39255572499878155,
            -0.030499417366087064,
            -0.28980615715806557,
            0.041214501937127675,
            -0.5889373343094009,
            -0.5473761817296331,
            0.009350410056607542,
            -0.04656261591104416,
            -0.02474714754506363,
            -0.46248633691624685,
            -0.6120492763314012,
            -0.05036546487216305,
            0.024884808396816588,
            0.1732777965257,
            -0.5676622492305721,
            -0.5434630920020432,
            0.007250431247338374,
            0.09725318664709848,
            -0.016709996166357877
        ],
        [
            -0.3647680816492523,
            -0.3387811701481641,
            -0.030847062996721474,
            -0.22448904858198515,
            0.050670401488910825,
            -0.5597406946808814,
            -0.42924420515778294,
            0.03349495575862883,
            -0.12776528031632978,
            -0.10191976574982596,
            -0.6120492763314012,
            -0.4429725725666396,
            -0.03946890217607449,
            0.04329152912828911,
            0.13968106862193502,
            -0.45434349026267995,
            -0.37365089984698385,
            0.0270411797074034,
            0.22356424803640995,
            -0.07268825116614269
        ],
        [
            -0.0023926726289361655,
            -0.015290995403929909,
            -0.04177251431274773,
            -0.02082942957727503,
            0.0014807554578807319,
            -0.004065225491064875,
            -0.026820248356180673,
            0.4248561787661642,
            0.04722568888512993,
            0.021474657364874594,
            -0.05036546487216305,
            -0.03946890217607449,
            1.3880035076485682,
            -0.01820337724179689,
            0.01862992144215194,
            -0.012129215695700149,
            -0.03580807191631799,
            0.33494702396197795,
            -0.11233042068414073,
            0.04825245443953524
        ],
        [
            0.36336801276999026,
            0.21349624499358566,
            0.03055393263723303,
            0.04636605631864088,
            -0.06815022233233103,
            0.09015819989851193,
            0.15601988308460885,
            0.040665080484345806,
            -0.6499903549886199,
            -0.25156004361931417,
            0.024884808396816588,
            0.04329152912828911,
            -0.01820337724179689,
            0.8373023008247313,
            0.007994374997557431,
            -0.027963176145928914,
            -0.07632517445998482,
            -0.12466410876726602,
            -0.5272047788311058,
            0.34528744947285084
        ],
        [
            0.05309315077737656,
            0.07539690555399804,
            0.008482348428733667,
            0.06833274941644306,
            -0.05326295113102522,
            0.030248455861403345,
            0.10944468151806054,
            0.02022797024126727,
            -0.2572768781653119,
            0.3389096557430945,
            0.1732777965257,
            0.13968106862193502,
            0.01862992144215194,
            0.007994374997557431,
            1.3319660791560683,
            0.03605586525356247,
            0.11414504706328645,
            0.04734103707723043,
            0.30451128364244306,
            0.21830402475447136
        ],
        [
            -0.036199495043607297,
            -0.16807025705329537,
            -0.007707850655488168,
            -0.10474355054252023,
            0.008959192155436037,
            -0.28072908053424084,
            -0.32829462823398214,
            0.0010209924440894354,
            -0.32908081485697094,
            -0.03533298384583196,
            -0.5676622492305721,
            -0.45434349026267995,
            -0.012129215695700149,
            -0.027963176145928914,
            0.03605586525356247,
            -0.25510950251037356,
            -0.46479912977972127,
            0.03527857714714911,
            0.2602502066899246,
            -0.0977413218473755
        ],
        [
            -0.17446307739458522,
            -0.22529808415412905,
            -0.01700201465982879,
            -0.15131266365821094,
            0.025247819825364955,
            -0.3716908703614397,
            -0.3262975464810024,
            0.01642782509447096,
            -0.19800731074979044,
            -0.06597974905826975,
            -0.5434630920020432,
            -0.37365089984698385,
            -0.03580807191631799,
            -0.07632517445998482,
            0.11414504706328645,
            -0.46479912977972127,
            -0.31776856277249066,
            0.02981254254722719,
            0.2297752532232089,
            -0.08172861213093745
        ],
        [
            0.0074301857050196735,
            0.013995259984672322,
            -0.008654680467716919,
            0.01249768454702924,
            -0.0013466491438538881,
            0.02297558520164083,
            0.02326053573153181,
            -0.04495027564638154,
            0.024336852175635713,
            0.005649767563055679,
            0.007250431247338374,
            0.0270411797074034,
            0.33494702396197795,
            -0.12466410876726602,
            0.04734103707723043,
            0.03527857714714911,
            0.02981254254722719,
            1.4876020654255044,
            -0.03145440289103753,
            0.0124422656057235
        ],
        [
            0.10073034949717619,
            0.1348855908686128,
            0.01280653614446001,
            0.13728302013533844,
            -0.0187407144935912,
            0.25590438831177875,
            0.18808781512777706,
            -0.014067379834606101,
            0.0904093460145009,
            0.057730960366207056,
            0.09725318664709848,
            0.22356424803640995,
            -0.11233042068414073,
            -0.5272047788311058,
            0.30451128364244306,
            0.2602502066899246,
            0.2297752532232089,
            -0.03145440289103753,
            1.252799403132847,
            0.08609395339117101
        ],
        [
            -0.013657894207122125,
            -0.03490032503554806,
            -0.0018716078942979798,
            -0.02467049508793178,
            -0.007349456985478476,
            -0.055364500512388476,
            -0.06257601047160274,
            0.0023125172098114022,
            -0.07139605796026692,
            -0.057997746540309286,
            -0.016709996166357877,
            -0.07268825116614269,
            0.04825245443953524,
            0.34528744947285084,
            0.21830402475447136,
            -0.0977413218473755,
            -0.08172861213093745,
            0.0124422656057235,
            0.08609395339117101,
            1.45733972323675
        ]
    ]
}