{
    "HF": -2.149862188013739,
    "coordinates": [
        [
            0.824731,
            0.029307,
            -0.115599
        ],
        [
            1.540661,
            -0.183088,
            0.05086
        ],
        [
            2.316085,
            -0.166923,
            -0.020379
        ],
        [
            3.130674,
            0.168991,
            0.129879
        ]
    ],
    "elements": [
        "H",
        "H",
        "H",
        "H"
    ],
    "Enn": 2.866529638515322,
    "S": [
        [
            0.9999999999999999,
            0.6848602514927513,
            0.0,
            0.0,
            0.0,
            0.5505627823403243,
            0.5581083565965619,
            -0.11555296543692697,
            -0.4969862521417232,
            0.14744094398005578,
            0.12325312188665354,
            0.3097770192521698,
            -0.01026868014539948,
            -0.16083004840959989,
            0.021161763336817265,
            0.00936827574074823,
            0.10436568412766328,
            -0.0011499346466562646,
            -0.010802123811154104,
            -0.0006543456895670232
        ],
        [
            0.6848602514927513,
            1.0000000000000002,
            0.0,
            0.0,
            0.0,
            0.5581083565965619,
            0.8802798997650205,
            -0.03640969295115159,
            -0.1565958672977605,
            0.046457306209696306,
            0.3097770192521698,
            0.6096575921099556,
            -0.011102432136712387,
            -0.17388843285879613,
            0.022879964904296078,
            0.10436568412766328,
            0.30860699949147663,
            -0.008919072324796598,
            -0.08378295567773264,
            -0.005075207141238269
        ],
        [
            0.0,
            0.0,
            1.0000000000000004,
            0.0,
            0.0,
            0.11555296543692695,
            0.03640969295115154,
            0.4340824680760099,
            -0.14471193123345147,
            0.04293169811899057,
            0.01026868014539948,
            0.01110243213671237,
            0.05116568120442627,
            -0.019318123387437717,
            0.002541848114074125,
            0.0011499346466562646,
            0.008919072324796601,
            0.0007646713932761367,
            -0.001332152408275602,
            -8.069600029036676e-05
        ],
        [
            0.0,
            0.0,
            0.0,
            1.0000000000000004,
            0.0,
            0.4969862521417234,
            0.15659586729776065,
            -0.1447119312334514,
            -0.15466812612871825,
            0.18464661348637754,
            0.16083004840959986,
            0.173888432858796,
            -0.019318123387437717,
            -0.250165068217016,
            0.0398109152732294,
            0.010802123811154103,
            0.08378295567773265,
            -0.0013321524082756013,
            -0.011607335053868708,
            -0.0007580328053738793
        ],
        [
            0.0,
            0.0,
            0.0,
            0.0,
            1.0000000000000004,
            -0.14744094398005572,
            -0.04645730620969627,
            0.042931698118990565,
            0.18464661348637754,
            0.41294993541185265,
            -0.021161763336817258,
            -0.02287996490429604,
            0.002541848114074124,
            0.039810915273229386,
            0.04716084788174503,
            0.0006543456895670232,
            0.005075207141238275,
            -8.069600029036676e-05,
            -0.0007580328053738796,
            0.0008605666753767061
        ],
        [
            0.5505627823403243,
            0.5581083565965619,
            0.11555296543692697,
            0.4969862521417234,
            -0.14744094398005578,
            0.9999999999999999,
            0.6848602514927513,
            0.0,
            0.0,
            0.0,
            0.5395937511238589,
            0.5539803591354333,
            0.04820958859628505,
            -0.5247529025910771,
            -0.01093934501690013,
            0.08881581703623205,
            0.270711598117345,
            -0.00571952946236841,
            -0.11508784215250488,
            -0.025484076153598604
        ],
        [
            0.5581083565965619,
            0.8802798997650205,
            0.036409692951151595,
            0.15659586729776068,
            -0.04645730620969633,
            0.6848602514927513,
            1.0000000000000002,
            0.0,
            0.0,
            0.0,
            0.5539803591354333,
            0.8762159037505572,
            0.015459157097394463,
            -0.1682702091984728,
            -0.003507871734294165,
            0.270711598117345,
            0.5604134555887136,
            -0.007975884511267782,
            -0.1604900094839772,
            -0.03553754720817329
        ],
        [
            -0.11555296543692695,
            -0.03640969295115154,
            0.4340824680760099,
            -0.1447119312334514,
            0.04293169811899057,
            0.0,
            0.0,
            1.0000000000000004,
            0.0,
            0.0,
            -0.048209588596285026,
            -0.015459157097394458,
            0.4490127844255801,
            0.06525412797293238,
            0.0013603305787317024,
            0.005719529462368412,
            0.007975884511267765,
            0.03120761320309649,
            -0.010347196602579932,
            -0.0022911955013196366
        ],
        [
            -0.4969862521417232,
            -0.15659586729776045,
            -0.14471193123345147,
            -0.1546681261287181,
            0.18464661348637756,
            0.0,
            0.0,
            0.0,
            1.0000000000000004,
            0.0,
            0.5247529025910769,
            0.1682702091984728,
            0.06525412797293234,
            -0.25527197114285094,
            -0.014806959371726889,
            0.1150878421525049,
            0.16049000948397715,
            -0.010347196602579937,
            -0.17648349313743264,
            -0.046103223688476705
        ],
        [
            0.14744094398005572,
            0.04645730620969629,
            0.042931698118990565,
            0.18464661348637745,
            0.41294993541185265,
            0.0,
            0.0,
            0.0,
            0.0,
            1.0000000000000004,
            0.010939345016900127,
            0.003507871734294165,
            0.0013603305787317024,
            -0.014806959371726897,
            0.4546990726039441,
            0.02548407615359861,
            0.03553754720817327,
            -0.0022911955013196384,
            -0.04610322368847672,
            0.021513131607866814
        ],
        [
            0.12325312188665354,
            0.3097770192521698,
            0.01026868014539948,
            0.16083004840959986,
            -0.021161763336817265,
            0.5395937511238589,
            0.5539803591354333,
            -0.04820958859628505,
            0.5247529025910774,
            0.01093934501690013,
            0.9999999999999999,
            0.6848602514927513,
            0.0,
            0.0,
            0.0,
            0.4508543542671567,
            0.5179690775447618,
            -0.0809973070112159,
            -0.4391081694216567,
            -0.18107607839426565
        ],
        [
            0.3097770192521698,
            0.6096575921099556,
            0.011102432136712383,
            0.17388843285879602,
            -0.022879964904296068,
            0.5539803591354333,
            0.8762159037505572,
            -0.015459157097394458,
            0.1682702091984728,
            0.003507871734294165,
            0.6848602514927513,
            1.0000000000000002,
            0.0,
            0.0,
            0.0,
            0.5179690775447618,
            0.8402600984185311,
            -0.030348741914734134,
            -0.1645286861769845,
            -0.0678470849575131
        ],
        [
            -0.010268680145399474,
            -0.011102432136712373,
            0.05116568120442627,
            -0.01931812338743772,
            0.002541848114074125,
            0.048209588596285026,
            0.01545915709739446,
            0.4490127844255801,
            0.06525412797293234,
            0.0013603305787317024,
            0.0,
            0.0,
            1.0000000000000004,
            0.0,
            0.0,
            0.08099730701121585,
            0.03034874191473411,
            0.33369338955322386,
            -0.11263893386367017,
            -0.04644918459478452
        ],
        [
            -0.1608300484095998,
            -0.17388843285879588,
            -0.019318123387437713,
            -0.250165068217016,
            0.03981091527322939,
            -0.5247529025910769,
            -0.1682702091984728,
            0.06525412797293238,
            -0.2552719711428508,
            -0.014806959371726897,
            0.0,
            0.0,
            0.0,
            1.0000000000000004,
            0.0,
            0.4391081694216567,
            0.16452868617698446,
            -0.11263893386367023,
            -0.2561753153153479,
            -0.2518135129569202
        ],
        [
            0.021161763336817258,
            0.02287996490429605,
            0.002541848114074124,
            0.03981091527322939,
            0.04716084788174503,
            -0.010939345016900127,
            -0.003507871734294165,
            0.0013603305787317024,
            -0.014806959371726889,
            0.4546990726039441,
            0.0,
            0.0,
            0.0,
            0.0,
            1.0000000000000004,
            0.18107607839426565,
            0.06784708495751304,
            -0.04644918459478454,
            -0.2518135129569202,
            0.2506296807787086
        ],
        [
            0.00936827574074823,
            0.10436568412766328,
            0.0011499346466562646,
            0.010802123811154106,
            0.0006543456895670232,
            0.08881581703623205,
            0.270711598117345,
            0.005719529462368412,
            0.11508784215250492,
            0.025484076153598604,
            0.4508543542671567,
            0.5179690775447618,
            0.0809973070112159,
            0.4391081694216567,
            0.18107607839426565,
            0.9999999999999999,
            0.6848602514927513,
            0.0,
            0.0,
            0.0
        ],
        [
            0.10436568412766328,
            0.30860699949147663,
            0.008919072324796598,
            0.08378295567773267,
            0.005075207141238269,
            0.270711598117345,
            0.5604134555887136,
            0.007975884511267777,
            0.1604900094839772,
            0.03553754720817329,
            0.5179690775447618,
            0.8402600984185311,
            0.030348741914734127,
            0.1645286861769845,
            0.0678470849575131,
            0.6848602514927513,
            1.0000000000000002,
            0.0,
            0.0,
            0.0
        ],
        [
            -0.0011499346466562646,
            -0.008919072324796605,
            0.0007646713932761367,
            -0.001332152408275602,
            -8.069600029036676e-05,
            -0.005719529462368414,
            -0.00797588451126776,
            0.03120761320309649,
            -0.010347196602579932,
            -0.0022911955013196375,
            -0.08099730701121585,
            -0.03034874191473411,
            0.33369338955322386,
            -0.11263893386367017,
            -0.04644918459478452,
            0.0,
            0.0,
            1.0000000000000004,
            0.0,
            0.0
        ],
        [
            -0.010802123811154104,
            -0.08378295567773268,
            -0.0013321524082756013,
            -0.011607335053868708,
            -0.0007580328053738793,
            -0.11508784215250493,
            -0.16049000948397715,
            -0.010347196602579937,
            -0.17648349313743258,
            -0.04610322368847672,
            -0.4391081694216567,
            -0.16452868617698446,
            -0.11263893386367023,
            -0.2561753153153479,
            -0.2518135129569202,
            0.0,
            0.0,
            0.0,
            1.0000000000000004,
            0.0
        ],
        [
            -0.0006543456895670232,
            -0.005075207141238272,
            -8.069600029036676e-05,
            -0.0007580328053738796,
            0.0008605666753767061,
            -0.02548407615359861,
            -0.03553754720817327,
            -0.002291195501319638,
            -0.046103223688476705,
            0.021513131607866814,
            -0.18107607839426565,
            -0.06784708495751304,
            -0.04644918459478454,
            -0.2518135129569202,
            0.2506296807787086,
            0.0,
            0.0,
            0.0,
            0.0,
            1.0000000000000004
        ]
    ],
    "h": [
        [
            -0.27406500092933883,
            -0.46987953306297336,
            -0.06066944405507448,
            -0.2729868835620523,
            0.0808096153708519,
            -0.5859018532044513,
            -0.4655205417492909,
            0.015102966451051969,
            0.015297678903607448,
            -0.008491589934458532,
            -0.25729024882076507,
            -0.31836420047795394,
            -0.0008576553975781567,
            0.31612939859102485,
            -0.008067883200656621,
            -0.001079883763764361,
            -0.12021470914560234,
            0.004343378301653573,
            0.05016710380928147,
            0.007568107780991316
        ],
        [
            -0.46987953306297336,
            -0.3160563275479251,
            -0.049986414443129214,
            -0.23380493022308393,
            0.06723627804786661,
            -0.5447946315836847,
            -0.37049633539274285,
            0.056602895749992686,
            0.09375907082426582,
            -0.05890772513209731,
            -0.33606293160360173,
            -0.31422866505121116,
            -0.016758685742361536,
            0.19961517684679708,
            -0.011063288070754802,
            -0.11641158658186163,
            -0.18193092726808624,
            0.012606741390393424,
            0.09316397656158701,
            0.028242707082611448
        ],
        [
            -0.06066944405507448,
            -0.049986414443129214,
            1.4583884368283055,
            -0.055103876632265174,
            0.016257178038299073,
            -0.010860886561387395,
            -0.04594672337602199,
            0.3457715251987,
            -0.20547502657455202,
            0.05939860863825709,
            -0.03384699409091767,
            -0.03697817743404623,
            -0.0481906127403188,
            0.04283348922049106,
            -0.0009092671790670364,
            -0.004497532416498256,
            -0.016778739970068804,
            -0.0021893299745252702,
            0.00826041502138792,
            0.0012684656314189784
        ],
        [
            -0.2729868835620523,
            -0.23380493022308393,
            -0.055103876632265174,
            1.2164349839294564,
            0.07247471437158148,
            -0.08445198442756352,
            -0.22846287572656238,
            -0.19000726938807883,
            -0.514725609036373,
            0.2502088483749765,
            -0.24310526228267945,
            -0.18654228043075083,
            -0.011577869738825842,
            0.1725531111934938,
            -0.005409327419790083,
            -0.05416737139614368,
            -0.10855532009589243,
            0.007937974524614127,
            0.06835545537901755,
            0.011443406578969027
        ],
        [
            0.0808096153708519,
            0.06723627804786661,
            0.016257178038299073,
            0.07247471437158148,
            1.4498018927228988,
            0.018505981467287547,
            0.06242562724251508,
            0.057452586420600374,
            0.26178292280218235,
            0.316281229634649,
            0.04906768343379063,
            0.04952343744571134,
            0.002267133694501352,
            -0.0587953224913701,
            -0.04547070593974943,
            0.0018382820535611552,
            0.019559047766048998,
            -0.00026139255926244917,
            -0.002787716951233186,
            -0.003988268257731623
        ],
        [
            -0.5859018532044513,
            -0.5447946315836847,
            -0.010860886561387395,
            -0.08445198442756352,
            0.018505981467287547,
            -0.45812412127494584,
            -0.6049415863053589,
            0.0808106932025561,
            0.03266598702717416,
            -0.07887879306313121,
            -0.5211078931233872,
            -0.5148049147997104,
            -0.003733142193497241,
            0.07813221849807794,
            -0.01908998805091833,
            -0.1975139759617378,
            -0.30550649421671405,
            0.020937790061398405,
            0.19572934319325463,
            0.05846618083857029
        ],
        [
            -0.4655205417492909,
            -0.37049633539274285,
            -0.04594672337602199,
            -0.22846287572656238,
            0.06242562724251508,
            -0.6049415863053589,
            -0.43523950287542124,
            0.0637192369377869,
            -0.0038335289891238133,
            -0.06463313554201526,
            -0.4993013707729269,
            -0.4103474050124969,
            -0.03005878267019043,
            0.15631913171681666,
            -0.035867475076046804,
            -0.27254343262245273,
            -0.2936453742405969,
            0.02355963032425603,
            0.14435869356630365,
            0.055679482336855615
        ],
        [
            0.015102966451051969,
            0.056602895749992686,
            0.3457715251987,
            -0.19000726938807883,
            0.057452586420600374,
            0.0808106932025561,
            0.0637192369377869,
            1.3820104513387432,
            -0.03514502363943603,
            0.01636901805984814,
            0.011213586460567762,
            0.04160811190046296,
            0.3565235025455731,
            0.06730711755761878,
            0.002385340272815468,
            -8.005364243262453e-06,
            0.01803800773553417,
            -0.04086448647393681,
            -0.005273848327008335,
            -0.0018352349866282611
        ],
        [
            0.015297678903607448,
            0.09375907082426582,
            -0.20547502657455202,
            -0.514725609036373,
            0.26178292280218235,
            0.03266598702717416,
            -0.0038335289891238133,
            -0.03514502363943603,
            0.8726692036995665,
            0.060682563656865,
            -0.0350155651875691,
            -0.12134407380017603,
            0.07632582117140732,
            -0.7483100206704177,
            -0.0431467276110567,
            -0.26954421110462595,
            -0.1817617439294851,
            0.028535303659540337,
            0.1915045008649942,
            0.07673306147258274
        ],
        [
            -0.008491589934458532,
            -0.05890772513209731,
            0.05939860863825709,
            0.2502088483749765,
            0.316281229634649,
            -0.07887879306313121,
            -0.06463313554201526,
            0.01636901805984814,
            0.060682563656865,
            1.3765502489330357,
            -0.023665913198953645,
            -0.04273438631446291,
            0.0011044552604596797,
            -0.0018919533358863483,
            0.3615779481283342,
            -0.024529735642543127,
            -0.01888814379439127,
            0.002778666660910263,
            0.028433631547447172,
            -0.031850874704944895
        ],
        [
            -0.25729024882076507,
            -0.33606293160360173,
            -0.03384699409091767,
            -0.24310526228267945,
            0.04906768343379063,
            -0.5211078931233872,
            -0.4993013707729269,
            0.011213586460567762,
            -0.0350155651875691,
            -0.023665913198953645,
            -0.38318197286248923,
            -0.5746853664434781,
            -0.05501066488117098,
            0.04200661930018701,
            -0.07258867485747686,
            -0.5013441816177184,
            -0.4960308437041917,
            0.01084092186058594,
            0.08410190630867131,
            0.029623609909095294
        ],
        [
            -0.31836420047795394,
            -0.31422866505121116,
            -0.03697817743404623,
            -0.18654228043075083,
            0.04952343744571134,
            -0.5148049147997104,
            -0.4103474050124969,
            0.04160811190046296,
            -0.12134407380017603,
            -0.04273438631446291,
            -0.5746853664434781,
            -0.4330668617927058,
            -0.046272874511975245,
            0.047598397983499775,
            -0.06499345197291029,
            -0.4178235507239322,
            -0.3571984011820203,
            0.02860713561936997,
            0.17588851022952756,
            0.06853798883878628
        ],
        [
            -0.0008576553975781567,
            -0.016758685742361536,
            -0.0481906127403188,
            -0.011577869738825842,
            0.002267133694501352,
            -0.003733142193497241,
            -0.03005878267019043,
            0.3565235025455731,
            0.07632582117140732,
            0.0011044552604596797,
            -0.05501066488117098,
            -0.046272874511975245,
            1.410658073215666,
            -0.012428574047050167,
            -0.012213390997131835,
            -0.015532343346506106,
            -0.039005721359613325,
            0.21323303103578206,
            -0.13443872975686738,
            -0.05624536887453278
        ],
        [
            0.31612939859102485,
            0.19961517684679708,
            0.04283348922049106,
            0.1725531111934938,
            -0.0587953224913701,
            0.07813221849807794,
            0.15631913171681666,
            0.06730711755761878,
            -0.7483100206704177,
            -0.0018919533358863483,
            0.04200661930018701,
            0.047598397983499775,
            -0.012428574047050167,
            0.9452663343338898,
            -0.07363339075909478,
            -0.05417541405312465,
            -0.0742201736940501,
            -0.14371080873467226,
            -0.5530132287882444,
            -0.3215932186344238
        ],
        [
            -0.008067883200656621,
            -0.011063288070754802,
            -0.0009092671790670364,
            -0.005409327419790083,
            -0.04547070593974943,
            -0.01908998805091833,
            -0.035867475076046804,
            0.002385340272815468,
            -0.0431467276110567,
            0.3615779481283342,
            -0.07258867485747686,
            -0.06499345197291029,
            -0.012213390997131835,
            -0.07363339075909478,
            1.3904621453332788,
            -0.021950860153861274,
            -0.06372978032473836,
            -0.05825277677074503,
            -0.31151537757526443,
            0.10951618338796792
        ],
        [
            -0.001079883763764361,
            -0.11641158658186163,
            -0.004497532416498256,
            -0.05416737139614368,
            0.0018382820535611552,
            -0.1975139759617378,
            -0.27254343262245273,
            -8.005364243262453e-06,
            -0.26954421110462595,
            -0.024529735642543127,
            -0.5013441816177184,
            -0.4178235507239322,
            -0.015532343346506106,
            -0.05417541405312465,
            -0.021950860153861274,
            -0.192927686433076,
            -0.4322676806643051,
            0.03579671454981777,
            0.20241105126442055,
            0.08317238411806008
        ],
        [
            -0.12021470914560234,
            -0.18193092726808624,
            -0.016778739970068804,
            -0.10855532009589243,
            0.019559047766048998,
            -0.30550649421671405,
            -0.2936453742405969,
            0.01803800773553417,
            -0.1817617439294851,
            -0.01888814379439127,
            -0.4960308437041917,
            -0.3571984011820203,
            -0.039005721359613325,
            -0.0742201736940501,
            -0.06372978032473836,
            -0.4322676806643051,
            -0.30004675370165645,
            0.03257364691293065,
            0.18882436501323846,
            0.07646346805655904
        ],
        [
            0.004343378301653573,
            0.012606741390393424,
            -0.0021893299745252702,
            0.007937974524614127,
            -0.00026139255926244917,
            0.020937790061398405,
            0.02355963032425603,
            -0.04086448647393681,
            0.028535303659540337,
            0.002778666660910263,
            0.01084092186058594,
            0.02860713561936997,
            0.21323303103578206,
            -0.14371080873467226,
            -0.05825277677074503,
            0.03579671454981777,
            0.03257364691293065,
            1.499177682382201,
            -0.030733314720630116,
            -0.012663811538589576
        ],
        [
            0.05016710380928147,
            0.09316397656158701,
            0.00826041502138792,
            0.06835545537901755,
            -0.002787716951233186,
            0.19572934319325463,
            0.14435869356630365,
            -0.005273848327008335,
            0.1915045008649942,
            0.028433631547447172,
            0.08410190630867131,
            0.17588851022952756,
            -0.13443872975686738,
            -0.5530132287882444,
            -0.31151537757526443,
            0.20241105126442055,
            0.18882436501323846,
            -0.030733314720630116,
            1.3281517251176158,
            -0.07097931427848193
        ],
        [
            0.007568107780991316,
            0.028242707082611448,
            0.0012684656314189784,
            0.011443406578969027,
            -0.003988268257731623,
            0.05846618083857029,
            0.055679482336855615,
            -0.0018352349866282611,
            0.07673306147258274,
            -0.031850874704944895,
            0.029623609909095294,
            0.06853798883878628,
            -0.05624536887453278,
            -0.3215932186344238,
            0.10951618338796792,
            0.08317238411806008,
            0.07646346805655904,
            -0.012663811538589576,
            -0.07097931427848193,
            1.4758340938019703
        ]
    ]
}