{
    "HF": -2.171128180571246,
    "coordinates": [
        [
            0.761367,
            0.098413,
            0.165627
        ],
        [
            1.453459,
            -0.147717,
            -0.084246
        ],
        [
            2.256318,
            -0.149305,
            0.181997
        ],
        [
            2.998411,
            -0.155566,
            -0.125829
        ]
    ],
    "elements": [
        "H",
        "H",
        "H",
        "H"
    ],
    "Enn": 2.890968184109536,
    "S": [
        [
            0.9999999999999999,
            0.6848602514927513,
            0.0,
            0.0,
            0.0,
            0.541953013517859,
            0.5548737537452768,
            0.17003275006937496,
            -0.4709524680978489,
            0.1674857258470313,
            0.12067562313234242,
            0.3071094267262221,
            -0.001720463566358103,
            -0.1571172100788399,
            0.02603480719188123,
            0.011403155433479443,
            0.11357548924351725,
            0.001736726580779754,
            -0.01333008679585894,
            0.0015134088173167175
        ],
        [
            0.6848602514927513,
            1.0000000000000002,
            0.0,
            0.0,
            0.0,
            0.5548737537452768,
            0.8770964213973615,
            0.05431682515884586,
            -0.15044538688788292,
            0.05350318032099,
            0.3071094267262221,
            0.606372801229246,
            -0.001891125688973116,
            -0.17270251923372287,
            0.028617341076422834,
            0.11357548924351728,
            0.3254059942399758,
            0.011595883665329062,
            -0.08900314962883728,
            0.010104821782487276
        ],
        [
            0.0,
            0.0,
            1.0000000000000004,
            0.0,
            0.0,
            -0.17003275006937493,
            -0.05431682515884585,
            0.38354180870722676,
            0.20551023930723944,
            -0.07308599897223322,
            0.001720463566358103,
            0.0018911256889731153,
            0.05070375672608621,
            -0.003223666970618471,
            0.0005341715779498234,
            -0.001736726580779754,
            -0.011595883665329057,
            0.0009690190055361021,
            0.002104338123747832,
            -0.00023891246320204284
        ],
        [
            0.0,
            0.0,
            0.0,
            1.0000000000000004,
            0.0,
            0.4709524680978491,
            0.1504453868878829,
            0.20551023930723944,
            -0.11147787599024071,
            0.20243177614504504,
            0.1571172100788398,
            0.17270251923372282,
            -0.003223666970618482,
            -0.24365460027684163,
            0.04878193858446351,
            0.01333008679585894,
            0.08900314962883725,
            0.0021043381237478313,
            -0.014908470475370975,
            0.001833750865761386
        ],
        [
            0.0,
            0.0,
            0.0,
            0.0,
            1.0000000000000004,
            -0.1674857258470313,
            -0.05350318032098998,
            -0.07308599897223322,
            0.20243177614504504,
            0.38574805724620415,
            -0.02603480719188123,
            -0.028617341076422814,
            0.0005341715779498252,
            0.04878193858446351,
            0.04265573854090347,
            -0.0015134088173167173,
            -0.01010482178248727,
            -0.00023891246320204273,
            0.001833750865761386,
            0.0010349934615860668
        ],
        [
            0.541953013517859,
            0.5548737537452768,
            -0.17003275006937496,
            0.47095246809784913,
            -0.1674857258470313,
            0.9999999999999999,
            0.6848602514927513,
            0.0,
            0.0,
            0.0,
            0.48717282683608903,
            0.5333036801656075,
            -0.15830760335805638,
            -0.4773785005594354,
            0.0009442219105576382,
            0.11157746933968685,
            0.29739739491309175,
            0.003972279185693248,
            -0.14758388458012064,
            0.0007497876374601718
        ],
        [
            0.5548737537452768,
            0.8770964213973615,
            -0.05431682515884586,
            0.15044538688788292,
            -0.05350318032099,
            0.6848602514927513,
            1.0000000000000002,
            0.0,
            0.0,
            0.0,
            0.5333036801656075,
            0.8556837101374015,
            -0.05547662537390237,
            -0.16729043757419323,
            0.0003308890040067119,
            0.29739739491309175,
            0.5943212613939557,
            0.0046414779974232245,
            -0.17244693059844188,
            0.0008761022726059983
        ],
        [
            0.17003275006937493,
            0.05431682515884585,
            0.38354180870722676,
            0.20551023930723944,
            -0.07308599897223322,
            0.0,
            0.0,
            1.0000000000000004,
            0.0,
            0.0,
            0.15830760335805633,
            0.055476625373902355,
            0.3223501251742128,
            -0.2192316515720854,
            0.00043362516045341833,
            -0.003972279185693246,
            -0.004641477997423223,
            0.04481619955492715,
            0.007508479166782788,
            -3.814620323484358e-05
        ],
        [
            -0.4709524680978489,
            -0.1504453868878829,
            0.20551023930723944,
            -0.11147787599024071,
            0.20243177614504504,
            0.0,
            0.0,
            0.0,
            1.0000000000000004,
            0.0,
            0.4773785005594354,
            0.16729043757419287,
            -0.2192316515720854,
            -0.2660442831995127,
            0.0013076019376902714,
            0.14758388458012056,
            0.172446930598442,
            0.007508479166782793,
            -0.23394762803635147,
            0.0014172631358987586
        ],
        [
            0.1674857258470313,
            0.053503180320989996,
            -0.07308599897223322,
            0.20243177614504504,
            0.38574805724620415,
            0.0,
            0.0,
            0.0,
            0.0,
            1.0000000000000004,
            -0.0009442219105576382,
            -0.00033088900400671186,
            0.00043362516045341833,
            0.0013076019376902714,
            0.3950488383201446,
            -0.0007497876374601715,
            -0.000876102272605998,
            -3.814620323484386e-05,
            0.0014172631358987684,
            0.045011092982579694
        ],
        [
            0.12067562313234242,
            0.3071094267262221,
            0.001720463566358103,
            0.1571172100788399,
            -0.02603480719188123,
            0.48717282683608903,
            0.5333036801656075,
            0.15830760335805638,
            0.4773785005594354,
            -0.0009442219105576382,
            0.9999999999999999,
            0.6848602514927513,
            0.0,
            0.0,
            0.0,
            0.5201634144719257,
            0.5465043161419854,
            0.1988660518805473,
            -0.4794172845639776,
            0.004044818666467793
        ],
        [
            0.3071094267262221,
            0.606372801229246,
            0.001891125688973116,
            0.17270251923372287,
            -0.028617341076422834,
            0.5333036801656075,
            0.8556837101374015,
            0.05547662537390237,
            0.16729043757419323,
            -0.0003308890040067119,
            0.6848602514927513,
            1.0000000000000002,
            0.0,
            0.0,
            0.0,
            0.5465043161419854,
            0.8688263144535785,
            0.0658376100809593,
            -0.1587183330121868,
            0.001339098311113707
        ],
        [
            -0.001720463566358103,
            -0.0018911256889731153,
            0.05070375672608621,
            -0.0032236669706184828,
            0.0005341715779498253,
            -0.15830760335805633,
            -0.05547662537390236,
            0.3223501251742128,
            -0.2192316515720854,
            0.00043362516045341833,
            0.0,
            0.0,
            1.0000000000000004,
            0.0,
            0.0,
            -0.1988660518805473,
            -0.06583761008095929,
            0.32618906534808234,
            0.25656435726123644,
            -0.0021646201228317933
        ],
        [
            -0.1571172100788398,
            -0.17270251923372282,
            -0.0032236669706184706,
            -0.24365460027684163,
            0.04878193858446351,
            -0.4773785005594354,
            -0.1672904375741932,
            -0.2192316515720854,
            -0.2660442831995127,
            0.0013076019376902714,
            0.0,
            0.0,
            0.0,
            1.0000000000000004,
            0.0,
            0.4794172845639777,
            0.15871833301218677,
            0.2565643572612361,
            -0.18589977575058375,
            0.00521836830161394
        ],
        [
            0.02603480719188123,
            0.028617341076422814,
            0.0005341715779498233,
            0.04878193858446351,
            0.04265573854090347,
            0.0009442219105576382,
            0.00033088900400671186,
            0.00043362516045341833,
            0.0013076019376902714,
            0.3950488383201446,
            0.0,
            0.0,
            0.0,
            0.0,
            1.0000000000000004,
            -0.004044818666467794,
            -0.001339098311113707,
            -0.002164620122831773,
            0.005218368301613897,
            0.4325699470359044
        ],
        [
            0.011403155433479443,
            0.11357548924351725,
            -0.001736726580779754,
            0.013330086795858943,
            -0.0015134088173167175,
            0.11157746933968685,
            0.29739739491309175,
            -0.003972279185693248,
            0.14758388458012064,
            -0.0007497876374601718,
            0.5201634144719257,
            0.5465043161419854,
            -0.1988660518805473,
            0.4794172845639776,
            -0.004044818666467793,
            0.9999999999999999,
            0.6848602514927513,
            0.0,
            0.0,
            0.0
        ],
        [
            0.11357548924351728,
            0.3254059942399758,
            -0.011595883665329062,
            0.08900314962883728,
            -0.010104821782487276,
            0.29739739491309175,
            0.5943212613939557,
            -0.0046414779974232245,
            0.17244693059844204,
            -0.0008761022726059983,
            0.5465043161419854,
            0.8688263144535785,
            -0.0658376100809593,
            0.1587183330121861,
            -0.001339098311113707,
            0.6848602514927513,
            1.0000000000000002,
            0.0,
            0.0,
            0.0
        ],
        [
            0.001736726580779754,
            0.011595883665329057,
            0.0009690190055361021,
            0.002104338123747832,
            -0.00023891246320204284,
            0.003972279185693246,
            0.004641477997423223,
            0.04481619955492715,
            0.007508479166782793,
            -3.814620323484386e-05,
            0.1988660518805473,
            0.06583761008095929,
            0.32618906534808234,
            0.2565643572612361,
            -0.002164620122831773,
            0.0,
            0.0,
            1.0000000000000004,
            0.0,
            0.0
        ],
        [
            -0.01333008679585894,
            -0.08900314962883725,
            0.0021043381237478313,
            -0.014908470475370975,
            0.001833750865761386,
            -0.14758388458012056,
            -0.1724469305984418,
            0.007508479166782788,
            -0.23394762803635147,
            0.0014172631358987684,
            -0.4794172845639777,
            -0.15871833301218677,
            0.25656435726123644,
            -0.18589977575058375,
            0.005218368301613897,
            0.0,
            0.0,
            0.0,
            1.0000000000000004,
            0.0
        ],
        [
            0.0015134088173167173,
            0.01010482178248727,
            -0.00023891246320204273,
            0.001833750865761386,
            0.0010349934615860668,
            0.0007497876374601715,
            0.000876102272605998,
            -3.814620323484358e-05,
            0.0014172631358987586,
            0.045011092982579694,
            0.004044818666467794,
            0.001339098311113707,
            -0.0021646201228317933,
            0.00521836830161394,
            0.4325699470359044,
            0.0,
            0.0,
            0.0,
            0.0,
            1.0000000000000004
        ]
    ],
    "h": [
        [
            -0.2667623486926245,
            -0.4692156570886358,
            0.08602952071205287,
            -0.2584927114040336,
            0.08967129825266085,
            -0.5758666224387063,
            -0.46342414487831496,
            -0.028774917790024834,
            0.02119385485341929,
            -0.014171177088788012,
            -0.23708159682116903,
            -0.31144744468046676,
            0.03732063430910674,
            0.29055640357187384,
            -0.02356719393683729,
            -0.011691671437943918,
            -0.1356712697744168,
            -0.006603662465365392,
            0.06191601523104458,
            -0.0038031515312648362
        ],
        [
            -0.4692156570886358,
            -0.31729935381980345,
            0.07014685460402409,
            -0.22285280778763011,
            0.07522243436759456,
            -0.5330128432731105,
            -0.37042878144819036,
            -0.09964597964768306,
            0.09543251551588952,
            -0.06587785603363572,
            -0.32172672756541887,
            -0.3107919744613955,
            0.06222548942878336,
            0.17062286439622285,
            -0.007354564169364683,
            -0.1347638889791405,
            -0.196817429085697,
            -0.028188301710068066,
            0.10997571530021984,
            -0.0026431099966794103
        ],
        [
            0.08602952071205287,
            0.07014685460402409,
            1.4548346532216858,
            0.07354293623061414,
            -0.026354077882241023,
            0.009389540709479394,
            0.06212181962243471,
            0.27917271413013733,
            0.2879872419452826,
            -0.10131463615977762,
            0.03202477491890485,
            0.048825250893865815,
            -0.05386667757107676,
            -0.049746324842559295,
            0.0029867542179567892,
            0.005048258530445481,
            0.022902779097449016,
            -0.0029542865063875746,
            -0.011685476005955018,
            0.0008200466818496762
        ],
        [
            -0.2584927114040336,
            -0.22285280778763011,
            0.07354293623061414,
            1.2535481009298448,
            0.07716577801447443,
            -0.07475744718766075,
            -0.21488647122704202,
            0.25916798657261025,
            -0.44360799961353553,
            0.2741821089114288,
            -0.218249884433655,
            -0.17084922680013326,
            0.046550302433989624,
            0.13851650017928158,
            -0.008769577790392835,
            -0.06237105093252204,
            -0.11057036182486014,
            -0.01357292569268808,
            0.08007416097811637,
            -0.006217318961925763
        ],
        [
            0.08967129825266085,
            0.07522243436759456,
            -0.026354077882241023,
            0.07716577801447443,
            1.4548155255010842,
            0.01875071127272121,
            0.06947129007735474,
            -0.095649172467588,
            0.2870473223993493,
            0.281619080862435,
            0.053128531760740214,
            0.054399924801767814,
            -0.012865757062164966,
            -0.0576653744104797,
            -0.04101760195927351,
            0.00923366055607103,
            0.02837070915729059,
            0.002040233276794366,
            -0.013805655677637862,
            -0.0033784880634557595
        ],
        [
            -0.5758666224387063,
            -0.5330128432731105,
            0.009389540709479394,
            -0.07475744718766075,
            0.01875071127272121,
            -0.4099043741606967,
            -0.5829368762909968,
            -0.1471999961827184,
            0.05628896597557366,
            -0.08400627660918862,
            -0.48362868820988236,
            -0.4898153841551849,
            0.029538008536598326,
            0.07624932986042876,
            -0.01040854321460063,
            -0.2230066056075804,
            -0.3144839982039531,
            -0.040811265835062505,
            0.21429886103728807,
            -0.0019039080863959058
        ],
        [
            -0.46342414487831496,
            -0.37042878144819036,
            0.06212181962243471,
            -0.21488647122704202,
            0.06947129007735474,
            -0.5829368762909968,
            -0.43042111540956407,
            -0.12258357305664057,
            0.0080026470762605,
            -0.06620807164950415,
            -0.48640416306636003,
            -0.4080966730405151,
            0.09628654634545603,
            0.11257389258107703,
            -0.0065784525934347,
            -0.30061235270536085,
            -0.3059217963000549,
            -0.057486212133327115,
            0.16763107116360748,
            -0.001125445015900903
        ],
        [
            -0.028774917790024834,
            -0.09964597964768306,
            0.27917271413013733,
            0.25916798657261025,
            -0.095649172467588,
            -0.1471999961827184,
            -0.12258357305664057,
            1.3658371338406254,
            0.015020908975323077,
            -0.026974093044201508,
            -0.026370040397215466,
            -0.09040045133816169,
            0.19296380950515196,
            -0.25935039804592863,
            -0.0024275495414310543,
            -0.03124108693250611,
            -0.05816077550836399,
            -0.05407770228628929,
            0.04198565897578219,
            -0.00035918262011482065
        ],
        [
            0.02119385485341929,
            0.09543251551588952,
            0.2879872419452826,
            -0.44360799961353553,
            0.2870473223993493,
            0.05628896597557366,
            0.0080026470762605,
            0.015020908975323077,
            0.9617283919972122,
            0.07871067612634769,
            -0.06817687765192781,
            -0.1089220734236333,
            -0.25827128479624134,
            -0.714766789970318,
            0.00934894779627878,
            -0.2822902491008029,
            -0.16843250845895844,
            -0.058834812385859955,
            0.15773495630540502,
            -0.000695846810185044
        ],
        [
            -0.014171177088788012,
            -0.06587785603363572,
            -0.10131463615977762,
            0.2741821089114288,
            0.281619080862435,
            -0.08400627660918862,
            -0.06620807164950415,
            -0.026974093044201508,
            0.07871067612634769,
            1.3876857917600391,
            -0.012381070681541801,
            -0.03460877846152646,
            0.0019239271088289113,
            0.030743671429711267,
            0.2799006819903088,
            0.007572765534639792,
            -0.00855565870000106,
            0.0007250773662860255,
            0.00034342376445366057,
            -0.04328359247415088
        ],
        [
            -0.23708159682116903,
            -0.32172672756541887,
            0.03202477491890485,
            -0.218249884433655,
            0.053128531760740214,
            -0.48362868820988236,
            -0.48640416306636003,
            -0.026370040397215466,
            -0.06817687765192781,
            -0.012381070681541801,
            -0.3928383423736397,
            -0.5766473319280362,
            0.1572207443268086,
            -0.04897073872424865,
            0.0018733998430301123,
            -0.5570431347018814,
            -0.5226770241681173,
            -0.015100845115423422,
            0.07640683428093231,
            0.000430530951337502
        ],
        [
            -0.31144744468046676,
            -0.3107919744613955,
            0.048825250893865815,
            -0.17084922680013326,
            0.054399924801767814,
            -0.4898153841551849,
            -0.4080966730405151,
            -0.09040045133816169,
            -0.1089220734236333,
            -0.03460877846152646,
            -0.5766473319280362,
            -0.4306570373559151,
            0.13291642884714244,
            -0.006256939602080569,
            -0.0012388652134414178,
            -0.45270527847572184,
            -0.36770276194968887,
            -0.07306272822020804,
            0.211323011032244,
            -0.0008686916531081366
        ],
        [
            0.03732063430910674,
            0.06222548942878336,
            -0.05386667757107676,
            0.046550302433989624,
            -0.012865757062164966,
            0.029538008536598326,
            0.09628654634545603,
            0.19296380950515196,
            -0.25827128479624134,
            0.0019239271088289113,
            0.1572207443268086,
            0.13291642884714244,
            1.361691176322036,
            0.02691957852426999,
            -0.0009074006032772455,
            0.031138845215431588,
            0.10827672867947348,
            0.20330558855489433,
            0.3236945644732082,
            -0.003027768176579638
        ],
        [
            0.29055640357187384,
            0.17062286439622285,
            -0.049746324842559295,
            0.13851650017928158,
            -0.0576653744104797,
            0.07624932986042876,
            0.11257389258107703,
            -0.25935039804592863,
            -0.714766789970318,
            0.030743671429711267,
            -0.04897073872424865,
            -0.006256939602080569,
            0.02691957852426999,
            0.959607636565722,
            0.008705429722864857,
            -0.031105409090161018,
            -0.09899112403118482,
            0.3527092503210966,
            -0.5266349943881248,
            0.00818912477145642
        ],
        [
            -0.02356719393683729,
            -0.007354564169364683,
            0.0029867542179567892,
            -0.008769577790392835,
            -0.04101760195927351,
            -0.01040854321460063,
            -0.0065784525934347,
            -0.0024275495414310543,
            0.00934894779627878,
            0.2799006819903088,
            0.0018733998430301123,
            -0.0012388652134414178,
            -0.0009074006032772455,
            0.008705429722864857,
            1.4185469766161507,
            0.004093255400154312,
            0.0025298123336013707,
            -0.0024496051126523845,
            0.006339940289174886,
            0.34496294182083054
        ],
        [
            -0.011691671437943918,
            -0.1347638889791405,
            0.005048258530445481,
            -0.06237105093252204,
            0.00923366055607103,
            -0.2230066056075804,
            -0.30061235270536085,
            -0.03124108693250611,
            -0.2822902491008029,
            0.007572765534639792,
            -0.5570431347018814,
            -0.45270527847572184,
            0.031138845215431588,
            -0.031105409090161018,
            0.004093255400154312,
            -0.24756300057650482,
            -0.46056623317081147,
            -0.09839037889338817,
            0.2527209478512264,
            -0.0008914056514519441
        ],
        [
            -0.1356712697744168,
            -0.196817429085697,
            0.022902779097449016,
            -0.11057036182486014,
            0.02837070915729059,
            -0.3144839982039531,
            -0.3059217963000549,
            -0.05816077550836399,
            -0.16843250845895844,
            -0.00855565870000106,
            -0.5226770241681173,
            -0.36770276194968887,
            0.10827672867947348,
            -0.09899112403118482,
            0.0025298123336013707,
            -0.46056623317081147,
            -0.313677772618723,
            -0.08254785643137352,
            0.22164327484731133,
            -0.0007651684810607538
        ],
        [
            -0.006603662465365392,
            -0.028188301710068066,
            -0.0029542865063875746,
            -0.01357292569268808,
            0.002040233276794366,
            -0.040811265835062505,
            -0.057486212133327115,
            -0.05407770228628929,
            -0.058834812385859955,
            0.0007250773662860255,
            -0.015100845115423422,
            -0.07306272822020804,
            0.20330558855489433,
            0.3527092503210966,
            -0.0024496051126523845,
            -0.09839037889338817,
            -0.08254785643137352,
            1.4536508253096059,
            0.08673903751510176,
            -0.0006481494790146632
        ],
        [
            0.06191601523104458,
            0.10997571530021984,
            -0.011685476005955018,
            0.08007416097811637,
            -0.013805655677637862,
            0.21429886103728807,
            0.16763107116360748,
            0.04198565897578219,
            0.15773495630540502,
            0.00034342376445366057,
            0.07640683428093231,
            0.211323011032244,
            0.3236945644732082,
            -0.5266349943881248,
            0.006339940289174886,
            0.2527209478512264,
            0.22164327484731133,
            0.08673903751510176,
            1.2608797351574563,
            0.0013941211046891821
        ],
        [
            -0.0038031515312648362,
            -0.0026431099966794103,
            0.0008200466818496762,
            -0.006217318961925763,
            -0.0033784880634557595,
            -0.0019039080863959058,
            -0.001125445015900903,
            -0.00035918262011482065,
            -0.000695846810185044,
            -0.04328359247415088,
            0.000430530951337502,
            -0.0008686916531081366,
            -0.003027768176579638,
            0.00818912477145642,
            0.34496294182083054,
            -0.0008914056514519441,
            -0.0007651684810607538,
            -0.0006481494790146632,
            0.0013941211046891821,
            1.4895773631755769
        ]
    ]
}