{
    "HF": -2.102772944960938,
    "coordinates": [
        [
            0.790536,
            0.039597,
            0.084183
        ],
        [
            1.523225,
            -0.14754,
            0.055351
        ],
        [
            2.18629,
            -0.12159,
            -0.11612
        ],
        [
            2.837466,
            -0.056494,
            -0.154142
        ]
    ],
    "elements": [
        "H",
        "H",
        "H",
        "H"
    ],
    "Enn": 3.304700472340503,
    "S": [
        [
            0.9999999999999999,
            0.6848602514927513,
            0.0,
            0.0,
            0.0,
            0.5572394020807557,
            0.5605893194090875,
            0.020322165256187616,
            -0.5164340642130566,
            0.13190306047264092,
            0.1536509766663422,
            0.33888364378509184,
            0.02827737509895432,
            -0.19704277721185356,
            0.022755252093454165,
            0.02364957886448163,
            0.15519833572180755,
            0.0034590057416630316,
            -0.02970877005258496,
            0.0013946473123765547
        ],
        [
            0.6848602514927513,
            1.0000000000000002,
            0.0,
            0.0,
            0.0,
            0.5605893194090875,
            0.8827168940748166,
            0.006336373176232036,
            -0.16102216031216274,
            0.04112686830884211,
            0.33888364378509184,
            0.6448290180840527,
            0.025709521511303953,
            -0.17914942605696635,
            0.020688859596923393,
            0.15519833572180755,
            0.39570127824318674,
            0.013254770630468258,
            -0.11384280980436116,
            0.005344232307363154
        ],
        [
            0.0,
            0.0,
            1.0000000000000004,
            0.0,
            0.0,
            -0.020322165256187616,
            -0.0063363731762320335,
            0.47447220734118184,
            0.026078082177927148,
            -0.006660635091465481,
            -0.028277375098954314,
            -0.025709521511303932,
            0.06557024852969112,
            0.053125810239436654,
            -0.006135171366203554,
            -0.0034590057416630316,
            -0.013254770630468251,
            0.003399549083200484,
            0.005050225735348988,
            -0.0002370775948055964
        ],
        [
            0.0,
            0.0,
            0.0,
            1.0000000000000004,
            0.0,
            0.5164340642130568,
            0.16102216031216285,
            0.02607808217792712,
            -0.18720706015680547,
            0.16926241899732072,
            0.19704277721185345,
            0.1791494260569662,
            0.053125810239436654,
            -0.2969976993851,
            0.0427511818348406,
            0.029708770052584953,
            0.11384280980436123,
            0.005050225735348988,
            -0.03938791945848197,
            0.0020362162640739307
        ],
        [
            0.0,
            0.0,
            0.0,
            0.0,
            1.0000000000000004,
            -0.1319030604726409,
            -0.0411268683088421,
            -0.0066606350914654765,
            0.1692624189973208,
            0.43226688142725705,
            -0.022755252093454168,
            -0.0206888595969234,
            -0.006135171366203556,
            0.04275118183484061,
            0.06825720083072513,
            -0.0013946473123765547,
            -0.005344232307363161,
            -0.0002370775948055965,
            0.0020362162640739315,
            0.0038919611301908162
        ],
        [
            0.5572394020807557,
            0.5605893194090875,
            -0.020322165256187616,
            0.5164340642130568,
            -0.13190306047264092,
            0.9999999999999999,
            0.6848602514927513,
            0.0,
            0.0,
            0.0,
            0.6150552728005688,
            0.581128867419865,
            0.1369045163496184,
            -0.5293991003339324,
            -0.020718793261091356,
            0.1882055705786177,
            0.3678168863431885,
            0.037936336647600544,
            -0.23799119308081504,
            -0.016487193874818912
        ],
        [
            0.5605893194090875,
            0.8827168940748166,
            -0.006336373176232036,
            0.16102216031216293,
            -0.04112686830884211,
            0.6848602514927513,
            1.0000000000000002,
            0.0,
            0.0,
            0.0,
            0.5811288674198649,
            0.9027371896440882,
            0.039159508605498265,
            -0.15142676938668734,
            -0.005926303854953197,
            0.3678168863431885,
            0.6786723294624786,
            0.029350973390594275,
            -0.1841314631984264,
            -0.012755980979412414
        ],
        [
            0.020322165256187616,
            0.0063363731762320335,
            0.47447220734118184,
            0.026078082177927116,
            -0.006660635091465475,
            0.0,
            0.0,
            1.0000000000000004,
            0.0,
            0.0,
            -0.13690451634961837,
            -0.039159508605498224,
            0.5020010124174702,
            0.1604235756678677,
            0.006278406775476256,
            -0.03793633664760053,
            -0.029350973390594236,
            0.08796781600711867,
            0.07096377384185117,
            0.004916120980250336
        ],
        [
            -0.5164340642130566,
            -0.16102216031216268,
            0.026078082177927155,
            -0.1872070601568053,
            0.1692624189973208,
            0.0,
            0.0,
            0.0,
            1.0000000000000004,
            0.0,
            0.5293991003339324,
            0.15142676938668728,
            0.16042357566786788,
            -0.07685834309433336,
            -0.024278109934514687,
            0.237991193080815,
            0.18413146319842655,
            0.07096377384185121,
            -0.3459071152082522,
            -0.03084097202868442
        ],
        [
            0.1319030604726409,
            0.041126868308842095,
            -0.006660635091465483,
            0.16926241899732072,
            0.43226688142725705,
            0.0,
            0.0,
            0.0,
            0.0,
            1.0000000000000004,
            0.020718793261091332,
            0.005926303854953172,
            0.006278406775476266,
            -0.024278109934514697,
            0.542536968908228,
            0.016487193874818905,
            0.012755980979412416,
            0.004916120980250336,
            -0.030840972028684403,
            0.09714304850566902
        ],
        [
            0.1536509766663422,
            0.33888364378509184,
            -0.02827737509895432,
            0.19704277721185354,
            -0.022755252093454165,
            0.6150552728005688,
            0.581128867419865,
            -0.1369045163496184,
            0.5293991003339324,
            0.020718793261091377,
            0.9999999999999999,
            0.6848602514927513,
            0.0,
            0.0,
            0.0,
            0.63943400736867,
            0.5893148797087139,
            0.03187933674771057,
            -0.5459749351961277,
            -0.0545793831184306
        ],
        [
            0.33888364378509184,
            0.6448290180840527,
            -0.025709521511303953,
            0.17914942605696646,
            -0.020688859596923393,
            0.5811288674198649,
            0.9027371896440882,
            -0.039159508605498265,
            0.1514267693866877,
            0.005926303854953173,
            0.6848602514927513,
            1.0000000000000002,
            0.0,
            0.0,
            0.0,
            0.5893148797087139,
            0.9106409499183994,
            0.008813839834686648,
            -0.15094842375971546,
            -0.015089835302686903
        ],
        [
            0.028277375098954314,
            0.025709521511303932,
            0.06557024852969112,
            0.05312581023943666,
            -0.006135171366203554,
            0.13690451634961837,
            0.03915950860549823,
            0.5020010124174702,
            0.1604235756678678,
            0.006278406775476263,
            0.0,
            0.0,
            1.0000000000000004,
            0.0,
            0.0,
            -0.031879336747710596,
            -0.008813839834686647,
            0.570316705109445,
            0.036797188930787185,
            0.0036784983025150222
        ],
        [
            -0.19704277721185343,
            -0.17914942605696632,
            0.05312581023943665,
            -0.2969976993851,
            0.04275118183484059,
            -0.5293991003339324,
            -0.15142676938668728,
            0.16042357566786777,
            -0.07685834309433336,
            -0.024278109934514697,
            0.0,
            0.0,
            0.0,
            1.0000000000000004,
            0.0,
            0.5459749351961278,
            0.15094842375971543,
            0.036797188930787185,
            -0.05773424038413805,
            -0.0629990481994246
        ],
        [
            0.022755252093454168,
            0.020688859596923403,
            -0.006135171366203556,
            0.04275118183484062,
            0.06825720083072513,
            -0.02071879326109135,
            -0.005926303854953195,
            0.006278406775476259,
            -0.024278109934514687,
            0.542536968908228,
            0.0,
            0.0,
            0.0,
            0.0,
            1.0000000000000004,
            0.05457938311843059,
            0.015089835302686913,
            0.003678498302515023,
            -0.06299904819942462,
            0.5661674684605769
        ],
        [
            0.02364957886448163,
            0.15519833572180755,
            -0.0034590057416630316,
            0.029708770052584963,
            -0.0013946473123765547,
            0.1882055705786177,
            0.3678168863431885,
            -0.037936336647600544,
            0.23799119308081504,
            0.016487193874818916,
            0.63943400736867,
            0.5893148797087139,
            -0.031879336747710596,
            0.5459749351961277,
            0.054579383118430594,
            0.9999999999999999,
            0.6848602514927513,
            0.0,
            0.0,
            0.0
        ],
        [
            0.15519833572180755,
            0.39570127824318674,
            -0.013254770630468258,
            0.11384280980436122,
            -0.005344232307363154,
            0.3678168863431885,
            0.6786723294624786,
            -0.029350973390594275,
            0.18413146319842663,
            0.012755980979412421,
            0.5893148797087139,
            0.9106409499183994,
            -0.008813839834686648,
            0.15094842375971546,
            0.015089835302686915,
            0.6848602514927513,
            1.0000000000000002,
            0.0,
            0.0,
            0.0
        ],
        [
            0.0034590057416630316,
            0.01325477063046825,
            0.003399549083200484,
            0.005050225735348988,
            -0.0002370775948055964,
            0.03793633664760053,
            0.029350973390594233,
            0.08796781600711867,
            0.0709637738418512,
            0.004916120980250337,
            0.03187933674771057,
            0.008813839834686647,
            0.570316705109445,
            0.036797188930787185,
            0.003678498302515023,
            0.0,
            0.0,
            1.0000000000000004,
            0.0,
            0.0
        ],
        [
            -0.02970877005258496,
            -0.11384280980436118,
            0.005050225735348987,
            -0.03938791945848197,
            0.0020362162640739307,
            -0.237991193080815,
            -0.18413146319842633,
            0.0709637738418512,
            -0.3459071152082523,
            -0.030840972028684414,
            -0.5459749351961278,
            -0.15094842375971543,
            0.036797188930787185,
            -0.05773424038413805,
            -0.06299904819942462,
            0.0,
            0.0,
            0.0,
            1.0000000000000004,
            0.0
        ],
        [
            0.0013946473123765547,
            0.005344232307363161,
            -0.0002370775948055965,
            0.0020362162640739315,
            0.0038919611301908162,
            -0.01648719387481891,
            -0.012755980979412407,
            0.004916120980250335,
            -0.030840972028684407,
            0.09714304850566902,
            -0.05457938311843061,
            -0.015089835302686901,
            0.0036784983025150222,
            -0.0629990481994246,
            0.5661674684605769,
            0.0,
            0.0,
            0.0,
            0.0,
            1.0000000000000004
        ]
    ],
    "h": [
        [
            -0.2741818756279364,
            -0.47089631730544734,
            0.01355994667000951,
            -0.2902240359185036,
            0.07271762864808695,
            -0.5889281843221915,
            -0.46272985322744553,
            0.00704273328984744,
            0.017660634844464895,
            -0.010261460073413026,
            -0.29256695735605787,
            -0.3344150200532061,
            -0.06684647840535911,
            0.34618991548142464,
            -0.00953642763175025,
            -0.0406854028096511,
            -0.17484752030143713,
            -0.014531453008908003,
            0.11183206090529613,
            0.0013543615851328498
        ],
        [
            -0.47089631730544734,
            -0.31475668527628686,
            0.01294134219010714,
            -0.24752578647360146,
            0.06003350158856098,
            -0.5579238278881797,
            -0.3708520527171857,
            0.02219539609919277,
            0.08910751144047074,
            -0.057142081763691316,
            -0.38215679811394826,
            -0.3256598284065064,
            -0.05396813268609447,
            0.20265080855704123,
            -0.00364000866650014,
            -0.181028737833968,
            -0.22635357035873171,
            -0.016073840632021323,
            0.1583118367041724,
            0.011232815821842757
        ],
        [
            0.01355994667000951,
            0.01294134219010714,
            1.4878281330819418,
            0.014128034557196776,
            -0.003014011167970385,
            0.010470882894267446,
            0.014658995138447137,
            0.40349104160322935,
            0.04273103547713624,
            -0.008079921545776914,
            0.025447516677682053,
            0.011982807988110078,
            -0.043848704255278176,
            -0.0024720598661215204,
            -0.0014907381012059968,
            0.012543805327376999,
            0.01134071266288919,
            -0.009074379908183265,
            -0.017109308007016846,
            -3.319758487529403e-06
        ],
        [
            -0.2902240359185036,
            -0.24752578647360146,
            0.014128034557196776,
            1.2093926678700013,
            0.06766660134696734,
            -0.09152383663060781,
            -0.2406788434756439,
            0.055523965431936974,
            -0.5778651727620008,
            0.22927296570097128,
            -0.2766098042806865,
            -0.20293381207001604,
            -0.046805653408784856,
            0.12396246520906573,
            0.008076320599355702,
            -0.1077649991264418,
            -0.14261187729014407,
            -0.01876557836300371,
            0.14983737313026022,
            0.0004208492812696014
        ],
        [
            0.07271762864808695,
            0.06003350158856098,
            -0.003014011167970385,
            0.06766660134696734,
            1.4719297829135605,
            0.015062149271553582,
            0.055190003474807695,
            -0.011978426281826354,
            0.24473736316078265,
            0.3475067161659322,
            0.05014455577186523,
            0.04644696181182953,
            0.011808117176328028,
            -0.0503413260544725,
            -0.04644299856485956,
            0.010559242645718041,
            0.027094013441557784,
            0.00201460817730109,
            -0.016228822846247475,
            -0.011338256023810235
        ],
        [
            -0.5889281843221915,
            -0.5579238278881797,
            0.010470882894267446,
            -0.09152383663060781,
            0.015062149271553582,
            -0.5069213319177617,
            -0.6300868945808987,
            0.05981588264762537,
            -0.01493413106454125,
            -0.07817945028712267,
            -0.6130405620655998,
            -0.5614181052712015,
            -0.013086123030546737,
            0.03359597672429171,
            -0.015417220682014371,
            -0.34882346805654163,
            -0.40459211740713663,
            -0.03356698174963889,
            0.31236626340121776,
            0.02538403759075358
        ],
        [
            -0.46272985322744553,
            -0.3708520527171857,
            0.014658995138447137,
            -0.2406788434756439,
            0.055190003474807695,
            -0.6300868945808987,
            -0.44299633583728126,
            0.050029436865001956,
            -0.03463079577813141,
            -0.062074702953148146,
            -0.5743277708716783,
            -0.42579762332561133,
            -0.05421855575150225,
            0.12789219556129788,
            -0.011512113221502494,
            -0.37267003476757377,
            -0.33845726880464677,
            -0.019727663310891833,
            0.2391728326404814,
            0.022083569434768316
        ],
        [
            0.00704273328984744,
            0.02219539609919277,
            0.40349104160322935,
            0.055523965431936974,
            -0.011978426281826354,
            0.05981588264762537,
            0.050029436865001956,
            1.364161933118605,
            0.09562140257294595,
            0.00028880145474105253,
            0.021146518812296178,
            0.059491615388352015,
            0.42947630243567947,
            0.2589338726154771,
            0.011262167853383546,
            0.07779335352413444,
            0.05864962573852139,
            -0.04005202099003474,
            -0.0424854309216563,
            -0.004835092574725822
        ],
        [
            0.017660634844464895,
            0.08910751144047074,
            0.04273103547713624,
            -0.5778651727620008,
            0.24473736316078265,
            -0.01493413106454125,
            -0.03463079577813141,
            0.09562140257294595,
            0.7548487405038153,
            0.05379777549998384,
            -0.08208859146477887,
            -0.15712653578005176,
            0.2560978489646624,
            -0.6378823372141045,
            -0.042212846393527695,
            -0.3840544736869577,
            -0.2184102427851915,
            0.006352395115426096,
            0.07494700042401825,
            0.017526517057626423
        ],
        [
            -0.010261460073413026,
            -0.057142081763691316,
            -0.008079921545776914,
            0.22927296570097128,
            0.3475067161659322,
            -0.07817945028712267,
            -0.062074702953148146,
            0.00028880145474105253,
            0.05379777549998384,
            1.3679842962284887,
            -0.021057792590546652,
            -0.042598941251152246,
            0.0045208441902282025,
            -0.012513705016705713,
            0.4881502555382182,
            -0.013684126207147991,
            -0.022401849202276676,
            0.0004534642095417839,
            0.0039806127446284645,
            -0.040935329117275376
        ],
        [
            -0.29256695735605787,
            -0.38215679811394826,
            0.025447516677682053,
            -0.2766098042806865,
            0.05014455577186523,
            -0.6130405620655998,
            -0.5743277708716783,
            0.021146518812296178,
            -0.08208859146477887,
            -0.021057792590546652,
            -0.5791136364001592,
            -0.6538411793020794,
            -0.05011121632645135,
            -0.05598526715076016,
            -0.02229397908772591,
            -0.6635945176376773,
            -0.5956230286479627,
            -0.014789418206196447,
            0.09922034082044795,
            0.008601277788991599
        ],
        [
            -0.3344150200532061,
            -0.3256598284065064,
            0.011982807988110078,
            -0.20293381207001604,
            0.04644696181182953,
            -0.5614181052712015,
            -0.42579762332561133,
            0.059491615388352015,
            -0.15712653578005176,
            -0.042598941251152246,
            -0.6538411793020794,
            -0.44244395300681916,
            -0.04356870210278653,
            0.0018306501937362801,
            -0.017373459574013678,
            -0.5017616491243203,
            -0.3773382427850749,
            -0.023271689651429547,
            0.28187616299081875,
            0.02703272036817867
        ],
        [
            -0.06684647840535911,
            -0.05396813268609447,
            -0.043848704255278176,
            -0.046805653408784856,
            0.011808117176328028,
            -0.013086123030546737,
            -0.05421855575150225,
            0.42947630243567947,
            0.2560978489646624,
            0.0045208441902282025,
            -0.05011121632645135,
            -0.04356870210278653,
            1.3430678323222007,
            0.10008374831629176,
            0.0038499912628238483,
            -0.012461188259026743,
            -0.02032378499235491,
            0.5436936373846732,
            0.07908758755178345,
            0.007107716224624324
        ],
        [
            0.34618991548142464,
            0.20265080855704123,
            -0.0024720598661215204,
            0.12396246520906573,
            -0.0503413260544725,
            0.03359597672429171,
            0.12789219556129788,
            0.2589338726154771,
            -0.6378823372141045,
            -0.012513705016705713,
            -0.05598526715076016,
            0.0018306501937362801,
            0.10008374831629176,
            0.6975152912693687,
            -0.037007046233301394,
            0.016478646054123636,
            -0.10027865990546131,
            0.0642786059941441,
            -0.4597949402791317,
            -0.09730742592745055
        ],
        [
            -0.00953642763175025,
            -0.00364000866650014,
            -0.0014907381012059968,
            0.008076320599355702,
            -0.04644299856485956,
            -0.015417220682014371,
            -0.011512113221502494,
            0.011262167853383546,
            -0.042212846393527695,
            0.4881502555382182,
            -0.02229397908772591,
            -0.017373459574013678,
            0.0038499912628238483,
            -0.037007046233301394,
            1.360349894830088,
            0.0035096114539492212,
            -0.017430861698037044,
            0.005472871673817404,
            -0.09517963644084587,
            0.5406894921366434
        ],
        [
            -0.0406854028096511,
            -0.181028737833968,
            0.012543805327376999,
            -0.1077649991264418,
            0.010559242645718041,
            -0.34882346805654163,
            -0.37267003476757377,
            0.07779335352413444,
            -0.3840544736869577,
            -0.013684126207147991,
            -0.6635945176376773,
            -0.5017616491243203,
            -0.012461188259026743,
            0.016478646054123636,
            0.0035096114539492212,
            -0.3557811196639884,
            -0.5033982281837626,
            -0.02408479102701957,
            0.35672456968023947,
            0.03679604814651519
        ],
        [
            -0.17484752030143713,
            -0.22635357035873171,
            0.01134071266288919,
            -0.14261187729014407,
            0.027094013441557784,
            -0.40459211740713663,
            -0.33845726880464677,
            0.05864962573852139,
            -0.2184102427851915,
            -0.022401849202276676,
            -0.5956230286479627,
            -0.3773382427850749,
            -0.02032378499235491,
            -0.10027865990546131,
            -0.017430861698037044,
            -0.5033982281837626,
            -0.32463324475728195,
            -0.02105805058589022,
            0.2827179491484457,
            0.028357817628884327
        ],
        [
            -0.014531453008908003,
            -0.016073840632021323,
            -0.009074379908183265,
            -0.01876557836300371,
            0.00201460817730109,
            -0.03356698174963889,
            -0.019727663310891833,
            -0.04005202099003474,
            0.006352395115426096,
            0.0004534642095417839,
            -0.014789418206196447,
            -0.023271689651429547,
            0.5436936373846732,
            0.0642786059941441,
            0.005472871673817404,
            -0.02408479102701957,
            -0.02105805058589022,
            1.4538077749373033,
            0.02504672336357564,
            0.002345987228434167
        ],
        [
            0.11183206090529613,
            0.1583118367041724,
            -0.017109308007016846,
            0.14983737313026022,
            -0.016228822846247475,
            0.31236626340121776,
            0.2391728326404814,
            -0.0424854309216563,
            0.07494700042401825,
            0.0039806127446284645,
            0.09922034082044795,
            0.28187616299081875,
            0.07908758755178345,
            -0.4597949402791317,
            -0.09517963644084587,
            0.35672456968023947,
            0.2827179491484457,
            0.02504672336357564,
            1.1059501615112652,
            -0.03424511355433852
        ],
        [
            0.0013543615851328498,
            0.011232815821842757,
            -3.319758487529403e-06,
            0.0004208492812696014,
            -0.011338256023810235,
            0.02538403759075358,
            0.022083569434768316,
            -0.004835092574725822,
            0.017526517057626423,
            -0.040935329117275376,
            0.008601277788991599,
            0.02703272036817867,
            0.007107716224624324,
            -0.09730742592745055,
            0.5406894921366434,
            0.03679604814651519,
            0.028357817628884327,
            0.002345987228434167,
            -0.03424511355433852,
            1.4525987826770719
        ]
    ]
}