{
    "HF": -2.164287749119151,
    "coordinates": [
        [
            0.836516,
            -0.079305,
            0.032906
        ],
        [
            1.537948,
            -0.197773,
            0.071089
        ],
        [
            2.328831,
            0.025683,
            0.199335
        ],
        [
            3.089732,
            -0.078606,
            -0.144849
        ]
    ],
    "elements": [
        "H",
        "H",
        "H",
        "H"
    ],
    "Enn": 2.9302470455960203,
    "S": [
        [
            0.9999999999999999,
            0.6848602514927513,
            0.0,
            0.0,
            0.0,
            0.5930591972149204,
            0.5735076404977976,
            -0.02911730926416352,
            -0.5348928180546512,
            0.09034044977887867,
            0.12388360710980269,
            0.3104242074357228,
            -0.01805998951302269,
            -0.16193808320741246,
            -0.011392739119944397,
            0.01182812028609251,
            0.11537553738144687,
            0.0011076892829525308,
            -0.014041029593413237,
            -4.355853893189123e-06
        ],
        [
            0.6848602514927513,
            1.0000000000000002,
            0.0,
            0.0,
            0.0,
            0.5735076404977976,
            0.8953405578422945,
            -0.008597997981947424,
            -0.1579475400171107,
            0.02667646923828266,
            0.3104242074357228,
            0.6104529020114192,
            -0.01944861095378202,
            -0.17438940242081138,
            -0.012268719795322127,
            0.11537553738144687,
            0.3286285413818548,
            0.007192537827014982,
            -0.09117235133996454,
            -2.8283783528360184e-05
        ],
        [
            0.0,
            0.0,
            1.0000000000000004,
            0.0,
            0.0,
            0.02911730926416352,
            0.008597997981947422,
            0.5155256690249226,
            -0.03598197598601409,
            0.006077157487983319,
            0.01805998951302269,
            0.01944861095378201,
            0.04901034387492593,
            -0.034050177193925085,
            -0.0023955130138314006,
            -0.0011076892829525308,
            -0.00719253782701498,
            0.0012102275875463787,
            0.0013708679814034644,
            4.252751263088213e-07
        ],
        [
            0.0,
            0.0,
            0.0,
            1.0000000000000004,
            0.0,
            0.5348928180546512,
            0.15794754001711084,
            -0.035981975986014096,
            -0.1435142196511045,
            0.11163902079750454,
            0.16193808320741246,
            0.17438940242081125,
            -0.034050177193925085,
            -0.25250916575753474,
            -0.021479790200240382,
            0.014041029593413237,
            0.09117235133996451,
            0.0013708679814034644,
            -0.016058698702658282,
            -5.3907722370738216e-06
        ],
        [
            0.0,
            0.0,
            0.0,
            0.0,
            1.0000000000000004,
            -0.09034044977887869,
            -0.026676469238282652,
            0.006077157487983324,
            0.11163902079750461,
            0.4986291605582931,
            0.011392739119944397,
            0.012268719795322125,
            -0.0023955130138314006,
            -0.021479790200240382,
            0.051296601619882524,
            4.355853893189123e-06,
            2.8283783528360174e-05,
            4.252751263088034e-07,
            -5.3907722370735946e-06,
            0.00131837295394027
        ],
        [
            0.5930591972149204,
            0.5735076404977976,
            0.02911730926416353,
            0.5348928180546512,
            -0.09034044977887867,
            0.9999999999999999,
            0.6848602514927513,
            0.0,
            0.0,
            0.0,
            0.49802420251384416,
            0.5377188156057772,
            -0.07841188868832302,
            -0.4835599532265097,
            -0.1366249785469949,
            0.10423884219550489,
            0.2891969683992436,
            0.018988556971373742,
            -0.1364564777448445,
            -0.010478977153663065
        ],
        [
            0.5735076404977976,
            0.8953405578422945,
            0.008597997981947424,
            0.1579475400171109,
            -0.026676469238282683,
            0.6848602514927513,
            1.0000000000000002,
            0.0,
            0.0,
            0.0,
            0.5377188156057772,
            0.8600930682266282,
            -0.02695867289417434,
            -0.166252016394767,
            -0.046972827302532834,
            0.2891969683992436,
            0.5840289155056878,
            0.023392475030189045,
            -0.16810412466655658,
            -0.012909312265198985
        ],
        [
            -0.02911730926416352,
            -0.008597997981947422,
            0.5155256690249226,
            -0.0359819759860141,
            0.0060771574879833245,
            0.0,
            0.0,
            1.0000000000000004,
            0.0,
            0.0,
            0.07841188868832301,
            0.026958672894174335,
            0.38994528009074886,
            -0.10726140037860647,
            -0.030305624830729568,
            -0.01898855697137374,
            -0.02339247503018903,
            0.03565653353528745,
            0.035291567670358924,
            0.0027101647165930698
        ],
        [
            -0.5348928180546512,
            -0.15794754001711067,
            -0.03598197598601408,
            -0.1435142196511045,
            0.11163902079750461,
            0.0,
            0.0,
            0.0,
            1.0000000000000004,
            0.0,
            0.4835599532265097,
            0.16625201639476694,
            -0.10726140037860643,
            -0.25413432156861543,
            -0.18689240586842384,
            0.1364564777448445,
            0.1681041246665564,
            0.0352915676703589,
            -0.21304643401146647,
            -0.019475915515442668
        ],
        [
            0.09034044977887869,
            0.026676469238282652,
            0.006077157487983318,
            0.11163902079750454,
            0.49862916055829315,
            0.0,
            0.0,
            0.0,
            0.0,
            1.0000000000000004,
            0.13662497854699487,
            0.0469728273025328,
            -0.030305624830729547,
            -0.1868924058684238,
            0.354533741477857,
            0.010478977153663062,
            0.012909312265198971,
            0.0027101647165930706,
            -0.019475915515442685,
            0.03907189554145145
        ],
        [
            0.12388360710980269,
            0.3104242074357228,
            0.01805998951302269,
            0.16193808320741246,
            0.011392739119944397,
            0.49802420251384416,
            0.5377188156057772,
            0.07841188868832302,
            0.4835599532265097,
            0.1366249785469949,
            0.9999999999999999,
            0.6848602514927513,
            0.0,
            0.0,
            0.0,
            0.4904377842930934,
            0.5346398563563504,
            0.20638938225625408,
            -0.4562730613513878,
            0.06253673118483856
        ],
        [
            0.3104242074357228,
            0.6104529020114192,
            0.019448610953782013,
            0.17438940242081138,
            0.012268719795322127,
            0.5377188156057772,
            0.8600930682266282,
            0.026958672894174363,
            0.166252016394767,
            0.04697282730253281,
            0.6848602514927513,
            1.0000000000000002,
            0.0,
            0.0,
            0.0,
            0.5346398563563504,
            0.8570195983713574,
            0.0719089230561581,
            -0.15897186232466817,
            0.021788664425434263
        ],
        [
            -0.01805998951302269,
            -0.019448610953782017,
            0.04901034387492593,
            -0.034050177193925085,
            -0.0023955130138314006,
            -0.07841188868832302,
            -0.026958672894174335,
            0.3899452800907488,
            -0.10726140037860643,
            -0.030305624830729554,
            0.0,
            0.0,
            1.0000000000000004,
            0.0,
            0.0,
            -0.20638938225625403,
            -0.07190892305615805,
            0.2761087770096596,
            0.27110765401798703,
            -0.03715798261519154
        ],
        [
            -0.16193808320741246,
            -0.17438940242081116,
            -0.034050177193925085,
            -0.25250916575753474,
            -0.021479790200240382,
            -0.4835599532265097,
            -0.16625201639476694,
            -0.10726140037860647,
            -0.25413432156861543,
            -0.18689240586842384,
            0.0,
            0.0,
            0.0,
            1.0000000000000004,
            0.0,
            0.4562730613513878,
            0.15897186232466884,
            0.27110765401798737,
            -0.20060735478128844,
            0.08214660219499419
        ],
        [
            -0.011392739119944397,
            -0.012268719795322123,
            -0.0023955130138314006,
            -0.021479790200240382,
            0.051296601619882524,
            -0.13662497854699487,
            -0.0469728273025328,
            -0.030305624830729558,
            -0.1868924058684238,
            0.354533741477857,
            0.0,
            0.0,
            0.0,
            0.0,
            1.0000000000000004,
            -0.06253673118483856,
            -0.021788664425434257,
            -0.03715798261519154,
            0.08214660219499409,
            0.3874819120091051
        ],
        [
            0.01182812028609251,
            0.11537553738144687,
            -0.0011076892829525308,
            0.014041029593413237,
            4.355853893189123e-06,
            0.10423884219550489,
            0.2891969683992436,
            -0.018988556971373742,
            0.1364564777448445,
            0.010478977153663062,
            0.4904377842930934,
            0.5346398563563504,
            -0.20638938225625408,
            0.4562730613513878,
            -0.06253673118483856,
            0.9999999999999999,
            0.6848602514927513,
            0.0,
            0.0,
            0.0
        ],
        [
            0.11537553738144687,
            0.3286285413818548,
            -0.007192537827014984,
            0.09117235133996454,
            2.8283783528360184e-05,
            0.2891969683992436,
            0.5840289155056878,
            -0.023392475030189045,
            0.1681041246665564,
            0.012909312265198996,
            0.5346398563563504,
            0.8570195983713574,
            -0.0719089230561581,
            0.15897186232466887,
            -0.021788664425434263,
            0.6848602514927513,
            1.0000000000000002,
            0.0,
            0.0,
            0.0
        ],
        [
            0.0011076892829525308,
            0.00719253782701498,
            0.0012102275875463787,
            0.0013708679814034644,
            4.252751263088034e-07,
            0.01898855697137374,
            0.02339247503018903,
            0.03565653353528745,
            0.0352915676703589,
            0.0027101647165930706,
            0.20638938225625403,
            0.07190892305615805,
            0.2761087770096596,
            0.27110765401798737,
            -0.03715798261519154,
            0.0,
            0.0,
            1.0000000000000004,
            0.0,
            0.0
        ],
        [
            -0.014041029593413237,
            -0.09117235133996451,
            0.0013708679814034644,
            -0.016058698702658282,
            -5.3907722370735946e-06,
            -0.1364564777448445,
            -0.16810412466655655,
            0.035291567670358924,
            -0.21304643401146647,
            -0.019475915515442685,
            -0.45627306135138773,
            -0.15897186232466884,
            0.27110765401798703,
            -0.20060735478128844,
            0.08214660219499409,
            0.0,
            0.0,
            0.0,
            1.0000000000000004,
            0.0
        ],
        [
            -4.355853893189123e-06,
            -2.8283783528360174e-05,
            4.252751263088213e-07,
            -5.3907722370738216e-06,
            0.00131837295394027,
            -0.010478977153663065,
            -0.012909312265198983,
            0.0027101647165930698,
            -0.019475915515442668,
            0.03907189554145145,
            0.06253673118483856,
            0.02178866442543426,
            -0.03715798261519154,
            0.08214660219499419,
            0.3874819120091051,
            0.0,
            0.0,
            0.0,
            0.0,
            1.0000000000000004
        ]
    ],
    "h": [
        [
            -0.30642287241091926,
            -0.48423418886642566,
            -0.02033298171937501,
            -0.31551175807550746,
            0.0488944437405443,
            -0.6126501519671841,
            -0.4814915422809294,
            -0.00889300284962255,
            0.0061469118239998455,
            -0.015810552014945745,
            -0.25106676998867405,
            -0.3232317171064747,
            0.031156190439185424,
            0.30660782528877206,
            0.0481720881177262,
            -0.011774295471132436,
            -0.13851977868546694,
            -0.007921047200579876,
            0.06126377236764332,
            0.0013002771710117686
        ],
        [
            -0.48423418886642566,
            -0.31800404615054023,
            -0.01729198788802036,
            -0.25762854385797285,
            0.03689142930042787,
            -0.5535202401117961,
            -0.37030795402581673,
            -0.005645212677139154,
            0.12297618936787377,
            -0.0650201319008289,
            -0.32724160701698357,
            -0.31261912558521,
            0.04229670300722072,
            0.17571109550211975,
            0.05121890498977791,
            -0.1333489658667809,
            -0.19575221349008598,
            -0.0315804370272528,
            0.10343848695149072,
            -0.00569260994685843
        ],
        [
            -0.02033298171937501,
            -0.01729198788802036,
            1.469547357179203,
            -0.018751650521022716,
            0.0023930034141145685,
            -0.00827725481292562,
            -0.017305092078055286,
            0.4669002790906094,
            -0.054187452426109034,
            0.0066088351590542094,
            -0.01980531006657004,
            -0.013060133819856615,
            -0.04347175473724477,
            0.015366882377261283,
            0.003657881773198813,
            -0.0006242968780965021,
            -0.006082462682322275,
            -0.004619336830769013,
            -0.001619477388216821,
            -9.704905360394437e-05
        ],
        [
            -0.31551175807550746,
            -0.25762854385797285,
            -0.018751650521022716,
            1.1670451027219855,
            0.045391046380544114,
            -0.06813036159752395,
            -0.24928443080289403,
            -0.06202009813567792,
            -0.5254210540337209,
            0.14076730966993667,
            -0.24163649580672597,
            -0.19672619212336484,
            0.03345738011715464,
            0.16554607980140984,
            0.04939850459333263,
            -0.06424702681211204,
            -0.12072949862861883,
            -0.013605446862474432,
            0.0830445788867504,
            -0.000799092940693262
        ],
        [
            0.0488944437405443,
            0.03689142930042787,
            0.0023930034141145685,
            0.045391046380544114,
            1.4627206782065258,
            -0.0006231140702660232,
            0.03176634557050083,
            0.009103577782629779,
            0.16141340102114743,
            0.4429689215431355,
            0.009046832933146585,
            0.02412259515743774,
            -0.0027717679575697774,
            -0.025368970275842312,
            -0.050303125644372434,
            -0.001622362306084123,
            0.00840102162797228,
            -7.61495241386055e-05,
            -0.0011014483296457904,
            -0.004617240217345113
        ],
        [
            -0.6126501519671841,
            -0.5535202401117961,
            -0.00827725481292562,
            -0.06813036159752395,
            -0.0006231140702660232,
            -0.45698174431673144,
            -0.602202675146009,
            -0.015919767082130144,
            0.10878860649889315,
            -0.10367425218703674,
            -0.4892338052772962,
            -0.4987555046292135,
            0.02788799439780676,
            0.08198159655357173,
            0.020780413686484922,
            -0.2113281185719729,
            -0.3114642394208783,
            -0.05409055794726255,
            0.2031846883221828,
            -0.0025674620749570054
        ],
        [
            -0.4814915422809294,
            -0.37030795402581673,
            -0.017305092078055286,
            -0.24928443080289403,
            0.03176634557050083,
            -0.602202675146009,
            -0.43247263637251065,
            -0.014200023507667553,
            0.03848402607811033,
            -0.08646306010867921,
            -0.4841994216696339,
            -0.4058802480485433,
            0.07327286084653431,
            0.12228035611055732,
            0.06324123257563988,
            -0.2903349948280968,
            -0.30178806641066747,
            -0.06201079549453792,
            0.15492522881938064,
            -0.015502613584262888
        ],
        [
            -0.00889300284962255,
            -0.005645212677139154,
            0.4669002790906094,
            -0.06202009813567792,
            0.009103577782629779,
            -0.015919767082130144,
            -0.014200023507667553,
            1.3978281819647096,
            -0.04444413323225674,
            -0.006389354059694585,
            0.0031028483544732754,
            -0.016707238632283905,
            0.2765431094073839,
            -0.14282234015502332,
            -0.0404939261095689,
            -0.002295300599921689,
            -0.017204089048573082,
            -0.04515398057151872,
            0.007331810917433942,
            -0.0008509401447652411
        ],
        [
            0.0061469118239998455,
            0.12297618936787377,
            -0.054187452426109034,
            -0.5254210540337209,
            0.16141340102114743,
            0.10878860649889315,
            0.03848402607811033,
            -0.04444413323225674,
            0.8702358041609166,
            -0.010479031327220011,
            -0.051676764571744305,
            -0.09471675940033464,
            -0.11693066985664238,
            -0.7166824365383798,
            -0.24605280428856569,
            -0.2744640149233436,
            -0.1636329654194829,
            -0.06973935649483948,
            0.16132842273582937,
            -0.011831221326583465
        ],
        [
            -0.015810552014945745,
            -0.0650201319008289,
            0.0066088351590542094,
            0.14076730966993667,
            0.4429689215431355,
            -0.10367425218703674,
            -0.08646306010867921,
            -0.006389354059694585,
            -0.010479031327220011,
            1.379739283607773,
            -0.023109779283051413,
            -0.07122929829896502,
            -0.03434254980089925,
            -0.23719092230251893,
            0.23400040479244344,
            -0.0410678222278387,
            -0.051046423115522044,
            -0.013568714966775846,
            0.041010135141952675,
            -0.044249212477588964
        ],
        [
            -0.25106676998867405,
            -0.32724160701698357,
            -0.01980531006657004,
            -0.24163649580672597,
            0.009046832933146585,
            -0.4892338052772962,
            -0.4841994216696339,
            0.0031028483544732754,
            -0.051676764571744305,
            -0.023109779283051413,
            -0.3763712023699235,
            -0.5689801588567737,
            0.12514802100051237,
            -0.021985777864743025,
            0.08191809208709741,
            -0.5344113986801142,
            -0.5102187761271602,
            -0.02463707469672538,
            0.07809947199666845,
            -0.002425757305703699
        ],
        [
            -0.3232317171064747,
            -0.31261912558521,
            -0.013060133819856615,
            -0.19672619212336484,
            0.02412259515743774,
            -0.4987555046292135,
            -0.4058802480485433,
            -0.016707238632283905,
            -0.09471675940033464,
            -0.07122929829896502,
            -0.5689801588567737,
            -0.42742340114846167,
            0.10790102757669033,
            0.00811253467316636,
            0.07237623509221511,
            -0.43971197535649875,
            -0.3641231618170847,
            -0.07836637256981169,
            0.1938474501638407,
            -0.01935974557074238
        ],
        [
            0.031156190439185424,
            0.04229670300722072,
            -0.04347175473724477,
            0.03345738011715464,
            -0.0027717679575697774,
            0.02788799439780676,
            0.07327286084653431,
            0.2765431094073839,
            -0.11693066985664238,
            -0.03434254980089925,
            0.12514802100051237,
            0.10790102757669033,
            1.3799065398533579,
            0.052218183171583776,
            -0.020590076629631825,
            0.02637144765395011,
            0.09236026306638374,
            0.13933130526852938,
            0.342622299445686,
            -0.049727973738995554
        ],
        [
            0.30660782528877206,
            0.17571109550211975,
            0.015366882377261283,
            0.16554607980140984,
            -0.025368970275842312,
            0.08198159655357173,
            0.12228035611055732,
            -0.14282234015502332,
            -0.7166824365383798,
            -0.23719092230251893,
            -0.021985777864743025,
            0.00811253467316636,
            0.052218183171583776,
            0.9818421808740154,
            -0.03317974103479524,
            -0.04092597135797771,
            -0.08912148967818179,
            0.36209598455363046,
            -0.5190489987904933,
            0.10782736209711252
        ],
        [
            0.0481720881177262,
            0.05121890498977791,
            0.003657881773198813,
            0.04939850459333263,
            -0.050303125644372434,
            0.020780413686484922,
            0.06324123257563988,
            -0.0404939261095689,
            -0.24605280428856569,
            0.23400040479244344,
            0.08191809208709741,
            0.07237623509221511,
            -0.020590076629631825,
            -0.03317974103479524,
            1.4036774584224108,
            0.01499732265426948,
            0.04903592554978216,
            -0.045560941474803066,
            0.0928053244385327,
            0.28278804126070906
        ],
        [
            -0.011774295471132436,
            -0.1333489658667809,
            -0.0006242968780965021,
            -0.06424702681211204,
            -0.001622362306084123,
            -0.2113281185719729,
            -0.2903349948280968,
            -0.002295300599921689,
            -0.2744640149233436,
            -0.0410678222278387,
            -0.5344113986801142,
            -0.43971197535649875,
            0.02637144765395011,
            -0.04092597135797771,
            0.01499732265426948,
            -0.22369325978085564,
            -0.4490054777810928,
            -0.10023015833280434,
            0.22811302056960164,
            -0.02802505973984681
        ],
        [
            -0.13851977868546694,
            -0.19575221349008598,
            -0.006082462682322275,
            -0.12072949862861883,
            0.00840102162797228,
            -0.3114642394208783,
            -0.30178806641066747,
            -0.017204089048573082,
            -0.1636329654194829,
            -0.051046423115522044,
            -0.5102187761271602,
            -0.3641231618170847,
            0.09236026306638374,
            -0.08912148967818179,
            0.04903592554978216,
            -0.4490054777810928,
            -0.30883818132356167,
            -0.08770782554379958,
            0.20537500252138313,
            -0.023518171291867625
        ],
        [
            -0.007921047200579876,
            -0.0315804370272528,
            -0.004619336830769013,
            -0.013605446862474432,
            -7.61495241386055e-05,
            -0.05409055794726255,
            -0.06201079549453792,
            -0.04515398057151872,
            -0.06973935649483948,
            -0.013568714966775846,
            -0.02463707469672538,
            -0.07836637256981169,
            0.13933130526852938,
            0.36209598455363046,
            -0.045560941474803066,
            -0.10023015833280434,
            -0.08770782554379958,
            1.4586838963080246,
            0.08574016457273242,
            -0.011233602706326697
        ],
        [
            0.06126377236764332,
            0.10343848695149072,
            -0.001619477388216821,
            0.0830445788867504,
            -0.0011014483296457904,
            0.2031846883221828,
            0.15492522881938064,
            0.007331810917433942,
            0.16132842273582937,
            0.041010135141952675,
            0.07809947199666845,
            0.1938474501638407,
            0.342622299445686,
            -0.5190489987904933,
            0.0928053244385327,
            0.22811302056960164,
            0.20537500252138313,
            0.08574016457273242,
            1.2964923960122996,
            0.023621285322993284
        ],
        [
            0.0013002771710117686,
            -0.00569260994685843,
            -9.704905360394437e-05,
            -0.000799092940693262,
            -0.004617240217345113,
            -0.0025674620749570054,
            -0.015502613584262888,
            -0.0008509401447652411,
            -0.011831221326583465,
            -0.044249212477588964,
            -0.002425757305703699,
            -0.01935974557074238,
            -0.049727973738995554,
            0.10782736209711252,
            0.28278804126070906,
            -0.02802505973984681,
            -0.023518171291867625,
            -0.011233602706326697,
            0.023621285322993284,
            1.4933050241721995
        ]
    ]
}