{
    "HF": -2.1458221446492005,
    "coordinates": [
        [
            0.812999,
            0.149726,
            0.10506
        ],
        [
            1.504301,
            -0.012023,
            0.178632
        ],
        [
            2.257445,
            0.03357,
            0.198906
        ],
        [
            3.061621,
            -0.125379,
            0.044303
        ]
    ],
    "elements": [
        "H",
        "H",
        "H",
        "H"
    ],
    "Enn": 3.012404981407069,
    "S": [
        [
            0.9999999999999999,
            0.6848602514927513,
            0.0,
            0.0,
            0.0,
            0.5919351207927817,
            0.5731119672789342,
            -0.05596980438636052,
            -0.5259071074851815,
            0.12305034374068159,
            0.14167802301437132,
            0.32789594930791655,
            -0.011996784816153851,
            -0.18465046821978734,
            0.014848779245840698,
            0.01157170120362386,
            0.114293989333328,
            0.000368595336759544,
            -0.013641746355727234,
            0.0016689833289865257
        ],
        [
            0.6848602514927513,
            1.0000000000000002,
            0.0,
            0.0,
            0.0,
            0.5731119672789342,
            0.8949555266641959,
            -0.016554647322368388,
            -0.15555185129190352,
            0.03639560770056229,
            0.32789594930791655,
            0.6316917791365895,
            -0.01162820692947677,
            -0.17897744162196605,
            0.014392579375789107,
            0.11429398933332797,
            0.32669458177727534,
            0.002433697824161353,
            -0.0900713739776709,
            0.011019675756141824
        ],
        [
            0.0,
            0.0,
            1.0000000000000004,
            0.0,
            0.0,
            0.05596980438636049,
            0.016554647322368405,
            0.5089062842506165,
            -0.06815482335004319,
            0.015946683970314186,
            0.011996784816153848,
            0.01162820692947678,
            0.06326479587324009,
            -0.022785396338721176,
            0.0018323014478357073,
            -0.000368595336759544,
            -0.002433697824161353,
            0.0012606126685629996,
            0.0004514490343250127,
            -5.523199834742461e-05
        ],
        [
            0.0,
            0.0,
            0.0,
            1.0000000000000004,
            0.0,
            0.5259071074851818,
            0.15555185129190346,
            -0.06815482335004318,
            -0.12424109374682973,
            0.14983926659661467,
            0.1846504682197873,
            0.17897744162196594,
            -0.02278539633872115,
            -0.28595997184501104,
            0.02820216628434344,
            0.013641746355727232,
            0.09007137397767087,
            0.0004514490343250128,
            -0.015435358439865897,
            0.0020441411950554273
        ],
        [
            0.0,
            0.0,
            0.0,
            0.0,
            1.0000000000000004,
            -0.12305034374068155,
            -0.03639560770056227,
            0.01594668397031418,
            0.14983926659661462,
            0.48110068717549387,
            -0.014848779245840698,
            -0.014392579375789099,
            0.0018323014478357068,
            0.028202166284343466,
            0.062477274206026105,
            -0.001668983328986526,
            -0.011019675756141824,
            -5.523199834742462e-05,
            0.0020441411950554273,
            0.00102272262991389
        ],
        [
            0.5919351207927817,
            0.5731119672789342,
            0.05596980438636054,
            0.5259071074851818,
            -0.12305034374068158,
            0.9999999999999999,
            0.6848602514927513,
            0.0,
            0.0,
            0.0,
            0.5588149188363557,
            0.5611713257901458,
            -0.014341193672921446,
            -0.5327505163065381,
            -0.032251062598870846,
            0.10536900015075713,
            0.29048276145112073,
            0.011968250522313057,
            -0.13875183991102868,
            0.01009962857020687
        ],
        [
            0.5731119672789342,
            0.8949555266641959,
            0.01655464732236841,
            0.15555185129190352,
            -0.036395607700562285,
            0.6848602514927513,
            1.0000000000000002,
            0.0,
            0.0,
            0.0,
            0.5611713257901458,
            0.8832879911456918,
            -0.004460530038597603,
            -0.16570096850101373,
            -0.010031022297019843,
            0.29048276145112073,
            0.58564994930457,
            0.014621046057270487,
            -0.16950656556594956,
            0.012338238927319882
        ],
        [
            -0.05596980438636051,
            -0.01655464732236838,
            0.5089062842506165,
            -0.06815482335004319,
            0.01594668397031418,
            0.0,
            0.0,
            1.0000000000000004,
            0.0,
            0.0,
            0.014341193672921446,
            0.004460530038597603,
            0.47682518670191226,
            -0.018922237298808244,
            -0.0011454935114195482,
            -0.011968250522313057,
            -0.01462104605727047,
            0.039311064375675844,
            0.022399146804901016,
            -0.001630414869915212
        ],
        [
            -0.5259071074851815,
            -0.15555185129190346,
            -0.06815482335004318,
            -0.12424109374682973,
            0.14983926659661462,
            0.0,
            0.0,
            0.0,
            1.0000000000000004,
            0.0,
            0.5327505163065378,
            0.16570096850101337,
            -0.018922237298808244,
            -0.22559379859354484,
            -0.042553100777575466,
            0.13875183991102868,
            0.16950656556594967,
            0.022399146804901002,
            -0.21843749288810493,
            0.018901932458488913
        ],
        [
            0.12305034374068155,
            0.036395607700562264,
            0.015946683970314183,
            0.14983926659661467,
            0.48110068717549387,
            0.0,
            0.0,
            0.0,
            0.0,
            1.0000000000000004,
            0.03225106259887084,
            0.010031022297019836,
            -0.0011454935114195482,
            -0.042553100777575466,
            0.4747585247026717,
            -0.01009962857020687,
            -0.012338238927319879,
            -0.0016304148699152125,
            0.01890193245848893,
            0.039867281168236825
        ],
        [
            0.14167802301437132,
            0.32789594930791655,
            0.011996784816153848,
            0.1846504682197874,
            -0.014848779245840698,
            0.5588149188363557,
            0.5611713257901458,
            0.014341193672921446,
            0.5327505163065381,
            0.032251062598870846,
            0.9999999999999999,
            0.6848602514927513,
            0.0,
            0.0,
            0.0,
            0.49616993766998263,
            0.5369695576150262,
            0.09408159713619005,
            -0.4893705973273012,
            0.0967262975699066
        ],
        [
            0.32789594930791655,
            0.6316917791365895,
            0.011628206929476782,
            0.17897744162196594,
            -0.0143925793757891,
            0.5611713257901458,
            0.8832879911456918,
            0.004460530038597603,
            0.16570096850101373,
            0.01003102229701984,
            0.6848602514927513,
            1.0000000000000002,
            0.0,
            0.0,
            0.0,
            0.5369695576150262,
            0.8593457637958501,
            0.03245085007372129,
            -0.16879487984634772,
            0.03336306648879984
        ],
        [
            -0.011996784816153851,
            -0.011628206929476768,
            0.06326479587324009,
            -0.022785396338721165,
            0.0018323014478357066,
            -0.014341193672921446,
            -0.004460530038597603,
            0.47682518670191226,
            -0.018922237298808244,
            -0.0011454935114195482,
            0.0,
            0.0,
            1.0000000000000004,
            0.0,
            0.0,
            -0.09408159713619,
            -0.032450850073721275,
            0.3800875398621972,
            0.13079972997550848,
            -0.02585315438396207
        ],
        [
            -0.18465046821978734,
            -0.17897744162196583,
            -0.022785396338721165,
            -0.28595997184501093,
            0.02820216628434345,
            -0.5327505163065378,
            -0.16570096850101373,
            -0.018922237298808244,
            -0.22559379859354484,
            -0.042553100777575466,
            0.0,
            0.0,
            0.0,
            1.0000000000000004,
            0.0,
            0.4893705973273012,
            0.1687948798463477,
            0.13079972997550832,
            -0.27512816834319703,
            0.13447660316990662
        ],
        [
            0.014848779245840698,
            0.014392579375789106,
            0.0018323014478357075,
            0.02820216628434346,
            0.0624772742060261,
            -0.03225106259887084,
            -0.010031022297019838,
            -0.0011454935114195482,
            -0.042553100777575466,
            0.4747585247026717,
            0.0,
            0.0,
            0.0,
            0.0,
            1.0000000000000004,
            -0.0967262975699066,
            -0.03336306648879985,
            -0.02585315438396207,
            0.13447660316990676,
            0.378653909731666
        ],
        [
            0.01157170120362386,
            0.114293989333328,
            -0.00036859533675954423,
            0.013641746355727236,
            -0.0016689833289865257,
            0.10536900015075713,
            0.29048276145112073,
            -0.011968250522313057,
            0.13875183991102868,
            -0.010099628570206869,
            0.49616993766998263,
            0.5369695576150262,
            -0.09408159713619005,
            0.4893705973273012,
            -0.0967262975699066,
            0.9999999999999999,
            0.6848602514927513,
            0.0,
            0.0,
            0.0
        ],
        [
            0.11429398933332797,
            0.32669458177727534,
            -0.002433697824161353,
            0.09007137397767087,
            -0.011019675756141824,
            0.29048276145112073,
            0.58564994930457,
            -0.014621046057270477,
            0.16950656556594976,
            -0.012338238927319879,
            0.5369695576150262,
            0.8593457637958501,
            -0.03245085007372129,
            0.16879487984634772,
            -0.033363066488799845,
            0.6848602514927513,
            1.0000000000000002,
            0.0,
            0.0,
            0.0
        ],
        [
            0.000368595336759544,
            0.002433697824161353,
            0.0012606126685629996,
            0.00045144903432501286,
            -5.523199834742463e-05,
            0.011968250522313057,
            0.01462104605727048,
            0.039311064375675844,
            0.022399146804901002,
            -0.0016304148699152119,
            0.09408159713619005,
            0.032450850073721275,
            0.3800875398621972,
            0.13079972997550832,
            -0.02585315438396207,
            0.0,
            0.0,
            1.0000000000000004,
            0.0,
            0.0
        ],
        [
            -0.013641746355727234,
            -0.0900713739776709,
            0.0004514490343250126,
            -0.015435358439865897,
            0.0020441411950554273,
            -0.13875183991102868,
            -0.16950656556594987,
            0.022399146804901016,
            -0.21843749288810493,
            0.018901932458488924,
            -0.4893705973273012,
            -0.1687948798463477,
            0.13079972997550848,
            -0.27512816834319703,
            0.13447660316990676,
            0.0,
            0.0,
            0.0,
            1.0000000000000004,
            0.0
        ],
        [
            0.001668983328986526,
            0.011019675756141824,
            -5.52319983474246e-05,
            0.0020441411950554273,
            0.00102272262991389,
            0.01009962857020687,
            0.012338238927319877,
            -0.0016304148699152127,
            0.018901932458488924,
            0.039867281168236825,
            0.0967262975699066,
            0.03336306648879985,
            -0.02585315438396207,
            0.13447660316990662,
            0.378653909731666,
            0.0,
            0.0,
            0.0,
            0.0,
            1.0000000000000004
        ]
    ],
    "h": [
        [
            -0.3089468302359011,
            -0.48492443716233447,
            -0.0336354390197858,
            -0.31186089279864626,
            0.06974850826403589,
            -0.6186840112573743,
            -0.481892593388453,
            -0.0001449617650717272,
            0.0012669595860992366,
            -0.012628607248933804,
            -0.2843373332325293,
            -0.3374577469593621,
            0.010550668159880958,
            0.3434597264736677,
            -0.006531652450955074,
            -0.009927051475660136,
            -0.1367525384878771,
            -0.004148065786342989,
            0.06283951218725874,
            -0.006848110079316195
        ],
        [
            -0.48492443716233447,
            -0.31904323025468595,
            -0.027061458988917937,
            -0.2565087269201471,
            0.055216743211519294,
            -0.564050439114917,
            -0.37185394213181566,
            0.018913641658577472,
            0.10321680081629384,
            -0.05802503162069691,
            -0.3541593577065872,
            -0.32056771459345046,
            0.01343002780677362,
            0.20625778983122386,
            0.012146650197980217,
            -0.13238864830343605,
            -0.19436755225951746,
            -0.015375788561409082,
            0.11001466796883097,
            -0.016842573926114747
        ],
        [
            -0.0336354390197858,
            -0.027061458988917937,
            1.4616109915540014,
            -0.031111999080545488,
            0.006946187627118901,
            -0.007395829711335594,
            -0.0255436252976097,
            0.4539957225784733,
            -0.10088247535782219,
            0.02201768928241232,
            -0.02206785278105296,
            -0.020353811976818285,
            -0.04677169750559593,
            0.022570107470304787,
            0.0006563964772793099,
            -0.001332183901644511,
            -0.008857761722227596,
            -0.004505535383905992,
            0.0014161962863010265,
            -0.000179815246052246
        ],
        [
            -0.31186089279864626,
            -0.2565087269201471,
            -0.031111999080545488,
            1.1655686922341364,
            0.06543533398472584,
            -0.08385111256556166,
            -0.2517081705019315,
            -0.09826012371960519,
            -0.5075958202384752,
            0.2053619970720323,
            -0.26681023138061377,
            -0.20615425449473923,
            0.007018038092939861,
            0.15719471980751465,
            0.010786178145090794,
            -0.06662741742257594,
            -0.12380912220645562,
            -0.006532283462131818,
            0.0862798497528868,
            -0.011627416195382722
        ],
        [
            0.06974850826403589,
            0.055216743211519294,
            0.006946187627118901,
            0.06543533398472584,
            1.4499215052119225,
            0.010083265942323227,
            0.05129325006425402,
            0.023173066696186365,
            0.2217281016658852,
            0.4151198298925025,
            0.04068528843228121,
            0.04163654190703618,
            -0.0016001722287535152,
            -0.0472431714611755,
            -0.04849827234862189,
            0.006934185278979555,
            0.02042081543078963,
            0.000794780491251657,
            -0.01175017860180248,
            -0.0028622066662327018
        ],
        [
            -0.6186840112573743,
            -0.564050439114917,
            -0.007395829711335594,
            -0.08385111256556166,
            0.010083265942323227,
            -0.4990603467601493,
            -0.6214144039517842,
            0.023780970172880948,
            0.054975161371526554,
            -0.08270083854982309,
            -0.5427136966189758,
            -0.5309753001857327,
            0.012516745083689773,
            0.07824540326469143,
            0.0019534685251590272,
            -0.22378617777314722,
            -0.32533135352315823,
            -0.029853878930158638,
            0.22518824601989115,
            -0.02915161130822915
        ],
        [
            -0.481892593388453,
            -0.37185394213181566,
            -0.0255436252976097,
            -0.2517081705019315,
            0.05129325006425402,
            -0.6214144039517842,
            -0.43682316255814024,
            0.018501013738605854,
            0.004822660043834068,
            -0.06176870313197396,
            -0.5157518095567049,
            -0.41402721509508433,
            0.02748199987450907,
            0.15226782925260074,
            0.027151017670826092,
            -0.29284855650382,
            -0.3022880365315028,
            -0.029757448053411014,
            0.16821570458932444,
            -0.029950563988060987
        ],
        [
            -0.0001449617650717272,
            0.018913641658577472,
            0.4539957225784733,
            -0.09826012371960519,
            0.023173066696186365,
            0.023780970172880948,
            0.018501013738605854,
            1.3840304467416533,
            -0.034321055591437,
            0.006245583350516385,
            0.009429340305704213,
            0.010415347485382566,
            0.3960275702039948,
            -0.034115497526686106,
            -0.0016781563002611088,
            0.006062567444671107,
            0.0021460817034612244,
            -0.04338923267306241,
            -0.004719022716973838,
            0.0005505914012618471
        ],
        [
            0.0012669595860992366,
            0.10321680081629384,
            -0.10088247535782219,
            -0.5075958202384752,
            0.2217281016658852,
            0.054975161371526554,
            0.004822660043834068,
            -0.034321055591437,
            0.8011885016063662,
            0.053440988348314934,
            -0.032718430282636435,
            -0.12026480884911461,
            -0.014520742860017671,
            -0.7530329016981003,
            -0.04009507487393582,
            -0.29863603080039886,
            -0.18977782082150663,
            -0.038404113107300325,
            0.1974352254143109,
            -0.03742786418869906
        ],
        [
            -0.012628607248933804,
            -0.05802503162069691,
            0.02201768928241232,
            0.2053619970720323,
            0.4151198298925025,
            -0.08270083854982309,
            -0.06176870313197396,
            0.006245583350516385,
            0.053440988348314934,
            1.3708200222383904,
            -0.009937437018672501,
            -0.03761921577466104,
            -0.001323093988185366,
            -0.03171233658095429,
            0.39220297481243915,
            0.006921246003849604,
            -0.013558632090062847,
            -0.00020859136454640147,
            0.002242500513262309,
            -0.04422576424378917
        ],
        [
            -0.2843373332325293,
            -0.3541593577065872,
            -0.02206785278105296,
            -0.26681023138061377,
            0.04068528843228121,
            -0.5427136966189758,
            -0.5157518095567049,
            0.009429340305704213,
            -0.032718430282636435,
            -0.009937437018672501,
            -0.42162530843182466,
            -0.592843673529066,
            0.049850093926704676,
            0.016831914727307523,
            0.05832150809519119,
            -0.5356838554402332,
            -0.518333387753572,
            -0.012030176031330497,
            0.08230980012922873,
            -0.010861914148019264
        ],
        [
            -0.3374577469593621,
            -0.32056771459345046,
            -0.020353811976818285,
            -0.20615425449473923,
            0.04163654190703618,
            -0.5309753001857327,
            -0.41402721509508433,
            0.010415347485382566,
            -0.12026480884911461,
            -0.03761921577466104,
            -0.592843673529066,
            -0.4364908488445409,
            0.0424178161593287,
            0.03209730724049813,
            0.04686092006788466,
            -0.43634788440007666,
            -0.3612459058421307,
            -0.03661049487923512,
            0.20583719820482915,
            -0.036377772775331774
        ],
        [
            0.010550668159880958,
            0.01343002780677362,
            -0.04677169750559593,
            0.007018038092939861,
            -0.0016001722287535152,
            0.012516745083689773,
            0.02748199987450907,
            0.3960275702039948,
            -0.014520742860017671,
            -0.001323093988185366,
            0.049850093926704676,
            0.0424178161593287,
            1.4017746881369881,
            0.03374076037331643,
            -0.008538104249301693,
            0.009523213223923854,
            0.038202794537455675,
            0.27502356652675164,
            0.1690528090540768,
            -0.03401854565831145
        ],
        [
            0.3434597264736677,
            0.20625778983122386,
            0.022570107470304787,
            0.15719471980751465,
            -0.0472431714611755,
            0.07824540326469143,
            0.15226782925260074,
            -0.034115497526686106,
            -0.7530329016981003,
            -0.03171233658095429,
            0.016831914727307523,
            0.03209730724049813,
            0.03374076037331643,
            0.8637544323380315,
            0.03333056740747918,
            -0.041145770361894596,
            -0.09062726354287065,
            0.17661976582432898,
            -0.6269164918163133,
            0.182128743122477
        ],
        [
            -0.006531652450955074,
            0.012146650197980217,
            0.0006563964772793099,
            0.010786178145090794,
            -0.04849827234862189,
            0.0019534685251590272,
            0.027151017670826092,
            -0.0016781563002611088,
            -0.04009507487393582,
            0.39220297481243915,
            0.05832150809519119,
            0.04686092006788466,
            -0.008538104249301693,
            0.03333056740747918,
            1.4000050835231566,
            0.014563516457951148,
            0.04359922744339334,
            -0.033424200348939954,
            0.17137088478447854,
            0.27336741214475657
        ],
        [
            -0.009927051475660136,
            -0.13238864830343605,
            -0.001332183901644511,
            -0.06662741742257594,
            0.006934185278979555,
            -0.22378617777314722,
            -0.29284855650382,
            0.006062567444671107,
            -0.29863603080039886,
            0.006921246003849604,
            -0.5356838554402332,
            -0.43634788440007666,
            0.009523213223923854,
            -0.041145770361894596,
            0.014563516457951148,
            -0.22419476659127757,
            -0.44809843743407873,
            -0.04642971054722602,
            0.24440655275544895,
            -0.04648433359421694
        ],
        [
            -0.1367525384878771,
            -0.19436755225951746,
            -0.008857761722227596,
            -0.12380912220645562,
            0.02042081543078963,
            -0.32533135352315823,
            -0.3022880365315028,
            0.0021460817034612244,
            -0.18977782082150663,
            -0.013558632090062847,
            -0.518333387753572,
            -0.3612459058421307,
            0.038202794537455675,
            -0.09062726354287065,
            0.04359922744339334,
            -0.44809843743407873,
            -0.3053146613953359,
            -0.04065628846533752,
            0.2184191841458268,
            -0.04055113348548586
        ],
        [
            -0.004148065786342989,
            -0.015375788561409082,
            -0.004505535383905992,
            -0.006532283462131818,
            0.000794780491251657,
            -0.029853878930158638,
            -0.029757448053411014,
            -0.04338923267306241,
            -0.038404113107300325,
            -0.00020859136454640147,
            -0.012030176031330497,
            -0.03661049487923512,
            0.27502356652675164,
            0.17661976582432898,
            -0.033424200348939954,
            -0.04642971054722602,
            -0.04065628846533752,
            1.4914119290034737,
            0.042475767039400494,
            -0.008196122191147188
        ],
        [
            0.06283951218725874,
            0.11001466796883097,
            0.0014161962863010265,
            0.0862798497528868,
            -0.01175017860180248,
            0.22518824601989115,
            0.16821570458932444,
            -0.004719022716973838,
            0.1974352254143109,
            0.002242500513262309,
            0.08230980012922873,
            0.20583719820482915,
            0.1690528090540768,
            -0.6269164918163133,
            0.17137088478447854,
            0.24440655275544895,
            0.2184191841458268,
            0.042475767039400494,
            1.2707074877034303,
            0.04295326655895177
        ],
        [
            -0.006848110079316195,
            -0.016842573926114747,
            -0.000179815246052246,
            -0.011627416195382722,
            -0.0028622066662327018,
            -0.02915161130822915,
            -0.029950563988060987,
            0.0005505914012618471,
            -0.03742786418869906,
            -0.04422576424378917,
            -0.010861914148019264,
            -0.036377772775331774,
            -0.03401854565831145,
            0.182128743122477,
            0.27336741214475657,
            -0.04648433359421694,
            -0.04055113348548586,
            -0.008196122191147188,
            0.04295326655895177,
            1.4911106909130318
        ]
    ]
}