{
    "HF": -2.1053098723486188,
    "coordinates": [
        [
            0.788208,
            -0.086231,
            0.090556
        ],
        [
            1.512018,
            0.015109,
            0.07763
        ],
        [
            2.179755,
            0.119048,
            0.101789
        ],
        [
            2.866946,
            0.07297,
            0.153875
        ]
    ],
    "elements": [
        "H",
        "H",
        "H",
        "H"
    ],
    "Enn": 3.292122621143855,
    "S": [
        [
            0.9999999999999999,
            0.6848602514927513,
            0.0,
            0.0,
            0.0,
            0.5779936076735069,
            0.5681530536283812,
            0.00954187959901648,
            -0.5343113006780238,
            -0.07480845416713075,
            0.15842606456156813,
            0.3431140427174688,
            -0.001646369110493449,
            -0.20395263924150497,
            -0.030086798240272813,
            0.021892987278417594,
            0.15017615640426016,
            -0.0008365614357679433,
            -0.027463984678617506,
            -0.0021033405002557253
        ],
        [
            0.6848602514927513,
            1.0000000000000002,
            0.0,
            0.0,
            0.0,
            0.5681530536283812,
            0.8901213753125279,
            0.002881662376924575,
            -0.16136283808152446,
            -0.022592268704745243,
            0.3431140427174687,
            0.6498438301388125,
            -0.0014610471342204011,
            -0.18099490398673526,
            -0.026700106353211947,
            0.15017615640426016,
            0.3876345517697766,
            -0.0033995190219868235,
            -0.11160487962107496,
            -0.008547305355727725
        ],
        [
            0.0,
            0.0,
            1.0000000000000004,
            0.0,
            0.0,
            -0.00954187959901648,
            -0.002881662376924575,
            0.4995497078712491,
            0.01213914251052096,
            0.001699590641212741,
            0.001646369110493449,
            0.0014610471342204011,
            0.07662729067066366,
            -0.0031106528407053432,
            -0.0004588790062334598,
            0.0008365614357679428,
            0.0033995190219868222,
            0.003490266956211041,
            -0.001205226754838127,
            -9.230278399537826e-05
        ],
        [
            0.0,
            0.0,
            0.0,
            1.0000000000000004,
            0.0,
            0.5343113006780236,
            0.16136283808152427,
            0.01213914251052099,
            -0.17998228874422081,
            -0.0951710275426425,
            0.20395263924150503,
            0.18099490398673515,
            -0.0031106528407053354,
            -0.3086960927650785,
            -0.05684605221108791,
            0.02746398467861751,
            0.11160487962107488,
            -0.001205226754838127,
            -0.0360401443495768,
            -0.0030302642902917697
        ],
        [
            0.0,
            0.0,
            0.0,
            0.0,
            1.0000000000000004,
            0.07480845416713074,
            0.02259226870474525,
            0.0016995906412127452,
            -0.09517102754264246,
            0.48644168038464297,
            0.030086798240272803,
            0.026700106353211933,
            -0.0004588790062334585,
            -0.056846052211087884,
            0.06826655345626827,
            0.0021033405002557253,
            0.008547305355727725,
            -9.230278399537826e-05,
            -0.0030302642902917697,
            0.0032949045043825067
        ],
        [
            0.5779936076735069,
            0.5681530536283812,
            -0.00954187959901648,
            0.5343113006780236,
            0.07480845416713074,
            0.9999999999999999,
            0.6848602514927513,
            0.0,
            0.0,
            0.0,
            0.6225310764791039,
            0.5836676692930215,
            -0.01958461191742448,
            -0.5413042761664497,
            -0.08425866046132627,
            0.17780601157052625,
            0.35949520021228903,
            -0.012874772789286297,
            -0.22879389003662018,
            -0.0097704404008249
        ],
        [
            0.5681530536283812,
            0.8901213753125279,
            -0.002881662376924575,
            0.16136283808152427,
            0.02259226870474525,
            0.6848602514927513,
            1.0000000000000002,
            0.0,
            0.0,
            0.0,
            0.5836676692930215,
            0.9051929620620214,
            -0.0055430155196256456,
            -0.153204874126755,
            -0.023847654708157247,
            0.35949520021228903,
            0.6690452734304443,
            -0.01042409314045329,
            -0.1852435657499914,
            -0.00791066238048094
        ],
        [
            0.00954187959901648,
            0.002881662376924575,
            0.4995497078712491,
            0.01213914251052099,
            0.0016995906412127452,
            0.0,
            0.0,
            1.0000000000000004,
            0.0,
            0.0,
            0.01958461191742448,
            0.0055430155196256456,
            0.5515200966321775,
            -0.023133239546052845,
            -0.0036008874529600554,
            0.012874772789286292,
            0.0104240931404533,
            0.0898011804234244,
            -0.024453793227754046,
            -0.0010442775778130473
        ],
        [
            -0.5343113006780233,
            -0.1613628380815241,
            0.01213914251052096,
            -0.17998228874422098,
            -0.09517102754264246,
            0.0,
            0.0,
            0.0,
            1.0000000000000004,
            0.0,
            0.5413042761664496,
            0.153204874126755,
            -0.023133239546052863,
            -0.08702866834204405,
            -0.09952588208026773,
            0.22879389003662007,
            0.1852435657499916,
            -0.024453793227754046,
            -0.34338408399528114,
            -0.018557556953912736
        ],
        [
            -0.07480845416713074,
            -0.022592268704745254,
            0.001699590641212741,
            -0.0951710275426425,
            0.48644168038464297,
            0.0,
            0.0,
            0.0,
            0.0,
            1.0000000000000004,
            0.08425866046132627,
            0.02384765470815724,
            -0.0036008874529600545,
            -0.09952588208026762,
            0.5368650082914868,
            0.009770440400824892,
            0.007910662380480929,
            -0.001044277577813047,
            -0.01855755695391273,
            0.0903847691172441
        ],
        [
            0.15842606456156813,
            0.3431140427174688,
            0.001646369110493449,
            0.20395263924150495,
            0.030086798240272813,
            0.6225310764791039,
            0.5836676692930215,
            0.01958461191742448,
            0.5413042761664496,
            0.08425866046132627,
            0.9999999999999999,
            0.6848602514927513,
            0.0,
            0.0,
            0.0,
            0.6107074707268293,
            0.5796404967506452,
            -0.041215962136153486,
            -0.5437783326864314,
            0.03646179593959378
        ],
        [
            0.3431140427174687,
            0.6498438301388125,
            0.0014610471342204011,
            0.18099490398673515,
            0.026700106353211947,
            0.5836676692930215,
            0.9051929620620214,
            0.0055430155196256456,
            0.153204874126755,
            0.023847654708157254,
            0.6848602514927513,
            1.0000000000000002,
            0.0,
            0.0,
            0.0,
            0.5796404967506452,
            0.9012955959668097,
            -0.011862572147365415,
            -0.15650756089006992,
            0.010494251802908734
        ],
        [
            -0.001646369110493449,
            -0.0014610471342204011,
            0.07662729067066366,
            -0.003110652840705335,
            -0.0004588790062334586,
            -0.01958461191742448,
            -0.0055430155196256456,
            0.5515200966321775,
            -0.023133239546052863,
            -0.0036008874529600545,
            0.0,
            0.0,
            1.0000000000000004,
            0.0,
            0.0,
            0.041215962136153486,
            0.011862572147365412,
            0.5345440769098103,
            -0.05002462148486461,
            0.0033542850659854283
        ],
        [
            -0.20395263924150497,
            -0.18099490398673504,
            -0.003110652840705344,
            -0.3086960927650786,
            -0.05684605221108791,
            -0.5413042761664496,
            -0.153204874126755,
            -0.023133239546052845,
            -0.08702866834204423,
            -0.09952588208026762,
            0.0,
            0.0,
            0.0,
            1.0000000000000004,
            0.0,
            0.5437783326864314,
            0.1565075608900699,
            -0.05002462148486457,
            -0.12165870664382877,
            0.0442543967434549
        ],
        [
            -0.030086798240272803,
            -0.026700106353211933,
            -0.00045887900623345964,
            -0.056846052211087884,
            0.06826655345626827,
            -0.08425866046132627,
            -0.023847654708157247,
            -0.0036008874529600554,
            -0.09952588208026773,
            0.5368650082914866,
            0.0,
            0.0,
            0.0,
            0.0,
            1.0000000000000004,
            -0.03646179593959378,
            -0.010494251802908708,
            0.0033542850659854235,
            0.044254396743454875,
            0.535368343149496
        ],
        [
            0.021892987278417594,
            0.15017615640426016,
            0.0008365614357679433,
            0.02746398467861751,
            0.0021033405002557253,
            0.17780601157052625,
            0.35949520021228903,
            0.012874772789286297,
            0.22879389003662018,
            0.0097704404008249,
            0.6107074707268293,
            0.5796404967506452,
            0.04121596213615351,
            0.5437783326864314,
            -0.03646179593959378,
            0.9999999999999999,
            0.6848602514927513,
            0.0,
            0.0,
            0.0
        ],
        [
            0.15017615640426016,
            0.3876345517697766,
            0.0033995190219868235,
            0.1116048796210749,
            0.008547305355727725,
            0.35949520021228903,
            0.6690452734304443,
            0.010424093140453304,
            0.18524356574999165,
            0.007910662380480937,
            0.5796404967506452,
            0.9012955959668097,
            0.011862572147365415,
            0.15650756089006992,
            -0.010494251802908711,
            0.6848602514927513,
            1.0000000000000002,
            0.0,
            0.0,
            0.0
        ],
        [
            -0.0008365614357679428,
            -0.0033995190219868222,
            0.003490266956211041,
            -0.001205226754838127,
            -9.230278399537826e-05,
            -0.012874772789286294,
            -0.010424093140453315,
            0.0898011804234244,
            -0.024453793227754046,
            -0.0010442775778130471,
            -0.041215962136153486,
            -0.011862572147365412,
            0.5345440769098103,
            -0.050024621484864584,
            0.0033542850659854244,
            0.0,
            0.0,
            1.0000000000000004,
            0.0,
            0.0
        ],
        [
            -0.027463984678617506,
            -0.11160487962107492,
            -0.0012052267548381271,
            -0.0360401443495768,
            -0.0030302642902917706,
            -0.22879389003662007,
            -0.18524356574999182,
            -0.024453793227754046,
            -0.34338408399528114,
            -0.018557556953912733,
            -0.5437783326864314,
            -0.1565075608900699,
            -0.0500246214848646,
            -0.12165870664382877,
            0.044254396743454875,
            0.0,
            0.0,
            0.0,
            1.0000000000000004,
            0.0
        ],
        [
            -0.0021033405002557253,
            -0.008547305355727725,
            -9.230278399537826e-05,
            -0.0030302642902917693,
            0.0032949045043825067,
            -0.00977044040082489,
            -0.007910662380480925,
            -0.0010442775778130473,
            -0.018557556953912733,
            0.0903847691172441,
            0.03646179593959376,
            0.010494251802908708,
            0.0033542850659854274,
            0.0442543967434549,
            0.535368343149496,
            0.0,
            0.0,
            0.0,
            0.0,
            1.0000000000000004
        ]
    ],
    "h": [
        [
            -0.29229183917027135,
            -0.47793848752269064,
            0.005396863203635582,
            -0.3103812353847146,
            -0.04457563749202503,
            -0.6060564379614618,
            -0.47089661096970614,
            -0.0010262755720779615,
            0.009137985611037847,
            -0.0023527871042356985,
            -0.3047864514880154,
            -0.34181422808613454,
            0.009409274112355641,
            0.3608892720969874,
            0.049757631954762925,
            -0.03661661172947647,
            -0.17188579546219585,
            0.004810721967045728,
            0.10726930219997283,
            0.005461444574183813
        ],
        [
            -0.47793848752269064,
            -0.3158872133862294,
            0.004101718366390065,
            -0.259447135749754,
            -0.03729168044647878,
            -0.567653923150907,
            -0.37118714379066553,
            -0.008225173383183938,
            0.09424274560896567,
            0.011105754144350364,
            -0.3861131138345299,
            -0.32696840128699145,
            0.004405367213451658,
            0.21191717729938736,
            0.04135697118402464,
            -0.1742236426327989,
            -0.22273089215055236,
            0.009748413902932462,
            0.15339924518233147,
            -0.0017970891270186092
        ],
        [
            0.005396863203635582,
            0.004101718366390065,
            1.4812336080192505,
            0.004754546976106279,
            0.0006709214947734466,
            8.071736368945454e-05,
            0.003354845239338595,
            0.44233279052545227,
            0.016868937841442114,
            0.002398188690146983,
            0.0011866855521815217,
            0.002736156570565181,
            -0.046516481442453655,
            -0.004838830279843118,
            -0.0006479418143972552,
            -0.0017395495296110212,
            0.0006086745871858711,
            -0.009931176669807409,
            0.002611832933440853,
            0.00014720549188294613
        ],
        [
            -0.3103812353847146,
            -0.259447135749754,
            0.004754546976106279,
            1.1757538084775565,
            -0.043359961906858875,
            -0.09268844500474338,
            -0.2537222803265994,
            0.01398720720314637,
            -0.5867864827604519,
            -0.14560696848209073,
            -0.29014549466692474,
            -0.21410310336567517,
            0.006771393638217122,
            0.13241069846525322,
            0.0295848487207252,
            -0.10491808258421073,
            -0.14637875220138796,
            0.006858100781153927,
            0.1462249244246902,
            0.006975431998174205
        ],
        [
            -0.04457563749202503,
            -0.03729168044647878,
            0.0006709214947734466,
            -0.043359961906858875,
            1.475158485534616,
            -0.014133987391692332,
            -0.03637981111511002,
            0.001951228511422915,
            -0.14347270499732914,
            0.4223392146950464,
            -0.04115092511929827,
            -0.030302991047452335,
            0.0009919573939405528,
            0.025512931018637067,
            -0.04224002077582295,
            -0.011629495189535516,
            -0.0197807034730818,
            0.0007510509927507803,
            0.016086879240204202,
            -0.009420798210678257
        ],
        [
            -0.6060564379614618,
            -0.567653923150907,
            8.071736368945454e-05,
            -0.09268844500474338,
            -0.014133987391692332,
            -0.5303574573983638,
            -0.6390621265863903,
            -0.01560513946535583,
            -0.003449008856462474,
            -0.0035672070088278293,
            -0.616956931993579,
            -0.5673487065276865,
            -0.0034873933168518695,
            0.041598198486533455,
            0.02013006125792577,
            -0.33346984282424974,
            -0.39904422443582893,
            0.020093967821968213,
            0.3075391398959878,
            -0.003466481694549193
        ],
        [
            -0.47089661096970614,
            -0.37118714379066553,
            0.003354845239338595,
            -0.2537222803265994,
            -0.03637981111511002,
            -0.6390621265863903,
            -0.4441225309025527,
            -0.013207966746006397,
            -0.02929714121578833,
            -0.004323813349082264,
            -0.5725600974474527,
            -0.4259927558797374,
            -0.001772245146478571,
            0.1391465107780162,
            0.05064830170602848,
            -0.360775525322061,
            -0.33424867256210566,
            0.016500244623973166,
            0.23098021049395484,
            -0.009825342031194536
        ],
        [
            -0.0010262755720779615,
            -0.008225173383183938,
            0.44233279052545227,
            0.01398720720314637,
            0.001951228511422915,
            -0.01560513946535583,
            -0.013207966746006397,
            1.3781103188210448,
            -0.009457924252211033,
            -0.0012380764372733222,
            -0.007448621921070014,
            -0.013572849620910776,
            0.5041268025033504,
            -0.03709359570667548,
            -0.00453062303365587,
            -0.015890297447375933,
            -0.011449055653860049,
            -0.04309992078557476,
            0.00397869205055254,
            -0.0009794501113293565
        ],
        [
            0.009137985611037847,
            0.09424274560896567,
            0.016868937841442114,
            -0.5867864827604519,
            -0.14347270499732914,
            -0.003449008856462474,
            -0.02929714121578833,
            -0.009457924252211033,
            0.7124771447252665,
            -0.0910790528866351,
            -0.06736248761991637,
            -0.1548994003582425,
            -0.04562985652923007,
            -0.6610569105780093,
            -0.15061417466753002,
            -0.37964460759900576,
            -0.22059435415750833,
            0.013164274099440453,
            0.09720584768318907,
            -0.021939776568456075
        ],
        [
            -0.0023527871042356985,
            0.011105754144350364,
            0.002398188690146983,
            -0.14560696848209073,
            0.4223392146950464,
            -0.0035672070088278293,
            -0.004323813349082264,
            -0.0012380764372733222,
            -0.0910790528866351,
            1.3658405370601279,
            0.000194940044432379,
            -0.018740734954500196,
            -0.006411514210550143,
            -0.1710633890993381,
            0.4818091379502296,
            -0.03979003275303898,
            -0.02758892561944511,
            0.0023355193017675704,
            0.030769768926054902,
            -0.045442372010199544
        ],
        [
            -0.3047864514880154,
            -0.3861131138345299,
            0.0011866855521815217,
            -0.29014549466692474,
            -0.04115092511929827,
            -0.616956931993579,
            -0.5725600974474527,
            -0.007448621921070014,
            -0.06736248761991637,
            0.000194940044432379,
            -0.5588062162225027,
            -0.6474738332684086,
            -0.013222464572528217,
            -0.02649477997551372,
            0.06398670080020927,
            -0.6386438830367217,
            -0.5838907186608214,
            0.006306756811171682,
            0.10016564907947356,
            0.0016556756928914687
        ],
        [
            -0.34181422808613454,
            -0.32696840128699145,
            0.002736156570565181,
            -0.21410310336567517,
            -0.030302991047452335,
            -0.5673487065276865,
            -0.4259927558797374,
            -0.013572849620910776,
            -0.1548994003582425,
            -0.018740734954500196,
            -0.6474738332684086,
            -0.44253713765402014,
            -0.009001575360786121,
            0.014316678439007496,
            0.05161305946373554,
            -0.4883818295324309,
            -0.3749807814554005,
            0.01964345309900689,
            0.2721291698710854,
            -0.011927608535864389
        ],
        [
            0.009409274112355641,
            0.004405367213451658,
            -0.046516481442453655,
            0.006771393638217122,
            0.0009919573939405528,
            -0.0034873933168518695,
            -0.001772245146478571,
            0.5041268025033504,
            -0.04562985652923007,
            -0.006411514210550143,
            -0.013222464572528217,
            -0.009001575360786121,
            1.3673684902040188,
            -0.035166752493652226,
            -0.00034001679938981,
            -0.00019776367625293223,
            -0.01230620214897319,
            0.49231215991774424,
            -0.0744772755546005,
            0.004893732882857119
        ],
        [
            0.3608892720969874,
            0.21191717729938736,
            -0.004838830279843118,
            0.13241069846525322,
            0.025512931018637067,
            0.041598198486533455,
            0.1391465107780162,
            -0.03709359570667548,
            -0.6610569105780093,
            -0.1710633890993381,
            -0.02649477997551372,
            0.014316678439007496,
            -0.035166752493652226,
            0.6961468829020803,
            -0.03395879251807365,
            0.006132304449340209,
            -0.09675468227701231,
            -0.07671872332437271,
            -0.5334862558416339,
            0.0626383568287629
        ],
        [
            0.049757631954762925,
            0.04135697118402464,
            -0.0006479418143972552,
            0.0295848487207252,
            -0.04224002077582295,
            0.02013006125792577,
            0.05064830170602848,
            -0.00453062303365587,
            -0.15061417466753002,
            0.4818091379502296,
            0.06398670080020927,
            0.05161305946373554,
            -0.00034001679938981,
            -0.03395879251807365,
            1.3602314837224974,
            0.007980613296608638,
            0.034941927062330715,
            0.003929698138351621,
            0.048011745173047474,
            0.4931244676910973
        ],
        [
            -0.03661661172947647,
            -0.1742236426327989,
            -0.0017395495296110212,
            -0.10491808258421073,
            -0.011629495189535516,
            -0.33346984282424974,
            -0.360775525322061,
            -0.015890297447375933,
            -0.37964460759900576,
            -0.03979003275303898,
            -0.6386438830367217,
            -0.4883818295324309,
            -0.00019776367625293223,
            0.006132304449340209,
            0.007980613296608638,
            -0.3265938878537409,
            -0.49204772685619025,
            0.02552346021972359,
            0.3373066670541842,
            -0.020656617182380075
        ],
        [
            -0.17188579546219585,
            -0.22273089215055236,
            0.0006086745871858711,
            -0.14637875220138796,
            -0.0197807034730818,
            -0.39904422443582893,
            -0.33424867256210566,
            -0.011449055653860049,
            -0.22059435415750833,
            -0.02758892561944511,
            -0.5838907186608214,
            -0.3749807814554005,
            -0.01230620214897319,
            -0.09675468227701231,
            0.034941927062330715,
            -0.49204772685619025,
            -0.3212535646232466,
            0.020380420880233688,
            0.27443036682882516,
            -0.014795010787130615
        ],
        [
            0.004810721967045728,
            0.009748413902932462,
            -0.009931176669807409,
            0.006858100781153927,
            0.0007510509927507803,
            0.020093967821968213,
            0.016500244623973166,
            -0.04309992078557476,
            0.013164274099440453,
            0.0023355193017675704,
            0.006306756811171682,
            0.01964345309900689,
            0.49231215991774424,
            -0.07671872332437271,
            0.003929698138351621,
            0.02552346021972359,
            0.020380420880233688,
            1.4638176372153473,
            -0.024705455836657886,
            0.001425804260116913
        ],
        [
            0.10726930219997283,
            0.15339924518233147,
            0.002611832933440853,
            0.1462249244246902,
            0.016086879240204202,
            0.3075391398959878,
            0.23098021049395484,
            0.00397869205055254,
            0.09720584768318907,
            0.030769768926054902,
            0.10016564907947356,
            0.2721291698710854,
            -0.0744772755546005,
            -0.5334862558416339,
            0.048011745173047474,
            0.3373066670541842,
            0.27443036682882516,
            -0.024705455836657886,
            1.1312561794153502,
            0.01825243549896962
        ],
        [
            0.005461444574183813,
            -0.0017970891270186092,
            0.00014720549188294613,
            0.006975431998174205,
            -0.009420798210678257,
            -0.003466481694549193,
            -0.009825342031194536,
            -0.0009794501113293565,
            -0.021939776568456075,
            -0.045442372010199544,
            0.0016556756928914687,
            -0.011927608535864389,
            0.004893732882857119,
            0.0626383568287629,
            0.4931244676910973,
            -0.020656617182380075,
            -0.014795010787130615,
            0.001425804260116913,
            0.01825243549896962,
            1.464221797624566
        ]
    ]
}