{
    "HF": -2.1492450610381097,
    "coordinates": [
        [
            0.773848,
            -0.067593,
            0.121709
        ],
        [
            1.586734,
            0.177484,
            0.111154
        ],
        [
            2.325394,
            0.182252,
            -0.12636
        ],
        [
            3.0337,
            -0.128711,
            0.06099
        ]
    ],
    "elements": [
        "H",
        "H",
        "H",
        "H"
    ],
    "Enn": 2.8942732064386774,
    "S": [
        [
            0.9999999999999999,
            0.6848602514927513,
            0.0,
            0.0,
            0.0,
            0.4846876503518413,
            0.5322820977538647,
            0.006235474365190245,
            -0.48022073091634615,
            -0.14478174808126276,
            0.09887591275570927,
            0.28297432741508494,
            0.02045670825840712,
            -0.12794635311747352,
            -0.020603163937540466,
            0.011773003962624477,
            0.11514421938463126,
            0.00037621818278658756,
            -0.0140021642781771,
            0.0003786904082009032
        ],
        [
            0.6848602514927513,
            1.0000000000000002,
            0.0,
            0.0,
            0.0,
            0.5322820977538647,
            0.8546614888332228,
            0.0021948306293900228,
            -0.1690333577453655,
            -0.05096186699753828,
            0.28297432741508494,
            0.5761449623097724,
            0.026254927161782366,
            -0.16421127677442485,
            -0.026442894020355268,
            0.11514421938463132,
            0.32821548790948596,
            0.0024515993704403646,
            -0.09124412029987956,
            0.002467709453755399
        ],
        [
            0.0,
            0.0,
            1.0000000000000004,
            0.0,
            0.0,
            -0.006235474365190245,
            -0.0021948306293900223,
            0.39213400213359556,
            0.008737358570870263,
            0.0026342262340268772,
            -0.020456708258407116,
            -0.026254927161782363,
            0.03143449661108239,
            0.03738300267250902,
            0.0060197740206948515,
            -0.00037621818278658735,
            -0.0024515993704403594,
            0.0012960062225311313,
            0.00046614467136784564,
            -1.2606945067491136e-05
        ],
        [
            0.0,
            0.0,
            0.0,
            1.0000000000000004,
            0.0,
            0.48022073091634615,
            0.1690333577453653,
            0.008737358570870287,
            -0.280654153504979,
            -0.20287310530300082,
            0.12794635311747352,
            0.16421127677442482,
            0.03738300267250902,
            -0.19640027542740965,
            -0.03765063874451469,
            0.014002164278177093,
            0.09124412029987959,
            0.00046614467136784564,
            -0.016040535619639446,
            0.0004692078266219796
        ],
        [
            0.0,
            0.0,
            0.0,
            0.0,
            1.0000000000000004,
            0.14478174808126273,
            0.050961866997538255,
            0.0026342262340268837,
            -0.2028731053030008,
            0.3310832407616099,
            0.02060316393754047,
            0.026442894020355292,
            0.006019774020694852,
            -0.0376506387445147,
            0.03134860824737507,
            -0.0003786904082009032,
            -0.002467709453755398,
            -1.2606945067491142e-05,
            0.00046920782662197976,
            0.001295841076474355
        ],
        [
            0.4846876503518413,
            0.5322820977538647,
            -0.006235474365190245,
            0.4802207309163462,
            0.14478174808126276,
            0.9999999999999999,
            0.6848602514927513,
            0.0,
            0.0,
            0.0,
            0.5419292124321279,
            0.5548647560987692,
            0.16161375708450873,
            -0.5026129735848971,
            -0.0032443325184155014,
            0.13215879738084832,
            0.31873333474346077,
            0.005890377984158484,
            -0.16990624093425308,
            0.03595415610516321
        ],
        [
            0.5322820977538647,
            0.8546614888332228,
            -0.0021948306293900228,
            0.16903335774536532,
            0.0509618669975383,
            0.6848602514927513,
            1.0000000000000002,
            0.0,
            0.0,
            0.0,
            0.5548647560987692,
            0.877087556129085,
            0.05162936008694775,
            -0.1605654534967402,
            -0.0010364390684110035,
            0.3187333347434607,
            0.6206085696644127,
            0.006030087060758448,
            -0.1739361086427997,
            0.03680692344248727
        ],
        [
            0.006235474365190245,
            0.0021948306293900223,
            0.39213400213359556,
            0.008737358570870287,
            0.002634226234026884,
            0.0,
            0.0,
            1.0000000000000004,
            0.0,
            0.0,
            -0.1616137570845087,
            -0.05162936008694769,
            0.39067653889702536,
            0.2084769007400762,
            0.001345704197775264,
            -0.005890377984158482,
            -0.006030087060758447,
            0.05788300976418741,
            0.010979443167209526,
            -0.0023233791261050504
        ],
        [
            -0.48022073091634615,
            -0.16903335774536513,
            0.008737358570870263,
            -0.280654153504979,
            -0.20287310530300082,
            0.0,
            0.0,
            0.0,
            1.0000000000000004,
            0.0,
            0.5026129735848971,
            0.16056545349674053,
            0.20847690074007627,
            -0.19064397821139656,
            -0.0041850916692434004,
            0.169906240934253,
            0.17393610864279965,
            0.01097944316720952,
            -0.2584351974979935,
            0.06701719561007335
        ],
        [
            -0.14478174808126273,
            -0.050961866997538276,
            0.0026342262340268764,
            -0.2028731053030008,
            0.3310832407616099,
            0.0,
            0.0,
            0.0,
            0.0,
            1.0000000000000004,
            0.0032443325184155014,
            0.0010364390684110033,
            0.0013457041977752808,
            -0.004185091669243452,
            0.4576846726599197,
            -0.0359541561051632,
            -0.03680692344248726,
            -0.0023233791261050504,
            0.06701719561007338,
            0.04408202382340751
        ],
        [
            0.09887591275570927,
            0.28297432741508494,
            -0.02045670825840712,
            0.12794635311747352,
            0.020603163937540466,
            0.5419292124321279,
            0.5548647560987692,
            -0.16161375708450873,
            0.502612973584897,
            0.0032443325184155014,
            0.9999999999999999,
            0.6848602514927513,
            0.0,
            0.0,
            0.0,
            0.5260747964732222,
            0.5488014153580819,
            -0.12277841660198154,
            -0.4641830218824828,
            0.2037872685444461
        ],
        [
            0.28297432741508494,
            0.5761449623097724,
            -0.026254927161782366,
            0.16421127677442485,
            0.02644289402035528,
            0.5548647560987692,
            0.877087556129085,
            -0.05162936008694775,
            0.16056545349674056,
            0.0010364390684110035,
            0.6848602514927513,
            1.0000000000000002,
            0.0,
            0.0,
            0.0,
            0.5488014153580818,
            0.8711009204985167,
            -0.04025011522810134,
            -0.1521718607779855,
            0.06680702739085173
        ],
        [
            0.020456708258407116,
            0.026254927161782363,
            0.03143449661108239,
            0.03738300267250902,
            0.0060197740206948515,
            0.1616137570845087,
            0.05162936008694771,
            0.39067653889702536,
            0.2084769007400762,
            0.0013457041977752804,
            0.0,
            0.0,
            1.0000000000000004,
            0.0,
            0.0,
            0.12277841660198151,
            0.04025011522810131,
            0.39936592176007907,
            -0.15138185027677603,
            0.06646019419236474
        ],
        [
            -0.12794635311747352,
            -0.16421127677442482,
            0.03738300267250902,
            -0.19640027542740965,
            -0.03765063874451469,
            -0.5026129735848971,
            -0.16056545349674017,
            0.20847690074007627,
            -0.19064397821139656,
            -0.004185091669243452,
            0.0,
            0.0,
            0.0,
            1.0000000000000004,
            0.0,
            0.4641830218824821,
            0.15217186077798547,
            -0.15138185027677584,
            -0.13291570425450908,
            0.2512631668407635
        ],
        [
            -0.02060316393754047,
            -0.02644289402035529,
            0.006019774020694852,
            -0.0376506387445147,
            0.03134860824737507,
            -0.0032443325184155014,
            -0.0010364390684110033,
            0.0013457041977752643,
            -0.0041850916692434004,
            0.4576846726599197,
            0.0,
            0.0,
            0.0,
            0.0,
            1.0000000000000004,
            -0.2037872685444461,
            -0.06680702739085172,
            0.06646019419236474,
            0.25126316684076383,
            0.32909663348502505
        ],
        [
            0.011773003962624477,
            0.11514421938463126,
            -0.00037621818278658756,
            0.014002164278177097,
            -0.00037869040820090347,
            0.13215879738084832,
            0.31873333474346077,
            -0.005890377984158489,
            0.16990624093425308,
            -0.03595415610516321,
            0.5260747964732222,
            0.5488014153580819,
            0.12277841660198154,
            0.4641830218824821,
            -0.2037872685444461,
            0.9999999999999999,
            0.6848602514927513,
            0.0,
            0.0,
            0.0
        ],
        [
            0.11514421938463132,
            0.32821548790948596,
            -0.0024515993704403646,
            0.09124412029987963,
            -0.002467709453755399,
            0.3187333347434607,
            0.6206085696644127,
            -0.006030087060758448,
            0.1739361086427997,
            -0.03680692344248727,
            0.5488014153580818,
            0.8711009204985167,
            0.04025011522810134,
            0.15217186077798478,
            -0.06680702739085173,
            0.6848602514927513,
            1.0000000000000002,
            0.0,
            0.0,
            0.0
        ],
        [
            0.00037621818278658735,
            0.0024515993704403594,
            0.0012960062225311313,
            0.00046614467136784564,
            -1.2606945067491142e-05,
            0.005890377984158482,
            0.006030087060758447,
            0.05788300976418741,
            0.01097944316720952,
            -0.0023233791261050496,
            -0.12277841660198151,
            -0.04025011522810131,
            0.39936592176007907,
            -0.15138185027677584,
            0.06646019419236474,
            0.0,
            0.0,
            1.0000000000000004,
            0.0,
            0.0
        ],
        [
            -0.014002164278177093,
            -0.09124412029987966,
            0.00046614467136784564,
            -0.016040535619639446,
            0.00046920782662197976,
            -0.169906240934253,
            -0.17393610864279965,
            0.010979443167209526,
            -0.2584351974979935,
            0.06701719561007335,
            -0.4641830218824828,
            -0.15217186077798547,
            -0.15138185027677603,
            -0.13291570425450908,
            0.25126316684076383,
            0.0,
            0.0,
            0.0,
            1.0000000000000004,
            0.0
        ],
        [
            0.0003786904082009032,
            0.002467709453755398,
            -1.2606945067491136e-05,
            0.0004692078266219796,
            0.001295841076474355,
            0.0359541561051632,
            0.036806923442487274,
            -0.0023233791261050513,
            0.06701719561007338,
            0.04408202382340751,
            0.2037872685444461,
            0.06680702739085172,
            0.06646019419236474,
            0.2512631668407635,
            0.32909663348502505,
            0.0,
            0.0,
            0.0,
            0.0,
            1.0000000000000004
        ]
    ],
    "h": [
        [
            -0.21614953923788272,
            -0.44371777022216785,
            0.005533148732456861,
            -0.2337397388392079,
            -0.07085290431813257,
            -0.5265395267915441,
            -0.43145057738489934,
            0.009035247982631557,
            0.04631932602290045,
            0.011795670064794567,
            -0.21451673945280908,
            -0.28556089435165616,
            -0.05606020947855204,
            0.27861209233555595,
            0.013438611079458422,
            -0.007336244059633901,
            -0.12811063525484856,
            -0.0016209830225184432,
            0.06300288859603917,
            -0.007556449172682458
        ],
        [
            -0.44371777022216785,
            -0.30494844580545877,
            0.006173101519650897,
            -0.21151124630677387,
            -0.06299044980755422,
            -0.5126716062683835,
            -0.3622562284538182,
            0.028274898931206313,
            0.09157213995849628,
            0.05283431210363701,
            -0.3173407605301506,
            -0.3013831243284735,
            -0.06411393539419596,
            0.17928835895834538,
            0.017900313082892916,
            -0.12918253325279022,
            -0.19156193953379064,
            0.012426505662510889,
            0.10972573403952385,
            -0.032110507582385706
        ],
        [
            0.005533148732456861,
            0.006173101519650897,
            1.4993581553215465,
            0.005458734692677436,
            0.0013421261182206398,
            0.0074677620265267385,
            0.007849512188382663,
            0.2876904962587895,
            0.014068036734513747,
            0.002517484354976623,
            0.019978438162805326,
            0.0061108689668579255,
            -0.03836935523844602,
            -0.016687030118242616,
            -0.0018921726793968523,
            0.004751449703831847,
            0.005802614296290522,
            -0.0045425560577406964,
            -0.0040787262987859695,
            0.0008225617346341538
        ],
        [
            -0.2337397388392079,
            -0.21151124630677387,
            0.005458734692677436,
            1.2830185667426104,
            -0.06391848409040654,
            -0.08249942307509817,
            -0.19935561162582566,
            0.02666626372451456,
            -0.6200379027722821,
            -0.26170940181205316,
            -0.21511097383606023,
            -0.16304207559327283,
            -0.05871668041261051,
            0.18938669610949882,
            0.0184990904954975,
            -0.06018935012176833,
            -0.10585899147910968,
            0.0011608841914302877,
            0.08228546859111752,
            -0.011040850357767421
        ],
        [
            -0.07085290431813257,
            -0.06299044980755422,
            0.0013421261182206398,
            -0.06391848409040654,
            1.4807648023370348,
            -0.020886143693651604,
            -0.05693950759453034,
            0.0064743447714137045,
            -0.26954531101694573,
            0.21005350051240212,
            -0.04703058993842395,
            -0.045759235672570564,
            -0.01442050992033168,
            0.05889205627110151,
            -0.0388706856192427,
            -0.004436455030201443,
            -0.022709912711967626,
            0.00023505414222270096,
            0.006036744694676819,
            -0.0056710279192079376
        ],
        [
            -0.5265395267915441,
            -0.5126716062683835,
            0.0074677620265267385,
            -0.08249942307509817,
            -0.020886143693651604,
            -0.4079280658194384,
            -0.5875538153635504,
            0.0676318820654915,
            -0.007118385177816891,
            0.06469156095696868,
            -0.527991141916314,
            -0.5085891742181319,
            -0.03016908696049414,
            0.041734297548728816,
            0.02696375385864283,
            -0.2616319414571111,
            -0.3447828111617572,
            0.02257741250585696,
            0.23601881415945672,
            -0.07245664618158273
        ],
        [
            -0.43145057738489934,
            -0.3622562284538182,
            0.007849512188382663,
            -0.19935561162582566,
            -0.05693950759453034,
            -0.5875538153635504,
            -0.43837666295266087,
            0.057868877373515856,
            -0.024779287228145062,
            0.05755774453536469,
            -0.5161346251764993,
            -0.4144618541769578,
            -0.09295845632123519,
            0.12181226260010264,
            0.051027038287476914,
            -0.3191020668326676,
            -0.31931763772626964,
            0.03563807030779455,
            0.177370259961543,
            -0.06961131290005801
        ],
        [
            0.009035247982631557,
            0.028274898931206313,
            0.2876904962587895,
            0.02666626372451456,
            0.0064743447714137045,
            0.0676318820654915,
            0.057868877373515856,
            1.3890720005068575,
            0.07969177089124203,
            0.0007399033446842386,
            0.013230191890670762,
            0.06056691765888922,
            0.2791377054140626,
            0.29600888252075336,
            -0.002941356746827402,
            0.05102699850082304,
            0.05497191962634612,
            -0.05386475791911721,
            -0.048348336186016125,
            0.017941545880180515
        ],
        [
            0.04631932602290045,
            0.09157213995849628,
            0.014068036734513747,
            -0.6200379027722821,
            -0.26954531101694573,
            -0.007118385177816891,
            -0.024779287228145062,
            0.07969177089124203,
            0.9137144243332651,
            -0.05792639589134629,
            -0.07402218120096893,
            -0.14199009412724278,
            0.27328003616129287,
            -0.6671639864013466,
            0.026478006143525315,
            -0.3082604762460196,
            -0.19063738516174208,
            0.04160202088119205,
            0.12849519569860401,
            -0.07468226406584683
        ],
        [
            0.011795670064794567,
            0.05283431210363701,
            0.002517484354976623,
            -0.26170940181205316,
            0.21005350051240212,
            0.06469156095696868,
            0.05755774453536469,
            0.0007399033446842386,
            -0.05792639589134629,
            1.3938717455387597,
            0.02404535766814998,
            0.036976124021881066,
            0.00817330497070096,
            -0.019535225654773444,
            0.36340883941279567,
            0.023441773758782578,
            0.016955136225270104,
            -0.0026366591938856566,
            -0.006634081812466941,
            -0.04206928777286137
        ],
        [
            -0.21451673945280908,
            -0.3173407605301506,
            0.019978438162805326,
            -0.21511097383606023,
            -0.04703058993842395,
            -0.527991141916314,
            -0.5161346251764993,
            0.013230191890670762,
            -0.07402218120096893,
            0.02404535766814998,
            -0.44058647398524275,
            -0.5972098332238833,
            -0.13030541137939797,
            -0.013819606921130628,
            0.10062205225336256,
            -0.5708314434669455,
            -0.5375419792484253,
            0.008714251516148935,
            0.0906375731445731,
            -0.02989229251291048
        ],
        [
            -0.28556089435165616,
            -0.3013831243284735,
            0.0061108689668579255,
            -0.16304207559327283,
            -0.045759235672570564,
            -0.5085891742181319,
            -0.4144618541769578,
            0.06056691765888922,
            -0.14199009412724278,
            0.036976124021881066,
            -0.5972098332238833,
            -0.4339521246737512,
            -0.10953863664861392,
            0.013624432839999062,
            0.08253591190948498,
            -0.45813455099713685,
            -0.37269573006184076,
            0.043909590231786394,
            0.21410347929018664,
            -0.085725248064618
        ],
        [
            -0.05606020947855204,
            -0.06411393539419596,
            -0.03836935523844602,
            -0.05871668041261051,
            -0.01442050992033168,
            -0.03016908696049414,
            -0.09295845632123519,
            0.2791377054140626,
            0.27328003616129287,
            0.00817330497070096,
            -0.13030541137939797,
            -0.10953863664861392,
            1.3621598557067647,
            0.023841204364355214,
            0.023629583025605787,
            -0.02410490023856343,
            -0.08168998111626698,
            0.2956280851531377,
            -0.17987273910068285,
            0.08333775648906025
        ],
        [
            0.27861209233555595,
            0.17928835895834538,
            -0.016687030118242616,
            0.18938669610949882,
            0.05889205627110151,
            0.041734297548728816,
            0.12181226260010264,
            0.29600888252075336,
            -0.6671639864013466,
            -0.019535225654773444,
            -0.013819606921130628,
            0.013624432839999062,
            0.023841204364355214,
            0.9267225057500734,
            0.08555117882302293,
            -0.022930334094122373,
            -0.08087134663302953,
            -0.20629307752331566,
            -0.467368011253388,
            0.349382192376486
        ],
        [
            0.013438611079458422,
            0.017900313082892916,
            -0.0018921726793968523,
            0.0184990904954975,
            -0.0388706856192427,
            0.02696375385864283,
            0.051027038287476914,
            -0.002941356746827402,
            0.026478006143525315,
            0.36340883941279567,
            0.10062205225336256,
            0.08253591190948498,
            0.023629583025605787,
            0.08555117882302293,
            1.3618682859321931,
            0.017513642778133498,
            0.07900927790371443,
            0.09044029865761333,
            0.33214088895630295,
            0.20184316760496424
        ],
        [
            -0.007336244059633901,
            -0.12918253325279022,
            0.004751449703831847,
            -0.06018935012176833,
            -0.004436455030201443,
            -0.2616319414571111,
            -0.3191020668326676,
            0.05102699850082304,
            -0.3082604762460196,
            0.023441773758782578,
            -0.5708314434669455,
            -0.45813455099713685,
            -0.02410490023856343,
            -0.022930334094122373,
            0.017513642778133498,
            -0.2575580275879781,
            -0.46352153432816856,
            0.060860523315338234,
            0.24779317916157245,
            -0.10748887478619644
        ],
        [
            -0.12811063525484856,
            -0.19156193953379064,
            0.005802614296290522,
            -0.10585899147910968,
            -0.022709912711967626,
            -0.3447828111617572,
            -0.31931763772626964,
            0.05497191962634612,
            -0.19063738516174208,
            0.016955136225270104,
            -0.5375419792484253,
            -0.37269573006184076,
            -0.08168998111626698,
            -0.08087134663302953,
            0.07900927790371443,
            -0.46352153432816856,
            -0.3172794474395071,
            0.05014694416326146,
            0.2185337469205555,
            -0.0920024851743391
        ],
        [
            -0.0016209830225184432,
            0.012426505662510889,
            -0.0045425560577406964,
            0.0011608841914302877,
            0.00023505414222270096,
            0.02257741250585696,
            0.03563807030779455,
            -0.05386475791911721,
            0.04160202088119205,
            -0.0026366591938856566,
            0.008714251516148935,
            0.043909590231786394,
            0.2956280851531377,
            -0.20629307752331566,
            0.09044029865761333,
            0.060860523315338234,
            0.05014694416326146,
            1.4617415460109562,
            -0.051180136329734754,
            0.022836419971739706
        ],
        [
            0.06300288859603917,
            0.10972573403952385,
            -0.0040787262987859695,
            0.08228546859111752,
            0.006036744694676819,
            0.23601881415945672,
            0.177370259961543,
            -0.048348336186016125,
            0.12849519569860401,
            -0.006634081812466941,
            0.0906375731445731,
            0.21410347929018664,
            -0.17987273910068285,
            -0.467368011253388,
            0.33214088895630295,
            0.24779317916157245,
            0.2185337469205555,
            -0.051180136329734754,
            1.254198725643719,
            0.0923742830861786
        ],
        [
            -0.007556449172682458,
            -0.032110507582385706,
            0.0008225617346341538,
            -0.011040850357767421,
            -0.0056710279192079376,
            -0.07245664618158273,
            -0.06961131290005801,
            0.017941545880180515,
            -0.07468226406584683,
            -0.04206928777286137,
            -0.02989229251291048,
            -0.085725248064618,
            0.08333775648906025,
            0.349382192376486,
            0.20184316760496424,
            -0.10748887478619644,
            -0.0920024851743391,
            0.022836419971739706,
            0.0923742830861786,
            1.4360003925264788
        ]
    ]
}