{
    "HF": -2.1303013007874094,
    "coordinates": [
        [
            0.696344,
            -0.021859,
            -0.003296
        ],
        [
            1.528823,
            0.026496,
            0.186789
        ],
        [
            2.195857,
            0.080952,
            -0.056193
        ],
        [
            2.965392,
            0.108914,
            -0.094385
        ]
    ],
    "elements": [
        "H",
        "H",
        "H",
        "H"
    ],
    "Enn": 2.9937420644913733,
    "S": [
        [
            0.9999999999999999,
            0.6848602514927513,
            0.0,
            0.0,
            0.0,
            0.47995687156294553,
            0.5303264833626505,
            -0.1109087230961969,
            -0.4857257694946939,
            -0.02821364813276482,
            0.12428755219436527,
            0.31083776863805895,
            0.0057629333456287275,
            -0.16336641907676747,
            -0.011200879826784789,
            0.011218780180746386,
            0.11278241908737241,
            0.0005320632828926792,
            -0.01325381909913456,
            -0.0007638629438650587
        ],
        [
            0.6848602514927513,
            1.0000000000000002,
            0.0,
            0.0,
            0.0,
            0.5303264833626505,
            0.8527025671754231,
            -0.03937167597629982,
            -0.17242861585645425,
            -0.010015610867948435,
            0.31083776863805895,
            0.6109607858507854,
            0.006190264045933758,
            -0.17548029964478656,
            -0.012031442932992346,
            0.11278241908737241,
            0.3239801026751811,
            0.003596917609206178,
            -0.08960004728709355,
            -0.005163957300099019
        ],
        [
            0.0,
            0.0,
            1.0000000000000004,
            0.0,
            0.0,
            0.11090872309619686,
            0.03937167597629981,
            0.35062514484834173,
            -0.15895524654006518,
            -0.009233002810214849,
            -0.005762933345628725,
            -0.006190264045933758,
            0.05268458932179836,
            0.010928571167773318,
            0.0007492948246063505,
            -0.0005320632828926786,
            -0.003596917609206178,
            0.0011849865720589047,
            0.0006498490950083259,
            3.745302686480136e-05
        ],
        [
            0.0,
            0.0,
            0.0,
            1.0000000000000004,
            0.0,
            0.4857257694946939,
            0.17242861585645425,
            -0.15895524654006513,
            -0.3092255950036109,
            -0.040436020445826074,
            0.16336641907676738,
            0.17548029964478645,
            0.010928571167773318,
            -0.2567307237178071,
            -0.02124085166134077,
            0.013253819099134548,
            0.08960004728709349,
            0.0006498490950083259,
            -0.014976816635979464,
            -0.0009329635378753069
        ],
        [
            0.0,
            0.0,
            0.0,
            0.0,
            1.0000000000000004,
            0.02821364813276481,
            0.010015610867948428,
            -0.009233002810214849,
            -0.04043602044582608,
            0.38457161589435057,
            0.011200879826784787,
            0.012031442932992338,
            0.0007492948246063505,
            -0.02124085166134077,
            0.05161377194902974,
            0.0007638629438650581,
            0.005163957300099019,
            3.745302686480136e-05,
            -0.0009329635378753069,
            0.0011573043297602164
        ],
        [
            0.47995687156294553,
            0.5303264833626505,
            0.1109087230961969,
            0.4857257694946939,
            0.02821364813276482,
            0.9999999999999999,
            0.6848602514927513,
            0.0,
            0.0,
            0.0,
            0.5933781048394221,
            0.5736197839267647,
            0.18541717730316734,
            -0.509007092892646,
            -0.04155483865974137,
            0.13680554745748255,
            0.32325624018176696,
            0.03443915292254858,
            -0.17595588310011848,
            -0.010094838447262583
        ],
        [
            0.5303264833626505,
            0.8527025671754231,
            0.03937167597629984,
            0.17242861585645425,
            0.010015610867948435,
            0.6848602514927513,
            1.0000000000000002,
            0.0,
            0.0,
            0.0,
            0.5736197839267647,
            0.8954496666663583,
            0.05472578838537727,
            -0.15023319229346938,
            -0.012264890124840947,
            0.32325624018176696,
            0.626094409779629,
            0.03431249120617828,
            -0.1753087454016673,
            -0.010057711240124624
        ],
        [
            -0.11090872309619686,
            -0.03937167597629982,
            0.35062514484834173,
            -0.15895524654006507,
            -0.009233002810214849,
            0.0,
            0.0,
            1.0000000000000004,
            0.0,
            0.0,
            -0.1854171773031673,
            -0.05472578838537727,
            0.43848359446159063,
            0.21790481097937436,
            0.017789534546504088,
            -0.03443915292254856,
            -0.03431249120617827,
            0.048798234309895376,
            0.06438833347301832,
            0.0036940499677907725
        ],
        [
            -0.4857257694946939,
            -0.17242861585645425,
            -0.1589552465400652,
            -0.3092255950036109,
            -0.040436020445826094,
            0.0,
            0.0,
            0.0,
            1.0000000000000004,
            0.0,
            0.509007092892646,
            0.15023319229346935,
            0.2179048109793742,
            -0.08033184185716596,
            -0.04883581659008815,
            0.17595588310011834,
            0.17530874540166708,
            0.06438833347301826,
            -0.2675709728407953,
            -0.018873571767585976
        ],
        [
            -0.02821364813276481,
            -0.010015610867948424,
            -0.009233002810214849,
            -0.04043602044582606,
            0.38457161589435057,
            0.0,
            0.0,
            0.0,
            0.0,
            1.0000000000000004,
            0.04155483865974139,
            0.012264890124840949,
            0.017789534546504095,
            -0.048835816590088205,
            0.5138733700249961,
            0.010094838447262578,
            0.010057711240124625,
            0.003694049967790772,
            -0.01887357176758599,
            0.060317905998482226
        ],
        [
            0.12428755219436527,
            0.31083776863805895,
            -0.005762933345628727,
            0.16336641907676747,
            0.011200879826784789,
            0.5933781048394221,
            0.5736197839267647,
            -0.18541717730316734,
            0.509007092892646,
            0.041554838659741376,
            0.9999999999999999,
            0.6848602514927513,
            0.0,
            0.0,
            0.0,
            0.5458591288574902,
            0.5563462162652377,
            0.026225999847098568,
            -0.5284306868542364,
            -0.019201178459482875
        ],
        [
            0.31083776863805895,
            0.6109607858507854,
            -0.0061902640459337585,
            0.17548029964478656,
            0.012031442932992346,
            0.5736197839267647,
            0.8954496666663583,
            -0.05472578838537728,
            0.15023319229346901,
            0.012264890124840952,
            0.6848602514927513,
            1.0000000000000002,
            0.0,
            0.0,
            0.0,
            0.5563462162652377,
            0.8785464841545944,
            0.008325610316793847,
            -0.1677536797008256,
            -0.006095536124795494
        ],
        [
            0.005762933345628725,
            0.006190264045933757,
            0.05268458932179836,
            0.010928571167773318,
            0.0007492948246063505,
            0.1854171773031673,
            0.05472578838537727,
            0.43848359446159063,
            0.2179048109793742,
            0.017789534546504088,
            0.0,
            0.0,
            1.0000000000000004,
            0.0,
            0.0,
            -0.026225999847098558,
            -0.008325610316793835,
            0.4605167898066885,
            0.0352716777376282,
            0.001281639760244251
        ],
        [
            -0.16336641907676738,
            -0.17548029964478637,
            0.010928571167773318,
            -0.2567307237178071,
            -0.02124085166134077,
            -0.509007092892646,
            -0.15023319229346935,
            0.21790481097937436,
            -0.08033184185716596,
            -0.048835816590088184,
            0.0,
            0.0,
            0.0,
            1.0000000000000004,
            0.0,
            0.5284306868542363,
            0.16775367970082558,
            0.035271677737628224,
            -0.24842576874238406,
            -0.025823906915049228
        ],
        [
            -0.011200879826784787,
            -0.012031442932992333,
            0.0007492948246063505,
            -0.02124085166134077,
            0.05161377194902974,
            -0.04155483865974138,
            -0.012264890124840944,
            0.017789534546504095,
            -0.04883581659008816,
            0.5138733700249961,
            0.0,
            0.0,
            0.0,
            0.0,
            1.0000000000000004,
            0.019201178459482875,
            0.006095536124795493,
            0.0012816397602442517,
            -0.025823906915049228,
            0.4613289787662509
        ],
        [
            0.011218780180746386,
            0.11278241908737241,
            -0.0005320632828926792,
            0.01325381909913456,
            0.0007638629438650587,
            0.13680554745748255,
            0.32325624018176696,
            -0.03443915292254858,
            0.17595588310011842,
            0.010094838447262583,
            0.5458591288574902,
            0.5563462162652377,
            -0.026225999847098558,
            0.5284306868542364,
            0.019201178459482875,
            0.9999999999999999,
            0.6848602514927513,
            0.0,
            0.0,
            0.0
        ],
        [
            0.11278241908737241,
            0.3239801026751811,
            -0.003596917609206178,
            0.08960004728709355,
            0.005163957300099019,
            0.32325624018176696,
            0.626094409779629,
            -0.0343124912061783,
            0.1753087454016671,
            0.01005771124012462,
            0.5563462162652377,
            0.8785464841545944,
            -0.008325610316793837,
            0.1677536797008256,
            0.006095536124795494,
            0.6848602514927513,
            1.0000000000000002,
            0.0,
            0.0,
            0.0
        ],
        [
            0.0005320632828926786,
            0.003596917609206178,
            0.0011849865720589047,
            0.0006498490950083259,
            3.745302686480136e-05,
            0.03443915292254856,
            0.034312491206178276,
            0.048798234309895376,
            0.0643883334730183,
            0.0036940499677907725,
            0.026225999847098568,
            0.008325610316793824,
            0.4605167898066885,
            0.03527167773762822,
            0.0012816397602442514,
            0.0,
            0.0,
            1.0000000000000004,
            0.0,
            0.0
        ],
        [
            -0.013253819099134548,
            -0.08960004728709355,
            0.0006498490950083259,
            -0.014976816635979464,
            -0.0009329635378753069,
            -0.17595588310011825,
            -0.17530874540166688,
            0.06438833347301828,
            -0.26757097284079534,
            -0.018873571767585983,
            -0.5284306868542363,
            -0.16775367970082558,
            0.03527167773762821,
            -0.24842576874238406,
            -0.025823906915049228,
            0.0,
            0.0,
            0.0,
            1.0000000000000004,
            0.0
        ],
        [
            -0.0007638629438650581,
            -0.005163957300099019,
            3.745302686480136e-05,
            -0.0009329635378753069,
            0.0011573043297602164,
            -0.010094838447262578,
            -0.010057711240124622,
            0.003694049967790772,
            -0.018873571767585983,
            0.060317905998482226,
            -0.019201178459482875,
            -0.006095536124795493,
            0.0012816397602442512,
            -0.025823906915049228,
            0.4613289787662509,
            0.0,
            0.0,
            0.0,
            0.0,
            1.0000000000000004
        ]
    ],
    "h": [
        [
            -0.21925788252164935,
            -0.44585693793478753,
            -0.050762075614417056,
            -0.23880897345581337,
            -0.01414453190975744,
            -0.5309085864808223,
            -0.43253127825702586,
            0.024832092900835545,
            0.047460951293585296,
            0.001746474745770464,
            -0.25098098372353184,
            -0.3038340445496561,
            -0.05514934426387744,
            0.3066694984258387,
            0.021977294993358418,
            -0.0069837945152975076,
            -0.12775318608517028,
            -0.007320673895641706,
            0.06596033866039425,
            0.0037116092245143622
        ],
        [
            -0.44585693793478753,
            -0.30875811014229426,
            -0.04395958747371226,
            -0.2185350740323907,
            -0.013041083831443446,
            -0.521838084751521,
            -0.36519554668492304,
            0.07954030801308777,
            0.08509761667452764,
            0.002412385569803414,
            -0.34779086948591637,
            -0.31238509792995384,
            -0.061994693983951174,
            0.1954875698837147,
            0.016410453353276074,
            -0.13172391487937546,
            -0.19303289085917602,
            -0.011643226963683794,
            0.12355637471394113,
            0.005705160790879995
        ],
        [
            -0.050762075614417056,
            -0.04395958747371226,
            1.4828123523931447,
            -0.046189019935961584,
            -0.0026740936842083183,
            -0.01006507350763658,
            -0.037453659721770345,
            0.23185867680120537,
            -0.20669239864363764,
            -0.0120772348090612,
            -0.02122810564144531,
            -0.03233856552629401,
            -0.05397992986933753,
            0.0379646505800494,
            0.0028242504318141907,
            0.0010332827887181712,
            -0.012311163543109824,
            -0.004486803527901061,
            0.0013057595731237655,
            8.038999029573275e-05
        ],
        [
            -0.23880897345581337,
            -0.2185350740323907,
            -0.046189019935961584,
            1.2658961024159163,
            -0.013511454023712028,
            -0.102266983076441,
            -0.20932239430899835,
            -0.1795557353680861,
            -0.6572164074987651,
            -0.05576953484932999,
            -0.24423563018262945,
            -0.17701888283718786,
            -0.05543250227770585,
            0.1572652151609955,
            0.015910085154188854,
            -0.06466314413019317,
            -0.11338377720356876,
            -0.007035160618859465,
            0.08816110438148644,
            0.004938330328541331
        ],
        [
            -0.01414453190975744,
            -0.013041083831443446,
            -0.0026740936842083183,
            -0.013511454023712028,
            1.4928859750019086,
            -0.006561924297073862,
            -0.0126555303814242,
            -0.010207220714151633,
            -0.054508040009352166,
            0.2750209304699235,
            -0.015519916242426754,
            -0.01063555010389284,
            -0.0034015490695767196,
            0.0122123677639649,
            -0.044660309315070035,
            -0.004034107555290214,
            -0.0069426182898123905,
            -0.00042065318880186384,
            0.005538841735556351,
            -0.0037596674007313938
        ],
        [
            -0.5309085864808223,
            -0.521838084751521,
            -0.01006507350763658,
            -0.102266983076441,
            -0.006561924297073862,
            -0.44418242783619544,
            -0.6021478214959282,
            0.14021140238712304,
            -0.0349247395772706,
            -0.007851518952425831,
            -0.5782341567261695,
            -0.5380483390518729,
            -0.008252478989474843,
            0.036451581399336797,
            0.00443875357064763,
            -0.27937384665369747,
            -0.35855065241411094,
            -0.03304606445444396,
            0.26926370815854944,
            0.012707004069796106
        ],
        [
            -0.43253127825702586,
            -0.36519554668492304,
            -0.037453659721770345,
            -0.20932239430899835,
            -0.0126555303814242,
            -0.6021478214959282,
            -0.43972537135596923,
            0.11698363643247194,
            -0.036224748529478074,
            -0.006734134617214861,
            -0.547610728813043,
            -0.42351638348082243,
            -0.06904562188002683,
            0.12916877693825068,
            0.015229244817465355,
            -0.32553336193700394,
            -0.31929964408086975,
            -0.016060245234837636,
            0.2026856418155265,
            0.008174219780871121
        ],
        [
            0.024832092900835545,
            0.07954030801308777,
            0.23185867680120537,
            -0.1795557353680861,
            -0.010207220714151633,
            0.14021140238712304,
            0.11698363643247194,
            1.3530504668242573,
            0.05048752856878832,
            0.005057437631996809,
            0.032448787884825914,
            0.10488434319676637,
            0.34330327036128183,
            0.31007684800285884,
            0.024601678270627002,
            0.07909008943857634,
            0.07873695344163353,
            -0.04191834318867568,
            -0.0710761214042414,
            -0.002901839484826095
        ],
        [
            0.047460951293585296,
            0.08509761667452764,
            -0.20669239864363764,
            -0.6572164074987651,
            -0.054508040009352166,
            -0.0349247395772706,
            -0.036224748529478074,
            0.05048752856878832,
            0.8714001901846888,
            -0.036482864760717514,
            -0.056968881581289876,
            -0.14542931816470658,
            0.3250960772364712,
            -0.5802024552843752,
            -0.07888505276337104,
            -0.32717083529129065,
            -0.20326612462738536,
            -0.013206083789329415,
            0.15994964203043227,
            0.007757026432483605
        ],
        [
            0.001746474745770464,
            0.002412385569803414,
            -0.0120772348090612,
            -0.05576953484932999,
            0.2750209304699235,
            -0.007851518952425831,
            -0.006734134617214861,
            0.005057437631996809,
            -0.036482864760717514,
            1.395048071223906,
            -0.0038173743972982205,
            -0.01308662102512722,
            0.02623486680013696,
            -0.08075091418904762,
            0.4479239293346936,
            -0.022415125419799675,
            -0.015849200504459728,
            -0.001167619490774343,
            0.01613192696180757,
            -0.04714477659702855
        ],
        [
            -0.25098098372353184,
            -0.34779086948591637,
            -0.02122810564144531,
            -0.24423563018262945,
            -0.015519916242426754,
            -0.5782341567261695,
            -0.547610728813043,
            0.032448787884825914,
            -0.056968881581289876,
            -0.0038173743972982205,
            -0.49333579271854755,
            -0.6235955688775835,
            -0.07772719688003019,
            -0.015855407821573797,
            0.010733795079229148,
            -0.5825138165339672,
            -0.5510920764034128,
            -0.014798683951161275,
            0.09548481206719173,
            0.004708315160114683
        ],
        [
            -0.3038340445496561,
            -0.31238509792995384,
            -0.03233856552629401,
            -0.17701888283718786,
            -0.01063555010389284,
            -0.5380483390518729,
            -0.42351638348082243,
            0.10488434319676637,
            -0.14542931816470658,
            -0.01308662102512722,
            -0.6235955688775835,
            -0.44451080270682386,
            -0.06297765885238035,
            0.009623400362746004,
            0.009937840689683425,
            -0.4601027804707659,
            -0.3704587749403525,
            -0.01984887425144253,
            0.24180913206861865,
            0.009739230673525475
        ],
        [
            -0.05514934426387744,
            -0.061994693983951174,
            -0.05397992986933753,
            -0.05543250227770585,
            -0.0034015490695767196,
            -0.008252478989474843,
            -0.06904562188002683,
            0.34330327036128183,
            0.3250960772364712,
            0.02623486680013696,
            -0.07772719688003019,
            -0.06297765885238035,
            1.3518297739961582,
            0.10752689324248124,
            0.008106539743027788,
            -0.01498633104301536,
            -0.03092395077821873,
            0.3772668041565722,
            0.07313177993971921,
            0.0030129942200554658
        ],
        [
            0.3066694984258387,
            0.1954875698837147,
            0.0379646505800494,
            0.1572652151609955,
            0.0122123677639649,
            0.036451581399336797,
            0.12916877693825068,
            0.31007684800285884,
            -0.5802024552843752,
            -0.08075091418904762,
            -0.015855407821573797,
            0.009623400362746004,
            0.10752689324248124,
            0.8073723207586863,
            -0.03395756693428943,
            -0.023632384114212535,
            -0.10361065275983833,
            0.054086665774126616,
            -0.6425407051664708,
            -0.03796485314705135
        ],
        [
            0.021977294993358418,
            0.016410453353276074,
            0.0028242504318141907,
            0.015910085154188854,
            -0.044660309315070035,
            0.00443875357064763,
            0.015229244817465355,
            0.024601678270627002,
            -0.07888505276337104,
            0.4479239293346936,
            0.010733795079229148,
            0.009937840689683425,
            0.008106539743027788,
            -0.03395756693428943,
            1.3829691626380898,
            0.0005622106103961438,
            0.0011501507110257513,
            0.0024441780084458924,
            -0.04031372688070726,
            0.381706289262042
        ],
        [
            -0.0069837945152975076,
            -0.13172391487937546,
            0.0010332827887181712,
            -0.06466314413019317,
            -0.004034107555290214,
            -0.27937384665369747,
            -0.32553336193700394,
            0.07909008943857634,
            -0.32717083529129065,
            -0.022415125419799675,
            -0.5825138165339672,
            -0.4601027804707659,
            -0.01498633104301536,
            -0.023632384114212535,
            0.0005622106103961438,
            -0.27010955922242896,
            -0.4685308464257575,
            -0.018539806071434878,
            0.2881961648725497,
            0.01080486842727801
        ],
        [
            -0.12775318608517028,
            -0.19303289085917602,
            -0.012311163543109824,
            -0.11338377720356876,
            -0.0069426182898123905,
            -0.35855065241411094,
            -0.31929964408086975,
            0.07873695344163353,
            -0.20326612462738536,
            -0.015849200504459728,
            -0.5510920764034128,
            -0.3704587749403525,
            -0.03092395077821873,
            -0.10361065275983833,
            0.0011501507110257513,
            -0.4685308464257575,
            -0.31555843256868554,
            -0.017744716466799856,
            0.2478403401812894,
            0.009554700638951443
        ],
        [
            -0.007320673895641706,
            -0.011643226963683794,
            -0.004486803527901061,
            -0.007035160618859465,
            -0.00042065318880186384,
            -0.03304606445444396,
            -0.016060245234837636,
            -0.04191834318867568,
            -0.013206083789329415,
            -0.001167619490774343,
            -0.014798683951161275,
            -0.01984887425144253,
            0.3772668041565722,
            0.054086665774126616,
            0.0024441780084458924,
            -0.018539806071434878,
            -0.017744716466799856,
            1.4742184016478994,
            0.01870043954093733,
            0.0007973644385563426
        ],
        [
            0.06596033866039425,
            0.12355637471394113,
            0.0013057595731237655,
            0.08816110438148644,
            0.005538841735556351,
            0.26926370815854944,
            0.2026856418155265,
            -0.0710761214042414,
            0.15994964203043227,
            0.01613192696180757,
            0.09548481206719173,
            0.24180913206861865,
            0.07313177993971921,
            -0.6425407051664708,
            -0.04031372688070726,
            0.2881961648725497,
            0.2478403401812894,
            0.01870043954093733,
            1.190537189475359,
            -0.0109245164079427
        ],
        [
            0.0037116092245143622,
            0.005705160790879995,
            8.038999029573275e-05,
            0.004938330328541331,
            -0.0037596674007313938,
            0.012707004069796106,
            0.008174219780871121,
            -0.002901839484826095,
            0.007757026432483605,
            -0.04714477659702855,
            0.004708315160114683,
            0.009739230673525475,
            0.0030129942200554658,
            -0.03796485314705135,
            0.381706289262042,
            0.01080486842727801,
            0.009554700638951443,
            0.0007973644385563426,
            -0.0109245164079427,
            1.4756490517269636
        ]
    ]
}