{
    "HF": -2.167223036086993,
    "coordinates": [
        [
            0.763528,
            0.1479,
            -0.121812
        ],
        [
            1.458075,
            -0.10178,
            -0.036504
        ],
        [
            2.284382,
            -0.083563,
            -0.175412
        ],
        [
            3.11602,
            0.082321,
            0.083799
        ]
    ],
    "elements": [
        "H",
        "H",
        "H",
        "H"
    ],
    "Enn": 2.8245859204923285,
    "S": [
        [
            0.9999999999999999,
            0.6848602514927513,
            0.0,
            0.0,
            0.0,
            0.5683171027653772,
            0.5646540461780077,
            -0.06164442177198923,
            -0.5018866719237327,
            0.1804212878983245,
            0.11341469744568453,
            0.29939740501934786,
            0.005223070133469968,
            -0.148200132551648,
            0.022554990341480577,
            0.008078695057550642,
            0.09791385862388911,
            -0.0008033203165836048,
            -0.009191164958102422,
            0.0002562165596258771
        ],
        [
            0.6848602514927513,
            1.0000000000000002,
            0.0,
            0.0,
            0.0,
            0.5646540461780077,
            0.8867007322207008,
            -0.018893175261043182,
            -0.15382142586898928,
            0.05529666618813317,
            0.299397405019348,
            0.596815095185087,
            0.00602586907019021,
            -0.17097886341184848,
            0.026021748742414898,
            0.09791385862388911,
            0.2965046891383116,
            -0.0069758693184109365,
            -0.07981419653913052,
            0.002224932197363326
        ],
        [
            0.0,
            0.0,
            1.0000000000000004,
            0.0,
            0.0,
            0.06164442177198921,
            0.018893175261043175,
            0.4792022562636888,
            -0.07513222175755176,
            0.027008990217257476,
            -0.005223070133469965,
            -0.006025869070190219,
            0.045811476164703435,
            0.009768101134647923,
            -0.0014866344783450698,
            0.0008033203165836044,
            0.006975869318410928,
            0.000635824012532331,
            -0.000896879488756611,
            2.5001768334672242e-05
        ],
        [
            0.0,
            0.0,
            0.0,
            1.0000000000000004,
            0.0,
            0.5018866719237327,
            0.15382142586898942,
            -0.07513222175755178,
            -0.12326907978900346,
            0.21989746715929961,
            0.14820013255164796,
            0.1709788634118483,
            0.009768101134647935,
            -0.2310057497865603,
            0.042181977480018916,
            0.00919116495810242,
            0.07981419653913048,
            -0.0008968794887566112,
            -0.009547406880091055,
            0.0002860569716268574
        ],
        [
            0.0,
            0.0,
            0.0,
            0.0,
            1.0000000000000004,
            -0.1804212878983245,
            -0.05529666618813311,
            0.027008990217257476,
            0.21989746715929953,
            0.4093803147296519,
            -0.02255499034148057,
            -0.026021748742414884,
            -0.0014866344783450707,
            0.04218197748001889,
            0.039735944369645865,
            -0.0002562165596258769,
            -0.002224932197363322,
            2.500176833467226e-05,
            0.00028605697162685756,
            0.0007062382619412207
        ],
        [
            0.5683171027653772,
            0.5646540461780077,
            0.06164442177198923,
            0.5018866719237328,
            -0.1804212878983245,
            0.9999999999999999,
            0.6848602514927513,
            0.0,
            0.0,
            0.0,
            0.4931456581680478,
            0.535742962038612,
            0.08387873175753364,
            -0.4989603421140061,
            -0.011000222135708462,
            0.07902744509260161,
            0.25792696027499395,
            -0.007556557275760945,
            -0.10414001606411709,
            -0.011563882455340813
        ],
        [
            0.5646540461780077,
            0.8867007322207008,
            0.018893175261043182,
            0.15382142586898948,
            -0.05529666618813317,
            0.6848602514927513,
            1.0000000000000002,
            0.0,
            0.0,
            0.0,
            0.5357429620386119,
            0.8581215094887344,
            0.02908540108818717,
            -0.17301718055818718,
            -0.0038143861521547015,
            0.25792696027499395,
            0.5437223640137699,
            -0.011530150647259993,
            -0.15890173657241685,
            -0.017644715961457426
        ],
        [
            -0.06164442177198921,
            -0.018893175261043175,
            0.4792022562636888,
            -0.07513222175755178,
            0.027008990217257476,
            0.0,
            0.0,
            1.0000000000000004,
            0.0,
            0.0,
            -0.08387873175753363,
            -0.029085401088187128,
            0.3816776409705676,
            0.1197338572801306,
            0.0026396867968831684,
            0.007556557275760944,
            0.011530150647259992,
            0.025496221018721652,
            -0.013717883094726222,
            -0.0015232568002088082
        ],
        [
            -0.5018866719237327,
            -0.1538214258689896,
            -0.07513222175755176,
            -0.12326907978900362,
            0.21989746715929953,
            0.0,
            0.0,
            0.0,
            1.0000000000000004,
            0.0,
            0.4989603421140058,
            0.17301718055818713,
            0.11973385728013071,
            -0.3104421085879453,
            -0.015702419429205958,
            0.10414001606411705,
            0.15890173657241685,
            -0.013717883094726218,
            -0.16256016360667686,
            -0.020992626913894013
        ],
        [
            0.1804212878983245,
            0.055296666188133115,
            0.027008990217257476,
            0.21989746715929961,
            0.4093803147296519,
            0.0,
            0.0,
            0.0,
            0.0,
            1.0000000000000004,
            0.011000222135708462,
            0.0038143861521547,
            0.0026396867968831693,
            -0.015702419429205947,
            0.40145956182120374,
            0.011563882455340811,
            0.017644715961457415,
            -0.0015232568002088078,
            -0.020992626913894013,
            0.024160554806917305
        ],
        [
            0.11341469744568453,
            0.29939740501934786,
            -0.005223070133469965,
            0.14820013255164796,
            -0.022554990341480577,
            0.4931456581680478,
            0.535742962038612,
            -0.08387873175753364,
            0.4989603421140061,
            0.011000222135708462,
            0.9999999999999999,
            0.6848602514927513,
            0.0,
            0.0,
            0.0,
            0.45615249748052444,
            0.5202618653923552,
            -0.14180991141759,
            -0.4549749474810162,
            -0.09075230351179349
        ],
        [
            0.299397405019348,
            0.596815095185087,
            -0.006025869070190221,
            0.1709788634118484,
            -0.026021748742414898,
            0.5357429620386119,
            0.8581215094887344,
            -0.02908540108818717,
            0.17301718055818718,
            0.0038143861521547015,
            0.6848602514927513,
            1.0000000000000002,
            0.0,
            0.0,
            0.0,
            0.5202618653923552,
            0.8425771282417978,
            -0.05260229125079535,
            -0.16876623403801885,
            -0.03366322602762593
        ],
        [
            0.005223070133469968,
            0.006025869070190207,
            0.045811476164703435,
            0.00976810113464793,
            -0.0014866344783450707,
            0.08387873175753363,
            0.029085401088187118,
            0.3816776409705676,
            0.11973385728013065,
            0.0026396867968831684,
            0.0,
            0.0,
            1.0000000000000004,
            0.0,
            0.0,
            0.14180991141759,
            0.052602291250795324,
            0.2974794146683951,
            -0.2016632110339963,
            -0.04022507400956122
        ],
        [
            -0.148200132551648,
            -0.1709788634118484,
            0.009768101134647928,
            -0.23100574978656035,
            0.042181977480018916,
            -0.4989603421140061,
            -0.17301718055818713,
            0.11973385728013064,
            -0.3104421085879456,
            -0.015702419429205947,
            0.0,
            0.0,
            0.0,
            1.0000000000000004,
            0.0,
            0.45497494748101625,
            0.16876623403801877,
            -0.20166321103399654,
            -0.28666963337337464,
            -0.12905586606727137
        ],
        [
            0.02255499034148057,
            0.026021748742414877,
            -0.0014866344783450698,
            0.042181977480018895,
            0.039735944369645865,
            -0.011000222135708462,
            -0.0038143861521547,
            0.0026396867968831693,
            -0.015702419429205958,
            0.40145956182120374,
            0.0,
            0.0,
            0.0,
            0.0,
            1.0000000000000004,
            0.09075230351179348,
            0.03366322602762587,
            -0.040225074009561206,
            -0.12905586606727118,
            0.3345929415979367
        ],
        [
            0.008078695057550642,
            0.09791385862388911,
            0.0008033203165836048,
            0.00919116495810242,
            -0.0002562165596258769,
            0.07902744509260161,
            0.25792696027499395,
            0.007556557275760945,
            0.10414001606411705,
            0.011563882455340813,
            0.45615249748052444,
            0.5202618653923552,
            0.14180991141759,
            0.4549749474810162,
            0.09075230351179349,
            0.9999999999999999,
            0.6848602514927513,
            0.0,
            0.0,
            0.0
        ],
        [
            0.09791385862388911,
            0.2965046891383116,
            0.0069758693184109365,
            0.0798141965391305,
            -0.0022249321973633225,
            0.25792696027499395,
            0.5437223640137699,
            0.011530150647259993,
            0.15890173657241685,
            0.017644715961457426,
            0.5202618653923552,
            0.8425771282417978,
            0.05260229125079535,
            0.16876623403801885,
            0.03366322602762593,
            0.6848602514927513,
            1.0000000000000002,
            0.0,
            0.0,
            0.0
        ],
        [
            -0.0008033203165836044,
            -0.006975869318410928,
            0.000635824012532331,
            -0.000896879488756611,
            2.5001768334672253e-05,
            -0.007556557275760944,
            -0.011530150647259992,
            0.025496221018721652,
            -0.013717883094726218,
            -0.0015232568002088082,
            -0.14180991141759,
            -0.05260229125079532,
            0.2974794146683951,
            -0.20166321103399654,
            -0.04022507400956122,
            0.0,
            0.0,
            1.0000000000000004,
            0.0,
            0.0
        ],
        [
            -0.009191164958102422,
            -0.07981419653913051,
            -0.0008968794887566112,
            -0.009547406880091055,
            0.00028605697162685756,
            -0.10414001606411702,
            -0.15890173657241685,
            -0.013717883094726222,
            -0.16256016360667683,
            -0.02099262691389402,
            -0.45497494748101625,
            -0.16876623403801877,
            -0.2016632110339963,
            -0.28666963337337475,
            -0.12905586606727124,
            0.0,
            0.0,
            0.0,
            1.0000000000000004,
            0.0
        ],
        [
            0.0002562165596258769,
            0.002224932197363322,
            2.500176833467225e-05,
            0.0002860569716268574,
            0.0007062382619412207,
            -0.011563882455340811,
            -0.017644715961457415,
            -0.0015232568002088078,
            -0.02099262691389401,
            0.024160554806917305,
            -0.09075230351179348,
            -0.03366322602762587,
            -0.040225074009561206,
            -0.12905586606727132,
            0.3345929415979367,
            0.0,
            0.0,
            0.0,
            0.0,
            1.0000000000000004
        ]
    ],
    "h": [
        [
            -0.2869919864370538,
            -0.4759917721032152,
            -0.03140645068350838,
            -0.28344121201119377,
            0.10052005554185982,
            -0.5959162202177939,
            -0.47340763655408424,
            0.013077533706117458,
            0.011141764482854866,
            -0.01100471071687148,
            -0.23896752797278834,
            -0.31365066896852933,
            -0.022806218097861528,
            0.2990559695916879,
            -0.014500296980492954,
            -0.0002067349623207787,
            -0.11710055556021341,
            0.004226555649316904,
            0.04499517961510327,
            0.0020293170434003472
        ],
        [
            -0.4759917721032152,
            -0.3163231682233787,
            -0.02453643505785312,
            -0.23731033896658,
            0.08187411259769967,
            -0.5434193910207918,
            -0.36882735719827053,
            0.042653589928354545,
            0.10777094758947331,
            -0.07358834554610603,
            -0.31639403157397766,
            -0.3074912320092674,
            -0.03511641949831025,
            0.18052729542185994,
            -0.0070855512261818535,
            -0.11367932831630553,
            -0.17810664636082996,
            0.019475688323328157,
            0.09122103690706888,
            0.012594488688965417
        ],
        [
            -0.03140645068350838,
            -0.02453643505785312,
            1.466292803372129,
            -0.02831806877755258,
            0.010423167129467094,
            -0.0007977869007537441,
            -0.021476220030679085,
            0.41137217079857324,
            -0.10710370396333993,
            0.03863375086417788,
            -0.007758901480058266,
            -0.0164934268055948,
            -0.046732125884101236,
            0.015938656496560358,
            -0.0004522640847834866,
            -0.0010924137935595505,
            -0.006861945453806573,
            -0.0021474781629540847,
            0.003984744524055904,
            3.919817741567068e-05
        ],
        [
            -0.28344121201119377,
            -0.23731033896658,
            -0.02831806877755258,
            1.208606720493775,
            0.09019477602338336,
            -0.07149469341741677,
            -0.2300158459095608,
            -0.09360722826336448,
            -0.4772674132297896,
            0.30388374112941213,
            -0.22700421794856893,
            -0.18166956892509623,
            -0.028392693070313904,
            0.1775936538735396,
            -0.008679244267292094,
            -0.04848833502740579,
            -0.10405545436880163,
            0.00822846112572776,
            0.06065057035626636,
            0.0028008183362962314
        ],
        [
            0.10052005554185982,
            0.08187411259769967,
            0.010423167129467094,
            0.09019477602338336,
            1.4380480448421449,
            0.017829050649550482,
            0.07590048657285511,
            0.03537178771630324,
            0.3171908634048145,
            0.31395106759099956,
            0.054207218113415376,
            0.058231532010558806,
            0.007715446655771549,
            -0.06700062538651509,
            -0.04277394912347067,
            0.0041145541912742415,
            0.024182820060698017,
            -0.0009053500565898669,
            -0.006771417945716475,
            -0.0030289727099434005
        ],
        [
            -0.5959162202177939,
            -0.5434193910207918,
            -0.0007977869007537441,
            -0.07149469341741677,
            0.017829050649550482,
            -0.43884160353712365,
            -0.5937738645835164,
            0.06671856327751549,
            0.0786882981361381,
            -0.09913382838474173,
            -0.47792680960849243,
            -0.48978412405391225,
            -0.01696678094662543,
            0.08434111440494063,
            -0.013367225731420717,
            -0.17888916731961102,
            -0.28525585801766584,
            0.03124315639662974,
            0.1837863400214107,
            0.026607405748294982
        ],
        [
            -0.47340763655408424,
            -0.36882735719827053,
            -0.021476220030679085,
            -0.2300158459095608,
            0.07590048657285511,
            -0.5937738645835164,
            -0.4290570699310401,
            0.054495426041018175,
            0.02337184221796343,
            -0.07802928040918633,
            -0.472396989249941,
            -0.40044394682924245,
            -0.05643566255459564,
            0.1324254969539581,
            -0.018926952086929617,
            -0.2653281747885199,
            -0.28589229885312784,
            0.03963835189535275,
            0.1432160345558643,
            0.02703679474489449
        ],
        [
            0.013077533706117458,
            0.042653589928354545,
            0.41137217079857324,
            -0.09360722826336448,
            0.03537178771630324,
            0.06671856327751549,
            0.054495426041018175,
            1.3966342390813977,
            0.0034227779617977596,
            0.011678464623863878,
            0.009192171706780966,
            0.04110750454636587,
            0.267901963827368,
            0.14583569756021125,
            0.004472736963410691,
            0.007659505069451686,
            0.02523480056579916,
            -0.03970158547010293,
            -0.008845699701499149,
            -0.0017270194188556604
        ],
        [
            0.011141764482854866,
            0.10777094758947331,
            -0.10710370396333993,
            -0.4772674132297896,
            0.3171908634048145,
            0.0786882981361381,
            0.02337184221796343,
            0.0034227779617977596,
            0.9146178314705911,
            0.08307685249628041,
            -0.04429022654102999,
            -0.10068324997036981,
            0.14251307489530074,
            -0.7685440167801574,
            -0.02777809139591977,
            -0.2526023925834157,
            -0.1654580728372751,
            0.04524651668348163,
            0.19911348086212444,
            0.0373259990926528
        ],
        [
            -0.01100471071687148,
            -0.07358834554610603,
            0.03863375086417788,
            0.30388374112941213,
            0.31395106759099956,
            -0.09913382838474173,
            -0.07802928040918633,
            0.011678464623863878,
            0.08307685249628041,
            1.3751645164198556,
            -0.01979580839661625,
            -0.04509747452277262,
            0.0012748864460031574,
            0.005226232294881401,
            0.2907623909984276,
            -0.009047017160726725,
            -0.01525497694552537,
            0.0022989127387888896,
            0.01696225766955902,
            -0.034774979834248924
        ],
        [
            -0.23896752797278834,
            -0.31639403157397766,
            -0.007758901480058266,
            -0.22700421794856893,
            0.054207218113415376,
            -0.47792680960849243,
            -0.472396989249941,
            0.009192171706780966,
            -0.04429022654102999,
            -0.01979580839661625,
            -0.352921497664094,
            -0.5590011703594704,
            -0.09369219412929389,
            -0.0038583382557209334,
            -0.03478126361485746,
            -0.5042467684942855,
            -0.4908363857057596,
            0.017892388892076172,
            0.07856789211167192,
            0.014212562198224865
        ],
        [
            -0.31365066896852933,
            -0.3074912320092674,
            -0.0164934268055948,
            -0.18166956892509623,
            0.058231532010558806,
            -0.48978412405391225,
            -0.40044394682924245,
            0.04110750454636587,
            -0.10068324997036981,
            -0.04509747452277262,
            -0.5590011703594704,
            -0.4266975258254422,
            -0.08248491225125973,
            0.016983369737962425,
            -0.03224427291347909,
            -0.4218912197706379,
            -0.35582848973002346,
            0.05051992486053122,
            0.18016332525658602,
            0.03475301732060915
        ],
        [
            -0.022806218097861528,
            -0.03511641949831025,
            -0.046732125884101236,
            -0.028392693070313904,
            0.007715446655771549,
            -0.01696678094662543,
            -0.05643566255459564,
            0.267901963827368,
            0.14251307489530074,
            0.0012748864460031574,
            -0.09369219412929389,
            -0.08248491225125973,
            1.4065451164438534,
            -0.02194750666138516,
            -0.01026062764138376,
            -0.022515733500722446,
            -0.06635911714986428,
            0.1692400499299107,
            -0.2446820077850106,
            -0.04935867011297171
        ],
        [
            0.2990559695916879,
            0.18052729542185994,
            0.015938656496560358,
            0.1775936538735396,
            -0.06700062538651509,
            0.08434111440494063,
            0.1324254969539581,
            0.14583569756021125,
            -0.7685440167801574,
            0.005226232294881401,
            -0.0038583382557209334,
            0.016983369737962425,
            -0.02194750666138516,
            0.9870961973969852,
            -0.037499481892410216,
            -0.054929226901365924,
            -0.09050529735430335,
            -0.2578894839552414,
            -0.5921484497300685,
            -0.16518699046241567
        ],
        [
            -0.014500296980492954,
            -0.0070855512261818535,
            -0.0004522640847834866,
            -0.008679244267292094,
            -0.04277394912347067,
            -0.013367225731420717,
            -0.018926952086929617,
            0.004472736963410691,
            -0.02777809139591977,
            0.2907623909984276,
            -0.03478126361485746,
            -0.03224427291347909,
            -0.01026062764138376,
            -0.037499481892410216,
            1.4225925473970635,
            -0.00835432603340705,
            -0.030400668501417233,
            -0.05111050857309141,
            -0.1622402425689458,
            0.21501325589639375
        ],
        [
            -0.0002067349623207787,
            -0.11367932831630553,
            -0.0010924137935595505,
            -0.04848833502740579,
            0.0041145541912742415,
            -0.17888916731961102,
            -0.2653281747885199,
            0.007659505069451686,
            -0.2526023925834157,
            -0.009047017160726725,
            -0.5042467684942855,
            -0.4218912197706379,
            -0.022515733500722446,
            -0.054929226901365924,
            -0.00835432603340705,
            -0.19606051092664356,
            -0.4346215420714259,
            0.06398611779757879,
            0.21166980896037016,
            0.04260363950637714
        ],
        [
            -0.11710055556021341,
            -0.17810664636082996,
            -0.006861945453806573,
            -0.10405545436880163,
            0.024182820060698017,
            -0.28525585801766584,
            -0.28589229885312784,
            0.02523480056579916,
            -0.1654580728372751,
            -0.01525497694552537,
            -0.4908363857057596,
            -0.35582848973002346,
            -0.06635911714986428,
            -0.09050529735430335,
            -0.030400668501417233,
            -0.4346215420714259,
            -0.30015522824933516,
            0.057782447561764115,
            0.19539518001706982,
            0.03889686260744431
        ],
        [
            0.004226555649316904,
            0.019475688323328157,
            -0.0021474781629540847,
            0.00822846112572776,
            -0.0009053500565898669,
            0.03124315639662974,
            0.03963835189535275,
            -0.03970158547010293,
            0.04524651668348163,
            0.0022989127387888896,
            0.017892388892076172,
            0.05051992486053122,
            0.1692400499299107,
            -0.2578894839552414,
            -0.05111050857309141,
            0.06398611779757879,
            0.057782447561764115,
            1.487341510114472,
            -0.056098078820372405,
            -0.011233058745919556
        ],
        [
            0.04499517961510327,
            0.09122103690706888,
            0.003984744524055904,
            0.06065057035626636,
            -0.006771417945716475,
            0.1837863400214107,
            0.1432160345558643,
            -0.008845699701499149,
            0.19911348086212444,
            0.01696225766955902,
            0.07856789211167192,
            0.18016332525658602,
            -0.2446820077850106,
            -0.5921484497300685,
            -0.1622402425689458,
            0.21166980896037016,
            0.19539518001706982,
            -0.056098078820372405,
            1.3161463027065001,
            -0.03711185698570788
        ],
        [
            0.0020293170434003472,
            0.012594488688965417,
            3.919817741567068e-05,
            0.0028008183362962314,
            -0.0030289727099434005,
            0.026607405748294982,
            0.02703679474489449,
            -0.0017270194188556604,
            0.0373259990926528,
            -0.034774979834248924,
            0.014212562198224865,
            0.03475301732060915,
            -0.04935867011297171,
            -0.16518699046241567,
            0.21501325589639375,
            0.04260363950637714,
            0.03889686260744431,
            -0.011233058745919556,
            -0.03711185698570788,
            1.4973480510359867
        ]
    ]
}