{
    "HF": -2.1662796753416522,
    "coordinates": [
        [
            0.822834,
            -0.101254,
            -0.071876
        ],
        [
            1.609993,
            -0.153269,
            -0.130504
        ],
        [
            2.39058,
            0.080297,
            -0.151445
        ],
        [
            3.089662,
            -0.17869,
            -0.092616
        ]
    ],
    "elements": [
        "H",
        "H",
        "H",
        "H"
    ],
    "Enn": 2.951461861653806,
    "S": [
        [
            0.9999999999999999,
            0.6848602514927513,
            0.0,
            0.0,
            0.0,
            0.529924307558899,
            0.5502865655345149,
            0.03877765290577016,
            -0.5206416470569203,
            0.03440369134020663,
            0.10177377153802811,
            0.2863620486513228,
            0.006796158764621359,
            -0.1339045447171647,
            -0.015506659878542805,
            0.01148535794183635,
            0.1139266773833875,
            0.00012467614471845765,
            -0.013626778002885809,
            0.00046549768285527834
        ],
        [
            0.6848602514927513,
            1.0000000000000002,
            0.0,
            0.0,
            0.0,
            0.5502865655345149,
            0.8725696001218302,
            0.012631980885678393,
            -0.16960117080558312,
            0.011207144807405367,
            0.2863620486513228,
            0.5804451818511231,
            0.008529291820585117,
            -0.16805242160332576,
            -0.01946111499854276,
            0.1139266773833875,
            0.32603621152496676,
            0.0008279015269553042,
            -0.09048748131846839,
            0.003091098488009197
        ],
        [
            0.0,
            0.0,
            1.0000000000000004,
            0.0,
            0.0,
            -0.038777652905770135,
            -0.012631980885678391,
            0.4398795893449287,
            0.05317731257936835,
            -0.003513925285508828,
            -0.006796158764621359,
            -0.008529291820585117,
            0.03846373089562067,
            0.01266487556951462,
            0.0014666411679704165,
            -0.00012467614471845743,
            -0.0008279015269553001,
            0.0012561973923689593,
            0.00015349796255473974,
            -5.243568646756096e-06
        ],
        [
            0.0,
            0.0,
            0.0,
            1.0000000000000004,
            0.0,
            0.5206416470569201,
            0.1696011708055831,
            0.05317731257936833,
            -0.2701359979132135,
            0.047179127956195735,
            0.13390454471716468,
            0.16805242160332584,
            0.01266487556951462,
            -0.21042920297846315,
            -0.028897193938857455,
            0.013626778002885807,
            0.09048748131846834,
            0.0001534979625547398,
            -0.015519325851284287,
            0.0005731084005973399
        ],
        [
            0.0,
            0.0,
            0.0,
            0.0,
            1.0000000000000004,
            -0.03440369134020661,
            -0.011207144807405365,
            -0.003513925285508828,
            0.04717912795619574,
            0.44072269364947425,
            0.015506659878542802,
            0.01946111499854275,
            0.0014666411679704165,
            -0.028897193938857455,
            0.03576011502123616,
            -0.0004654976828552784,
            -0.003091098488009197,
            -5.243568646756092e-06,
            0.0005731084005973392,
            0.001238024123658113
        ],
        [
            0.529924307558899,
            0.5502865655345149,
            -0.03877765290577016,
            0.5206416470569205,
            -0.03440369134020663,
            0.9999999999999999,
            0.6848602514927513,
            0.0,
            0.0,
            0.0,
            0.5110517694910311,
            0.5429238886870426,
            0.013229258486651244,
            -0.49312770136668044,
            -0.14755288609393957,
            0.1319872438421686,
            0.318564449771232,
            -0.0044418516097815795,
            -0.17347102326841998,
            0.002980265777350542
        ],
        [
            0.5502865655345149,
            0.8725696001218302,
            -0.012631980885678393,
            0.16960117080558312,
            -0.011207144807405367,
            0.6848602514927513,
            1.0000000000000002,
            0.0,
            0.0,
            0.0,
            0.5429238886870426,
            0.8652736789825309,
            0.004447527521974455,
            -0.16578397238887635,
            -0.04960561640788321,
            0.31856444977123205,
            0.6204031594834433,
            -0.004551838947018472,
            -0.17776644274957457,
            0.0030540619159669696
        ],
        [
            0.038777652905770135,
            0.012631980885678391,
            0.4398795893449287,
            0.05317731257936833,
            -0.003513925285508828,
            0.0,
            0.0,
            1.0000000000000004,
            0.0,
            0.0,
            -0.013229258486651244,
            -0.004447527521974454,
            0.4216983632454555,
            0.017916266354935737,
            0.005360876708754975,
            0.0044418516097815795,
            0.004551838947018471,
            0.057932120090790094,
            -0.00846329293356805,
            0.00014540101175616502
        ],
        [
            -0.5206416470569202,
            -0.1696011708055831,
            0.05317731257936835,
            -0.2701359979132137,
            0.04717912795619574,
            0.0,
            0.0,
            0.0,
            1.0000000000000004,
            0.0,
            0.4931277013666801,
            0.16578397238887632,
            0.017916266354935737,
            -0.24565942469041768,
            -0.19982955290850113,
            0.17347102326841998,
            0.17776644274957434,
            -0.008463292933568045,
            -0.27237461370365734,
            0.005678456758452092
        ],
        [
            0.03440369134020662,
            0.011207144807405365,
            -0.003513925285508828,
            0.047179127956195735,
            0.44072269364947425,
            0.0,
            0.0,
            0.0,
            0.0,
            1.0000000000000004,
            0.14755288609393957,
            0.049605616407883184,
            0.005360876708754975,
            -0.19982955290850113,
            0.36238632650786157,
            -0.002980265777350542,
            -0.003054061915966969,
            0.00014540101175616535,
            0.005678456758452108,
            0.05805127186960712
        ],
        [
            0.10177377153802811,
            0.2863620486513228,
            -0.006796158764621359,
            0.13390454471716468,
            0.015506659878542805,
            0.5110517694910311,
            0.5429238886870426,
            -0.013229258486651244,
            0.49312770136668044,
            0.14755288609393957,
            0.9999999999999999,
            0.6848602514927513,
            0.0,
            0.0,
            0.0,
            0.5644095471691948,
            0.5632275253255472,
            -0.042141274370240275,
            -0.5007769360229876,
            0.18552146433434907
        ],
        [
            0.2863620486513228,
            0.5804451818511231,
            -0.008529291820585117,
            0.16805242160332584,
            0.01946111499854276,
            0.5429238886870426,
            0.8652736789825309,
            -0.004447527521974455,
            0.16578397238887635,
            0.04960561640788321,
            0.6848602514927513,
            1.0000000000000002,
            0.0,
            0.0,
            0.0,
            0.5632275253255472,
            0.8853038462346263,
            -0.012993735209047888,
            -0.1544083087832811,
            0.05720322461006796
        ],
        [
            0.006796158764621359,
            0.008529291820585117,
            0.03846373089562067,
            0.012664875569514619,
            0.0014666411679704165,
            0.013229258486651244,
            0.004447527521974454,
            0.4216983632454555,
            0.017916266354935737,
            0.005360876708754975,
            0.0,
            0.0,
            1.0000000000000004,
            0.0,
            0.0,
            0.042141274370240275,
            0.012993735209047884,
            0.4795155637268751,
            -0.05166235311735976,
            0.019139210917754487
        ],
        [
            -0.1339045447171647,
            -0.16805242160332576,
            0.012664875569514622,
            -0.2104292029784631,
            -0.028897193938857462,
            -0.4931277013666801,
            -0.16578397238887632,
            0.017916266354935737,
            -0.24565942469041768,
            -0.19982955290850113,
            0.0,
            0.0,
            0.0,
            1.0000000000000004,
            0.0,
            0.5007769360229876,
            0.15440830878328032,
            -0.05166235311735969,
            -0.13005562188311184,
            0.22743677177592064
        ],
        [
            -0.015506659878542802,
            -0.01946111499854275,
            0.0014666411679704165,
            -0.028897193938857455,
            0.03576011502123616,
            -0.14755288609393957,
            -0.049605616407883184,
            0.005360876708754975,
            -0.19982955290850113,
            0.36238632650786157,
            0.0,
            0.0,
            0.0,
            0.0,
            1.0000000000000004,
            -0.18552146433434902,
            -0.057203224610067924,
            0.019139210917754487,
            0.22743677177592095,
            0.39960516317244904
        ],
        [
            0.01148535794183635,
            0.1139266773833875,
            -0.00012467614471845765,
            0.013626778002885807,
            -0.00046549768285527834,
            0.1319872438421686,
            0.318564449771232,
            0.0044418516097815795,
            0.17347102326841998,
            -0.002980265777350542,
            0.5644095471691948,
            0.5632275253255472,
            0.042141274370240275,
            0.5007769360229876,
            -0.18552146433434907,
            0.9999999999999999,
            0.6848602514927513,
            0.0,
            0.0,
            0.0
        ],
        [
            0.1139266773833875,
            0.32603621152496676,
            -0.0008279015269553042,
            0.09048748131846834,
            -0.003091098488009197,
            0.31856444977123205,
            0.6204031594834433,
            0.004551838947018472,
            0.17776644274957437,
            -0.0030540619159669696,
            0.5632275253255472,
            0.8853038462346263,
            0.012993735209047888,
            0.15440830878328038,
            -0.05720322461006796,
            0.6848602514927513,
            1.0000000000000002,
            0.0,
            0.0,
            0.0
        ],
        [
            0.00012467614471845743,
            0.0008279015269553001,
            0.0012561973923689593,
            0.00015349796255473974,
            -5.243568646756092e-06,
            -0.0044418516097815795,
            -0.004551838947018471,
            0.057932120090790094,
            -0.008463292933568045,
            0.00014540101175616535,
            -0.04214127437024027,
            -0.012993735209047884,
            0.4795155637268751,
            -0.05166235311735969,
            0.019139210917754487,
            0.0,
            0.0,
            1.0000000000000004,
            0.0,
            0.0
        ],
        [
            -0.013626778002885802,
            -0.09048748131846839,
            0.0001534979625547398,
            -0.015519325851284287,
            0.0005731084005973395,
            -0.17347102326841998,
            -0.17776644274957454,
            -0.00846329293356805,
            -0.27237461370365734,
            0.005678456758452108,
            -0.5007769360229869,
            -0.15440830878328032,
            -0.05166235311735976,
            -0.13005562188311184,
            0.22743677177592095,
            0.0,
            0.0,
            0.0,
            1.0000000000000004,
            0.0
        ],
        [
            0.0004654976828552784,
            0.003091098488009197,
            -5.243568646756096e-06,
            0.0005731084005973396,
            0.001238024123658113,
            0.002980265777350542,
            0.003054061915966969,
            0.00014540101175616502,
            0.005678456758452092,
            0.05805127186960712,
            0.18552146433434902,
            0.057203224610067945,
            0.019139210917754487,
            0.22743677177592064,
            0.39960516317244904,
            0.0,
            0.0,
            0.0,
            0.0,
            1.0000000000000004
        ]
    ],
    "h": [
        [
            -0.24902924109719415,
            -0.45984085843876676,
            0.02058980213253685,
            -0.2741635876193716,
            0.014677779631049617,
            -0.5588824941297597,
            -0.4511746478655203,
            -0.0016817995342562342,
            0.03205655027578247,
            -0.01359659537270911,
            -0.2165294927526119,
            -0.29517603015613614,
            -0.00872777003777632,
            0.2854094309364891,
            0.047125510020546886,
            -0.01149056252014638,
            -0.1356574668002117,
            0.0006133621120337897,
            0.06474431339787173,
            -0.0023240346568360144
        ],
        [
            -0.45984085843876676,
            -0.3086955918689953,
            0.017553573268046754,
            -0.23643580696514266,
            0.011045678349951602,
            -0.5256449795152356,
            -0.3632198732489653,
            -0.012439906849459975,
            0.11524779996775172,
            -0.04163177159863622,
            -0.31203399985522917,
            -0.3003976392488613,
            -0.008552951258922026,
            0.17076982012153524,
            0.06153722433107597,
            -0.1361336551231045,
            -0.19549180494519636,
            0.0058197199968184135,
            0.11661053106700968,
            -0.023396676607816923
        ],
        [
            0.02058980213253685,
            0.017553573268046754,
            1.4922221126409136,
            0.019506498064172886,
            -0.001079031620556757,
            0.004697771565241413,
            0.016145630378222052,
            0.35863065512993186,
            0.07448824000917295,
            -0.0038674226693468936,
            0.013366656675223507,
            0.012558901222754354,
            -0.04253660847895743,
            -0.016191075596804633,
            -0.0035395599413935606,
            0.0019486210016438131,
            0.00670349202016009,
            -0.004338036513736258,
            -0.0026484019263296192,
            0.0002523187518914788
        ],
        [
            -0.2741635876193716,
            -0.23643580696514266,
            0.019506498064172886,
            1.228957593903572,
            0.013894730632261133,
            -0.07059401243624142,
            -0.2230521038474198,
            0.0734306968068721,
            -0.6481032428544041,
            0.0484624417788745,
            -0.22143720396202599,
            -0.176443048069993,
            -0.00915020280332815,
            0.19788289738817366,
            0.05466433411817746,
            -0.06224284331022713,
            -0.11433171108178551,
            0.0011439262029205965,
            0.08467145482819495,
            -0.007180409910472568
        ],
        [
            0.014677779631049617,
            0.011045678349951602,
            -0.001079031620556757,
            0.013894730632261133,
            1.49224251854955,
            -0.003480721892754002,
            0.007936753139085763,
            -0.004967820964826619,
            0.06397407162054194,
            0.3587773532988846,
            -0.007167756132854846,
            0.006422600168219703,
            -0.00017092524985325977,
            0.0007884822768881167,
            -0.04276060122937661,
            -0.0013735495810082987,
            0.001657432231234178,
            6.680102963133044e-05,
            -0.0012108343741460213,
            -0.004554467050343566
        ],
        [
            -0.5588824941297597,
            -0.5256449795152356,
            0.004697771565241413,
            -0.07059401243624142,
            -0.003480721892754002,
            -0.4120491734746905,
            -0.58747577238188,
            -0.013693575321330366,
            0.054569874680284944,
            -0.07620633267871348,
            -0.5005849632237998,
            -0.49528627464249886,
            -0.007439159286780905,
            0.04916399039838204,
            0.0338892269334059,
            -0.2577081798667371,
            -0.33592867709381513,
            0.012081860039748017,
            0.23921007202111788,
            -0.04112894168978147
        ],
        [
            -0.4511746478655203,
            -0.3632198732489653,
            0.016145630378222052,
            -0.2230521038474198,
            0.007936753139085763,
            -0.58747577238188,
            -0.43441615090974395,
            -0.011017333999507068,
            0.010788311144956736,
            -0.0652949723441815,
            -0.5021793078306528,
            -0.40778087653624007,
            -0.01580041982278639,
            0.10282450100393625,
            0.09802061453490937,
            -0.3246275160047844,
            -0.31589591649259474,
            0.013666843266594625,
            0.18801840126408104,
            -0.05620781735732668
        ],
        [
            -0.0016817995342562342,
            -0.012439906849459975,
            0.35863065512993186,
            0.0734306968068721,
            -0.004967820964826619,
            -0.013693575321330366,
            -0.011017333999507068,
            1.4148393064420983,
            0.024436082925215073,
            0.00040356382654250513,
            -0.0032898808429100146,
            -0.004205049321489902,
            0.3195695792814175,
            0.029500500073801735,
            0.00796609810568717,
            0.0016376523785029892,
            0.0009235775942774693,
            -0.04548297251425858,
            -0.003118717853018137,
            0.0006530759999095598
        ],
        [
            0.03205655027578247,
            0.11524779996775172,
            0.07448824000917295,
            -0.6481032428544041,
            0.06397407162054194,
            0.054569874680284944,
            0.010788311144956736,
            0.024436082925215073,
            0.8888644038076057,
            -0.04647079971747533,
            -0.07903687188767394,
            -0.12084115106014948,
            0.018710670309586515,
            -0.7260219718578785,
            -0.24168115758944436,
            -0.3120107374380154,
            -0.18013394694900073,
            0.014795093729640255,
            0.13769541794672813,
            -0.062115238918635296
        ],
        [
            -0.01359659537270911,
            -0.04163177159863622,
            -0.0038674226693468936,
            0.0484624417788745,
            0.3587773532988846,
            -0.07620633267871348,
            -0.0652949723441815,
            0.00040356382654250513,
            -0.04647079971747533,
            1.3966846078429018,
            -0.012700386957472887,
            -0.05859237878474935,
            0.006310462361032668,
            -0.26800052138609737,
            0.24428996695967653,
            -0.039426700130856224,
            -0.049716319970253206,
            0.002918015953512768,
            0.046506648315880666,
            -0.05645373377516996
        ],
        [
            -0.2165294927526119,
            -0.31203399985522917,
            0.013366656675223507,
            -0.22143720396202599,
            -0.007167756132854846,
            -0.5005849632237998,
            -0.5021793078306528,
            -0.0032898808429100146,
            -0.07903687188767394,
            -0.012700386957472887,
            -0.44162026083732586,
            -0.5952897328200495,
            -0.027145915400949797,
            -0.07058392247714937,
            0.15666438124651666,
            -0.5963167719065423,
            -0.5458362355015485,
            0.004087340540338838,
            0.07916913431919015,
            -0.011473260244087458
        ],
        [
            -0.29517603015613614,
            -0.3003976392488613,
            0.012558901222754354,
            -0.176443048069993,
            0.006422600168219703,
            -0.49528627464249886,
            -0.40778087653624007,
            -0.004205049321489902,
            -0.12084115106014948,
            -0.05859237878474935,
            -0.5952897328200495,
            -0.4294687836443347,
            -0.02222445184164133,
            -0.018433590251197812,
            0.12869324909592356,
            -0.47365420608793296,
            -0.37147688401575274,
            0.017468676607434563,
            0.23396537881768664,
            -0.0714374239575657
        ],
        [
            -0.00872777003777632,
            -0.008552951258922026,
            -0.04253660847895743,
            -0.00915020280332815,
            -0.00017092524985325977,
            -0.007439159286780905,
            -0.01580041982278639,
            0.3195695792814175,
            0.018710670309586515,
            0.006310462361032668,
            -0.027145915400949797,
            -0.02222445184164133,
            1.40301087359314,
            -0.013829088484571447,
            0.009201721530727881,
            -0.0032062831867084585,
            -0.019267131805938115,
            0.4109976522535239,
            -0.06963556570025817,
            0.0268480367741915
        ],
        [
            0.2854094309364891,
            0.17076982012153524,
            -0.016191075596804633,
            0.19788289738817366,
            0.0007884822768881167,
            0.04916399039838204,
            0.10282450100393625,
            0.029500500073801735,
            -0.7260219718578785,
            -0.26800052138609737,
            -0.07058392247714937,
            -0.018433590251197812,
            -0.013829088484571447,
            0.9065763194732515,
            0.02565978400870784,
            -0.012742630169901181,
            -0.10383502793233043,
            -0.07402851204464081,
            -0.4889982134423111,
            0.3244176041912541
        ],
        [
            0.047125510020546886,
            0.06153722433107597,
            -0.0035395599413935606,
            0.05466433411817746,
            -0.04276060122937661,
            0.0338892269334059,
            0.09802061453490937,
            0.00796609810568717,
            -0.24168115758944436,
            0.24428996695967653,
            0.15666438124651666,
            0.12869324909592356,
            0.009201721530727881,
            0.02565978400870784,
            1.352940494211235,
            0.025156026940304554,
            0.1047905191133844,
            0.025902255351383997,
            0.29404494323763536,
            0.30060753302502297
        ],
        [
            -0.01149056252014638,
            -0.1361336551231045,
            0.0019486210016438131,
            -0.06224284331022713,
            -0.0013735495810082987,
            -0.2577081798667371,
            -0.3246275160047844,
            0.0016376523785029892,
            -0.3120107374380154,
            -0.039426700130856224,
            -0.5963167719065423,
            -0.47365420608793296,
            -0.0032062831867084585,
            -0.012742630169901181,
            0.025156026940304554,
            -0.28620193730090304,
            -0.4769675850863697,
            0.023458046167524053,
            0.2852572746303439,
            -0.09948874642085304
        ],
        [
            -0.1356574668002117,
            -0.19549180494519636,
            0.00670349202016009,
            -0.11433171108178551,
            0.001657432231234178,
            -0.33592867709381513,
            -0.31589591649259474,
            0.0009235775942774693,
            -0.18013394694900073,
            -0.049716319970253206,
            -0.5458362355015485,
            -0.37147688401575274,
            -0.019267131805938115,
            -0.10383502793233043,
            0.1047905191133844,
            -0.4769675850863697,
            -0.31895885527560397,
            0.0190676671833339,
            0.24079270583465248,
            -0.07961444806873508
        ],
        [
            0.0006133621120337897,
            0.0058197199968184135,
            -0.004338036513736258,
            0.0011439262029205965,
            6.680102963133044e-05,
            0.012081860039748017,
            0.013666843266594625,
            -0.04548297251425858,
            0.014795093729640255,
            0.002918015953512768,
            0.004087340540338838,
            0.017468676607434563,
            0.4109976522535239,
            -0.07402851204464081,
            0.025902255351383997,
            0.023458046167524053,
            0.0190676671833339,
            1.4712213947200332,
            -0.020908243367292186,
            0.0074964357067644465
        ],
        [
            0.06474431339787173,
            0.11661053106700968,
            -0.0026484019263296192,
            0.08467145482819495,
            -0.0012108343741460213,
            0.23921007202111788,
            0.18801840126408104,
            -0.003118717853018137,
            0.13769541794672813,
            0.046506648315880666,
            0.07916913431919015,
            0.23396537881768664,
            -0.06963556570025817,
            -0.4889982134423111,
            0.29404494323763536,
            0.2852572746303439,
            0.24079270583465248,
            -0.020908243367292186,
            1.2087366882819122,
            0.08876664872315618
        ],
        [
            -0.0023240346568360144,
            -0.023396676607816923,
            0.0002523187518914788,
            -0.007180409910472568,
            -0.004554467050343566,
            -0.04112894168978147,
            -0.05620781735732668,
            0.0006530759999095598,
            -0.062115238918635296,
            -0.05645373377516996,
            -0.011473260244087458,
            -0.0714374239575657,
            0.0268480367741915,
            0.3244176041912541,
            0.30060753302502297,
            -0.09948874642085304,
            -0.07961444806873508,
            0.0074964357067644465,
            0.08876664872315618,
            1.4401074829594394
        ]
    ]
}