{
    "HF": -2.139645234726667,
    "coordinates": [
        [
            0.70731,
            -0.126324,
            0.089109
        ],
        [
            1.350514,
            0.089213,
            -0.054778
        ],
        [
            2.091976,
            -0.029553,
            0.037589
        ],
        [
            2.819775,
            -0.08524,
            -0.147528
        ]
    ],
    "elements": [
        "H",
        "H",
        "H",
        "H"
    ],
    "Enn": 3.152104183497254,
    "S": [
        [
            0.9999999999999999,
            0.6848602514927513,
            0.0,
            0.0,
            0.0,
            0.6084679419465541,
            0.578870411500049,
            0.11333256295043898,
            -0.5066194848733667,
            -0.1697676692171549,
            0.16531019078932663,
            0.34907239034511645,
            0.007955237348453555,
            -0.21380719484343536,
            -0.014942474251692527,
            0.019065710778260306,
            0.14156830114950386,
            0.0026415886992005775,
            -0.02358153488869766,
            -0.0004586224052787876
        ],
        [
            0.6848602514927513,
            1.0000000000000002,
            0.0,
            0.0,
            0.0,
            0.578870411500049,
            0.9005491601122085,
            0.032723758824844865,
            -0.14628182234097264,
            -0.049018888473806435,
            0.3490723903451164,
            0.6568674129231986,
            0.006825586606507805,
            -0.18344638400789484,
            -0.012820629687468308,
            0.1415683011495038,
            0.37356767095206256,
            0.011925410192204517,
            -0.10645846440613803,
            -0.002070443558431398
        ],
        [
            0.0,
            0.0,
            1.0000000000000004,
            0.0,
            0.0,
            -0.11333256295043896,
            -0.03272375882484485,
            0.5068915805124506,
            0.12870974863619555,
            0.043130504617197155,
            -0.007955237348453555,
            -0.006825586606507809,
            0.08116029758405997,
            0.015135603836068604,
            0.0010577912065582568,
            -0.002641588699200577,
            -0.011925410192204512,
            0.002418331525562479,
            0.0036723653027920565,
            7.142151756356142e-05
        ],
        [
            0.0,
            0.0,
            0.0,
            1.0000000000000004,
            0.0,
            0.5066194848733669,
            0.14628182234097242,
            0.1287097486361955,
            -0.0396742113055691,
            -0.19280208143751462,
            0.2138071948434353,
            0.18344638400789456,
            0.015135603836068599,
            -0.32506528665005335,
            -0.028429493765919925,
            0.023581534888697655,
            0.10645846440613811,
            0.0036723653027920583,
            -0.029953598371034767,
            -0.0006375818494145413
        ],
        [
            0.0,
            0.0,
            0.0,
            0.0,
            1.0000000000000004,
            0.16976766921715486,
            0.04901888847380643,
            0.04313050461719715,
            -0.19280208143751473,
            0.4710766250321033,
            0.014942474251692525,
            0.012820629687468298,
            0.0010577912065582562,
            -0.028429493765919914,
            0.07973658657246036,
            0.0004586224052787876,
            0.0020704435584313926,
            7.142151756356147e-05,
            -0.0006375818494145415,
            0.0028173076484594066
        ],
        [
            0.6084679419465541,
            0.578870411500049,
            -0.11333256295043898,
            0.5066194848733669,
            0.1697676692171549,
            0.9999999999999999,
            0.6848602514927513,
            0.0,
            0.0,
            0.0,
            0.5573887092623615,
            0.5606445304954486,
            -0.06512671767651979,
            -0.5227947897178397,
            0.08374029416966612,
            0.13128274618108554,
            0.3178694582511939,
            0.010802868281106699,
            -0.17112919734304158,
            0.020319059625271235
        ],
        [
            0.578870411500049,
            0.9005491601122085,
            -0.03272375882484486,
            0.14628182234097264,
            0.049018888473806435,
            0.6848602514927513,
            1.0000000000000002,
            0.0,
            0.0,
            0.0,
            0.5606445304954486,
            0.8827710799513426,
            -0.020301516072022383,
            -0.16296732285116802,
            0.026103801766970997,
            0.3178694582511939,
            0.6195574255798212,
            0.01111692101810964,
            -0.1761041346845149,
            0.020909759809943723
        ],
        [
            0.11333256295043896,
            0.032723758824844865,
            0.5068915805124506,
            0.12870974863619553,
            0.043130504617197155,
            0.0,
            0.0,
            1.0000000000000004,
            0.0,
            0.0,
            0.06512671767651979,
            0.020301516072022383,
            0.4651364153221703,
            -0.08457573951559895,
            0.013547184183828208,
            -0.010802868281106694,
            -0.011116921018109618,
            0.0563898978065079,
            0.02040589559488167,
            -0.0024228981128702745
        ],
        [
            -0.5066194848733667,
            -0.14628182234097262,
            0.12870974863619553,
            -0.0396742113055691,
            -0.19280208143751473,
            0.0,
            0.0,
            0.0,
            1.0000000000000004,
            0.0,
            0.5227947897178397,
            0.16296732285116836,
            -0.084575739515599,
            -0.20324647881509747,
            0.1087479541319912,
            0.17112919734304158,
            0.17610413468451486,
            0.02040589559488167,
            -0.2655735469641515,
            0.03838134451982633
        ],
        [
            -0.16976766921715486,
            -0.04901888847380643,
            0.04313050461719715,
            -0.19280208143751462,
            0.4710766250321033,
            0.0,
            0.0,
            0.0,
            0.0,
            1.0000000000000004,
            -0.08374029416966611,
            -0.026103801766971007,
            0.013547184183828212,
            0.10874795413199116,
            0.4582533219355871,
            -0.020319059625271224,
            -0.020909759809943692,
            -0.0024228981128702736,
            0.03838134451982632,
            0.05312084358190657
        ],
        [
            0.16531019078932663,
            0.34907239034511645,
            -0.007955237348453555,
            0.2138071948434353,
            0.014942474251692525,
            0.5573887092623615,
            0.5606445304954486,
            0.06512671767651979,
            0.5227947897178397,
            -0.08374029416966612,
            0.9999999999999999,
            0.6848602514927513,
            0.0,
            0.0,
            0.0,
            0.5602281208656965,
            0.5616922634524982,
            0.13136487385484585,
            -0.5164691726134442,
            0.039517255197279555
        ],
        [
            0.3490723903451164,
            0.6568674129231986,
            -0.006825586606507812,
            0.18344638400789473,
            0.012820629687468303,
            0.5606445304954486,
            0.8827710799513426,
            0.020301516072022383,
            0.16296732285116836,
            -0.026103801766970983,
            0.6848602514927513,
            1.0000000000000002,
            0.0,
            0.0,
            0.0,
            0.5616922634524982,
            0.883798973045959,
            0.04076838225980645,
            -0.16028343069682868,
            0.012263967668565525
        ],
        [
            0.007955237348453553,
            0.006825586606507802,
            0.08116029758405997,
            0.0151356038360686,
            0.0010577912065582564,
            -0.06512671767651979,
            -0.020301516072022383,
            0.4651364153221703,
            -0.084575739515599,
            0.013547184183828208,
            0.0,
            0.0,
            1.0000000000000004,
            0.0,
            0.0,
            -0.13136487385484577,
            -0.04076838225980644,
            0.43636921162619635,
            0.16753651830227864,
            -0.012818932280339746
        ],
        [
            -0.21380719484343524,
            -0.18344638400789456,
            0.0151356038360686,
            -0.32506528665005346,
            -0.028429493765919914,
            -0.5227947897178395,
            -0.16296732285116802,
            -0.08457573951559895,
            -0.20324647881509747,
            0.10874795413199115,
            0.0,
            0.0,
            0.0,
            1.0000000000000004,
            0.0,
            0.5164691726134443,
            0.16028343069682904,
            0.16753651830227861,
            -0.1796978127616719,
            0.05039842961315811
        ],
        [
            -0.014942474251692522,
            -0.01282062968746829,
            0.0010577912065582566,
            -0.028429493765919925,
            0.07973658657246036,
            0.08374029416966611,
            0.026103801766971,
            0.013547184183828212,
            0.10874795413199125,
            0.4582533219355871,
            0.0,
            0.0,
            0.0,
            0.0,
            1.0000000000000004,
            -0.03951725519727955,
            -0.012263967668565514,
            -0.012818932280339748,
            0.05039842961315813,
            0.4751262315021442
        ],
        [
            0.019065710778260306,
            0.14156830114950386,
            -0.0026415886992005775,
            0.023581534888697655,
            0.0004586224052787876,
            0.13128274618108554,
            0.3178694582511939,
            -0.010802868281106702,
            0.17112919734304158,
            -0.020319059625271235,
            0.5602281208656965,
            0.5616922634524982,
            -0.13136487385484585,
            0.5164691726134445,
            -0.039517255197279555,
            0.9999999999999999,
            0.6848602514927513,
            0.0,
            0.0,
            0.0
        ],
        [
            0.1415683011495038,
            0.37356767095206256,
            -0.011925410192204517,
            0.10645846440613807,
            0.0020704435584313926,
            0.3178694582511939,
            0.6195574255798212,
            -0.011116921018109635,
            0.1761041346845149,
            -0.020909759809943723,
            0.5616922634524982,
            0.883798973045959,
            -0.04076838225980647,
            0.16028343069682904,
            -0.012263967668565514,
            0.6848602514927513,
            1.0000000000000002,
            0.0,
            0.0,
            0.0
        ],
        [
            0.002641588699200577,
            0.011925410192204512,
            0.002418331525562479,
            0.003672365302792057,
            7.142151756356147e-05,
            0.010802868281106695,
            0.011116921018109613,
            0.0563898978065079,
            0.020405895594881665,
            -0.002422898112870274,
            0.13136487385484577,
            0.04076838225980643,
            0.43636921162619635,
            0.16753651830227853,
            -0.012818932280339743,
            0.0,
            0.0,
            1.0000000000000004,
            0.0,
            0.0
        ],
        [
            -0.02358153488869766,
            -0.10645846440613803,
            0.003672365302792058,
            -0.029953598371034767,
            -0.0006375818494145418,
            -0.17112919734304158,
            -0.17610413468451486,
            0.020405895594881675,
            -0.2655735469641515,
            0.03838134451982633,
            -0.5164691726134439,
            -0.16028343069682868,
            0.16753651830227873,
            -0.1796978127616719,
            0.05039842961315813,
            0.0,
            0.0,
            0.0,
            1.0000000000000004,
            0.0
        ],
        [
            -0.0004586224052787876,
            -0.0020704435584313926,
            7.142151756356142e-05,
            -0.0006375818494145411,
            0.002817307648459406,
            0.020319059625271224,
            0.020909759809943692,
            -0.002422898112870274,
            0.03838134451982632,
            0.05312084358190657,
            0.03951725519727954,
            0.012263967668565502,
            -0.012818932280339751,
            0.05039842961315811,
            0.4751262315021442,
            0.0,
            0.0,
            0.0,
            0.0,
            1.0000000000000004
        ]
    ],
    "h": [
        [
            -0.32607968077818983,
            -0.49311218392740286,
            0.06508524944361124,
            -0.31461755336430103,
            -0.10030008697793039,
            -0.6347600673140628,
            -0.4913981398807512,
            -0.01543326167816042,
            -0.006501982845038556,
            0.01593643065305339,
            -0.3062657535007256,
            -0.35306030051109744,
            0.010651341652634105,
            0.35393024034416887,
            -0.01840640331925133,
            -0.03065454235968481,
            -0.16608835935981425,
            -0.009987720489047256,
            0.09046708530410263,
            -0.003765211967244627
        ],
        [
            -0.49311218392740286,
            -0.3236779358168995,
            0.05008681023703254,
            -0.25679688336429063,
            -0.07736717825169903,
            -0.5725626441256646,
            -0.37605558168500997,
            -0.062189830524144236,
            0.09240916186743692,
            0.08877197266526747,
            -0.3740964384837417,
            -0.33061178505429745,
            0.029974124818718653,
            0.2021209338892817,
            -0.02213996511497835,
            -0.16347057707000853,
            -0.21745191899962635,
            -0.024066624872395033,
            0.1323320607386026,
            -0.010183849723728608
        ],
        [
            0.06508524944361124,
            0.05008681023703254,
            1.451568161764855,
            0.0581498913647347,
            0.019261724660754757,
            0.0059933589009653065,
            0.04595640866577607,
            0.45377786396506037,
            0.19307982403504612,
            0.06172653563396316,
            0.034035056769081966,
            0.037879903619135964,
            -0.046985720171817486,
            -0.04224270519615146,
            0.004235093117664155,
            0.008201083085284683,
            0.01983256938063537,
            -0.006694279252762607,
            -0.014856436061908139,
            0.00040564161297565026
        ],
        [
            -0.31461755336430103,
            -0.25679688336429063,
            0.0581498913647347,
            1.1728897157050269,
            -0.08844062984736202,
            -0.0865177793295262,
            -0.25384262601896634,
            0.17167377822780183,
            -0.40472255710670907,
            -0.26013213244403516,
            -0.2712337139384511,
            -0.20993503413508363,
            0.028185511896186156,
            0.08689442949274984,
            -0.034558110245728295,
            -0.09369916772669887,
            -0.13864168559905166,
            -0.017328556297234697,
            0.12415746595973945,
            -0.0031133241780706214
        ],
        [
            -0.10030008697793039,
            -0.07736717825169903,
            0.019261724660754757,
            -0.08844062984736202,
            1.435260224287265,
            -0.011730974104664615,
            -0.07088906835484496,
            0.060698348008045855,
            -0.2878064216404328,
            0.4027207046034713,
            -0.05177984823850136,
            -0.05748370745001572,
            0.004987091714848067,
            0.06424794152894597,
            -0.05036910270125905,
            -0.0055884890194239315,
            -0.02756532591378876,
            -0.0011393160496171563,
            0.01022950906184569,
            -0.009004396557019553
        ],
        [
            -0.6347600673140628,
            -0.5725626441256646,
            0.0059933589009653065,
            -0.0865177793295262,
            -0.011730974104664615,
            -0.5061776014958907,
            -0.6231248863289802,
            -0.09319658736351472,
            0.05684896621999455,
            0.13277778318259104,
            -0.5529639709347618,
            -0.5370176204529558,
            0.011057846620484368,
            0.08448764232970452,
            0.004571929854234269,
            -0.2591397753793606,
            -0.35030469827913546,
            -0.038270324405053666,
            0.2515271787341857,
            -0.023971955048097435
        ],
        [
            -0.4913981398807512,
            -0.37605558168500997,
            0.04595640866577607,
            -0.25384262601896634,
            -0.07088906835484496,
            -0.6231248863289802,
            -0.43540230147210446,
            -0.0699676866805423,
            -0.00014052571162652405,
            0.10313318535633316,
            -0.5289033933388558,
            -0.4178346273178788,
            0.0502440361312796,
            0.1429866193105423,
            -0.018390450795560113,
            -0.3206138325873197,
            -0.3163118413297572,
            -0.04213289229782126,
            0.19160991604088562,
            -0.016168185966073334
        ],
        [
            -0.01543326167816042,
            -0.062189830524144236,
            0.45377786396506037,
            0.17167377822780183,
            0.060698348008045855,
            -0.09319658736351472,
            -0.0699676866805423,
            1.3691118885640423,
            0.03212698172941179,
            0.024277738078379976,
            -0.011518003734480059,
            -0.04852779533156822,
            0.37836092371201424,
            -0.09047996750204246,
            0.018690933272072573,
            -0.00517621395709747,
            -0.026505739786549264,
            -0.049318442557608644,
            0.020006969369861037,
            -0.001869064829707938
        ],
        [
            -0.006501982845038556,
            0.09240916186743692,
            0.19307982403504612,
            -0.40472255710670907,
            -0.2878064216404328,
            0.05684896621999455,
            -0.00014052571162652405,
            0.03212698172941179,
            0.8140328630251175,
            -0.04506530885318143,
            -0.04718126528371003,
            -0.12196128802359751,
            -0.09383824992640158,
            -0.7409163458724921,
            0.1594939205461642,
            -0.324703591906926,
            -0.19023590674645346,
            -0.04847171379319219,
            0.16108541012151334,
            -0.018063886803027132
        ],
        [
            0.01593643065305339,
            0.08877197266526747,
            0.06172653563396316,
            -0.26013213244403516,
            0.4027207046034713,
            0.13277778318259104,
            0.10313318535633316,
            0.024277738078379976,
            -0.04506530885318143,
            1.3508642530481394,
            0.0314366569337019,
            0.07716034713280027,
            0.016598321202090184,
            0.12222947723102007,
            0.36904980871736426,
            0.03577769540260427,
            0.04576126781761534,
            0.006844176937287007,
            -0.034038617915495464,
            -0.04339507222043919
        ],
        [
            -0.3062657535007256,
            -0.3740964384837417,
            0.034035056769081966,
            -0.2712337139384511,
            -0.05177984823850136,
            -0.5529639709347618,
            -0.5289033933388558,
            -0.011518003734480059,
            -0.04718126528371003,
            0.0314366569337019,
            -0.46431732594749864,
            -0.6114861006705545,
            0.0957725304413671,
            -0.026308437785885666,
            -0.016004680145370338,
            -0.5855068193768186,
            -0.5477690644990336,
            -0.00902354975526723,
            0.07611745146709625,
            -0.009218725118099236
        ],
        [
            -0.35306030051109744,
            -0.33061178505429745,
            0.037879903619135964,
            -0.20993503413508363,
            -0.05748370745001572,
            -0.5370176204529558,
            -0.4178346273178788,
            -0.04852779533156822,
            -0.12196128802359751,
            0.07716034713280027,
            -0.6114861006705545,
            -0.4395980542022868,
            0.0750331551998261,
            0.014177858431543622,
            -0.013074200841749088,
            -0.4636644828915968,
            -0.36883913455111306,
            -0.05153156592860413,
            0.23518892501816346,
            -0.020677908561548032
        ],
        [
            0.010651341652634105,
            0.029974124818718653,
            -0.046985720171817486,
            0.028185511896186156,
            0.004987091714848067,
            0.011057846620484368,
            0.0502440361312796,
            0.37836092371201424,
            -0.09383824992640158,
            0.016598321202090184,
            0.0957725304413671,
            0.0750331551998261,
            1.3798728071190667,
            0.03947448211390261,
            -1.2382891652067574e-05,
            0.015730407976892513,
            0.06611122855581762,
            0.3558841752130122,
            0.22348139006987472,
            -0.01642868352554452
        ],
        [
            0.35393024034416887,
            0.2021209338892817,
            -0.04224270519615146,
            0.08689442949274984,
            0.06424794152894597,
            0.08448764232970452,
            0.1429866193105423,
            -0.09047996750204246,
            -0.7409163458724921,
            0.12222947723102007,
            -0.026308437785885666,
            0.014177858431543622,
            0.03947448211390261,
            0.8096963470404925,
            0.05774906484883133,
            -0.017613642336186452,
            -0.09943137743718553,
            0.24199809200251288,
            -0.5610850470743329,
            0.07454198244143043
        ],
        [
            -0.01840640331925133,
            -0.02213996511497835,
            0.004235093117664155,
            -0.034558110245728295,
            -0.05036910270125905,
            0.004571929854234269,
            -0.018390450795560113,
            0.018690933272072573,
            0.1594939205461642,
            0.36904980871736426,
            -0.016004680145370338,
            -0.013074200841749088,
            -1.2382891652067574e-05,
            0.05774906484883133,
            1.3928312045994868,
            -0.006282551929241625,
            -0.0019481626179066076,
            -0.01943569998576504,
            0.08063527013024563,
            0.4084564317205287
        ],
        [
            -0.03065454235968481,
            -0.16347057707000853,
            0.008201083085284683,
            -0.09369916772669887,
            -0.0055884890194239315,
            -0.2591397753793606,
            -0.3206138325873197,
            -0.00517621395709747,
            -0.324703591906926,
            0.03577769540260427,
            -0.5855068193768186,
            -0.4636644828915968,
            0.015730407976892513,
            -0.017613642336186452,
            -0.006282551929241625,
            -0.2744776801606079,
            -0.4710278372098442,
            -0.07026585040481995,
            0.2892799408926334,
            -0.024445608593291073
        ],
        [
            -0.16608835935981425,
            -0.21745191899962635,
            0.01983256938063537,
            -0.13864168559905166,
            -0.02756532591378876,
            -0.35030469827913546,
            -0.3163118413297572,
            -0.026505739786549264,
            -0.19023590674645346,
            0.04576126781761534,
            -0.5477690644990336,
            -0.36883913455111306,
            0.06611122855581762,
            -0.09943137743718553,
            -0.0019481626179066076,
            -0.4710278372098442,
            -0.3136124683632786,
            -0.057089144424831095,
            0.2444842428349889,
            -0.021087097736860034
        ],
        [
            -0.009987720489047256,
            -0.024066624872395033,
            -0.006694279252762607,
            -0.017328556297234697,
            -0.0011393160496171563,
            -0.038270324405053666,
            -0.04213289229782126,
            -0.049318442557608644,
            -0.04847171379319219,
            0.006844176937287007,
            -0.00902354975526723,
            -0.05153156592860413,
            0.3558841752130122,
            0.24199809200251288,
            -0.01943569998576504,
            -0.07026585040481995,
            -0.057089144424831095,
            1.4728423748938912,
            0.06527380620587271,
            -0.005131324936165875
        ],
        [
            0.09046708530410263,
            0.1323320607386026,
            -0.014856436061908139,
            0.12415746595973945,
            0.01022950906184569,
            0.2515271787341857,
            0.19160991604088562,
            0.020006969369861037,
            0.16108541012151334,
            -0.034038617915495464,
            0.07611745146709625,
            0.23518892501816346,
            0.22348139006987472,
            -0.5610850470743329,
            0.08063527013024563,
            0.2892799408926334,
            0.2444842428349889,
            0.06527380620587271,
            1.2140328808401555,
            0.022680334427341388
        ],
        [
            -0.003765211967244627,
            -0.010183849723728608,
            0.00040564161297565026,
            -0.0031133241780706214,
            -0.009004396557019553,
            -0.023971955048097435,
            -0.016168185966073334,
            -0.001869064829707938,
            -0.018063886803027132,
            -0.04339507222043919,
            -0.009218725118099236,
            -0.020677908561548032,
            -0.01642868352554452,
            0.07454198244143043,
            0.4084564317205287,
            -0.024445608593291073,
            -0.021087097736860034,
            -0.005131324936165875,
            0.022680334427341388,
            1.4872418480835028
        ]
    ]
}