{
    "HF": -2.1567458410804723,
    "coordinates": [
        [
            0.806215,
            -0.088676,
            -0.083988
        ],
        [
            1.551897,
            -0.080651,
            0.096287
        ],
        [
            2.309001,
            0.18685,
            0.061903
        ],
        [
            2.966294,
            0.190606,
            -0.151404
        ]
    ],
    "elements": [
        "H",
        "H",
        "H",
        "H"
    ],
    "Enn": 3.0636803231487346,
    "S": [
        [
            0.9999999999999999,
            0.6848602514927513,
            0.0,
            0.0,
            0.0,
            0.5488788524077153,
            0.557478871006199,
            -0.12465978194930007,
            -0.5156375289059382,
            -0.005549270559662362,
            0.11476081931252202,
            0.3008499894370571,
            -0.014422174103713286,
            -0.14855913889563352,
            -0.02723734803448949,
            0.015836270462054346,
            0.13076306750522695,
            0.0006000921714245802,
            -0.019227579470135217,
            -0.002485981693066924
        ],
        [
            0.6848602514927513,
            1.0000000000000002,
            0.0,
            0.0,
            0.0,
            0.557478871006199,
            0.8796609148846413,
            -0.03938420262561457,
            -0.1629071750507475,
            -0.0017532005329111526,
            0.3008499894370571,
            0.5986223840497277,
            -0.016486645983720134,
            -0.16982473744981413,
            -0.031136256666350032,
            0.130763067505227,
            0.35544458012050395,
            0.0031200812442427586,
            -0.0999706593981052,
            -0.012925455827320045
        ],
        [
            0.0,
            0.0,
            1.0000000000000004,
            0.0,
            0.0,
            0.12465978194930002,
            0.039384202625614505,
            0.4264739972263673,
            -0.16255309537194712,
            -0.0017493899415030446,
            0.014422174103713286,
            0.016486645983720138,
            0.044398097831061134,
            -0.02674906311937491,
            -0.004904266053203111,
            -0.0006000921714245802,
            -0.0031200812442427617,
            0.002079158036768593,
            0.0007954394515532392,
            0.00010284435009492329
        ],
        [
            0.0,
            0.0,
            0.0,
            1.0000000000000004,
            0.0,
            0.515637528905938,
            0.16290717505074742,
            -0.16255309537194723,
            -0.20660525390403983,
            -0.0072361036769373124,
            0.14855913889563355,
            0.16982473744981422,
            -0.02674906311937491,
            -0.22854037383238013,
            -0.05051759440286851,
            0.019227579470135227,
            0.09997065939810519,
            0.0007954394515532396,
            -0.02338272652549061,
            -0.003295240312517679
        ],
        [
            0.0,
            0.0,
            0.0,
            0.0,
            1.0000000000000004,
            0.005549270559662362,
            0.001753200532911152,
            -0.0017493899415030514,
            -0.007236103676937337,
            0.46569472340209683,
            0.027237348034489482,
            0.031136256666350035,
            -0.004904266053203111,
            -0.05051759440286851,
            0.03773283534665149,
            0.002485981693066923,
            0.012925455827320024,
            0.00010284435009492329,
            -0.0032952403125176767,
            0.001677933841313404
        ],
        [
            0.5488788524077153,
            0.557478871006199,
            0.12465978194930007,
            0.515637528905938,
            0.005549270559662362,
            0.9999999999999999,
            0.6848602514927513,
            0.0,
            0.0,
            0.0,
            0.5199445211379166,
            0.5464188700557783,
            0.022201398088866064,
            -0.4888543304639611,
            -0.17272266723388086,
            0.138470797300086,
            0.3248535030833828,
            0.03078978918724494,
            -0.17581981362694507,
            -0.033719214043160625
        ],
        [
            0.557478871006199,
            0.8796609148846413,
            0.03938420262561457,
            0.1629071750507475,
            0.0017532005329111526,
            0.6848602514927513,
            1.0000000000000002,
            0.0,
            0.0,
            0.0,
            0.5464188700557783,
            0.868741634954692,
            0.007352798453620272,
            -0.16190184738336816,
            -0.05720337770887266,
            0.3248535030833828,
            0.6280247719476575,
            0.030386241115375082,
            -0.17351542153272898,
            -0.0332772713026848
        ],
        [
            -0.12465978194930002,
            -0.039384202625614505,
            0.4264739972263673,
            -0.16255309537194718,
            -0.001749389941503051,
            0.0,
            0.0,
            1.0000000000000004,
            0.0,
            0.0,
            -0.022201398088866054,
            -0.007352798453620283,
            0.4310357083506976,
            0.029220818779041088,
            0.01032433885465177,
            -0.030789789187244926,
            -0.03038624111537506,
            0.05257669769709154,
            0.05687926624064981,
            0.01090846425907291
        ],
        [
            -0.5156375289059382,
            -0.16290717505074742,
            -0.16255309537194718,
            -0.20660525390403983,
            -0.007236103676937337,
            0.0,
            0.0,
            0.0,
            1.0000000000000004,
            0.0,
            0.4888543304639611,
            0.1619018473833678,
            0.029220818779041084,
            -0.2110527301187663,
            -0.22733242915926805,
            0.17581981362694507,
            0.17351542153272875,
            0.056879266240649796,
            -0.26226183338997056,
            -0.06229091538505614
        ],
        [
            -0.005549270559662362,
            -0.001753200532911152,
            -0.001749389941503045,
            -0.0072361036769373124,
            0.46569472340209683,
            0.0,
            0.0,
            0.0,
            0.0,
            1.0000000000000004,
            0.17272266723388086,
            0.057203377708872655,
            0.010324338854651763,
            -0.2273324291592679,
            0.35204137798177226,
            0.03371921404316062,
            0.03327727130268477,
            0.01090846425907291,
            -0.06229091538505616,
            0.050591141661415984
        ],
        [
            0.11476081931252202,
            0.3008499894370571,
            0.014422174103713286,
            0.14855913889563355,
            0.02723734803448949,
            0.5199445211379166,
            0.5464188700557783,
            -0.022201398088866054,
            0.48885433046396143,
            0.17272266723388086,
            0.9999999999999999,
            0.6848602514927513,
            0.0,
            0.0,
            0.0,
            0.6104240225057719,
            0.5795431596142125,
            0.16869235910335037,
            -0.519815602826529,
            -0.002970406507016584
        ],
        [
            0.3008499894370571,
            0.5986223840497277,
            0.016486645983720134,
            0.16982473744981424,
            0.031136256666350042,
            0.5464188700557783,
            0.868741634954692,
            -0.0073527984536202835,
            0.16190184738336783,
            0.05720337770887266,
            0.6848602514927513,
            1.0000000000000002,
            0.0,
            0.0,
            0.0,
            0.5795431596142125,
            0.9012012689143788,
            0.0485719033924955,
            -0.14967146927463015,
            -0.0008552746470683619
        ],
        [
            -0.014422174103713286,
            -0.01648664598372013,
            0.044398097831061134,
            -0.026749063119374906,
            -0.004904266053203111,
            0.02220139808886606,
            0.007352798453620271,
            0.4310357083506976,
            0.02922081877904109,
            0.010324338854651765,
            0.0,
            0.0,
            1.0000000000000004,
            0.0,
            0.0,
            -0.16869235910335034,
            -0.04857190339249549,
            0.4744487338886141,
            0.19582971547455613,
            0.0011190388629156872
        ],
        [
            -0.14855913889563352,
            -0.16982473744981413,
            -0.026749063119374913,
            -0.22854037383238004,
            -0.05051759440286852,
            -0.4888543304639611,
            -0.16190184738336816,
            0.02922081877904108,
            -0.211052730118766,
            -0.2273324291592679,
            0.0,
            0.0,
            0.0,
            1.0000000000000004,
            0.0,
            0.519815602826529,
            0.14967146927463015,
            0.1958297154745564,
            -0.06543770245638045,
            -0.003448252571750769
        ],
        [
            -0.027237348034489482,
            -0.03113625666635003,
            -0.004904266053203111,
            -0.0505175944028685,
            0.03773283534665149,
            -0.17272266723388086,
            -0.057203377708872655,
            0.010324338854651768,
            -0.22733242915926805,
            0.35204137798177226,
            0.0,
            0.0,
            0.0,
            0.0,
            1.0000000000000004,
            0.0029704065070165838,
            0.0008552746470683618,
            0.0011190388629156872,
            -0.0034482525717507632,
            0.5379803666339372
        ],
        [
            0.015836270462054346,
            0.13076306750522695,
            -0.0006000921714245802,
            0.01922757947013522,
            0.002485981693066924,
            0.138470797300086,
            0.3248535030833828,
            -0.03078978918724494,
            0.17581981362694515,
            0.033719214043160625,
            0.6104240225057719,
            0.5795431596142125,
            -0.16869235910335037,
            0.519815602826529,
            0.002970406507016584,
            0.9999999999999999,
            0.6848602514927513,
            0.0,
            0.0,
            0.0
        ],
        [
            0.130763067505227,
            0.35544458012050395,
            -0.0031200812442427634,
            0.09997065939810525,
            0.01292545582732004,
            0.3248535030833828,
            0.6280247719476575,
            -0.030386241115375082,
            0.17351542153272898,
            0.0332772713026848,
            0.5795431596142125,
            0.9012012689143788,
            -0.048571903392495494,
            0.14967146927463015,
            0.0008552746470683619,
            0.6848602514927513,
            1.0000000000000002,
            0.0,
            0.0,
            0.0
        ],
        [
            0.0006000921714245802,
            0.003120081244242757,
            0.002079158036768593,
            0.0007954394515532392,
            0.00010284435009492329,
            0.030789789187244926,
            0.03038624111537506,
            0.05257669769709154,
            0.056879266240649796,
            0.01090846425907291,
            0.16869235910335034,
            0.048571903392495494,
            0.4744487338886141,
            0.1958297154745564,
            0.0011190388629156872,
            0.0,
            0.0,
            1.0000000000000004,
            0.0,
            0.0
        ],
        [
            -0.019227579470135217,
            -0.09997065939810515,
            0.0007954394515532396,
            -0.02338272652549061,
            -0.003295240312517679,
            -0.17581981362694507,
            -0.17351542153272895,
            0.05687926624064981,
            -0.26226183338997067,
            -0.06229091538505616,
            -0.519815602826529,
            -0.14967146927463015,
            0.19582971547455613,
            -0.06543770245638045,
            -0.0034482525717507632,
            0.0,
            0.0,
            0.0,
            1.0000000000000004,
            0.0
        ],
        [
            -0.002485981693066923,
            -0.01292545582732002,
            0.00010284435009492329,
            -0.0032952403125176767,
            0.001677933841313404,
            -0.03371921404316062,
            -0.03327727130268476,
            0.01090846425907291,
            -0.06229091538505614,
            0.050591141661415984,
            -0.0029704065070165838,
            -0.0008552746470683618,
            0.0011190388629156872,
            -0.003448252571750769,
            0.5379803666339372,
            0.0,
            0.0,
            0.0,
            0.0,
            1.0000000000000004
        ]
    ],
    "h": [
        [
            -0.2640158906351491,
            -0.4661581768857377,
            -0.06779616558677007,
            -0.28132367440871736,
            -0.005581259924447265,
            -0.5752894597101519,
            -0.4601366034662048,
            0.0066102534932782064,
            0.023100838232879006,
            -0.008223305962848516,
            -0.233170998814711,
            -0.307526451758355,
            0.0011776257197734577,
            0.29490866203788957,
            0.07389960569093358,
            -0.022095119733583315,
            -0.1513272325800035,
            -0.00808277982894764,
            0.07748777675319285,
            0.011658000638906785
        ],
        [
            -0.4661581768857377,
            -0.3110740398203755,
            -0.05607590096044714,
            -0.238973638666723,
            -0.006468271034987243,
            -0.5354773646529382,
            -0.36578461475694923,
            0.052725959949132734,
            0.1121975312704454,
            -0.03079183792753931,
            -0.3280099788833828,
            -0.3078662113758691,
            0.008093468499241072,
            0.16786442827741715,
            0.06383936794288626,
            -0.15416299003570327,
            -0.20700169226790055,
            -0.02963810662514766,
            0.1265539837456172,
            0.010468164398706938
        ],
        [
            -0.06779616558677007,
            -0.05607590096044714,
            1.4752098716033952,
            -0.06242131878388742,
            -0.0010302564256093574,
            -0.011744273930750782,
            -0.05079427642409832,
            0.3417158114757908,
            -0.23072392822526155,
            -0.004720029199755891,
            -0.03622047608286086,
            -0.03951430849322578,
            -0.04479048612458049,
            0.04558051665196214,
            0.013118169419334831,
            -0.0030955422399465676,
            -0.019994169935896318,
            -0.007424861266805814,
            0.004443377781580981,
            0.0006619760321577694
        ],
        [
            -0.28132367440871736,
            -0.238973638666723,
            -0.06242131878388742,
            1.223363181873057,
            -0.006259395060328594,
            -0.0687859348889176,
            -0.22731773466429117,
            -0.22178241885013789,
            -0.5793723788960012,
            -0.028535516447208024,
            -0.22958109490994355,
            -0.18093668867487128,
            0.0016638237209985751,
            0.17242055493053488,
            0.06555305356251948,
            -0.07553889901202618,
            -0.12061637273780787,
            -0.011391801180841335,
            0.10293704028207958,
            0.013593696525288211
        ],
        [
            -0.005581259924447265,
            -0.006468271034987243,
            -0.0010302564256093574,
            -0.006259395060328594,
            1.489430415177219,
            -0.00832694669200125,
            -0.008759563440570946,
            -0.001217566254789867,
            -0.01459055095831035,
            0.3934443836265408,
            -0.024159860868887217,
            -0.007118471510687785,
            0.0004058194417269727,
            0.012224352322218274,
            -0.04049049357797746,
            -0.010526467197478248,
            -0.008870054542281437,
            -0.0013877604602637531,
            0.012872805002981897,
            -0.005111341670657899
        ],
        [
            -0.5752894597101519,
            -0.5354773646529382,
            -0.011744273930750782,
            -0.0687859348889176,
            -0.00832694669200125,
            -0.4278518922825638,
            -0.5927146372079835,
            0.07243425316510857,
            0.06271605469240053,
            -0.06722337839743565,
            -0.509294596177861,
            -0.5011230700851268,
            0.019420435312351533,
            0.04960984888328501,
            0.023354125383943214,
            -0.2709677633200316,
            -0.34546045076561643,
            -0.05930017109937814,
            0.24855505778235798,
            0.026396665036043918
        ],
        [
            -0.4601366034662048,
            -0.36578461475694923,
            -0.05079427642409832,
            -0.22731773466429117,
            -0.008759563440570946,
            -0.5927146372079835,
            -0.4317069397527986,
            0.06077038755480159,
            0.01485277228690668,
            -0.06203907123120076,
            -0.5110367946731003,
            -0.4072116651236053,
            0.033790520701165006,
            0.09947731162157714,
            0.06912128633358522,
            -0.33581118669197385,
            -0.3190162832994381,
            -0.05858308913713219,
            0.1987619727685368,
            0.008588951490310068
        ],
        [
            0.0066102534932782064,
            0.052725959949132734,
            0.3417158114757908,
            -0.22178241885013789,
            -0.001217566254789867,
            0.07243425316510857,
            0.06077038755480159,
            1.397626356531607,
            -0.046635882665622956,
            0.003476551760030011,
            0.023896494042698696,
            0.04226652143194082,
            0.3304962708498045,
            0.028347740122180186,
            0.009109313594866244,
            0.028063043486389813,
            0.024160419713428187,
            -0.04199497169393843,
            -0.012086659758919871,
            0.00036218832959276914
        ],
        [
            0.023100838232879006,
            0.1121975312704454,
            -0.23072392822526155,
            -0.5793723788960012,
            -0.01459055095831035,
            0.06271605469240053,
            0.01485277228690668,
            -0.046635882665622956,
            0.888873400460541,
            -0.08708775151818432,
            -0.07603789542781803,
            -0.11520943799298561,
            0.06737013602975503,
            -0.6961172911744161,
            -0.3224103513678697,
            -0.319906969738293,
            -0.17540386759279156,
            -0.05999047617704695,
            0.1353295353456216,
            0.0019874148768154187
        ],
        [
            -0.008223305962848516,
            -0.03079183792753931,
            -0.004720029199755891,
            -0.028535516447208024,
            0.3934443836265408,
            -0.06722337839743565,
            -0.06203907123120076,
            0.003476551760030011,
            -0.08708775151818432,
            1.3851702286718948,
            -0.0269704455340517,
            -0.06955822593047442,
            0.020761668914184878,
            -0.32660354734724384,
            0.2273614192479726,
            -0.08279253375312007,
            -0.06642416381612534,
            -0.018900798760236683,
            0.06297518711989375,
            -0.04357768236221837
        ],
        [
            -0.233170998814711,
            -0.3280099788833828,
            -0.03622047608286086,
            -0.22958109490994355,
            -0.024159860868887217,
            -0.509294596177861,
            -0.5110367946731003,
            0.023896494042698696,
            -0.07603789542781803,
            -0.0269704455340517,
            -0.4809471105200691,
            -0.611086171343349,
            0.08634126246865284,
            -0.10098732471061253,
            0.06800776557767471,
            -0.627968561041712,
            -0.5633560418218491,
            -0.015651927752170447,
            0.06764864994202979,
            0.010672272368065911
        ],
        [
            -0.307526451758355,
            -0.3078662113758691,
            -0.03951430849322578,
            -0.18093668867487128,
            -0.007118471510687785,
            -0.5011230700851268,
            -0.4072116651236053,
            0.04226652143194082,
            -0.11520943799298561,
            -0.06955822593047442,
            -0.611086171343349,
            -0.4308956450567307,
            0.06371123585867387,
            -0.03054503665968393,
            0.0625030464227733,
            -0.48870011702259686,
            -0.371098475011846,
            -0.07512264626391227,
            0.248455639724266,
            0.00999849956144773
        ],
        [
            0.0011776257197734577,
            0.008093468499241072,
            -0.04479048612458049,
            0.0016638237209985751,
            0.0004058194417269727,
            0.019420435312351533,
            0.033790520701165006,
            0.3304962708498045,
            0.06737013602975503,
            0.020761668914184878,
            0.08634126246865284,
            0.06371123585867387,
            1.3690938009135187,
            0.09847314623971842,
            0.003892142754386064,
            0.0030965267708088495,
            0.06397329594988221,
            0.4098556633391679,
            0.28456530427216753,
            0.0007768056145462335
        ],
        [
            0.29490866203788957,
            0.16786442827741715,
            0.04558051665196214,
            0.17242055493053488,
            0.012224352322218274,
            0.04960984888328501,
            0.09947731162157714,
            0.028347740122180186,
            -0.6961172911744161,
            -0.32660354734724384,
            -0.10098732471061253,
            -0.03054503665968393,
            0.09847314623971842,
            0.8636028594429639,
            -0.08367637592257332,
            0.0019067961690401036,
            -0.11382084494283098,
            0.29474330738436116,
            -0.427043387827526,
            -0.011383738251771155
        ],
        [
            0.07389960569093358,
            0.06383936794288626,
            0.013118169419334831,
            0.06555305356251948,
            -0.04049049357797746,
            0.023354125383943214,
            0.06912128633358522,
            0.009109313594866244,
            -0.3224103513678697,
            0.2273614192479726,
            0.06800776557767471,
            0.0625030464227733,
            0.003892142754386064,
            -0.08367637592257332,
            1.3706242587453417,
            0.012695920807355147,
            0.03508170770226384,
            0.00630250852881326,
            -0.028104112328760523,
            0.499041929540496
        ],
        [
            -0.022095119733583315,
            -0.15416299003570327,
            -0.0030955422399465676,
            -0.07553889901202618,
            -0.010526467197478248,
            -0.2709677633200316,
            -0.33581118669197385,
            0.028063043486389813,
            -0.319906969738293,
            -0.08279253375312007,
            -0.627968561041712,
            -0.48870011702259686,
            0.0030965267708088495,
            0.0019067961690401036,
            0.012695920807355147,
            -0.3214805336785045,
            -0.48982422228542966,
            -0.10241791352973335,
            0.31698909174932244,
            0.005523310162805203
        ],
        [
            -0.1513272325800035,
            -0.20700169226790055,
            -0.019994169935896318,
            -0.12061637273780787,
            -0.008870054542281437,
            -0.34546045076561643,
            -0.3190162832994381,
            0.024160419713428187,
            -0.17540386759279156,
            -0.06642416381612534,
            -0.5633560418218491,
            -0.371098475011846,
            0.06397329594988221,
            -0.11382084494283098,
            0.03508170770226384,
            -0.48982422228542966,
            -0.31889587634962124,
            -0.080298895829546,
            0.25528505038269744,
            0.00702304289039013
        ],
        [
            -0.00808277982894764,
            -0.02963810662514766,
            -0.007424861266805814,
            -0.011391801180841335,
            -0.0013877604602637531,
            -0.05930017109937814,
            -0.05858308913713219,
            -0.04199497169393843,
            -0.05999047617704695,
            -0.018900798760236683,
            -0.015651927752170447,
            -0.07512264626391227,
            0.4098556633391679,
            0.29474330738436116,
            0.00630250852881326,
            -0.10241791352973335,
            -0.080298895829546,
            1.4385614785689893,
            0.09268238538966501,
            0.0014601952404151072
        ],
        [
            0.07748777675319285,
            0.1265539837456172,
            0.004443377781580981,
            0.10293704028207958,
            0.012872805002981897,
            0.24855505778235798,
            0.1987619727685368,
            -0.012086659758919871,
            0.1353295353456216,
            0.06297518711989375,
            0.06764864994202979,
            0.248455639724266,
            0.28456530427216753,
            -0.427043387827526,
            -0.028104112328760523,
            0.31698909174932244,
            0.25528505038269744,
            0.09268238538966501,
            1.1729924800119116,
            -0.006686957491724362
        ],
        [
            0.011658000638906785,
            0.010468164398706938,
            0.0006619760321577694,
            0.013593696525288211,
            -0.005111341670657899,
            0.026396665036043918,
            0.008588951490310068,
            0.00036218832959276914,
            0.0019874148768154187,
            -0.04357768236221837,
            0.010672272368065911,
            0.00999849956144773,
            0.0007768056145462335,
            -0.011383738251771155,
            0.499041929540496,
            0.005523310162805203,
            0.00702304289039013,
            0.0014601952404151072,
            -0.006686957491724362,
            1.467132891530168
        ]
    ]
}