{
    "HF": -2.173367429082416,
    "coordinates": [
        [
            0.74524,
            0.125221,
            -0.136513
        ],
        [
            1.56059,
            0.02806,
            0.096627
        ],
        [
            2.381929,
            -0.071398,
            -0.112895
        ],
        [
            3.200495,
            -0.152005,
            0.130499
        ]
    ],
    "elements": [
        "H",
        "H",
        "H",
        "H"
    ],
    "Enn": 2.7115085656384914,
    "S": [
        [
            0.9999999999999999,
            0.6848602514927513,
            0.0,
            0.0,
            0.0,
            0.4812547784980889,
            0.5308644485220735,
            -0.13649589639780021,
            -0.477360938182836,
            0.056884609204369344,
            0.08446641384403696,
            0.2651438291231168,
            -0.0016083721084631242,
            -0.11145757209875536,
            0.013389639918448269,
            0.005003777064727685,
            0.07961533755094773,
            -0.000579388818764818,
            -0.005327653042621354,
            0.0006015521574719315
        ],
        [
            0.6848602514927513,
            1.0000000000000002,
            0.0,
            0.0,
            0.0,
            0.5308644485220735,
            0.8532417157063968,
            -0.04834181740552263,
            -0.1690636562648749,
            0.02014643270540441,
            0.2651438291231168,
            0.5531819129106611,
            -0.002331472874994826,
            -0.16156727954536382,
            0.019409427775789957,
            0.07961533755094773,
            0.26042466708734996,
            -0.00725401639616298,
            -0.06670284491618783,
            0.007531504012713575
        ],
        [
            0.0,
            0.0,
            1.0000000000000004,
            0.0,
            0.0,
            0.13649589639780021,
            0.048341817405522625,
            0.3335751107632318,
            -0.1916683522281798,
            0.02284011623332578,
            0.0016083721084631242,
            0.002331472874994826,
            0.029316805258443185,
            -0.002946371163031694,
            0.0003539539593069475,
            0.0005793888187648178,
            0.007254016396162974,
            0.00026862557978739223,
            -0.0005610475742010726,
            6.334860322266589e-05
        ],
        [
            0.0,
            0.0,
            0.0,
            1.0000000000000004,
            0.0,
            0.47736093818283604,
            0.16906365626487455,
            -0.1916683522281798,
            -0.2819325956867682,
            0.07987770768998101,
            0.11145757209875536,
            0.1615672795453638,
            -0.002946371163031694,
            -0.17481940872201496,
            0.024528433893815264,
            0.005327653042621354,
            0.06670284491618776,
            -0.0005610475742010727,
            -0.004829359633662602,
            0.0005825093059692694
        ],
        [
            0.0,
            0.0,
            0.0,
            0.0,
            1.0000000000000004,
            -0.056884609204369344,
            -0.020146432705404414,
            0.022840116233325786,
            0.07987770768998104,
            0.3788618731126665,
            -0.013389639918448267,
            -0.019409427775789943,
            0.0003539539593069475,
            0.024528433893815264,
            0.02641266846175207,
            -0.0006015521574719316,
            -0.007531504012713575,
            6.334860322266593e-05,
            0.0005825093059692696,
            0.00026386831833224403
        ],
        [
            0.4812547784980889,
            0.5308644485220735,
            0.13649589639780021,
            0.47736093818283615,
            -0.056884609204369344,
            0.9999999999999999,
            0.6848602514927513,
            0.0,
            0.0,
            0.0,
            0.48134484391687227,
            0.5309017390468083,
            0.12269739169575455,
            -0.48098124778304613,
            0.05824322592986111,
            0.08411948879121968,
            0.264692186380241,
            -0.0022951637600942677,
            -0.11111981949685268,
            0.012201188665014606
        ],
        [
            0.5308644485220735,
            0.8532417157063968,
            0.04834181740552263,
            0.16906365626487474,
            -0.020146432705404418,
            0.6848602514927513,
            1.0000000000000002,
            0.0,
            0.0,
            0.0,
            0.5309017390468083,
            0.8532790805552902,
            0.04344785924950205,
            -0.17031825425552802,
            0.020624264684553303,
            0.2646921863802409,
            0.5525928013728167,
            -0.0033376099746023225,
            -0.16158961045702125,
            0.01774287730505335
        ],
        [
            -0.13649589639780021,
            -0.048341817405522625,
            0.3335751107632318,
            -0.1916683522281798,
            0.02284011623332578,
            0.0,
            0.0,
            1.0000000000000004,
            0.0,
            0.0,
            -0.12269739169575455,
            -0.04344785924950205,
            0.34420647990832215,
            0.1735621201248169,
            -0.021017072540539337,
            0.0022951637600942677,
            0.0033376099746023225,
            0.02908660120648522,
            -0.0042070742508378105,
            0.000461945554759032
        ],
        [
            -0.477360938182836,
            -0.16906365626487455,
            -0.1916683522281798,
            -0.2819325956867682,
            0.07987770768998101,
            0.0,
            0.0,
            0.0,
            1.0000000000000004,
            0.0,
            0.48098124778304613,
            0.17031825425552802,
            0.1735621201248169,
            -0.2918922378084463,
            0.08238820430968605,
            0.11111981949685268,
            0.16158961045702125,
            -0.004207074250837807,
            -0.17451102340319374,
            0.022364986566400277
        ],
        [
            0.056884609204369344,
            0.020146432705404407,
            0.022840116233325786,
            0.07987770768998104,
            0.3788618731126665,
            0.0,
            0.0,
            0.0,
            0.0,
            1.0000000000000004,
            -0.058243225929861094,
            -0.020624264684553296,
            -0.02101707254053933,
            0.08238820430968603,
            0.3785052487584061,
            -0.012201188665014604,
            -0.01774287730505335,
            0.0004619455547590316,
            0.022364986566400277,
            0.026717775398249686
        ],
        [
            0.08446641384403696,
            0.2651438291231168,
            0.0016083721084631242,
            0.11145757209875536,
            -0.013389639918448269,
            0.48134484391687227,
            0.5309017390468083,
            -0.12269739169575455,
            0.48098124778304613,
            -0.05824322592986111,
            0.9999999999999999,
            0.6848602514927513,
            0.0,
            0.0,
            0.0,
            0.47804223232671306,
            0.5295308969098286,
            -0.14129600147430815,
            -0.47519701694708383,
            0.04679427919685596
        ],
        [
            0.2651438291231168,
            0.5531819129106611,
            0.002331472874994826,
            0.16156727954536382,
            -0.019409427775789957,
            0.5309017390468083,
            0.8532790805552902,
            -0.04344785924950205,
            0.17031825425552802,
            -0.020624264684553306,
            0.6848602514927513,
            1.0000000000000002,
            0.0,
            0.0,
            0.0,
            0.5295308969098286,
            0.8519048491570186,
            -0.05033264855264238,
            -0.16927530997124973,
            0.016669120035345347
        ],
        [
            -0.0016083721084631242,
            -0.002331472874994826,
            0.029316805258443185,
            -0.002946371163031694,
            0.0003539539593069475,
            0.12269739169575455,
            0.04344785924950205,
            0.34420647990832215,
            0.1735621201248169,
            -0.021017072540539337,
            0.0,
            0.0,
            1.0000000000000004,
            0.0,
            0.0,
            0.14129600147430815,
            0.050332648552642384,
            0.32559160354991745,
            -0.19901924796318404,
            0.01959810756929603
        ],
        [
            -0.11145757209875536,
            -0.1615672795453638,
            -0.002946371163031694,
            -0.17481940872201496,
            0.024528433893815264,
            -0.48098124778304613,
            -0.17031825425552802,
            0.1735621201248169,
            -0.2918922378084463,
            0.08238820430968605,
            0.0,
            0.0,
            0.0,
            1.0000000000000004,
            0.0,
            0.47519701694708383,
            0.169275309971249,
            -0.19901924796318374,
            -0.28455950654285345,
            0.06591101062708347
        ],
        [
            0.013389639918448267,
            0.019409427775789946,
            0.0003539539593069475,
            0.024528433893815264,
            0.02641266846175207,
            0.058243225929861094,
            0.020624264684553303,
            -0.02101707254053933,
            0.08238820430968603,
            0.3785052487584061,
            0.0,
            0.0,
            0.0,
            0.0,
            1.0000000000000004,
            -0.04679427919685594,
            -0.016669120035345344,
            0.019598107569296013,
            0.06591101062708352,
            0.3782778890847844
        ],
        [
            0.005003777064727685,
            0.07961533755094773,
            0.000579388818764818,
            0.005327653042621354,
            -0.0006015521574719315,
            0.08411948879121968,
            0.264692186380241,
            0.0022951637600942703,
            0.11111981949685268,
            -0.012201188665014606,
            0.47804223232671306,
            0.5295308969098286,
            0.14129600147430815,
            0.47519701694708383,
            -0.04679427919685595,
            0.9999999999999999,
            0.6848602514927513,
            0.0,
            0.0,
            0.0
        ],
        [
            0.07961533755094773,
            0.26042466708734996,
            0.00725401639616298,
            0.06670284491618779,
            -0.007531504012713575,
            0.2646921863802409,
            0.5525928013728167,
            0.0033376099746023225,
            0.16158961045702125,
            -0.017742877305053355,
            0.5295308969098286,
            0.8519048491570186,
            0.05033264855264238,
            0.16927530997124907,
            -0.016669120035345347,
            0.6848602514927513,
            1.0000000000000002,
            0.0,
            0.0,
            0.0
        ],
        [
            -0.0005793888187648178,
            -0.007254016396162972,
            0.00026862557978739223,
            -0.0005610475742010726,
            6.334860322266589e-05,
            -0.0022951637600942677,
            -0.0033376099746023225,
            0.02908660120648522,
            -0.004207074250837807,
            0.00046194555475903164,
            -0.14129600147430815,
            -0.050332648552642405,
            0.32559160354991745,
            -0.19901924796318382,
            0.019598107569296024,
            0.0,
            0.0,
            1.0000000000000004,
            0.0,
            0.0
        ],
        [
            -0.005327653042621354,
            -0.06670284491618772,
            -0.0005610475742010727,
            -0.004829359633662602,
            0.0005825093059692694,
            -0.11111981949685268,
            -0.16158961045702125,
            -0.00420707425083781,
            -0.17451102340319374,
            0.022364986566400277,
            -0.47519701694708383,
            -0.169275309971249,
            -0.19901924796318396,
            -0.28455950654285334,
            0.06591101062708352,
            0.0,
            0.0,
            0.0,
            1.0000000000000004,
            0.0
        ],
        [
            0.0006015521574719316,
            0.007531504012713575,
            6.334860322266593e-05,
            0.0005825093059692696,
            0.00026386831833224403,
            0.012201188665014604,
            0.01774287730505335,
            0.00046194555475903196,
            0.022364986566400277,
            0.026717775398249686,
            0.04679427919685595,
            0.016669120035345344,
            0.019598107569296024,
            0.06591101062708347,
            0.3782778890847844,
            0.0,
            0.0,
            0.0,
            0.0,
            1.0000000000000004
        ]
    ],
    "h": [
        [
            -0.21843200078221958,
            -0.4457939996954683,
            -0.06285015924784843,
            -0.2317859282397519,
            0.02769147749156076,
            -0.5262894884501155,
            -0.43561199689597285,
            0.024714420334760484,
            0.04586129115046145,
            -0.005217943773977163,
            -0.1919581726953356,
            -0.27613574305280597,
            -0.02099536934411026,
            0.25704061324575067,
            -0.03056230080646239,
            0.00848803595138408,
            -0.09710914805081203,
            0.002052048385304255,
            0.03428964477034924,
            -0.0038154922301708106
        ],
        [
            -0.4457939996954683,
            -0.3062417361326364,
            -0.05497554601382653,
            -0.2095228369141331,
            0.02504121470161174,
            -0.5028537887016881,
            -0.35985717872791034,
            0.07410736749207973,
            0.10258739650902021,
            -0.011960045895201173,
            -0.2857086229753578,
            -0.2889061631769222,
            -0.041361440736561894,
            0.16714092497014746,
            -0.020560723799215763,
            -0.0969798996580015,
            -0.16322309832084125,
            0.01625899150582648,
            0.08813502268427212,
            -0.009203052315876982
        ],
        [
            -0.06285015924784843,
            -0.05497554601382653,
            1.4743504383130959,
            -0.056977644144112105,
            0.006792076969354211,
            -0.013752371421020149,
            -0.04830606379738564,
            0.2126331851828563,
            -0.2512713203071891,
            0.029970632282070926,
            -0.024873228719866032,
            -0.03732632633119885,
            -0.04391089095856534,
            0.036424389947317504,
            -0.004370803889567752,
            -0.0019296866696455878,
            -0.015635112773755275,
            -0.0006218400706778475,
            0.005436398099310935,
            -0.0006000558786781275
        ],
        [
            -0.2317859282397519,
            -0.2095228369141331,
            -0.056977644144112105,
            1.2774120548189298,
            0.025454387988600266,
            -0.08032175304519429,
            -0.19684575401300902,
            -0.23348395601912136,
            -0.6102799067657264,
            0.10652280172833675,
            -0.19410135980929571,
            -0.15537874312940933,
            -0.026989861500636373,
            0.19870655021817968,
            -0.02865074582584997,
            -0.034321299364906535,
            -0.08848301175370729,
            0.005614832668424125,
            0.0432846419564942,
            -0.0048419875772629075
        ],
        [
            0.02769147749156076,
            0.02504121470161174,
            0.006792076969354211,
            0.025454387988600266,
            1.4876494884504603,
            0.009656347703136794,
            0.02353418024999792,
            0.027802430637795576,
            0.10636019230536464,
            0.2697947006989456,
            0.023226204979447704,
            0.01856155935125201,
            0.003225016857225941,
            -0.02845613799343842,
            -0.03543816217866323,
            0.004009728823853262,
            0.01045825665956325,
            -0.0006544236579971858,
            -0.005149062981889208,
            -0.00053445772277119
        ],
        [
            -0.5262894884501155,
            -0.5028537887016881,
            -0.013752371421020149,
            -0.08032175304519429,
            0.009656347703136794,
            -0.36831192731137197,
            -0.5649377667562994,
            0.10978027893515964,
            0.03745256342957093,
            -0.004037383790839598,
            -0.46554267036727803,
            -0.4712524515747727,
            -0.01929863119872094,
            0.06213669574305691,
            -0.008120799567170142,
            -0.19103435173271666,
            -0.2853208439494998,
            0.026313082844969124,
            0.19325668692718273,
            -0.020318565189390292
        ],
        [
            -0.43561199689597285,
            -0.35985717872791034,
            -0.04830606379738564,
            -0.19684575401300902,
            0.02353418024999792,
            -0.5649377667562994,
            -0.4270763478324875,
            0.09506987869376322,
            0.0072795031390319315,
            -0.0006050211503599587,
            -0.4708437095171396,
            -0.39872876965940596,
            -0.0691957839881506,
            0.11029947234708082,
            -0.015343308266756485,
            -0.27528492938345406,
            -0.28862294059484883,
            0.038748542396304694,
            0.15438184187723075,
            -0.015475267985584254
        ],
        [
            0.024714420334760484,
            0.07410736749207973,
            0.2126331851828563,
            -0.23348395601912136,
            0.027802430637795576,
            0.10978027893515964,
            0.09506987869376322,
            1.3951684750629785,
            -0.010642813438853493,
            0.001159281544586636,
            0.01877287614102327,
            0.06818481091174666,
            0.22070403174616626,
            0.2079584298308383,
            -0.025146693877841013,
            0.020290818090988733,
            0.04091864198848633,
            -0.0438982652271584,
            -0.02597068574311704,
            0.0026624369130129597
        ],
        [
            0.04586129115046145,
            0.10258739650902021,
            -0.2512713203071891,
            -0.6102799067657264,
            0.10636019230536464,
            0.03745256342957093,
            0.0072795031390319315,
            -0.010642813438853493,
            0.9887828802420171,
            0.052054969034842635,
            -0.06160270736604789,
            -0.10975545550006838,
            0.2075424996933118,
            -0.7214815374397804,
            0.11914458036056677,
            -0.2563234966250242,
            -0.16691521450317975,
            0.038326153023689184,
            0.19833138700104408,
            -0.024628105010532232
        ],
        [
            -0.005217943773977163,
            -0.011960045895201173,
            0.029970632282070926,
            0.10652280172833675,
            0.2697947006989456,
            -0.004037383790839598,
            -0.0006050211503599587,
            0.001159281544586636,
            0.052054969034842635,
            1.4182507603165506,
            0.007007125347889373,
            0.013121680508381084,
            -0.025242528212927863,
            0.12017997275212361,
            0.26094772482636325,
            0.029589411873333065,
            0.019823987378526645,
            -0.00447747545120227,
            -0.027291333654229366,
            -0.035890752638569216
        ],
        [
            -0.1919581726953356,
            -0.2857086229753578,
            -0.024873228719866032,
            -0.19410135980929571,
            0.023226204979447704,
            -0.46554267036727803,
            -0.4708437095171396,
            0.01877287614102327,
            -0.06160270736604789,
            0.007007125347889373,
            -0.3660997874149814,
            -0.5638729344457676,
            -0.11153376647043024,
            -0.03528675426647576,
            -0.0005918717760656882,
            -0.5239709478031693,
            -0.5014972186594797,
            0.014799092087687787,
            0.08093937250363792,
            -0.008299303596984206
        ],
        [
            -0.27613574305280597,
            -0.2889061631769222,
            -0.03732632633119885,
            -0.15537874312940933,
            0.01856155935125201,
            -0.4712524515747727,
            -0.39872876965940596,
            0.06818481091174666,
            -0.10975545550006838,
            0.013121680508381084,
            -0.5638729344457676,
            -0.4267861481576638,
            -0.09679756119753705,
            -0.006089163374216888,
            -0.0033571953388024083,
            -0.43434705256661754,
            -0.3596288043441631,
            0.050073768157117296,
            0.19541409916021468,
            -0.019524461485943563
        ],
        [
            -0.02099536934411026,
            -0.041361440736561894,
            -0.04391089095856534,
            -0.026989861500636373,
            0.003225016857225941,
            -0.01929863119872094,
            -0.0691957839881506,
            0.22070403174616626,
            0.2075424996933118,
            -0.025242528212927863,
            -0.11153376647043024,
            -0.09679756119753705,
            1.394512387963222,
            -0.012197124366655546,
            0.00011881902886002184,
            -0.025436293914711833,
            -0.0756654571867709,
            0.20243000116181342,
            -0.24199281817707807,
            0.023709818860770865
        ],
        [
            0.25704061324575067,
            0.16714092497014746,
            0.036424389947317504,
            0.19870655021817968,
            -0.02845613799343842,
            0.06213669574305691,
            0.11029947234708082,
            0.2079584298308383,
            -0.7214815374397804,
            0.12017997275212361,
            -0.03528675426647576,
            -0.006089163374216888,
            -0.012197124366655546,
            0.9916678863356154,
            0.04770498669436039,
            -0.046941492245864525,
            -0.10161691770002929,
            -0.25993817528593377,
            -0.6103768093039511,
            0.08764366649867628
        ],
        [
            -0.03056230080646239,
            -0.020560723799215763,
            -0.004370803889567752,
            -0.02865074582584997,
            -0.03543816217866323,
            -0.008120799567170142,
            -0.015343308266756485,
            -0.025146693877841013,
            0.11914458036056677,
            0.26094772482636325,
            -0.0005918717760656882,
            -0.0033571953388024083,
            0.00011881902886002184,
            0.04770498669436039,
            1.419636616308054,
            0.00435330345736383,
            0.008248576605654558,
            0.02566464561726662,
            0.08828183577556299,
            0.26883161577665293
        ],
        [
            0.00848803595138408,
            -0.0969798996580015,
            -0.0019296866696455878,
            -0.034321299364906535,
            0.004009728823853262,
            -0.19103435173271666,
            -0.27528492938345406,
            0.020290818090988733,
            -0.2563234966250242,
            0.029589411873333065,
            -0.5239709478031693,
            -0.43434705256661754,
            -0.025436293914711833,
            -0.046941492245864525,
            0.00435330345736383,
            -0.21622553598846483,
            -0.4447528806194081,
            0.06485613392885435,
            0.22961106063977468,
            -0.022693613697187275
        ],
        [
            -0.09710914805081203,
            -0.16322309832084125,
            -0.015635112773755275,
            -0.08848301175370729,
            0.01045825665956325,
            -0.2853208439494998,
            -0.28862294059484883,
            0.04091864198848633,
            -0.16691521450317975,
            0.019823987378526645,
            -0.5014972186594797,
            -0.3596288043441631,
            -0.0756654571867709,
            -0.10161691770002929,
            0.008248576605654558,
            -0.4447528806194081,
            -0.3059471185311997,
            0.05696212557442815,
            0.20819212235912626,
            -0.020649303234084187
        ],
        [
            0.002052048385304255,
            0.01625899150582648,
            -0.0006218400706778475,
            0.005614832668424125,
            -0.0006544236579971858,
            0.026313082844969124,
            0.038748542396304694,
            -0.0438982652271584,
            0.038326153023689184,
            -0.00447747545120227,
            0.014799092087687787,
            0.050073768157117296,
            0.20243000116181342,
            -0.25993817528593377,
            0.02566464561726662,
            0.06485613392885435,
            0.05696212557442815,
            1.4738314031154547,
            -0.058660192816181775,
            0.005772918819515583
        ],
        [
            0.03428964477034924,
            0.08813502268427212,
            0.005436398099310935,
            0.0432846419564942,
            -0.005149062981889208,
            0.19325668692718273,
            0.15438184187723075,
            -0.02597068574311704,
            0.19833138700104408,
            -0.027291333654229366,
            0.08093937250363792,
            0.19541409916021468,
            -0.24199281817707807,
            -0.6103768093039511,
            0.08828183577556299,
            0.22961106063977468,
            0.20819212235912626,
            -0.058660192816181775,
            1.2804537131214127,
            0.020902889041123418
        ],
        [
            -0.0038154922301708106,
            -0.009203052315876982,
            -0.0006000558786781275,
            -0.0048419875772629075,
            -0.00053445772277119,
            -0.020318565189390292,
            -0.015475267985584254,
            0.0026624369130129597,
            -0.024628105010532232,
            -0.035890752638569216,
            -0.008299303596984206,
            -0.019524461485943563,
            0.023709818860770865,
            0.08764366649867628,
            0.26883161577665293,
            -0.022693613697187275,
            -0.020649303234084187,
            0.005772918819515583,
            0.020902889041123418,
            1.4892217042866094
        ]
    ]
}