{
    "HF": -2.1319215662676543,
    "coordinates": [
        [
            0.800853,
            -0.069541,
            0.114719
        ],
        [
            1.529483,
            -0.111455,
            0.007144
        ],
        [
            2.238751,
            -0.008034,
            0.043274
        ],
        [
            2.961551,
            -0.136428,
            -0.08977
        ]
    ],
    "elements": [
        "H",
        "H",
        "H",
        "H"
    ],
    "Enn": 3.1435018526506875,
    "S": [
        [
            0.9999999999999999,
            0.6848602514927513,
            0.0,
            0.0,
            0.0,
            0.5725540017942079,
            0.5661919496410929,
            0.07846794755915332,
            -0.5314812979783953,
            0.030573140171920525,
            0.14565566908666394,
            0.33160935515508494,
            0.009447645038671092,
            -0.19014276584526682,
            -0.008133477547673636,
            0.016274036338013297,
            0.13229893180563662,
            0.0018818266650138253,
            -0.019883999195272326,
            0.0006155330611562467
        ],
        [
            0.6848602514927513,
            1.0000000000000002,
            0.0,
            0.0,
            0.0,
            0.5661919496410929,
            0.8882051833026765,
            0.02389392125376454,
            -0.16183897599935332,
            0.009309689197585751,
            0.33160935515508494,
            0.6361500528584204,
            0.008959828610843679,
            -0.18032500020820091,
            -0.0077135163883709406,
            0.1322989318056366,
            0.35805408887342766,
            0.009583262178657733,
            -0.10125989868844493,
            0.0031346217026044405
        ],
        [
            0.0,
            0.0,
            1.0000000000000004,
            0.0,
            0.0,
            -0.07846794755915329,
            -0.02389392125376451,
            0.47856623478260396,
            0.10040156405361628,
            -0.005775539239042139,
            -0.00944764503867109,
            -0.008959828610843669,
            0.06662152551428382,
            0.018006956196950988,
            0.0007702589855510368,
            -0.0018818266650138236,
            -0.009583262178657726,
            0.0019591354686035313,
            0.002520976429580333,
            -7.80398512172176e-05
        ],
        [
            0.0,
            0.0,
            0.0,
            1.0000000000000004,
            0.0,
            0.5314812979783949,
            0.16183897599935343,
            0.1004015640536163,
            -0.1866531520275965,
            0.03911904397623308,
            0.1901427658452667,
            0.18032500020820055,
            0.018006956196950995,
            -0.2948907354428932,
            -0.015502188463935404,
            0.0198839991952723,
            0.1012598986884448,
            0.0025209764295803317,
            -0.024439744419488235,
            0.0008245947236542777
        ],
        [
            0.0,
            0.0,
            0.0,
            0.0,
            1.0000000000000004,
            -0.030573140171920525,
            -0.009309689197585748,
            -0.005775539239042135,
            0.03911904397623304,
            0.4911392315626541,
            0.008133477547673634,
            0.007713516388370937,
            0.0007702589855510368,
            -0.015502188463935399,
            0.0668531232212421,
            -0.0006155330611562458,
            -0.00313462170260444,
            -7.80398512172176e-05,
            0.000824594723654278,
            0.002172194990030121
        ],
        [
            0.5725540017942079,
            0.5661919496410929,
            -0.07846794755915332,
            0.531481297978395,
            -0.030573140171920525,
            0.9999999999999999,
            0.6848602514927513,
            0.0,
            0.0,
            0.0,
            0.5887674299092743,
            0.5719936370995873,
            -0.02730030131934606,
            -0.5359321925316896,
            -0.07814626246189008,
            0.1476195504688269,
            0.33341913153365876,
            0.013027255812710229,
            -0.19249970259401442,
            0.0033568902264978504
        ],
        [
            0.5661919496410929,
            0.8882051833026765,
            -0.023893921253764543,
            0.1618389759993535,
            -0.009309689197585728,
            0.6848602514927513,
            1.0000000000000002,
            0.0,
            0.0,
            0.0,
            0.5719936370995873,
            0.8938667276216581,
            -0.00811278392609168,
            -0.1592620545167781,
            -0.023222591376150778,
            0.33341913153365876,
            0.638315987807219,
            0.012224819279164972,
            -0.18064234780811084,
            0.0031501167205830695
        ],
        [
            0.07846794755915329,
            0.02389392125376452,
            0.47856623478260396,
            0.1004015640536163,
            -0.005775539239042135,
            0.0,
            0.0,
            1.0000000000000004,
            0.0,
            0.0,
            0.027300301319346052,
            0.008112783926091674,
            0.5106923318390058,
            -0.03409134387303512,
            -0.004970985402828217,
            -0.013027255812710229,
            -0.012224819279164972,
            0.06721768964767512,
            0.02482486966831264,
            -0.00043290644733823464
        ],
        [
            -0.5314812979783952,
            -0.16183897599935326,
            0.10040156405361628,
            -0.1866531520275965,
            0.03911904397623304,
            0.0,
            0.0,
            0.0,
            1.0000000000000004,
            0.0,
            0.5359321925316896,
            0.15926205451677802,
            -0.03409134387303511,
            -0.15681820374791622,
            -0.09758541031533809,
            0.19249970259401442,
            0.18064234780811042,
            0.02482486966831264,
            -0.29793167701784923,
            0.0063969237698038575
        ],
        [
            0.03057314017192052,
            0.009309689197585748,
            -0.005775539239042139,
            0.03911904397623308,
            0.4911392315626541,
            0.0,
            0.0,
            0.0,
            0.0,
            1.0000000000000004,
            0.07814626246189008,
            0.023222591376150757,
            -0.004970985402828217,
            -0.0975854103153381,
            0.49819964858515836,
            -0.0033568902264978504,
            -0.0031501167205830564,
            -0.00043290644733823513,
            0.006396923769803864,
            0.06878613963868918
        ],
        [
            0.14565566908666394,
            0.33160935515508494,
            -0.00944764503867109,
            0.19014276584526688,
            0.008133477547673636,
            0.5887674299092743,
            0.5719936370995873,
            0.02730030131934606,
            0.5359321925316896,
            0.07814626246189008,
            0.9999999999999999,
            0.6848602514927513,
            0.0,
            0.0,
            0.0,
            0.5658232311200938,
            0.5637445241375809,
            0.09560595909450031,
            -0.5194070174792162,
            0.09226445019677156
        ],
        [
            0.33160935515508494,
            0.6361500528584204,
            -0.008959828610843672,
            0.1803250002082008,
            0.0077135163883709406,
            0.5719936370995873,
            0.8938667276216581,
            0.008112783926091676,
            0.1592620545167781,
            0.02322259137615079,
            0.6848602514927513,
            1.0000000000000002,
            0.0,
            0.0,
            0.0,
            0.5637445241375809,
            0.8858102601907742,
            0.02941461536698797,
            -0.15980340328957995,
            0.028386549753683384
        ],
        [
            0.009447645038671092,
            0.008959828610843662,
            0.06662152551428382,
            0.018006956196950988,
            0.0007702589855510366,
            -0.027300301319346056,
            -0.008112783926091676,
            0.5106923318390058,
            -0.03409134387303512,
            -0.004970985402828217,
            0.0,
            0.0,
            1.0000000000000004,
            0.0,
            0.0,
            -0.09560595909450031,
            -0.029414615366987952,
            0.46320341130837606,
            0.1212126617553873,
            -0.021531514241036505
        ],
        [
            -0.19014276584526676,
            -0.18032500020820044,
            0.018006956196950995,
            -0.2948907354428933,
            -0.015502188463935402,
            -0.5359321925316896,
            -0.15926205451677802,
            -0.03409134387303511,
            -0.15681820374791622,
            -0.09758541031533809,
            0.0,
            0.0,
            0.0,
            1.0000000000000004,
            0.0,
            0.5194070174792162,
            0.15980340328957993,
            0.12121266175538706,
            -0.17300810915485,
            0.1169761770047591
        ],
        [
            -0.008133477547673634,
            -0.0077135163883709345,
            0.0007702589855510371,
            -0.015502188463935402,
            0.0668531232212421,
            -0.07814626246189008,
            -0.023222591376150764,
            -0.004970985402828217,
            -0.0975854103153381,
            0.49819964858515836,
            0.0,
            0.0,
            0.0,
            0.0,
            1.0000000000000004,
            -0.09226445019677154,
            -0.028386549753683373,
            -0.021531514241036498,
            0.11697617700475928,
            0.4647357551105824
        ],
        [
            0.016274036338013297,
            0.13229893180563662,
            -0.0018818266650138253,
            0.019883999195272326,
            -0.0006155330611562467,
            0.1476195504688269,
            0.33341913153365876,
            -0.013027255812710229,
            0.19249970259401442,
            -0.0033568902264978504,
            0.5658232311200938,
            0.5637445241375809,
            -0.09560595909450031,
            0.5194070174792162,
            -0.09226445019677154,
            0.9999999999999999,
            0.6848602514927513,
            0.0,
            0.0,
            0.0
        ],
        [
            0.1322989318056366,
            0.35805408887342766,
            -0.009583262178657733,
            0.1012598986884449,
            -0.0031346217026044405,
            0.33341913153365876,
            0.638315987807219,
            -0.012224819279164974,
            0.18064234780811064,
            -0.0031501167205830564,
            0.5637445241375809,
            0.8858102601907742,
            -0.029414615366987956,
            0.15980340328957995,
            -0.028386549753683373,
            0.6848602514927513,
            1.0000000000000002,
            0.0,
            0.0,
            0.0
        ],
        [
            0.0018818266650138236,
            0.009583262178657726,
            0.0019591354686035313,
            0.002520976429580333,
            -7.80398512172176e-05,
            0.013027255812710229,
            0.012224819279164972,
            0.06721768964767512,
            0.02482486966831264,
            -0.00043290644733823513,
            0.09560595909450031,
            0.029414615366987962,
            0.46320341130837606,
            0.12121266175538714,
            -0.021531514241036505,
            0.0,
            0.0,
            1.0000000000000004,
            0.0,
            0.0
        ],
        [
            -0.019883999195272298,
            -0.10125989868844476,
            0.0025209764295803317,
            -0.024439744419488235,
            0.0008245947236542777,
            -0.19249970259401442,
            -0.18064234780811042,
            0.02482486966831264,
            -0.29793167701784923,
            0.006396923769803864,
            -0.5194070174792162,
            -0.15980340328957993,
            0.12121266175538722,
            -0.17300810915485015,
            0.11697617700475924,
            0.0,
            0.0,
            0.0,
            1.0000000000000004,
            0.0
        ],
        [
            0.0006155330611562458,
            0.00313462170260444,
            -7.80398512172176e-05,
            0.000824594723654278,
            0.002172194990030121,
            0.0033568902264978456,
            0.0031501167205830695,
            -0.00043290644733823464,
            0.0063969237698038575,
            0.06878613963868918,
            0.09226445019677156,
            0.02838654975368338,
            -0.0215315142410365,
            0.11697617700475914,
            0.4647357551105824,
            0.0,
            0.0,
            0.0,
            0.0,
            1.0000000000000004
        ]
    ],
    "h": [
        [
            -0.28912547809647804,
            -0.47692343250866664,
            0.04277740504863746,
            -0.3052740472187528,
            0.01484297663192433,
            -0.6011653790069207,
            -0.47048265667726175,
            -0.010034014899917454,
            0.010925197384724195,
            -0.010389075124957299,
            -0.2864644689857294,
            -0.3341322316019314,
            -0.0035246691929937297,
            0.34717098295834614,
            0.027046120903651917,
            -0.022932963987236613,
            -0.15487695797881132,
            -0.007759862235673933,
            0.08525059916979852,
            -0.003210153592557507
        ],
        [
            -0.47692343250866664,
            -0.31628253892790803,
            0.03452866455928741,
            -0.25586797064640154,
            0.011098199978277825,
            -0.5597769551068958,
            -0.37076534260168903,
            -0.03808268435216923,
            0.09975053235544068,
            -0.02987581413285661,
            -0.3663093869179376,
            -0.3220920686636515,
            0.012685506326029569,
            0.20720146201247458,
            0.03510626457686953,
            -0.15435378521242354,
            -0.21020420952464536,
            -0.018015376600265802,
            0.13346859311519418,
            -0.014271985117489139
        ],
        [
            0.04277740504863746,
            0.03452866455928741,
            1.4722397793352628,
            0.04108301995304034,
            -0.0022132156477857787,
            0.006498634737082065,
            0.03179468307410117,
            0.4118634260344409,
            0.14691124498285363,
            -0.0072501787163095025,
            0.026824721665153543,
            0.02659349288195305,
            -0.04781154139738958,
            -0.030283176539621405,
            -0.0035513127219953568,
            0.006894683474828212,
            0.014882062934399223,
            -0.005724746688705553,
            -0.011683441970865328,
            0.0005332630370566973
        ],
        [
            -0.3052740472187528,
            -0.25586797064640154,
            0.04108301995304034,
            1.1792733101320452,
            0.01393638548050346,
            -0.08803115027550212,
            -0.249441758190159,
            0.1351164224636839,
            -0.5857158872869127,
            0.042846713478395526,
            -0.2748768030712593,
            -0.20717193523910515,
            0.010263323861388264,
            0.1517449318500641,
            0.029537515947378343,
            -0.085327818356564,
            -0.13539266678062956,
            -0.012896568895412857,
            0.11606604126302274,
            -0.006672344972454469
        ],
        [
            0.01484297663192433,
            0.011098199978277825,
            -0.0022132156477857787,
            0.01393638548050346,
            1.4772077294414083,
            -0.0018600011211282325,
            0.008985776833441404,
            -0.008432477141264914,
            0.05541216227474495,
            0.4290024055337952,
            0.001892621603597256,
            0.007790633775263991,
            0.0002024644286791645,
            -0.012088654588043268,
            -0.04797276354175456,
            0.00026072710637430095,
            0.003051809508263709,
            0.00017719095206789786,
            -0.0025261456651744026,
            -0.0068688801363387415
        ],
        [
            -0.6011653790069207,
            -0.5597769551068958,
            0.006498634737082065,
            -0.08803115027550212,
            -0.0018600011211282325,
            -0.5010820823742599,
            -0.625877809916316,
            -0.05401633156143626,
            0.021066565188211206,
            -0.05318746418583163,
            -0.5781655500947638,
            -0.547067960038718,
            0.006507094471620518,
            0.05507698921393267,
            0.015986996051872482,
            -0.2872430687214182,
            -0.3677240804611637,
            -0.033583046166839034,
            0.27163345104485037,
            -0.025514529045626337
        ],
        [
            -0.47048265667726175,
            -0.37076534260168903,
            0.03179468307410117,
            -0.249441758190159,
            0.008985776833441404,
            -0.625877809916316,
            -0.4415647182240863,
            -0.04030763581093929,
            -0.014528167009401016,
            -0.04169797116650442,
            -0.54616639974384,
            -0.42166190374340995,
            0.029560109033923688,
            0.14146913624156054,
            0.053235199212452344,
            -0.33424614528924274,
            -0.322894313766555,
            -0.03275087567792616,
            0.20350231339900615,
            -0.029704596952486038
        ],
        [
            -0.010034014899917454,
            -0.03808268435216923,
            0.4118634260344409,
            0.1351164224636839,
            -0.008432477141264914,
            -0.05401633156143626,
            -0.04030763581093929,
            1.3799627823850822,
            0.03239557805718246,
            -0.004351501983294245,
            -0.0032788403428829146,
            -0.024659157802724156,
            0.44357711301025193,
            -0.0289589749671878,
            -0.006905361797309951,
            0.005590223150677167,
            -0.010615177256240251,
            -0.0473848373698576,
            0.010304968301969128,
            -0.0002796362525803785
        ],
        [
            0.010925197384724195,
            0.09975053235544068,
            0.14691124498285363,
            -0.5857158872869127,
            0.05541216227474495,
            0.021066565188211206,
            -0.014528167009401016,
            0.03239557805718246,
            0.7625366416717627,
            -0.02298917943336702,
            -0.055217452353476526,
            -0.14038658854253871,
            -0.02607405805248239,
            -0.7090112175006043,
            -0.12566670744566985,
            -0.34636132224127913,
            -0.20697177573338918,
            -0.03666875382866404,
            0.1404243101245849,
            -0.03656936047332275
        ],
        [
            -0.010389075124957299,
            -0.02987581413285661,
            -0.0072501787163095025,
            0.042846713478395526,
            0.4290024055337952,
            -0.05318746418583163,
            -0.04169797116650442,
            -0.004351501983294245,
            -0.02298917943336702,
            1.3804242847320602,
            -0.005133477001753289,
            -0.036189927820532666,
            -0.006747857101800505,
            -0.13533896066804973,
            0.4279207349424812,
            -0.020117494871697394,
            -0.027919240933505476,
            -0.003877187192762892,
            0.027976572563414546,
            -0.049819629240946045
        ],
        [
            -0.2864644689857294,
            -0.3663093869179376,
            0.026824721665153543,
            -0.2748768030712593,
            0.001892621603597256,
            -0.5781655500947638,
            -0.54616639974384,
            -0.0032788403428829146,
            -0.055217452353476526,
            -0.005133477001753289,
            -0.4955758612040402,
            -0.623103974795334,
            0.06257384999175497,
            -0.012800356820886205,
            0.0852506726845542,
            -0.5975071514533141,
            -0.5576373364214853,
            -0.009135792459876307,
            0.0902260747709388,
            -0.005976696309497209
        ],
        [
            -0.3341322316019314,
            -0.3220920686636515,
            0.02659349288195305,
            -0.20717193523910515,
            0.007790633775263991,
            -0.547067960038718,
            -0.42166190374340995,
            -0.024659157802724156,
            -0.14038658854253871,
            -0.036189927820532666,
            -0.623103974795334,
            -0.4403538075880744,
            0.04743213525937709,
            0.018948478873185987,
            0.0674780834858236,
            -0.4689101347828012,
            -0.37116960726001813,
            -0.03916498596037986,
            0.2443311008388358,
            -0.035589594635046864
        ],
        [
            -0.0035246691929937297,
            0.012685506326029569,
            -0.04781154139738958,
            0.010263323861388264,
            0.0002024644286791645,
            0.006507094471620518,
            0.029560109033923688,
            0.44357711301025193,
            -0.02607405805248239,
            -0.006747857101800505,
            0.06257384999175497,
            0.04743213525937709,
            1.3780342901623495,
            0.03924433754490924,
            -0.010459342692295592,
            0.011230208442440603,
            0.04475981388523856,
            0.3891619546001506,
            0.1628239485074109,
            -0.029997409959892828
        ],
        [
            0.34717098295834614,
            0.20720146201247458,
            -0.030283176539621405,
            0.1517449318500641,
            -0.012088654588043268,
            0.05507698921393267,
            0.14146913624156054,
            -0.0289589749671878,
            -0.7090112175006043,
            -0.13533896066804973,
            -0.012800356820886205,
            0.018948478873185987,
            0.03924433754490924,
            0.7796928661223974,
            0.006043869681605221,
            -0.01224948333807796,
            -0.09414925878601493,
            0.17632338764249098,
            -0.5617733715016888,
            0.16807612475028738
        ],
        [
            0.027046120903651917,
            0.03510626457686953,
            -0.0035513127219953568,
            0.029537515947378343,
            -0.04797276354175456,
            0.015986996051872482,
            0.053235199212452344,
            -0.006905361797309951,
            -0.12566670744566985,
            0.4279207349424812,
            0.0852506726845542,
            0.0674780834858236,
            -0.010459342692295592,
            0.006043869681605221,
            1.3739237301580443,
            0.013565977049090183,
            0.05427572683314801,
            -0.029057571656857704,
            0.14991271438638237,
            0.3913171558856595
        ],
        [
            -0.022932963987236613,
            -0.15435378521242354,
            0.006894683474828212,
            -0.085327818356564,
            0.00026072710637430095,
            -0.2872430687214182,
            -0.33424614528924274,
            0.005590223150677167,
            -0.34636132224127913,
            -0.020117494871697394,
            -0.5975071514533141,
            -0.4689101347828012,
            0.011230208442440603,
            -0.01224948333807796,
            0.013565977049090183,
            -0.28463291656795664,
            -0.47531549250120864,
            -0.05206664204115562,
            0.2961398335866005,
            -0.04956216646992484
        ],
        [
            -0.15487695797881132,
            -0.21020420952464536,
            0.014882062934399223,
            -0.13539266678062956,
            0.003051809508263709,
            -0.3677240804611637,
            -0.322894313766555,
            -0.010615177256240251,
            -0.20697177573338918,
            -0.027919240933505476,
            -0.5576373364214853,
            -0.37116960726001813,
            0.04475981388523856,
            -0.09414925878601493,
            0.05427572683314801,
            -0.47531549250120864,
            -0.3166506141448233,
            -0.04243076708878781,
            0.2502433578790756,
            -0.039710341256421755
        ],
        [
            -0.007759862235673933,
            -0.018015376600265802,
            -0.005724746688705553,
            -0.012896568895412857,
            0.00017719095206789786,
            -0.033583046166839034,
            -0.03275087567792616,
            -0.0473848373698576,
            -0.03666875382866404,
            -0.003877187192762892,
            -0.009135792459876307,
            -0.03916498596037986,
            0.3891619546001506,
            0.17632338764249098,
            -0.029057571656857704,
            -0.05206664204115562,
            -0.04243076708878781,
            1.4696924913726928,
            0.0490105196091768,
            -0.008421297738551064
        ],
        [
            0.08525059916979852,
            0.13346859311519418,
            -0.011683441970865328,
            0.11606604126302274,
            -0.0025261456651744026,
            0.27163345104485037,
            0.20350231339900615,
            0.010304968301969128,
            0.1404243101245849,
            0.027976572563414546,
            0.0902260747709388,
            0.2443311008388358,
            0.1628239485074109,
            -0.5617733715016888,
            0.14991271438638237,
            0.2961398335866005,
            0.2502433578790756,
            0.0490105196091768,
            1.1930101576284384,
            0.045960807604880034
        ],
        [
            -0.003210153592557507,
            -0.014271985117489139,
            0.0005332630370566973,
            -0.006672344972454469,
            -0.0068688801363387415,
            -0.025514529045626337,
            -0.029704596952486038,
            -0.0002796362525803785,
            -0.03656936047332275,
            -0.049819629240946045,
            -0.005976696309497209,
            -0.035589594635046864,
            -0.029997409959892828,
            0.16807612475028738,
            0.3913171558856595,
            -0.04956216646992484,
            -0.039710341256421755,
            -0.008421297738551064,
            0.045960807604880034,
            1.4703734497316467
        ]
    ]
}