{
    "HF": -2.151834792730203,
    "coordinates": [
        [
            0.765059,
            -0.091478,
            0.184668
        ],
        [
            1.496522,
            0.114406,
            -0.15408
        ],
        [
            2.277768,
            0.140629,
            -0.092285
        ],
        [
            2.973174,
            0.107474,
            -0.153283
        ]
    ],
    "elements": [
        "H",
        "H",
        "H",
        "H"
    ],
    "Enn": 3.0026783012852056,
    "S": [
        [
            0.9999999999999999,
            0.6848602514927513,
            0.0,
            0.0,
            0.0,
            0.497884054400073,
            0.5376622595862701,
            0.20704276129594976,
            -0.4470701503944503,
            -0.1258362908907368,
            0.10875327119957764,
            0.2942825001741983,
            0.025643382684462146,
            -0.14006338901268467,
            -0.021491042251726666,
            0.012609186422064338,
            0.11858850110403601,
            0.0022772407908372367,
            -0.014879108358488548,
            -0.001340613313227805
        ],
        [
            0.6848602514927513,
            1.0000000000000002,
            0.0,
            0.0,
            0.0,
            0.5376622595862701,
            0.8600366734954926,
            0.07120043568284114,
            -0.15374403475704065,
            -0.043274146268394396,
            0.2942825001741983,
            0.5904245775461828,
            0.030567077598501476,
            -0.16695646332392716,
            -0.025617461013801558,
            0.11858850110403599,
            0.334333934461159,
            0.014083677798818271,
            -0.09202038225286391,
            -0.008291071384403343
        ],
        [
            0.0,
            0.0,
            1.0000000000000004,
            0.0,
            0.0,
            -0.20704276129594967,
            -0.07120043568284112,
            0.2858762733366477,
            0.2619309406713661,
            0.07372538295058469,
            -0.025643382684462143,
            -0.030567077598501483,
            0.03466771426573633,
            0.04708240965985748,
            0.007224229418163401,
            -0.0022772407908372367,
            -0.01408367779881828,
            0.0010276408735085986,
            0.0028300305552826136,
            0.00025498682769447536
        ],
        [
            0.0,
            0.0,
            0.0,
            1.0000000000000004,
            0.0,
            0.4470701503944503,
            0.1537440347570406,
            0.26193094067136596,
            -0.1584117439556803,
            -0.15919618651382003,
            0.1400633890126846,
            0.16695646332392705,
            0.04708240965985748,
            -0.21387495700241882,
            -0.03945852494437879,
            0.014879108358488548,
            0.09202038225286391,
            0.0028300305552826127,
            -0.01703016794806018,
            -0.001666041050432123
        ],
        [
            0.0,
            0.0,
            0.0,
            0.0,
            1.0000000000000004,
            0.12583629089073678,
            0.043274146268394376,
            0.07372538295058471,
            -0.15919618651382011,
            0.36237041538666603,
            0.021491042251726662,
            0.025617461013801555,
            0.007224229418163403,
            -0.0394585249443788,
            0.0372333199131289,
            0.0013406133132278049,
            0.008291071384403343,
            0.0002549868276944753,
            -0.001666041050432123,
            0.0013106648360842541
        ],
        [
            0.497884054400073,
            0.5376622595862701,
            -0.20704276129594976,
            0.4470701503944503,
            0.1258362908907368,
            0.9999999999999999,
            0.6848602514927513,
            0.0,
            0.0,
            0.0,
            0.535410577171448,
            0.552388749698581,
            -0.041408684561771644,
            -0.5235111122120861,
            -0.01757197079477853,
            0.13322882728982016,
            0.31978361735711275,
            -9.451154434046617e-05,
            -0.17510747926404185,
            0.0008220251259324048
        ],
        [
            0.5376622595862701,
            0.8600366734954926,
            -0.07120043568284114,
            0.15374403475704065,
            0.043274146268394396,
            0.6848602514927513,
            1.0000000000000002,
            0.0,
            0.0,
            0.0,
            0.552388749698581,
            0.874645895022397,
            -0.013368646466168707,
            -0.1690136997671079,
            -0.005673048244717905,
            0.31978361735711275,
            0.6218850751895189,
            -9.614307609672386e-05,
            -0.17813032070813006,
            0.0008362155627383863
        ],
        [
            0.20704276129594967,
            0.0712004356828411,
            0.2858762733366477,
            0.2619309406713659,
            0.07372538295058469,
            0.0,
            0.0,
            1.0000000000000004,
            0.0,
            0.0,
            0.041408684561771644,
            0.013368646466168702,
            0.44570809059022615,
            -0.056422299920610805,
            -0.0018938490191542446,
            9.451154434046614e-05,
            9.614307609672386e-05,
            0.05898133408507322,
            -0.00018021209356132786,
            8.459882440596194e-07
        ],
        [
            -0.44707015039445025,
            -0.1537440347570406,
            0.26193094067136613,
            -0.15841174395568045,
            -0.15919618651382011,
            0.0,
            0.0,
            0.0,
            1.0000000000000004,
            0.0,
            0.5235111122120861,
            0.16901369976710787,
            -0.0564222999206108,
            -0.26315042146048484,
            -0.023943069355419976,
            0.1751074792640418,
            0.17813032070813004,
            -0.00018021209356132792,
            -0.27490884265266674,
            0.0015674155992059366
        ],
        [
            -0.12583629089073678,
            -0.04327414626839437,
            0.07372538295058471,
            -0.15919618651382003,
            0.36237041538666603,
            0.0,
            0.0,
            0.0,
            0.0,
            1.0000000000000004,
            0.01757197079477851,
            0.005673048244717881,
            -0.0018938490191542454,
            -0.023943069355419986,
            0.4493673181778067,
            -0.0008220251259324046,
            -0.0008362155627383863,
            8.459882440596194e-07,
            0.0015674155992059361,
            0.0589740732708156
        ],
        [
            0.10875327119957764,
            0.2942825001741983,
            -0.025643382684462146,
            0.14006338901268467,
            0.021491042251726666,
            0.535410577171448,
            0.552388749698581,
            0.041408684561771665,
            0.5235111122120861,
            0.01757197079477851,
            0.9999999999999999,
            0.6848602514927513,
            0.0,
            0.0,
            0.0,
            0.6040580098280485,
            0.5773471309509705,
            0.04760641407711406,
            -0.5427355976869666,
            0.02587610509732643
        ],
        [
            0.2942825001741983,
            0.5904245775461828,
            -0.030567077598501486,
            0.16695646332392716,
            0.025617461013801558,
            0.552388749698581,
            0.874645895022397,
            0.013368646466168707,
            0.16901369976710826,
            0.005673048244717882,
            0.6848602514927513,
            1.0000000000000002,
            0.0,
            0.0,
            0.0,
            0.5773471309509705,
            0.8990715453766801,
            0.013833619929705521,
            -0.1577097986956425,
            0.007519159132584455
        ],
        [
            0.025643382684462143,
            0.030567077598501476,
            0.03466771426573633,
            0.04708240965985748,
            0.007224229418163401,
            -0.041408684561771644,
            -0.013368646466168702,
            0.44570809059022615,
            -0.05642229992061081,
            -0.0018938490191542456,
            0.0,
            0.0,
            1.0000000000000004,
            0.0,
            0.0,
            -0.04760641407711405,
            -0.01383361992970552,
            0.5253438481188996,
            0.05841782317469188,
            -0.0027851973197770925
        ],
        [
            -0.1400633890126846,
            -0.16695646332392694,
            0.04708240965985748,
            -0.21387495700241882,
            -0.03945852494437879,
            -0.5235111122120861,
            -0.16901369976710787,
            -0.0564222999206108,
            -0.26315042146048484,
            -0.023943069355419986,
            0.0,
            0.0,
            0.0,
            1.0000000000000004,
            0.0,
            0.5427355976869666,
            0.15770979869564247,
            0.058417823174691914,
            -0.13552275962091836,
            0.03175256446698105
        ],
        [
            -0.021491042251726662,
            -0.025617461013801555,
            0.007224229418163403,
            -0.0394585249443788,
            0.0372333199131289,
            -0.01757197079477853,
            -0.005673048244717903,
            -0.0018938490191542443,
            -0.023943069355419976,
            0.4493673181778067,
            0.0,
            0.0,
            0.0,
            0.0,
            1.0000000000000004,
            -0.025876105097326428,
            -0.0075191591325844765,
            -0.002785197319777097,
            0.031752564466981076,
            0.5289541334818488
        ],
        [
            0.012609186422064338,
            0.11858850110403601,
            -0.0022772407908372367,
            0.014879108358488552,
            0.001340613313227805,
            0.13322882728982016,
            0.31978361735711275,
            9.451154434046617e-05,
            0.17510747926404185,
            -0.0008220251259324048,
            0.6040580098280485,
            0.5773471309509705,
            -0.04760641407711405,
            0.5427355976869666,
            -0.02587610509732643,
            0.9999999999999999,
            0.6848602514927513,
            0.0,
            0.0,
            0.0
        ],
        [
            0.11858850110403599,
            0.334333934461159,
            -0.014083677798818271,
            0.09202038225286398,
            0.008291071384403343,
            0.31978361735711275,
            0.6218850751895189,
            9.614307609672386e-05,
            0.17813032070813026,
            -0.0008362155627383863,
            0.5773471309509705,
            0.8990715453766801,
            -0.013833619929705521,
            0.1577097986956425,
            -0.007519159132584477,
            0.6848602514927513,
            1.0000000000000002,
            0.0,
            0.0,
            0.0
        ],
        [
            0.0022772407908372367,
            0.01408367779881828,
            0.0010276408735085986,
            0.0028300305552826136,
            0.00025498682769447536,
            -9.451154434046614e-05,
            -9.614307609672386e-05,
            0.05898133408507322,
            -0.00018021209356132792,
            8.459882440596194e-07,
            0.04760641407711406,
            0.01383361992970552,
            0.5253438481188996,
            0.058417823174691914,
            -0.002785197319777097,
            0.0,
            0.0,
            1.0000000000000004,
            0.0,
            0.0
        ],
        [
            -0.014879108358488548,
            -0.09202038225286391,
            0.0028300305552826127,
            -0.01703016794806018,
            -0.001666041050432123,
            -0.1751074792640418,
            -0.17813032070813004,
            -0.00018021209356132786,
            -0.27490884265266674,
            0.0015674155992059361,
            -0.5427355976869666,
            -0.15770979869564247,
            0.05841782317469188,
            -0.13552275962091836,
            0.031752564466981076,
            0.0,
            0.0,
            0.0,
            1.0000000000000004,
            0.0
        ],
        [
            -0.0013406133132278049,
            -0.008291071384403343,
            0.0002549868276944753,
            -0.001666041050432123,
            0.0013106648360842541,
            0.0008220251259324046,
            0.0008362155627383863,
            8.459882440596194e-07,
            0.0015674155992059366,
            0.0589740732708156,
            0.025876105097326407,
            0.007519159132584454,
            -0.0027851973197770925,
            0.03175256446698105,
            0.5289541334818488,
            0.0,
            0.0,
            0.0,
            0.0,
            1.0000000000000004
        ]
    ],
    "h": [
        [
            -0.22741052687109775,
            -0.45001653862709945,
            0.10169615547456945,
            -0.2256463951501404,
            -0.06274530569738984,
            -0.5394626702769207,
            -0.44028991271440776,
            -0.025282124224882296,
            0.03537511742309962,
            0.012263409455862184,
            -0.22343306969341878,
            -0.29543320418931285,
            -0.01593528348324043,
            0.2924119362562425,
            0.02435506134995606,
            -0.012873566739486746,
            -0.1360854962960289,
            -0.005501840050785777,
            0.06832391608168861,
            0.00289597038310069
        ],
        [
            -0.45001653862709945,
            -0.30766476577013213,
            0.08877167104728692,
            -0.2020486891300224,
            -0.05512651319286657,
            -0.5174679391447021,
            -0.36350220451794,
            -0.08700157947533921,
            0.0764762044109614,
            0.04461104621769077,
            -0.3240453435094187,
            -0.30448758196263914,
            0.008054874691528116,
            0.18107948529052809,
            0.01377316765236205,
            -0.14157099156892428,
            -0.19741871849599335,
            -0.008768277173058156,
            0.1258915285264271,
            -0.0016591560032708907
        ],
        [
            0.10169615547456945,
            0.08877167104728692,
            1.4580951509544655,
            0.08540138924289883,
            0.023782867773601172,
            0.025449471833803583,
            0.08013956224228162,
            0.15147131805786884,
            0.35550458616557995,
            0.09747999730857534,
            0.06335221311366607,
            0.0648383802040347,
            -0.042234400741539294,
            -0.0787421998088131,
            -0.005963053246913447,
            0.01208076696090033,
            0.03503626221454057,
            -0.002986146872428801,
            -0.019677245312477647,
            -0.0007720347492435863
        ],
        [
            -0.2256463951501404,
            -0.2020486891300224,
            0.08540138924289883,
            1.3027346887478943,
            -0.05278853616674094,
            -0.07772515307598493,
            -0.19180496252691798,
            0.3364926253207944,
            -0.4739677279440864,
            -0.20880645062632497,
            -0.21068040145801636,
            -0.1556334342452254,
            -0.0036322256278424336,
            0.16623977757879027,
            0.016792249552015498,
            -0.06404876588640682,
            -0.10427976527001825,
            -0.01007183414705168,
            0.08705227790581573,
            0.004375247749274076
        ],
        [
            -0.06274530569738984,
            -0.05512651319286657,
            0.023782867773601172,
            -0.05278853616674094,
            1.4823468911202304,
            -0.01745967194552181,
            -0.05035942386265278,
            0.09580684361997774,
            -0.21678730542580082,
            0.25090293527473473,
            -0.04342716631380598,
            -0.04058645202340992,
            -0.0009111208220384127,
            0.05100521089755153,
            -0.039696228653428894,
            -0.008325092814541251,
            -0.022507484319917403,
            -0.0011523780237508352,
            0.01253380363643333,
            -0.0043408290176949055
        ],
        [
            -0.5394626702769207,
            -0.5174679391447021,
            0.025449471833803583,
            -0.07772515307598493,
            -0.01745967194552181,
            -0.40502360297959994,
            -0.5834385781491433,
            -0.11331347649096345,
            -0.014621886004398038,
            0.050874364101365595,
            -0.5214485565876772,
            -0.5034660724581594,
            -0.0031226174859889377,
            0.04112423221195183,
            0.011997580654904118,
            -0.27096611783244323,
            -0.3433023125609055,
            -0.011240617650684862,
            0.26129384257564137,
            -0.005884706718215105
        ],
        [
            -0.44028991271440776,
            -0.36350220451794,
            0.08013956224228162,
            -0.19180496252691798,
            -0.05035942386265278,
            -0.5834385781491433,
            -0.4316702219304027,
            -0.09410222117838632,
            -0.03480275726314237,
            0.041953773959826385,
            -0.5192065462038215,
            -0.41038051642849194,
            0.019133462453212045,
            0.11166382734096436,
            0.018067737501930997,
            -0.33274889688162274,
            -0.3170933395386587,
            -0.014376553945985962,
            0.20703517310173175,
            -0.008219292076434827
        ],
        [
            -0.025282124224882296,
            -0.08700157947533921,
            0.15147131805786884,
            0.3364926253207944,
            0.09580684361997774,
            -0.11331347649096345,
            -0.09410222117838632,
            1.3742957754700547,
            0.06941369741607557,
            0.023032696636266014,
            -0.017123452271370063,
            -0.05686842098665207,
            0.35055856144734365,
            -0.04377372932349986,
            0.00043900421207362754,
            -0.004355024097114925,
            -0.025959816014289646,
            -0.04817667061523262,
            0.016352162170446237,
            -0.0002526617835578488
        ],
        [
            0.03537511742309962,
            0.0764762044109614,
            0.35550458616557995,
            -0.4739677279440864,
            -0.21678730542580082,
            -0.014621886004398038,
            -0.03480275726314237,
            0.06941369741607557,
            0.9283766240149514,
            -0.062326626629807355,
            -0.08100874435005867,
            -0.14745315452495017,
            -0.06159826134639615,
            -0.7749288070295063,
            -0.034705640498924335,
            -0.3338802658551596,
            -0.19778993584986024,
            -0.016010176845208023,
            0.17512472807797497,
            -0.010355952885839733
        ],
        [
            0.012263409455862184,
            0.04461104621769077,
            0.09747999730857534,
            -0.20880645062632497,
            0.25090293527473473,
            0.050874364101365595,
            0.041953773959826385,
            0.023032696636266014,
            -0.062326626629807355,
            1.400039686665774,
            0.00788281356941159,
            0.01929175051045231,
            -0.0008034108472271986,
            -0.05512523466441687,
            0.3565488273308849,
            -0.009936921588291485,
            0.0016771878791374695,
            -0.0003381499733566206,
            0.0051156901386424005,
            -0.04770623514517698
        ],
        [
            -0.22343306969341878,
            -0.3240453435094187,
            0.06335221311366607,
            -0.21068040145801636,
            -0.04342716631380598,
            -0.5214485565876772,
            -0.5192065462038215,
            -0.017123452271370063,
            -0.08100874435005867,
            0.00788281356941159,
            -0.4907433813718174,
            -0.61748390068809,
            0.04542929454653164,
            -0.08549436770940791,
            0.021280197491164235,
            -0.6231757994740461,
            -0.5635183336769171,
            -0.00014293435156095824,
            0.07396965479629558,
            -0.0020818271646747266
        ],
        [
            -0.29543320418931285,
            -0.30448758196263914,
            0.0648383802040347,
            -0.1556334342452254,
            -0.04058645202340992,
            -0.5034660724581594,
            -0.41038051642849194,
            -0.05686842098665207,
            -0.14745315452495017,
            0.01929175051045231,
            -0.61748390068809,
            -0.435875929753998,
            0.03270883895576113,
            -0.021036104627445457,
            0.018988040872811023,
            -0.48483588953356027,
            -0.37062321934730313,
            -0.017506382272251663,
            0.25749954059890295,
            -0.011028591255365258
        ],
        [
            -0.01593528348324043,
            0.008054874691528116,
            -0.042234400741539294,
            -0.0036322256278424336,
            -0.0009111208220384127,
            -0.0031226174859889377,
            0.019133462453212045,
            0.35055856144734365,
            -0.06159826134639615,
            -0.0008034108472271986,
            0.04542929454653164,
            0.03270883895576113,
            1.3883246151597644,
            0.013919440743619053,
            -0.0013393664525262361,
            0.010699193660678383,
            0.029829897499756182,
            0.48212685488649176,
            0.0765814349284323,
            -0.003772907027002139
        ],
        [
            0.2924119362562425,
            0.18107948529052809,
            -0.0787421998088131,
            0.16623977757879027,
            0.05100521089755153,
            0.04112423221195183,
            0.11166382734096436,
            -0.04377372932349986,
            -0.7749288070295063,
            -0.05512523466441687,
            -0.08549436770940791,
            -0.021036104627445457,
            0.013919440743619053,
            0.8003407688612227,
            0.0007178608959369634,
            0.0010915915691719347,
            -0.11540022885672499,
            0.08751447039687502,
            -0.5288243386061849,
            0.045986633940022364
        ],
        [
            0.02435506134995606,
            0.01377316765236205,
            -0.005963053246913447,
            0.016792249552015498,
            -0.039696228653428894,
            0.011997580654904118,
            0.018067737501930997,
            0.00043900421207362754,
            -0.034705640498924335,
            0.3565488273308849,
            0.021280197491164235,
            0.018988040872811023,
            -0.0013393664525262361,
            0.0007178608959369634,
            1.3915809289615657,
            -0.0005458980480534809,
            0.013389632374907118,
            -0.004101419584687011,
            0.04355021173006114,
            0.4872172634126183
        ],
        [
            -0.012873566739486746,
            -0.14157099156892428,
            0.01208076696090033,
            -0.06404876588640682,
            -0.008325092814541251,
            -0.27096611783244323,
            -0.33274889688162274,
            -0.004355024097114925,
            -0.3338802658551596,
            -0.009936921588291485,
            -0.6231757994740461,
            -0.48483588953356027,
            0.010699193660678383,
            0.0010915915691719347,
            -0.0005458980480534809,
            -0.3162464741130213,
            -0.48739924762300424,
            -0.025340331506668055,
            0.32643038974445204,
            -0.01604296093826095
        ],
        [
            -0.1360854962960289,
            -0.19741871849599335,
            0.03503626221454057,
            -0.10427976527001825,
            -0.022507484319917403,
            -0.3433023125609055,
            -0.3170933395386587,
            -0.025959816014289646,
            -0.19778993584986024,
            0.0016771878791374695,
            -0.5635183336769171,
            -0.37062321934730313,
            0.029829897499756182,
            -0.11540022885672499,
            0.013389632374907118,
            -0.48739924762300424,
            -0.31792837746838654,
            -0.01931874306855786,
            0.2642418349778991,
            -0.012364624793086495
        ],
        [
            -0.005501840050785777,
            -0.008768277173058156,
            -0.002986146872428801,
            -0.01007183414705168,
            -0.0011523780237508352,
            -0.011240617650684862,
            -0.014376553945985962,
            -0.04817667061523262,
            -0.016010176845208023,
            -0.0003381499733566206,
            -0.00014293435156095824,
            -0.017506382272251663,
            0.48212685488649176,
            0.08751447039687502,
            -0.004101419584687011,
            -0.025340331506668055,
            -0.01931874306855786,
            1.4647395667193654,
            0.02487954665437965,
            -0.0012073515320688724
        ],
        [
            0.06832391608168861,
            0.1258915285264271,
            -0.019677245312477647,
            0.08705227790581573,
            0.01253380363643333,
            0.26129384257564137,
            0.20703517310173175,
            0.016352162170446237,
            0.17512472807797497,
            0.0051156901386424005,
            0.07396965479629558,
            0.25749954059890295,
            0.0765814349284323,
            -0.5288243386061849,
            0.04355021173006114,
            0.32643038974445204,
            0.2642418349778991,
            0.02487954665437965,
            1.1484480366236651,
            0.01449294734324742
        ],
        [
            0.00289597038310069,
            -0.0016591560032708907,
            -0.0007720347492435863,
            0.004375247749274076,
            -0.0043408290176949055,
            -0.005884706718215105,
            -0.008219292076434827,
            -0.0002526617835578488,
            -0.010355952885839733,
            -0.04770623514517698,
            -0.0020818271646747266,
            -0.011028591255365258,
            -0.003772907027002139,
            0.045986633940022364,
            0.4872172634126183,
            -0.01604296093826095,
            -0.012364624793086495,
            -0.0012073515320688724,
            0.01449294734324742,
            1.4662507558310713
        ]
    ]
}