{
    "HF": -2.1382759852078186,
    "coordinates": [
        [
            0.691344,
            0.190834,
            0.139886
        ],
        [
            1.479558,
            -0.18641,
            0.032991
        ],
        [
            2.177429,
            0.012907,
            -0.199299
        ],
        [
            2.854835,
            -0.190216,
            -0.092782
        ]
    ],
    "elements": [
        "H",
        "H",
        "H",
        "H"
    ],
    "Enn": 3.00298055615972,
    "S": [
        [
            0.9999999999999999,
            0.6848602514927513,
            0.0,
            0.0,
            0.0,
            0.46095110025292413,
            0.5223215895224669,
            0.05926007814908135,
            -0.43696733465737403,
            0.20913521606503627,
            0.11480096980399572,
            0.3008931514848484,
            0.033544700118676704,
            -0.14697075541625856,
            0.017596614997761658,
            0.01423320818225211,
            0.12491681908481757,
            0.0018179910522206546,
            -0.01690480547200266,
            0.0029773990856012877
        ],
        [
            0.6848602514927513,
            1.0000000000000002,
            0.0,
            0.0,
            0.0,
            0.5223215895224669,
            0.8446553206293397,
            0.021784162323061376,
            -0.16063035428513509,
            0.07687866159690321,
            0.3008931514848484,
            0.5986760351457823,
            0.0383360273732416,
            -0.16796319188337844,
            0.020110011770681956,
            0.12491681908481757,
            0.34540403990128726,
            0.010252437203746106,
            -0.0953335036118843,
            0.01679084015200826
        ],
        [
            0.0,
            0.0,
            1.0000000000000004,
            0.0,
            0.0,
            -0.05926007814908135,
            -0.02178416232306138,
            0.3548164024293281,
            0.07998632642039477,
            -0.03828194084872307,
            -0.03354470011867669,
            -0.03833602737324158,
            0.03297609722726473,
            0.06153116767526199,
            -0.007367045674343219,
            -0.0018179910522206546,
            -0.010252437203746108,
            0.0015244397091500046,
            0.0023179783707331482,
            -0.00040825945574438083
        ],
        [
            0.0,
            0.0,
            0.0,
            1.0000000000000004,
            0.0,
            0.43696733465737414,
            0.16063035428513486,
            0.07998632642039473,
            -0.2241330390221265,
            0.28228038471523825,
            0.14697075541625854,
            0.16796319188337844,
            0.06153116767526201,
            -0.22256899036138925,
            0.03227753606720918,
            0.016904805472002658,
            0.09533350361188415,
            0.0023179783707331474,
            -0.019780275145827482,
            0.0037962489821026777
        ],
        [
            0.0,
            0.0,
            0.0,
            0.0,
            1.0000000000000004,
            -0.2091352160650362,
            -0.07687866159690315,
            -0.03828194084872305,
            0.28228038471523825,
            0.23056278210691916,
            -0.017596614997761655,
            -0.02011001177068193,
            -0.007367045674343219,
            0.032277536067209164,
            0.043155463783083145,
            -0.0029773990856012864,
            -0.01679084015200824,
            -0.00040825945574438056,
            0.003796248982102677,
            0.0011050983376959585
        ],
        [
            0.46095110025292413,
            0.5223215895224669,
            -0.05926007814908134,
            0.4369673346573742,
            -0.20913521606503627,
            0.9999999999999999,
            0.6848602514927513,
            0.0,
            0.0,
            0.0,
            0.5530066949906411,
            0.559019238685985,
            0.16215767239193485,
            -0.48717179813953215,
            -0.13913978556176876,
            0.16849341635897708,
            0.35177407610856304,
            0.019880472241146224,
            -0.21738494130208272,
            0.0006016003224046779
        ],
        [
            0.5223215895224669,
            0.8446553206293397,
            -0.021784162323061365,
            0.16063035428513492,
            -0.07687866159690321,
            0.6848602514927513,
            1.0000000000000002,
            0.0,
            0.0,
            0.0,
            0.5590192386859848,
            0.881175116891142,
            0.050897477583815944,
            -0.15291176365274128,
            -0.043672704548510216,
            0.35177407610856315,
            0.6600371111556735,
            0.01680087806102987,
            -0.18371082169574532,
            0.0005084091331230104
        ],
        [
            0.059260078149081366,
            0.02178416232306137,
            0.3548164024293281,
            0.07998632642039474,
            -0.038281940848723064,
            0.0,
            0.0,
            1.0000000000000004,
            0.0,
            0.0,
            -0.1621576723919348,
            -0.05089747758381594,
            0.40465058356288397,
            0.19804446425553424,
            0.05656292994266895,
            -0.019880472241146224,
            -0.01680087806102987,
            0.08064780152356482,
            0.03776718479965389,
            -0.00010451851179615696
        ],
        [
            -0.43696733465737403,
            -0.16063035428513503,
            0.07998632642039477,
            -0.22413303902212664,
            0.28228038471523836,
            0.0,
            0.0,
            0.0,
            1.0000000000000004,
            0.0,
            0.48717179813953215,
            0.15291176365274092,
            0.19804446425553446,
            -0.1244161037588112,
            -0.1699325346851795,
            0.2173849413020828,
            0.18371082169574524,
            0.037767184799653894,
            -0.3288672068679233,
            0.0011428677486223862
        ],
        [
            0.2091352160650362,
            0.07687866159690317,
            -0.03828194084872306,
            0.2822803847152382,
            0.23056278210691916,
            0.0,
            0.0,
            0.0,
            0.0,
            1.0000000000000004,
            0.1391397855617688,
            0.04367270454851022,
            0.05656292994266898,
            -0.16993253468517944,
            0.4220367560590504,
            -0.0006016003224046779,
            -0.0005084091331230102,
            -0.00010451851179615693,
            0.0011428677486223858,
            0.08409855535654218
        ],
        [
            0.11480096980399572,
            0.3008931514848484,
            -0.033544700118676704,
            0.1469707554162586,
            -0.017596614997761658,
            0.5530066949906411,
            0.559019238685985,
            -0.16215767239193485,
            0.4871717981395325,
            0.13913978556176876,
            0.9999999999999999,
            0.6848602514927513,
            0.0,
            0.0,
            0.0,
            0.5907936438140196,
            0.5727095408410027,
            -0.0808354732071612,
            -0.5140816448395114,
            0.15414951438979888
        ],
        [
            0.3008931514848484,
            0.5986760351457823,
            -0.0383360273732416,
            0.16796319188337852,
            -0.020110011770681953,
            0.5590192386859848,
            0.881175116891142,
            -0.05089747758381596,
            0.15291176365274092,
            0.04367270454851022,
            0.6848602514927513,
            1.0000000000000002,
            0.0,
            0.0,
            0.0,
            0.5727095408410027,
            0.8945638201033557,
            -0.023949733700071765,
            -0.15231083589315178,
            0.045671036157230074
        ],
        [
            0.03354470011867669,
            0.03833602737324158,
            0.03297609722726473,
            0.061531167675262004,
            -0.007367045674343219,
            0.1621576723919348,
            0.050897477583815944,
            0.40465058356288397,
            0.19804446425553437,
            0.05656292994266895,
            0.0,
            0.0,
            1.0000000000000004,
            0.0,
            0.0,
            0.08083547320716122,
            0.023949733700071734,
            0.49965065711237644,
            -0.0964386738031037,
            0.028917536512679004
        ],
        [
            -0.14697075541625856,
            -0.16796319188337844,
            0.061531167675262004,
            -0.22256899036138925,
            0.03227753606720917,
            -0.48717179813953215,
            -0.15291176365274092,
            0.19804446425553432,
            -0.12441610375881135,
            -0.16993253468517938,
            0.0,
            0.0,
            0.0,
            1.0000000000000004,
            0.0,
            0.5140816448395114,
            0.152310835893151,
            -0.09643867380310367,
            -0.09849691722510273,
            0.18390409736387456
        ],
        [
            0.017596614997761655,
            0.02011001177068194,
            -0.007367045674343219,
            0.03227753606720917,
            0.043155463783083145,
            -0.1391397855617688,
            -0.04367270454851022,
            0.05656292994266898,
            -0.16993253468517955,
            0.4220367560590504,
            0.0,
            0.0,
            0.0,
            0.0,
            1.0000000000000004,
            -0.15414951438979888,
            -0.045671036157230054,
            0.028917536512679,
            0.1839040973638746,
            0.4596705067278847
        ],
        [
            0.01423320818225211,
            0.12491681908481757,
            -0.0018179910522206546,
            0.016904805472002665,
            -0.0029773990856012877,
            0.16849341635897708,
            0.35177407610856304,
            -0.019880472241146224,
            0.2173849413020828,
            -0.0006016003224046779,
            0.5907936438140196,
            0.5727095408410027,
            0.08083547320716122,
            0.5140816448395114,
            -0.15414951438979888,
            0.9999999999999999,
            0.6848602514927513,
            0.0,
            0.0,
            0.0
        ],
        [
            0.12491681908481757,
            0.34540403990128726,
            -0.010252437203746106,
            0.09533350361188425,
            -0.01679084015200826,
            0.35177407610856315,
            0.6600371111556735,
            -0.016800878061029863,
            0.18371082169574532,
            -0.0005084091331230104,
            0.5727095408410027,
            0.8945638201033557,
            0.023949733700071744,
            0.15231083589315178,
            -0.04567103615723006,
            0.6848602514927513,
            1.0000000000000002,
            0.0,
            0.0,
            0.0
        ],
        [
            0.0018179910522206546,
            0.010252437203746108,
            0.0015244397091500046,
            0.0023179783707331482,
            -0.00040825945574438083,
            0.019880472241146224,
            0.016800878061029867,
            0.08064780152356482,
            0.0377671847996539,
            -0.00010451851179615696,
            -0.0808354732071612,
            -0.023949733700071755,
            0.49965065711237644,
            -0.09643867380310368,
            0.028917536512678997,
            0.0,
            0.0,
            1.0000000000000004,
            0.0,
            0.0
        ],
        [
            -0.01690480547200266,
            -0.09533350361188411,
            0.0023179783707331474,
            -0.019780275145827482,
            0.0037962489821026777,
            -0.21738494130208272,
            -0.18371082169574524,
            0.03776718479965388,
            -0.3288672068679234,
            0.0011428677486223858,
            -0.5140816448395114,
            -0.152310835893151,
            -0.09643867380310368,
            -0.09849691722510273,
            0.18390409736387456,
            0.0,
            0.0,
            0.0,
            1.0000000000000004,
            0.0
        ],
        [
            0.0029773990856012864,
            0.01679084015200824,
            -0.00040825945574438056,
            0.003796248982102677,
            0.0011050983376959585,
            0.0006016003224046779,
            0.0005084091331230102,
            -0.00010451851179615693,
            0.0011428677486223862,
            0.08409855535654218,
            0.15414951438979888,
            0.045671036157230054,
            0.028917536512679004,
            0.1839040973638746,
            0.4596705067278847,
            0.0,
            0.0,
            0.0,
            0.0,
            1.0000000000000004
        ]
    ],
    "h": [
        [
            -0.20358490115853844,
            -0.44010571855189484,
            0.030983951344324356,
            -0.21015551496170803,
            0.0952586606090911,
            -0.5119346061453488,
            -0.4242301993285692,
            0.0008830992854350489,
            0.05350677896441547,
            -0.039741605396669266,
            -0.22627940808462355,
            -0.29181602445047017,
            -0.06797830030810606,
            0.2811145206710528,
            0.011092788836654092,
            -0.017513886293080795,
            -0.14094866723371727,
            -0.00691660311326296,
            0.07857790401192177,
            -0.008181138744220832
        ],
        [
            -0.44010571855189484,
            -0.30744293841876225,
            0.02952979843580509,
            -0.19534473793044016,
            0.08565666211119509,
            -0.5074407263944052,
            -0.36453721418845164,
            0.009454965827074058,
            0.07216771334506711,
            -0.10574846448314758,
            -0.3322354748419414,
            -0.30817606535673003,
            -0.06715763021048106,
            0.17574585887193642,
            0.047244046136458294,
            -0.14892805067732864,
            -0.2063035893940588,
            0.003703022054011766,
            0.13458702677772547,
            -0.023453201659313125
        ],
        [
            0.030983951344324356,
            0.02952979843580509,
            1.5031177782898095,
            0.02686479012399964,
            -0.011154239976179942,
            0.017044980728962725,
            0.029016968980708546,
            0.23597172241919112,
            0.1067737447683875,
            -0.04370889244308222,
            0.03929673039815842,
            0.0233892679382939,
            -0.0342298602357393,
            -0.029956683247240462,
            -0.004711312760307356,
            0.01108362180719705,
            0.017170883196505934,
            -0.005073387343122203,
            -0.013956235129257763,
            0.002266166683137125
        ],
        [
            -0.21015551496170803,
            -0.19534473793044016,
            0.02686479012399964,
            1.3252217417457899,
            0.08031416037887451,
            -0.09024203789822838,
            -0.18397044283544572,
            0.11564571676726682,
            -0.5269352020008482,
            0.3361695166912346,
            -0.21173014523443015,
            -0.15293398017061016,
            -0.05524187045274129,
            0.13856324556195176,
            0.02726116637036731,
            -0.07168268217177332,
            -0.10823219668129186,
            -0.00656573180507913,
            0.0979663394044533,
            -0.016152416739886655
        ],
        [
            0.0952586606090911,
            0.08565666211119509,
            -0.011154239976179942,
            0.08031416037887451,
            1.4694569401155915,
            0.02769943566383748,
            0.0752256389065362,
            -0.05192925647688691,
            0.36499309488222664,
            0.08509305691093444,
            0.05832043783401113,
            0.06381367368484708,
            0.019988642039703325,
            -0.07006266581195897,
            -0.052224978015233375,
            0.013817841670295927,
            0.03616240568099156,
            0.0017132550755555626,
            -0.02359865850464358,
            -0.0026797541965949993
        ],
        [
            -0.5119346061453488,
            -0.5074407263944052,
            0.017044980728962725,
            -0.09024203789822838,
            0.02769943566383748,
            -0.4001376494176818,
            -0.5848643878116966,
            0.04793234302676454,
            -0.04299427887223062,
            -0.15074658060283733,
            -0.5538806331086462,
            -0.5204396294095135,
            -0.03259653223015385,
            0.029540418892970655,
            0.020394107186760047,
            -0.3120347305203397,
            -0.37272617996903745,
            0.006945568504945945,
            0.2745480989354062,
            -0.04012835707104309
        ],
        [
            -0.4242301993285692,
            -0.36453721418845164,
            0.029016968980708546,
            -0.18397044283544572,
            0.0752256389065362,
            -0.5848643878116966,
            -0.43950944430784644,
            0.041115342491966064,
            -0.050314697450699504,
            -0.12793167280695988,
            -0.5397598787324787,
            -0.42360133814444034,
            -0.09008311953201607,
            0.10343194184307225,
            0.08531463123980199,
            -0.3544413051612293,
            -0.3338854385198642,
            0.021024669895454533,
            0.21585047614877578,
            -0.04900557798252452
        ],
        [
            0.0008830992854350489,
            0.009454965827074058,
            0.23597172241919112,
            0.11564571676726682,
            -0.05192925647688691,
            0.04793234302676454,
            0.041115342491966064,
            1.382729898523676,
            0.1047157551338325,
            0.008827539914840199,
            0.01621953447927804,
            0.054294132419292235,
            0.29273968602133227,
            0.29888329028975147,
            0.0718395395014992,
            0.0702463408761081,
            0.058138637137814975,
            -0.04998201287891674,
            -0.05374458677264317,
            0.013844454765700162
        ],
        [
            0.05350677896441547,
            0.07216771334506711,
            0.1067737447683875,
            -0.5269352020008482,
            0.36499309488222664,
            -0.04299427887223062,
            -0.050314697450699504,
            0.1047157551338325,
            0.9432495711914997,
            0.023561534601496483,
            -0.09924294835008651,
            -0.1562712754006863,
            0.2674469129959503,
            -0.6070531280202974,
            -0.19539257566236784,
            -0.3390425012901619,
            -0.20325972414124377,
            0.03888435449222386,
            0.0699838109269687,
            -0.05692481923462063
        ],
        [
            -0.039741605396669266,
            -0.10574846448314758,
            -0.04370889244308222,
            0.3361695166912346,
            0.08509305691093444,
            -0.15074658060283733,
            -0.12793167280695988,
            0.008827539914840199,
            0.023561534601496483,
            1.354897308781479,
            -0.02406481875219202,
            -0.09323686344153383,
            0.06918100970788268,
            -0.20499101119618302,
            0.3168621166630282,
            -0.03514513519928481,
            -0.060095067278728855,
            0.002743971064831698,
            0.05411762892442284,
            -0.05278198649180338
        ],
        [
            -0.22627940808462355,
            -0.3322354748419414,
            0.03929673039815842,
            -0.21173014523443015,
            0.05832043783401113,
            -0.5538806331086462,
            -0.5397598787324787,
            0.01621953447927804,
            -0.09924294835008651,
            -0.02406481875219202,
            -0.49911995431225176,
            -0.6217752951707288,
            -0.11666089464920325,
            -0.06581961754101164,
            0.14819324064548084,
            -0.6269253394047842,
            -0.5698350714545862,
            -0.0018100328704009627,
            0.09954267287813168,
            -0.006863324056009146
        ],
        [
            -0.29181602445047017,
            -0.30817606535673003,
            0.0233892679382939,
            -0.15293398017061016,
            0.06381367368484708,
            -0.5204396294095135,
            -0.42360133814444034,
            0.054294132419292235,
            -0.1562712754006863,
            -0.09323686344153383,
            -0.6217752951707288,
            -0.4404164915193036,
            -0.09723459299411623,
            -0.012139948792144695,
            0.11399506808637022,
            -0.48850281191192146,
            -0.380537784919732,
            0.02621614591952981,
            0.2585454272006469,
            -0.05865601755182434
        ],
        [
            -0.06797830030810606,
            -0.06715763021048106,
            -0.0342298602357393,
            -0.05524187045274129,
            0.019988642039703325,
            -0.03259653223015385,
            -0.09008311953201607,
            0.29273968602133227,
            0.2674469129959503,
            0.06918100970788268,
            -0.11666089464920325,
            -0.09723459299411623,
            1.3504124339665597,
            0.03911517652434636,
            0.03199794222672605,
            -0.020327622773846116,
            -0.07046041674929852,
            0.4340109534663652,
            -0.10678370802924864,
            0.03951291414070181
        ],
        [
            0.2811145206710528,
            0.17574585887193642,
            -0.029956683247240462,
            0.13856324556195176,
            -0.07006266581195897,
            0.029540418892970655,
            0.10343194184307225,
            0.29888329028975147,
            -0.6070531280202974,
            -0.20499101119618302,
            -0.06581961754101164,
            -0.012139948792144695,
            0.03911517652434636,
            0.8482263131264787,
            0.02416169606318734,
            -0.0029855654197638026,
            -0.1004304146133132,
            -0.13566644175904546,
            -0.47485986162283705,
            0.26877808028121924
        ],
        [
            0.011092788836654092,
            0.047244046136458294,
            -0.004711312760307356,
            0.02726116637036731,
            -0.052224978015233375,
            0.020394107186760047,
            0.08531463123980199,
            0.0718395395014992,
            -0.19539257566236784,
            0.3168621166630282,
            0.14819324064548084,
            0.11399506808637022,
            0.03199794222672605,
            0.02416169606318734,
            1.3401166661657196,
            0.03179202173578055,
            0.09750947614211439,
            0.0421231252194506,
            0.23084994690761063,
            0.3803958865044519
        ],
        [
            -0.017513886293080795,
            -0.14892805067732864,
            0.01108362180719705,
            -0.07168268217177332,
            0.013817841670295927,
            -0.3120347305203397,
            -0.3544413051612293,
            0.0702463408761081,
            -0.3390425012901619,
            -0.03514513519928481,
            -0.6269253394047842,
            -0.48850281191192146,
            -0.020327622773846116,
            -0.0029855654197638026,
            0.03179202173578055,
            -0.3184989971924861,
            -0.491804347041231,
            0.04297251915368862,
            0.3126719110172856,
            -0.08343266171203426
        ],
        [
            -0.14094866723371727,
            -0.2063035893940588,
            0.017170883196505934,
            -0.10823219668129186,
            0.03616240568099156,
            -0.37272617996903745,
            -0.3338854385198642,
            0.058138637137814975,
            -0.20325972414124377,
            -0.060095067278728855,
            -0.5698350714545862,
            -0.380537784919732,
            -0.07046041674929852,
            -0.1004304146133132,
            0.09750947614211439,
            -0.491804347041231,
            -0.32843457983668367,
            0.031586028317424394,
            0.2602075344579594,
            -0.0646147021754701
        ],
        [
            -0.00691660311326296,
            0.003703022054011766,
            -0.005073387343122203,
            -0.00656573180507913,
            0.0017132550755555626,
            0.006945568504945945,
            0.021024669895454533,
            -0.04998201287891674,
            0.03888435449222386,
            0.002743971064831698,
            -0.0018100328704009627,
            0.02621614591952981,
            0.4340109534663652,
            -0.13566644175904546,
            0.0421231252194506,
            0.04297251915368862,
            0.031586028317424394,
            1.4514672099647494,
            -0.03717592378868348,
            0.012155383749467607
        ],
        [
            0.07857790401192177,
            0.13458702677772547,
            -0.013956235129257763,
            0.0979663394044533,
            -0.02359865850464358,
            0.2745480989354062,
            0.21585047614877578,
            -0.05374458677264317,
            0.0699838109269687,
            0.05411762892442284,
            0.09954267287813168,
            0.2585454272006469,
            -0.10678370802924864,
            -0.47485986162283705,
            0.23084994690761063,
            0.3126719110172856,
            0.2602075344579594,
            -0.03717592378868348,
            1.1607774600359704,
            0.07676655715191466
        ],
        [
            -0.008181138744220832,
            -0.023453201659313125,
            0.002266166683137125,
            -0.016152416739886655,
            -0.0026797541965949993,
            -0.04012835707104309,
            -0.04900557798252452,
            0.013844454765700162,
            -0.05692481923462063,
            -0.05278198649180338,
            -0.006863324056009146,
            -0.05865601755182434,
            0.03951291414070181,
            0.26877808028121924,
            0.3803958865044519,
            -0.08343266171203426,
            -0.0646147021754701,
            0.012155383749467607,
            0.07676655715191466,
            1.435222524560062
        ]
    ]
}