{
    "HF": -2.1591012835050183,
    "coordinates": [
        [
            0.727079,
            0.151393,
            0.014293
        ],
        [
            1.441133,
            -0.028327,
            0.041791
        ],
        [
            2.209171,
            -0.075416,
            0.192741
        ],
        [
            2.9522,
            -0.15622,
            0.193179
        ]
    ],
    "elements": [
        "H",
        "H",
        "H",
        "H"
    ],
    "Enn": 3.0335619592109913,
    "S": [
        [
            0.9999999999999999,
            0.6848602514927513,
            0.0,
            0.0,
            0.0,
            0.5732666238545121,
            0.5664497178623883,
            -0.020089295410297095,
            -0.5216685484364054,
            0.13129857339219558,
            0.12239747991314154,
            0.30889538006249473,
            -0.01908135921065556,
            -0.15847938803034456,
            0.024252577788541074,
            0.012126490024774226,
            0.11661703634938211,
            -0.0011492227867258753,
            -0.01429491271772115,
            0.001976207579649087
        ],
        [
            0.6848602514927513,
            1.0000000000000002,
            0.0,
            0.0,
            0.0,
            0.5664497178623883,
            0.8884571923027927,
            -0.006110660854997531,
            -0.15867851575221492,
            0.039937739794172575,
            0.30889538006249473,
            0.6085731588439949,
            -0.0207432815895458,
            -0.17228241110919204,
            0.02636489595872911,
            0.11661703634938211,
            0.3308401246510386,
            -0.00732192570181396,
            -0.0910757165990966,
            0.012590809403262966
        ],
        [
            0.0,
            0.0,
            1.0000000000000004,
            0.0,
            0.0,
            0.020089295410297095,
            0.006110660854997532,
            0.4932541186273076,
            -0.0251934947078525,
            0.006340941817979106,
            0.019081359210655555,
            0.02074328158954579,
            0.0475599420357692,
            -0.035598803032454364,
            0.0054477919838902995,
            0.001149222786725876,
            0.0073219257018139585,
            0.001258141055651096,
            -0.0014179436265449464,
            0.0001960243477960842
        ],
        [
            0.0,
            0.0,
            0.0,
            1.0000000000000004,
            0.0,
            0.5216685484364054,
            0.1586785157522149,
            -0.0251934947078525,
            -0.15998747286251772,
            0.16465833402048335,
            0.15847938803034453,
            0.172282411109192,
            -0.035598803032454385,
            -0.24381815283014024,
            0.045246396244216495,
            0.014294912717721158,
            0.0910757165990965,
            -0.0014179436265449469,
            -0.01626533324643939,
            0.0024383008887915807
        ],
        [
            0.0,
            0.0,
            0.0,
            0.0,
            1.0000000000000004,
            -0.13129857339219553,
            -0.039937739794172526,
            0.0063409418179791,
            0.16465833402048324,
            0.45278151421267687,
            -0.024252577788541067,
            -0.026364895958729106,
            0.005447791983890302,
            0.045246396244216495,
            0.04492194474395527,
            -0.001976207579649088,
            -0.012590809403262954,
            0.00019602434779608416,
            0.00243830088879158,
            0.001035050811243837
        ],
        [
            0.5732666238545121,
            0.5664497178623883,
            0.020089295410297095,
            0.5216685484364056,
            -0.13129857339219558,
            0.9999999999999999,
            0.6848602514927513,
            0.0,
            0.0,
            0.0,
            0.5353933461022329,
            0.5523821735771512,
            -0.1011471209347699,
            -0.5146394996256961,
            0.03155294321097966,
            0.1180246470758967,
            0.3043282893035214,
            -0.01548571754749954,
            -0.15456942926353132,
            0.013082376901090964
        ],
        [
            0.5664497178623883,
            0.8884571923027927,
            0.006110660854997527,
            0.15867851575221492,
            -0.039937739794172575,
            0.6848602514927513,
            1.0000000000000002,
            0.0,
            0.0,
            0.0,
            0.5523821735771511,
            0.8746394045815115,
            -0.032655903198662066,
            -0.1661541873527261,
            0.010187040912366994,
            0.3043282893035214,
            0.6029366644598277,
            -0.01731954305050609,
            -0.17287360926030523,
            0.014631597744592549
        ],
        [
            -0.020089295410297095,
            -0.00611066085499753,
            0.4932541186273076,
            -0.025193494707852506,
            0.006340941817979106,
            0.0,
            0.0,
            1.0000000000000004,
            0.0,
            0.0,
            0.10114712093476985,
            0.032655903198662045,
            0.4235219646062157,
            -0.1354896942521938,
            0.008306977275397249,
            0.015485717547499535,
            0.01731954305050608,
            0.046131156649261054,
            -0.029130151293245175,
            0.002465504467602697
        ],
        [
            -0.5216685484364054,
            -0.1586785157522149,
            -0.02519349470785249,
            -0.15998747286251772,
            0.1646583340204833,
            0.0,
            0.0,
            0.0,
            1.0000000000000004,
            0.0,
            0.5146394996256959,
            0.16615418735272605,
            -0.13548969425219382,
            -0.239224437849264,
            0.042266142515015266,
            0.15456942926353132,
            0.17287360926030504,
            -0.029130151293245185,
            -0.2417106394853353,
            0.02460923216732505
        ],
        [
            0.13129857339219553,
            0.03993773979417252,
            0.0063409418179791,
            0.1646583340204833,
            0.45278151421267687,
            0.0,
            0.0,
            0.0,
            0.0,
            1.0000000000000004,
            -0.03155294321097966,
            -0.01018704091236699,
            0.008306977275397252,
            0.042266142515015266,
            0.44755970617952207,
            -0.013082376901090964,
            -0.014631597744592531,
            0.0024655044676026986,
            0.024609232167325062,
            0.046966729667800994
        ],
        [
            0.12239747991314154,
            0.30889538006249473,
            0.01908135921065556,
            0.15847938803034453,
            -0.024252577788541074,
            0.5353933461022329,
            0.5523821735771512,
            0.10114712093476988,
            0.5146394996256961,
            -0.03155294321097966,
            0.9999999999999999,
            0.6848602514927513,
            0.0,
            0.0,
            0.0,
            0.5647479924149548,
            0.5633513923389115,
            -0.00031399262564187595,
            -0.5326612480321133,
            0.05792662128394299
        ],
        [
            0.30889538006249473,
            0.6085731588439949,
            0.02074328158954581,
            0.17228241110919212,
            -0.02636489595872911,
            0.5523821735771511,
            0.8746394045815115,
            0.03265590319866207,
            0.1661541873527261,
            -0.010187040912366994,
            0.6848602514927513,
            1.0000000000000002,
            0.0,
            0.0,
            0.0,
            0.5633513923389115,
            0.8854251933469649,
            -9.676506608800775e-05,
            -0.1641535394755863,
            0.017851608219578635
        ],
        [
            -0.019081359210655555,
            -0.020743281589545796,
            0.0475599420357692,
            -0.03559880303245437,
            0.0054477919838902995,
            -0.10114712093476985,
            -0.03265590319866205,
            0.4235219646062157,
            -0.1354896942521938,
            0.008306977275397249,
            0.0,
            0.0,
            1.0000000000000004,
            0.0,
            0.0,
            0.0003139926256418759,
            9.676506608800772e-05,
            0.48425815189340055,
            -0.0004091562375529346,
            4.449551850496728e-05
        ],
        [
            -0.1584793880303445,
            -0.172282411109192,
            -0.03559880303245438,
            -0.24381815283014024,
            0.04524639624421649,
            -0.5146394996256959,
            -0.16615418735272605,
            -0.13548969425219382,
            -0.239224437849264,
            0.042266142515015266,
            0.0,
            0.0,
            0.0,
            1.0000000000000004,
            0.0,
            0.5326612480321133,
            0.16415353947558625,
            -0.0004091562375529346,
            -0.20983966635301646,
            0.07548278680188876
        ],
        [
            0.024252577788541067,
            0.026364895958729106,
            0.005447791983890302,
            0.0452463962442165,
            0.04492194474395527,
            0.03155294321097966,
            0.01018704091236699,
            0.008306977275397252,
            0.042266142515015266,
            0.44755970617952207,
            0.0,
            0.0,
            0.0,
            0.0,
            1.0000000000000004,
            -0.057926621283942964,
            -0.01785160821957863,
            4.449551850496728e-05,
            0.07548278680188876,
            0.4760496810338409
        ],
        [
            0.012126490024774226,
            0.11661703634938211,
            0.0011492227867258753,
            0.014294912717721152,
            -0.001976207579649087,
            0.1180246470758967,
            0.3043282893035214,
            0.015485717547499542,
            0.15456942926353132,
            -0.013082376901090964,
            0.5647479924149548,
            0.5633513923389115,
            0.00031399262564187595,
            0.5326612480321133,
            -0.057926621283942985,
            0.9999999999999999,
            0.6848602514927513,
            0.0,
            0.0,
            0.0
        ],
        [
            0.11661703634938211,
            0.3308401246510386,
            0.0073219257018139645,
            0.09107571659909657,
            -0.012590809403262966,
            0.3043282893035214,
            0.6029366644598277,
            0.017319543050506096,
            0.17287360926030523,
            -0.014631597744592537,
            0.5633513923389115,
            0.8854251933469649,
            9.676506608800775e-05,
            0.1641535394755863,
            -0.017851608219578635,
            0.6848602514927513,
            1.0000000000000002,
            0.0,
            0.0,
            0.0
        ],
        [
            -0.001149222786725876,
            -0.00732192570181396,
            0.001258141055651096,
            -0.0014179436265449464,
            0.0001960243477960842,
            -0.015485717547499533,
            -0.01731954305050609,
            0.046131156649261054,
            -0.029130151293245175,
            0.0024655044676026978,
            -0.0003139926256418759,
            -9.676506608800772e-05,
            0.48425815189340055,
            -0.0004091562375529346,
            4.449551850496728e-05,
            0.0,
            0.0,
            1.0000000000000004,
            0.0,
            0.0
        ],
        [
            -0.01429491271772116,
            -0.09107571659909647,
            -0.0014179436265449469,
            -0.01626533324643939,
            0.0024383008887915807,
            -0.15456942926353132,
            -0.17287360926030523,
            -0.029130151293245185,
            -0.2417106394853353,
            0.024609232167325062,
            -0.5326612480321133,
            -0.16415353947558625,
            -0.0004091562375529346,
            -0.20983966635301646,
            0.07548278680188876,
            0.0,
            0.0,
            0.0,
            1.0000000000000004,
            0.0
        ],
        [
            0.001976207579649088,
            0.012590809403262954,
            0.00019602434779608416,
            0.00243830088879158,
            0.001035050811243837,
            0.01308237690109096,
            0.014631597744592524,
            0.0024655044676026978,
            0.02460923216732505,
            0.046966729667800994,
            0.057926621283942964,
            0.01785160821957863,
            4.449551850496728e-05,
            0.07548278680188876,
            0.4760496810338409,
            0.0,
            0.0,
            0.0,
            0.0,
            1.0000000000000004
        ]
    ],
    "h": [
        [
            -0.2867958080163433,
            -0.47556554302544096,
            -0.012977664389294265,
            -0.2970569823231254,
            0.07363911639051295,
            -0.5967688237594042,
            -0.47100041118881864,
            -0.005056711682390219,
            0.011502180484901814,
            -0.007351947381567053,
            -0.25141171965517267,
            -0.3191495563931873,
            0.0471560694091902,
            0.31644525694592807,
            -0.03365226008081916,
            -0.013026815249496525,
            -0.1399306791775286,
            0.005559970080884815,
            0.06587447973920434,
            -0.00746270478629214
        ],
        [
            -0.47556554302544096,
            -0.31338808233650495,
            -0.01169748684420023,
            -0.24685205963900067,
            0.06008796220621485,
            -0.5483038811614,
            -0.3665770176878762,
            -0.012057363504096641,
            0.11056616545539899,
            -0.04683401648552131,
            -0.3345499732148129,
            -0.3103844529711425,
            0.03888663988623958,
            0.18428051524386646,
            -0.013958122305037568,
            -0.13965311140042413,
            -0.19682915290399638,
            0.004872070692616314,
            0.11984110677049509,
            -0.012732188900962723
        ],
        [
            -0.012977664389294265,
            -0.01169748684420023,
            1.4778880009493538,
            -0.012780691236799598,
            0.0029512313314083625,
            -0.006950966444075411,
            -0.012564872346762143,
            0.4338336362102758,
            -0.039613903108785785,
            0.00881098694444554,
            -0.02001867035304567,
            -0.010140511776825165,
            -0.043913845863612896,
            0.012641220202840642,
            -0.0009642902161972576,
            -0.006331179511209359,
            -0.008205313014344613,
            -0.004124159889327152,
            0.007567977206046097,
            -0.0009321261966682237
        ],
        [
            -0.2970569823231254,
            -0.24685205963900067,
            -0.012780691236799598,
            1.1963972547426158,
            0.06902342141077286,
            -0.07094104732611828,
            -0.2376206456659704,
            -0.04709911307172667,
            -0.5359410316478646,
            0.23355547813165645,
            -0.24280521012149367,
            -0.19026471122868466,
            0.04011445629627991,
            0.178018005730884,
            -0.019193771477717364,
            -0.06589592547529377,
            -0.11893971841347997,
            0.006482234358533774,
            0.08789087777739993,
            -0.011268036806412023
        ],
        [
            0.07363911639051295,
            0.06008796220621485,
            0.0029512313314083625,
            0.06902342141077286,
            1.4615433219118152,
            0.013363923494749547,
            0.056153823728130534,
            0.011009443970424793,
            0.2415139704028093,
            0.37743082245084825,
            0.04796218961837845,
            0.04460244456943618,
            -0.00905011596371566,
            -0.05216892358560682,
            -0.041748093017927715,
            0.009895569965899968,
            0.024435555448707093,
            -0.0010756547837383773,
            -0.014877651521836989,
            -0.002839387676898597
        ],
        [
            -0.5967688237594042,
            -0.5483038811614,
            -0.006950966444075411,
            -0.07094104732611828,
            0.013363923494749547,
            -0.4600314659682976,
            -0.6053702904678946,
            -0.031691179065098815,
            0.06331300724349499,
            -0.056729284109580475,
            -0.5183761743100129,
            -0.51133157399222,
            0.014467636971338294,
            0.05843706225132661,
            -0.007795782911096755,
            -0.24479656512577377,
            -0.3311629222172373,
            0.013203534695704542,
            0.24285987080850616,
            -0.02347740718874183
        ],
        [
            -0.47100041118881864,
            -0.3665770176878762,
            -0.012564872346762143,
            -0.2376206456659704,
            0.056153823728130534,
            -0.6053702904678946,
            -0.4328075880824098,
            -0.029707491588877824,
            0.012197865011073325,
            -0.040719972758196,
            -0.5098474979574201,
            -0.4079282796240804,
            0.04203063213388849,
            0.11781862421539124,
            -0.005811531177158168,
            -0.31434613677522405,
            -0.3082441088106276,
            0.0033468091727407445,
            0.19102463742812043,
            -0.019910110974205003
        ],
        [
            -0.005056711682390219,
            -0.012057363504096641,
            0.4338336362102758,
            -0.04709911307172667,
            0.011009443970424793,
            -0.031691179065098815,
            -0.029707491588877824,
            1.3928379416907892,
            -0.06179294191460474,
            0.006038607808895235,
            -0.011253567239681572,
            -0.03685405978649503,
            0.324307769388714,
            -0.19891489662909123,
            0.012849757679239397,
            -0.04439285739790742,
            -0.0366094232885424,
            -0.04483631137851439,
            0.039833097511873125,
            -0.004017880133976991
        ],
        [
            0.011502180484901814,
            0.11056616545539899,
            -0.039613903108785785,
            -0.5359410316478646,
            0.2415139704028093,
            0.06331300724349499,
            0.012197865011073325,
            -0.06179294191460474,
            0.8471237715900124,
            0.087575168058079,
            -0.05512672717676925,
            -0.11757166904314292,
            -0.19642329989505652,
            -0.7508233624186283,
            0.07709536379303769,
            -0.3128939270739407,
            -0.1838718281671118,
            0.005821883715402855,
            0.1901246318817843,
            -0.023920196295455692
        ],
        [
            -0.007351947381567053,
            -0.04683401648552131,
            0.00881098694444554,
            0.23355547813165645,
            0.37743082245084825,
            -0.056729284109580475,
            -0.040719972758196,
            0.006038607808895235,
            0.087575168058079,
            1.3844277776139484,
            -0.0031592417205799916,
            -0.013218188216357368,
            0.014313040110400837,
            0.08719021130286495,
            0.3541089887843688,
            0.02637347828759979,
            0.006556382486738965,
            -0.00022139326874865382,
            -0.015614446181536304,
            -0.044407601322409326
        ],
        [
            -0.25141171965517267,
            -0.3345499732148129,
            -0.02001867035304567,
            -0.24280521012149367,
            0.04796218961837845,
            -0.5183761743100129,
            -0.5098474979574201,
            -0.011253567239681572,
            -0.05512672717676925,
            -0.0031592417205799916,
            -0.4526966112439341,
            -0.602976504594654,
            0.042210990590260664,
            -0.0636452971937222,
            0.01730706858951285,
            -0.5889154470703291,
            -0.5440785193190958,
            0.004754707037866705,
            0.07141812728173269,
            -0.006180899202033074
        ],
        [
            -0.3191495563931873,
            -0.3103844529711425,
            -0.010140511776825165,
            -0.19026471122868466,
            0.04460244456943618,
            -0.51133157399222,
            -0.4079282796240804,
            -0.03685405978649503,
            -0.11757166904314292,
            -0.013218188216357368,
            -0.602976504594654,
            -0.43320084737798026,
            0.03809092310261236,
            -0.014316353198406517,
            0.009668844209383706,
            -0.46662673749359473,
            -0.3654727949664287,
            0.003954751511149772,
            0.23899452040189872,
            -0.02471730268432904
        ],
        [
            0.0471560694091902,
            0.03888663988623958,
            -0.043913845863612896,
            0.04011445629627991,
            -0.00905011596371566,
            0.014467636971338294,
            0.04203063213388849,
            0.324307769388714,
            -0.19642329989505652,
            0.014313040110400837,
            0.042210990590260664,
            0.03809092310261236,
            1.3954587058854804,
            -0.05231497152781755,
            0.0036615976443993233,
            0.0054129189331787435,
            0.019536260745803627,
            0.4212093597996249,
            -0.012022111803768162,
            0.001111931653202002
        ],
        [
            0.31644525694592807,
            0.18428051524386646,
            0.012641220202840642,
            0.178018005730884,
            -0.05216892358560682,
            0.05843706225132661,
            0.11781862421539124,
            -0.19891489662909123,
            -0.7508233624186283,
            0.08719021130286495,
            -0.0636452971937222,
            -0.014316353198406517,
            -0.05231497152781755,
            0.8385081773537328,
            0.051990255548867256,
            -0.015815459226323214,
            -0.1152131817455678,
            -0.0033262279364810734,
            -0.5990090049367811,
            0.11083104980959987
        ],
        [
            -0.03365226008081916,
            -0.013958122305037568,
            -0.0009642902161972576,
            -0.019193771477717364,
            -0.041748093017927715,
            -0.007795782911096755,
            -0.005811531177158168,
            0.012849757679239397,
            0.07709536379303769,
            0.3541089887843688,
            0.01730706858951285,
            0.009668844209383706,
            0.0036615976443993233,
            0.051990255548867256,
            1.399975099443121,
            0.004730780453597747,
            0.017764018208130145,
            0.0001721930055169666,
            0.10789528948170268,
            0.410337242129146
        ],
        [
            -0.013026815249496525,
            -0.13965311140042413,
            -0.006331179511209359,
            -0.06589592547529377,
            0.009895569965899968,
            -0.24479656512577377,
            -0.31434613677522405,
            -0.04439285739790742,
            -0.3128939270739407,
            0.02637347828759979,
            -0.5889154470703291,
            -0.46662673749359473,
            0.0054129189331787435,
            -0.015815459226323214,
            0.004730780453597747,
            -0.27858083081106,
            -0.47206299740228497,
            0.0016485039034128072,
            0.2983825579924415,
            -0.03154679053384464
        ],
        [
            -0.1399306791775286,
            -0.19682915290399638,
            -0.008205313014344613,
            -0.11893971841347997,
            0.024435555448707093,
            -0.3311629222172373,
            -0.3082441088106276,
            -0.0366094232885424,
            -0.1838718281671118,
            0.006556382486738965,
            -0.5440785193190958,
            -0.3654727949664287,
            0.019536260745803627,
            -0.1152131817455678,
            0.017764018208130145,
            -0.47206299740228497,
            -0.3119408907493313,
            0.002439474461038685,
            0.24955847863770922,
            -0.026130307514039327
        ],
        [
            0.005559970080884815,
            0.004872070692616314,
            -0.004124159889327152,
            0.006482234358533774,
            -0.0010756547837383773,
            0.013203534695704542,
            0.0033468091727407445,
            -0.04483631137851439,
            0.005821883715402855,
            -0.00022139326874865382,
            0.004754707037866705,
            0.003954751511149772,
            0.4212093597996249,
            -0.0033262279364810734,
            0.0001721930055169666,
            0.0016485039034128072,
            0.002439474461038685,
            1.4819922360874802,
            -0.0022740570964593842,
            0.00017892426427510946
        ],
        [
            0.06587447973920434,
            0.11984110677049509,
            0.007567977206046097,
            0.08789087777739993,
            -0.014877651521836989,
            0.24285987080850616,
            0.19102463742812043,
            0.039833097511873125,
            0.1901246318817843,
            -0.015614446181536304,
            0.07141812728173269,
            0.23899452040189872,
            -0.012022111803768162,
            -0.5990090049367811,
            0.10789528948170268,
            0.2983825579924415,
            0.24955847863770922,
            -0.0022740570964593842,
            1.1922040894218375,
            0.03080210126524377
        ],
        [
            -0.00746270478629214,
            -0.012732188900962723,
            -0.0009321261966682237,
            -0.011268036806412023,
            -0.002839387676898597,
            -0.02347740718874183,
            -0.019910110974205003,
            -0.004017880133976991,
            -0.023920196295455692,
            -0.044407601322409326,
            -0.006180899202033074,
            -0.02471730268432904,
            0.001111931653202002,
            0.11083104980959987,
            0.410337242129146,
            -0.03154679053384464,
            -0.026130307514039327,
            0.00017892426427510946,
            0.03080210126524377,
            1.4789287622864742
        ]
    ]
}