{
    "HF": -2.1444859814800887,
    "coordinates": [
        [
            0.80848,
            0.072932,
            0.05586
        ],
        [
            1.473899,
            0.178784,
            -0.131883
        ],
        [
            2.21079,
            -0.094174,
            -0.097059
        ],
        [
            2.879428,
            0.085128,
            0.168143
        ]
    ],
    "elements": [
        "H",
        "H",
        "H",
        "H"
    ],
    "Enn": 3.1382341484922778,
    "S": [
        [
            0.9999999999999999,
            0.6848602514927513,
            0.0,
            0.0,
            0.0,
            0.6035776974186093,
            0.5771806673340862,
            0.14637872039332947,
            -0.5188112565869774,
            -0.08253026909698209,
            0.1531825949112055,
            0.3384642142301244,
            0.021507487311306563,
            -0.1972296740857467,
            0.023502835976191284,
            0.022784701709711922,
            0.1527541129849283,
            -0.0015573797353304257,
            -0.028724316665239398,
            -0.00016916009771817547
        ],
        [
            0.6848602514927513,
            1.0000000000000002,
            0.0,
            0.0,
            0.0,
            0.5771806673340862,
            0.89890998221179,
            0.0425647737235184,
            -0.15086266420761307,
            -0.023998585450226446,
            0.3384642142301244,
            0.6443305270420151,
            0.01960165700620793,
            -0.17975267714525617,
            0.021420193015121616,
            0.1527541129849283,
            0.3917878117157992,
            -0.006139374371889602,
            -0.11323463994296575,
            -0.0006668490318175075
        ],
        [
            0.0,
            0.0,
            1.0000000000000004,
            0.0,
            0.0,
            -0.14637872039332944,
            -0.042564773723518384,
            0.4814100409491148,
            0.17186410931646878,
            0.027339405245968118,
            -0.021507487311306552,
            -0.01960165700620792,
            0.06843459391891374,
            0.04056143261481385,
            -0.004833495274604818,
            0.001557379735330426,
            0.006139374371889598,
            0.003635222582554354,
            -0.002268815158331969,
            -1.336125758397443e-05
        ],
        [
            0.0,
            0.0,
            0.0,
            1.0000000000000004,
            0.0,
            0.5188112565869774,
            0.1508626642076129,
            0.17186410931646892,
            -0.07923910661992947,
            -0.09689927027567934,
            0.19722967408574665,
            0.17975267714525614,
            0.040561432614813854,
            -0.2991019476226803,
            0.044324503551102755,
            0.02872431666523939,
            0.1132346399429657,
            -0.0022688151583319686,
            -0.03808780023528241,
            -0.00024643507628952454
        ],
        [
            0.0,
            0.0,
            0.0,
            0.0,
            1.0000000000000004,
            0.08253026909698209,
            0.02399858545022647,
            0.027339405245968118,
            -0.09689927027567928,
            0.5144858952877804,
            -0.02350283597619127,
            -0.021420193015121606,
            -0.004833495274604821,
            0.044324503551102776,
            0.06757581320966555,
            0.00016916009771817493,
            0.0006668490318175128,
            -1.336125758397443e-05,
            -0.0002464350762895246,
            0.0037567822983137853
        ],
        [
            0.6035776974186093,
            0.5771806673340862,
            -0.14637872039332947,
            0.5188112565869774,
            0.08253026909698209,
            0.9999999999999999,
            0.6848602514927513,
            0.0,
            0.0,
            0.0,
            0.5334543370688776,
            0.5516411068618594,
            -0.02322762173570148,
            -0.4915065876534227,
            0.18206309366338164,
            0.14592331414996965,
            0.33185690398681106,
            -0.0397636045286807,
            -0.18628018674912195,
            0.01241259139453954
        ],
        [
            0.5771806673340862,
            0.89890998221179,
            -0.042564773723518384,
            0.15086266420761307,
            0.02399858545022647,
            0.6848602514927513,
            1.0000000000000002,
            0.0,
            0.0,
            0.0,
            0.5516411068618594,
            0.8739078047911106,
            -0.0075228922264223876,
            -0.15918767446647744,
            0.058966046873989236,
            0.33185690398681106,
            0.6364465826105246,
            -0.037655929274616945,
            -0.17640638017179563,
            0.011754660303252137
        ],
        [
            0.14637872039332944,
            0.0425647737235184,
            0.4814100409491148,
            0.17186410931646892,
            0.027339405245968118,
            0.0,
            0.0,
            1.0000000000000004,
            0.0,
            0.0,
            0.02322762173570148,
            0.007522892226422386,
            0.4465017545705638,
            -0.029840542168545366,
            0.011053486484760715,
            0.03976360452868069,
            0.0376559292746169,
            0.0518818914000201,
            -0.07412166112167899,
            0.004939021744846223
        ],
        [
            -0.5188112565869774,
            -0.15086266420761307,
            0.17186410931646878,
            -0.07923910661992929,
            -0.09689927027567928,
            0.0,
            0.0,
            0.0,
            1.0000000000000004,
            0.0,
            0.4915065876534227,
            0.1591876744664774,
            -0.029840542168545387,
            -0.18352690370819824,
            0.23389658595341736,
            0.18628018674912186,
            0.17640638017179514,
            -0.07412166112167895,
            -0.2795330585361952,
            0.02313778903832323
        ],
        [
            -0.08253026909698209,
            -0.023998585450226446,
            0.027339405245968118,
            -0.09689927027567934,
            0.5144858952877804,
            0.0,
            0.0,
            0.0,
            0.0,
            1.0000000000000004,
            -0.18206309366338164,
            -0.058966046873989215,
            0.011053486484760728,
            0.23389658595341747,
            0.36127235528600815,
            -0.01241259139453954,
            -0.01175466030325212,
            0.004939021744846223,
            0.023137789038323243,
            0.06616223191915534
        ],
        [
            0.1531825949112055,
            0.3384642142301244,
            -0.021507487311306563,
            0.1972296740857467,
            -0.023502835976191284,
            0.5334543370688776,
            0.5516411068618594,
            0.023227621735701483,
            0.4915065876534227,
            -0.18206309366338164,
            0.9999999999999999,
            0.6848602514927513,
            0.0,
            0.0,
            0.0,
            0.5696497138521406,
            0.5651387439120421,
            -0.19220579371086685,
            -0.48459701471047195,
            -0.12994956004836256
        ],
        [
            0.3384642142301244,
            0.6443305270420151,
            -0.01960165700620794,
            0.17975267714525617,
            -0.021420193015121616,
            0.5516411068618594,
            0.8739078047911106,
            0.0075228922264223876,
            0.15918767446647744,
            -0.058966046873989236,
            0.6848602514927513,
            1.0000000000000002,
            0.0,
            0.0,
            0.0,
            0.5651387439120421,
            0.8871750549451507,
            -0.05878814389907352,
            -0.14821904420173584,
            -0.03974642641228831
        ],
        [
            0.021507487311306552,
            0.019601657006207928,
            0.06843459391891374,
            0.04056143261481383,
            -0.004833495274604818,
            -0.02322762173570148,
            -0.007522892226422386,
            0.44650175457056385,
            -0.02984054216854539,
            0.011053486484760724,
            0.0,
            0.0,
            1.0000000000000004,
            0.0,
            0.0,
            0.19220579371086685,
            0.058788143899073525,
            0.40052044565620654,
            -0.2255727803574449,
            -0.060489608223957624
        ],
        [
            -0.19722967408574665,
            -0.17975267714525614,
            0.04056143261481387,
            -0.2991019476226803,
            0.044324503551102776,
            -0.4915065876534227,
            -0.1591876744664774,
            -0.029840542168545363,
            -0.18352690370819824,
            0.23389658595341736,
            0.0,
            0.0,
            0.0,
            1.0000000000000004,
            0.0,
            0.48459701471047195,
            0.1482190442017358,
            -0.2255727803574449,
            -0.07873379524339912,
            -0.15250884481885726
        ],
        [
            0.02350283597619127,
            0.021420193015121613,
            -0.004833495274604821,
            0.044324503551102755,
            0.06757581320966555,
            0.18206309366338164,
            0.05896604687398923,
            0.011053486484760717,
            0.23389658595341747,
            0.36127235528600815,
            0.0,
            0.0,
            0.0,
            0.0,
            1.0000000000000004,
            0.12994956004836253,
            0.039746426412288295,
            -0.060489608223957624,
            -0.15250884481885726,
            0.4490926350959996
        ],
        [
            0.022784701709711922,
            0.1527541129849283,
            0.001557379735330426,
            0.028724316665239398,
            0.00016916009771817547,
            0.14592331414996965,
            0.33185690398681106,
            0.0397636045286807,
            0.18628018674912195,
            -0.01241259139453954,
            0.5696497138521406,
            0.5651387439120421,
            0.19220579371086685,
            0.48459701471047195,
            0.12994956004836256,
            0.9999999999999999,
            0.6848602514927513,
            0.0,
            0.0,
            0.0
        ],
        [
            0.1527541129849283,
            0.3917878117157992,
            0.006139374371889599,
            0.11323463994296575,
            0.0006668490318175075,
            0.33185690398681106,
            0.6364465826105246,
            0.037655929274616945,
            0.1764063801717954,
            -0.011754660303252123,
            0.5651387439120421,
            0.8871750549451507,
            0.05878814389907352,
            0.14821904420173584,
            0.03974642641228831,
            0.6848602514927513,
            1.0000000000000002,
            0.0,
            0.0,
            0.0
        ],
        [
            -0.0015573797353304257,
            -0.0061393743718896,
            0.003635222582554354,
            -0.002268815158331968,
            -1.3361257583974427e-05,
            -0.03976360452868069,
            -0.0376559292746169,
            0.0518818914000201,
            -0.07412166112167895,
            0.004939021744846223,
            -0.19220579371086685,
            -0.058788143899073525,
            0.40052044565620654,
            -0.2255727803574449,
            -0.060489608223957624,
            0.0,
            0.0,
            1.0000000000000004,
            0.0,
            0.0
        ],
        [
            -0.02872431666523939,
            -0.1132346399429657,
            -0.0022688151583319695,
            -0.03808780023528241,
            -0.0002464350762895246,
            -0.18628018674912178,
            -0.17640638017179514,
            -0.07412166112167899,
            -0.2795330585361952,
            0.023137789038323243,
            -0.48459701471047195,
            -0.1482190442017358,
            -0.2255727803574449,
            -0.07873379524339912,
            -0.15250884481885726,
            0.0,
            0.0,
            0.0,
            1.0000000000000004,
            0.0
        ],
        [
            -0.00016916009771817493,
            -0.0006668490318175128,
            -1.3361257583974432e-05,
            -0.00024643507628952454,
            0.0037567822983137853,
            0.01241259139453954,
            0.01175466030325212,
            0.004939021744846223,
            0.02313778903832323,
            0.06616223191915534,
            -0.12994956004836253,
            -0.039746426412288295,
            -0.060489608223957624,
            -0.15250884481885726,
            0.4490926350959996,
            0.0,
            0.0,
            0.0,
            0.0,
            1.0000000000000004
        ]
    ],
    "h": [
        [
            -0.31712263041044175,
            -0.48914494670231146,
            0.0883147185910291,
            -0.3160196989070104,
            -0.04334336484133819,
            -0.6249133299091221,
            -0.48683816966135907,
            -0.0046594978292580636,
            0.0002534125196782533,
            0.021635194459910995,
            -0.2858189902613463,
            -0.3426587711342347,
            -0.0020275070748545856,
            0.33016226720920283,
            -0.0721269703488834,
            -0.038263993669820626,
            -0.17499811107264712,
            0.014153802851353153,
            0.09886058543675752,
            0.00028371745290064554
        ],
        [
            -0.48914494670231146,
            -0.3219797940879614,
            0.06912272187332522,
            -0.2581823016907637,
            -0.031119263720061723,
            -0.5656926132309918,
            -0.37543541521952895,
            -0.0646228525341581,
            0.10541190336785622,
            0.07424775042370069,
            -0.36258443681039326,
            -0.3273614580479609,
            -0.01297425441305395,
            0.18257855883899204,
            -0.07845141567208345,
            -0.17265703108636843,
            -0.22483038252863274,
            0.03898154721654548,
            0.13212868155506768,
            0.016934046692060143
        ],
        [
            0.0883147185910291,
            0.06912272187332522,
            1.4503992912872923,
            0.07926133799163329,
            0.011510872425318779,
            0.012858813076369713,
            0.06362975196487689,
            0.419639863302508,
            0.25593993843366664,
            0.035260054450408904,
            0.047358617061372454,
            0.050131622085871824,
            -0.04589180895552458,
            -0.050738073019720525,
            0.015580579263047989,
            0.003542132101574635,
            0.025868894749816435,
            -0.01169102957615792,
            -0.004377741977395108,
            -9.938206144562434e-05
        ],
        [
            -0.3160196989070104,
            -0.2581823016907637,
            0.07926133799163329,
            1.1750933774415406,
            -0.038134157204474474,
            -0.07647493536943095,
            -0.2526866501460576,
            0.2417224065528828,
            -0.45182953049529595,
            -0.11044046928780932,
            -0.26103010369152524,
            -0.2059643638126688,
            0.007901367080405217,
            0.10195375108985238,
            -0.0645684964075581,
            -0.10073752676178033,
            -0.14099612753510515,
            0.020083518125456584,
            0.13433059623733615,
            0.005006536929160995
        ],
        [
            -0.04334336484133819,
            -0.031119263720061723,
            0.011510872425318779,
            -0.038134157204474474,
            1.465172591040546,
            0.005580980247078288,
            -0.025404777272777262,
            0.04128095512972641,
            -0.1394967083172146,
            0.46511905637727446,
            -0.0030520761975679975,
            -0.02046089292558349,
            -0.0010096845493174581,
            0.0339690909641268,
            -0.050727746932087786,
            0.0028929048616204533,
            -0.00700751288424311,
            -0.0001923961760143678,
            0.0009889109225403952,
            -0.010923171850248922
        ],
        [
            -0.6249133299091221,
            -0.5656926132309918,
            0.012858813076369713,
            -0.07647493536943095,
            0.005580980247078288,
            -0.48390897774799146,
            -0.615113085428886,
            -0.0918756876161441,
            0.08166963413898824,
            0.12276705661680959,
            -0.5337588056358333,
            -0.5247955375193618,
            -0.024476236659008145,
            0.07803305195372734,
            -0.03487970239944921,
            -0.2715175636114935,
            -0.3579465459487737,
            0.0703221919451145,
            0.24436212272373198,
            0.02038111442585136
        ],
        [
            -0.48683816966135907,
            -0.37543541521952895,
            0.06362975196487689,
            -0.2526866501460576,
            -0.025404777272777262,
            -0.615113085428886,
            -0.43586143256687726,
            -0.07315696464385504,
            0.01579792702049289,
            0.1009928383906767,
            -0.5197762231461829,
            -0.4161082086156749,
            -0.04037156035099608,
            0.12449077670611042,
            -0.1016102689458048,
            -0.3315550794727454,
            -0.3243129144738215,
            0.06710257043687395,
            0.18789162015793248,
            0.037165586465161764
        ],
        [
            -0.0046594978292580636,
            -0.0646228525341581,
            0.419639863302508,
            0.2417224065528828,
            0.04128095512972641,
            -0.0918756876161441,
            -0.07315696464385504,
            1.3732231263962784,
            0.059253445303490096,
            0.016360371918659675,
            -0.03199864298423454,
            -0.05288111719992833,
            0.3470096573911068,
            -0.022669027186765736,
            0.006666708541311406,
            -0.033320168930613875,
            -0.03022849755559405,
            -0.03988524458393136,
            0.008065014668988235,
            0.004942565075818515
        ],
        [
            0.0002534125196782533,
            0.10541190336785622,
            0.25593993843366664,
            -0.45182953049529595,
            -0.1394967083172146,
            0.08166963413898824,
            0.01579792702049289,
            0.059253445303490096,
            0.8397293985357197,
            0.03983299989212281,
            -0.06407718368539184,
            -0.11218896709320264,
            -0.07403317822358858,
            -0.6857178166786427,
            0.3082617474406612,
            -0.3178082071809732,
            -0.17669551896731372,
            0.06400694513695984,
            0.10001568935540706,
            0.04692814893745245
        ],
        [
            0.021635194459910995,
            0.07424775042370069,
            0.035260054450408904,
            -0.11044046928780932,
            0.46511905637727446,
            0.12276705661680959,
            0.1009928383906767,
            0.016360371918659675,
            0.03983299989212281,
            1.3593191145075063,
            0.026184428421960004,
            0.0890085219888761,
            0.021121959477256296,
            0.3121404971238771,
            0.24259285739010805,
            0.06251999276751327,
            0.07114167323950249,
            -0.020423469475632176,
            -0.05959388361202126,
            -0.05448823622231151
        ],
        [
            -0.2858189902613463,
            -0.36258443681039326,
            0.047358617061372454,
            -0.26103010369152524,
            -0.0030520761975679975,
            -0.5337588056358333,
            -0.5197762231461829,
            -0.03199864298423454,
            -0.06407718368539184,
            0.026184428421960004,
            -0.45490992378289485,
            -0.6041603854796229,
            -0.0916642314566693,
            -0.04563349220674834,
            -0.14480770019185896,
            -0.5983249365160437,
            -0.5517132417404341,
            0.02224605214424874,
            0.07731535634588627,
            0.002007000870818093
        ],
        [
            -0.3426587711342347,
            -0.3273614580479609,
            0.050131622085871824,
            -0.2059643638126688,
            -0.02046089292558349,
            -0.5247955375193618,
            -0.4161082086156749,
            -0.05288111719992833,
            -0.11218896709320264,
            0.0890085219888761,
            -0.6041603854796229,
            -0.4345977065000226,
            -0.07150136469827548,
            0.0035950412223701156,
            -0.12010860600854528,
            -0.4731059070888015,
            -0.37404129899999505,
            0.08381981990551626,
            0.22989828976606763,
            0.04584329098710348
        ],
        [
            -0.0020275070748545856,
            -0.01297425441305395,
            -0.04589180895552458,
            0.007901367080405217,
            -0.0010096845493174581,
            -0.024476236659008145,
            -0.04037156035099608,
            0.3470096573911068,
            -0.07403317822358858,
            0.021121959477256296,
            -0.0916642314566693,
            -0.07150136469827548,
            1.3666468368352522,
            -0.1006068310652925,
            -0.020453756928358005,
            -0.008241021859725972,
            -0.07179811887956496,
            0.30275650687231537,
            -0.3164648935344149,
            -0.08690118859477489
        ],
        [
            0.33016226720920283,
            0.18257855883899204,
            -0.050738073019720525,
            0.10195375108985238,
            0.0339690909641268,
            0.07803305195372734,
            0.12449077670611042,
            -0.022669027186765736,
            -0.6857178166786427,
            0.3121404971238771,
            -0.04563349220674834,
            0.0035950412223701156,
            -0.1006068310652925,
            0.8869413010851408,
            0.023242996417734203,
            -0.0115001463774419,
            -0.0908204194835463,
            -0.3302750190397908,
            -0.4269873168596743,
            -0.2173515222633593
        ],
        [
            -0.0721269703488834,
            -0.07845141567208345,
            0.015580579263047989,
            -0.0645684964075581,
            -0.050727746932087786,
            -0.03487970239944921,
            -0.1016102689458048,
            0.006666708541311406,
            0.3082617474406612,
            0.24259285739010805,
            -0.14480770019185896,
            -0.12010860600854528,
            -0.020453756928358005,
            0.023242996417734203,
            1.3567748539259648,
            -0.023363620952322,
            -0.09109989342093902,
            -0.07835583350575484,
            -0.186671995777146,
            0.37078546819567904
        ],
        [
            -0.038263993669820626,
            -0.17265703108636843,
            0.003542132101574635,
            -0.10073752676178033,
            0.0028929048616204533,
            -0.2715175636114935,
            -0.3315550794727454,
            -0.033320168930613875,
            -0.3178082071809732,
            0.06251999276751327,
            -0.5983249365160437,
            -0.4731059070888015,
            -0.008241021859725972,
            -0.0115001463774419,
            -0.023363620952322,
            -0.2870218173947299,
            -0.4772753690794993,
            0.1099476135262391,
            0.2793091279490386,
            0.06836953549852778
        ],
        [
            -0.17499811107264712,
            -0.22483038252863274,
            0.025868894749816435,
            -0.14099612753510515,
            -0.00700751288424311,
            -0.3579465459487737,
            -0.3243129144738215,
            -0.03022849755559405,
            -0.17669551896731372,
            0.07114167323950249,
            -0.5517132417404341,
            -0.37404129899999505,
            -0.07179811887956496,
            -0.0908204194835463,
            -0.09109989342093902,
            -0.4772753690794993,
            -0.3194365065966085,
            0.09010178571581415,
            0.2360002472449919,
            0.05317504187544404
        ],
        [
            0.014153802851353153,
            0.03898154721654548,
            -0.01169102957615792,
            0.020083518125456584,
            -0.0001923961760143678,
            0.0703221919451145,
            0.06710257043687395,
            -0.03988524458393136,
            0.06400694513695984,
            -0.020423469475632176,
            0.02224605214424874,
            0.08381981990551626,
            0.30275650687231537,
            -0.3302750190397908,
            -0.07835583350575484,
            0.1099476135262391,
            0.09010178571581415,
            1.445029150796817,
            -0.09533589300441095,
            -0.023519601724751087
        ],
        [
            0.09886058543675752,
            0.13212868155506768,
            -0.004377741977395108,
            0.13433059623733615,
            0.0009889109225403952,
            0.24436212272373198,
            0.18789162015793248,
            0.008065014668988235,
            0.10001568935540706,
            -0.05959388361202126,
            0.07731535634588627,
            0.22989828976606763,
            -0.3164648935344149,
            -0.4269873168596743,
            -0.186671995777146,
            0.2793091279490386,
            0.2360002472449919,
            -0.09533589300441095,
            1.2308661068887865,
            -0.05794159583744947
        ],
        [
            0.00028371745290064554,
            0.016934046692060143,
            -9.938206144562434e-05,
            0.005006536929160995,
            -0.010923171850248922,
            0.02038111442585136,
            0.037165586465161764,
            0.004942565075818515,
            0.04692814893745245,
            -0.05448823622231151,
            0.002007000870818093,
            0.04584329098710348,
            -0.08690118859477489,
            -0.2173515222633593,
            0.37078546819567904,
            0.06836953549852778,
            0.05317504187544404,
            -0.023519601724751087,
            -0.05794159583744947,
            1.4657450005074262
        ]
    ]
}