{
    "HF": -2.153321184264091,
    "coordinates": [
        [
            0.76499,
            0.084316,
            0.013087
        ],
        [
            1.416429,
            -0.163029,
            -0.016092
        ],
        [
            2.20043,
            -0.114622,
            -0.17271
        ],
        [
            3.006985,
            -0.011943,
            0.108356
        ]
    ],
    "elements": [
        "H",
        "H",
        "H",
        "H"
    ],
    "Enn": 2.9625705220857297,
    "S": [
        [
            0.9999999999999999,
            0.6848602514927513,
            0.0,
            0.0,
            0.0,
            0.6052276505470676,
            0.5777520414121333,
            0.02282862316697265,
            -0.5096629578556324,
            0.19351402711658555,
            0.13857343314766854,
            0.3249515511147225,
            0.023116833454016612,
            -0.17859721854084626,
            0.024751834602685492,
            0.012453784033076854,
            0.11795865585906815,
            -0.000632298571587929,
            -0.014880078892475822,
            0.0006388691830761576
        ],
        [
            0.6848602514927513,
            1.0000000000000002,
            0.0,
            0.0,
            0.0,
            0.5777520414121333,
            0.899464461846467,
            0.006622403286017233,
            -0.14784919888412168,
            0.0561368909414282,
            0.3249515511147225,
            0.6281431499647125,
            0.0228005662672943,
            -0.17615378527492317,
            0.024413198555859314,
            0.11795865585906815,
            0.3332201222583265,
            -0.003947589445859622,
            -0.09289984989524452,
            0.003988611326549049
        ],
        [
            0.0,
            0.0,
            1.0000000000000004,
            0.0,
            0.0,
            -0.022828623166972647,
            -0.006622403286017235,
            0.5306753597484274,
            0.02624618941097251,
            -0.009965420737562531,
            -0.02311683345401662,
            -0.022800566267294292,
            0.0569967784673898,
            0.04334948481058631,
            -0.0060078162857719036,
            0.0006322985715879285,
            0.003947589445859618,
            0.001398271882970988,
            -0.0007940830090171775,
            3.4093580210921294e-05
        ],
        [
            0.0,
            0.0,
            0.0,
            1.0000000000000004,
            0.0,
            0.5096629578556322,
            0.14784919888412149,
            0.02624618941097251,
            -0.054111243228345735,
            0.22248410568754914,
            0.1785972185408462,
            0.1761537852749232,
            0.04334948481058631,
            -0.2723039310752326,
            0.04641549545605375,
            0.014880078892475807,
            0.09289984989524434,
            -0.0007940830090171775,
            -0.01725538754470396,
            0.0008023348241818901
        ],
        [
            0.0,
            0.0,
            0.0,
            0.0,
            1.0000000000000004,
            -0.19351402711658552,
            -0.05613689094142817,
            -0.009965420737562528,
            0.2224841056875491,
            0.4473759356113032,
            -0.024751834602685496,
            -0.024413198555859307,
            -0.0060078162857719036,
            0.04641549545605375,
            0.056175008413828574,
            -0.000638869183076157,
            -0.003988611326549046,
            3.4093580210921294e-05,
            0.0008023348241818901,
            0.0013975669511335543
        ],
        [
            0.6052276505470676,
            0.5777520414121333,
            -0.02282862316697265,
            0.5096629578556324,
            -0.19351402711658555,
            0.9999999999999999,
            0.6848602514927513,
            0.0,
            0.0,
            0.0,
            0.5221092462753203,
            0.5472626636464419,
            0.10165996750731299,
            -0.5088911631211027,
            -0.03142074376589216,
            0.09583702538765689,
            0.27935491990258826,
            -0.009880279840113937,
            -0.1262787540287692,
            -0.011995146245206473
        ],
        [
            0.5777520414121333,
            0.899464461846467,
            -0.006622403286017233,
            0.1478491988841215,
            -0.0561368909414282,
            0.6848602514927513,
            1.0000000000000002,
            0.0,
            0.0,
            0.0,
            0.5472626636464419,
            0.8695776377536587,
            0.033546972901715835,
            -0.1679299972028639,
            -0.010368593119905487,
            0.27935491990258826,
            0.5715290559639623,
            -0.012991022724698563,
            -0.16603681168765774,
            -0.015771741284583186
        ],
        [
            0.022828623166972647,
            0.006622403286017235,
            0.5306753597484274,
            0.02624618941097251,
            -0.009965420737562531,
            0.0,
            0.0,
            1.0000000000000004,
            0.0,
            0.0,
            -0.10165996750731299,
            -0.03354697290171584,
            0.40715614451252924,
            0.1386206638528443,
            0.00855893101555309,
            0.009880279840113937,
            0.01299102272469856,
            0.03422666987489316,
            -0.01832552237146928,
            -0.0017407308343848362
        ],
        [
            -0.5096629578556324,
            -0.1478491988841213,
            0.02624618941097251,
            -0.054111243228345735,
            0.22248410568754914,
            0.0,
            0.0,
            0.0,
            1.0000000000000004,
            0.0,
            0.5088911631211027,
            0.1679299972028639,
            0.1386206638528443,
            -0.25906157198512125,
            -0.04284443981614269,
            0.1262787540287692,
            0.16603681168765788,
            -0.01832552237146928,
            -0.19855596421901178,
            -0.022248086534261764
        ],
        [
            0.19351402711658552,
            0.05613689094142817,
            -0.009965420737562528,
            0.2224841056875491,
            0.4473759356113032,
            0.0,
            0.0,
            0.0,
            0.0,
            1.0000000000000004,
            0.031420743765892184,
            0.01036859311990551,
            0.008558931015553085,
            -0.042844439816142665,
            0.432202694622956,
            0.011995146245206468,
            0.015771741284583172,
            -0.0017407308343848355,
            -0.022248086534261757,
            0.033547159191817014
        ],
        [
            0.13857343314766854,
            0.3249515511147225,
            -0.023116833454016612,
            0.17859721854084626,
            -0.024751834602685492,
            0.5221092462753203,
            0.5472626636464419,
            -0.10165996750731299,
            0.5088911631211027,
            0.031420743765892184,
            0.9999999999999999,
            0.6848602514927513,
            0.0,
            0.0,
            0.0,
            0.4761419440834127,
            0.5287389117260911,
            -0.16234475955964556,
            -0.4658691465585661,
            -0.05930776958730279
        ],
        [
            0.3249515511147225,
            0.6281431499647125,
            -0.022800566267294285,
            0.17615378527492317,
            -0.024413198555859314,
            0.5472626636464419,
            0.8695776377536587,
            -0.033546972901715835,
            0.1679299972028639,
            0.01036859311990551,
            0.6848602514927513,
            1.0000000000000002,
            0.0,
            0.0,
            0.0,
            0.5287389117260911,
            0.851110289112106,
            -0.05803021736708125,
            -0.16652516479583537,
            -0.021199592583359538
        ],
        [
            0.02311683345401662,
            0.022800566267294303,
            0.0569967784673898,
            0.04334948481058631,
            -0.0060078162857719036,
            0.10165996750731299,
            0.033546972901715835,
            0.40715614451252924,
            0.1386206638528443,
            0.008558931015553085,
            0.0,
            0.0,
            1.0000000000000004,
            0.0,
            0.0,
            0.16234475955964556,
            0.058030217367081215,
            0.3041594624293282,
            -0.22519509302035848,
            -0.02866860531053354
        ],
        [
            -0.1785972185408462,
            -0.1761537852749232,
            0.04334948481058631,
            -0.2723039310752326,
            0.04641549545605375,
            -0.5088911631211027,
            -0.1679299972028639,
            0.1386206638528443,
            -0.25906157198512125,
            -0.042844439816142665,
            0.0,
            0.0,
            0.0,
            1.0000000000000004,
            0.0,
            0.46586914655856615,
            0.16652516479583532,
            -0.22519509302035856,
            -0.2635914437335366,
            -0.08226824644829824
        ],
        [
            0.024751834602685496,
            0.024413198555859307,
            -0.0060078162857719036,
            0.04641549545605375,
            0.056175008413828574,
            -0.03142074376589216,
            -0.010368593119905487,
            0.00855893101555309,
            -0.04284443981614269,
            0.432202694622956,
            0.0,
            0.0,
            0.0,
            0.0,
            1.0000000000000004,
            0.059307769587302786,
            0.021199592583359538,
            -0.02866860531053355,
            -0.08226824644829824,
            0.37216159835036916
        ],
        [
            0.012453784033076854,
            0.11795865585906815,
            0.000632298571587929,
            0.014880078892475822,
            -0.0006388691830761576,
            0.09583702538765689,
            0.27935491990258826,
            0.009880279840113937,
            0.1262787540287692,
            0.011995146245206473,
            0.4761419440834127,
            0.5287389117260911,
            0.16234475955964556,
            0.4658691465585661,
            0.05930776958730279,
            0.9999999999999999,
            0.6848602514927513,
            0.0,
            0.0,
            0.0
        ],
        [
            0.11795865585906815,
            0.3332201222583265,
            0.003947589445859621,
            0.09289984989524445,
            -0.003988611326549048,
            0.27935491990258826,
            0.5715290559639623,
            0.012991022724698563,
            0.16603681168765794,
            0.01577174128458318,
            0.5287389117260911,
            0.851110289112106,
            0.05803021736708123,
            0.16652516479583537,
            0.02119959258335954,
            0.6848602514927513,
            1.0000000000000002,
            0.0,
            0.0,
            0.0
        ],
        [
            -0.0006322985715879284,
            -0.0039475894458596205,
            0.001398271882970988,
            -0.0007940830090171775,
            3.4093580210921294e-05,
            -0.009880279840113937,
            -0.01299102272469856,
            0.03422666987489316,
            -0.01832552237146928,
            -0.0017407308343848362,
            -0.16234475955964556,
            -0.058030217367081194,
            0.3041594624293282,
            -0.22519509302035848,
            -0.02866860531053354,
            0.0,
            0.0,
            1.0000000000000004,
            0.0,
            0.0
        ],
        [
            -0.014880078892475812,
            -0.09289984989524434,
            -0.0007940830090171775,
            -0.01725538754470396,
            0.0008023348241818901,
            -0.1262787540287692,
            -0.16603681168765771,
            -0.01832552237146928,
            -0.19855596421901178,
            -0.022248086534261764,
            -0.46586914655856615,
            -0.16652516479583532,
            -0.22519509302035856,
            -0.2635914437335366,
            -0.08226824644829824,
            0.0,
            0.0,
            0.0,
            1.0000000000000004,
            0.0
        ],
        [
            0.000638869183076157,
            0.003988611326549045,
            3.4093580210921294e-05,
            0.0008023348241818901,
            0.0013975669511335543,
            -0.011995146245206468,
            -0.01577174128458317,
            -0.0017407308343848355,
            -0.022248086534261757,
            0.033547159191817014,
            -0.0593077695873028,
            -0.02119959258335953,
            -0.02866860531053355,
            -0.08226824644829824,
            0.37216159835036916,
            0.0,
            0.0,
            0.0,
            0.0,
            1.0000000000000004
        ]
    ],
    "h": [
        [
            -0.3206402477013668,
            -0.4897755393849228,
            0.017489172791782463,
            -0.309080879633966,
            0.11451432024973561,
            -0.6277837034846905,
            -0.4888560874333894,
            0.011144360787894884,
            -0.0029633965721687083,
            -0.011303125900467281,
            -0.2756268453435029,
            -0.3371285944790969,
            -0.04457683890945057,
            0.3283482777476504,
            -0.008494169221415188,
            -0.011880565627215095,
            -0.13932954192251717,
            0.005232776278688841,
            0.062423921302653035,
            0.0015628675529944344
        ],
        [
            -0.4897755393849228,
            -0.32101058235033975,
            0.015359763281363653,
            -0.25118568794714435,
            0.08955178685425401,
            -0.5643341280331668,
            -0.3732635319123061,
            0.013787868196016222,
            0.10422759992872996,
            -0.08571666553652543,
            -0.34442431969364395,
            -0.3204076148098467,
            -0.04981359306376572,
            0.19129059274115232,
            0.0003437877998113334,
            -0.1335944604213209,
            -0.19585564714963383,
            0.024234565319213957,
            0.1039004217074167,
            0.009772506323552393
        ],
        [
            0.017489172791782463,
            0.015359763281363653,
            1.4607950728868815,
            0.015881603987501002,
            -0.005129627405477609,
            0.009731948510584586,
            0.01621714998919782,
            0.4862388839372428,
            0.04193884105888121,
            -0.012705959003309841,
            0.02213366634559063,
            0.012692422663096052,
            -0.044163070189775985,
            -0.010610818409542574,
            -0.0010594945863032414,
            0.002582238379610226,
            0.007102315670124414,
            -0.005150319866619581,
            -0.0007129255819048439,
            -0.00026256407881363657
        ],
        [
            -0.309080879633966,
            -0.25118568794714435,
            0.015881603987501002,
            1.1765289116721354,
            0.10220651770932092,
            -0.07487213812138704,
            -0.24657139040889775,
            0.05219373452955909,
            -0.41137896499467685,
            0.31212618128274794,
            -0.25125658422712205,
            -0.19875349067655917,
            -0.03862680231173213,
            0.14191768625683376,
            0.007593632896515462,
            -0.06681007169433761,
            -0.12030175811814114,
            0.009771048930626887,
            0.08605559477296035,
            0.0012230105589113626
        ],
        [
            0.11451432024973561,
            0.08955178685425401,
            -0.005129627405477609,
            0.10220651770932092,
            1.423912474914298,
            0.016200431784230584,
            0.08326784642213014,
            -0.01753229749916943,
            0.3317142836325213,
            0.368518755830076,
            0.061271313310732184,
            0.06526695078850103,
            0.012214114380223823,
            -0.07074219610829485,
            -0.04756826705317853,
            0.006063355033730367,
            0.029246680142071015,
            -0.0011809863207706212,
            -0.010048976130975131,
            -0.005112044051197025
        ],
        [
            -0.6277837034846905,
            -0.5643341280331668,
            0.009731948510584586,
            -0.07487213812138704,
            0.016200431784230584,
            -0.4856247393703095,
            -0.613419117213206,
            0.03034634249765014,
            0.0829668608507875,
            -0.12172127068825006,
            -0.5104201164637693,
            -0.5137131985353527,
            -0.02752191502802931,
            0.08967015982382476,
            -0.01201074529815245,
            -0.20302650471423228,
            -0.31014456972656756,
            0.03901887559829378,
            0.20421364832467964,
            0.021543759469263457
        ],
        [
            -0.4888560874333894,
            -0.3732635319123061,
            0.01621714998919782,
            -0.24657139040889775,
            0.08326784642213014,
            -0.613419117213206,
            -0.43311493970839776,
            0.026744225694181303,
            0.018893409470097863,
            -0.09271180679082677,
            -0.4937306693782595,
            -0.4085729949412622,
            -0.0739688114118956,
            0.1421423600197146,
            -0.007099299998196406,
            -0.2813741036336802,
            -0.2977367979229364,
            0.04751265633946776,
            0.15424789189216803,
            0.019101481944697286
        ],
        [
            0.011144360787894884,
            0.013787868196016222,
            0.4862388839372428,
            0.05219373452955909,
            -0.01753229749916943,
            0.03034634249765014,
            0.026744225694181303,
            1.3834889490196456,
            0.05587914432790225,
            -0.0013659979992229276,
            0.0015039428351231732,
            0.02978367589213539,
            0.3006115552853992,
            0.1902729263123315,
            0.011998965817490319,
            0.01526197852635763,
            0.02732605693017644,
            -0.046058281610305896,
            -0.016330088444980632,
            -0.002014888233409607
        ],
        [
            -0.0029633965721687083,
            0.10422759992872996,
            0.04193884105888121,
            -0.41137896499467685,
            0.3317142836325213,
            0.0829668608507875,
            0.018893409470097863,
            0.05587914432790225,
            0.8587384404375884,
            0.08565720973947308,
            -0.03851316444740449,
            -0.10608233716618765,
            0.17316206008157609,
            -0.7493587904340939,
            -0.06228312560345203,
            -0.27540799077995515,
            -0.1730920979940535,
            0.05520515361700145,
            0.18817798257257862,
            0.027116672256888366
        ],
        [
            -0.011303125900467281,
            -0.08571666553652543,
            -0.012705959003309841,
            0.31212618128274794,
            0.368518755830076,
            -0.12172127068825006,
            -0.09271180679082677,
            -0.0013659979992229276,
            0.08565720973947308,
            1.3545982579738132,
            -0.025178702282882937,
            -0.05846050787832981,
            0.00635425872271167,
            -0.025254021584734998,
            0.3315252175888026,
            -0.012680305264024513,
            -0.024366268093005083,
            0.003555609894735431,
            0.018714315045643082,
            -0.0392858673528573
        ],
        [
            -0.2756268453435029,
            -0.34442431969364395,
            0.02213366634559063,
            -0.25125658422712205,
            0.061271313310732184,
            -0.5104201164637693,
            -0.4937306693782595,
            0.0015039428351231732,
            -0.03851316444740449,
            -0.025178702282882937,
            -0.3821518050412962,
            -0.5739975748184121,
            -0.11420022571014006,
            0.005033352272946198,
            -0.01403192809985812,
            -0.5200996014830805,
            -0.5049300983997393,
            0.018793890713433348,
            0.07939993867964512,
            0.01001930856950553
        ],
        [
            -0.3371285944790969,
            -0.3204076148098467,
            0.012692422663096052,
            -0.19875349067655917,
            0.06526695078850103,
            -0.5137131985353527,
            -0.4085729949412622,
            0.02978367589213539,
            -0.10608233716618765,
            -0.05846050787832981,
            -0.5739975748184121,
            -0.43139987466429397,
            -0.09966061452664995,
            0.02495445562140676,
            -0.014021539300383962,
            -0.42964592085799036,
            -0.3604280965676827,
            0.059240045339692154,
            0.1912557056964595,
            0.024309365469477373
        ],
        [
            -0.04457683890945057,
            -0.04981359306376572,
            -0.044163070189775985,
            -0.03862680231173213,
            0.012214114380223823,
            -0.02752191502802931,
            -0.0739688114118956,
            0.3006115552853992,
            0.17316206008157609,
            0.00635425872271167,
            -0.11420022571014006,
            -0.09966061452664995,
            1.3891199255569495,
            -0.019005039601227063,
            -0.005837622346019845,
            -0.022701948718475418,
            -0.07866658329240468,
            0.17734977662307827,
            -0.2783172199178813,
            -0.03564314031080418
        ],
        [
            0.3283482777476504,
            0.19129059274115232,
            -0.010610818409542574,
            0.14191768625683376,
            -0.07074219610829485,
            0.08967015982382476,
            0.1421423600197146,
            0.1902729263123315,
            -0.7493587904340939,
            -0.025254021584734998,
            0.005033352272946198,
            0.02495445562140676,
            -0.019005039601227063,
            0.9374047914168873,
            -0.0341558270037477,
            -0.048174393865269005,
            -0.08792004119371616,
            -0.29572710841691197,
            -0.5885116066958207,
            -0.10845938530246371
        ],
        [
            -0.008494169221415188,
            0.0003437877998113334,
            -0.0010594945863032414,
            0.007593632896515462,
            -0.04756826705317853,
            -0.01201074529815245,
            -0.007099299998196406,
            0.011998965817490319,
            -0.06228312560345203,
            0.3315252175888026,
            -0.01403192809985812,
            -0.014021539300383962,
            -0.005837622346019845,
            -0.0341558270037477,
            1.4172453088869217,
            -0.002094589480492501,
            -0.01570737274703045,
            -0.03783202995458236,
            -0.10825807069342189,
            0.26373814971374665
        ],
        [
            -0.011880565627215095,
            -0.1335944604213209,
            0.002582238379610226,
            -0.06681007169433761,
            0.006063355033730367,
            -0.20302650471423228,
            -0.2813741036336802,
            0.01526197852635763,
            -0.27540799077995515,
            -0.012680305264024513,
            -0.5200996014830805,
            -0.42964592085799036,
            -0.022701948718475418,
            -0.048174393865269005,
            -0.002094589480492501,
            -0.20953808520849315,
            -0.44146470715492114,
            0.07628880745615751,
            0.22531526846343036,
            0.029635268364055563
        ],
        [
            -0.13932954192251717,
            -0.19585564714963383,
            0.007102315670124414,
            -0.12030175811814114,
            0.029246680142071015,
            -0.31014456972656756,
            -0.2977367979229364,
            0.02732605693017644,
            -0.1730920979940535,
            -0.024366268093005083,
            -0.5049300983997393,
            -0.3604280965676827,
            -0.07866658329240468,
            -0.08792004119371616,
            -0.01570737274703045,
            -0.44146470715492114,
            -0.3038039952609224,
            0.06749478949743547,
            0.2049504114057868,
            0.02672487631078993
        ],
        [
            0.005232776278688841,
            0.024234565319213957,
            -0.005150319866619581,
            0.009771048930626887,
            -0.0011809863207706212,
            0.03901887559829378,
            0.04751265633946776,
            -0.046058281610305896,
            0.05520515361700145,
            0.003555609894735431,
            0.018793890713433348,
            0.059240045339692154,
            0.17734977662307827,
            -0.29572710841691197,
            -0.03783202995458236,
            0.07628880745615751,
            0.06749478949743547,
            1.481212845481207,
            -0.06712656330082119,
            -0.008639922527943404
        ],
        [
            0.062423921302653035,
            0.1039004217074167,
            -0.0007129255819048439,
            0.08605559477296035,
            -0.010048976130975131,
            0.20421364832467964,
            0.15424789189216803,
            -0.016330088444980632,
            0.18817798257257862,
            0.018714315045643082,
            0.07939993867964512,
            0.1912557056964595,
            -0.2783172199178813,
            -0.5885116066958207,
            -0.10825807069342189,
            0.22531526846343036,
            0.2049504114057868,
            -0.06712656330082119,
            1.3011939806613655,
            -0.025933836750281
        ],
        [
            0.0015628675529944344,
            0.009772506323552393,
            -0.00026256407881363657,
            0.0012230105589113626,
            -0.005112044051197025,
            0.021543759469263457,
            0.019101481944697286,
            -0.002014888233409607,
            0.027116672256888366,
            -0.0392858673528573,
            0.01001930856950553,
            0.024309365469477373,
            -0.03564314031080418,
            -0.10845938530246371,
            0.26373814971374665,
            0.029635268364055563,
            0.02672487631078993,
            -0.008639922527943404,
            -0.025933836750281,
            1.5011116870255437
        ]
    ]
}