{
    "HF": -2.1459958618494253,
    "coordinates": [
        [
            0.79343,
            0.026424,
            0.069916
        ],
        [
            1.560971,
            0.072019,
            -0.047377
        ],
        [
            2.284649,
            -0.101713,
            0.101492
        ],
        [
            2.975531,
            0.106707,
            0.190427
        ]
    ],
    "elements": [
        "H",
        "H",
        "H",
        "H"
    ],
    "Enn": 3.0696422761520323,
    "S": [
        [
            0.9999999999999999,
            0.6848602514927513,
            0.0,
            0.0,
            0.0,
            0.5404432697067503,
            0.5543024029676186,
            0.07953389786146692,
            -0.5204532879071059,
            -0.03091700334200322,
            0.12650787805820043,
            0.3130960225430367,
            -0.0035151901367911735,
            -0.16600957437913588,
            0.014264818804092052,
            0.015404565677440071,
            0.12922400119143823,
            -0.0010371168094501018,
            -0.018779145696391827,
            -0.0006909149273766085
        ],
        [
            0.6848602514927513,
            1.0000000000000002,
            0.0,
            0.0,
            0.0,
            0.5543024029676186,
            0.8765333680366826,
            0.025468860840571456,
            -0.16666292889117867,
            -0.00990044341969132,
            0.3130960225430367,
            0.613729586694867,
            -0.003723902702907588,
            -0.1758663055715463,
            0.01511178492027077,
            0.12922400119143823,
            0.35281802475523166,
            -0.00550697482767688,
            -0.09971517353974788,
            -0.003668681365936581
        ],
        [
            0.0,
            0.0,
            1.0000000000000004,
            0.0,
            0.0,
            -0.07953389786146689,
            -0.02546886084057142,
            0.4397043240189803,
            0.10657665842606955,
            0.006331079044554807,
            0.0035151901367911718,
            0.0037239027029075875,
            0.05437837211445675,
            -0.0066647292802082,
            0.0005726847738514854,
            0.0010371168094501014,
            0.00550697482767688,
            0.0019371191834799309,
            -0.0013742991264168065,
            -5.0562671831469046e-05
        ],
        [
            0.0,
            0.0,
            0.0,
            1.0000000000000004,
            0.0,
            0.5204532879071057,
            0.16666292889117876,
            0.10657665842606952,
            -0.24142448351896398,
            -0.04142926466998576,
            0.16600957437913588,
            0.1758663055715464,
            -0.006664729280208204,
            -0.2602312943591947,
            0.027045807441665785,
            0.018779145696391823,
            0.09971517353974783,
            -0.0013742991264168065,
            -0.02287151152754715,
            -0.0009155417909246495
        ],
        [
            0.0,
            0.0,
            0.0,
            0.0,
            1.0000000000000004,
            0.03091700334200322,
            0.009900443419691322,
            0.006331079044554807,
            -0.041429264669985776,
            0.4535299420304493,
            -0.01426481880409204,
            -0.015111784920270759,
            0.0005726847738514854,
            0.027045807441665768,
            0.052195511557824315,
            0.0006909149273766084,
            0.0036686813659365775,
            -5.0562671831469066e-05,
            -0.0009155417909246499,
            0.0019793334166537443
        ],
        [
            0.5404432697067503,
            0.5543024029676186,
            -0.07953389786146692,
            0.5204532879071057,
            0.03091700334200322,
            0.9999999999999999,
            0.6848602514927513,
            0.0,
            0.0,
            0.0,
            0.5554574303326688,
            0.5599294707715935,
            -0.1045057572712772,
            -0.5080205913290431,
            0.12195953638604094,
            0.147886052038454,
            0.3336635432023747,
            -0.032036414437538,
            -0.1905663084168632,
            -0.004673088526725027
        ],
        [
            0.5543024029676186,
            0.8765333680366826,
            -0.025468860840571456,
            0.16666292889117884,
            0.009900443419691325,
            0.6848602514927513,
            1.0000000000000002,
            0.0,
            0.0,
            0.0,
            0.5599294707715935,
            0.8820691408492842,
            -0.032675651367419636,
            -0.15884200223197237,
            0.038132897133483445,
            0.3336635432023747,
            0.6386081570061786,
            -0.030020328871472886,
            -0.17857376834885297,
            -0.004379006105421483
        ],
        [
            0.07953389786146689,
            0.025468860840571428,
            0.4397043240189803,
            0.10657665842606952,
            0.006331079044554806,
            0.0,
            0.0,
            1.0000000000000004,
            0.0,
            0.0,
            0.10450575727127714,
            0.032675651367419616,
            0.4461839850409712,
            -0.13241313146613054,
            0.03178816843385289,
            0.03203641443753799,
            0.030020328871472858,
            0.05894299105061518,
            -0.06033393303320258,
            -0.0014795155165250897
        ],
        [
            -0.5204532879071059,
            -0.16666292889117895,
            0.10657665842606955,
            -0.24142448351896412,
            -0.04142926466998577,
            0.0,
            0.0,
            0.0,
            1.0000000000000004,
            0.0,
            0.5080205913290431,
            0.15884200223197237,
            -0.13241313146613062,
            -0.17026026250960538,
            0.1545277939387905,
            0.1905663084168632,
            0.1785737683488531,
            -0.06033393303320259,
            -0.2898062362629512,
            -0.008800791698439602
        ],
        [
            -0.03091700334200322,
            -0.009900443419691327,
            0.006331079044554808,
            -0.04142926466998577,
            0.4535299420304493,
            0.0,
            0.0,
            0.0,
            0.0,
            1.0000000000000004,
            -0.1219595363860409,
            -0.038132897133483445,
            0.03178816843385291,
            0.1545277939387905,
            0.4363257162690277,
            0.004673088526725022,
            0.004379006105421481,
            -0.001479515516525089,
            -0.008800791698439595,
            0.0688700134099299
        ],
        [
            0.12650787805820043,
            0.3130960225430367,
            0.0035151901367911735,
            0.1660095743791359,
            -0.014264818804092052,
            0.5554574303326688,
            0.5599294707715935,
            0.1045057572712772,
            0.5080205913290431,
            -0.12195953638604094,
            0.9999999999999999,
            0.6848602514927513,
            0.0,
            0.0,
            0.0,
            0.5811393915311903,
            0.5692803964989661,
            -0.06610286462764405,
            -0.5135130074737277,
            -0.1549126783121782
        ],
        [
            0.3130960225430367,
            0.613729586694867,
            0.003723902702907588,
            0.17586630557154642,
            -0.015111784920270774,
            0.5599294707715935,
            0.8820691408492842,
            0.032675651367419636,
            0.15884200223197237,
            -0.038132897133483445,
            0.6848602514927513,
            1.0000000000000002,
            0.0,
            0.0,
            0.0,
            0.5692803964989661,
            0.8912217609801194,
            -0.0198687504252054,
            -0.15434825469462785,
            -0.04656260149121615
        ],
        [
            -0.0035151901367911718,
            -0.0037239027029075875,
            0.05437837211445675,
            -0.006664729280208202,
            0.0005726847738514854,
            -0.10450575727127714,
            -0.032675651367419616,
            0.4461839850409712,
            -0.13241313146613054,
            0.03178816843385289,
            0.0,
            0.0,
            1.0000000000000004,
            0.0,
            0.0,
            0.06610286462764405,
            0.019868750425205375,
            0.49312127152598156,
            -0.08031065871281581,
            -0.02422750554931965
        ],
        [
            -0.16600957437913585,
            -0.1758663055715465,
            -0.006664729280208203,
            -0.2602312943591946,
            0.027045807441665782,
            -0.5080205913290431,
            -0.15884200223197237,
            -0.13241313146613062,
            -0.17026026250960538,
            0.1545277939387905,
            0.0,
            0.0,
            0.0,
            1.0000000000000004,
            0.0,
            0.5135130074737276,
            0.15434825469462782,
            -0.0803106587128157,
            -0.12042532831279226,
            -0.1882087759478838
        ],
        [
            0.01426481880409204,
            0.015111784920270757,
            0.0005726847738514854,
            0.027045807441665775,
            0.052195511557824315,
            0.1219595363860409,
            0.038132897133483445,
            0.03178816843385291,
            0.1545277939387905,
            0.4363257162690277,
            0.0,
            0.0,
            0.0,
            0.0,
            1.0000000000000004,
            0.15491267831217814,
            0.0465626014912161,
            -0.02422750554931964,
            -0.188208775947884,
            0.4466820175717119
        ],
        [
            0.015404565677440071,
            0.12922400119143823,
            0.0010371168094501014,
            0.018779145696391827,
            0.0006909149273766085,
            0.147886052038454,
            0.3336635432023747,
            0.032036414437538,
            0.1905663084168632,
            0.004673088526725022,
            0.5811393915311903,
            0.5692803964989661,
            0.06610286462764406,
            0.5135130074737277,
            0.1549126783121782,
            0.9999999999999999,
            0.6848602514927513,
            0.0,
            0.0,
            0.0
        ],
        [
            0.12922400119143823,
            0.35281802475523166,
            0.005506974827676884,
            0.09971517353974783,
            0.0036686813659365797,
            0.3336635432023747,
            0.6386081570061786,
            0.030020328871472875,
            0.17857376834885316,
            0.004379006105421483,
            0.5692803964989661,
            0.8912217609801194,
            0.0198687504252054,
            0.15434825469462785,
            0.04656260149121615,
            0.6848602514927513,
            1.0000000000000002,
            0.0,
            0.0,
            0.0
        ],
        [
            -0.0010371168094501018,
            -0.00550697482767688,
            0.0019371191834799309,
            -0.0013742991264168065,
            -5.0562671831469066e-05,
            -0.03203641443753799,
            -0.03002032887147285,
            0.05894299105061518,
            -0.06033393303320258,
            -0.0014795155165250884,
            -0.06610286462764405,
            -0.0198687504252054,
            0.49312127152598156,
            -0.0803106587128157,
            -0.02422750554931965,
            0.0,
            0.0,
            1.0000000000000004,
            0.0,
            0.0
        ],
        [
            -0.018779145696391827,
            -0.09971517353974788,
            -0.0013742991264168065,
            -0.02287151152754715,
            -0.0009155417909246499,
            -0.1905663084168632,
            -0.17857376834885288,
            -0.06033393303320259,
            -0.2898062362629512,
            -0.008800791698439595,
            -0.5135130074737277,
            -0.15434825469462782,
            -0.08031065871281581,
            -0.12042532831279226,
            -0.18820877594788404,
            0.0,
            0.0,
            0.0,
            1.0000000000000004,
            0.0
        ],
        [
            -0.0006909149273766085,
            -0.003668681365936576,
            -5.0562671831469046e-05,
            -0.0009155417909246495,
            0.0019793334166537447,
            -0.004673088526725022,
            -0.004379006105421481,
            -0.00147951551652509,
            -0.008800791698439602,
            0.0688700134099299,
            -0.15491267831217814,
            -0.046562601491216125,
            -0.02422750554931964,
            -0.18820877594788377,
            0.4466820175717119,
            0.0,
            0.0,
            0.0,
            0.0,
            1.0000000000000004
        ]
    ],
    "h": [
        [
            -0.2605149948824128,
            -0.46509818477464226,
            0.04102600802867769,
            -0.28188011030698823,
            -0.013221357906517885,
            -0.5723761780827813,
            -0.4569292874901595,
            -0.011184892386120693,
            0.02613516299639329,
            0.013534565399430924,
            -0.25287912253429917,
            -0.31490824004231455,
            0.03560284905316529,
            0.3145225731648911,
            -0.041050197211104186,
            -0.020752888676046993,
            -0.14976954634414824,
            0.008625428890546575,
            0.08037125754743601,
            0.0038289617330381455
        ],
        [
            -0.46509818477464226,
            -0.3128635672962585,
            0.0333329484633635,
            -0.2425717002923977,
            -0.00978492274872091,
            -0.5399213997763961,
            -0.3681473357287739,
            -0.05221731730037963,
            0.10443019954509591,
            0.03769222503379322,
            -0.34419921865502895,
            -0.31407764899591806,
            0.03170343434678566,
            0.18657342179758798,
            -0.054246548790648386,
            -0.15187607551038684,
            -0.20776592426079343,
            0.017034857575168108,
            0.1299882462836426,
            0.02244074433597294
        ],
        [
            0.04102600802867769,
            0.0333329484633635,
            1.483176153095469,
            0.03797153798413444,
            0.002309792879649805,
            0.0041410913073501865,
            0.028793941039289048,
            0.3567703383620622,
            0.14801653133025322,
            0.00826731383122781,
            0.014461969147761794,
            0.02331724185798484,
            -0.04963222805045646,
            -0.027416565278366778,
            0.004293924128466629,
            -0.0017136659308741053,
            0.009471651542753642,
            -0.006471151230091795,
            0.0010523837318078726,
            0.0001729296620980561
        ],
        [
            -0.28188011030698823,
            -0.2425717002923977,
            0.03797153798413444,
            1.2158545481878076,
            -0.012365650807003439,
            -0.0820180940138896,
            -0.23267287742835258,
            0.13220881877951957,
            -0.6267299642033017,
            -0.04089540230920179,
            -0.24872762452353678,
            -0.19016399162079695,
            0.034049015715892576,
            0.16564733433879586,
            -0.044735945257402626,
            -0.0788599930477478,
            -0.12637742594251267,
            0.010427578856770491,
            0.10787085412187875,
            0.008750234407665492
        ],
        [
            -0.013221357906517885,
            -0.00978492274872091,
            0.002309792879649805,
            -0.012365650807003439,
            1.4879906160713658,
            0.0034834505148075706,
            -0.007084330621151522,
            0.009773447112085146,
            -0.05661367466469322,
            0.3750789830696687,
            0.004001213391126947,
            -0.00629954571144857,
            0.0005641018732492446,
            0.00707070518458798,
            -0.04659031673244944,
            0.0006702185734056517,
            -0.0018162535847004446,
            0.00016007182504524338,
            0.0020555267729355916,
            -0.0065110320302919035
        ],
        [
            -0.5723761780827813,
            -0.5399213997763961,
            0.0041410913073501865,
            -0.0820180940138896,
            0.0034834505148075706,
            -0.4506411351505757,
            -0.6050928308625168,
            -0.086473338888751,
            0.029504444256922974,
            0.06919440346800873,
            -0.5466500826788625,
            -0.5244546381872612,
            0.0012647349922565165,
            0.0481526532530675,
            -0.028113238180678346,
            -0.2848981295408288,
            -0.3599378167437038,
            0.03852907261626284,
            0.26176077641137174,
            0.04014067313980621
        ],
        [
            -0.4569292874901595,
            -0.3681473357287739,
            0.028793941039289048,
            -0.23267287742835258,
            -0.007084330621151522,
            -0.6050928308625168,
            -0.4385337155794524,
            -0.07350696499571904,
            -0.005672147459079652,
            0.05655987994443647,
            -0.5310654051955508,
            -0.41742407617432065,
            0.025310013383239932,
            0.11913448863354342,
            -0.08499833024920522,
            -0.33767869671367984,
            -0.32382798110306876,
            0.02779929176528048,
            0.20203488840146488,
            0.049286998089578905
        ],
        [
            -0.011184892386120693,
            -0.05221731730037963,
            0.3567703383620622,
            0.13220881877951957,
            0.009773447112085146,
            -0.086473338888751,
            -0.07350696499571904,
            1.3856869188076335,
            -0.01731730589818361,
            0.013847470302279634,
            -0.026440248545899603,
            -0.06475713186005619,
            0.35244351080200753,
            -0.18388295323109682,
            0.037617515284439434,
            -0.05517246313049742,
            -0.049610923680058185,
            -0.04109556428444648,
            0.03677941588193481,
            0.010534479442696424
        ],
        [
            0.02613516299639329,
            0.10443019954509591,
            0.14801653133025322,
            -0.6267299642033017,
            -0.05661367466469322,
            0.029504444256922974,
            -0.005672147459079652,
            -0.01731730589818361,
            0.8380034827509304,
            0.04066091775301001,
            -0.07097780486674954,
            -0.13162422612102032,
            -0.2027617732855827,
            -0.6848563389634355,
            0.19169654258889524,
            -0.33407283400734855,
            -0.1934707922010147,
            0.02203385483693654,
            0.12310758413681655,
            0.05747913385935421
        ],
        [
            0.013534565399430924,
            0.03769222503379322,
            0.00826731383122781,
            -0.04089540230920179,
            0.3750789830696687,
            0.06919440346800873,
            0.05655987994443647,
            0.013847470302279634,
            0.04066091775301001,
            1.38812289380384,
            0.00791524979117253,
            0.05076597203929543,
            0.04442348427985289,
            0.21370248451683377,
            0.34148479285431177,
            0.03303347514895882,
            0.04222324781149364,
            -0.006210171068752454,
            -0.04301555139000711,
            -0.054326715363201966
        ],
        [
            -0.25287912253429917,
            -0.34419921865502895,
            0.014461969147761794,
            -0.24872762452353678,
            0.004001213391126947,
            -0.5466500826788625,
            -0.5310654051955508,
            -0.026440248545899603,
            -0.07097780486674954,
            0.00791524979117253,
            -0.4844458810695722,
            -0.6161763636448554,
            0.01097293745050145,
            -0.05231358048718937,
            -0.1374445235828713,
            -0.6104605139044991,
            -0.5600463684222992,
            0.014393966561142418,
            0.08460156315178557,
            0.008936452897715719
        ],
        [
            -0.31490824004231455,
            -0.31407764899591806,
            0.02331724185798484,
            -0.19016399162079695,
            -0.00629954571144857,
            -0.5244546381872612,
            -0.41742407617432065,
            -0.06475713186005619,
            -0.13162422612102032,
            0.05076597203929543,
            -0.6161763636448554,
            -0.4370322689477444,
            0.012378828425595303,
            -0.0035753287710345305,
            -0.109518982925967,
            -0.4781519379092184,
            -0.37343305512542435,
            0.0344015172763175,
            0.24560411525375914,
            0.06062145118049819
        ],
        [
            0.03560284905316529,
            0.03170343434678566,
            -0.04963222805045646,
            0.034049015715892576,
            0.0005641018732492446,
            0.0012647349922565165,
            0.025310013383239932,
            0.35244351080200753,
            -0.2027617732855827,
            0.04442348427985289,
            0.01097293745050145,
            0.012378828425595303,
            1.3774213013135117,
            -0.08531036189045059,
            0.001637985718285446,
            0.005924336685630194,
            -0.003451057347362785,
            0.4294976938909605,
            -0.12727486067770447,
            -0.036043127498402355
        ],
        [
            0.3145225731648911,
            0.18657342179758798,
            -0.027416565278366778,
            0.16564733433879586,
            0.00707070518458798,
            0.0481526532530675,
            0.11913448863354342,
            -0.18388295323109682,
            -0.6848563389634355,
            0.21370248451683377,
            -0.05231358048718937,
            -0.0035753287710345305,
            -0.08531036189045059,
            0.835300846981371,
            -0.020520362926700553,
            -0.007172839732924485,
            -0.10051036493501786,
            -0.12131283001346072,
            -0.4944872879382163,
            -0.2730828407638765
        ],
        [
            -0.041050197211104186,
            -0.054246548790648386,
            0.004293924128466629,
            -0.044735945257402626,
            -0.04659031673244944,
            -0.028113238180678346,
            -0.08499833024920522,
            0.037617515284439434,
            0.19169654258889524,
            0.34148479285431177,
            -0.1374445235828713,
            -0.109518982925967,
            0.001637985718285446,
            -0.020520362926700553,
            1.3546686897568248,
            -0.020913433520391156,
            -0.08958301750305339,
            -0.030550736369646656,
            -0.2447685141308084,
            0.36681654274309516
        ],
        [
            -0.020752888676046993,
            -0.15187607551038684,
            -0.0017136659308741053,
            -0.0788599930477478,
            0.0006702185734056517,
            -0.2848981295408288,
            -0.33767869671367984,
            -0.05517246313049742,
            -0.33407283400734855,
            0.03303347514895882,
            -0.6104605139044991,
            -0.4781519379092184,
            0.005924336685630194,
            -0.007172839732924485,
            -0.020913433520391156,
            -0.2998271625767279,
            -0.4821169332020898,
            0.04103421264767031,
            0.3010090359270844,
            0.08553209878552495
        ],
        [
            -0.14976954634414824,
            -0.20776592426079343,
            0.009471651542753642,
            -0.12637742594251267,
            -0.0018162535847004446,
            -0.3599378167437038,
            -0.32382798110306876,
            -0.049610923680058185,
            -0.1934707922010147,
            0.04222324781149364,
            -0.5600463684222992,
            -0.37343305512542435,
            -0.003451057347362785,
            -0.10051036493501786,
            -0.08958301750305339,
            -0.4821169332020898,
            -0.31996583664489653,
            0.03467920541504213,
            0.2508122775556358,
            0.06733075546722252
        ],
        [
            0.008625428890546575,
            0.017034857575168108,
            -0.006471151230091795,
            0.010427578856770491,
            0.00016007182504524338,
            0.03852907261626284,
            0.02779929176528048,
            -0.04109556428444648,
            0.02203385483693654,
            -0.006210171068752454,
            0.014393966561142418,
            0.0344015172763175,
            0.4294976938909605,
            -0.12131283001346072,
            -0.030550736369646656,
            0.04103421264767031,
            0.03467920541504213,
            1.4662739311798425,
            -0.03830065803940404,
            -0.01009587585393025
        ],
        [
            0.08037125754743601,
            0.1299882462836426,
            0.0010523837318078726,
            0.10787085412187875,
            0.0020555267729355916,
            0.26176077641137174,
            0.20203488840146488,
            0.03677941588193481,
            0.12310758413681655,
            -0.04301555139000711,
            0.08460156315178557,
            0.24560411525375914,
            -0.12727486067770447,
            -0.4944872879382163,
            -0.2447685141308084,
            0.3010090359270844,
            0.2508122775556358,
            -0.03830065803940404,
            1.1872700391448903,
            -0.0775540775293807
        ],
        [
            0.0038289617330381455,
            0.02244074433597294,
            0.0001729296620980561,
            0.008750234407665492,
            -0.0065110320302919035,
            0.04014067313980621,
            0.049286998089578905,
            0.010534479442696424,
            0.05747913385935421,
            -0.054326715363201966,
            0.008936452897715719,
            0.06062145118049819,
            -0.036043127498402355,
            -0.2730828407638765,
            0.36681654274309516,
            0.08553209878552495,
            0.06733075546722252,
            -0.01009587585393025,
            -0.0775540775293807,
            1.448226228589883
        ]
    ]
}