{
    "HF": -2.174411258413877,
    "coordinates": [
        [
            0.785683,
            0.193584,
            0.198998
        ],
        [
            1.59771,
            -0.134384,
            0.142139
        ],
        [
            2.436514,
            0.027821,
            -0.09611
        ],
        [
            3.10297,
            -0.056932,
            0.093259
        ]
    ],
    "elements": [
        "H",
        "H",
        "H",
        "H"
    ],
    "Enn": 2.8494709928103745,
    "S": [
        [
            0.9999999999999999,
            0.6848602514927513,
            0.0,
            0.0,
            0.0,
            0.463020823556036,
            0.5232050935170225,
            0.03170053628702285,
            -0.45272852810535347,
            0.18285164151642325,
            0.07624790496908612,
            0.25412061952993353,
            0.01774817548334706,
            -0.09928310408850081,
            0.009969200471170078,
            0.009022478651968922,
            0.10268879014708317,
            0.0004730276003094235,
            -0.01036647508334884,
            0.0011206932382480973
        ],
        [
            0.6848602514927513,
            1.0000000000000002,
            0.0,
            0.0,
            0.0,
            0.5232050935170225,
            0.8455457909128015,
            0.011608240419835233,
            -0.1657821038603835,
            0.06695741033103861,
            0.25412061952993353,
            0.5386928702325507,
            0.0278373246399896,
            -0.15572169671021693,
            0.015636304147290482,
            0.10268879014708317,
            0.30548922077106977,
            0.003775634379469745,
            -0.08274362784117786,
            0.008945203020713664
        ],
        [
            0.0,
            0.0,
            1.0000000000000004,
            0.0,
            0.0,
            -0.03170053628702285,
            -0.01160824041983523,
            0.36487864450429397,
            0.04410733387531855,
            -0.017814424983923542,
            -0.01774817548334706,
            -0.02783732463998959,
            0.01939745273751887,
            0.03170105489454232,
            -0.003183161669779656,
            -0.0004730276003094235,
            -0.003775634379469741,
            0.000828493703149664,
            0.0005427867519074402,
            -5.867929433895945e-05
        ],
        [
            0.0,
            0.0,
            0.0,
            1.0000000000000004,
            0.0,
            0.45272852810535347,
            0.16578210386038347,
            0.04410733387531862,
            -0.26194807138484866,
            0.2544152038625457,
            0.09928310408850081,
            0.15572169671021674,
            0.031701054894542315,
            -0.1522709245105649,
            0.017806572381921255,
            0.010366475083348843,
            0.08274362784117786,
            0.0005427867519074405,
            -0.011041996641614387,
            0.0012859660668329029
        ],
        [
            0.0,
            0.0,
            0.0,
            0.0,
            1.0000000000000004,
            -0.18285164151642322,
            -0.06695741033103858,
            -0.01781442498392356,
            0.2544152038625455,
            0.2652118271650003,
            -0.009969200471170076,
            -0.01563630414729046,
            -0.003183161669779656,
            0.01780657238192126,
            0.02327644704406762,
            -0.0011206932382480971,
            -0.008945203020713666,
            -5.867929433895946e-05,
            0.0012859660668329026,
            0.000714238823698491
        ],
        [
            0.463020823556036,
            0.5232050935170225,
            -0.03170053628702285,
            0.45272852810535347,
            -0.18285164151642325,
            0.9999999999999999,
            0.6848602514927513,
            0.0,
            0.0,
            0.0,
            0.4560109520411353,
            0.5202008668679715,
            0.13029077907420195,
            -0.4587151536860884,
            -0.08870474092118301,
            0.12299220949616273,
            0.3095085873096644,
            0.005257696156682584,
            -0.16191079617037699,
            -0.008330995964144428
        ],
        [
            0.5232050935170225,
            0.8455457909128015,
            -0.011608240419835233,
            0.1657821038603835,
            -0.06695741033103861,
            0.6848602514927513,
            1.0000000000000002,
            0.0,
            0.0,
            0.0,
            0.5202008668679715,
            0.8425155351207787,
            0.04834237110979382,
            -0.1701991372739423,
            -0.03291251718103377,
            0.3095085873096644,
            0.6093275395807555,
            0.005694012007619687,
            -0.17534714637049165,
            -0.009022353069029473
        ],
        [
            0.03170053628702285,
            0.01160824041983523,
            0.36487864450429397,
            0.04410733387531863,
            -0.017814424983923563,
            0.0,
            0.0,
            1.0000000000000004,
            0.0,
            0.0,
            -0.13029077907420195,
            -0.04834237110979381,
            0.30710066164773087,
            0.18687074409187804,
            0.03613641452046376,
            -0.005257696156682584,
            -0.005694012007619685,
            0.05190631044638273,
            0.009976938531121466,
            0.0005133557279887991
        ],
        [
            -0.45272852810535347,
            -0.16578210386038347,
            0.04410733387531855,
            -0.2619480713848489,
            0.2544152038625455,
            0.0,
            0.0,
            0.0,
            1.0000000000000004,
            0.0,
            0.45871515368608834,
            0.17019913727394226,
            0.18687074409187804,
            -0.2977380748107988,
            -0.12722558770623627,
            0.16191079617037699,
            0.1753471463704914,
            0.00997693853112146,
            -0.2550096141802301,
            -0.015808793844362106
        ],
        [
            0.18285164151642322,
            0.06695741033103858,
            -0.017814424983923542,
            0.2544152038625457,
            0.2652118271650003,
            0.0,
            0.0,
            0.0,
            0.0,
            1.0000000000000004,
            0.088704740921183,
            0.03291251718103373,
            0.03613641452046376,
            -0.12722558770623627,
            0.33557589716789504,
            0.008330995964144427,
            0.009022353069029463,
            0.0005133557279887989,
            -0.01580879384436211,
            0.051416860155115894
        ],
        [
            0.07624790496908612,
            0.25412061952993353,
            -0.01774817548334706,
            0.09928310408850086,
            -0.009969200471170078,
            0.4560109520411353,
            0.5202008668679715,
            -0.13029077907420195,
            0.4587151536860884,
            0.08870474092118302,
            0.9999999999999999,
            0.6848602514927513,
            0.0,
            0.0,
            0.0,
            0.6047587464896064,
            0.5775897921084614,
            -0.14801091150863552,
            -0.5209023654367884,
            0.0662429900516525
        ],
        [
            0.25412061952993353,
            0.5386928702325507,
            -0.0278373246399896,
            0.1557216967102168,
            -0.015636304147290486,
            0.5202008668679715,
            0.8425155351207787,
            -0.04834237110979382,
            0.1701991372739423,
            0.03291251718103376,
            0.6848602514927513,
            1.0000000000000002,
            0.0,
            0.0,
            0.0,
            0.5775897921084614,
            0.8993070311746675,
            -0.04296590009893575,
            -0.15121208812602,
            0.019229593709028932
        ],
        [
            0.01774817548334706,
            0.02783732463998959,
            0.01939745273751887,
            0.031701054894542315,
            -0.003183161669779656,
            0.13029077907420195,
            0.04834237110979381,
            0.30710066164773087,
            0.18687074409187804,
            0.03613641452046376,
            0.0,
            0.0,
            1.0000000000000004,
            0.0,
            0.0,
            0.14801091150863546,
            0.04296590009893574,
            0.4818327640250399,
            -0.17408023461849537,
            0.02213772870920411
        ],
        [
            -0.09928310408850081,
            -0.1557216967102169,
            0.03170105489454232,
            -0.15227092451056493,
            0.01780657238192126,
            -0.4587151536860884,
            -0.17019913727394226,
            0.18687074409187804,
            -0.2977380748107988,
            -0.12722558770623627,
            0.0,
            0.0,
            0.0,
            1.0000000000000004,
            0.0,
            0.5209023654367884,
            0.15121208812601997,
            -0.17408023461849537,
            -0.08135297212422557,
            0.0779104400647484
        ],
        [
            0.009969200471170076,
            0.015636304147290468,
            -0.003183161669779656,
            0.017806572381921255,
            0.02327644704406762,
            -0.088704740921183,
            -0.032912517181033725,
            0.03613641452046376,
            -0.12722558770623627,
            0.33557589716789504,
            0.0,
            0.0,
            0.0,
            0.0,
            1.0000000000000004,
            -0.0662429900516525,
            -0.019229593709028936,
            0.02213772870920411,
            0.0779104400647484,
            0.5213886483184699
        ],
        [
            0.009022478651968922,
            0.10268879014708317,
            -0.0004730276003094235,
            0.01036647508334884,
            -0.0011206932382480973,
            0.12299220949616273,
            0.3095085873096644,
            -0.005257696156682584,
            0.16191079617037699,
            0.00833099596414443,
            0.6047587464896064,
            0.5775897921084614,
            0.14801091150863552,
            0.5209023654367884,
            -0.0662429900516525,
            0.9999999999999999,
            0.6848602514927513,
            0.0,
            0.0,
            0.0
        ],
        [
            0.10268879014708317,
            0.30548922077106977,
            -0.003775634379469741,
            0.08274362784117781,
            -0.008945203020713666,
            0.3095085873096644,
            0.6093275395807555,
            -0.005694012007619687,
            0.17534714637049145,
            0.009022353069029479,
            0.5775897921084614,
            0.8993070311746675,
            0.04296590009893575,
            0.15121208812602,
            -0.01922959370902894,
            0.6848602514927513,
            1.0000000000000002,
            0.0,
            0.0,
            0.0
        ],
        [
            0.0004730276003094235,
            0.003775634379469745,
            0.000828493703149664,
            0.0005427867519074402,
            -5.867929433895945e-05,
            0.005257696156682584,
            0.005694012007619685,
            0.05190631044638273,
            0.00997693853112146,
            0.0005133557279887992,
            -0.14801091150863546,
            -0.04296590009893573,
            0.4818327640250399,
            -0.17408023461849537,
            0.02213772870920411,
            0.0,
            0.0,
            1.0000000000000004,
            0.0,
            0.0
        ],
        [
            -0.01036647508334884,
            -0.08274362784117786,
            0.0005427867519074405,
            -0.011041996641614387,
            0.0012859660668329029,
            -0.16191079617037699,
            -0.1753471463704912,
            0.009976938531121466,
            -0.25500961418023,
            -0.01580879384436212,
            -0.5209023654367884,
            -0.15121208812601997,
            -0.17408023461849537,
            -0.08135297212422557,
            0.0779104400647484,
            0.0,
            0.0,
            0.0,
            1.0000000000000004,
            0.0
        ],
        [
            0.0011206932382480971,
            0.008945203020713667,
            -5.867929433895946e-05,
            0.0012859660668329026,
            0.000714238823698491,
            -0.008330995964144428,
            -0.00902235306902947,
            0.0005133557279887988,
            -0.015808793844362096,
            0.051416860155115894,
            0.0662429900516525,
            0.019229593709028932,
            0.02213772870920411,
            0.0779104400647484,
            0.5213886483184699,
            0.0,
            0.0,
            0.0,
            0.0,
            1.0000000000000004
        ]
    ],
    "h": [
        [
            -0.20000866235115278,
            -0.4376724009325925,
            0.016901618258893962,
            -0.21387403491737608,
            0.08393510184874452,
            -0.5080669323834414,
            -0.42579761507142266,
            0.0019474227774242264,
            0.05418916637433557,
            -0.026308143759437297,
            -0.1681669935592831,
            -0.2624592781930728,
            -0.044425847600349094,
            0.2363990946988152,
            0.005710602410743441,
            -0.0057442372824363895,
            -0.1221827397870593,
            -0.0023994936319157415,
            0.053284159293057604,
            -0.001458379799854229
        ],
        [
            -0.4376724009325925,
            -0.3012935419760503,
            0.016052957399578443,
            -0.19552185953981766,
            0.0751796158049332,
            -0.4886225424235291,
            -0.355996165975933,
            0.009508069100478956,
            0.09909377022712851,
            -0.0819749960285115,
            -0.27487536229617854,
            -0.28248890779635183,
            -0.05170852698293406,
            0.14471137342307983,
            0.025908959042548918,
            -0.12630051340031498,
            -0.18506349713610415,
            0.013466547233279787,
            0.11069207589030053,
            -0.007285145042840373
        ],
        [
            0.016901618258893962,
            0.016052957399578443,
            1.505890383629257,
            0.014684175817601732,
            -0.0052410278433684,
            0.008571468817011055,
            0.015751313432074147,
            0.25376730994022334,
            0.05839669072129379,
            -0.0208198903820027,
            0.0229340848414674,
            0.012099407759494647,
            -0.029140598590566606,
            -0.02849000059577117,
            -0.00018779289956197785,
            0.004735650708173035,
            0.008415177278962904,
            -0.0032405099577250975,
            -0.004985260487138668,
            0.0003808605918553719
        ],
        [
            -0.21387403491737608,
            -0.19552185953981766,
            0.014684175817601732,
            1.3200354663044294,
            0.07249866661243426,
            -0.07139485480410201,
            -0.1789941356469829,
            0.06518087557022939,
            -0.5647359075911912,
            0.3143221203444694,
            -0.17203789864271407,
            -0.138520244133594,
            -0.049679923716014956,
            0.18366061837103947,
            0.006059559328930528,
            -0.048090060690601316,
            -0.0925685348756726,
            0.00014588577248037232,
            0.06535647194882435,
            -0.004961506474844467
        ],
        [
            0.08393510184874452,
            0.0751796158049332,
            -0.0052410278433684,
            0.07249866661243426,
            1.4781531927867255,
            0.02144277358428287,
            0.06565156411009083,
            -0.024581851620767765,
            0.3283970452283785,
            0.12922782933111443,
            0.03782042394909434,
            0.049984264665846274,
            0.012049476832495711,
            -0.05364245515620532,
            -0.03855361955983405,
            0.006273400388281962,
            0.026262069641118265,
            0.00013610016271986945,
            -0.011432521731028999,
            -0.0025247389445522076
        ],
        [
            -0.5080669323834414,
            -0.4886225424235291,
            0.008571468817011055,
            -0.07139485480410201,
            0.02144277358428287,
            -0.33191364074018304,
            -0.5480619614642415,
            0.032233169494410525,
            0.035344457641005786,
            -0.11123105484760555,
            -0.45017892622699907,
            -0.45440022215401465,
            -0.03300322969454189,
            0.0462118057709624,
            0.011086288234027186,
            -0.2448484177205573,
            -0.3148128374138226,
            0.02298198139522393,
            0.22844668559657347,
            -0.0061249073967762305
        ],
        [
            -0.42579761507142266,
            -0.355996165975933,
            0.015751313432074147,
            -0.1789941356469829,
            0.06565156411009083,
            -0.5480619614642415,
            -0.42273983576229357,
            0.03151952812918749,
            0.003221714104061829,
            -0.09896095051031736,
            -0.47662905294184377,
            -0.39506228229575413,
            -0.081567693175079,
            0.07060746141149576,
            0.0423075983821965,
            -0.3249006648065734,
            -0.3103281734072445,
            0.041893893620114434,
            0.19091716240026696,
            -0.017043221861119097
        ],
        [
            0.0019474227774242264,
            0.009508069100478956,
            0.25376730994022334,
            0.06518087557022939,
            -0.024581851620767765,
            0.032233169494410525,
            0.03151952812918749,
            1.423364758277895,
            0.06455560178928357,
            0.004164763974078109,
            0.0152685295835856,
            0.03879464989081696,
            0.17449657561183796,
            0.2470538258711727,
            0.043774727440852076,
            0.044344458814892816,
            0.041300806672444554,
            -0.05248420758270919,
            -0.0428912546003188,
            0.002841117219601495
        ],
        [
            0.05418916637433557,
            0.09909377022712851,
            0.05839669072129379,
            -0.5647359075911912,
            0.3283970452283785,
            0.035344457641005786,
            0.003221714104061829,
            0.06455560178928357,
            1.034404785786318,
            0.04088682929380373,
            -0.10021742818967871,
            -0.11540858835987772,
            0.2175185986945461,
            -0.7119159993005436,
            -0.1465591571386032,
            -0.2943113740920973,
            -0.16386627863633452,
            0.04208931654549804,
            0.14774898826387795,
            -0.016130569102608096
        ],
        [
            -0.026308143759437297,
            -0.0819749960285115,
            -0.0208198903820027,
            0.3143221203444694,
            0.12922782933111443,
            -0.11123105484760555,
            -0.09896095051031736,
            0.004164763974078109,
            0.04088682929380373,
            1.4027397042229144,
            -0.021683925962358908,
            -0.06422085588455587,
            0.039720228732175275,
            -0.14282277551592457,
            0.20887421575746856,
            -0.026696889459777266,
            -0.04036160847419558,
            0.004905888721793374,
            0.03197859124138885,
            -0.046528149384351944
        ],
        [
            -0.1681669935592831,
            -0.27487536229617854,
            0.0229340848414674,
            -0.17203789864271407,
            0.03782042394909434,
            -0.45017892622699907,
            -0.47662905294184377,
            0.0152685295835856,
            -0.10021742818967871,
            -0.021683925962358908,
            -0.44444136994503225,
            -0.5913520088903277,
            -0.1295823631591092,
            -0.13910805359177225,
            0.07119958758885822,
            -0.6238922004537669,
            -0.5532551929501197,
            0.004105561642581745,
            0.06457263279746317,
            0.0015378452792802755
        ],
        [
            -0.2624592781930728,
            -0.28248890779635183,
            0.012099407759494647,
            -0.138520244133594,
            0.049984264665846274,
            -0.45440022215401465,
            -0.39506228229575413,
            0.03879464989081696,
            -0.11540858835987772,
            -0.06422085588455587,
            -0.5913520088903277,
            -0.4232595624227409,
            -0.10712052260022924,
            -0.05957404682685749,
            0.05769147043191913,
            -0.4908518368854926,
            -0.3708911156963126,
            0.057349571453883634,
            0.24706809412459285,
            -0.02285224168458769
        ],
        [
            -0.044425847600349094,
            -0.05170852698293406,
            -0.029140598590566606,
            -0.049679923716014956,
            0.012049476832495711,
            -0.03300322969454189,
            -0.081567693175079,
            0.17449657561183796,
            0.2175185986945461,
            0.039720228732175275,
            -0.1295823631591092,
            -0.10712052260022924,
            1.3719819317325572,
            -0.026188025055607363,
            0.01925713701208224,
            -0.016371198316690483,
            -0.0865627927164074,
            0.41889043650511293,
            -0.23202002286140716,
            0.032846825480933
        ],
        [
            0.2363990946988152,
            0.14471137342307983,
            -0.02849000059577117,
            0.18366061837103947,
            -0.05364245515620532,
            0.0462118057709624,
            0.07060746141149576,
            0.2470538258711727,
            -0.7119159993005436,
            -0.14282277551592457,
            -0.13910805359177225,
            -0.05957404682685749,
            -0.026188025055607363,
            0.9305492950071819,
            0.0041486676758076815,
            -0.0007300280736675102,
            -0.12607683983658882,
            -0.2547779457957905,
            -0.43952967363136486,
            0.11429628401107725
        ],
        [
            0.005710602410743441,
            0.025908959042548918,
            -0.00018779289956197785,
            0.006059559328930528,
            -0.03855361955983405,
            0.011086288234027186,
            0.0423075983821965,
            0.043774727440852076,
            -0.1465591571386032,
            0.20887421575746856,
            0.07119958758885822,
            0.05769147043191913,
            0.01925713701208224,
            0.0041486676758076815,
            1.3969083174821386,
            0.013970182237016557,
            0.046730579323642836,
            0.031258497387013855,
            0.09869696100601508,
            0.4757397351489978
        ],
        [
            -0.0057442372824363895,
            -0.12630051340031498,
            0.004735650708173035,
            -0.048090060690601316,
            0.006273400388281962,
            -0.2448484177205573,
            -0.3249006648065734,
            0.044344458814892816,
            -0.2943113740920973,
            -0.026696889459777266,
            -0.6238922004537669,
            -0.4908518368854926,
            -0.016371198316690483,
            -0.0007300280736675102,
            0.013970182237016557,
            -0.32025763865908874,
            -0.4907941320261552,
            0.08456524824163217,
            0.31537818908165743,
            -0.03522188796203888
        ],
        [
            -0.1221827397870593,
            -0.18506349713610415,
            0.008415177278962904,
            -0.0925685348756726,
            0.026262069641118265,
            -0.3148128374138226,
            -0.3103281734072445,
            0.041300806672444554,
            -0.16386627863633452,
            -0.04036160847419558,
            -0.5532551929501197,
            -0.3708911156963126,
            -0.0865627927164074,
            -0.12607683983658882,
            0.046730579323642836,
            -0.4907941320261552,
            -0.3211728518279231,
            0.0642393911697261,
            0.2547673949921495,
            -0.02615269271400366
        ],
        [
            -0.0023994936319157415,
            0.013466547233279787,
            -0.0032405099577250975,
            0.00014588577248037232,
            0.00013610016271986945,
            0.02298198139522393,
            0.041893893620114434,
            -0.05248420758270919,
            0.04208931654549804,
            0.004905888721793374,
            0.004105561642581745,
            0.057349571453883634,
            0.41889043650511293,
            -0.2547779457957905,
            0.031258497387013855,
            0.08456524824163217,
            0.0642393911697261,
            1.4405697977233471,
            -0.07598154736945965,
            0.009732372070659709
        ],
        [
            0.053284159293057604,
            0.11069207589030053,
            -0.004985260487138668,
            0.06535647194882435,
            -0.011432521731028999,
            0.22844668559657347,
            0.19091716240026696,
            -0.0428912546003188,
            0.14774898826387795,
            0.03197859124138885,
            0.06457263279746317,
            0.24706809412459285,
            -0.23202002286140716,
            -0.43952967363136486,
            0.09869696100601508,
            0.31537818908165743,
            0.2547673949921495,
            -0.07598154736945965,
            1.1683135931132569,
            0.03232761755351846
        ],
        [
            -0.001458379799854229,
            -0.007285145042840373,
            0.0003808605918553719,
            -0.004961506474844467,
            -0.0025247389445522076,
            -0.0061249073967762305,
            -0.017043221861119097,
            0.002841117219601495,
            -0.016130569102608096,
            -0.046528149384351944,
            0.0015378452792802755,
            -0.02285224168458769,
            0.032846825480933,
            0.11429628401107725,
            0.4757397351489978,
            -0.03522188796203888,
            -0.02615269271400366,
            0.009732372070659709,
            0.03232761755351846,
            1.4580424606135995
        ]
    ]
}