{
    "HF": -2.163140540917656,
    "coordinates": [
        [
            0.762421,
            -0.165724,
            -0.012555
        ],
        [
            1.587766,
            -0.143331,
            -0.089294
        ],
        [
            2.419468,
            -0.106899,
            0.044552
        ],
        [
            3.060069,
            -0.150653,
            -0.018856
        ]
    ],
    "elements": [
        "H",
        "H",
        "H",
        "H"
    ],
    "Enn": 2.994188241246852,
    "S": [
        [
            0.9999999999999999,
            0.6848602514927513,
            0.0,
            0.0,
            0.0,
            0.5000268719884181,
            0.5385256646185874,
            0.04715862771898008,
            -0.5072015219734635,
            -0.01376123158382468,
            0.0820465751087648,
            0.2619693846661416,
            -0.0037540874673515226,
            -0.10893059301858683,
            -0.003867024975343711,
            0.01030212513533281,
            0.10872275866487553,
            3.315907912934546e-05,
            -0.01209139689626763,
            -7.931129686690461e-05
        ],
        [
            0.6848602514927513,
            1.0000000000000002,
            0.0,
            0.0,
            0.0,
            0.5385256646185874,
            0.8608973706686375,
            0.016157196989401112,
            -0.17377424450692938,
            -0.0047147879459422,
            0.2619693846661416,
            0.5490331526598586,
            -0.0055651568173499056,
            -0.16148154182007818,
            -0.005732578314052706,
            0.10872275866487555,
            0.3166211151405576,
            0.0002392130598833042,
            -0.0872286000023416,
            -0.0005721599786543865
        ],
        [
            0.0,
            0.0,
            1.0000000000000004,
            0.0,
            0.0,
            -0.04715862771898007,
            -0.0161571969894011,
            0.40335108775830014,
            0.06735316686183242,
            0.0018274048616481748,
            0.003754087467351521,
            0.0055651568173499,
            0.027833699864783915,
            -0.0068963600092981905,
            -0.0002448200790605011,
            -3.315907912934546e-05,
            -0.0002392130598833042,
            0.001056000576299324,
            3.969483876016759e-05,
            2.6037100328443926e-07
        ],
        [
            0.0,
            0.0,
            0.0,
            1.0000000000000004,
            0.0,
            0.5072015219734635,
            0.17377424450692933,
            0.06735316686183242,
            -0.3147848221967185,
            -0.01965414542197596,
            0.10893059301858679,
            0.16148154182007815,
            -0.006896360009298193,
            -0.17203706976425964,
            -0.007103829259932518,
            0.012091396896267634,
            0.0872286000023416,
            3.9694838760167606e-05,
            -0.013418540127378866,
            -9.494380494437159e-05
        ],
        [
            0.0,
            0.0,
            0.0,
            0.0,
            1.0000000000000004,
            0.01376123158382468,
            0.004714787945942199,
            0.0018274048616481748,
            -0.01965414542197596,
            0.40908020636127934,
            0.0038670249753437083,
            0.005732578314052705,
            -0.00024482007906050096,
            -0.007103829259932512,
            0.02781918469100518,
            7.931129686690461e-05,
            0.0005721599786543865,
            2.6037100328443926e-07,
            -9.494380494437156e-05,
            0.0010554866677696935
        ],
        [
            0.5000268719884181,
            0.5385256646185874,
            -0.047158627718980085,
            0.5072015219734635,
            0.01376123158382468,
            0.9999999999999999,
            0.6848602514927513,
            0.0,
            0.0,
            0.0,
            0.4892216582312676,
            0.5341429459851154,
            -0.08000861958427188,
            -0.49716337376894415,
            -0.021777819499231917,
            0.13412717401216717,
            0.32066129023548395,
            -0.008421648857465448,
            -0.1760302518213598,
            0.0008754267999426753
        ],
        [
            0.5385256646185874,
            0.8608973706686375,
            -0.01615719698940111,
            0.17377424450692938,
            0.0047147879459422,
            0.6848602514927513,
            1.0000000000000002,
            0.0,
            0.0,
            0.0,
            0.5341429459851154,
            0.8565229435898666,
            -0.02793613697908986,
            -0.17359159778987077,
            -0.007604032562961925,
            0.32066129023548395,
            0.6229505740467051,
            -0.008521969066391027,
            -0.17812715611395427,
            0.000885855042791029
        ],
        [
            0.04715862771898008,
            0.01615719698940111,
            0.40335108775830014,
            0.06735316686183242,
            0.0018274048616481748,
            0.0,
            0.0,
            1.0000000000000004,
            0.0,
            0.0,
            0.08000861958427188,
            0.02793613697908984,
            0.3788845638149655,
            -0.11484071585906616,
            -0.005030500059128752,
            0.008421648857465446,
            0.008521969066391017,
            0.058818660651215306,
            -0.0160428651690391,
            7.978375291479029e-05
        ],
        [
            -0.5072015219734635,
            -0.17377424450692933,
            0.06735316686183242,
            -0.3147848221967185,
            -0.01965414542197596,
            0.0,
            0.0,
            0.0,
            1.0000000000000004,
            0.0,
            0.49716337376894415,
            0.17359159778987038,
            -0.11484071585906627,
            -0.3162396770491798,
            -0.03125888678165581,
            0.1760302518213599,
            0.17812715611395408,
            -0.016042865169039095,
            -0.2757435882459781,
            0.001667648978785662
        ],
        [
            -0.01376123158382468,
            -0.004714787945942199,
            0.0018274048616481748,
            -0.01965414542197596,
            0.40908020636127934,
            0.0,
            0.0,
            0.0,
            0.0,
            1.0000000000000004,
            0.021777819499231913,
            0.007604032562961922,
            -0.00503050005912875,
            -0.03125888678165577,
            0.39599663844222777,
            -0.0008754267999426753,
            -0.000885855042791029,
            7.978375291479029e-05,
            0.0016676489787856626,
            0.05957789078995313
        ],
        [
            0.0820465751087648,
            0.2619693846661416,
            0.0037540874673515226,
            0.10893059301858683,
            0.003867024975343713,
            0.4892216582312676,
            0.5341429459851154,
            0.08000861958427188,
            0.49716337376894415,
            0.021777819499231913,
            0.9999999999999999,
            0.6848602514927513,
            0.0,
            0.0,
            0.0,
            0.6478622604648596,
            0.5920835861552887,
            0.054046086870585916,
            -0.5460190716531694,
            0.03729391377958014
        ],
        [
            0.2619693846661416,
            0.5490331526598586,
            0.005565156817349903,
            0.16148154182007818,
            0.005732578314052706,
            0.5341429459851154,
            0.8565229435898666,
            0.027936136979089848,
            0.17359159778987043,
            0.007604032562961925,
            0.6848602514927513,
            1.0000000000000002,
            0.0,
            0.0,
            0.0,
            0.5920835861552887,
            0.9133047177523607,
            0.014772252820805798,
            -0.14924173494292514,
            0.010193432215517535
        ],
        [
            -0.003754087467351521,
            -0.0055651568173498995,
            0.027833699864783915,
            -0.006896360009298193,
            -0.00024482007906050096,
            -0.08000861958427188,
            -0.027936136979089837,
            0.3788845638149655,
            -0.11484071585906623,
            -0.005030500059128748,
            0.0,
            0.0,
            1.0000000000000004,
            0.0,
            0.0,
            -0.0540460868705859,
            -0.014772252820805788,
            0.5764362646703733,
            0.06142881378794512,
            -0.004195679242582753
        ],
        [
            -0.10893059301858683,
            -0.16148154182007815,
            -0.0068963600092981905,
            -0.17203706976425964,
            -0.007103829259932512,
            -0.49716337376894415,
            -0.17359159778987004,
            -0.1148407158590662,
            -0.3162396770491798,
            -0.03125888678165577,
            0.0,
            0.0,
            0.0,
            1.0000000000000004,
            0.0,
            0.5460190716531694,
            0.1492417349429251,
            0.06142881378794522,
            -0.03808898001599092,
            0.04238828410417858
        ],
        [
            -0.003867024975343711,
            -0.005732578314052705,
            -0.0002448200790605011,
            -0.007103829259932518,
            0.02781918469100518,
            -0.02177781949923189,
            -0.007604032562961922,
            -0.005030500059128754,
            -0.03125888678165581,
            0.39599663844222777,
            0.0,
            0.0,
            0.0,
            0.0,
            1.0000000000000004,
            -0.037293913779580114,
            -0.010193432215517556,
            -0.004195679242582757,
            0.042388284104178546,
            0.579621431789956
        ],
        [
            0.01030212513533281,
            0.10872275866487553,
            -3.315907912934546e-05,
            0.01209139689626763,
            7.931129686690461e-05,
            0.13412717401216717,
            0.32066129023548395,
            0.008421648857465446,
            0.1760302518213599,
            -0.0008754267999426753,
            0.6478622604648596,
            0.5920835861552887,
            -0.054046086870585916,
            0.5460190716531694,
            -0.037293913779580114,
            0.9999999999999999,
            0.6848602514927513,
            0.0,
            0.0,
            0.0
        ],
        [
            0.10872275866487555,
            0.3166211151405576,
            -0.0002392130598833042,
            0.0872286000023416,
            0.0005721599786543865,
            0.32066129023548395,
            0.6229505740467051,
            0.00852196906639103,
            0.17812715611395408,
            -0.000885855042791029,
            0.5920835861552887,
            0.9133047177523607,
            -0.014772252820805793,
            0.14924173494292514,
            -0.01019343221551756,
            0.6848602514927513,
            1.0000000000000002,
            0.0,
            0.0,
            0.0
        ],
        [
            3.315907912934546e-05,
            0.0002392130598833042,
            0.001056000576299324,
            3.969483876016759e-05,
            2.6037100328443926e-07,
            -0.008421648857465448,
            -0.00852196906639102,
            0.058818660651215306,
            -0.016042865169039095,
            7.978375291479029e-05,
            0.0540460868705859,
            0.014772252820805786,
            0.5764362646703733,
            0.06142881378794521,
            -0.004195679242582756,
            0.0,
            0.0,
            1.0000000000000004,
            0.0,
            0.0
        ],
        [
            -0.01209139689626763,
            -0.0872286000023416,
            3.9694838760167606e-05,
            -0.013418540127378866,
            -9.494380494437159e-05,
            -0.1760302518213598,
            -0.17812715611395427,
            -0.0160428651690391,
            -0.2757435882459781,
            0.0016676489787856626,
            -0.5460190716531694,
            -0.1492417349429251,
            0.06142881378794513,
            -0.03808898001599092,
            0.042388284104178546,
            0.0,
            0.0,
            0.0,
            1.0000000000000004,
            0.0
        ],
        [
            -7.931129686690461e-05,
            -0.0005721599786543865,
            2.6037100328443926e-07,
            -9.494380494437156e-05,
            0.0010554866677696935,
            0.0008754267999426753,
            0.000885855042791029,
            7.978375291479029e-05,
            0.001667648978785662,
            0.05957789078995313,
            0.03729391377958014,
            0.010193432215517531,
            -0.004195679242582754,
            0.04238828410417858,
            0.579621431789956,
            0.0,
            0.0,
            0.0,
            0.0,
            1.0000000000000004
        ]
    ],
    "h": [
        [
            -0.22298580037900773,
            -0.44803190974737095,
            0.02217445462098,
            -0.2531913870927851,
            -0.00719607266688294,
            -0.5331438233485615,
            -0.43812355675251147,
            -0.007633089890558345,
            0.04372898817714943,
            5.351875035268516e-05,
            -0.18316722251548567,
            -0.2744841758903177,
            0.021645689409664208,
            0.26281398643161846,
            0.008372869541505144,
            -0.00985732187159618,
            -0.13131875915049152,
            0.0015053539651507805,
            0.06018499252547557,
            0.00013491542653781263
        ],
        [
            -0.44803190974737095,
            -0.3018557640314772,
            0.01879503373786123,
            -0.2229577902217337,
            -0.006393010946348452,
            -0.5055855247092741,
            -0.3559178993045047,
            -0.031099814333690984,
            0.11538561112681708,
            0.0015256108009686718,
            -0.28870301554468636,
            -0.2862507961643399,
            0.028601122338911676,
            0.15936707699291297,
            0.009943889989737364,
            -0.13558302465274494,
            -0.19011576624699883,
            -0.004078556895623843,
            0.12007440812685963,
            -0.004150531615615594
        ],
        [
            0.02217445462098,
            0.01879503373786123,
            1.5019666601639294,
            0.020818852007315293,
            0.0005587766243510687,
            0.002368204262494622,
            0.01588525049275856,
            0.3092749701027695,
            0.09038880636450095,
            0.0024834395546898293,
            0.004035325952469531,
            0.012118473464055061,
            -0.039233059985269915,
            -0.0082731961484474,
            -0.0002833546222081998,
            -8.781392364947218e-05,
            0.005397838106033927,
            -0.0037827999183782566,
            -0.0012929840108039576,
            -1.5460735541346734e-05
        ],
        [
            -0.2531913870927851,
            -0.2229577902217337,
            0.020818852007315293,
            1.2632672112046972,
            -0.006744009424771151,
            -0.06642339970640898,
            -0.20529319278591412,
            0.08260885188605124,
            -0.673964011825016,
            -0.02776866351772475,
            -0.1951967357043789,
            -0.1589505647081816,
            0.024495509559345756,
            0.21504766841094386,
            0.010146096184520847,
            -0.05504164668328043,
            -0.10464173770953446,
            -0.00018583392474819923,
            0.07667037004774166,
            -0.00047651556806860247
        ],
        [
            -0.00719607266688294,
            -0.006393010946348452,
            0.0005587766243510687,
            -0.006744009424771151,
            1.5038018480158624,
            -0.0022602615638338437,
            -0.005957841019347858,
            0.0021814794419428587,
            -0.02683053868282776,
            0.3169458160209613,
            -0.006120243625861617,
            -0.00453919005604932,
            0.0007505134058577389,
            0.008023627182166516,
            -0.03790417705442146,
            -0.0010662914040781748,
            -0.0026972937814113015,
            -8.911221550568252e-06,
            0.0012656412880928058,
            -0.0037190989538567697
        ],
        [
            -0.5331438233485615,
            -0.5055855247092741,
            0.002368204262494622,
            -0.06642339970640898,
            -0.0022602615638338437,
            -0.37073168667166767,
            -0.56729180061781,
            -0.05195722043516304,
            0.04854330975400631,
            -0.0017481359568206377,
            -0.4762659745481931,
            -0.4717102696840567,
            0.013130235033495058,
            0.03618291137424734,
            0.006736486329115207,
            -0.2678854958198258,
            -0.33048642198774836,
            -0.004531005490636295,
            0.2505437415109134,
            -0.008217081330908125
        ],
        [
            -0.43812355675251147,
            -0.3559178993045047,
            0.01588525049275856,
            -0.20529319278591412,
            -0.005957841019347858,
            -0.56729180061781,
            -0.4260771323134529,
            -0.045970694195837006,
            0.010355333623240884,
            -0.001904423110053709,
            -0.4960875954889037,
            -0.39637353646713813,
            0.04161656959181344,
            0.07990922051165339,
            0.01719406613320034,
            -0.3407016613971881,
            -0.3137070622558342,
            -0.014238256715528091,
            0.2077711079875631,
            -0.011516425780090656
        ],
        [
            -0.007633089890558345,
            -0.031099814333690984,
            0.3092749701027695,
            0.08260885188605124,
            0.0021814794419428587,
            -0.05195722043516304,
            -0.045970694195837006,
            1.4229136785683825,
            -0.013569782120018106,
            -0.0008779203463609776,
            -0.012994727682894947,
            -0.03811293028636283,
            0.2660808118725967,
            -0.1511300194824765,
            -0.005890538106418807,
            -0.031129521813239167,
            -0.031236592291115643,
            -0.04812629750001768,
            0.03068750723719009,
            -0.0014993165886206803
        ],
        [
            0.04372898817714943,
            0.11538561112681708,
            0.09038880636450095,
            -0.673964011825016,
            -0.02683053868282776,
            0.04854330975400631,
            0.010355333623240884,
            -0.013569782120018106,
            0.929465966996182,
            -0.0157713918367913,
            -0.09697071458703466,
            -0.12268322701028334,
            -0.14365718414698442,
            -0.7951247559760284,
            -0.03600622847396153,
            -0.32753237492351694,
            -0.17804703594721968,
            -0.01696586284746849,
            0.15878487727516177,
            -0.012859939252317801
        ],
        [
            5.351875035268516e-05,
            0.0015256108009686718,
            0.0024834395546898293,
            -0.02776866351772475,
            0.3169458160209613,
            -0.0017481359568206377,
            -0.001904423110053709,
            -0.0008779203463609776,
            -0.0157713918367913,
            1.4297020994358725,
            -0.0007853852521666621,
            -0.00455277040416713,
            -0.006576091190080876,
            -0.04399498560872407,
            0.2872553999237649,
            -0.006743633943807397,
            -0.006117424965244414,
            -0.0003635593898589658,
            0.007626298706944793,
            -0.04684229984672049
        ],
        [
            -0.18316722251548567,
            -0.28870301554468636,
            0.004035325952469531,
            -0.1951967357043789,
            -0.006120243625861617,
            -0.4762659745481931,
            -0.4960875954889037,
            -0.012994727682894947,
            -0.09697071458703466,
            -0.0007853852521666621,
            -0.4982128047176333,
            -0.6124930748681485,
            0.063594763935637,
            -0.15283969071190007,
            0.030788368044538772,
            -0.6563253765282181,
            -0.5724309782313645,
            0.002180301994590475,
            0.060976905385208946,
            -0.0009938963315378607
        ],
        [
            -0.2744841758903177,
            -0.2862507961643399,
            0.012118473464055061,
            -0.1589505647081816,
            -0.00453919005604932,
            -0.4717102696840567,
            -0.39637353646713813,
            -0.03811293028636283,
            -0.12268322701028334,
            -0.00455277040416713,
            -0.6124930748681485,
            -0.42422891059934176,
            0.05133953473004718,
            -0.058527125343549896,
            0.02383520519878538,
            -0.5052203797435231,
            -0.36878294375540466,
            -0.01941532260240813,
            0.266498544927836,
            -0.015468838087331113
        ],
        [
            0.021645689409664208,
            0.028601122338911676,
            -0.039233059985269915,
            0.024495509559345756,
            0.0007505134058577389,
            0.013130235033495058,
            0.04161656959181344,
            0.2660808118725967,
            -0.14365718414698442,
            -0.006576091190080876,
            0.063594763935637,
            0.05133953473004718,
            1.3865760250834054,
            -0.0029747792498801147,
            -0.0036041042982821745,
            0.009095191653938767,
            0.03984750495477725,
            0.5629277363848595,
            0.07899911403461432,
            -0.0060361177659658954
        ],
        [
            0.26281398643161846,
            0.15936707699291297,
            -0.0082731961484474,
            0.21504766841094386,
            0.008023627182166516,
            0.03618291137424734,
            0.07990922051165339,
            -0.1511300194824765,
            -0.7951247559760284,
            -0.04399498560872407,
            -0.15283969071190007,
            -0.058527125343549896,
            -0.0029747792498801147,
            0.8365690055844719,
            0.011861266797936615,
            0.01562635212500152,
            -0.13058029486421593,
            0.09191823790187616,
            -0.4065927464739628,
            0.06441877847394409
        ],
        [
            0.008372869541505144,
            0.009943889989737364,
            -0.0002833546222081998,
            0.010146096184520847,
            -0.03790417705442146,
            0.006736486329115207,
            0.01719406613320034,
            -0.005890538106418807,
            -0.03600622847396153,
            0.2872553999237649,
            0.030788368044538772,
            0.02383520519878538,
            -0.0036041042982821745,
            0.011861266797936615,
            1.3932174886303774,
            0.002516298113744722,
            0.020124903096608446,
            -0.0064322636301581484,
            0.059447897113053316,
            0.5680006749948414
        ],
        [
            -0.00985732187159618,
            -0.13558302465274494,
            -8.781392364947218e-05,
            -0.05504164668328043,
            -0.0010662914040781748,
            -0.2678854958198258,
            -0.3407016613971881,
            -0.031129521813239167,
            -0.32753237492351694,
            -0.006743633943807397,
            -0.6563253765282181,
            -0.5052203797435231,
            0.009095191653938767,
            0.01562635212500152,
            0.002516298113744722,
            -0.35798793433839005,
            -0.5037034836429838,
            -0.03187777140459139,
            0.35439218231789493,
            -0.023254202198501318
        ],
        [
            -0.13131875915049152,
            -0.19011576624699883,
            0.005397838106033927,
            -0.10464173770953446,
            -0.0026972937814113015,
            -0.33048642198774836,
            -0.3137070622558342,
            -0.031236592291115643,
            -0.17804703594721968,
            -0.006117424965244414,
            -0.5724309782313645,
            -0.36878294375540466,
            0.03984750495477725,
            -0.13058029486421593,
            0.020124903096608446,
            -0.5037034836429838,
            -0.3199842671824902,
            -0.022452920138727413,
            0.2737013783023957,
            -0.01702978621973337
        ],
        [
            0.0015053539651507805,
            -0.004078556895623843,
            -0.0037827999183782566,
            -0.00018583392474819923,
            -8.911221550568252e-06,
            -0.004531005490636295,
            -0.014238256715528091,
            -0.04812629750001768,
            -0.01696586284746849,
            -0.0003635593898589658,
            0.002180301994590475,
            -0.01941532260240813,
            0.5629277363848595,
            0.09191823790187616,
            -0.0064322636301581484,
            -0.03187777140459139,
            -0.022452920138727413,
            1.4512397369249561,
            0.029217146260049336,
            -0.002091849210919078
        ],
        [
            0.06018499252547557,
            0.12007440812685963,
            -0.0012929840108039576,
            0.07667037004774166,
            0.0012656412880928058,
            0.2505437415109134,
            0.2077711079875631,
            0.03068750723719009,
            0.15878487727516177,
            0.007626298706944793,
            0.060976905385208946,
            0.266498544927836,
            0.07899911403461432,
            -0.4065927464739628,
            0.059447897113053316,
            0.35439218231789493,
            0.2737013783023957,
            0.029217146260049336,
            1.1165345608678767,
            0.021425970943942014
        ],
        [
            0.00013491542653781263,
            -0.004150531615615594,
            -1.5460735541346734e-05,
            -0.00047651556806860247,
            -0.0037190989538567697,
            -0.008217081330908125,
            -0.011516425780090656,
            -0.0014993165886206803,
            -0.012859939252317801,
            -0.04684229984672049,
            -0.0009938963315378607,
            -0.015468838087331113,
            -0.0060361177659658954,
            0.06441877847394409,
            0.5680006749948414,
            -0.023254202198501318,
            -0.01702978621973337,
            -0.002091849210919078,
            0.021425970943942014,
            1.4528906236828183
        ]
    ]
}