{
    "HF": -2.129796024887646,
    "coordinates": [
        [
            0.670829,
            -0.143338,
            -0.182753
        ],
        [
            1.435551,
            0.100406,
            -0.090068
        ],
        [
            2.112543,
            -0.084573,
            0.032392
        ],
        [
            2.936091,
            0.133773,
            -0.029507
        ]
    ],
    "elements": [
        "H",
        "H",
        "H",
        "H"
    ],
    "Enn": 2.9635884321707393,
    "S": [
        [
            0.9999999999999999,
            0.6848602514927513,
            0.0,
            0.0,
            0.0,
            0.5166037143093083,
            0.5451113155756719,
            -0.059359338213836654,
            -0.4897598515138543,
            -0.15610381975069754,
            0.13932373890429262,
            0.32566692955504783,
            -0.02694550871580457,
            -0.18056527994002858,
            -0.007359933159888705,
            0.010707478884761729,
            0.11054276305294439,
            -0.0008454674827406369,
            -0.01249758793631169,
            -0.0015288382053021982
        ],
        [
            0.6848602514927513,
            1.0000000000000002,
            0.0,
            0.0,
            0.0,
            0.5451113155756719,
            0.8674451821949238,
            -0.019769465584100077,
            -0.16311318185687204,
            -0.051989951117558324,
            0.32566692955504783,
            0.6290064507986504,
            -0.026464257395851218,
            -0.17734035365545173,
            -0.0072284835151511535,
            0.11054276305294439,
            0.3199328179346498,
            -0.005922480854474176,
            -0.08754532467645408,
            -0.010709477520223644
        ],
        [
            0.0,
            0.0,
            1.0000000000000004,
            0.0,
            0.0,
            0.05935933821383664,
            0.019769465584100095,
            0.41897476040029735,
            -0.07885486331698419,
            -0.025133839230903503,
            0.026945508715804558,
            0.02646425739585117,
            0.0555368692913993,
            -0.050830567061359355,
            -0.0020718799105514567,
            0.000845467482740637,
            0.005922480854474174,
            0.0010551569508247165,
            -0.0010126910116710379,
            -0.00012388316183080498
        ],
        [
            0.0,
            0.0,
            0.0,
            1.0000000000000004,
            0.0,
            0.4897598515138545,
            0.163113181856872,
            -0.07885486331698414,
            -0.22208077393825476,
            -0.20737335927426215,
            0.18056527994002863,
            0.17734035365545187,
            -0.050830567061359355,
            -0.27749984782524634,
            -0.01388393071352243,
            0.012497587936311689,
            0.08754532467645405,
            -0.0010126910116710376,
            -0.013845797954529903,
            -0.0018312244295784093
        ],
        [
            0.0,
            0.0,
            0.0,
            0.0,
            1.0000000000000004,
            0.1561038197506975,
            0.051989951117558275,
            -0.025133839230903496,
            -0.20737335927426223,
            0.36243480329639405,
            0.007359933159888705,
            0.007228483515151151,
            -0.0020718799105514567,
            -0.01388393071352243,
            0.06255632888049674,
            0.0015288382053021984,
            0.01070947752022365,
            -0.000123883161830805,
            -0.0018312244295784104,
            0.0008996510596163868
        ],
        [
            0.5166037143093083,
            0.5451113155756719,
            0.05935933821383664,
            0.4897598515138545,
            0.15610381975069754,
            0.9999999999999999,
            0.6848602514927513,
            0.0,
            0.0,
            0.0,
            0.5930407374900915,
            0.5735011476521057,
            -0.09338097089139859,
            -0.5162352624996708,
            0.1410543737916056,
            0.12487255543545533,
            0.3114352057969345,
            -0.006635790621724548,
            -0.16441718696062732,
            -0.0036560893260527915
        ],
        [
            0.5451113155756719,
            0.8674451821949238,
            0.019769465584100098,
            0.16311318185687204,
            0.051989951117558324,
            0.6848602514927513,
            1.0000000000000002,
            0.0,
            0.0,
            0.0,
            0.5735011476521057,
            0.8953342404445372,
            -0.02757504935822265,
            -0.15244233068040064,
            0.04165282586342207,
            0.3114352057969345,
            0.6116940311775915,
            -0.00710171559489833,
            -0.1759615646830258,
            -0.0039127977453307025
        ],
        [
            -0.05935933821383664,
            -0.019769465584100074,
            0.41897476040029735,
            -0.07885486331698413,
            -0.025133839230903496,
            0.0,
            0.0,
            1.0000000000000004,
            0.0,
            0.0,
            0.09338097089139857,
            0.027575049358222643,
            0.4973161169670146,
            -0.11137530807114308,
            0.030431811766892337,
            0.00663579062172455,
            0.007101715594898322,
            0.05294183405187688,
            -0.012610340477017925,
            -0.0002804118721904498
        ],
        [
            -0.4897598515138543,
            -0.163113181856872,
            -0.0788548633169842,
            -0.2220807739382549,
            -0.20737335927426223,
            0.0,
            0.0,
            0.0,
            1.0000000000000004,
            0.0,
            0.5162352624996708,
            0.15244233068040058,
            -0.11137530807114308,
            -0.09825020680556876,
            0.16823528590308653,
            0.16441718696062732,
            0.17596156468302593,
            -0.012610340477017931,
            -0.25899981123746607,
            -0.006947858038946808
        ],
        [
            -0.1561038197506975,
            -0.05198995111755828,
            -0.025133839230903506,
            -0.20737335927426215,
            0.36243480329639405,
            0.0,
            0.0,
            0.0,
            0.0,
            1.0000000000000004,
            -0.14105437379160557,
            -0.041652825863422054,
            0.030431811766892337,
            0.16823528590308653,
            0.4714945788621703,
            0.0036560893260527915,
            0.003912797745330702,
            -0.0002804118721904498,
            -0.006947858038946804,
            0.05329628355035285
        ],
        [
            0.13932373890429262,
            0.32566692955504783,
            0.02694550871580457,
            0.18056527994002863,
            0.007359933159888705,
            0.5930407374900915,
            0.5735011476521057,
            0.09338097089139859,
            0.5162352624996708,
            -0.1410543737916056,
            0.9999999999999999,
            0.6848602514927513,
            0.0,
            0.0,
            0.0,
            0.48074097385008796,
            0.5306516135863587,
            0.03619087344846526,
            -0.48150893304797593,
            -0.12766171430844758
        ],
        [
            0.32566692955504783,
            0.6290064507986504,
            0.02646425739585123,
            0.17734035365545184,
            0.0072284835151511535,
            0.5735011476521057,
            0.8953342404445372,
            0.02757504935822265,
            0.15244233068040064,
            -0.04165282586342207,
            0.6848602514927513,
            1.0000000000000002,
            0.0,
            0.0,
            0.0,
            0.5306516135863587,
            0.8530284374525247,
            0.012829327026827339,
            -0.17069042495500064,
            -0.04525488681561322
        ],
        [
            -0.026945508715804558,
            -0.02646425739585118,
            0.0555368692913993,
            -0.05083056706135935,
            -0.0020718799105514567,
            -0.09338097089139857,
            -0.027575049358222643,
            0.4973161169670146,
            -0.11137530807114308,
            0.030431811766892337,
            0.0,
            0.0,
            1.0000000000000004,
            0.0,
            0.0,
            -0.03619087344846525,
            -0.012829327026827334,
            0.3839448019153333,
            0.05132336417637147,
            0.01360728369743355
        ],
        [
            -0.18056527994002858,
            -0.17734035365545187,
            -0.05083056706135936,
            -0.27749984782524634,
            -0.01388393071352243,
            -0.5162352624996708,
            -0.15244233068040058,
            -0.11137530807114308,
            -0.09825020680556876,
            0.16823528590308653,
            0.0,
            0.0,
            0.0,
            1.0000000000000004,
            0.0,
            0.48150893304797593,
            0.17069042495500064,
            0.05132336417637147,
            -0.29503993750590485,
            -0.18104090977970577
        ],
        [
            -0.007359933159888705,
            -0.007228483515151151,
            -0.0020718799105514567,
            -0.013883930713522428,
            0.06255632888049674,
            0.14105437379160557,
            0.041652825863422054,
            0.030431811766892337,
            0.16823528590308653,
            0.4714945788621703,
            0.0,
            0.0,
            0.0,
            0.0,
            1.0000000000000004,
            0.12766171430844755,
            0.045254886815613196,
            0.01360728369743355,
            -0.18104090977970577,
            0.33980324177845433
        ],
        [
            0.010707478884761729,
            0.11054276305294439,
            0.0008454674827406368,
            0.012497587936311689,
            0.0015288382053021982,
            0.12487255543545533,
            0.3114352057969345,
            0.00663579062172455,
            0.16441718696062738,
            0.0036560893260527915,
            0.48074097385008796,
            0.5306516135863587,
            -0.03619087344846526,
            0.48150893304797593,
            0.12766171430844758,
            0.9999999999999999,
            0.6848602514927513,
            0.0,
            0.0,
            0.0
        ],
        [
            0.11054276305294439,
            0.3199328179346498,
            0.005922480854474174,
            0.08754532467645405,
            0.010709477520223644,
            0.3114352057969345,
            0.6116940311775915,
            0.007101715594898324,
            0.17596156468302598,
            0.0039127977453307025,
            0.5306516135863587,
            0.8530284374525247,
            -0.012829327026827339,
            0.17069042495500064,
            0.04525488681561322,
            0.6848602514927513,
            1.0000000000000002,
            0.0,
            0.0,
            0.0
        ],
        [
            -0.0008454674827406371,
            -0.005922480854474176,
            0.0010551569508247165,
            -0.0010126910116710379,
            -0.00012388316183080498,
            -0.006635790621724548,
            -0.007101715594898322,
            0.05294183405187688,
            -0.012610340477017935,
            -0.00028041187219044985,
            0.03619087344846525,
            0.012829327026827334,
            0.3839448019153333,
            0.05132336417637147,
            0.01360728369743355,
            0.0,
            0.0,
            1.0000000000000004,
            0.0,
            0.0
        ],
        [
            -0.012497587936311687,
            -0.08754532467645408,
            -0.0010126910116710376,
            -0.013845797954529903,
            -0.0018312244295784093,
            -0.16441718696062732,
            -0.17596156468302573,
            -0.012610340477017921,
            -0.25899981123746607,
            -0.006947858038946804,
            -0.48150893304797593,
            -0.17069042495500064,
            0.05132336417637147,
            -0.29503993750590485,
            -0.18104090977970577,
            0.0,
            0.0,
            0.0,
            1.0000000000000004,
            0.0
        ],
        [
            -0.0015288382053021984,
            -0.01070947752022365,
            -0.000123883161830805,
            -0.0018312244295784104,
            0.0008996510596163868,
            -0.0036560893260527915,
            -0.003912797745330702,
            -0.00028041187219044974,
            -0.006947858038946808,
            0.05329628355035285,
            -0.12766171430844755,
            -0.045254886815613196,
            0.01360728369743355,
            -0.18104090977970577,
            0.33980324177845433,
            0.0,
            0.0,
            0.0,
            0.0,
            1.0000000000000004
        ]
    ],
    "h": [
        [
            -0.2508051217192775,
            -0.4608724644240203,
            -0.032740467172893056,
            -0.25766352376410784,
            -0.07615250035174922,
            -0.563060514498281,
            -0.45041264187623364,
            -0.0015419112535361712,
            0.030508408485611316,
            0.03216377119414282,
            -0.2771605403394395,
            -0.32188131074607584,
            0.04751771153230849,
            0.32402710494195686,
            -0.027194490406196127,
            -0.005609397101109151,
            -0.12808438540964173,
            0.002729591767715132,
            0.0633451893031944,
            0.005829158723376525
        ],
        [
            -0.4608724644240203,
            -0.31592888602923885,
            -0.029415178087812056,
            -0.22903646459332147,
            -0.06441147486430826,
            -0.5409374837390953,
            -0.371102543053891,
            0.0024509853423633973,
            0.08354658296088902,
            0.09292387200977274,
            -0.3596564029824945,
            -0.320470297016449,
            0.041385677564716325,
            0.2080416637341725,
            -0.05114929170916273,
            -0.12604761103543238,
            -0.1921587616671676,
            -0.002089022330660892,
            0.11341715023192979,
            0.01916115559515179
        ],
        [
            -0.032740467172893056,
            -0.029415178087812056,
            1.4755927760301646,
            -0.030696903934482392,
            -0.008528218870459943,
            -0.014943649489764427,
            -0.029143520992154483,
            0.318956501417622,
            -0.11115214653094702,
            -0.029757886018542283,
            -0.03488275843190506,
            -0.024311110098791944,
            -0.042449502975107675,
            0.022949937725149847,
            -0.0058545331553710184,
            -0.006965849895020168,
            -0.01441709423860976,
            -0.0036111371214648078,
            0.00850633979880801,
            0.0011615804760607238
        ],
        [
            -0.25766352376410784,
            -0.22903646459332147,
            -0.030696903934482392,
            1.2356050097501226,
            -0.06971787751745226,
            -0.1033007088658846,
            -0.2241902700236389,
            -0.11561847986319695,
            -0.58317784805503,
            -0.2514429325256834,
            -0.25846098684894203,
            -0.1897819208852613,
            0.033105121368768975,
            0.13646369418931215,
            -0.04431791717354902,
            -0.06444749934757801,
            -0.11799314930265119,
            0.002866894652836943,
            0.0845500040378806,
            0.011530343932485169
        ],
        [
            -0.07615250035174922,
            -0.06441147486430826,
            -0.008528218870459943,
            -0.06971787751745226,
            1.4575147619523716,
            -0.015614045276590993,
            -0.057869981555243075,
            -0.03513168660362731,
            -0.2836999034795525,
            0.24719364208987527,
            -0.044547812033418455,
            -0.04963017977205707,
            0.00947712459882116,
            0.05763332589212874,
            -0.055586963099780506,
            -0.006327596269410667,
            -0.02319466698481102,
            0.0004983450297974814,
            0.012427403703599082,
            -0.0024742641179589203
        ],
        [
            -0.563060514498281,
            -0.5409374837390953,
            -0.014943649489764427,
            -0.1033007088658846,
            -0.015614045276590993,
            -0.4737581567263436,
            -0.6151373175632262,
            -0.01769504396741539,
            -0.02102146081152184,
            0.14383914893508642,
            -0.5810845561504587,
            -0.5466556610204416,
            0.018625187311426927,
            0.05828774563143391,
            -0.014753497369171753,
            -0.2529234200076078,
            -0.3478554758459671,
            -0.0030873674531861316,
            0.2448732191023327,
            0.03324119462987292
        ],
        [
            -0.45041264187623364,
            -0.371102543053891,
            -0.029143520992154483,
            -0.2241902700236389,
            -0.057869981555243075,
            -0.6151373175632262,
            -0.4435959999991015,
            -0.014694333920002878,
            -0.03260320642440864,
            0.11477771728208586,
            -0.5412832614985184,
            -0.426306834297945,
            0.051584128536117844,
            0.15226193333516597,
            -0.07986073873628217,
            -0.3044415853283719,
            -0.3130168846993926,
            -0.009708792472088279,
            0.17696706224034175,
            0.038886487733066084
        ],
        [
            -0.0015419112535361712,
            0.0024509853423633973,
            0.318956501417622,
            -0.11561847986319695,
            -0.03513168660362731,
            -0.01769504396741539,
            -0.014694333920002878,
            1.3762246484142382,
            -0.07719127331849868,
            0.0036814656358181335,
            -0.0013545119719751697,
            -0.025728577076762557,
            0.4226799989072496,
            -0.17641350779955337,
            0.04157910620481461,
            -0.03338555299565029,
            -0.030386778470421684,
            -0.04712301767714511,
            0.028902085417633193,
            0.005775614851446146
        ],
        [
            0.030508408485611316,
            0.08354658296088902,
            -0.11115214653094702,
            -0.58317784805503,
            -0.2836999034795525,
            -0.02102146081152184,
            -0.03260320642440864,
            -0.07719127331849868,
            0.8474319738997282,
            -0.004868483658626932,
            -0.04144619259844984,
            -0.1412085303824771,
            -0.1641560194647708,
            -0.5998915780111679,
            0.21836584167479361,
            -0.3088058850604884,
            -0.2017163097812399,
            -0.011710046579149931,
            0.1578224824432789,
            0.045089936241794866
        ],
        [
            0.03216377119414282,
            0.09292387200977274,
            -0.029757886018542283,
            -0.2514429325256834,
            0.24719364208987527,
            0.14383914893508642,
            0.11477771728208586,
            0.0036814656358181335,
            -0.004868483658626932,
            1.3463945924639316,
            0.02053352862600477,
            0.08888402494199979,
            0.038410211384846876,
            0.21050606380785675,
            0.38878791842629257,
            0.02579922198085382,
            0.05224956842925874,
            0.001167329676705115,
            -0.039951539298846026,
            -0.05259759535700956
        ],
        [
            -0.2771605403394395,
            -0.3596564029824945,
            -0.03488275843190506,
            -0.25846098684894203,
            -0.044547812033418455,
            -0.5810845561504587,
            -0.5412832614985184,
            -0.0013545119719751697,
            -0.04144619259844984,
            0.02053352862600477,
            -0.447609993841942,
            -0.6048549182146927,
            0.06258840433367424,
            0.044218273722926915,
            -0.12558808848921654,
            -0.5310791046782011,
            -0.5228772114880786,
            -0.0019287529324692881,
            0.10309514367446071,
            0.013778609587728557
        ],
        [
            -0.32188131074607584,
            -0.320470297016449,
            -0.024311110098791944,
            -0.1897819208852613,
            -0.04963017977205707,
            -0.5466556610204416,
            -0.426306834297945,
            -0.025728577076762557,
            -0.1412085303824771,
            0.08888402494199979,
            -0.6048549182146927,
            -0.44290573957036994,
            0.05310971279044944,
            0.044603477633152595,
            -0.10162499374415344,
            -0.4324477364360194,
            -0.36598037437899,
            -0.011203169536173365,
            0.2089860408834825,
            0.04470577114916223
        ],
        [
            0.04751771153230849,
            0.041385677564716325,
            -0.042449502975107675,
            0.033105121368768975,
            0.00947712459882116,
            0.018625187311426927,
            0.051584128536117844,
            0.4226799989072496,
            -0.1641560194647708,
            0.038410211384846876,
            0.06258840433367424,
            0.05310971279044944,
            1.3855825544466007,
            -0.03820853182580887,
            0.016224142513074885,
            0.00877263371591687,
            0.032460869131485555,
            0.2738607143999496,
            0.054148191367881154,
            0.016763340096903567
        ],
        [
            0.32402710494195686,
            0.2080416637341725,
            0.022949937725149847,
            0.13646369418931215,
            0.05763332589212874,
            0.05828774563143391,
            0.15226193333516597,
            -0.17641350779955337,
            -0.5998915780111679,
            0.21050606380785675,
            0.044218273722926915,
            0.044603477633152595,
            -0.03820853182580887,
            0.862488735839207,
            0.010328073663704147,
            -0.04631639560720702,
            -0.08107709015504919,
            0.06577198132989193,
            -0.6413778933811821,
            -0.23834716791521549
        ],
        [
            -0.027194490406196127,
            -0.05114929170916273,
            -0.0058545331553710184,
            -0.04431791717354902,
            -0.055586963099780506,
            -0.014753497369171753,
            -0.07986073873628217,
            0.04157910620481461,
            0.21836584167479361,
            0.38878791842629257,
            -0.12558808848921654,
            -0.10162499374415344,
            0.016224142513074885,
            0.010328073663704147,
            1.362346719094196,
            -0.03004316305696242,
            -0.07898787120244928,
            0.017782675436950418,
            -0.21139715016397603,
            0.21882679680868972
        ],
        [
            -0.005609397101109151,
            -0.12604761103543238,
            -0.006965849895020168,
            -0.06444749934757801,
            -0.006327596269410667,
            -0.2529234200076078,
            -0.3044415853283719,
            -0.03338555299565029,
            -0.3088058850604884,
            0.02579922198085382,
            -0.5310791046782011,
            -0.4324477364360194,
            0.00877263371591687,
            -0.04631639560720702,
            -0.03004316305696242,
            -0.22060475875142793,
            -0.44677278556506317,
            -0.01639032414076074,
            0.2374794330597912,
            0.0581511264446698
        ],
        [
            -0.12808438540964173,
            -0.1921587616671676,
            -0.01441709423860976,
            -0.11799314930265119,
            -0.02319466698481102,
            -0.3478554758459671,
            -0.3130168846993926,
            -0.030386778470421684,
            -0.2017163097812399,
            0.05224956842925874,
            -0.5228772114880786,
            -0.36598037437899,
            0.032460869131485555,
            -0.08107709015504919,
            -0.07898787120244928,
            -0.44677278556506317,
            -0.3097493816227963,
            -0.013877027479393279,
            0.21749306671106505,
            0.05088200042548158
        ],
        [
            0.002729591767715132,
            -0.002089022330660892,
            -0.0036111371214648078,
            0.002866894652836943,
            0.0004983450297974814,
            -0.0030873674531861316,
            -0.009708792472088279,
            -0.04712301767714511,
            -0.011710046579149931,
            0.001167329676705115,
            -0.0019287529324692881,
            -0.011203169536173365,
            0.2738607143999496,
            0.06577198132989193,
            0.017782675436950418,
            -0.01639032414076074,
            -0.013877027479393279,
            1.4918983935140488,
            0.014360381931122627,
            0.004051450223420417
        ],
        [
            0.0633451893031944,
            0.11341715023192979,
            0.00850633979880801,
            0.0845500040378806,
            0.012427403703599082,
            0.2448732191023327,
            0.17696706224034175,
            0.028902085417633193,
            0.1578224824432789,
            -0.039951539298846026,
            0.10309514367446071,
            0.2089860408834825,
            0.054148191367881154,
            -0.6413778933811821,
            -0.21139715016397603,
            0.2374794330597912,
            0.21749306671106505,
            0.014360381931122627,
            1.2680359913860881,
            -0.05362539325387447
        ],
        [
            0.005829158723376525,
            0.01916115559515179,
            0.0011615804760607238,
            0.011530343932485169,
            -0.0024742641179589203,
            0.03324119462987292,
            0.038886487733066084,
            0.005775614851446146,
            0.045089936241794866,
            -0.05259759535700956,
            0.013778609587728557,
            0.04470577114916223,
            0.016763340096903567,
            -0.23834716791521549,
            0.21882679680868972,
            0.0581511264446698,
            0.05088200042548158,
            0.004051450223420417,
            -0.05362539325387447,
            1.4789121314879783
        ]
    ]
}