{
    "HF": -2.167959572689774,
    "coordinates": [
        [
            0.762383,
            0.010885,
            0.153485
        ],
        [
            1.506667,
            0.106558,
            -0.146277
        ],
        [
            2.30022,
            -0.154269,
            0.165559
        ],
        [
            2.944316,
            -0.044914,
            0.152287
        ]
    ],
    "elements": [
        "H",
        "H",
        "H",
        "H"
    ],
    "Enn": 3.001256135843834,
    "S": [
        [
            0.9999999999999999,
            0.6848602514927513,
            0.0,
            0.0,
            0.0,
            0.5165222219837544,
            0.5450793391215379,
            0.19194174060158023,
            -0.4765753046146828,
            -0.06126074068285834,
            0.1112276864942301,
            0.2970142965988493,
            -0.0011489862603129596,
            -0.14634367927786135,
            0.01571638867282808,
            0.01563872700935251,
            0.13006188605073427,
            1.0501633224917388e-05,
            -0.01912676134168905,
            0.0004891324142881138
        ],
        [
            0.6848602514927513,
            1.0000000000000002,
            0.0,
            0.0,
            0.0,
            0.5450793391215379,
            0.8674134624226968,
            0.06393443842742366,
            -0.158743868704227,
            -0.020405520138199313,
            0.29701429659884926,
            0.5938428480169508,
            -0.0013458376983048396,
            -0.17141618423455338,
            0.018409017659916784,
            0.1300618860507342,
            0.35424940290463314,
            5.512576081620345e-05,
            -0.1004012660058333,
            0.002567581241889409
        ],
        [
            0.0,
            0.0,
            1.0000000000000004,
            0.0,
            0.0,
            -0.19194174060158015,
            -0.06393443842742359,
            0.3284907046338668,
            0.24816245086737074,
            0.03189971323021046,
            0.0011489862603129596,
            0.0013458376983048162,
            0.044785820959249885,
            -0.0021597255266817186,
            0.00023194090767330512,
            -1.0501633224917388e-05,
            -5.512576081620346e-05,
            0.0020621681772298936,
            1.399445766028892e-05,
            -3.578830069422211e-07
        ],
        [
            0.0,
            0.0,
            0.0,
            1.0000000000000004,
            0.0,
            0.47657530461468256,
            0.15874386870422713,
            0.24816245086737082,
            -0.18772795926351976,
            -0.07920432263540397,
            0.14634367927786124,
            0.17141618423455338,
            -0.0021597255266817173,
            -0.23027638630263264,
            0.029541768232035113,
            0.019126761341689048,
            0.1004012660058332,
            1.3994457660289608e-05,
            -0.023426112107405146,
            0.0006518169807900575
        ],
        [
            0.0,
            0.0,
            0.0,
            0.0,
            1.0000000000000004,
            0.06126074068285834,
            0.020405520138199296,
            0.03189971323021047,
            -0.07920432263540397,
            0.41825745689161764,
            -0.015716388672828076,
            -0.01840901765991677,
            0.00023194090767330504,
            0.029541768232035123,
            0.041630177893967696,
            -0.0004891324142881139,
            -0.002567581241889411,
            -3.578830069422388e-07,
            0.0006518169807900576,
            0.002045506817623147
        ],
        [
            0.5165222219837544,
            0.5450793391215379,
            -0.19194174060158023,
            0.4765753046146828,
            0.06126074068285834,
            0.9999999999999999,
            0.6848602514927513,
            0.0,
            0.0,
            0.0,
            0.45251169910418715,
            0.518688420353566,
            -0.16887895105006637,
            -0.4297592267814921,
            0.14125434576359264,
            0.13341475156954644,
            0.3199655681454328,
            -0.03546528371054472,
            -0.17077286498432798,
            0.017992783638361057
        ],
        [
            0.5450793391215379,
            0.8674134624226968,
            -0.06393443842742366,
            0.1587438687042272,
            0.02040552013819932,
            0.6848602514927513,
            1.0000000000000002,
            0.0,
            0.0,
            0.0,
            0.518688420353566,
            0.8409874661112506,
            -0.06307727250990054,
            -0.1605175760080595,
            0.05275932142837851,
            0.3199655681454328,
            0.6221060552381905,
            -0.03603805779506032,
            -0.1735308937146163,
            0.018283372041952066
        ],
        [
            0.19194174060158015,
            0.06393443842742359,
            0.3284907046338668,
            0.24816245086737065,
            0.03189971323021046,
            0.0,
            0.0,
            1.0000000000000004,
            0.0,
            0.0,
            0.16887895105006637,
            0.06307727250990057,
            0.2663524221604835,
            -0.22890425709531706,
            0.0752368281203653,
            0.03546528371054472,
            0.036038057795060315,
            0.045427828932932075,
            -0.06586538011128254,
            0.006939636069872542
        ],
        [
            -0.4765753046146827,
            -0.1587438687042273,
            0.2481624508673709,
            -0.18772795926351976,
            -0.07920432263540401,
            0.0,
            0.0,
            0.0,
            1.0000000000000004,
            0.0,
            0.429759226781492,
            0.16051757600805916,
            -0.22890425709531684,
            -0.22620718286404554,
            0.1914609303140119,
            0.17077286498432806,
            0.17353089371461608,
            -0.06586538011128257,
            -0.2580493455755498,
            0.03341581991203291
        ],
        [
            -0.06126074068285834,
            -0.020405520138199285,
            0.03189971323021047,
            -0.07920432263540396,
            0.41825745689161764,
            0.0,
            0.0,
            0.0,
            0.0,
            1.0000000000000004,
            -0.1412543457635926,
            -0.05275932142837849,
            0.07523682812036528,
            0.191460930314012,
            0.2933731855430962,
            -0.017992783638361057,
            -0.018283372041952062,
            0.006939636069872542,
            0.0334158199120329,
            0.055585711888945344
        ],
        [
            0.1112276864942301,
            0.2970142965988493,
            0.0011489862603129596,
            0.14634367927786138,
            -0.01571638867282808,
            0.45251169910418715,
            0.518688420353566,
            0.16887895105006637,
            0.4297592267814921,
            -0.14125434576359264,
            0.9999999999999999,
            0.6848602514927513,
            0.0,
            0.0,
            0.0,
            0.6411323021729061,
            0.5898752666781285,
            0.011164998071067767,
            -0.5418422692572673,
            -0.0919943010896333
        ],
        [
            0.29701429659884926,
            0.5938428480169508,
            0.0013458376983048396,
            0.17141618423455346,
            -0.01840901765991678,
            0.518688420353566,
            0.8409874661112506,
            0.06307727250990054,
            0.16051757600805916,
            -0.05275932142837851,
            0.6848602514927513,
            1.0000000000000002,
            0.0,
            0.0,
            0.0,
            0.5898752666781285,
            0.9111804812127635,
            0.003079690733037011,
            -0.14945874641246276,
            -0.02537519440259651
        ],
        [
            -0.0011489862603129596,
            -0.0013458376983048162,
            0.044785820959249885,
            -0.002159725526681718,
            0.00023194090767330512,
            -0.16887895105006637,
            -0.06307727250990057,
            0.2663524221604835,
            -0.22890425709531692,
            0.0752368281203653,
            0.0,
            0.0,
            1.0000000000000004,
            0.0,
            0.0,
            -0.011164998071067765,
            -0.0030796907330370095,
            0.5742266638906116,
            0.012749734021666155,
            0.0021646573863823137
        ],
        [
            -0.14634367927786127,
            -0.1714161842345533,
            -0.0021597255266817177,
            -0.23027638630263259,
            0.029541768232035123,
            -0.42975922678149175,
            -0.16051757600805883,
            -0.22890425709531698,
            -0.22620718286404554,
            0.191460930314012,
            0.0,
            0.0,
            0.0,
            1.0000000000000004,
            0.0,
            0.5418422692572673,
            0.14945874641246193,
            0.012749734021666119,
            -0.044260822145792,
            -0.10505177546257545
        ],
        [
            0.015716388672828076,
            0.018409017659916767,
            0.00023194090767330504,
            0.029541768232035116,
            0.041630177893967696,
            0.1412543457635926,
            0.05275932142837849,
            0.07523682812036528,
            0.1914609303140119,
            0.2933731855430962,
            0.0,
            0.0,
            0.0,
            0.0,
            1.0000000000000004,
            0.0919943010896333,
            0.025375194402596498,
            0.002164657386382304,
            -0.1050517754625753,
            0.5566536275175021
        ],
        [
            0.01563872700935251,
            0.13006188605073427,
            -1.0501633224917388e-05,
            0.019126761341689055,
            -0.0004891324142881138,
            0.13341475156954644,
            0.3199655681454328,
            0.03546528371054472,
            0.17077286498432806,
            -0.017992783638361057,
            0.6411323021729061,
            0.5898752666781285,
            -0.011164998071067767,
            0.5418422692572673,
            0.0919943010896333,
            0.9999999999999999,
            0.6848602514927513,
            0.0,
            0.0,
            0.0
        ],
        [
            0.1300618860507342,
            0.35424940290463314,
            -5.512576081620345e-05,
            0.10040126600583325,
            -0.00256758124188941,
            0.3199655681454328,
            0.6221060552381905,
            0.03603805779506032,
            0.1735308937146163,
            -0.018283372041952066,
            0.5898752666781285,
            0.9111804812127635,
            -0.003079690733037011,
            0.14945874641246198,
            0.02537519440259651,
            0.6848602514927513,
            1.0000000000000002,
            0.0,
            0.0,
            0.0
        ],
        [
            1.0501633224917388e-05,
            5.512576081620346e-05,
            0.0020621681772298936,
            1.3994457660289606e-05,
            -3.578830069422387e-07,
            -0.03546528371054472,
            -0.036038057795060315,
            0.045427828932932075,
            -0.06586538011128257,
            0.006939636069872542,
            0.011164998071067765,
            0.0030796907330370095,
            0.5742266638906116,
            0.012749734021666117,
            0.002164657386382304,
            0.0,
            0.0,
            1.0000000000000004,
            0.0,
            0.0
        ],
        [
            -0.01912676134168905,
            -0.10040126600583331,
            1.3994457660288922e-05,
            -0.023426112107405146,
            0.0006518169807900575,
            -0.17077286498432798,
            -0.17353089371461627,
            -0.06586538011128254,
            -0.25804934557554987,
            0.0334158199120329,
            -0.5418422692572673,
            -0.14945874641246193,
            0.012749734021666157,
            -0.044260822145792,
            -0.1050517754625753,
            0.0,
            0.0,
            0.0,
            1.0000000000000004,
            0.0
        ],
        [
            0.0004891324142881139,
            0.002567581241889412,
            -3.5788300694222126e-07,
            0.0006518169807900576,
            0.002045506817623147,
            0.017992783638361057,
            0.01828337204195206,
            0.006939636069872542,
            0.03341581991203291,
            0.055585711888945344,
            -0.0919943010896333,
            -0.025375194402596498,
            0.002164657386382314,
            -0.10505177546257545,
            0.5566536275175021,
            0.0,
            0.0,
            0.0,
            0.0,
            1.0000000000000004
        ]
    ],
    "h": [
        [
            -0.24318529391883326,
            -0.45924189829345474,
            0.09547139449601294,
            -0.250287986422886,
            -0.028205465684098287,
            -0.5532723052024127,
            -0.45295738415192743,
            -0.025648849229453374,
            0.03488010359875027,
            0.013696510021737579,
            -0.21064930066909254,
            -0.29720678154909275,
            0.04477621552150991,
            0.26224660884505335,
            -0.048041184961858566,
            -0.024694047704803372,
            -0.15180773614758997,
            0.006270427599381407,
            0.07679804397856227,
            -0.003680755860594245
        ],
        [
            -0.45924189829345474,
            -0.31330736350895316,
            0.07998627100955795,
            -0.21961282964052825,
            -0.022610375937736977,
            -0.5151296004653798,
            -0.3667623843837893,
            -0.10454975907065946,
            0.10859165957735975,
            0.04950105638236352,
            -0.30928522054772967,
            -0.3038147560059703,
            0.05367483377602912,
            0.1375092128990967,
            -0.05459206947047416,
            -0.15857675613723246,
            -0.20987010812129903,
            0.0066035698754489955,
            0.1300660899020909,
            0.007472075855559572
        ],
        [
            0.09547139449601294,
            0.07998627100955795,
            1.4613305720074745,
            0.08277848852283533,
            0.010752269564776998,
            0.013722763921560466,
            0.06988264939696934,
            0.20714935626804465,
            0.33855026978187275,
            0.04182661232890751,
            0.03142763913994133,
            0.053322541552326096,
            -0.05315383224879157,
            -0.049624125495352694,
            0.011221090021055254,
            0.0023211026886580484,
            0.026108657681585774,
            -0.007523000348998532,
            -0.006983348701525867,
            0.000582118063119251
        ],
        [
            -0.250287986422886,
            -0.21961282964052825,
            0.08277848852283533,
            1.2708782068620523,
            -0.02415077226844818,
            -0.06985690763250363,
            -0.2070522315712685,
            0.31341022824269815,
            -0.5213734861889301,
            -0.09087410464796278,
            -0.20132065988698572,
            -0.16085820472722195,
            0.044759003995601315,
            0.13255100079748633,
            -0.044737619412367646,
            -0.07397562813804238,
            -0.11290741435919177,
            0.0038670798577487486,
            0.10069314496625284,
            -0.0012936772112137204
        ],
        [
            -0.028205465684098287,
            -0.022610375937736977,
            0.010752269564776998,
            -0.02415077226844818,
            1.491270531738328,
            -1.2172289882983467e-06,
            -0.01828974717522701,
            0.04492257232445116,
            -0.1064998911705625,
            0.32650800618575304,
            0.0021347876292036744,
            -0.014021790205117055,
            0.002022768646384657,
            0.009985558554641887,
            -0.04337713115824683,
            0.00313096047879503,
            -0.004621533982943125,
            0.00027953831064952213,
            -0.0015720781999899536,
            -0.006819993124036706
        ],
        [
            -0.5532723052024127,
            -0.5151296004653798,
            0.013722763921560466,
            -0.06985690763250363,
            -1.2172289882983467e-06,
            -0.36222576157634845,
            -0.559475396975207,
            -0.15076776131550845,
            0.08167683488358575,
            0.07837757308111334,
            -0.4557006483874584,
            -0.4650192019991215,
            0.02024064793907704,
            0.061983082660738265,
            -0.029333168837442747,
            -0.25370199208277966,
            -0.3245188028020662,
            0.023906266158202953,
            0.23393786212016648,
            0.003777317111389039
        ],
        [
            -0.45295738415192743,
            -0.3667623843837893,
            0.06988264939696934,
            -0.2070522315712685,
            -0.01828974717522701,
            -0.559475396975207,
            -0.420777380877287,
            -0.133615484673992,
            0.03148434914786205,
            0.07164984952657225,
            -0.4824446291572473,
            -0.39903097748958927,
            0.05985375639950841,
            0.06489234303256963,
            -0.07229295584966064,
            -0.3341586226413454,
            -0.31450148192781735,
            0.0050280118110821725,
            0.20069521233781668,
            0.02293833124525905
        ],
        [
            -0.025648849229453374,
            -0.10454975907065946,
            0.20714935626804465,
            0.31341022824269815,
            0.04492257232445116,
            -0.15076776131550845,
            -0.133615484673992,
            1.3743422676099608,
            0.020263973677425273,
            0.030272254831257492,
            -0.04655998255479077,
            -0.10351717075947661,
            0.12623070343031106,
            -0.274415677756772,
            0.08548989935377366,
            -0.07572489386200054,
            -0.07680309992521064,
            -0.04185758658517624,
            0.06444967073514138,
            0.006148145517357576
        ],
        [
            0.03488010359875027,
            0.10859165957735975,
            0.33855026978187275,
            -0.5213734861889301,
            -0.1064998911705625,
            0.08167683488358575,
            0.03148434914786205,
            0.020263973677425273,
            1.0187480243470564,
            0.026253775342006347,
            -0.09254979412391573,
            -0.08943603954613477,
            -0.28936060016230203,
            -0.6381074076578501,
            0.2321870986812482,
            -0.2924257560096779,
            -0.14707664768462364,
            0.00016673031637592928,
            0.11963768756253584,
            0.025108382113069344
        ],
        [
            0.013696510021737579,
            0.04950105638236352,
            0.04182661232890751,
            -0.09087410464796278,
            0.32650800618575304,
            0.07837757308111334,
            0.07164984952657225,
            0.030272254831257492,
            0.026253775342006347,
            1.4115914068751338,
            0.02761447548750995,
            0.06333168455968169,
            0.09198455315802212,
            0.2419298351830066,
            0.15915125910126443,
            0.05708059300746739,
            0.05433893579500157,
            -0.0023549366912016933,
            -0.051343283460869985,
            -0.049083169379542255
        ],
        [
            -0.21064930066909254,
            -0.30928522054772967,
            0.03142763913994133,
            -0.20132065988698572,
            0.0021347876292036744,
            -0.4557006483874584,
            -0.4824446291572473,
            -0.04655998255479077,
            -0.09254979412391573,
            0.02761447548750995,
            -0.46640884491040424,
            -0.5998252008687692,
            0.0667697009611086,
            -0.17841833869266846,
            -0.10492909892359105,
            -0.646340604977973,
            -0.5647326403241408,
            0.011773843778520436,
            0.05271034089343485,
            -0.004765367467321369
        ],
        [
            -0.29720678154909275,
            -0.3038147560059703,
            0.053322541552326096,
            -0.16085820472722195,
            -0.014021790205117055,
            -0.4650192019991215,
            -0.39903097748958927,
            -0.10351717075947661,
            -0.08943603954613477,
            0.06333168455968169,
            -0.5998252008687692,
            -0.4252856789607189,
            0.061321408367438206,
            -0.07566289749628209,
            -0.0879438106710935,
            -0.5015543279055368,
            -0.37084817884627475,
            0.0059121587224155855,
            0.2614674054443843,
            0.03197517508400185
        ],
        [
            0.04477621552150991,
            0.05367483377602912,
            -0.05315383224879157,
            0.044759003995601315,
            0.002022768646384657,
            0.02024064793907704,
            0.05985375639950841,
            0.12623070343031106,
            -0.28936060016230203,
            0.09198455315802212,
            0.0667697009611086,
            0.061321408367438206,
            1.3845414201526578,
            -0.054508757895732424,
            0.020590741525441048,
            0.017065032207378702,
            0.040346111180083466,
            0.5594159251046311,
            -0.005002761444542994,
            0.003942420834878668
        ],
        [
            0.26224660884505335,
            0.1375092128990967,
            -0.049624125495352694,
            0.13255100079748633,
            0.009985558554641887,
            0.061983082660738265,
            0.06489234303256963,
            -0.274415677756772,
            -0.6381074076578501,
            0.2419298351830066,
            -0.17841833869266846,
            -0.07566289749628209,
            -0.054508757895732424,
            0.9003499603533343,
            0.0005337019410256768,
            0.007155895454962646,
            -0.1403186614415927,
            0.014896486359698223,
            -0.40567464821279015,
            -0.15657802890240669
        ],
        [
            -0.048041184961858566,
            -0.05459206947047416,
            0.011221090021055254,
            -0.044737619412367646,
            -0.04337713115824683,
            -0.029333168837442747,
            -0.07229295584966064,
            0.08548989935377366,
            0.2321870986812482,
            0.15915125910126443,
            -0.10492909892359105,
            -0.0879438106710935,
            0.020590741525441048,
            0.0005337019410256768,
            1.382539969722815,
            -0.014166714712591011,
            -0.06783491145220699,
            0.006932226913840977,
            -0.13545619235433592,
            0.5354244095142724
        ],
        [
            -0.024694047704803372,
            -0.15857675613723246,
            0.0023211026886580484,
            -0.07397562813804238,
            0.00313096047879503,
            -0.25370199208277966,
            -0.3341586226413454,
            -0.07572489386200054,
            -0.2924257560096779,
            0.05708059300746739,
            -0.646340604977973,
            -0.5015543279055368,
            0.017065032207378702,
            0.007155895454962646,
            -0.014166714712591011,
            -0.3498416631104777,
            -0.5015723946488803,
            -0.0006205628983004807,
            0.3478210584690796,
            0.053471900700556796
        ],
        [
            -0.15180773614758997,
            -0.20987010812129903,
            0.026108657681585774,
            -0.11290741435919177,
            -0.004621533982943125,
            -0.3245188028020662,
            -0.31450148192781735,
            -0.07680309992521064,
            -0.14707664768462364,
            0.05433893579500157,
            -0.5647326403241408,
            -0.37084817884627475,
            0.040346111180083466,
            -0.1403186614415927,
            -0.06783491145220699,
            -0.5015723946488803,
            -0.3215723384464042,
            0.0027576615327842557,
            0.27060885918426014,
            0.03759363508739104
        ],
        [
            0.006270427599381407,
            0.0066035698754489955,
            -0.007523000348998532,
            0.0038670798577487486,
            0.00027953831064952213,
            0.023906266158202953,
            0.0050280118110821725,
            -0.04185758658517624,
            0.00016673031637592928,
            -0.0023549366912016933,
            0.011773843778520436,
            0.0059121587224155855,
            0.5594159251046311,
            0.014896486359698223,
            0.006932226913840977,
            -0.0006205628983004807,
            0.0027576615327842557,
            1.462567121410687,
            6.998813883883452e-05,
            0.0016646338178856338
        ],
        [
            0.07679804397856227,
            0.1300660899020909,
            -0.006983348701525867,
            0.10069314496625284,
            -0.0015720781999899536,
            0.23393786212016648,
            0.20069521233781668,
            0.06444967073514138,
            0.11963768756253584,
            -0.051343283460869985,
            0.05271034089343485,
            0.2614674054443843,
            -0.005002761444542994,
            -0.40567464821279015,
            -0.13545619235433592,
            0.3478210584690796,
            0.27060885918426014,
            6.998813883883452e-05,
            1.1355491887343878,
            -0.048509463016399905
        ],
        [
            -0.003680755860594245,
            0.007472075855559572,
            0.000582118063119251,
            -0.0012936772112137204,
            -0.006819993124036706,
            0.003777317111389039,
            0.02293833124525905,
            0.006148145517357576,
            0.025108382113069344,
            -0.049083169379542255,
            -0.004765367467321369,
            0.03197517508400185,
            0.003942420834878668,
            -0.15657802890240669,
            0.5354244095142724,
            0.053471900700556796,
            0.03759363508739104,
            0.0016646338178856338,
            -0.048509463016399905,
            1.4549634197648031
        ]
    ]
}