{
    "HF": -2.149206481137571,
    "coordinates": [
        [
            0.748969,
            -0.065068,
            0.083296
        ],
        [
            1.549717,
            -0.014895,
            -0.070403
        ],
        [
            2.281872,
            -0.14872,
            0.07287
        ],
        [
            3.02019,
            0.068459,
            0.078558
        ]
    ],
    "elements": [
        "H",
        "H",
        "H",
        "H"
    ],
    "Enn": 2.9682846269912755,
    "S": [
        [
            0.9999999999999999,
            0.6848602514927513,
            0.0,
            0.0,
            0.0,
            0.5096009020188501,
            0.5423492541742795,
            0.09674883898436677,
            -0.5040464760281703,
            -0.0315823752813137,
            0.11463078646291562,
            0.300710138457786,
            0.0010292484653836164,
            -0.15132726456281836,
            0.008258075256691963,
            0.011197764384938838,
            0.11269154347724553,
            2.7611888119296726e-05,
            -0.013236112314520326,
            -0.0007781622171602658
        ],
        [
            0.6848602514927513,
            1.0000000000000002,
            0.0,
            0.0,
            0.0,
            0.5423492541742795,
            0.8647026758526484,
            0.03260628220810327,
            -0.16987368340440923,
            -0.010643888361194051,
            0.30071013845778605,
            0.5984485270779325,
            0.0011776208529084625,
            -0.17314200443947306,
            0.009448526720458372,
            0.11269154347724553,
            0.3238164733252107,
            0.00018693209220552553,
            -0.08960829324422295,
            -0.0052681472089335935
        ],
        [
            0.0,
            0.0,
            1.0000000000000004,
            0.0,
            0.0,
            -0.09674883898436676,
            -0.03260628220810324,
            0.3947308765527801,
            0.13436535163810714,
            0.008419019201719828,
            -0.0010292484653836164,
            -0.0011776208529084623,
            0.04690039302487342,
            0.0019465411984127964,
            -0.00010622463673802403,
            -2.7611888119296753e-05,
            -0.00018693209220552553,
            0.001207363480784698,
            3.373260986707572e-05,
            1.983168611826424e-06
        ],
        [
            0.0,
            0.0,
            0.0,
            1.0000000000000004,
            0.0,
            0.5040464760281702,
            0.16987368340440903,
            0.13436535163810717,
            -0.2795011470440338,
            -0.04386178691949037,
            0.1513272645628184,
            0.17314200443947303,
            0.001946541198412802,
            -0.23928038668094934,
            0.01561788455108648,
            0.013236112314520338,
            0.08960829324422291,
            3.373260986707574e-05,
            -0.01496272484832966,
            -0.0009506572810723998
        ],
        [
            0.0,
            0.0,
            0.0,
            0.0,
            1.0000000000000004,
            0.031582375281313704,
            0.010643888361194056,
            0.00841901920171983,
            -0.04386178691949037,
            0.4177732603568157,
            -0.008258075256691965,
            -0.009448526720458376,
            -0.00010622463673802434,
            0.01561788455108648,
            0.04606134930199413,
            0.0007781622171602663,
            0.00526814720893359,
            1.983168611826423e-06,
            -0.000950657281072399,
            0.0011515439063512968
        ],
        [
            0.5096009020188501,
            0.5423492541742795,
            -0.09674883898436677,
            0.5040464760281702,
            0.031582375281313704,
            0.9999999999999999,
            0.6848602514927513,
            0.0,
            0.0,
            0.0,
            0.5562854299060573,
            0.5602362803606487,
            -0.10076703169997442,
            -0.5149406105427731,
            0.09412204684238532,
            0.1319955882845449,
            0.31857266760945296,
            -0.017464994788594156,
            -0.1724062223116682,
            -0.009772874615560296
        ],
        [
            0.5423492541742795,
            0.8647026758526484,
            -0.03260628220810327,
            0.16987368340440906,
            0.010643888361194056,
            0.6848602514927513,
            1.0000000000000002,
            0.0,
            0.0,
            0.0,
            0.5602362803606487,
            0.8823703625521948,
            -0.03146576455272785,
            -0.16079663890685936,
            0.0293907850137067,
            0.31857266760945296,
            0.6204131555706996,
            -0.017896568608179893,
            -0.17666651627591207,
            -0.010014370068448969
        ],
        [
            0.09674883898436676,
            0.03260628220810324,
            0.3947308765527801,
            0.13436535163810717,
            0.008419019201719826,
            0.0,
            0.0,
            1.0000000000000004,
            0.0,
            0.0,
            0.10076703169997439,
            0.031465764552727815,
            0.44910615661527636,
            -0.12919105007369905,
            0.023613841708535456,
            0.017464994788594153,
            0.017896568608179893,
            0.05480429514267989,
            -0.033070780791130336,
            -0.0018746225616273668
        ],
        [
            -0.5040464760281703,
            -0.1698736834044092,
            0.13436535163810714,
            -0.27950114704403395,
            -0.04386178691949036,
            0.0,
            0.0,
            0.0,
            1.0000000000000004,
            0.0,
            0.5149406105427731,
            0.16079663890685897,
            -0.12919105007369902,
            -0.18580616259115065,
            0.12067167069938346,
            0.1724062223116681,
            0.17666651627591187,
            -0.03307078079113034,
            -0.26830479693949905,
            -0.018505393103321534
        ],
        [
            -0.0315823752813137,
            -0.01064388836119405,
            0.008419019201719832,
            -0.04386178691949039,
            0.4177732603568157,
            0.0,
            0.0,
            0.0,
            0.0,
            1.0000000000000004,
            -0.09412204684238534,
            -0.0293907850137067,
            0.023613841708535473,
            0.1206716706993836,
            0.45233047794868814,
            0.009772874615560296,
            0.01001437006844897,
            -0.0018746225616273675,
            -0.018505393103321537,
            0.057105430927351424
        ],
        [
            0.11463078646291562,
            0.300710138457786,
            -0.0010292484653836164,
            0.1513272645628184,
            -0.008258075256691965,
            0.5562854299060573,
            0.5602362803606487,
            0.10076703169997442,
            0.5149406105427731,
            -0.09412204684238532,
            0.9999999999999999,
            0.6848602514927513,
            0.0,
            0.0,
            0.0,
            0.5469528521941746,
            0.5567570248812574,
            -0.003915787290228432,
            -0.5082799297726581,
            -0.1495124416147191
        ],
        [
            0.30071013845778605,
            0.5984485270779325,
            -0.0011776208529084625,
            0.17314200443947295,
            -0.009448526720458365,
            0.5602362803606487,
            0.8823703625521948,
            0.03146576455272785,
            0.16079663890685902,
            -0.02939078501370671,
            0.6848602514927513,
            1.0000000000000002,
            0.0,
            0.0,
            0.0,
            0.5567570248812574,
            0.8789507827027996,
            -0.001240924801618108,
            -0.16107544263028833,
            -0.04738094365165602
        ],
        [
            0.0010292484653836164,
            0.0011776208529084623,
            0.04690039302487342,
            0.0019465411984128016,
            -0.00010622463673802432,
            -0.10076703169997439,
            -0.031465764552727815,
            0.44910615661527636,
            -0.12919105007369897,
            0.023613841708535456,
            0.0,
            0.0,
            1.0000000000000004,
            0.0,
            0.0,
            0.003915787290228432,
            0.0012409248016181076,
            0.4634975020295786,
            -0.005053811822042347,
            -0.00148659764180114
        ],
        [
            -0.15132726456281836,
            -0.17314200443947303,
            0.0019465411984127966,
            -0.23928038668094934,
            0.015617884551086479,
            -0.5149406105427731,
            -0.16079663890685933,
            -0.1291910500736991,
            -0.18580616259115065,
            0.12067167069938356,
            0.0,
            0.0,
            0.0,
            1.0000000000000004,
            0.0,
            0.508279929772658,
            0.16107544263028828,
            -0.0050538118220423145,
            -0.19246219858338762,
            -0.19296445107231558
        ],
        [
            0.008258075256691963,
            0.00944852672045837,
            -0.00010622463673802405,
            0.01561788455108648,
            0.04606134930199413,
            0.09412204684238534,
            0.029390785013706695,
            0.023613841708535473,
            0.12067167069938352,
            0.45233047794868814,
            0.0,
            0.0,
            0.0,
            0.0,
            1.0000000000000004,
            0.1495124416147191,
            0.047380943651656,
            -0.0014865976418011327,
            -0.1929644510723158,
            0.4067752218768657
        ],
        [
            0.011197764384938838,
            0.11269154347724553,
            -2.7611888119296726e-05,
            0.013236112314520324,
            0.0007781622171602658,
            0.1319955882845449,
            0.31857266760945296,
            0.017464994788594156,
            0.1724062223116682,
            0.009772874615560296,
            0.5469528521941746,
            0.5567570248812574,
            0.003915787290228432,
            0.508279929772658,
            0.1495124416147191,
            0.9999999999999999,
            0.6848602514927513,
            0.0,
            0.0,
            0.0
        ],
        [
            0.11269154347724553,
            0.3238164733252107,
            -0.00018693209220552553,
            0.08960829324422291,
            0.0052681472089335935,
            0.31857266760945296,
            0.6204131555706996,
            0.017896568608179893,
            0.17666651627591187,
            0.010014370068448967,
            0.5567570248812574,
            0.8789507827027996,
            0.001240924801618108,
            0.16107544263028833,
            0.04738094365165602,
            0.6848602514927513,
            1.0000000000000002,
            0.0,
            0.0,
            0.0
        ],
        [
            2.7611888119296753e-05,
            0.00018693209220552553,
            0.001207363480784698,
            3.373260986707572e-05,
            1.983168611826424e-06,
            -0.017464994788594153,
            -0.017896568608179893,
            0.05480429514267989,
            -0.03307078079113034,
            -0.0018746225616273668,
            -0.003915787290228432,
            -0.0012409248016181076,
            0.4634975020295786,
            -0.005053811822042314,
            -0.0014865976418011325,
            0.0,
            0.0,
            1.0000000000000004,
            0.0,
            0.0
        ],
        [
            -0.01323611231452034,
            -0.08960829324422295,
            3.373260986707574e-05,
            -0.01496272484832966,
            -0.0009506572810723998,
            -0.1724062223116682,
            -0.17666651627591207,
            -0.033070780791130336,
            -0.26830479693949905,
            -0.01850539310332153,
            -0.5082799297726581,
            -0.16107544263028828,
            -0.005053811822042347,
            -0.19246219858338776,
            -0.1929644510723158,
            0.0,
            0.0,
            0.0,
            1.0000000000000004,
            0.0
        ],
        [
            -0.0007781622171602663,
            -0.005268147208933587,
            1.983168611826423e-06,
            -0.000950657281072399,
            0.0011515439063512968,
            -0.009772874615560296,
            -0.010014370068448969,
            -0.0018746225616273675,
            -0.01850539310332154,
            0.057105430927351424,
            -0.1495124416147191,
            -0.04738094365165599,
            -0.0014865976418011403,
            -0.19296445107231558,
            0.4067752218768657,
            0.0,
            0.0,
            0.0,
            0.0,
            1.0000000000000004
        ]
    ],
    "h": [
        [
            -0.23752953822578626,
            -0.45453638813954356,
            0.04728579577135261,
            -0.2583941866957825,
            -0.013479075242304087,
            -0.5489751475884086,
            -0.444042583859668,
            -0.015411014727187533,
            0.036927303481965934,
            0.012061784554992107,
            -0.2380489963566388,
            -0.3023328140744265,
            0.025981958174114216,
            0.3037285388187615,
            -0.026394955735786273,
            -0.008615286243882185,
            -0.13113950264299895,
            0.0029391677358349506,
            0.064712511766266,
            0.0044502670506952275
        ],
        [
            -0.45453638813954356,
            -0.30961507260678856,
            0.04010176820968065,
            -0.22876784595112318,
            -0.010817070706160399,
            -0.5266269349397794,
            -0.36515445419558423,
            -0.05702631829891007,
            0.09751477797869071,
            0.031698650252850305,
            -0.33240205758356267,
            -0.30792417139459727,
            0.03235018979789444,
            0.18969249968282054,
            -0.040739983048636755,
            -0.1328072443466718,
            -0.19376279914008387,
            0.004274863422186449,
            0.11864179233596076,
            0.021546298005570008
        ],
        [
            0.04728579577135261,
            0.04010176820968065,
            1.48353144027608,
            0.04390558124881342,
            0.0027206764091772515,
            0.00826040295267838,
            0.035151462714816104,
            0.2933726448281726,
            0.1820432846681774,
            0.010479862403046283,
            0.021500095387555856,
            0.0288146461544612,
            -0.04900570672169534,
            -0.03284787686469824,
            0.0039668963816814114,
            0.0012093770815680858,
            0.012644612629345381,
            -0.004318188204693537,
            -0.0036414242097759456,
            -0.0002694490316861848
        ],
        [
            -0.2583941866957825,
            -0.22876784595112318,
            0.04390558124881342,
            1.244180573127044,
            -0.012702709460689318,
            -0.08677366607423675,
            -0.21815731121165227,
            0.1656451183590577,
            -0.6467295091101858,
            -0.04669779993060838,
            -0.2370167473431372,
            -0.17899621679362854,
            0.028907708611348892,
            0.18346673161742266,
            -0.032581698739941364,
            -0.06326595115056913,
            -0.11433496166721441,
            0.002047480826287385,
            0.08566052278823291,
            0.008878402513074434
        ],
        [
            -0.013479075242304087,
            -0.010817070706160399,
            0.0027206764091772515,
            -0.012702709460689318,
            1.4909962764923805,
            0.0008637278614527996,
            -0.008553955051702375,
            0.011843833048428041,
            -0.05896871088775878,
            0.32341172552367314,
            -0.00012522573061493798,
            -0.0074356666444076736,
            0.0006820920357290005,
            0.006422917478253281,
            -0.04580680748062711,
            -0.0007113527792349714,
            -0.0032453698305447663,
            9.333398943208604e-05,
            0.0032977685851064992,
            -0.003953423413588511
        ],
        [
            -0.5489751475884086,
            -0.5266269349397794,
            0.00826040295267838,
            -0.08677366607423675,
            0.0008637278614527996,
            -0.4328332331109417,
            -0.5975311220429176,
            -0.09086784486678298,
            0.004932376989120274,
            0.056882254182929665,
            -0.542171076833617,
            -0.5196605956618676,
            0.005179134774112887,
            0.04533203106830652,
            -0.02228182799189876,
            -0.2653978836863563,
            -0.3462932129902059,
            0.014271494853537327,
            0.25201761449600224,
            0.04175522443221556
        ],
        [
            -0.444042583859668,
            -0.36515445419558423,
            0.035151462714816104,
            -0.21815731121165227,
            -0.008553955051702375,
            -0.5975311220429176,
            -0.4382187141029228,
            -0.07655974361902511,
            -0.017405906693142556,
            0.04611994219765887,
            -0.5256622243685453,
            -0.4167037218818914,
            0.037100059673069924,
            0.125001047887351,
            -0.07051561414998464,
            -0.3222315688736057,
            -0.31680265311208644,
            0.005197069028782343,
            0.19210701927120638,
            0.04766702670579039
        ],
        [
            -0.015411014727187533,
            -0.05702631829891007,
            0.2933726448281726,
            0.1656451183590577,
            0.011843833048428041,
            -0.09086784486678298,
            -0.07655974361902511,
            1.3873867247521228,
            -0.006087859139136622,
            0.011290390424642598,
            -0.020664629976002713,
            -0.0625510522231454,
            0.3582921535904483,
            -0.17220597012193112,
            0.028559395098897475,
            -0.040163945568519335,
            -0.043773951608150535,
            -0.04533646737020863,
            0.037138482485817054,
            0.008553481884293248
        ],
        [
            0.036927303481965934,
            0.09751477797869071,
            0.1820432846681774,
            -0.6467295091101858,
            -0.05896871088775878,
            0.004932376989120274,
            -0.017405906693142556,
            -0.006087859139136622,
            0.8645877751959588,
            0.02722414066240592,
            -0.06485375668623994,
            -0.13765426424562816,
            -0.18344236611792802,
            -0.693287652202655,
            0.14447648983836597,
            -0.3219418380730745,
            -0.1964786121705207,
            0.004372653193707027,
            0.15594689388144584,
            0.05476407340100236
        ],
        [
            0.012061784554992107,
            0.031698650252850305,
            0.010479862403046283,
            -0.04669779993060838,
            0.32341172552367314,
            0.056882254182929665,
            0.04611994219765887,
            0.011290390424642598,
            0.02722414066240592,
            1.3963791772225973,
            0.003949295051200785,
            0.039169633795822605,
            0.03253111637654567,
            0.1634529909883666,
            0.36259912027254615,
            0.01735289350757612,
            0.030252391678163695,
            -0.00133707115856181,
            -0.02834277425531933,
            -0.052053572327357314
        ],
        [
            -0.2380489963566388,
            -0.33240205758356267,
            0.021500095387555856,
            -0.2370167473431372,
            -0.00012522573061493798,
            -0.542171076833617,
            -0.5256622243685453,
            -0.020664629976002713,
            -0.06485375668623994,
            0.003949295051200785,
            -0.4622032029142087,
            -0.6080905740818962,
            0.04343097149578326,
            -0.0289822352677587,
            -0.11794011676780507,
            -0.5829190989354727,
            -0.5454371236119225,
            0.006694642423096335,
            0.08812585275205709,
            0.013149169658760618
        ],
        [
            -0.3023328140744265,
            -0.30792417139459727,
            0.0288146461544612,
            -0.17899621679362854,
            -0.0074356666444076736,
            -0.5196605956618676,
            -0.4167037218818914,
            -0.0625510522231454,
            -0.13765426424562816,
            0.039169633795822605,
            -0.6080905740818962,
            -0.43766711862707974,
            0.0361609277415572,
            0.0054737849391782445,
            -0.09521225500940138,
            -0.46317361248084743,
            -0.3704705836453599,
            0.006667072766840746,
            0.23349020734459225,
            0.0583903952175156
        ],
        [
            0.025981958174114216,
            0.03235018979789444,
            -0.04900570672169534,
            0.028907708611348892,
            0.0006820920357290005,
            0.005179134774112887,
            0.037100059673069924,
            0.3582921535904483,
            -0.18344236611792802,
            0.03253111637654567,
            0.04343097149578326,
            0.0361609277415572,
            1.3869626998151923,
            -0.04996196279430845,
            0.008109409844706157,
            0.009357797576999699,
            0.02038742210273221,
            0.3852087438657372,
            -0.0202619794105145,
            -0.003778709557090639
        ],
        [
            0.3037285388187615,
            0.18969249968282054,
            -0.03284787686469824,
            0.18346673161742266,
            0.006422917478253281,
            0.04533203106830652,
            0.125001047887351,
            -0.17220597012193112,
            -0.693287652202655,
            0.1634529909883666,
            -0.0289822352677587,
            0.0054737849391782445,
            -0.04996196279430845,
            0.8520491605067069,
            -0.028293188425189516,
            -0.019958367251512343,
            -0.0980875823319739,
            -0.009395628989667148,
            -0.5655830942376241,
            -0.27220071250333955
        ],
        [
            -0.026394955735786273,
            -0.040739983048636755,
            0.0039668963816814114,
            -0.032581698739941364,
            -0.04580680748062711,
            -0.02228182799189876,
            -0.07051561414998464,
            0.028559395098897475,
            0.14447648983836597,
            0.36259912027254615,
            -0.11794011676780507,
            -0.09521225500940138,
            0.008109409844706157,
            -0.028293188425189516,
            1.3669225358985484,
            -0.020423278908642872,
            -0.07927644302911843,
            -0.00036407875383885884,
            -0.2490539064480744,
            0.30944577029742526
        ],
        [
            -0.008615286243882185,
            -0.1328072443466718,
            0.0012093770815680858,
            -0.06326595115056913,
            -0.0007113527792349714,
            -0.2653978836863563,
            -0.3222315688736057,
            -0.040163945568519335,
            -0.3219418380730745,
            0.01735289350757612,
            -0.5829190989354727,
            -0.46317361248084743,
            0.009357797576999699,
            -0.019958367251512343,
            -0.020423278908642872,
            -0.271072356038381,
            -0.46966347335199043,
            0.004921484718945126,
            0.2794907288671219,
            0.07837824259041701
        ],
        [
            -0.13113950264299895,
            -0.19376279914008387,
            0.012644612629345381,
            -0.11433496166721441,
            -0.0032453698305447663,
            -0.3462932129902059,
            -0.31680265311208644,
            -0.043773951608150535,
            -0.1964786121705207,
            0.030252391678163695,
            -0.5454371236119225,
            -0.3704705836453599,
            0.02038742210273221,
            -0.0980875823319739,
            -0.07927644302911843,
            -0.46966347335199043,
            -0.31624864105267414,
            0.005328934123798286,
            0.2400349196801523,
            0.0644648948312318
        ],
        [
            0.0029391677358349506,
            0.004274863422186449,
            -0.004318188204693537,
            0.002047480826287385,
            9.333398943208604e-05,
            0.014271494853537327,
            0.005197069028782343,
            -0.04533646737020863,
            0.004372653193707027,
            -0.00133707115856181,
            0.006694642423096335,
            0.006667072766840746,
            0.3852087438657372,
            -0.009395628989667148,
            -0.00036407875383885884,
            0.004921484718945126,
            0.005328934123798286,
            1.4765328191521312,
            -0.00489671565998329,
            -0.0007505431400851748
        ],
        [
            0.064712511766266,
            0.11864179233596076,
            -0.0036414242097759456,
            0.08566052278823291,
            0.0032977685851064992,
            0.25201761449600224,
            0.19210701927120638,
            0.037138482485817054,
            0.15594689388144584,
            -0.02834277425531933,
            0.08812585275205709,
            0.23349020734459225,
            -0.0202619794105145,
            -0.5655830942376241,
            -0.2490539064480744,
            0.2794907288671219,
            0.2400349196801523,
            -0.00489671565998329,
            1.2107705576131227,
            -0.07227124542582851
        ],
        [
            0.0044502670506952275,
            0.021546298005570008,
            -0.0002694490316861848,
            0.008878402513074434,
            -0.003953423413588511,
            0.04175522443221556,
            0.04766702670579039,
            0.008553481884293248,
            0.05476407340100236,
            -0.052053572327357314,
            0.013149169658760618,
            0.0583903952175156,
            -0.003778709557090639,
            -0.27220071250333955,
            0.30944577029742526,
            0.07837824259041701,
            0.0644648948312318,
            -0.0007505431400851748,
            -0.07227124542582851,
            1.4558993012922177
        ]
    ]
}