{
    "HF": -2.1630977849845356,
    "coordinates": [
        [
            0.823266,
            0.095119,
            0.110068
        ],
        [
            1.491238,
            -0.040068,
            0.1553
        ],
        [
            2.290954,
            0.05261,
            -0.192348
        ],
        [
            3.074974,
            -0.198744,
            0.18027
        ]
    ],
    "elements": [
        "H",
        "H",
        "H",
        "H"
    ],
    "Enn": 2.8821116659292754,
    "S": [
        [
            0.9999999999999999,
            0.6848602514927513,
            0.0,
            0.0,
            0.0,
            0.6169768472198167,
            0.5817838874632582,
            -0.03625598357285209,
            -0.5354170025452153,
            0.10835995868551374,
            0.12583822862536415,
            0.31241757266808057,
            0.033449134925429926,
            -0.1623356368063673,
            0.00470176603270032,
            0.011332787980317604,
            0.11327369496856346,
            -0.00041516348037742287,
            -0.013316243555364315,
            0.0017378591184603089
        ],
        [
            0.6848602514927513,
            1.0000000000000002,
            0.0,
            0.0,
            0.0,
            0.5817838874632582,
            0.9033711780514974,
            -0.010342237575328598,
            -0.15273092318861387,
            0.030910330542446587,
            0.31241757266808057,
            0.6128985500919024,
            0.03558264006091252,
            -0.17268998275792452,
            0.005001661441026037,
            0.11327369496856346,
            0.3248638295964766,
            -0.0027850954637291796,
            -0.08933109792374432,
            0.011658307573257852
        ],
        [
            0.0,
            0.0,
            1.0000000000000004,
            0.0,
            0.0,
            0.03625598357285209,
            0.010342237575328572,
            0.5428667032906394,
            -0.04280971506461816,
            0.008664011291551943,
            -0.03344913492542991,
            -0.03558264006091248,
            0.04124040942175922,
            0.06231832891172168,
            -0.0018049407256231418,
            0.00041516348037742287,
            0.0027850954637291753,
            0.0012151443228356036,
            -0.0005051427191782108,
            6.592451369621042e-05
        ],
        [
            0.0,
            0.0,
            0.0,
            1.0000000000000004,
            0.0,
            0.5354170025452151,
            0.15273092318861384,
            -0.04280971506461823,
            -0.0864348743978655,
            0.1279474033967223,
            0.1623356368063673,
            0.17268998275792455,
            0.06231832891172175,
            -0.24836280996796112,
            0.008759754258069612,
            0.013316243555364314,
            0.08933109792374426,
            -0.0005051427191782108,
            -0.014971407262052948,
            0.0021145089154990812
        ],
        [
            0.0,
            0.0,
            0.0,
            0.0,
            1.0000000000000004,
            -0.10835995868551374,
            -0.03091033054244659,
            0.008664011291551959,
            0.1279474033967223,
            0.5198710439049318,
            -0.0047017660327003195,
            -0.005001661441026036,
            -0.0018049407256231428,
            0.008759754258069607,
            0.05382734299511469,
            -0.001737859118460308,
            -0.01165830757325784,
            6.59245136962104e-05,
            0.002114508915499081,
            0.0009549356704421505
        ],
        [
            0.6169768472198167,
            0.5817838874632582,
            0.03625598357285209,
            0.5354170025452151,
            -0.10835995868551374,
            0.9999999999999999,
            0.6848602514927513,
            0.0,
            0.0,
            0.0,
            0.46353150684574607,
            0.5234226391660904,
            0.1940944272629207,
            -0.4464873061055835,
            -0.051742806890512714,
            0.09864491011530184,
            0.2827016384404384,
            -0.0020532727984289563,
            -0.1302299578971836,
            0.013047862016960853
        ],
        [
            0.5817838874632582,
            0.9033711780514974,
            0.010342237575328574,
            0.15273092318861387,
            -0.0309103305424466,
            0.6848602514927513,
            1.0000000000000002,
            0.0,
            0.0,
            0.0,
            0.5234226391660904,
            0.8457649640999665,
            0.0710067573429732,
            -0.16334119556359672,
            -0.018929389086179315,
            0.2827016384404384,
            0.5757979780026161,
            -0.0026400295623463456,
            -0.16744532875258936,
            0.016776505039442096
        ],
        [
            -0.03625598357285209,
            -0.010342237575328548,
            0.5428667032906394,
            -0.04280971506461823,
            0.008664011291551955,
            0.0,
            0.0,
            1.0000000000000004,
            0.0,
            0.0,
            -0.1940944272629207,
            -0.07100675734297313,
            0.25290028737686604,
            0.2660035166929177,
            0.030826785909080518,
            0.002053272798428956,
            0.0026400295623463456,
            0.037217075243585446,
            -0.003827183479228991,
            0.0003834491138359799
        ],
        [
            -0.5354170025452148,
            -0.15273092318861384,
            -0.04280971506461816,
            -0.0864348743978655,
            0.12794740339672225,
            0.0,
            0.0,
            0.0,
            1.0000000000000004,
            0.0,
            0.4464873061055835,
            0.16334119556359633,
            0.2660035166929179,
            -0.24336836526113775,
            -0.07091274484555138,
            0.13022995789718358,
            0.16744532875258936,
            -0.0038271834792289994,
            -0.20546380305438663,
            0.02432047119544009
        ],
        [
            0.10835995868551374,
            0.03091033054244658,
            0.008664011291551948,
            0.12794740339672234,
            0.5198710439049318,
            0.0,
            0.0,
            0.0,
            0.0,
            1.0000000000000004,
            0.051742806890512714,
            0.01892938908617931,
            0.03082678590908053,
            -0.07091274484555135,
            0.360317844615265,
            -0.013047862016960848,
            -0.016776505039442096,
            0.00038344911383598074,
            0.024320471195440094,
            0.03484072570304884
        ],
        [
            0.12583822862536415,
            0.31241757266808057,
            -0.033449134925429926,
            0.16233563680636728,
            -0.00470176603270032,
            0.46353150684574607,
            0.5234226391660904,
            -0.1940944272629207,
            0.4464873061055835,
            0.051742806890512714,
            0.9999999999999999,
            0.6848602514927513,
            0.0,
            0.0,
            0.0,
            0.44353477701846233,
            0.5147687209268272,
            -0.19674502078893746,
            -0.413968276355256,
            0.13271674464299252
        ],
        [
            0.31241757266808057,
            0.6128985500919024,
            -0.03558264006091252,
            0.1726899827579246,
            -0.005001661441026037,
            0.5234226391660904,
            0.8457649640999665,
            -0.0710067573429732,
            0.1633411955635964,
            0.018929389086179315,
            0.6848602514927513,
            1.0000000000000002,
            0.0,
            0.0,
            0.0,
            0.5147687209268272,
            0.8370193707628292,
            -0.07476404221439213,
            -0.15730991089246305,
            0.050432993217601696
        ],
        [
            0.03344913492542991,
            0.03558264006091248,
            0.04124040942175922,
            0.062318328911721683,
            -0.0018049407256231418,
            0.1940944272629207,
            0.07100675734297313,
            0.25290028737686604,
            0.2660035166929179,
            0.030826785909080518,
            0.0,
            0.0,
            1.0000000000000004,
            0.0,
            0.0,
            0.1967450207889374,
            0.07476404221439209,
            0.22153676293744062,
            -0.26272581450472354,
            0.08422895382645891
        ],
        [
            -0.16233563680636728,
            -0.17268998275792466,
            0.062318328911721746,
            -0.24836280996796106,
            0.00875975425806961,
            -0.4464873061055835,
            -0.163341195563596,
            0.2660035166929177,
            -0.24336836526113775,
            -0.07091274484555134,
            0.0,
            0.0,
            0.0,
            1.0000000000000004,
            0.0,
            0.41396827635525596,
            0.15730991089246305,
            -0.26272581450472393,
            -0.20639609115634022,
            0.1772248908507382
        ],
        [
            0.0047017660327003195,
            0.005001661441026036,
            -0.0018049407256231428,
            0.008759754258069607,
            0.05382734299511469,
            -0.051742806890512714,
            -0.018929389086179315,
            0.03082678590908053,
            -0.07091274484555139,
            0.360317844615265,
            0.0,
            0.0,
            0.0,
            0.0,
            1.0000000000000004,
            -0.1327167446429925,
            -0.050432993217601696,
            0.08422895382645894,
            0.177224890850738,
            0.28958372900236845
        ],
        [
            0.011332787980317604,
            0.11327369496856346,
            0.00041516348037742287,
            0.013316243555364314,
            -0.0017378591184603089,
            0.09864491011530184,
            0.2827016384404384,
            0.0020532727984289563,
            0.13022995789718358,
            -0.013047862016960851,
            0.44353477701846233,
            0.5147687209268272,
            0.19674502078893746,
            0.41396827635525596,
            -0.13271674464299252,
            0.9999999999999999,
            0.6848602514927513,
            0.0,
            0.0,
            0.0
        ],
        [
            0.11327369496856346,
            0.3248638295964766,
            0.0027850954637291796,
            0.08933109792374427,
            -0.011658307573257852,
            0.2827016384404384,
            0.5757979780026161,
            0.0026400295623463456,
            0.16744532875258936,
            -0.0167765050394421,
            0.5147687209268272,
            0.8370193707628292,
            0.07476404221439213,
            0.15730991089246238,
            -0.050432993217601696,
            0.6848602514927513,
            1.0000000000000002,
            0.0,
            0.0,
            0.0
        ],
        [
            -0.00041516348037742287,
            -0.002785095463729179,
            0.0012151443228356036,
            -0.0005051427191782108,
            6.592451369621042e-05,
            -0.0020532727984289563,
            -0.0026400295623463456,
            0.037217075243585446,
            -0.0038271834792289986,
            0.0003834491138359807,
            -0.1967450207889374,
            -0.07476404221439208,
            0.22153676293744062,
            -0.2627258145047238,
            0.08422895382645891,
            0.0,
            0.0,
            1.0000000000000004,
            0.0,
            0.0
        ],
        [
            -0.013316243555364315,
            -0.08933109792374429,
            -0.0005051427191782108,
            -0.014971407262052948,
            0.0021145089154990812,
            -0.13022995789718353,
            -0.16744532875258936,
            -0.003827183479228992,
            -0.20546380305438666,
            0.024320471195440094,
            -0.413968276355256,
            -0.15730991089246305,
            -0.2627258145047236,
            -0.20639609115634033,
            0.177224890850738,
            0.0,
            0.0,
            0.0,
            1.0000000000000004,
            0.0
        ],
        [
            0.001737859118460308,
            0.011658307573257842,
            6.59245136962104e-05,
            0.002114508915499081,
            0.0009549356704421505,
            0.013047862016960846,
            0.016776505039442096,
            0.00038344911383597993,
            0.02432047119544009,
            0.03484072570304884,
            0.1327167446429925,
            0.050432993217601696,
            0.08422895382645894,
            0.1772248908507382,
            0.28958372900236845,
            0.0,
            0.0,
            0.0,
            0.0,
            1.0000000000000004
        ]
    ],
    "h": [
        [
            -0.3295924664348553,
            -0.49423349177217335,
            -0.014917332660426219,
            -0.3297483175659034,
            0.0626549927862713,
            -0.6301160989985404,
            -0.4925554037093999,
            0.02104952326070414,
            0.0001781209492617286,
            -0.011831929234448951,
            -0.2499917930128042,
            -0.32759695524811716,
            -0.07985714352073034,
            0.2931864057454968,
            0.006149930971165134,
            -0.011776087229115127,
            -0.13922647908973013,
            0.0033781580654408602,
            0.05817038560981244,
            -0.007722248655241877
        ],
        [
            -0.49423349177217335,
            -0.32154326524113985,
            -0.008230396060246602,
            -0.26301993791430994,
            0.047640152504564846,
            -0.559029870441689,
            -0.37203351812287666,
            0.05639329074953294,
            0.13276148166521795,
            -0.056442505066911126,
            -0.3196656624792093,
            -0.31283669543840653,
            -0.08243424977018307,
            0.1622859966028488,
            0.023024699164961568,
            -0.1302800793942559,
            -0.19593541558585859,
            0.025766545404974063,
            0.09492282765732152,
            -0.021502282930804847
        ],
        [
            -0.014917332660426219,
            -0.008230396060246602,
            1.46208198989288,
            -0.013462177948391411,
            0.0037484113104150965,
            0.011111893578700315,
            -0.003949843653504781,
            0.5067804063308614,
            -0.05960880081619423,
            0.014532571193430285,
            0.019011441966511444,
            -0.0023463424856258533,
            -0.04373227184095674,
            0.0019841650999092297,
            -0.001066930854468841,
            0.004464614202228711,
            0.002568583078474863,
            -0.0050294697615034896,
            -0.0008441634517946321,
            0.00047099126573406185
        ],
        [
            -0.3297483175659034,
            -0.26301993791430994,
            -0.013462177948391411,
            1.1518626664229246,
            0.05863376123542813,
            -0.061143856816449516,
            -0.25483236185470104,
            -0.03525058607673305,
            -0.4548349980045895,
            0.17727875202763843,
            -0.23397708081514682,
            -0.19745671167106327,
            -0.07477835458404528,
            0.14366458234063528,
            0.016799913697100998,
            -0.062134137930886,
            -0.12093828591427051,
            0.008550477168588219,
            0.07780632706844706,
            -0.012903081478129012
        ],
        [
            0.0626549927862713,
            0.047640152504564846,
            0.0037484113104150965,
            0.05863376123542813,
            1.4528956528068684,
            0.0031957671409878485,
            0.043499821923548676,
            0.010577499139653505,
            0.19191354983858774,
            0.4772216180906941,
            0.024997746304152316,
            0.03300662248591836,
            0.010980666078014657,
            -0.031757054933097176,
            -0.047164782921823786,
            0.005471278762318508,
            0.0166669109163538,
            -0.000664207594609332,
            -0.009966346492351742,
            -0.0027915466532693846
        ],
        [
            -0.6301160989985404,
            -0.559029870441689,
            0.011111893578700315,
            -0.061143856816449516,
            0.0031957671409878485,
            -0.45823821822079935,
            -0.5999959687398644,
            0.09346485117550207,
            0.14818491212880966,
            -0.08237638143842149,
            -0.46370570642723774,
            -0.4870422297292535,
            -0.04716019209759126,
            0.09520193977660263,
            0.01134029867268399,
            -0.192278977354837,
            -0.2977840812110876,
            0.03438488538436893,
            0.18179252092240042,
            -0.03343277708244492
        ],
        [
            -0.4925554037093999,
            -0.37203351812287666,
            -0.003949843653504781,
            -0.25483236185470104,
            0.043499821923548676,
            -0.5999959687398644,
            -0.4309140091128847,
            0.08211955071392862,
            0.06016349869874163,
            -0.06234182684162749,
            -0.46356783556111636,
            -0.4028332441306879,
            -0.11165483211433741,
            0.113341129881398,
            0.04152387763836782,
            -0.2772555419997127,
            -0.2970452306215564,
            0.05383836481563755,
            0.13574027651357556,
            -0.0383457954595965
        ],
        [
            0.02104952326070414,
            0.05639329074953294,
            0.5067804063308614,
            -0.03525058607673305,
            0.010577499139653505,
            0.09346485117550207,
            0.08211955071392862,
            1.3729687021471237,
            0.05252846209002335,
            0.012199718742024468,
            0.02308758556122592,
            0.07492981003124491,
            0.10820284074102676,
            0.3327242231943074,
            0.036336535571669784,
            0.041566875824003306,
            0.06019509786272646,
            -0.051897485518083264,
            -0.03985229136790332,
            0.009618889487432992
        ],
        [
            0.0001781209492617286,
            0.13276148166521795,
            -0.05960880081619423,
            -0.4548349980045895,
            0.19191354983858774,
            0.14818491212880966,
            0.06016349869874163,
            0.05252846209002335,
            0.9015345328667146,
            0.04485653776601918,
            -0.05411711948660969,
            -0.07517008846801587,
            0.32454642089010843,
            -0.6563850609157827,
            -0.070349469329999,
            -0.2496660371959291,
            -0.14636014084238363,
            0.05075112261992483,
            0.14015048908383687,
            -0.040830466482463655
        ],
        [
            -0.011831929234448951,
            -0.056442505066911126,
            0.014532571193430285,
            0.17727875202763843,
            0.4772216180906941,
            -0.08237638143842149,
            -0.06234182684162749,
            0.012199718742024468,
            0.04485653776601918,
            1.3906391172647379,
            -0.009370316947677676,
            -0.03791774442908153,
            0.03553233939889036,
            -0.06903654808186685,
            0.23661218962082753,
            0.004702615063384791,
            -0.017558739096729024,
            0.0010799409957535622,
            0.0026744114569107053,
            -0.04030032358262249
        ],
        [
            -0.2499917930128042,
            -0.3196656624792093,
            0.019011441966511444,
            -0.23397708081514682,
            0.024997746304152316,
            -0.46370570642723774,
            -0.46356783556111636,
            0.02308758556122592,
            -0.05411711948660969,
            -0.009370316947677676,
            -0.3261584898194272,
            -0.5435619980511385,
            -0.15312024399188084,
            -0.014537127919701145,
            0.074827732413374,
            -0.5012727439459925,
            -0.48747675416770875,
            0.025490784111976805,
            0.08364776775711769,
            -0.019791074630994637
        ],
        [
            -0.32759695524811716,
            -0.31283669543840653,
            -0.0023463424856258533,
            -0.19745671167106327,
            0.03300662248591836,
            -0.4870422297292535,
            -0.4028332441306879,
            0.07492981003124491,
            -0.07517008846801587,
            -0.03791774442908153,
            -0.5435619980511385,
            -0.42038638567273745,
            -0.14077900194852266,
            0.010171608623129574,
            0.06606113075839931,
            -0.4235973367008037,
            -0.3623862488721389,
            0.06765051559310223,
            0.17039149709663431,
            -0.0480627295985209
        ],
        [
            -0.07985714352073034,
            -0.08243424977018307,
            -0.04373227184095674,
            -0.07477835458404528,
            0.010980666078014657,
            -0.04716019209759126,
            -0.11165483211433741,
            0.10820284074102676,
            0.32454642089010843,
            0.03553233939889036,
            -0.15312024399188084,
            -0.14077900194852266,
            1.3701051988456268,
            0.0051477604278634785,
            0.030252940844087334,
            -0.03763489947017368,
            -0.10563868987431352,
            0.07469797429102004,
            -0.3024616137053099,
            0.10111990012185548
        ],
        [
            0.2931864057454968,
            0.1622859966028488,
            0.0019841650999092297,
            0.14366458234063528,
            -0.031757054933097176,
            0.09520193977660263,
            0.113341129881398,
            0.3327242231943074,
            -0.6563850609157827,
            -0.06903654808186685,
            -0.014537127919701145,
            0.010171608623129574,
            0.0051477604278634785,
            1.0715000349535813,
            0.03244642827413264,
            -0.05613868141168554,
            -0.07895214569179845,
            -0.3280282049408134,
            -0.4803411135420401,
            0.2230351994818741
        ],
        [
            0.006149930971165134,
            0.023024699164961568,
            -0.001066930854468841,
            0.016799913697100998,
            -0.047164782921823786,
            0.01134029867268399,
            0.04152387763836782,
            0.036336535571669784,
            -0.070349469329999,
            0.23661218962082753,
            0.074827732413374,
            0.06606113075839931,
            0.030252940844087334,
            0.03244642827413264,
            1.4167759840242158,
            0.024015007340889682,
            0.058242385455092444,
            0.10332829667753746,
            0.2104602454213197,
            0.15792488389134907
        ],
        [
            -0.011776087229115127,
            -0.1302800793942559,
            0.004464614202228711,
            -0.062134137930886,
            0.005471278762318508,
            -0.192278977354837,
            -0.2772555419997127,
            0.041566875824003306,
            -0.2496660371959291,
            0.004702615063384791,
            -0.5012727439459925,
            -0.4235973367008037,
            -0.03763489947017368,
            -0.05613868141168554,
            0.024015007340889682,
            -0.1944378126997799,
            -0.4359687450089158,
            0.0868964097191375,
            0.19473899744733705,
            -0.05948802188122452
        ],
        [
            -0.13922647908973013,
            -0.19593541558585859,
            0.002568583078474863,
            -0.12093828591427051,
            0.0166669109163538,
            -0.2977840812110876,
            -0.2970452306215564,
            0.06019509786272646,
            -0.14636014084238363,
            -0.017558739096729024,
            -0.48747675416770875,
            -0.3623862488721389,
            -0.10563868987431352,
            -0.07895214569179845,
            0.058242385455092444,
            -0.4359687450089158,
            -0.3069741244471036,
            0.07870557783858322,
            0.18321120935812363,
            -0.05450864943880556
        ],
        [
            0.0033781580654408602,
            0.025766545404974063,
            -0.0050294697615034896,
            0.008550477168588219,
            -0.000664207594609332,
            0.03438488538436893,
            0.05383836481563755,
            -0.051897485518083264,
            0.05075112261992483,
            0.0010799409957535622,
            0.025490784111976805,
            0.06765051559310223,
            0.07469797429102004,
            -0.3280282049408134,
            0.10332829667753746,
            0.0868964097191375,
            0.07870557783858322,
            1.471165970026028,
            -0.06948327046224083,
            0.022333853016235944
        ],
        [
            0.05817038560981244,
            0.09492282765732152,
            -0.0008441634517946321,
            0.07780632706844706,
            -0.009966346492351742,
            0.18179252092240042,
            0.13574027651357556,
            -0.03985229136790332,
            0.14015048908383687,
            0.0026744114569107053,
            0.08364776775711769,
            0.17039149709663431,
            -0.3024616137053099,
            -0.4803411135420401,
            0.2104602454213197,
            0.19473899744733705,
            0.18321120935812363,
            -0.06948327046224083,
            1.34294610733917,
            0.04818525256067874
        ],
        [
            -0.007722248655241877,
            -0.021502282930804847,
            0.00047099126573406185,
            -0.012903081478129012,
            -0.0027915466532693846,
            -0.03343277708244492,
            -0.0383457954595965,
            0.009618889487432992,
            -0.040830466482463655,
            -0.04030032358262249,
            -0.019791074630994637,
            -0.0480627295985209,
            0.10111990012185548,
            0.2230351994818741,
            0.15792488389134907,
            -0.05948802188122452,
            -0.05450864943880556,
            0.022333853016235944,
            0.04818525256067874,
            1.4891857513895954
        ]
    ]
}