{
    "HF": -2.160855048419042,
    "coordinates": [
        [
            0.698496,
            0.133657,
            -0.06692
        ],
        [
            1.472444,
            -0.17321,
            0.074417
        ],
        [
            2.2724,
            -0.13445,
            0.146385
        ],
        [
            2.977965,
            -0.133081,
            -0.081651
        ]
    ],
    "elements": [
        "H",
        "H",
        "H",
        "H"
    ],
    "Enn": 2.906963815469635,
    "S": [
        [
            0.9999999999999999,
            0.6848602514927513,
            0.0,
            0.0,
            0.0,
            0.48823305959232977,
            0.5337383163692615,
            -0.08427036914968558,
            -0.46145654473110964,
            0.18296550351186575,
            0.09372599360684725,
            0.27679857371645344,
            -0.016482577603939813,
            -0.12161925328122308,
            0.02071725666843015,
            0.01040338550221084,
            0.10918123985636645,
            7.845580671624692e-05,
            -0.012140219895436611,
            0.0014206194400840594
        ],
        [
            0.6848602514927513,
            1.0000000000000002,
            0.0,
            0.0,
            0.0,
            0.5337383163692615,
            0.8561183922507459,
            -0.029475789239955676,
            -0.16140662480939352,
            0.06399702142183207,
            0.27679857371645344,
            0.5682552410755215,
            -0.022048738373625948,
            -0.16269003315066866,
            0.027713467097056983,
            0.10918123985636645,
            0.3174573259069367,
            0.0005617840283856694,
            -0.08693023402350505,
            0.010172367671138178
        ],
        [
            0.0,
            0.0,
            1.0000000000000004,
            0.0,
            0.0,
            0.08427036914968558,
            0.029475789239955672,
            0.37569880827218705,
            -0.11252985686810968,
            0.044617596514941835,
            0.01648257760393981,
            0.02204873837362595,
            0.030389842144361176,
            -0.030035288934270772,
            0.005116367459705632,
            -7.845580671624692e-05,
            -0.0005617840283856694,
            0.0010722353331284224,
            9.352612009495145e-05,
            -1.0944202453241153e-05
        ],
        [
            0.0,
            0.0,
            0.0,
            1.0000000000000004,
            0.0,
            0.46145654473110964,
            0.16140662480939316,
            -0.11252985686810961,
            -0.21995400828938683,
            0.244321724584123,
            0.12161925328122307,
            0.16269003315066863,
            -0.03003528893427076,
            -0.1871596278358415,
            0.037751910223860353,
            0.012140219895436611,
            0.08693023402350498,
            9.352612009495128e-05,
            -0.013399354367962982,
            0.0016935014745697603
        ],
        [
            0.0,
            0.0,
            0.0,
            0.0,
            1.0000000000000004,
            -0.18296550351186572,
            -0.06399702142183207,
            0.044617596514941835,
            0.24432172458412316,
            0.2993763133787471,
            -0.020717256668430137,
            -0.027713467097056937,
            0.005116367459705629,
            0.03775191022386034,
            0.02802954946560574,
            -0.0014206194400840594,
            -0.010172367671138183,
            -1.0944202453241136e-05,
            0.001693501474569761,
            0.000874670258521718
        ],
        [
            0.48823305959232977,
            0.5337383163692615,
            0.08427036914968558,
            0.46145654473110964,
            -0.18296550351186575,
            0.9999999999999999,
            0.6848602514927513,
            0.0,
            0.0,
            0.0,
            0.5196189910929931,
            0.5462917464685206,
            -0.046432172993277954,
            -0.5161140420605086,
            -0.02500710072837173,
            0.12108232687447691,
            0.30753270326365206,
            0.016469932826679596,
            -0.15887837185813555,
            -0.0042348331137826165
        ],
        [
            0.5337383163692615,
            0.8561183922507459,
            0.029475789239955676,
            0.16140662480939336,
            -0.06399702142183207,
            0.6848602514927513,
            1.0000000000000002,
            0.0,
            0.0,
            0.0,
            0.5462917464685206,
            0.8686156425438057,
            -0.015386074146822923,
            -0.171022987024732,
            -0.008286519479919624,
            0.30753270326365206,
            0.6068947302287017,
            0.018056164386323677,
            -0.17418006678539125,
            -0.004642693061093779
        ],
        [
            -0.08427036914968558,
            -0.029475789239955672,
            0.37569880827218705,
            -0.11252985686810961,
            0.044617596514941835,
            0.0,
            0.0,
            1.0000000000000004,
            0.0,
            0.0,
            0.046432172993277954,
            0.01538607414682292,
            0.4261804839130544,
            -0.06456700165999454,
            -0.0031284432948079505,
            -0.0164699328266796,
            -0.01805616438632367,
            0.04777486762663679,
            0.031110129775157456,
            0.0008292268243002218
        ],
        [
            -0.46145654473110964,
            -0.16140662480939316,
            -0.11252985686810968,
            -0.21995400828938683,
            0.24432172458412316,
            0.0,
            0.0,
            0.0,
            1.0000000000000004,
            0.0,
            0.5161140420605086,
            0.17102298702473162,
            -0.06456700165999457,
            -0.2857013946990504,
            -0.0347740243488966,
            0.1588783718581355,
            0.174180066785391,
            0.031110129775157456,
            -0.24910620583572435,
            -0.00799919520816115
        ],
        [
            0.18296550351186572,
            0.06399702142183207,
            0.044617596514941835,
            0.244321724584123,
            0.2993763133787471,
            0.0,
            0.0,
            0.0,
            0.0,
            1.0000000000000004,
            0.02500710072837173,
            0.008286519479919666,
            -0.0031284432948079544,
            -0.03477402434889663,
            0.4303043567156876,
            0.0042348331137826165,
            0.004642693061093777,
            0.0008292268243002204,
            -0.007999195208161137,
            0.05078664629278689
        ],
        [
            0.09372599360684725,
            0.27679857371645344,
            0.016482577603939813,
            0.12161925328122308,
            -0.02071725666843015,
            0.5196189910929931,
            0.5462917464685206,
            0.046432172993277974,
            0.5161140420605086,
            0.02500710072837173,
            0.9999999999999999,
            0.6848602514927513,
            0.0,
            0.0,
            0.0,
            0.569505052719714,
            0.5650861717152118,
            0.16521659974794822,
            -0.5111958208403985,
            -0.000991867622019943
        ],
        [
            0.27679857371645344,
            0.5682552410755215,
            0.022048738373625948,
            0.16269003315066866,
            -0.027713467097056983,
            0.5462917464685206,
            0.8686156425438057,
            0.015386074146822946,
            0.17102298702473168,
            0.008286519479919667,
            0.6848602514927513,
            1.0000000000000002,
            0.0,
            0.0,
            0.0,
            0.5650861717152118,
            0.8871236155498863,
            0.05054442285809292,
            -0.1563892355324173,
            -0.00030344031158556533
        ],
        [
            -0.01648257760393981,
            -0.022048738373625955,
            0.030389842144361176,
            -0.030035288934270772,
            0.005116367459705632,
            -0.046432172993277954,
            -0.01538607414682292,
            0.4261804839130544,
            -0.06456700165999457,
            -0.0031284432948079544,
            0.0,
            0.0,
            1.0000000000000004,
            0.0,
            0.0,
            -0.1652165997479482,
            -0.050544422858092894,
            0.42369363076501565,
            0.20460169576871606,
            0.0003969864172788696
        ],
        [
            -0.12161925328122307,
            -0.16269003315066863,
            -0.03003528893427076,
            -0.1871596278358415,
            0.037751910223860353,
            -0.5161140420605085,
            -0.17102298702473126,
            -0.06456700165999454,
            -0.2857013946990504,
            -0.03477402434889663,
            0.0,
            0.0,
            0.0,
            1.0000000000000004,
            0.0,
            0.5111958208403985,
            0.15638923553241726,
            0.20460169576871606,
            -0.14323689876026977,
            -0.0012283136062172888
        ],
        [
            0.020717256668430137,
            0.027713467097056937,
            0.005116367459705629,
            0.03775191022386034,
            0.02802954946560574,
            -0.02500710072837173,
            -0.008286519479919666,
            -0.0031284432948079505,
            -0.0347740243488966,
            0.4303043567156876,
            0.0,
            0.0,
            0.0,
            0.0,
            1.0000000000000004,
            0.000991867622019943,
            0.0003034403115855653,
            0.0003969864172788696,
            -0.0012283136062172888,
            0.48981775927902643
        ],
        [
            0.01040338550221084,
            0.10918123985636645,
            -7.845580671624692e-05,
            0.012140219895436611,
            -0.0014206194400840594,
            0.12108232687447691,
            0.30753270326365206,
            -0.016469932826679596,
            0.15887837185813555,
            0.0042348331137826165,
            0.569505052719714,
            0.5650861717152118,
            -0.16521659974794822,
            0.5111958208403985,
            0.000991867622019943,
            0.9999999999999999,
            0.6848602514927513,
            0.0,
            0.0,
            0.0
        ],
        [
            0.10918123985636645,
            0.3174573259069367,
            -0.0005617840283856694,
            0.08693023402350505,
            -0.010172367671138178,
            0.30753270326365206,
            0.6068947302287017,
            -0.018056164386323677,
            0.17418006678539105,
            0.004642693061093779,
            0.5650861717152118,
            0.8871236155498863,
            -0.05054442285809292,
            0.1563892355324173,
            0.00030344031158556533,
            0.6848602514927513,
            1.0000000000000002,
            0.0,
            0.0,
            0.0
        ],
        [
            7.845580671624692e-05,
            0.0005617840283856694,
            0.0010722353331284224,
            9.352612009495126e-05,
            -1.0944202453241131e-05,
            0.0164699328266796,
            0.01805616438632367,
            0.04777486762663679,
            0.031110129775157466,
            0.0008292268243002206,
            0.1652165997479482,
            0.050544422858092894,
            0.42369363076501565,
            0.20460169576871606,
            0.0003969864172788696,
            0.0,
            0.0,
            1.0000000000000004,
            0.0,
            0.0
        ],
        [
            -0.012140219895436611,
            -0.08693023402350505,
            9.352612009495147e-05,
            -0.013399354367962982,
            0.0016935014745697603,
            -0.15887837185813555,
            -0.1741800667853912,
            0.031110129775157445,
            -0.2491062058357243,
            -0.007999195208161137,
            -0.5111958208403985,
            -0.15638923553241726,
            0.20460169576871606,
            -0.14323689876026977,
            -0.0012283136062172888,
            0.0,
            0.0,
            0.0,
            1.0000000000000004,
            0.0
        ],
        [
            0.0014206194400840594,
            0.010172367671138183,
            -1.0944202453241158e-05,
            0.001693501474569761,
            0.000874670258521718,
            -0.0042348331137826165,
            -0.004642693061093777,
            0.0008292268243002216,
            -0.00799919520816115,
            0.05078664629278688,
            -0.000991867622019943,
            -0.0003034403115855653,
            0.0003969864172788696,
            -0.0012283136062172888,
            0.48981775927902643,
            0.0,
            0.0,
            0.0,
            0.0,
            1.0000000000000004
        ]
    ],
    "h": [
        [
            -0.21837760342248624,
            -0.4451031224693689,
            -0.042214296282935215,
            -0.22660947709535986,
            0.08833646006015365,
            -0.5292844306140168,
            -0.4346698606179802,
            0.0042361678995467,
            0.041479721636090816,
            -0.02124154643184828,
            -0.20419390661672232,
            -0.28270212016526,
            0.02252301843432531,
            0.2763997866035661,
            -0.015859597660724187,
            -0.005911075885185538,
            -0.12514955828718702,
            -0.0031708625087178187,
            0.058041783669876605,
            -0.0027057960611960603
        ],
        [
            -0.4451031224693689,
            -0.30429358495581926,
            -0.03764581797110597,
            -0.20383342338499952,
            0.07786870596304313,
            -0.5092846797391921,
            -0.3602808784214824,
            0.022638613006711272,
            0.08691097224880379,
            -0.07356838981026825,
            -0.3067642596742995,
            -0.29644558315403535,
            0.028258792828577364,
            0.17600329372560905,
            0.000993935298739347,
            -0.1281794327980112,
            -0.18761128532071347,
            -0.022513821315232472,
            0.1123216596994838,
            -0.0011147983519805768
        ],
        [
            -0.042214296282935215,
            -0.03764581797110597,
            1.4923225412266177,
            -0.036597247261666396,
            0.01409607246328973,
            -0.01326869444156023,
            -0.0345479966146619,
            0.2684695071414079,
            -0.15100818809759878,
            0.05732244944287039,
            -0.03081213526404502,
            -0.02718472783321893,
            -0.0371155036879235,
            0.03877852901595043,
            -0.0019061775324873808,
            -0.003519656765364673,
            -0.013861378400999953,
            -0.00420169398670827,
            0.004318021825219869,
            -6.388120397932611e-05
        ],
        [
            -0.22660947709535986,
            -0.20383342338499952,
            -0.036597247261666396,
            1.2978946493900436,
            0.07687695273161523,
            -0.07562535987753027,
            -0.191444455604307,
            -0.1499694792519756,
            -0.542374498234628,
            0.3134607013932544,
            -0.20194006840828876,
            -0.153709567472674,
            0.026659086986747516,
            0.19140794653294269,
            -0.012448937760664816,
            -0.05465040839405051,
            -0.09932435804538031,
            -0.005950362505867547,
            0.07423725970946217,
            -0.005189608156523383
        ],
        [
            0.08833646006015365,
            0.07786870596304313,
            0.01409607246328973,
            0.07687695273161523,
            1.4689387390273005,
            0.02285388855836895,
            0.07000439597240461,
            0.059416449620672995,
            0.32698817875278047,
            0.16998610650114826,
            0.053356610038797006,
            0.055611549374213254,
            -0.00728481687216004,
            -0.0706699158562098,
            -0.03826054275491974,
            0.008528290085008512,
            0.02889681208399742,
            0.0011787971311398669,
            -0.013955961283654698,
            -0.0029213802118289263
        ],
        [
            -0.5292844306140168,
            -0.5092846797391921,
            -0.01326869444156023,
            -0.07562535987753027,
            0.02285388855836895,
            -0.38989748237244504,
            -0.5768682098664399,
            0.01946500380317858,
            -0.0009381733644515527,
            -0.09368370970948042,
            -0.502697223223791,
            -0.49157495085093283,
            0.02378312663270235,
            0.043255315838637065,
            -0.006495619475048765,
            -0.2509292070800191,
            -0.32993716290579456,
            -0.04765047011659213,
            0.24018238110028553,
            0.003176325155412765
        ],
        [
            -0.4346698606179802,
            -0.3602808784214824,
            -0.0345479966146619,
            -0.191444455604307,
            0.07000439597240461,
            -0.5768682098664399,
            -0.43108568514483525,
            0.01731176247887118,
            -0.023573672394458622,
            -0.07901490135978798,
            -0.5043575625034603,
            -0.40601504274971223,
            0.056972223840528115,
            0.11164644517471284,
            0.003433006634242385,
            -0.31886868641230837,
            -0.31197120217842755,
            -0.0531114821341882,
            0.1887446261326241,
            0.0014888913900980572
        ],
        [
            0.0042361678995467,
            0.022638613006711272,
            0.2684695071414079,
            -0.1499694792519756,
            0.059416449620672995,
            0.01946500380317858,
            0.01731176247887118,
            1.4118884963740743,
            -0.05424632072309435,
            0.012575164722295449,
            0.008772869387669954,
            0.004167154824990674,
            0.3254050587060494,
            -0.0977932522289242,
            -0.0035059213027201523,
            -0.0018548933835963316,
            -0.006113923023210177,
            -0.04796998899764618,
            0.007637245800806616,
            0.0001394265417009534
        ],
        [
            0.041479721636090816,
            0.08691097224880379,
            -0.15100818809759878,
            -0.542374498234628,
            0.32698817875278047,
            -0.0009381733644515527,
            -0.023573672394458622,
            -0.05424632072309435,
            0.9397183700201754,
            0.06747222975648878,
            -0.07823100992583187,
            -0.14034107729696682,
            -0.06411550283602332,
            -0.7756945912305985,
            -0.041107598299195566,
            -0.3136786113776484,
            -0.18980013321286138,
            -0.06167298787536937,
            0.1768570238201464,
            0.002758385437417639
        ],
        [
            -0.02124154643184828,
            -0.07356838981026825,
            0.05732244944287039,
            0.3134607013932544,
            0.16998610650114826,
            -0.09368370970948042,
            -0.07901490135978798,
            0.012575164722295449,
            0.06747222975648878,
            1.3895092188941918,
            -0.014911164100185254,
            -0.0454455383968753,
            -0.002093749023916293,
            -0.02087936412732956,
            0.3303590988511459,
            -0.0036912115624768652,
            -0.01908301240864846,
            -0.0020057766563328578,
            0.010692818703081355,
            -0.04606119852643015
        ],
        [
            -0.20419390661672232,
            -0.3067642596742995,
            -0.03081213526404502,
            -0.20194006840828876,
            0.053356610038797006,
            -0.502697223223791,
            -0.5043575625034603,
            0.008772869387669954,
            -0.07823100992583187,
            -0.014911164100185254,
            -0.45406874660534635,
            -0.6017418332553826,
            0.10599563972107365,
            -0.06412365122205929,
            0.01109611649623407,
            -0.5972256567963025,
            -0.5474971172406884,
            -0.014786022531886545,
            0.07529836838517778,
            0.002616361186076969
        ],
        [
            -0.28270212016526,
            -0.29644558315403535,
            -0.02718472783321893,
            -0.153709567472674,
            0.055611549374213254,
            -0.49157495085093283,
            -0.40601504274971223,
            0.004167154824990674,
            -0.14034107729696682,
            -0.0454455383968753,
            -0.6017418332553826,
            -0.4320956912159819,
            0.08499483173961397,
            -0.01325838738746335,
            0.007215467555357363,
            -0.47242906130190687,
            -0.36933085576895675,
            -0.06811168082172783,
            0.23551737224402325,
            0.002452839622096451
        ],
        [
            0.02252301843432531,
            0.028258792828577364,
            -0.0371155036879235,
            0.026659086986747516,
            -0.00728481687216004,
            0.02378312663270235,
            0.056972223840528115,
            0.3254050587060494,
            -0.06411550283602332,
            -0.002093749023916293,
            0.10599563972107365,
            0.08499483173961397,
            1.3738458524624564,
            0.0595140058634628,
            -0.0009294930827933626,
            0.012407592666470901,
            0.07489146493245044,
            0.33474729928724,
            0.27850740411315905,
            5.345915911890122e-05
        ],
        [
            0.2763997866035661,
            0.17600329372560905,
            0.03877852901595043,
            0.19140794653294269,
            -0.0706699158562098,
            0.043255315838637065,
            0.11164644517471284,
            -0.0977932522289242,
            -0.7756945912305985,
            -0.02087936412732956,
            -0.06412365122205929,
            -0.01325838738746335,
            0.0595140058634628,
            0.8719502252272215,
            -0.006909787764255996,
            -0.010236903238401318,
            -0.10503604755905915,
            0.2950850589904352,
            -0.5107054899591199,
            -0.0013983009890520316
        ],
        [
            -0.015859597660724187,
            0.000993935298739347,
            -0.0019061775324873808,
            -0.012448937760664816,
            -0.03826054275491974,
            -0.006495619475048765,
            0.003433006634242385,
            -0.0035059213027201523,
            -0.041107598299195566,
            0.3303590988511459,
            0.01109611649623407,
            0.007215467555357363,
            -0.0009294930827933626,
            -0.006909787764255996,
            1.4010216992552094,
            0.0058229529137253655,
            0.006208101804548914,
            0.0015145783720809521,
            -0.005697203652718619,
            0.426722921672565
        ],
        [
            -0.005911075885185538,
            -0.1281794327980112,
            -0.003519656765364673,
            -0.05465040839405051,
            0.008528290085008512,
            -0.2509292070800191,
            -0.31886868641230837,
            -0.0018548933835963316,
            -0.3136786113776484,
            -0.0036912115624768652,
            -0.5972256567963025,
            -0.47242906130190687,
            0.012407592666470901,
            -0.010236903238401318,
            0.0058229529137253655,
            -0.28694800823531064,
            -0.47555578320799774,
            -0.09169503724935099,
            0.28960309755442654,
            0.0024995344198080194
        ],
        [
            -0.12514955828718702,
            -0.18761128532071347,
            -0.013861378400999953,
            -0.09932435804538031,
            0.02889681208399742,
            -0.32993716290579456,
            -0.31197120217842755,
            -0.006113923023210177,
            -0.18980013321286138,
            -0.01908301240864846,
            -0.5474971172406884,
            -0.36933085576895675,
            0.07489146493245044,
            -0.10503604755905915,
            0.006208101804548914,
            -0.47555578320799774,
            -0.31587451689971213,
            -0.07418977765414561,
            0.242569129032143,
            0.002363549004288812
        ],
        [
            -0.0031708625087178187,
            -0.022513821315232472,
            -0.00420169398670827,
            -0.005950362505867547,
            0.0011787971311398669,
            -0.04765047011659213,
            -0.0531114821341882,
            -0.04796998899764618,
            -0.06167298787536937,
            -0.0020057766563328578,
            -0.014786022531886545,
            -0.06811168082172783,
            0.33474729928724,
            0.2950850589904352,
            0.0015145783720809521,
            -0.09169503724935099,
            -0.07418977765414561,
            1.4454928818305868,
            0.08350449761426407,
            0.00036728192809565806
        ],
        [
            0.058041783669876605,
            0.1123216596994838,
            0.004318021825219869,
            0.07423725970946217,
            -0.013955961283654698,
            0.24018238110028553,
            0.1887446261326241,
            0.007637245800806616,
            0.1768570238201464,
            0.010692818703081355,
            0.07529836838517778,
            0.23551737224402325,
            0.27850740411315905,
            -0.5107054899591199,
            -0.005697203652718619,
            0.28960309755442654,
            0.242569129032143,
            0.08350449761426407,
            1.1997694294508052,
            -0.0017004684471340137
        ],
        [
            -0.0027057960611960603,
            -0.0011147983519805768,
            -6.388120397932611e-05,
            -0.005189608156523383,
            -0.0029213802118289263,
            0.003176325155412765,
            0.0014888913900980572,
            0.0001394265417009534,
            0.002758385437417639,
            -0.04606119852643015,
            0.002616361186076969,
            0.002452839622096451,
            5.345915911890122e-05,
            -0.0013983009890520316,
            0.426722921672565,
            0.0024995344198080194,
            0.002363549004288812,
            0.00036728192809565806,
            -0.0017004684471340137,
            1.4720245439498572
        ]
    ]
}