{
    "HF": -2.1159794206921223,
    "coordinates": [
        [
            0.713531,
            -0.039559,
            0.173435
        ],
        [
            1.360749,
            0.192971,
            -0.106239
        ],
        [
            2.024648,
            -0.118959,
            -0.19296
        ],
        [
            2.835549,
            0.165621,
            0.193721
        ]
    ],
    "elements": [
        "H",
        "H",
        "H",
        "H"
    ],
    "Enn": 2.978557590950218,
    "S": [
        [
            0.9999999999999999,
            0.6848602514927513,
            0.0,
            0.0,
            0.0,
            0.5687695113210035,
            0.5648186983723703,
            0.20229862566764512,
            -0.4681568966273658,
            -0.16819761374492267,
            0.1755759307475976,
            0.35767026013821884,
            0.0609176652669255,
            -0.21798929169823714,
            0.013201224422259818,
            0.01867747262803641,
            0.14032909512574598,
            -0.00022084364917988137,
            -0.023101360482371724,
            -0.002233693184399487
        ],
        [
            0.6848602514927513,
            1.0000000000000002,
            0.0,
            0.0,
            0.0,
            0.5648186983723703,
            0.8868618773887049,
            0.061958721111519295,
            -0.14338408132452532,
            -0.05151448264787421,
            0.3576702601382188,
            0.6669228095242412,
            0.049821083755414775,
            -0.17828100784712758,
            0.010796528473860003,
            0.14032909512574598,
            0.3715163471513326,
            -0.0010127252809371658,
            -0.10593617643713536,
            -0.010243072717277337
        ],
        [
            0.0,
            0.0,
            1.0000000000000004,
            0.0,
            0.0,
            -0.20229862566764506,
            -0.061958721111519253,
            0.38966872496588345,
            0.2297776566325758,
            0.08255363493718167,
            -0.06091766526692551,
            -0.0498210837554148,
            0.058285785048944494,
            0.11158005616854359,
            -0.006757182204015632,
            0.0002208436491798812,
            0.0010127252809371658,
            0.0027354399449529103,
            -0.0003060335589359884,
            -2.9590684726748825e-05
        ],
        [
            0.0,
            0.0,
            0.0,
            1.0000000000000004,
            0.0,
            0.4681568966273658,
            0.1433840813245253,
            0.2297776566325757,
            -0.04278892730206957,
            -0.19104456794973013,
            0.217989291698237,
            0.17828100784712725,
            0.11158005616854356,
            -0.3098137367953496,
            0.02418006921432432,
            0.023101360482371717,
            0.10593617643713531,
            -0.0003060335589359893,
            -0.02927428951106006,
            -0.0030953349907564902
        ],
        [
            0.0,
            0.0,
            0.0,
            0.0,
            1.0000000000000004,
            0.16819761374492267,
            0.05151448264787422,
            0.08255363493718168,
            -0.19104456794973024,
            0.420321832505705,
            -0.013201224422259818,
            -0.010796528473860003,
            -0.0067571822040156295,
            0.02418006921432432,
            0.08800279518934857,
            0.0022336931843994854,
            0.010243072717277337,
            -2.959068472674892e-05,
            -0.003095334990756491,
            0.002439074581121482
        ],
        [
            0.5687695113210035,
            0.5648186983723703,
            -0.20229862566764512,
            0.468156896627366,
            0.16819761374492267,
            0.9999999999999999,
            0.6848602514927513,
            0.0,
            0.0,
            0.0,
            0.5718153409658913,
            0.5659244904561574,
            0.06315339285341276,
            -0.4834754484148922,
            0.22715879467216754,
            0.12388002498923004,
            0.3104205362594538,
            -0.03254891540310718,
            -0.1600318056957677,
            0.0029677718238264456
        ],
        [
            0.5648186983723703,
            0.8868618773887049,
            -0.061958721111519316,
            0.14338408132452532,
            0.051514482647874234,
            0.6848602514927513,
            1.0000000000000002,
            0.0,
            0.0,
            0.0,
            0.5659244904561574,
            0.8879436536973843,
            0.019252242172181015,
            -0.1473869573213963,
            0.06924910806803916,
            0.3104205362594538,
            0.6104483923870616,
            -0.03505237389523081,
            -0.17234044879546065,
            0.003196034224678494
        ],
        [
            0.20229862566764506,
            0.061958721111519253,
            0.38966872496588345,
            0.2297776566325757,
            0.08255363493718167,
            0.0,
            0.0,
            1.0000000000000004,
            0.0,
            0.0,
            -0.06315339285341276,
            -0.019252242172180984,
            0.4829081425091522,
            0.07361837625451256,
            -0.034589267501638224,
            0.03254891540310718,
            0.035052373895230825,
            0.04047048130753076,
            -0.06064670691146392,
            0.0011246863534232028
        ],
        [
            -0.4681568966273658,
            -0.1433840813245253,
            0.2297776566325758,
            -0.04278892730206957,
            -0.1910445679497302,
            0.0,
            0.0,
            0.0,
            1.0000000000000004,
            0.0,
            0.4834754484148923,
            0.14738695732139626,
            0.0736183762545126,
            -0.07106644585144396,
            0.26480068386054273,
            0.1600318056957677,
            0.17234044879546084,
            -0.0606467069114639,
            -0.2453735357460756,
            0.005529695406149284
        ],
        [
            -0.16819761374492267,
            -0.0515144826478742,
            0.08255363493718168,
            -0.1910445679497302,
            0.420321832505705,
            0.0,
            0.0,
            0.0,
            0.0,
            1.0000000000000004,
            -0.22715879467216754,
            -0.06924910806803908,
            -0.0345892675016382,
            0.26480068386054245,
            0.3681090268161757,
            -0.0029677718238264456,
            -0.003196034224678494,
            0.0011246863534232023,
            0.005529695406149284,
            0.052702885047566386
        ],
        [
            0.1755759307475976,
            0.35767026013821884,
            -0.0609176652669255,
            0.2179892916982371,
            -0.013201224422259818,
            0.5718153409658913,
            0.5659244904561574,
            -0.06315339285341273,
            0.4834754484148922,
            -0.22715879467216754,
            0.9999999999999999,
            0.6848602514927513,
            0.0,
            0.0,
            0.0,
            0.4153943293636267,
            0.502094338526169,
            -0.1879344252832791,
            -0.3941135287139431,
            -0.13831136970038757
        ],
        [
            0.3576702601382188,
            0.6669228095242412,
            -0.049821083755414775,
            0.17828100784712747,
            -0.010796528473860003,
            0.5659244904561574,
            0.8879436536973843,
            -0.019252242172181015,
            0.14738695732139595,
            -0.06924910806803915,
            0.6848602514927513,
            1.0000000000000002,
            0.0,
            0.0,
            0.0,
            0.502094338526169,
            0.8241091120840852,
            -0.0755475436745732,
            -0.1584292445536633,
            -0.05559962857991483
        ],
        [
            0.06091766526692551,
            0.0498210837554148,
            0.058285785048944494,
            0.11158005616854362,
            -0.006757182204015632,
            0.06315339285341277,
            0.01925224217218101,
            0.4829081425091522,
            0.07361837625451259,
            -0.03458926750163821,
            0.0,
            0.0,
            1.0000000000000004,
            0.0,
            0.0,
            0.18793442528327908,
            0.0755475436745732,
            0.19318449279818942,
            -0.25704215876478953,
            -0.09020713692705254
        ],
        [
            -0.21798929169823705,
            -0.17828100784712714,
            0.11158005616854354,
            -0.3098137367953496,
            0.024180069214324317,
            -0.4834754484148924,
            -0.14738695732139626,
            0.07361837625451258,
            -0.07106644585144396,
            0.2648006838605425,
            0.0,
            0.0,
            0.0,
            1.0000000000000004,
            0.0,
            0.39411352871394334,
            0.15842924455366297,
            -0.2570421587647897,
            -0.22328202377475245,
            -0.18917158469457734
        ],
        [
            0.013201224422259818,
            0.010796528473860003,
            -0.0067571822040156295,
            0.024180069214324324,
            0.08800279518934857,
            0.22715879467216754,
            0.06924910806803909,
            -0.03458926750163822,
            0.2648006838605426,
            0.3681090268161757,
            0.0,
            0.0,
            0.0,
            0.0,
            1.0000000000000004,
            0.13831136970038754,
            0.05559962857991481,
            -0.0902071369270525,
            -0.18917158469457712,
            0.24936751565911183
        ],
        [
            0.01867747262803641,
            0.14032909512574598,
            0.00022084364917988137,
            0.023101360482371727,
            0.002233693184399487,
            0.12388002498923004,
            0.3104205362594538,
            0.03254891540310718,
            0.1600318056957677,
            -0.0029677718238264456,
            0.4153943293636267,
            0.502094338526169,
            0.1879344252832791,
            0.3941135287139434,
            0.13831136970038757,
            0.9999999999999999,
            0.6848602514927513,
            0.0,
            0.0,
            0.0
        ],
        [
            0.14032909512574598,
            0.3715163471513326,
            0.0010127252809371658,
            0.10593617643713532,
            0.010243072717277332,
            0.3104205362594538,
            0.6104483923870616,
            0.035052373895230825,
            0.17234044879546084,
            -0.003196034224678494,
            0.502094338526169,
            0.8241091120840852,
            0.0755475436745732,
            0.15842924455366297,
            0.05559962857991483,
            0.6848602514927513,
            1.0000000000000002,
            0.0,
            0.0,
            0.0
        ],
        [
            -0.0002208436491798812,
            -0.0010127252809371658,
            0.0027354399449529103,
            -0.00030603355893598933,
            -2.9590684726748916e-05,
            -0.03254891540310718,
            -0.03505237389523081,
            0.04047048130753076,
            -0.06064670691146392,
            0.0011246863534232028,
            -0.18793442528327908,
            -0.0755475436745732,
            0.19318449279818942,
            -0.2570421587647897,
            -0.09020713692705254,
            0.0,
            0.0,
            1.0000000000000004,
            0.0,
            0.0
        ],
        [
            -0.023101360482371713,
            -0.10593617643713535,
            -0.00030603355893598836,
            -0.02927428951106006,
            -0.0030953349907564902,
            -0.1600318056957677,
            -0.17234044879546065,
            -0.0606467069114639,
            -0.2453735357460756,
            0.005529695406149284,
            -0.39411352871394306,
            -0.1584292445536633,
            -0.25704215876478953,
            -0.22328202377475245,
            -0.1891715846945772,
            0.0,
            0.0,
            0.0,
            1.0000000000000004,
            0.0
        ],
        [
            -0.0022336931843994854,
            -0.010243072717277335,
            -2.9590684726748828e-05,
            -0.003095334990756491,
            0.002439074581121482,
            0.0029677718238264456,
            0.003196034224678494,
            0.0011246863534232023,
            0.005529695406149284,
            0.052702885047566386,
            -0.13831136970038754,
            -0.05559962857991481,
            -0.0902071369270525,
            -0.18917158469457723,
            0.24936751565911183,
            0.0,
            0.0,
            0.0,
            0.0,
            1.0000000000000004
        ]
    ],
    "h": [
        [
            -0.3024931312391821,
            -0.48479577690059117,
            0.1199307978727465,
            -0.27586903105400445,
            -0.08619732091999446,
            -0.6142352183147243,
            -0.48052977063779323,
            -0.005294754008722757,
            0.008232424744890499,
            0.04430721854334135,
            -0.3229247822356902,
            -0.35529018219107333,
            -0.05431053290115222,
            0.33335857279090897,
            -0.07552427788233401,
            -0.0223331192696552,
            -0.15589407502084107,
            0.010726826963408737,
            0.08230979223052731,
            0.006982561302029109
        ],
        [
            -0.48479577690059117,
            -0.3303486733736285,
            0.09998293875778896,
            -0.23729543714195128,
            -0.06719287360766285,
            -0.5684359773986136,
            -0.38520308254964886,
            -0.06485497176492838,
            0.07492793691940297,
            0.12424741039382524,
            -0.3859404660127382,
            -0.3415370200583222,
            -0.050664895439842456,
            0.20764113279779933,
            -0.09129243000695972,
            -0.14458424176187842,
            -0.21313422647991714,
            0.0349397027047125,
            0.10576568755952026,
            0.021011871365864465
        ],
        [
            0.1199307978727465,
            0.09998293875778896,
            1.4159607078041572,
            0.10235431681318785,
            0.03178046124381599,
            0.03800687400188435,
            0.09625660357815695,
            0.27602639049975775,
            0.33564366877788504,
            0.1000425572308466,
            0.09162811443060961,
            0.08014812038183342,
            -0.03677520727613137,
            -0.05421025936960139,
            0.02917602588169866,
            0.011626874692936603,
            0.04097576571086036,
            -0.011011857356893145,
            -0.013315447295250981,
            -0.0017726668103610517
        ],
        [
            -0.27586903105400445,
            -0.23729543714195128,
            0.10235431681318785,
            1.2107725352333676,
            -0.07207362229975793,
            -0.1073225015393301,
            -0.23928568791997767,
            0.3223132794568717,
            -0.3874574919269871,
            -0.21979063976924124,
            -0.26787273605386985,
            -0.20484479786330007,
            -0.0026799123817934645,
            0.04017987540963275,
            -0.07577578033722264,
            -0.08827829671931785,
            -0.13314741752092463,
            0.015141296213950278,
            0.11291104285359257,
            0.014824654704267554
        ],
        [
            -0.08619732091999446,
            -0.06719287360766285,
            0.03178046124381599,
            -0.07207362229975793,
            1.4321577247252184,
            -0.0061924996591858905,
            -0.05943393929160526,
            0.11745581696671745,
            -0.2707168923628637,
            0.320553127746104,
            -0.03688222156142201,
            -0.050724922346464196,
            -0.012672432868848966,
            0.06926133265555244,
            -0.05982478547629355,
            -0.0041207276648233355,
            -0.021600128575868002,
            0.0011159888054836024,
            0.01249974964887212,
            -0.007030493430686132
        ],
        [
            -0.6142352183147243,
            -0.5684359773986136,
            0.03800687400188435,
            -0.1073225015393301,
            -0.0061924996591858905,
            -0.5031779713974633,
            -0.6261424888609101,
            -0.07589990819579023,
            0.017069390246667246,
            0.19672244612115047,
            -0.5774509792293159,
            -0.5528407752235878,
            -0.04426924254591269,
            0.0991709869028422,
            -0.03212998927947919,
            -0.23261643090282402,
            -0.3462085630925449,
            0.06514493908755978,
            0.21013321620317252,
            0.028832536758700802
        ],
        [
            -0.48052977063779323,
            -0.38520308254964886,
            0.09625660357815695,
            -0.23928568791997767,
            -0.05943393929160526,
            -0.6261424888609101,
            -0.4467207314345607,
            -0.05913077051583409,
            -0.018830590167117175,
            0.15579366893510746,
            -0.5312518848670438,
            -0.4310938189900657,
            -0.07876661115546763,
            0.16905763395915455,
            -0.11817476958418197,
            -0.28891435674068044,
            -0.31552678657871125,
            0.06085527610874717,
            0.14337502252090667,
            0.039816630340331435
        ],
        [
            -0.005294754008722757,
            -0.06485497176492838,
            0.27602639049975775,
            0.3223132794568717,
            0.11745581696671745,
            -0.07589990819579023,
            -0.05913077051583409,
            1.3336820935107814,
            0.1174415066167604,
            0.020141071939578446,
            -0.03133650801822695,
            -0.03152821608218024,
            0.38789709777690307,
            0.14014474094383886,
            -0.0558845983402904,
            -0.004109173838996574,
            -0.002167212552671674,
            -0.04423976703067796,
            -0.0041319008368212035,
            -0.0001998206868138885
        ],
        [
            0.008232424744890499,
            0.07492793691940297,
            0.33564366877788504,
            -0.3874574919269871,
            -0.2707168923628637,
            0.017069390246667246,
            -0.018830590167117175,
            0.1174415066167604,
            0.8816594945711058,
            0.024763061817760113,
            -0.032875545212403434,
            -0.12182689409957723,
            0.08580008212155776,
            -0.5367886583401127,
            0.35761853896704743,
            -0.2777485154849867,
            -0.18053271760695877,
            0.06545397562617411,
            0.10125679682721916,
            0.04279794323642448
        ],
        [
            0.04430721854334135,
            0.12424741039382524,
            0.1000425572308466,
            -0.21979063976924124,
            0.320553127746104,
            0.19672244612115047,
            0.15579366893510746,
            0.020141071939578446,
            0.024763061817760113,
            1.300190817503555,
            0.036519955039048646,
            0.13017452613610375,
            -0.0354203704853354,
            0.3324574951079292,
            0.24598123434261487,
            0.04839533102115751,
            0.08343896361696576,
            -0.019680958681863828,
            -0.053265243337078466,
            -0.05397791480501321
        ],
        [
            -0.3229247822356902,
            -0.3859404660127382,
            0.09162811443060961,
            -0.26787273605386985,
            -0.03688222156142201,
            -0.5774509792293159,
            -0.5312518848670438,
            -0.03133650801822695,
            -0.032875545212403434,
            0.036519955039048646,
            -0.3945335748155405,
            -0.5811131884562151,
            -0.1072309680292573,
            0.08882082959800315,
            -0.16076812154222614,
            -0.48213337618093877,
            -0.4953971835848745,
            0.03901820572260917,
            0.10558272332162566,
            0.01938689969549834
        ],
        [
            -0.35529018219107333,
            -0.3415370200583222,
            0.08014812038183342,
            -0.20484479786330007,
            -0.050724922346464196,
            -0.5528407752235878,
            -0.4310938189900657,
            -0.03152821608218024,
            -0.12182689409957723,
            0.13017452613610375,
            -0.5811131884562151,
            -0.43984666406160944,
            -0.09846971734762644,
            0.07798345479313434,
            -0.13661898036400622,
            -0.4067100616670325,
            -0.3661198338802816,
            0.0700931417313452,
            0.1665495540335471,
            0.043556807805665135
        ],
        [
            -0.05431053290115222,
            -0.050664895439842456,
            -0.03677520727613137,
            -0.0026799123817934645,
            -0.012672432868848966,
            -0.04426924254591269,
            -0.07876661115546763,
            0.38789709777690307,
            0.08580008212155776,
            -0.0354203704853354,
            -0.1072309680292573,
            -0.09846971734762644,
            1.3706142620772612,
            -0.02297646617674954,
            -0.03588100706232438,
            -0.03284804802044017,
            -0.08019747029617905,
            0.043848269962011965,
            -0.2895386323908692,
            -0.10713317869297856
        ],
        [
            0.33335857279090897,
            0.20764113279779933,
            -0.05421025936960139,
            0.04017987540963275,
            0.06926133265555244,
            0.0991709869028422,
            0.16905763395915455,
            0.14014474094383886,
            -0.5367886583401127,
            0.3324574951079292,
            0.08882082959800315,
            0.07798345479313434,
            -0.02297646617674954,
            0.969439899928229,
            0.058371926931080335,
            -0.06547633297450206,
            -0.04828390738982252,
            -0.3111124129001989,
            -0.4861040249699108,
            -0.22720647555758222
        ],
        [
            -0.07552427788233401,
            -0.09129243000695972,
            0.02917602588169866,
            -0.07577578033722264,
            -0.05982478547629355,
            -0.03212998927947919,
            -0.11817476958418197,
            -0.0558845983402904,
            0.35761853896704743,
            0.24598123434261487,
            -0.16076812154222614,
            -0.13661898036400622,
            -0.03588100706232438,
            0.058371926931080335,
            1.3416608770339495,
            -0.04137313008281232,
            -0.09639345873303162,
            -0.09870429232016714,
            -0.19394768235165177,
            0.10909464846511258
        ],
        [
            -0.0223331192696552,
            -0.14458424176187842,
            0.011626874692936603,
            -0.08827829671931785,
            -0.0041207276648233355,
            -0.23261643090282402,
            -0.28891435674068044,
            -0.004109173838996574,
            -0.2777485154849867,
            0.04839533102115751,
            -0.48213337618093877,
            -0.4067100616670325,
            -0.03284804802044017,
            -0.06547633297450206,
            -0.04137313008281232,
            -0.17719520562862523,
            -0.42618546879129493,
            0.08337566537989552,
            0.17895240612814034,
            0.05626148021750452
        ],
        [
            -0.15589407502084107,
            -0.21313422647991714,
            0.04097576571086036,
            -0.13314741752092463,
            -0.021600128575868002,
            -0.3462085630925449,
            -0.31552678657871125,
            -0.002167212552671674,
            -0.18053271760695877,
            0.08343896361696576,
            -0.4953971835848745,
            -0.3661198338802816,
            -0.08019747029617905,
            -0.04828390738982252,
            -0.09639345873303162,
            -0.42618546879129493,
            -0.3059909569145618,
            0.07927328081918458,
            0.17544371940494802,
            0.05213327504984869
        ],
        [
            0.010726826963408737,
            0.0349397027047125,
            -0.011011857356893145,
            0.015141296213950278,
            0.0011159888054836024,
            0.06514493908755978,
            0.06085527610874717,
            -0.04423976703067796,
            0.06545397562617411,
            -0.019680958681863828,
            0.03901820572260917,
            0.0700931417313452,
            0.043848269962011965,
            -0.3111124129001989,
            -0.09870429232016714,
            0.08337566537989552,
            0.07927328081918458,
            1.4814248993271317,
            -0.0660665646436446,
            -0.021497239064168283
        ],
        [
            0.08230979223052731,
            0.10576568755952026,
            -0.013315447295250981,
            0.11291104285359257,
            0.01249974964887212,
            0.21013321620317252,
            0.14337502252090667,
            -0.0041319008368212035,
            0.10125679682721916,
            -0.053265243337078466,
            0.10558272332162566,
            0.1665495540335471,
            -0.2895386323908692,
            -0.4861040249699108,
            -0.19394768235165177,
            0.17895240612814034,
            0.17544371940494802,
            -0.0660665646436446,
            1.3624663946198574,
            -0.04423108378044159
        ],
        [
            0.006982561302029109,
            0.021011871365864465,
            -0.0017726668103610517,
            0.014824654704267554,
            -0.007030493430686132,
            0.028832536758700802,
            0.039816630340331435,
            -0.0001998206868138885,
            0.04279794323642448,
            -0.05397791480501321,
            0.01938689969549834,
            0.043556807805665135,
            -0.10713317869297856,
            -0.22720647555758222,
            0.10909464846511258,
            0.05626148021750452,
            0.05213327504984869,
            -0.021497239064168283,
            -0.04423108378044159,
            1.4962065399668285
        ]
    ]
}