{
    "HF": -2.1563544556237018,
    "coordinates": [
        [
            0.641312,
            -0.035361,
            0.012598
        ],
        [
            1.441553,
            0.049132,
            0.034934
        ],
        [
            2.206418,
            -0.046966,
            -0.034546
        ],
        [
            2.925424,
            -0.182748,
            0.147188
        ]
    ],
    "elements": [
        "H",
        "H",
        "H",
        "H"
    ],
    "Enn": 2.9630380332192923,
    "S": [
        [
            0.9999999999999999,
            0.6848602514927513,
            0.0,
            0.0,
            0.0,
            0.5189292731462867,
            0.5460221998502219,
            -0.01438648384305402,
            -0.5154304359352343,
            -0.05442143532195395,
            0.10574710070741067,
            0.2909110143790685,
            0.004218714500151292,
            -0.14005462787361678,
            0.0010384817108063762,
            0.010490655719266615,
            0.10957430838757998,
            -0.0007241798198853617,
            -0.012289975605602148,
            0.0007930358207403506
        ],
        [
            0.6848602514927513,
            1.0000000000000002,
            0.0,
            0.0,
            0.0,
            0.5460221998502219,
            0.8683484575072554,
            -0.004772709148986095,
            -0.17099380113242202,
            -0.018054285195437027,
            0.2909110143790685,
            0.5861892557265678,
            0.00513948608175004,
            -0.1706227834605354,
            0.0012651394870759657,
            0.10957430838757998,
            0.31817318114119003,
            -0.005152585987078801,
            -0.0874439667443237,
            0.005642500860967261
        ],
        [
            0.0,
            0.0,
            1.0000000000000004,
            0.0,
            0.0,
            0.014386483843054017,
            0.0047727091489860865,
            0.43063952890307083,
            -0.020009447947559194,
            -0.0021126864100103828,
            -0.004218714500151293,
            -0.005139486081750039,
            0.04123068777191313,
            0.007943942620895587,
            -5.890300983798759e-05,
            0.0007241798198853621,
            0.005152585987078797,
            0.0010362013206374253,
            -0.0008678134857552628,
            5.59974406793585e-05
        ],
        [
            0.0,
            0.0,
            0.0,
            1.0000000000000004,
            0.0,
            0.5154304359352343,
            0.17099380113242182,
            -0.020009447947559194,
            -0.2856886443877239,
            -0.07569207939797273,
            0.14005462787361678,
            0.17062278346053536,
            0.007943942620895587,
            -0.22225631634274962,
            0.0019554864694445403,
            0.012289975605602157,
            0.08744396674432367,
            -0.0008678134857552623,
            -0.01364022992203639,
            0.0009503263706442591
        ],
        [
            0.0,
            0.0,
            0.0,
            0.0,
            1.0000000000000004,
            0.05442143532195394,
            0.018054285195437027,
            -0.0021126864100103828,
            -0.07569207939797273,
            0.4232061184239574,
            -0.0010384817108063762,
            -0.0012651394870759657,
            -5.8903009837987496e-05,
            0.0019554864694445373,
            0.041455474981496127,
            -0.0007930358207403512,
            -0.005642500860967253,
            5.59974406793585e-05,
            0.0009503263706442595,
            0.0010260149831275553
        ],
        [
            0.5189292731462867,
            0.5460221998502219,
            0.014386483843054021,
            0.5154304359352343,
            0.05442143532195395,
            0.9999999999999999,
            0.6848602514927513,
            0.0,
            0.0,
            0.0,
            0.5434569046189899,
            0.555441649603547,
            0.047445592844394,
            -0.5223009984301585,
            0.06562214423086607,
            0.12361800357938525,
            0.31015181990414054,
            -0.012149367936001127,
            -0.1606009117587073,
            0.025096615149570983
        ],
        [
            0.5460221998502219,
            0.8683484575072554,
            0.0047727091489860925,
            0.17099380113242202,
            0.018054285195437027,
            0.6848602514927513,
            1.0000000000000002,
            0.0,
            0.0,
            0.0,
            0.555441649603547,
            0.8776558514308983,
            0.015119906277786877,
            -0.16644627396602546,
            0.020912388507236066,
            0.31015181990414054,
            0.6101182498805976,
            -0.013105498937022692,
            -0.17323988288327158,
            0.027071668657836886
        ],
        [
            -0.01438648384305402,
            -0.004772709148986084,
            0.43063952890307083,
            -0.020009447947559187,
            -0.0021126864100103823,
            0.0,
            0.0,
            1.0000000000000004,
            0.0,
            0.0,
            -0.04744559284439399,
            -0.015119906277786862,
            0.4537231358816298,
            0.06339354455890987,
            -0.007964794891937951,
            0.012149367936001125,
            0.01310549893702267,
            0.050913556121557374,
            -0.02276191095487506,
            0.0035569344722124973
        ],
        [
            -0.5154304359352343,
            -0.170993801132422,
            -0.020009447947559197,
            -0.2856886443877239,
            -0.07569207939797273,
            0.0,
            0.0,
            0.0,
            1.0000000000000004,
            0.0,
            0.5223009984301585,
            0.1664462739660254,
            0.06339354455890994,
            -0.23838096651407925,
            0.08767980490820562,
            0.16060091175870722,
            0.17323988288327152,
            -0.022761910954875068,
            -0.248251253394233,
            0.04701865334167541
        ],
        [
            -0.05442143532195394,
            -0.018054285195437027,
            -0.002112686410010383,
            -0.07569207939797273,
            0.4232061184239574,
            0.0,
            0.0,
            0.0,
            0.0,
            1.0000000000000004,
            -0.06562214423086607,
            -0.020912388507236073,
            -0.00796479489193796,
            0.08767980490820561,
            0.448465645453756,
            -0.025096615149570976,
            -0.027071668657836844,
            0.0035569344722124964,
            0.04701865334167538,
            0.04528802008470569
        ],
        [
            0.10574710070741067,
            0.2909110143790685,
            -0.004218714500151292,
            0.14005462787361678,
            -0.0010384817108063762,
            0.5434569046189899,
            0.555441649603547,
            -0.047445592844394,
            0.5223009984301585,
            -0.06562214423086607,
            0.9999999999999999,
            0.6848602514927513,
            0.0,
            0.0,
            0.0,
            0.5594968131989598,
            0.5614228178484589,
            -0.12875134892478377,
            -0.5093873044395275,
            0.0961961749573827
        ],
        [
            0.2909110143790685,
            0.5861892557265678,
            -0.005139486081750039,
            0.1706227834605354,
            -0.0012651394870759657,
            0.555441649603547,
            0.8776558514308983,
            -0.015119906277786877,
            0.16644627396602546,
            -0.020912388507236066,
            0.6848602514927513,
            1.0000000000000002,
            0.0,
            0.0,
            0.0,
            0.5614228178484589,
            0.8835346994080222,
            -0.040002849097223826,
            -0.15826586394399803,
            0.02988800585536685
        ],
        [
            0.004218714500151293,
            0.005139486081750039,
            0.04123068777191313,
            0.00794394262089559,
            -5.8903009837987516e-05,
            0.04744559284439399,
            0.015119906277786862,
            0.4537231358816298,
            0.06339354455890991,
            -0.007964794891937951,
            0.0,
            0.0,
            1.0000000000000004,
            0.0,
            0.0,
            0.12875134892478374,
            0.0400028490972238,
            0.43713276415510205,
            -0.1621983596605185,
            0.030630645184358023
        ],
        [
            -0.14005462787361678,
            -0.17062278346053536,
            0.007943942620895586,
            -0.2222563163427496,
            0.0019554864694445373,
            -0.5223009984301585,
            -0.1664462739660254,
            0.06339354455890991,
            -0.23838096651407925,
            0.08767980490820557,
            0.0,
            0.0,
            0.0,
            1.0000000000000004,
            0.0,
            0.5093873044395268,
            0.15826586394399803,
            -0.16219835966051854,
            -0.16358630010743527,
            0.12118600631375814
        ],
        [
            0.0010384817108063746,
            0.0012651394870759657,
            -5.890300983798757e-05,
            0.0019554864694445403,
            0.041455474981496127,
            0.06562214423086607,
            0.020912388507236063,
            -0.00796479489193796,
            0.08767980490820566,
            0.448465645453756,
            0.0,
            0.0,
            0.0,
            0.0,
            1.0000000000000004,
            -0.0961961749573827,
            -0.029888005855366863,
            0.030630645184358044,
            0.1211860063137582,
            0.45524398768487795
        ],
        [
            0.010490655719266615,
            0.10957430838757998,
            0.0007241798198853616,
            0.012289975605602148,
            -0.0007930358207403506,
            0.12361800357938525,
            0.31015181990414054,
            0.012149367936001128,
            0.16060091175870722,
            -0.025096615149570983,
            0.5594968131989598,
            0.5614228178484589,
            0.12875134892478377,
            0.5093873044395275,
            -0.09619617495738268,
            0.9999999999999999,
            0.6848602514927513,
            0.0,
            0.0,
            0.0
        ],
        [
            0.10957430838757998,
            0.31817318114119003,
            0.005152585987078798,
            0.08744396674432377,
            -0.005642500860967257,
            0.31015181990414054,
            0.6101182498805976,
            0.013105498937022685,
            0.17323988288327175,
            -0.027071668657836875,
            0.5614228178484589,
            0.8835346994080222,
            0.040002849097223826,
            0.15826586394399803,
            -0.029888005855366863,
            0.6848602514927513,
            1.0000000000000002,
            0.0,
            0.0,
            0.0
        ],
        [
            -0.0007241798198853621,
            -0.005152585987078795,
            0.0010362013206374253,
            -0.0008678134857552628,
            5.59974406793585e-05,
            -0.012149367936001127,
            -0.013105498937022677,
            0.050913556121557374,
            -0.02276191095487506,
            0.0035569344722124964,
            -0.12875134892478374,
            -0.040002849097223805,
            0.43713276415510205,
            -0.1621983596605185,
            0.030630645184358023,
            0.0,
            0.0,
            1.0000000000000004,
            0.0,
            0.0
        ],
        [
            -0.012289975605602153,
            -0.08744396674432367,
            -0.0008678134857552623,
            -0.01364022992203639,
            0.0009503263706442591,
            -0.16060091175870717,
            -0.17323988288327152,
            -0.022761910954875064,
            -0.24825125339423293,
            0.04701865334167539,
            -0.5093873044395268,
            -0.15826586394399803,
            -0.16219835966051854,
            -0.16358630010743527,
            0.12118600631375814,
            0.0,
            0.0,
            0.0,
            1.0000000000000004,
            0.0
        ],
        [
            0.0007930358207403512,
            0.0056425008609672506,
            5.59974406793585e-05,
            0.0009503263706442595,
            0.0010260149831275553,
            0.025096615149570976,
            0.02707166865783683,
            0.0035569344722124973,
            0.0470186533416754,
            0.04528802008470569,
            0.0961961749573827,
            0.02988800585536685,
            0.030630645184358044,
            0.1211860063137582,
            0.45524398768487795,
            0.0,
            0.0,
            0.0,
            0.0,
            1.0000000000000004
        ]
    ],
    "h": [
        [
            -0.24179949991648386,
            -0.45586034218669613,
            -0.00594013530010343,
            -0.26646156204046145,
            -0.027482340170473924,
            -0.5534028220303381,
            -0.44678355258347346,
            0.006424284791757454,
            0.03342414340856026,
            0.006093841151690649,
            -0.2269041616945303,
            -0.29773572432938145,
            -0.011595153975331273,
            0.29968181000851724,
            -0.022334224943781657,
            -0.006861129926083197,
            -0.12857295941462538,
            0.004273871322701376,
            0.060122259773218056,
            -0.006675035567823239
        ],
        [
            -0.45586034218669613,
            -0.3075839602177093,
            -0.004678605579970031,
            -0.23283479849404481,
            -0.023032452415325873,
            -0.5260158527804635,
            -0.3626784431340879,
            0.015321313244633069,
            0.10509178477074269,
            0.0327098930842666,
            -0.32209598270602474,
            -0.30271250364267444,
            -0.023198789818947116,
            0.18686316654868118,
            -0.016662072999151258,
            -0.13001339491656877,
            -0.18977506305487168,
            0.018958290605043757,
            0.11420239213768052,
            -0.01810674867601525
        ],
        [
            -0.00594013530010343,
            -0.004678605579970031,
            1.4916005974130178,
            -0.005834164500467344,
            -0.0007006150629732187,
            0.0008840246600913121,
            -0.00365040325850588,
            0.3433490312633447,
            -0.02736312932720506,
            -0.003076873451920421,
            0.0005880404239418328,
            -0.003167983908592945,
            -0.04438466994027268,
            0.0016180591755136104,
            -0.00019634568292876484,
            -0.0010547757253148633,
            -0.00186279855156706,
            -0.003533043262697913,
            0.0029068570005067553,
            -0.00023257413913599294
        ],
        [
            -0.26646156204046145,
            -0.23283479849404481,
            -0.005834164500467344,
            1.233650329710341,
            -0.025553636500167093,
            -0.07912037862366217,
            -0.22075898358352797,
            -0.02124188838639525,
            -0.6617542265513296,
            -0.09467302978199973,
            -0.2313129295216519,
            -0.17832048995922367,
            -0.017286265940344464,
            0.20539617378075137,
            -0.01944442597802386,
            -0.05890480780974253,
            -0.1116203791029199,
            0.007878431212211172,
            0.07953979196213906,
            -0.008828241009485874
        ],
        [
            -0.027482340170473924,
            -0.023032452415325873,
            -0.0007006150629732187,
            -0.025553636500167093,
            1.4890865920760226,
            -0.004186578353504916,
            -0.019986508967859102,
            -0.002638874566545854,
            -0.10291948058940137,
            0.33338249723446145,
            -0.009826497211016326,
            -0.01576851557774859,
            -0.0009409405650205484,
            0.017527122419229144,
            -0.045853228206301874,
            0.00171908753700352,
            -0.005436807440555981,
            -0.0001357770250863136,
            -0.001642333593325504,
            -0.003637021099860599
        ],
        [
            -0.5534028220303381,
            -0.5260158527804635,
            0.0008840246600913121,
            -0.07912037862366217,
            -0.004186578353504916,
            -0.42726427750371254,
            -0.5940771875660246,
            0.027368740128747196,
            0.022292568188442483,
            0.054504015573787146,
            -0.5246431862288085,
            -0.5088389003161176,
            -0.015606242008452828,
            0.04542131037579056,
            0.0037759304077115696,
            -0.2554546153357125,
            -0.33670323207268327,
            0.037925625958668066,
            0.24419096399020881,
            -0.04138200472682217
        ],
        [
            -0.44678355258347346,
            -0.3626784431340879,
            -0.00365040325850588,
            -0.22075898358352797,
            -0.019986508967859102,
            -0.5940771875660246,
            -0.4349954716683697,
            0.02162668465320665,
            -0.00679893844459864,
            0.04765774163239096,
            -0.5155745029072389,
            -0.41020114970512633,
            -0.04664789649659513,
            0.12236525593097541,
            -0.00398587258913332,
            -0.3188208604662157,
            -0.3121380388610978,
            0.04144561185229448,
            0.18842116200800335,
            -0.03462232277243596
        ],
        [
            0.006424284791757454,
            0.015321313244633069,
            0.3433490312633447,
            -0.02124188838639525,
            -0.002638874566545854,
            0.027368740128747196,
            0.02162668465320665,
            1.407415894894328,
            0.01244882393431098,
            -0.0032653508528828726,
            -0.0011966752645211493,
            0.017063179001921683,
            0.3650222411369234,
            0.08365025471661627,
            -0.010663437327820519,
            0.002135894890580626,
            0.012987197757617046,
            -0.048317364292274886,
            -0.010704974976007683,
            0.0018333026805393057
        ],
        [
            0.03342414340856026,
            0.10509178477074269,
            -0.02736312932720506,
            -0.6617542265513296,
            -0.10291948058940137,
            0.022292568188442483,
            -0.00679893844459864,
            0.01244882393431098,
            0.8596017332917165,
            0.01091563518205902,
            -0.06405246723474933,
            -0.13286187650012954,
            0.06683343865178282,
            -0.7495449789184019,
            0.14141275386164778,
            -0.31884563331574073,
            -0.19261581237300018,
            0.048539270491456246,
            0.17517782831990658,
            -0.041201107154441904
        ],
        [
            0.006093841151690649,
            0.0327098930842666,
            -0.003076873451920421,
            -0.09467302978199973,
            0.33338249723446145,
            0.054504015573787146,
            0.04765774163239096,
            -0.0032653508528828726,
            0.01091563518205902,
            1.4026031584450516,
            0.018585779522242912,
            0.042164287718214205,
            -0.00788338736003362,
            0.12235697619187949,
            0.35669419581416373,
            0.03963161955776797,
            0.0318818676554183,
            -0.006346203245013275,
            -0.030351757488949693,
            -0.041042057756353306
        ],
        [
            -0.2269041616945303,
            -0.32209598270602474,
            0.0005880404239418328,
            -0.2313129295216519,
            -0.009826497211016326,
            -0.5246431862288085,
            -0.5155745029072389,
            -0.0011966752645211493,
            -0.06405246723474933,
            0.018585779522242912,
            -0.4601766865572978,
            -0.6058730554598412,
            -0.08736966637430878,
            -0.04277052215015796,
            0.02149525275352067,
            -0.5895722422779028,
            -0.546127335307232,
            0.011393053076132642,
            0.07861753688242756,
            -0.014100573755349566
        ],
        [
            -0.29773572432938145,
            -0.30271250364267444,
            -0.003167983908592945,
            -0.17832048995922367,
            -0.01576851557774859,
            -0.5088389003161176,
            -0.41020114970512633,
            0.017063179001921683,
            -0.13286187650012954,
            0.042164287718214205,
            -0.6058730554598412,
            -0.43431669153010377,
            -0.0694871861242406,
            -0.001280517346381016,
            0.014432791207227527,
            -0.4670215683698573,
            -0.36805646490109356,
            0.051906837751005165,
            0.23248447924722748,
            -0.043296835450844964
        ],
        [
            -0.011595153975331273,
            -0.023198789818947116,
            -0.04438466994027268,
            -0.017286265940344464,
            -0.0009409405650205484,
            -0.015606242008452828,
            -0.04664789649659513,
            0.3650222411369234,
            0.06683343865178282,
            -0.00788338736003362,
            -0.08736966637430878,
            -0.0694871861242406,
            1.3817082401717837,
            -0.041843774030493094,
            0.009081188485081281,
            -0.012943394613915915,
            -0.06104582196250021,
            0.3531481195255348,
            -0.2172129300049755,
            0.04117130677554623
        ],
        [
            0.29968181000851724,
            0.18686316654868118,
            0.0016180591755136104,
            0.20539617378075137,
            0.017527122419229144,
            0.04542131037579056,
            0.12236525593097541,
            0.08365025471661627,
            -0.7495449789184019,
            0.12235697619187949,
            -0.04277052215015796,
            -0.001280517346381016,
            -0.041843774030493094,
            0.8543558243463971,
            0.08067989379467193,
            -0.014668678599935814,
            -0.10159934451768698,
            -0.2323112892660626,
            -0.5325295832350159,
            0.17606744284093218
        ],
        [
            -0.022334224943781657,
            -0.016662072999151258,
            -0.00019634568292876484,
            -0.01944442597802386,
            -0.045853228206301874,
            0.0037759304077115696,
            -0.00398587258913332,
            -0.010663437327820519,
            0.14141275386164778,
            0.35669419581416373,
            0.02149525275352067,
            0.014432791207227527,
            0.009081188485081281,
            0.08067989379467193,
            1.3867844139991976,
            0.0014772443919030542,
            0.02464073857012182,
            0.0437104952131808,
            0.1747346057976002,
            0.376776504862252
        ],
        [
            -0.006861129926083197,
            -0.13001339491656877,
            -0.0010547757253148633,
            -0.05890480780974253,
            0.00171908753700352,
            -0.2554546153357125,
            -0.3188208604662157,
            0.002135894890580626,
            -0.31884563331574073,
            0.03963161955776797,
            -0.5895722422779028,
            -0.4670215683698573,
            -0.012943394613915915,
            -0.014668678599935814,
            0.0014772443919030542,
            -0.2782190557445354,
            -0.47195485479778476,
            0.0695389282095088,
            0.28389898763933796,
            -0.05420797571698522
        ],
        [
            -0.12857295941462538,
            -0.18977506305487168,
            -0.00186279855156706,
            -0.1116203791029199,
            -0.005436807440555981,
            -0.33670323207268327,
            -0.3121380388610978,
            0.012987197757617046,
            -0.19261581237300018,
            0.0318818676554183,
            -0.546127335307232,
            -0.36805646490109356,
            -0.06104582196250021,
            -0.10159934451768698,
            0.02464073857012182,
            -0.47195485479778476,
            -0.3143183494702009,
            0.05677465714829465,
            0.23997489208641337,
            -0.0454441834975656
        ],
        [
            0.004273871322701376,
            0.018958290605043757,
            -0.003533043262697913,
            0.007878431212211172,
            -0.0001357770250863136,
            0.037925625958668066,
            0.04144561185229448,
            -0.048317364292274886,
            0.048539270491456246,
            -0.006346203245013275,
            0.011393053076132642,
            0.051906837751005165,
            0.3531481195255348,
            -0.2323112892660626,
            0.0437104952131808,
            0.0695389282095088,
            0.05677465714829465,
            1.460150633535153,
            -0.06376929487970219,
            0.01206278291150008
        ],
        [
            0.060122259773218056,
            0.11420239213768052,
            0.0029068570005067553,
            0.07953979196213906,
            -0.001642333593325504,
            0.24419096399020881,
            0.18842116200800335,
            -0.010704974976007683,
            0.17517782831990658,
            -0.030351757488949693,
            0.07861753688242756,
            0.23248447924722748,
            -0.2172129300049755,
            -0.5325295832350159,
            0.1747346057976002,
            0.28389898763933796,
            0.23997489208641337,
            -0.06376929487970219,
            1.2085333683604218,
            0.05020249764294975
        ],
        [
            -0.006675035567823239,
            -0.01810674867601525,
            -0.00023257413913599294,
            -0.008828241009485874,
            -0.003637021099860599,
            -0.04138200472682217,
            -0.03462232277243596,
            0.0018333026805393057,
            -0.041201107154441904,
            -0.041042057756353306,
            -0.014100573755349566,
            -0.043296835450844964,
            0.04117130677554623,
            0.17606744284093218,
            0.376776504862252,
            -0.05420797571698522,
            -0.0454441834975656,
            0.01206278291150008,
            0.05020249764294975,
            1.4665778067518394
        ]
    ]
}