{
    "HF": -2.1292908363518332,
    "coordinates": [
        [
            0.654911,
            -0.03282,
            -0.007618
        ],
        [
            1.446276,
            0.197492,
            0.056897
        ],
        [
            2.15028,
            0.00896,
            -0.030707
        ],
        [
            2.822075,
            0.044303,
            0.02878
        ]
    ],
    "elements": [
        "H",
        "H",
        "H",
        "H"
    ],
    "Enn": 3.124427005204124,
    "S": [
        [
            0.9999999999999999,
            0.6848602514927513,
            0.0,
            0.0,
            0.0,
            0.5019585599786179,
            0.5393015916929008,
            -0.039840618930705264,
            -0.4886998589490438,
            -0.14222696469299528,
            0.12680436593951736,
            0.31339568655798666,
            0.002577727409100502,
            -0.166947622591676,
            -0.004664448488553812,
            0.016420531361368965,
            0.132807500118537,
            -0.00033863906621342765,
            -0.020162821948770723,
            -0.0007175355982080934
        ],
        [
            0.6848602514927513,
            1.0000000000000002,
            0.0,
            0.0,
            0.0,
            0.5393015916929008,
            0.8616704164467084,
            -0.013604361412427128,
            -0.16687616010455542,
            -0.04856618903540133,
            0.31339568655798666,
            0.6140964293561703,
            0.002725779849168697,
            -0.17653630245015145,
            -0.0049323522932248325,
            0.132807500118537,
            0.35891565311142193,
            -0.001712807234785518,
            -0.10198181708244196,
            -0.0036292332646948623
        ],
        [
            0.0,
            0.0,
            1.0000000000000004,
            0.0,
            0.0,
            0.03984061893070526,
            0.013604361412427119,
            0.40736024731650267,
            -0.05458417273787805,
            -0.01588570380495242,
            -0.002577727409100502,
            -0.0027257798491686965,
            0.05463824907335071,
            0.004904377643457191,
            0.00013702631119385345,
            0.0003386390662134276,
            0.0017128072347855172,
            0.002221754710340529,
            -0.00045655579074201026,
            -1.6247479309086008e-05
        ],
        [
            0.0,
            0.0,
            0.0,
            1.0000000000000004,
            0.0,
            0.4886998589490438,
            0.1668761601045552,
            -0.05458417273787805,
            -0.25773962608819334,
            -0.1948599549191067,
            0.16694762259167603,
            0.17653630245015142,
            0.004904377643457191,
            -0.2629201498295066,
            -0.008874567887030248,
            0.02016282194877072,
            0.10198181708244188,
            -0.00045655579074201026,
            -0.024954248790784627,
            -0.0009673870061375917
        ],
        [
            0.0,
            0.0,
            0.0,
            0.0,
            1.0000000000000004,
            0.14222696469299526,
            0.048566189035401296,
            -0.015885703804952425,
            -0.19485995491910676,
            0.3550998010835442,
            0.004664448488553812,
            0.004932352293224834,
            0.00013702631119385345,
            -0.008874567887030248,
            0.05446602250525257,
            0.0007175355982080932,
            0.003629233264694858,
            -1.6247479309086e-05,
            -0.0009673870061375914,
            0.0021949962045685056
        ],
        [
            0.5019585599786179,
            0.5393015916929008,
            0.039840618930705264,
            0.4886998589490438,
            0.14222696469299528,
            0.9999999999999999,
            0.6848602514927513,
            0.0,
            0.0,
            0.0,
            0.5755104049922105,
            0.5672596539118083,
            0.0643178131840361,
            -0.5168713500846328,
            0.13841794844085537,
            0.16706526574836233,
            0.35056603500619976,
            0.0043981744933224405,
            -0.2152080260959036,
            0.023962440959475466
        ],
        [
            0.5393015916929008,
            0.8616704164467084,
            0.013604361412427128,
            0.16687616010455542,
            0.04856618903540131,
            0.6848602514927513,
            1.0000000000000002,
            0.0,
            0.0,
            0.0,
            0.5672596539118083,
            0.8892487483738652,
            0.019497250329888787,
            -0.15668396672803794,
            0.041959905931174324,
            0.35056603500619976,
            0.6586209465555991,
            0.0037421052389787404,
            -0.18310575970699994,
            0.020387998700213895
        ],
        [
            -0.03984061893070526,
            -0.013604361412427114,
            0.40736024731650267,
            -0.05458417273787805,
            -0.01588570380495242,
            0.0,
            0.0,
            1.0000000000000004,
            0.0,
            0.0,
            -0.0643178131840361,
            -0.01949725032988879,
            0.48695459645988776,
            0.07955362873284372,
            -0.021304431128602225,
            -0.004398174493322443,
            -0.0037421052389787364,
            0.08286171612622004,
            0.008338776186074608,
            -0.0009284850368175755
        ],
        [
            -0.4886998589490438,
            -0.1668761601045554,
            -0.05458417273787805,
            -0.25773962608819334,
            -0.1948599549191067,
            0.0,
            0.0,
            0.0,
            1.0000000000000004,
            0.0,
            0.5168713500846325,
            0.15668396672803786,
            0.07955362873284362,
            -0.14245554397291124,
            0.17120684822908172,
            0.2152080260959036,
            0.18310575970699972,
            0.008338776186074608,
            -0.32499432419811036,
            0.04543190188030669
        ],
        [
            -0.14222696469299526,
            -0.048566189035401316,
            -0.015885703804952425,
            -0.19485995491910676,
            0.3550998010835442,
            0.0,
            0.0,
            0.0,
            0.0,
            1.0000000000000004,
            -0.13841794844085537,
            -0.04195990593117428,
            -0.02130443112860222,
            0.1712068482290819,
            0.4510048668861733,
            -0.02396244095947546,
            -0.02038799870021389,
            -0.0009284850368175751,
            0.04543190188030668,
            0.0779734975367906
        ],
        [
            0.12680436593951736,
            0.31339568655798666,
            -0.0025777274091005023,
            0.166947622591676,
            0.004664448488553812,
            0.5755104049922105,
            0.5672596539118083,
            -0.0643178131840361,
            0.5168713500846325,
            -0.13841794844085537,
            0.9999999999999999,
            0.6848602514927513,
            0.0,
            0.0,
            0.0,
            0.6232339585951999,
            0.5839050568215868,
            -0.04829199512227329,
            -0.5453682462246808,
            -0.02869171388045295
        ],
        [
            0.31339568655798666,
            0.6140964293561703,
            -0.002725779849168697,
            0.17653630245015145,
            0.0049323522932248325,
            0.5672596539118083,
            0.8892487483738652,
            -0.019497250329888787,
            0.15668396672803794,
            -0.041959905931174345,
            0.6848602514927513,
            1.0000000000000002,
            0.0,
            0.0,
            0.0,
            0.5839050568215868,
            0.9054223779318902,
            -0.013654559352364794,
            -0.1542028460020154,
            -0.008112580751939573
        ],
        [
            0.002577727409100502,
            0.0027257798491686965,
            0.05463824907335071,
            0.004904377643457191,
            0.00013702631119385345,
            0.0643178131840361,
            0.01949725032988879,
            0.48695459645988776,
            0.07955362873284366,
            -0.021304431128602225,
            0.0,
            0.0,
            1.0000000000000004,
            0.0,
            0.0,
            0.04829199512227328,
            0.013654559352364792,
            0.5481096007588846,
            -0.05739402948690023,
            -0.003019488362008525
        ],
        [
            -0.16694762259167603,
            -0.17653630245015142,
            0.004904377643457191,
            -0.2629201498295066,
            -0.008874567887030248,
            -0.5168713500846325,
            -0.15668396672803786,
            0.07955362873284368,
            -0.1424555439729111,
            0.1712068482290818,
            0.0,
            0.0,
            0.0,
            1.0000000000000004,
            0.0,
            0.5453682462246802,
            0.15420284600201536,
            -0.05739402948690031,
            -0.0949669877948526,
            -0.0340995038269793
        ],
        [
            -0.004664448488553812,
            -0.004932352293224833,
            0.00013702631119385345,
            -0.008874567887030248,
            0.05446602250525257,
            0.13841794844085537,
            0.04195990593117431,
            -0.02130443112860222,
            0.17120684822908175,
            0.4510048668861733,
            0.0,
            0.0,
            0.0,
            0.0,
            1.0000000000000004,
            0.028691713880452944,
            0.00811258075193956,
            -0.0030194883620085237,
            -0.03409950382697924,
            0.5513978358132247
        ],
        [
            0.016420531361368965,
            0.132807500118537,
            0.00033863906621342765,
            0.020162821948770723,
            0.0007175355982080934,
            0.16706526574836233,
            0.35056603500619976,
            -0.004398174493322443,
            0.21520802609590367,
            -0.023962440959475473,
            0.6232339585951999,
            0.5839050568215868,
            0.04829199512227329,
            0.5453682462246802,
            0.028691713880452954,
            0.9999999999999999,
            0.6848602514927513,
            0.0,
            0.0,
            0.0
        ],
        [
            0.132807500118537,
            0.35891565311142193,
            0.001712807234785518,
            0.10198181708244196,
            0.003629233264694861,
            0.35056603500619976,
            0.6586209465555991,
            -0.0037421052389787434,
            0.18310575970699974,
            -0.020387998700213895,
            0.5839050568215868,
            0.9054223779318902,
            0.013654559352364794,
            0.1542028460020154,
            0.008112580751939573,
            0.6848602514927513,
            1.0000000000000002,
            0.0,
            0.0,
            0.0
        ],
        [
            -0.0003386390662134276,
            -0.0017128072347855166,
            0.002221754710340529,
            -0.00045655579074201026,
            -1.6247479309086008e-05,
            0.0043981744933224405,
            0.0037421052389787364,
            0.08286171612622004,
            0.008338776186074608,
            -0.0009284850368175751,
            -0.04829199512227328,
            -0.013654559352364792,
            0.5481096007588846,
            -0.05739402948690031,
            -0.003019488362008525,
            0.0,
            0.0,
            1.0000000000000004,
            0.0,
            0.0
        ],
        [
            -0.02016282194877072,
            -0.10198181708244194,
            -0.00045655579074201026,
            -0.024954248790784627,
            -0.0009673870061375917,
            -0.2152080260959036,
            -0.1831057597069995,
            0.008338776186074608,
            -0.32499432419811025,
            0.04543190188030668,
            -0.5453682462246802,
            -0.15420284600201536,
            -0.05739402948690023,
            -0.0949669877948526,
            -0.03409950382697926,
            0.0,
            0.0,
            0.0,
            1.0000000000000004,
            0.0
        ],
        [
            -0.0007175355982080932,
            -0.003629233264694857,
            -1.6247479309086e-05,
            -0.0009673870061375914,
            0.0021949962045685056,
            0.02396244095947546,
            0.02038799870021389,
            -0.0009284850368175755,
            0.04543190188030669,
            0.0779734975367906,
            -0.028691713880452944,
            -0.00811258075193956,
            -0.0030194883620085237,
            -0.034099503826979294,
            0.5513978358132247,
            0.0,
            0.0,
            0.0,
            0.0,
            1.0000000000000004
        ]
    ],
    "h": [
        [
            -0.23163952541196609,
            -0.4527262680939812,
            -0.018600158187993997,
            -0.25019015065833955,
            -0.0689017641431372,
            -0.5441764955094319,
            -0.4410431037597715,
            0.009019624000163581,
            0.03976221218568987,
            0.023820706708260364,
            -0.24856807703191425,
            -0.30777269089814346,
            -0.01772965557422866,
            0.312109345531717,
            -0.032231099912948376,
            -0.023395801659923672,
            -0.15098891645933343,
            0.0004204110173278478,
            0.08728999573448859,
            -0.0023409136618274
        ],
        [
            -0.4527262680939812,
            -0.31010420876255274,
            -0.015680982201326906,
            -0.22373403081143028,
            -0.05899896360422538,
            -0.5272460281184002,
            -0.3665176371279222,
            0.02845987496843614,
            0.08633757431625072,
            0.08263613213568091,
            -0.348876410994565,
            -0.313713615508885,
            -0.025115567966623033,
            0.1894435741578649,
            -0.046253572079804545,
            -0.15864174628285663,
            -0.21110015152738498,
            0.00587459553526981,
            0.1432880426906015,
            -0.0008549402444254792
        ],
        [
            -0.018600158187993997,
            -0.015680982201326906,
            1.4976425751875997,
            -0.016828453580102994,
            -0.005060670064670029,
            -0.002311064951158792,
            -0.013337939516942891,
            0.30975815036634086,
            -0.07338293202493072,
            -0.021157017281468057,
            -0.007145355896033598,
            -0.011473731524752978,
            -0.04626588916761683,
            0.013438753534463508,
            -0.0018640282078780774,
            -0.0010496585594358,
            -0.005550177368595709,
            -0.006950414440277891,
            0.002897252069317352,
            -0.00010453809024348824
        ],
        [
            -0.25019015065833955,
            -0.22373403081143028,
            -0.016828453580102994,
            1.2643687617825097,
            -0.06242489144660095,
            -0.09052532673126168,
            -0.21321012613053247,
            -0.06353861791793226,
            -0.6151258614738224,
            -0.23781797979278368,
            -0.24152060841498435,
            -0.17717398118303151,
            -0.02017472475803744,
            0.15248926961630177,
            -0.039842128638997505,
            -0.08262958507217122,
            -0.12255026546792797,
            0.0024385533710373037,
            0.1155266915057114,
            0.0007036581649879862
        ],
        [
            -0.0689017641431372,
            -0.05899896360422538,
            -0.005060670064670029,
            -0.06242489144660095,
            1.4809243571546684,
            -0.013288467401309123,
            -0.05167878573663595,
            -0.02034948094338408,
            -0.26321912301352535,
            0.241710154179677,
            -0.035783595117580044,
            -0.04364925641402267,
            -0.004075247609334055,
            0.05105448275459201,
            -0.053144246540493795,
            -0.00523106032409894,
            -0.022395952091282152,
            4.858860818113899e-05,
            0.010384430302274155,
            -0.007307071287557818
        ],
        [
            -0.5441764955094319,
            -0.5272460281184002,
            -0.002311064951158792,
            -0.09052532673126168,
            -0.013288467401309123,
            -0.4378977546887639,
            -0.6005469569225057,
            0.048118439261453844,
            -0.022185466241669352,
            0.1302378816598519,
            -0.5699625911887789,
            -0.5320243073424757,
            -0.009848144845599163,
            0.03137270038140483,
            -0.008784337132815456,
            -0.3183650824587636,
            -0.377820386327315,
            0.009724123472963402,
            0.2911848560454995,
            -0.00824171092092621
        ],
        [
            -0.4410431037597715,
            -0.3665176371279222,
            -0.013337939516942891,
            -0.21321012613053247,
            -0.05167878573663595,
            -0.6005469569225057,
            -0.43885957541021603,
            0.039692202593788084,
            -0.03569396954338014,
            0.10868640438332267,
            -0.5505647659490351,
            -0.4215697747444558,
            -0.0371822870575534,
            0.11448975785459692,
            -0.059327114721512045,
            -0.35839915227346947,
            -0.33145626254385063,
            0.014514933252638734,
            0.22741061267644047,
            0.0034220720696522405
        ],
        [
            0.009019624000163581,
            0.02845987496843614,
            0.30975815036634086,
            -0.06353861791793226,
            -0.02034948094338408,
            0.048118439261453844,
            0.039692202593788084,
            1.397663832732812,
            0.014152567776377791,
            -0.013378434045527764,
            0.008651509675414115,
            0.03382253615373096,
            0.40963278810276416,
            0.10969723661488859,
            -0.029232625309108494,
            0.023489721792070255,
            0.026315441173528655,
            -0.0466551278585679,
            -0.02538995840200501,
            -0.00019726618260954378
        ],
        [
            0.03976221218568987,
            0.08633757431625072,
            -0.07338293202493072,
            -0.6151258614738224,
            -0.26321912301352535,
            -0.022185466241669352,
            -0.03569396954338014,
            0.014152567776377791,
            0.8517013587695068,
            0.007738652557548233,
            -0.08744229152100647,
            -0.15274805449797285,
            0.10362913637388793,
            -0.6739073942110785,
            0.23685547509658772,
            -0.3613578063766583,
            -0.20899272878066566,
            0.021043226145027977,
            0.10807545304244393,
            0.01819091416650359
        ],
        [
            0.023820706708260364,
            0.08263613213568091,
            -0.021157017281468057,
            -0.23781797979278368,
            0.241710154179677,
            0.1302378816598519,
            0.10868640438332267,
            -0.013378434045527764,
            0.007738652557548233,
            1.3667390703694404,
            0.029532972825382364,
            0.08870183780948465,
            -0.027425045893358237,
            0.22955744727534877,
            0.3610195474872021,
            0.05907251037256124,
            0.06429096911227952,
            -0.0037648356580415043,
            -0.05199936764721666,
            -0.046667472498095636
        ],
        [
            -0.24856807703191425,
            -0.348876410994565,
            -0.007145355896033598,
            -0.24152060841498435,
            -0.035783595117580044,
            -0.5699625911887789,
            -0.5505647659490351,
            0.008651509675414115,
            -0.08744229152100647,
            0.029532972825382364,
            -0.5376857912065351,
            -0.6373114464262039,
            -0.05804376335555639,
            -0.07657691985546389,
            -0.08156087324567182,
            -0.6473050618519545,
            -0.5822122304772415,
            -0.00027588983750964635,
            0.09100339033394866,
            -0.008776076482660752
        ],
        [
            -0.30777269089814346,
            -0.313713615508885,
            -0.011473731524752978,
            -0.17717398118303151,
            -0.04364925641402267,
            -0.5320243073424757,
            -0.4215697747444558,
            0.03382253615373096,
            -0.15274805449797285,
            0.08870183780948465,
            -0.6373114464262039,
            -0.4410883695005683,
            -0.0449405702350355,
            -0.012959111768353834,
            -0.06442322553194053,
            -0.49608676948080843,
            -0.3765778134398343,
            0.017640969353010738,
            0.2735196367659914,
            0.0037553543846542935
        ],
        [
            -0.01772965557422866,
            -0.025115567966623033,
            -0.04626588916761683,
            -0.02017472475803744,
            -0.004075247609334055,
            -0.009848144845599163,
            -0.0371822870575534,
            0.40963278810276416,
            0.10362913637388793,
            -0.027425045893358237,
            -0.05804376335555639,
            -0.0449405702350355,
            1.3692159282918588,
            0.00411547756025644,
            -0.009687089163048591,
            -0.009922554008549661,
            -0.03546398560490607,
            0.5125856006843993,
            -0.07110354386532156,
            -0.005505331780329187
        ],
        [
            0.312109345531717,
            0.1894435741578649,
            0.013438753534463508,
            0.15248926961630177,
            0.05105448275459201,
            0.03137270038140483,
            0.11448975785459692,
            0.10969723661488859,
            -0.6739073942110785,
            0.22955744727534877,
            -0.07657691985546389,
            -0.012959111768353834,
            0.00411547756025644,
            0.7548500251059944,
            0.050008211009206265,
            0.008155359467199919,
            -0.10925015555527601,
            -0.08503385934568088,
            -0.493893629544134,
            -0.04739998734293861
        ],
        [
            -0.032231099912948376,
            -0.046253572079804545,
            -0.0018640282078780774,
            -0.039842128638997505,
            -0.053144246540493795,
            -0.008784337132815456,
            -0.059327114721512045,
            -0.029232625309108494,
            0.23685547509658772,
            0.3610195474872021,
            -0.08156087324567182,
            -0.06442322553194053,
            -0.009687089163048591,
            0.050008211009206265,
            1.3569845080851701,
            -0.01915609866118402,
            -0.04536973150160988,
            -0.004210982763145183,
            -0.024715055498694877,
            0.5156592154181501
        ],
        [
            -0.023395801659923672,
            -0.15864174628285663,
            -0.0010496585594358,
            -0.08262958507217122,
            -0.00523106032409894,
            -0.3183650824587636,
            -0.35839915227346947,
            0.023489721792070255,
            -0.3613578063766583,
            0.05907251037256124,
            -0.6473050618519545,
            -0.49608676948080843,
            -0.009922554008549661,
            0.008155359467199919,
            -0.01915609866118402,
            -0.34072614992936257,
            -0.498310171274455,
            0.027426401338101848,
            0.3446187241973595,
            0.01208262674269764
        ],
        [
            -0.15098891645933343,
            -0.21110015152738498,
            -0.005550177368595709,
            -0.12255026546792797,
            -0.022395952091282152,
            -0.377820386327315,
            -0.33145626254385063,
            0.026315441173528655,
            -0.20899272878066566,
            0.06429096911227952,
            -0.5822122304772415,
            -0.3765778134398343,
            -0.03546398560490607,
            -0.10925015555527601,
            -0.04536973150160988,
            -0.498310171274455,
            -0.324340564301024,
            0.020092271745884755,
            0.2762449752718822,
            0.006910073381396696
        ],
        [
            0.0004204110173278478,
            0.00587459553526981,
            -0.006950414440277891,
            0.0024385533710373037,
            4.858860818113899e-05,
            0.009724123472963402,
            0.014514933252638734,
            -0.0466551278585679,
            0.021043226145027977,
            -0.0037648356580415043,
            -0.00027588983750964635,
            0.017640969353010738,
            0.5125856006843993,
            -0.08503385934568088,
            -0.004210982763145183,
            0.027426401338101848,
            0.020092271745884755,
            1.4550229694613093,
            -0.02568260608919976,
            -0.0014715669321139413
        ],
        [
            0.08728999573448859,
            0.1432880426906015,
            0.002897252069317352,
            0.1155266915057114,
            0.010384430302274155,
            0.2911848560454995,
            0.22741061267644047,
            -0.02538995840200501,
            0.10807545304244393,
            -0.05199936764721666,
            0.09100339033394866,
            0.2735196367659914,
            -0.07110354386532156,
            -0.493893629544134,
            -0.024715055498694877,
            0.3446187241973595,
            0.2762449752718822,
            -0.02568260608919976,
            1.1191543634450716,
            -0.010897757325551673
        ],
        [
            -0.0023409136618274,
            -0.0008549402444254792,
            -0.00010453809024348824,
            0.0007036581649879862,
            -0.007307071287557818,
            -0.00824171092092621,
            0.0034220720696522405,
            -0.00019726618260954378,
            0.01819091416650359,
            -0.046667472498095636,
            -0.008776076482660752,
            0.0037553543846542935,
            -0.005505331780329187,
            -0.04739998734293861,
            0.5156592154181501,
            0.01208262674269764,
            0.006910073381396696,
            -0.0014715669321139413,
            -0.010897757325551673,
            1.4560308868203113
        ]
    ]
}