{
    "HF": -2.150162749948993,
    "coordinates": [
        [
            0.818231,
            0.175059,
            0.025277
        ],
        [
            1.613706,
            -0.192804,
            0.109164
        ],
        [
            2.377692,
            -0.140858,
            0.055228
        ],
        [
            3.189387,
            -0.122647,
            0.077158
        ]
    ],
    "elements": [
        "H",
        "H",
        "H",
        "H"
    ],
    "Enn": 2.8312789181294282,
    "S": [
        [
            0.9999999999999999,
            0.6848602514927513,
            0.0,
            0.0,
            0.0,
            0.460899968910496,
            0.5222997259223761,
            -0.04649845437831162,
            -0.4409307520424791,
            0.2039059797461925,
            0.09876195317881394,
            0.28283985232971803,
            -0.002466411925610622,
            -0.12841885773178416,
            0.026015206714404555,
            0.007258537996078553,
            0.09349565017171621,
            -0.0001777600960776158,
            -0.008124302121682607,
            0.0010200313633677589
        ],
        [
            0.6848602514927513,
            1.0000000000000002,
            0.0,
            0.0,
            0.0,
            0.5222997259223761,
            0.8446332773774001,
            -0.01709459142800362,
            -0.16210283019050864,
            0.07496355438243944,
            0.28283985232971803,
            0.5759738647146714,
            -0.003168317803844324,
            -0.16496504459620298,
            0.033418765838772915,
            0.09349565017171617,
            0.2880434745360193,
            -0.0016750465160522965,
            -0.07655589901537174,
            0.00961183088429029
        ],
        [
            0.0,
            0.0,
            1.0000000000000004,
            0.0,
            0.0,
            0.04649845437831163,
            0.017094591428003625,
            0.3589276459071476,
            -0.0633385145364831,
            0.029290544609113157,
            0.0024664119256106207,
            0.0031683178038443226,
            0.03725834891730252,
            -0.00452849833998245,
            0.0009173872319168194,
            0.00017776009607761579,
            0.0016750465160522954,
            0.0005968375380422802,
            -0.00019195623168457334,
            2.4100701054628032e-05
        ],
        [
            0.0,
            0.0,
            0.0,
            1.0000000000000004,
            0.0,
            0.44093075204247906,
            0.16210283019050847,
            -0.06333851453648315,
            -0.23501291573560626,
            0.27775335836225284,
            0.1284188577317841,
            0.16496504459620284,
            -0.00452849833998245,
            -0.19844034501710014,
            0.04776567093159612,
            0.008124302121682605,
            0.07655589901537163,
            -0.0001919562316845732,
            -0.008172081135964753,
            0.0011014922979489129
        ],
        [
            0.0,
            0.0,
            0.0,
            0.0,
            1.0000000000000004,
            -0.20390597974619246,
            -0.07496355438243944,
            0.029290544609113147,
            0.2777533583622525,
            0.23716152415814062,
            -0.026015206714404552,
            -0.03341876583877289,
            0.0009173872319168196,
            0.04776567093159613,
            0.027668911021826947,
            -0.0010200313633677589,
            -0.009611830884290289,
            2.4100701054628022e-05,
            0.0011014922979489133,
            0.0004627417700720785
        ],
        [
            0.460899968910496,
            0.5222997259223761,
            0.04649845437831163,
            0.4409307520424791,
            -0.2039059797461925,
            0.9999999999999999,
            0.6848602514927513,
            0.0,
            0.0,
            0.0,
            0.5485265839172464,
            0.5573469935603457,
            0.037266350392485964,
            -0.527865803377221,
            -0.03589138678226187,
            0.10250044855342573,
            0.2872021471819903,
            0.0027574607027808164,
            -0.1357519976760102,
            -0.006044340765012616
        ],
        [
            0.5222997259223761,
            0.8446332773774001,
            0.017094591428003614,
            0.16210283019050847,
            -0.07496355438243944,
            0.6848602514927513,
            1.0000000000000002,
            0.0,
            0.0,
            0.0,
            0.5573469935603457,
            0.8795312036497556,
            0.011780279809531495,
            -0.1668638543934428,
            -0.011345639554025599,
            0.2872021471819903,
            0.5815085785470241,
            0.0034416115375305316,
            -0.1694332909163173,
            -0.007543996145676753
        ],
        [
            -0.04649845437831161,
            -0.01709459142800362,
            0.3589276459071476,
            -0.06333851453648315,
            0.029290544609113157,
            0.0,
            0.0,
            1.0000000000000004,
            0.0,
            0.0,
            -0.037266350392485964,
            -0.011780279809531492,
            0.4618488282143689,
            0.049783861047733476,
            0.0033849736068272992,
            -0.0027574607027808164,
            -0.0034416115375305303,
            0.03943025296736309,
            0.005176282122857661,
            0.00023047331591440466
        ],
        [
            -0.44093075204247906,
            -0.16210283019050864,
            -0.0633385145364831,
            -0.23501291573560626,
            0.2777533583622526,
            0.0,
            0.0,
            0.0,
            1.0000000000000004,
            0.0,
            0.5278658033772207,
            0.16686385439344276,
            0.049783861047733455,
            -0.2398088174996451,
            -0.04794705662239619,
            0.1357519976760102,
            0.16943329091631723,
            0.005176282122857655,
            -0.21529711626099898,
            -0.01134638583057317
        ],
        [
            0.20390597974619246,
            0.07496355438243944,
            0.029290544609113147,
            0.2777533583622527,
            0.23716152415814062,
            0.0,
            0.0,
            0.0,
            0.0,
            1.0000000000000004,
            0.03589138678226187,
            0.01134563955402555,
            0.0033849736068273014,
            -0.04794705662239624,
            0.46210339377730264,
            0.006044340765012617,
            0.007543996145676749,
            0.00023047331591440423,
            -0.011346385830573161,
            0.03903019971731353
        ],
        [
            0.09876195317881394,
            0.28283985232971803,
            0.002466411925610622,
            0.1284188577317841,
            -0.026015206714404555,
            0.5485265839172464,
            0.5573469935603457,
            -0.037266350392485964,
            0.527865803377221,
            0.03589138678226187,
            0.9999999999999999,
            0.6848602514927513,
            0.0,
            0.0,
            0.0,
            0.5132854498099324,
            0.5438061263388181,
            -0.013930762774055687,
            -0.5156192653847296,
            -0.011568313765541629
        ],
        [
            0.28283985232971803,
            0.5759738647146714,
            0.003168317803844324,
            0.16496504459620298,
            -0.033418765838772915,
            0.5573469935603457,
            0.8795312036497556,
            -0.011780279809531495,
            0.1668638543934428,
            0.011345639554025554,
            0.6848602514927513,
            1.0000000000000002,
            0.0,
            0.0,
            0.0,
            0.5438061263388181,
            0.8661498940630019,
            -0.0046656553783397245,
            -0.17268988337079122,
            -0.00387443000888941
        ],
        [
            -0.002466411925610622,
            -0.0031683178038443226,
            0.03725834891730252,
            -0.00452849833998245,
            0.0009173872319168196,
            0.037266350392485964,
            0.011780279809531492,
            0.46184882821436885,
            0.04978386104773345,
            0.003384973606827301,
            0.0,
            0.0,
            1.0000000000000004,
            0.0,
            0.0,
            0.013930762774055677,
            0.004665655378339712,
            0.42420269151233514,
            -0.019628162669532878,
            -0.0004403728868292441
        ],
        [
            -0.12841885773178416,
            -0.16496504459620293,
            -0.00452849833998245,
            -0.1984403450171002,
            0.04776567093159613,
            -0.5278658033772207,
            -0.16686385439344276,
            0.04978386104773349,
            -0.2398088174996451,
            -0.04794705662239624,
            0.0,
            0.0,
            0.0,
            1.0000000000000004,
            0.0,
            0.5156192653847296,
            0.1726898833707912,
            -0.019628162669532857,
            -0.3017641082032128,
            -0.016299519852934923
        ],
        [
            0.026015206714404552,
            0.03341876583877289,
            0.0009173872319168194,
            0.04776567093159612,
            0.027668911021826947,
            -0.03589138678226183,
            -0.01134563955402555,
            0.0033849736068272997,
            -0.04794705662239619,
            0.46210339377730264,
            0.0,
            0.0,
            0.0,
            0.0,
            1.0000000000000004,
            0.011568313765541651,
            0.003874430008889388,
            -0.0004403728868292441,
            -0.01629951985293494,
            0.42436730389913196
        ],
        [
            0.007258537996078553,
            0.09349565017171621,
            0.00017776009607761579,
            0.008124302121682607,
            -0.0010200313633677589,
            0.10250044855342573,
            0.2872021471819903,
            -0.0027574607027808194,
            0.1357519976760102,
            0.006044340765012617,
            0.5132854498099324,
            0.5438061263388181,
            0.013930762774055677,
            0.5156192653847296,
            0.011568313765541651,
            0.9999999999999999,
            0.6848602514927513,
            0.0,
            0.0,
            0.0
        ],
        [
            0.09349565017171617,
            0.2880434745360193,
            0.0016750465160522956,
            0.0765558990153717,
            -0.00961183088429029,
            0.2872021471819903,
            0.5815085785470241,
            -0.0034416115375305424,
            0.16943329091631748,
            0.007543996145676753,
            0.5438061263388181,
            0.8661498940630019,
            0.0046656553783397245,
            0.17268988337079122,
            0.0038744300088893882,
            0.6848602514927513,
            1.0000000000000002,
            0.0,
            0.0,
            0.0
        ],
        [
            -0.0001777600960776158,
            -0.0016750465160522963,
            0.0005968375380422802,
            -0.00019195623168457332,
            2.4100701054628025e-05,
            0.0027574607027808164,
            0.0034416115375305303,
            0.03943025296736309,
            0.005176282122857655,
            0.00023047331591440426,
            -0.013930762774055687,
            -0.004665655378339724,
            0.42420269151233514,
            -0.019628162669532857,
            -0.0004403728868292441,
            0.0,
            0.0,
            1.0000000000000004,
            0.0,
            0.0
        ],
        [
            -0.008124302121682601,
            -0.07655589901537163,
            -0.00019195623168457324,
            -0.008172081135964753,
            0.0011014922979489129,
            -0.1357519976760102,
            -0.16943329091631723,
            0.00517628212285766,
            -0.21529711626099898,
            -0.011346385830573161,
            -0.5156192653847296,
            -0.1726898833707912,
            -0.019628162669532878,
            -0.3017641082032128,
            -0.01629951985293494,
            0.0,
            0.0,
            0.0,
            1.0000000000000004,
            0.0
        ],
        [
            0.0010200313633677589,
            0.009611830884290289,
            2.4100701054628025e-05,
            0.0011014922979489133,
            0.0004627417700720785,
            -0.006044340765012616,
            -0.007543996145676749,
            0.00023047331591440464,
            -0.01134638583057317,
            0.03903019971731353,
            -0.011568313765541629,
            -0.0038744300088894095,
            -0.0004403728868292441,
            -0.016299519852934923,
            0.42436730389913196,
            0.0,
            0.0,
            0.0,
            0.0,
            1.0000000000000004
        ]
    ],
    "h": [
        [
            -0.20448768732372025,
            -0.4378494326045119,
            -0.021017675059205296,
            -0.2077636431063728,
            0.0941403453618065,
            -0.5136677258329156,
            -0.4251542791584697,
            0.008511446039717513,
            0.04769117491518138,
            -0.02974191935295034,
            -0.21514062405665427,
            -0.28370754543901283,
            -0.005825712148994209,
            0.2826204101823066,
            -0.017772647036660004,
            0.004819865233281956,
            -0.1064620505762993,
            -9.548297525761797e-06,
            0.04562535146137336,
            -0.0016302970952109357
        ],
        [
            -0.4378494326045119,
            -0.30407787317968116,
            -0.018906694666868885,
            -0.1928776994580374,
            0.08558151277345961,
            -0.5043212957185317,
            -0.36017904340467977,
            0.02426510789073711,
            0.07234564981614466,
            -0.08236630979345627,
            -0.3147582171028304,
            -0.29879117788848175,
            -0.011507836659483555,
            0.1898589136985691,
            0.002257435156133622,
            -0.10922331118354349,
            -0.1733670240064179,
            0.0012715720361491495,
            0.10357740764186256,
            0.00036847902375911415
        ],
        [
            -0.021017675059205296,
            -0.018906694666868885,
            1.492266305595666,
            -0.01790459381964463,
            0.008255556759910037,
            -0.006270048921978161,
            -0.016695987308071463,
            0.2424312211104534,
            -0.08124129520599722,
            0.03671800700930509,
            -0.011562502870843153,
            -0.013759411504474213,
            -0.04294082944895125,
            0.016172636744476207,
            -0.0005723246919910267,
            -0.0009733523564082718,
            -0.005931193054937635,
            -0.0020112033230057173,
            0.0022527256539068186,
            -6.993044319400706e-05
        ],
        [
            -0.2077636431063728,
            -0.1928776994580374,
            -0.01790459381964463,
            1.311800513782805,
            0.0806327384249218,
            -0.08987542627663725,
            -0.18291883744154347,
            -0.0749989595188071,
            -0.5377415519574731,
            0.34066839534621796,
            -0.20708989890217683,
            -0.151273118881923,
            -0.0069138563636408105,
            0.1834554164242257,
            -0.012139139719606229,
            -0.04435104645701522,
            -0.09196775757095037,
            0.0008002796893339007,
            0.05866903750052099,
            -0.003458046984962147
        ],
        [
            0.0941403453618065,
            0.08558151277345961,
            0.008255556759910037,
            0.0806327384249218,
            1.4574998081537431,
            0.0325191142414088,
            0.07735804247807183,
            0.0356805354798695,
            0.35831030113858064,
            0.09093623741024048,
            0.06461464386531368,
            0.06359189465738063,
            0.002659651986240988,
            -0.08191215597328577,
            -0.03887801265402945,
            0.007558903796568256,
            0.029772909701569525,
            -8.869158833683932e-05,
            -0.012604479355522107,
            -0.0015865295986091403
        ],
        [
            -0.5136677258329156,
            -0.5043212957185317,
            -0.006270048921978161,
            -0.08987542627663725,
            0.0325191142414088,
            -0.3989798257643695,
            -0.5802959637139777,
            0.036730600903135326,
            -0.03879226851616127,
            -0.10467719377296864,
            -0.5259359854562308,
            -0.5055486246557015,
            -0.0023387416148649837,
            0.04416640632510804,
            -0.008981879196405723,
            -0.22925425047916903,
            -0.3191486593976467,
            0.0003639544836258673,
            0.2338669349819358,
            0.007636541786855824
        ],
        [
            -0.4251542791584697,
            -0.36017904340467977,
            -0.016695987308071463,
            -0.18291883744154347,
            0.07735804247807183,
            -0.5802959637139777,
            -0.4321408952624488,
            0.03139890249586008,
            -0.04351157627669424,
            -0.08978631561615981,
            -0.5124045682911166,
            -0.41090750691145783,
            -0.016243524720424847,
            0.13160386446737726,
            0.0041037403920661936,
            -0.2962543957992745,
            -0.3019389701395637,
            0.003333488166933466,
            0.18025259973910293,
            0.005137177053514765
        ],
        [
            0.008511446039717513,
            0.02426510789073711,
            0.2424312211104534,
            -0.0749989595188071,
            0.0356805354798695,
            0.036730600903135326,
            0.03139890249586008,
            1.4092110587395204,
            -0.00019171541014217355,
            0.009455828582116663,
            0.006725650990921664,
            0.023866239461153627,
            0.3759706413756936,
            0.06343367227660598,
            0.005302336032972952,
            0.010414163410992591,
            0.014661664095856657,
            -0.04452332694358854,
            -0.013004849941223817,
            -0.0004007370924683897
        ],
        [
            0.04769117491518138,
            0.07234564981614466,
            -0.08124129520599722,
            -0.5377415519574731,
            0.35831030113858064,
            -0.03879226851616127,
            -0.04351157627669424,
            -0.00019171541014217355,
            0.94074126259701,
            0.06442793924933272,
            -0.05729680068494214,
            -0.14847949657078235,
            0.06689788729680281,
            -0.7354076306306521,
            -0.061395697388820156,
            -0.29805843837241974,
            -0.19684983868904524,
            0.0023823138352801008,
            0.21592858696778927,
            0.008913823059082556
        ],
        [
            -0.02974191935295034,
            -0.08236630979345627,
            0.03671800700930509,
            0.34066839534621796,
            0.09093623741024048,
            -0.10467719377296864,
            -0.08978631561615981,
            0.009455828582116663,
            0.06442793924933272,
            1.374879286942605,
            -0.01916965391434565,
            -0.055169108890197875,
            0.004204456739557692,
            -0.03541390543425704,
            0.37360957115331805,
            -0.0062390757486012,
            -0.02127891541699238,
            4.133890644877528e-05,
            0.015514774096441149,
            -0.0439806161913921
        ],
        [
            -0.21514062405665427,
            -0.3147582171028304,
            -0.011562502870843153,
            -0.20708989890217683,
            0.06461464386531368,
            -0.5259359854562308,
            -0.5124045682911166,
            0.006725650990921664,
            -0.05729680068494214,
            -0.01916965391434565,
            -0.43577640364060466,
            -0.5981677770956849,
            -0.02334824349483977,
            -0.014164467878237386,
            0.011175282448264079,
            -0.551056092917524,
            -0.5261145587777464,
            -2.0426428095569882e-05,
            0.08535456005197928,
            0.004151679796100326
        ],
        [
            -0.28370754543901283,
            -0.29879117788848175,
            -0.013759411504474213,
            -0.151273118881923,
            0.06359189465738063,
            -0.5055486246557015,
            -0.41090750691145783,
            0.023866239461153627,
            -0.14847949657078235,
            -0.055169108890197875,
            -0.5981677770956849,
            -0.43779602250024463,
            -0.01914699921368721,
            0.009746589975034504,
            0.006706614656670258,
            -0.4450728137418536,
            -0.36328330804395215,
            0.004098348980953204,
            0.2211753047231353,
            0.006859057690798227
        ],
        [
            -0.005825712148994209,
            -0.011507836659483555,
            -0.04294082944895125,
            -0.0069138563636408105,
            0.002659651986240988,
            -0.0023387416148649837,
            -0.016243524720424847,
            0.3759706413756936,
            0.06689788729680281,
            0.004204456739557692,
            -0.02334824349483977,
            -0.01914699921368721,
            1.4029547876849022,
            0.010656723231125797,
            0.0010697678519602603,
            -0.004595737570460185,
            -0.012975219978747895,
            0.33149923511786217,
            -0.021769174818959167,
            -0.0003958327284567315
        ],
        [
            0.2826204101823066,
            0.1898589136985691,
            0.016172636744476207,
            0.1834554164242257,
            -0.08191215597328577,
            0.04416640632510804,
            0.13160386446737726,
            0.06343367227660598,
            -0.7354076306306521,
            -0.03541390543425704,
            -0.014164467878237386,
            0.009746589975034504,
            0.010656723231125797,
            0.8583371046282968,
            -0.016321857218512995,
            -0.034210980831798965,
            -0.10296562023958863,
            -0.02639884558627821,
            -0.6771836835294125,
            -0.021961931523988242
        ],
        [
            -0.017772647036660004,
            0.002257435156133622,
            -0.0005723246919910267,
            -0.012139139719606229,
            -0.03887801265402945,
            -0.008981879196405723,
            0.0041037403920661936,
            0.005302336032972952,
            -0.061395697388820156,
            0.37360957115331805,
            0.011175282448264079,
            0.006706614656670258,
            0.0010697678519602603,
            -0.016321857218512995,
            1.4026415903791314,
            0.005952952965075111,
            0.004486898716241526,
            -0.0006311531278512542,
            -0.02641597558492651,
            0.33158649475990387
        ],
        [
            0.004819865233281956,
            -0.10922331118354349,
            -0.0009733523564082718,
            -0.04435104645701522,
            0.007558903796568256,
            -0.22925425047916903,
            -0.2962543957992745,
            0.010414163410992591,
            -0.29805843837241974,
            -0.0062390757486012,
            -0.551056092917524,
            -0.4450728137418536,
            -0.004595737570460185,
            -0.034210980831798965,
            0.005952952965075111,
            -0.24051442496263586,
            -0.4545336674760013,
            0.006214604812844528,
            0.2625454664303934,
            0.0076761512278501615
        ],
        [
            -0.1064620505762993,
            -0.1733670240064179,
            -0.005931193054937635,
            -0.09196775757095037,
            0.029772909701569525,
            -0.3191486593976467,
            -0.3019389701395637,
            0.014661664095856657,
            -0.19684983868904524,
            -0.02127891541699238,
            -0.5261145587777464,
            -0.36328330804395215,
            -0.012975219978747895,
            -0.10296562023958863,
            0.004486898716241526,
            -0.4545336674760013,
            -0.3082746749724623,
            0.005039720586474039,
            0.23124687598415686,
            0.007000632625172263
        ],
        [
            -9.548297525761797e-06,
            0.0012715720361491495,
            -0.0020112033230057173,
            0.0008002796893339007,
            -8.869158833683932e-05,
            0.0003639544836258673,
            0.003333488166933466,
            -0.04452332694358854,
            0.0023823138352801008,
            4.133890644877528e-05,
            -2.0426428095569882e-05,
            0.004098348980953204,
            0.33149923511786217,
            -0.02639884558627821,
            -0.0006311531278512542,
            0.006214604812844528,
            0.005039720586474039,
            1.4842930690498177,
            -0.005955177367604337,
            -0.0001156909685724699
        ],
        [
            0.04562535146137336,
            0.10357740764186256,
            0.0022527256539068186,
            0.05866903750052099,
            -0.012604479355522107,
            0.2338669349819358,
            0.18025259973910293,
            -0.013004849941223817,
            0.21592858696778927,
            0.015514774096441149,
            0.08535456005197928,
            0.2211753047231353,
            -0.021769174818959167,
            -0.6771836835294125,
            -0.02641597558492651,
            0.2625454664303934,
            0.23124687598415686,
            -0.005955177367604337,
            1.2274404465759323,
            -0.006802080315839705
        ],
        [
            -0.0016302970952109357,
            0.00036847902375911415,
            -6.993044319400706e-05,
            -0.003458046984962147,
            -0.0015865295986091403,
            0.007636541786855824,
            0.005137177053514765,
            -0.0004007370924683897,
            0.008913823059082556,
            -0.0439806161913921,
            0.004151679796100326,
            0.006859057690798227,
            -0.0003958327284567315,
            -0.021961931523988242,
            0.33158649475990387,
            0.0076761512278501615,
            0.007000632625172263,
            -0.0001156909685724699,
            -0.006802080315839705,
            1.4842472285679689
        ]
    ]
}