{
    "HF": -2.1382914922985403,
    "coordinates": [
        [
            0.81074,
            -1e-05,
            0.107463
        ],
        [
            1.469602,
            0.057004,
            -0.101082
        ],
        [
            2.2197,
            -0.141102,
            -0.100183
        ],
        [
            2.880253,
            -0.109685,
            0.046604
        ]
    ],
    "elements": [
        "H",
        "H",
        "H",
        "H"
    ],
    "Enn": 3.2219474350073067,
    "S": [
        [
            0.9999999999999999,
            0.6848602514927513,
            0.0,
            0.0,
            0.0,
            0.6084857469802569,
            0.5788765431968617,
            0.16426648164082602,
            -0.5189716494130184,
            -0.04490872082413894,
            0.14923099355955163,
            0.3348927649978352,
            0.02828518396349443,
            -0.1919261281084399,
            0.01921931159655065,
            0.022839921426512574,
            0.15291178559728336,
            0.00084661410395773,
            -0.028789150234540074,
            0.0015256971335638782
        ],
        [
            0.6848602514927513,
            1.0000000000000002,
            0.0,
            0.0,
            0.0,
            0.5788765431968617,
            0.9005551049963245,
            0.04742925655418311,
            -0.1498445651144943,
            -0.01296665771502648,
            0.3348927649978352,
            0.6400763379760948,
            0.026316483558367573,
            -0.17856771945714142,
            0.01788161244722846,
            0.15291178559728336,
            0.3920409717218019,
            0.003331312448240053,
            -0.11328142786924886,
            0.006003412687699892
        ],
        [
            0.0,
            0.0,
            1.0000000000000004,
            0.0,
            0.0,
            -0.16426648164082597,
            -0.04742925655418309,
            0.47521906943925046,
            0.1910963861038006,
            0.016536345027216754,
            -0.02828518396349443,
            -0.026316483558367576,
            0.06219780017074941,
            0.05319690126009266,
            -0.005327090330874541,
            -0.0008466141039577291,
            -0.0033313124482400496,
            0.003736450422519343,
            0.001233617726003438,
            -6.537626199952696e-05
        ],
        [
            0.0,
            0.0,
            0.0,
            1.0000000000000004,
            0.0,
            0.5189716494130185,
            0.1498445651144941,
            0.19109638610380053,
            -0.06803063280985876,
            -0.05224373328213135,
            0.1919261281084399,
            0.17856771945714137,
            0.05319690126009264,
            -0.29092424135027645,
            0.0361464087561956,
            0.028789150234540036,
            0.11328142786924884,
            0.001233617726003438,
            -0.03817649768889055,
            0.0022231226950726614
        ],
        [
            0.0,
            0.0,
            0.0,
            0.0,
            1.0000000000000004,
            0.04490872082413894,
            0.012966657715026473,
            0.01653634502721676,
            -0.05224373328213139,
            0.5311846155333789,
            -0.01921931159655064,
            -0.017881612447228447,
            -0.005327090330874539,
            0.0361464087561956,
            0.06641804393552912,
            -0.001525697133563876,
            -0.006003412687699891,
            -6.537626199952696e-05,
            0.0022231226950726614,
            0.0036549122826790765
        ],
        [
            0.6084857469802569,
            0.5788765431968617,
            -0.16426648164082602,
            0.5189716494130184,
            0.04490872082413894,
            0.9999999999999999,
            0.6848602514927513,
            0.0,
            0.0,
            0.0,
            0.5420115078357561,
            0.5548958653352568,
            -0.000611832088672168,
            -0.5104939110665397,
            0.1348249252041039,
            0.15034530268870375,
            0.3359058887664293,
            -0.02030151644983147,
            -0.1939138068704632,
            0.022913745889968973
        ],
        [
            0.5788765431968617,
            0.9005551049963245,
            -0.04742925655418311,
            0.1498445651144943,
            0.012966657715026478,
            0.6848602514927513,
            1.0000000000000002,
            0.0,
            0.0,
            0.0,
            0.5548958653352568,
            0.8771182074373004,
            -0.00019543089110301445,
            -0.1630615356558188,
            0.04306566419672053,
            0.3359058887664293,
            0.6412848766276251,
            -0.018777882807177355,
            -0.17936052950061296,
            0.021194063805950365
        ],
        [
            0.16426648164082597,
            0.04742925655418311,
            0.47521906943925046,
            0.19109638610380045,
            0.016536345027216754,
            0.0,
            0.0,
            1.0000000000000004,
            0.0,
            0.0,
            0.000611832088672168,
            0.00019543089110301442,
            0.4578060523214276,
            -0.0008014792539557511,
            0.00021167613976328167,
            0.020301516449831462,
            0.01877788280717733,
            0.06681868776500169,
            -0.03830935046560873,
            0.004526808771100612
        ],
        [
            -0.5189716494130181,
            -0.1498445651144943,
            0.19109638610380064,
            -0.06803063280985894,
            -0.05224373328213139,
            0.0,
            0.0,
            0.0,
            1.0000000000000004,
            0.0,
            0.5104939110665397,
            0.16306153565581913,
            -0.0008014792539557516,
            -0.2109226705611373,
            0.17661607239617097,
            0.1939138068704631,
            0.17936052950061285,
            -0.038309350465608724,
            -0.2950896404469343,
            0.04323867746273752
        ],
        [
            -0.04490872082413894,
            -0.01296665771502647,
            0.01653634502721676,
            -0.05224373328213135,
            0.5311846155333789,
            0.0,
            0.0,
            0.0,
            0.0,
            1.0000000000000004,
            -0.1348249252041039,
            -0.043065664196720525,
            0.00021167613976328173,
            0.17661607239617091,
            0.41116150306484184,
            -0.02291374588996897,
            -0.021194063805950337,
            0.004526808771100614,
            0.043238677462737525,
            0.06572014732181457
        ],
        [
            0.14923099355955163,
            0.3348927649978352,
            -0.02828518396349443,
            0.1919261281084399,
            -0.01921931159655065,
            0.5420115078357561,
            0.5548958653352568,
            0.000611832088672168,
            0.5104939110665401,
            -0.1348249252041039,
            0.9999999999999999,
            0.6848602514927513,
            0.0,
            0.0,
            0.0,
            0.6215634676945505,
            0.5833405069386952,
            -0.1187607512552567,
            -0.534432684937451,
            -0.025418507920908516
        ],
        [
            0.3348927649978352,
            0.6400763379760948,
            -0.026316483558367573,
            0.17856771945714142,
            -0.01788161244722846,
            0.5548958653352568,
            0.8771182074373004,
            0.00019543089110301445,
            0.16306153565581916,
            -0.043065664196720525,
            0.6848602514927513,
            1.0000000000000002,
            0.0,
            0.0,
            0.0,
            0.5833405069386952,
            0.9048767278568127,
            -0.03365850702672836,
            -0.15146591858970174,
            -0.007203971164058985
        ],
        [
            0.02828518396349443,
            0.026316483558367576,
            0.06219780017074941,
            0.05319690126009266,
            -0.005327090330874541,
            -0.000611832088672168,
            -0.00019543089110301442,
            0.4578060523214276,
            -0.0008014792539557516,
            0.00021167613976328167,
            0.0,
            0.0,
            1.0000000000000004,
            0.0,
            0.0,
            0.11876075125525673,
            0.03365850702672838,
            0.5203746466176181,
            -0.13875321170529833,
            -0.00659933366761692
        ],
        [
            -0.1919261281084399,
            -0.17856771945714137,
            0.05319690126009264,
            -0.29092424135027645,
            0.0361464087561956,
            -0.5104939110665397,
            -0.1630615356558188,
            -0.0008014792539557511,
            -0.2109226705611373,
            0.17661607239617086,
            0.0,
            0.0,
            0.0,
            1.0000000000000004,
            0.0,
            0.534432684937451,
            0.15146591858970174,
            -0.13875321170529847,
            -0.07319216641509387,
            -0.02969751852783532
        ],
        [
            0.01921931159655064,
            0.017881612447228443,
            -0.005327090330874539,
            0.0361464087561956,
            0.06641804393552912,
            0.1348249252041039,
            0.04306566419672053,
            0.00021167613976328173,
            0.17661607239617103,
            0.41116150306484184,
            0.0,
            0.0,
            0.0,
            0.0,
            1.0000000000000004,
            0.025418507920908523,
            0.007203971164058985,
            -0.00659933366761691,
            -0.029697518527835247,
            0.5497956934480718
        ],
        [
            0.022839921426512574,
            0.15291178559728336,
            -0.00084661410395773,
            0.028789150234540074,
            -0.0015256971335638782,
            0.15034530268870375,
            0.3359058887664293,
            0.02030151644983147,
            0.1939138068704631,
            -0.022913745889968973,
            0.6215634676945505,
            0.5833405069386952,
            0.1187607512552567,
            0.534432684937451,
            0.025418507920908523,
            0.9999999999999999,
            0.6848602514927513,
            0.0,
            0.0,
            0.0
        ],
        [
            0.15291178559728336,
            0.3920409717218019,
            -0.00333131244824005,
            0.11328142786924886,
            -0.006003412687699893,
            0.3359058887664293,
            0.6412848766276251,
            0.018777882807177355,
            0.17936052950061296,
            -0.021194063805950358,
            0.5833405069386952,
            0.9048767278568127,
            0.03365850702672836,
            0.15146591858970174,
            0.007203971164058985,
            0.6848602514927513,
            1.0000000000000002,
            0.0,
            0.0,
            0.0
        ],
        [
            0.0008466141039577291,
            0.0033313124482400496,
            0.003736450422519343,
            0.001233617726003438,
            -6.537626199952696e-05,
            -0.020301516449831462,
            -0.018777882807177328,
            0.06681868776500169,
            -0.03830935046560872,
            0.004526808771100612,
            -0.11876075125525673,
            -0.03365850702672838,
            0.5203746466176181,
            -0.13875321170529853,
            -0.006599333667616913,
            0.0,
            0.0,
            1.0000000000000004,
            0.0,
            0.0
        ],
        [
            -0.028789150234540036,
            -0.11328142786924884,
            0.001233617726003438,
            -0.03817649768889055,
            0.0022231226950726614,
            -0.1939138068704632,
            -0.17936052950061285,
            -0.03830935046560874,
            -0.29508964044693425,
            0.043238677462737525,
            -0.534432684937451,
            -0.15146591858970174,
            -0.13875321170529828,
            -0.07319216641509387,
            -0.029697518527835247,
            0.0,
            0.0,
            0.0,
            1.0000000000000004,
            0.0
        ],
        [
            0.001525697133563876,
            0.0060034126876998915,
            -6.537626199952696e-05,
            0.0022231226950726614,
            0.0036549122826790765,
            0.02291374588996897,
            0.02119406380595034,
            0.004526808771100614,
            0.04323867746273752,
            0.06572014732181457,
            -0.025418507920908516,
            -0.007203971164058985,
            -0.006599333667616916,
            -0.02969751852783532,
            0.5497956934480718,
            0.0,
            0.0,
            0.0,
            0.0,
            1.0000000000000004
        ]
    ],
    "h": [
        [
            -0.31811255315135645,
            -0.4887167580284171,
            0.09923933152686268,
            -0.3171462107485239,
            -0.023651994266563045,
            -0.6259008756177651,
            -0.48656549688194095,
            -0.0047492688996656485,
            -0.002278908446875172,
            0.01243063702456787,
            -0.28200719348234926,
            -0.3407868133374747,
            -0.018112400984661242,
            0.3368126241548697,
            -0.05804625421006273,
            -0.03971264242193014,
            -0.17659574600458594,
            0.004354567047961191,
            0.10163888122247705,
            -0.007019537807191272
        ],
        [
            -0.4887167580284171,
            -0.3186770445080813,
            0.0776590969271804,
            -0.25683407116030676,
            -0.016388962291162764,
            -0.5657040996822376,
            -0.37178437216594373,
            -0.06726764523302439,
            0.1042923767687089,
            0.047520220644775804,
            -0.36205574784586486,
            -0.32356791770226256,
            -0.017032014327565223,
            0.18285630822068843,
            -0.05322183315160739,
            -0.17751614419359663,
            -0.22421194242260079,
            0.022125491639266057,
            0.14301911106355253,
            -0.0023468965476293614
        ],
        [
            0.09923933152686268,
            0.0776590969271804,
            1.4470048403317228,
            0.0895901423504276,
            0.0069223210786256385,
            0.014031112146924152,
            0.0720091443774466,
            0.41285109523018204,
            0.28820643298479526,
            0.02048868704376152,
            0.05720330159091193,
            0.05711558864429138,
            -0.04405519223055884,
            -0.058787911010615396,
            0.013646638812643792,
            0.00996235606237061,
            0.031844925928568295,
            -0.011451142652113801,
            -0.014610198849550156,
            0.0008841781276055683
        ],
        [
            -0.3171462107485239,
            -0.25683407116030676,
            0.0895901423504276,
            1.1784466034117171,
            -0.020128262861813517,
            -0.07103304457348236,
            -0.25020634853310797,
            0.2743767513884793,
            -0.4376593482355786,
            -0.055580648677399674,
            -0.2598736524296297,
            -0.20289647391545212,
            7.91998370276853e-05,
            0.11990504436378957,
            -0.047726352041479125,
            -0.10106632045908576,
            -0.1395103234408503,
            0.005557683817358533,
            0.1375577841643396,
            -0.007257964787035808
        ],
        [
            -0.023651994266563045,
            -0.016388962291162764,
            0.0069223210786256385,
            -0.020128262861813517,
            1.4725008068071894,
            0.004956027215277173,
            -0.012539966352590408,
            0.02511048022396196,
            -0.07384327040148476,
            0.4926942043418926,
            0.0034558090413017994,
            -0.009881749596758721,
            -0.0015948974744288795,
            0.019399989728438358,
            -0.04773597404349825,
            0.005919067084418179,
            -0.001536050986948305,
            -0.00025449656203827226,
            -0.005838696990939804,
            -0.010359105196032435
        ],
        [
            -0.6259008756177651,
            -0.5657040996822376,
            0.014031112146924152,
            -0.07103304457348236,
            0.004956027215277173,
            -0.4884518375625009,
            -0.61626066704486,
            -0.09298078944776764,
            0.07553735169412341,
            0.08238254485872643,
            -0.5374861431562571,
            -0.5247152286548722,
            -0.02321761704535935,
            0.06577267445093948,
            -0.019250008032758503,
            -0.28567156153396045,
            -0.362583529503873,
            0.04098809954471662,
            0.2661571800567535,
            -0.010492204190437955
        ],
        [
            -0.48656549688194095,
            -0.37178437216594373,
            0.0720091443774466,
            -0.25020634853310797,
            -0.012539966352590408,
            -0.61626066704486,
            -0.4329693401560719,
            -0.07051602457094114,
            0.01087200652766701,
            0.06938026874941694,
            -0.5266191828264923,
            -0.41222145425969337,
            -0.03483749299250209,
            0.11600107682094413,
            -0.06036710685203775,
            -0.34385503554271607,
            -0.3239525837628706,
            0.04144177398614646,
            0.20983587894609168,
            0.0029428937283322507
        ],
        [
            -0.0047492688996656485,
            -0.06726764523302439,
            0.41285109523018204,
            0.2743767513884793,
            0.02511048022396196,
            -0.09298078944776764,
            -0.07051602457094114,
            1.369654051842654,
            0.08490527364144103,
            0.007588881500884182,
            -0.02398705281631625,
            -0.04335574500623788,
            0.36702692521319,
            0.026415719152664306,
            -0.004636024938298237,
            -0.01053115757478227,
            -0.018925355643312818,
            -0.045070319502564876,
            0.0014012042179818995,
            0.0008196706400459917
        ],
        [
            -0.002278908446875172,
            0.1042923767687089,
            0.28820643298479526,
            -0.4376593482355786,
            -0.07384327040148476,
            0.07553735169412341,
            0.01087200652766701,
            0.08490527364144103,
            0.8192059276090948,
            0.04455282738938291,
            -0.06970074103809476,
            -0.11997477899933512,
            -0.017136375164187662,
            -0.7428666481191174,
            0.2502604392361824,
            -0.3408948854292878,
            -0.18463427681773098,
            0.04338557221049148,
            0.1260565833004561,
            0.01261930005606432
        ],
        [
            0.01243063702456787,
            0.047520220644775804,
            0.02048868704376152,
            -0.055580648677399674,
            0.4926942043418926,
            0.08238254485872643,
            0.06938026874941694,
            0.007588881500884182,
            0.04455282738938291,
            1.3778968843849557,
            0.02269883669725664,
            0.06559830575572898,
            0.004639800154370778,
            0.24788205993996337,
            0.3081790336043245,
            0.061003858777991415,
            0.0558246292192576,
            -0.010095176038750696,
            -0.04955227221666997,
            -0.04657015921008875
        ],
        [
            -0.28200719348234926,
            -0.36205574784586486,
            0.05720330159091193,
            -0.2598736524296297,
            0.0034558090413017994,
            -0.5374861431562571,
            -0.5266191828264923,
            -0.02398705281631625,
            -0.06970074103809476,
            0.02269883669725664,
            -0.500264778812912,
            -0.6207912240706348,
            -0.06843290465548471,
            -0.09091631741545109,
            -0.07181970030337118,
            -0.6353792432910799,
            -0.5707027502322699,
            0.00993002164867432,
            0.069617037976613,
            -0.007048430680868335
        ],
        [
            -0.3407868133374747,
            -0.32356791770226256,
            0.05711558864429138,
            -0.20289647391545212,
            -0.009881749596758721,
            -0.5247152286548722,
            -0.41222145425969337,
            -0.04335574500623788,
            -0.11997477899933512,
            0.06559830575572898,
            -0.6207912240706348,
            -0.43374340216367435,
            -0.052569381413384776,
            -0.01865946955966384,
            -0.061169374506716084,
            -0.4911781603619165,
            -0.3717826389623091,
            0.052815829456853314,
            0.25932227816135345,
            0.003892304954127666
        ],
        [
            -0.018112400984661242,
            -0.017032014327565223,
            -0.04405519223055884,
            7.91998370276853e-05,
            -0.0015948974744288795,
            -0.02321761704535935,
            -0.03483749299250209,
            0.36702692521319,
            -0.017136375164187662,
            0.004639800154370778,
            -0.06843290465548471,
            -0.052569381413384776,
            1.3795880434169774,
            -0.060918041369233136,
            -0.0034375372730634972,
            -0.0007369721974345156,
            -0.04863777430303069,
            0.47989396793230354,
            -0.20155674418592584,
            -0.01053262816554606
        ],
        [
            0.3368126241548697,
            0.18285630822068843,
            -0.058787911010615396,
            0.11990504436378957,
            0.019399989728438358,
            0.06577267445093948,
            0.11600107682094413,
            0.026415719152664306,
            -0.7428666481191174,
            0.24788205993996337,
            -0.09091631741545109,
            -0.01865946955966384,
            -0.060918041369233136,
            0.7957401740364776,
            0.05384279208371916,
            0.006358882874601068,
            -0.11118450071895841,
            -0.21057127176477014,
            -0.45366429157815924,
            -0.040158474069849626
        ],
        [
            -0.05804625421006273,
            -0.05322183315160739,
            0.013646638812643792,
            -0.047726352041479125,
            -0.04773597404349825,
            -0.019250008032758503,
            -0.06036710685203775,
            -0.004636024938298237,
            0.2502604392361824,
            0.3081790336043245,
            -0.07181970030337118,
            -0.061169374506716084,
            -0.0034375372730634972,
            0.05384279208371916,
            1.376682678880242,
            -0.012146975931413492,
            -0.039936336393521704,
            -0.007131058876341688,
            -0.023100385315609845,
            0.5213937275866386
        ],
        [
            -0.03971264242193014,
            -0.17751614419359663,
            0.00996235606237061,
            -0.10106632045908576,
            0.005919067084418179,
            -0.28567156153396045,
            -0.34385503554271607,
            -0.01053115757478227,
            -0.3408948854292878,
            0.061003858777991415,
            -0.6353792432910799,
            -0.4911781603619165,
            -0.0007369721974345156,
            0.006358882874601068,
            -0.012146975931413492,
            -0.32970844233964103,
            -0.4929083459712795,
            0.07395415743992055,
            0.3331890121204352,
            0.012100659087790035
        ],
        [
            -0.17659574600458594,
            -0.22421194242260079,
            0.031844925928568295,
            -0.1395103234408503,
            -0.001536050986948305,
            -0.362583529503873,
            -0.3239525837628706,
            -0.018925355643312818,
            -0.18463427681773098,
            0.0558246292192576,
            -0.5707027502322699,
            -0.3717826389623091,
            -0.04863777430303069,
            -0.11118450071895841,
            -0.039936336393521704,
            -0.4929083459712795,
            -0.31900925604629027,
            0.057030614879446946,
            0.26606366717326296,
            0.007118703231115249
        ],
        [
            0.004354567047961191,
            0.022125491639266057,
            -0.011451142652113801,
            0.005557683817358533,
            -0.00025449656203827226,
            0.04098809954471662,
            0.04144177398614646,
            -0.045070319502564876,
            0.04338557221049148,
            -0.010095176038750696,
            0.00993002164867432,
            0.052815829456853314,
            0.47989396793230354,
            -0.21057127176477014,
            -0.007131058876341688,
            0.07395415743992055,
            0.057030614879446946,
            1.4569288842154633,
            -0.06777976623734522,
            -0.00263647829535716
        ],
        [
            0.10163888122247705,
            0.14301911106355253,
            -0.014610198849550156,
            0.1375577841643396,
            -0.005838696990939804,
            0.2661571800567535,
            0.20983587894609168,
            0.0014012042179818995,
            0.1260565833004561,
            -0.04955227221666997,
            0.069617037976613,
            0.25932227816135345,
            -0.20155674418592584,
            -0.45366429157815924,
            -0.023100385315609845,
            0.3331890121204352,
            0.26606366717326296,
            -0.06777976623734522,
            1.1542341483753233,
            -0.009944342793636811
        ],
        [
            -0.007019537807191272,
            -0.0023468965476293614,
            0.0008841781276055683,
            -0.007257964787035808,
            -0.010359105196032435,
            -0.010492204190437955,
            0.0029428937283322507,
            0.0008196706400459917,
            0.01261930005606432,
            -0.04657015921008875,
            -0.007048430680868335,
            0.003892304954127666,
            -0.01053262816554606,
            -0.040158474069849626,
            0.5213937275866386,
            0.012100659087790035,
            0.007118703231115249,
            -0.00263647829535716,
            -0.009944342793636811,
            1.4706695170001782
        ]
    ]
}