{
    "HF": -2.1075292247843427,
    "coordinates": [
        [
            0.706878,
            0.058332,
            0.0058
        ],
        [
            1.350468,
            0.198063,
            -0.170921
        ],
        [
            1.99322,
            -0.07004,
            0.053897
        ],
        [
            2.640043,
            -0.144151,
            -0.089834
        ]
    ],
    "elements": [
        "H",
        "H",
        "H",
        "H"
    ],
    "Enn": 3.369720187325396,
    "S": [
        [
            0.9999999999999999,
            0.6848602514927513,
            0.0,
            0.0,
            0.0,
            0.6179005150790389,
            0.5820981394752833,
            0.1419189865144092,
            -0.516846557742479,
            -0.11221349983671952,
            0.2063713815925718,
            0.3816690145878983,
            -0.009757082083957414,
            -0.26095067222575097,
            0.026041876650971605,
            0.034725262886661494,
            0.182693904731478,
            0.0022144365037501425,
            -0.044763066940336556,
            0.004688559995282433
        ],
        [
            0.6848602514927513,
            1.0000000000000002,
            0.0,
            0.0,
            0.0,
            0.5820981394752833,
            0.9036752434823181,
            0.04043032046237673,
            -0.14724084826580333,
            -0.031967729406965566,
            0.3816690145878983,
            0.6945161105628228,
            -0.007010274120639731,
            -0.18748799369798422,
            0.018710582976376153,
            0.182693904731478,
            0.43823488079983913,
            0.006335062152813313,
            -0.12805822643247536,
            0.013413037098606126
        ],
        [
            0.0,
            0.0,
            1.0000000000000004,
            0.0,
            0.0,
            -0.14191898651440915,
            -0.040430320462376726,
            0.5025221961836212,
            0.16147551287159845,
            0.035058243429918624,
            0.009757082083957414,
            0.007010274120639727,
            0.11323123465579213,
            -0.01829738217952787,
            0.001826008592699571,
            -0.0022144365037501425,
            -0.006335062152813313,
            0.0071530199740297545,
            0.0035167312602394788,
            -0.0003683484315964081
        ],
        [
            0.0,
            0.0,
            0.0,
            1.0000000000000004,
            0.0,
            0.5168465577424788,
            0.1472408482658033,
            0.1614755128715985,
            -0.04120718061941032,
            -0.1276765912883094,
            0.260950672225751,
            0.18748799369798413,
            -0.018297382179527862,
            -0.37544343711513506,
            0.04883613416949811,
            0.04476306694033654,
            0.12805822643247536,
            0.0035167312602394775,
            -0.06376092302717486,
            0.007445869625520947
        ],
        [
            0.0,
            0.0,
            0.0,
            0.0,
            1.0000000000000004,
            0.1122134998367195,
            0.03196772940696556,
            0.035058243429918624,
            -0.12767659128830938,
            0.5191410627490977,
            -0.026041876650971605,
            -0.018710582976376136,
            0.001826008592699571,
            0.048836134169498134,
            0.10904172438176075,
            -0.004688559995282433,
            -0.013413037098606126,
            -0.00036834843159640814,
            0.00744586962552095,
            0.006547100178232389
        ],
        [
            0.6179005150790389,
            0.5820981394752833,
            -0.1419189865144092,
            0.5168465577424788,
            0.11221349983671952,
            0.9999999999999999,
            0.6848602514927513,
            0.0,
            0.0,
            0.0,
            0.5773224658981229,
            0.5679118978471885,
            -0.16571559906541278,
            -0.47377893554115874,
            0.19762140600945813,
            0.18701992666186168,
            0.36688331476580915,
            -0.014570000996593266,
            -0.23171542954088534,
            0.06149023050610045
        ],
        [
            0.5820981394752833,
            0.9036752434823181,
            -0.04043032046237675,
            0.14724084826580333,
            0.031967729406965587,
            0.6848602514927513,
            1.0000000000000002,
            0.0,
            0.0,
            0.0,
            0.5679118978471885,
            0.889885878227425,
            -0.050097173138542166,
            -0.14322722481804945,
            0.059742558024546824,
            0.3668833147658092,
            0.6775964591467766,
            -0.011329851478301881,
            -0.18018539618102988,
            0.047815726242130034
        ],
        [
            0.14191898651440915,
            0.04043032046237673,
            0.5025221961836212,
            0.16147551287159845,
            0.035058243429918624,
            0.0,
            0.0,
            1.0000000000000004,
            0.0,
            0.0,
            0.16571559906541278,
            0.05009717313854217,
            0.4335039228381413,
            -0.18719274532216337,
            0.07808133867978312,
            0.014570000996593254,
            0.011329851478301867,
            0.096666668516828,
            -0.026698334080884907,
            0.007084926195960643
        ],
        [
            -0.5168465577424786,
            -0.1472408482658033,
            0.1614755128715985,
            -0.04120718061941032,
            -0.1276765912883094,
            0.0,
            0.0,
            0.0,
            1.0000000000000004,
            0.0,
            0.47377893554115835,
            0.14322722481804942,
            -0.1871927453221633,
            -0.03620274620187102,
            0.22323362274865866,
            0.23171542954088517,
            0.18018539618102966,
            -0.026698334080884907,
            -0.3262541264856009,
            0.11267581362186227
        ],
        [
            -0.11221349983671947,
            -0.03196772940696556,
            0.035058243429918624,
            -0.12767659128830938,
            0.5191410627490977,
            0.0,
            0.0,
            0.0,
            0.0,
            1.0000000000000004,
            -0.19762140600945816,
            -0.05974255802454681,
            0.07808133867978312,
            0.22323362274865874,
            0.40586448283337184,
            -0.061490230506100425,
            -0.047815726242130034,
            0.007084926195960643,
            0.11267581362186227,
            0.06844469378315586
        ],
        [
            0.2063713815925718,
            0.3816690145878983,
            0.009757082083957414,
            0.26095067222575097,
            -0.026041876650971605,
            0.5773224658981229,
            0.5679118978471885,
            0.16571559906541278,
            0.47377893554115874,
            -0.19762140600945813,
            0.9999999999999999,
            0.6848602514927513,
            0.0,
            0.0,
            0.0,
            0.6302738581251119,
            0.5862703555836379,
            0.11834327268360825,
            -0.5325723098498555,
            0.06102050554059243
        ],
        [
            0.3816690145878983,
            0.6945161105628228,
            0.0070102741206397295,
            0.18748799369798422,
            -0.018710582976376153,
            0.5679118978471885,
            0.889885878227425,
            0.05009717313854214,
            0.14322722481804945,
            -0.059742558024546824,
            0.6848602514927513,
            1.0000000000000002,
            0.0,
            0.0,
            0.0,
            0.5862703555836379,
            0.9077063121099305,
            0.033134458844377546,
            -0.14911278758998986,
            0.01708488690272566
        ],
        [
            -0.009757082083957416,
            -0.007010274120639728,
            0.11323123465579213,
            -0.018297382179527862,
            0.001826008592699571,
            -0.16571559906541278,
            -0.05009717313854216,
            0.4335039228381413,
            -0.18719274532216337,
            0.07808133867978312,
            0.0,
            0.0,
            1.0000000000000004,
            0.0,
            0.0,
            -0.11834327268360821,
            -0.03313445884437752,
            0.5314411976806773,
            0.13553882938352085,
            -0.015529624309033707
        ],
        [
            -0.260950672225751,
            -0.18748799369798413,
            -0.01829738217952787,
            -0.37544343711513506,
            0.048836134169498134,
            -0.47377893554115835,
            -0.14322722481804942,
            -0.1871927453221633,
            -0.03620274620187102,
            0.22323362274865866,
            0.0,
            0.0,
            0.0,
            1.0000000000000004,
            0.0,
            0.5325723098498555,
            0.14911278758998983,
            0.1355388293835209,
            -0.048396945247464726,
            0.06988692894672768
        ],
        [
            0.026041876650971605,
            0.018710582976376136,
            0.001826008592699571,
            0.04883613416949811,
            0.10904172438176075,
            0.19762140600945816,
            0.05974255802454683,
            0.07808133867978312,
            0.22323362274865874,
            0.40586448283337184,
            0.0,
            0.0,
            0.0,
            0.0,
            1.0000000000000004,
            -0.06102050554059241,
            -0.017084886902725655,
            -0.015529624309033714,
            0.06988692894672768,
            0.5535519471360181
        ],
        [
            0.034725262886661494,
            0.182693904731478,
            -0.0022144365037501425,
            0.044763066940336556,
            -0.004688559995282433,
            0.18701992666186168,
            0.36688331476580915,
            0.014570000996593271,
            0.23171542954088525,
            -0.06149023050610045,
            0.6302738581251119,
            0.5862703555836379,
            -0.11834327268360825,
            0.5325723098498555,
            -0.06102050554059243,
            0.9999999999999999,
            0.6848602514927513,
            0.0,
            0.0,
            0.0
        ],
        [
            0.182693904731478,
            0.43823488079983913,
            -0.0063350621528133096,
            0.12805822643247536,
            -0.013413037098606126,
            0.3668833147658092,
            0.6775964591467766,
            0.011329851478301867,
            0.18018539618102966,
            -0.047815726242130034,
            0.5862703555836379,
            0.9077063121099305,
            -0.033134458844377546,
            0.14911278758998986,
            -0.01708488690272566,
            0.6848602514927513,
            1.0000000000000002,
            0.0,
            0.0,
            0.0
        ],
        [
            0.0022144365037501425,
            0.006335062152813313,
            0.0071530199740297545,
            0.003516731260239478,
            -0.0003683484315964081,
            -0.014570000996593259,
            -0.011329851478301881,
            0.096666668516828,
            -0.026698334080884907,
            0.007084926195960643,
            0.11834327268360821,
            0.03313445884437752,
            0.5314411976806773,
            0.13553882938352085,
            -0.015529624309033707,
            0.0,
            0.0,
            1.0000000000000004,
            0.0,
            0.0
        ],
        [
            -0.04476306694033654,
            -0.12805822643247536,
            0.0035167312602394783,
            -0.06376092302717486,
            0.0074458696255209475,
            -0.23171542954088506,
            -0.18018539618102944,
            -0.026698334080884907,
            -0.3262541264856009,
            0.11267581362186227,
            -0.5325723098498555,
            -0.14911278758998983,
            0.1355388293835209,
            -0.048396945247464726,
            0.06988692894672768,
            0.0,
            0.0,
            0.0,
            1.0000000000000004,
            0.0
        ],
        [
            0.004688559995282433,
            0.013413037098606126,
            -0.00036834843159640814,
            0.007445869625520948,
            0.006547100178232389,
            0.061490230506100425,
            0.04781572624213005,
            0.007084926195960643,
            0.11267581362186227,
            0.06844469378315586,
            0.06102050554059241,
            0.017084886902725655,
            -0.015529624309033714,
            0.06988692894672768,
            0.5535519471360181,
            0.0,
            0.0,
            0.0,
            0.0,
            1.0000000000000004
        ]
    ],
    "h": [
        [
            -0.3414439680123469,
            -0.50195772117853,
            0.08068461858491,
            -0.33482006303167766,
            -0.06303117086953623,
            -0.6495140950570172,
            -0.4999507324722019,
            -0.028807455671620463,
            -0.006195545176859163,
            0.02570913699768987,
            -0.347164776327881,
            -0.3761591222745862,
            0.061900454928669864,
            0.3538886819044914,
            -0.09009469034743883,
            -0.06879296150910015,
            -0.20891062672051955,
            -0.004778288584833795,
            0.14063434263870545,
            -0.02264397443366918
        ],
        [
            -0.50195772117853,
            -0.3310416311454103,
            0.059653442634218526,
            -0.2737460348944536,
            -0.04481624015227387,
            -0.5846630205620256,
            -0.38305316316168514,
            -0.09988748394196252,
            0.09553628742608755,
            0.09578546465592051,
            -0.41166766671044863,
            -0.34588275251714906,
            0.07361163290152774,
            0.1916045030689228,
            -0.07240175521477778,
            -0.20966807397285886,
            -0.2494716940693692,
            -0.018580375513857977,
            0.1680192172090298,
            -0.027364925868105298
        ],
        [
            0.08068461858491,
            0.059653442634218526,
            1.444615826818121,
            0.07146123536816248,
            0.016305822987946136,
            0.0009408073211676915,
            0.052659008075263435,
            0.4458696668659846,
            0.23987016034160763,
            0.05080260911722426,
            0.03470192581935568,
            0.044882036292570565,
            -0.04324897214412138,
            -0.06697778978358582,
            0.017253866960691602,
            0.005969612478696665,
            0.023074506903249394,
            -0.017289747768348587,
            -0.014021587301756448,
            0.0025228247328435796
        ],
        [
            -0.33482006303167766,
            -0.2737460348944536,
            0.07146123536816248,
            1.1463291946275898,
            -0.053324669119725,
            -0.10272447170113641,
            -0.27273406671272304,
            0.19595354917168556,
            -0.4237472776308715,
            -0.1410531383193287,
            -0.29287419467199666,
            -0.23244547471998106,
            0.06458802962865356,
            -0.03235481403182483,
            -0.061711853668339506,
            -0.1434690391047533,
            -0.16928702290449615,
            -0.01262465715989292,
            0.18798864792002784,
            -0.028203450316736583
        ],
        [
            -0.06303117086953623,
            -0.04481624015227387,
            0.016305822987946136,
            -0.053324669119725,
            1.451598281305251,
            0.00439669456851538,
            -0.03723835215265177,
            0.05302330782969161,
            -0.18407926835532928,
            0.4671052968389777,
            -0.01575791915905911,
            -0.030930499245569596,
            0.008496726156608712,
            0.06982591893856296,
            -0.044840640011109906,
            0.009764307320346721,
            -0.011240010949498735,
            0.0014803438776351129,
            -0.010130411793299751,
            -0.016623755573455683
        ],
        [
            -0.6495140950570172,
            -0.5846630205620256,
            0.0009408073211676915,
            -0.10272447170113641,
            0.00439669456851538,
            -0.5254152205508746,
            -0.6325857003095894,
            -0.1573736378794447,
            0.06832503034858999,
            0.15686537963174113,
            -0.5973652938649524,
            -0.5603628607000766,
            0.028065528181900834,
            0.08549555741683568,
            -0.017293405720332944,
            -0.3299675764644743,
            -0.3990290925915482,
            -0.023719056073950945,
            0.2899812980532059,
            -0.053266204696692826
        ],
        [
            -0.4999507324722019,
            -0.38305316316168514,
            0.052659008075263435,
            -0.27273406671272304,
            -0.03723835215265177,
            -0.6325857003095894,
            -0.4384208442674127,
            -0.12213009597501627,
            0.006271322860594106,
            0.12788871595384887,
            -0.5626517064315082,
            -0.42817337120679344,
            0.09452417074773795,
            0.12530546339675347,
            -0.0677553189446988,
            -0.366419830176189,
            -0.3392937062966024,
            -0.03568231991760454,
            0.22833756347195844,
            -0.03374952400084873
        ],
        [
            -0.028807455671620463,
            -0.09988748394196252,
            0.4458696668659846,
            0.19595354917168556,
            0.05302330782969161,
            -0.1573736378794447,
            -0.12213009597501627,
            1.333280799104924,
            -0.00024654171883164815,
            0.047113112536521645,
            -0.03451270311338106,
            -0.10253856292479183,
            0.33597960325165543,
            -0.23738314950532186,
            0.10458391432740088,
            -0.06378491858375421,
            -0.07627752056980064,
            -0.048760728517272534,
            0.06421388761259497,
            -0.00945237148681205
        ],
        [
            -0.006195545176859163,
            0.09553628742608755,
            0.23987016034160763,
            -0.4237472776308715,
            -0.18407926835532928,
            0.06832503034858999,
            0.006271322860594106,
            -0.00024654171883164815,
            0.8030936790154555,
            0.04542879132678585,
            -0.06661006650393952,
            -0.11351844809456035,
            -0.24697691225896684,
            -0.5679490501405764,
            0.3479306012796851,
            -0.3483059443520953,
            -0.18413991087475312,
            -0.055442818261773406,
            0.03434198316886128,
            0.010745290496787713
        ],
        [
            0.02570913699768987,
            0.09578546465592051,
            0.05080260911722426,
            -0.1410531383193287,
            0.4671052968389777,
            0.15686537963174113,
            0.12788871595384887,
            0.047113112536521645,
            0.04542879132678585,
            1.3268769861712193,
            0.05337391863088525,
            0.12008421216690983,
            0.09884829135589476,
            0.31306634669559325,
            0.29280740565640395,
            0.10872852491726769,
            0.0978433850278497,
            0.017657955784727168,
            -0.054599467076961866,
            -0.035391034666994364
        ],
        [
            -0.347164776327881,
            -0.41166766671044863,
            0.03470192581935568,
            -0.29287419467199666,
            -0.01575791915905911,
            -0.5973652938649524,
            -0.5626517064315082,
            -0.03451270311338106,
            -0.06661006650393952,
            0.05337391863088525,
            -0.5381208042797465,
            -0.641063561625153,
            0.1451990559286024,
            -0.07322777441813819,
            -0.05712030700949253,
            -0.6493957096409108,
            -0.5868388100882813,
            0.003502290194924429,
            0.08722876503381527,
            -0.023002439509326594
        ],
        [
            -0.3761591222745862,
            -0.34588275251714906,
            0.044882036292570565,
            -0.23244547471998106,
            -0.030930499245569596,
            -0.5603628607000766,
            -0.42817337120679344,
            -0.10253856292479183,
            -0.11351844809456035,
            0.12008421216690983,
            -0.641063561625153,
            -0.44400126123092964,
            0.11236522412241129,
            -0.003932669252534174,
            -0.05252072075990704,
            -0.4976570356039658,
            -0.3797870691096483,
            -0.04216728319114613,
            0.27205296770228254,
            -0.04137447253493205
        ],
        [
            0.061900454928669864,
            0.07361163290152774,
            -0.04324897214412138,
            0.06458802962865356,
            0.008496726156608712,
            0.028065528181900834,
            0.09452417074773795,
            0.33597960325165543,
            -0.24697691225896684,
            0.09884829135589476,
            0.1451990559286024,
            0.11236522412241129,
            1.339082640971334,
            -0.010177071517294946,
            0.023050789002628802,
            0.024414695654843194,
            0.08920124789655628,
            0.4931340576597082,
            0.16603997502098228,
            -0.014655993190162406
        ],
        [
            0.3538886819044914,
            0.1916045030689228,
            -0.06697778978358582,
            -0.03235481403182483,
            0.06982591893856296,
            0.08549555741683568,
            0.12530546339675347,
            -0.23738314950532186,
            -0.5679490501405764,
            0.31306634669559325,
            -0.07322777441813819,
            -0.003932669252534174,
            -0.010177071517294946,
            0.7631338367428198,
            0.13583272824425924,
            0.0058901069353016755,
            -0.1040209123879336,
            0.20281848294970017,
            -0.43443786179488864,
            0.11649129897670257
        ],
        [
            -0.09009469034743883,
            -0.07240175521477778,
            0.017253866960691602,
            -0.061711853668339506,
            -0.044840640011109906,
            -0.017293405720332944,
            -0.0677553189446988,
            0.10458391432740088,
            0.3479306012796851,
            0.29280740565640395,
            -0.05712030700949253,
            -0.05252072075990704,
            0.023050789002628802,
            0.13583272824425924,
            1.3370959777716913,
            -0.018630143787115847,
            -0.02228491001594588,
            -0.0235882961886899,
            0.13743728898957314,
            0.5190109017059379
        ],
        [
            -0.06879296150910015,
            -0.20966807397285886,
            0.005969612478696665,
            -0.1434690391047533,
            0.009764307320346721,
            -0.3299675764644743,
            -0.366419830176189,
            -0.06378491858375421,
            -0.3483059443520953,
            0.10872852491726769,
            -0.6493957096409108,
            -0.4976570356039658,
            0.024414695654843194,
            0.0058901069353016755,
            -0.018630143787115847,
            -0.34473820714837156,
            -0.5012347542517914,
            -0.06759512682901783,
            0.3435755618017737,
            -0.04573751583459061
        ],
        [
            -0.20891062672051955,
            -0.2494716940693692,
            0.023074506903249394,
            -0.16928702290449615,
            -0.011240010949498735,
            -0.3990290925915482,
            -0.3392937062966024,
            -0.07627752056980064,
            -0.18413991087475312,
            0.0978433850278497,
            -0.5868388100882813,
            -0.3797870691096483,
            0.08920124789655628,
            -0.1040209123879336,
            -0.02228491001594588,
            -0.5012347542517914,
            -0.3264573898274088,
            -0.048784562740156676,
            0.2752891960952218,
            -0.039205969751231404
        ],
        [
            -0.004778288584833795,
            -0.018580375513857977,
            -0.017289747768348587,
            -0.01262465715989292,
            0.0014803438776351129,
            -0.023719056073950945,
            -0.03568231991760454,
            -0.048760728517272534,
            -0.055442818261773406,
            0.017657955784727168,
            0.003502290194924429,
            -0.04216728319114613,
            0.4931340576597082,
            0.20281848294970017,
            -0.0235882961886899,
            -0.06759512682901783,
            -0.048784562740156676,
            1.4560775666659775,
            0.06106545914109597,
            -0.006588327719164972
        ],
        [
            0.14063434263870545,
            0.1680192172090298,
            -0.014021587301756448,
            0.18798864792002784,
            -0.010130411793299751,
            0.2899812980532059,
            0.22833756347195844,
            0.06421388761259497,
            0.03434198316886128,
            -0.054599467076961866,
            0.08722876503381527,
            0.27205296770228254,
            0.16603997502098228,
            -0.43443786179488864,
            0.13743728898957314,
            0.3435755618017737,
            0.2752891960952218,
            0.06106545914109597,
            1.1416827768177005,
            0.04442849161673771
        ],
        [
            -0.02264397443366918,
            -0.027364925868105298,
            0.0025228247328435796,
            -0.028203450316736583,
            -0.016623755573455683,
            -0.053266204696692826,
            -0.03374952400084873,
            -0.00945237148681205,
            0.010745290496787713,
            -0.035391034666994364,
            -0.023002439509326594,
            -0.04137447253493205,
            -0.014655993190162406,
            0.11649129897670257,
            0.5190109017059379,
            -0.04573751583459061,
            -0.039205969751231404,
            -0.006588327719164972,
            0.04442849161673771,
            1.4635571785966521
        ]
    ]
}