{
    "HF": -2.127327310449592,
    "coordinates": [
        [
            0.669299,
            0.066691,
            0.086701
        ],
        [
            1.388417,
            0.062248,
            0.163609
        ],
        [
            2.069199,
            0.186989,
            -0.075984
        ],
        [
            2.838922,
            -0.148519,
            0.178778
        ]
    ],
    "elements": [
        "H",
        "H",
        "H",
        "H"
    ],
    "Enn": 3.034901685292772,
    "S": [
        [
            0.9999999999999999,
            0.6848602514927513,
            0.0,
            0.0,
            0.0,
            0.5842658256056814,
            0.5703959228292372,
            -0.05755221974420725,
            -0.5381343573882409,
            0.003324810323028978,
            0.15545558236226123,
            0.34049209394043595,
            0.023297483449104987,
            -0.2004742113925812,
            -0.017227406730555565,
            0.015662727834742506,
            0.1301473519339314,
            -0.0008086568027920502,
            -0.019054491332733438,
            0.001890059738358951
        ],
        [
            0.6848602514927513,
            1.0000000000000002,
            0.0,
            0.0,
            0.0,
            0.5703959228292372,
            0.8923097965865583,
            -0.017217767344409933,
            -0.1609924379411426,
            0.0009946759805379622,
            0.34049209394043595,
            0.6467384929032101,
            0.020987140457193507,
            -0.18059377278805797,
            -0.015519015414570887,
            0.1301473519339314,
            0.3543952107831332,
            -0.004239894118488807,
            -0.09990520756582014,
            0.009909832132236864
        ],
        [
            0.0,
            0.0,
            1.0000000000000004,
            0.0,
            0.0,
            0.05755221974420725,
            0.01721776734440993,
            0.49934568074285446,
            -0.07281583521407534,
            0.0004498854928622796,
            -0.02329748344910499,
            -0.020987140457193496,
            0.06937670806320895,
            0.04404594699192052,
            0.0037850127375055756,
            0.0008086568027920495,
            0.004239894118488796,
            0.0020217375073810083,
            -0.001072156692118272,
            0.00010634973989065074
        ],
        [
            0.0,
            0.0,
            0.0,
            1.0000000000000004,
            0.0,
            0.5381343573882409,
            0.1609924379411424,
            -0.07281583521407536,
            -0.17372159356045697,
            0.004206594318616228,
            0.20047421139258115,
            0.18059377278805772,
            0.04404594699192052,
            -0.30451880579504603,
            -0.03256993165463352,
            0.019054491332733417,
            0.09990520756582016,
            -0.001072156692118272,
            -0.023196136475167536,
            0.002505933530748975
        ],
        [
            0.0,
            0.0,
            0.0,
            0.0,
            1.0000000000000004,
            -0.003324810323028978,
            -0.0009946759805379622,
            0.0004498854928622796,
            0.004206594318616227,
            0.5071071751792147,
            0.017227406730555568,
            0.01551901541457087,
            0.003785012737505577,
            -0.032569931654633524,
            0.07169652894197992,
            -0.0018900597383589492,
            -0.00990983213223687,
            0.00010634973989065076,
            0.0025059335307489753,
            0.0018186695165769316
        ],
        [
            0.5842658256056814,
            0.5703959228292372,
            0.05755221974420725,
            0.5381343573882411,
            -0.003324810323028978,
            0.9999999999999999,
            0.6848602514927513,
            0.0,
            0.0,
            0.0,
            0.5768386017010283,
            0.5677378946077006,
            0.17641941333630284,
            -0.5012799249139785,
            -0.09185048828214412,
            0.1369185297981601,
            0.32336499645500794,
            -0.0018598254830220731,
            -0.1778420569748124,
            0.025841508179847907
        ],
        [
            0.5703959228292372,
            0.8923097965865583,
            0.017217767344409933,
            0.1609924379411426,
            -0.0009946759805379622,
            0.6848602514927513,
            1.0000000000000002,
            0.0,
            0.0,
            0.0,
            0.5677378946077006,
            0.8897159343174915,
            0.053372090254200026,
            -0.15165200296934706,
            -0.027787489243839225,
            0.32336499645500794,
            0.6262259610161066,
            -0.001851783898595237,
            -0.17707309669931334,
            0.025729773680217692
        ],
        [
            -0.05755221974420725,
            -0.01721776734440993,
            0.49934568074285446,
            -0.07281583521407536,
            0.0004498854928622796,
            0.0,
            0.0,
            1.0000000000000004,
            0.0,
            0.0,
            -0.17641941333630284,
            -0.05337209025420001,
            0.4241321079722373,
            0.21105828670973123,
            0.03867261728785219,
            0.0018598254830220731,
            0.0018517838985952363,
            0.06144090269257966,
            -0.003511764851575368,
            0.0005102803109758225
        ],
        [
            -0.5381343573882409,
            -0.1609924379411426,
            -0.07281583521407534,
            -0.17372159356045663,
            0.004206594318616227,
            0.0,
            0.0,
            0.0,
            1.0000000000000004,
            0.0,
            0.5012799249139785,
            0.151652002969347,
            0.21105828670973123,
            -0.10129165182513016,
            -0.10988477018301279,
            0.1778420569748124,
            0.17707309669931307,
            -0.0035117648515753798,
            -0.27432779615274727,
            0.048794524521852865
        ],
        [
            0.003324810323028978,
            0.0009946759805379622,
            0.0004498854928622796,
            0.004206594318616228,
            0.5071071751792147,
            0.0,
            0.0,
            0.0,
            0.0,
            1.0000000000000004,
            0.09185048828214411,
            0.027787489243839194,
            0.03867261728785219,
            -0.10988477018301279,
            0.47827712351354923,
            -0.025841508179847903,
            -0.02572977368021767,
            0.0005102803109758244,
            0.04879452452185287,
            0.054387493301461524
        ],
        [
            0.15545558236226123,
            0.34049209394043595,
            -0.023297483449104987,
            0.20047421139258123,
            0.01722740673055556,
            0.5768386017010283,
            0.5677378946077006,
            -0.17641941333630284,
            0.5012799249139785,
            0.09185048828214412,
            0.9999999999999999,
            0.6848602514927513,
            0.0,
            0.0,
            0.0,
            0.4631242211670084,
            0.5232491541488321,
            -0.14207732737437093,
            -0.4292641236078498,
            0.18710828126926482
        ],
        [
            0.34049209394043595,
            0.6467384929032101,
            -0.020987140457193507,
            0.18059377278805785,
            0.015519015414570887,
            0.5677378946077006,
            0.8897159343174915,
            -0.053372090254200026,
            0.15165200296934706,
            0.0277874892438392,
            0.6848602514927513,
            1.0000000000000002,
            0.0,
            0.0,
            0.0,
            0.5232491541488321,
            0.8455901839770248,
            -0.052016469889980634,
            -0.15715951850403737,
            0.06850292343382307
        ],
        [
            0.02329748344910499,
            0.020987140457193496,
            0.06937670806320895,
            0.04404594699192053,
            0.003785012737505577,
            0.17641941333630284,
            0.05337209025420001,
            0.4241321079722373,
            0.21105828670973123,
            0.03867261728785219,
            0.0,
            0.0,
            1.0000000000000004,
            0.0,
            0.0,
            0.14207732737437087,
            0.052016469889980634,
            0.30606015037921996,
            -0.18738986745688127,
            0.08167977265941555
        ],
        [
            -0.2004742113925812,
            -0.18059377278805772,
            0.044045946991920513,
            -0.30451880579504614,
            -0.03256993165463352,
            -0.5012799249139785,
            -0.151652002969347,
            0.21105828670973123,
            -0.10129165182513016,
            -0.10988477018301279,
            0.0,
            0.0,
            0.0,
            1.0000000000000004,
            0.0,
            0.4292641236078495,
            0.1571595185040377,
            -0.18738986745688138,
            -0.19808655576572462,
            0.246782485813125
        ],
        [
            -0.01722740673055557,
            -0.015519015414570883,
            0.0037850127375055756,
            -0.03256993165463352,
            0.07169652894197992,
            -0.09185048828214411,
            -0.027787489243839218,
            0.03867261728785219,
            -0.10988477018301279,
            0.47827712351354923,
            0.0,
            0.0,
            0.0,
            0.0,
            1.0000000000000004,
            -0.18710828126926474,
            -0.06850292343382303,
            0.08167977265941555,
            0.24678248581312487,
            0.26051431007414927
        ],
        [
            0.015662727834742506,
            0.1301473519339314,
            0.0008086568027920502,
            0.019054491332733434,
            -0.001890059738358951,
            0.1369185297981601,
            0.32336499645500794,
            0.0018598254830220731,
            0.17784205697481245,
            -0.025841508179847907,
            0.4631242211670084,
            0.5232491541488321,
            0.14207732737437093,
            0.4292641236078496,
            -0.18710828126926482,
            0.9999999999999999,
            0.6848602514927513,
            0.0,
            0.0,
            0.0
        ],
        [
            0.1301473519339314,
            0.3543952107831332,
            0.004239894118488801,
            0.09990520756582018,
            -0.009909832132236864,
            0.32336499645500794,
            0.6262259610161066,
            0.001851783898595237,
            0.17707309669931334,
            -0.025729773680217692,
            0.5232491541488321,
            0.8455901839770248,
            0.052016469889980634,
            0.15715951850403703,
            -0.06850292343382307,
            0.6848602514927513,
            1.0000000000000002,
            0.0,
            0.0,
            0.0
        ],
        [
            -0.0008086568027920495,
            -0.004239894118488796,
            0.0020217375073810083,
            -0.001072156692118272,
            0.00010634973989065074,
            -0.0018598254830220731,
            -0.0018517838985952363,
            0.06144090269257966,
            -0.0035117648515753806,
            0.0005102803109758245,
            -0.14207732737437087,
            -0.052016469889980634,
            0.30606015037921996,
            -0.18738986745688138,
            0.08167977265941555,
            0.0,
            0.0,
            1.0000000000000004,
            0.0,
            0.0
        ],
        [
            -0.019054491332733414,
            -0.09990520756582012,
            -0.001072156692118272,
            -0.023196136475167536,
            0.002505933530748975,
            -0.1778420569748124,
            -0.17707309669931326,
            -0.0035117648515753676,
            -0.27432779615274727,
            0.04879452452185287,
            -0.42926412360784916,
            -0.15715951850403737,
            -0.18738986745688127,
            -0.19808655576572462,
            0.24678248581312487,
            0.0,
            0.0,
            0.0,
            1.0000000000000004,
            0.0
        ],
        [
            0.0018900597383589492,
            0.009909832132236868,
            0.00010634973989065076,
            0.0025059335307489753,
            0.0018186695165769316,
            0.025841508179847903,
            0.02572977368021767,
            0.0005102803109758225,
            0.048794524521852865,
            0.054387493301461524,
            0.18710828126926474,
            0.06850292343382303,
            0.08167977265941555,
            0.246782485813125,
            0.26051431007414927,
            0.0,
            0.0,
            0.0,
            0.0,
            1.0000000000000004
        ]
    ],
    "h": [
        [
            -0.30533749970671153,
            -0.4845253803989379,
            -0.02700432691559486,
            -0.3170651986706038,
            -0.002602630627141602,
            -0.6148661293130245,
            -0.4786058146419643,
            0.024454528737955145,
            0.009047681020018516,
            -0.014633888579697954,
            -0.3018889065346677,
            -0.3439467994985804,
            -0.06760538748801864,
            0.3406095216489326,
            0.03369755031350598,
            -0.019311608969955936,
            -0.1519496566277056,
            0.004582452656459724,
            0.07902664827646073,
            -0.011834073426118641
        ],
        [
            -0.4845253803989379,
            -0.3227162888119366,
            -0.019100902379676776,
            -0.26415956217674313,
            -0.0034733041268944108,
            -0.5680725882310983,
            -0.3770264370123748,
            0.0650651230494642,
            0.10649343610476888,
            -0.023805398260242118,
            -0.37053580845345846,
            -0.3292061737629408,
            -0.07578211129649035,
            0.20618644928835267,
            0.04740814250732015,
            -0.14359526336349016,
            -0.2087046880921709,
            0.020972413066338368,
            0.11338664483098021,
            -0.03326516532661668
        ],
        [
            -0.02700432691559486,
            -0.019100902379676776,
            1.4639523991521932,
            -0.025321597072858165,
            0.0005737709600339941,
            0.00657993695369237,
            -0.01457983127709521,
            0.43607700485651757,
            -0.10252521979043061,
            0.001197464706234251,
            0.001338317859829019,
            -0.012658865495304115,
            -0.050251499178079556,
            0.02532156273429731,
            0.0021547081166570737,
            0.001459427596123452,
            -0.0034607005374561427,
            -0.006689411135999375,
            0.0025864145682750433,
            4.860703104782684e-05
        ],
        [
            -0.3170651986706038,
            -0.26415956217674313,
            -0.025321597072858165,
            1.1536857784307526,
            -0.0020242295909850723,
            -0.09528021190583802,
            -0.2606158431802309,
            -0.07295199491822887,
            -0.5765250404023675,
            -0.009355471147129497,
            -0.2822134345283268,
            -0.21784102578564857,
            -0.0656788981571545,
            0.12144401940927374,
            0.03497445840348755,
            -0.08299285513065645,
            -0.13880970502577838,
            0.009971984826268614,
            0.10841200572673412,
            -0.019275426997432073
        ],
        [
            -0.002602630627141602,
            -0.0034733041268944108,
            0.0005737709600339941,
            -0.0020242295909850723,
            1.467281435937028,
            -0.007503923195705862,
            -0.004777842930144311,
            0.002593106127096701,
            0.0049230254039809695,
            0.4480719678748156,
            -0.010520647837501465,
            -0.003151789532591494,
            -0.0008725806544407468,
            -0.002775542791502314,
            -0.04609664649068401,
            0.0013193955054334626,
            -0.001493697051955456,
            -5.272518721336839e-05,
            -0.0052604541080236815,
            -0.006071013851427838
        ],
        [
            -0.6148661293130245,
            -0.5680725882310983,
            0.00657993695369237,
            -0.09528021190583802,
            -0.007503923195705862,
            -0.5114886100778642,
            -0.631097825514448,
            0.1148741316824474,
            0.048450946550706794,
            -0.04522358123262475,
            -0.5744082843136964,
            -0.5509788462117338,
            -0.032761268785095166,
            0.07937036587067725,
            0.028948298587840288,
            -0.2555529344922879,
            -0.3559026665826552,
            0.0345549534485289,
            0.22913786656409035,
            -0.06204106468985784
        ],
        [
            -0.4786058146419643,
            -0.3770264370123748,
            -0.01457983127709521,
            -0.2606158431802309,
            -0.004777842930144311,
            -0.631097825514448,
            -0.44731449527016665,
            0.09131544803915118,
            0.0011823599135473845,
            -0.033952411503892846,
            -0.5335444202194144,
            -0.42708342190100557,
            -0.10393103784448983,
            0.15584439854325383,
            0.07946223729096649,
            -0.307837313887988,
            -0.3194493898503592,
            0.04310567782522927,
            0.16196638386168838,
            -0.0612444225211723
        ],
        [
            0.024454528737955145,
            0.0650651230494642,
            0.43607700485651757,
            -0.07295199491822887,
            0.002593106127096701,
            0.1148741316824474,
            0.09131544803915118,
            1.3480344239275912,
            0.05233304443514449,
            0.014986404632081507,
            0.015519371843817353,
            0.08170459662226569,
            0.3229697386682321,
            0.2880603655088283,
            0.049759771841363334,
            0.042033785982089136,
            0.06102015297353304,
            -0.05380694942700248,
            -0.04705709416586627,
            0.015463227288214712
        ],
        [
            0.009047681020018516,
            0.10649343610476888,
            -0.10252521979043061,
            -0.5765250404023675,
            0.0049230254039809695,
            0.048450946550706794,
            0.0011823599135473845,
            0.05233304443514449,
            0.7858237828424828,
            -0.034841301302997216,
            -0.03968707817046524,
            -0.12125622919088647,
            0.2838002767955613,
            -0.6020862845338835,
            -0.1257760762394345,
            -0.3029524970058798,
            -0.18980511064665276,
            0.04939685410995889,
            0.09716926632645606,
            -0.0647039465135227
        ],
        [
            -0.014633888579697954,
            -0.023805398260242118,
            0.001197464706234251,
            -0.009355471147129497,
            0.4480719678748156,
            -0.04522358123262475,
            -0.033952411503892846,
            0.014986404632081507,
            -0.034841301302997216,
            1.3721865420574595,
            0.004033570221119165,
            -0.02970119210383846,
            0.054931099808361014,
            -0.14835419562627516,
            0.3932767578248427,
            -0.0024945186666655225,
            -0.02256573158353388,
            0.0027096915596752126,
            0.02244187717144841,
            -0.04930881691012873
        ],
        [
            -0.3018889065346677,
            -0.37053580845345846,
            0.001338317859829019,
            -0.2822134345283268,
            -0.010520647837501465,
            -0.5744082843136964,
            -0.5335444202194144,
            0.015519371843817353,
            -0.03968707817046524,
            0.004033570221119165,
            -0.4199208420228211,
            -0.5910281305844938,
            -0.14455037295742434,
            0.05719751362865717,
            0.12413117925923949,
            -0.5219590310707367,
            -0.5162972944031632,
            0.017309758593182012,
            0.1036553927077506,
            -0.03041103443662263
        ],
        [
            -0.3439467994985804,
            -0.3292061737629408,
            -0.012658865495304115,
            -0.21784102578564857,
            -0.003151789532591494,
            -0.5509788462117338,
            -0.42708342190100557,
            0.08170459662226569,
            -0.12125622919088647,
            -0.02970119210383846,
            -0.5910281305844938,
            -0.43753898096467103,
            -0.12191388791032785,
            0.05708020136447546,
            0.10558133235243242,
            -0.42973413864690935,
            -0.3692683780888226,
            0.0491258841370532,
            0.1905578577245609,
            -0.07100467402497226
        ],
        [
            -0.06760538748801864,
            -0.07578211129649035,
            -0.050251499178079556,
            -0.0656788981571545,
            -0.0008725806544407468,
            -0.032761268785095166,
            -0.10393103784448983,
            0.3229697386682321,
            0.2838002767955613,
            0.054931099808361014,
            -0.14455037295742434,
            -0.12191388791032785,
            1.3550260248886274,
            0.03309483507501393,
            0.03836398652473531,
            -0.03340872158270103,
            -0.09035220526532771,
            0.1755525038347187,
            -0.2092523268761728,
            0.097602971564522
        ],
        [
            0.3406095216489326,
            0.20618644928835267,
            0.02532156273429731,
            0.12144401940927374,
            -0.002775542791502314,
            0.07937036587067725,
            0.15584439854325383,
            0.2880603655088283,
            -0.6020862845338835,
            -0.14835419562627516,
            0.05719751362865717,
            0.05708020136447546,
            0.03309483507501393,
            0.9280904871156983,
            0.0277643553042603,
            -0.04775252833629828,
            -0.06065844546095628,
            -0.24062527559627844,
            -0.5033557972847054,
            0.31992307646222445
        ],
        [
            0.03369755031350598,
            0.04740814250732015,
            0.0021547081166570737,
            0.03497445840348755,
            -0.04609664649068401,
            0.028948298587840288,
            0.07946223729096649,
            0.049759771841363334,
            -0.1257760762394345,
            0.3932767578248427,
            0.12413117925923949,
            0.10558133235243242,
            0.03836398652473531,
            0.0277643553042603,
            1.3633556558753614,
            0.033596845272690856,
            0.08940011787932964,
            0.10226775752530695,
            0.2925774726219054,
            0.119661597903092
        ],
        [
            -0.019311608969955936,
            -0.14359526336349016,
            0.001459427596123452,
            -0.08299285513065645,
            0.0013193955054334626,
            -0.2555529344922879,
            -0.307837313887988,
            0.042033785982089136,
            -0.3029524970058798,
            -0.0024945186666655225,
            -0.5219590310707367,
            -0.42973413864690935,
            -0.03340872158270103,
            -0.04775252833629828,
            0.033596845272690856,
            -0.21140501330248074,
            -0.44374734073635314,
            0.06387924454183928,
            0.21097624595128522,
            -0.08749996712037948
        ],
        [
            -0.1519496566277056,
            -0.2087046880921709,
            -0.0034607005374561427,
            -0.13880970502577838,
            -0.001493697051955456,
            -0.3559026665826552,
            -0.3194493898503592,
            0.06102015297353304,
            -0.18980511064665276,
            -0.02256573158353388,
            -0.5162972944031632,
            -0.3692683780888226,
            -0.09035220526532771,
            -0.06065844546095628,
            0.08940011787932964,
            -0.44374734073635314,
            -0.31207516602027563,
            0.056687190582571816,
            0.19763335264822315,
            -0.07905113048159945
        ],
        [
            0.004582452656459724,
            0.020972413066338368,
            -0.006689411135999375,
            0.009971984826268614,
            -5.272518721336839e-05,
            0.0345549534485289,
            0.04310567782522927,
            -0.05380694942700248,
            0.04939685410995889,
            0.0027096915596752126,
            0.017309758593182012,
            0.0491258841370532,
            0.1755525038347187,
            -0.24062527559627844,
            0.10226775752530695,
            0.06387924454183928,
            0.056687190582571816,
            1.480671876468336,
            -0.05251218020143452,
            0.023013001774996995
        ],
        [
            0.07902664827646073,
            0.11338664483098021,
            0.0025864145682750433,
            0.10841200572673412,
            -0.0052604541080236815,
            0.22913786656409035,
            0.16196638386168838,
            -0.04705709416586627,
            0.09716926632645606,
            0.02244187717144841,
            0.1036553927077506,
            0.1905578577245609,
            -0.2092523268761728,
            -0.5033557972847054,
            0.2925774726219054,
            0.21097624595128522,
            0.19763335264822315,
            -0.05251218020143452,
            1.3145499654483992,
            0.07286330978998497
        ],
        [
            -0.011834073426118641,
            -0.03326516532661668,
            4.860703104782684e-05,
            -0.019275426997432073,
            -0.006071013851427838,
            -0.06204106468985784,
            -0.0612444225211723,
            0.015463227288214712,
            -0.0647039465135227,
            -0.04930881691012873,
            -0.03041103443662263,
            -0.07100467402497226,
            0.097602971564522,
            0.31992307646222445,
            0.119661597903092,
            -0.08749996712037948,
            -0.07905113048159945,
            0.023013001774996995,
            0.07286330978998497,
            1.4672766449420362
        ]
    ]
}