{
    "HF": -2.164832117042265,
    "coordinates": [
        [
            0.768849,
            0.014506,
            -0.153402
        ],
        [
            1.599795,
            -0.175427,
            0.197989
        ],
        [
            2.362757,
            -0.009343,
            -0.172368
        ],
        [
            3.099897,
            -0.144632,
            -0.070654
        ]
    ],
    "elements": [
        "H",
        "H",
        "H",
        "H"
    ],
    "Enn": 2.791410297928525,
    "S": [
        [
            0.9999999999999999,
            0.6848602514927513,
            0.0,
            0.0,
            0.0,
            0.43014413497154236,
            0.508812635755889,
            -0.17848194716897178,
            -0.42206220441692693,
            0.09647262357785008,
            0.09802540104276478,
            0.2819683731982365,
            0.0015476659263921103,
            -0.1300662818413897,
            0.0019461291088540267,
            0.008862358967627867,
            0.10189973009232023,
            -0.0003621435314428636,
            -0.010201744509629527,
            0.0006964615133508293
        ],
        [
            0.6848602514927513,
            1.0000000000000002,
            0.0,
            0.0,
            0.0,
            0.508812635755889,
            0.8309676778606011,
            -0.06963418851277191,
            -0.1646662845887737,
            0.03763850049317231,
            0.2819683731982365,
            0.574864302249214,
            0.0019996728972061974,
            -0.1680530754107419,
            0.0025145101194490463,
            0.10189973009232023,
            0.3040155356586149,
            -0.0029303235690186745,
            -0.0825485195402165,
            0.005635493693219097
        ],
        [
            0.0,
            0.0,
            1.0000000000000004,
            0.0,
            0.0,
            0.17848194716897178,
            0.0696341885127719,
            0.22539781674159096,
            -0.25147574355342595,
            0.057480922226393595,
            -0.0015476659263921103,
            -0.0019996728972061974,
            0.03688418254735007,
            0.0028974574422844235,
            -4.335348247266545e-05,
            0.00036214353144286345,
            0.0029303235690186723,
            0.0008142874924169507,
            -0.0004151531398183719,
            2.8342033439215356e-05
        ],
        [
            0.0,
            0.0,
            0.0,
            1.0000000000000004,
            0.0,
            0.42206220441692704,
            0.16466628458877364,
            -0.251475743553426,
            -0.2629310183273126,
            0.1359270510637235,
            0.13006628184138969,
            0.1680530754107421,
            0.002897457442284425,
            -0.2065844827481819,
            0.003643438919173328,
            0.010201744509629527,
            0.08254851954021657,
            -0.0004151531398183719,
            -0.010866024097663624,
            0.0007984077000582015
        ],
        [
            0.0,
            0.0,
            0.0,
            0.0,
            1.0000000000000004,
            -0.09647262357785005,
            -0.03763850049317228,
            0.05748092222639358,
            0.1359270510637234,
            0.3006726004378789,
            -0.0019461291088540258,
            -0.0025145101194490437,
            -4.335348247266543e-05,
            0.003643438919173325,
            0.03686414425346297,
            -0.0006964615133508291,
            -0.005635493693219094,
            2.8342033439215346e-05,
            0.0007984077000582013,
            0.0007745182930876485
        ],
        [
            0.43014413497154236,
            0.508812635755889,
            0.17848194716897178,
            0.42206220441692704,
            -0.09647262357785008,
            0.9999999999999999,
            0.6848602514927513,
            0.0,
            0.0,
            0.0,
            0.4731484035636301,
            0.5274864851589278,
            0.21221831733563118,
            -0.4371849643209873,
            -0.09516781650237735,
            0.11794180643114399,
            0.3042407541640401,
            0.02745641552889821,
            -0.1533165719848693,
            -0.003147375201335673
        ],
        [
            0.508812635755889,
            0.8309676778606011,
            0.06963418851277191,
            0.1646662845887737,
            -0.03763850049317232,
            0.6848602514927513,
            1.0000000000000002,
            0.0,
            0.0,
            0.0,
            0.5274864851589278,
            0.8498528660610458,
            0.07627228965485543,
            -0.15712639064375133,
            -0.03420377353482452,
            0.3042407541640401,
            0.6028283208397873,
            0.03072464287899171,
            -0.17156634727895834,
            -0.0035220176124393663
        ],
        [
            -0.17848194716897178,
            -0.0696341885127719,
            0.22539781674159096,
            -0.251475743553426,
            0.057480922226393595,
            0.0,
            0.0,
            1.0000000000000004,
            0.0,
            0.0,
            -0.21221831733563118,
            -0.07627228965485541,
            0.24421701698067438,
            0.27823631893167594,
            0.06056736874634448,
            -0.027456415528898197,
            -0.030724642878991675,
            0.03981686639675122,
            0.05126238455727441,
            0.0010523451954875492
        ],
        [
            -0.42206220441692693,
            -0.16466628458877364,
            -0.25147574355342595,
            -0.2629310183273127,
            0.13592705106372346,
            0.0,
            0.0,
            0.0,
            1.0000000000000004,
            0.0,
            0.4371849643209873,
            0.1571263906437513,
            0.2782363189316761,
            -0.19390829983139105,
            -0.12477312645217586,
            0.15331657198486925,
            0.1715663472789581,
            0.051262384557274415,
            -0.23725196167723347,
            -0.005876293565963989
        ],
        [
            0.09647262357785005,
            0.03763850049317229,
            0.05748092222639358,
            0.13592705106372346,
            0.3006726004378789,
            0.0,
            0.0,
            0.0,
            0.0,
            1.0000000000000004,
            0.09516781650237736,
            0.03420377353482452,
            0.06056736874634448,
            -0.1247731264521758,
            0.35211747393252196,
            0.003147375201335673,
            0.003522017612439365,
            0.0010523451954875516,
            -0.005876293565964002,
            0.04887646388695922
        ],
        [
            0.09802540104276478,
            0.2819683731982365,
            -0.0015476659263921103,
            0.13006628184138969,
            -0.0019461291088540267,
            0.4731484035636301,
            0.5274864851589278,
            -0.21221831733563118,
            0.4371849643209873,
            0.09516781650237738,
            0.9999999999999999,
            0.6848602514927513,
            0.0,
            0.0,
            0.0,
            0.5575894343318063,
            0.5607187364819101,
            -0.07174982366753485,
            -0.5199841223261956,
            0.09543388220065208
        ],
        [
            0.2819683731982365,
            0.574864302249214,
            -0.0019996728972061974,
            0.16805307541074202,
            -0.0025145101194490463,
            0.5274864851589278,
            0.8498528660610458,
            -0.07627228965485543,
            0.15712639064375133,
            0.034203773534824525,
            0.6848602514927513,
            1.0000000000000002,
            0.0,
            0.0,
            0.0,
            0.5607187364819101,
            0.8828439048145718,
            -0.022359069314237114,
            -0.16204027325930323,
            0.02973962412700145
        ],
        [
            0.0015476659263921103,
            0.0019996728972061974,
            0.03688418254735007,
            0.002897457442284424,
            -4.335348247266545e-05,
            0.21221831733563118,
            0.0762722896548554,
            0.24421701698067438,
            0.2782363189316761,
            0.06056736874634448,
            0.0,
            0.0,
            1.0000000000000004,
            0.0,
            0.0,
            0.07174982366753485,
            0.02235906931423711,
            0.4631237745950182,
            -0.09263695404484722,
            0.017001873288348658
        ],
        [
            -0.1300662818413897,
            -0.1680530754107419,
            0.0028974574422844248,
            -0.20658448274818192,
            0.003643438919173327,
            -0.43718496432098697,
            -0.1571263906437513,
            0.27823631893167594,
            -0.19390829983139105,
            -0.1247731264521758,
            0.0,
            0.0,
            0.0,
            1.0000000000000004,
            0.0,
            0.5199841223261956,
            0.16204027325930317,
            -0.09263695404484709,
            -0.19545073267463947,
            0.12321569180027646
        ],
        [
            0.0019461291088540258,
            0.0025145101194490437,
            -4.335348247266543e-05,
            0.003643438919173325,
            0.03686414425346297,
            -0.09516781650237735,
            -0.03420377353482452,
            0.06056736874634448,
            -0.12477312645217586,
            0.35211747393252196,
            0.0,
            0.0,
            0.0,
            0.0,
            1.0000000000000004,
            -0.09543388220065206,
            -0.02973962412700144,
            0.017001873288348658,
            0.12321569180027661,
            0.45329219228467005
        ],
        [
            0.008862358967627867,
            0.10189973009232023,
            0.0003621435314428636,
            0.010201744509629527,
            -0.0006964615133508293,
            0.11794180643114399,
            0.3042407541640401,
            -0.02745641552889821,
            0.15331657198486937,
            0.0031473752013356803,
            0.5575894343318063,
            0.5607187364819101,
            0.07174982366753485,
            0.5199841223261956,
            -0.09543388220065206,
            0.9999999999999999,
            0.6848602514927513,
            0.0,
            0.0,
            0.0
        ],
        [
            0.10189973009232023,
            0.3040155356586149,
            0.002930323569018671,
            0.08254851954021653,
            -0.005635493693219096,
            0.3042407541640401,
            0.6028283208397873,
            -0.03072464287899171,
            0.17156634727895834,
            0.0035220176124393663,
            0.5607187364819101,
            0.8828439048145718,
            0.022359069314237114,
            0.16204027325930323,
            -0.029739624127001436,
            0.6848602514927513,
            1.0000000000000002,
            0.0,
            0.0,
            0.0
        ],
        [
            -0.00036214353144286345,
            -0.0029303235690186723,
            0.0008142874924169507,
            -0.0004151531398183719,
            2.8342033439215356e-05,
            0.027456415528898197,
            0.030724642878991664,
            0.03981686639675122,
            0.051262384557274394,
            0.0010523451954875512,
            -0.07174982366753485,
            -0.02235906931423711,
            0.4631237745950182,
            -0.09263695404484709,
            0.017001873288348658,
            0.0,
            0.0,
            1.0000000000000004,
            0.0,
            0.0
        ],
        [
            -0.010201744509629527,
            -0.08254851954021654,
            -0.0004151531398183719,
            -0.010866024097663624,
            0.0007984077000582015,
            -0.1533165719848693,
            -0.17156634727895825,
            0.05126238455727443,
            -0.23725196167723353,
            -0.005876293565964002,
            -0.5199841223261955,
            -0.16204027325930317,
            -0.09263695404484722,
            -0.19545073267463947,
            0.12321569180027661,
            0.0,
            0.0,
            0.0,
            1.0000000000000004,
            0.0
        ],
        [
            0.0006964615133508291,
            0.005635493693219096,
            2.8342033439215346e-05,
            0.0007984077000582013,
            0.0007745182930876485,
            -0.003147375201335673,
            -0.003522017612439365,
            0.0010523451954875496,
            -0.005876293565963989,
            0.04887646388695922,
            0.09543388220065205,
            0.02973962412700144,
            0.017001873288348658,
            0.12321569180027646,
            0.45329219228467005,
            0.0,
            0.0,
            0.0,
            0.0,
            1.0000000000000004
        ]
    ],
    "h": [
        [
            -0.18806199593318929,
            -0.432671921053847,
            -0.07625738301415066,
            -0.19443650334256357,
            0.04121921345748089,
            -0.49215697995321833,
            -0.4179152133414923,
            0.03965971530227386,
            0.06360844392186893,
            -0.02183369821205891,
            -0.1943638675910475,
            -0.275437757227324,
            -0.04660331501234534,
            0.24809490398241488,
            0.015741256639988967,
            -0.004139112118181212,
            -0.11822003619159158,
            -0.003208641180411767,
            0.053638522050199644,
            -0.0016706856423103625
        ],
        [
            -0.432671921053847,
            -0.30680113858236324,
            -0.06985348913252358,
            -0.18537380689118285,
            0.03789800293709565,
            -0.4842977192581812,
            -0.3621809860988754,
            0.1025670240500188,
            0.08195368690735871,
            -0.05249294795777977,
            -0.2972176829085892,
            -0.29699838477953666,
            -0.06795499730132246,
            0.15006713517284617,
            0.03247917039584286,
            -0.12467875455287741,
            -0.18713823283313769,
            0.0028355211634348686,
            0.11269362150650089,
            -0.011522716782293847
        ],
        [
            -0.07625738301415066,
            -0.06985348913252358,
            1.4760949603877298,
            -0.06306261182399726,
            0.014552467927834841,
            -0.02441496465315246,
            -0.059537755574796264,
            0.08005874624106613,
            -0.30690485651780947,
            0.06854702517602694,
            -0.029282154532181887,
            -0.04830639064417961,
            -0.051768840088198355,
            0.043576081731181486,
            0.0048577027825715815,
            -0.0020927889290256003,
            -0.021413003694181542,
            -0.0034761853949136297,
            0.006868402476508115,
            -0.00016512707953611594
        ],
        [
            -0.19443650334256357,
            -0.18537380689118285,
            -0.06306261182399726,
            1.3367746135490628,
            0.0343254057829515,
            -0.09197917876435957,
            -0.17240473047038668,
            -0.27986033122481235,
            -0.5349565335607527,
            0.15273193377034364,
            -0.18596689750646278,
            -0.1392419393168698,
            -0.04633826514271136,
            0.1438954264028745,
            0.019109466871105475,
            -0.050981091395672834,
            -0.0934923148628009,
            0.0005829698924607811,
            0.06731572032952107,
            -0.004906661400166147
        ],
        [
            0.04121921345748089,
            0.03789800293709565,
            0.014552467927834841,
            0.0343254057829515,
            1.4952234738041108,
            0.013674755703236036,
            0.03261198291946723,
            0.06817807351398403,
            0.16643589902023087,
            0.16998953201244138,
            0.01835590477591644,
            0.026545121759189386,
            0.006904942594995621,
            -0.025034882634792695,
            -0.042444167849776865,
            0.00286678255858879,
            0.012948245514813788,
            0.00023086146155233597,
            -0.006123520244587924,
            -0.0026569783231260072
        ],
        [
            -0.49215697995321833,
            -0.4842977192581812,
            -0.02441496465315246,
            -0.09197917876435957,
            0.013674755703236036,
            -0.3290676508053134,
            -0.5459003687225957,
            0.15328150614647573,
            0.010089168417032918,
            -0.07556982573025982,
            -0.4728943406817394,
            -0.47049892513084457,
            -0.028515378408944136,
            0.05439957651468752,
            0.01667636097916486,
            -0.23786356641607492,
            -0.3150575109685102,
            -0.008410057829993309,
            0.2266289639809019,
            -0.015846588904963217
        ],
        [
            -0.4179152133414923,
            -0.3621809860988754,
            -0.059537755574796264,
            -0.17240473047038668,
            0.03261198291946723,
            -0.5459003687225957,
            -0.42400445093249517,
            0.1407055590941061,
            -0.010183751482579106,
            -0.06826223511491077,
            -0.487466478651567,
            -0.40781218067733116,
            -0.0905021105700383,
            0.08147536309605713,
            0.05306013759512825,
            -0.31328559892574015,
            -0.3100120819615586,
            0.01397480203789437,
            0.1867914055111939,
            -0.026774774524518066
        ],
        [
            0.03965971530227386,
            0.1025670240500188,
            0.08005874624106613,
            -0.27986033122481235,
            0.06817807351398403,
            0.15328150614647573,
            0.1407055590941061,
            1.3659361624752613,
            0.016656876166323796,
            0.03133896366895674,
            0.0449209239862689,
            0.11451322586694596,
            0.09635409756691954,
            0.34390075011922616,
            0.07187977322824277,
            0.07602158385593166,
            0.08362736695190148,
            -0.046469500677209966,
            -0.07610282664148582,
            0.008538944832076203
        ],
        [
            0.06360844392186893,
            0.08195368690735871,
            -0.30690485651780947,
            -0.5349565335607527,
            0.16643589902023087,
            0.010089168417032918,
            -0.010183751482579106,
            0.016656876166323796,
            1.068204527649482,
            0.001048295466806687,
            -0.08506715916900487,
            -0.1116406358908425,
            0.3473050788581986,
            -0.5996419617217155,
            -0.14473753568665496,
            -0.2793585422736341,
            -0.1624313720836929,
            0.009941047257167684,
            0.14846611817289185,
            -0.02502353840066729
        ],
        [
            -0.02183369821205891,
            -0.05249294795777977,
            0.06854702517602694,
            0.15273193377034364,
            0.16998953201244138,
            -0.07556982573025982,
            -0.06826223511491077,
            0.03133896366895674,
            0.001048295466806687,
            1.4152450263601095,
            -0.017345597415108327,
            -0.05200710594629466,
            0.07375519424734459,
            -0.14899808379051543,
            0.2274812386508377,
            -0.025027077473137135,
            -0.03571632082645526,
            0.000582145106203471,
            0.03041770981229691,
            -0.047654334288748976
        ],
        [
            -0.1943638675910475,
            -0.2972176829085892,
            -0.029282154532181887,
            -0.18596689750646278,
            0.01835590477591644,
            -0.4728943406817394,
            -0.487466478651567,
            0.0449209239862689,
            -0.08506715916900487,
            -0.017345597415108327,
            -0.41923162139736325,
            -0.5871646755159472,
            -0.11891497958268758,
            -0.10640400816244906,
            0.08619711026235981,
            -0.5873863415524628,
            -0.5386633442453308,
            -0.005719902461060605,
            0.07526708705114227,
            -0.003906681489755176
        ],
        [
            -0.275437757227324,
            -0.29699838477953666,
            -0.04830639064417961,
            -0.1392419393168698,
            0.026545121759189386,
            -0.47049892513084457,
            -0.40781218067733116,
            0.11451322586694596,
            -0.1116406358908425,
            -0.05200710594629466,
            -0.5871646755159472,
            -0.43365175168242587,
            -0.10368493174850907,
            -0.04438081196297569,
            0.07169441134693623,
            -0.4700601973102355,
            -0.3719767875840989,
            0.01851032791889515,
            0.2371241734218834,
            -0.03475342407713523
        ],
        [
            -0.04660331501234534,
            -0.06795499730132246,
            -0.051768840088198355,
            -0.04633826514271136,
            0.006904942594995621,
            -0.028515378408944136,
            -0.0905021105700383,
            0.09635409756691954,
            0.3473050788581986,
            0.07375519424734459,
            -0.11891497958268758,
            -0.10368493174850907,
            1.3685327502827438,
            0.04275647235529441,
            0.023408552633230408,
            -0.024717293484976477,
            -0.07276196491040554,
            0.3850635071055373,
            -0.10044633459107621,
            0.02269430270670964
        ],
        [
            0.24809490398241488,
            0.15006713517284617,
            0.043576081731181486,
            0.1438954264028745,
            -0.025034882634792695,
            0.05439957651468752,
            0.08147536309605713,
            0.34390075011922616,
            -0.5996419617217155,
            -0.14899808379051543,
            -0.10640400816244906,
            -0.04438081196297569,
            0.04275647235529441,
            0.9445165422044213,
            0.014317415346908008,
            -0.022474378168429787,
            -0.1243184099325943,
            -0.12826378147339706,
            -0.5666905544060536,
            0.1742166209096723
        ],
        [
            0.015741256639988967,
            0.03247917039584286,
            0.0048577027825715815,
            0.019109466871105475,
            -0.042444167849776865,
            0.01667636097916486,
            0.05306013759512825,
            0.07187977322824277,
            -0.14473753568665496,
            0.2274812386508377,
            0.08619711026235981,
            0.07169441134693623,
            0.023408552633230408,
            0.014317415346908008,
            1.3946908109553027,
            0.01641887705316064,
            0.058024836458129406,
            0.025461622611328304,
            0.15711085821701237,
            0.37437510456714784
        ],
        [
            -0.004139112118181212,
            -0.12467875455287741,
            -0.0020927889290256003,
            -0.050981091395672834,
            0.00286678255858879,
            -0.23786356641607492,
            -0.31328559892574015,
            0.07602158385593166,
            -0.2793585422736341,
            -0.025027077473137135,
            -0.5873863415524628,
            -0.4700601973102355,
            -0.024717293484976477,
            -0.022474378168429787,
            0.01641887705316064,
            -0.2811819779177154,
            -0.47559847584966597,
            0.03267241814683459,
            0.29070540192619365,
            -0.04914713631393401
        ],
        [
            -0.11822003619159158,
            -0.18713823283313769,
            -0.021413003694181542,
            -0.0934923148628009,
            0.012948245514813788,
            -0.3150575109685102,
            -0.3100120819615586,
            0.08362736695190148,
            -0.1624313720836929,
            -0.03571632082645526,
            -0.5386633442453308,
            -0.3719767875840989,
            -0.07276196491040554,
            -0.1243184099325943,
            0.058024836458129406,
            -0.47559847584966597,
            -0.31982080671086566,
            0.02403508307876125,
            0.24599589882237924,
            -0.03925996245160164
        ],
        [
            -0.003208641180411767,
            0.0028355211634348686,
            -0.0034761853949136297,
            0.0005829698924607811,
            0.00023086146155233597,
            -0.008410057829993309,
            0.01397480203789437,
            -0.046469500677209966,
            0.009941047257167684,
            0.000582145106203471,
            -0.005719902461060605,
            0.01851032791889515,
            0.3850635071055373,
            -0.12826378147339706,
            0.025461622611328304,
            0.03267241814683459,
            0.02403508307876125,
            1.4689012761669076,
            -0.03027510200308884,
            0.006524254826196145
        ],
        [
            0.053638522050199644,
            0.11269362150650089,
            0.006868402476508115,
            0.06731572032952107,
            -0.006123520244587924,
            0.2266289639809019,
            0.1867914055111939,
            -0.07610282664148582,
            0.14846611817289185,
            0.03041770981229691,
            0.07526708705114227,
            0.2371241734218834,
            -0.10044633459107621,
            -0.5666905544060536,
            0.15711085821701237,
            0.29070540192619365,
            0.24599589882237924,
            -0.03027510200308884,
            1.1969033645564,
            0.04600755951498936
        ],
        [
            -0.0016706856423103625,
            -0.011522716782293847,
            -0.00016512707953611594,
            -0.004906661400166147,
            -0.0026569783231260072,
            -0.015846588904963217,
            -0.026774774524518066,
            0.008538944832076203,
            -0.02502353840066729,
            -0.047654334288748976,
            -0.003906681489755176,
            -0.03475342407713523,
            0.02269430270670964,
            0.1742166209096723,
            0.37437510456714784,
            -0.04914713631393401,
            -0.03925996245160164,
            0.006524254826196145,
            0.04600755951498936,
            1.4660278679974823
        ]
    ]
}