{
    "HF": -2.1521436336092643,
    "coordinates": [
        [
            0.715987,
            -0.050977,
            0.067673
        ],
        [
            1.503132,
            0.182532,
            0.050688
        ],
        [
            2.253517,
            -0.043493,
            0.174397
        ],
        [
            3.086751,
            -0.040341,
            -0.184741
        ]
    ],
    "elements": [
        "H",
        "H",
        "H",
        "H"
    ],
    "Enn": 2.787237479227108,
    "S": [
        [
            0.9999999999999999,
            0.6848602514927513,
            0.0,
            0.0,
            0.0,
            0.5062322508463183,
            0.5410102130536435,
            0.010602129905995886,
            -0.4913402145925898,
            -0.14575759506736502,
            0.11283793659483496,
            0.29877173406711566,
            -0.010335385282144309,
            -0.1488977636975313,
            -0.0007247669076455905,
            0.007432134073074366,
            0.09445391937952258,
            0.0008902876885715686,
            -0.00836190544783049,
            -3.75141626678679e-05
        ],
        [
            0.6848602514927513,
            1.0000000000000002,
            0.0,
            0.0,
            0.0,
            0.5410102130536435,
            0.8633712028757343,
            0.003593764738694,
            -0.16654777422662856,
            -0.049406912591563046,
            0.29877173406711566,
            0.5960356195441706,
            -0.011971400161623338,
            -0.17246717599134914,
            -0.0008394921368163592,
            0.09445391937952258,
            0.2898911809564353,
            0.008239252398187525,
            -0.07738605217038937,
            -0.0003471783994038473
        ],
        [
            0.0,
            0.0,
            1.0000000000000004,
            0.0,
            0.0,
            -0.010602129905995886,
            -0.003593764738693999,
            0.41636557360084075,
            0.014462808815288341,
            0.004290436988927283,
            0.010335385282144302,
            0.011971400161623347,
            0.04444342315834942,
            -0.019510180097034254,
            -9.496672445168854e-05,
            -0.000890287688571568,
            -0.008239252398187522,
            0.0005211026592478425,
            0.0009700262298035686,
            4.351845641401149e-06
        ],
        [
            0.0,
            0.0,
            0.0,
            1.0000000000000004,
            0.0,
            0.4913402145925895,
            0.1665477742266287,
            0.014462808815288325,
            -0.25358008412084704,
            -0.1988340314188498,
            0.14889776369753135,
            0.17246717599134911,
            -0.01951018009703426,
            -0.23527768847670333,
            -0.001368147631706127,
            0.008361905447830487,
            0.0773860521703893,
            0.0009700262298035681,
            -0.008486457955936453,
            -4.087411546186325e-05
        ],
        [
            0.0,
            0.0,
            0.0,
            0.0,
            1.0000000000000004,
            0.14575759506736502,
            0.049406912591563,
            0.004290436988927278,
            -0.1988340314188498,
            0.35769292112276296,
            0.0007247669076455906,
            0.0008394921368163591,
            -9.496672445168835e-05,
            -0.001368147631706124,
            0.04579101653460887,
            3.751416266786788e-05,
            0.00034717839940384725,
            4.351845641401155e-06,
            -4.087411546186332e-05,
            0.0006241974690549703
        ],
        [
            0.5062322508463183,
            0.5410102130536435,
            -0.010602129905995886,
            0.4913402145925897,
            0.14575759506736502,
            0.9999999999999999,
            0.6848602514927513,
            0.0,
            0.0,
            0.0,
            0.5280751164078767,
            0.5495741921997697,
            -0.0814621835764463,
            -0.4941273522784249,
            0.14883711001516686,
            0.09228203295846078,
            0.27502943074831204,
            0.017852121854003963,
            -0.12008273984222802,
            0.016900024865107634
        ],
        [
            0.5410102130536435,
            0.8633712028757343,
            -0.003593764738694,
            0.16654777422662873,
            0.049406912591563046,
            0.6848602514927513,
            1.0000000000000002,
            0.0,
            0.0,
            0.0,
            0.5495741921997697,
            0.8718653155865149,
            -0.026617490385152275,
            -0.16145442548773734,
            0.04863201759212383,
            0.27502943074831215,
            0.5659828626506507,
            0.02416920962726026,
            -0.16257478722125232,
            0.022880207014668443
        ],
        [
            0.010602129905995886,
            0.003593764738693999,
            0.41636557360084075,
            0.014462808815288329,
            0.0042904369889272785,
            0.0,
            0.0,
            1.0000000000000004,
            0.0,
            0.0,
            0.08146218357644631,
            0.026617490385152296,
            0.42415998614410694,
            -0.10645218728818617,
            0.0320646809728503,
            -0.01785212185400396,
            -0.02416920962726024,
            0.028805582811151635,
            0.03256818138404192,
            -0.004583531954090961
        ],
        [
            -0.4913402145925895,
            -0.16654777422662886,
            0.01446280881528834,
            -0.25358008412084704,
            -0.1988340314188498,
            0.0,
            0.0,
            0.0,
            1.0000000000000004,
            0.0,
            0.49412735227842486,
            0.16145442548773725,
            -0.10645218728818608,
            -0.20400011941919974,
            0.19449559556549856,
            0.12008273984222802,
            0.16257478722125238,
            0.03256818138404191,
            -0.18542334149998246,
            0.03083124122179329
        ],
        [
            -0.14575759506736502,
            -0.04940691259156299,
            0.004290436988927282,
            -0.1988340314188498,
            0.35769292112276296,
            0.0,
            0.0,
            0.0,
            0.0,
            1.0000000000000004,
            -0.14883711001516686,
            -0.04863201759212382,
            0.032064680972850285,
            0.1944955955654987,
            0.3831253527886193,
            -0.01690002486510763,
            -0.022880207014668422,
            -0.004583531954090961,
            0.0308312412217933,
            0.029308256213175017
        ],
        [
            0.11283793659483496,
            0.29877173406711566,
            0.010335385282144305,
            0.14889776369753135,
            0.0007247669076455905,
            0.5280751164078767,
            0.5495741921997697,
            0.08146218357644631,
            0.4941273522784249,
            -0.14883711001516686,
            0.9999999999999999,
            0.6848602514927513,
            0.0,
            0.0,
            0.0,
            0.4408621578945836,
            0.5135905280673398,
            0.1881833473782039,
            -0.4366030976096384,
            -0.0016516044276464734
        ],
        [
            0.29877173406711566,
            0.5960356195441706,
            0.011971400161623348,
            0.17246717599134914,
            0.0008394921368163592,
            0.5495741921997697,
            0.8718653155865149,
            0.026617490385152286,
            0.16145442548773767,
            -0.04863201759212384,
            0.6848602514927513,
            1.0000000000000002,
            0.0,
            0.0,
            0.0,
            0.5135905280673398,
            0.8358243870417266,
            0.07188324664762635,
            -0.16677590546583249,
            -0.0006308883867296593
        ],
        [
            -0.010335385282144303,
            -0.011971400161623336,
            0.04444342315834942,
            -0.01951018009703426,
            -9.496672445168835e-05,
            -0.0814621835764463,
            -0.026617490385152306,
            0.42415998614410694,
            -0.10645218728818609,
            0.03206468097285029,
            0.0,
            0.0,
            1.0000000000000004,
            0.0,
            0.0,
            -0.18818334737820389,
            -0.07188324664762631,
            0.22845440521369434,
            0.26683495768130927,
            0.0010093968640399777
        ],
        [
            -0.1488977636975313,
            -0.17246717599134911,
            -0.019510180097034254,
            -0.23527768847670344,
            -0.001368147631706124,
            -0.49412735227842486,
            -0.16145442548773725,
            -0.10645218728818616,
            -0.2040001194191996,
            0.1944955955654987,
            0.0,
            0.0,
            0.0,
            1.0000000000000004,
            0.0,
            0.4366030976096385,
            0.16677590546583249,
            0.2668349576813094,
            -0.27561744241832886,
            -0.0023418958356160773
        ],
        [
            -0.0007247669076455906,
            -0.0008394921368163591,
            -9.496672445168854e-05,
            -0.001368147631706127,
            0.04579101653460887,
            0.14883711001516686,
            0.048632017592123815,
            0.03206468097285029,
            0.19449559556549856,
            0.3831253527886193,
            0.0,
            0.0,
            0.0,
            0.0,
            1.0000000000000004,
            0.0016516044276464739,
            0.0006308883867296593,
            0.001009396864039978,
            -0.0023418958356160773,
            0.3434559430482957
        ],
        [
            0.007432134073074366,
            0.09445391937952258,
            -0.0008902876885715686,
            0.008361905447830494,
            3.75141626678679e-05,
            0.09228203295846078,
            0.27502943074831204,
            -0.017852121854003963,
            0.12008273984222806,
            -0.016900024865107638,
            0.4408621578945836,
            0.5135905280673398,
            -0.1881833473782039,
            0.4366030976096384,
            0.0016516044276464734,
            0.9999999999999999,
            0.6848602514927513,
            0.0,
            0.0,
            0.0
        ],
        [
            0.09445391937952258,
            0.2898911809564353,
            -0.008239252398187525,
            0.07738605217038937,
            0.0003471783994038473,
            0.27502943074831215,
            0.5659828626506507,
            -0.02416920962726027,
            0.1625747872212525,
            -0.022880207014668436,
            0.5135905280673398,
            0.8358243870417266,
            -0.07188324664762635,
            0.16677590546583249,
            0.0006308883867296593,
            0.6848602514927513,
            1.0000000000000002,
            0.0,
            0.0,
            0.0
        ],
        [
            0.000890287688571568,
            0.008239252398187524,
            0.0005211026592478425,
            0.0009700262298035686,
            4.351845641401155e-06,
            0.01785212185400396,
            0.024169209627260248,
            0.028805582811151635,
            0.03256818138404191,
            -0.004583531954090961,
            0.18818334737820389,
            0.07188324664762631,
            0.22845440521369434,
            0.26683495768130927,
            0.0010093968640399777,
            0.0,
            0.0,
            1.0000000000000004,
            0.0,
            0.0
        ],
        [
            -0.008361905447830487,
            -0.07738605217038924,
            0.0009700262298035681,
            -0.008486457955936453,
            -4.0874115461863305e-05,
            -0.12008273984222802,
            -0.16257478722125257,
            0.03256818138404192,
            -0.18542334149998244,
            0.0308312412217933,
            -0.4366030976096385,
            -0.16677590546583249,
            0.2668349576813094,
            -0.27561744241832886,
            -0.0023418958356160773,
            0.0,
            0.0,
            0.0,
            1.0000000000000004,
            0.0
        ],
        [
            -3.751416266786788e-05,
            -0.00034717839940384725,
            4.351845641401149e-06,
            -4.0874115461863264e-05,
            0.0006241974690549703,
            0.01690002486510763,
            0.022880207014668422,
            -0.004583531954090961,
            0.03083124122179329,
            0.029308256213175017,
            -0.0016516044276464739,
            -0.0006308883867296593,
            0.001009396864039978,
            -0.0023418958356160773,
            0.3434559430482957,
            0.0,
            0.0,
            0.0,
            0.0,
            1.0000000000000004
        ]
    ],
    "h": [
        [
            -0.24128257876536163,
            -0.4562878091778759,
            0.0023154965273569127,
            -0.25105691828386856,
            -0.07047955088111288,
            -0.5511628494897556,
            -0.44752240787681874,
            -0.011405103478004311,
            0.03565253625361309,
            0.025893851972082577,
            -0.2374989503019192,
            -0.3029339803052974,
            0.022274794579968973,
            0.2917764099440603,
            -0.03811079140393279,
            0.0036978278989492526,
            -0.11008358095996373,
            -0.006404565050719796,
            0.04460806032335481,
            -0.002774940081370854
        ],
        [
            -0.4562878091778759,
            -0.31354809718346344,
            0.0011559709190722355,
            -0.22390129264724323,
            -0.059968126969446554,
            -0.5250534063734976,
            -0.36829272929653356,
            -0.0224437561415915,
            0.09690120375173522,
            0.0857555452105331,
            -0.32339653747736896,
            -0.3083242206610144,
            0.03654961613565445,
            0.18764531364568396,
            -0.047690411879146945,
            -0.10747625875360314,
            -0.17578533484285674,
            -0.02682772521123904,
            0.09127762804008337,
            -0.00337496201079626
        ],
        [
            0.0023154965273569127,
            0.0011559709190722355,
            1.4799378218854804,
            0.0024916134408565624,
            0.001299207047301472,
            -0.0036350240589779273,
            -0.0001023797764572185,
            0.31722047699206013,
            0.019041511790075006,
            0.007029004101760024,
            -0.006268980915827876,
            0.0003105773829452582,
            -0.044350062164484005,
            0.0023733798567526776,
            -0.00043859518531500483,
            0.0007448688870482691,
            0.0008284807756621711,
            -0.0018668115110306166,
            -0.0030371364981380206,
            5.266014325004242e-05
        ],
        [
            -0.25105691828386856,
            -0.22390129264724323,
            0.0024916134408565624,
            1.2430706451006273,
            -0.06423455269145525,
            -0.0915250936371157,
            -0.2161584638669024,
            0.008531154425084213,
            -0.6055949059896666,
            -0.24179739326401595,
            -0.23022626532880205,
            -0.17684696274279066,
            0.02905589631570734,
            0.17368192571615032,
            -0.0414261685031562,
            -0.047206907686858354,
            -0.1029478271422167,
            -0.011195516316902958,
            0.05929986738914105,
            -0.001609955975547991
        ],
        [
            -0.07047955088111288,
            -0.059968126969446554,
            0.001299207047301472,
            -0.06423455269145525,
            1.4611101546139051,
            -0.01394005273407578,
            -0.05312968599592356,
            0.004380922561006336,
            -0.2667133386196748,
            0.24125934613115435,
            -0.030683244211124977,
            -0.04277199324859653,
            0.005058443421170303,
            0.045915659523850134,
            -0.053020147880730326,
            -0.0003907723860844044,
            -0.015753753091586678,
            -0.0005833192600733084,
            0.00356629677848471,
            -0.002442209797899441
        ],
        [
            -0.5511628494897556,
            -0.5250534063734976,
            -0.0036350240589779273,
            -0.0915250936371157,
            -0.01394005273407578,
            -0.4200589400387469,
            -0.5898344085721304,
            -0.04113644829968495,
            0.024836293994931494,
            0.13252739510125633,
            -0.5139555306559793,
            -0.506480654337637,
            0.022186548946458218,
            0.07071438496507665,
            -0.011058882626529931,
            -0.200866393555133,
            -0.3043019945351225,
            -0.052221694797284536,
            0.19628649608414267,
            -0.015422149069362422
        ],
        [
            -0.44752240787681874,
            -0.36829272929653356,
            -0.0001023797764572185,
            -0.2161584638669024,
            -0.05312968599592356,
            -0.5898344085721304,
            -0.4356314172481026,
            -0.033062028694130996,
            -0.002492928439023559,
            0.11266543568857147,
            -0.4967738402611661,
            -0.4125200399885136,
            0.0683628120055694,
            0.14111934605349724,
            -0.05499526766477708,
            -0.274203003704149,
            -0.29514896675739144,
            -0.05610229256804293,
            0.14525767557624847,
            -0.0032683345544956555
        ],
        [
            -0.011405103478004311,
            -0.0224437561415915,
            0.31722047699206013,
            0.008531154425084213,
            0.004380922561006336,
            -0.04113644829968495,
            -0.033062028694130996,
            1.3996503352674636,
            -0.026687116666156738,
            0.012042702414504145,
            -5.01802015570596e-05,
            -0.027860935052335792,
            0.3211277772955712,
            -0.13811750464367584,
            0.04299029967727018,
            0.001108602033992566,
            -0.01932584190110323,
            -0.04215428490984733,
            0.0016939777564931174,
            0.0005468487728452331
        ],
        [
            0.03565253625361309,
            0.09690120375173522,
            0.019041511790075006,
            -0.6055949059896666,
            -0.2667133386196748,
            0.024836293994931494,
            -0.002492928439023559,
            -0.026687116666156738,
            0.9244548805404404,
            0.002340743385496665,
            -0.04325359145865759,
            -0.11587191997014806,
            -0.12066588648288301,
            -0.6623836787355109,
            0.2687145998131297,
            -0.2632173464134625,
            -0.17570121553415377,
            -0.0672434759315578,
            0.17762633574778403,
            -0.013823361046176444
        ],
        [
            0.025893851972082577,
            0.0857555452105331,
            0.007029004101760024,
            -0.24179739326401595,
            0.24125934613115435,
            0.13252739510125633,
            0.11266543568857147,
            0.012042702414504145,
            0.002340743385496665,
            1.3666628246156582,
            0.029206695023069662,
            0.09016944446920379,
            0.037440629535867465,
            0.24634082155680231,
            0.26888351234688534,
            0.04536880645721346,
            0.057022980904680595,
            0.014775228065280577,
            -0.04849669565122261,
            -0.03743350483519385
        ],
        [
            -0.2374989503019192,
            -0.32339653747736896,
            -0.006268980915827876,
            -0.23022626532880205,
            -0.030683244211124977,
            -0.5139555306559793,
            -0.4967738402611661,
            -5.01802015570596e-05,
            -0.04325359145865759,
            0.029206695023069662,
            -0.37392844119490687,
            -0.5699675077187364,
            0.11349881514855148,
            0.028871368875893172,
            -0.06436439757896034,
            -0.49671718983149993,
            -0.4930384254094955,
            -0.029945893415999347,
            0.09104345128006952,
            -0.005604013736478939
        ],
        [
            -0.3029339803052974,
            -0.3083242206610144,
            0.0003105773829452582,
            -0.17684696274279066,
            -0.04277199324859653,
            -0.506480654337637,
            -0.4125200399885136,
            -0.027860935052335792,
            -0.11587191997014806,
            0.09016944446920379,
            -0.5699675077187364,
            -0.43307675050550176,
            0.09965116507486503,
            0.03671314186674024,
            -0.05519253861296499,
            -0.41637035619280605,
            -0.359033007181752,
            -0.06826045549302386,
            0.17626026689981494,
            -0.0044392354381487375
        ],
        [
            0.022274794579968973,
            0.03654961613565445,
            -0.044350062164484005,
            0.02905589631570734,
            0.005058443421170303,
            0.022186548946458218,
            0.0683628120055694,
            0.3211277772955712,
            -0.12066588648288301,
            0.037440629535867465,
            0.11349881514855148,
            0.09965116507486503,
            1.3822584697085754,
            0.03658410637974684,
            0.010984726299163002,
            0.032761185785177116,
            0.08370793351756818,
            0.08339322322552478,
            0.31549489823544374,
            0.003021411923452968
        ],
        [
            0.2917764099440603,
            0.18764531364568396,
            0.0023733798567526776,
            0.17368192571615032,
            0.045915659523850134,
            0.07071438496507665,
            0.14111934605349724,
            -0.13811750464367584,
            -0.6623836787355109,
            0.24634082155680231,
            0.028871368875893172,
            0.03671314186674024,
            0.03658410637974684,
            0.9834185223563217,
            0.06573628855098662,
            -0.05883951585738145,
            -0.07715616855444393,
            0.3337864152864539,
            -0.5647301353612707,
            -0.0012803533036551413
        ],
        [
            -0.03811079140393279,
            -0.047690411879146945,
            -0.00043859518531500483,
            -0.0414261685031562,
            -0.053020147880730326,
            -0.011058882626529931,
            -0.05499526766477708,
            0.04299029967727018,
            0.2687145998131297,
            0.26888351234688534,
            -0.06436439757896034,
            -0.05519253861296499,
            0.010984726299163002,
            0.06573628855098662,
            1.399095051167846,
            -0.009881400895229448,
            -0.02850898678581821,
            -0.0019826527510185487,
            0.010346161798609355,
            0.2211644801877315
        ],
        [
            0.0036978278989492526,
            -0.10747625875360314,
            0.0007448688870482691,
            -0.047206907686858354,
            -0.0003907723860844044,
            -0.200866393555133,
            -0.274203003704149,
            0.001108602033992566,
            -0.2632173464134625,
            0.04536880645721346,
            -0.49671718983149993,
            -0.41637035619280605,
            0.032761185785177116,
            -0.05883951585738145,
            -0.009881400895229448,
            -0.1908798353142409,
            -0.43191980334948643,
            -0.08355740365891078,
            0.1995587337876043,
            -0.0019295971558346194
        ],
        [
            -0.11008358095996373,
            -0.17578533484285674,
            0.0008284807756621711,
            -0.1029478271422167,
            -0.015753753091586678,
            -0.3043019945351225,
            -0.29514896675739144,
            -0.01932584190110323,
            -0.17570121553415377,
            0.057022980904680595,
            -0.4930384254094955,
            -0.359033007181752,
            0.08370793351756818,
            -0.07715616855444393,
            -0.02850898678581821,
            -0.43191980334948643,
            -0.3026954336562231,
            -0.07706163000013383,
            0.1883660917865636,
            -0.0027914974755557697
        ],
        [
            -0.006404565050719796,
            -0.02682772521123904,
            -0.0018668115110306166,
            -0.011195516316902958,
            -0.0005833192600733084,
            -0.052221694797284536,
            -0.05610229256804293,
            -0.04215428490984733,
            -0.0672434759315578,
            0.014775228065280577,
            -0.029945893415999347,
            -0.06826045549302386,
            0.08339322322552478,
            0.3337864152864539,
            -0.0019826527510185487,
            -0.08355740365891078,
            -0.07706163000013383,
            1.470596523815421,
            0.07165897958147197,
            -0.00012694524718821776
        ],
        [
            0.04460806032335481,
            0.09127762804008337,
            -0.0030371364981380206,
            0.05929986738914105,
            0.00356629677848471,
            0.19628649608414267,
            0.14525767557624847,
            0.0016939777564931174,
            0.17762633574778403,
            -0.04849669565122261,
            0.09104345128006952,
            0.17626026689981494,
            0.31549489823544374,
            -0.5647301353612707,
            0.010346161798609355,
            0.1995587337876043,
            0.1883660917865636,
            0.07165897958147197,
            1.32582774624205,
            0.0018786515603757582
        ],
        [
            -0.002774940081370854,
            -0.00337496201079626,
            5.266014325004242e-05,
            -0.001609955975547991,
            -0.002442209797899441,
            -0.015422149069362422,
            -0.0032683345544956555,
            0.0005468487728452331,
            -0.013823361046176444,
            -0.03743350483519385,
            -0.005604013736478939,
            -0.0044392354381487375,
            0.003021411923452968,
            -0.0012803533036551413,
            0.2211644801877315,
            -0.0019295971558346194,
            -0.0027914974755557697,
            -0.00012694524718821776,
            0.0018786515603757582,
            1.500601859638247
        ]
    ]
}