{
    "HF": -2.1675614622788775,
    "coordinates": [
        [
            0.837776,
            -0.020289,
            0.141826
        ],
        [
            1.484454,
            -0.131893,
            0.111196
        ],
        [
            2.312751,
            -0.122234,
            -0.185183
        ],
        [
            2.990437,
            -0.160851,
            -0.112338
        ]
    ],
    "elements": [
        "H",
        "H",
        "H",
        "H"
    ],
    "Enn": 3.122736498802505,
    "S": [
        [
            0.9999999999999999,
            0.6848602514927513,
            0.0,
            0.0,
            0.0,
            0.638267463958655,
            0.5889292215641453,
            0.02562266793730132,
            -0.5409603544354602,
            0.09335919792603904,
            0.12104954135085279,
            0.30749861479934687,
            0.03449803055707002,
            -0.15560346235398526,
            0.010754755144783489,
            0.016229146398376325,
            0.13214255817056925,
            0.002331092994832032,
            -0.019743366398656443,
            0.0012891797954847268
        ],
        [
            0.6848602514927513,
            1.0000000000000002,
            0.0,
            0.0,
            0.0,
            0.5889292215641453,
            0.9102695311738443,
            0.007095349164619024,
            -0.14980105148800202,
            0.02585273745243691,
            0.30749861479934687,
            0.6068527068948152,
            0.037828562434292924,
            -0.1706258356085647,
            0.011793047889703315,
            0.13214255817056925,
            0.35778892607129703,
            0.011896150154409568,
            -0.10075533312169097,
            0.006579006696479907
        ],
        [
            0.0,
            0.0,
            1.0000000000000004,
            0.0,
            0.0,
            -0.02562266793730132,
            -0.007095349164619022,
            0.5696843514487154,
            0.02936707047285386,
            -0.005068183134500294,
            -0.03449803055707002,
            -0.03782856243429291,
            0.03682605466202023,
            0.06383609312043101,
            -0.004412122587272557,
            -0.002331092994832034,
            -0.011896150154409568,
            0.0018210831251883365,
            0.0031079725301409256,
            -0.00020294084148951872
        ],
        [
            0.0,
            0.0,
            0.0,
            1.0000000000000004,
            0.0,
            0.5409603544354601,
            0.14980105148800218,
            0.02936707047285385,
            -0.04893898561528519,
            0.10700236803958145,
            0.15560346235398523,
            0.17062583560856484,
            0.06383609312043102,
            -0.23695405348192264,
            0.019900891147223286,
            0.01974336639865646,
            0.10075533312169092,
            0.0031079725301409273,
            -0.02413516525072128,
            0.001718822629411203
        ],
        [
            0.0,
            0.0,
            0.0,
            0.0,
            1.0000000000000004,
            -0.09335919792603903,
            -0.025852737452436905,
            -0.005068183134500294,
            0.10700236803958149,
            0.5526088070292269,
            -0.010754755144783485,
            -0.01179304788970331,
            -0.004412122587272555,
            0.019900891147223276,
            0.049603342837898017,
            -0.0012891797954847275,
            -0.0065790066964799,
            -0.00020294084148951872,
            0.0017188226294112023,
            0.0020758067364375953
        ],
        [
            0.638267463958655,
            0.5889292215641453,
            -0.02562266793730132,
            0.5409603544354601,
            -0.09335919792603904,
            0.9999999999999999,
            0.6848602514927513,
            0.0,
            0.0,
            0.0,
            0.46138290408263066,
            0.5225061559432258,
            0.1645003851555815,
            -0.4597328944466803,
            -0.005361072208954635,
            0.11840777267637759,
            0.30473262697359094,
            0.022956126020895556,
            -0.15465895807047864,
            0.0029738809188449744
        ],
        [
            0.5889292215641453,
            0.9102695311738443,
            -0.007095349164619024,
            0.1498010514880022,
            -0.02585273745243691,
            0.6848602514927513,
            1.0000000000000002,
            0.0,
            0.0,
            0.0,
            0.5225061559432258,
            0.8448413896369732,
            0.06042194887095994,
            -0.16886256780665795,
            -0.001969153024150162,
            0.30473262697359094,
            0.6034369664336756,
            0.025609758152359136,
            -0.17253688661037792,
            0.003317649111884622
        ],
        [
            0.02562266793730132,
            0.007095349164619046,
            0.5696843514487154,
            0.02936707047285385,
            -0.005068183134500294,
            0.0,
            0.0,
            1.0000000000000004,
            0.0,
            0.0,
            -0.1645003851555815,
            -0.06042194887095995,
            0.28264557487198905,
            0.2333553554131386,
            0.0027212212261248196,
            -0.022956126020895556,
            -0.02560975815235911,
            0.04289820509664818,
            0.04308020568001505,
            -0.0008283736244578301
        ],
        [
            -0.5409603544354598,
            -0.149801051488002,
            0.02936707047285386,
            -0.04893898561528519,
            0.10700236803958149,
            0.0,
            0.0,
            0.0,
            1.0000000000000004,
            0.0,
            0.4597328944466803,
            0.16886256780665793,
            0.2333553554131385,
            -0.28601925598867206,
            -0.007605057638818906,
            0.15465895807047858,
            0.172536886610378,
            0.04308020568001505,
            -0.2409453564313787,
            0.005580880743340505
        ],
        [
            0.09335919792603903,
            0.025852737452436905,
            -0.005068183134500294,
            0.10700236803958145,
            0.5526088070292269,
            0.0,
            0.0,
            0.0,
            0.0,
            1.0000000000000004,
            0.005361072208954635,
            0.0019691530241501614,
            0.0027212212261248183,
            -0.007605057638818906,
            0.36605547449767556,
            -0.0029738809188449822,
            -0.0033176491118846203,
            -0.0008283736244578285,
            0.005580880743340494,
            0.04918531428175241
        ],
        [
            0.12104954135085279,
            0.30749861479934687,
            -0.03449803055707002,
            0.15560346235398523,
            -0.010754755144783487,
            0.46138290408263066,
            0.5225061559432258,
            -0.1645003851555815,
            0.4597328944466803,
            0.005361072208954635,
            0.9999999999999999,
            0.6848602514927513,
            0.0,
            0.0,
            0.0,
            0.6172469609465447,
            0.5818758266309152,
            -0.05842155641179349,
            -0.5435029292124743,
            0.030970763181470642
        ],
        [
            0.30749861479934687,
            0.6068527068948152,
            -0.037828562434292924,
            0.1706258356085648,
            -0.011793047889703315,
            0.5225061559432258,
            0.8448413896369732,
            -0.06042194887095994,
            0.16886256780665795,
            0.001969153024150162,
            0.6848602514927513,
            1.0000000000000002,
            0.0,
            0.0,
            0.0,
            0.5818758266309152,
            0.9034601434498335,
            -0.016658723152037775,
            -0.15497815166465576,
            0.008831215758970981
        ],
        [
            0.03449803055707002,
            0.03782856243429291,
            0.03682605466202023,
            0.06383609312043101,
            -0.004412122587272557,
            0.1645003851555815,
            0.06042194887095993,
            0.28264557487198905,
            0.2333553554131386,
            0.0027212212261248196,
            0.0,
            0.0,
            1.0000000000000004,
            0.0,
            0.0,
            0.05842155641179348,
            0.01665872315203777,
            0.5385629160333734,
            -0.06998764882410037,
            0.0039881494300314365
        ],
        [
            -0.15560346235398526,
            -0.17062583560856484,
            0.06383609312043101,
            -0.23695405348192264,
            0.019900891147223286,
            -0.4597328944466803,
            -0.16886256780665793,
            0.2333553554131385,
            -0.28601925598867206,
            -0.007605057638818906,
            0.0,
            0.0,
            0.0,
            1.0000000000000004,
            0.0,
            0.5435029292124742,
            0.1549781516646557,
            -0.06998764882410033,
            -0.10501776702471118,
            0.03710224496726314
        ],
        [
            0.010754755144783485,
            0.01179304788970331,
            -0.004412122587272555,
            0.01990089114722328,
            0.049603342837898017,
            -0.005361072208954635,
            -0.0019691530241501614,
            0.0027212212261248183,
            -0.007605057638818906,
            0.36605547449767556,
            0.0,
            0.0,
            0.0,
            0.0,
            1.0000000000000004,
            -0.030970763181470636,
            -0.008831215758971002,
            0.003988149430031433,
            0.03710224496726314,
            0.5439717231869677
        ],
        [
            0.016229146398376325,
            0.13214255817056925,
            -0.002331092994832032,
            0.019743366398656446,
            -0.0012891797954847268,
            0.11840777267637759,
            0.30473262697359094,
            -0.022956126020895556,
            0.15465895807047864,
            -0.0029738809188449822,
            0.6172469609465447,
            0.5818758266309152,
            0.05842155641179349,
            0.5435029292124743,
            -0.030970763181470642,
            0.9999999999999999,
            0.6848602514927513,
            0.0,
            0.0,
            0.0
        ],
        [
            0.13214255817056925,
            0.35778892607129703,
            -0.011896150154409568,
            0.10075533312169092,
            -0.0065790066964799025,
            0.30473262697359094,
            0.6034369664336756,
            -0.025609758152359136,
            0.1725368866103781,
            -0.003317649111884622,
            0.5818758266309152,
            0.9034601434498335,
            0.016658723152037775,
            0.15497815166465576,
            -0.008831215758971004,
            0.6848602514927513,
            1.0000000000000002,
            0.0,
            0.0,
            0.0
        ],
        [
            0.002331092994832034,
            0.011896150154409568,
            0.0018210831251883365,
            0.0031079725301409256,
            -0.00020294084148951872,
            0.022956126020895556,
            0.02560975815235911,
            0.04289820509664818,
            0.04308020568001505,
            -0.0008283736244578285,
            -0.05842155641179348,
            -0.01665872315203777,
            0.5385629160333734,
            -0.06998764882410033,
            0.003988149430031433,
            0.0,
            0.0,
            1.0000000000000004,
            0.0,
            0.0
        ],
        [
            -0.01974336639865646,
            -0.10075533312169097,
            0.0031079725301409273,
            -0.02413516525072128,
            0.001718822629411203,
            -0.15465895807047852,
            -0.17253688661037783,
            0.04308020568001505,
            -0.2409453564313787,
            0.005580880743340494,
            -0.5435029292124742,
            -0.1549781516646557,
            -0.06998764882410037,
            -0.10501776702471118,
            0.03710224496726314,
            0.0,
            0.0,
            0.0,
            1.0000000000000004,
            0.0
        ],
        [
            0.0012891797954847275,
            0.006579006696479897,
            -0.00020294084148951872,
            0.0017188226294112023,
            0.0020758067364375953,
            0.0029738809188449744,
            0.0033176491118846203,
            -0.0008283736244578301,
            0.005580880743340505,
            0.04918531428175241,
            0.030970763181470636,
            0.00883121575897098,
            0.0039881494300314365,
            0.03710224496726314,
            0.5439717231869677,
            0.0,
            0.0,
            0.0,
            0.0,
            1.0000000000000004
        ]
    ],
    "h": [
        [
            -0.34053276658367126,
            -0.49634258455679614,
            0.019797369822488257,
            -0.34246340208528486,
            0.05781484259360189,
            -0.6387556329544004,
            -0.4963081257305124,
            0.010729845686642609,
            -0.00795530862543048,
            -0.00270052278141511,
            -0.23841219896698534,
            -0.32480901615455426,
            -0.07904552369812783,
            0.2952563937793983,
            -0.008870883462646813,
            -0.027140756291422624,
            -0.16123670189064104,
            -0.008737767900028642,
            0.07683366841903727,
            -0.0036311583054599236
        ],
        [
            -0.49634258455679614,
            -0.3147489284536231,
            0.017495769834878633,
            -0.2652619804039883,
            0.043485316751983194,
            -0.5594330182072,
            -0.36415469587115634,
            0.02139052160643854,
            0.13878890858554496,
            -0.04006308252742557,
            -0.3187471592189433,
            -0.30605956849773797,
            -0.06558278099885748,
            0.14579728436716355,
            0.001309795322481145,
            -0.16012908987422372,
            -0.20901786373810483,
            0.0008737425121769608,
            0.12585728163525453,
            -0.006036913523381777
        ],
        [
            0.019797369822488257,
            0.017495769834878633,
            1.4693150314703178,
            0.01925642686137983,
            -0.0028167258201743654,
            0.010351112816405689,
            0.019174039101070926,
            0.5565895748106823,
            0.050121614677052256,
            -0.006826387154469626,
            0.032535822539856006,
            0.015059821336925919,
            -0.03792636800029203,
            -0.017476037467570205,
            -0.00010893462340736196,
            0.011770376945377728,
            0.013319503608805704,
            -0.005923867994615461,
            -0.013924863057443193,
            0.0008018367253171848
        ],
        [
            -0.34246340208528486,
            -0.2652619804039883,
            0.01925642686137983,
            1.1496006299213382,
            0.05343987509272646,
            -0.044034727599182144,
            -0.2538410810136728,
            0.06319781043919803,
            -0.4082182345729783,
            0.15771147658277263,
            -0.22710636729262354,
            -0.19236957565889684,
            -0.06674141709202538,
            0.15552951309644347,
            -0.001571686455768627,
            -0.07675923450966299,
            -0.12637289929017517,
            -0.009666792692504806,
            0.1029537874768493,
            -0.006086364674041219
        ],
        [
            0.05781484259360189,
            0.043485316751983194,
            -0.0028167258201743654,
            0.05343987509272646,
            1.4620785280705482,
            0.0033844799085941124,
            0.04003676802215434,
            -0.009406910422062802,
            0.16433232341417686,
            0.5345125743087294,
            0.025786847596289537,
            0.029674138769822535,
            0.009479966464885525,
            -0.030349671207329586,
            -0.04419578869309232,
            0.005644204124984698,
            0.016272979724981054,
            0.0008900673009460115,
            -0.009053226087211052,
            -0.006404325100170337
        ],
        [
            -0.6387556329544004,
            -0.5594330182072,
            0.010351112816405689,
            -0.044034727599182144,
            0.0033844799085941124,
            -0.4605966430238777,
            -0.5968645003850914,
            0.04176086784508712,
            0.16759689587910875,
            -0.05783991541319741,
            -0.4551023979009696,
            -0.4769739490328955,
            -0.034900973204062435,
            0.07392448628191706,
            -0.00200388142274302,
            -0.23243874096024306,
            -0.31715914566152437,
            -0.00846624749128052,
            0.22582253003135033,
            -0.008340367862591793
        ],
        [
            -0.4963081257305124,
            -0.36415469587115634,
            0.019174039101070926,
            -0.2538410810136728,
            0.04003676802215434,
            -0.5968645003850914,
            -0.42021068215884827,
            0.0448061603001647,
            0.06870643807115667,
            -0.04154844695827742,
            -0.4740632734975112,
            -0.3913783238660158,
            -0.07562087162135675,
            0.0758329774785289,
            0.005535972527216474,
            -0.3195167798905193,
            -0.3050070929855906,
            0.012126461708830756,
            0.19039645812283357,
            -0.00960595504204273
        ],
        [
            0.010729845686642609,
            0.02139052160643854,
            0.5565895748106823,
            0.06319781043919803,
            -0.009406910422062802,
            0.04176086784508712,
            0.0448061603001647,
            1.3896311077462364,
            0.08307789224650419,
            -0.002144573312259846,
            0.02384737517932245,
            0.05493499908121957,
            0.14521354335722703,
            0.31533783353176725,
            0.0024479975016287415,
            0.07023444379431262,
            0.05642296601080333,
            -0.04597380477657055,
            -0.06209690584008054,
            0.002783539443083489
        ],
        [
            -0.00795530862543048,
            0.13878890858554496,
            0.050121614677052256,
            -0.4082182345729783,
            0.16433232341417686,
            0.16759689587910875,
            0.06870643807115667,
            0.08307789224650419,
            0.8867100121865708,
            0.05312311605863121,
            -0.07157119108672538,
            -0.07602762400679386,
            0.30516038262461737,
            -0.732938989115949,
            -0.0019315291989601257,
            -0.29155897236647993,
            -0.14613892966359793,
            0.009957965677943534,
            0.16003583764228174,
            -0.009513549931165769
        ],
        [
            -0.00270052278141511,
            -0.04006308252742557,
            -0.006826387154469626,
            0.15771147658277263,
            0.5345125743087294,
            -0.05783991541319741,
            -0.04154844695827742,
            -0.002144573312259846,
            0.05312311605863121,
            1.404090720820095,
            -0.005964851685334671,
            -0.02117814400606924,
            0.00023646446282575735,
            0.005932079881840767,
            0.24903318125099494,
            0.003919122775347525,
            -0.007834036905581933,
            -0.0004111033427860078,
            0.0014073660600891456,
            -0.044104678025804644
        ],
        [
            -0.23841219896698534,
            -0.3187471592189433,
            0.032535822539856006,
            -0.22710636729262354,
            0.025786847596289537,
            -0.4551023979009696,
            -0.4740632734975112,
            0.02384737517932245,
            -0.07157119108672538,
            -0.005964851685334671,
            -0.4412923307172445,
            -0.5898514124658956,
            -0.09014967770543336,
            -0.15767810025203266,
            0.020141197636615822,
            -0.6235768502921823,
            -0.5515449658603037,
            -0.005367971996420889,
            0.048231529397235295,
            -0.000755236252413409
        ],
        [
            -0.32480901615455426,
            -0.30605956849773797,
            0.015059821336925919,
            -0.19236957565889684,
            0.029674138769822535,
            -0.4769739490328955,
            -0.3913783238660158,
            0.05493499908121957,
            -0.07602762400679386,
            -0.02117814400606924,
            -0.5898514124658956,
            -0.41958881844069773,
            -0.08112421665253804,
            -0.06746504714177162,
            0.013983229205649707,
            -0.48880089118515646,
            -0.36427639476473717,
            0.017591637045824764,
            0.250841368688148,
            -0.012603765573255725
        ],
        [
            -0.07904552369812783,
            -0.06558278099885748,
            -0.03792636800029203,
            -0.06674141709202538,
            0.009479966464885525,
            -0.034900973204062435,
            -0.07562087162135675,
            0.14521354335722703,
            0.30516038262461737,
            0.00023646446282575735,
            -0.09014967770543336,
            -0.08112421665253804,
            1.390952196912125,
            0.036945496262444394,
            0.0020818501716397203,
            -0.010772966822790442,
            -0.05510114605199868,
            0.5086580021803482,
            -0.08331293444824778,
            0.005379509835768216
        ],
        [
            0.2952563937793983,
            0.14579728436716355,
            -0.017476037467570205,
            0.15552951309644347,
            -0.030349671207329586,
            0.07392448628191706,
            0.0758329774785289,
            0.31533783353176725,
            -0.732938989115949,
            0.005932079881840767,
            -0.15767810025203266,
            -0.06746504714177162,
            0.036945496262444394,
            0.895420685313193,
            0.018129260773314386,
            0.0009563704347437252,
            -0.13873426313362525,
            -0.10075837814154895,
            -0.47891346865735474,
            0.05643209204850198
        ],
        [
            -0.008870883462646813,
            0.001309795322481145,
            -0.00010893462340736196,
            -0.001571686455768627,
            -0.04419578869309232,
            -0.00200388142274302,
            0.005535972527216474,
            0.0024479975016287415,
            -0.0019315291989601257,
            0.24903318125099494,
            0.020141197636615822,
            0.013983229205649707,
            0.0020818501716397203,
            0.018129260773314386,
            1.4163525294797334,
            0.0028806855675206564,
            0.014161141827201369,
            0.006007494594578257,
            0.05311193696906927,
            0.5187610274664267
        ],
        [
            -0.027140756291422624,
            -0.16012908987422372,
            0.011770376945377728,
            -0.07675923450966299,
            0.005644204124984698,
            -0.23243874096024306,
            -0.3195167798905193,
            0.07023444379431262,
            -0.29155897236647993,
            0.003919122775347525,
            -0.6235768502921823,
            -0.48880089118515646,
            -0.010772966822790442,
            0.0009563704347437252,
            0.0028806855675206564,
            -0.3213366351483775,
            -0.4895172398716584,
            0.03207150631404616,
            0.33259904095457804,
            -0.017881260914422784
        ],
        [
            -0.16123670189064104,
            -0.20901786373810483,
            0.013319503608805704,
            -0.12637289929017517,
            0.016272979724981054,
            -0.31715914566152437,
            -0.3050070929855906,
            0.05642296601080333,
            -0.14613892966359793,
            -0.007834036905581933,
            -0.5515449658603037,
            -0.36427639476473717,
            -0.05510114605199868,
            -0.13873426313362525,
            0.014161141827201369,
            -0.4895172398716584,
            -0.31423896317142774,
            0.022353739603609223,
            0.2630568660402529,
            -0.013707324541165989
        ],
        [
            -0.008737767900028642,
            0.0008737425121769608,
            -0.005923867994615461,
            -0.009666792692504806,
            0.0008900673009460115,
            -0.00846624749128052,
            0.012126461708830756,
            -0.04597380477657055,
            0.009957965677943534,
            -0.0004111033427860078,
            -0.005367971996420889,
            0.017591637045824764,
            0.5086580021803482,
            -0.10075837814154895,
            0.006007494594578257,
            0.03207150631404616,
            0.022353739603609223,
            1.472145887254285,
            -0.028888516629442914,
            0.0017809592943892573
        ],
        [
            0.07683366841903727,
            0.12585728163525453,
            -0.013924863057443193,
            0.1029537874768493,
            -0.009053226087211052,
            0.22582253003135033,
            0.19039645812283357,
            -0.06209690584008054,
            0.16003583764228174,
            0.0014073660600891456,
            0.048231529397235295,
            0.250841368688148,
            -0.08331293444824778,
            -0.47891346865735474,
            0.05311193696906927,
            0.33259904095457804,
            0.2630568660402529,
            -0.028888516629442914,
            1.1588749403010725,
            0.017090858202402474
        ],
        [
            -0.0036311583054599236,
            -0.006036913523381777,
            0.0008018367253171848,
            -0.006086364674041219,
            -0.006404325100170337,
            -0.008340367862591793,
            -0.00960595504204273,
            0.002783539443083489,
            -0.009513549931165769,
            -0.044104678025804644,
            -0.000755236252413409,
            -0.012603765573255725,
            0.005379509835768216,
            0.05643209204850198,
            0.5187610274664267,
            -0.017881260914422784,
            -0.013707324541165989,
            0.0017809592943892573,
            0.017090858202402474,
            1.4751582259959943
        ]
    ]
}