{
    "HF": -2.146808962224798,
    "coordinates": [
        [
            0.835903,
            0.107974,
            0.045308
        ],
        [
            1.623052,
            0.08049,
            0.057928
        ],
        [
            2.36045,
            0.196895,
            0.091723
        ],
        [
            3.086833,
            0.133966,
            -0.014785
        ]
    ],
    "elements": [
        "H",
        "H",
        "H",
        "H"
    ],
    "Enn": 3.0402464638602873,
    "S": [
        [
            0.9999999999999999,
            0.6848602514927513,
            0.0,
            0.0,
            0.0,
            0.5325530551582761,
            0.5512959323125476,
            -0.008399548706938362,
            -0.5239062095972917,
            0.01829264632816907,
            0.11685476560101107,
            0.3030885306252241,
            -0.004690583741889565,
            -0.15406690449093,
            -0.008986133726436763,
            0.012193570341811719,
            0.11689370464505733,
            0.0003886703602818258,
            -0.01455859707568552,
            -0.0001681114273616765
        ],
        [
            0.6848602514927513,
            1.0000000000000002,
            0.0,
            0.0,
            0.0,
            0.5512959323125476,
            0.8735669120991383,
            -0.0027244281187361555,
            -0.16993113068423482,
            0.005933294961596221,
            0.3030885306252241,
            0.6014010930812623,
            -0.005286967706886393,
            -0.1736557310488104,
            -0.010128675115028428,
            0.11689370464505733,
            0.33133176685448407,
            0.0024659104951399702,
            -0.09236669680038304,
            -0.0010665792286901664
        ],
        [
            0.0,
            0.0,
            1.0000000000000004,
            0.0,
            0.0,
            0.00839954870693836,
            0.002724428118736143,
            0.4466870302177494,
            -0.011524746948857603,
            0.0004023966811142518,
            0.004690583741889567,
            0.005286967706886386,
            0.04803967668151996,
            -0.008874977140896393,
            -0.0005176434982625317,
            -0.0003886703602818257,
            -0.002465910495139968,
            0.0013713522074662377,
            0.00048613604989665687,
            5.613523392070797e-06
        ],
        [
            0.0,
            0.0,
            0.0,
            1.0000000000000004,
            0.0,
            0.5239062095972917,
            0.16993113068423457,
            -0.011524746948857596,
            -0.27196282921557097,
            0.02509874367213962,
            0.15406690449092994,
            0.17365573104881019,
            -0.008874977140896396,
            -0.24319760563072068,
            -0.01700251734020572,
            0.014558597075685516,
            0.0923666968003829,
            0.00048613604989665665,
            -0.01682508182599323,
            -0.00021026822107256946
        ],
        [
            0.0,
            0.0,
            0.0,
            0.0,
            1.0000000000000004,
            -0.01829264632816907,
            -0.005933294961596217,
            0.0004023966811142518,
            0.02509874367213964,
            0.44599545649461636,
            0.00898613372643676,
            0.010128675115028428,
            -0.0005176434982625321,
            -0.01700251734020572,
            0.04731818447405524,
            0.0001681114273616765,
            0.0010665792286901664,
            5.6135233920707915e-06,
            -0.00021026822107256932,
            0.0013819025497888871
        ],
        [
            0.5325530551582761,
            0.5512959323125476,
            0.008399548706938362,
            0.5239062095972917,
            -0.01829264632816907,
            0.9999999999999999,
            0.6848602514927513,
            0.0,
            0.0,
            0.0,
            0.5648413809644754,
            0.5633855610234496,
            -0.02423196169466509,
            -0.5287350226282782,
            -0.08346564583717975,
            0.13666280964785277,
            0.32311876040412646,
            0.008894787521248986,
            -0.17906042898300664,
            -0.006541576574839586
        ],
        [
            0.5512959323125476,
            0.8735669120991383,
            0.0027244281187361555,
            0.16993113068423465,
            -0.005933294961596221,
            0.6848602514927513,
            1.0000000000000002,
            0.0,
            0.0,
            0.0,
            0.5633855610234496,
            0.8854586651305336,
            -0.0074666372781157075,
            -0.1629200590503913,
            -0.025718417291287453,
            0.32311876040412646,
            0.6259280906790643,
            0.008869344991779486,
            -0.17854824696288127,
            -0.006522865138013836
        ],
        [
            -0.00839954870693836,
            -0.002724428118736143,
            0.4466870302177494,
            -0.011524746948857596,
            0.0004023966811142518,
            0.0,
            0.0,
            1.0000000000000004,
            0.0,
            0.0,
            0.02423196169466509,
            0.007466637278115707,
            0.4829313012951862,
            -0.031337297377383964,
            -0.0049468782139555295,
            -0.008894787521248984,
            -0.008869344991779483,
            0.060462100456591145,
            0.016939716222624145,
            0.0006188550505308163
        ],
        [
            -0.5239062095972917,
            -0.16993113068423438,
            -0.011524746948857603,
            -0.27196282921557097,
            0.02509874367213964,
            0.0,
            0.0,
            0.0,
            1.0000000000000004,
            0.0,
            0.5287350226282779,
            0.16292005905039128,
            -0.031337297377383964,
            -0.19940408427241374,
            -0.10793957985543368,
            0.17906042898300661,
            0.178548246962881,
            0.016939716222624135,
            -0.2797088243816197,
            -0.012458133548623336
        ],
        [
            0.01829264632816907,
            0.005933294961596217,
            0.0004023966811142518,
            0.02509874367213962,
            0.44599545649461636,
            0.0,
            0.0,
            0.0,
            0.0,
            1.0000000000000004,
            0.08346564583717975,
            0.025718417291287425,
            -0.004946878213955529,
            -0.10793957985543366,
            0.46732824456299676,
            0.006541576574839585,
            0.006522865138013833,
            0.0006188550505308159,
            -0.012458133548623336,
            0.06084844679941803
        ],
        [
            0.11685476560101107,
            0.3030885306252241,
            0.004690583741889567,
            0.15406690449092994,
            0.00898613372643676,
            0.5648413809644754,
            0.5633855610234496,
            0.02423196169466509,
            0.5287350226282783,
            0.08346564583717977,
            0.9999999999999999,
            0.6848602514927513,
            0.0,
            0.0,
            0.0,
            0.5732623841079697,
            0.5664481850317236,
            0.07781113820654459,
            -0.5306708228854594,
            0.045973796486645534
        ],
        [
            0.3030885306252241,
            0.6014010930812623,
            0.005286967706886393,
            0.1736557310488102,
            0.010128675115028428,
            0.5633855610234496,
            0.8854586651305336,
            0.0074666372781157075,
            0.1629200590503913,
            0.025718417291287453,
            0.6848602514927513,
            1.0000000000000002,
            0.0,
            0.0,
            0.0,
            0.5664481850317236,
            0.8884556938486184,
            0.023668353569280508,
            -0.16141782467715768,
            0.013984168529699659
        ],
        [
            -0.004690583741889565,
            -0.005286967706886392,
            0.04803967668151996,
            -0.008874977140896396,
            -0.000517643498262532,
            -0.02423196169466509,
            -0.007466637278115707,
            0.4829313012951862,
            -0.031337297377383964,
            -0.004946878213955529,
            0.0,
            0.0,
            1.0000000000000004,
            0.0,
            0.0,
            -0.07781113820654456,
            -0.0236683535692805,
            0.47966420665830706,
            0.09926583202328006,
            -0.008599732569998186
        ],
        [
            -0.15406690449092994,
            -0.17365573104881002,
            -0.008874977140896393,
            -0.24319760563072074,
            -0.01700251734020572,
            -0.5287350226282779,
            -0.16292005905039128,
            -0.031337297377383964,
            -0.19940408427241374,
            -0.10793957985543366,
            0.0,
            0.0,
            0.0,
            1.0000000000000004,
            0.0,
            0.5306708228854586,
            0.16141782467715765,
            0.09926583202328018,
            -0.18277217522121747,
            0.05865005016893564
        ],
        [
            -0.008986133726436763,
            -0.010128675115028428,
            -0.0005176434982625319,
            -0.01700251734020572,
            0.04731818447405524,
            -0.08346564583717975,
            -0.02571841729128745,
            -0.0049468782139555295,
            -0.10793957985543368,
            0.46732824456299665,
            0.0,
            0.0,
            0.0,
            0.0,
            1.0000000000000004,
            -0.045973796486645534,
            -0.013984168529699656,
            -0.008599732569998186,
            0.05865005016893556,
            0.4891382943366456
        ],
        [
            0.012193570341811719,
            0.11689370464505733,
            -0.0003886703602818258,
            0.014558597075685525,
            0.0001681114273616765,
            0.13666280964785277,
            0.32311876040412646,
            -0.008894787521248986,
            0.17906042898300664,
            0.00654157657483959,
            0.5732623841079697,
            0.5664481850317236,
            -0.07781113820654459,
            0.5306708228854594,
            -0.045973796486645534,
            0.9999999999999999,
            0.6848602514927513,
            0.0,
            0.0,
            0.0
        ],
        [
            0.11689370464505733,
            0.33133176685448407,
            -0.0024659104951399702,
            0.09236669680038297,
            0.0010665792286901664,
            0.32311876040412646,
            0.6259280906790643,
            -0.008869344991779486,
            0.17854824696288107,
            0.006522865138013836,
            0.5664481850317236,
            0.8884556938486184,
            -0.023668353569280508,
            0.16141782467715768,
            -0.013984168529699659,
            0.6848602514927513,
            1.0000000000000002,
            0.0,
            0.0,
            0.0
        ],
        [
            0.0003886703602818257,
            0.0024659104951399694,
            0.0013713522074662377,
            0.00048613604989665687,
            5.6135233920707915e-06,
            0.008894787521248984,
            0.008869344991779483,
            0.060462100456591145,
            0.016939716222624135,
            0.0006188550505308159,
            0.07781113820654456,
            0.0236683535692805,
            0.47966420665830706,
            0.09926583202328018,
            -0.008599732569998186,
            0.0,
            0.0,
            1.0000000000000004,
            0.0,
            0.0
        ],
        [
            -0.01455859707568552,
            -0.0923666968003829,
            0.00048613604989665665,
            -0.01682508182599323,
            -0.00021026822107256924,
            -0.17906042898300661,
            -0.1785482469628808,
            0.016939716222624145,
            -0.27970882438161976,
            -0.012458133548623336,
            -0.5306708228854594,
            -0.16141782467715765,
            0.09926583202328006,
            -0.18277217522121747,
            0.05865005016893556,
            0.0,
            0.0,
            0.0,
            1.0000000000000004,
            0.0
        ],
        [
            -0.0001681114273616765,
            -0.0010665792286901664,
            5.613523392070797e-06,
            -0.00021026822107256954,
            0.0013819025497888871,
            -0.006541576574839585,
            -0.006522865138013833,
            0.0006188550505308163,
            -0.012458133548623336,
            0.060848446799418046,
            0.045973796486645534,
            0.013984168529699656,
            -0.008599732569998186,
            0.05865005016893564,
            0.4891382943366456,
            0.0,
            0.0,
            0.0,
            0.0,
            1.0000000000000004
        ]
    ],
    "h": [
        [
            -0.25269073421773247,
            -0.46086018913538296,
            -0.005250482983730806,
            -0.27798032592502514,
            0.008063627826239757,
            -0.5647722722431175,
            -0.45190658983194476,
            -0.0023951794901053303,
            0.028618042283118372,
            -0.007145196642138085,
            -0.2442162623713093,
            -0.30786181456834805,
            0.007969901292064775,
            0.31547743624547636,
            0.029833849517342404,
            -0.011957405786435789,
            -0.13729715108929447,
            -0.0029129016256847504,
            0.06929200175045522,
            0.0013332346925932722
        ],
        [
            -0.46086018913538296,
            -0.3094152064136053,
            -0.004677222516910025,
            -0.24023409308332772,
            0.006049717924260688,
            -0.5355796568050109,
            -0.3644722721557023,
            -0.0019371216073753592,
            0.10445079122078907,
            -0.023810600069296632,
            -0.33675511652826495,
            -0.30831197682744893,
            0.013700552328384982,
            0.19314986937491496,
            0.03287482567726426,
            -0.13903144757213065,
            -0.19697758389364328,
            -0.0121906004319956,
            0.12483825292849898,
            -0.004064561832656696
        ],
        [
            -0.005250482983730806,
            -0.004677222516910025,
            1.489851095297617,
            -0.004903766638687495,
            9.044018643407253e-05,
            -0.002464916858146631,
            -0.0046090873316712005,
            0.36606917496187874,
            -0.016326681620626782,
            0.0002797195782462738,
            -0.005598299241260913,
            -0.0035511705449720885,
            -0.04583566331327625,
            0.005169564385940989,
            0.0006517312543634457,
            -4.867708600436011e-05,
            -0.0016735539431374522,
            -0.004638840758296882,
            -0.0006633579809917668,
            -2.9202438198795415e-05
        ],
        [
            -0.27798032592502514,
            -0.24023409308332772,
            -0.004903766638687495,
            1.2180051610349105,
            0.007434266593914107,
            -0.08127799682418335,
            -0.22923564733130852,
            -0.018598336797208313,
            -0.6597473310656138,
            0.024315963805577503,
            -0.2460570833754363,
            -0.18714191734312885,
            0.01039110290279506,
            0.19581297460681685,
            0.03095936017970984,
            -0.06745276208862644,
            -0.11957994488157087,
            -0.005068978273681003,
            0.09273222784584846,
            7.871904375561208e-05
        ],
        [
            0.008063627826239757,
            0.006049717924260688,
            9.044018643407253e-05,
            0.007434266593914107,
            1.4895511728178166,
            -0.0019089032152489714,
            0.004261923330669185,
            0.0005167702712479601,
            0.03359889477137473,
            0.36483368066260635,
            -0.003521639951538969,
            0.003607759263796629,
            1.5193752307105e-05,
            -0.002685838331827499,
            -0.04619503217275553,
            -0.001865262123464672,
            0.00024625058204648127,
            -0.00010962791163356716,
            0.0011484865458711404,
            -0.004688492334027655
        ],
        [
            -0.5647722722431175,
            -0.5355796568050109,
            -0.002464916858146631,
            -0.08127799682418335,
            -0.0019089032152489714,
            -0.4515999777521049,
            -0.605399358554137,
            -0.006662610489349339,
            0.016141776586783577,
            -0.04668280274613413,
            -0.5478672111103007,
            -0.5238903802062256,
            0.0104621366627057,
            0.04119283754070602,
            0.012357137803271245,
            -0.2750304940296395,
            -0.3521093378295747,
            -0.02502951544542482,
            0.2643326258608748,
            -0.005707421745527814
        ],
        [
            -0.45190658983194476,
            -0.3644722721557023,
            -0.0046090873316712005,
            -0.22923564733130852,
            0.004261923330669185,
            -0.605399358554137,
            -0.4379717024321379,
            -0.004724998223573705,
            -0.012087105637710885,
            -0.038900257182646863,
            -0.5306510669818029,
            -0.4148803227604516,
            0.027841393960042257,
            0.12388905415495055,
            0.04441555822949181,
            -0.3299149013342665,
            -0.3178804362201031,
            -0.026024704483894396,
            0.20292699195356706,
            -0.012737196439112667
        ],
        [
            -0.0023951794901053303,
            -0.0019371216073753592,
            0.36606917496187874,
            -0.018598336797208313,
            0.0005167702712479601,
            -0.006662610489349339,
            -0.004724998223573705,
            1.401792347279121,
            -0.01398959645662674,
            -0.0016173904416910895,
            0.0031690692270970114,
            -0.004896942102289307,
            0.40596642038487807,
            -0.04402297939278228,
            -0.00720133570313242,
            -9.424432341570074e-05,
            -0.00520710723566652,
            -0.04783730977673423,
            0.0068194322473477675,
            -4.232621285572987e-05
        ],
        [
            0.028618042283118372,
            0.10445079122078907,
            -0.016326681620626782,
            -0.6597473310656138,
            0.03359889477137473,
            0.016141776586783577,
            -0.012087105637710885,
            -0.01398959645662674,
            0.819066744277015,
            -0.03403265339991027,
            -0.0646151311015315,
            -0.13913194232895393,
            -0.03086624073402955,
            -0.7314652124049681,
            -0.14854023077099063,
            -0.33694112073598903,
            -0.2010418677366642,
            -0.030314819006356557,
            0.16539038065763,
            -0.016817530083694597
        ],
        [
            -0.007145196642138085,
            -0.023810600069296632,
            0.0002797195782462738,
            0.024315963805577503,
            0.36483368066260635,
            -0.04668280274613413,
            -0.038900257182646863,
            -0.0016173904416910895,
            -0.03403265339991027,
            1.3956588690526357,
            -0.008693197873790748,
            -0.03703462636245704,
            -0.005800764644375643,
            -0.15463858326516222,
            0.3852443526580881,
            -0.03028954064988484,
            -0.03122673234991932,
            -0.0036535800577555027,
            0.03043647049413021,
            -0.04886011003190341
        ],
        [
            -0.2442162623713093,
            -0.33675511652826495,
            -0.005598299241260913,
            -0.2460570833754363,
            -0.003521639951538969,
            -0.5478672111103007,
            -0.5306510669818029,
            0.0031690692270970114,
            -0.0646151311015315,
            -0.008693197873790748,
            -0.485277203863296,
            -0.6168688553109368,
            0.052200270061775085,
            -0.04528417555098205,
            0.0620844941008254,
            -0.6022341875408013,
            -0.5559318950945538,
            -0.007120327102662027,
            0.08430042641453372,
            -0.00011414197852704921
        ],
        [
            -0.30786181456834805,
            -0.30831197682744893,
            -0.0035511705449720885,
            -0.18714191734312885,
            0.003607759263796629,
            -0.5238903802062256,
            -0.4148803227604516,
            -0.004896942102289307,
            -0.13913194232895393,
            -0.03703462636245704,
            -0.6168688553109368,
            -0.4368417582379782,
            0.04092341368944338,
            -0.0023069152180604235,
            0.05064648310643406,
            -0.4726948310777809,
            -0.3698326119629538,
            -0.032137515824730595,
            0.2474850458423813,
            -0.01574955830370736
        ],
        [
            0.007969901292064775,
            0.013700552328384982,
            -0.04583566331327625,
            0.01039110290279506,
            1.5193752307105e-05,
            0.0104621366627057,
            0.027841393960042257,
            0.40596642038487807,
            -0.03086624073402955,
            -0.005800764644375643,
            0.052200270061775085,
            0.04092341368944338,
            1.3854129017746069,
            0.028683745654814744,
            -0.005315782165670574,
            0.006913196879483469,
            0.036404202482120125,
            0.4125596250919322,
            0.1345509760111597,
            -0.012362122762226656
        ],
        [
            0.31547743624547636,
            0.19314986937491496,
            0.005169564385940989,
            0.19581297460681685,
            -0.002685838331827499,
            0.04119283754070602,
            0.12388905415495055,
            -0.04402297939278228,
            -0.7314652124049681,
            -0.15463858326516222,
            -0.04528417555098205,
            -0.0023069152180604235,
            0.028683745654814744,
            0.8019391802085059,
            -0.01904293208320957,
            -0.010128575378364202,
            -0.10576143601778368,
            0.14403601487710868,
            -0.575193665211408,
            0.08309391658876288
        ],
        [
            0.029833849517342404,
            0.03287482567726426,
            0.0006517312543634457,
            0.03095936017970984,
            -0.04619503217275553,
            0.012357137803271245,
            0.04441555822949181,
            -0.00720133570313242,
            -0.14854023077099063,
            0.3852443526580881,
            0.0620844941008254,
            0.05064648310643406,
            -0.005315782165670574,
            -0.01904293208320957,
            1.3832876779661443,
            0.009742981927464603,
            0.03631421497594962,
            -0.011266493670919343,
            0.07008484088808244,
            0.42545610181574145
        ],
        [
            -0.011957405786435789,
            -0.13903144757213065,
            -4.867708600436011e-05,
            -0.06745276208862644,
            -0.001865262123464672,
            -0.2750304940296395,
            -0.3299149013342665,
            -9.424432341570074e-05,
            -0.33694112073598903,
            -0.03028954064988484,
            -0.6022341875408013,
            -0.4726948310777809,
            0.006913196879483469,
            -0.010128575378364202,
            0.009742981927464603,
            -0.2908130596335827,
            -0.4774279448655998,
            -0.043321254865365186,
            0.3041266526354655,
            -0.024057381670240532
        ],
        [
            -0.13729715108929447,
            -0.19697758389364328,
            -0.0016735539431374522,
            -0.11957994488157087,
            0.00024625058204648127,
            -0.3521093378295747,
            -0.3178804362201031,
            -0.00520710723566652,
            -0.2010418677366642,
            -0.03122673234991932,
            -0.5559318950945538,
            -0.3698326119629538,
            0.036404202482120125,
            -0.10576143601778368,
            0.03631421497594962,
            -0.4774279448655998,
            -0.31627277824031963,
            -0.03494533392837647,
            0.2541391483016259,
            -0.01852105760069816
        ],
        [
            -0.0029129016256847504,
            -0.0121906004319956,
            -0.004638840758296882,
            -0.005068978273681003,
            -0.00010962791163356716,
            -0.02502951544542482,
            -0.026024704483894396,
            -0.04783730977673423,
            -0.030314819006356557,
            -0.0036535800577555027,
            -0.007120327102662027,
            -0.032137515824730595,
            0.4125596250919322,
            0.14403601487710868,
            -0.011266493670919343,
            -0.043321254865365186,
            -0.03494533392837647,
            1.467108995975184,
            0.041028194033861286,
            -0.003389811716731909
        ],
        [
            0.06929200175045522,
            0.12483825292849898,
            -0.0006633579809917668,
            0.09273222784584846,
            0.0011484865458711404,
            0.2643326258608748,
            0.20292699195356706,
            0.0068194322473477675,
            0.16539038065763,
            0.03043647049413021,
            0.08430042641453372,
            0.2474850458423813,
            0.1345509760111597,
            -0.575193665211408,
            0.07008484088808244,
            0.3041266526354655,
            0.2541391483016259,
            0.041028194033861286,
            1.1765007712819051,
            0.02231187132772018
        ],
        [
            0.0013332346925932722,
            -0.004064561832656696,
            -2.9202438198795415e-05,
            7.871904375561208e-05,
            -0.004688492334027655,
            -0.005707421745527814,
            -0.012737196439112667,
            -4.232621285572987e-05,
            -0.016817530083694597,
            -0.04886011003190341,
            -0.00011414197852704921,
            -0.01574955830370736,
            -0.012362122762226656,
            0.08309391658876288,
            0.42545610181574145,
            -0.024057381670240532,
            -0.01852105760069816,
            -0.003389811716731909,
            0.02231187132772018,
            1.470939407754142
        ]
    ]
}