{
    "HF": -2.1640145795964223,
    "coordinates": [
        [
            0.645885,
            -0.04912,
            0.058753
        ],
        [
            1.45636,
            0.083144,
            -0.104349
        ],
        [
            2.281582,
            0.106358,
            -0.019093
        ],
        [
            2.924323,
            -0.125479,
            3e-05
        ]
    ],
    "elements": [
        "H",
        "H",
        "H",
        "H"
    ],
    "Enn": 2.9535997334980957,
    "S": [
        [
            0.9999999999999999,
            0.6848602514927513,
            0.0,
            0.0,
            0.0,
            0.49381149871605523,
            0.5360135034425825,
            0.09865653982592466,
            -0.49023714678799973,
            -0.08000336343843792,
            0.08534027947785837,
            0.26627642739428947,
            0.0053679460645989635,
            -0.1127910653601512,
            -0.010721135552651615,
            0.010980274910274953,
            0.11174522092153832,
            0.0003341078744421716,
            -0.012963303598730866,
            0.00043444890731961575
        ],
        [
            0.6848602514927513,
            1.0000000000000002,
            0.0,
            0.0,
            0.0,
            0.5360135034425825,
            0.8583916260764265,
            0.03416970041226029,
            -0.1697936747656477,
            -0.027709171287459367,
            0.2662764273942896,
            0.554657578073539,
            0.007719781296931304,
            -0.16220773203564257,
            -0.015418340781598082,
            0.11174522092153832,
            0.32210957684687497,
            0.00229596944843819,
            -0.08908305158388724,
            0.0029855070604923447
        ],
        [
            0.0,
            0.0,
            1.0000000000000004,
            0.0,
            0.0,
            -0.09865653982592468,
            -0.0341697004122603,
            0.374757680446015,
            0.13815343791214488,
            0.022545700128951445,
            -0.005367946064598962,
            -0.007719781296931293,
            0.029359828853345416,
            0.009860791827542802,
            0.0009372984065891787,
            -0.0003341078744421714,
            -0.0022959694484381895,
            0.001159524797286107,
            0.0004064088940567962,
            -1.3620285801625018e-05
        ],
        [
            0.0,
            0.0,
            0.0,
            1.0000000000000004,
            0.0,
            0.4902371467879996,
            0.16979367476564766,
            0.1381534379121448,
            -0.2839423368974364,
            -0.11203250917837868,
            0.11279106536015122,
            0.16220773203564245,
            0.00986079182754281,
            -0.17736543550926312,
            -0.01969447616785321,
            0.012963303598730854,
            0.08908305158388727,
            0.00040640889405679624,
            -0.014598566110670522,
            0.0005284637491491051
        ],
        [
            0.0,
            0.0,
            0.0,
            0.0,
            1.0000000000000004,
            0.0800033634384379,
            0.027709171287459346,
            0.022545700128951438,
            -0.1120325091783787,
            0.3842770786216251,
            0.010721135552651615,
            0.015418340781598074,
            0.000937298406589179,
            -0.0196944761678532,
            0.027957102941994723,
            -0.00043444890731961515,
            -0.0029855070604923417,
            -1.362028580162502e-05,
            0.0005284637491491051,
            0.001152288517898395
        ],
        [
            0.49381149871605523,
            0.5360135034425825,
            -0.09865653982592466,
            0.4902371467879996,
            0.08000336343843792,
            0.9999999999999999,
            0.6848602514927513,
            0.0,
            0.0,
            0.0,
            0.49945927290473646,
            0.5382972361727414,
            -0.052317307198919194,
            -0.506397120218008,
            -0.014245260970673142,
            0.12999142641840603,
            0.316589444565503,
            -0.01201154137664015,
            -0.16892764170835906,
            0.024007547462792312
        ],
        [
            0.5360135034425825,
            0.8583916260764265,
            -0.03416970041226029,
            0.1697936747656477,
            0.027709171287459367,
            0.6848602514927513,
            1.0000000000000002,
            0.0,
            0.0,
            0.0,
            0.5382972361727414,
            0.8606697097380905,
            -0.017942300377297122,
            -0.17366966550100732,
            -0.0048854339982942595,
            0.316589444565503,
            0.6179979432776441,
            -0.012456878447181784,
            -0.1751907630458262,
            0.024897645621115426
        ],
        [
            0.09865653982592468,
            0.034169700412260307,
            0.374757680446015,
            0.13815343791214485,
            0.022545700128951445,
            0.0,
            0.0,
            1.0000000000000004,
            0.0,
            0.0,
            0.052317307198919166,
            0.017942300377297108,
            0.40125098089215455,
            -0.07469949093506519,
            -0.0021013424055182773,
            0.012011541376640143,
            0.012456878447181786,
            0.05521119228578914,
            -0.022602093637691112,
            0.0032121494758219613
        ],
        [
            -0.49023714678799946,
            -0.16979367476564766,
            0.13815343791214485,
            -0.2839423368974363,
            -0.1120325091783787,
            0.0,
            0.0,
            0.0,
            1.0000000000000004,
            0.0,
            0.5063971202180076,
            0.1736696655010073,
            -0.07469949093506521,
            -0.31407354127828113,
            -0.020339612256810122,
            0.16892764170835886,
            0.17519076304582634,
            -0.0226020936376911,
            -0.26105250278123154,
            0.04517495455001515
        ],
        [
            -0.0800033634384379,
            -0.027709171287459342,
            0.022545700128951438,
            -0.11203250917837868,
            0.3842770786216251,
            0.0,
            0.0,
            0.0,
            0.0,
            1.0000000000000004,
            0.014245260970673142,
            0.004885433998294259,
            -0.0021013424055182778,
            -0.020339612256810122,
            0.40839622912866586,
            -0.02400754746279229,
            -0.0248976456211154,
            0.0032121494758219587,
            0.045174954550015134,
            0.050398161840689876
        ],
        [
            0.08534027947785837,
            0.26627642739428947,
            -0.0053679460645989635,
            0.11279106536015122,
            0.010721135552651615,
            0.49945927290473646,
            0.5382972361727414,
            0.052317307198919194,
            0.506397120218008,
            0.014245260970673142,
            0.9999999999999999,
            0.6848602514927513,
            0.0,
            0.0,
            0.0,
            0.6165457275455297,
            0.581637076827366,
            -0.01531466418695248,
            -0.5147394537565246,
            0.1856667782832455
        ],
        [
            0.2662764273942896,
            0.554657578073539,
            -0.007719781296931304,
            0.16220773203564248,
            0.015418340781598082,
            0.5382972361727414,
            0.8606697097380905,
            0.017942300377297132,
            0.17366966550100732,
            0.0048854339982942595,
            0.6848602514927513,
            1.0000000000000002,
            0.0,
            0.0,
            0.0,
            0.581637076827366,
            0.9032291049036161,
            -0.004371271297409749,
            -0.14692230742919232,
            0.052994949734747894
        ],
        [
            0.005367946064598962,
            0.007719781296931292,
            0.029359828853345416,
            0.009860791827542802,
            0.0009372984065891787,
            -0.05231730719891918,
            -0.017942300377297105,
            0.40125098089215455,
            -0.07469949093506519,
            -0.0021013424055182773,
            0.0,
            0.0,
            1.0000000000000004,
            0.0,
            0.0,
            0.015314664186952482,
            0.004371271297409749,
            0.5447366443542445,
            -0.017398959432630125,
            0.006275813364920973
        ],
        [
            -0.11279106536015124,
            -0.16220773203564254,
            0.00986079182754281,
            -0.17736543550926312,
            -0.019694476167853206,
            -0.5063971202180076,
            -0.1736696655010073,
            -0.07469949093506521,
            -0.31407354127828113,
            -0.020339612256810122,
            0.0,
            0.0,
            0.0,
            1.0000000000000004,
            0.0,
            0.5147394537565246,
            0.14692230742919227,
            -0.017398959432630114,
            -0.0395401638036844,
            0.21093565643375356
        ],
        [
            -0.010721135552651615,
            -0.01541834078159807,
            0.000937298406589179,
            -0.0196944761678532,
            0.027957102941994723,
            -0.014245260970673142,
            -0.004885433998294259,
            -0.0021013424055182778,
            -0.020339612256810122,
            0.40839622912866586,
            0.0,
            0.0,
            0.0,
            0.0,
            1.0000000000000004,
            -0.1856667782832455,
            -0.052994949734747894,
            0.006275813364920971,
            0.21093565643375362,
            0.4691697060705472
        ],
        [
            0.010980274910274953,
            0.11174522092153832,
            -0.00033410787444217166,
            0.012963303598730864,
            -0.00043444890731961553,
            0.12999142641840603,
            0.316589444565503,
            0.01201154137664015,
            0.16892764170835906,
            -0.024007547462792312,
            0.6165457275455297,
            0.581637076827366,
            0.01531466418695248,
            0.5147394537565246,
            -0.1856667782832455,
            0.9999999999999999,
            0.6848602514927513,
            0.0,
            0.0,
            0.0
        ],
        [
            0.11174522092153832,
            0.32210957684687497,
            -0.0022959694484381904,
            0.08908305158388727,
            -0.0029855070604923426,
            0.316589444565503,
            0.6179979432776441,
            0.012456878447181787,
            0.1751907630458264,
            -0.024897645621115426,
            0.581637076827366,
            0.9032291049036161,
            0.004371271297409748,
            0.14692230742919232,
            -0.052994949734747894,
            0.6848602514927513,
            1.0000000000000002,
            0.0,
            0.0,
            0.0
        ],
        [
            0.00033410787444217133,
            0.0022959694484381895,
            0.001159524797286107,
            0.0004064088940567962,
            -1.3620285801625023e-05,
            -0.012011541376640143,
            -0.012456878447181782,
            0.05521119228578914,
            -0.022602093637691112,
            0.0032121494758219613,
            -0.015314664186952483,
            -0.004371271297409747,
            0.5447366443542445,
            -0.017398959432630125,
            0.006275813364920973,
            0.0,
            0.0,
            1.0000000000000004,
            0.0,
            0.0
        ],
        [
            -0.012963303598730855,
            -0.08908305158388721,
            0.00040640889405679624,
            -0.014598566110670522,
            0.0005284637491491053,
            -0.16892764170835892,
            -0.17519076304582615,
            -0.0226020936376911,
            -0.26105250278123154,
            0.04517495455001515,
            -0.5147394537565246,
            -0.14692230742919227,
            -0.017398959432630114,
            -0.0395401638036844,
            0.21093565643375356,
            0.0,
            0.0,
            0.0,
            1.0000000000000004,
            0.0
        ],
        [
            0.00043444890731961515,
            0.0029855070604923395,
            -1.3620285801625013e-05,
            0.000528463749149105,
            0.0011522885178983952,
            0.02400754746279229,
            0.024897645621115395,
            0.0032121494758219587,
            0.045174954550015134,
            0.050398161840689876,
            0.1856667782832455,
            0.05299494973474787,
            0.006275813364920971,
            0.21093565643375362,
            0.4691697060705472,
            0.0,
            0.0,
            0.0,
            0.0,
            1.0000000000000004
        ]
    ],
    "h": [
        [
            -0.21928683721303632,
            -0.44583738673920636,
            0.04771006813225551,
            -0.242203526376227,
            -0.04007510376442307,
            -0.5299732914061224,
            -0.43576810322095016,
            -0.011288262516870456,
            0.04363487083477213,
            0.004331934929870163,
            -0.1892413915752226,
            -0.2761918668226965,
            0.0071796571717099335,
            0.26712558952403365,
            0.008829456407468073,
            -0.009429830358227559,
            -0.1305406365362035,
            0.0013027459789665353,
            0.06078056713471004,
            -0.0050036070829554136
        ],
        [
            -0.44583738673920636,
            -0.3023163226483534,
            0.041475218829453216,
            -0.21534807547144014,
            -0.035226373841475214,
            -0.506022293211727,
            -0.35757520954380473,
            -0.04593625275275598,
            0.10411441562384302,
            0.02698202586270325,
            -0.2950629141009095,
            -0.29014437243044167,
            0.013506900020901347,
            0.16619113011950754,
            0.017963382295512316,
            -0.1343844827605994,
            -0.19051681215284005,
            0.003928112403764701,
            0.11532882978405835,
            -0.02675310323744101
        ],
        [
            0.04771006813225551,
            0.041475218829453216,
            1.4945357055107804,
            0.043539203488563286,
            0.007145877711536812,
            0.00972531030292903,
            0.036513949378294316,
            0.27043844818732415,
            0.18530139353189878,
            0.030134116775190678,
            0.022090208274981316,
            0.028223743246273993,
            -0.04048060803681497,
            -0.032728820494998416,
            -0.0015089429212524856,
            0.0027612991234725872,
            0.014226676104202562,
            -0.004097818849372761,
            -0.005295634055165971,
            0.0006002541481021569
        ],
        [
            -0.242203526376227,
            -0.21534807547144014,
            0.043539203488563286,
            1.278358973618121,
            -0.03638320261103749,
            -0.06987275477967725,
            -0.19953188132458605,
            0.17663289249680714,
            -0.6290029592628577,
            -0.14840032806121708,
            -0.19752773291567677,
            -0.1566746186421674,
            0.006827974243163344,
            0.2089811383527433,
            0.015995809735589873,
            -0.05645983917208768,
            -0.10294396827634075,
            0.0003597100673930725,
            0.07796098352417316,
            -0.008318975286878003
        ],
        [
            -0.04007510376442307,
            -0.035226373841475214,
            0.007145877711536812,
            -0.03638320261103749,
            1.497317491753279,
            -0.010330202994786014,
            -0.03166607412248825,
            0.02912643448415761,
            -0.15052454981683458,
            0.2825920335456996,
            -0.02390998734014137,
            -0.024277142019654207,
            0.0011196064425900087,
            0.03352147818438739,
            -0.0373466417051338,
            -0.001843459140049309,
            -0.012044762010934108,
            0.0001622068489338932,
            0.0022482772525310433,
            -0.004440126967910913
        ],
        [
            -0.5299732914061224,
            -0.506022293211727,
            0.00972531030292903,
            -0.06987275477967725,
            -0.010330202994786014,
            -0.37576924416937807,
            -0.5700824703548815,
            -0.06569112802173147,
            0.028775149707638795,
            0.03155772352172764,
            -0.48494485208879645,
            -0.478307352713931,
            0.0007624322428241709,
            0.04037827101786373,
            0.02182668779706074,
            -0.26227371748890116,
            -0.3316115952562809,
            0.012408996709569468,
            0.24219349529712644,
            -0.056873517557183915
        ],
        [
            -0.43576810322095016,
            -0.35757520954380473,
            0.036513949378294316,
            -0.19953188132458605,
            -0.03166607412248825,
            -0.5700824703548815,
            -0.4280552104608799,
            -0.0570503931584264,
            -0.003299545667256293,
            0.02841508679235817,
            -0.4983782656608191,
            -0.39998599558458037,
            0.013947698889847308,
            0.09604906624127862,
            0.049380061560464164,
            -0.3328356751882507,
            -0.3144536804872551,
            0.007594702487288486,
            0.19513115579843138,
            -0.06169715820384121
        ],
        [
            -0.011288262516870456,
            -0.04593625275275598,
            0.27043844818732415,
            0.17663289249680714,
            0.02912643448415761,
            -0.06569112802173147,
            -0.0570503931584264,
            1.4161914217480958,
            0.019779263494098195,
            0.006449924795199602,
            -0.014898944004508738,
            -0.03994265006581657,
            0.2939169715460798,
            -0.0907073544556112,
            -0.0004106553463870278,
            -0.022949761255235665,
            -0.026186078410323183,
            -0.04550189572536849,
            0.02102509515779355,
            -0.0060960673211239574
        ],
        [
            0.04363487083477213,
            0.10411441562384302,
            0.18530139353189878,
            -0.6290029592628577,
            -0.15052454981683458,
            0.028775149707638795,
            -0.003299545667256293,
            0.019779263494098195,
            0.9331973232537076,
            -0.037697038495799945,
            -0.09070152425652167,
            -0.13031257606099733,
            -0.10095732187978082,
            -0.7961570122612217,
            0.002623061168018241,
            -0.3217713319130369,
            -0.18249719687825963,
            0.008066409699465121,
            0.15757621866827293,
            -0.06807913523285355
        ],
        [
            0.004331934929870163,
            0.02698202586270325,
            0.030134116775190678,
            -0.14840032806121708,
            0.2825920335456996,
            0.03155772352172764,
            0.02841508679235817,
            0.006449924795199602,
            -0.037697038495799945,
            1.4211607843640894,
            0.013694306029748285,
            0.016794266607705,
            -0.0030059963707913325,
            -0.0330141476124479,
            0.3010300994849914,
            0.01337222504020203,
            0.006331330186122655,
            9.530771109800447e-05,
            -0.0012243050962541385,
            -0.04533218090300703
        ],
        [
            -0.1892413915752226,
            -0.2950629141009095,
            0.022090208274981316,
            -0.19752773291567677,
            -0.02390998734014137,
            -0.48494485208879645,
            -0.4983782656608191,
            -0.014898944004508738,
            -0.09070152425652167,
            0.013694306029748285,
            -0.4781175228447614,
            -0.6073755673053745,
            0.012360095950589138,
            -0.10726285214628073,
            0.11197315563838457,
            -0.633320892025205,
            -0.5628762901604938,
            0.004996125907206078,
            0.06591088351570762,
            -0.01401788157107725
        ],
        [
            -0.2761918668226965,
            -0.29014437243044167,
            0.028223743246273993,
            -0.1566746186421674,
            -0.024277142019654207,
            -0.478307352713931,
            -0.39998599558458037,
            -0.03994265006581657,
            -0.13031257606099733,
            0.016794266607705,
            -0.6073755673053745,
            -0.4271509612994586,
            0.011682832655219112,
            -0.033471380472947176,
            0.08389136923902112,
            -0.4928010926347294,
            -0.37007501276880617,
            0.009825857620875126,
            0.2471691745235277,
            -0.08070029028896543
        ],
        [
            0.0071796571717099335,
            0.013506900020901347,
            -0.04048060803681497,
            0.006827974243163344,
            0.0011196064425900087,
            0.0007624322428241709,
            0.013947698889847308,
            0.2939169715460798,
            -0.10095732187978082,
            -0.0030059963707913325,
            0.012360095950589138,
            0.011682832655219112,
            1.3957510560805428,
            -0.0300206033654945,
            0.002110280882249492,
            0.005510862966044468,
            0.005279656308318866,
            0.5111894366206728,
            -0.03240577981921918,
            0.010687654647610218
        ],
        [
            0.26712558952403365,
            0.16619113011950754,
            -0.032728820494998416,
            0.2089811383527433,
            0.03352147818438739,
            0.04037827101786373,
            0.09604906624127862,
            -0.0907073544556112,
            -0.7961570122612217,
            -0.0330141476124479,
            -0.10726285214628073,
            -0.033471380472947176,
            -0.0300206033654945,
            0.8712641507856103,
            0.0915287473580033,
            0.0066083814414289455,
            -0.11223685404844247,
            -0.02757435764594591,
            -0.3922060688203309,
            0.31740013134873996
        ],
        [
            0.008829456407468073,
            0.017963382295512316,
            -0.0015089429212524856,
            0.015995809735589873,
            -0.0373466417051338,
            0.02182668779706074,
            0.049380061560464164,
            -0.0004106553463870278,
            0.002623061168018241,
            0.3010300994849914,
            0.11197315563838457,
            0.08389136923902112,
            0.002110280882249492,
            0.0915287473580033,
            1.3633309651839247,
            0.007219083209550781,
            0.07893620926875367,
            0.008458714114390451,
            0.3019860168150484,
            0.40195002317392414
        ],
        [
            -0.009429830358227559,
            -0.1343844827605994,
            0.0027612991234725872,
            -0.05645983917208768,
            -0.001843459140049309,
            -0.26227371748890116,
            -0.3328356751882507,
            -0.022949761255235665,
            -0.3217713319130369,
            0.01337222504020203,
            -0.633320892025205,
            -0.4928010926347294,
            0.005510862966044468,
            0.0066083814414289455,
            0.007219083209550781,
            -0.3284233417258069,
            -0.4924158784116679,
            0.011236345206763258,
            0.31676482007587403,
            -0.11221328375838623
        ],
        [
            -0.1305406365362035,
            -0.19051681215284005,
            0.014226676104202562,
            -0.10294396827634075,
            -0.012044762010934108,
            -0.3316115952562809,
            -0.3144536804872551,
            -0.026186078410323183,
            -0.18249719687825963,
            0.006331330186122655,
            -0.5628762901604938,
            -0.37007501276880617,
            0.005279656308318866,
            -0.11223685404844247,
            0.07893620926875367,
            -0.4924158784116679,
            -0.3191256682229666,
            0.009534661691900898,
            0.2533416626055577,
            -0.08675677834088184
        ],
        [
            0.0013027459789665353,
            0.003928112403764701,
            -0.004097818849372761,
            0.0003597100673930725,
            0.0001622068489338932,
            0.012408996709569468,
            0.007594702487288486,
            -0.04550189572536849,
            0.008066409699465121,
            9.530771109800447e-05,
            0.004996125907206078,
            0.009825857620875126,
            0.5111894366206728,
            -0.02757435764594591,
            0.008458714114390451,
            0.011236345206763258,
            0.009534661691900898,
            1.460795053907143,
            -0.010150083129784188,
            0.003254785734397951
        ],
        [
            0.06078056713471004,
            0.11532882978405835,
            -0.005295634055165971,
            0.07796098352417316,
            0.0022482772525310433,
            0.24219349529712644,
            0.19513115579843138,
            0.02102509515779355,
            0.15757621866827293,
            -0.0012243050962541385,
            0.06591088351570762,
            0.2471691745235277,
            -0.03240577981921918,
            -0.3922060688203309,
            0.3019860168150484,
            0.31676482007587403,
            0.2533416626055577,
            -0.010150083129784188,
            1.1695846139406565,
            0.10027096709202069
        ],
        [
            -0.0050036070829554136,
            -0.02675310323744101,
            0.0006002541481021569,
            -0.008318975286878003,
            -0.004440126967910913,
            -0.056873517557183915,
            -0.06169715820384121,
            -0.0060960673211239574,
            -0.06807913523285355,
            -0.04533218090300703,
            -0.01401788157107725,
            -0.08070029028896543,
            0.010687654647610218,
            0.31740013134873996,
            0.40195002317392414,
            -0.11221328375838623,
            -0.08675677834088184,
            0.003254785734397951,
            0.10027096709202069,
            1.4256857361331599
        ]
    ]
}