{
    "HF": -2.1406632669278642,
    "coordinates": [
        [
            0.658884,
            -0.103807,
            -0.003416
        ],
        [
            1.325714,
            -0.130182,
            0.182751
        ],
        [
            2.079712,
            -0.196793,
            0.147912
        ],
        [
            2.808275,
            0.049059,
            -0.051451
        ]
    ],
    "elements": [
        "H",
        "H",
        "H",
        "H"
    ],
    "Enn": 3.0934899401144773,
    "S": [
        [
            0.9999999999999999,
            0.6848602514927513,
            0.0,
            0.0,
            0.0,
            0.6089705318064591,
            0.5790434363262683,
            -0.14678710176709592,
            -0.5257754761657683,
            0.020795897280974366,
            0.1489612085091546,
            0.33464675717086856,
            -0.0205680516574733,
            -0.1931147157193941,
            0.01263838054703566,
            0.01721735133020317,
            0.13552834819203308,
            0.00047350899812043736,
            -0.021187800124473515,
            -0.0015068892787900236
        ],
        [
            0.6848602514927513,
            1.0000000000000002,
            0.0,
            0.0,
            0.0,
            0.5790434363262683,
            0.9007169042354418,
            -0.04235287092940488,
            -0.15170338954731555,
            0.0060002952766228905,
            0.33464675717086856,
            0.6397826702619505,
            -0.01916382772448725,
            -0.17993036991255926,
            0.011775531856557756,
            0.1355283481920331,
            0.3635040984204342,
            0.0023101333208657895,
            -0.10337003786133112,
            -0.007351740194180697
        ],
        [
            0.0,
            0.0,
            1.0000000000000004,
            0.0,
            0.0,
            0.1467871017670959,
            0.042352870929404894,
            0.48802580603604917,
            -0.17283869985073338,
            0.0068362561800805206,
            0.0205680516574733,
            0.019163827724487235,
            0.06569389576545501,
            -0.0389885663867306,
            0.0025516042997720573,
            -0.00047350899812043736,
            -0.002310133320865788,
            0.0023903330245888545,
            0.0006445745441947443,
            4.5842535058941705e-05
        ],
        [
            0.0,
            0.0,
            0.0,
            1.0000000000000004,
            0.0,
            0.5257754761657683,
            0.15170338954731535,
            -0.17283869985073338,
            -0.08281019733111211,
            0.024486728091246537,
            0.1931147157193941,
            0.17993036991255917,
            -0.0389885663867306,
            -0.2962196262094836,
            0.023957171402757795,
            0.02118780012447351,
            0.10337003786133107,
            0.0006445745441947443,
            -0.026437621099508406,
            -0.002051286192835928
        ],
        [
            0.0,
            0.0,
            0.0,
            0.0,
            1.0000000000000004,
            -0.020795897280974366,
            -0.0060002952766228905,
            0.006836256180080514,
            0.02448672809124651,
            0.5353107583952784,
            -0.012638380547035654,
            -0.011775531856557738,
            0.0025516042997720564,
            0.023957171402757788,
            0.06827857190789755,
            0.0015068892787900234,
            0.007351740194180691,
            4.584253505894169e-05,
            -0.002051286192835927,
            0.0022588493732086904
        ],
        [
            0.6089705318064591,
            0.5790434363262683,
            0.14678710176709592,
            0.5257754761657683,
            -0.020795897280974366,
            0.9999999999999999,
            0.6848602514927513,
            0.0,
            0.0,
            0.0,
            0.5564564806162202,
            0.5602996168862301,
            0.024512559205325107,
            -0.530509504167649,
            0.04686719140118578,
            0.12186850782812404,
            0.3083484018293992,
            0.024911220605665748,
            -0.1576946573144398,
            -0.019065217600960426
        ],
        [
            0.5790434363262683,
            0.9007169042354418,
            0.04235287092940487,
            0.15170338954731555,
            -0.0060002952766228905,
            0.6848602514927513,
            1.0000000000000002,
            0.0,
            0.0,
            0.0,
            0.5602996168862301,
            0.8824325377190723,
            0.007652300604352533,
            -0.1656138049622725,
            0.014630942207196749,
            0.3083484018293992,
            0.607899775571241,
            0.027172709102434738,
            -0.17201048146307354,
            -0.020795994706405183
        ],
        [
            -0.1467871017670959,
            -0.04235287092940488,
            0.48802580603604917,
            -0.17283869985073338,
            0.006836256180080514,
            0.0,
            0.0,
            1.0000000000000004,
            0.0,
            0.0,
            -0.02451255920532511,
            -0.007652300604352531,
            0.4730908815499322,
            0.03236557054416944,
            -0.0028592954086319494,
            -0.02491122060566574,
            -0.027172709102434744,
            0.04417081968333375,
            0.046428703791100256,
            0.005613210718628506
        ],
        [
            -0.5257754761657683,
            -0.15170338954731555,
            -0.17283869985073338,
            -0.08281019733111211,
            0.02448672809124651,
            0.0,
            0.0,
            0.0,
            1.0000000000000004,
            0.0,
            0.530509504167649,
            0.16561380496227246,
            0.03236557054416946,
            -0.22588080690291198,
            0.0618818858037737,
            0.15769465731443974,
            0.17201048146307354,
            0.04642870379110024,
            -0.24240083380513597,
            -0.03553311797602325
        ],
        [
            0.020795897280974366,
            0.0060002952766228905,
            0.0068362561800805206,
            0.024486728091246537,
            0.5353107583952784,
            0.0,
            0.0,
            0.0,
            0.0,
            1.0000000000000004,
            -0.04686719140118578,
            -0.014630942207196745,
            -0.0028592954086319494,
            0.061881885803773656,
            0.4691194781999407,
            0.019065217600960423,
            0.02079599470640518,
            0.005613210718628508,
            -0.03553311797602327,
            0.047209280620956466
        ],
        [
            0.1489612085091546,
            0.33464675717086856,
            0.020568051657473295,
            0.1931147157193941,
            -0.012638380547035664,
            0.5564564806162202,
            0.5602996168862301,
            -0.024512559205325107,
            0.5305095041676489,
            -0.04686719140118578,
            0.9999999999999999,
            0.6848602514927513,
            0.0,
            0.0,
            0.0,
            0.5273169960303625,
            0.5492815777497476,
            0.13104169454984815,
            -0.478885902129889,
            -0.16159900627733967
        ],
        [
            0.33464675717086856,
            0.6397826702619505,
            0.019163827724487242,
            0.17993036991255926,
            -0.011775531856557756,
            0.5602996168862301,
            0.8824325377190723,
            -0.007652300604352533,
            0.1656138049622725,
            -0.014630942207196749,
            0.6848602514927513,
            1.0000000000000002,
            0.0,
            0.0,
            0.0,
            0.5492815777497476,
            0.8715759230557938,
            0.0428709840980804,
            -0.1566700580722088,
            -0.052867970398124325
        ],
        [
            -0.0205680516574733,
            -0.019163827724487242,
            0.06569389576545501,
            -0.0389885663867306,
            0.0025516042997720564,
            0.02451255920532511,
            0.007652300604352531,
            0.4730908815499322,
            0.03236557054416946,
            -0.0028592954086319494,
            0.0,
            0.0,
            1.0000000000000004,
            0.0,
            0.0,
            -0.13104169454984815,
            -0.042870984098080385,
            0.3953485747789819,
            0.16623469517383382,
            0.056095536388586005
        ],
        [
            -0.1931147157193941,
            -0.17993036991255917,
            -0.0389885663867306,
            -0.2962196262094836,
            0.023957171402757788,
            -0.530509504167649,
            -0.16561380496227246,
            0.03236557054416944,
            -0.22588080690291198,
            0.061881885803773656,
            0.0,
            0.0,
            0.0,
            1.0000000000000004,
            0.0,
            0.47888590212988896,
            0.15667005807220877,
            0.16623469517383405,
            -0.16666030610808455,
            -0.20499858187265163
        ],
        [
            0.01263838054703566,
            0.01177553185655775,
            0.0025516042997720573,
            0.023957171402757795,
            0.06827857190789755,
            0.04686719140118578,
            0.014630942207196745,
            -0.0028592954086319494,
            0.0618818858037737,
            0.4691194781999407,
            0.0,
            0.0,
            0.0,
            0.0,
            1.0000000000000004,
            0.16159900627733967,
            0.05286797039812433,
            0.05609553638858602,
            -0.2049985818726514,
            0.3716604876586999
        ],
        [
            0.01721735133020317,
            0.13552834819203308,
            -0.00047350899812043746,
            0.021187800124473515,
            0.0015068892787900236,
            0.12186850782812404,
            0.3083484018293992,
            -0.024911220605665748,
            0.15769465731443974,
            0.019065217600960426,
            0.5273169960303625,
            0.5492815777497476,
            -0.13104169454984815,
            0.478885902129889,
            0.16159900627733967,
            0.9999999999999999,
            0.6848602514927513,
            0.0,
            0.0,
            0.0
        ],
        [
            0.1355283481920331,
            0.3635040984204342,
            -0.0023101333208657895,
            0.10337003786133112,
            0.0073517401941807,
            0.3083484018293992,
            0.607899775571241,
            -0.027172709102434744,
            0.17201048146307354,
            0.02079599470640519,
            0.5492815777497476,
            0.8715759230557938,
            -0.04287098409808041,
            0.1566700580722088,
            0.05286797039812434,
            0.6848602514927513,
            1.0000000000000002,
            0.0,
            0.0,
            0.0
        ],
        [
            0.00047350899812043736,
            0.002310133320865788,
            0.0023903330245888545,
            0.0006445745441947443,
            4.5842535058941705e-05,
            0.02491122060566574,
            0.027172709102434744,
            0.04417081968333375,
            0.04642870379110024,
            0.005613210718628506,
            0.13104169454984815,
            0.042870984098080385,
            0.3953485747789819,
            0.16623469517383405,
            0.056095536388586005,
            0.0,
            0.0,
            1.0000000000000004,
            0.0,
            0.0
        ],
        [
            -0.02118780012447351,
            -0.10337003786133107,
            0.0006445745441947443,
            -0.026437621099508406,
            -0.002051286192835928,
            -0.1576946573144398,
            -0.17201048146307354,
            0.046428703791100256,
            -0.2424008338051359,
            -0.03553311797602326,
            -0.478885902129889,
            -0.15667005807220877,
            0.16623469517383382,
            -0.16666030610808455,
            -0.20499858187265138,
            0.0,
            0.0,
            0.0,
            1.0000000000000004,
            0.0
        ],
        [
            -0.0015068892787900234,
            -0.007351740194180691,
            4.584253505894169e-05,
            -0.002051286192835927,
            0.0022588493732086904,
            -0.019065217600960423,
            -0.02079599470640518,
            0.005613210718628508,
            -0.035533117976023265,
            0.047209280620956466,
            -0.16159900627733967,
            -0.05286797039812432,
            0.05609553638858602,
            -0.20499858187265166,
            0.3716604876586999,
            0.0,
            0.0,
            0.0,
            0.0,
            1.0000000000000004
        ]
    ],
    "h": [
        [
            -0.32192882484785446,
            -0.48966122337816775,
            -0.08836132064827995,
            -0.3211331213962455,
            0.014970688614320452,
            -0.6306252384303789,
            -0.48791531235526686,
            0.00609520693580945,
            -0.005013082436387428,
            0.006804998462688665,
            -0.2914030242879162,
            -0.34346153935705814,
            0.003421651358758507,
            0.3484314813983789,
            -0.018994215347455247,
            -0.023402536289507676,
            -0.15689510616210528,
            -0.007729056951647988,
            0.08053134136590642,
            0.00913300838514809
        ],
        [
            -0.48966122337816775,
            -0.3199644408249154,
            -0.06883797640797283,
            -0.26042599837266356,
            0.012426575546580375,
            -0.570455519314061,
            -0.3733535426993648,
            0.065066477456239,
            0.10185472111896962,
            0.002656288490701212,
            -0.36242295374205796,
            -0.32507724952936057,
            0.006161793617585301,
            0.20269389510799418,
            -0.03055477373458692,
            -0.15226398551789116,
            -0.20953745610036267,
            -0.024485695266977237,
            0.11849468532386281,
            0.028314160862059172
        ],
        [
            -0.08836132064827995,
            -0.06883797640797283,
            1.443601684176271,
            -0.08071032355562077,
            0.003442997478309087,
            -0.01294230838000221,
            -0.06377670265419051,
            0.4280002219596184,
            -0.25875620293441437,
            0.011222405368516656,
            -0.04943319073060966,
            -0.05079345854369499,
            -0.0477636672860802,
            0.056937083646625204,
            -0.004266318310648054,
            -0.003893192191570563,
            -0.02393214200028207,
            -0.008196838177532709,
            0.0058944151530947635,
            0.0009890975740179
        ],
        [
            -0.3211331213962455,
            -0.26042599837266356,
            -0.08071032355562077,
            1.1600140279400568,
            0.013498785660749232,
            -0.07972270066938891,
            -0.2559730144095357,
            -0.24333368725668753,
            -0.46259970077738344,
            0.042445355128105114,
            -0.2703752067330105,
            -0.20970738928526222,
            -0.00787555032852369,
            0.13945317096066734,
            -0.018905713795903292,
            -0.08429369430336674,
            -0.13368160344222532,
            -0.01083057565962684,
            0.11147548270340055,
            0.015092832295937966
        ],
        [
            0.014970688614320452,
            0.012426575546580375,
            0.003442997478309087,
            0.013498785660749232,
            1.4650874395739013,
            0.006071823943664234,
            0.012335546178820739,
            0.009205201135903602,
            0.037544830329610146,
            0.4955904089430291,
            0.013503696190985945,
            0.009464212085894833,
            0.0006434494585094205,
            -0.008235440840697855,
            -0.04601053739688535,
            -0.0006169053335319868,
            0.004371260312740011,
            8.570740048078479e-05,
            0.0030933339028199327,
            -0.0071447025934801385
        ],
        [
            -0.6306252384303789,
            -0.570455519314061,
            -0.01294230838000221,
            -0.07972270066938891,
            0.006071823943664234,
            -0.508072492140087,
            -0.6246915684044495,
            0.09347817020387841,
            0.06480231254957709,
            0.009428809987438225,
            -0.5447472095248516,
            -0.5329183333521037,
            0.017676651172188182,
            0.08015335682699598,
            -0.020766524886330406,
            -0.2449216488059278,
            -0.3426744112359551,
            -0.047954546844836854,
            0.2337669083950604,
            0.05025084527135008
        ],
        [
            -0.48791531235526686,
            -0.3733535426993648,
            -0.06377670265419051,
            -0.2559730144095357,
            0.012335546178820739,
            -0.6246915684044495,
            -0.43676742467967133,
            0.072287972236601,
            0.005935088577394304,
            0.006955134671219746,
            -0.5202321092742757,
            -0.4147602959277412,
            0.024209314849679718,
            0.14954030702599647,
            -0.054827242090054254,
            -0.30913622876460733,
            -0.31263358440024236,
            -0.04405281441690836,
            0.17366467654901468,
            0.05201310565976568
        ],
        [
            0.00609520693580945,
            0.065066477456239,
            0.4280002219596184,
            -0.24333368725668753,
            0.009205201135903602,
            0.09347817020387841,
            0.072287972236601,
            1.3648056601156011,
            -0.06264406180268753,
            0.0020120580852291325,
            0.02609523810860568,
            0.04981387120070706,
            0.38854685913648446,
            0.022915876767941837,
            -0.0003256287926295832,
            0.02388056678916961,
            0.025310093761690744,
            -0.04136694550331081,
            -0.017589523914976174,
            -0.004774627224568366
        ],
        [
            -0.005013082436387428,
            0.10185472111896962,
            -0.25875620293441437,
            -0.46259970077738344,
            0.037544830329610146,
            0.06480231254957709,
            0.005935088577394304,
            -0.06264406180268753,
            0.7909194340293002,
            0.029653830772785394,
            -0.042258236688462514,
            -0.12177027475714591,
            0.06477185979297957,
            -0.7584596653903054,
            0.06252980846255182,
            -0.31254643634245194,
            -0.18854270580327775,
            -0.05355672190060734,
            0.16282394808444145,
            0.06206587425313248
        ],
        [
            0.006804998462688665,
            0.002656288490701212,
            0.011222405368516656,
            0.042445355128105114,
            0.4955904089430291,
            0.009428809987438225,
            0.006955134671219746,
            0.0020120580852291325,
            0.029653830772785394,
            1.3844826595381807,
            -0.007030798620662804,
            0.007815332219632112,
            -0.0033223478481076646,
            0.08613436167070182,
            0.38457409082670646,
            -0.003460563008065784,
            0.008422615550500709,
            0.0013259118748517509,
            -0.006582895760604654,
            -0.046814439660094326
        ],
        [
            -0.2914030242879162,
            -0.36242295374205796,
            -0.04943319073060966,
            -0.2703752067330105,
            0.013503696190985945,
            -0.5447472095248516,
            -0.5202321092742757,
            0.02609523810860568,
            -0.042258236688462514,
            -0.007030798620662804,
            -0.4395420803561958,
            -0.5997105270639147,
            0.053509441102529406,
            0.004781800196504538,
            -0.09942925101469395,
            -0.5617857546885792,
            -0.5336924671763561,
            -0.01728437454341325,
            0.07846972935328633,
            0.01701360761322479
        ],
        [
            -0.34346153935705814,
            -0.32507724952936057,
            -0.05079345854369499,
            -0.20970738928526222,
            0.009464212085894833,
            -0.5329183333521037,
            -0.4147602959277412,
            0.04981387120070706,
            -0.12177027475714591,
            0.007815332219632112,
            -0.5997105270639147,
            -0.43580973432989256,
            0.044524704187888474,
            0.03000948433575157,
            -0.08149289975099072,
            -0.4510908927107464,
            -0.3667634258164416,
            -0.054644573621397824,
            0.21214878566933737,
            0.06394125439364182
        ],
        [
            0.003421651358758507,
            0.006161793617585301,
            -0.0477636672860802,
            -0.00787555032852369,
            0.0006434494585094205,
            0.017676651172188182,
            0.024209314849679718,
            0.38854685913648446,
            0.06477185979297957,
            -0.0033223478481076646,
            0.053509441102529406,
            0.044524704187888474,
            1.3896166125515192,
            0.0686990701953886,
            0.018458561052643846,
            0.00718362542187706,
            0.04565704730733629,
            0.29603353176655933,
            0.2260276659670548,
            0.07692550600190068
        ],
        [
            0.3484314813983789,
            0.20269389510799418,
            0.056937083646625204,
            0.13945317096066734,
            -0.008235440840697855,
            0.08015335682699598,
            0.14954030702599647,
            0.022915876767941837,
            -0.7584596653903054,
            0.08613436167070182,
            0.004781800196504538,
            0.03000948433575157,
            0.0686990701953886,
            0.8629100861978929,
            -0.04984251379182464,
            -0.026500785777700986,
            -0.0837104004488349,
            0.23362145500945009,
            -0.5144329651963795,
            -0.28692830487486415
        ],
        [
            -0.018994215347455247,
            -0.03055477373458692,
            -0.004266318310648054,
            -0.018905713795903292,
            -0.04601053739688535,
            -0.020766524886330406,
            -0.054827242090054254,
            -0.0003256287926295832,
            0.06252980846255182,
            0.38457409082670646,
            -0.09942925101469395,
            -0.08149289975099072,
            0.018458561052643846,
            -0.04984251379182464,
            1.3798346338912817,
            -0.016370926832301846,
            -0.07209246565299257,
            0.07475126747616678,
            -0.26974090292399916,
            0.26500116005340135
        ],
        [
            -0.023402536289507676,
            -0.15226398551789116,
            -0.003893192191570563,
            -0.08429369430336674,
            -0.0006169053335319868,
            -0.2449216488059278,
            -0.30913622876460733,
            0.02388056678916961,
            -0.31254643634245194,
            -0.003460563008065784,
            -0.5617857546885792,
            -0.4510908927107464,
            0.00718362542187706,
            -0.026500785777700986,
            -0.016370926832301846,
            -0.24828693075671926,
            -0.45909009195640427,
            -0.06947624327324725,
            0.25341004861664873,
            0.08349156615914136
        ],
        [
            -0.15689510616210528,
            -0.20953745610036267,
            -0.02393214200028207,
            -0.13368160344222532,
            0.004371260312740011,
            -0.3426744112359551,
            -0.31263358440024236,
            0.025310093761690744,
            -0.18854270580327775,
            0.008422615550500709,
            -0.5336924671763561,
            -0.3667634258164416,
            0.04565704730733629,
            -0.0837104004488349,
            -0.07209246565299257,
            -0.45909009195640427,
            -0.31041113269668785,
            -0.05938657272829844,
            0.22127827328387042,
            0.07064697846053092
        ],
        [
            -0.007729056951647988,
            -0.024485695266977237,
            -0.008196838177532709,
            -0.01083057565962684,
            8.570740048078479e-05,
            -0.047954546844836854,
            -0.04405281441690836,
            -0.04136694550331081,
            -0.05355672190060734,
            0.0013259118748517509,
            -0.01728437454341325,
            -0.054644573621397824,
            0.29603353176655933,
            0.23362145500945009,
            0.07475126747616678,
            -0.06947624327324725,
            -0.05938657272829844,
            1.4770101147756822,
            0.0610108034274956,
            0.01996792882897505
        ],
        [
            0.08053134136590642,
            0.11849468532386281,
            0.0058944151530947635,
            0.11147548270340055,
            0.0030933339028199327,
            0.2337669083950604,
            0.17366467654901468,
            -0.017589523914976174,
            0.16282394808444145,
            -0.006582895760604654,
            0.07846972935328633,
            0.21214878566933737,
            0.2260276659670548,
            -0.5144329651963795,
            -0.26974090292399916,
            0.25341004861664873,
            0.22127827328387042,
            0.0610108034274956,
            1.264094359174188,
            -0.07328882236749099
        ],
        [
            0.00913300838514809,
            0.028314160862059172,
            0.0009890975740179,
            0.015092832295937966,
            -0.0071447025934801385,
            0.05025084527135008,
            0.05201310565976568,
            -0.004774627224568366,
            0.06206587425313248,
            -0.046814439660094326,
            0.01701360761322479,
            0.06394125439364182,
            0.07692550600190068,
            -0.28692830487486415,
            0.26500116005340135,
            0.08349156615914136,
            0.07064697846053092,
            0.01996792882897505,
            -0.07328882236749099,
            1.4691598565963144
        ]
    ]
}