{
    "HF": -2.1666103223102464,
    "coordinates": [
        [
            0.785095,
            -0.102498,
            -0.019811
        ],
        [
            1.599444,
            0.154104,
            -0.121402
        ],
        [
            2.389401,
            0.02167,
            0.081001
        ],
        [
            3.229203,
            -0.074388,
            0.167308
        ]
    ],
    "elements": [
        "H",
        "H",
        "H",
        "H"
    ],
    "Enn": 2.7395651196860733,
    "S": [
        [
            0.9999999999999999,
            0.6848602514927513,
            0.0,
            0.0,
            0.0,
            0.47647068931619635,
            0.5288760921401946,
            0.058730633939925794,
            -0.47078218561038526,
            -0.1483438309520808,
            0.09334503700449442,
            0.27633347158960064,
            -0.007751516689412486,
            -0.12335639342463778,
            -0.009547378529252165,
            0.005721839667593599,
            0.0843676818273354,
            -0.0004787616614621952,
            -0.006253481511086756,
            -7.192209398138248e-05
        ],
        [
            0.6848602514927513,
            1.0000000000000002,
            0.0,
            0.0,
            0.0,
            0.5288760921401946,
            0.8512479479198833,
            0.02098076928409293,
            -0.1681809263195733,
            -0.052993940012764994,
            0.27633347158960064,
            0.567658373974489,
            -0.010401915114566153,
            -0.16553440889764276,
            -0.012811817997316286,
            0.0843676818273354,
            0.27007053801234626,
            -0.00541023791716402,
            -0.0706673602105821,
            -0.0008127543854524686
        ],
        [
            0.0,
            0.0,
            1.0000000000000004,
            0.0,
            0.0,
            -0.05873063393992582,
            -0.020980769284092905,
            0.3727414243664945,
            0.08226232305691837,
            0.025920921645450977,
            0.007751516689412484,
            0.010401915114566148,
            0.03334171710680136,
            -0.014379118943032902,
            -0.001112896443021786,
            0.0004787616614621952,
            0.005410237917164013,
            0.00037219850640437613,
            -0.0004861091515923949,
            -5.590803782509703e-06
        ],
        [
            0.0,
            0.0,
            0.0,
            1.0000000000000004,
            0.0,
            0.4707821856103854,
            0.16818092631957338,
            0.08226232305691834,
            -0.27640742705110216,
            -0.20778097096250017,
            0.12335639342463776,
            0.16553440889764273,
            -0.014379118943032902,
            -0.19458171503286872,
            -0.017710455510440322,
            0.006253481511086757,
            0.07066736021058205,
            -0.0004861091515923951,
            -0.00594003819819629,
            -7.302587257981407e-05
        ],
        [
            0.0,
            0.0,
            0.0,
            0.0,
            1.0000000000000004,
            0.1483438309520808,
            0.05299394001276498,
            0.025920921645450984,
            -0.2077809709625003,
            0.3175318016503812,
            0.009547378529252165,
            0.012811817997316285,
            -0.0011128964430217863,
            -0.017710455510440325,
            0.032874546815762545,
            7.192209398138248e-05,
            0.0008127543854524677,
            -5.590803782509703e-06,
            -7.302587257981404e-05,
            0.00040857476353319314
        ],
        [
            0.47647068931619635,
            0.5288760921401946,
            -0.0587306339399258,
            0.4707821856103854,
            0.1483438309520808,
            0.9999999999999999,
            0.6848602514927513,
            0.0,
            0.0,
            0.0,
            0.5023941182996565,
            0.5394762341855327,
            -0.1251293791986909,
            -0.4883664224525337,
            0.08187321435353936,
            0.07939138672743534,
            0.25841922859311867,
            -0.01823608787353401,
            -0.10294215072800704,
            0.014432476153924465
        ],
        [
            0.5288760921401946,
            0.8512479479198833,
            -0.020980769284092926,
            0.16818092631957346,
            0.052993940012764994,
            0.6848602514927513,
            1.0000000000000002,
            0.0,
            0.0,
            0.0,
            0.5394762341855327,
            0.8618443520775346,
            -0.04269573817982453,
            -0.16663684453945618,
            0.02793618370333877,
            0.25841922859311867,
            0.5443707636314323,
            -0.02772724932291703,
            -0.1565194628840979,
            0.021944008355415316
        ],
        [
            0.05873063393992582,
            0.0209807692840929,
            0.3727414243664945,
            0.08226232305691834,
            0.025920921645450977,
            0.0,
            0.0,
            1.0000000000000004,
            0.0,
            0.0,
            0.12512937919869085,
            0.04269573817982451,
            0.36845415764363587,
            -0.17114804417436824,
            0.02869247323865513,
            0.018236087873534004,
            0.02772724932291702,
            0.020906800238835337,
            -0.03259193153268277,
            0.004569384565304289
        ],
        [
            -0.47078218561038526,
            -0.1681809263195732,
            0.08226232305691837,
            -0.276407427051102,
            -0.20778097096250023,
            0.0,
            0.0,
            0.0,
            1.0000000000000004,
            0.0,
            0.4883664224525336,
            0.16663684453945649,
            -0.17114804417436824,
            -0.25566653395207956,
            0.1119836172496864,
            0.10294215072800703,
            0.1565194628840979,
            -0.032591931532682784,
            -0.15730001837679405,
            0.025794034220379458
        ],
        [
            -0.1483438309520808,
            -0.052993940012764994,
            0.025920921645450984,
            -0.20778097096250023,
            0.3175318016503812,
            0.0,
            0.0,
            0.0,
            0.0,
            1.0000000000000004,
            -0.08187321435353936,
            -0.02793618370333877,
            0.02869247323865514,
            0.11198361724968646,
            0.3935320279811096,
            -0.014432476153924461,
            -0.021944008355415306,
            0.004569384565304288,
            0.025794034220379437,
            0.023064104530891954
        ],
        [
            0.09334503700449442,
            0.27633347158960064,
            0.007751516689412486,
            0.12335639342463776,
            0.009547378529252165,
            0.5023941182996565,
            0.5394762341855327,
            0.1251293791986909,
            0.4883664224525336,
            -0.08187321435353935,
            0.9999999999999999,
            0.6848602514927513,
            0.0,
            0.0,
            0.0,
            0.4842427789215188,
            0.5320988086242154,
            -0.050927497279403516,
            -0.49554513620259866,
            0.05668130665722298
        ],
        [
            0.27633347158960064,
            0.567658373974489,
            0.010401915114566155,
            0.16553440889764268,
            0.012811817997316281,
            0.5394762341855327,
            0.8618443520775346,
            0.04269573817982453,
            0.16663684453945654,
            -0.02793618370333878,
            0.6848602514927513,
            1.0000000000000002,
            0.0,
            0.0,
            0.0,
            0.5320988086242154,
            0.8544780061402348,
            -0.0179402752334036,
            -0.1745661304594393,
            0.01996717483367838
        ],
        [
            -0.007751516689412484,
            -0.010401915114566144,
            0.03334171710680136,
            -0.0143791189430329,
            -0.001112896443021786,
            -0.12512937919869085,
            -0.04269573817982451,
            0.36845415764363587,
            -0.17114804417436824,
            0.02869247323865513,
            0.0,
            0.0,
            1.0000000000000004,
            0.0,
            0.0,
            0.050927497279403516,
            0.017940275233403573,
            0.3841701116546273,
            -0.07371562402962963,
            0.008431720111452644
        ],
        [
            -0.12335639342463778,
            -0.16553440889764282,
            -0.014379118943032905,
            -0.19458171503286872,
            -0.017710455510440325,
            -0.4883664224525336,
            -0.16663684453945615,
            -0.17114804417436824,
            -0.25566653395207956,
            0.1119836172496864,
            0.0,
            0.0,
            0.0,
            1.0000000000000004,
            0.0,
            0.4955451362025981,
            0.17456613045943922,
            -0.07371562402962954,
            -0.32553690720835976,
            0.08204404524590303
        ],
        [
            -0.009547378529252165,
            -0.01281181799731629,
            -0.0011128964430217863,
            -0.017710455510440322,
            0.032874546815762545,
            0.08187321435353938,
            0.02793618370333878,
            0.02869247323865514,
            0.11198361724968646,
            0.3935320279811096,
            0.0,
            0.0,
            0.0,
            0.0,
            1.0000000000000004,
            -0.05668130665722298,
            -0.019967174833678384,
            0.008431720111452646,
            0.08204404524590314,
            0.3823615751959076
        ],
        [
            0.005721839667593599,
            0.0843676818273354,
            0.0004787616614621952,
            0.006253481511086757,
            7.192209398138248e-05,
            0.07939138672743534,
            0.25841922859311867,
            0.01823608787353401,
            0.10294215072800704,
            -0.014432476153924465,
            0.4842427789215188,
            0.5320988086242154,
            0.05092749727940354,
            0.49554513620259866,
            -0.05668130665722298,
            0.9999999999999999,
            0.6848602514927513,
            0.0,
            0.0,
            0.0
        ],
        [
            0.0843676818273354,
            0.27007053801234626,
            0.005410237917164021,
            0.07066736021058212,
            0.0008127543854524686,
            0.25841922859311867,
            0.5443707636314323,
            0.02772724932291703,
            0.1565194628840979,
            -0.021944008355415316,
            0.5320988086242154,
            0.8544780061402348,
            0.01794027523340358,
            0.17456613045943864,
            -0.01996717483367838,
            0.6848602514927513,
            1.0000000000000002,
            0.0,
            0.0,
            0.0
        ],
        [
            -0.0004787616614621952,
            -0.005410237917164015,
            0.00037219850640437613,
            -0.0004861091515923949,
            -5.590803782509703e-06,
            -0.018236087873534004,
            -0.02772724932291702,
            0.020906800238835337,
            -0.032591931532682784,
            0.004569384565304289,
            -0.050927497279403516,
            -0.017940275233403594,
            0.3841701116546273,
            -0.07371562402962954,
            0.008431720111452644,
            0.0,
            0.0,
            1.0000000000000004,
            0.0,
            0.0
        ],
        [
            -0.006253481511086756,
            -0.07066736021058202,
            -0.0004861091515923951,
            -0.00594003819819629,
            -7.302587257981407e-05,
            -0.10294215072800703,
            -0.1565194628840979,
            -0.03259193153268277,
            -0.15730001837679405,
            0.025794034220379448,
            -0.49554513620259866,
            -0.17456613045943922,
            -0.07371562402962963,
            -0.3255369072083596,
            0.08204404524590313,
            0.0,
            0.0,
            0.0,
            1.0000000000000004,
            0.0
        ],
        [
            -7.192209398138248e-05,
            -0.0008127543854524677,
            -5.590803782509703e-06,
            -7.302587257981404e-05,
            0.00040857476353319314,
            0.014432476153924461,
            0.021944008355415306,
            0.004569384565304288,
            0.025794034220379455,
            0.023064104530891954,
            0.05668130665722298,
            0.01996717483367838,
            0.008431720111452646,
            0.08204404524590304,
            0.3823615751959076,
            0.0,
            0.0,
            0.0,
            0.0,
            1.0000000000000004
        ]
    ],
    "h": [
        [
            -0.21704204638154212,
            -0.4444226292453095,
            0.02656579134182336,
            -0.2273392693029184,
            -0.06978939679404705,
            -0.5263499925521342,
            -0.4351835572920931,
            -0.012587871706832232,
            0.04550069873129592,
            0.021691542490979793,
            -0.20573170246292205,
            -0.2831712790966354,
            0.04036978836235135,
            0.2679542155422294,
            -0.011957962844799164,
            0.00792722708274575,
            -0.09862859459934775,
            0.00466092395058596,
            0.03620798954130526,
            -0.0024463031219693187
        ],
        [
            -0.4444226292453095,
            -0.30709657141399793,
            0.022867704418061546,
            -0.20731504083621402,
            -0.06193139535169443,
            -0.5055876683523571,
            -0.36182797854729365,
            -0.043935132088966794,
            0.0950589621215901,
            0.06986895686947073,
            -0.2994012625205166,
            -0.2954636465467916,
            0.03941681659216209,
            0.1730025764623725,
            -0.020244851690811215,
            -0.10028070668050876,
            -0.1649706504721743,
            0.01065436329711705,
            0.09132456540692166,
            -0.008878343715230816
        ],
        [
            0.02656579134182336,
            0.022867704418061546,
            1.484205132560885,
            0.02325023122593136,
            0.007602269664333862,
            0.004491988415905285,
            0.019132154937406616,
            0.26003255424830596,
            0.10538473874316878,
            0.03370125526270345,
            0.0031686076217260356,
            0.014734167984245523,
            -0.043102791696597614,
            -0.010212175513004098,
            0.0012414660813370162,
            -0.0028082645938926573,
            0.0026551755479364177,
            -0.001252601857864852,
            0.0017915562681822578,
            1.9208892095121776e-05
        ],
        [
            -0.2273392693029184,
            -0.20731504083621402,
            0.02325023122593136,
            1.278581052488772,
            -0.06241881381926801,
            -0.08695844292006316,
            -0.19656553838646879,
            0.09288858814752143,
            -0.6004147761651366,
            -0.2553295992878452,
            -0.20375286492971867,
            -0.15816340882224658,
            0.03740579555607192,
            0.18963088265954353,
            -0.011097784688399143,
            -0.03749177325362024,
            -0.08970533120894664,
            0.005148015097048037,
            0.047905251981765914,
            -0.0024368201784426453
        ],
        [
            -0.06978939679404705,
            -0.06193139535169443,
            0.007602269664333862,
            -0.06241881381926801,
            1.4678546537936261,
            -0.019714963830478105,
            -0.05544950215788058,
            0.031641065732638196,
            -0.27046346648461395,
            0.19078210719684296,
            -0.03591291756858232,
            -0.043647279970232225,
            0.008599127821228524,
            0.049407134806311245,
            -0.044302941570703025,
            -0.0014838362222180945,
            -0.01660804286986632,
            0.0005609342030595404,
            0.0041318921560895465,
            -0.0017378155978238219
        ],
        [
            -0.5263499925521342,
            -0.5055876683523571,
            0.004491988415905285,
            -0.08695844292006316,
            -0.019714963830478105,
            -0.3794882713653125,
            -0.5692821583514867,
            -0.0757413588681887,
            0.02372271560753854,
            0.09911383448954923,
            -0.48207927396259165,
            -0.48157391640645264,
            0.01054067838887493,
            0.06194926134443146,
            0.0003812350544862564,
            -0.1890284785312734,
            -0.2866644882482643,
            0.028226543505114176,
            0.1962730314200874,
            -0.024989728878534297
        ],
        [
            -0.4351835572920931,
            -0.36182797854729365,
            0.019132154937406616,
            -0.19656553838646879,
            -0.05544950215788058,
            -0.5692821583514867,
            -0.42624827757324324,
            -0.06791167449096808,
            0.0005264066581207177,
            0.08649969897609891,
            -0.48061566800854205,
            -0.40097095447107556,
            0.037743671130953144,
            0.11876494080734751,
            -0.016286744097398644,
            -0.2719497295490181,
            -0.2867060608456272,
            0.018344240022915535,
            0.15900297399996302,
            -0.01916908156416928
        ],
        [
            -0.012587871706832232,
            -0.043935132088966794,
            0.26003255424830596,
            0.09288858814752143,
            0.031641065732638196,
            -0.0757413588681887,
            -0.06791167449096808,
            1.402381156614592,
            -0.031945247557924994,
            0.016538273528617035,
            -0.021709834298618363,
            -0.061388262601710875,
            0.24996170860558065,
            -0.2275630712068868,
            0.038718719088222255,
            -0.048313190036268244,
            -0.04660201609847356,
            -0.030722298941897805,
            0.05326478356119431,
            -0.006828357538327408
        ],
        [
            0.04550069873129592,
            0.0950589621215901,
            0.10538473874316878,
            -0.6004147761651366,
            -0.27046346648461395,
            0.02372271560753854,
            0.0005264066581207177,
            -0.031945247557924994,
            0.9824854698438983,
            -0.02636874153547187,
            -0.049986629390402104,
            -0.11135911360701112,
            -0.24057624080411333,
            -0.6998575380295847,
            0.15628692262321162,
            -0.2557745124551249,
            -0.16915271045206492,
            0.034939643247528906,
            0.21086038435930798,
            -0.03225436637109663
        ],
        [
            0.021691542490979793,
            0.06986895686947073,
            0.03370125526270345,
            -0.2553295992878452,
            0.19078210719684296,
            0.09911383448954923,
            0.08649969897609891,
            0.016538273528617035,
            -0.02636874153547187,
            1.3941634181617946,
            0.02271400073674895,
            0.062304957062464986,
            0.03546729672464606,
            0.132783962167087,
            0.2828087449366742,
            0.02995280251363656,
            0.035145679328736516,
            -0.005406497866874361,
            -0.03802950004016309,
            -0.03327552355405856
        ],
        [
            -0.20573170246292205,
            -0.2994012625205166,
            0.0031686076217260356,
            -0.20375286492971867,
            -0.03591291756858232,
            -0.48207927396259165,
            -0.48061566800854205,
            -0.021709834298618363,
            -0.049986629390402104,
            0.02271400073674895,
            -0.3823969882283995,
            -0.5735968955005613,
            0.027082437548762002,
            -0.03206078388569625,
            -0.00754244041500963,
            -0.5247232952887366,
            -0.5040871652223193,
            0.010830447747030389,
            0.07725901287465187,
            -0.010636678901799673
        ],
        [
            -0.2831712790966354,
            -0.2954636465467916,
            0.014734167984245523,
            -0.15816340882224658,
            -0.043647279970232225,
            -0.48157391640645264,
            -0.40097095447107556,
            -0.061388262601710875,
            -0.11135911360701112,
            0.062304957062464986,
            -0.5735968955005613,
            -0.43162066207198024,
            0.02588205728200227,
            -0.004243285059028379,
            -0.006800016640937894,
            -0.4325206778470909,
            -0.35723409219791424,
            0.023053993185078874,
            0.20046399252015767,
            -0.024513610677535304
        ],
        [
            0.04036978836235135,
            0.03941681659216209,
            -0.043102791696597614,
            0.03740579555607192,
            0.008599127821228524,
            0.01054067838887493,
            0.037743671130953144,
            0.24996170860558065,
            -0.24057624080411333,
            0.03546729672464606,
            0.027082437548762002,
            0.02588205728200227,
            1.4058895089585366,
            -0.0792516863009678,
            0.01124205249943328,
            0.00029024255918426445,
            0.002523969942315865,
            0.2777086856748191,
            -0.10506031155465659,
            0.0120753994982556
        ],
        [
            0.2679542155422294,
            0.1730025764623725,
            -0.010212175513004098,
            0.18963088265954353,
            0.049407134806311245,
            0.06194926134443146,
            0.11876494080734751,
            -0.2275630712068868,
            -0.6998575380295847,
            0.132783962167087,
            -0.03206078388569625,
            -0.004243285059028379,
            -0.0792516863009678,
            0.952432669398156,
            0.05903149535758325,
            -0.04761218128967282,
            -0.10885207796292051,
            -0.0991643075551431,
            -0.6699677160646875,
            0.10920726722520083
        ],
        [
            -0.011957962844799164,
            -0.020244851690811215,
            0.0012414660813370162,
            -0.011097784688399143,
            -0.044302941570703025,
            0.0003812350544862564,
            -0.016286744097398644,
            0.038718719088222255,
            0.15628692262321162,
            0.2828087449366742,
            -0.00754244041500963,
            -0.006800016640937894,
            0.01124205249943328,
            0.05903149535758325,
            1.4135395708822913,
            5.2103569670308714e-05,
            0.006079013718709132,
            0.011769861265127489,
            0.11289204907993419,
            0.2759533622847784
        ],
        [
            0.00792722708274575,
            -0.10028070668050876,
            -0.0028082645938926573,
            -0.03749177325362024,
            -0.0014838362222180945,
            -0.1890284785312734,
            -0.2719497295490181,
            -0.048313190036268244,
            -0.2557745124551249,
            0.02995280251363656,
            -0.5247232952887366,
            -0.4325206778470909,
            0.00029024255918426445,
            -0.04761218128967282,
            5.2103569670308714e-05,
            -0.21632846534889016,
            -0.4436753886456628,
            0.02586574267088869,
            0.238894693856912,
            -0.02867261326659461
        ],
        [
            -0.09862859459934775,
            -0.1649706504721743,
            0.0026551755479364177,
            -0.08970533120894664,
            -0.01660804286986632,
            -0.2866644882482643,
            -0.2867060608456272,
            -0.04660201609847356,
            -0.16915271045206492,
            0.035145679328736516,
            -0.5040871652223193,
            -0.35723409219791424,
            0.002523969942315865,
            -0.10885207796292051,
            0.006079013718709132,
            -0.4436753886456628,
            -0.30264012502867876,
            0.023750817850935017,
            0.2147397134601181,
            -0.02599964650478074
        ],
        [
            0.00466092395058596,
            0.01065436329711705,
            -0.001252601857864852,
            0.005148015097048037,
            0.0005609342030595404,
            0.028226543505114176,
            0.018344240022915535,
            -0.030722298941897805,
            0.034939643247528906,
            -0.005406497866874361,
            0.010830447747030389,
            0.023053993185078874,
            0.2777086856748191,
            -0.0991643075551431,
            0.011769861265127489,
            0.02586574267088869,
            0.023750817850935017,
            1.4918465999797554,
            -0.02448491437803082,
            0.0029497858673576093
        ],
        [
            0.03620798954130526,
            0.09132456540692166,
            0.0017915562681822578,
            0.047905251981765914,
            0.0041318921560895465,
            0.1962730314200874,
            0.15900297399996302,
            0.05326478356119431,
            0.21086038435930798,
            -0.03802950004016309,
            0.07725901287465187,
            0.20046399252015767,
            -0.10506031155465659,
            -0.6699677160646875,
            0.11289204907993419,
            0.238894693856912,
            0.2147397134601181,
            -0.02448491437803082,
            1.2677149016539524,
            0.026740974368195967
        ],
        [
            -0.0024463031219693187,
            -0.008878343715230816,
            1.9208892095121776e-05,
            -0.0024368201784426453,
            -0.0017378155978238219,
            -0.024989728878534297,
            -0.01916908156416928,
            -0.006828357538327408,
            -0.03225436637109663,
            -0.03327552355405856,
            -0.010636678901799673,
            -0.024513610677535304,
            0.0120753994982556,
            0.10920726722520083,
            0.2759533622847784,
            -0.02867261326659461,
            -0.02599964650478074,
            0.0029497858673576093,
            0.026740974368195967,
            1.491394283027299
        ]
    ]
}