{
    "HF": -2.175680059669779,
    "coordinates": [
        [
            0.710373,
            0.195505,
            -0.038792
        ],
        [
            1.527389,
            0.13389,
            0.029885
        ],
        [
            2.330881,
            -0.162456,
            -0.021005
        ],
        [
            3.046778,
            0.175098,
            -0.046586
        ]
    ],
    "elements": [
        "H",
        "H",
        "H",
        "H"
    ],
    "Enn": 2.82170501351819,
    "S": [
        [
            0.9999999999999999,
            0.6848602514927513,
            0.0,
            0.0,
            0.0,
            0.5054663364098226,
            0.540704811883352,
            -0.04278644990456121,
            -0.5090090445887995,
            0.038386754093357886,
            0.08191064849622445,
            0.2617893717995581,
            -0.0011669263424018376,
            -0.10631435729875284,
            0.023484236827599043,
            0.008910319372942935,
            0.1021369337697617,
            3.433646666419404e-05,
            -0.010293032126835563,
            8.990303762076052e-05
        ],
        [
            0.6848602514927513,
            1.0000000000000002,
            0.0,
            0.0,
            0.0,
            0.540704811883352,
            0.8630673522887747,
            -0.014522239720909816,
            -0.17276383953607258,
            0.013028929632975481,
            0.261789371799558,
            0.5487973210544479,
            -0.0017320930393900438,
            -0.15780461163073486,
            0.03485814114089501,
            0.1021369337697617,
            0.30445899793657305,
            0.0002766958298920408,
            -0.08294502443404056,
            0.0007244716192721184
        ],
        [
            0.0,
            0.0,
            1.0000000000000004,
            0.0,
            0.0,
            0.04278644990456121,
            0.014522239720909807,
            0.4107130833384839,
            -0.06057079492590581,
            0.0045679271022350644,
            0.001166926342401837,
            0.0017320930393900432,
            0.02797659597438861,
            -0.0020952592292735337,
            0.00046283084623462725,
            -3.433646666419404e-05,
            -0.00027669582989204086,
            0.0008361250536747069,
            3.953487838441118e-05,
            -3.4531182016417494e-07
        ],
        [
            0.0,
            0.0,
            0.0,
            1.0000000000000004,
            0.0,
            0.5090090445887995,
            0.17276383953607255,
            -0.06057079492590577,
            -0.3047759599662405,
            0.0543423493944069,
            0.1063143572987528,
            0.1578046116307348,
            -0.0020952592292735337,
            -0.16289175048211335,
            0.04216681222072206,
            0.010293032126835562,
            0.08294502443404062,
            3.9534878384411103e-05,
            -0.011015101482953813,
            0.00010351401888512678
        ],
        [
            0.0,
            0.0,
            0.0,
            0.0,
            1.0000000000000004,
            -0.038386754093357886,
            -0.01302892963297548,
            0.004567927102235069,
            0.054342349394406984,
            0.4117063522893858,
            -0.023484236827599033,
            -0.034858141140894985,
            0.00046283084623462725,
            0.04216681222072206,
            0.018685184951776682,
            -8.990303762076052e-05,
            -0.0007244716192721185,
            -3.453118201641743e-07,
            0.00010351401888512678,
            0.0008353528092473662
        ],
        [
            0.5054663364098226,
            0.540704811883352,
            0.04278644990456121,
            0.5090090445887995,
            -0.038386754093357886,
            0.9999999999999999,
            0.6848602514927513,
            0.0,
            0.0,
            0.0,
            0.47794366696983837,
            0.5294898756950476,
            0.02953514266448249,
            -0.46632444192906986,
            0.17199098817152148,
            0.11868042897969087,
            0.3050198807081442,
            0.007875335164174093,
            -0.15647366478481142,
            -0.004243789298495983
        ],
        [
            0.540704811883352,
            0.8630673522887747,
            0.014522239720909816,
            0.17276383953607258,
            -0.013028929632975524,
            0.6848602514927513,
            1.0000000000000002,
            0.0,
            0.0,
            0.0,
            0.5294898756950476,
            0.8518637056816317,
            0.010522924264997152,
            -0.16614434001829614,
            0.06127778569925022,
            0.3050198807081442,
            0.6037922433412901,
            0.008769936106462392,
            -0.17424833532792539,
            -0.004725863753254207
        ],
        [
            -0.04278644990456121,
            -0.014522239720909814,
            0.4107130833384839,
            -0.06057079492590577,
            0.004567927102235069,
            0.0,
            0.0,
            1.0000000000000004,
            0.0,
            0.0,
            -0.029535142664482487,
            -0.01052292426499715,
            0.3820713953080319,
            0.0408338686763818,
            -0.015060453180331657,
            -0.00787533516417409,
            -0.00876993610646238,
            0.04871483379750545,
            0.01492117722483395,
            0.0004046836399901257
        ],
        [
            -0.5090090445887995,
            -0.17276383953607255,
            -0.06057079492590581,
            -0.30477595996624024,
            0.054342349394406984,
            0.0,
            0.0,
            0.0,
            1.0000000000000004,
            0.0,
            0.46632444192906986,
            0.16614434001829612,
            0.040833868676381814,
            -0.2600601093069264,
            0.23778647370349865,
            0.15647366478481137,
            0.17424833532792533,
            0.014921177224833956,
            -0.24700045721595185,
            -0.008040588864810938
        ],
        [
            0.038386754093357886,
            0.01302892963297548,
            0.0045679271022350644,
            0.0543423493944069,
            0.41170635228938574,
            0.0,
            0.0,
            0.0,
            0.0,
            1.0000000000000004,
            -0.17199098817152148,
            -0.061277785699250256,
            -0.015060453180331659,
            0.2377864737034986,
            0.296956627819126,
            0.004243789298495976,
            0.004725863753254205,
            0.00040468363999012624,
            -0.008040588864810946,
            0.04924774588099372
        ],
        [
            0.08191064849622445,
            0.2617893717995581,
            0.0011669263424018376,
            0.10631435729875284,
            -0.023484236827599043,
            0.47794366696983837,
            0.5294898756950476,
            -0.02953514266448249,
            0.46632444192906986,
            -0.17199098817152148,
            0.9999999999999999,
            0.6848602514927513,
            0.0,
            0.0,
            0.0,
            0.5292532141460691,
            0.5500282603564349,
            0.016892632698127026,
            -0.47274872251636124,
            -0.22290667830747696
        ],
        [
            0.261789371799558,
            0.5487973210544479,
            0.0017320930393900438,
            0.15780461163073486,
            -0.03485814114089501,
            0.5294898756950476,
            0.8518637056816317,
            -0.010522924264997152,
            0.16614434001829614,
            -0.06127778569925022,
            0.6848602514927513,
            1.0000000000000002,
            0.0,
            0.0,
            0.0,
            0.5500282603564349,
            0.872314268039114,
            0.0055089169183445445,
            -0.1541697781592629,
            -0.07269289478342807
        ],
        [
            -0.001166926342401837,
            -0.0017320930393900432,
            0.02797659597438861,
            -0.0020952592292735337,
            0.00046283084623462725,
            0.029535142664482487,
            0.01052292426499715,
            0.3820713953080319,
            0.04083386867638183,
            -0.015060453180331657,
            0.0,
            0.0,
            1.0000000000000004,
            0.0,
            0.0,
            -0.016892632698127026,
            -0.0055089169183445376,
            0.44231415980240485,
            0.021065389663461928,
            0.00993258323817564
        ],
        [
            -0.1063143572987528,
            -0.1578046116307348,
            -0.0020952592292735337,
            -0.16289175048211335,
            0.04216681222072206,
            -0.46632444192906986,
            -0.16614434001829612,
            0.04083386867638179,
            -0.2600601093069264,
            0.2377864737034985,
            0.0,
            0.0,
            0.0,
            1.0000000000000004,
            0.0,
            0.47274872251636124,
            0.15416977815926283,
            0.021065389663461942,
            -0.14645851522322045,
            -0.27796827889684644
        ],
        [
            0.023484236827599033,
            0.034858141140894985,
            0.00046283084623462725,
            0.04216681222072206,
            0.018685184951776682,
            0.17199098817152148,
            0.061277785699250256,
            -0.015060453180331659,
            0.23778647370349876,
            0.296956627819126,
            0.0,
            0.0,
            0.0,
            0.0,
            1.0000000000000004,
            0.22290667830747696,
            0.07269289478342802,
            0.009932583238175648,
            -0.27796827889684644,
            0.312001516109576
        ],
        [
            0.008910319372942935,
            0.1021369337697617,
            -3.433646666419413e-05,
            0.010293032126835562,
            -8.990303762076052e-05,
            0.11868042897969087,
            0.3050198807081442,
            -0.007875335164174093,
            0.15647366478481137,
            0.004243789298495976,
            0.5292532141460691,
            0.5500282603564349,
            -0.016892632698127026,
            0.47274872251636124,
            0.22290667830747696,
            0.9999999999999999,
            0.6848602514927513,
            0.0,
            0.0,
            0.0
        ],
        [
            0.1021369337697617,
            0.30445899793657305,
            -0.0002766958298920408,
            0.08294502443404063,
            -0.0007244716192721184,
            0.3050198807081442,
            0.6037922433412901,
            -0.008769936106462388,
            0.17424833532792539,
            0.004725863753254207,
            0.5500282603564349,
            0.872314268039114,
            -0.0055089169183445445,
            0.1541697781592629,
            0.07269289478342807,
            0.6848602514927513,
            1.0000000000000002,
            0.0,
            0.0,
            0.0
        ],
        [
            3.433646666419404e-05,
            0.00027669582989204086,
            0.0008361250536747069,
            3.9534878384411103e-05,
            -3.453118201641743e-07,
            0.00787533516417409,
            0.008769936106462383,
            0.04871483379750545,
            0.014921177224833956,
            0.00040468363999012624,
            0.016892632698127026,
            0.005508916918344543,
            0.44231415980240485,
            0.021065389663461942,
            0.009932583238175648,
            0.0,
            0.0,
            1.0000000000000004,
            0.0,
            0.0
        ],
        [
            -0.010293032126835563,
            -0.08294502443404059,
            3.953487838441118e-05,
            -0.011015101482953813,
            0.00010351401888512678,
            -0.1564736647848113,
            -0.17424833532792533,
            0.01492117722483395,
            -0.2470004572159518,
            -0.008040588864810946,
            -0.47274872251636124,
            -0.15416977815926283,
            0.021065389663461928,
            -0.14645851522322045,
            -0.27796827889684644,
            0.0,
            0.0,
            0.0,
            1.0000000000000004,
            0.0
        ],
        [
            8.990303762076052e-05,
            0.0007244716192721185,
            -3.4531182016417494e-07,
            0.00010351401888512678,
            0.0008353528092473662,
            -0.004243789298495976,
            -0.004725863753254205,
            0.0004046836399901257,
            -0.008040588864810938,
            0.04924774588099372,
            -0.22290667830747696,
            -0.07269289478342802,
            0.00993258323817564,
            -0.27796827889684644,
            0.312001516109576,
            0.0,
            0.0,
            0.0,
            0.0,
            1.0000000000000004
        ]
    ],
    "h": [
        [
            -0.2287834730404057,
            -0.45044044624947155,
            -0.021012255858541152,
            -0.25529289493407215,
            0.022135142679007624,
            -0.5375991818668098,
            -0.4403528645293614,
            0.004671418832884744,
            0.04249076846180866,
            0.0068669302657429,
            -0.1860414537071442,
            -0.2748182847312842,
            -0.006370030160680778,
            0.2523813525630042,
            -0.05945800888386022,
            -0.003882549121433307,
            -0.12198763309564958,
            -0.0013992494535740583,
            0.05255070046024195,
            0.000317769583536912
        ],
        [
            -0.45044044624947155,
            -0.30437137378398926,
            -0.017983354279482056,
            -0.22433289934424192,
            0.02048349851468248,
            -0.5091990508075741,
            -0.3589665262471281,
            0.02120671273732565,
            0.11923075125744675,
            0.01570509974001496,
            -0.28576190450555344,
            -0.2883394277993474,
            -0.007794576463714551,
            0.15552170442442545,
            -0.0703984339856246,
            -0.12066600892110985,
            -0.18373725148859266,
            -0.003561455323333632,
            0.1026050149014138,
            0.024314751490752462
        ],
        [
            -0.021012255858541152,
            -0.017983354279482056,
            1.4975403784282284,
            -0.01968135444200293,
            0.0015302895056552176,
            -0.003631380161060821,
            -0.01578480335910476,
            0.3183026410818294,
            -0.08190550054805497,
            0.00666057735739449,
            -0.008163661634973077,
            -0.011902918669584378,
            -0.03871874100454311,
            0.012016460800188472,
            -0.0034251784682657474,
            -0.00044835588462197767,
            -0.005386416552831725,
            -0.0029732116566925024,
            0.0012336823618382907,
            6.406843446933495e-05
        ],
        [
            -0.25529289493407215,
            -0.22433289934424192,
            -0.01968135444200293,
            1.2556069064722946,
            0.020797901252034463,
            -0.06730890153128022,
            -0.2085008210793865,
            -0.07796513277250268,
            -0.6651038236453704,
            0.08689978362645938,
            -0.1949342937288476,
            -0.16172824028535202,
            -0.005856831944955363,
            0.20271935521777384,
            -0.07080922407008701,
            -0.049445865304547754,
            -0.10246456143209477,
            -0.0013539863586596633,
            0.06687988421671606,
            0.004702942460021574
        ],
        [
            0.022135142679007624,
            0.02048349851468248,
            0.0015302895056552176,
            0.020797901252034463,
            1.4969831359009658,
            0.010799849192017708,
            0.02065716596432238,
            0.005401376802859393,
            0.07566733085935373,
            0.31732406281711023,
            0.030148492743754418,
            0.0159355136044812,
            0.0006477917695547042,
            -0.03581954436268288,
            -0.02795811105030157,
            0.004893523760994693,
            0.010058735975366774,
            0.0001175905937755068,
            -0.004125245167928778,
            -0.0036840147564276126
        ],
        [
            -0.5375991818668098,
            -0.5091990508075741,
            -0.003631380161060821,
            -0.06730890153128022,
            0.010799849192017708,
            -0.3762407510101211,
            -0.5710985454519338,
            0.03126352924888297,
            0.06242489964153854,
            0.04680264519398572,
            -0.4679016784490737,
            -0.4725078592962688,
            -0.0010411238231670672,
            0.05016349565851652,
            -0.043763991099593336,
            -0.2344743147438819,
            -0.31723650983273344,
            -0.009429261575613674,
            0.21660279478727165,
            0.0452308546064526
        ],
        [
            -0.4403528645293614,
            -0.3589665262471281,
            -0.01578480335910476,
            -0.2085008210793865,
            0.02065716596432238,
            -0.5710985454519338,
            -0.4316658740637431,
            0.027534418760345288,
            0.019654190387548953,
            0.043791611141834406,
            -0.47940289905593114,
            -0.40074867988970553,
            -0.006464762266765456,
            0.09046520818722292,
            -0.11338223067949317,
            -0.30980005761925333,
            -0.30972857840840384,
            -0.006705951970758989,
            0.17057231164310271,
            0.06519602585400452
        ],
        [
            0.004671418832884744,
            0.02120671273732565,
            0.3183026410818294,
            -0.07796513277250268,
            0.005401376802859393,
            0.03126352924888297,
            0.027534418760345288,
            1.4248796536488781,
            -0.006946123115804862,
            -0.002812958662106521,
            0.008345775528275756,
            0.020288748911114502,
            0.26671197593973844,
            0.05021739191732719,
            -0.016533769929599228,
            0.013362057095645414,
            0.01375384036405033,
            -0.04322909010748957,
            -0.011246816692723378,
            -0.0035647365499982715
        ],
        [
            0.04249076846180866,
            0.11923075125744675,
            -0.08190550054805497,
            -0.6651038236453704,
            0.07566733085935373,
            0.06242489964153854,
            0.019654190387548953,
            -0.006946123115804862,
            0.9529644248807885,
            0.08688974163657877,
            -0.08373356849966451,
            -0.11181837488108787,
            0.055751160457204685,
            -0.6894006300840088,
            0.28036242348238116,
            -0.2847525819890595,
            -0.16606922416155692,
            -0.007495792703585857,
            0.13853893278929402,
            0.06688327927036689
        ],
        [
            0.0068669302657429,
            0.01570509974001496,
            0.00666057735739449,
            0.08689978362645938,
            0.31732406281711023,
            0.04680264519398572,
            0.043791611141834406,
            -0.002812958662106521,
            0.08688974163657877,
            1.4014234666040897,
            0.013161558442994825,
            0.051186283020337175,
            -0.019733498132392013,
            0.31834946538775805,
            0.16090017173379212,
            0.04444452462453611,
            0.05168858430435899,
            0.0019059364009753517,
            -0.045914344503158705,
            -0.05830739068358222
        ],
        [
            -0.1860414537071442,
            -0.28576190450555344,
            -0.008163661634973077,
            -0.1949342937288476,
            0.030148492743754418,
            -0.4679016784490737,
            -0.47940289905593114,
            0.008345775528275756,
            -0.08373356849966451,
            0.013161558442994825,
            -0.3983728108535056,
            -0.5746938535191315,
            -0.002981829233925524,
            -0.0676230300974787,
            -0.17431719131753187,
            -0.5705757905797911,
            -0.5278966430863763,
            -0.003937717310207797,
            0.08051364492403046,
            0.019501454682783415
        ],
        [
            -0.2748182847312842,
            -0.2883394277993474,
            -0.011902918669584378,
            -0.16172824028535202,
            0.0159355136044812,
            -0.4725078592962688,
            -0.40074867988970553,
            0.020288748911114502,
            -0.11181837488108787,
            0.051186283020337175,
            -0.5746938535191315,
            -0.4233960098700589,
            -0.0034506650982972353,
            -0.022999078648337057,
            -0.1491338885982796,
            -0.4621369547129439,
            -0.37039864233355013,
            -0.00858429923891375,
            0.2143583140321999,
            0.0845442397655296
        ],
        [
            -0.006370030160680778,
            -0.007794576463714551,
            -0.03871874100454311,
            -0.005856831944955363,
            0.0006477917695547042,
            -0.0010411238231670672,
            -0.006464762266765456,
            0.26671197593973844,
            0.055751160457204685,
            -0.019733498132392013,
            -0.002981829233925524,
            -0.0034506650982972353,
            1.4145890546686672,
            0.01912769276750176,
            -0.0008154141911463596,
            -0.0012108635857709625,
            0.0004680593732288461,
            0.3551095640514128,
            0.03165974865437799,
            0.014082564803694061
        ],
        [
            0.2523813525630042,
            0.15552170442442545,
            0.012016460800188472,
            0.20271935521777384,
            -0.03581954436268288,
            0.05016349565851652,
            0.09046520818722292,
            0.05021739191732719,
            -0.6894006300840088,
            0.31834946538775805,
            -0.0676230300974787,
            -0.022999078648337057,
            0.01912769276750176,
            0.9917883744120466,
            -0.028853276110037095,
            -0.024378210605648487,
            -0.09910501364753277,
            0.029875315815975974,
            -0.4794852370148129,
            -0.38230537346601823
        ],
        [
            -0.05945800888386022,
            -0.0703984339856246,
            -0.0034251784682657474,
            -0.07080922407008701,
            -0.02795811105030157,
            -0.043763991099593336,
            -0.11338223067949317,
            -0.016533769929599228,
            0.28036242348238116,
            0.16090017173379212,
            -0.17431719131753187,
            -0.1491338885982796,
            -0.0008154141911463596,
            -0.028853276110037095,
            1.3447279024540948,
            -0.03181537730536971,
            -0.12024459746873553,
            0.012091239983094661,
            -0.35073656574346823,
            0.18104841676352756
        ],
        [
            -0.003882549121433307,
            -0.12066600892110985,
            -0.00044835588462197767,
            -0.049445865304547754,
            0.004893523760994693,
            -0.2344743147438819,
            -0.30980005761925333,
            0.013362057095645414,
            -0.2847525819890595,
            0.04444452462453611,
            -0.5705757905797911,
            -0.4621369547129439,
            -0.0012108635857709625,
            -0.024378210605648487,
            -0.03181537730536971,
            -0.2598737312519701,
            -0.46591254116310654,
            -0.00984423394614365,
            0.25415010781388797,
            0.11352534253919272
        ],
        [
            -0.12198763309564958,
            -0.18373725148859266,
            -0.005386416552831725,
            -0.10246456143209477,
            0.010058735975366774,
            -0.31723650983273344,
            -0.30972857840840384,
            0.01375384036405033,
            -0.16606922416155692,
            0.05168858430435899,
            -0.5278966430863763,
            -0.37039864233355013,
            0.0004680593732288461,
            -0.09910501364753277,
            -0.12024459746873553,
            -0.46591254116310654,
            -0.317579382091673,
            -0.008738607220085305,
            0.22185860532707427,
            0.09441122072999483
        ],
        [
            -0.0013992494535740583,
            -0.003561455323333632,
            -0.0029732116566925024,
            -0.0013539863586596633,
            0.0001175905937755068,
            -0.009429261575613674,
            -0.006705951970758989,
            -0.04322909010748957,
            -0.007495792703585857,
            0.0019059364009753517,
            -0.003937717310207797,
            -0.00858429923891375,
            0.3551095640514128,
            0.029875315815975974,
            0.012091239983094661,
            -0.00984423394614365,
            -0.008738607220085305,
            1.4758222031348898,
            0.008662131288376868,
            0.0035403895046271817
        ],
        [
            0.05255070046024195,
            0.1026050149014138,
            0.0012336823618382907,
            0.06687988421671606,
            -0.004125245167928778,
            0.21660279478727165,
            0.17057231164310271,
            -0.011246816692723378,
            0.13853893278929402,
            -0.045914344503158705,
            0.08051364492403046,
            0.2143583140321999,
            0.03165974865437799,
            -0.4794852370148129,
            -0.35073656574346823,
            0.25415010781388797,
            0.22185860532707427,
            0.008662131288376868,
            1.2486775692104128,
            -0.09763207435526924
        ],
        [
            0.000317769583536912,
            0.024314751490752462,
            6.406843446933495e-05,
            0.004702942460021574,
            -0.0036840147564276126,
            0.0452308546064526,
            0.06519602585400452,
            -0.0035647365499982715,
            0.06688327927036689,
            -0.05830739068358222,
            0.019501454682783415,
            0.0845442397655296,
            0.014082564803694061,
            -0.38230537346601823,
            0.18104841676352756,
            0.11352534253919272,
            0.09441122072999483,
            0.0035403895046271817,
            -0.09763207435526924,
            1.430239918465469
        ]
    ]
}