{
    "HF": -2.1342197684753823,
    "coordinates": [
        [
            0.833565,
            -0.145494,
            -0.197755
        ],
        [
            1.478218,
            -0.034678,
            0.178185
        ],
        [
            2.226937,
            0.048726,
            0.170856
        ],
        [
            2.897034,
            -0.036076,
            0.083389
        ]
    ],
    "elements": [
        "H",
        "H",
        "H",
        "H"
    ],
    "Enn": 3.1705332149305323,
    "S": [
        [
            0.9999999999999999,
            0.6848602514927513,
            0.0,
            0.0,
            0.0,
            0.5590951524776508,
            0.5612747093435332,
            -0.26609685225236895,
            -0.45629657417419395,
            -0.07843748677767336,
            0.14090817687772866,
            0.3271696567522257,
            -0.046808543791003195,
            -0.1769391425626411,
            -0.024663277479751396,
            0.02192135525839793,
            0.15025911037266765,
            -0.003720297132223392,
            -0.02730528769289713,
            -0.001447896706362644
        ],
        [
            0.6848602514927513,
            1.0000000000000002,
            0.0,
            0.0,
            0.0,
            0.5612747093435332,
            0.8833894132646365,
            -0.08272770206777576,
            -0.14185950237031936,
            -0.02438568131175887,
            0.3271696567522257,
            0.6308175673859896,
            -0.04556540541152571,
            -0.1722400038769009,
            -0.024008271698420618,
            0.1502591103726677,
            0.38776861264293633,
            -0.015103215968021697,
            -0.11085073112112576,
            -0.005877997342248094
        ],
        [
            0.0,
            0.0,
            1.0000000000000004,
            0.0,
            0.0,
            0.2660968522523689,
            0.08272770206777563,
            0.3023986639091588,
            -0.3005361434511503,
            -0.05166223266266142,
            0.04680854379100318,
            0.04556540541152564,
            0.041561811723257805,
            -0.08562308193590284,
            -0.011934870927211865,
            0.003720297132223391,
            0.015103215968021685,
            0.002809003908217351,
            -0.005323001722751717,
            -0.0002822587606114012
        ],
        [
            0.0,
            0.0,
            0.0,
            1.0000000000000004,
            0.0,
            0.4562965741741936,
            0.1418595023703191,
            -0.3005361434511504,
            -0.03769099522034974,
            -0.08858917186966718,
            0.1769391425626411,
            0.17224000387690083,
            -0.08562308193590284,
            -0.2594474013380441,
            -0.04511453801864582,
            0.02730528769289713,
            0.11085073112112562,
            -0.00532300172275172,
            -0.035534156457683194,
            -0.002071650835515066
        ],
        [
            0.0,
            0.0,
            0.0,
            0.0,
            1.0000000000000004,
            0.07843748677767336,
            0.02438568131175886,
            -0.051662232662661435,
            -0.08858917186966718,
            0.4624327599253356,
            0.02466327747975139,
            0.024008271698420583,
            -0.011934870927211861,
            -0.0451145380186458,
            0.05792460951271654,
            0.0014478967063626435,
            0.005877997342248095,
            -0.00028225876061140147,
            -0.002071650835515067,
            0.0034244016220773225
        ],
        [
            0.5590951524776508,
            0.5612747093435332,
            0.26609685225236895,
            0.45629657417419395,
            0.07843748677767336,
            0.9999999999999999,
            0.6848602514927513,
            0.0,
            0.0,
            0.0,
            0.5599460162865972,
            0.5615883570053585,
            0.005197578601094377,
            -0.5309763750351715,
            -0.059148430296858276,
            0.1526244864946455,
            0.33796337095775864,
            0.013273256363569243,
            -0.19866142559531894,
            0.00019574678674490344
        ],
        [
            0.5612747093435332,
            0.8833894132646365,
            0.08272770206777576,
            0.14185950237031916,
            0.02438568131175887,
            0.6848602514927513,
            1.0000000000000002,
            0.0,
            0.0,
            0.0,
            0.5615883570053585,
            0.8836970667831368,
            0.0016137495381300796,
            -0.16485808984025307,
            -0.01836446534018301,
            0.33796337095775864,
            0.643734969092336,
            0.012132032260881574,
            -0.18158067306906353,
            0.00017891663256585147
        ],
        [
            -0.2660968522523689,
            -0.08272770206777563,
            0.3023986639091588,
            -0.3005361434511503,
            -0.05166223266266142,
            0.0,
            0.0,
            1.0000000000000004,
            0.0,
            0.0,
            -0.005197578601094377,
            -0.0016137495381300792,
            0.4785866649504242,
            0.006818940192668926,
            0.0007595999137585116,
            -0.013273256363569233,
            -0.012132032260881572,
            0.07076693589631576,
            0.02530059397083425,
            -2.4929399140710607e-05
        ],
        [
            -0.4562965741741936,
            -0.1418595023703193,
            -0.3005361434511504,
            -0.03769099522034974,
            -0.08858917186966718,
            0.0,
            0.0,
            0.0,
            1.0000000000000004,
            0.0,
            0.5309763750351711,
            0.1648580898402534,
            0.006818940192668926,
            -0.21795868652501263,
            -0.07759952078446689,
            0.19866142559531882,
            0.1815806730690635,
            0.025300593970834243,
            -0.30621777305859693,
            0.0003731194393352721
        ],
        [
            -0.07843748677767336,
            -0.02438568131175886,
            -0.051662232662661435,
            -0.08858917186966718,
            0.4624327599253356,
            0.0,
            0.0,
            0.0,
            0.0,
            1.0000000000000004,
            0.05914843029685826,
            0.018364465340183007,
            0.0007595999137585116,
            -0.07759952078446689,
            0.4700091686950391,
            -0.00019574678674490336,
            -0.00017891663256585144,
            -2.4929399140710353e-05,
            0.0003731194393352684,
            0.07245698836618007
        ],
        [
            0.14090817687772866,
            0.3271696567522257,
            0.046808543791003195,
            0.1769391425626411,
            0.024663277479751396,
            0.5599460162865972,
            0.5615883570053585,
            -0.005197578601094377,
            0.5309763750351715,
            0.059148430296858276,
            0.9999999999999999,
            0.6848602514927513,
            0.0,
            0.0,
            0.0,
            0.6185539858695726,
            0.5823202279099987,
            0.07033553874987639,
            -0.5388504637140399,
            0.06819251097061768
        ],
        [
            0.3271696567522257,
            0.6308175673859896,
            0.04556540541152571,
            0.1722400038769009,
            0.024008271698420618,
            0.5615883570053585,
            0.8836970667831368,
            -0.0016137495381300796,
            0.16485808984025344,
            0.01836446534018301,
            0.6848602514927513,
            1.0000000000000002,
            0.0,
            0.0,
            0.0,
            0.5823202279099987,
            0.9038900951632808,
            0.02001889344816479,
            -0.15336756082791053,
            0.019408945112914248
        ],
        [
            -0.04680854379100318,
            -0.04556540541152564,
            0.041561811723257805,
            -0.08562308193590284,
            -0.011934870927211865,
            0.005197578601094377,
            0.0016137495381300792,
            0.4785866649504242,
            0.006818940192668926,
            0.0007595999137585116,
            0.0,
            0.0,
            1.0000000000000004,
            0.0,
            0.0,
            -0.0703355387498764,
            -0.020018893448164807,
            0.536759302082799,
            0.083330954029194,
            -0.010545684525648826
        ],
        [
            -0.1769391425626411,
            -0.17224000387690083,
            -0.08562308193590284,
            -0.2594474013380441,
            -0.04511453801864582,
            -0.5309763750351711,
            -0.16485808984025305,
            0.006818940192668926,
            -0.21795868652501263,
            -0.07759952078446689,
            0.0,
            0.0,
            0.0,
            1.0000000000000004,
            0.0,
            0.5388504637140397,
            0.15336756082791125,
            0.08333095402919388,
            -0.09077377274777122,
            0.08079197369960897
        ],
        [
            -0.02466327747975139,
            -0.024008271698420583,
            -0.011934870927211861,
            -0.0451145380186458,
            0.05792460951271654,
            -0.05914843029685826,
            -0.018364465340183007,
            0.0007595999137585116,
            -0.07759952078446689,
            0.4700091686950391,
            0.0,
            0.0,
            0.0,
            0.0,
            1.0000000000000004,
            -0.06819251097061768,
            -0.019408945112914255,
            -0.01054568452564883,
            0.08079197369960911,
            0.537412024901133
        ],
        [
            0.02192135525839793,
            0.15025911037266765,
            0.003720297132223392,
            0.02730528769289713,
            0.0014478967063626437,
            0.1526244864946455,
            0.33796337095775864,
            -0.013273256363569238,
            0.198661425595319,
            -0.00019574678674490344,
            0.6185539858695726,
            0.5823202279099987,
            -0.0703355387498764,
            0.5388504637140399,
            -0.06819251097061768,
            0.9999999999999999,
            0.6848602514927513,
            0.0,
            0.0,
            0.0
        ],
        [
            0.1502591103726677,
            0.38776861264293633,
            0.015103215968021702,
            0.11085073112112576,
            0.0058779973422480964,
            0.33796337095775864,
            0.643734969092336,
            -0.012132032260881574,
            0.18158067306906353,
            -0.00017891663256585147,
            0.5823202279099987,
            0.9038900951632808,
            -0.020018893448164765,
            0.15336756082791128,
            -0.019408945112914248,
            0.6848602514927513,
            1.0000000000000002,
            0.0,
            0.0,
            0.0
        ],
        [
            -0.003720297132223391,
            -0.015103215968021689,
            0.002809003908217351,
            -0.005323001722751717,
            -0.00028225876061140114,
            0.013273256363569238,
            0.012132032260881559,
            0.07076693589631576,
            0.025300593970834243,
            -2.4929399140710353e-05,
            0.07033553874987639,
            0.020018893448164782,
            0.536759302082799,
            0.0833309540291939,
            -0.010545684525648828,
            0.0,
            0.0,
            1.0000000000000004,
            0.0,
            0.0
        ],
        [
            -0.02730528769289713,
            -0.1108507311211257,
            -0.00532300172275172,
            -0.035534156457683194,
            -0.002071650835515066,
            -0.19866142559531882,
            -0.1815806730690635,
            0.02530059397083425,
            -0.30621777305859693,
            0.0003731194393352684,
            -0.5388504637140399,
            -0.15336756082791125,
            0.08333095402919398,
            -0.09077377274777122,
            0.08079197369960908,
            0.0,
            0.0,
            0.0,
            1.0000000000000004,
            0.0
        ],
        [
            -0.0014478967063626439,
            -0.005877997342248091,
            -0.00028225876061140147,
            -0.002071650835515067,
            0.0034244016220773225,
            0.00019574678674490336,
            0.00017891663256585144,
            -2.4929399140710607e-05,
            0.0003731194393352721,
            0.07245698836618007,
            0.06819251097061768,
            0.019408945112914248,
            -0.010545684525648828,
            0.08079197369960898,
            0.537412024901133,
            0.0,
            0.0,
            0.0,
            0.0,
            1.0000000000000004
        ]
    ],
    "h": [
        [
            -0.27571094911176286,
            -0.4713200051992483,
            -0.14706213423050074,
            -0.25707425300615083,
            -0.04483179269547402,
            -0.5895441380972529,
            -0.46645085519025864,
            0.018191896210356495,
            0.011041428785498186,
            0.0004201374744379205,
            -0.2702385162097084,
            -0.32719849341124974,
            0.03445993353424516,
            0.3271979992338556,
            0.0357986270967466,
            -0.03457807838709045,
            -0.16762804616512234,
            0.003553534739604676,
            0.09812836021395957,
            0.0018719178172220048
        ],
        [
            -0.4713200051992483,
            -0.31561823090055063,
            -0.12138168365636805,
            -0.21954812691594178,
            -0.03775722358654296,
            -0.5496234561021167,
            -0.37126901365723763,
            0.10678091453942062,
            0.07140184898116095,
            0.01863053799681759,
            -0.3606315318169703,
            -0.32202637700379744,
            0.01695933261055721,
            0.1898246746028474,
            0.032343695796541644,
            -0.17166489409176028,
            -0.2203429122177527,
            -0.010939796013930681,
            0.1430833511188364,
            -0.009032730057846591
        ],
        [
            -0.14706213423050074,
            -0.12138168365636805,
            1.4159833605464147,
            -0.12139152328119754,
            -0.020861939167125726,
            -0.02924923691809983,
            -0.11221289693877018,
            0.16723987457172745,
            -0.4376890615385789,
            -0.07446090680466506,
            -0.09543622465529081,
            -0.09133844512048425,
            -0.04096924954274453,
            0.09923490128687423,
            0.01147766229993226,
            -0.020747241169385502,
            -0.05241126587166116,
            -0.008926090889897889,
            0.03194131384083815,
            0.0002154452712129695
        ],
        [
            -0.25707425300615083,
            -0.21954812691594178,
            -0.12139152328119754,
            1.264664722858798,
            -0.03745524190970684,
            -0.07667635431452369,
            -0.21422139013482633,
            -0.41268064867062937,
            -0.3644904603011402,
            -0.12941038808079872,
            -0.23916804818908566,
            -0.17657411645944476,
            0.0013626123079559793,
            0.11797758913600198,
            0.020166568207364788,
            -0.09395291830850944,
            -0.12371143676241786,
            0.007502362955705756,
            0.1284642524015283,
            0.0019077564185592524
        ],
        [
            -0.04483179269547402,
            -0.03775722358654296,
            -0.020861939167125726,
            -0.03745524190970684,
            1.4787723678946998,
            -0.012223873873759256,
            -0.0359649533794421,
            -0.07102437903012894,
            -0.13093824946524515,
            0.38889989656342194,
            -0.03597709201214573,
            -0.02910932235395916,
            0.0006243072533441835,
            0.029285546442403138,
            -0.042184218179945276,
            -0.00893365068279646,
            -0.018088381875204257,
            0.0002959376434456618,
            0.012176473874763269,
            -0.009749222847951811
        ],
        [
            -0.5895441380972529,
            -0.5496234561021167,
            -0.02924923691809983,
            -0.07667635431452369,
            -0.012223873873759256,
            -0.46419529260549597,
            -0.6088394345864385,
            0.13970311641183808,
            -0.002469872946185475,
            0.01443409741476838,
            -0.5520264482133557,
            -0.5280352640338877,
            0.026077919169484022,
            0.05112259728525137,
            0.020415939977412145,
            -0.29492458245383646,
            -0.36823363025679345,
            -0.024927015927113248,
            0.2773810007630435,
            -0.015980447891908132
        ],
        [
            -0.46645085519025864,
            -0.37126901365723763,
            -0.11221289693877018,
            -0.21422139013482633,
            -0.0359649533794421,
            -0.6088394345864385,
            -0.43521546160701496,
            0.10952889818281546,
            -0.0347978602034532,
            0.009747686413685494,
            -0.536959038395681,
            -0.416050044475593,
            0.027141276392664844,
            0.12374740638356041,
            0.04485289018428824,
            -0.346151298663343,
            -0.3269383033714146,
            -0.02497731813805209,
            0.21582494523169338,
            -0.021452715343126608
        ],
        [
            0.018191896210356495,
            0.10678091453942062,
            0.16723987457172745,
            -0.41268064867062937,
            -0.07102437903012894,
            0.13970311641183808,
            0.10952889818281546,
            1.331750747613104,
            -0.11806053472734071,
            -0.019777166857795528,
            0.029554862264420743,
            0.06460819932397632,
            0.3917713677322683,
            -0.0398248937731323,
            -0.004502971906937582,
            0.002102461018153555,
            0.02581615918688998,
            -0.046451760134665926,
            -0.004885407776235265,
            0.00016798295392655565
        ],
        [
            0.011041428785498186,
            0.07140184898116095,
            -0.4376890615385789,
            -0.3644904603011402,
            -0.13093824946524515,
            -0.002469872946185475,
            -0.0347978602034532,
            -0.11806053472734071,
            0.8676125304623572,
            -0.06609535373892916,
            -0.07866967826872773,
            -0.15059339508428904,
            0.011634619680022976,
            -0.7572018442899892,
            -0.10297424370603753,
            -0.35262818369950694,
            -0.20285031812200238,
            -0.02821903894604061,
            0.1371717757395653,
            -0.027905716905606223
        ],
        [
            0.0004201374744379205,
            0.01863053799681759,
            -0.07446090680466506,
            -0.12941038808079872,
            0.38889989656342194,
            0.01443409741476838,
            0.009747686413685494,
            -0.019777166857795528,
            -0.06609535373892916,
            1.3903522100844037,
            0.0035428361653926516,
            -0.004475991994298309,
            -8.899444132894508e-05,
            -0.12746233117410732,
            0.3858647813119592,
            -0.022486682276187123,
            -0.014344193924112108,
            -0.002705249993214497,
            0.021504000606147468,
            -0.04848853270501122
        ],
        [
            -0.2702385162097084,
            -0.3606315318169703,
            -0.09543622465529081,
            -0.23916804818908566,
            -0.03597709201214573,
            -0.5520264482133557,
            -0.536959038395681,
            0.029554862264420743,
            -0.07866967826872773,
            0.0035428361653926516,
            -0.5156358055128305,
            -0.628363044866917,
            0.038334146905277616,
            -0.07248021006719996,
            0.06552894729268072,
            -0.635996765375166,
            -0.5742057428746268,
            -0.007960438856525753,
            0.0775463720826961,
            -0.002372344672227758
        ],
        [
            -0.32719849341124974,
            -0.32202637700379744,
            -0.09133844512048425,
            -0.17657411645944476,
            -0.02910932235395916,
            -0.5280352640338877,
            -0.416050044475593,
            0.06460819932397632,
            -0.15059339508428904,
            -0.004475991994298309,
            -0.628363044866917,
            -0.43774191041015453,
            0.032580923290397676,
            -0.008161629953236466,
            0.052985683269642335,
            -0.4901800776635774,
            -0.3735475635836425,
            -0.032323239616042124,
            0.26345124646224527,
            -0.027229021946424903
        ],
        [
            0.03445993353424516,
            0.01695933261055721,
            -0.04096924954274453,
            0.0013626123079559793,
            0.0006243072533441835,
            0.026077919169484022,
            0.027141276392664844,
            0.3917713677322683,
            0.011634619680022976,
            -8.899444132894508e-05,
            0.038334146905277616,
            0.032580923290397676,
            1.380509827025316,
            0.03039868402101978,
            -0.005314410043426839,
            -0.003923948113478709,
            0.027190816701260445,
            0.5009700419907369,
            0.12138409479086626,
            -0.01589468888760721
        ],
        [
            0.3271979992338556,
            0.1898246746028474,
            0.09923490128687423,
            0.11797758913600198,
            0.029285546442403138,
            0.05112259728525137,
            0.12374740638356041,
            -0.0398248937731323,
            -0.7572018442899892,
            -0.12746233117410732,
            -0.07248021006719996,
            -0.008161629953236466,
            0.03039868402101978,
            0.7630523239996039,
            0.003046004818650898,
            0.007893932475282361,
            -0.10568859997625518,
            0.12484850708682635,
            -0.48276150715454624,
            0.11985713864602676
        ],
        [
            0.0357986270967466,
            0.032343695796541644,
            0.01147766229993226,
            0.020166568207364788,
            -0.042184218179945276,
            0.020415939977412145,
            0.04485289018428824,
            -0.004502971906937582,
            -0.10297424370603753,
            0.3858647813119592,
            0.06552894729268072,
            0.052985683269642335,
            -0.005314410043426839,
            0.003046004818650898,
            1.3783774281728287,
            0.005721837285704107,
            0.041135539381919994,
            -0.014685032053317046,
            0.10747011291930866,
            0.5022330239009694
        ],
        [
            -0.03457807838709045,
            -0.17166489409176028,
            -0.020747241169385502,
            -0.09395291830850944,
            -0.00893365068279646,
            -0.29492458245383646,
            -0.346151298663343,
            0.002102461018153555,
            -0.35262818369950694,
            -0.022486682276187123,
            -0.635996765375166,
            -0.4901800776635774,
            -0.003923948113478709,
            0.007893932475282361,
            0.005721837285704107,
            -0.32842632273602135,
            -0.4919257217413917,
            -0.045254344548480846,
            0.3342702229024207,
            -0.04083880931168858
        ],
        [
            -0.16762804616512234,
            -0.2203429122177527,
            -0.05241126587166116,
            -0.12371143676241786,
            -0.018088381875204257,
            -0.36823363025679345,
            -0.3269383033714146,
            0.02581615918688998,
            -0.20285031812200238,
            -0.014344193924112108,
            -0.5742057428746268,
            -0.3735475635836425,
            0.027190816701260445,
            -0.10568859997625518,
            0.041135539381919994,
            -0.4919257217413917,
            -0.3197912020251288,
            -0.03502558708808808,
            0.26852518919343693,
            -0.030642913534912688
        ],
        [
            0.003553534739604676,
            -0.010939796013930681,
            -0.008926090889897889,
            0.007502362955705756,
            0.0002959376434456618,
            -0.024927015927113248,
            -0.02497731813805209,
            -0.046451760134665926,
            -0.02821903894604061,
            -0.002705249993214497,
            -0.007960438856525753,
            -0.032323239616042124,
            0.5009700419907369,
            0.12484850708682635,
            -0.014685032053317046,
            -0.045254344548480846,
            -0.03502558708808808,
            1.4629492834865423,
            0.041125663489148666,
            -0.004981761036450943
        ],
        [
            0.09812836021395957,
            0.1430833511188364,
            0.03194131384083815,
            0.1284642524015283,
            0.012176473874763269,
            0.2773810007630435,
            0.21582494523169338,
            -0.004885407776235265,
            0.1371717757395653,
            0.021504000606147468,
            0.0775463720826961,
            0.26345124646224527,
            0.12138409479086626,
            -0.48276150715454624,
            0.10747011291930866,
            0.3342702229024207,
            0.26852518919343693,
            0.041125663489148666,
            1.1447514586560028,
            0.037235991749850095
        ],
        [
            0.0018719178172220048,
            -0.009032730057846591,
            0.0002154452712129695,
            0.0019077564185592524,
            -0.009749222847951811,
            -0.015980447891908132,
            -0.021452715343126608,
            0.00016798295392655565,
            -0.027905716905606223,
            -0.04848853270501122,
            -0.002372344672227758,
            -0.027229021946424903,
            -0.01589468888760721,
            0.11985713864602676,
            0.5022330239009694,
            -0.04083880931168858,
            -0.030642913534912688,
            -0.004981761036450943,
            0.037235991749850095,
            1.463624871157162
        ]
    ]
}