{
    "HF": -2.1271716984379507,
    "coordinates": [
        [
            0.785693,
            -0.094913,
            -0.148919
        ],
        [
            1.615849,
            0.016267,
            -0.109766
        ],
        [
            2.332097,
            -0.009569,
            -0.037904
        ],
        [
            2.972557,
            -0.090065,
            0.169862
        ]
    ],
    "elements": [
        "H",
        "H",
        "H",
        "H"
    ],
    "Enn": 3.1072842321155614,
    "S": [
        [
            0.9999999999999999,
            0.6848602514927513,
            0.0,
            0.0,
            0.0,
            0.49284993905502034,
            0.5356227181112766,
            -0.02362434512872193,
            -0.5009039372379969,
            -0.06708437901083708,
            0.10948412687464322,
            0.2950933742024027,
            -0.010363147519435751,
            -0.1443553823955819,
            -0.007966783424750932,
            0.014187213783166858,
            0.12474355072719866,
            -0.002481020441119845,
            -0.01702000522599876,
            -3.773119194227051e-05
        ],
        [
            0.6848602514927513,
            1.0000000000000002,
            0.0,
            0.0,
            0.0,
            0.5356227181112766,
            0.8580014377171424,
            -0.008196128600060784,
            -0.17378145567675712,
            -0.02327396566686481,
            0.2950933742024027,
            0.5914404658679797,
            -0.012288762520764655,
            -0.1711785931375088,
            -0.009447121096898067,
            0.12474355072719863,
            0.345103794883482,
            -0.014026072441667627,
            -0.09622001588574927,
            -0.00021330756600049626
        ],
        [
            0.0,
            0.0,
            1.0000000000000004,
            0.0,
            0.0,
            0.02362434512872193,
            0.008196128600060762,
            0.39987305147953506,
            -0.03387746419201342,
            -0.00453709479768628,
            0.010363147519435748,
            0.01228876252076464,
            0.04233419238757718,
            -0.019491752697425552,
            -0.0010757241588932036,
            0.0024810204411198442,
            0.014026072441667616,
            0.0012990192381090622,
            -0.0031936053341738123,
            -7.079817793916121e-06
        ],
        [
            0.0,
            0.0,
            0.0,
            1.0000000000000004,
            0.0,
            0.5009039372379965,
            0.17378145567675676,
            -0.0338774641920134,
            -0.31682866720957364,
            -0.09619943475258734,
            0.14435538239558185,
            0.17117859313750874,
            -0.019491752697425545,
            -0.22778049025253216,
            -0.014984498871405539,
            0.017020005225998742,
            0.09622001588574919,
            -0.003193605334173811,
            -0.02014384270426448,
            -4.8568135052197534e-05
        ],
        [
            0.0,
            0.0,
            0.0,
            0.0,
            1.0000000000000004,
            0.06708437901083708,
            0.023273965666864807,
            -0.0045370947976862775,
            -0.09619943475258734,
            0.38858716208009353,
            0.00796678342475093,
            0.009447121096898053,
            -0.0010757241588932036,
            -0.014984498871405542,
            0.04290651362706147,
            3.773119194227051e-05,
            0.00021330756600049624,
            -7.079817793916121e-06,
            -4.856813505219755e-05,
            0.0017644460976277744
        ],
        [
            0.49284993905502034,
            0.5356227181112766,
            0.02362434512872193,
            0.5009039372379969,
            0.06708437901083708,
            0.9999999999999999,
            0.6848602514927513,
            0.0,
            0.0,
            0.0,
            0.5866358550044706,
            0.571238338497981,
            -0.05405177658971393,
            -0.5387336405726173,
            0.019432825414987746,
            0.16519100239647314,
            0.34897058960112276,
            -0.04313936571095062,
            -0.2093049429061909,
            0.01640427652015106
        ],
        [
            0.5356227181112766,
            0.8580014377171424,
            0.008196128600060805,
            0.17378145567675696,
            0.02327396566686481,
            0.6848602514927513,
            1.0000000000000002,
            0.0,
            0.0,
            0.0,
            0.571238338497981,
            0.8931309153357887,
            -0.016113457439615043,
            -0.16060270607844762,
            0.005793149180511183,
            0.34897058960112276,
            0.6567477957422837,
            -0.03703474240546719,
            -0.17968633791836516,
            0.014082918125002274
        ],
        [
            -0.023624345128721913,
            -0.008196128600060783,
            0.39987305147953506,
            -0.033877464192013394,
            -0.004537094797686277,
            0.0,
            0.0,
            1.0000000000000004,
            0.0,
            0.0,
            0.05405177658971393,
            0.01611345743961503,
            0.5030839383071948,
            -0.06813923880465476,
            0.0024578712593362356,
            0.043139365710950575,
            0.03703474240546715,
            0.06506304496084073,
            -0.0804034331660799,
            0.006301619696659569
        ],
        [
            -0.5009039372379965,
            -0.17378145567675676,
            -0.03387746419201343,
            -0.31682866720957364,
            -0.09619943475258734,
            0.0,
            0.0,
            0.0,
            1.0000000000000004,
            0.0,
            0.5387336405726173,
            0.1606027060784476,
            -0.06813923880465474,
            -0.16922283999195073,
            0.024497583893532876,
            0.2093049429061909,
            0.17968633791836489,
            -0.08040343316607997,
            -0.30846911368426455,
            0.030574398327118935
        ],
        [
            -0.06708437901083708,
            -0.023273965666864804,
            -0.004537094797686281,
            -0.09619943475258734,
            0.38858716208009353,
            0.0,
            0.0,
            0.0,
            0.0,
            1.0000000000000004,
            -0.01943282541498774,
            -0.005793149180511177,
            0.0024578712593362356,
            0.024497583893532886,
            0.5090367680554201,
            -0.01640427652015105,
            -0.014082918125002267,
            0.0063016196966595725,
            0.03057439832711893,
            0.07923854498475552
        ],
        [
            0.10948412687464322,
            0.2950933742024027,
            0.010363147519435751,
            0.14435538239558185,
            0.007966783424750932,
            0.5866358550044706,
            0.571238338497981,
            0.05405177658971393,
            0.5387336405726173,
            -0.019432825414987746,
            0.9999999999999999,
            0.6848602514927513,
            0.0,
            0.0,
            0.0,
            0.6209782382622399,
            0.583142425562056,
            -0.16789765709699514,
            -0.5175617447722024,
            0.0650495740673629
        ],
        [
            0.2950933742024027,
            0.5914404658679797,
            0.012288762520764645,
            0.1711785931375088,
            0.009447121096898067,
            0.571238338497981,
            0.8931309153357887,
            0.016113457439615033,
            0.16060270607844762,
            -0.005793149180511183,
            0.6848602514927513,
            1.0000000000000002,
            0.0,
            0.0,
            0.0,
            0.583142425562056,
            0.9046852301451309,
            -0.04762382919350637,
            -0.146805336991005,
            0.018451179474796107
        ],
        [
            -0.010363147519435748,
            -0.012288762520764645,
            0.04233419238757718,
            -0.019491752697425545,
            -0.0010757241588932036,
            -0.05405177658971393,
            -0.01611345743961504,
            0.5030839383071948,
            -0.06813923880465475,
            0.0024578712593362364,
            0.0,
            0.0,
            1.0000000000000004,
            0.0,
            0.0,
            0.16789765709699517,
            0.04762382919350636,
            0.48881853285433885,
            -0.19018073631568305,
            0.02390280197118824
        ],
        [
            -0.1443553823955819,
            -0.17117859313750874,
            -0.019491752697425552,
            -0.2277804902525321,
            -0.014984498871405542,
            -0.5387336405726173,
            -0.1606027060784476,
            -0.06813923880465476,
            -0.1692228399919504,
            0.024497583893532893,
            0.0,
            0.0,
            0.0,
            1.0000000000000004,
            0.0,
            0.5175617447722024,
            0.14680533699100498,
            -0.19018073631568277,
            -0.035738227299407926,
            0.0736828381470847
        ],
        [
            -0.00796678342475093,
            -0.009447121096898058,
            -0.0010757241588932036,
            -0.014984498871405539,
            0.04290651362706147,
            0.01943282541498774,
            0.005793149180511177,
            0.0024578712593362347,
            0.024497583893532866,
            0.5090367680554201,
            0.0,
            0.0,
            0.0,
            0.0,
            1.0000000000000004,
            -0.06504957406736292,
            -0.01845117947479611,
            0.02390280197118824,
            0.07368283814708482,
            0.5412525913777071
        ],
        [
            0.014187213783166858,
            0.12474355072719866,
            0.002481020441119845,
            0.017020005225998752,
            3.773119194227051e-05,
            0.16519100239647314,
            0.34897058960112276,
            0.04313936571095062,
            0.209304942906191,
            -0.01640427652015106,
            0.6209782382622399,
            0.583142425562056,
            0.16789765709699514,
            0.5175617447722031,
            -0.0650495740673629,
            0.9999999999999999,
            0.6848602514927513,
            0.0,
            0.0,
            0.0
        ],
        [
            0.12474355072719863,
            0.345103794883482,
            0.014026072441667627,
            0.09622001588574927,
            0.00021330756600049626,
            0.34897058960112276,
            0.6567477957422837,
            0.03703474240546719,
            0.17968633791836494,
            -0.014082918125002276,
            0.583142425562056,
            0.9046852301451309,
            0.04762382919350637,
            0.14680533699100426,
            -0.018451179474796107,
            0.6848602514927513,
            1.0000000000000002,
            0.0,
            0.0,
            0.0
        ],
        [
            -0.0024810204411198442,
            -0.014026072441667616,
            0.0012990192381090622,
            -0.0031936053341738123,
            -7.079817793916121e-06,
            -0.043139365710950575,
            -0.03703474240546716,
            0.06506304496084073,
            -0.08040343316607992,
            0.006301619696659569,
            -0.16789765709699517,
            -0.04762382919350636,
            0.48881853285433885,
            -0.19018073631568277,
            0.02390280197118824,
            0.0,
            0.0,
            1.0000000000000004,
            0.0,
            0.0
        ],
        [
            -0.01702000522599875,
            -0.09622001588574912,
            -0.003193605334173811,
            -0.02014384270426448,
            -4.8568135052197534e-05,
            -0.20930494290619078,
            -0.17968633791836466,
            -0.08040343316607994,
            -0.30846911368426466,
            0.03057439832711893,
            -0.5175617447722024,
            -0.14680533699100498,
            -0.19018073631568305,
            -0.035738227299407926,
            0.07368283814708482,
            0.0,
            0.0,
            0.0,
            1.0000000000000004,
            0.0
        ],
        [
            -3.773119194227051e-05,
            -0.00021330756600049624,
            -7.079817793916121e-06,
            -4.856813505219755e-05,
            0.0017644460976277744,
            0.01640427652015105,
            0.01408291812500227,
            0.0063016196966595725,
            0.030574398327118935,
            0.07923854498475552,
            0.06504957406736292,
            0.018451179474796107,
            0.02390280197118824,
            0.0736828381470847,
            0.5412525913777071,
            0.0,
            0.0,
            0.0,
            0.0,
            1.0000000000000004
        ]
    ],
    "h": [
        [
            -0.21968738200404236,
            -0.4458088654393073,
            -0.01127396006798895,
            -0.2486073710119622,
            -0.03297077480739487,
            -0.5318384372443632,
            -0.4325512065143773,
            0.004177861932522134,
            0.04447048704099754,
            0.0066140332386617345,
            -0.2305046103016282,
            -0.2944592600544914,
            0.03133756114516282,
            0.3058212370949033,
            0.00014005549090154168,
            -0.01632428089794044,
            -0.141572700193816,
            0.013694832473201916,
            0.07745811375533362,
            -0.0029685956611560497
        ],
        [
            -0.4458088654393073,
            -0.3037616516231316,
            -0.010314351384322708,
            -0.2228780552278709,
            -0.028933664296142733,
            -0.5203084499308221,
            -0.360598620745066,
            -0.0006036862108795894,
            0.09069152293164298,
            0.028916338317294767,
            -0.3363892939329961,
            -0.3046246463978286,
            0.011568217446622385,
            0.1951230984072437,
            -5.3139445893617826e-05,
            -0.14826036183662383,
            -0.20220493906106085,
            0.03361197664029897,
            0.13238598203243176,
            -0.011769513713747966
        ],
        [
            -0.01127396006798895,
            -0.010314351384322708,
            1.5041043663409983,
            -0.011362992013463805,
            -0.0014375667485595836,
            -0.004540874495669381,
            -0.010208888310205014,
            0.3011396807083766,
            -0.04776387356638444,
            -0.005737163578455813,
            -0.014596473965245355,
            -0.008667885097912435,
            -0.0438168571624301,
            0.012734904251548558,
            4.763390881625841e-05,
            -0.007713864399949909,
            -0.0077279228220116375,
            -0.003560370343451164,
            0.011900890057992906,
            -0.00031085077153432226
        ],
        [
            -0.2486073710119622,
            -0.2228780552278709,
            -0.011362992013463805,
            1.266196756675718,
            -0.030829079797828306,
            -0.08543903089967719,
            -0.20925276873315535,
            -0.04882834909718274,
            -0.6811567488723825,
            -0.123190878187392,
            -0.23569442035977625,
            -0.17319667197488287,
            0.021291043022147224,
            0.20017683383086782,
            -4.038970256095217e-05,
            -0.0726270046610831,
            -0.11669137674676072,
            0.019774476714927644,
            0.10102671047118422,
            -0.0037738865405974823
        ],
        [
            -0.03297077480739487,
            -0.028933664296142733,
            -0.0014375667485595836,
            -0.030829079797828306,
            1.5005719568005174,
            -0.008488201515212207,
            -0.02580643102505588,
            -0.006161751948943242,
            -0.1293805275126103,
            0.2868036632489407,
            -0.021312500646478952,
            -0.02132143730747137,
            0.0025910630777419372,
            0.02768027887069483,
            -0.04493503455810342,
            -0.002722728098639315,
            -0.011257298713759186,
            0.0008729229345854986,
            0.004258237399855468,
            -0.005918414094847973
        ],
        [
            -0.5318384372443632,
            -0.5203084499308221,
            -0.004540874495669381,
            -0.08543903089967719,
            -0.008488201515212207,
            -0.43936806952487073,
            -0.6020655919867915,
            -0.017034010361324237,
            -0.037009422389898836,
            0.040375850026480475,
            -0.5729102048178918,
            -0.5312951293049011,
            -0.013040374514811395,
            0.020801020498776968,
            0.009770653693642425,
            -0.32045846654121424,
            -0.378325804020372,
            0.0743314667631094,
            0.28440174606785856,
            -0.028278269577699768
        ],
        [
            -0.4325512065143773,
            -0.360598620745066,
            -0.010208888310205014,
            -0.20925276873315535,
            -0.02580643102505588,
            -0.6020655919867915,
            -0.4397389971132417,
            -0.017325628338576978,
            -0.042463280468300516,
            0.034754119519733784,
            -0.5518643479998041,
            -0.41836219219506177,
            -0.01661567968447259,
            0.12430810012721477,
            0.010158304882736023,
            -0.35815626134772793,
            -0.33020808370706645,
            0.06468645469978995,
            0.21754299359605828,
            -0.025061931901737763
        ],
        [
            0.004177861932522134,
            -0.0006036862108795894,
            0.3011396807083766,
            -0.04882834909718274,
            -0.006161751948943242,
            -0.017034010361324237,
            -0.017325628338576978,
            1.399019120658491,
            -0.05211342886086596,
            -5.312218172573804e-06,
            -0.02065663357960275,
            -0.028166254247616162,
            0.42797810201620345,
            -0.11725379054589252,
            0.005541969684072549,
            -0.0526392346008229,
            -0.02956955808562263,
            -0.040035456520176205,
            0.012022750235064744,
            -0.0024588311431646033
        ],
        [
            0.04447048704099754,
            0.09069152293164298,
            -0.04776387356638444,
            -0.6811567488723825,
            -0.1293805275126103,
            -0.037009422389898836,
            -0.042463280468300516,
            -0.05211342886086596,
            0.8202681954350051,
            -0.01741836001418314,
            -0.08687540182062992,
            -0.16387181645309096,
            -0.1407401570669368,
            -0.7094221421434301,
            0.0474358333448477,
            -0.3670191867149005,
            -0.21717814687859405,
            0.06021509399843378,
            0.11532240283640793,
            -0.024048448827183516
        ],
        [
            0.0066140332386617345,
            0.028916338317294767,
            -0.005737163578455813,
            -0.123190878187392,
            0.2868036632489407,
            0.040375850026480475,
            0.034754119519733784,
            -5.312218172573804e-06,
            -0.01741836001418314,
            1.4000831529770044,
            0.013099960404750671,
            0.025577666162294264,
            0.004104468638414342,
            0.028866866018991744,
            0.4417546854744625,
            0.016336898519496816,
            0.015526250743864066,
            -0.0021882205191017558,
            -0.004972504434927562,
            -0.0452752051332882
        ],
        [
            -0.2305046103016282,
            -0.3363892939329961,
            -0.014596473965245355,
            -0.23569442035977625,
            -0.021312500646478952,
            -0.5729102048178918,
            -0.5518643479998041,
            -0.02065663357960275,
            -0.08687540182062992,
            0.013099960404750671,
            -0.5453615739921625,
            -0.6390467518764318,
            -0.07184183329520472,
            -0.048579071954512054,
            0.02805948682705258,
            -0.6475444597648083,
            -0.5825659180050216,
            0.02184524573475699,
            0.0911825376189932,
            -0.008966092897230743
        ],
        [
            -0.2944592600544914,
            -0.3046246463978286,
            -0.008667885097912435,
            -0.17319667197488287,
            -0.02132143730747137,
            -0.5312951293049011,
            -0.41836219219506177,
            -0.028166254247616162,
            -0.16387181645309096,
            0.025577666162294264,
            -0.6390467518764318,
            -0.438557521234729,
            -0.04839512317406176,
            0.0032244871404773917,
            0.02031335636721026,
            -0.49552259547794686,
            -0.375183445289053,
            0.0784461677824139,
            0.260535508226138,
            -0.030748939069897018
        ],
        [
            0.03133756114516282,
            0.011568217446622385,
            -0.0438168571624301,
            0.021291043022147224,
            0.0025910630777419372,
            -0.013040374514811395,
            -0.01661567968447259,
            0.42797810201620345,
            -0.1407401570669368,
            0.004104468638414342,
            -0.07184183329520472,
            -0.04839512317406176,
            1.340030518688913,
            -0.12325985699630733,
            0.011991158402980494,
            -0.004144774292581477,
            -0.05738099105225085,
            0.42385486278499585,
            -0.2797976231630907,
            0.03495243006563529
        ],
        [
            0.3058212370949033,
            0.1951230984072437,
            0.012734904251548558,
            0.20017683383086782,
            0.02768027887069483,
            0.020801020498776968,
            0.12430810012721477,
            -0.11725379054589252,
            -0.7094221421434301,
            0.028866866018991744,
            -0.048579071954512054,
            0.0032244871404773917,
            -0.12325985699630733,
            0.7691518946395663,
            0.04375318206934312,
            0.011927349973241741,
            -0.0936901770006475,
            -0.2922146886699408,
            -0.4067653448453341,
            0.11250629619212418
        ],
        [
            0.00014005549090154168,
            -5.3139445893617826e-05,
            4.763390881625841e-05,
            -4.038970256095217e-05,
            -0.04493503455810342,
            0.009770653693642425,
            0.010158304882736023,
            0.005541969684072549,
            0.0474358333448477,
            0.4417546854744625,
            0.02805948682705258,
            0.02031335636721026,
            0.011991158402980494,
            0.04375318206934312,
            1.3678114050480201,
            -0.00029233384552787567,
            0.02199402941286795,
            0.035229480842438654,
            0.10850623181265806,
            0.5008563012592165
        ],
        [
            -0.01632428089794044,
            -0.14826036183662383,
            -0.007713864399949909,
            -0.0726270046610831,
            -0.002722728098639315,
            -0.32045846654121424,
            -0.35815626134772793,
            -0.0526392346008229,
            -0.3670191867149005,
            0.016336898519496816,
            -0.6475444597648083,
            -0.49552259547794686,
            -0.004144774292581477,
            0.011927349973241741,
            -0.00029233384552787567,
            -0.3386501106123081,
            -0.4966239364457903,
            0.10393767169622853,
            0.3254418651607438,
            -0.04103065104230834
        ],
        [
            -0.141572700193816,
            -0.20220493906106085,
            -0.0077279228220116375,
            -0.11669137674676072,
            -0.011257298713759186,
            -0.378325804020372,
            -0.33020808370706645,
            -0.02956955808562263,
            -0.21717814687859405,
            0.015526250743864066,
            -0.5825659180050216,
            -0.375183445289053,
            -0.05738099105225085,
            -0.0936901770006475,
            0.02199402941286795,
            -0.4966239364457903,
            -0.3229417236503189,
            0.0815864851578429,
            0.2618526785357306,
            -0.0321612443738668
        ],
        [
            0.013694832473201916,
            0.03361197664029897,
            -0.003560370343451164,
            0.019774476714927644,
            0.0008729229345854986,
            0.0743314667631094,
            0.06468645469978995,
            -0.040035456520176205,
            0.06021509399843378,
            -0.0021882205191017558,
            0.02184524573475699,
            0.0784461677824139,
            0.42385486278499585,
            -0.2922146886699408,
            0.035229480842438654,
            0.10393767169622853,
            0.0815864851578429,
            1.4238511083767658,
            -0.09533052954414528,
            0.011751356684558574
        ],
        [
            0.07745811375533362,
            0.13238598203243176,
            0.011900890057992906,
            0.10102671047118422,
            0.004258237399855468,
            0.28440174606785856,
            0.21754299359605828,
            0.012022750235064744,
            0.11532240283640793,
            -0.004972504434927562,
            0.0911825376189932,
            0.260535508226138,
            -0.2797976231630907,
            -0.4067653448453341,
            0.10850623181265806,
            0.3254418651607438,
            0.2618526785357306,
            -0.09533052954414528,
            1.1482131296089906,
            0.03715501508473472
        ],
        [
            -0.0029685956611560497,
            -0.011769513713747966,
            -0.00031085077153432226,
            -0.0037738865405974823,
            -0.005918414094847973,
            -0.028278269577699768,
            -0.025061931901737763,
            -0.0024588311431646033,
            -0.024048448827183516,
            -0.0452752051332882,
            -0.008966092897230743,
            -0.030748939069897018,
            0.03495243006563529,
            0.11250629619212418,
            0.5008563012592165,
            -0.04103065104230834,
            -0.0321612443738668,
            0.011751356684558574,
            0.03715501508473472,
            1.4494213456051726
        ]
    ]
}