{
    "HF": -2.11280343998406,
    "coordinates": [
        [
            0.690878,
            0.102114,
            0.167356
        ],
        [
            1.504324,
            -0.108841,
            -0.162783
        ],
        [
            2.169183,
            -0.1956,
            -0.006922
        ],
        [
            2.904987,
            0.01648,
            -0.174606
        ]
    ],
    "elements": [
        "H",
        "H",
        "H",
        "H"
    ],
    "Enn": 2.9908057927535414,
    "S": [
        [
            0.9999999999999999,
            0.6848602514927513,
            0.0,
            0.0,
            0.0,
            0.4441576464875011,
            0.515042559539083,
            0.1746255114679532,
            -0.4302685347734155,
            0.11158368072757856,
            0.11986828124138041,
            0.30626653127076314,
            0.018167117394455017,
            -0.15410172528838878,
            0.03103435423847405,
            0.012640000004561147,
            0.11871285173929061,
            0.002311154478859945,
            -0.014964083529848678,
            0.000578758466270207
        ],
        [
            0.6848602514927513,
            1.0000000000000002,
            0.0,
            0.0,
            0.0,
            0.515042559539083,
            0.8372969629215085,
            0.0662784589592621,
            -0.1633068111509873,
            0.04235116817386354,
            0.30626653127076314,
            0.6053326409157135,
            0.020074157659508204,
            -0.17027810531931328,
            0.034292095235444686,
            0.11871285173929061,
            0.3345535714577457,
            0.01426686813559494,
            -0.09237400980469765,
            0.0035727039434894454
        ],
        [
            0.0,
            0.0,
            1.0000000000000004,
            0.0,
            0.0,
            -0.17462551146795313,
            -0.06627845895926202,
            0.24887475998009218,
            0.24198891670676792,
            -0.06275619023742966,
            -0.018167117394455024,
            -0.0200741576595082,
            0.04626240934714252,
            0.03359216405102134,
            -0.006765084017361619,
            -0.0023111544788599445,
            -0.014266868135594945,
            0.001021287385746446,
            0.0028826513937841415,
            -0.00011149088389745542
        ],
        [
            0.0,
            0.0,
            0.0,
            1.0000000000000004,
            0.0,
            0.4302685347734155,
            0.16330681115098744,
            0.24198891670676786,
            -0.24916206012949485,
            0.15462811701700258,
            0.15410172528838886,
            0.17027810531931326,
            0.03359216405102135,
            -0.23472135980151143,
            0.05738450939467845,
            0.014964083529848675,
            0.09237400980469752,
            0.0028826513937841402,
            -0.017197863766697265,
            0.0007218725164062411
        ],
        [
            0.0,
            0.0,
            0.0,
            0.0,
            1.0000000000000004,
            -0.11158368072757852,
            -0.042351168173863495,
            -0.06275619023742966,
            0.1546281170170026,
            0.3069860599893539,
            -0.03103435423847406,
            -0.03429209523544467,
            -0.006765084017361619,
            0.05738450939467842,
            0.038666008967353914,
            -0.000578758466270207,
            -0.003572703943489444,
            -0.00011149088389745542,
            0.0007218725164062415,
            0.0014385840973587833
        ],
        [
            0.4441576464875011,
            0.515042559539083,
            -0.1746255114679532,
            0.4302685347734155,
            -0.11158368072757856,
            0.9999999999999999,
            0.6848602514927513,
            0.0,
            0.0,
            0.0,
            0.6126054194592544,
            0.5802912951657152,
            -0.12381702248972709,
            -0.5281684433918522,
            0.0689219307856759,
            0.15855800749720791,
            0.34322977633300455,
            0.0017346111618067616,
            -0.20549823849528334,
            -0.018386467513218673
        ],
        [
            0.515042559539083,
            0.8372969629215085,
            -0.0662784589592621,
            0.16330681115098747,
            -0.04235116817386354,
            0.6848602514927513,
            1.0000000000000002,
            0.0,
            0.0,
            0.0,
            0.5802912951657152,
            0.9019261140321551,
            -0.035539839122194654,
            -0.1516029147698473,
            0.019783017575932937,
            0.34322977633300444,
            0.6499806929409774,
            0.001538341606552643,
            -0.18224631393545115,
            -0.016306056709361694
        ],
        [
            0.17462551146795313,
            0.06627845895926202,
            0.24887475998009218,
            0.24198891670676778,
            -0.06275619023742966,
            0.0,
            0.0,
            1.0000000000000004,
            0.0,
            0.0,
            0.12381702248972708,
            0.035539839122194605,
            0.506490415289123,
            -0.14543273784736768,
            0.01897785681309837,
            -0.0017346111618067616,
            -0.0015383416065526425,
            0.07672079933265592,
            0.003299622407474076,
            0.0002952258892589142
        ],
        [
            -0.4302685347734155,
            -0.1633068111509876,
            0.241988916706768,
            -0.24916206012949463,
            0.15462811701700266,
            0.0,
            0.0,
            0.0,
            1.0000000000000004,
            0.0,
            0.5281684433918521,
            0.1516029147698473,
            -0.14543273784736768,
            -0.07979118189906131,
            0.08095417649636387,
            0.20549823849528334,
            0.18224631393545113,
            0.0032996224074740566,
            -0.314155435505385,
            -0.03497521608111787
        ],
        [
            0.11158368072757852,
            0.042351168173863495,
            -0.06275619023742966,
            0.15462811701700252,
            0.3069860599893539,
            0.0,
            0.0,
            0.0,
            0.0,
            1.0000000000000004,
            -0.06892193078567589,
            -0.019783017575932937,
            0.018977856813098385,
            0.08095417649636392,
            0.5300198983148179,
            0.018386467513218673,
            0.01630605670936169,
            0.0002952258892589127,
            -0.0349752160811179,
            0.07361932694509503
        ],
        [
            0.11986828124138041,
            0.30626653127076314,
            -0.018167117394455017,
            0.15410172528838878,
            -0.03103435423847405,
            0.6126054194592544,
            0.5802912951657152,
            0.12381702248972709,
            0.5281684433918522,
            -0.0689219307856759,
            0.9999999999999999,
            0.6848602514927513,
            0.0,
            0.0,
            0.0,
            0.5355867422580366,
            0.5524559724401418,
            0.11241144852542667,
            -0.4932658659788829,
            -0.1421734930182515
        ],
        [
            0.30626653127076314,
            0.6053326409157135,
            -0.020074157659508204,
            0.17027810531931328,
            -0.03429209523544467,
            0.5802912951657152,
            0.9019261140321551,
            0.035539839122194654,
            0.1516029147698473,
            -0.019783017575932937,
            0.6848602514927513,
            1.0000000000000002,
            0.0,
            0.0,
            0.0,
            0.5524559724401418,
            0.8747122402298749,
            0.03628124179070493,
            -0.15920351872908495,
            -0.04588705993996271
        ],
        [
            0.018167117394455024,
            0.020074157659508207,
            0.04626240934714252,
            0.03359216405102135,
            -0.006765084017361619,
            -0.12381702248972706,
            -0.03553983912219462,
            0.506490415289123,
            -0.14543273784736768,
            0.018977856813098385,
            0.0,
            0.0,
            1.0000000000000004,
            0.0,
            0.0,
            -0.11241144852542664,
            -0.036281241790704945,
            0.4174977301222417,
            0.1442645785154731,
            0.041581225178935616
        ],
        [
            -0.1541017252883888,
            -0.17027810531931326,
            0.03359216405102134,
            -0.23472135980151143,
            0.05738450939467842,
            -0.5281684433918521,
            -0.1516029147698473,
            -0.14543273784736768,
            -0.07979118189906131,
            0.08095417649636392,
            0.0,
            0.0,
            0.0,
            1.0000000000000004,
            0.0,
            0.4932658659788829,
            0.15920351872908492,
            0.1442645785154731,
            -0.18266415181980278,
            -0.18246005469550783
        ],
        [
            0.03103435423847406,
            0.03429209523544468,
            -0.006765084017361619,
            0.05738450939467845,
            0.038666008967353914,
            0.06892193078567589,
            0.019783017575932937,
            0.01897785681309837,
            0.08095417649636387,
            0.530019898314818,
            0.0,
            0.0,
            0.0,
            0.0,
            1.0000000000000004,
            0.14217349301825147,
            0.045887059939962685,
            0.0415812251789356,
            -0.1824600546955078,
            0.3977842373768439
        ],
        [
            0.012640000004561147,
            0.11871285173929061,
            -0.002311154478859945,
            0.014964083529848678,
            -0.000578758466270207,
            0.15855800749720791,
            0.34322977633300455,
            -0.0017346111618067616,
            0.20549823849528334,
            0.018386467513218673,
            0.5355867422580366,
            0.5524559724401418,
            -0.11241144852542667,
            0.4932658659788829,
            0.1421734930182515,
            0.9999999999999999,
            0.6848602514927513,
            0.0,
            0.0,
            0.0
        ],
        [
            0.11871285173929061,
            0.3345535714577457,
            -0.01426686813559494,
            0.09237400980469765,
            -0.003572703943489445,
            0.34322977633300444,
            0.6499806929409774,
            -0.001538341606552643,
            0.18224631393545115,
            0.016306056709361694,
            0.5524559724401418,
            0.8747122402298749,
            -0.03628124179070493,
            0.15920351872908495,
            0.04588705993996269,
            0.6848602514927513,
            1.0000000000000002,
            0.0,
            0.0,
            0.0
        ],
        [
            0.0023111544788599445,
            0.014266868135594945,
            0.001021287385746446,
            0.0028826513937841415,
            -0.00011149088389745542,
            0.0017346111618067616,
            0.0015383416065526425,
            0.07672079933265592,
            0.0032996224074740574,
            0.00029522588925891274,
            0.11241144852542664,
            0.036281241790704924,
            0.4174977301222417,
            0.1442645785154731,
            0.041581225178935616,
            0.0,
            0.0,
            1.0000000000000004,
            0.0,
            0.0
        ],
        [
            -0.01496408352984867,
            -0.0923740098046975,
            0.0028826513937841402,
            -0.017197863766697265,
            0.0007218725164062411,
            -0.20549823849528334,
            -0.18224631393545113,
            0.0032996224074740756,
            -0.3141554355053849,
            -0.0349752160811179,
            -0.4932658659788829,
            -0.15920351872908492,
            0.1442645785154731,
            -0.18266415181980278,
            -0.18246005469550783,
            0.0,
            0.0,
            0.0,
            1.0000000000000004,
            0.0
        ],
        [
            0.0005787584662702068,
            0.0035727039434894437,
            -0.00011149088389745542,
            0.0007218725164062415,
            0.0014385840973587833,
            -0.018386467513218673,
            -0.01630605670936169,
            0.00029522588925891415,
            -0.03497521608111787,
            0.07361932694509503,
            -0.14217349301825147,
            -0.04588705993996268,
            0.0415812251789356,
            -0.1824600546955078,
            0.3977842373768439,
            0.0,
            0.0,
            0.0,
            0.0,
            1.0000000000000004
        ]
    ],
    "h": [
        [
            -0.19304803502577084,
            -0.43274877631024056,
            0.07690259133107476,
            -0.19970432422227333,
            0.05264991852157355,
            -0.501241157348552,
            -0.41420559074859464,
            -0.037766990026807834,
            0.05589589296741504,
            -0.01001828917113129,
            -0.2426287339881942,
            -0.29273519118095215,
            0.0077636640610985325,
            0.2988336672970694,
            -0.03868329858251808,
            -0.008297228882523336,
            -0.12830951518229505,
            -0.006561385336422181,
            0.07196458370861417,
            0.002653037454208181
        ],
        [
            -0.43274877631024056,
            -0.3041952972626081,
            0.07065148710985447,
            -0.1897679125252781,
            0.049522195328041155,
            -0.509216929064693,
            -0.36237574375973913,
            -0.09059700776383289,
            0.05601822655493238,
            -0.02631459911289105,
            -0.3488856314004377,
            -0.3108269529106078,
            0.03944430945089103,
            0.2024112556467595,
            -0.039386687306916114,
            -0.13407409738310155,
            -0.19601763122389354,
            -0.017347571131286897,
            0.12578222347871104,
            0.02105723507422795
        ],
        [
            0.07690259133107476,
            0.07065148710985447,
            1.4783109188934183,
            0.06543854928600745,
            -0.017009927994902387,
            0.0277558639135711,
            0.06245153787790916,
            0.10813171595673238,
            0.30633053201133725,
            -0.07883843656378245,
            0.05603665540573873,
            0.055208380271961156,
            -0.0514801670068744,
            -0.06563594108292194,
            0.009746003073519617,
            0.011114266046356645,
            0.02972050376682924,
            -0.0025091741898356024,
            -0.01913974503570155,
            -0.0009287644242409712
        ],
        [
            -0.19970432422227333,
            -0.1897679125252781,
            0.06543854928600745,
            1.3285659475666745,
            0.044990982044230673,
            -0.1034880617614764,
            -0.18099144604928646,
            0.2784362602934943,
            -0.547273872113791,
            0.19409454574462176,
            -0.22685063144181533,
            -0.15578950935527897,
            0.02428759375033227,
            0.145875339937444,
            -0.03028347159122116,
            -0.06688424246498773,
            -0.105717506750681,
            -0.012906672933033204,
            0.09177988465864635,
            0.004404328066424565
        ],
        [
            0.05264991852157355,
            0.049522195328041155,
            -0.017009927994902387,
            0.044990982044230673,
            1.4927331589749633,
            0.02518690447151445,
            0.045914790620360524,
            -0.07287547001365573,
            0.19746164167623143,
            0.17575797031548973,
            0.05093940443663151,
            0.03923327903856187,
            -0.005531846238386212,
            -0.04850576449596519,
            -0.037547326693334326,
            0.00846108072230405,
            0.02227388806996743,
            0.0013081798666740052,
            -0.011072347607183338,
            -0.005687065056612138
        ],
        [
            -0.501241157348552,
            -0.509216929064693,
            0.0277558639135711,
            -0.1034880617614764,
            0.02518690447151445,
            -0.4426919610010607,
            -0.603028377569699,
            -0.13480636018069914,
            -0.10467920859763596,
            -0.011930064809947422,
            -0.6029428085355365,
            -0.5489212567450449,
            0.011415093113107538,
            0.024371580906377366,
            -0.03057140558881491,
            -0.30729474741315693,
            -0.38016615681977217,
            -0.03224147997351312,
            0.2790371111109361,
            0.05093729900524501
        ],
        [
            -0.41420559074859464,
            -0.36237574375973913,
            0.06245153787790916,
            -0.18099144604928646,
            0.045914790620360524,
            -0.603028377569699,
            -0.44404502657571343,
            -0.11126087783394986,
            -0.08432766189165368,
            -0.014954794967168616,
            -0.5623841123129023,
            -0.4299056657957403,
            0.07113529547482833,
            0.1415145980856375,
            -0.06867804976036523,
            -0.3384404759607141,
            -0.33040904147854844,
            -0.035917165673241755,
            0.20414564886447806,
            0.049836997771616154
        ],
        [
            -0.037766990026807834,
            -0.09059700776383289,
            0.10813171595673238,
            0.2784362602934943,
            -0.07287547001365573,
            -0.13480636018069914,
            -0.11126087783394986,
            1.3539125324188643,
            0.005990710477657977,
            -0.0086186609379743,
            -0.01881965768761676,
            -0.08390161229312389,
            0.43575051826711997,
            -0.1815195460159254,
            0.02198358963915567,
            -0.026707185570595607,
            -0.05075168239980231,
            -0.05194280065160917,
            0.044386252169841836,
            0.00890405257971797
        ],
        [
            0.05589589296741504,
            0.05601822655493238,
            0.30633053201133725,
            -0.547273872113791,
            0.19746164167623143,
            -0.10467920859763596,
            -0.08432766189165368,
            0.005990710477657977,
            0.8782735525827503,
            0.07653070623742028,
            -0.07676826886084875,
            -0.18181530141896288,
            -0.1801399313051943,
            -0.585378020161688,
            0.09553140670190319,
            -0.34410927501193905,
            -0.22481387159884902,
            -0.04417590738937495,
            0.10586345531248276,
            0.05517986597126944
        ],
        [
            -0.01001828917113129,
            -0.02631459911289105,
            -0.07883843656378245,
            0.19409454574462176,
            0.17575797031548973,
            -0.011930064809947422,
            -0.014954794967168616,
            -0.0086186609379743,
            0.07653070623742028,
            1.3803322834897434,
            -0.013306336298225668,
            -0.00016672128832425498,
            0.027299063642904804,
            0.13672296877793075,
            0.46696484299606333,
            0.012396521885010503,
            0.013203885895809807,
            0.0024607968458591,
            -0.025164035039979778,
            -0.050320165071759376
        ],
        [
            -0.2426287339881942,
            -0.3488856314004377,
            0.05603665540573873,
            -0.22685063144181533,
            0.05093940443663151,
            -0.6029428085355365,
            -0.5623841123129023,
            -0.01881965768761676,
            -0.07676826886084875,
            -0.013306336298225668,
            -0.5079788964679239,
            -0.628740561217399,
            0.11950526232809544,
            0.027136042247534353,
            -0.10553765465641869,
            -0.5844479709492549,
            -0.556112546886942,
            -0.008993839650256297,
            0.11435557214145864,
            0.01997736131630956
        ],
        [
            -0.29273519118095215,
            -0.3108269529106078,
            0.055208380271961156,
            -0.15578950935527897,
            0.03923327903856187,
            -0.5489212567450449,
            -0.4299056657957403,
            -0.08390161229312389,
            -0.18181530141896288,
            -0.00016672128832425498,
            -0.628740561217399,
            -0.4459734927020971,
            0.09154130439310149,
            0.036828565065956,
            -0.08580869862885271,
            -0.4610211922329688,
            -0.3762512930519817,
            -0.04084399023506851,
            0.23739711920729223,
            0.058519510287376994
        ],
        [
            0.0077636640610985325,
            0.03944430945089103,
            -0.0514801670068744,
            0.02428759375033227,
            -0.005531846238386212,
            0.011415093113107538,
            0.07113529547482833,
            0.43575051826711997,
            -0.1801399313051943,
            0.027299063642904804,
            0.11950526232809544,
            0.09154130439310149,
            1.3478445559941286,
            -0.00472868358868571,
            0.023052156906521196,
            0.02949771426707601,
            0.07524322836655589,
            0.31725343545794427,
            0.17026720801543388,
            0.05256742652178234
        ],
        [
            0.2988336672970694,
            0.2024112556467595,
            -0.06563594108292194,
            0.145875339937444,
            -0.04850576449596519,
            0.024371580906377366,
            0.1415145980856375,
            -0.1815195460159254,
            -0.585378020161688,
            0.13672296877793075,
            0.027136042247534353,
            0.036828565065956,
            -0.00472868358868571,
            0.8121581202601966,
            -0.024389073444570145,
            -0.019516124557821257,
            -0.07670071048708438,
            0.20113808847786374,
            -0.5550014727970654,
            -0.25411310750914246
        ],
        [
            -0.03868329858251808,
            -0.039386687306916114,
            0.009746003073519617,
            -0.03028347159122116,
            -0.037547326693334326,
            -0.03057140558881491,
            -0.06867804976036523,
            0.02198358963915567,
            0.09553140670190319,
            0.46696484299606333,
            -0.10553765465641869,
            -0.08580869862885271,
            0.023052156906521196,
            -0.024389073444570145,
            1.3514385423913224,
            -0.01788902887065641,
            -0.07111766687137983,
            0.05618068216870323,
            -0.2304474297070629,
            0.29098974993726356
        ],
        [
            -0.008297228882523336,
            -0.13407409738310155,
            0.011114266046356645,
            -0.06688424246498773,
            0.00846108072230405,
            -0.30729474741315693,
            -0.3384404759607141,
            -0.026707185570595607,
            -0.34410927501193905,
            0.012396521885010503,
            -0.5844479709492549,
            -0.4610211922329688,
            0.02949771426707601,
            -0.019516124557821257,
            -0.01788902887065641,
            -0.270128343678955,
            -0.46912480236017506,
            -0.05487342631047854,
            0.2703908570032961,
            0.0753705443961904
        ],
        [
            -0.12830951518229505,
            -0.19601763122389354,
            0.02972050376682924,
            -0.105717506750681,
            0.02227388806996743,
            -0.38016615681977217,
            -0.33040904147854844,
            -0.05075168239980231,
            -0.22481387159884902,
            0.013203885895809807,
            -0.556112546886942,
            -0.3762512930519817,
            0.07524322836655589,
            -0.07670071048708438,
            -0.07111766687137983,
            -0.46912480236017506,
            -0.3208333662298375,
            -0.04522204422392177,
            0.2379189263349988,
            0.06335442027631703
        ],
        [
            -0.006561385336422181,
            -0.017347571131286897,
            -0.0025091741898356024,
            -0.012906672933033204,
            0.0013081798666740052,
            -0.03224147997351312,
            -0.035917165673241755,
            -0.05194280065160917,
            -0.04417590738937495,
            0.0024607968458591,
            -0.008993839650256297,
            -0.04084399023506851,
            0.31725343545794427,
            0.20113808847786374,
            0.05618068216870323,
            -0.05487342631047854,
            -0.04522204422392177,
            1.4566439516784586,
            0.050632516852153336,
            0.014676170899218376
        ],
        [
            0.07196458370861417,
            0.12578222347871104,
            -0.01913974503570155,
            0.09177988465864635,
            -0.011072347607183338,
            0.2790371111109361,
            0.20414564886447806,
            0.044386252169841836,
            0.10586345531248276,
            -0.025164035039979778,
            0.11435557214145864,
            0.23739711920729223,
            0.17026720801543388,
            -0.5550014727970654,
            -0.2304474297070629,
            0.2703908570032961,
            0.2379189263349988,
            0.050632516852153336,
            1.2094699240835987,
            -0.06817625410231896
        ],
        [
            0.002653037454208181,
            0.02105723507422795,
            -0.0009287644242409712,
            0.004404328066424565,
            -0.005687065056612138,
            0.05093729900524501,
            0.049836997771616154,
            0.00890405257971797,
            0.05517986597126944,
            -0.050320165071759376,
            0.01997736131630956,
            0.058519510287376994,
            0.05256742652178234,
            -0.25411310750914246,
            0.29098974993726356,
            0.0753705443961904,
            0.06335442027631703,
            0.014676170899218376,
            -0.06817625410231896,
            1.4490033595533462
        ]
    ]
}