{
    "HF": -2.1666100514692967,
    "coordinates": [
        [
            0.708269,
            0.016675,
            0.091304
        ],
        [
            1.543375,
            -0.041666,
            -0.118955
        ],
        [
            2.335914,
            0.108342,
            0.026878
        ],
        [
            3.120664,
            -0.041356,
            -0.132406
        ]
    ],
    "elements": [
        "H",
        "H",
        "H",
        "H"
    ],
    "Enn": 2.786456925167064,
    "S": [
        [
            0.9999999999999999,
            0.6848602514927513,
            0.0,
            0.0,
            0.0,
            0.4739599097152379,
            0.5278265833423466,
            0.12074219882977405,
            -0.4795634655160408,
            0.03350258786509899,
            0.08855893602914451,
            0.27038749250837724,
            0.004646884098726883,
            -0.1173979087460391,
            -0.00661170838912857,
            0.006384963146527853,
            0.08846073748282286,
            0.0006548890742304549,
            -0.007062049654589326,
            0.00016988005840895591
        ],
        [
            0.6848602514927513,
            1.0000000000000002,
            0.0,
            0.0,
            0.0,
            0.5278265833423466,
            0.8501944332633453,
            0.043331097947942,
            -0.17210231135368287,
            0.012023169449968294,
            0.2703874925083773,
            0.5599940525564233,
            0.0064945888222095,
            -0.16407793473947124,
            -0.009240671057732566,
            0.08846073748282286,
            0.2782157193926586,
            0.006805876786853622,
            -0.07339172648170282,
            0.0017654634831607994
        ],
        [
            0.0,
            0.0,
            1.0000000000000004,
            0.0,
            0.0,
            -0.12074219882977402,
            -0.04333109794794199,
            0.33655231525298057,
            0.17331114112827944,
            -0.012107619014310705,
            -0.004646884098726883,
            -0.006494588822209494,
            0.03124032315088705,
            0.008597532792268136,
            0.00048420265995892424,
            -0.0006548890742304542,
            -0.006805876786853615,
            0.00042522265412027986,
            0.000684742353969656,
            -1.647171526355058e-05
        ],
        [
            0.0,
            0.0,
            0.0,
            1.0000000000000004,
            0.0,
            0.47956346551604095,
            0.17210231135368304,
            0.17331114112827958,
            -0.3081688498854736,
            0.04808900111084405,
            0.11739790874603913,
            0.16407793473947133,
            0.008597532792268135,
            -0.18562563808878488,
            -0.012232794810617498,
            0.007062049654589321,
            0.07339172648170281,
            0.000684742353969656,
            -0.0068952536704182665,
            0.00017762408271071076
        ],
        [
            0.0,
            0.0,
            0.0,
            0.0,
            1.0000000000000004,
            -0.03350258786509897,
            -0.012023169449968292,
            -0.012107619014310707,
            0.048089001110844014,
            0.37682824047526753,
            0.00661170838912857,
            0.009240671057732566,
            0.00048420265995892424,
            -0.012232794810617504,
            0.030891697403730753,
            -0.00016988005840895572,
            -0.001765463483160798,
            -1.6471715263550576e-05,
            0.0001776240827107107,
            0.0004844484479321417
        ],
        [
            0.4739599097152379,
            0.5278265833423466,
            -0.12074219882977405,
            0.479563465516041,
            -0.03350258786509899,
            0.9999999999999999,
            0.6848602514927513,
            0.0,
            0.0,
            0.0,
            0.5074314657894645,
            0.541487680596636,
            -0.09130288962410651,
            -0.4961915399107182,
            -0.09391676689592184,
            0.1025608279398483,
            0.2872717840207946,
            0.0011596944908272603,
            -0.13598790898390004,
            -2.6727030864356854e-05
        ],
        [
            0.5278265833423466,
            0.8501944332633453,
            -0.043331097947942,
            0.17210231135368304,
            -0.012023169449968299,
            0.6848602514927513,
            1.0000000000000002,
            0.0,
            0.0,
            0.0,
            0.541487680596636,
            0.8638461154883231,
            -0.030885093150482254,
            -0.1678470636988206,
            -0.03176929126684319,
            0.2872717840207946,
            0.5815966719569573,
            0.0014467639793006777,
            -0.16965020520014784,
            -3.3343010451507934e-05
        ],
        [
            0.12074219882977402,
            0.043331097947941974,
            0.33655231525298057,
            0.1733111411282795,
            -0.012107619014310705,
            0.0,
            0.0,
            1.0000000000000004,
            0.0,
            0.0,
            0.09130288962410651,
            0.03088509315048226,
            0.3949636627305637,
            -0.12543882338576173,
            -0.023742461908437738,
            -0.0011596944908272603,
            -0.0014467639793006774,
            0.03955251222412462,
            0.002179596547859353,
            4.283773803256232e-07
        ],
        [
            -0.4795634655160408,
            -0.17210231135368287,
            0.17331114112827953,
            -0.3081688498854737,
            0.04808900111084403,
            0.0,
            0.0,
            0.0,
            1.0000000000000004,
            0.0,
            0.4961915399107181,
            0.16784706369882024,
            -0.12543882338576165,
            -0.26366018202638003,
            -0.12902996590930263,
            0.1359879089839001,
            0.16965020520014765,
            0.0021795965478593523,
            -0.21601240040832168,
            -5.023231951798545e-05
        ],
        [
            0.03350258786509897,
            0.012023169449968292,
            -0.012107619014310707,
            0.04808900111084403,
            0.37682824047526753,
            0.0,
            0.0,
            0.0,
            0.0,
            1.0000000000000004,
            0.09391676689592184,
            0.03176929126684319,
            -0.023742461908437738,
            -0.1290299659093027,
            0.39362315179632973,
            2.6727030864356854e-05,
            3.3343010451507934e-05,
            4.283773803256232e-07,
            -5.0232319517985464e-05,
            0.03957108978419523
        ],
        [
            0.08855893602914451,
            0.27038749250837724,
            -0.004646884098726883,
            0.11739790874603913,
            0.00661170838912857,
            0.5074314657894645,
            0.541487680596636,
            0.09130288962410651,
            0.4961915399107181,
            0.09391676689592184,
            0.9999999999999999,
            0.6848602514927513,
            0.0,
            0.0,
            0.0,
            0.5113848038993849,
            0.5430556147728731,
            0.10070904250235849,
            -0.49616672800611406,
            0.09464818967704267
        ],
        [
            0.2703874925083773,
            0.5599940525564233,
            -0.006494588822209495,
            0.16407793473947133,
            0.009240671057732562,
            0.541487680596636,
            0.8638461154883231,
            0.030885093150482244,
            0.16784706369882027,
            0.03176929126684319,
            0.6848602514927513,
            1.0000000000000002,
            0.0,
            0.0,
            0.0,
            0.5430556147728731,
            0.8654045402283864,
            0.033838091332832373,
            -0.1667112966364495,
            0.031801653627120986
        ],
        [
            0.004646884098726881,
            0.006494588822209499,
            0.03124032315088705,
            0.008597532792268135,
            0.00048420265995892414,
            -0.09130288962410651,
            -0.03088509315048226,
            0.3949636627305637,
            -0.12543882338576165,
            -0.023742461908437738,
            0.0,
            0.0,
            1.0000000000000004,
            0.0,
            0.0,
            -0.10070904250235849,
            -0.03383809133283235,
            0.39472634327341477,
            0.13712720481357962,
            -0.02615822657685025
        ],
        [
            -0.1173979087460391,
            -0.1640779347394714,
            0.008597532792268136,
            -0.1856256380887849,
            -0.0122327948106175,
            -0.4961915399107182,
            -0.16784706369882058,
            -0.12543882338576173,
            -0.26366018202638003,
            -0.1290299659093027,
            0.0,
            0.0,
            0.0,
            1.0000000000000004,
            0.0,
            0.496166728006114,
            0.1667112966364495,
            0.13712720481357962,
            -0.2530297223331729,
            0.12887464093181514
        ],
        [
            -0.00661170838912857,
            -0.009240671057732564,
            0.0004842026599589243,
            -0.0122327948106175,
            0.030891697403730753,
            -0.09391676689592184,
            -0.031769291266843185,
            -0.023742461908437738,
            -0.12902996590930263,
            0.39362315179632973,
            0.0,
            0.0,
            0.0,
            0.0,
            1.0000000000000004,
            -0.09464818967704262,
            -0.031801653627120965,
            -0.02615822657685024,
            0.12887464093181508,
            0.3979756503053553
        ],
        [
            0.006384963146527853,
            0.08846073748282286,
            -0.0006548890742304549,
            0.007062049654589327,
            -0.00016988005840895591,
            0.1025608279398483,
            0.2872717840207946,
            -0.0011596944908272603,
            0.1359879089839001,
            2.6727030864356854e-05,
            0.5113848038993849,
            0.5430556147728731,
            -0.10070904250235849,
            0.49616672800611406,
            -0.09464818967704267,
            0.9999999999999999,
            0.6848602514927513,
            0.0,
            0.0,
            0.0
        ],
        [
            0.08846073748282286,
            0.2782157193926586,
            -0.006805876786853622,
            0.07339172648170285,
            -0.0017654634831607994,
            0.2872717840207946,
            0.5815966719569573,
            -0.0014467639793006777,
            0.16965020520014767,
            3.3343010451507934e-05,
            0.5430556147728731,
            0.8654045402283864,
            -0.03383809133283237,
            0.1667112966364495,
            -0.031801653627120986,
            0.6848602514927513,
            1.0000000000000002,
            0.0,
            0.0,
            0.0
        ],
        [
            0.0006548890742304542,
            0.006805876786853615,
            0.00042522265412027986,
            0.000684742353969656,
            -1.647171526355058e-05,
            0.0011596944908272603,
            0.0014467639793006774,
            0.03955251222412462,
            0.0021795965478593523,
            4.283773803256232e-07,
            0.10070904250235849,
            0.03383809133283235,
            0.39472634327341477,
            0.13712720481357962,
            -0.02615822657685025,
            0.0,
            0.0,
            1.0000000000000004,
            0.0,
            0.0
        ],
        [
            -0.00706204965458932,
            -0.07339172648170278,
            0.000684742353969656,
            -0.0068952536704182665,
            0.00017762408271071076,
            -0.13598790898390004,
            -0.16965020520014745,
            0.002179596547859353,
            -0.21601240040832173,
            -5.0232319517985464e-05,
            -0.496166728006114,
            -0.1667112966364495,
            0.13712720481357962,
            -0.2530297223331729,
            0.12887464093181514,
            0.0,
            0.0,
            0.0,
            1.0000000000000004,
            0.0
        ],
        [
            0.00016988005840895572,
            0.0017654634831607975,
            -1.6471715263550576e-05,
            0.0001776240827107107,
            0.0004844484479321417,
            -2.6727030864356854e-05,
            -3.3343010451507934e-05,
            4.283773803256232e-07,
            -5.023231951798545e-05,
            0.03957108978419523,
            0.09464818967704262,
            0.031801653627120965,
            -0.02615822657685024,
            0.12887464093181508,
            0.3979756503053553,
            0.0,
            0.0,
            0.0,
            0.0,
            1.0000000000000004
        ]
    ],
    "h": [
        [
            -0.21184989186960368,
            -0.44254739395810416,
            0.05541779529759602,
            -0.23026547111705967,
            0.014140862243295017,
            -0.5200002085161655,
            -0.4305114908209281,
            -0.021117958540679632,
            0.04978402838304907,
            -0.010203734298974407,
            -0.19790163294372512,
            -0.27756175287619267,
            0.012096234809242134,
            0.26680644312382024,
            0.02536909145974216,
            0.0046421893894830965,
            -0.1059399912349636,
            -0.002072906240623168,
            0.042542913839248596,
            -0.0005035951078378373
        ],
        [
            -0.44254739395810416,
            -0.30475331547519113,
            0.0490245906112909,
            -0.20969160964050068,
            0.012000523907194631,
            -0.5026055335518643,
            -0.35934419510114846,
            -0.06223005072794166,
            0.09828592169992234,
            -0.02987345077706351,
            -0.295817736140535,
            -0.2918848903785103,
            0.03021669613460119,
            0.17383139164467012,
            0.03458732533691369,
            -0.10694826782087392,
            -0.17204598816817707,
            -0.012355948317003708,
            0.09897289638211625,
            -0.010217382082892187
        ],
        [
            0.05541779529759602,
            0.0490245906112909,
            1.483080869346737,
            0.05073048780700681,
            -0.003490335581313974,
            0.013590629356209666,
            0.04314826908155221,
            0.21686934723642592,
            0.22596599328723077,
            -0.014599381857348472,
            0.026321700660195884,
            0.03428602710714121,
            -0.04323628515678395,
            -0.03737591941995385,
            -0.0047429743560865045,
            0.002996914106921001,
            0.015673642283312313,
            -0.0012501120412602312,
            -0.006399214571989361,
            0.00020563106334561744
        ],
        [
            -0.23026547111705967,
            -0.20969160964050068,
            0.05073048780700681,
            1.2816970894061037,
            0.012885195494934443,
            -0.08359909706201196,
            -0.19635732672029454,
            0.21112035916964705,
            -0.639231756645059,
            0.0523615078421798,
            -0.20180545006506012,
            -0.1574187978510017,
            0.017207615870321984,
            0.20143091859957318,
            0.02956814546567852,
            -0.04118560629839822,
            -0.09438106042173536,
            -0.005165250369131516,
            0.053979005971195884,
            -0.0027661298290088286
        ],
        [
            0.014140862243295017,
            0.012000523907194631,
            -0.003490335581313974,
            0.012885195494934443,
            1.4947459733955935,
            0.0010341502405002076,
            0.00962980195271357,
            -0.015981831233499718,
            0.061918169152073724,
            0.26748212636178376,
            -0.0003535763614751289,
            0.007672208915487951,
            -0.000541781229115993,
            -0.0026779699974820645,
            -0.04048293950218363,
            -0.0005551907095686574,
            0.0026169539729870715,
            -4.949870317386745e-06,
            -0.0008858686982486901,
            -0.0017497581805061184
        ],
        [
            -0.5200002085161655,
            -0.5026055335518643,
            0.013590629356209666,
            -0.08359909706201196,
            0.0010341502405002076,
            -0.3777907501331377,
            -0.5710410619873616,
            -0.09102263177972539,
            0.015135944535889234,
            -0.053171465486025846,
            -0.4910529348053574,
            -0.4853877002519047,
            0.012762619702608113,
            0.05072120325736573,
            0.01701094956302579,
            -0.2213872272283939,
            -0.30875927678627385,
            -0.020482731883498945,
            0.21910829906865087,
            -0.01809597591505801
        ],
        [
            -0.4305114908209281,
            -0.35934419510114846,
            0.04314826908155221,
            -0.19635732672029454,
            0.00962980195271357,
            -0.5710410619873616,
            -0.430857901205536,
            -0.07815190870841429,
            -0.007977799357372792,
            -0.04625360225965032,
            -0.49138636876996844,
            -0.40534159892453325,
            0.05212915085505718,
            0.11183949827887696,
            0.05487642134645812,
            -0.2959880364578513,
            -0.3008048326321804,
            -0.028809798212819298,
            0.17199018644583872,
            -0.02699152075836514
        ],
        [
            -0.021117958540679632,
            -0.06223005072794166,
            0.21686934723642592,
            0.21112035916964705,
            -0.015981831233499718,
            -0.09102263177972539,
            -0.07815190870841429,
            1.4011152214084661,
            0.014283008009566679,
            -0.010919255770450744,
            -0.014277170476927281,
            -0.05535011947992597,
            0.2851294749272161,
            -0.151771832684479,
            -0.02943302122839489,
            -0.017011986576939815,
            -0.03309467235296476,
            -0.04632243335835942,
            0.024198198978353347,
            -0.002815117106475703
        ],
        [
            0.04978402838304907,
            0.09828592169992234,
            0.22596599328723077,
            -0.639231756645059,
            0.061918169152073724,
            0.015135944535889234,
            -0.007977799357372792,
            0.014283008009566679,
            0.956229251628899,
            -0.02611142247711129,
            -0.06691896527889973,
            -0.12500485472943562,
            -0.15140700565596385,
            -0.7246966589900072,
            -0.1609757761956455,
            -0.28461585329134764,
            -0.1800616957821893,
            -0.03011047342287327,
            0.1913197390682958,
            -0.027920246965823618
        ],
        [
            -0.010203734298974407,
            -0.02987345077706351,
            -0.014599381857348472,
            0.0523615078421798,
            0.26748212636178376,
            -0.053171465486025846,
            -0.04625360225965032,
            -0.010919255770450744,
            -0.02611142247711129,
            1.4126702251431558,
            -0.00966887334992042,
            -0.040110545832269764,
            -0.0303060262746846,
            -0.17016212176064816,
            0.2836021903894257,
            -0.02262179320163169,
            -0.030944886448360916,
            -0.00344416031572445,
            0.02561469015280914,
            -0.04640310302919588
        ],
        [
            -0.19790163294372512,
            -0.295817736140535,
            0.026321700660195884,
            -0.20180545006506012,
            -0.0003535763614751289,
            -0.4910529348053574,
            -0.49138636876996844,
            -0.014277170476927281,
            -0.06691896527889973,
            -0.00966887334992042,
            -0.40566454236427174,
            -0.5822446959944911,
            0.08595387015747452,
            -0.04131879383012034,
            0.08342354530019434,
            -0.5519860977161044,
            -0.5213290796569343,
            -0.008355256224059415,
            0.08288246316653802,
            -0.007992284050133636
        ],
        [
            -0.27756175287619267,
            -0.2918848903785103,
            0.03428602710714121,
            -0.1574187978510017,
            0.007672208915487951,
            -0.4853877002519047,
            -0.40534159892453325,
            -0.05535011947992597,
            -0.12500485472943562,
            -0.040110545832269764,
            -0.5822446959944911,
            -0.4311836484547278,
            0.0718333847230653,
            -0.007208022749663354,
            0.07111460565115432,
            -0.44893618862734175,
            -0.3650040480047876,
            -0.03643807433504957,
            0.2147997642649378,
            -0.03438822668004651
        ],
        [
            0.012096234809242134,
            0.03021669613460119,
            -0.04323628515678395,
            0.017207615870321984,
            -0.000541781229115993,
            0.012762619702608113,
            0.05212915085505718,
            0.2851294749272161,
            -0.15140700565596385,
            -0.0303060262746846,
            0.08595387015747452,
            0.0718333847230653,
            1.3964036934413973,
            0.009041516947299457,
            -0.016095522368238732,
            0.018371702170406456,
            0.057373025201386485,
            0.2919163968387779,
            0.17008404109603342,
            -0.03432576814580516
        ],
        [
            0.26680644312382024,
            0.17383139164467012,
            -0.03737591941995385,
            0.20143091859957318,
            -0.0026779699974820645,
            0.05072120325736573,
            0.11183949827887696,
            -0.151771832684479,
            -0.7246966589900072,
            -0.17016212176064816,
            -0.04131879383012034,
            -0.007208022749663354,
            0.009041516947299457,
            0.9329553887165241,
            0.0022518005824434953,
            -0.03431402248331472,
            -0.10381993999954836,
            0.18601001908109804,
            -0.6065349316389834,
            0.1742418341018084
        ],
        [
            0.02536909145974216,
            0.03458732533691369,
            -0.0047429743560865045,
            0.02956814546567852,
            -0.04048293950218363,
            0.01701094956302579,
            0.05487642134645812,
            -0.02943302122839489,
            -0.1609757761956455,
            0.2836021903894257,
            0.08342354530019434,
            0.07111460565115432,
            -0.016095522368238732,
            0.0022518005824434953,
            1.397204689647603,
            0.015881857880412853,
            0.05457472936859592,
            -0.03439092661482735,
            0.15952256828181294,
            0.2960743205551099
        ],
        [
            0.0046421893894830965,
            -0.10694826782087392,
            0.002996914106921001,
            -0.04118560629839822,
            -0.0005551907095686574,
            -0.2213872272283939,
            -0.2959880364578513,
            -0.017011986576939815,
            -0.28461585329134764,
            -0.02262179320163169,
            -0.5519860977161044,
            -0.44893618862734175,
            0.018371702170406456,
            -0.03431402248331472,
            0.015881857880412853,
            -0.24237674268308917,
            -0.4569838507329347,
            -0.048468727513656024,
            0.2546694119398021,
            -0.04599897898914512
        ],
        [
            -0.1059399912349636,
            -0.17204598816817707,
            0.015673642283312313,
            -0.09438106042173536,
            0.0026169539729870715,
            -0.30875927678627385,
            -0.3008048326321804,
            -0.03309467235296476,
            -0.1800616957821893,
            -0.030944886448360916,
            -0.5213290796569343,
            -0.3650040480047876,
            0.057373025201386485,
            -0.10381993999954836,
            0.05457472936859592,
            -0.4569838507329347,
            -0.3113813446606286,
            -0.04104309223062712,
            0.2247434304970496,
            -0.03891111425449367
        ],
        [
            -0.002072906240623168,
            -0.012355948317003708,
            -0.0012501120412602312,
            -0.005165250369131516,
            -4.949870317386745e-06,
            -0.020482731883498945,
            -0.028809798212819298,
            -0.04632243335835942,
            -0.03011047342287327,
            -0.00344416031572445,
            -0.008355256224059415,
            -0.03643807433504957,
            0.2919163968387779,
            0.18601001908109804,
            -0.03439092661482735,
            -0.048468727513656024,
            -0.04104309223062712,
            1.4735890358918382,
            0.04483101617504297,
            -0.008587495537017617
        ],
        [
            0.042542913839248596,
            0.09897289638211625,
            -0.006399214571989361,
            0.053979005971195884,
            -0.0008858686982486901,
            0.21910829906865087,
            0.17199018644583872,
            0.024198198978353347,
            0.1913197390682958,
            0.02561469015280914,
            0.08288246316653802,
            0.2147997642649378,
            0.17008404109603342,
            -0.6065349316389834,
            0.15952256828181294,
            0.2546694119398021,
            0.2247434304970496,
            0.04483101617504297,
            1.24279315554225,
            0.04221274625386456
        ],
        [
            -0.0005035951078378373,
            -0.010217382082892187,
            0.00020563106334561744,
            -0.0027661298290088286,
            -0.0017497581805061184,
            -0.01809597591505801,
            -0.02699152075836514,
            -0.002815117106475703,
            -0.027920246965823618,
            -0.04640310302919588,
            -0.007992284050133636,
            -0.03438822668004651,
            -0.03432576814580516,
            0.1742418341018084,
            0.2960743205551099,
            -0.04599897898914512,
            -0.03891111425449367,
            -0.008587495537017617,
            0.04221274625386456,
            1.4746161839850531
        ]
    ]
}