{
    "HF": -2.1486014188782745,
    "coordinates": [
        [
            0.708412,
            -0.153794,
            -0.1597
        ],
        [
            1.359209,
            -0.179218,
            0.191287
        ],
        [
            2.075145,
            -0.028275,
            -0.086754
        ],
        [
            2.831548,
            -0.087794,
            -0.067028
        ]
    ],
    "elements": [
        "H",
        "H",
        "H",
        "H"
    ],
    "Enn": 3.0757786644185785,
    "S": [
        [
            0.9999999999999999,
            0.6848602514927513,
            0.0,
            0.0,
            0.0,
            0.5708377959996216,
            0.5655701076145083,
            -0.2550494098946658,
            -0.4729103665127734,
            0.01847469050751735,
            0.17116087533048452,
            0.35401301382332745,
            -0.01175474223402376,
            -0.22023954867619866,
            -0.02022651674488564,
            0.0190586158678956,
            0.14154578844492183,
            -0.001034032070622804,
            -0.023689903253343164,
            -0.0007364265005730431
        ],
        [
            0.6848602514927513,
            1.0000000000000002,
            0.0,
            0.0,
            0.0,
            0.5655701076145083,
            0.8875970550668916,
            -0.0778677614337487,
            -0.14438171652454176,
            0.00564040823931266,
            0.35401301382332745,
            0.6626569102625037,
            -0.009810527599750722,
            -0.18381229701409402,
            -0.016881084827037963,
            0.14154578844492183,
            0.37353046496577713,
            -0.0046694435584917135,
            -0.10697798384627356,
            -0.0033255273961979104
        ],
        [
            0.0,
            0.0,
            1.0000000000000004,
            0.0,
            0.0,
            0.2550494098946658,
            0.07786776143374868,
            0.3342236951332711,
            -0.29139771054584507,
            0.011383727019205007,
            0.01175474223402376,
            0.009810527599750736,
            0.08492102610992959,
            -0.02228814515061821,
            -0.0020469145701175343,
            0.001034032070622804,
            0.004669443558491713,
            0.0027649745159700635,
            -0.0014445822941286583,
            -4.49064173997763e-05
        ],
        [
            0.0,
            0.0,
            0.0,
            1.0000000000000004,
            0.0,
            0.47291036651277324,
            0.14438171652454174,
            -0.291397710545845,
            -0.048927131871671546,
            0.02110760624444084,
            0.22023954867619866,
            0.18381229701409402,
            -0.02228814515061823,
            -0.33148520271771603,
            -0.03835146123379552,
            0.023689903253343157,
            0.10697798384627344,
            -0.0014445822941286587,
            -0.03026767103399199,
            -0.0010288159466990184
        ],
        [
            0.0,
            0.0,
            0.0,
            0.0,
            1.0000000000000004,
            -0.018474690507517304,
            -0.0056404082393126595,
            0.011383727019205031,
            0.02110760624444089,
            0.49055534455727867,
            0.020226516744885636,
            0.016881084827037946,
            -0.0020469145701175347,
            -0.0383514612337955,
            0.08258845198868732,
            0.0007364265005730431,
            0.0033255273961979095,
            -4.4906417399776296e-05,
            -0.001028815946699018,
            0.0027960467025277577
        ],
        [
            0.5708377959996216,
            0.5655701076145083,
            0.2550494098946658,
            0.4729103665127734,
            -0.01847469050751735,
            0.9999999999999999,
            0.6848602514927513,
            0.0,
            0.0,
            0.0,
            0.5365230309194343,
            0.5528129608982618,
            0.18680469346897602,
            -0.4810089340183814,
            -0.10141260046643351,
            0.12632267730181315,
            0.31290861395509584,
            0.028705506809421705,
            -0.16361511019598987,
            -0.01015958134271943
        ],
        [
            0.5655701076145083,
            0.8875970550668916,
            0.0778677614337487,
            0.14438171652454176,
            -0.00564040823931266,
            0.6848602514927513,
            1.0000000000000002,
            0.0,
            0.0,
            0.0,
            0.5528129608982618,
            0.8750645170569684,
            0.06020032597681738,
            -0.15501160108954687,
            -0.0326815750336056,
            0.31290861395509584,
            0.6135000972541275,
            0.0304447680249527,
            -0.17352851870425978,
            -0.01077514845019947
        ],
        [
            -0.2550494098946658,
            -0.07786776143374868,
            0.3342236951332711,
            -0.29139771054584507,
            0.011383727019205033,
            0.0,
            0.0,
            1.0000000000000004,
            0.0,
            0.0,
            -0.18680469346897602,
            -0.060200325976817355,
            0.36084861867150103,
            0.2333087562969847,
            0.04918920630019407,
            -0.028705506809421688,
            -0.03044476802495268,
            0.04497455855320781,
            0.053712272060010495,
            0.003335231058074532
        ],
        [
            -0.4729103665127734,
            -0.14438171652454174,
            -0.291397710545845,
            -0.048927131871671546,
            0.02110760624444089,
            0.0,
            0.0,
            0.0,
            1.0000000000000004,
            0.0,
            0.4810089340183814,
            0.15501160108954684,
            0.2333087562969846,
            -0.1492971835231043,
            -0.126658743141248,
            0.16361511019598982,
            0.17352851870425953,
            0.053712272060010516,
            -0.25175007672779065,
            -0.0190100875319451
        ],
        [
            0.01847469050751735,
            0.0056404082393126595,
            0.011383727019205004,
            0.02110760624444084,
            0.49055534455727867,
            0.0,
            0.0,
            0.0,
            0.0,
            1.0000000000000004,
            0.10141260046643355,
            0.03268157503360561,
            0.049189206300194105,
            -0.12665874314124814,
            0.4247525838912979,
            0.010159581342719425,
            0.010775148450199468,
            0.003335231058074534,
            -0.019010087531945108,
            0.053217705895403505
        ],
        [
            0.17116087533048452,
            0.35401301382332745,
            0.01175474223402376,
            0.22023954867619866,
            0.02022651674488564,
            0.5365230309194343,
            0.5528129608982618,
            -0.18680469346897602,
            0.48100893401838174,
            0.10141260046643352,
            0.9999999999999999,
            0.6848602514927513,
            0.0,
            0.0,
            0.0,
            0.5554455600860462,
            0.5599250696967318,
            -0.013847240526422102,
            -0.5309791278468647,
            0.041781096466192685
        ],
        [
            0.35401301382332745,
            0.6626569102625037,
            0.009810527599750709,
            0.18381229701409402,
            0.016881084827037974,
            0.5528129608982618,
            0.8750645170569684,
            -0.06020032597681736,
            0.15501160108954687,
            0.032681575033605616,
            0.6848602514927513,
            1.0000000000000002,
            0.0,
            0.0,
            0.0,
            0.5599250696967318,
            0.8820648194737664,
            -0.004329675693728101,
            -0.16602350622341078,
            0.013063873446973661
        ],
        [
            -0.01175474223402376,
            -0.009810527599750722,
            0.08492102610992959,
            -0.02228814515061823,
            -0.002046914570117535,
            0.18680469346897602,
            0.06020032597681733,
            0.36084861867150103,
            0.23330875629698453,
            0.04918920630019407,
            0.0,
            0.0,
            1.0000000000000004,
            0.0,
            0.0,
            0.013847240526422078,
            0.004329675693728099,
            0.4729308476905722,
            -0.018338381689521635,
            0.001442990231105162
        ],
        [
            -0.22023954867619866,
            -0.18381229701409402,
            -0.02228814515061821,
            -0.3314852027177159,
            -0.03835146123379551,
            -0.4810089340183814,
            -0.15501160108954684,
            0.23330875629698475,
            -0.14929718352310445,
            -0.1266587431412481,
            0.0,
            0.0,
            0.0,
            1.0000000000000004,
            0.0,
            0.5309791278468645,
            0.16602350622341105,
            -0.018338381689521625,
            -0.22978501682285266,
            0.05533215754733031
        ],
        [
            -0.020226516744885636,
            -0.01688108482703795,
            -0.002046914570117534,
            -0.038351461233795514,
            0.08258845198868732,
            -0.10141260046643352,
            -0.032681575033605616,
            0.049189206300194105,
            -0.12665874314124806,
            0.4247525838912979,
            0.0,
            0.0,
            0.0,
            0.0,
            1.0000000000000004,
            -0.04178109646619266,
            -0.01306387344697364,
            0.001442990231105162,
            0.055332157547330355,
            0.4690551732579588
        ],
        [
            0.0190586158678956,
            0.14154578844492183,
            0.0010340320706228045,
            0.023689903253343164,
            0.0007364265005730431,
            0.12632267730181315,
            0.31290861395509584,
            -0.028705506809421705,
            0.16361511019598995,
            0.01015958134271943,
            0.5554455600860462,
            0.5599250696967318,
            0.013847240526422102,
            0.5309791278468645,
            -0.04178109646619268,
            0.9999999999999999,
            0.6848602514927513,
            0.0,
            0.0,
            0.0
        ],
        [
            0.14154578844492183,
            0.37353046496577713,
            0.0046694435584917135,
            0.10697798384627348,
            0.0033255273961979104,
            0.31290861395509584,
            0.6135000972541275,
            -0.03044476802495271,
            0.1735285187042596,
            0.01077514845019947,
            0.5599250696967318,
            0.8820648194737664,
            0.004329675693728101,
            0.16602350622341114,
            -0.013063873446973656,
            0.6848602514927513,
            1.0000000000000002,
            0.0,
            0.0,
            0.0
        ],
        [
            -0.001034032070622804,
            -0.004669443558491713,
            0.0027649745159700635,
            -0.001444582294128659,
            -4.49064173997763e-05,
            0.028705506809421688,
            0.030444768024952686,
            0.04497455855320781,
            0.053712272060010495,
            0.0033352310580745327,
            -0.013847240526422078,
            -0.004329675693728099,
            0.4729308476905722,
            -0.018338381689521625,
            0.001442990231105162,
            0.0,
            0.0,
            1.0000000000000004,
            0.0,
            0.0
        ],
        [
            -0.023689903253343157,
            -0.10697798384627352,
            -0.001444582294128658,
            -0.03026767103399199,
            -0.001028815946699018,
            -0.16361511019598982,
            -0.17352851870425973,
            0.053712272060010516,
            -0.25175007672779065,
            -0.019010087531945108,
            -0.5309791278468647,
            -0.16602350622341142,
            -0.018338381689521635,
            -0.22978501682285252,
            0.055332157547330355,
            0.0,
            0.0,
            0.0,
            1.0000000000000004,
            0.0
        ],
        [
            -0.0007364265005730431,
            -0.0033255273961979095,
            -4.4906417399776296e-05,
            -0.0010288159466990184,
            0.0027960467025277577,
            -0.010159581342719425,
            -0.010775148450199456,
            0.003335231058074533,
            -0.0190100875319451,
            0.0532177058954035,
            0.04178109646619266,
            0.013063873446973634,
            0.0014429902311051618,
            0.055332157547330306,
            0.4690551732579588,
            0.0,
            0.0,
            0.0,
            0.0,
            1.0000000000000004
        ]
    ],
    "h": [
        [
            -0.30004779320315644,
            -0.4848851586182361,
            -0.13982362296851242,
            -0.28127992915164984,
            0.006785316185639345,
            -0.6111638963190664,
            -0.4821697868488386,
            0.038165602156635725,
            0.007177804790050479,
            -0.01185170150363811,
            -0.301759687387883,
            -0.3498037981496364,
            -0.05109844295855185,
            0.3292171837089429,
            0.04500927635130525,
            -0.0308132250794362,
            -0.1638539587706872,
            -0.0030796627903221033,
            0.09033468095249655,
            0.0025090602135114277
        ],
        [
            -0.4848851586182361,
            -0.3273847069668765,
            -0.11133186080927279,
            -0.2396708163282459,
            0.0037759149118857973,
            -0.5582217246795109,
            -0.3798670555666823,
            0.1452779594099454,
            0.08461417364228263,
            -0.0307117849171431,
            -0.37327961039061885,
            -0.33435122623432134,
            -0.061928541553438944,
            0.1869204878170127,
            0.04332424789066665,
            -0.16350379981213542,
            -0.2190255628665954,
            -0.003637312373247173,
            0.13461811290439263,
            -0.0035844330712251557
        ],
        [
            -0.13982362296851242,
            -0.11133186080927279,
            1.4051859092017762,
            -0.11760135261755716,
            0.0042858049556984724,
            -0.019532089750094073,
            -0.10084344129669784,
            0.20820015614431003,
            -0.41883916465425985,
            0.013216175391886905,
            -0.06860314610066783,
            -0.08272616916382214,
            -0.062226870715316684,
            0.09002651692266947,
            0.01500027016127772,
            -0.006983489164135897,
            -0.038495421588430515,
            -0.009252805267979227,
            0.01501143800272714,
            0.00048307234343892983
        ],
        [
            -0.28127992915164984,
            -0.2396708163282459,
            -0.11760135261755716,
            1.2160317889379828,
            0.004615092892528826,
            -0.09486973703384671,
            -0.23736708563905712,
            -0.3685873407393848,
            -0.392397136565376,
            0.012319041386998103,
            -0.25459090767464043,
            -0.19804209199639072,
            -0.06828129705688833,
            0.03145827722056649,
            0.02742269015483674,
            -0.09348264687848329,
            -0.13350452718163003,
            0.000625066100439442,
            0.12410284312881187,
            0.001821847616990294
        ],
        [
            0.006785316185639345,
            0.0037759149118857973,
            0.0042858049556984724,
            0.004615092892528826,
            1.4671852305900446,
            -0.005520951219815631,
            0.0014302717313590474,
            0.019177436491194733,
            0.026922961137199143,
            0.42178406015209,
            -0.008061830737845568,
            0.0012137297168570323,
            -0.0013601716526258833,
            -0.015806376114766596,
            -0.04133213974341485,
            -0.00492691200137692,
            -0.0026017198578952927,
            0.0001717387307802073,
            0.004676480208991988,
            -0.008458031900111837
        ],
        [
            -0.6111638963190664,
            -0.5582217246795109,
            -0.019532089750094073,
            -0.09486973703384671,
            -0.005520951219815631,
            -0.4633370282926048,
            -0.6048580093112813,
            0.21442657452950145,
            0.04911270616507711,
            -0.052955837601898495,
            -0.5391504470661813,
            -0.5258836991414444,
            -0.010372657983552136,
            0.08933023576265764,
            0.01937169265236216,
            -0.24961912772136374,
            -0.3413697083727229,
            -0.018750657095457646,
            0.2463058900115394,
            -0.0008371062652189586
        ],
        [
            -0.4821697868488386,
            -0.3798670555666823,
            -0.10084344129669784,
            -0.23736708563905712,
            0.0014302717313590474,
            -0.6048580093112813,
            -0.43265517635162287,
            0.17351206246358666,
            0.0016695334988865301,
            -0.045286739983349554,
            -0.522507300181431,
            -0.4198319156593806,
            -0.0682145911345206,
            0.12792009864108245,
            0.051802694990962544,
            -0.3155373441354468,
            -0.3151315330271469,
            -0.0017912974243207286,
            0.19310500260314578,
            -0.010403173074850553
        ],
        [
            0.038165602156635725,
            0.1452779594099454,
            0.20820015614431003,
            -0.3685873407393848,
            0.019177436491194733,
            0.21442657452950145,
            0.17351206246358666,
            1.3003953417290703,
            -0.034654127722084746,
            0.02159749889169449,
            0.05305717494440282,
            0.13696806252206775,
            0.2386439090489545,
            0.2745656899433938,
            0.05881938647140447,
            0.06895261229119545,
            0.0872807355523759,
            -0.043221958883209885,
            -0.07196571647350528,
            0.0024792182382364445
        ],
        [
            0.007177804790050479,
            0.08461417364228263,
            -0.41883916465425985,
            -0.392397136565376,
            0.026922961137199143,
            0.04911270616507711,
            0.0016695334988865301,
            -0.034654127722084746,
            0.9131824169423182,
            -0.037977558122177325,
            -0.050251567856674506,
            -0.10874545569781047,
            0.3223101163748076,
            -0.6399009025526191,
            -0.17567097565206277,
            -0.30442761602743906,
            -0.1749915889815251,
            -0.002346379701019141,
            0.15705984169885812,
            -0.011738725055318207
        ],
        [
            -0.01185170150363811,
            -0.0307117849171431,
            0.013216175391886905,
            0.012319041386998103,
            0.42178406015209,
            -0.052955837601898495,
            -0.045286739983349554,
            0.02159749889169449,
            -0.037977558122177325,
            1.3850586348593643,
            -0.013586791061494352,
            -0.04456301188165616,
            0.06644969101823717,
            -0.17469753553026116,
            0.32206724076862014,
            -0.03749359289489544,
            -0.037706165410175754,
            -0.0011985587097412273,
            0.03620295176993239,
            -0.04709548122502985
        ],
        [
            -0.301759687387883,
            -0.37327961039061885,
            -0.06860314610066783,
            -0.25459090767464043,
            -0.008061830737845568,
            -0.5391504470661813,
            -0.522507300181431,
            0.05305717494440282,
            -0.050251567856674506,
            -0.013586791061494352,
            -0.45010290341434045,
            -0.6071235757691963,
            -0.08585833228248184,
            -0.05273915834358267,
            0.06542830414072398,
            -0.5800112497966675,
            -0.5439861549599165,
            -0.009727194119314983,
            0.07457975441830245,
            0.0013180300957618685
        ],
        [
            -0.3498037981496364,
            -0.33435122623432134,
            -0.08272616916382214,
            -0.19804209199639072,
            0.0012137297168570323,
            -0.5258836991414444,
            -0.4198319156593806,
            0.13696806252206775,
            -0.10874545569781047,
            -0.04456301188165616,
            -0.6071235757691963,
            -0.4427586067920921,
            -0.07163654209972087,
            -0.003981928823565531,
            0.0561537208168725,
            -0.4614502731126795,
            -0.37008605981727816,
            -0.003335728975979383,
            0.23879319570285723,
            -0.012858879655258086
        ],
        [
            -0.05109844295855185,
            -0.061928541553438944,
            -0.062226870715316684,
            -0.06828129705688833,
            -0.0013601716526258833,
            -0.010372657983552136,
            -0.0682145911345206,
            0.2386439090489545,
            0.3223101163748076,
            0.06644969101823717,
            -0.08585833228248184,
            -0.07163654209972087,
            1.3736476449905684,
            0.07271084088138388,
            0.017273362646330753,
            -0.01792920077218605,
            -0.044120344122348644,
            0.4035756496597057,
            -0.001847997662031614,
            0.0024757717684232945
        ],
        [
            0.3292171837089429,
            0.1869204878170127,
            0.09002651692266947,
            0.03145827722056649,
            -0.015806376114766596,
            0.08933023576265764,
            0.12792009864108245,
            0.2745656899433938,
            -0.6399009025526191,
            -0.17469753553026116,
            -0.05273915834358267,
            -0.003981928823565531,
            0.07271084088138388,
            0.8385884122793792,
            -0.028697224185681536,
            -0.024337034848692318,
            -0.11320165532956486,
            -0.02319751657557407,
            -0.6228360703646032,
            0.07702492611865773
        ],
        [
            0.04500927635130525,
            0.04332424789066665,
            0.01500027016127772,
            0.02742269015483674,
            -0.04133213974341485,
            0.01937169265236216,
            0.051802694990962544,
            0.05881938647140447,
            -0.17567097565206277,
            0.32206724076862014,
            0.06542830414072398,
            0.0561537208168725,
            0.017273362646330753,
            -0.028697224185681536,
            1.3930991150112026,
            0.009066308396313949,
            0.03741337532175307,
            0.003856135457160673,
            0.06391021608387801,
            0.4003724174775114
        ],
        [
            -0.0308132250794362,
            -0.16350379981213542,
            -0.006983489164135897,
            -0.09348264687848329,
            -0.00492691200137692,
            -0.24961912772136374,
            -0.3155373441354468,
            0.06895261229119545,
            -0.30442761602743906,
            -0.03749359289489544,
            -0.5800112497966675,
            -0.4614502731126795,
            -0.01792920077218605,
            -0.024337034848692318,
            0.009066308396313949,
            -0.2707219663549014,
            -0.4699762145308837,
            0.002296217202106852,
            0.29432388392563347,
            -0.020866335614408295
        ],
        [
            -0.1638539587706872,
            -0.2190255628665954,
            -0.038495421588430515,
            -0.13350452718163003,
            -0.0026017198578952927,
            -0.3413697083727229,
            -0.3151315330271469,
            0.0872807355523759,
            -0.1749915889815251,
            -0.037706165410175754,
            -0.5439861549599165,
            -0.37008605981727816,
            -0.044120344122348644,
            -0.11320165532956486,
            0.03741337532175307,
            -0.4699762145308837,
            -0.31448186098580977,
            -0.00031882315653662154,
            0.24950038045123124,
            -0.016022260531560587
        ],
        [
            -0.0030796627903221033,
            -0.003637312373247173,
            -0.009252805267979227,
            0.000625066100439442,
            0.0001717387307802073,
            -0.018750657095457646,
            -0.0017912974243207286,
            -0.043221958883209885,
            -0.002346379701019141,
            -0.0011985587097412273,
            -0.009727194119314983,
            -0.003335728975979383,
            0.4035756496597057,
            -0.02319751657557407,
            0.003856135457160673,
            0.002296217202106852,
            -0.00031882315653662154,
            1.4905633352777115,
            -0.002053958283580135,
            0.0008338500742835236
        ],
        [
            0.09033468095249655,
            0.13461811290439263,
            0.01501143800272714,
            0.12410284312881187,
            0.004676480208991988,
            0.2463058900115394,
            0.19310500260314578,
            -0.07196571647350528,
            0.15705984169885812,
            0.03620295176993239,
            0.07457975441830245,
            0.23879319570285723,
            -0.001847997662031614,
            -0.6228360703646032,
            0.06391021608387801,
            0.29432388392563347,
            0.24950038045123124,
            -0.002053958283580135,
            1.2047192929357955,
            0.019301906708710587
        ],
        [
            0.0025090602135114277,
            -0.0035844330712251557,
            0.00048307234343892983,
            0.001821847616990294,
            -0.008458031900111837,
            -0.0008371062652189586,
            -0.010403173074850553,
            0.0024792182382364445,
            -0.011738725055318207,
            -0.04709548122502985,
            0.0013180300957618685,
            -0.012858879655258086,
            0.0024757717684232945,
            0.07702492611865773,
            0.4003724174775114,
            -0.020866335614408295,
            -0.016022260531560587,
            0.0008338500742835236,
            0.019301906708710587,
            1.4899536869695726
        ]
    ]
}