{
    "HF": -2.1868321587143473,
    "coordinates": [
        [
            0.788609,
            -0.192476,
            0.191244
        ],
        [
            1.512806,
            -0.104299,
            0.094742
        ],
        [
            2.341347,
            0.131087,
            -0.17766
        ],
        [
            3.104625,
            0.111785,
            0.08216
        ]
    ],
    "elements": [
        "H",
        "H",
        "H",
        "H"
    ],
    "Enn": 2.8416493574173547,
    "S": [
        [
            0.9999999999999999,
            0.6848602514927513,
            0.0,
            0.0,
            0.0,
            0.5740225746910799,
            0.5667228774018798,
            0.07061925338689937,
            -0.5299605339270936,
            -0.06452709690883739,
            0.08930876099596438,
            0.27133192669928263,
            0.0268820416422905,
            -0.11314804820648963,
            -0.02357804209199261,
            0.008844883357989487,
            0.10181311458239718,
            0.0004762488221144392,
            -0.010111472736590106,
            -0.0013283702730497726
        ],
        [
            0.6848602514927513,
            1.0000000000000002,
            0.0,
            0.0,
            0.0,
            0.5667228774018798,
            0.8887242011104772,
            0.021455907136201196,
            -0.16101535284569735,
            -0.01960495661798525,
            0.2713319266992825,
            0.5612156510229876,
            0.037327129615464985,
            -0.15711201988825768,
            -0.032739352351204364,
            0.10181311458239718,
            0.30385350757730784,
            0.003859425124371246,
            -0.08194135105832016,
            -0.0107648467948216
        ],
        [
            0.0,
            0.0,
            1.0000000000000004,
            0.0,
            0.0,
            -0.07061925338689934,
            -0.021455907136201168,
            0.4831397217294513,
            0.08983114467358337,
            0.01093768801014442,
            -0.026882041642290494,
            -0.03732712961546494,
            0.02068972640765098,
            0.04757775016264433,
            0.009914357461384788,
            -0.00047624882211443905,
            -0.003859425124371246,
            0.0008008657582423331,
            0.0005420290510242191,
            7.120775551364065e-05
        ],
        [
            0.0,
            0.0,
            0.0,
            1.0000000000000004,
            0.0,
            0.5299605339270934,
            0.1610153528456973,
            0.08983114467358332,
            -0.17902565951706348,
            -0.08208162363352632,
            0.1131480482064897,
            0.15711201988825768,
            0.04757775016264438,
            -0.16826408071084534,
            -0.041730096653535075,
            0.010111472736590106,
            0.08194135105832014,
            0.0005420290510242193,
            -0.010681689852436995,
            -0.0015118468436588319
        ],
        [
            0.0,
            0.0,
            0.0,
            0.0,
            1.0000000000000004,
            0.0645270969088374,
            0.019604956617985222,
            0.01093768801014442,
            -0.08208162363352639,
            0.4851159433875867,
            0.023578042091992605,
            0.03273935235120433,
            0.009914357461384792,
            -0.041730096653535054,
            0.02329757594987407,
            0.0013283702730497726,
            0.010764846794821606,
            7.120775551364065e-05,
            -0.0015118468436588312,
            0.000627780021573608
        ],
        [
            0.5740225746910799,
            0.5667228774018798,
            -0.07061925338689934,
            0.5299605339270934,
            0.0645270969088374,
            0.9999999999999999,
            0.6848602514927513,
            0.0,
            0.0,
            0.0,
            0.44378866854705123,
            0.514880375855032,
            0.14393439524837734,
            -0.4377924823367151,
            -0.12437552426169617,
            0.09482588912784766,
            0.2781348848798908,
            0.0009861249194895155,
            -0.1247601639816307,
            -0.016935766738433635
        ],
        [
            0.5667228774018798,
            0.8887242011104772,
            -0.02145590713620122,
            0.1610153528456975,
            0.019604956617985274,
            0.6848602514927513,
            1.0000000000000002,
            0.0,
            0.0,
            0.0,
            0.514880375855032,
            0.8371325629409969,
            0.054668833982817154,
            -0.16628134293051183,
            -0.04724002817849869,
            0.2781348848798908,
            0.569968024842743,
            0.0013072866747055505,
            -0.16539212901312356,
            -0.022451417407174917
        ],
        [
            0.07061925338689935,
            0.021455907136201168,
            0.4831397217294513,
            0.08983114467358332,
            0.01093768801014442,
            0.0,
            0.0,
            1.0000000000000004,
            0.0,
            0.0,
            -0.14393439524837737,
            -0.05466883398281713,
            0.27989511525886124,
            0.20313559231452094,
            0.05771020931075932,
            -0.0009861249194895155,
            -0.0013072866747055505,
            0.03506957919197697,
            0.0018242509962637112,
            0.00024763585073217986
        ],
        [
            -0.5299605339270932,
            -0.1610153528456973,
            0.08983114467358337,
            -0.17902565951706348,
            -0.08208162363352639,
            0.0,
            0.0,
            0.0,
            1.0000000000000004,
            0.0,
            0.4377924823367148,
            0.16628134293051183,
            0.20313559231452086,
            -0.27117887664573287,
            -0.17553202448053176,
            0.1247601639816307,
            0.16539212901312356,
            0.0018242509962637073,
            -0.19571217048916237,
            -0.03132979274174591
        ],
        [
            -0.06452709690883737,
            -0.019604956617985246,
            0.01093768801014442,
            -0.08208162363352632,
            0.4851159433875867,
            0.0,
            0.0,
            0.0,
            0.0,
            1.0000000000000004,
            0.12437552426169612,
            0.04724002817849867,
            0.05771020931075928,
            -0.17553202448053173,
            0.2968125164535947,
            0.01693576673843363,
            0.022451417407174917,
            0.0002476358507321793,
            -0.03132979274174591,
            0.030831085865303257
        ],
        [
            0.08930876099596438,
            0.27133192669928263,
            -0.0268820416422905,
            0.11314804820648966,
            0.02357804209199261,
            0.44378866854705123,
            0.514880375855032,
            -0.14393439524837734,
            0.4377924823367151,
            0.12437552426169617,
            0.9999999999999999,
            0.6848602514927513,
            0.0,
            0.0,
            0.0,
            0.5177358934882237,
            0.5455551657291846,
            -0.1668614089706313,
            -0.49019183479441775,
            0.012396116218732683
        ],
        [
            0.2713319266992825,
            0.5612156510229876,
            -0.037327129615464985,
            0.15711201988825776,
            0.032739352351204364,
            0.514880375855032,
            0.8371325629409969,
            -0.05466883398281713,
            0.16628134293051183,
            0.04724002817849869,
            0.6848602514927513,
            1.0000000000000002,
            0.0,
            0.0,
            0.0,
            0.5455551657291846,
            0.8678853963798322,
            -0.055467093722747315,
            -0.16294670295785993,
            0.004120644457841859
        ],
        [
            0.026882041642290494,
            0.037327129615464937,
            0.02068972640765098,
            0.04757775016264434,
            0.009914357461384788,
            0.14393439524837737,
            0.054668833982817154,
            0.27989511525886124,
            0.20313559231452094,
            0.05771020931075932,
            0.0,
            0.0,
            1.0000000000000004,
            0.0,
            0.0,
            0.16686140897063123,
            0.05546709372274729,
            0.3544986177496392,
            -0.22130120871789075,
            0.0055963304728719205
        ],
        [
            -0.11314804820648967,
            -0.15711201988825763,
            0.04757775016264437,
            -0.16826408071084537,
            -0.04173009665353507,
            -0.4377924823367148,
            -0.16628134293051183,
            0.20313559231452086,
            -0.27117887664573287,
            -0.17553202448053176,
            0.0,
            0.0,
            0.0,
            1.0000000000000004,
            0.0,
            0.4901918347944169,
            0.16294670295785987,
            -0.22130120871789075,
            -0.2202910391789926,
            0.016440443117053092
        ],
        [
            -0.023578042091992605,
            -0.03273935235120433,
            0.009914357461384792,
            -0.04173009665353506,
            0.02329757594987407,
            -0.12437552426169612,
            -0.04724002817849867,
            0.05771020931075928,
            -0.17553202448053173,
            0.2968125164535947,
            0.0,
            0.0,
            0.0,
            0.0,
            1.0000000000000004,
            -0.01239611621873268,
            -0.004120644457841857,
            0.005596330472871912,
            0.016440443117053068,
            0.4294138473462435
        ],
        [
            0.008844883357989487,
            0.10181311458239718,
            -0.00047624882211443905,
            0.010111472736590106,
            0.0013283702730497726,
            0.09482588912784766,
            0.2781348848798908,
            -0.0009861249194895155,
            0.1247601639816307,
            0.016935766738433635,
            0.5177358934882237,
            0.5455551657291846,
            0.1668614089706313,
            0.49019183479441775,
            -0.012396116218732683,
            0.9999999999999999,
            0.6848602514927513,
            0.0,
            0.0,
            0.0
        ],
        [
            0.10181311458239718,
            0.30385350757730784,
            -0.003859425124371246,
            0.08194135105832014,
            0.010764846794821597,
            0.2781348848798908,
            0.569968024842743,
            -0.0013072866747055505,
            0.16539212901312356,
            0.022451417407174917,
            0.5455551657291846,
            0.8678853963798322,
            0.055467093722747315,
            0.16294670295785993,
            -0.004120644457841859,
            0.6848602514927513,
            1.0000000000000002,
            0.0,
            0.0,
            0.0
        ],
        [
            0.0004762488221144392,
            0.003859425124371246,
            0.0008008657582423331,
            0.0005420290510242191,
            7.120775551364065e-05,
            0.0009861249194895126,
            0.0013072866747055505,
            0.03506957919197697,
            0.001824250996263707,
            0.00024763585073217927,
            -0.16686140897063123,
            -0.05546709372274728,
            0.3544986177496392,
            -0.22130120871789075,
            0.005596330472871912,
            0.0,
            0.0,
            1.0000000000000004,
            0.0,
            0.0
        ],
        [
            -0.010111472736590106,
            -0.08194135105832016,
            0.0005420290510242193,
            -0.010681689852436995,
            -0.0015118468436588319,
            -0.1247601639816307,
            -0.16539212901312356,
            0.0018242509962637116,
            -0.19571217048916237,
            -0.03132979274174591,
            -0.4901918347944169,
            -0.16294670295785987,
            -0.22130120871789075,
            -0.2202910391789926,
            0.016440443117053068,
            0.0,
            0.0,
            0.0,
            1.0000000000000004,
            0.0
        ],
        [
            -0.0013283702730497726,
            -0.0107648467948216,
            7.120775551364065e-05,
            -0.0015118468436588312,
            0.000627780021573608,
            -0.01693576673843363,
            -0.022451417407174917,
            0.0002476358507321799,
            -0.03132979274174591,
            0.030831085865303257,
            0.01239611621873268,
            0.004120644457841857,
            0.0055963304728719205,
            0.016440443117053092,
            0.4294138473462435,
            0.0,
            0.0,
            0.0,
            0.0,
            1.0000000000000004
        ]
    ],
    "h": [
        [
            -0.2829215341926703,
            -0.47375982061670474,
            0.042351366500909274,
            -0.29774576921267676,
            -0.03770926496089622,
            -0.5890256247202545,
            -0.47020319048417747,
            0.006132971852789562,
            0.01659008145128482,
            -0.0025936091844502157,
            -0.19738550850790343,
            -0.29181906209251307,
            -0.06089261061109228,
            0.2540425664983159,
            0.05761091344174017,
            -0.005314710642211354,
            -0.12543654226403556,
            -0.0011209454778342903,
            0.04874026223673,
            0.006378942460266374
        ],
        [
            -0.47375982061670474,
            -0.30968825663741395,
            0.0356892623374382,
            -0.24445656982716865,
            -0.03170072042125997,
            -0.5322273399397,
            -0.36124523620210613,
            -0.0020311188919299797,
            0.13923332925205076,
            0.0040714069061174585,
            -0.28513883541943047,
            -0.29109619231002737,
            -0.06038250589578862,
            0.1409852088058648,
            0.045439251080129195,
            -0.12187656839421818,
            -0.18290453005812546,
            0.017345747680697382,
            0.09833730811573298,
            0.0045801554859442525
        ],
        [
            0.042351366500909274,
            0.0356892623374382,
            1.4766454606012638,
            0.03975246156718178,
            0.005220037229385668,
            0.011392876256396123,
            0.034775431199816215,
            0.4224493268540034,
            0.13250343523021785,
            0.01752045472279882,
            0.03749591915212741,
            0.026040367135406778,
            -0.028165754844145324,
            -0.041820062956109266,
            -0.010354826432045352,
            0.006359480325828018,
            0.014999623868077292,
            -0.0034313305031193277,
            -0.00652895467918296,
            -0.0005585379567620681
        ],
        [
            -0.29774576921267676,
            -0.24445656982716865,
            0.03975246156718178,
            1.199733922678174,
            -0.035834258227516916,
            -0.050143206047285394,
            -0.2306445359123906,
            0.1408161232626268,
            -0.5478556434338924,
            -0.12728415492326992,
            -0.1980240971697311,
            -0.17258688922769966,
            -0.06589995761523815,
            0.1877650973252884,
            0.05688030597699541,
            -0.048172492850132476,
            -0.1043680555300774,
            0.0015137797198504451,
            0.06318168085534445,
            0.007099336537741424
        ],
        [
            -0.03770926496089622,
            -0.03170072042125997,
            0.005220037229385668,
            -0.035834258227516916,
            1.4778214797173943,
            -0.009354434527935065,
            -0.030917953970554288,
            0.01776691667105437,
            -0.12158677051756958,
            0.4258627250869198,
            -0.03368150125440633,
            -0.023449231385576627,
            -0.010732204899545843,
            0.03682778592255079,
            -0.031039914139434778,
            -0.007923532817320167,
            -0.015105998809104527,
            0.000389354252281625,
            0.009546927295478102,
            -0.00196621305803004
        ],
        [
            -0.5890256247202545,
            -0.5322273399397,
            0.011392876256396123,
            -0.050143206047285394,
            -0.009354434527935065,
            -0.4051821259204602,
            -0.5776752122162501,
            0.012345646698198934,
            0.13710085384389797,
            -0.007986231037061826,
            -0.43301944731415043,
            -0.4579790990082361,
            -0.03750885450896713,
            0.0669407224574361,
            0.024576614424018373,
            -0.19683532927765468,
            -0.28998493530044595,
            0.025448004329895184,
            0.19408541650177408,
            0.013786177101258006
        ],
        [
            -0.47020319048417747,
            -0.36124523620210613,
            0.034775431199816215,
            -0.2306445359123906,
            -0.030917953970554288,
            -0.5776752122162501,
            -0.4238384618454827,
            0.01857144377658568,
            0.06381332174768445,
            -0.01581805420555333,
            -0.4524689776951133,
            -0.3889881594696183,
            -0.08702210816164103,
            0.07680584883412733,
            0.04938691994434706,
            -0.287883673381074,
            -0.2942016482321328,
            0.04537208486493302,
            0.16005252792819735,
            0.00020836382431509842
        ],
        [
            0.006132971852789562,
            -0.0020311188919299797,
            0.4224493268540034,
            0.1408161232626268,
            0.01776691667105437,
            0.012345646698198934,
            0.01857144377658568,
            1.4027987085466227,
            0.09001738451297503,
            0.019244678670305375,
            0.012460481479904195,
            0.034360403667603026,
            0.14250262334133168,
            0.26684579232468986,
            0.07258337750617132,
            0.03951592853019026,
            0.04048852219943217,
            -0.04851301371137909,
            -0.036801006290736224,
            -0.0009821353017876438
        ],
        [
            0.01659008145128482,
            0.13923332925205076,
            0.13250343523021785,
            -0.5478556434338924,
            -0.12158677051756958,
            0.13710085384389797,
            0.06381332174768445,
            0.09001738451297503,
            0.9554134985103788,
            -0.083242054709525,
            -0.06951646301024483,
            -0.07693831511855231,
            0.24179309450860514,
            -0.6626841761159433,
            -0.2276857495012985,
            -0.2535558778228009,
            -0.1415395301944646,
            0.0405533910911429,
            0.16997463755478665,
            0.009129108944043625
        ],
        [
            -0.0025936091844502157,
            0.0040714069061174585,
            0.01752045472279882,
            -0.12728415492326992,
            0.4258627250869198,
            -0.007986231037061826,
            -0.01581805420555333,
            0.019244678670305375,
            -0.083242054709525,
            1.407022343905834,
            -0.017116280813552653,
            -0.03343157002106455,
            0.06852445588768602,
            -0.2354829117395872,
            0.1608538114209182,
            -0.05048726520323458,
            -0.03942145799045654,
            0.00911593938281522,
            0.04490258327367237,
            -0.038348130571697066
        ],
        [
            -0.19738550850790343,
            -0.28513883541943047,
            0.03749591915212741,
            -0.1980240971697311,
            -0.03368150125440633,
            -0.43301944731415043,
            -0.4524689776951133,
            0.012460481479904195,
            -0.06951646301024483,
            -0.017116280813552653,
            -0.36324334661308955,
            -0.557699559798137,
            -0.12914887095485278,
            -0.0958633802642509,
            0.04734009536169831,
            -0.5541972868430272,
            -0.5129585852756147,
            0.012931738418164362,
            0.0685410607868242,
            0.003267403351792009
        ],
        [
            -0.29181906209251307,
            -0.29109619231002737,
            0.026040367135406778,
            -0.17258688922769966,
            -0.023449231385576627,
            -0.4579790990082361,
            -0.3889881594696183,
            0.034360403667603026,
            -0.07693831511855231,
            -0.03343157002106455,
            -0.557699559798137,
            -0.41693830180092295,
            -0.11453332222613054,
            -0.04605700669913558,
            0.04668529962863692,
            -0.45344342870575316,
            -0.36296281302875766,
            0.06160115673087191,
            0.20909612654535203,
            -0.0006986140923866864
        ],
        [
            -0.06089261061109228,
            -0.06038250589578862,
            -0.028165754844145324,
            -0.06589995761523815,
            -0.010732204899545843,
            -0.03750885450896713,
            -0.08702210816164103,
            0.14250262334133168,
            0.24179309450860514,
            0.06852445588768602,
            -0.12914887095485278,
            -0.11453332222613054,
            1.3887661827113411,
            -0.021207382991154693,
            0.016671036869531777,
            -0.020720051964377206,
            -0.0886748680362346,
            0.24117695884061385,
            -0.282244672923512,
            0.009458137538621361
        ],
        [
            0.2540425664983159,
            0.1409852088058648,
            -0.041820062956109266,
            0.1877650973252884,
            0.03682778592255079,
            0.0669407224574361,
            0.07680584883412733,
            0.26684579232468986,
            -0.6626841761159433,
            -0.2354829117395872,
            -0.0958633802642509,
            -0.04605700669913558,
            -0.021207382991154693,
            1.0222933375853374,
            -0.04341292895328337,
            -0.03307841241002041,
            -0.11767814592392245,
            -0.301214213636154,
            -0.5614660262085391,
            0.020051908278683667
        ],
        [
            0.05761091344174017,
            0.045439251080129195,
            -0.010354826432045352,
            0.05688030597699541,
            -0.031039914139434778,
            0.024576614424018373,
            0.04938691994434706,
            0.07258337750617132,
            -0.2276857495012985,
            0.1608538114209182,
            0.04734009536169831,
            0.04668529962863692,
            0.016671036869531777,
            -0.04341292895328337,
            1.4176643436145442,
            0.005836859628617047,
            0.02573475309738492,
            0.006828958359923181,
            0.010937408089148282,
            0.34048485535151585
        ],
        [
            -0.005314710642211354,
            -0.12187656839421818,
            0.006359480325828018,
            -0.048172492850132476,
            -0.007923532817320167,
            -0.19683532927765468,
            -0.287883673381074,
            0.03951592853019026,
            -0.2535558778228009,
            -0.05048726520323458,
            -0.5541972868430272,
            -0.45344342870575316,
            -0.020720051964377206,
            -0.03307841241002041,
            0.005836859628617047,
            -0.24373184505990486,
            -0.45811935164040596,
            0.08332829475832734,
            0.2545060323664041,
            -0.004683368374118488
        ],
        [
            -0.12543654226403556,
            -0.18290453005812546,
            0.014999623868077292,
            -0.1043680555300774,
            -0.015105998809104527,
            -0.28998493530044595,
            -0.2942016482321328,
            0.04048852219943217,
            -0.1415395301944646,
            -0.03942145799045654,
            -0.5129585852756147,
            -0.36296281302875766,
            -0.0886748680362346,
            -0.11767814592392245,
            0.02573475309738492,
            -0.45811935164040596,
            -0.31031988959324397,
            0.0699505391555657,
            0.2219746188717083,
            -0.0028222128444969803
        ],
        [
            -0.0011209454778342903,
            0.017345747680697382,
            -0.0034313305031193277,
            0.0015137797198504451,
            0.000389354252281625,
            0.025448004329895184,
            0.04537208486493302,
            -0.04851301371137909,
            0.0405533910911429,
            0.00911593938281522,
            0.012931738418164362,
            0.06160115673087191,
            0.24117695884061385,
            -0.301214213636154,
            0.006828958359923181,
            0.08332829475832734,
            0.0699505391555657,
            1.4624057655358256,
            -0.07442859961922713,
            0.0019475334681700106
        ],
        [
            0.04874026223673,
            0.09833730811573298,
            -0.00652895467918296,
            0.06318168085534445,
            0.009546927295478102,
            0.19408541650177408,
            0.16005252792819735,
            -0.036801006290736224,
            0.16997463755478665,
            0.04490258327367237,
            0.0685410607868242,
            0.20909612654535203,
            -0.282244672923512,
            -0.5614660262085391,
            0.010937408089148282,
            0.2545060323664041,
            0.2219746188717083,
            -0.07442859961922713,
            1.2545639587791535,
            0.0034915490777557333
        ],
        [
            0.006378942460266374,
            0.0045801554859442525,
            -0.0005585379567620681,
            0.007099336537741424,
            -0.00196621305803004,
            0.013786177101258006,
            0.00020836382431509842,
            -0.0009821353017876438,
            0.009129108944043625,
            -0.038348130571697066,
            0.003267403351792009,
            -0.0006986140923866864,
            0.009458137538621361,
            0.020051908278683667,
            0.34048485535151585,
            -0.004683368374118488,
            -0.0028222128444969803,
            0.0019475334681700106,
            0.0034915490777557333,
            1.4874659622666662
        ]
    ]
}