{
    "HF": -2.111911084842178,
    "coordinates": [
        [
            0.750291,
            0.027835,
            0.010742
        ],
        [
            1.465249,
            -0.070904,
            -0.056816
        ],
        [
            2.132009,
            -0.141512,
            0.037733
        ],
        [
            2.876869,
            -0.080434,
            0.126042
        ]
    ],
    "elements": [
        "H",
        "H",
        "H",
        "H"
    ],
    "Enn": 3.214662409834271,
    "S": [
        [
            0.9999999999999999,
            0.6848602514927513,
            0.0,
            0.0,
            0.0,
            0.5829164090672518,
            0.5699150394508806,
            0.050407958798381884,
            -0.5334612245266811,
            0.07367345752972897,
            0.16399891655849308,
            0.34794982176405037,
            -0.004127191212972011,
            -0.2112783664334504,
            0.025894833475720472,
            0.018648927452846333,
            0.14023738933392746,
            -0.0012528752835083898,
            -0.023107866562469253,
            0.001176474883522722
        ],
        [
            0.6848602514927513,
            1.0000000000000002,
            0.0,
            0.0,
            0.0,
            0.5699150394508806,
            0.8918408633696119,
            0.015110927616821795,
            -0.15991708734817056,
            0.02208528792973991,
            0.34794982176405037,
            0.6555476479858522,
            -0.0035635858280634496,
            -0.18242638965507635,
            0.022358659153979474,
            0.14023738933392746,
            0.3713642709631185,
            -0.005752015126800088,
            -0.10608940871049685,
            0.005401256945043528
        ],
        [
            0.0,
            0.0,
            1.0000000000000004,
            0.0,
            0.0,
            -0.050407958798381884,
            -0.015110927616821805,
            0.49955679898045996,
            0.06339442497148737,
            -0.008755062713137961,
            0.004127191212972011,
            0.003563585828063444,
            0.08059713845259649,
            -0.00781830007918883,
            0.0009582314651111086,
            0.0012528752835083883,
            0.005752015126800084,
            0.002637412089569699,
            -0.0017389000448368881,
            8.853141947036271e-05
        ],
        [
            0.0,
            0.0,
            0.0,
            1.0000000000000004,
            0.0,
            0.533461224526681,
            0.15991708734817017,
            0.06339442497148733,
            -0.1653483161485892,
            0.09265375125462103,
            0.21127836643345038,
            0.18242638965507632,
            -0.007818300079188828,
            -0.31948302647728377,
            0.04905359799601312,
            0.023107866562469225,
            0.1060894087104967,
            -0.0017389000448368868,
            -0.02934035043923393,
            0.0016328618296135727
        ],
        [
            0.0,
            0.0,
            0.0,
            0.0,
            1.0000000000000004,
            -0.07367345752972895,
            -0.0220852879297399,
            -0.008755062713137958,
            0.09265375125462107,
            0.4927511709814638,
            -0.025894833475720472,
            -0.02235865915397947,
            0.0009582314651111086,
            0.04905359799601313,
            0.07473772580660545,
            -0.0011764748835227212,
            -0.005401256945043525,
            8.853141947036271e-05,
            0.0016328618296135738,
            0.002648559979625583
        ],
        [
            0.5829164090672518,
            0.5699150394508806,
            -0.050407958798381884,
            0.533461224526681,
            -0.07367345752972897,
            0.9999999999999999,
            0.6848602514927513,
            0.0,
            0.0,
            0.0,
            0.6217863924523624,
            0.583415918766285,
            -0.07653117656720301,
            -0.5396982230160899,
            0.05715251684372201,
            0.15207807773376708,
            0.33747189920529064,
            -0.025491455210744116,
            -0.19678793383166507,
            0.001328536723350312
        ],
        [
            0.5699150394508806,
            0.8918408633696119,
            -0.015110927616821802,
            0.15991708734817037,
            -0.022085287929739905,
            0.6848602514927513,
            1.0000000000000002,
            0.0,
            0.0,
            0.0,
            0.5834159187662848,
            0.9049496267022744,
            -0.02168323672743843,
            -0.1529102890605593,
            0.01619276754752535,
            0.33747189920529064,
            0.6431502295657233,
            -0.023365850415173278,
            -0.18037877349127132,
            0.001217756698950013
        ],
        [
            0.050407958798381884,
            0.015110927616821805,
            0.49955679898045996,
            0.06339442497148737,
            -0.008755062713137961,
            0.0,
            0.0,
            1.0000000000000004,
            0.0,
            0.0,
            0.07653117656720301,
            0.021683236727438427,
            0.5386740026973459,
            -0.09025738409984235,
            0.009558001944510276,
            0.025491455210744116,
            0.02336585041517328,
            0.06581012098874069,
            -0.04829415093611471,
            0.0003260390603853539
        ],
        [
            -0.533461224526681,
            -0.15991708734817017,
            0.06339442497148733,
            -0.1653483161485892,
            0.09265375125462103,
            0.0,
            0.0,
            0.0,
            1.0000000000000004,
            0.0,
            0.5396982230160896,
            0.15291028906055967,
            -0.09025738409984226,
            -0.08502267518008072,
            0.06740307540557451,
            0.196787933831665,
            0.18037877349127152,
            -0.04829415093611473,
            -0.3007532539387536,
            0.002516943521318036
        ],
        [
            0.07367345752972895,
            0.022085287929739905,
            -0.008755062713137958,
            0.09265375125462107,
            0.4927511709814638,
            0.0,
            0.0,
            0.0,
            0.0,
            1.0000000000000004,
            -0.05715251684372201,
            -0.016192767547525327,
            0.009558001944510267,
            0.06740307540557453,
            0.5443350337445281,
            -0.001328536723350312,
            -0.001217756698950013,
            0.0003260390603853539,
            0.002516943521318035,
            0.07204904178903956
        ],
        [
            0.16399891655849308,
            0.34794982176405037,
            0.004127191212972011,
            0.2112783664334505,
            -0.025894833475720472,
            0.6217863924523624,
            0.583415918766285,
            0.07653117656720301,
            0.5396982230160896,
            -0.05715251684372201,
            0.9999999999999999,
            0.6848602514927513,
            0.0,
            0.0,
            0.0,
            0.5606095891153089,
            0.5618327019231141,
            -0.06272081917741451,
            -0.529031348701593,
            -0.04338020126734674
        ],
        [
            0.34794982176405037,
            0.6555476479858522,
            0.0035635858280634466,
            0.18242638965507635,
            -0.02235865915397947,
            0.5834159187662848,
            0.9049496267022744,
            0.02168323672743843,
            0.1529102890605597,
            -0.016192767547525327,
            0.6848602514927513,
            1.0000000000000002,
            0.0,
            0.0,
            0.0,
            0.5618327019231141,
            0.8839366966955822,
            -0.019453512849987063,
            -0.1640845619522514,
            -0.013454819529736602
        ],
        [
            -0.004127191212972011,
            -0.0035635858280634422,
            0.08059713845259649,
            -0.007818300079188828,
            0.0009582314651111087,
            -0.07653117656720301,
            -0.021683236727438427,
            0.5386740026973459,
            -0.09025738409984228,
            0.00955800194451027,
            0.0,
            0.0,
            1.0000000000000004,
            0.0,
            0.0,
            0.06272081917741448,
            0.019453512849987063,
            0.46972083538144604,
            -0.08187184976055494,
            -0.006713434524172556
        ],
        [
            -0.2112783664334504,
            -0.18242638965507632,
            -0.00781830007918883,
            -0.31948302647728377,
            0.04905359799601313,
            -0.5396982230160896,
            -0.15291028906055967,
            -0.09025738409984232,
            -0.08502267518008072,
            0.06740307540557453,
            0.0,
            0.0,
            0.0,
            1.0000000000000004,
            0.0,
            0.5290313487015929,
            0.1640845619522514,
            -0.08187184976055482,
            -0.21113717736354592,
            -0.05662581208795445
        ],
        [
            0.025894833475720466,
            0.02235865915397947,
            0.0009582314651111085,
            0.04905359799601312,
            0.07473772580660545,
            0.05715251684372198,
            0.016192767547525327,
            0.00955800194451027,
            0.06740307540557451,
            0.5443350337445281,
            0.0,
            0.0,
            0.0,
            0.0,
            1.0000000000000004,
            0.04338020126734676,
            0.013454819529736624,
            -0.0067134345241725586,
            -0.056625812087954544,
            0.47478410878825644
        ],
        [
            0.018648927452846333,
            0.14023738933392746,
            0.0012528752835083898,
            0.023107866562469253,
            -0.001176474883522722,
            0.15207807773376708,
            0.33747189920529064,
            0.025491455210744116,
            0.19678793383166507,
            -0.001328536723350312,
            0.5606095891153089,
            0.5618327019231141,
            0.06272081917741451,
            0.529031348701593,
            0.04338020126734676,
            0.9999999999999999,
            0.6848602514927513,
            0.0,
            0.0,
            0.0
        ],
        [
            0.14023738933392746,
            0.3713642709631185,
            0.005752015126800087,
            0.10608940871049685,
            -0.005401256945043527,
            0.33747189920529064,
            0.6431502295657233,
            0.02336585041517328,
            0.18037877349127152,
            -0.001217756698950013,
            0.5618327019231141,
            0.8839366966955822,
            0.019453512849987063,
            0.1640845619522514,
            0.013454819529736624,
            0.6848602514927513,
            1.0000000000000002,
            0.0,
            0.0,
            0.0
        ],
        [
            -0.0012528752835083883,
            -0.005752015126800082,
            0.002637412089569699,
            -0.0017389000448368877,
            8.85314194703627e-05,
            -0.025491455210744116,
            -0.023365850415173275,
            0.06581012098874069,
            -0.04829415093611473,
            0.0003260390603853539,
            -0.06272081917741447,
            -0.019453512849987063,
            0.46972083538144604,
            -0.08187184976055482,
            -0.0067134345241725586,
            0.0,
            0.0,
            1.0000000000000004,
            0.0,
            0.0
        ],
        [
            -0.023107866562469225,
            -0.10608940871049666,
            -0.0017389000448368873,
            -0.02934035043923393,
            0.0016328618296135727,
            -0.19678793383166507,
            -0.1803787734912713,
            -0.04829415093611471,
            -0.30075325393875346,
            0.002516943521318035,
            -0.529031348701593,
            -0.1640845619522514,
            -0.08187184976055494,
            -0.21113717736354606,
            -0.056625812087954544,
            0.0,
            0.0,
            0.0,
            1.0000000000000004,
            0.0
        ],
        [
            0.0011764748835227212,
            0.005401256945043526,
            8.853141947036274e-05,
            0.0016328618296135738,
            0.002648559979625583,
            0.001328536723350312,
            0.001217756698950013,
            0.0003260390603853539,
            0.002516943521318036,
            0.07204904178903956,
            -0.043380201267346735,
            -0.013454819529736602,
            -0.006713434524172556,
            -0.05662581208795445,
            0.47478410878825644,
            0.0,
            0.0,
            0.0,
            0.0,
            1.0000000000000004
        ]
    ],
    "h": [
        [
            -0.3006768787513534,
            -0.48138215160218545,
            0.027899384677691763,
            -0.3137383031050244,
            0.044032452239432224,
            -0.6148554154174177,
            -0.4757822827555753,
            -0.008315803836385333,
            0.005200144039414267,
            0.0009901465994446024,
            -0.31521598349667185,
            -0.34767552952509045,
            0.03121874222840496,
            0.36502314648606204,
            -0.037010840697662195,
            -0.027471718496388443,
            -0.16159063527916862,
            0.008514491522942293,
            0.09381624730978316,
            -0.0019277611648522513
        ],
        [
            -0.48138215160218545,
            -0.31846342742850653,
            0.021452546471447134,
            -0.2617459538650889,
            0.03641844915899198,
            -0.5716891247979947,
            -0.3731594240280178,
            -0.03786849187141562,
            0.09398366718955686,
            -0.0165084449775601,
            -0.3882252042011251,
            -0.32960866652758025,
            0.02421120764849254,
            0.21788970607500807,
            -0.03077098785101408,
            -0.1601020672567391,
            -0.21477420551947823,
            0.015912961106656957,
            0.13933318087952545,
            0.0052379708807299575
        ],
        [
            0.027899384677691763,
            0.021452546471447134,
            1.4695314406221396,
            0.025504682262650305,
            -0.0035587652525454865,
            0.0014614977844028543,
            0.018460077731963898,
            0.4393930503041086,
            0.09035880851055247,
            -0.012623316862475253,
            0.010624477162983233,
            0.015458471693925828,
            -0.04799574643935017,
            -0.02389252754006181,
            0.002477583584226533,
            -0.002690550162346359,
            0.0053293644310575955,
            -0.008028079870109988,
            0.0028655774725704934,
            -0.00010084007138927846
        ],
        [
            -0.3137383031050244,
            -0.2617459538650889,
            0.025504682262650305,
            1.16256645502825,
            0.04255572002345541,
            -0.09921005830425855,
            -0.25823748020086823,
            0.07604485783749898,
            -0.570713644970577,
            0.1382049428688658,
            -0.2951341406459628,
            -0.21896648447827416,
            0.028295506913535787,
            0.12126891208962598,
            -0.018311820656428404,
            -0.0950176753200345,
            -0.14319802398749842,
            0.011308155346436097,
            0.13012318446212642,
            -0.002324751858215058
        ],
        [
            0.044032452239432224,
            0.03641844915899198,
            -0.0035587652525454865,
            0.04255572002345541,
            1.466181641818003,
            0.013266105589358201,
            0.03533236849256372,
            -0.010700788256387928,
            0.13899170831206287,
            0.4290592417429018,
            0.03794986866128586,
            0.029577789110963842,
            -0.003902559798938419,
            -0.02500192712287723,
            -0.04324436097894421,
            0.00834638258439598,
            0.01744316757628292,
            -0.001020009946473323,
            -0.011303864683199442,
            -0.008066967394554246
        ],
        [
            -0.6148554154174177,
            -0.5716891247979947,
            0.0014614977844028543,
            -0.09921005830425855,
            0.013266105589358201,
            -0.537558957301755,
            -0.6402942349138923,
            -0.06656792984083038,
            0.006069339477790231,
            -0.01034315789174236,
            -0.6117393797299366,
            -0.5674627871386309,
            -0.0017412142901585548,
            0.05804342715325572,
            -0.017701462149378053,
            -0.2969242143362474,
            -0.3798817566086123,
            0.03484221148751411,
            0.2847007771609992,
            0.010164135787469514
        ],
        [
            -0.4757822827555753,
            -0.3731594240280178,
            0.018460077731963898,
            -0.25823748020086823,
            0.03533236849256372,
            -0.6402942349138923,
            -0.4434703174125658,
            -0.053418001677424096,
            -0.022049058879088174,
            -0.006926579138442717,
            -0.5639304964892249,
            -0.42605033342419985,
            0.01725642309546207,
            0.1529488134881022,
            -0.039792233342083,
            -0.3353811818122523,
            -0.32478827661607645,
            0.02529373255839104,
            0.20907685807619325,
            0.013594551656852083
        ],
        [
            -0.008315803836385333,
            -0.03786849187141562,
            0.4393930503041086,
            0.07604485783749898,
            -0.010700788256387928,
            -0.06656792984083038,
            -0.053418001677424096,
            1.365673276702917,
            -0.021412906687082962,
            0.0010053150665295131,
            -0.019049701559760768,
            -0.04939423431203324,
            0.48536175603743315,
            -0.13225240651155692,
            0.011631555205325952,
            -0.04260739159312142,
            -0.03781019809793025,
            -0.043594745594032897,
            0.028207511234174934,
            0.0023973852490850457
        ],
        [
            0.005200144039414267,
            0.09398366718955686,
            0.09035880851055247,
            -0.570713644970577,
            0.13899170831206287,
            0.006069339477790231,
            -0.022049058879088174,
            -0.021412906687082962,
            0.7258619091570242,
            0.07243540080838563,
            -0.04290189559273383,
            -0.14382802482407148,
            -0.15154562906040295,
            -0.6441523447482267,
            0.1004929899472628,
            -0.3532215130476184,
            -0.21280780210379688,
            0.022863367512170607,
            0.1419489388353602,
            0.01907522042136936
        ],
        [
            0.0009901465994446024,
            -0.0165084449775601,
            -0.012623316862475253,
            0.1382049428688658,
            0.4290592417429018,
            -0.01034315789174236,
            -0.006926579138442717,
            0.0010053150665295131,
            0.07243540080838563,
            1.3659088109967104,
            -0.0055646624186693056,
            0.005836309932572472,
            0.015640803847940976,
            0.11900630410096891,
            0.49320137332272285,
            0.022267333045256764,
            0.015590262914693266,
            -0.0025107862470290622,
            -0.02016236976126173,
            -0.04828701634193849
        ],
        [
            -0.31521598349667185,
            -0.3882252042011251,
            0.010624477162983233,
            -0.2951341406459628,
            0.03794986866128586,
            -0.6117393797299366,
            -0.5639304964892249,
            -0.019049701559760768,
            -0.04290189559273383,
            -0.0055646624186693056,
            -0.5188856743590278,
            -0.6343189278998285,
            0.006840416253806745,
            0.011861583953821114,
            -0.05234915999409703,
            -0.5933108397980354,
            -0.5605598745403899,
            0.012738637506801376,
            0.09571945078655708,
            0.002398154975291958
        ],
        [
            -0.34767552952509045,
            -0.32960866652758025,
            0.015458471693925828,
            -0.21896648447827416,
            0.029577789110963842,
            -0.5674627871386309,
            -0.42605033342419985,
            -0.04939423431203324,
            -0.14382802482407148,
            0.005836309932572472,
            -0.6343189278998285,
            -0.4441386873164792,
            0.005803898091331785,
            0.03076626157156849,
            -0.042882305724278175,
            -0.4641337593923812,
            -0.3704567534821861,
            0.030372778691954178,
            0.24728580223247826,
            0.016216678080405333
        ],
        [
            0.03121874222840496,
            0.02421120764849254,
            -0.04799574643935017,
            0.028295506913535787,
            -0.003902559798938419,
            -0.0017412142901585548,
            0.01725642309546207,
            0.48536175603743315,
            -0.15154562906040295,
            0.015640803847940976,
            0.006840416253806745,
            0.005803898091331785,
            1.3708340781346597,
            -0.07705887607755474,
            0.0021145006199516157,
            0.002135150608072872,
            -0.007853245862585713,
            0.3964854473489655,
            -0.12365578660719198,
            -0.00959607262059047
        ],
        [
            0.36502314648606204,
            0.21788970607500807,
            -0.02389252754006181,
            0.12126891208962598,
            -0.02500192712287723,
            0.05804342715325572,
            0.1529488134881022,
            -0.13225240651155692,
            -0.6441523447482267,
            0.11900630410096891,
            0.011861583953821114,
            0.03076626157156849,
            -0.07705887607755474,
            0.7353693002443455,
            0.01569330200246329,
            -0.01550546028619837,
            -0.09299161837229869,
            -0.12103956098807986,
            -0.6140420366256139,
            -0.07972867258275373
        ],
        [
            -0.037010840697662195,
            -0.03077098785101408,
            0.002477583584226533,
            -0.018311820656428404,
            -0.04324436097894421,
            -0.017701462149378053,
            -0.039792233342083,
            0.011631555205325952,
            0.1004929899472628,
            0.49320137332272285,
            -0.05234915999409703,
            -0.042882305724278175,
            0.0021145006199516157,
            0.01569330200246329,
            1.3749384500283774,
            -0.005605631031928571,
            -0.029828527246558215,
            -0.008146929545448652,
            -0.06947634448668691,
            0.4046161552130888
        ],
        [
            -0.027471718496388443,
            -0.1601020672567391,
            -0.002690550162346359,
            -0.0950176753200345,
            0.00834638258439598,
            -0.2969242143362474,
            -0.3353811818122523,
            -0.04260739159312142,
            -0.3532215130476184,
            0.022267333045256764,
            -0.5933108397980354,
            -0.4641337593923812,
            0.002135150608072872,
            -0.01550546028619837,
            -0.005605631031928571,
            -0.2785841580584629,
            -0.47204350181374943,
            0.036492149855433684,
            0.29790589732942874,
            0.023508962718018424
        ],
        [
            -0.16159063527916862,
            -0.21477420551947823,
            0.0053293644310575955,
            -0.14319802398749842,
            0.01744316757628292,
            -0.3798817566086123,
            -0.32478827661607645,
            -0.03781019809793025,
            -0.21280780210379688,
            0.015590262914693266,
            -0.5605598745403899,
            -0.3704567534821861,
            -0.007853245862585713,
            -0.09299161837229869,
            -0.029828527246558215,
            -0.47204350181374943,
            -0.3148216662225556,
            0.031099109429955914,
            0.25318036736050664,
            0.01871481101393998
        ],
        [
            0.008514491522942293,
            0.015912961106656957,
            -0.008028079870109988,
            0.011308155346436097,
            -0.001020009946473323,
            0.03484221148751411,
            0.02529373255839104,
            -0.043594745594032897,
            0.022863367512170607,
            -0.0025107862470290622,
            0.012738637506801376,
            0.030372778691954178,
            0.3964854473489655,
            -0.12103956098807986,
            -0.008146929545448652,
            0.036492149855433684,
            0.031099109429955914,
            1.4778240279058856,
            -0.03550397635857228,
            -0.002589102870389871
        ],
        [
            0.09381624730978316,
            0.13933318087952545,
            0.0028655774725704934,
            0.13012318446212642,
            -0.011303864683199442,
            0.2847007771609992,
            0.20907685807619325,
            0.028207511234174934,
            0.1419489388353602,
            -0.02016236976126173,
            0.09571945078655708,
            0.24728580223247826,
            -0.12365578660719198,
            -0.6140420366256139,
            -0.06947634448668691,
            0.29790589732942874,
            0.25318036736050664,
            -0.03550397635857228,
            1.1883889557531526,
            -0.02166293488407201
        ],
        [
            -0.0019277611648522513,
            0.0052379708807299575,
            -0.00010084007138927846,
            -0.002324751858215058,
            -0.008066967394554246,
            0.010164135787469514,
            0.013594551656852083,
            0.0023973852490850457,
            0.01907522042136936,
            -0.04828701634193849,
            0.002398154975291958,
            0.016216678080405333,
            -0.00959607262059047,
            -0.07972867258275373,
            0.4046161552130888,
            0.023508962718018424,
            0.01871481101393998,
            -0.002589102870389871,
            -0.02166293488407201,
            1.4803136567739723
        ]
    ]
}