{
    "HF": -2.1775822519404477,
    "coordinates": [
        [
            0.759947,
            -0.083365,
            -0.002527
        ],
        [
            1.504505,
            0.110793,
            0.113046
        ],
        [
            2.328648,
            -0.051244,
            -0.134421
        ],
        [
            2.998219,
            0.028028,
            0.10767
        ]
    ],
    "elements": [
        "H",
        "H",
        "H",
        "H"
    ],
    "Enn": 2.948764385357016,
    "S": [
        [
            0.9999999999999999,
            0.6848602514927513,
            0.0,
            0.0,
            0.0,
            0.5402054023663264,
            0.5542122698795541,
            -0.07832395681482317,
            -0.5045878244757088,
            -0.13158110291549444,
            0.10332556667543034,
            0.2881515774956493,
            0.011474627394667985,
            -0.13647519575297634,
            -0.002794490322108134,
            0.012559787920480776,
            0.11838878058518665,
            -0.0007389938113236702,
            -0.015010110584308591,
            -0.0007470143254787119
        ],
        [
            0.6848602514927513,
            1.0000000000000002,
            0.0,
            0.0,
            0.0,
            0.5542122698795541,
            0.8764445237387505,
            -0.02509102602980568,
            -0.16164436467600635,
            -0.04215191638094553,
            0.2881515774956493,
            0.5827089506896928,
            0.01423276346296044,
            -0.1692794992729732,
            -0.003466197061229111,
            0.11838878058518668,
            0.33398099226118105,
            -0.00458402028641863,
            -0.0931085624338485,
            -0.004633771988030805
        ],
        [
            0.0,
            0.0,
            1.0000000000000004,
            0.0,
            0.0,
            0.07832395681482315,
            0.025091026029805688,
            0.43991268164834285,
            -0.101807791384373,
            -0.02654836447880097,
            -0.011474627394667983,
            -0.014232763462960438,
            0.03821659909027073,
            0.021499092494716716,
            0.000440219232360275,
            0.0007389938113236702,
            0.004584020286418629,
            0.0014058467417978056,
            -0.0009295331499775288,
            -4.626045725249069e-05
        ],
        [
            0.0,
            0.0,
            0.0,
            1.0000000000000004,
            0.0,
            0.504587824475709,
            0.16164436467600615,
            -0.10180779138437293,
            -0.20016249372728945,
            -0.1710330021683878,
            0.13647519575297626,
            0.169279499272973,
            0.021499092494716703,
            -0.21567845936612062,
            -0.005235813228977781,
            0.01501011058430859,
            0.09310856243384842,
            -0.0009295331499775282,
            -0.017428649592288556,
            -0.0009396216428346214
        ],
        [
            0.0,
            0.0,
            0.0,
            0.0,
            1.0000000000000004,
            0.1315811029154944,
            0.04215191638094549,
            -0.02654836447880095,
            -0.1710330021683878,
            0.41111547073751553,
            0.002794490322108134,
            0.0034661970612291106,
            0.0004402192323602746,
            -0.005235813228977779,
            0.03991700072752995,
            0.0007470143254787116,
            0.004633771988030803,
            -4.626045725249069e-05,
            -0.0009396216428346221,
            0.0014048479761731617
        ],
        [
            0.5402054023663264,
            0.5542122698795541,
            0.07832395681482317,
            0.504587824475709,
            0.13158110291549444,
            0.9999999999999999,
            0.6848602514927513,
            0.0,
            0.0,
            0.0,
            0.464514673651094,
            0.5238409580327644,
            0.13853366409531231,
            -0.4613607047747899,
            0.09070938480287116,
            0.12684188523305054,
            0.3134335763979991,
            0.0006004099202003125,
            -0.16682304753387106,
            0.009243476012905308
        ],
        [
            0.5542122698795541,
            0.8764445237387505,
            0.02509102602980567,
            0.16164436467600615,
            0.04215191638094553,
            0.6848602514927513,
            1.0000000000000002,
            0.0,
            0.0,
            0.0,
            0.5238409580327644,
            0.8461863152185021,
            0.05058802057417634,
            -0.16847403104277905,
            0.033124138126610074,
            0.31343357639799907,
            0.6141428038697054,
            0.000634747615579808,
            -0.17636372765219077,
            0.009772114286358425
        ],
        [
            -0.07832395681482317,
            -0.02509102602980568,
            0.43991268164834285,
            -0.10180779138437297,
            -0.02654836447880097,
            0.0,
            0.0,
            1.0000000000000004,
            0.0,
            0.0,
            -0.13853366409531226,
            -0.05058802057417634,
            0.3108640005188822,
            0.19571346353054106,
            -0.038479757141780334,
            -0.0006004099202003125,
            -0.0006347476155798079,
            0.054734493301572394,
            0.0011411757806057791,
            -6.323125677461502e-05
        ],
        [
            -0.5045878244757088,
            -0.16164436467600635,
            -0.10180779138437296,
            -0.2001624937272896,
            -0.17103300216838785,
            0.0,
            0.0,
            0.0,
            1.0000000000000004,
            0.0,
            0.46136070477478985,
            0.16847403104277897,
            0.19571346353054095,
            -0.2821561764269351,
            0.1281497027486423,
            0.166823047533871,
            0.17636372765219097,
            0.0011411757806057724,
            -0.2623354768845661,
            0.01756871530540128
        ],
        [
            -0.1315811029154944,
            -0.04215191638094549,
            -0.02654836447880095,
            -0.17103300216838774,
            0.41111547073751553,
            0.0,
            0.0,
            0.0,
            0.0,
            1.0000000000000004,
            -0.09070938480287113,
            -0.03312413812661006,
            -0.038479757141780334,
            0.12814970274864237,
            0.3444353956471921,
            -0.009243476012905306,
            -0.00977211428635842,
            -6.323125677461465e-05,
            0.017568715305401286,
            0.05376513788195726
        ],
        [
            0.10332556667543034,
            0.2881515774956493,
            -0.011474627394667987,
            0.13647519575297637,
            0.002794490322108134,
            0.464514673651094,
            0.5238409580327644,
            -0.13853366409531231,
            0.4613607047747899,
            -0.09070938480287116,
            0.9999999999999999,
            0.6848602514927513,
            0.0,
            0.0,
            0.0,
            0.589811001355722,
            0.5723626030345257,
            -0.1833365577867883,
            -0.5070690043572771,
            -0.060033027286740426
        ],
        [
            0.2881515774956493,
            0.5827089506896928,
            -0.014232763462960445,
            0.16927949927297312,
            0.003466197061229111,
            0.5238409580327644,
            0.8461863152185021,
            -0.05058802057417634,
            0.1684740310427794,
            -0.033124138126610074,
            0.6848602514927513,
            1.0000000000000002,
            0.0,
            0.0,
            0.0,
            0.5723626030345257,
            0.8942260399633831,
            -0.05439757138339388,
            -0.15045183946842522,
            -0.017812327920923948
        ],
        [
            0.011474627394667985,
            0.014232763462960438,
            0.03821659909027073,
            0.02149909249471671,
            0.00044021923236027457,
            0.13853366409531226,
            0.05058802057417634,
            0.3108640005188822,
            0.19571346353054095,
            -0.038479757141780334,
            0.0,
            0.0,
            1.0000000000000004,
            0.0,
            0.0,
            0.18333655778678826,
            0.054397571383393864,
            0.4355014716236549,
            -0.2161629027094438,
            -0.025592006857499846
        ],
        [
            -0.13647519575297629,
            -0.169279499272973,
            0.02149909249471671,
            -0.21567845936612057,
            -0.0052358132289777775,
            -0.46136070477478985,
            -0.16847403104277897,
            0.19571346353054106,
            -0.2821561764269351,
            0.12814970274864237,
            0.0,
            0.0,
            0.0,
            1.0000000000000004,
            0.0,
            0.5070690043572771,
            0.15045183946842444,
            -0.2161629027094438,
            -0.08420190347541422,
            -0.07078191929308825
        ],
        [
            -0.002794490322108134,
            -0.0034661970612291106,
            0.00044021923236027506,
            -0.0052358132289777835,
            0.03991700072752995,
            0.09070938480287113,
            0.03312413812661006,
            -0.038479757141780334,
            0.1281497027486423,
            0.3444353956471921,
            0.0,
            0.0,
            0.0,
            0.0,
            1.0000000000000004,
            0.060033027286740426,
            0.017812327920923948,
            -0.025592006857499846,
            -0.07078191929308825,
            0.5052775954008649
        ],
        [
            0.012559787920480776,
            0.11838878058518665,
            0.0007389938113236702,
            0.015010110584308595,
            0.0007470143254787119,
            0.12684188523305054,
            0.3134335763979991,
            -0.0006004099202003125,
            0.16682304753387106,
            -0.009243476012905306,
            0.589811001355722,
            0.5723626030345257,
            0.1833365577867883,
            0.5070690043572771,
            0.060033027286740426,
            0.9999999999999999,
            0.6848602514927513,
            0.0,
            0.0,
            0.0
        ],
        [
            0.11838878058518668,
            0.33398099226118105,
            0.004584020286418629,
            0.09310856243384855,
            0.004633771988030806,
            0.31343357639799907,
            0.6141428038697054,
            -0.000634747615579808,
            0.17636372765219097,
            -0.009772114286358421,
            0.5723626030345257,
            0.8942260399633831,
            0.05439757138339388,
            0.15045183946842522,
            0.01781232792092395,
            0.6848602514927513,
            1.0000000000000002,
            0.0,
            0.0,
            0.0
        ],
        [
            -0.0007389938113236702,
            -0.004584020286418628,
            0.0014058467417978056,
            -0.0009295331499775288,
            -4.626045725249069e-05,
            0.0006004099202003125,
            0.0006347476155798079,
            0.054734493301572394,
            0.0011411757806057726,
            -6.323125677461466e-05,
            -0.18333655778678826,
            -0.054397571383393864,
            0.4355014716236549,
            -0.2161629027094438,
            -0.025592006857499846,
            0.0,
            0.0,
            1.0000000000000004,
            0.0,
            0.0
        ],
        [
            -0.015010110584308591,
            -0.09310856243384845,
            -0.0009295331499775282,
            -0.017428649592288556,
            -0.0009396216428346214,
            -0.16682304753387106,
            -0.17636372765219116,
            0.001141175780605779,
            -0.2623354768845661,
            0.017568715305401286,
            -0.5070690043572771,
            -0.15045183946842444,
            -0.2161629027094438,
            -0.08420190347541422,
            -0.07078191929308825,
            0.0,
            0.0,
            0.0,
            1.0000000000000004,
            0.0
        ],
        [
            -0.0007470143254787116,
            -0.004633771988030801,
            -4.626045725249069e-05,
            -0.0009396216428346221,
            0.0014048479761731617,
            0.009243476012905306,
            0.009772114286358423,
            -6.3231256774615e-05,
            0.01756871530540128,
            0.05376513788195726,
            -0.060033027286740426,
            -0.01781232792092394,
            -0.025592006857499846,
            -0.07078191929308825,
            0.5052775954008649,
            0.0,
            0.0,
            0.0,
            0.0,
            1.0000000000000004
        ]
    ],
    "h": [
        [
            -0.2584716136915908,
            -0.4649949316658133,
            -0.03807080984922165,
            -0.2723632463823389,
            -0.0679322977460865,
            -0.5672631412403468,
            -0.45869537476349787,
            0.015759294045927297,
            0.02721095415491026,
            0.015186089468689185,
            -0.20933138947666066,
            -0.2963236688436977,
            -0.04116029778777619,
            0.2724386240047594,
            -0.01902371020786945,
            -0.016572228772680345,
            -0.14240159138297542,
            0.0025399234116536638,
            0.0672439778102043,
            0.0004558706232731455
        ],
        [
            -0.4649949316658133,
            -0.3116137207067684,
            -0.030352274209724053,
            -0.23271140190510115,
            -0.05585279047811938,
            -0.5242002882271395,
            -0.36469625575366904,
            0.05663501847174812,
            0.11720036853612695,
            0.068259400936865,
            -0.30343941307180666,
            -0.2997377475264993,
            -0.057443383544216374,
            0.15238500705408048,
            -0.03107006408924,
            -0.14401089098537834,
            -0.20063590780304164,
            0.023340083869934518,
            0.11835383128810886,
            0.006287581604169501
        ],
        [
            -0.03807080984922165,
            -0.030352274209724053,
            1.485621759846942,
            -0.03464824197231028,
            -0.009530499196186691,
            -0.00027967638567746866,
            -0.025545980252246615,
            0.35948694087924415,
            -0.14168255802363916,
            -0.03754498688828162,
            -0.003878939972284147,
            -0.019441586004499446,
            -0.044649808701740915,
            0.013791957871382036,
            -0.0016006348568460417,
            -0.000455457067366871,
            -0.0086358178807609,
            -0.004967255686791142,
            0.004140293593732864,
            -4.331216423413865e-05
        ],
        [
            -0.2723632463823389,
            -0.23271140190510115,
            -0.03464824197231028,
            1.2384447773960476,
            -0.06180567566145041,
            -0.06400193668186893,
            -0.21968781373206792,
            -0.12465463764899326,
            -0.5584114491199168,
            -0.2245344059637051,
            -0.20813023553487253,
            -0.16944541760509801,
            -0.046678968381587416,
            0.17214510317155035,
            -0.023396530492320138,
            -0.06500205757486932,
            -0.11332647944719645,
            0.007723844647508337,
            0.08732213352112879,
            0.0034592709128411117
        ],
        [
            -0.0679322977460865,
            -0.05585279047811938,
            -0.009530499196186691,
            -0.06180567566145041,
            1.475389629160497,
            -0.007908980816039773,
            -0.04943815930848533,
            -0.035478433349384816,
            -0.24001758027059789,
            0.32076403084230465,
            -0.025156952039589862,
            -0.03742580299615521,
            -0.007528473185900502,
            0.037047465316023265,
            -0.046034010717531576,
            -0.0036344438372942515,
            -0.018761521201500105,
            0.0003325159126775684,
            0.0076507576130254275,
            -0.004836806600749769
        ],
        [
            -0.5672631412403468,
            -0.5242002882271395,
            -0.00027967638567746866,
            -0.06400193668186893,
            -0.007908980816039773,
            -0.38813460831558233,
            -0.5729750393183797,
            0.08921025834363447,
            0.0875179819114137,
            0.09858005400281486,
            -0.46188862678651055,
            -0.4721909766257433,
            -0.03331652177447236,
            0.06277732375376988,
            -0.012942935198504646,
            -0.2438881065070717,
            -0.321539941179006,
            0.03411895722843922,
            0.22635928638341754,
            0.004548109761263441
        ],
        [
            -0.45869537476349787,
            -0.36469625575366904,
            -0.025545980252246615,
            -0.21968781373206792,
            -0.04943815930848533,
            -0.5729750393183797,
            -0.4264524111007377,
            0.07748553260342277,
            0.030569876143803507,
            0.08359281558265241,
            -0.4805115265726754,
            -0.39999145066396613,
            -0.08997255015045064,
            0.08341065677132659,
            -0.04320740372424215,
            -0.32287242651979425,
            -0.31180848282280715,
            0.053385256446938534,
            0.18538245184032698,
            0.015364479845828187
        ],
        [
            0.015759294045927297,
            0.05663501847174812,
            0.35948694087924415,
            -0.12465463764899326,
            -0.035478433349384816,
            0.08921025834363447,
            0.07748553260342277,
            1.4043645883147076,
            0.015123962649586892,
            -0.019895040557170975,
            0.019499949393041005,
            0.06226655445761202,
            0.18078805717115376,
            0.24329810543290892,
            -0.04729656841714837,
            0.03851126866688508,
            0.049608092058275044,
            -0.054001176994302194,
            -0.044099552728580654,
            -0.0023123284964595005
        ],
        [
            0.02721095415491026,
            0.11720036853612695,
            -0.14168255802363916,
            -0.5584114491199168,
            -0.24001758027059789,
            0.0875179819114137,
            0.030569876143803507,
            0.015123962649586892,
            0.9545867458703119,
            -0.027960116134266046,
            -0.08750450520212283,
            -0.09987753817122902,
            0.22443921779747594,
            -0.7183985409441065,
            0.15418359658235264,
            -0.29565437289196717,
            -0.15988337451126558,
            0.05428992404185666,
            0.132546243152172,
            0.015666643300317137
        ],
        [
            0.015186089468689185,
            0.068259400936865,
            -0.03754498688828162,
            -0.2245344059637051,
            0.32076403084230465,
            0.09858005400281486,
            0.08359281558265241,
            -0.019895040557170975,
            -0.027960116134266046,
            1.4028223241693516,
            0.021401343818587742,
            0.059180041900497526,
            -0.043887889969092306,
            0.14942510159014227,
            0.2208387572588424,
            0.029896404963952714,
            0.03981083656553393,
            -0.007146978842298084,
            -0.031500494330422804,
            -0.04591927323257039
        ],
        [
            -0.20933138947666066,
            -0.30343941307180666,
            -0.003878939972284147,
            -0.20813023553487253,
            -0.025156952039589862,
            -0.46188862678651055,
            -0.4805115265726754,
            0.019499949393041005,
            -0.08750450520212283,
            0.021401343818587742,
            -0.42997311232380175,
            -0.5870445619441561,
            -0.15087372827211457,
            -0.11798787707925848,
            -0.06635954606143504,
            -0.6108502779898529,
            -0.547429204494245,
            0.006402928701361166,
            0.06481948069675247,
            -0.0012620168647616836
        ],
        [
            -0.2963236688436977,
            -0.2997377475264993,
            -0.019441586004499446,
            -0.16944541760509801,
            -0.03742580299615521,
            -0.4721909766257433,
            -0.39999145066396613,
            0.06226655445761202,
            -0.09987753817122902,
            0.059180041900497526,
            -0.5870445619441561,
            -0.4243694592816465,
            -0.12350880609969501,
            -0.044825943316844974,
            -0.05530741824380779,
            -0.4834169114907856,
            -0.3705120061681142,
            0.07084055689090268,
            0.23829954546596321,
            0.020292899602894387
        ],
        [
            -0.04116029778777619,
            -0.057443383544216374,
            -0.044649808701740915,
            -0.046678968381587416,
            -0.007528473185900502,
            -0.03331652177447236,
            -0.08997255015045064,
            0.18078805717115376,
            0.22443921779747594,
            -0.043887889969092306,
            -0.15087372827211457,
            -0.12350880609969501,
            1.3645110406150398,
            -0.039379564535357764,
            -0.021217528971314244,
            -0.02103433330446214,
            -0.10248080982422504,
            0.3540920215837401,
            -0.2880584524739218,
            -0.03764220331633212
        ],
        [
            0.2724386240047594,
            0.15238500705408048,
            0.013791957871382036,
            0.17214510317155035,
            0.037047465316023265,
            0.06277732375376988,
            0.08341065677132659,
            0.24329810543290892,
            -0.7183985409441065,
            0.14942510159014227,
            -0.11798787707925848,
            -0.044825943316844974,
            -0.039379564535357764,
            0.9390291911130348,
            0.003146285251748993,
            -0.006225932183453242,
            -0.1175901082777239,
            -0.31530370554374093,
            -0.43606794951117833,
            -0.10241390024219232
        ],
        [
            -0.01902371020786945,
            -0.03107006408924,
            -0.0016006348568460417,
            -0.023396530492320138,
            -0.046034010717531576,
            -0.012942935198504646,
            -0.04320740372424215,
            -0.04729656841714837,
            0.15418359658235264,
            0.2208387572588424,
            -0.06635954606143504,
            -0.05530741824380779,
            -0.021217528971314244,
            0.003146285251748993,
            1.403130055095748,
            -0.012212103864004314,
            -0.043287007101174106,
            -0.03566556185035119,
            -0.08812187030285934,
            0.4530079303736858
        ],
        [
            -0.016572228772680345,
            -0.14401089098537834,
            -0.000455457067366871,
            -0.06500205757486932,
            -0.0036344438372942515,
            -0.2438881065070717,
            -0.32287242651979425,
            0.03851126866688508,
            -0.29565437289196717,
            0.029896404963952714,
            -0.6108502779898529,
            -0.4834169114907856,
            -0.02103433330446214,
            -0.006225932183453242,
            -0.012212103864004314,
            -0.3053201728604862,
            -0.48518992094711044,
            0.10208020036245502,
            0.30069484047122796,
            0.03141218855977096
        ],
        [
            -0.14240159138297542,
            -0.20063590780304164,
            -0.0086358178807609,
            -0.11332647944719645,
            -0.018761521201500105,
            -0.321539941179006,
            -0.31180848282280715,
            0.049608092058275044,
            -0.15988337451126558,
            0.03981083656553393,
            -0.547429204494245,
            -0.3705120061681142,
            -0.10248080982422504,
            -0.1175901082777239,
            -0.043287007101174106,
            -0.48518992094711044,
            -0.3198392938730956,
            0.07919340937934122,
            0.24680149143780097,
            0.023619868032504904
        ],
        [
            0.0025399234116536638,
            0.023340083869934518,
            -0.004967255686791142,
            0.007723844647508337,
            0.0003325159126775684,
            0.03411895722843922,
            0.053385256446938534,
            -0.054001176994302194,
            0.05428992404185666,
            -0.007146978842298084,
            0.006402928701361166,
            0.07084055689090268,
            0.3540920215837401,
            -0.31530370554374093,
            -0.03566556185035119,
            0.10208020036245502,
            0.07919340937934122,
            1.4393683031905788,
            -0.09057978034755124,
            -0.010731330399154911
        ],
        [
            0.0672439778102043,
            0.11835383128810886,
            0.004140293593732864,
            0.08732213352112879,
            0.0076507576130254275,
            0.22635928638341754,
            0.18538245184032698,
            -0.044099552728580654,
            0.132546243152172,
            -0.031500494330422804,
            0.06481948069675247,
            0.23829954546596321,
            -0.2880584524739218,
            -0.43606794951117833,
            -0.08812187030285934,
            0.30069484047122796,
            0.24680149143780097,
            -0.09057978034755124,
            1.1966794690195037,
            -0.027919101223153116
        ],
        [
            0.0004558706232731455,
            0.006287581604169501,
            -4.331216423413865e-05,
            0.0034592709128411117,
            -0.004836806600749769,
            0.004548109761263441,
            0.015364479845828187,
            -0.0023123284964595005,
            0.015666643300317137,
            -0.04591927323257039,
            -0.0012620168647616836,
            0.020292899602894387,
            -0.03764220331633212,
            -0.10241390024219232,
            0.4530079303736858,
            0.03141218855977096,
            0.023619868032504904,
            -0.010731330399154911,
            -0.027919101223153116,
            1.468663813341473
        ]
    ]
}