{
    "HF": -2.171730600690427,
    "coordinates": [
        [
            0.67975,
            0.151882,
            0.016133
        ],
        [
            1.411247,
            -0.019323,
            -0.130546
        ],
        [
            2.197417,
            -0.00843,
            0.152097
        ],
        [
            3.010496,
            0.151002,
            0.181878
        ]
    ],
    "elements": [
        "H",
        "H",
        "H",
        "H"
    ],
    "Enn": 2.8577904201945104,
    "S": [
        [
            0.9999999999999999,
            0.6848602514927513,
            0.0,
            0.0,
            0.0,
            0.5502819440124629,
            0.5580034794847294,
            0.10175633207015461,
            -0.507464951631262,
            0.1187708726680085,
            0.1155505805504539,
            0.3016972619533066,
            -0.013553588480275653,
            -0.15128882621940004,
            0.01598072192970161,
            0.008906126170127185,
            0.10211622439274096,
            -0.0007297685788408993,
            -0.010262181037491989,
            3.874604660049902e-06
        ],
        [
            0.6848602514927513,
            1.0000000000000002,
            0.0,
            0.0,
            0.0,
            0.5580034794847294,
            0.8801767906035303,
            0.032076764126493296,
            -0.15996875304738564,
            0.037440277083129074,
            0.3016972619533066,
            0.5996750245312324,
            -0.015411129730818904,
            -0.17202320485704123,
            0.018170905750103248,
            0.10211622439274094,
            0.3044202963247836,
            -0.005882854360104136,
            -0.08272611100422492,
            3.123419612592502e-05
        ],
        [
            0.0,
            0.0,
            1.0000000000000004,
            0.0,
            0.0,
            -0.10175633207015461,
            -0.03207676412649332,
            0.44129554590351316,
            0.13019785651075777,
            -0.030472474971085718,
            0.01355358848027565,
            0.015411129730818903,
            0.04521032296712688,
            -0.025440763633217064,
            0.0026873218562229345,
            0.0007297685788408989,
            0.005882854360104134,
            0.0007760267722144717,
            -0.0008380660914237986,
            3.1642150644168213e-07
        ],
        [
            0.0,
            0.0,
            0.0,
            1.0000000000000004,
            0.0,
            0.5074649516312619,
            0.15996875304738564,
            0.13019785651075774,
            -0.18190186406202127,
            0.15196806648480204,
            0.15128882621940007,
            0.1720232048570411,
            -0.025440763633217074,
            -0.23648719794851655,
            0.029996614541851475,
            0.010262181037491987,
            0.08272611100422496,
            -0.0008380660914237992,
            -0.010949462986978695,
            4.449595224307974e-06
        ],
        [
            0.0,
            0.0,
            0.0,
            0.0,
            1.0000000000000004,
            -0.1187708726680085,
            -0.037440277083129074,
            -0.03047247497108571,
            0.15196806648480204,
            0.4318349446605975,
            -0.01598072192970161,
            -0.018170905750103255,
            0.002687321856222936,
            0.02999661454185149,
            0.04432093861350612,
            -3.874604660049902e-06,
            -3.1234196125925016e-05,
            3.1642150644168224e-07,
            4.449595224307972e-06,
            0.0008356220042471515
        ],
        [
            0.5502819440124629,
            0.5580034794847294,
            -0.10175633207015461,
            0.5074649516312619,
            -0.1187708726680085,
            0.9999999999999999,
            0.6848602514927513,
            0.0,
            0.0,
            0.0,
            0.4951495535584314,
            0.536556342006566,
            -0.17155086230609962,
            -0.4771678103444502,
            -0.00661153307564788,
            0.086900800046808,
            0.2682813419489338,
            -0.022022884528072207,
            -0.11273165972727754,
            -0.012006272908751883
        ],
        [
            0.5580034794847294,
            0.8801767906035303,
            -0.0320767641264933,
            0.15996875304738564,
            -0.037440277083129074,
            0.6848602514927513,
            1.0000000000000002,
            0.0,
            0.0,
            0.0,
            0.536556342006566,
            0.8589334558622983,
            -0.05927744169096208,
            -0.16487988853141108,
            -0.002284539763375177,
            0.2682813419489338,
            0.5572639753356473,
            -0.03123201277544939,
            -0.1598717294417992,
            -0.01702683716993067
        ],
        [
            0.10175633207015461,
            0.032076764126493316,
            0.44129554590351316,
            0.13019785651075783,
            -0.030472474971085718,
            0.0,
            0.0,
            1.0000000000000004,
            0.0,
            0.0,
            0.17155086230609962,
            0.05927744169096206,
            0.32027113267309903,
            -0.23310443565568012,
            -0.003229844203667556,
            0.022022884528072204,
            0.031232012775449382,
            0.02290109656212333,
            -0.03978925163511775,
            -0.00423767923866229
        ],
        [
            -0.507464951631262,
            -0.15996875304738564,
            0.13019785651075771,
            -0.18190186406202144,
            0.15196806648480202,
            0.0,
            0.0,
            0.0,
            1.0000000000000004,
            0.0,
            0.4771678103444502,
            0.16487988853141136,
            -0.23310443565568026,
            -0.24430215617946557,
            -0.00898379446013991,
            0.1127316597272775,
            0.15987172944179917,
            -0.039789251635117734,
            -0.17300068729330215,
            -0.021692009207843914
        ],
        [
            0.1187708726680085,
            0.03744027708312907,
            -0.03047247497108571,
            0.1519680664848021,
            0.4318349446605975,
            0.0,
            0.0,
            0.0,
            0.0,
            1.0000000000000004,
            0.006611533075647878,
            0.002284539763375176,
            -0.003229844203667557,
            -0.008983794460139909,
            0.4039521132930337,
            0.012006272908751885,
            0.017026837169930663,
            -0.004237679238662292,
            -0.021692009207843928,
            0.028363926730861286
        ],
        [
            0.1155505805504539,
            0.3016972619533066,
            0.013553588480275653,
            0.15128882621940007,
            -0.01598072192970161,
            0.4951495535584314,
            0.536556342006566,
            0.17155086230609962,
            0.4771678103444502,
            0.006611533075647878,
            0.9999999999999999,
            0.6848602514927513,
            0.0,
            0.0,
            0.0,
            0.5001119058559585,
            0.5385598692482954,
            -0.018305340486553884,
            -0.4997712614575306,
            -0.09799728163769707
        ],
        [
            0.3016972619533066,
            0.5996750245312324,
            0.015411129730818913,
            0.17202320485704115,
            -0.018170905750103248,
            0.536556342006566,
            0.8589334558622983,
            0.05927744169096208,
            0.16487988853141142,
            0.002284539763375177,
            0.6848602514927513,
            1.0000000000000002,
            0.0,
            0.0,
            0.0,
            0.5385598692482954,
            0.8609314572087137,
            -0.006270737333486869,
            -0.17120327861301363,
            -0.03357026945208269
        ],
        [
            -0.01355358848027565,
            -0.0154111297308189,
            0.04521032296712688,
            -0.02544076363321706,
            0.0026873218562229345,
            -0.17155086230609962,
            -0.05927744169096206,
            0.32027113267309903,
            -0.23310443565568026,
            -0.003229844203667557,
            0.0,
            0.0,
            1.0000000000000004,
            0.0,
            0.0,
            0.018305340486553884,
            0.006270737333486869,
            0.4087667295756965,
            -0.025756144194101764,
            -0.005050374663660029
        ],
        [
            -0.15128882621940004,
            -0.17202320485704117,
            -0.025440763633217078,
            -0.2364871979485165,
            0.029996614541851485,
            -0.4771678103444499,
            -0.16487988853141136,
            -0.23310443565568012,
            -0.24430215617946557,
            -0.008983794460139909,
            0.0,
            0.0,
            0.0,
            1.0000000000000004,
            0.0,
            0.4997712614575307,
            0.17120327861301363,
            -0.025756144194101736,
            -0.29348252730444035,
            -0.13788501330224054
        ],
        [
            0.01598072192970161,
            0.018170905750103262,
            0.002687321856222936,
            0.029996614541851485,
            0.04432093861350612,
            -0.006611533075647877,
            -0.002284539763375176,
            -0.003229844203667556,
            -0.00898379446013991,
            0.4039521132930337,
            0.0,
            0.0,
            0.0,
            0.0,
            1.0000000000000004,
            0.09799728163769708,
            0.033570269452082725,
            -0.00505037466366003,
            -0.13788501330224073,
            0.38267302931956115
        ],
        [
            0.008906126170127185,
            0.10211622439274096,
            0.0007297685788408993,
            0.010262181037491987,
            -3.874604660049902e-06,
            0.086900800046808,
            0.2682813419489338,
            0.022022884528072207,
            0.1127316597272775,
            0.012006272908751885,
            0.5001119058559585,
            0.5385598692482954,
            0.018305340486553884,
            0.4997712614575307,
            0.09799728163769707,
            0.9999999999999999,
            0.6848602514927513,
            0.0,
            0.0,
            0.0
        ],
        [
            0.10211622439274094,
            0.3044202963247836,
            0.005882854360104138,
            0.08272611100422494,
            -3.123419612592502e-05,
            0.2682813419489338,
            0.5572639753356473,
            0.03123201277544939,
            0.1598717294417992,
            0.01702683716993067,
            0.5385598692482954,
            0.8609314572087137,
            0.006270737333486869,
            0.17120327861301363,
            0.03357026945208269,
            0.6848602514927513,
            1.0000000000000002,
            0.0,
            0.0,
            0.0
        ],
        [
            -0.0007297685788408989,
            -0.005882854360104135,
            0.0007760267722144717,
            -0.0008380660914237986,
            3.1642150644168213e-07,
            -0.022022884528072204,
            -0.031232012775449382,
            0.02290109656212333,
            -0.039789251635117734,
            -0.00423767923866229,
            -0.018305340486553884,
            -0.006270737333486869,
            0.4087667295756965,
            -0.025756144194101736,
            -0.005050374663660029,
            0.0,
            0.0,
            1.0000000000000004,
            0.0,
            0.0
        ],
        [
            -0.010262181037491989,
            -0.0827261110042249,
            -0.0008380660914237992,
            -0.010949462986978695,
            4.449595224307974e-06,
            -0.11273165972727754,
            -0.15987172944179917,
            -0.03978925163511775,
            -0.1730006872933022,
            -0.02169200920784392,
            -0.4997712614575306,
            -0.17120327861301363,
            -0.025756144194101764,
            -0.29348252730444035,
            -0.1378850133022407,
            0.0,
            0.0,
            0.0,
            1.0000000000000004,
            0.0
        ],
        [
            3.874604660049902e-06,
            3.1234196125925016e-05,
            3.1642150644168224e-07,
            4.449595224307972e-06,
            0.0008356220042471515,
            -0.012006272908751885,
            -0.017026837169930666,
            -0.004237679238662292,
            -0.02169200920784392,
            0.028363926730861286,
            -0.09799728163769708,
            -0.03357026945208272,
            -0.00505037466366003,
            -0.1378850133022406,
            0.38267302931956115,
            0.0,
            0.0,
            0.0,
            0.0,
            1.0000000000000004
        ]
    ],
    "h": [
        [
            -0.2727872667757876,
            -0.4705285525276287,
            0.05179759509764309,
            -0.27909867107984077,
            0.06474332577399089,
            -0.5831572857262741,
            -0.46692361660501014,
            -0.018755185266509405,
            0.019786723201656642,
            -0.007733448528537107,
            -0.2371021692224258,
            -0.3113863811084362,
            0.06086213268752184,
            0.29166541568854004,
            -0.009072374504410077,
            -0.0033673049628743096,
            -0.12178724881119107,
            0.006012284058885283,
            0.04963825094359557,
            0.002830206443568113
        ],
        [
            -0.4705285525276287,
            -0.31575851430244506,
            0.04101423126843037,
            -0.23763836026872037,
            0.05375774176880449,
            -0.5365288477777037,
            -0.368628065376982,
            -0.07358096917285967,
            0.11272866197774375,
            -0.04745702283547358,
            -0.31869200751268933,
            -0.30806404328628767,
            0.05802669194795501,
            0.17086739156692227,
            -0.0072760666051349815,
            -0.1210666443825657,
            -0.18322621850815546,
            0.008230619158154873,
            0.10129682072833981,
            0.014342558055496685
        ],
        [
            0.05179759509764309,
            0.04101423126843037,
            1.4651669959982574,
            0.04650282736850747,
            -0.01118264367325255,
            0.002611097023147546,
            0.03506695234347758,
            0.3563272606787443,
            0.1805606679264389,
            -0.042895101377775136,
            0.008209724007278658,
            0.026538214971874093,
            -0.05076045967434861,
            -0.02569632304473135,
            0.0004102799257548117,
            -0.004227815878823401,
            0.006694360815493034,
            -0.002924313653704785,
            0.002366482804487571,
            0.00010046103937000548
        ],
        [
            -0.27909867107984077,
            -0.23763836026872037,
            0.04650282736850747,
            1.2128064932363603,
            0.059202898768785595,
            -0.07596516075516602,
            -0.22903952641800296,
            0.15815611859492557,
            -0.5438831908063089,
            0.20710174389968217,
            -0.22694008170349012,
            -0.1816650593941322,
            0.05718060909025266,
            0.1650190283442291,
            -0.005933690484747574,
            -0.05236500228100007,
            -0.10693060674733837,
            0.0061209678836874485,
            0.06730098541198351,
            0.004175375013829476
        ],
        [
            0.06474332577399089,
            0.05375774176880449,
            -0.01118264367325255,
            0.059202898768785595,
            1.4614764504589937,
            0.01324520069326554,
            0.04966254638512403,
            -0.03923459090793431,
            0.21517567671459348,
            0.3443421610994044,
            0.03618424672854976,
            0.038381784408444454,
            -0.011131215809087094,
            -0.042644661804175026,
            -0.043604010575112886,
            0.0027346115487430064,
            0.01637829501570521,
            -0.0005095088744621324,
            -0.004302250182617072,
            -0.003341737119824842
        ],
        [
            -0.5831572857262741,
            -0.5365288477777037,
            0.002611097023147546,
            -0.07596516075516602,
            0.01324520069326554,
            -0.42324527713131355,
            -0.587101025717327,
            -0.11837022614582718,
            0.08165501791388412,
            -0.06276886091355666,
            -0.4807350338340797,
            -0.4888257995235904,
            0.01951207268924593,
            0.07669180367602757,
            -0.01166435103543462,
            -0.19423946273399356,
            -0.29407032703357333,
            0.02497545731156444,
            0.1999085478590369,
            0.02861257625987731
        ],
        [
            -0.46692361660501014,
            -0.368628065376982,
            0.03506695234347758,
            -0.22903952641800296,
            0.04966254638512403,
            -0.587101025717327,
            -0.4274313312648248,
            -0.10247387552872028,
            0.030661984919047196,
            -0.05077328518709685,
            -0.47958546986634776,
            -0.40191314270505796,
            0.06049357397384458,
            0.11528430690882235,
            -0.020595163102080535,
            -0.2790335523680656,
            -0.2914079110857428,
            0.009904692703848347,
            0.16153754564678077,
            0.029764723694853557
        ],
        [
            -0.018755185266509405,
            -0.07358096917285967,
            0.3563272606787443,
            0.15815611859492557,
            -0.03923459090793431,
            -0.11837022614582718,
            -0.10247387552872028,
            1.3751228866672915,
            -0.02500460162160518,
            -0.01241477285289614,
            -0.03145363523028194,
            -0.08838282456551957,
            0.1894537563559544,
            -0.3014762966082446,
            -0.0077897871864811945,
            -0.06216902574633961,
            -0.06483367716402744,
            -0.03251173695798898,
            0.0666851962447573,
            0.010477366757846437
        ],
        [
            0.019786723201656642,
            0.11272866197774375,
            0.1805606679264389,
            -0.5438831908063089,
            0.21517567671459348,
            0.08165501791388412,
            0.030661984919047196,
            -0.02500460162160518,
            0.9337491857444278,
            0.05385546071439792,
            -0.04601696398576105,
            -0.09252669754716786,
            -0.32118466444547755,
            -0.6924253950297707,
            -0.021591042674086278,
            -0.2609025975237961,
            -0.1604465000166298,
            0.026365851421210035,
            0.199439071565853,
            0.03792824805054786
        ],
        [
            -0.007733448528537107,
            -0.04745702283547358,
            -0.042895101377775136,
            0.20710174389968217,
            0.3443421610994044,
            -0.06276886091355666,
            -0.05077328518709685,
            -0.01241477285289614,
            0.05385546071439792,
            1.3971785187953243,
            -0.014726341586357904,
            -0.03056659936339939,
            -0.000974405088238945,
            0.003875563309241544,
            0.2952200710191638,
            -0.010365308070563295,
            -0.011550479656481129,
            0.0020901794887169256,
            0.014763317598473893,
            -0.03773434816939522
        ],
        [
            -0.2371021692224258,
            -0.31869200751268933,
            0.008209724007278658,
            -0.22694008170349012,
            0.03618424672854976,
            -0.4807350338340797,
            -0.47958546986634776,
            -0.03145363523028194,
            -0.04601696398576105,
            -0.014726341586357904,
            -0.3823421190405385,
            -0.5732545856574041,
            0.0582700559188878,
            -0.0478083593964142,
            -0.04300257598050587,
            -0.5359544748930691,
            -0.5098100611953169,
            0.008426096443037448,
            0.0715379522157763,
            0.012058721009902684
        ],
        [
            -0.3113863811084362,
            -0.30806404328628767,
            0.026538214971874093,
            -0.1816650593941322,
            0.038381784408444454,
            -0.4888257995235904,
            -0.40191314270505796,
            -0.08838282456551957,
            -0.09252669754716786,
            -0.03056659936339939,
            -0.5732545856574041,
            -0.43043710748204234,
            0.05398543318672583,
            -0.011614464071410494,
            -0.03704459956462956,
            -0.43922547917040444,
            -0.3593682843085577,
            0.01245721801001131,
            0.2055193034980347,
            0.03865705484462465
        ],
        [
            0.06086213268752184,
            0.05802669194795501,
            -0.05076045967434861,
            0.05718060909025266,
            -0.011131215809087094,
            0.01951207268924593,
            0.06049357397384458,
            0.1894537563559544,
            -0.32118466444547755,
            -0.000974405088238945,
            0.0582700559188878,
            0.05398543318672583,
            1.3983670747096513,
            -0.0835625280113273,
            -0.002372343582343313,
            0.0065700273372862675,
            0.023109597084340763,
            0.312121098863178,
            -0.04854539181568542,
            -0.008589569078825311
        ],
        [
            0.29166541568854004,
            0.17086739156692227,
            -0.02569632304473135,
            0.1650190283442291,
            -0.042644661804175026,
            0.07669180367602757,
            0.11528430690882235,
            -0.3014762966082446,
            -0.6924253950297707,
            0.003875563309241544,
            -0.0478083593964142,
            -0.011614464071410494,
            -0.0835625280113273,
            0.9505935513719341,
            -0.04540053109711549,
            -0.04277785889477259,
            -0.11230125190907633,
            -0.037135925807363815,
            -0.6456005647334128,
            -0.1861185358662712
        ],
        [
            -0.009072374504410077,
            -0.0072760666051349815,
            0.0004102799257548117,
            -0.005933690484747574,
            -0.043604010575112886,
            -0.01166435103543462,
            -0.020595163102080535,
            -0.0077897871864811945,
            -0.021591042674086278,
            0.2952200710191638,
            -0.04300257598050587,
            -0.03704459956462956,
            -0.002372343582343313,
            -0.04540053109711549,
            1.4155321705848132,
            -0.0071691219671870254,
            -0.035387833113425485,
            -0.006180562018431231,
            -0.18226922524524608,
            0.279525617445742
        ],
        [
            -0.0033673049628743096,
            -0.1210666443825657,
            -0.004227815878823401,
            -0.05236500228100007,
            0.0027346115487430064,
            -0.19423946273399356,
            -0.2790335523680656,
            -0.06216902574633961,
            -0.2609025975237961,
            -0.010365308070563295,
            -0.5359544748930691,
            -0.43922547917040444,
            0.0065700273372862675,
            -0.04277785889477259,
            -0.0071691219671870254,
            -0.22617188339065852,
            -0.44909396941244606,
            0.011510944693411705,
            0.24905327174775563,
            0.04901227011183553
        ],
        [
            -0.12178724881119107,
            -0.18322621850815546,
            0.006694360815493034,
            -0.10693060674733837,
            0.01637829501570521,
            -0.29407032703357333,
            -0.2914079110857428,
            -0.06483367716402744,
            -0.1604465000166298,
            -0.011550479656481129,
            -0.5098100611953169,
            -0.3593682843085577,
            0.023109597084340763,
            -0.11230125190907633,
            -0.035387833113425485,
            -0.44909396941244606,
            -0.3045882481596003,
            0.0112972185726189,
            0.22036354530667243,
            0.04278929620762145
        ],
        [
            0.006012284058885283,
            0.008230619158154873,
            -0.002924313653704785,
            0.0061209678836874485,
            -0.0005095088744621324,
            0.02497545731156444,
            0.009904692703848347,
            -0.03251173695798898,
            0.026365851421210035,
            0.0020901794887169256,
            0.008426096443037448,
            0.01245721801001131,
            0.312121098863178,
            -0.037135925807363815,
            -0.006180562018431231,
            0.011510944693411705,
            0.0112972185726189,
            1.4968230683330253,
            -0.011024056031518664,
            -0.001969175746032458
        ],
        [
            0.04963825094359557,
            0.10129682072833981,
            0.002366482804487571,
            0.06730098541198351,
            -0.004302250182617072,
            0.1999085478590369,
            0.16153754564678077,
            0.0666851962447573,
            0.199439071565853,
            0.014763317598473893,
            0.0715379522157763,
            0.2055193034980347,
            -0.04854539181568542,
            -0.6456005647334128,
            -0.18226922524524608,
            0.24905327174775563,
            0.22036354530667243,
            -0.011024056031518664,
            1.2628053739072067,
            -0.045360833834317715
        ],
        [
            0.002830206443568113,
            0.014342558055496685,
            0.00010046103937000548,
            0.004175375013829476,
            -0.003341737119824842,
            0.02861257625987731,
            0.029764723694853557,
            0.010477366757846437,
            0.03792824805054786,
            -0.03773434816939522,
            0.012058721009902684,
            0.03865705484462465,
            -0.008589569078825311,
            -0.1861185358662712,
            0.279525617445742,
            0.04901227011183553,
            0.04278929620762145,
            -0.001969175746032458,
            -0.045360833834317715,
            1.4889217288009386
        ]
    ]
}