{
    "HF": -2.160562605417363,
    "coordinates": [
        [
            0.806173,
            0.100415,
            -0.129951
        ],
        [
            1.634614,
            0.199276,
            -0.149114
        ],
        [
            2.381288,
            0.122917,
            0.096618
        ],
        [
            3.195641,
            0.003373,
            0.05484
        ]
    ],
    "elements": [
        "H",
        "H",
        "H",
        "H"
    ],
    "Enn": 2.8329217774441773,
    "S": [
        [
            0.9999999999999999,
            0.6848602514927513,
            0.0,
            0.0,
            0.0,
            0.49589676409142575,
            0.5368589961955835,
            0.011653259357397718,
            -0.5037853068570644,
            -0.06011860738567533,
            0.09874458959192675,
            0.28281935442560147,
            -0.01865356842821457,
            -0.12968020971451166,
            -0.0018526038282893264,
            0.007031817479630583,
            0.09222403851449429,
            -0.0006089738655316407,
            -0.007874428757483636,
            0.0003197993509365796
        ],
        [
            0.6848602514927513,
            1.0000000000000002,
            0.0,
            0.0,
            0.0,
            0.5368589961955835,
            0.8592354570681516,
            0.004021389898566788,
            -0.1738498287824746,
            -0.020746158052612325,
            0.28281935442560147,
            0.5759477817727093,
            -0.023965374278778054,
            -0.16660805541410145,
            -0.0023801528541903937,
            0.09222403851449423,
            0.2855805625820925,
            -0.005879120663796427,
            -0.07602085975118016,
            0.003087388603644836
        ],
        [
            0.0,
            0.0,
            1.0000000000000004,
            0.0,
            0.0,
            -0.011653259357397696,
            -0.004021389898566766,
            0.40453790681081203,
            0.016689014435178187,
            0.0019915632568597535,
            0.01865356842821457,
            0.023965374278778057,
            0.032359569996267275,
            -0.034591064266140406,
            -0.0004941659041509298,
            0.0006089738655316402,
            0.005879120663796431,
            0.0005204293814192212,
            -0.0006546244940622341,
            2.6585863528110573e-05
        ],
        [
            0.0,
            0.0,
            0.0,
            1.0000000000000004,
            0.0,
            0.5037853068570644,
            0.1738498287824746,
            0.016689014435178222,
            -0.3165634926613485,
            -0.086097826857807,
            0.1296802097145116,
            0.16660805541410115,
            -0.034591064266140406,
            -0.20314294853513187,
            -0.003435457313739707,
            0.00787442875748363,
            0.07602085975118013,
            -0.0006546244940622343,
            -0.007893665945017982,
            0.0003437725330388781
        ],
        [
            0.0,
            0.0,
            0.0,
            0.0,
            1.0000000000000004,
            0.06011860738567529,
            0.020746158052612325,
            0.001991563256859757,
            -0.08609782685780695,
            0.394649567535754,
            0.0018526038282893264,
            0.0023801528541903933,
            -0.0004941659041509291,
            -0.003435457313739702,
            0.03728616785054546,
            -0.00031979935093657934,
            -0.0030873886036448363,
            2.6585863528110583e-05,
            0.0003437725330388781,
            0.0005570937522043064
        ],
        [
            0.49589676409142575,
            0.5368589961955835,
            -0.011653259357397696,
            0.5037853068570644,
            0.06011860738567533,
            0.9999999999999999,
            0.6848602514927513,
            0.0,
            0.0,
            0.0,
            0.5309377177727691,
            0.5506761476117528,
            -0.1629252589812394,
            -0.4950598815968534,
            0.05062755298678424,
            0.10009416738893698,
            0.28440592792438746,
            -0.017071137147074682,
            -0.13065939382059952,
            0.016397261051626207
        ],
        [
            0.5368589961955835,
            0.8592354570681516,
            -0.004021389898566766,
            0.1738498287824746,
            0.020746158052612346,
            0.6848602514927513,
            1.0000000000000002,
            0.0,
            0.0,
            0.0,
            0.5506761476117528,
            0.87295461186176,
            -0.052985398595545775,
            -0.16099986778657438,
            0.01646473414678302,
            0.28440592792438746,
            0.5779645360533797,
            -0.021702802858629373,
            -0.16610932483794194,
            0.020846093670210303
        ],
        [
            0.011653259357397718,
            0.004021389898566788,
            0.40453790681081203,
            0.016689014435178222,
            0.0019915632568597566,
            0.0,
            0.0,
            1.0000000000000004,
            0.0,
            0.0,
            0.1629252589812394,
            0.052985398595545796,
            0.3752457468637746,
            -0.21197919862681067,
            0.021678161591195934,
            0.01707113714707468,
            0.021702802858629366,
            0.03400426840415581,
            -0.031509396141056925,
            0.0039543103560806285
        ],
        [
            -0.5037853068570644,
            -0.1738498287824746,
            0.01668901443517819,
            -0.3165634926613485,
            -0.08609782685780695,
            0.0,
            0.0,
            0.0,
            1.0000000000000004,
            0.0,
            0.4950598815968534,
            0.1609998677865747,
            -0.21197919862681044,
            -0.1991051827294591,
            0.06587062176657749,
            0.1306593938205995,
            0.16610932483794202,
            -0.031509396141056925,
            -0.20304612627619872,
            0.030265575728946118
        ],
        [
            -0.06011860738567529,
            -0.020746158052612325,
            0.001991563256859754,
            -0.086097826857807,
            0.394649567535754,
            0.0,
            0.0,
            0.0,
            0.0,
            1.0000000000000004,
            -0.050627552986784216,
            -0.016464734146782997,
            0.021678161591195934,
            0.06587062176657756,
            0.43827225860717167,
            -0.016397261051626207,
            -0.020846093670210286,
            0.003954310356080627,
            0.030265575728946108,
            0.03432287295008961
        ],
        [
            0.09874458959192675,
            0.28281935442560147,
            0.01865356842821457,
            0.12968020971451166,
            0.0018526038282893264,
            0.5309377177727691,
            0.5506761476117528,
            0.1629252589812394,
            0.4950598815968534,
            -0.050627552986784216,
            0.9999999999999999,
            0.6848602514927513,
            0.0,
            0.0,
            0.0,
            0.5039634173947957,
            0.5401045091916908,
            0.025930152120273664,
            -0.5054405948011211,
            0.0741968046595336
        ],
        [
            0.28281935442560147,
            0.5759477817727093,
            0.023965374278778054,
            0.16660805541410129,
            0.0023801528541903937,
            0.5506761476117528,
            0.87295461186176,
            0.052985398595545775,
            0.16099986778657474,
            -0.016464734146783,
            0.6848602514927513,
            1.0000000000000002,
            0.0,
            0.0,
            0.0,
            0.5401045091916908,
            0.8624699070790924,
            0.008823784373962425,
            -0.17199663163122744,
            0.025248467595408223
        ],
        [
            -0.01865356842821457,
            -0.023965374278778054,
            0.032359569996267275,
            -0.034591064266140406,
            -0.0004941659041509291,
            -0.1629252589812394,
            -0.052985398595545796,
            0.3752457468637746,
            -0.21197919862681053,
            0.02167816159119594,
            0.0,
            0.0,
            1.0000000000000004,
            0.0,
            0.0,
            -0.025930152120273654,
            -0.008823784373962421,
            0.4122158983840872,
            0.036575446834072406,
            -0.0053691399384939355
        ],
        [
            -0.1296802097145116,
            -0.16660805541410106,
            -0.034591064266140406,
            -0.20314294853513187,
            -0.003435457313739702,
            -0.495059881596853,
            -0.16099986778657435,
            -0.21197919862681058,
            -0.1991051827294591,
            0.06587062176657756,
            0.0,
            0.0,
            0.0,
            1.0000000000000004,
            0.0,
            0.5054405948011211,
            0.17199663163122741,
            0.03657544683407244,
            -0.29885051857887435,
            0.10465736072412168
        ],
        [
            -0.0018526038282893264,
            -0.0023801528541903933,
            -0.0004941659041509298,
            -0.003435457313739707,
            0.03728616785054546,
            0.05062755298678424,
            0.016464734146783018,
            0.021678161591195923,
            0.06587062176657749,
            0.4382722586071717,
            0.0,
            0.0,
            0.0,
            0.0,
            1.0000000000000004,
            -0.07419680465953357,
            -0.025248467595408188,
            -0.005369139938493934,
            0.10465736072412157,
            0.39872898237521814
        ],
        [
            0.007031817479630583,
            0.09222403851449429,
            0.0006089738655316407,
            0.007874428757483636,
            -0.0003197993509365796,
            0.10009416738893698,
            0.28440592792438746,
            0.017071137147074682,
            0.13065939382059957,
            -0.016397261051626207,
            0.5039634173947957,
            0.5401045091916908,
            -0.02593015212027367,
            0.5054405948011211,
            -0.0741968046595336,
            0.9999999999999999,
            0.6848602514927513,
            0.0,
            0.0,
            0.0
        ],
        [
            0.09222403851449423,
            0.2855805625820925,
            0.005879120663796428,
            0.0760208597511801,
            -0.0030873886036448354,
            0.28440592792438746,
            0.5779645360533797,
            0.021702802858629376,
            0.1661093248379421,
            -0.0208460936702103,
            0.5401045091916908,
            0.8624699070790924,
            -0.008823784373962425,
            0.17199663163122744,
            -0.02524846759540822,
            0.6848602514927513,
            1.0000000000000002,
            0.0,
            0.0,
            0.0
        ],
        [
            -0.0006089738655316402,
            -0.005879120663796429,
            0.0005204293814192212,
            -0.0006546244940622341,
            2.6585863528110573e-05,
            -0.01707113714707468,
            -0.021702802858629362,
            0.03400426840415581,
            -0.03150939614105694,
            0.0039543103560806285,
            0.025930152120273664,
            0.008823784373962421,
            0.4122158983840872,
            0.03657544683407244,
            -0.005369139938493934,
            0.0,
            0.0,
            1.0000000000000004,
            0.0,
            0.0
        ],
        [
            -0.00787442875748363,
            -0.07602085975118018,
            -0.0006546244940622343,
            -0.007893665945017982,
            0.0003437725330388781,
            -0.13065939382059952,
            -0.16610932483794183,
            -0.03150939614105692,
            -0.2030461262761988,
            0.030265575728946108,
            -0.5054405948011205,
            -0.17199663163122741,
            0.036575446834072406,
            -0.29885051857887435,
            0.10465736072412157,
            0.0,
            0.0,
            0.0,
            1.0000000000000004,
            0.0
        ],
        [
            0.00031979935093657934,
            0.0030873886036448367,
            2.6585863528110583e-05,
            0.0003437725330388781,
            0.0005570937522043064,
            0.016397261051626207,
            0.020846093670210286,
            0.003954310356080627,
            0.030265575728946118,
            0.03432287295008961,
            0.07419680465953359,
            0.025248467595408195,
            -0.0053691399384939355,
            0.10465736072412168,
            0.39872898237521814,
            0.0,
            0.0,
            0.0,
            0.0,
            1.0000000000000004
        ]
    ],
    "h": [
        [
            -0.22805603952884956,
            -0.4496279132920087,
            0.0034222184844682167,
            -0.25026803064878933,
            -0.029274102236703962,
            -0.5382663596822164,
            -0.4395655224218926,
            -0.00999622819516563,
            0.04260732558422564,
            0.007542965069032875,
            -0.21736581466137272,
            -0.2899510511712672,
            0.05918505703708614,
            0.28086226471389797,
            -0.013942093558624979,
            0.003700592926160713,
            -0.10928475767717948,
            0.004562247316068166,
            0.04460906259055551,
            -0.003809339960583541
        ],
        [
            -0.4496279132920087,
            -0.30718400844342053,
            0.0017253486076901133,
            -0.2236044584024967,
            -0.02534454714740046,
            -0.5159892331265173,
            -0.36190118948032746,
            -0.03469203374380217,
            0.1059947659347858,
            0.031547443644619116,
            -0.3109959353052971,
            -0.2986185727094558,
            0.05864468748562,
            0.1786868659562176,
            -0.012518413846856792,
            -0.10964240999712732,
            -0.17426672044402913,
            0.002292834096179454,
            0.10082495889839461,
            -0.012314631818617078
        ],
        [
            0.0034222184844682167,
            0.0017253486076901133,
            1.4888039883994457,
            0.0026576189609923903,
            0.0005791090757687854,
            -0.0049114702311816045,
            -0.00075241142948489,
            0.3029083180335326,
            0.019763571685404272,
            0.0034507674725555437,
            -0.015121192994750426,
            -0.0007751865675036732,
            -0.04045617607451402,
            0.010111584985547067,
            -0.00017819492503310763,
            -0.004853451148015452,
            -0.004142933024169645,
            -0.0018031086094156012,
            0.0044139018419441485,
            -0.00036050780470944256
        ],
        [
            -0.25026803064878933,
            -0.2236044584024967,
            0.0026576189609923903,
            1.2482165372350646,
            -0.02731944744476438,
            -0.08513234408032477,
            -0.2117437812969707,
            0.005892840746069862,
            -0.6744695035012347,
            -0.1071744953216208,
            -0.2200952385967356,
            -0.1713616653659618,
            0.059658578284970704,
            0.19932921314357022,
            -0.011956536097105484,
            -0.044576568811388356,
            -0.10030947257812978,
            0.003906946681278646,
            0.05877610920802319,
            -0.004959564470581436
        ],
        [
            -0.029274102236703962,
            -0.02534454714740046,
            0.0005791090757687854,
            -0.02731944744476438,
            1.4860809702052522,
            -0.006597566238135871,
            -0.022406616428853946,
            0.0019386030921104227,
            -0.11437419602450133,
            0.29162946821708646,
            -0.01331359945826115,
            -0.017742619838054415,
            0.00481621488837523,
            0.01959211544916975,
            -0.04403375798492519,
            0.0004316234809765286,
            -0.0062128870275479295,
            5.969643918598e-05,
            0.0002644152978285323,
            -0.0020680328961904335
        ],
        [
            -0.5382663596822164,
            -0.5159892331265173,
            -0.0049114702311816045,
            -0.08513234408032477,
            -0.006597566238135871,
            -0.4083443274942282,
            -0.5848322225116553,
            -0.07446994796908299,
            0.02644260004979493,
            0.049001338540770614,
            -0.5101935465535768,
            -0.4998730711728876,
            0.020478052568049132,
            0.05031218600501608,
            0.0025922679238037927,
            -0.2204230419960965,
            -0.3123055956227211,
            0.010792681936210774,
            0.2216592595541778,
            -0.02971821343246259
        ],
        [
            -0.4395655224218926,
            -0.36190118948032746,
            -0.00075241142948489,
            -0.2117437812969707,
            -0.022406616428853946,
            -0.5848322225116553,
            -0.4330431452057395,
            -0.06544398239572419,
            0.0014800385441491454,
            0.04289272420055043,
            -0.5009991241047351,
            -0.40793118697819564,
            0.07048298151176868,
            0.11766183064557756,
            -0.0034322984111077592,
            -0.2924950316312975,
            -0.2995168625636606,
            -0.0036532745302608957,
            0.17307179458374747,
            -0.025049415981078633
        ],
        [
            -0.00999622819516563,
            -0.03469203374380217,
            0.3029083180335326,
            0.005892840746069862,
            0.0019386030921104227,
            -0.07446994796908299,
            -0.06544398239572419,
            1.3882136951751454,
            -0.0716676897196573,
            0.008310658441411564,
            -0.018870147107267587,
            -0.06709183149880998,
            0.2591417503623067,
            -0.29866671936798933,
            0.031305943873558936,
            -0.05859576201740251,
            -0.05770159210742681,
            -0.0423600771615889,
            0.05848170736073612,
            -0.008199579891139938
        ],
        [
            0.04260732558422564,
            0.1059947659347858,
            0.019763571685404272,
            -0.6744695035012347,
            -0.11437419602450133,
            0.02644260004979493,
            0.0014800385441491454,
            -0.0716676897196573,
            0.9183664455911815,
            -0.0018069015560714663,
            -0.05185520644566455,
            -0.11861032428237056,
            -0.29677261919706405,
            -0.6676040426311226,
            0.10293358821934676,
            -0.2828384497087236,
            -0.17917640437057877,
            0.004193700518064329,
            0.19800762510263187,
            -0.03402800297363372
        ],
        [
            0.007542965069032875,
            0.031547443644619116,
            0.0034507674725555437,
            -0.1071744953216208,
            0.29162946821708646,
            0.049001338540770614,
            0.04289272420055043,
            0.008310658441411564,
            -0.0018069015560714663,
            1.4067506687759839,
            0.014348926767510026,
            0.03505375203711465,
            0.027219826658333494,
            0.08736944619657525,
            0.3426777923521852,
            0.02726190972590075,
            0.023700035885899036,
            -0.0007665628154798756,
            -0.02732399662257262,
            -0.039487284822257704
        ],
        [
            -0.21736581466137272,
            -0.3109959353052971,
            -0.015121192994750426,
            -0.2200952385967356,
            -0.01331359945826115,
            -0.5101935465535768,
            -0.5009991241047351,
            -0.018870147107267587,
            -0.05185520644566455,
            0.014348926767510026,
            -0.4142229574445728,
            -0.5874757513062543,
            0.08124981368251444,
            -0.030712248229793543,
            0.013209384065288767,
            -0.5443729830761104,
            -0.5195260883014219,
            0.003186470437789954,
            0.0834371247995973,
            -0.012105500701768745
        ],
        [
            -0.2899510511712672,
            -0.2986185727094558,
            -0.0007751865675036732,
            -0.1713616653659618,
            -0.017742619838054415,
            -0.4998730711728876,
            -0.40793118697819564,
            -0.06709183149880998,
            -0.11861032428237056,
            0.03505375203711465,
            -0.5874757513062543,
            -0.43362202108715375,
            0.07117078057797951,
            -0.003256198774160307,
            0.010220228518013238,
            -0.4428854624484202,
            -0.3625526046827213,
            -0.004880471197040777,
            0.21415818608887077,
            -0.03137777279762986
        ],
        [
            0.05918505703708614,
            0.05864468748562,
            -0.04045617607451402,
            0.059658578284970704,
            0.00481621488837523,
            0.020478052568049132,
            0.07048298151176868,
            0.2591417503623067,
            -0.29677261919706405,
            0.027219826658333494,
            0.08124981368251444,
            0.07117078057797951,
            1.3862627003063963,
            -0.06519814910825163,
            0.005737210651882628,
            0.01141275875774135,
            0.04034068844831615,
            0.31379686832728204,
            0.03190425236145354,
            -0.004947657179398528
        ],
        [
            0.28086226471389797,
            0.1786868659562176,
            0.010111584985547067,
            0.19932921314357022,
            0.01959211544916975,
            0.05031218600501608,
            0.11766183064557756,
            -0.29866671936798933,
            -0.6676040426311226,
            0.08736944619657525,
            -0.030712248229793543,
            -0.003256198774160307,
            -0.06519814910825163,
            0.9138918186148146,
            0.05782087136656082,
            -0.039406881208305045,
            -0.10697024262598592,
            0.046715410510078596,
            -0.6594510515466058,
            0.14238784824174633
        ],
        [
            -0.013942093558624979,
            -0.012518413846856792,
            -0.00017819492503310763,
            -0.011956536097105484,
            -0.04403375798492519,
            0.0025922679238037927,
            -0.0034322984111077592,
            0.031305943873558936,
            0.10293358821934676,
            0.3426777923521852,
            0.013209384065288767,
            0.010220228518013238,
            0.005737210651882628,
            0.05782087136656082,
            1.4037695373533636,
            0.0038660982345837813,
            0.01848408942648211,
            -0.007130561910705222,
            0.142090362718395,
            0.29691924527759006
        ],
        [
            0.003700592926160713,
            -0.10964240999712732,
            -0.004853451148015452,
            -0.044576568811388356,
            0.0004316234809765286,
            -0.2204230419960965,
            -0.2924950316312975,
            -0.05859576201740251,
            -0.2828384497087236,
            0.02726190972590075,
            -0.5443729830761104,
            -0.4428854624484202,
            0.01141275875774135,
            -0.039406881208305045,
            0.0038660982345837813,
            -0.23402509226772028,
            -0.45235766535508337,
            -0.010631438423665233,
            0.25432300916106076,
            -0.03790745206657614
        ],
        [
            -0.10928475767717948,
            -0.17426672044402913,
            -0.004142933024169645,
            -0.10030947257812978,
            -0.0062128870275479295,
            -0.3123055956227211,
            -0.2995168625636606,
            -0.05770159210742681,
            -0.17917640437057877,
            0.023700035885899036,
            -0.5195260883014219,
            -0.3625526046827213,
            0.04034068844831615,
            -0.10697024262598592,
            0.01848408942648211,
            -0.45235766535508337,
            -0.30801656892630214,
            -0.007931373900323469,
            0.22553202172768283,
            -0.03346712453667802
        ],
        [
            0.004562247316068166,
            0.002292834096179454,
            -0.0018031086094156012,
            0.003906946681278646,
            5.969643918598e-05,
            0.010792681936210774,
            -0.0036532745302608957,
            -0.0423600771615889,
            0.004193700518064329,
            -0.0007665628154798756,
            0.003186470437789954,
            -0.004880471197040777,
            0.31379686832728204,
            0.046715410510078596,
            -0.007130561910705222,
            -0.010631438423665233,
            -0.007931373900323469,
            1.4864725114428758,
            0.009398275797079565,
            -0.0014107507357495235
        ],
        [
            0.04460906259055551,
            0.10082495889839461,
            0.0044139018419441485,
            0.05877610920802319,
            0.0002644152978285323,
            0.2216592595541778,
            0.17307179458374747,
            0.05848170736073612,
            0.19800762510263187,
            -0.02732399662257262,
            0.0834371247995973,
            0.21415818608887077,
            0.03190425236145354,
            -0.6594510515466058,
            0.142090362718395,
            0.25432300916106076,
            0.22553202172768283,
            0.009398275797079565,
            1.242901044302911,
            0.03588695427626745
        ],
        [
            -0.003809339960583541,
            -0.012314631818617078,
            -0.00036050780470944256,
            -0.004959564470581436,
            -0.0020680328961904335,
            -0.02971821343246259,
            -0.025049415981078633,
            -0.008199579891139938,
            -0.03402800297363372,
            -0.039487284822257704,
            -0.012105500701768745,
            -0.03137777279762986,
            -0.004947657179398528,
            0.14238784824174633,
            0.29691924527759006,
            -0.03790745206657614,
            -0.03346712453667802,
            -0.0014107507357495235,
            0.03588695427626745,
            1.4821446042248871
        ]
    ]
}