{
    "HF": -2.154054102304136,
    "coordinates": [
        [
            0.736454,
            -0.159626,
            0.123113
        ],
        [
            1.52876,
            0.14819,
            0.108632
        ],
        [
            2.305858,
            0.135004,
            -0.075279
        ],
        [
            2.961168,
            -0.126804,
            0.06902
        ]
    ],
    "elements": [
        "H",
        "H",
        "H",
        "H"
    ],
    "Enn": 2.949034658740006,
    "S": [
        [
            0.9999999999999999,
            0.6848602514927513,
            0.0,
            0.0,
            0.0,
            0.48389747481017875,
            0.5319564544148458,
            0.008537144143796947,
            -0.46709692203543784,
            -0.18147017207147287,
            0.09415106038417642,
            0.2773161505629157,
            0.015414753644192682,
            -0.12194027999219001,
            -0.02289229841016013,
            0.013411949678615503,
            0.1217723603164914,
            0.0003930610533918097,
            -0.016165648574409018,
            -0.00023849758553650145
        ],
        [
            0.6848602514927513,
            1.0000000000000002,
            0.0,
            0.0,
            0.0,
            0.5319564544148458,
            0.8543354850084759,
            0.003009245136682053,
            -0.16464629357530636,
            -0.06396614881520078,
            0.2773161505629157,
            0.5689190030066231,
            0.020548264024252992,
            -0.16254953704140668,
            -0.03051602398012855,
            0.1217723603164914,
            0.33993052622784625,
            0.002319267168251988,
            -0.09538583807425262,
            -0.001407261327646215
        ],
        [
            0.0,
            0.0,
            1.0000000000000004,
            0.0,
            0.0,
            -0.008537144143796947,
            -0.0030092451366820518,
            0.39114364994943523,
            0.01165725851537476,
            0.004528920249459928,
            -0.015414753644192682,
            -0.020548264024253006,
            0.031155101961444696,
            0.028049983739153836,
            0.005265926879928237,
            -0.0003930610533918097,
            -0.002319267168251984,
            0.00160042232938013,
            0.0005038412506475366,
            7.433349872726757e-06
        ],
        [
            0.0,
            0.0,
            0.0,
            1.0000000000000004,
            0.0,
            0.46709692203543784,
            0.16464629357530594,
            0.01165725851537476,
            -0.24645254800751862,
            -0.2477930175518678,
            0.12194027999219001,
            0.16254953704140668,
            0.028049983739153826,
            -0.18719183605495063,
            -0.041656753846258374,
            0.016165648574409008,
            0.09538583807425258,
            0.0005038412506475364,
            -0.019109096599883437,
            -0.0003057156661444813
        ],
        [
            0.0,
            0.0,
            0.0,
            0.0,
            1.0000000000000004,
            0.18147017207147284,
            0.0639661488152007,
            0.004528920249459926,
            -0.24779301755186772,
            0.29508752172349145,
            0.02289229841016013,
            0.03051602398012855,
            0.005265926879928235,
            -0.041656753846258374,
            0.026880589463869245,
            0.00023849758553650145,
            0.0014072613276462104,
            7.433349872726767e-06,
            -0.0003057156661444819,
            0.0016081626884451976
        ],
        [
            0.48389747481017875,
            0.5319564544148458,
            -0.008537144143796947,
            0.46709692203543784,
            0.18147017207147287,
            0.9999999999999999,
            0.6848602514927513,
            0.0,
            0.0,
            0.0,
            0.5239072504178328,
            0.5479614595543767,
            0.11989639464343965,
            -0.5066105262035857,
            0.00859629853444542,
            0.13923980659284424,
            0.32558702537158485,
            0.0049574929833342005,
            -0.1792677120385684,
            0.034415854424391726
        ],
        [
            0.5319564544148458,
            0.8543354850084759,
            -0.003009245136682053,
            0.1646462935753062,
            0.06396614881520078,
            0.6848602514927513,
            1.0000000000000002,
            0.0,
            0.0,
            0.0,
            0.5479614595543767,
            0.8702696104364875,
            0.039446729152244814,
            -0.1666783081531349,
            0.0028282406740298294,
            0.32558702537158485,
            0.6289100601069525,
            0.0048712591895324585,
            -0.17614941515600813,
            0.03381720310931756
        ],
        [
            0.008537144143796947,
            0.0030092451366820518,
            0.39114364994943523,
            0.01165725851537476,
            0.004528920249459928,
            0.0,
            0.0,
            1.0000000000000004,
            0.0,
            0.0,
            -0.11989639464343962,
            -0.03944672915224478,
            0.3985484061037597,
            0.16211072805021465,
            -0.0027507367926183487,
            -0.004957492983334198,
            -0.0048712591895324455,
            0.06280772078632584,
            0.009289909258529594,
            -0.0017834788039721146
        ],
        [
            -0.46709692203543784,
            -0.16464629357530594,
            0.01165725851537476,
            -0.24645254800751862,
            -0.2477930175518678,
            0.0,
            0.0,
            0.0,
            1.0000000000000004,
            0.0,
            0.5066105262035857,
            0.16667830815313447,
            0.16211072805021468,
            -0.24806892211504367,
            0.011622970132673598,
            0.1792677120385683,
            0.1761494151560081,
            0.009289909258529608,
            -0.27286742424525073,
            0.06449230805412727
        ],
        [
            -0.18147017207147284,
            -0.0639661488152007,
            0.004528920249459926,
            -0.24779301755186772,
            0.29508752172349145,
            0.0,
            0.0,
            0.0,
            0.0,
            1.0000000000000004,
            -0.008596298534445415,
            -0.0028282406740298286,
            -0.0027507367926183374,
            0.011622970132673544,
            0.43671693262457634,
            -0.0344158544243917,
            -0.03381720310931753,
            -0.001783478803972116,
            0.06449230805412723,
            0.050683377808984326
        ],
        [
            0.09415106038417642,
            0.2773161505629157,
            -0.015414753644192682,
            0.12194027999219001,
            0.02289229841016013,
            0.5239072504178328,
            0.5479614595543767,
            -0.11989639464343965,
            0.5066105262035857,
            -0.00859629853444542,
            0.9999999999999999,
            0.6848602514927513,
            0.0,
            0.0,
            0.0,
            0.5866617464658164,
            0.5712475262161076,
            -0.10854209426039424,
            -0.4929259370458486,
            0.19693267877203097
        ],
        [
            0.2773161505629157,
            0.5689190030066231,
            -0.020548264024252992,
            0.16254953704140668,
            0.03051602398012855,
            0.5479614595543767,
            0.8702696104364875,
            -0.039446729152244814,
            0.16667830815313453,
            -0.0028282406740298294,
            0.6848602514927513,
            1.0000000000000002,
            0.0,
            0.0,
            0.0,
            0.5712475262161077,
            0.8931398682395494,
            -0.03235640132742717,
            -0.14694123558636107,
            0.058705637036507906
        ],
        [
            0.015414753644192682,
            0.020548264024253006,
            0.031155101961444696,
            0.028049983739153836,
            0.005265926879928237,
            0.11989639464343962,
            0.03944672915224478,
            0.3985484061037597,
            0.16211072805021465,
            -0.0027507367926183366,
            0.0,
            0.0,
            1.0000000000000004,
            0.0,
            0.0,
            0.10854209426039423,
            0.03235640132742716,
            0.48238403851352896,
            -0.1251902810218811,
            0.05001574383692704
        ],
        [
            -0.12194027999219001,
            -0.16254953704140668,
            0.028049983739153826,
            -0.18719183605495063,
            -0.041656753846258374,
            -0.5066105262035857,
            -0.16667830815313414,
            0.16211072805021468,
            -0.24806892211504367,
            0.011622970132673544,
            0.0,
            0.0,
            0.0,
            1.0000000000000004,
            0.0,
            0.4929259370458486,
            0.14694123558636105,
            -0.1251902810218811,
            -0.05858003048925345,
            0.22713821366590653
        ],
        [
            -0.02289229841016013,
            -0.03051602398012855,
            0.005265926879928235,
            -0.041656753846258374,
            0.026880589463869245,
            0.00859629853444542,
            0.0028282406740298286,
            -0.0027507367926183496,
            0.011622970132673598,
            0.43671693262457634,
            0.0,
            0.0,
            0.0,
            0.0,
            1.0000000000000004,
            -0.19693267877203094,
            -0.05870563703650787,
            0.05001574383692704,
            0.22713821366590653,
            0.4192051322214423
        ],
        [
            0.013411949678615503,
            0.1217723603164914,
            -0.00039306105339180996,
            0.01616564857440901,
            0.00023849758553650145,
            0.13923980659284424,
            0.32558702537158485,
            -0.0049574929833342005,
            0.1792677120385684,
            -0.034415854424391726,
            0.5866617464658164,
            0.5712475262161076,
            0.10854209426039424,
            0.4929259370458486,
            -0.19693267877203097,
            0.9999999999999999,
            0.6848602514927513,
            0.0,
            0.0,
            0.0
        ],
        [
            0.1217723603164914,
            0.33993052622784625,
            -0.002319267168251984,
            0.09538583807425262,
            0.0014072613276462104,
            0.32558702537158485,
            0.6289100601069525,
            -0.0048712591895324455,
            0.17614941515600813,
            -0.03381720310931756,
            0.5712475262161077,
            0.8931398682395494,
            0.03235640132742717,
            0.14694123558636107,
            -0.058705637036507906,
            0.6848602514927513,
            1.0000000000000002,
            0.0,
            0.0,
            0.0
        ],
        [
            0.0003930610533918097,
            0.002319267168251984,
            0.00160042232938013,
            0.0005038412506475364,
            7.433349872726766e-06,
            0.004957492983334198,
            0.0048712591895324455,
            0.06280772078632584,
            0.009289909258529606,
            -0.0017834788039721157,
            -0.10854209426039423,
            -0.03235640132742716,
            0.48238403851352896,
            -0.1251902810218811,
            0.05001574383692704,
            0.0,
            0.0,
            1.0000000000000004,
            0.0,
            0.0
        ],
        [
            -0.016165648574409008,
            -0.09538583807425262,
            0.0005038412506475367,
            -0.019109096599883437,
            -0.0003057156661444819,
            -0.1792677120385683,
            -0.1761494151560081,
            0.009289909258529596,
            -0.2728674242452506,
            0.06449230805412723,
            -0.4929259370458486,
            -0.14694123558636105,
            -0.1251902810218811,
            -0.05858003048925345,
            0.22713821366590653,
            0.0,
            0.0,
            0.0,
            1.0000000000000004,
            0.0
        ],
        [
            -0.00023849758553650145,
            -0.001407261327646215,
            7.433349872726758e-06,
            -0.0003057156661444813,
            0.0016081626884451976,
            0.0344158544243917,
            0.03381720310931753,
            -0.0017834788039721148,
            0.06449230805412727,
            0.050683377808984326,
            0.19693267877203094,
            0.05870563703650787,
            0.05001574383692704,
            0.22713821366590653,
            0.4192051322214423,
            0.0,
            0.0,
            0.0,
            0.0,
            1.0000000000000004
        ]
    ],
    "h": [
        [
            -0.2134887176362037,
            -0.442816661033405,
            0.005914923319255824,
            -0.22744693126627719,
            -0.08818366971478267,
            -0.5244916432375746,
            -0.4314531411310777,
            0.005419048259818879,
            0.045477762808530664,
            0.016733902245931076,
            -0.2029143650181815,
            -0.2811159748792754,
            -0.041547848178795525,
            0.27310116740547663,
            0.014564935319325567,
            -0.012965531900817714,
            -0.13571741864937054,
            -0.0017037105301995832,
            0.06876745243940341,
            -0.005736072327265952
        ],
        [
            -0.442816661033405,
            -0.30357637504939317,
            0.006105779383736491,
            -0.20540673438431578,
            -0.07817261923038539,
            -0.5081107054865326,
            -0.3607369631643278,
            0.018422531117587557,
            0.08879001794705074,
            0.06899478353161986,
            -0.3103124398600558,
            -0.2980477241894425,
            -0.0488276845162028,
            0.17193202534197974,
            0.015966150205724144,
            -0.1397640972072991,
            -0.1970576257335137,
            0.011132658269870154,
            0.11790184778870436,
            -0.030681185286143695
        ],
        [
            0.005914923319255824,
            0.006105779383736491,
            1.5038283706782485,
            0.005511322330999281,
            0.0018082070484078839,
            0.005647019633548956,
            0.007059642779017801,
            0.2888061009085457,
            0.017358122070619278,
            0.004993305874060014,
            0.015923235034615006,
            0.00547275868450002,
            -0.03836668389686057,
            -0.01497275783503619,
            -0.001757561966010894,
            0.003967706142883326,
            0.004909836281630444,
            -0.005304776448239134,
            -0.003729539601470248,
            0.0005565360286009682
        ],
        [
            -0.22744693126627719,
            -0.20540673438431578,
            0.005511322330999281,
            1.2996648048942416,
            -0.07736267782303323,
            -0.07579793320521633,
            -0.19203492905574326,
            0.025605977265907555,
            -0.5737177609667165,
            -0.31914300764737524,
            -0.2034764362496902,
            -0.15479776818743407,
            -0.0435460505604806,
            0.18875985165894932,
            0.019187550427850697,
            -0.06404268998387398,
            -0.10431448784633593,
            0.0006319805611365817,
            0.08898134739439892,
            -0.007958325664236182
        ],
        [
            -0.08818366971478267,
            -0.07817261923038539,
            0.0018082070484078839,
            -0.07736267782303323,
            1.47437246907917,
            -0.023925656239839443,
            -0.07002687286054217,
            0.008434679431335496,
            -0.32979022635666844,
            0.1648897163072851,
            -0.05456518705165562,
            -0.055548233927506595,
            -0.013138151230781653,
            0.07159871391431852,
            -0.03663623133232446,
            -0.007174436815778979,
            -0.029513329182746885,
            0.00014295450778099356,
            0.01067666528667803,
            -0.006762263128772039
        ],
        [
            -0.5244916432375746,
            -0.5081107054865326,
            0.005647019633548956,
            -0.07579793320521633,
            -0.023925656239839443,
            -0.38938643039677134,
            -0.578081137443563,
            0.04556207370018324,
            -0.0031162348733387024,
            0.0861972584076988,
            -0.511465351847114,
            -0.4955963726751961,
            -0.025149882904830417,
            0.038158347204142906,
            0.02702305981725251,
            -0.2740601972230349,
            -0.34664023031846636,
            0.019975315706696146,
            0.2467755680084961,
            -0.06862824999549069
        ],
        [
            -0.4314531411310777,
            -0.3607369631643278,
            0.007059642779017801,
            -0.19203492905574326,
            -0.07002687286054217,
            -0.578081137443563,
            -0.43345178288209496,
            0.039919123801663764,
            -0.024759672890807202,
            0.07576431557156746,
            -0.5123146571993307,
            -0.4089255377061898,
            -0.07281227575299778,
            0.10800804349965798,
            0.047224738081627034,
            -0.3343332961859391,
            -0.32201658795055965,
            0.03192230271831922,
            0.19271399236655984,
            -0.06833708363443884
        ],
        [
            0.005419048259818879,
            0.018422531117587557,
            0.2888061009085457,
            0.025605977265907555,
            0.008434679431335496,
            0.04556207370018324,
            0.039919123801663764,
            1.4074062320345306,
            0.0601290953411108,
            0.0002260571354874175,
            0.010802914639043315,
            0.04286230884681351,
            0.2900841699584645,
            0.22831217503637002,
            -0.007199570062724056,
            0.041435021597277355,
            0.04098889127930842,
            -0.05186686629675022,
            -0.03973632592047856,
            0.013490553253959658
        ],
        [
            0.045477762808530664,
            0.08879001794705074,
            0.017358122070619278,
            -0.5737177609667165,
            -0.32979022635666844,
            -0.0031162348733387024,
            -0.024759672890807202,
            0.0601290953411108,
            0.9336078725178061,
            -0.06776277474512832,
            -0.08909018000176328,
            -0.143521862630613,
            0.20567146611499865,
            -0.7324074798832064,
            0.04641360239423055,
            -0.32346898743000074,
            -0.1901933857196843,
            0.03837717033753149,
            0.1302663335331966,
            -0.07198052293584026
        ],
        [
            0.016733902245931076,
            0.06899478353161986,
            0.004993305874060014,
            -0.31914300764737524,
            0.1648897163072851,
            0.0861972584076988,
            0.07576431557156746,
            0.0002260571354874175,
            -0.06776277474512832,
            1.3908612621467134,
            0.02623423259864791,
            0.04749531107864838,
            0.0019604621780612494,
            -0.0029649378379913716,
            0.3351536996821046,
            0.023813618273233167,
            0.023243519074099342,
            -0.002508833648171937,
            -0.007357206659007742,
            -0.042610654614666135
        ],
        [
            -0.2029143650181815,
            -0.3103124398600558,
            0.015923235034615006,
            -0.2034764362496902,
            -0.05456518705165562,
            -0.511465351847114,
            -0.5123146571993307,
            0.010802914639043315,
            -0.08909018000176328,
            0.02623423259864791,
            -0.47204212820091374,
            -0.6079158778036189,
            -0.10873510817195045,
            -0.06574490066598856,
            0.10274968431948686,
            -0.6155028803472057,
            -0.5582842113009303,
            0.004007389371034981,
            0.07889636638642505,
            -0.022362298234449296
        ],
        [
            -0.2811159748792754,
            -0.2980477241894425,
            0.00547275868450002,
            -0.15479776818743407,
            -0.055548233927506595,
            -0.4955963726751961,
            -0.4089255377061898,
            0.04286230884681351,
            -0.143521862630613,
            0.04749531107864838,
            -0.6079158778036189,
            -0.4319386776976515,
            -0.08906226000547107,
            -0.011330421402897,
            0.07930003202321617,
            -0.4827402145238442,
            -0.3742017844244123,
            0.04094387424510168,
            0.23721859893692465,
            -0.08681545341107809
        ],
        [
            -0.041547848178795525,
            -0.0488276845162028,
            -0.03836668389686057,
            -0.0435460505604806,
            -0.013138151230781653,
            -0.025149882904830417,
            -0.07281227575299778,
            0.2900841699584645,
            0.20567146611499865,
            0.0019604621780612494,
            -0.10873510817195045,
            -0.08906226000547107,
            1.3709291579711385,
            0.003285445420214493,
            0.0201174386176845,
            -0.01630552858339454,
            -0.06957405361896615,
            0.41574555140125136,
            -0.158709144952354,
            0.0666759243706935
        ],
        [
            0.27310116740547663,
            0.17193202534197974,
            -0.01497275783503619,
            0.18875985165894932,
            0.07159871391431852,
            0.038158347204142906,
            0.10800804349965798,
            0.22831217503637002,
            -0.7324074798832064,
            -0.0029649378379913716,
            -0.06574490066598856,
            -0.011330421402897,
            0.003285445420214493,
            0.8866906230464933,
            0.09780431522534103,
            -0.001891932425991949,
            -0.09567718234198849,
            -0.18033882927801684,
            -0.4071727106674008,
            0.3344126516957678
        ],
        [
            0.014564935319325567,
            0.015966150205724144,
            -0.001757561966010894,
            0.019187550427850697,
            -0.03663623133232446,
            0.02702305981725251,
            0.047224738081627034,
            -0.007199570062724056,
            0.04641360239423055,
            0.3351536996821046,
            0.10274968431948686,
            0.07930003202321617,
            0.0201174386176845,
            0.09780431522534103,
            1.3576102084486221,
            0.007508251519406373,
            0.07659855468497787,
            0.07210225383624876,
            0.31958806234386467,
            0.32614188559588253
        ],
        [
            -0.012965531900817714,
            -0.1397640972072991,
            0.003967706142883326,
            -0.06404268998387398,
            -0.007174436815778979,
            -0.2740601972230349,
            -0.3343332961859391,
            0.041435021597277355,
            -0.32346898743000074,
            0.023813618273233167,
            -0.6155028803472057,
            -0.4827402145238442,
            -0.01630552858339454,
            -0.001891932425991949,
            0.007508251519406373,
            -0.30518269321701164,
            -0.48360795079640995,
            0.059850641321037346,
            0.290538538629824,
            -0.11526553343543744
        ],
        [
            -0.13571741864937054,
            -0.1970576257335137,
            0.004909836281630444,
            -0.10431448784633593,
            -0.029513329182746885,
            -0.34664023031846636,
            -0.32201658795055965,
            0.04098889127930842,
            -0.1901933857196843,
            0.023243519074099342,
            -0.5582842113009303,
            -0.3742017844244123,
            -0.06957405361896615,
            -0.09567718234198849,
            0.07659855468497787,
            -0.48360795079640995,
            -0.32097304769930046,
            0.04619667077960808,
            0.24123041986704324,
            -0.09263283260226621
        ],
        [
            -0.0017037105301995832,
            0.011132658269870154,
            -0.005304776448239134,
            0.0006319805611365817,
            0.00014295450778099356,
            0.019975315706696146,
            0.03192230271831922,
            -0.05186686629675022,
            0.03837717033753149,
            -0.002508833648171937,
            0.004007389371034981,
            0.04094387424510168,
            0.41574555140125136,
            -0.18033882927801684,
            0.07210225383624876,
            0.059850641321037346,
            0.04619667077960808,
            1.45310930305545,
            -0.051345874057650114,
            0.020828897895663747
        ],
        [
            0.06876745243940341,
            0.11790184778870436,
            -0.003729539601470248,
            0.08898134739439892,
            0.01067666528667803,
            0.2467755680084961,
            0.19271399236655984,
            -0.03973632592047856,
            0.1302663335331966,
            -0.007357206659007742,
            0.07889636638642505,
            0.23721859893692465,
            -0.158709144952354,
            -0.4071727106674008,
            0.31958806234386467,
            0.290538538629824,
            0.24123041986704324,
            -0.051345874057650114,
            1.2008128212238427,
            0.10065946050658467
        ],
        [
            -0.005736072327265952,
            -0.030681185286143695,
            0.0005565360286009682,
            -0.007958325664236182,
            -0.006762263128772039,
            -0.06862824999549069,
            -0.06833708363443884,
            0.013490553253959658,
            -0.07198052293584026,
            -0.042610654614666135,
            -0.022362298234449296,
            -0.08681545341107809,
            0.0666759243706935,
            0.3344126516957678,
            0.32614188559588253,
            -0.11526553343543744,
            -0.09263283260226621,
            0.020828897895663747,
            0.10065946050658467,
            1.4252383722369135
        ]
    ]
}