{
    "HF": -2.1640618873475588,
    "coordinates": [
        [
            0.74606,
            -0.076138,
            -0.00173
        ],
        [
            1.582998,
            -0.167342,
            0.078593
        ],
        [
            2.361792,
            -0.003381,
            -0.004481
        ],
        [
            3.107313,
            0.157272,
            -0.053623
        ]
    ],
    "elements": [
        "H",
        "H",
        "H",
        "H"
    ],
    "Enn": 2.8679540071182115,
    "S": [
        [
            0.9999999999999999,
            0.6848602514927513,
            0.0,
            0.0,
            0.0,
            0.48727969558162487,
            0.5333475226650496,
            -0.047773175770372156,
            -0.4977800403732896,
            0.05424479567447705,
            0.09205316680909492,
            0.27474745550856716,
            0.00020797447674387532,
            -0.1221486794832189,
            -0.0055003994927132465,
            0.007747881406774134,
            0.09616436404037187,
            0.00019261349201392364,
            -0.00876436486343733,
            -0.0008663579899209897
        ],
        [
            0.6848602514927513,
            1.0000000000000002,
            0.0,
            0.0,
            0.0,
            0.5333475226650496,
            0.8557275633776447,
            -0.016738243234960846,
            -0.17440673053274502,
            0.019005698691549992,
            0.2747474555085673,
            0.56562016851457,
            0.00028210858432668506,
            -0.16568951914624633,
            -0.007461059349275406,
            0.0961643640403718,
            0.29317179321383957,
            0.0017268433632232013,
            -0.07857541618216092,
            -0.007767184579999759
        ],
        [
            0.0,
            0.0,
            1.0000000000000004,
            0.0,
            0.0,
            0.047773175770372135,
            0.01673824323496084,
            0.3885529976299456,
            -0.06896863219500168,
            0.007515748037146041,
            -0.00020797447674387537,
            -0.0002821085843266851,
            0.03351839470350741,
            0.00038679763096168267,
            1.7417638095847045e-05,
            -0.00019261349201392362,
            -0.0017268433632232003,
            0.0006630182255897726,
            0.00021240063045553255,
            2.0995814999335456e-05
        ],
        [
            0.0,
            0.0,
            0.0,
            1.0000000000000004,
            0.0,
            0.49778004037328943,
            0.17440673053274483,
            -0.0689686321950017,
            -0.3234573104286192,
            0.07831150642671382,
            0.12214867948321893,
            0.16568951914624627,
            0.0003867976309616826,
            -0.1936569953836863,
            -0.010229820151173805,
            0.008764364863437327,
            0.07857541618216082,
            0.00021240063045553252,
            -0.00899703986015962,
            -0.0009553587411524839
        ],
        [
            0.0,
            0.0,
            0.0,
            0.0,
            1.0000000000000004,
            -0.05424479567447706,
            -0.019005698691549968,
            0.007515748037146043,
            0.07831150642671385,
            0.38663821399203824,
            0.005500399492713246,
            0.007461059349275403,
            1.7417638095847055e-05,
            -0.010229820151173812,
            0.03305840075373346,
            0.0008663579899209897,
            0.007767184579999755,
            2.0995814999335463e-05,
            -0.0009553587411524843,
            0.0005732488625201769
        ],
        [
            0.48727969558162487,
            0.5333475226650496,
            0.04777317577037215,
            0.4977800403732895,
            -0.05424479567447706,
            0.9999999999999999,
            0.6848602514927513,
            0.0,
            0.0,
            0.0,
            0.5227118382236905,
            0.5474970685559883,
            0.054001722365438765,
            -0.5062500585967875,
            -0.10658179936875202,
            0.10624338353815753,
            0.2914716819974122,
            0.011899043367078765,
            -0.1371837772288427,
            -0.029214286195021078
        ],
        [
            0.5333475226650496,
            0.8557275633776447,
            0.01673824323496085,
            0.17440673053274486,
            -0.019005698691549992,
            0.6848602514927513,
            1.0000000000000002,
            0.0,
            0.0,
            0.0,
            0.5474970685559883,
            0.8698097913243865,
            0.017802267692604568,
            -0.16689095583930344,
            -0.035135874198270675,
            0.2914716819974122,
            0.5868948600442294,
            0.014443486281158121,
            -0.16651859677091718,
            -0.0354613500307971
        ],
        [
            -0.047773175770372135,
            -0.016738243234960842,
            0.3885529976299456,
            -0.06896863219500167,
            0.007515748037146041,
            0.0,
            0.0,
            1.0000000000000004,
            0.0,
            0.0,
            -0.054001722365438765,
            -0.01780226769260457,
            0.4277367942964465,
            0.07315570970982596,
            0.015401612390096452,
            -0.011899043367078763,
            -0.01444348628115812,
            0.039872723600601394,
            0.021854352907765308,
            0.004654043891716167
        ],
        [
            -0.49778004037328927,
            -0.17440673053274466,
            -0.06896863219500171,
            -0.3234573104286192,
            0.07831150642671385,
            0.0,
            0.0,
            0.0,
            1.0000000000000004,
            0.0,
            0.5062500585967875,
            0.1668909558393034,
            0.07315570970982596,
            -0.2502726654713751,
            -0.14438552759868042,
            0.13718377722884276,
            0.1665185967709168,
            0.021854352907765315,
            -0.21018996918901237,
            -0.053656357133791154
        ],
        [
            0.05424479567447705,
            0.01900569869154999,
            0.007515748037146043,
            0.07831150642671382,
            0.38663821399203824,
            0.0,
            0.0,
            0.0,
            0.0,
            1.0000000000000004,
            0.10658179936875202,
            0.035135874198270696,
            0.015401612390096448,
            -0.14438552759868037,
            0.40514255491841683,
            0.02921428619502107,
            0.03546135003079705,
            0.004654043891716165,
            -0.05365635713379111,
            0.030341813263449702
        ],
        [
            0.09205316680909492,
            0.27474745550856716,
            -0.00020797447674387537,
            0.12214867948321893,
            0.0055003994927132465,
            0.5227118382236905,
            0.5474970685559883,
            -0.054001722365438765,
            0.5062500585967875,
            0.10658179936875202,
            0.9999999999999999,
            0.6848602514927513,
            0.0,
            0.0,
            0.0,
            0.5512686188003089,
            0.5583717598646059,
            0.034168861427617846,
            -0.5183672569366138,
            -0.11170343280556531
        ],
        [
            0.2747474555085673,
            0.56562016851457,
            -0.0002821085843266852,
            0.1656895191462464,
            0.007461059349275406,
            0.5474970685559883,
            0.8698097913243865,
            -0.01780226769260457,
            0.16689095583930344,
            0.035135874198270696,
            0.6848602514927513,
            1.0000000000000002,
            0.0,
            0.0,
            0.0,
            0.5583717598646059,
            0.8805388302425528,
            0.010754279228490258,
            -0.1631504823715612,
            -0.03515744619459207
        ],
        [
            0.00020797447674387532,
            0.00028210858432668496,
            0.03351839470350741,
            0.00038679763096168267,
            1.741763809584705e-05,
            0.054001722365438765,
            0.01780226769260457,
            0.4277367942964465,
            0.073155709709826,
            0.015401612390096452,
            0.0,
            0.0,
            1.0000000000000004,
            0.0,
            0.0,
            -0.03416886142761783,
            -0.010754279228490241,
            0.46561189649377144,
            0.04456565902826135,
            0.009603494495617523
        ],
        [
            -0.1221486794832189,
            -0.16568951914624627,
            0.00038679763096168256,
            -0.1936569953836864,
            -0.010229820151173807,
            -0.5062500585967875,
            -0.1668909558393034,
            0.07315570970982592,
            -0.2502726654713751,
            -0.1443855275986803,
            0.0,
            0.0,
            0.0,
            1.0000000000000004,
            0.0,
            0.5183672569366138,
            0.1631504823715612,
            0.04456565902826135,
            -0.20754497418975462,
            -0.1456922148033713
        ],
        [
            -0.0055003994927132465,
            -0.0074610593492754,
            1.741763809584705e-05,
            -0.01022982015117381,
            0.03305840075373346,
            -0.10658179936875203,
            -0.035135874198270675,
            0.015401612390096448,
            -0.14438552759868045,
            0.40514255491841683,
            0.0,
            0.0,
            0.0,
            0.0,
            1.0000000000000004,
            0.11170343280556527,
            0.03515744619459205,
            0.00960349449561752,
            -0.14569221480337124,
            0.4371541524881174
        ],
        [
            0.007747881406774134,
            0.09616436404037187,
            -0.00019261349201392367,
            0.00876436486343733,
            0.0008663579899209897,
            0.10624338353815753,
            0.2914716819974122,
            -0.011899043367078765,
            0.13718377722884276,
            0.029214286195021078,
            0.5512686188003089,
            0.5583717598646059,
            -0.034168861427617846,
            0.5183672569366138,
            0.11170343280556533,
            0.9999999999999999,
            0.6848602514927513,
            0.0,
            0.0,
            0.0
        ],
        [
            0.0961643640403718,
            0.29317179321383957,
            -0.001726843363223202,
            0.07857541618216089,
            0.007767184579999759,
            0.2914716819974122,
            0.5868948600442294,
            -0.014443486281158121,
            0.166518596770917,
            0.0354613500307971,
            0.5583717598646059,
            0.8805388302425528,
            -0.010754279228490253,
            0.1631504823715612,
            0.035157446194592094,
            0.6848602514927513,
            1.0000000000000002,
            0.0,
            0.0,
            0.0
        ],
        [
            0.00019261349201392356,
            0.0017268433632231996,
            0.0006630182255897726,
            0.00021240063045553255,
            2.0995814999335456e-05,
            0.011899043367078763,
            0.01444348628115812,
            0.039872723600601394,
            0.021854352907765315,
            0.004654043891716167,
            0.03416886142761783,
            0.010754279228490236,
            0.46561189649377144,
            0.04456565902826135,
            0.009603494495617523,
            0.0,
            0.0,
            1.0000000000000004,
            0.0,
            0.0
        ],
        [
            -0.008764364863437327,
            -0.0785754161821608,
            0.00021240063045553252,
            -0.00899703986015962,
            -0.0009553587411524839,
            -0.1371837772288427,
            -0.1665185967709168,
            0.021854352907765308,
            -0.21018996918901234,
            -0.05365635713379113,
            -0.5183672569366138,
            -0.1631504823715612,
            0.04456565902826135,
            -0.20754497418975462,
            -0.1456922148033713,
            0.0,
            0.0,
            0.0,
            1.0000000000000004,
            0.0
        ],
        [
            -0.0008663579899209897,
            -0.007767184579999755,
            2.0995814999335463e-05,
            -0.0009553587411524843,
            0.0005732488625201769,
            -0.02921428619502107,
            -0.03546135003079705,
            0.004654043891716165,
            -0.05365635713379113,
            0.030341813263449702,
            -0.11170343280556527,
            -0.03515744619459207,
            0.00960349449561752,
            -0.14569221480337124,
            0.4371541524881174,
            0.0,
            0.0,
            0.0,
            0.0,
            1.0000000000000004
        ]
    ],
    "h": [
        [
            -0.2191418074132947,
            -0.44534077374233894,
            -0.022644048114951305,
            -0.24356630512338276,
            0.025578232313569916,
            -0.5297133046836998,
            -0.43506149441637954,
            0.006915479254832768,
            0.04520633449051692,
            -0.008293257333941081,
            -0.2046095754912179,
            -0.2825813205551075,
            -0.01481913007172269,
            0.2762611852895267,
            0.03646697892032518,
            0.0010892129466980247,
            -0.11327506404859868,
            -0.0026109546740384483,
            0.04725208588402625,
            0.00741895986854303
        ],
        [
            -0.44534077374233894,
            -0.30409602426795423,
            -0.01968367854954843,
            -0.21880272146135507,
            0.02194421308555595,
            -0.5089968192027932,
            -0.35911257244055816,
            0.027231441727596048,
            0.10364059105536502,
            -0.038268332674331614,
            -0.30358621339907044,
            -0.294136424824206,
            -0.015513670915859448,
            0.17632029545882205,
            0.030357753794016847,
            -0.11577578134809946,
            -0.17713691860750713,
            -0.006740893710036398,
            0.10485010052861164,
            0.02035966476925707
        ],
        [
            -0.022644048114951305,
            -0.01968367854954843,
            1.493210055750195,
            -0.02102538677390449,
            0.002324587388987127,
            -0.0046761078792095095,
            -0.017107187789731245,
            0.28473245086117227,
            -0.09086375280099777,
            0.009704372228367973,
            -0.008568571474539172,
            -0.013453870687974545,
            -0.04212718604393999,
            0.013927768468205414,
            0.0021353794852265774,
            0.0004080654013155937,
            -0.004951735117067708,
            -0.0023728570038194946,
            0.0003836837668541052,
            0.00012466129407178106
        ],
        [
            -0.24356630512338276,
            -0.21880272146135507,
            -0.02102538677390449,
            1.2627951024690132,
            0.023391028430999248,
            -0.08164123145012148,
            -0.20510210321075517,
            -0.08431484989930285,
            -0.6743759149554213,
            0.0921452515623809,
            -0.2109772045649908,
            -0.16458458034007156,
            -0.01405553000185573,
            0.20865146782803318,
            0.032675756784400545,
            -0.04628046174690824,
            -0.09916862600030396,
            -0.002893220085133464,
            0.061745073385640614,
            0.009387148004139124
        ],
        [
            0.025578232313569916,
            0.02194421308555595,
            0.002324587388987127,
            0.023391028430999248,
            1.4925690839542958,
            0.004078134855362264,
            0.018432052112877864,
            0.009946541513673579,
            0.10213723566891098,
            0.28191620934538203,
            0.004517039634811565,
            0.01429609324348028,
            0.0009155627910090571,
            -0.011501419493157925,
            -0.043173358146249535,
            -0.0030955593850622593,
            0.003240029165097219,
            -5.559926478619712e-05,
            0.00292320262356964,
            -0.0020143133472950896
        ],
        [
            -0.5297133046836998,
            -0.5089968192027932,
            -0.0046761078792095095,
            -0.08164123145012148,
            0.004078134855362264,
            -0.39253415041135997,
            -0.5772037002969257,
            0.04392253897445592,
            0.021037078643598897,
            -0.06826420231819844,
            -0.5008965114515491,
            -0.49101002879156797,
            -0.0012506542009530497,
            0.0450484877765317,
            0.001150996378648489,
            -0.23280346230985344,
            -0.3165252742725342,
            -0.01756970590916274,
            0.2294276965215729,
            0.048774651402468956
        ],
        [
            -0.43506149441637954,
            -0.35911257244055816,
            -0.017107187789731245,
            -0.20510210321075517,
            0.018432052112877864,
            -0.5772037002969257,
            -0.42972269031298693,
            0.03857192865949737,
            -0.0027465537850640404,
            -0.06133967337562241,
            -0.5004323593529025,
            -0.40404310537067945,
            -0.01282437079497364,
            0.11185866721784937,
            0.017542834757396895,
            -0.3054745635588145,
            -0.30290249804726743,
            -0.01281762251340423,
            0.18240878288273416,
            0.03948106305880425
        ],
        [
            0.006915479254832768,
            0.027231441727596048,
            0.28473245086117227,
            -0.08431484989930285,
            0.009946541513673579,
            0.04392253897445592,
            0.03857192865949737,
            1.4140900027670993,
            0.005078154074686061,
            0.007615071193030846,
            0.011902430391752039,
            0.03203710442032951,
            0.3298511495720058,
            0.09778480878951712,
            0.02117458945142959,
            0.024796693425378446,
            0.0231346806558038,
            -0.0430886441099779,
            -0.024471664928562738,
            -0.0052709388531392894
        ],
        [
            0.04520633449051692,
            0.10364059105536502,
            -0.09086375280099777,
            -0.6743759149554213,
            0.10213723566891098,
            0.021037078643598897,
            -0.0027465537850640404,
            0.005078154074686061,
            0.9235628264244709,
            -0.03010121968907952,
            -0.06212119113878434,
            -0.12413782863452527,
            0.10653717269447671,
            -0.7307347845670878,
            -0.21917079797513844,
            -0.29696197986809825,
            -0.18219338378944852,
            -0.01820545551099418,
            0.19952141604179802,
            0.05318032222477925
        ],
        [
            -0.008293257333941081,
            -0.038268332674331614,
            0.009704372228367973,
            0.0921452515623809,
            0.28191620934538203,
            -0.06826420231819844,
            -0.06133967337562241,
            0.007615071193030846,
            -0.03010121968907952,
            1.4053292590129949,
            -0.02337189982510282,
            -0.05704614540878882,
            0.021238543826256878,
            -0.20096856517118283,
            0.29746405011488064,
            -0.05632401701017321,
            -0.045582282997472155,
            -0.0038881585282464354,
            0.052157797443760756,
            -0.033646111675830856
        ],
        [
            -0.2046095754912179,
            -0.30358621339907044,
            -0.008568571474539172,
            -0.2109772045649908,
            0.004517039634811565,
            -0.5008965114515491,
            -0.5004323593529025,
            0.011902430391752039,
            -0.06212119113878434,
            -0.02337189982510282,
            -0.4415234411647735,
            -0.5978212173557043,
            -0.00502499775025803,
            -0.06087724432019123,
            -0.013069304665220504,
            -0.5796983130012944,
            -0.5375966878989582,
            -0.006182523474433849,
            0.07260583381939067,
            0.016496993962793943
        ],
        [
            -0.2825813205551075,
            -0.294136424824206,
            -0.013453870687974545,
            -0.16458458034007156,
            0.01429609324348028,
            -0.49101002879156797,
            -0.40404310537067945,
            0.03203710442032951,
            -0.12413782863452527,
            -0.05704614540878882,
            -0.5978212173557043,
            -0.4327401697358806,
            -0.005853506453495413,
            -0.01588655518043014,
            -0.005828345897491927,
            -0.4623105615864178,
            -0.3646466234624819,
            -0.016244042471865207,
            0.22904143244796465,
            0.05006354821177891
        ],
        [
            -0.01481913007172269,
            -0.015513670915859448,
            -0.04212718604393999,
            -0.01405553000185573,
            0.0009155627910090571,
            -0.0012506542009530497,
            -0.01282437079497364,
            0.3298511495720058,
            0.10653717269447671,
            0.021238543826256878,
            -0.00502499775025803,
            -0.005853506453495413,
            1.402469640004465,
            0.042010141332337436,
            0.008730635836929262,
            -0.0016394119109583369,
            0.0027883991211800872,
            0.3921667374332295,
            0.06701211853344671,
            0.014388114029104688
        ],
        [
            0.2762611852895267,
            0.17632029545882205,
            0.013927768468205414,
            0.20865146782803318,
            -0.011501419493157925,
            0.0450484877765317,
            0.11185866721784937,
            0.09778480878951712,
            -0.7307347845670878,
            -0.20096856517118283,
            -0.06087724432019123,
            -0.01588655518043014,
            0.042010141332337436,
            0.8812926184450023,
            -0.10680206998868852,
            -0.02026254458738941,
            -0.11315924977503669,
            0.06443719007465505,
            -0.5800179676874881,
            -0.20955917004803537
        ],
        [
            0.03646697892032518,
            0.030357753794016847,
            0.0021353794852265774,
            0.032675756784400545,
            -0.043173358146249535,
            0.001150996378648489,
            0.017542834757396895,
            0.02117458945142959,
            -0.21917079797513844,
            0.29746405011488064,
            -0.013069304665220504,
            -0.005828345897491927,
            0.008730635836929262,
            -0.10680206998868852,
            1.3840000853380363,
            -0.0009346410042866127,
            -0.023393927810043333,
            0.013933938861944418,
            -0.21114216042832762,
            0.3512857151141834
        ],
        [
            0.0010892129466980247,
            -0.11577578134809946,
            0.0004080654013155937,
            -0.04628046174690824,
            -0.0030955593850622593,
            -0.23280346230985344,
            -0.3054745635588145,
            0.024796693425378446,
            -0.29696197986809825,
            -0.05632401701017321,
            -0.5796983130012944,
            -0.4623105615864178,
            -0.0016394119109583369,
            -0.02026254458738941,
            -0.0009346410042866127,
            -0.2695196593092024,
            -0.46776785513053487,
            -0.019436776675551937,
            0.2819106990570721,
            0.06183736489105449
        ],
        [
            -0.11327506404859868,
            -0.17713691860750713,
            -0.004951735117067708,
            -0.09916862600030396,
            0.003240029165097219,
            -0.3165252742725342,
            -0.30290249804726743,
            0.0231346806558038,
            -0.18219338378944852,
            -0.045582282997472155,
            -0.5375966878989582,
            -0.3646466234624819,
            0.0027883991211800872,
            -0.11315924977503669,
            -0.023393927810043333,
            -0.46776785513053487,
            -0.3112530718369886,
            -0.01667702572993475,
            0.23878801963345686,
            0.05237973436963529
        ],
        [
            -0.0026109546740384483,
            -0.006740893710036398,
            -0.0023728570038194946,
            -0.002893220085133464,
            -5.559926478619712e-05,
            -0.01756970590916274,
            -0.01281762251340423,
            -0.0430886441099779,
            -0.01820545551099418,
            -0.0038881585282464354,
            -0.006182523474433849,
            -0.016244042471865207,
            0.3921667374332295,
            0.06443719007465505,
            0.013933938861944418,
            -0.019436776675551937,
            -0.01667702572993475,
            1.4766652208163238,
            0.01838359780474351,
            0.004000465477370811
        ],
        [
            0.04725208588402625,
            0.10485010052861164,
            0.0003836837668541052,
            0.061745073385640614,
            0.00292320262356964,
            0.2294276965215729,
            0.18240878288273416,
            -0.024471664928562738,
            0.19952141604179802,
            0.052157797443760756,
            0.07260583381939067,
            0.22904143244796465,
            0.06701211853344671,
            -0.5800179676874881,
            -0.21114216042832762,
            0.2819106990570721,
            0.23878801963345686,
            0.01838359780474351,
            1.2084963898202108,
            -0.058478568613226645
        ],
        [
            0.00741895986854303,
            0.02035966476925707,
            0.00012466129407178106,
            0.009387148004139124,
            -0.0020143133472950896,
            0.048774651402468956,
            0.03948106305880425,
            -0.0052709388531392894,
            0.05318032222477925,
            -0.033646111675830856,
            0.016496993962793943,
            0.05006354821177891,
            0.014388114029104688,
            -0.20955917004803537,
            0.3512857151141834,
            0.06183736489105449,
            0.05237973436963529,
            0.004000465477370811,
            -0.058478568613226645,
            1.4652324660674525
        ]
    ]
}