{
    "HF": -2.1609080612665275,
    "coordinates": [
        [
            0.736019,
            -0.104571,
            -0.054427
        ],
        [
            1.521024,
            -0.189679,
            0.180273
        ],
        [
            2.254005,
            -0.090945,
            -0.150626
        ],
        [
            2.996593,
            0.13221,
            0.022808
        ]
    ],
    "elements": [
        "H",
        "H",
        "H",
        "H"
    ],
    "Enn": 2.890583933573463,
    "S": [
        [
            0.9999999999999999,
            0.6848602514927513,
            0.0,
            0.0,
            0.0,
            0.5042687361991876,
            0.5402265714279695,
            -0.14578188693544092,
            -0.4875991058958492,
            0.05286410240009162,
            0.1189198628478432,
            0.30527179292180384,
            0.009931377931420269,
            -0.15671361095858505,
            -0.0014067189439966403,
            0.011234685968943257,
            0.11285113261873526,
            -0.00045192286229464216,
            -0.01322722952688351,
            -0.0013854696349710322
        ],
        [
            0.6848602514927513,
            1.0000000000000002,
            0.0,
            0.0,
            0.0,
            0.5402265714279695,
            0.8625914087444168,
            -0.04958212131479243,
            -0.1658381471781791,
            0.01797969825675052,
            0.30527179292180384,
            0.6041037053692526,
            0.011042153730430883,
            -0.1742412579407461,
            -0.0015640535424573134,
            0.11285113261873524,
            0.32410379435981357,
            -0.003051846010901389,
            -0.08932380066352558,
            -0.009356109928235157
        ],
        [
            0.0,
            0.0,
            1.0000000000000004,
            0.0,
            0.0,
            0.14578188693544092,
            0.0495821213147924,
            0.35517207326553096,
            -0.19823455710204976,
            0.021492024491361516,
            -0.009931377931420265,
            -0.011042153730430887,
            0.04842596545385843,
            0.018810931681082405,
            0.00016885383335974715,
            0.00045192286229464216,
            0.0030518460109013896,
            0.001195033790116243,
            -0.0005502038771674832,
            -5.7630417867140774e-05
        ],
        [
            0.0,
            0.0,
            0.0,
            1.0000000000000004,
            0.0,
            0.4875991058958492,
            0.16583814717817905,
            -0.1982345571020498,
            -0.24859838522619992,
            0.07188473236404452,
            0.15671361095858502,
            0.17424125794074627,
            0.018810931681082405,
            -0.24721174390708756,
            -0.002664453425570215,
            0.013227229526883516,
            0.08932380066352553,
            -0.0005502038771674832,
            -0.014889962533774672,
            -0.001686771855241715
        ],
        [
            0.0,
            0.0,
            0.0,
            0.0,
            1.0000000000000004,
            -0.05286410240009162,
            -0.017979698256750536,
            0.021492024491361526,
            0.07188473236404454,
            0.4066465030459935,
            0.0014067189439966403,
            0.0015640535424573132,
            0.00016885383335974705,
            -0.002664453425570213,
            0.04959414946504933,
            0.0013854696349710318,
            0.00935610992823515,
            -5.763041786714073e-05,
            -0.001686771855241714,
            0.0010371533003809112
        ],
        [
            0.5042687361991876,
            0.5402265714279695,
            0.14578188693544092,
            0.48759910589584937,
            -0.05286410240009162,
            0.9999999999999999,
            0.6848602514927513,
            0.0,
            0.0,
            0.0,
            0.5148098160347061,
            0.5444065156115492,
            0.21099022325653094,
            -0.4673686678799128,
            -0.06295549005288721,
            0.11973366478968518,
            0.30612564108268614,
            0.01639202902937156,
            -0.15360600694021373,
            -0.03350848653501021
        ],
        [
            0.5402265714279695,
            0.8625914087444168,
            0.049582121314792435,
            0.1658381471781791,
            -0.017979698256750543,
            0.6848602514927513,
            1.0000000000000002,
            0.0,
            0.0,
            0.0,
            0.5444065156115492,
            0.8667458755478307,
            0.07048246447590471,
            -0.15612711822644698,
            -0.02103063366031321,
            0.30612564108268614,
            0.605158672126192,
            0.018128631207383606,
            -0.1698793142733165,
            -0.0370584381971454
        ],
        [
            -0.14578188693544092,
            -0.049582121314792414,
            0.35517207326553096,
            -0.1982345571020497,
            0.021492024491361516,
            0.0,
            0.0,
            1.0000000000000004,
            0.0,
            0.0,
            -0.21099022325653097,
            -0.0704824644759047,
            0.3052449654842362,
            0.2685446086589964,
            0.03617349343480575,
            -0.016392029029371556,
            -0.018128631207383606,
            0.04690923394832849,
            0.03024343088168357,
            0.0065974737359447404
        ],
        [
            -0.4875991058958492,
            -0.16583814717817905,
            -0.19823455710204985,
            -0.24859838522620004,
            0.07188473236404454,
            0.0,
            0.0,
            0.0,
            1.0000000000000004,
            0.0,
            0.4673686678799129,
            0.15612711822644693,
            0.2685446086589964,
            -0.1683810419321677,
            -0.080128629555657,
            0.15360600694021373,
            0.16987931427331665,
            0.03024343088168357,
            -0.23326771503621097,
            -0.06182343837090301
        ],
        [
            0.05286410240009162,
            0.017979698256750557,
            0.021492024491361526,
            0.07188473236404452,
            0.4066465030459935,
            0.0,
            0.0,
            0.0,
            0.0,
            1.0000000000000004,
            0.06295549005288723,
            0.021030633660313203,
            0.03617349343480577,
            -0.08012862955565704,
            0.41568401144873607,
            0.03350848653501019,
            0.0370584381971454,
            0.0065974737359447404,
            -0.06182343837090301,
            0.0366501387044007
        ],
        [
            0.1189198628478432,
            0.30527179292180384,
            -0.009931377931420267,
            0.15671361095858502,
            0.0014067189439966403,
            0.5148098160347061,
            0.5444065156115492,
            -0.21099022325653094,
            0.4673686678799128,
            0.06295549005288721,
            0.9999999999999999,
            0.6848602514927513,
            0.0,
            0.0,
            0.0,
            0.5271571797108453,
            0.5492198512178625,
            -0.1139547774978205,
            -0.4879173075207374,
            -0.14662395131592498
        ],
        [
            0.30527179292180384,
            0.6041037053692526,
            -0.011042153730430876,
            0.1742412579407462,
            0.0015640535424573134,
            0.5444065156115492,
            0.8667458755478307,
            -0.07048246447590471,
            0.15612711822644698,
            0.02103063366031321,
            0.6848602514927513,
            1.0000000000000002,
            0.0,
            0.0,
            0.0,
            0.5492198512178625,
            0.8715148686908315,
            -0.03729074239540585,
            -0.15966683472629123,
            -0.04798145472771654
        ],
        [
            0.009931377931420267,
            0.011042153730430881,
            0.04842596545385843,
            0.018810931681082405,
            0.00016885383335974713,
            0.21099022325653097,
            0.0704824644759047,
            0.3052449654842362,
            0.2685446086589964,
            0.03617349343480577,
            0.0,
            0.0,
            1.0000000000000004,
            0.0,
            0.0,
            0.11395477749782049,
            0.03729074239540584,
            0.40624183430820293,
            -0.147336677391092,
            -0.04427612113743978
        ],
        [
            -0.15671361095858505,
            -0.17424125794074627,
            0.018810931681082405,
            -0.24721174390708742,
            -0.0026644534255702147,
            -0.4673686678799129,
            -0.15612711822644693,
            0.2685446086589964,
            -0.1683810419321677,
            -0.08012862955565704,
            0.0,
            0.0,
            0.0,
            1.0000000000000004,
            0.0,
            0.48791730752073736,
            0.15966683472629123,
            -0.147336677391092,
            -0.19019492377967087,
            -0.1895759553675123
        ],
        [
            -0.0014067189439966403,
            -0.0015640535424573132,
            0.00016885383335974707,
            -0.0026644534255702134,
            0.04959414946504933,
            -0.06295549005288723,
            -0.021030633660313183,
            0.03617349343480575,
            -0.080128629555657,
            0.4156840114487361,
            0.0,
            0.0,
            0.0,
            0.0,
            1.0000000000000004,
            0.14662395131592498,
            0.04798145472771655,
            -0.0442761211374398,
            -0.18957595536751232,
            0.3836833859985204
        ],
        [
            0.011234685968943257,
            0.11285113261873526,
            0.00045192286229464216,
            0.013227229526883513,
            0.0013854696349710322,
            0.11973366478968518,
            0.30612564108268614,
            -0.01639202902937156,
            0.15360600694021373,
            0.03350848653501021,
            0.5271571797108453,
            0.5492198512178625,
            0.1139547774978205,
            0.4879173075207374,
            0.14662395131592498,
            0.9999999999999999,
            0.6848602514927513,
            0.0,
            0.0,
            0.0
        ],
        [
            0.11285113261873524,
            0.32410379435981357,
            0.00305184601090139,
            0.08932380066352555,
            0.009356109928235157,
            0.30612564108268614,
            0.605158672126192,
            -0.01812863120738361,
            0.1698793142733167,
            0.03705843819714541,
            0.5492198512178625,
            0.8715148686908315,
            0.03729074239540584,
            0.15966683472629123,
            0.04798145472771654,
            0.6848602514927513,
            1.0000000000000002,
            0.0,
            0.0,
            0.0
        ],
        [
            -0.00045192286229464216,
            -0.003051846010901389,
            0.001195033790116243,
            -0.0005502038771674832,
            -5.7630417867140774e-05,
            0.016392029029371556,
            0.018128631207383596,
            0.04690923394832849,
            0.03024343088168357,
            0.0065974737359447404,
            -0.11395477749782049,
            -0.03729074239540585,
            0.40624183430820293,
            -0.147336677391092,
            -0.04427612113743978,
            0.0,
            0.0,
            1.0000000000000004,
            0.0,
            0.0
        ],
        [
            -0.013227229526883518,
            -0.08932380066352556,
            -0.0005502038771674832,
            -0.014889962533774672,
            -0.001686771855241715,
            -0.15360600694021373,
            -0.16987931427331646,
            0.03024343088168357,
            -0.23326771503621097,
            -0.06182343837090301,
            -0.48791730752073736,
            -0.15966683472629123,
            -0.147336677391092,
            -0.19019492377967087,
            -0.1895759553675123,
            0.0,
            0.0,
            0.0,
            1.0000000000000004,
            0.0
        ],
        [
            -0.0013854696349710318,
            -0.009356109928235146,
            -5.763041786714073e-05,
            -0.001686771855241714,
            0.0010371533003809112,
            -0.03350848653501019,
            -0.03705843819714539,
            0.0065974737359447404,
            -0.06182343837090301,
            0.0366501387044007,
            -0.14662395131592498,
            -0.04798145472771655,
            -0.0442761211374398,
            -0.18957595536751232,
            0.3836833859985204,
            0.0,
            0.0,
            0.0,
            0.0,
            1.0000000000000004
        ]
    ],
    "h": [
        [
            -0.23844177298385305,
            -0.45630836378841,
            -0.06855582320083478,
            -0.25097609454745046,
            0.026562656795741463,
            -0.5486491809559435,
            -0.44714935542484957,
            0.031251325001590335,
            0.03884546229011965,
            -0.0060183667296446475,
            -0.23532513575936528,
            -0.30420387298305007,
            -0.059819604500978785,
            0.2857753944577506,
            0.024110023626505696,
            -0.00956754120470106,
            -0.13139726831032084,
            -0.0007865999514407355,
            0.06211954784727716,
            0.010237122353485985
        ],
        [
            -0.45630836378841,
            -0.3141256438053073,
            -0.05758667425114275,
            -0.22402226986317214,
            0.022512426140269347,
            -0.522042080659747,
            -0.3690425986687115,
            0.0983650488718869,
            0.09990933690570233,
            -0.031534825856870966,
            -0.32655600639152926,
            -0.31070359193513597,
            -0.07660434095850525,
            0.17151348742796418,
            0.01311754533039515,
            -0.1327957507727015,
            -0.19529294848227974,
            0.011215783689829763,
            0.11251913559111212,
            0.027512612780344045
        ],
        [
            -0.06855582320083478,
            -0.05758667425114275,
            1.4695636556816443,
            -0.06177905399219311,
            0.006969984593789152,
            -0.00938649428842836,
            -0.04948070111538866,
            0.23884495120883792,
            -0.26534378668806163,
            0.028914262681952567,
            -0.021644409786063655,
            -0.0402336057174448,
            -0.05508353740327411,
            0.040823402664740216,
            0.003826432104733782,
            -0.0006126027516067272,
            -0.016561749829360605,
            -0.004414421152441925,
            0.0053149121981396295,
            0.0008651605584519119
        ],
        [
            -0.25097609454745046,
            -0.22402226986317214,
            -0.06177905399219311,
            1.2543579629232866,
            0.023285228183104186,
            -0.08820923794121371,
            -0.21435400593921772,
            -0.2337760019097747,
            -0.5969784835006143,
            0.08716234364252104,
            -0.22573369239538824,
            -0.17419505035257316,
            -0.06370612120397612,
            0.14575729220646205,
            0.017397399023457986,
            -0.06256606292248944,
            -0.11200657493121893,
            0.0035592107916278723,
            0.08209031169871832,
            0.014007632651396745
        ],
        [
            0.026562656795741463,
            0.022512426140269347,
            0.006969984593789152,
            0.023285228183104186,
            1.4861583291881968,
            0.00517830945447699,
            0.019479928067421715,
            0.027881343625798256,
            0.09537637608029104,
            0.3067045094277385,
            0.009057970813584277,
            0.01531851267126176,
            0.004343016424221839,
            -0.016430385318592127,
            -0.045634072509290094,
            -0.0031340278061038024,
            0.004445580880223008,
            0.000300700906837939,
            0.004045606974810153,
            -0.0036612725419800695
        ],
        [
            -0.5486491809559435,
            -0.522042080659747,
            -0.00938649428842836,
            -0.08820923794121371,
            0.00517830945447699,
            -0.40240451427566093,
            -0.5818537752117212,
            0.15534898334615116,
            0.03756266697601131,
            -0.05043803992826885,
            -0.5087672608880693,
            -0.5010491400740291,
            -0.03005638737858357,
            0.06259708167257405,
            -0.005634029190962675,
            -0.24028282324979888,
            -0.3274024790814255,
            0.010253617219033121,
            0.22584169561737538,
            0.0569025619484463
        ],
        [
            -0.44714935542484957,
            -0.3690425986687115,
            -0.04948070111538866,
            -0.21435400593921772,
            0.019479928067421715,
            -0.5818537752117212,
            -0.4333818295765106,
            0.1335599145687628,
            0.004737646258229367,
            -0.04615018368967344,
            -0.5040360102746304,
            -0.41406141380161743,
            -0.10330720987296362,
            0.1113730886584769,
            -0.007178007226840279,
            -0.30886617107139286,
            -0.31140857548487055,
            0.029684202087438487,
            0.17605303122362725,
            0.050409386930431066
        ],
        [
            0.031251325001590335,
            0.0983650488718869,
            0.23884495120883792,
            -0.2337760019097747,
            0.027881343625798256,
            0.15534898334615116,
            0.1335599145687628,
            1.3547582022627536,
            0.02380118398752736,
            0.01893846715338436,
            0.035104776080501165,
            0.11111682914098893,
            0.1703838505874668,
            0.3454733104107769,
            0.050560234299553614,
            0.06597818341955482,
            0.08049551144437044,
            -0.05258893058350492,
            -0.06758872752539913,
            -0.018409925014912464
        ],
        [
            0.03884546229011965,
            0.09990933690570233,
            -0.26534378668806163,
            -0.5969784835006143,
            0.09537637608029104,
            0.03756266697601131,
            0.004737646258229367,
            0.02380118398752736,
            0.9506909983668455,
            -0.009975567289391156,
            -0.06329359273894941,
            -0.1102992385860257,
            0.34942058232328266,
            -0.6189930340229662,
            -0.13509443172690455,
            -0.28791100725104235,
            -0.17105661278323003,
            0.029138556537737045,
            0.14536606962258536,
            0.05460337118551831
        ],
        [
            -0.0060183667296446475,
            -0.031534825856870966,
            0.028914262681952567,
            0.08716234364252104,
            0.3067045094277385,
            -0.05043803992826885,
            -0.04615018368967344,
            0.01893846715338436,
            -0.009975567289391156,
            1.4058468241740079,
            -0.022754434071504154,
            -0.04281070238557514,
            0.04321753120241763,
            -0.10997187192304408,
            0.30661239585635525,
            -0.04532886159237985,
            -0.03287677952559362,
            0.004468721652079628,
            0.03121956568564277,
            -0.03594826950872615
        ],
        [
            -0.23532513575936528,
            -0.32655600639152926,
            -0.021644409786063655,
            -0.22573369239538824,
            0.009057970813584277,
            -0.5087672608880693,
            -0.5040360102746304,
            0.035104776080501165,
            -0.06329359273894941,
            -0.022754434071504154,
            -0.41914884140561437,
            -0.5897686171771575,
            -0.14294914748674453,
            -0.04634392320718235,
            -0.04555063000907282,
            -0.5645650837557643,
            -0.5310780793546168,
            0.002458976532444007,
            0.0810703602274343,
            0.02168090483181645
        ],
        [
            -0.30420387298305007,
            -0.31070359193513597,
            -0.0402336057174448,
            -0.17419505035257316,
            0.01531851267126176,
            -0.5010491400740291,
            -0.41406141380161743,
            0.11111682914098893,
            -0.1102992385860257,
            -0.04281070238557514,
            -0.5897686171771575,
            -0.4358202871006778,
            -0.12175562749205444,
            -0.006414921153882827,
            -0.03438739228207878,
            -0.4553713144526933,
            -0.36981281555290635,
            0.036831494519765307,
            0.21777096034884397,
            0.06315128265116035
        ],
        [
            -0.059819604500978785,
            -0.07660434095850525,
            -0.05508353740327411,
            -0.06370612120397612,
            0.004343016424221839,
            -0.03005638737858357,
            -0.10330720987296362,
            0.1703838505874668,
            0.34942058232328266,
            0.04321753120241763,
            -0.14294914748674453,
            -0.12175562749205444,
            1.3587103330444936,
            0.03626524634010103,
            -0.003877067579540345,
            -0.027413442081582085,
            -0.08766355019111138,
            0.30719410392391633,
            -0.17198707005869274,
            -0.05333470662462225
        ],
        [
            0.2857753944577506,
            0.17151348742796418,
            0.040823402664740216,
            0.14575729220646205,
            -0.016430385318592127,
            0.06259708167257405,
            0.1113730886584769,
            0.3454733104107769,
            -0.6189930340229662,
            -0.10997187192304408,
            -0.04634392320718235,
            -0.006414921153882827,
            0.03626524634010103,
            0.9401478254815627,
            -0.09680194855699752,
            -0.03042036974798168,
            -0.10155852108006042,
            -0.201101650034602,
            -0.5385329790386826,
            -0.2652794838236827
        ],
        [
            0.024110023626505696,
            0.01311754533039515,
            0.003826432104733782,
            0.017397399023457986,
            -0.045634072509290094,
            -0.005634029190962675,
            -0.007178007226840279,
            0.050560234299553614,
            -0.13509443172690455,
            0.30661239585635525,
            -0.04555063000907282,
            -0.03438739228207878,
            -0.003877067579540345,
            -0.09680194855699752,
            1.3858093062937673,
            -0.008776944343073134,
            -0.044364193177397857,
            -0.06104033192180844,
            -0.2605060841502946,
            0.27670355391703594
        ],
        [
            -0.00956754120470106,
            -0.1327957507727015,
            -0.0006126027516067272,
            -0.06256606292248944,
            -0.0031340278061038024,
            -0.24028282324979888,
            -0.30886617107139286,
            0.06597818341955482,
            -0.28791100725104235,
            -0.04532886159237985,
            -0.5645650837557643,
            -0.4553713144526933,
            -0.027413442081582085,
            -0.03042036974798168,
            -0.008776944343073134,
            -0.2546656393045543,
            -0.46336234090888184,
            0.05416549279130445,
            0.2594428287609103,
            0.07810951662545498
        ],
        [
            -0.13139726831032084,
            -0.19529294848227974,
            -0.016561749829360605,
            -0.11200657493121893,
            0.004445580880223008,
            -0.3274024790814255,
            -0.31140857548487055,
            0.08049551144437044,
            -0.17105661278323003,
            -0.03287677952559362,
            -0.5310780793546168,
            -0.36981281555290635,
            -0.08766355019111138,
            -0.10155852108006042,
            -0.044364193177397857,
            -0.46336234090888184,
            -0.31534879619612255,
            0.04375256061649683,
            0.22652193049382285,
            0.0673116997185286
        ],
        [
            -0.0007865999514407355,
            0.011215783689829763,
            -0.004414421152441925,
            0.0035592107916278723,
            0.000300700906837939,
            0.010253617219033121,
            0.029684202087438487,
            -0.05258893058350492,
            0.029138556537737045,
            0.004468721652079628,
            0.002458976532444007,
            0.036831494519765307,
            0.30719410392391633,
            -0.201101650034602,
            -0.06104033192180844,
            0.05416549279130445,
            0.04375256061649683,
            1.472603186562257,
            -0.04798054015802047,
            -0.01467003331696692
        ],
        [
            0.06211954784727716,
            0.11251913559111212,
            0.0053149121981396295,
            0.08209031169871832,
            0.004045606974810153,
            0.22584169561737538,
            0.17605303122362725,
            -0.06758872752539913,
            0.14536606962258536,
            0.03121956568564277,
            0.0810703602274343,
            0.21777096034884397,
            -0.17198707005869274,
            -0.5385329790386826,
            -0.2605060841502946,
            0.2594428287609103,
            0.22652193049382285,
            -0.04798054015802047,
            1.2462293610924973,
            -0.07044115634150888
        ],
        [
            0.010237122353485985,
            0.027512612780344045,
            0.0008651605584519119,
            0.014007632651396745,
            -0.0036612725419800695,
            0.0569025619484463,
            0.050409386930431066,
            -0.018409925014912464,
            0.05460337118551831,
            -0.03594826950872615,
            0.02168090483181645,
            0.06315128265116035,
            -0.05333470662462225,
            -0.2652794838236827,
            0.27670355391703594,
            0.07810951662545498,
            0.0673116997185286,
            -0.01467003331696692,
            -0.07044115634150888,
            1.4638553268610757
        ]
    ]
}