{
    "HF": -2.130705558376146,
    "coordinates": [
        [
            0.793074,
            -0.09594,
            0.041133
        ],
        [
            1.505575,
            0.065058,
            -0.183223
        ],
        [
            2.194851,
            -0.181909,
            -0.143916
        ],
        [
            3.009689,
            0.002096,
            0.140966
        ]
    ],
    "elements": [
        "H",
        "H",
        "H",
        "H"
    ],
    "Enn": 2.969238379397521,
    "S": [
        [
            0.9999999999999999,
            0.6848602514927513,
            0.0,
            0.0,
            0.0,
            0.5513273438720269,
            0.558393662813143,
            0.1560177060195271,
            -0.49547492180560854,
            -0.11195839930169829,
            0.15466123280969943,
            0.3397855576178994,
            0.02633440569702378,
            -0.19948750987444896,
            0.012234286720638518,
            0.013635439787386773,
            0.1226389146445854,
            -0.0007402247018046032,
            -0.016435378856596627,
            -0.0007269006126843438
        ],
        [
            0.6848602514927513,
            1.0000000000000002,
            0.0,
            0.0,
            0.0,
            0.558393662813143,
            0.880560359168612,
            0.04910032357829224,
            -0.15593088506595218,
            -0.035234421613230295,
            0.3397855576178994,
            0.6459001489965087,
            0.023819231583190926,
            -0.1804346469907463,
            0.01106580159836225,
            0.1226389146445854,
            0.34144418273939653,
            -0.0043130886991106145,
            -0.09576449777908184,
            -0.004235452843308409
        ],
        [
            0.0,
            0.0,
            1.0000000000000004,
            0.0,
            0.0,
            -0.15601770601952708,
            -0.04910032357829223,
            0.4073790266344929,
            0.19447960569067518,
            0.04394495945547772,
            -0.026334405697023774,
            -0.023819231583190905,
            0.06735007515218516,
            0.04978175841340032,
            -0.0030530448060152302,
            0.0007402247018046032,
            0.0043130886991106145,
            0.0016130923707958834,
            -0.0009513516667738693,
            -4.2076189145992e-05
        ],
        [
            0.0,
            0.0,
            0.0,
            1.0000000000000004,
            0.0,
            0.4954749218056082,
            0.15593088506595232,
            0.19447960569067532,
            -0.14900294604082975,
            -0.13955868154623607,
            0.19948750987444885,
            0.18043464699074624,
            0.04978175841340031,
            -0.30318333256934904,
            0.023127322974139875,
            0.016435378856596617,
            0.09576449777908178,
            -0.0009513516667738689,
            -0.01946713947433493,
            -0.0009342272795953545
        ],
        [
            0.0,
            0.0,
            0.0,
            0.0,
            1.0000000000000004,
            0.1119583993016983,
            0.03523442161323029,
            0.04394495945547773,
            -0.13955868154623605,
            0.43708284151020005,
            -0.012234286720638513,
            -0.011065801598362261,
            -0.0030530448060152302,
            0.023127322974139886,
            0.07250341393850958,
            0.0007269006126843435,
            0.004235452843308407,
            -4.207618914599199e-05,
            -0.0009342272795953546,
            0.0016146210013278544
        ],
        [
            0.5513273438720269,
            0.558393662813143,
            -0.1560177060195271,
            0.4954749218056082,
            0.11195839930169829,
            0.9999999999999999,
            0.6848602514927513,
            0.0,
            0.0,
            0.0,
            0.5761716788959117,
            0.5674978683328964,
            -0.028900634390739408,
            -0.5067930310202075,
            0.18158350862639583,
            0.11322433506199905,
            0.2991911197398741,
            -0.03152614385607413,
            -0.1462693501011295,
            0.006122814375151961
        ],
        [
            0.558393662813143,
            0.880560359168612,
            -0.04910032357829224,
            0.15593088506595235,
            0.035234421613230295,
            0.6848602514927513,
            1.0000000000000002,
            0.0,
            0.0,
            0.0,
            0.5674978683328964,
            0.8894814750898395,
            -0.008752134009370178,
            -0.15347484980900752,
            0.05498990713847736,
            0.2991911197398741,
            0.5965581683517508,
            -0.036419410774047735,
            -0.16897225265815966,
            0.007073154675684847
        ],
        [
            0.15601770601952708,
            0.049100323578292235,
            0.4073790266344929,
            0.19447960569067532,
            0.04394495945547772,
            0.0,
            0.0,
            1.0000000000000004,
            0.0,
            0.0,
            0.028900634390739408,
            0.008752134009370176,
            0.4956332834305705,
            -0.03500267207746452,
            0.012541427403471446,
            0.03152614385607412,
            0.036419410774047735,
            0.03347600072423038,
            -0.058280398236286335,
            0.0024396092541875557
        ],
        [
            -0.49547492180560854,
            -0.15593088506595215,
            0.19447960569067518,
            -0.1490029460408296,
            -0.13955868154623602,
            0.0,
            0.0,
            0.0,
            1.0000000000000004,
            0.0,
            0.5067930310202075,
            0.1534748498090071,
            -0.035002672077464575,
            -0.11616720713574803,
            0.21992278512619087,
            0.1462693501011294,
            0.16897225265815927,
            -0.058280398236286335,
            -0.22436148475720386,
            0.011318861632421398
        ],
        [
            -0.1119583993016983,
            -0.03523442161323029,
            0.04394495945547773,
            -0.13955868154623613,
            0.43708284151020005,
            0.0,
            0.0,
            0.0,
            0.0,
            1.0000000000000004,
            -0.18158350862639583,
            -0.054989907138477345,
            0.012541427403471469,
            0.2199227851261909,
            0.4188312180127827,
            -0.00612281437515196,
            -0.007073154675684846,
            0.0024396092541875557,
            0.011318861632421398,
            0.04556365223051443
        ],
        [
            0.15466123280969943,
            0.3397855576178994,
            -0.02633440569702378,
            0.19948750987444888,
            -0.012234286720638518,
            0.5761716788959117,
            0.5674978683328964,
            0.028900634390739408,
            0.5067930310202075,
            -0.18158350862639583,
            0.9999999999999999,
            0.6848602514927513,
            0.0,
            0.0,
            0.0,
            0.4592662113245649,
            0.5216001900732176,
            -0.15720163936044346,
            -0.44963833942890435,
            -0.1015363822583329
        ],
        [
            0.3397855576178994,
            0.6459001489965087,
            -0.023819231583190926,
            0.1804346469907463,
            -0.011065801598362264,
            0.5674978683328964,
            0.8894814750898395,
            0.008752134009370223,
            0.15347484980900752,
            -0.05498990713847734,
            0.6848602514927513,
            1.0000000000000002,
            0.0,
            0.0,
            0.0,
            0.5216001900732176,
            0.8439278081170098,
            -0.0579705718164338,
            -0.16581119480261788,
            -0.03744313458583871
        ],
        [
            0.026334405697023774,
            0.023819231583190905,
            0.06735007515218516,
            0.04978175841340031,
            -0.0030530448060152302,
            -0.028900634390739408,
            -0.008752134009370176,
            0.4956332834305705,
            -0.035002672077464575,
            0.012541427403471465,
            0.0,
            0.0,
            1.0000000000000004,
            0.0,
            0.0,
            0.15720163936044346,
            0.057970571816433836,
            0.2871407268788463,
            -0.21924035077567167,
            -0.04950839399301141
        ],
        [
            -0.19948750987444885,
            -0.18043464699074624,
            0.04978175841340032,
            -0.30318333256934893,
            0.023127322974139886,
            -0.5067930310202075,
            -0.1534748498090071,
            -0.03500267207746452,
            -0.11616720713574803,
            0.21992278512619087,
            0.0,
            0.0,
            0.0,
            1.0000000000000004,
            0.0,
            0.44963833942890374,
            0.16581119480261786,
            -0.21924035077567133,
            -0.26329440008737665,
            -0.14160712415834412
        ],
        [
            0.012234286720638508,
            0.011065801598362273,
            -0.0030530448060152302,
            0.023127322974139875,
            0.07250341393850958,
            0.18158350862639583,
            0.054989907138477345,
            0.012541427403471448,
            0.2199227851261909,
            0.4188312180127827,
            0.0,
            0.0,
            0.0,
            0.0,
            1.0000000000000004,
            0.1015363822583329,
            0.03744313458583872,
            -0.0495083939930114,
            -0.14160712415834434,
            0.3318136688978963
        ],
        [
            0.013635439787386773,
            0.1226389146445854,
            0.0007402247018046032,
            0.01643537885659662,
            0.0007269006126843438,
            0.11322433506199905,
            0.2991911197398741,
            0.03152614385607413,
            0.14626935010112946,
            -0.00612281437515196,
            0.4592662113245649,
            0.5216001900732176,
            0.15720163936044346,
            0.44963833942890435,
            0.1015363822583329,
            0.9999999999999999,
            0.6848602514927513,
            0.0,
            0.0,
            0.0
        ],
        [
            0.1226389146445854,
            0.34144418273939653,
            0.0043130886991106145,
            0.09576449777908184,
            0.004235452843308407,
            0.2991911197398741,
            0.5965581683517508,
            0.036419410774047735,
            0.1689722526581595,
            -0.0070731546756848465,
            0.5216001900732176,
            0.8439278081170098,
            0.0579705718164338,
            0.16581119480261788,
            0.03744313458583873,
            0.6848602514927513,
            1.0000000000000002,
            0.0,
            0.0,
            0.0
        ],
        [
            -0.0007402247018046032,
            -0.0043130886991106145,
            0.0016130923707958834,
            -0.0009513516667738693,
            -4.2076189145992e-05,
            -0.03152614385607412,
            -0.036419410774047735,
            0.03347600072423038,
            -0.058280398236286335,
            0.002439609254187556,
            -0.15720163936044346,
            -0.057970571816433836,
            0.2871407268788463,
            -0.21924035077567142,
            -0.04950839399301141,
            0.0,
            0.0,
            1.0000000000000004,
            0.0,
            0.0
        ],
        [
            -0.016435378856596617,
            -0.0957644977790817,
            -0.0009513516667738689,
            -0.01946713947433493,
            -0.0009342272795953545,
            -0.1462693501011294,
            -0.16897225265815927,
            -0.058280398236286335,
            -0.22436148475720386,
            0.0113188616324214,
            -0.44963833942890435,
            -0.16581119480261786,
            -0.21924035077567158,
            -0.26329440008737665,
            -0.14160712415834428,
            0.0,
            0.0,
            0.0,
            1.0000000000000004,
            0.0
        ],
        [
            -0.0007269006126843435,
            -0.0042354528433084055,
            -4.207618914599199e-05,
            -0.0009342272795953546,
            0.0016146210013278544,
            0.00612281437515196,
            0.007073154675684844,
            0.0024396092541875557,
            0.011318861632421398,
            0.04556365223051443,
            -0.1015363822583329,
            -0.03744313458583872,
            -0.0495083939930114,
            -0.14160712415834417,
            0.3318136688978963,
            0.0,
            0.0,
            0.0,
            0.0,
            1.0000000000000004
        ]
    ],
    "h": [
        [
            -0.28164577058409246,
            -0.474654481910766,
            0.08638339106726932,
            -0.2785612390781976,
            -0.055562248133244854,
            -0.5948510088647891,
            -0.469214961351346,
            -0.012520816884823704,
            0.015628194905813242,
            0.029834355030984472,
            -0.2972558126332698,
            -0.3387120147769132,
            -0.004193980279758654,
            0.33345580426651555,
            -0.06011517181921358,
            -0.012102863826897285,
            -0.13933821713429878,
            0.009776118259819864,
            0.06904677570384453,
            0.002089358066259042
        ],
        [
            -0.474654481910766,
            -0.32248739349880595,
            0.0718732050689177,
            -0.24087156889397265,
            -0.04393562105396409,
            -0.5563463878331751,
            -0.37735313071277043,
            -0.06730778851285371,
            0.08664931687621041,
            0.08694178899356822,
            -0.3696625724993234,
            -0.32960707624991237,
            -0.006088596725651818,
            0.20770635478445737,
            -0.07134007224461486,
            -0.1339904743472367,
            -0.19969867500341743,
            0.029006811775608102,
            0.10809012146256647,
            0.013201002154543022
        ],
        [
            0.08638339106726932,
            0.0718732050689177,
            1.4434778030089763,
            0.07752390992116798,
            0.016077707274619955,
            0.022191792088009865,
            0.0670462055027818,
            0.3055947939889563,
            0.2757503160363556,
            0.05469865289419072,
            0.05724004675065325,
            0.05544037791834795,
            -0.047048505927775625,
            -0.05627105997947057,
            0.016219252450860255,
            0.0036412550402122545,
            0.024440475136884084,
            -0.006597618500401981,
            -0.00501628097697324,
            -0.00028443400213478174
        ],
        [
            -0.2785612390781976,
            -0.24087156889397265,
            0.07752390992116798,
            1.2044168441029,
            -0.04943615459270747,
            -0.10296427717119294,
            -0.23903943948623962,
            0.2577492906015739,
            -0.5166716480305107,
            -0.1596663943765626,
            -0.2676899200786451,
            -0.20191405035340282,
            0.011006506065243504,
            0.10258267765491424,
            -0.06161759734680377,
            -0.07381355731338465,
            -0.125461358690303,
            0.013687059001504104,
            0.09567602561687372,
            0.00652753732074883
        ],
        [
            -0.055562248133244854,
            -0.04393562105396409,
            0.016077707274619955,
            -0.04943615459270747,
            1.4554534545034858,
            -0.0034339650121478493,
            -0.03806772768378705,
            0.061645815427839507,
            -0.1943077639826053,
            0.3451167326384852,
            -0.01996116064954783,
            -0.03221927493318293,
            -0.0009049350443311706,
            0.04455691954437799,
            -0.0543872823392508,
            -0.00031948619420142047,
            -0.01207011305932805,
            0.0005440514971245206,
            0.004961025229312096,
            -0.005279699095449848
        ],
        [
            -0.5948510088647891,
            -0.5563463878331751,
            0.022191792088009865,
            -0.10296427717119294,
            -0.0034339650121478493,
            -0.48738703028214836,
            -0.6188094001328874,
            -0.09262716585110571,
            0.015835678899532357,
            0.14337841124662365,
            -0.568199676971178,
            -0.5436766661377348,
            -0.020721951027078127,
            0.08219792052652619,
            -0.023320376569994916,
            -0.23084643687712778,
            -0.3368062315251761,
            0.060044988065235214,
            0.2215968483054242,
            0.0172261397827334
        ],
        [
            -0.469214961351346,
            -0.37735313071277043,
            0.0670462055027818,
            -0.23903943948623962,
            -0.03806772768378705,
            -0.6188094001328874,
            -0.44168306028296644,
            -0.07558686250613772,
            -0.013389872164821764,
            0.11504422033702784,
            -0.5297965390241539,
            -0.42436770352243736,
            -0.02756342775727945,
            0.16161016717993876,
            -0.09332547054359062,
            -0.2909161972708723,
            -0.3086325283578921,
            0.05216236794911897,
            0.15860109744553352,
            0.02845041616569511
        ],
        [
            -0.012520816884823704,
            -0.06730778851285371,
            0.3055947939889563,
            0.2577492906015739,
            0.061645815427839507,
            -0.09262716585110571,
            -0.07558686250613772,
            1.3599199887732585,
            0.05483639920437505,
            0.021838385473269793,
            -0.030223866942242286,
            -0.05528317941728735,
            0.41533355605515443,
            -0.02612156308524817,
            0.011333717799569498,
            -0.030109836735312562,
            -0.02765118938949547,
            -0.03690119141660249,
            0.024331925566533574,
            0.003028082500839344
        ],
        [
            0.015628194905813242,
            0.08664931687621041,
            0.2757503160363556,
            -0.5166716480305107,
            -0.1943077639826053,
            0.015835678899532357,
            -0.013389872164821764,
            0.05483639920437505,
            0.8526949390313039,
            0.03378327022607302,
            -0.030768615065487337,
            -0.12358627699524366,
            -0.07178178698304225,
            -0.6083032353139707,
            0.304037070960157,
            -0.2889567689156726,
            -0.18709396314811874,
            0.06423992935541964,
            0.15642065023745116,
            0.03018626201404078
        ],
        [
            0.029834355030984472,
            0.08694178899356822,
            0.05469865289419072,
            -0.1596663943765626,
            0.3451167326384852,
            0.14337841124662365,
            0.11504422033702784,
            0.021838385473269793,
            0.03378327022607302,
            1.3409888268474859,
            0.024620933361902686,
            0.09830326571078254,
            0.022082544352659963,
            0.2902979012773733,
            0.31691461460585635,
            0.04558798345043491,
            0.0663353909542171,
            -0.01502253946674827,
            -0.049711588541075595,
            -0.05060944127221702
        ],
        [
            -0.2972558126332698,
            -0.3696625724993234,
            0.05724004675065325,
            -0.2676899200786451,
            -0.01996116064954783,
            -0.568199676971178,
            -0.5297965390241539,
            -0.030223866942242286,
            -0.030768615065487337,
            0.024620933361902686,
            -0.419095887734948,
            -0.593065911550657,
            -0.054700808234380886,
            0.056683528737315,
            -0.1289919021814747,
            -0.5109738294746755,
            -0.509726299893023,
            0.028558992295070196,
            0.0950007752600106,
            0.009121150847391263
        ],
        [
            -0.3387120147769132,
            -0.32960707624991237,
            0.05544037791834795,
            -0.20191405035340282,
            -0.03221927493318293,
            -0.5436766661377348,
            -0.42436770352243736,
            -0.05528317941728735,
            -0.12358627699524366,
            0.09830326571078254,
            -0.593065911550657,
            -0.44132276781818924,
            -0.04977141100214542,
            0.055699433513948265,
            -0.1078825581280375,
            -0.42172522904878185,
            -0.36366639684365354,
            0.062258137561123555,
            0.18824528316076244,
            0.03258375003405438
        ],
        [
            -0.004193980279758654,
            -0.006088596725651818,
            -0.047048505927775625,
            0.011006506065243504,
            -0.0009049350443311706,
            -0.020721951027078127,
            -0.02756342775727945,
            0.41533355605515443,
            -0.07178178698304225,
            0.022082544352659963,
            -0.054700808234380886,
            -0.04977141100214542,
            1.3826979251634186,
            -0.0736262879272668,
            -0.009255142588631108,
            -0.01697590993820719,
            -0.05208576386280078,
            0.15287417643350104,
            -0.2746240486393726,
            -0.06335555611710583
        ],
        [
            0.33345580426651555,
            0.20770635478445737,
            -0.05627105997947057,
            0.10258267765491424,
            0.04455691954437799,
            0.08219792052652619,
            0.16161016717993876,
            -0.02612156308524817,
            -0.6083032353139707,
            0.2902979012773733,
            0.056683528737315,
            0.055699433513948265,
            -0.0736262879272668,
            0.9078833129130355,
            0.048983131731898846,
            -0.05391662036721323,
            -0.07179860873859625,
            -0.28382522714444136,
            -0.5766453574507906,
            -0.18058098381139537
        ],
        [
            -0.06011517181921358,
            -0.07134007224461486,
            0.016219252450860255,
            -0.06161759734680377,
            -0.0543872823392508,
            -0.023320376569994916,
            -0.09332547054359062,
            0.011333717799569498,
            0.304037070960157,
            0.31691461460585635,
            -0.1289919021814747,
            -0.1078825581280375,
            -0.009255142588631108,
            0.048983131731898846,
            1.3651099473924515,
            -0.026114243286311817,
            -0.07402829825584527,
            -0.056919769527207384,
            -0.15649189936563124,
            0.20930589744633132
        ],
        [
            -0.012102863826897285,
            -0.1339904743472367,
            0.0036412550402122545,
            -0.07381355731338465,
            -0.00031948619420142047,
            -0.23084643687712778,
            -0.2909161972708723,
            -0.030109836735312562,
            -0.2889567689156726,
            0.04558798345043491,
            -0.5109738294746755,
            -0.42172522904878185,
            -0.01697590993820719,
            -0.05391662036721323,
            -0.026114243286311817,
            -0.2015669736193313,
            -0.4374517113420153,
            0.07457566117590209,
            0.21304700190754788,
            0.04407832742963953
        ],
        [
            -0.13933821713429878,
            -0.19969867500341743,
            0.024440475136884084,
            -0.125461358690303,
            -0.01207011305932805,
            -0.3368062315251761,
            -0.3086325283578921,
            -0.02765118938949547,
            -0.18709396314811874,
            0.0663353909542171,
            -0.509726299893023,
            -0.36366639684365354,
            -0.05208576386280078,
            -0.07179860873859625,
            -0.07402829825584527,
            -0.4374517113420153,
            -0.30552783565567254,
            0.0684050834180929,
            0.19873202411634572,
            0.03888072225999985
        ],
        [
            0.009776118259819864,
            0.029006811775608102,
            -0.006597618500401981,
            0.013687059001504104,
            0.0005440514971245206,
            0.060044988065235214,
            0.05216236794911897,
            -0.03690119141660249,
            0.06423992935541964,
            -0.01502253946674827,
            0.028558992295070196,
            0.062258137561123555,
            0.15287417643350104,
            -0.28382522714444136,
            -0.056919769527207384,
            0.07457566117590209,
            0.0684050834180929,
            1.481937631984531,
            -0.06494226506701334,
            -0.013482942122399616
        ],
        [
            0.06904677570384453,
            0.10809012146256647,
            -0.00501628097697324,
            0.09567602561687372,
            0.004961025229312096,
            0.2215968483054242,
            0.15860109744553352,
            0.024331925566533574,
            0.15642065023745116,
            -0.049711588541075595,
            0.0950007752600106,
            0.18824528316076244,
            -0.2746240486393726,
            -0.5766453574507906,
            -0.15649189936563124,
            0.21304700190754788,
            0.19873202411634572,
            -0.06494226506701334,
            1.3132681606932484,
            -0.037925024566788965
        ],
        [
            0.002089358066259042,
            0.013201002154543022,
            -0.00028443400213478174,
            0.00652753732074883,
            -0.005279699095449848,
            0.0172261397827334,
            0.02845041616569511,
            0.003028082500839344,
            0.03018626201404078,
            -0.05060944127221702,
            0.009121150847391263,
            0.03258375003405438,
            -0.06335555611710583,
            -0.18058098381139537,
            0.20930589744633132,
            0.04407832742963953,
            0.03888072225999985,
            -0.013482942122399616,
            -0.037925024566788965,
            1.4954151013404244
        ]
    ]
}