{
    "HF": -2.1518731067495795,
    "coordinates": [
        [
            0.839363,
            0.088819,
            -0.001517
        ],
        [
            1.653538,
            -0.118991,
            -0.123425
        ],
        [
            2.425126,
            -0.150957,
            -0.175357
        ],
        [
            3.122003,
            -0.035694,
            0.141097
        ]
    ],
    "elements": [
        "H",
        "H",
        "H",
        "H"
    ],
    "Enn": 2.9038018846269646,
    "S": [
        [
            0.9999999999999999,
            0.6848602514927513,
            0.0,
            0.0,
            0.0,
            0.4847013361963244,
            0.5322877343803578,
            0.07202097451869281,
            -0.48099941700919324,
            0.12277027524632964,
            0.09311062163919681,
            0.2760466948778869,
            0.01332591680999229,
            -0.12155859306467909,
            0.01838032115182186,
            0.010581891781281173,
            0.10998321977308087,
            -0.0007755303124704394,
            -0.01241292238109529,
            0.0006770976607950958
        ],
        [
            0.6848602514927513,
            1.0000000000000002,
            0.0,
            0.0,
            0.0,
            0.5322877343803578,
            0.8546671310313383,
            0.02535011250643421,
            -0.16930330946226735,
            0.04321297109264437,
            0.2760466948778869,
            0.5672901629307593,
            0.017917119203262666,
            -0.16343939656651765,
            0.024712926680174382,
            0.10998321977308087,
            0.3189168647838411,
            -0.005481646828452093,
            -0.08773771380438024,
            0.004785899642048152
        ],
        [
            0.0,
            0.0,
            1.0000000000000004,
            0.0,
            0.0,
            -0.0720209745186928,
            -0.025350112506434194,
            0.37712818576884405,
            0.10107862640446211,
            -0.025799305251464698,
            -0.01332591680999229,
            -0.017917119203262666,
            0.03143670940718002,
            0.024414149738261153,
            -0.003691552374245902,
            0.00077553031247044,
            0.005481646828452092,
            0.0010443508753685998,
            -0.000931832238862032,
            5.0829402602875704e-05
        ],
        [
            0.0,
            0.0,
            0.0,
            1.0000000000000004,
            0.0,
            0.4809994170091931,
            0.16930330946226713,
            0.10107862640446218,
            -0.28280102168803417,
            0.17230328898112743,
            0.12155859306467906,
            0.16343939656651751,
            0.02441414973826114,
            -0.18859198247080367,
            0.033674224388180525,
            0.012412922381095298,
            0.08773771380438025,
            -0.000931832238862032,
            -0.013812077951306397,
            0.0008135612741906697
        ],
        [
            0.0,
            0.0,
            0.0,
            0.0,
            1.0000000000000004,
            -0.12277027524632964,
            -0.04321297109264437,
            -0.025799305251464708,
            0.17230328898112734,
            0.34828419854809556,
            -0.018380321151821855,
            -0.024712926680174347,
            -0.003691552374245901,
            0.03367422438818054,
            0.02902139574656298,
            -0.0006770976607950964,
            -0.004785899642048151,
            5.0829402602875704e-05,
            0.0008135612741906697,
            0.0010581915896204167
        ],
        [
            0.4847013361963244,
            0.5322877343803578,
            -0.07202097451869283,
            0.4809994170091931,
            -0.12277027524632964,
            0.9999999999999999,
            0.6848602514927513,
            0.0,
            0.0,
            0.0,
            0.5434640910674732,
            0.5554443603699242,
            0.03546323768838097,
            -0.5269007286740838,
            0.021828888853631413,
            0.1273583158600438,
            0.3139543935430654,
            -0.02968951604980888,
            -0.16481810656989807,
            -0.009349118857414239
        ],
        [
            0.5322877343803578,
            0.8546671310313383,
            -0.025350112506434215,
            0.16930330946226718,
            -0.04321297109264437,
            0.6848602514927513,
            1.0000000000000002,
            0.0,
            0.0,
            0.0,
            0.5554443603699242,
            0.8776585212648287,
            0.011301253073587673,
            -0.16791017593282287,
            0.006956324727534151,
            0.3139543935430654,
            0.6147800325118044,
            -0.031287794352134975,
            -0.1736907740502035,
            -0.009852410786814661
        ],
        [
            0.07202097451869281,
            0.025350112506434184,
            0.37712818576884405,
            0.10107862640446214,
            -0.025799305251464698,
            0.0,
            0.0,
            1.0000000000000004,
            0.0,
            0.0,
            -0.03546323768838097,
            -0.011301253073587671,
            0.4562729042565388,
            0.04780010198275007,
            -0.0019803030373471207,
            0.02968951604980887,
            0.03128779435213495,
            0.04507254905789333,
            -0.05554373629196521,
            -0.0031506550049962556
        ],
        [
            -0.48099941700919324,
            -0.1693033094622673,
            0.10107862640446215,
            -0.2828010216880343,
            0.17230328898112734,
            0.0,
            0.0,
            0.0,
            1.0000000000000004,
            0.0,
            0.5269007286740833,
            0.16791017593282287,
            0.04780010198275007,
            -0.2507075572090069,
            0.02942266925942752,
            0.16481810656989807,
            0.17369077405020306,
            -0.05554373629196521,
            -0.2532670650779384,
            -0.017490517242088846
        ],
        [
            0.12277027524632964,
            0.04321297109264438,
            -0.025799305251464708,
            0.17230328898112743,
            0.34828419854809556,
            0.0,
            0.0,
            0.0,
            0.0,
            1.0000000000000004,
            -0.021828888853631417,
            -0.00695632472753415,
            -0.0019803030373471186,
            0.029422669259427492,
            0.45827115960864556,
            0.009349118857414239,
            0.009852410786814645,
            -0.003150655004996257,
            -0.01749051724208885,
            0.05408579254460153
        ],
        [
            0.09311062163919681,
            0.2760466948778869,
            -0.013325916809992292,
            0.1215585930646791,
            -0.01838032115182186,
            0.5434640910674732,
            0.5554443603699242,
            -0.03546323768838097,
            0.5269007286740834,
            -0.021828888853631417,
            0.9999999999999999,
            0.6848602514927513,
            0.0,
            0.0,
            0.0,
            0.54346437570851,
            0.5554444677374492,
            -0.21609972380723688,
            -0.4758825207695773,
            -0.07871065767913676
        ],
        [
            0.2760466948778869,
            0.5672901629307593,
            -0.01791711920326267,
            0.16343939656651774,
            -0.024712926680174382,
            0.5554443603699242,
            0.8776585212648287,
            -0.011301253073587673,
            0.16791017593282287,
            -0.006956324727534151,
            0.6848602514927513,
            1.0000000000000002,
            0.0,
            0.0,
            0.0,
            0.5554444677374492,
            0.8776586270110067,
            -0.06886558341888363,
            -0.15165187097082472,
            -0.025083120269014755
        ],
        [
            0.01332591680999229,
            0.01791711920326266,
            0.03143670940718002,
            0.02441414973826115,
            -0.003691552374245902,
            0.03546323768838097,
            0.011301253073587671,
            0.4562729042565388,
            0.04780010198275007,
            -0.0019803030373471186,
            0.0,
            0.0,
            1.0000000000000004,
            0.0,
            0.0,
            0.2160997238072369,
            0.06886558341888369,
            0.3400284313241731,
            -0.26307243372644823,
            -0.04351200847296101
        ],
        [
            -0.12155859306467909,
            -0.1634393965665176,
            0.024414149738261143,
            -0.18859198247080375,
            0.03367422438818053,
            -0.526900728674083,
            -0.16791017593282287,
            0.04780010198275007,
            -0.2507075572090069,
            0.029422669259427492,
            0.0,
            0.0,
            0.0,
            1.0000000000000004,
            0.0,
            0.47588252076957666,
            0.1516518709708247,
            -0.26307243372644845,
            -0.11983271417789773,
            -0.09581967024784528
        ],
        [
            0.018380321151821855,
            0.02471292668017434,
            -0.003691552374245901,
            0.03367422438818053,
            0.02902139574656298,
            0.021828888853631413,
            0.00695632472753415,
            -0.0019803030373471207,
            0.02942266925942752,
            0.45827115960864556,
            0.0,
            0.0,
            0.0,
            0.0,
            1.0000000000000004,
            0.07871065767913676,
            0.025083120269014728,
            -0.04351200847296098,
            -0.09581967024784516,
            0.4436419259447333
        ],
        [
            0.010581891781281173,
            0.10998321977308087,
            0.0007755303124704392,
            0.012412922381095289,
            -0.0006770976607950958,
            0.1273583158600438,
            0.3139543935430654,
            0.02968951604980888,
            0.16481810656989807,
            0.009349118857414242,
            0.54346437570851,
            0.5554444677374492,
            0.21609972380723688,
            0.47588252076957666,
            0.07871065767913676,
            0.9999999999999999,
            0.6848602514927513,
            0.0,
            0.0,
            0.0
        ],
        [
            0.10998321977308087,
            0.3189168647838411,
            0.005481646828452092,
            0.08773771380438028,
            -0.004785899642048152,
            0.3139543935430654,
            0.6147800325118044,
            0.031287794352134975,
            0.1736907740502033,
            0.009852410786814661,
            0.5554444677374492,
            0.8776586270110067,
            0.06886558341888363,
            0.15165187097082472,
            0.02508312026901478,
            0.6848602514927513,
            1.0000000000000002,
            0.0,
            0.0,
            0.0
        ],
        [
            -0.0007755303124704399,
            -0.005481646828452092,
            0.0010443508753685998,
            -0.000931832238862032,
            5.0829402602875704e-05,
            -0.02968951604980887,
            -0.03128779435213495,
            0.04507254905789333,
            -0.05554373629196521,
            -0.003150655004996257,
            -0.2160997238072369,
            -0.06886558341888369,
            0.3400284313241731,
            -0.26307243372644856,
            -0.04351200847296101,
            0.0,
            0.0,
            1.0000000000000004,
            0.0,
            0.0
        ],
        [
            -0.012412922381095296,
            -0.08773771380438022,
            -0.000931832238862032,
            -0.013812077951306397,
            0.0008135612741906697,
            -0.16481810656989807,
            -0.17369077405020306,
            -0.05554373629196521,
            -0.2532670650779384,
            -0.01749051724208885,
            -0.47588252076957666,
            -0.1516518709708247,
            -0.26307243372644806,
            -0.11983271417789758,
            -0.09581967024784516,
            0.0,
            0.0,
            0.0,
            1.0000000000000004,
            0.0
        ],
        [
            0.0006770976607950964,
            0.004785899642048153,
            5.0829402602875704e-05,
            0.0008135612741906697,
            0.0010581915896204167,
            -0.009349118857414239,
            -0.009852410786814652,
            -0.0031506550049962556,
            -0.017490517242088846,
            0.05408579254460153,
            -0.07871065767913676,
            -0.025083120269014738,
            -0.04351200847296098,
            -0.09581967024784528,
            0.4436419259447333,
            0.0,
            0.0,
            0.0,
            0.0,
            1.0000000000000004
        ]
    ],
    "h": [
        [
            -0.2145958698399173,
            -0.4426289254432283,
            0.03601002159549875,
            -0.23338608934179617,
            0.05950911582989977,
            -0.5251756772998718,
            -0.43053701814769296,
            -0.002043082616572739,
            0.045086237061709555,
            -0.01132285901286953,
            -0.20777390115847444,
            -0.2816133191286908,
            -0.014193814222603643,
            0.2815046719003954,
            -0.022057661649135918,
            -0.004601021740777277,
            -0.12387273331849297,
            0.006998025532038467,
            0.05873384238686718,
            -7.341515376262618e-06
        ],
        [
            -0.4426289254432283,
            -0.3026842365993445,
            0.032226861748197555,
            -0.21063952788950113,
            0.05297425455746845,
            -0.5105394441202948,
            -0.35946555323858187,
            -0.019494141456534955,
            0.09027689942681189,
            -0.04190420440670768,
            -0.3117003152852522,
            -0.29700673375440556,
            -0.026118735668404162,
            0.18523673668766438,
            -0.016940124024630167,
            -0.12540868420214923,
            -0.18679251023701426,
            0.03189453228417909,
            0.10840163060487099,
            0.009871517692519764
        ],
        [
            0.03601002159549875,
            0.032226861748197555,
            1.4957523338389942,
            0.03242778649560096,
            -0.00817792572450235,
            0.011657463755151795,
            0.029435293528110515,
            0.27037860521000384,
            0.13458149189783697,
            -0.03347358383771921,
            0.02625614317630487,
            0.023340830500260985,
            -0.0390088332507043,
            -0.034145030270532103,
            0.0029920051387839442,
            0.0013248292256757871,
            0.010929092187598551,
            -0.004166678226251098,
            -0.0008549416911083126,
            -0.000293865082297
        ],
        [
            -0.23338608934179617,
            -0.21063952788950113,
            0.03242778649560096,
            1.284262263254383,
            0.05415014324910284,
            -0.07973091189309334,
            -0.19756775629795592,
            0.13405220367418896,
            -0.6227215896820485,
            0.22403203388625614,
            -0.21176740422268353,
            -0.16067629674300365,
            -0.022419168701539344,
            0.20681229364535347,
            -0.02339412005697568,
            -0.05562640649885723,
            -0.10264616504750548,
            0.011645081280224899,
            0.07600676925560368,
            0.0002463689092870769
        ],
        [
            0.05950911582989977,
            0.05297425455746845,
            -0.00817792572450235,
            0.05415014324910284,
            1.4869744691990416,
            0.017340054753777617,
            0.04805826664429136,
            -0.03425809152647866,
            0.23003895639524607,
            0.23307727738104717,
            0.04123523284003821,
            0.0386199860626424,
            0.004292174118217302,
            -0.05345624383844466,
            -0.037088652193184045,
            0.006011980042570257,
            0.020204804598426093,
            -0.0015391166691367715,
            -0.00890969701717855,
            -0.003856175182803688
        ],
        [
            -0.5251756772998718,
            -0.5105394441202948,
            0.011657463755151795,
            -0.07973091189309334,
            0.017340054753777617,
            -0.40637080692190786,
            -0.5862420569599995,
            -0.017779526184324768,
            -0.01469216026931841,
            -0.04611903476580611,
            -0.5245559965585398,
            -0.5050136845081037,
            -0.02706890487296089,
            0.038629183047055204,
            -0.01578781641059228,
            -0.2597021165548169,
            -0.3406815184491121,
            0.0710811474446027,
            0.23877672842845826,
            0.02441636615898582
        ],
        [
            -0.43053701814769296,
            -0.35946555323858187,
            0.029435293528110515,
            -0.19756775629795592,
            0.04805826664429136,
            -0.5862420569599995,
            -0.4362368537900567,
            -0.017663913078302656,
            -0.030344020553895137,
            -0.039433170070841725,
            -0.5153252239450593,
            -0.4107592200813288,
            -0.0639576067417035,
            0.12672078247071716,
            -0.030227428305378036,
            -0.319394480228565,
            -0.31602876171940475,
            0.07191290022508004,
            0.18027130448953033,
            0.025979349927170884
        ],
        [
            -0.002043082616572739,
            -0.019494141456534955,
            0.27037860521000384,
            0.13405220367418896,
            -0.03425809152647866,
            -0.017779526184324768,
            -0.017663913078302656,
            1.4085814390938625,
            0.04226061786982674,
            -0.008294926553209764,
            -0.014751471499831352,
            -0.009086820438515065,
            0.36470571312019207,
            0.07095426748024972,
            -0.004396345930157319,
            -0.01293818561748089,
            -0.000497276981044098,
            -0.04599975331065417,
            -0.0020187991854859477,
            0.0001418717259552421
        ],
        [
            0.045086237061709555,
            0.09027689942681189,
            0.13458149189783697,
            -0.6227215896820485,
            0.23003895639524607,
            -0.01469216026931841,
            -0.030344020553895137,
            0.04226061786982674,
            0.895081146051321,
            0.06407212497115226,
            -0.07406950105724341,
            -0.14951850342386203,
            0.03041203029341258,
            -0.7515815164688628,
            0.03250656648531295,
            -0.31745601886170216,
            -0.19786952490052045,
            0.08325187032254755,
            0.15452594223423527,
            0.03057318108725317
        ],
        [
            -0.01132285901286953,
            -0.04190420440670768,
            -0.03347358383771921,
            0.22403203388625614,
            0.23307727738104717,
            -0.04611903476580611,
            -0.039433170070841725,
            -0.008294926553209764,
            0.06407212497115226,
            1.40075873431285,
            -0.010225462101120575,
            -0.01811333648209042,
            -0.0034176588942504793,
            0.05840661446582174,
            0.3690457061972502,
            0.0032207798174478386,
            -0.0017817626257810408,
            -0.0013622824866141104,
            -0.0031543428931274514,
            -0.04682103124259354
        ],
        [
            -0.20777390115847444,
            -0.3117003152852522,
            0.02625614317630487,
            -0.21176740422268353,
            0.04123523284003821,
            -0.5245559965585398,
            -0.5153252239450593,
            -0.014751471499831352,
            -0.07406950105724341,
            -0.010225462101120575,
            -0.4529410002616401,
            -0.6021181623750715,
            -0.12442452305799417,
            -0.01776772770794624,
            -0.04844437309411448,
            -0.5817583222962522,
            -0.5426553997498172,
            0.026039079133882204,
            0.08506129376479254,
            0.009639540341235486
        ],
        [
            -0.2816133191286908,
            -0.29700673375440556,
            0.023340830500260985,
            -0.16067629674300365,
            0.0386199860626424,
            -0.5050136845081037,
            -0.4107592200813288,
            -0.009086820438515065,
            -0.14951850342386203,
            -0.01811333648209042,
            -0.6021181623750715,
            -0.4332800345301224,
            -0.0999775473081612,
            0.013602564897052652,
            -0.040613312967542746,
            -0.4634377776789509,
            -0.3706522647166606,
            0.0893870182811236,
            0.21960119691961455,
            0.03267751326464023
        ],
        [
            -0.014193814222603643,
            -0.026118735668404162,
            -0.0390088332507043,
            -0.022419168701539344,
            0.004292174118217302,
            -0.02706890487296089,
            -0.0639576067417035,
            0.36470571312019207,
            0.03041203029341258,
            -0.0034176588942504793,
            -0.12442452305799417,
            -0.0999775473081612,
            1.353713948725629,
            -0.08085641462454307,
            -0.01642376425996084,
            -0.019751210622616255,
            -0.09194376105042801,
            0.21748245447320608,
            -0.350297505425732,
            -0.058910524682956156
        ],
        [
            0.2815046719003954,
            0.18523673668766438,
            -0.034145030270532103,
            0.20681229364535347,
            -0.05345624383844466,
            0.038629183047055204,
            0.12672078247071716,
            0.07095426748024972,
            -0.7515815164688628,
            0.05840661446582174,
            -0.01776772770794624,
            0.013602564897052652,
            -0.08085641462454307,
            0.8912118610619688,
            -0.021789085687971495,
            -0.015770290754331673,
            -0.0837233559782748,
            -0.37207494916007766,
            -0.46279379731820064,
            -0.13463962003147217
        ],
        [
            -0.022057661649135918,
            -0.016940124024630167,
            0.0029920051387839442,
            -0.02339412005697568,
            -0.037088652193184045,
            -0.01578781641059228,
            -0.030227428305378036,
            -0.004396345930157319,
            0.03250656648531295,
            0.3690457061972502,
            -0.04844437309411448,
            -0.040613312967542746,
            -0.01642376425996084,
            -0.021789085687971495,
            1.392219530580487,
            -0.005579671772821232,
            -0.0344583834445359,
            -0.05904709042274925,
            -0.1269579625855228,
            0.3578814290744621
        ],
        [
            -0.004601021740777277,
            -0.12540868420214923,
            0.0013248292256757871,
            -0.05562640649885723,
            0.006011980042570257,
            -0.2597021165548169,
            -0.319394480228565,
            -0.01293818561748089,
            -0.31745601886170216,
            0.0032207798174478386,
            -0.5817583222962522,
            -0.4634377776789509,
            -0.019751210622616255,
            -0.015770290754331673,
            -0.005579671772821232,
            -0.2685857122936295,
            -0.4676642255092178,
            0.11536378054352216,
            0.2596075239625999,
            0.042658071378521456
        ],
        [
            -0.12387273331849297,
            -0.18679251023701426,
            0.010929092187598551,
            -0.10264616504750548,
            0.020204804598426093,
            -0.3406815184491121,
            -0.31602876171940475,
            -0.000497276981044098,
            -0.19786952490052045,
            -0.0017817626257810408,
            -0.5426553997498172,
            -0.3706522647166606,
            -0.09194376105042801,
            -0.0837233559782748,
            -0.0344583834445359,
            -0.4676642255092178,
            -0.3158865489517604,
            0.0964924541584049,
            0.22442261077994005,
            0.035567987039347576
        ],
        [
            0.006998025532038467,
            0.03189453228417909,
            -0.004166678226251098,
            0.011645081280224899,
            -0.0015391166691367715,
            0.0710811474446027,
            0.07191290022508004,
            -0.04599975331065417,
            0.08325187032254755,
            -0.0013622824866141104,
            0.026039079133882204,
            0.0893870182811236,
            0.21748245447320608,
            -0.37207494916007766,
            -0.05904709042274925,
            0.11536378054352216,
            0.0964924541584049,
            1.428602532317379,
            -0.10037375143459953,
            -0.016316198296145286
        ],
        [
            0.05873384238686718,
            0.10840163060487099,
            -0.0008549416911083126,
            0.07600676925560368,
            -0.00890969701717855,
            0.23877672842845826,
            0.18027130448953033,
            -0.0020187991854859477,
            0.15452594223423527,
            -0.0031543428931274514,
            0.08506129376479254,
            0.21960119691961455,
            -0.350297505425732,
            -0.46279379731820064,
            -0.1269579625855228,
            0.2596075239625999,
            0.22442261077994005,
            -0.10037375143459953,
            1.239160083073842,
            -0.03662831590312271
        ],
        [
            -7.341515376262618e-06,
            0.009871517692519764,
            -0.000293865082297,
            0.0002463689092870769,
            -0.003856175182803688,
            0.02441636615898582,
            0.025979349927170884,
            0.0001418717259552421,
            0.03057318108725317,
            -0.04682103124259354,
            0.009639540341235486,
            0.03267751326464023,
            -0.058910524682956156,
            -0.13463962003147217,
            0.3578814290744621,
            0.042658071378521456,
            0.035567987039347576,
            -0.016316198296145286,
            -0.03662831590312271,
            1.4672619505982702
        ]
    ]
}