{
    "HF": -2.1919916672901305,
    "coordinates": [
        [
            0.821695,
            -0.059786,
            0.07171
        ],
        [
            1.628264,
            0.122869,
            0.165362
        ],
        [
            2.464799,
            -0.099675,
            -0.185798
        ],
        [
            3.27982,
            -0.140203,
            -0.155861
        ]
    ],
    "elements": [
        "H",
        "H",
        "H",
        "H"
    ],
    "Enn": 2.6934156512092216,
    "S": [
        [
            0.9999999999999999,
            0.6848602514927513,
            0.0,
            0.0,
            0.0,
            0.4976464482531197,
            0.5375663472821129,
            -0.05720551025623388,
            -0.4926770512307297,
            -0.11157126890885832,
            0.08100731530401323,
            0.2605883602839101,
            0.016668025776607507,
            -0.10635514168743072,
            0.002581942620047133,
            0.005317758938898169,
            0.0817384988093044,
            0.0005321575680399763,
            -0.005748139358434362,
            0.00018804907105505878
        ],
        [
            0.6848602514927513,
            1.0000000000000002,
            0.0,
            0.0,
            0.0,
            0.5375663472821129,
            0.8599410295581283,
            -0.019680686743063638,
            -0.16949805477369534,
            -0.03838440008813789,
            0.2605883602839101,
            0.5472223240785182,
            0.02495293333581458,
            -0.15921938182817713,
            0.003865307321839739,
            0.0817384988093044,
            0.26476005329578206,
            0.006359817025261214,
            -0.0686960343155333,
            0.0022473751300492203
        ],
        [
            0.0,
            0.0,
            1.0000000000000004,
            0.0,
            0.0,
            0.057205510256233875,
            0.01968068674306363,
            0.39764401400029825,
            -0.07979734850184945,
            -0.01807084662391601,
            -0.016668025776607504,
            -0.024952933335814567,
            0.022785791334769646,
            0.030234427713403237,
            -0.0007339895022225866,
            -0.0005321575680399763,
            -0.006359817025261215,
            0.0003148181073952171,
            0.0005282279452756594,
            -1.7280857025266293e-05
        ],
        [
            0.0,
            0.0,
            0.0,
            1.0000000000000004,
            0.0,
            0.4926770512307296,
            0.1694980547736951,
            -0.07979734850184943,
            -0.28033771310109057,
            -0.1556334588754678,
            0.1063551416874307,
            0.15921938182817724,
            0.030234427713403237,
            -0.16539533418775346,
            0.004683431532457016,
            0.005748139358434365,
            0.06869603431553327,
            0.0005282279452756594,
            -0.005341972272174066,
            0.00018666045618832234
        ],
        [
            0.0,
            0.0,
            0.0,
            0.0,
            1.0000000000000004,
            0.11157126890885832,
            0.03838440008813788,
            -0.01807084662391601,
            -0.15563345887546784,
            0.37166477583344165,
            -0.002581942620047133,
            -0.0038653073218397377,
            -0.0007339895022225872,
            0.0046834315324570195,
            0.02741044662818069,
            -0.0001880490710550587,
            -0.0022473751300492203,
            -1.7280857025266286e-05,
            0.00018666045618832228,
            0.0003576144207759568
        ],
        [
            0.4976464482531197,
            0.5375663472821129,
            0.05720551025623388,
            0.4926770512307296,
            0.11157126890885832,
            0.9999999999999999,
            0.6848602514927513,
            0.0,
            0.0,
            0.0,
            0.42131098998572286,
            0.5048096377671163,
            0.1737476828459705,
            -0.4139025454765748,
            0.11011078804896246,
            0.07249471944162686,
            0.24884347499457268,
            0.018170865122739677,
            -0.09342482113251989,
            0.014881393392034108
        ],
        [
            0.5375663472821129,
            0.8599410295581283,
            0.019680686743063638,
            0.16949805477369517,
            0.03838440008813789,
            0.6848602514927513,
            1.0000000000000002,
            0.0,
            0.0,
            0.0,
            0.5048096377671162,
            0.8268852792874751,
            0.06900393991992454,
            -0.16438150951393704,
            0.04373052968885886,
            0.24884347499457274,
            0.5316725240421243,
            0.029627596949581315,
            -0.15232917788471803,
            0.024264113045206155
        ],
        [
            -0.057205510256233875,
            -0.01968068674306363,
            0.39764401400029825,
            -0.07979734850184943,
            -0.01807084662391601,
            0.0,
            0.0,
            1.0000000000000004,
            0.0,
            0.0,
            -0.17374768284597047,
            -0.06900393991992453,
            0.21901475159820166,
            0.2456836496805697,
            -0.06535939576289418,
            -0.018170865122739677,
            -0.029627596949581288,
            0.01697031055406409,
            0.03192577700596938,
            -0.00508537282932845
        ],
        [
            -0.49267705123072975,
            -0.16949805477369492,
            -0.07979734850184945,
            -0.2803377131010907,
            -0.15563345887546784,
            0.0,
            0.0,
            0.0,
            1.0000000000000004,
            0.0,
            0.4139025454765748,
            0.164381509513937,
            0.2456836496805697,
            -0.2631211037178133,
            0.15569945931914997,
            0.09342482113251992,
            0.15232917788471767,
            0.03192577700596939,
            -0.1409653999525946,
            0.0261462535637684
        ],
        [
            -0.11157126890885832,
            -0.03838440008813788,
            -0.01807084662391601,
            -0.1556334588754678,
            0.37166477583344165,
            0.0,
            0.0,
            0.0,
            0.0,
            1.0000000000000004,
            -0.11011078804896246,
            -0.04373052968885888,
            -0.06535939576289419,
            0.15569945931915,
            0.2807268018377109,
            -0.014881393392034108,
            -0.024264113045206127,
            -0.00508537282932845,
            0.026146253563768398,
            0.01901501666736622
        ],
        [
            0.08100731530401323,
            0.2605883602839101,
            -0.016668025776607507,
            0.1063551416874307,
            -0.002581942620047133,
            0.42131098998572286,
            0.5048096377671163,
            -0.1737476828459705,
            0.4139025454765748,
            -0.11011078804896246,
            0.9999999999999999,
            0.6848602514927513,
            0.0,
            0.0,
            0.0,
            0.5098591409954801,
            0.5424516245917936,
            -0.018856521761811934,
            -0.5133600969647503,
            0.025527511573060574
        ],
        [
            0.2605883602839101,
            0.5472223240785182,
            -0.02495293333581458,
            0.15921938182817721,
            -0.003865307321839739,
            0.5048096377671162,
            0.8268852792874751,
            -0.06900393991992454,
            0.16438150951393704,
            -0.04373052968885886,
            0.6848602514927513,
            1.0000000000000002,
            0.0,
            0.0,
            0.0,
            0.5424516245917936,
            0.8648044161879652,
            -0.00635222723245402,
            -0.17293645292520682,
            0.008599494447569814
        ],
        [
            0.016668025776607504,
            0.024952933335814574,
            0.022785791334769646,
            0.030234427713403234,
            -0.0007339895022225872,
            0.17374768284597047,
            0.06900393991992453,
            0.21901475159820166,
            0.2456836496805697,
            -0.06535939576289418,
            0.0,
            0.0,
            1.0000000000000004,
            0.0,
            0.0,
            0.018856521761811934,
            0.006352227232454017,
            0.41983733302607384,
            -0.026656427548447346,
            0.0013255262081387773
        ],
        [
            -0.10635514168743072,
            -0.1592193818281774,
            0.03023442771340324,
            -0.16539533418775346,
            0.0046834315324570195,
            -0.4139025454765748,
            -0.164381509513937,
            0.2456836496805697,
            -0.2631211037178133,
            0.15569945931914997,
            0.0,
            0.0,
            0.0,
            1.0000000000000004,
            0.0,
            0.5133600969647503,
            0.17293645292520674,
            -0.0266564275484474,
            -0.30489246455441354,
            0.03608683888443986
        ],
        [
            0.0025819426200471324,
            0.0038653073218397377,
            -0.0007339895022225866,
            0.004683431532457015,
            0.02741044662818069,
            0.11011078804896246,
            0.04373052968885888,
            -0.06535939576289419,
            0.15569945931915,
            0.2807268018377109,
            0.0,
            0.0,
            0.0,
            0.0,
            1.0000000000000004,
            -0.02552751157306057,
            -0.008599494447569809,
            0.00132552620813878,
            0.03608683888443986,
            0.4190219995134518
        ],
        [
            0.005317758938898169,
            0.0817384988093044,
            -0.0005321575680399763,
            0.005748139358434363,
            -0.0001880490710550587,
            0.07249471944162686,
            0.24884347499457268,
            -0.018170865122739677,
            0.09342482113251989,
            -0.014881393392034108,
            0.5098591409954801,
            0.5424516245917936,
            0.018856521761811934,
            0.5133600969647503,
            -0.025527511573060574,
            0.9999999999999999,
            0.6848602514927513,
            0.0,
            0.0,
            0.0
        ],
        [
            0.0817384988093044,
            0.26476005329578206,
            -0.006359817025261214,
            0.06869603431553327,
            -0.0022473751300492203,
            0.24884347499457274,
            0.5316725240421243,
            -0.029627596949581315,
            0.15232917788471786,
            -0.024264113045206155,
            0.5424516245917936,
            0.8648044161879652,
            0.006352227232454063,
            0.17293645292520682,
            -0.008599494447569814,
            0.6848602514927513,
            1.0000000000000002,
            0.0,
            0.0,
            0.0
        ],
        [
            0.0005321575680399763,
            0.006359817025261214,
            0.0003148181073952171,
            0.0005282279452756594,
            -1.7280857025266286e-05,
            0.018170865122739677,
            0.029627596949581288,
            0.01697031055406409,
            0.03192577700596938,
            -0.00508537282932845,
            -0.018856521761811934,
            -0.006352227232454017,
            0.4198373330260739,
            -0.026656427548447395,
            0.0013255262081387797,
            0.0,
            0.0,
            1.0000000000000004,
            0.0,
            0.0
        ],
        [
            -0.005748139358434362,
            -0.0686960343155333,
            0.0005282279452756594,
            -0.005341972272174066,
            0.00018666045618832228,
            -0.09342482113251992,
            -0.15232917788471767,
            0.03192577700596939,
            -0.1409653999525946,
            0.0261462535637684,
            -0.5133600969647503,
            -0.17293645292520674,
            -0.02665642754844735,
            -0.30489246455441354,
            0.03608683888443986,
            0.0,
            0.0,
            0.0,
            1.0000000000000004,
            0.0
        ],
        [
            0.0001880490710550587,
            0.0022473751300492203,
            -1.7280857025266293e-05,
            0.00018666045618832234,
            0.0003576144207759568,
            0.014881393392034108,
            0.024264113045206138,
            -0.00508537282932845,
            0.026146253563768398,
            0.01901501666736622,
            0.02552751157306057,
            0.008599494447569809,
            0.0013255262081387775,
            0.03608683888443986,
            0.4190219995134518,
            0.0,
            0.0,
            0.0,
            0.0,
            1.0000000000000004
        ]
    ],
    "h": [
        [
            -0.23017384774809146,
            -0.45209454004034977,
            -0.025442028474889404,
            -0.2462336071942616,
            -0.053463626500422974,
            -0.5387576563491974,
            -0.44586100512313,
            0.013781951769412118,
            0.042522177727766564,
            0.016005069755651913,
            -0.17827063210185845,
            -0.27408544061855444,
            -0.05844843227452244,
            0.23270574721037046,
            -0.029504531126276365,
            0.004848359593889406,
            -0.10118888323454601,
            -0.004816939373312786,
            0.03356433577912535,
            -0.003214583168939805
        ],
        [
            -0.45209454004034977,
            -0.3084291260503229,
            -0.020750383416545407,
            -0.2182731362304479,
            -0.04576099639629368,
            -0.5020315197534839,
            -0.3604261688161996,
            0.05049094741504085,
            0.12433657976645313,
            0.06033476337477642,
            -0.2696991951320108,
            -0.2845373546048422,
            -0.057187025847613496,
            0.13448695831055812,
            -0.032299086367111984,
            -0.10273535009019585,
            -0.16518567140392365,
            -0.003855077982815744,
            0.0899435646612492,
            -0.006459379342403361
        ],
        [
            -0.025442028474889404,
            -0.020750383416545407,
            1.4849234374748121,
            -0.02294801064250667,
            -0.005784523905863724,
            -0.0005130962107183501,
            -0.016443488479758357,
            0.29541719689949975,
            -0.10447798329758648,
            -0.025130577447524276,
            0.008592213896333124,
            -0.010993291449449216,
            -0.03635068067348189,
            -0.0052561522289225684,
            -0.000444454468746653,
            0.004539933106103431,
            -0.0001452497636505838,
            -0.0011953783540370713,
            -0.0031587288000276266,
            8.531663464971148e-05
        ],
        [
            -0.2462336071942616,
            -0.2182731362304479,
            -0.02294801064250667,
            1.2590860540226243,
            -0.04879235500818972,
            -0.07164616581250982,
            -0.20407972148678005,
            -0.08980170809227778,
            -0.618430927389859,
            -0.19419208820026113,
            -0.1804331296595955,
            -0.15420194505531098,
            -0.05910462438650365,
            0.17951892471824554,
            -0.02831062802771877,
            -0.03428691666472639,
            -0.08788248152335937,
            -0.003941397633258679,
            0.043378896272507544,
            -0.002852481997897829
        ],
        [
            -0.053463626500422974,
            -0.04576099639629368,
            -0.005784523905863724,
            -0.04879235500818972,
            1.4770686843597856,
            -0.009581614864389354,
            -0.04002843433286424,
            -0.023243887892529277,
            -0.20669401524222258,
            0.26276898694648243,
            -0.013548177880022915,
            -0.0287408656296107,
            -0.006669080060943898,
            0.02138619254891075,
            -0.04067306810672195,
            0.0012036844534582993,
            -0.009455356545470672,
            -0.00022612538936189446,
            0.0007216629516134435,
            -0.001467793982812172
        ],
        [
            -0.5387576563491974,
            -0.5020315197534839,
            -0.0005130962107183501,
            -0.07164616581250982,
            -0.009581614864389354,
            -0.3424259900225648,
            -0.5478137104480003,
            0.0835842329238407,
            0.10288953407715373,
            0.08813586175085467,
            -0.4121959229718368,
            -0.43822125363960884,
            -0.03006100198204409,
            0.07207550727218526,
            -0.013986431004921529,
            -0.16862995471761258,
            -0.26166381730862764,
            -0.01729501743315489,
            0.17591482387611207,
            -0.019799717071207396
        ],
        [
            -0.44586100512313,
            -0.3604261688161996,
            -0.016443488479758357,
            -0.20407972148678005,
            -0.04002843433286424,
            -0.5478137104480003,
            -0.41544691561982416,
            0.07941929501180034,
            0.05609568386712259,
            0.07997836767414493,
            -0.4379440370103278,
            -0.38389491574151124,
            -0.06429591870810708,
            0.07141478829152859,
            -0.03182300273701795,
            -0.26770923280884024,
            -0.2787684914948877,
            0.00016997196649450041,
            0.1564716230393454,
            -0.010590783814093133
        ],
        [
            0.013781951769412118,
            0.05049094741504085,
            0.29541719689949975,
            -0.08980170809227778,
            -0.023243887892529277,
            0.0835842329238407,
            0.07941929501180034,
            1.4082620571468838,
            0.035043687386899516,
            -0.021041378328820567,
            0.03294482274181759,
            0.07184575963003804,
            0.07200528546646284,
            0.2983825886619498,
            -0.0774984477357531,
            0.059807697190654326,
            0.05895817838852791,
            -0.02983292556900792,
            -0.06506152827483512,
            0.006772818456468472
        ],
        [
            0.042522177727766564,
            0.12433657976645313,
            -0.10447798329758648,
            -0.618430927389859,
            -0.20669401524222258,
            0.10288953407715373,
            0.05609568386712259,
            0.035043687386899516,
            1.052736230730182,
            -0.011750778418904893,
            -0.06505037928506141,
            -0.06711396459687657,
            0.30324221493773307,
            -0.6143087294783176,
            0.19424590661667313,
            -0.22518636700740716,
            -0.13263449574249558,
            -0.019660110524799497,
            0.1896286192794552,
            -0.02469892133399624
        ],
        [
            0.016005069755651913,
            0.06033476337477642,
            -0.025130577447524276,
            -0.19419208820026113,
            0.26276898694648243,
            0.08813586175085467,
            0.07997836767414493,
            -0.021041378328820567,
            -0.011750778418904893,
            1.4146962711959443,
            0.026366028790803797,
            0.060475188543198666,
            -0.0741885405011559,
            0.18065288669295965,
            0.14425160869192288,
            0.0392659313461393,
            0.041383910477321886,
            0.0039125848240591145,
            -0.04589884887366233,
            -0.02986352841239022
        ],
        [
            -0.17827063210185845,
            -0.2696991951320108,
            0.008592213896333124,
            -0.1804331296595955,
            -0.013548177880022915,
            -0.4121959229718368,
            -0.4379440370103278,
            0.03294482274181759,
            -0.06505037928506141,
            0.026366028790803797,
            -0.34910128770498305,
            -0.5527423914475285,
            -0.06626620377447447,
            -0.11444402800879885,
            -0.02459653179091373,
            -0.5429077846886845,
            -0.5040479825420678,
            -0.0040110330488706165,
            0.06371294034651331,
            -0.006753271214708249
        ],
        [
            -0.27408544061855444,
            -0.2845373546048422,
            -0.010993291449449216,
            -0.15420194505531098,
            -0.0287408656296107,
            -0.43822125363960884,
            -0.38389491574151124,
            0.07184575963003804,
            -0.06711396459687657,
            0.060475188543198666,
            -0.5527423914475285,
            -0.4194760719823747,
            -0.06488077421120002,
            -0.061567407554499826,
            -0.025889414975704652,
            -0.44673784504412994,
            -0.35755079673361734,
            0.0019307166010497597,
            0.20995070688168016,
            -0.013690399014809035
        ],
        [
            -0.05844843227452244,
            -0.057187025847613496,
            -0.03635068067348189,
            -0.05910462438650365,
            -0.006669080060943898,
            -0.03006100198204409,
            -0.06429591870810708,
            0.07200528546646284,
            0.30324221493773307,
            -0.0741885405011559,
            -0.06626620377447447,
            -0.06488077421120002,
            1.4116985255196652,
            0.0526160598475927,
            -0.014940218171058773,
            -0.009011971046666137,
            -0.03530072156157443,
            0.32797567349022244,
            -0.022093227278301653,
            2.1742893018201863e-05
        ],
        [
            0.23270574721037046,
            0.13448695831055812,
            -0.0052561522289225684,
            0.17951892471824554,
            0.02138619254891075,
            0.07207550727218526,
            0.07141478829152859,
            0.2983825886619498,
            -0.6143087294783176,
            0.18065288669295965,
            -0.11444402800879885,
            -0.061567407554499826,
            0.0526160598475927,
            1.0261843092667018,
            0.04981598001560773,
            -0.04079158675314798,
            -0.13533335118456466,
            -0.03427565470183602,
            -0.6622163128426061,
            0.049996869108848915
        ],
        [
            -0.029504531126276365,
            -0.032299086367111984,
            -0.000444454468746653,
            -0.02831062802771877,
            -0.04067306810672195,
            -0.013986431004921529,
            -0.03182300273701795,
            -0.0774984477357531,
            0.19424590661667313,
            0.14425160869192288,
            -0.02459653179091373,
            -0.025889414975704652,
            -0.014940218171058773,
            0.04981598001560773,
            1.4262140331915638,
            -0.0036384325807609433,
            -0.008669478005547987,
            0.0008946527659839045,
            0.05689299769995865,
            0.327667177193622
        ],
        [
            0.004848359593889406,
            -0.10273535009019585,
            0.004539933106103431,
            -0.03428691666472639,
            0.0012036844534582993,
            -0.16862995471761258,
            -0.26770923280884024,
            0.059807697190654326,
            -0.22518636700740716,
            0.0392659313461393,
            -0.5429077846886845,
            -0.44673784504412994,
            -0.009011971046666137,
            -0.04079158675314798,
            -0.0036384325807609433,
            -0.23482158287801513,
            -0.4537293741457711,
            0.006946361214264176,
            0.25928117811038054,
            -0.014748046966656476
        ],
        [
            -0.10118888323454601,
            -0.16518567140392365,
            -0.0001452497636505838,
            -0.08788248152335937,
            -0.009455356545470672,
            -0.26166381730862764,
            -0.2787684914948877,
            0.05895817838852791,
            -0.13263449574249558,
            0.041383910477321886,
            -0.5040479825420678,
            -0.35755079673361734,
            -0.03530072156157443,
            -0.13533335118456466,
            -0.008669478005547987,
            -0.4537293741457711,
            -0.30565534869927147,
            0.004648486426592311,
            0.22615167943890974,
            -0.013570096890735758
        ],
        [
            -0.004816939373312786,
            -0.003855077982815744,
            -0.0011953783540370713,
            -0.003941397633258679,
            -0.00022612538936189446,
            -0.01729501743315489,
            0.00016997196649450041,
            -0.02983292556900792,
            -0.019660110524799497,
            0.0039125848240591145,
            -0.0040110330488706165,
            0.0019307166010497597,
            0.32797567349022244,
            -0.03427565470183602,
            0.0008946527659839045,
            0.006946361214264176,
            0.004648486426592311,
            1.4907613313738017,
            -0.006388815466258809,
            -4.579753085872957e-06
        ],
        [
            0.03356433577912535,
            0.0899435646612492,
            -0.0031587288000276266,
            0.043378896272507544,
            0.0007216629516134435,
            0.17591482387611207,
            0.1564716230393454,
            -0.06506152827483512,
            0.1896286192794552,
            -0.04589884887366233,
            0.06371294034651331,
            0.20995070688168016,
            -0.022093227278301653,
            -0.6622163128426061,
            0.05689299769995865,
            0.25928117811038054,
            0.22615167943890974,
            -0.006388815466258809,
            1.2437427272560342,
            0.013890813435116722
        ],
        [
            -0.003214583168939805,
            -0.006459379342403361,
            8.531663464971148e-05,
            -0.002852481997897829,
            -0.001467793982812172,
            -0.019799717071207396,
            -0.010590783814093133,
            0.006772818456468472,
            -0.02469892133399624,
            -0.02986352841239022,
            -0.006753271214708249,
            -0.013690399014809035,
            2.1742893018201863e-05,
            0.049996869108848915,
            0.327667177193622,
            -0.014748046966656476,
            -0.013570096890735758,
            -4.579753085872957e-06,
            0.013890813435116722,
            1.4906278180152042
        ]
    ]
}