{
    "HF": -2.1312263052192995,
    "coordinates": [
        [
            0.789893,
            -0.121913,
            0.10162
        ],
        [
            1.604528,
            -0.05046,
            0.099699
        ],
        [
            2.330891,
            -0.132783,
            0.05933
        ],
        [
            2.992064,
            -0.131588,
            -0.016724
        ]
    ],
    "elements": [
        "H",
        "H",
        "H",
        "H"
    ],
    "Enn": 3.127623889955534,
    "S": [
        [
            0.9999999999999999,
            0.6848602514927513,
            0.0,
            0.0,
            0.0,
            0.5089315736446195,
            0.5420837357948824,
            0.001207200344760481,
            -0.5119352695751964,
            -0.04490269975750674,
            0.11272898352353741,
            0.29865331756538266,
            0.004090640879279947,
            -0.14905815591602364,
            0.0010514368966132199,
            0.014423402856315878,
            0.12562987208415627,
            0.0009398170240560986,
            -0.01748832045293926,
            7.683304356573003e-05
        ],
        [
            0.6848602514927513,
            1.0000000000000002,
            0.0,
            0.0,
            0.0,
            0.5420837357948824,
            0.8644387576617598,
            0.0004073151483607392,
            -0.17272939921126995,
            -0.015150384849463735,
            0.2986533175653827,
            0.5958880239155661,
            0.004741724706106085,
            -0.17278288693923055,
            0.0012187880717752007,
            0.12562987208415627,
            0.3466379943686674,
            0.005246734644077038,
            -0.09763238421788831,
            0.0004289373156344657
        ],
        [
            0.0,
            0.0,
            1.0000000000000004,
            0.0,
            0.0,
            -0.001207200344760481,
            -0.00040731514836073917,
            0.4197532638518137,
            0.001705378633566738,
            0.0001495816156981275,
            -0.004090640879279947,
            -0.004741724706106084,
            0.04551780801950255,
            0.007737032320037576,
            -5.4576022369145484e-05,
            -0.0009398170240560984,
            -0.005246734644077035,
            0.0017459399560315315,
            0.0012258686593890067,
            -5.3857213084672595e-06
        ],
        [
            0.0,
            0.0,
            0.0,
            1.0000000000000004,
            0.0,
            0.5119352695751964,
            0.1727293992112701,
            0.001705378633566764,
            -0.30343955130004663,
            -0.06343280557222512,
            0.14905815591602364,
            0.17278288693923052,
            0.007737032320037576,
            -0.23619824596703062,
            0.001988686245419921,
            0.01748832045293925,
            0.09763238421788831,
            0.0012258686593890067,
            -0.02099941399585024,
            0.00010021867842551082
        ],
        [
            0.0,
            0.0,
            0.0,
            0.0,
            1.0000000000000004,
            0.04490269975750674,
            0.015150384849463721,
            0.00014958161569812983,
            -0.06343280557222515,
            0.4141934877260677,
            -0.0010514368966132199,
            -0.0012187880717752007,
            -5.4576022369145626e-05,
            0.001988686245419926,
            0.04571610943022903,
            -7.683304356573003e-05,
            -0.0004289373156344657,
            -5.3857213084672595e-06,
            0.00010021867842551082,
            0.0018113774651590995
        ],
        [
            0.5089315736446195,
            0.5420837357948824,
            -0.001207200344760481,
            0.5119352695751964,
            0.04490269975750674,
            0.9999999999999999,
            0.6848602514927513,
            0.0,
            0.0,
            0.0,
            0.577069949922296,
            0.567821104822523,
            0.02973995160779568,
            -0.5351135888848696,
            0.06064757700732157,
            0.16303437373295165,
            0.34712042709828084,
            0.017673930708038688,
            -0.2106389211659996,
            0.012315871009008213
        ],
        [
            0.5420837357948824,
            0.8644387576617598,
            -0.0004073151483607392,
            0.17272939921127012,
            0.015150384849463745,
            0.6848602514927513,
            1.0000000000000002,
            0.0,
            0.0,
            0.0,
            0.567821104822523,
            0.8897972057902646,
            0.008994064856861321,
            -0.1618310072487391,
            0.01834126188935555,
            0.34712042709828084,
            0.6545715201044877,
            0.015331996422615969,
            -0.18272761385852337,
            0.0106839216114856
        ],
        [
            0.001207200344760481,
            0.00040731514836073917,
            0.4197532638518137,
            0.001705378633566764,
            0.00014958161569812983,
            0.0,
            0.0,
            1.0000000000000004,
            0.0,
            0.0,
            -0.029739951607795675,
            -0.00899406485686132,
            0.4965730283833087,
            0.03796280654600688,
            -0.004302548620024595,
            -0.017673930708038677,
            -0.015331996422615957,
            0.07721959499228971,
            0.033566075397625225,
            -0.0019625786753342173
        ],
        [
            -0.5119352695751964,
            -0.17272939921127026,
            0.001705378633566738,
            -0.30343955130004663,
            -0.06343280557222515,
            0.0,
            0.0,
            0.0,
            1.0000000000000004,
            0.0,
            0.5351135888848696,
            0.16183100724873908,
            0.0379628065460069,
            -0.1843852643305942,
            0.07741613919807096,
            0.21063892116599955,
            0.1827276138585233,
            0.03356607539762521,
            -0.3200064143416491,
            0.023390125360612066
        ],
        [
            -0.04490269975750674,
            -0.015150384849463721,
            0.0001495816156981275,
            -0.06343280557222512,
            0.4141934877260676,
            0.0,
            0.0,
            0.0,
            0.0,
            1.0000000000000004,
            -0.06064757700732157,
            -0.018341261889355545,
            -0.004302548620024597,
            0.07741613919807096,
            0.4899088559381993,
            -0.012315871009008205,
            -0.01068392161148559,
            -0.0019625786753342173,
            0.023390125360612073,
            0.07866840000042065
        ],
        [
            0.11272898352353741,
            0.29865331756538266,
            -0.004090640879279947,
            0.14905815591602364,
            -0.0010514368966132199,
            0.577069949922296,
            0.567821104822523,
            -0.029739951607795675,
            0.5351135888848696,
            -0.06064757700732157,
            0.9999999999999999,
            0.6848602514927513,
            0.0,
            0.0,
            0.0,
            0.6312526401388385,
            0.586597448446684,
            0.06274268520178063,
            -0.545451513436728,
            -0.0009858456993205877
        ],
        [
            0.2986533175653827,
            0.5958880239155661,
            -0.004741724706106085,
            0.17278288693923055,
            -0.0012187880717752007,
            0.567821104822523,
            0.8897972057902646,
            -0.008994064856861321,
            0.1618310072487391,
            -0.01834126188935555,
            0.6848602514927513,
            1.0000000000000002,
            0.0,
            0.0,
            0.0,
            0.586597448446684,
            0.9080218768925685,
            0.017543248852026513,
            -0.15251166898836221,
            -0.00027564864935667566
        ],
        [
            0.004090640879279947,
            0.004741724706106084,
            0.04551780801950255,
            0.007737032320037576,
            -5.4576022369145626e-05,
            0.029739951607795675,
            0.008994064856861307,
            0.4965730283833087,
            0.03796280654600691,
            -0.004302548620024598,
            0.0,
            0.0,
            1.0000000000000004,
            0.0,
            0.0,
            -0.06274268520178064,
            -0.01754324885202652,
            0.5542734511897092,
            0.07346230520300431,
            0.00013277531707675837
        ],
        [
            -0.14905815591602364,
            -0.17278288693923052,
            0.007737032320037576,
            -0.23619824596703062,
            0.001988686245419926,
            -0.5351135888848696,
            -0.16183100724873908,
            0.03796280654600688,
            -0.1843852643305942,
            0.07741613919807096,
            0.0,
            0.0,
            0.0,
            1.0000000000000004,
            0.0,
            0.545451513436728,
            0.1525116689883629,
            0.07346230520300429,
            -0.07591844571048366,
            -0.0011542779435347456
        ],
        [
            0.0010514368966132199,
            0.0012187880717752007,
            -5.4576022369145484e-05,
            0.001988686245419921,
            0.04571610943022903,
            0.06064757700732157,
            0.018341261889355545,
            -0.004302548620024595,
            0.07741613919807096,
            0.4899088559381993,
            0.0,
            0.0,
            0.0,
            0.0,
            1.0000000000000004,
            0.0009858456993205916,
            0.0002756486493566756,
            0.00013277531707675503,
            -0.0011542779435347171,
            0.5627216527916602
        ],
        [
            0.014423402856315878,
            0.12562987208415627,
            -0.0009398170240560986,
            0.017488320452939254,
            -7.683304356573003e-05,
            0.16303437373295165,
            0.34712042709828084,
            -0.017673930708038688,
            0.2106389211659996,
            -0.012315871009008208,
            0.6312526401388385,
            0.586597448446684,
            -0.06274268520178063,
            0.545451513436728,
            0.0009858456993205918,
            0.9999999999999999,
            0.6848602514927513,
            0.0,
            0.0,
            0.0
        ],
        [
            0.12562987208415627,
            0.3466379943686674,
            -0.005246734644077035,
            0.09763238421788831,
            -0.0004289373156344657,
            0.34712042709828084,
            0.6545715201044877,
            -0.015331996422615962,
            0.18272761385852337,
            -0.0106839216114856,
            0.586597448446684,
            0.9080218768925685,
            -0.017543248852026513,
            0.15251166898836221,
            0.00027564864935667566,
            0.6848602514927513,
            1.0000000000000002,
            0.0,
            0.0,
            0.0
        ],
        [
            0.0009398170240560984,
            0.005246734644077038,
            0.0017459399560315315,
            0.0012258686593890067,
            -5.3857213084672595e-06,
            0.017673930708038677,
            0.01533199642261595,
            0.07721959499228971,
            0.0335660753976252,
            -0.001962578675334217,
            0.06274268520178064,
            0.017543248852026516,
            0.5542734511897092,
            0.07346230520300431,
            0.0001327753170767551,
            0.0,
            0.0,
            1.0000000000000004,
            0.0,
            0.0
        ],
        [
            -0.01748832045293925,
            -0.09763238421788831,
            0.0012258686593890067,
            -0.02099941399585024,
            0.00010021867842551082,
            -0.21063892116599955,
            -0.1827276138585233,
            0.03356607539762523,
            -0.3200064143416491,
            0.023390125360612073,
            -0.545451513436728,
            -0.1525116689883629,
            0.07346230520300429,
            -0.07591844571048366,
            -0.0011542779435347171,
            0.0,
            0.0,
            0.0,
            1.0000000000000004,
            0.0
        ],
        [
            7.683304356573003e-05,
            0.0004289373156344657,
            -5.3857213084672595e-06,
            0.00010021867842551082,
            0.0018113774651590995,
            0.012315871009008205,
            0.010683921611485596,
            -0.0019625786753342178,
            0.023390125360612066,
            0.07866840000042065,
            -0.0009858456993205877,
            -0.0002756486493566756,
            0.0001327753170767583,
            -0.0011542779435347456,
            0.5627216527916602,
            0.0,
            0.0,
            0.0,
            0.0,
            1.0000000000000004
        ]
    ],
    "h": [
        [
            -0.23202420487110365,
            -0.4518336254349584,
            0.0006223363238015969,
            -0.26138774317397917,
            -0.02182101115120194,
            -0.5444242047533283,
            -0.4402218635311308,
            -0.00021667089689137668,
            0.03892953858116588,
            0.0070677286790984395,
            -0.2345915519007994,
            -0.29974278453112974,
            -0.014484476011648607,
            0.3106329758523993,
            -0.017304105394020948,
            -0.018309848721405272,
            -0.1449728240073344,
            -0.005531782087542609,
            0.0797571306476365,
            -0.002406393452830489
        ],
        [
            -0.4518336254349584,
            -0.3057913298681807,
            0.0007649121412804821,
            -0.23065056077515533,
            -0.018461247969158084,
            -0.5258700454064547,
            -0.3618746099630037,
            0.004949842859983249,
            0.09713364444587605,
            0.028800098347894484,
            -0.3371391762217867,
            -0.3058737281508599,
            -0.007399025007155324,
            0.19178133713348874,
            -0.02042808813178055,
            -0.151343185652874,
            -0.20410262478422647,
            -0.013071017774087148,
            0.13762951431839632,
            -0.002811606607008738
        ],
        [
            0.0006223363238015969,
            0.0007649121412804821,
            1.5011532209545353,
            0.0009250754333160124,
            3.464616918349415e-05,
            0.0010723893682358428,
            0.0011748542461380196,
            0.329233807170547,
            0.003305180613638294,
            2.706624324089863e-05,
            0.003921497869666836,
            0.001028609058293304,
            -0.04516215308460428,
            -0.0019619844749427275,
            0.00018280530441835006,
            0.0028311590275491598,
            0.0018662398059289993,
            -0.005568040792741894,
            -0.004240246930491104,
            4.3868713663537663e-05
        ],
        [
            -0.26138774317397917,
            -0.23065056077515533,
            0.0009250754333160124,
            1.2481979150170468,
            -0.020492962991162246,
            -0.08236405272215097,
            -0.21734993248842105,
            0.005113290354395456,
            -0.6799203705726593,
            -0.07752197517017193,
            -0.23951193830621198,
            -0.17845498844351532,
            -0.010884806847739788,
            0.19815350499709938,
            -0.018672092500494644,
            -0.07480321923744383,
            -0.12018225377610875,
            -0.0077770233137698114,
            0.10535510664070813,
            -0.0018557219753584028
        ],
        [
            -0.02182101115120194,
            -0.018461247969158084,
            3.464616918349415e-05,
            -0.020492962991162246,
            1.4993341112332144,
            -0.0030874736910573575,
            -0.015873003673821967,
            0.0002007562886826636,
            -0.08604700359300879,
            0.3219064009627264,
            -0.008847147406299636,
            -0.013190003320073487,
            -0.000732178539554778,
            0.015276069176492879,
            -0.046319162500304184,
            -0.000406821330964405,
            -0.0061478206398621,
            -0.00012666871082778913,
            0.0016390128598053034,
            -0.005930801914836507
        ],
        [
            -0.5444242047533283,
            -0.5258700454064547,
            0.0010723893682358428,
            -0.08236405272215097,
            -0.0030874736910573575,
            -0.4409896089577452,
            -0.6022276805972386,
            0.013855630943880794,
            -0.015357916974066951,
            0.04924860738066766,
            -0.5641396595068771,
            -0.527646799670981,
            0.0040208485302105496,
            0.02331809198556689,
            -0.0035127560183938478,
            -0.3163107217941794,
            -0.3742726365777699,
            -0.028556438284728716,
            0.29046841515569627,
            -0.008260688222957273
        ],
        [
            -0.4402218635311308,
            -0.3618746099630037,
            0.0011748542461380196,
            -0.21734993248842105,
            -0.015873003673821967,
            -0.6022276805972386,
            -0.4384313258794226,
            0.012886844195915442,
            -0.030644716375614306,
            0.04121784082633258,
            -0.5473270925445123,
            -0.416556587847422,
            0.002489421209874991,
            0.11539750568683788,
            -0.024057378459021696,
            -0.3580633514542794,
            -0.32844154408413395,
            -0.02446078089921123,
            0.2259288421647826,
            -0.0027041520434567916
        ],
        [
            -0.00021667089689137668,
            0.004949842859983249,
            0.329233807170547,
            0.005113290354395456,
            0.0002007562886826636,
            0.013855630943880794,
            0.012886844195915442,
            1.4040584385964066,
            0.020950856560694564,
            -0.0018237407956258902,
            0.009500401446430287,
            0.01593630524601579,
            0.4240869232465029,
            0.06133397159316374,
            -0.005953909279934756,
            0.02395734107308075,
            0.015194541697192518,
            -0.04509721397174657,
            -0.008929417366708547,
            -0.0003360553656944075
        ],
        [
            0.03892953858116588,
            0.09713364444587605,
            0.003305180613638294,
            -0.6799203705726593,
            -0.08604700359300879,
            -0.015357916974066951,
            -0.030644716375614306,
            0.020950856560694564,
            0.8147332421757958,
            0.012356428457072296,
            -0.08712196868961897,
            -0.1561418662727992,
            0.07032928039145517,
            -0.7321188858108716,
            0.11152848606291532,
            -0.3686428057972299,
            -0.2129779351263224,
            -0.022160521966487615,
            0.12783633470763545,
            0.0031630125618958005
        ],
        [
            0.0070677286790984395,
            0.028800098347894484,
            2.706624324089863e-05,
            -0.07752197517017193,
            0.3219064009627264,
            0.04924860738066766,
            0.04121784082633258,
            -0.0018237407956258902,
            0.012356428457072296,
            1.39991109943721,
            0.011879221757420275,
            0.035386809710157695,
            -0.0066062092194757015,
            0.10926986596504287,
            0.41595570326980635,
            0.028488989479631733,
            0.027456092708783478,
            0.0025548494902769515,
            -0.02284114353805035,
            -0.046204250780542605
        ],
        [
            -0.2345915519007994,
            -0.3371391762217867,
            0.003921497869666836,
            -0.23951193830621198,
            -0.008847147406299636,
            -0.5641396595068771,
            -0.5473270925445123,
            0.009500401446430287,
            -0.08712196868961897,
            0.011879221757420275,
            -0.5445654307479038,
            -0.6380852345298336,
            0.02325744983531661,
            -0.0777121962904121,
            -0.028838039502701036,
            -0.6530142539621581,
            -0.5837339434413364,
            -0.008208938659732407,
            0.08755359987910816,
            -0.004699896691791145
        ],
        [
            -0.29974278453112974,
            -0.3058737281508599,
            0.001028609058293304,
            -0.17845498844351532,
            -0.013190003320073487,
            -0.527646799670981,
            -0.416556587847422,
            0.01593630524601579,
            -0.1561418662727992,
            0.035386809710157695,
            -0.6380852345298336,
            -0.43741343511959974,
            0.014732732674878492,
            -0.013407679335044387,
            -0.023587027187043294,
            -0.4987447373877214,
            -0.3740689730803546,
            -0.029926858138294418,
            0.2730975896368685,
            -0.003282209869059968
        ],
        [
            -0.014484476011648607,
            -0.007399025007155324,
            -0.04516215308460428,
            -0.010884806847739788,
            -0.000732178539554778,
            0.0040208485302105496,
            0.002489421209874991,
            0.4240869232465029,
            0.07032928039145517,
            -0.0066062092194757015,
            0.02325744983531661,
            0.014732732674878492,
            1.3696844931871508,
            0.0530012321837678,
            -0.0016363493498970127,
            2.571753608598959e-06,
            0.01938207839772077,
            0.5227631592880819,
            0.11074108861323703,
            0.00018092089201605157
        ],
        [
            0.3106329758523993,
            0.19178133713348874,
            -0.0019619844749427275,
            0.19815350499709938,
            0.015276069176492879,
            0.02331809198556689,
            0.11539750568683788,
            0.06133397159316374,
            -0.7321188858108716,
            0.10926986596504287,
            -0.0777121962904121,
            -0.013407679335044387,
            0.0530012321837678,
            0.7424797131286025,
            0.03057603404619295,
            0.013310195523639434,
            -0.10842408028303802,
            0.11380802031793458,
            -0.4703600197065697,
            0.0005337717242076846
        ],
        [
            -0.017304105394020948,
            -0.02042808813178055,
            0.00018280530441835006,
            -0.018672092500494644,
            -0.046319162500304184,
            -0.0035127560183938478,
            -0.024057378459021696,
            -0.005953909279934756,
            0.11152848606291532,
            0.41595570326980635,
            -0.028838039502701036,
            -0.023587027187043294,
            -0.0016363493498970127,
            0.03057603404619295,
            1.3712732748624998,
            -0.0070399140905686,
            -0.014726746208052269,
            -0.0007445267824651604,
            0.008563492649291026,
            0.5349930379810598
        ],
        [
            -0.018309848721405272,
            -0.151343185652874,
            0.0028311590275491598,
            -0.07480321923744383,
            -0.000406821330964405,
            -0.3163107217941794,
            -0.3580633514542794,
            0.02395734107308075,
            -0.3686428057972299,
            0.028488989479631733,
            -0.6530142539621581,
            -0.4987447373877214,
            2.571753608598959e-06,
            0.013310195523639434,
            -0.0070399140905686,
            -0.34672909197326884,
            -0.4997013577244167,
            -0.039792734999533744,
            0.34796324005176826,
            -0.0014253637541060643
        ],
        [
            -0.1449728240073344,
            -0.20410262478422647,
            0.0018662398059289993,
            -0.12018225377610875,
            -0.0061478206398621,
            -0.3742726365777699,
            -0.32844154408413395,
            0.015194541697192518,
            -0.2129779351263224,
            0.027456092708783478,
            -0.5837339434413364,
            -0.3740689730803546,
            0.01938207839772077,
            -0.10842408028303802,
            -0.014726746208052269,
            -0.4997013577244167,
            -0.3224412372315981,
            -0.0310151744049439,
            0.27604555566606237,
            -0.002147169611947256
        ],
        [
            -0.005531782087542609,
            -0.013071017774087148,
            -0.005568040792741894,
            -0.0077770233137698114,
            -0.00012666871082778913,
            -0.028556438284728716,
            -0.02446078089921123,
            -0.04509721397174657,
            -0.022160521966487615,
            0.0025548494902769515,
            -0.008208938659732407,
            -0.029926858138294418,
            0.5227631592880819,
            0.11380802031793458,
            -0.0007445267824651604,
            -0.039792734999533744,
            -0.0310151744049439,
            1.4501363024991405,
            0.03811448750264271,
            -0.00014456541469977022
        ],
        [
            0.0797571306476365,
            0.13762951431839632,
            -0.004240246930491104,
            0.10535510664070813,
            0.0016390128598053034,
            0.29046841515569627,
            0.2259288421647826,
            -0.008929417366708547,
            0.12783633470763545,
            -0.02284114353805035,
            0.08755359987910816,
            0.2730975896368685,
            0.11074108861323703,
            -0.4703600197065697,
            0.008563492649291026,
            0.34796324005176826,
            0.27604555566606237,
            0.03811448750264271,
            1.1148080728236414,
            0.0018189378142557508
        ],
        [
            -0.002406393452830489,
            -0.002811606607008738,
            4.3868713663537663e-05,
            -0.0018557219753584028,
            -0.005930801914836507,
            -0.008260688222957273,
            -0.0027041520434567916,
            -0.0003360553656944075,
            0.0031630125618958005,
            -0.046204250780542605,
            -0.004699896691791145,
            -0.003282209869059968,
            0.00018092089201605157,
            0.0005337717242076846,
            0.5349930379810598,
            -0.0014253637541060643,
            -0.002147169611947256,
            -0.00014456541469977022,
            0.0018189378142557508,
            1.4543000886390516
        ]
    ]
}