{
    "HF": -2.1258232487048505,
    "coordinates": [
        [
            0.676383,
            -0.099957,
            0.162393
        ],
        [
            1.45684,
            -0.107082,
            0.104833
        ],
        [
            2.125686,
            -0.163602,
            -0.108135
        ],
        [
            2.953915,
            0.15387,
            -0.151941
        ]
    ],
    "elements": [
        "H",
        "H",
        "H",
        "H"
    ],
    "Enn": 2.9542196896764836,
    "S": [
        [
            0.9999999999999999,
            0.6848602514927513,
            0.0,
            0.0,
            0.0,
            0.5366132396499226,
            0.55284733000856,
            0.0386805047634466,
            -0.5244696092106539,
            0.004788022870735877,
            0.13355213329425186,
            0.32009991122774956,
            0.032175400802625945,
            -0.1723736726307376,
            0.007569654098958801,
            0.009728595832050265,
            0.10607536381374355,
            0.0015421478356680202,
            -0.011173754810057637,
            -0.0012452956367561467
        ],
        [
            0.6848602514927513,
            1.0000000000000002,
            0.0,
            0.0,
            0.0,
            0.55284733000856,
            0.8750984279855749,
            0.012463488258658334,
            -0.16899264516830598,
            0.0015427789062359355,
            0.32009991122774956,
            0.6222691849550479,
            0.03266864840446745,
            -0.17501615410804,
            0.007685696592228267,
            0.10607536381374355,
            0.3117663984006566,
            0.01162182217841603,
            -0.0842068370257504,
            -0.009384706261749634
        ],
        [
            0.0,
            0.0,
            1.0000000000000004,
            0.0,
            0.0,
            -0.03868050476344658,
            -0.012463488258658307,
            0.44767660651356894,
            0.05266451021126954,
            -0.00048078835253613484,
            -0.03217540080262593,
            -0.03266864840446745,
            0.047950992525979994,
            0.06025829521710248,
            -0.002646195584424021,
            -0.0015421478356680202,
            -0.011621822178416043,
            0.000716130257330136,
            0.001790228751896707,
            0.00019951789630516078
        ],
        [
            0.0,
            0.0,
            0.0,
            1.0000000000000004,
            0.0,
            0.5244696092106537,
            0.1689926451683059,
            0.05266451021126957,
            -0.26251827069501604,
            0.006519017290745205,
            0.17237367263073752,
            0.17501615410804006,
            0.06025829521710251,
            -0.2636236584461505,
            0.014176496329742163,
            0.011173754810057638,
            0.08420683702575045,
            0.0017902287518967066,
            -0.012008035812176904,
            -0.0014456227878870416
        ],
        [
            0.0,
            0.0,
            0.0,
            0.0,
            1.0000000000000004,
            -0.004788022870735877,
            -0.001542778906235935,
            -0.0004807883525361372,
            0.0065190172907452345,
            0.45150118776476417,
            -0.007569654098958798,
            -0.007685696592228265,
            -0.002646195584424021,
            0.014176496329742154,
            0.05857630205724147,
            0.0012452956367561465,
            0.00938470626174963,
            0.00019951789630516073,
            -0.0014456227878870416,
            0.000802096851484552
        ],
        [
            0.5366132396499226,
            0.55284733000856,
            -0.03868050476344658,
            0.5244696092106537,
            -0.004788022870735877,
            0.9999999999999999,
            0.6848602514927513,
            0.0,
            0.0,
            0.0,
            0.5997109181503977,
            0.5758365542353612,
            0.16470538825881176,
            -0.5172727363517204,
            0.04371148972797808,
            0.11285540108575648,
            0.2987907088477108,
            0.024871242001117483,
            -0.14500733960145093,
            -0.025275924909358462
        ],
        [
            0.55284733000856,
            0.8750984279855749,
            -0.012463488258658312,
            0.16899264516830598,
            -0.0015427789062359355,
            0.6848602514927513,
            1.0000000000000002,
            0.0,
            0.0,
            0.0,
            0.5758365542353612,
            0.8976047874431069,
            0.04816373986027295,
            -0.15126274722298244,
            0.0127822704674065,
            0.2987907088477108,
            0.5960592678593032,
            0.028804703536992892,
            -0.16794068537953075,
            -0.029273388261215585
        ],
        [
            0.0386805047634466,
            0.012463488258658307,
            0.44767660651356894,
            0.05266451021126956,
            -0.0004807883525361371,
            0.0,
            0.0,
            1.0000000000000004,
            0.0,
            0.0,
            -0.16470538825881176,
            -0.048163739860272906,
            0.46347400071241107,
            0.19427026489934227,
            -0.016416567299663634,
            -0.024871242001117476,
            -0.028804703536992875,
            0.03796734432202428,
            0.04571648890831704,
            0.00796874519553339
        ],
        [
            -0.5244696092106536,
            -0.1689926451683059,
            0.052664510211269555,
            -0.2625182706950162,
            0.0065190172907452345,
            0.0,
            0.0,
            0.0,
            1.0000000000000004,
            0.0,
            0.5172727363517204,
            0.15126274722298239,
            0.19427026489934227,
            -0.08479219515857246,
            0.05155777098958917,
            0.14500733960145087,
            0.1679406853795307,
            0.04571648890831708,
            -0.22073332795466738,
            -0.04646034728439468
        ],
        [
            0.004788022870735877,
            0.001542778906235935,
            -0.00048078835253613495,
            0.006519017290745205,
            0.45150118776476417,
            0.0,
            0.0,
            0.0,
            0.0,
            1.0000000000000004,
            -0.0437114897279781,
            -0.012782270467406473,
            -0.016416567299663627,
            0.05155777098958915,
            0.5209749868269301,
            0.02527592490935845,
            0.029273388261215567,
            0.007968745195533393,
            -0.04646034728439464,
            0.03771009948017391
        ],
        [
            0.13355213329425186,
            0.32009991122774956,
            -0.032175400802625945,
            0.17237367263073758,
            -0.007569654098958801,
            0.5997109181503977,
            0.5758365542353612,
            -0.16470538825881176,
            0.5172727363517204,
            -0.0437114897279781,
            0.9999999999999999,
            0.6848602514927513,
            0.0,
            0.0,
            0.0,
            0.4551660896066761,
            0.5198364856510118,
            0.02389995249571579,
            -0.45187037747281605,
            -0.17320836686115793
        ],
        [
            0.32009991122774956,
            0.6222691849550479,
            -0.03266864840446745,
            0.17501615410804008,
            -0.007685696592228267,
            0.5758365542353612,
            0.8976047874431069,
            -0.04816373986027295,
            0.15126274722298244,
            -0.012782270467406478,
            0.6848602514927513,
            1.0000000000000002,
            0.0,
            0.0,
            0.0,
            0.5198364856510118,
            0.8421475447848576,
            0.008881892795560134,
            -0.16792770826311385,
            -0.06436908801515924
        ],
        [
            0.03217540080262593,
            0.03266864840446743,
            0.047950992525979994,
            0.060258295217102485,
            -0.002646195584424021,
            0.16470538825881176,
            0.048163739860272906,
            0.46347400071241107,
            0.19427026489934227,
            -0.016416567299663627,
            0.0,
            0.0,
            1.0000000000000004,
            0.0,
            0.0,
            -0.023899952495715773,
            -0.008881892795560132,
            0.3574521728780662,
            0.03383788101469264,
            0.012970542883063148
        ],
        [
            -0.17237367263073755,
            -0.17501615410804014,
            0.060258295217102506,
            -0.2636236584461505,
            0.014176496329742161,
            -0.5172727363517204,
            -0.15126274722298239,
            0.19427026489934227,
            -0.08479219515857246,
            0.05155777098958915,
            0.0,
            0.0,
            0.0,
            1.0000000000000004,
            0.0,
            0.45187037747281605,
            0.16792770826311382,
            0.033837881014692706,
            -0.28052238900692755,
            -0.2452307848581592
        ],
        [
            0.007569654098958798,
            0.007685696592228265,
            -0.002646195584424021,
            0.014176496329742156,
            0.05857630205724147,
            0.04371148972797807,
            0.012782270467406497,
            -0.016416567299663634,
            0.05155777098958917,
            0.5209749868269301,
            0.0,
            0.0,
            0.0,
            0.0,
            1.0000000000000004,
            0.17320836686115787,
            0.06436908801515923,
            0.012970542883063157,
            -0.2452307848581589,
            0.2652414370613297
        ],
        [
            0.009728595832050265,
            0.10607536381374355,
            -0.0015421478356680202,
            0.011173754810057638,
            0.0012452956367561467,
            0.11285540108575648,
            0.2987907088477108,
            -0.024871242001117483,
            0.14500733960145087,
            0.025275924909358462,
            0.4551660896066761,
            0.5198364856510118,
            -0.023899952495715773,
            0.45187037747281605,
            0.17320836686115793,
            0.9999999999999999,
            0.6848602514927513,
            0.0,
            0.0,
            0.0
        ],
        [
            0.10607536381374355,
            0.3117663984006566,
            -0.01162182217841603,
            0.08420683702575042,
            0.009384706261749634,
            0.2987907088477108,
            0.5960592678593032,
            -0.028804703536992892,
            0.16794068537953075,
            0.029273388261215585,
            0.5198364856510118,
            0.8421475447848576,
            -0.008881892795560113,
            0.16792770826311385,
            0.06436908801515924,
            0.6848602514927513,
            1.0000000000000002,
            0.0,
            0.0,
            0.0
        ],
        [
            0.0015421478356680202,
            0.011621822178416043,
            0.000716130257330136,
            0.001790228751896707,
            0.00019951789630516078,
            0.024871242001117476,
            0.028804703536992875,
            0.03796734432202428,
            0.04571648890831707,
            0.00796874519553339,
            0.02389995249571579,
            0.008881892795560132,
            0.3574521728780662,
            0.033837881014692706,
            0.012970542883063157,
            0.0,
            0.0,
            1.0000000000000004,
            0.0,
            0.0
        ],
        [
            -0.011173754810057637,
            -0.0842068370257504,
            0.0017902287518967066,
            -0.012008035812176904,
            -0.0014456227878870416,
            -0.14500733960145093,
            -0.1679406853795307,
            0.04571648890831705,
            -0.22073332795466744,
            -0.046460347284394646,
            -0.45187037747281605,
            -0.16792770826311382,
            0.03383788101469264,
            -0.28052238900692744,
            -0.2452307848581589,
            0.0,
            0.0,
            0.0,
            1.0000000000000004,
            0.0
        ],
        [
            -0.0012452956367561465,
            -0.00938470626174963,
            0.00019951789630516073,
            -0.0014456227878870416,
            0.000802096851484552,
            -0.02527592490935845,
            -0.029273388261215567,
            0.007968745195533393,
            -0.04646034728439467,
            0.03771009948017391,
            -0.17320836686115787,
            -0.06436908801515923,
            0.012970542883063148,
            -0.2452307848581592,
            0.2652414370613297,
            0.0,
            0.0,
            0.0,
            0.0,
            1.0000000000000004
        ]
    ],
    "h": [
        [
            -0.2634230849038901,
            -0.4649974187208227,
            0.022987838126320853,
            -0.280839603406746,
            0.004865786093572235,
            -0.5763010947567764,
            -0.45634091531691334,
            0.00794841931025253,
            0.02523996501490311,
            0.00809505981392118,
            -0.2776387485583056,
            -0.3225331673899294,
            -0.0774801306443327,
            0.32581852123103794,
            -0.010616279952739466,
            -0.0013939436103916417,
            -0.12268977436164885,
            -0.00823965341258112,
            0.0560887602908696,
            0.008921578811897571
        ],
        [
            -0.4649974187208227,
            -0.3145227486076936,
            0.021323258161310116,
            -0.24385172010710293,
            0.004633734106202748,
            -0.5482977973181844,
            -0.36962379166370796,
            0.020121520679447752,
            0.0997830127326027,
            0.009412072978836592,
            -0.35705141965234943,
            -0.3179308817095301,
            -0.06479122399248255,
            0.20920267478175125,
            -0.0245504099811312,
            -0.11821796342613242,
            -0.1853939072236982,
            -0.010377295231864984,
            0.10204665994062692,
            0.028431925476361565
        ],
        [
            0.022987838126320853,
            0.021323258161310116,
            1.4720663651851047,
            0.023642603370265594,
            -0.00048193068104188233,
            0.014327165432469355,
            0.022981699607206828,
            0.35822879846417477,
            0.07837757157263472,
            -0.0015042777326992212,
            0.03537487162629199,
            0.019247516611143975,
            -0.04188877904352645,
            -0.018756625756049833,
            0.0020076708254493326,
            0.009430262457939459,
            0.014204141895058352,
            -0.0018958885500194571,
            -0.010890840932550078,
            -0.00206282060433405
        ],
        [
            -0.280839603406746,
            -0.24385172010710293,
            0.023642603370265594,
            1.1957332813548256,
            0.00409774423098738,
            -0.09895304538268856,
            -0.23837733304475395,
            0.0919189096843568,
            -0.6531469374805358,
            0.01548045966719608,
            -0.2688342131438244,
            -0.2006908528010355,
            -0.06371632333332947,
            0.16949144625362245,
            -0.01742664375458558,
            -0.0589770727218434,
            -0.11808076892381066,
            -0.010141534564699977,
            0.07609770366375042,
            0.014317779805898418
        ],
        [
            0.004865786093572235,
            0.004633734106202748,
            -0.00048193068104188233,
            0.00409774423098738,
            1.4742716388119654,
            0.004299783326478388,
            0.004901244247053522,
            -0.0011792492637724876,
            0.00896627594474913,
            0.36632817698118036,
            0.006796582685832286,
            0.0035680019952722374,
            0.0012239346457445259,
            -0.003983090633555654,
            -0.047749634441041466,
            -0.0018386841135122063,
            0.00018719343200378907,
            -0.0005927021246581574,
            0.004175213975781035,
            -0.002757141266301919
        ],
        [
            -0.5763010947567764,
            -0.5482977973181844,
            0.014327165432469355,
            -0.09895304538268856,
            0.004299783326478388,
            -0.4941785935161489,
            -0.6235502831379579,
            0.06263110345836871,
            0.003770362762752874,
            0.01968734349932376,
            -0.5805334849043853,
            -0.5484821532442347,
            -0.018958628889856277,
            0.06013454936091556,
            -0.01865661480241465,
            -0.23605803006850956,
            -0.33877893286420563,
            -0.02651677643579485,
            0.2259547434109266,
            0.0606095450368978
        ],
        [
            -0.45634091531691334,
            -0.36962379166370796,
            0.022981699607206828,
            -0.23837733304475395,
            0.004901244247053522,
            -0.6235502831379579,
            -0.4440996096050853,
            0.05246927661386511,
            -0.014333702586854388,
            0.012957985554234195,
            -0.536492838175033,
            -0.4225149003881128,
            -0.06874492657085375,
            0.15980736002175283,
            -0.05414844857133229,
            -0.2914248740525795,
            -0.306174641742158,
            -0.011676863643878571,
            0.15999794195785083,
            0.05602794261055914
        ],
        [
            0.00794841931025253,
            0.020121520679447752,
            0.35822879846417477,
            0.0919189096843568,
            -0.0011792492637724876,
            0.06263110345836871,
            0.05246927661386511,
            1.354842504915555,
            0.11049220420326238,
            -0.005936764399050918,
            0.012828488692737727,
            0.0639170963904658,
            0.3750845139817772,
            0.29967271423738834,
            -0.017420905767147277,
            0.06675579268219099,
            0.06038478324541781,
            -0.039762912880352025,
            -0.05556531399145902,
            -0.01789693193992855
        ],
        [
            0.02523996501490311,
            0.0997830127326027,
            0.07837757157263472,
            -0.6531469374805358,
            0.00896627594474913,
            0.003770362762752874,
            -0.014333702586854388,
            0.11049220420326238,
            0.8101884580964256,
            0.017515451190899256,
            -0.026738740796941385,
            -0.13051555053784736,
            0.3024727361337248,
            -0.5780701667771462,
            0.04652234545566972,
            -0.29349513669686483,
            -0.19505001582649673,
            -0.01805296302750241,
            0.16489345134874867,
            0.06895330147387928
        ],
        [
            0.00809505981392118,
            0.009412072978836592,
            -0.0015042777326992212,
            0.01548045966719608,
            0.36632817698118036,
            0.01968734349932376,
            0.012957985554234195,
            -0.005936764399050918,
            0.017515451190899256,
            1.3816451499430185,
            -0.008289605442698661,
            0.009575016754929848,
            -0.02322357029361202,
            0.06789136182557723,
            0.4574068329182156,
            -0.013387846405335933,
            0.005622990114333454,
            -0.00019138445572796682,
            0.00257524520255481,
            -0.04378607426060745
        ],
        [
            -0.2776387485583056,
            -0.35705141965234943,
            0.03537487162629199,
            -0.2688342131438244,
            0.006796582685832286,
            -0.5805334849043853,
            -0.536492838175033,
            0.012828488692737727,
            -0.026738740796941385,
            -0.008289605442698661,
            -0.4348434508032528,
            -0.5979335151919183,
            -0.07193666946602437,
            0.06766941450175296,
            -0.09542005121664293,
            -0.5097636967679064,
            -0.5099995990658341,
            -0.010782229313115309,
            0.09962248740170399,
            0.029381785663055826
        ],
        [
            -0.3225331673899294,
            -0.3179308817095301,
            0.019247516611143975,
            -0.2006908528010355,
            0.0035680019952722374,
            -0.5484821532442347,
            -0.4225149003881128,
            0.0639170963904658,
            -0.13051555053784736,
            0.009575016754929848,
            -0.5979335151919183,
            -0.4392189388446617,
            -0.05926584947494874,
            0.05703734975719125,
            -0.08107103901164969,
            -0.4199253892919095,
            -0.36080777995099655,
            -0.014237294644568344,
            0.18819523891734202,
            0.0654578179045282
        ],
        [
            -0.0774801306443327,
            -0.06479122399248255,
            -0.04188877904352645,
            -0.06371632333332947,
            0.0012239346457445259,
            -0.018958628889856277,
            -0.06874492657085375,
            0.3750845139817772,
            0.3024727361337248,
            -0.02322357029361202,
            -0.07193666946602437,
            -0.05926584947494874,
            1.3714676042738947,
            0.10285611359062774,
            -0.002848318833699808,
            -0.003922696295861353,
            -0.022975416006274143,
            0.2375650229675209,
            0.05783431459910178,
            0.019708979959001414
        ],
        [
            0.32581852123103794,
            0.20920267478175125,
            -0.018756625756049833,
            0.16949144625362245,
            -0.003983090633555654,
            0.06013454936091556,
            0.15980736002175283,
            0.29967271423738834,
            -0.5780701667771462,
            0.06789136182557723,
            0.06766941450175296,
            0.05703734975719125,
            0.10285611359062774,
            0.8976800109511798,
            -0.04895521241790577,
            -0.05355873891581453,
            -0.07148384079246742,
            0.04663801114067054,
            -0.5923094277069776,
            -0.31438046615434573
        ],
        [
            -0.010616279952739466,
            -0.0245504099811312,
            0.0020076708254493326,
            -0.01742664375458558,
            -0.047749634441041466,
            -0.01865661480241465,
            -0.05414844857133229,
            -0.017420905767147277,
            0.04652234545566972,
            0.4574068329182156,
            -0.09542005121664293,
            -0.08107103901164969,
            -0.002848318833699808,
            -0.04895521241790577,
            1.372053110795911,
            -0.027634242693141686,
            -0.07294268352657639,
            0.014439286140258797,
            -0.2964253756459817,
            0.126373873831857
        ],
        [
            -0.0013939436103916417,
            -0.11821796342613242,
            0.009430262457939459,
            -0.0589770727218434,
            -0.0018386841135122063,
            -0.23605803006850956,
            -0.2914248740525795,
            0.06675579268219099,
            -0.29349513669686483,
            -0.013387846405335933,
            -0.5097636967679064,
            -0.4199253892919095,
            -0.003922696295861353,
            -0.05355873891581453,
            -0.027634242693141686,
            -0.20022777158836003,
            -0.4358164798576143,
            -0.012916731896259514,
            0.21168548049517216,
            0.07927852892228376
        ],
        [
            -0.12268977436164885,
            -0.1853939072236982,
            0.014204141895058352,
            -0.11808076892381066,
            0.00018719343200378907,
            -0.33877893286420563,
            -0.306174641742158,
            0.06038478324541781,
            -0.19505001582649673,
            0.005622990114333454,
            -0.5099995990658341,
            -0.36080777995099655,
            -0.022975416006274143,
            -0.07148384079246742,
            -0.07294268352657639,
            -0.4358164798576143,
            -0.30380878920941967,
            -0.013010095247019616,
            0.19811770424828226,
            0.07257474915993507
        ],
        [
            -0.00823965341258112,
            -0.010377295231864984,
            -0.0018958885500194571,
            -0.010141534564699977,
            -0.0005927021246581574,
            -0.02651677643579485,
            -0.011676863643878571,
            -0.039762912880352025,
            -0.01805296302750241,
            -0.00019138445572796682,
            -0.010782229313115309,
            -0.014237294644568344,
            0.2375650229675209,
            0.04663801114067054,
            0.014439286140258797,
            -0.012916731896259514,
            -0.013010095247019616,
            1.497746197033178,
            0.01238928884820166,
            0.0040757675445417495
        ],
        [
            0.0560887602908696,
            0.10204665994062692,
            -0.010890840932550078,
            0.07609770366375042,
            0.004175213975781035,
            0.2259547434109266,
            0.15999794195785083,
            -0.05556531399145902,
            0.16489345134874867,
            0.00257524520255481,
            0.09962248740170399,
            0.18819523891734202,
            0.05783431459910178,
            -0.5923094277069776,
            -0.2964253756459817,
            0.21168548049517216,
            0.19811770424828226,
            0.01238928884820166,
            1.3069541522240837,
            -0.0700446234981353
        ],
        [
            0.008921578811897571,
            0.028431925476361565,
            -0.00206282060433405,
            0.014317779805898418,
            -0.002757141266301919,
            0.0606095450368978,
            0.05602794261055914,
            -0.01789693193992855,
            0.06895330147387928,
            -0.04378607426060745,
            0.029381785663055826,
            0.0654578179045282,
            0.019708979959001414,
            -0.31438046615434573,
            0.126373873831857,
            0.07927852892228376,
            0.07257474915993507,
            0.0040757675445417495,
            -0.0700446234981353,
            1.47249043579915
        ]
    ]
}