{
    "HF": -2.158054974267804,
    "coordinates": [
        [
            0.830171,
            0.040784,
            0.180035
        ],
        [
            1.63558,
            0.039165,
            0.000456
        ],
        [
            2.374231,
            -0.195377,
            -0.17862
        ],
        [
            3.097545,
            0.176214,
            -0.193793
        ]
    ],
    "elements": [
        "H",
        "H",
        "H",
        "H"
    ],
    "Enn": 2.874539387383706,
    "S": [
        [
            0.9999999999999999,
            0.6848602514927513,
            0.0,
            0.0,
            0.0,
            0.5031486238776192,
            0.5397784898061218,
            0.11123031199137326,
            -0.4988662056847402,
            0.0010028003002245994,
            0.09580917133570757,
            0.2793214182960875,
            0.028464578683125605,
            -0.12254399732742312,
            0.018742868122250147,
            0.010140149355319691,
            0.1079839166092426,
            0.0019294751676702758,
            -0.011702820090579696,
            -0.0006990081587189442
        ],
        [
            0.6848602514927513,
            1.0000000000000002,
            0.0,
            0.0,
            0.0,
            0.5397784898061218,
            0.862145333712586,
            0.03790380706594286,
            -0.16999798052764495,
            0.00034172293887236823,
            0.27932141829608753,
            0.5714862252658566,
            0.03743489072929255,
            -0.16116244686250453,
            0.024649485520961543,
            0.1079839166092426,
            0.3152707652217231,
            0.014088616447986457,
            -0.08545149809574691,
            -0.005104008596335226
        ],
        [
            0.0,
            0.0,
            1.0000000000000004,
            0.0,
            0.0,
            -0.11123031199137326,
            -0.03790380706594288,
            0.37857328344269775,
            0.15514122201997313,
            -0.0003118584948148559,
            -0.028464578683125623,
            -0.03743489072929257,
            0.02374094323511463,
            0.051246780710043724,
            -0.007838096304071493,
            -0.0019294751676702745,
            -0.014088616447986445,
            0.0006560227051167604,
            0.002265557502877905,
            0.00013532150082639862
        ],
        [
            0.0,
            0.0,
            0.0,
            1.0000000000000004,
            0.0,
            0.49886620568474005,
            0.16999798052764495,
            0.15514122201997302,
            -0.2826414136072744,
            0.0013986804606904934,
            0.12254399732742312,
            0.16116244686250436,
            0.05124678071004367,
            -0.18497999728144446,
            0.03374410221317038,
            0.011702820090579684,
            0.08545149809574679,
            0.002265557502877905,
            -0.012711704597186804,
            -0.0008207637004578438
        ],
        [
            0.0,
            0.0,
            0.0,
            0.0,
            1.0000000000000004,
            -0.0010028003002245994,
            -0.00034172293887236823,
            -0.0003118584948148529,
            0.0013986804606904812,
            0.4131617236581149,
            -0.018742868122250157,
            -0.02464948552096155,
            -0.007838096304071493,
            0.03374410221317042,
            0.03048347475124495,
            0.0006990081587189437,
            0.005104008596335226,
            0.00013532150082639857,
            -0.0008207637004578435,
            0.0009805270887044857
        ],
        [
            0.5031486238776192,
            0.5397784898061218,
            -0.11123031199137326,
            0.49886620568474005,
            -0.0010028003002245994,
            0.9999999999999999,
            0.6848602514927513,
            0.0,
            0.0,
            0.0,
            0.5264774528463212,
            0.5489571551913295,
            0.11746983201756855,
            -0.4845384579151256,
            0.15385428165172643,
            0.13172188279439173,
            0.31830294410454574,
            0.02271716992633828,
            -0.17097492049564808,
            -0.01602770372683893
        ],
        [
            0.5397784898061218,
            0.862145333712586,
            -0.03790380706594288,
            0.16999798052764512,
            -0.00034172293887236823,
            0.6848602514927513,
            1.0000000000000002,
            0.0,
            0.0,
            0.0,
            0.5489571551913295,
            0.8712550040692402,
            0.03848419136138813,
            -0.15873923045679333,
            0.05040406983784926,
            0.3183029441045457,
            0.6200850158430771,
            0.02331645342331512,
            -0.17548527317523863,
            -0.016450517764374162
        ],
        [
            0.11123031199137326,
            0.03790380706594286,
            0.37857328344269775,
            0.1551412220199731,
            -0.0003118584948148531,
            0.0,
            0.0,
            1.0000000000000004,
            0.0,
            0.0,
            -0.11746983201756848,
            -0.03848419136138811,
            0.40324931161398797,
            0.15105447474878123,
            -0.04796394862597985,
            -0.022717169926338272,
            -0.023316453423315116,
            0.05229247664161962,
            0.04274068028512124,
            0.004006640030640665
        ],
        [
            -0.4988662056847399,
            -0.16999798052764495,
            0.15514122201997305,
            -0.28264141360727457,
            0.0013986804606904812,
            0.0,
            0.0,
            0.0,
            1.0000000000000004,
            0.0,
            0.48453845791512556,
            0.15873923045679328,
            0.15105447474878136,
            -0.18319763896366348,
            0.19784124403341977,
            0.1709749204956482,
            0.17548527317523843,
            0.042740680285121235,
            -0.26370534307833016,
            -0.030154942843441057
        ],
        [
            0.0010028003002245994,
            0.00034172293887236823,
            -0.00031185849481485574,
            0.0013986804606904934,
            0.4131617236581149,
            0.0,
            0.0,
            0.0,
            0.0,
            1.0000000000000004,
            -0.15385428165172638,
            -0.05040406983784924,
            -0.047963948625979864,
            0.19784124403341963,
            0.37705040314710236,
            0.01602770372683893,
            0.016450517764374152,
            0.004006640030640666,
            -0.030154942843441068,
            0.05514454877942989
        ],
        [
            0.09580917133570757,
            0.2793214182960875,
            -0.028464578683125605,
            0.12254399732742315,
            -0.018742868122250147,
            0.5264774528463212,
            0.5489571551913295,
            -0.11746983201756855,
            0.4845384579151257,
            -0.15385428165172643,
            0.9999999999999999,
            0.6848602514927513,
            0.0,
            0.0,
            0.0,
            0.5124034553143366,
            0.5434581171326208,
            0.009617496335200256,
            -0.45847688289718835,
            -0.23553516645972425
        ],
        [
            0.27932141829608753,
            0.5714862252658566,
            -0.03743489072929255,
            0.16116244686250444,
            -0.024649485520961537,
            0.5489571551913295,
            0.8712550040692402,
            -0.03848419136138815,
            0.15873923045679333,
            -0.05040406983784926,
            0.6848602514927513,
            1.0000000000000002,
            0.0,
            0.0,
            0.0,
            0.5434581171326208,
            0.8658043251726942,
            0.0032258835033002536,
            -0.15378150005312893,
            -0.07900278632273416
        ],
        [
            0.028464578683125623,
            0.03743489072929257,
            0.02374094323511463,
            0.05124678071004371,
            -0.007838096304071493,
            0.11746983201756848,
            0.03848419136138812,
            0.40324931161398797,
            0.1510544747487813,
            -0.04796394862597985,
            0.0,
            0.0,
            1.0000000000000004,
            0.0,
            0.0,
            -0.009617496335200256,
            -0.0032258835033002536,
            0.42347094681613034,
            0.01207295951488364,
            0.0062022898756212775
        ],
        [
            -0.12254399732742315,
            -0.16116244686250417,
            0.051246780710043675,
            -0.18497999728144446,
            0.03374410221317039,
            -0.4845384579151255,
            -0.15873923045679328,
            0.15105447474878125,
            -0.18319763896366362,
            0.19784124403341963,
            0.0,
            0.0,
            0.0,
            1.0000000000000004,
            0.0,
            0.45847688289718835,
            0.15378150005312893,
            0.0120729595148837,
            -0.15180737637347388,
            -0.2956701442756965
        ],
        [
            0.018742868122250157,
            0.024649485520961543,
            -0.007838096304071493,
            0.03374410221317041,
            0.03048347475124495,
            0.15385428165172638,
            0.050404069837849244,
            -0.047963948625979864,
            0.19784124403341977,
            0.37705040314710236,
            0.0,
            0.0,
            0.0,
            0.0,
            1.0000000000000004,
            0.23553516645972425,
            0.07900278632273416,
            0.0062022898756213,
            -0.29567014427569616,
            0.27182839383522456
        ],
        [
            0.010140149355319691,
            0.1079839166092426,
            -0.0019294751676702758,
            0.011702820090579694,
            0.0006990081587189443,
            0.13172188279439173,
            0.31830294410454574,
            -0.02271716992633828,
            0.17097492049564816,
            0.01602770372683893,
            0.5124034553143366,
            0.5434581171326208,
            -0.009617496335200256,
            0.45847688289718835,
            0.23553516645972425,
            0.9999999999999999,
            0.6848602514927513,
            0.0,
            0.0,
            0.0
        ],
        [
            0.1079839166092426,
            0.3152707652217231,
            -0.014088616447986457,
            0.08545149809574687,
            0.005104008596335229,
            0.3183029441045457,
            0.6200850158430771,
            -0.023316453423315134,
            0.17548527317523843,
            0.016450517764374152,
            0.5434581171326208,
            0.8658043251726942,
            -0.0032258835033002536,
            0.15378150005312893,
            0.07900278632273416,
            0.6848602514927513,
            1.0000000000000002,
            0.0,
            0.0,
            0.0
        ],
        [
            0.0019294751676702745,
            0.014088616447986445,
            0.0006560227051167604,
            0.002265557502877905,
            0.00013532150082639862,
            0.022717169926338272,
            0.02331645342331512,
            0.05229247664161962,
            0.04274068028512123,
            0.004006640030640665,
            0.009617496335200256,
            0.0032258835033002536,
            0.42347094681613034,
            0.012072959514883701,
            0.006202289875621301,
            0.0,
            0.0,
            1.0000000000000004,
            0.0,
            0.0
        ],
        [
            -0.011702820090579682,
            -0.08545149809574674,
            0.002265557502877905,
            -0.012711704597186804,
            -0.0008207637004578438,
            -0.1709749204956481,
            -0.17548527317523863,
            0.04274068028512125,
            -0.26370534307833016,
            -0.030154942843441068,
            -0.45847688289718835,
            -0.15378150005312893,
            0.012072959514883639,
            -0.15180737637347402,
            -0.29567014427569616,
            0.0,
            0.0,
            0.0,
            1.0000000000000004,
            0.0
        ],
        [
            -0.0006990081587189438,
            -0.005104008596335224,
            0.00013532150082639857,
            -0.0008207637004578435,
            0.0009805270887044857,
            -0.01602770372683893,
            -0.016450517764374162,
            0.004006640030640666,
            -0.030154942843441057,
            0.05514454877942989,
            -0.23553516645972425,
            -0.07900278632273416,
            0.006202289875621277,
            -0.2956701442756965,
            0.27182839383522456,
            0.0,
            0.0,
            0.0,
            0.0,
            1.0000000000000004
        ]
    ],
    "h": [
        [
            -0.22889340657475654,
            -0.4502732627560848,
            0.05642702042713132,
            -0.24998794015697126,
            0.003793395679833048,
            -0.5381904689302723,
            -0.4384588168882395,
            -0.006642406044928578,
            0.04208712815702176,
            0.012316740724269006,
            -0.21121179591390968,
            -0.2864441555761673,
            -0.06022624295919259,
            0.27227059524451125,
            -0.04815843088378003,
            -0.005451518239522536,
            -0.12586615915391608,
            -0.008589136467931816,
            0.05846025096113085,
            0.004905835240097977
        ],
        [
            -0.4502732627560848,
            -0.30613443092815906,
            0.05006917684786997,
            -0.22143744036470162,
            0.0045856653165855035,
            -0.5171453723947779,
            -0.3619456743310496,
            -0.021174154054274058,
            0.10557280741848679,
            0.029390079218723424,
            -0.3097214371213538,
            -0.2983822598288556,
            -0.04598661958180398,
            0.17216876711659945,
            -0.06548371170282379,
            -0.12470499048291361,
            -0.18887837404604957,
            -0.00898089705282647,
            0.10673430858248238,
            0.031083538806518943
        ],
        [
            0.05642702042713132,
            0.05006917684786997,
            1.485969599665982,
            0.05301088177064716,
            -0.0008219550904978014,
            0.01772347062454055,
            0.04711622416097154,
            0.27167438811835043,
            0.21313695486392564,
            -0.003871088490869046,
            0.0483888062694815,
            0.03767941486331808,
            -0.029465991903689842,
            -0.05375121121221821,
            0.013089251684463022,
            0.010937867312980513,
            0.023137327320169352,
            -0.001560230796476636,
            -0.014711186967987115,
            -0.002138096466134121
        ],
        [
            -0.24998794015697126,
            -0.22143744036470162,
            0.05301088177064716,
            1.2617993213526504,
            0.003384423592645267,
            -0.07581503279238166,
            -0.20816775166606472,
            0.2147376298052251,
            -0.6378811690414518,
            0.016963326369680534,
            -0.21326916702545012,
            -0.16739970843572943,
            -0.05622353003132123,
            0.1931020282257741,
            -0.0577712752725216,
            -0.0555092037863464,
            -0.10694290466646734,
            -0.01055065627199087,
            0.07426812881160323,
            0.010552263898240448
        ],
        [
            0.003793395679833048,
            0.0045856653165855035,
            -0.0008219550904978014,
            0.003384423592645267,
            1.497326348801111,
            0.007146051567212794,
            0.006241513554723613,
            -0.0008367026628329206,
            0.00338906237240687,
            0.3180299717883582,
            0.01745667324102098,
            0.004576936017215899,
            0.0038195838149678273,
            -0.015721544988312672,
            -0.038462523055741764,
            0.0017270643847761176,
            0.003315008333082155,
            -0.0002615277713776978,
            0.0007076124252055507,
            -0.003922811382904473
        ],
        [
            -0.5381904689302723,
            -0.5171453723947779,
            0.01772347062454055,
            -0.07581503279238166,
            0.007146051567212794,
            -0.4092633275170168,
            -0.588758401683265,
            -0.0014692677958439114,
            0.022745208605831416,
            0.06413101368955695,
            -0.5150073876212109,
            -0.5030792590686357,
            -0.01918266981720801,
            0.04359216278414968,
            -0.040019885902998376,
            -0.2553882668898191,
            -0.33891861332927653,
            -0.01957197695837995,
            0.2292063981714543,
            0.06265689015416981
        ],
        [
            -0.4384588168882395,
            -0.3619456743310496,
            0.04711622416097154,
            -0.20816775166606472,
            0.006241513554723613,
            -0.588758401683265,
            -0.439604529363262,
            0.003078846288705455,
            -0.0067140124252601935,
            0.05373459813011225,
            -0.5068323670443821,
            -0.4128581791039361,
            -0.04869354923243219,
            0.11132656318184564,
            -0.11280965072364744,
            -0.3164776801602721,
            -0.31738923119032725,
            -0.00764817575927338,
            0.17324558097854165,
            0.07372010874695578
        ],
        [
            -0.006642406044928578,
            -0.021174154054274058,
            0.27167438811835043,
            0.2147376298052251,
            -0.0008367026628329206,
            -0.0014692677958439114,
            0.003078846288705455,
            1.389101635507528,
            0.11135084123213412,
            -0.015577068426665975,
            0.011224354077062015,
            0.028165858734333832,
            0.29023255088943434,
            0.23238375762553543,
            -0.059196108539803075,
            0.056294435892678095,
            0.039481347135580915,
            -0.04331047048850242,
            -0.03628245205841553,
            -0.016207533326527218
        ],
        [
            0.04208712815702176,
            0.10557280741848679,
            0.21313695486392564,
            -0.6378811690414518,
            0.00338906237240687,
            0.022745208605831416,
            -0.0067140124252601935,
            0.11135084123213412,
            0.9149577017713253,
            0.06418097525465548,
            -0.07519042044155433,
            -0.13034018041855444,
            0.21892598600815172,
            -0.6417981741669151,
            0.23286782447188292,
            -0.29897368805924673,
            -0.18301482124101948,
            -0.004428839951271982,
            0.11729882307296913,
            0.07862287124675923
        ],
        [
            0.012316740724269006,
            0.029390079218723424,
            -0.003871088490869046,
            0.016963326369680534,
            0.3180299717883582,
            0.06413101368955695,
            0.05373459813011225,
            -0.015577068426665975,
            0.06418097525465548,
            1.3937108053412488,
            0.005109016081750406,
            0.0517343821428439,
            -0.06464918581809195,
            0.2704542660009824,
            0.26044285647120025,
            0.029025320863837183,
            0.045809557696355994,
            0.002810955214217122,
            -0.041016675970876375,
            -0.058413295037422625
        ],
        [
            -0.21121179591390968,
            -0.3097214371213538,
            0.0483888062694815,
            -0.21326916702545012,
            0.01745667324102098,
            -0.5150073876212109,
            -0.5068323670443821,
            0.011224354077062015,
            -0.07519042044155433,
            0.005109016081750406,
            -0.4191249028782802,
            -0.58671933419746,
            -0.04354193123984178,
            -0.022044956311623523,
            -0.1774551760760964,
            -0.5616530046682804,
            -0.5300772146865328,
            -0.0071806696931112045,
            0.09300649338288836,
            0.02734732392514444
        ],
        [
            -0.2864441555761673,
            -0.2983822598288556,
            0.03767941486331808,
            -0.16739970843572943,
            0.004576936017215899,
            -0.5030792590686357,
            -0.4128581791039361,
            0.028165858734333832,
            -0.13034018041855444,
            0.0517343821428439,
            -0.58671933419746,
            -0.43038950874483484,
            -0.040847764312651004,
            0.005754385434466963,
            -0.14899199624212373,
            -0.4549102393725064,
            -0.3722764470658927,
            -0.00886695798818204,
            0.2102128273271998,
            0.0905725688846857
        ],
        [
            -0.06022624295919259,
            -0.04598661958180398,
            -0.029465991903689842,
            -0.05622353003132123,
            0.0038195838149678273,
            -0.01918266981720801,
            -0.04869354923243219,
            0.29023255088943434,
            0.21892598600815172,
            -0.06464918581809195,
            -0.04354193123984178,
            -0.040847764312651004,
            1.3917185746742404,
            0.061996750812161106,
            -0.013901718863988645,
            -0.004776577356530823,
            -0.01931130523098783,
            0.32459150834909434,
            0.029571356461142638,
            0.010581664478973261
        ],
        [
            0.27227059524451125,
            0.17216876711659945,
            -0.05375121121221821,
            0.1931020282257741,
            -0.015721544988312672,
            0.04359216278414968,
            0.11132656318184564,
            0.23238375762553543,
            -0.6417981741669151,
            0.2704542660009824,
            -0.022044956311623523,
            0.005754385434466963,
            0.061996750812161106,
            0.9637684533851831,
            -0.03265308818039373,
            -0.028329005657357187,
            -0.08319129422528843,
            0.020432203235688652,
            -0.4792518342131676,
            -0.40140541136860874
        ],
        [
            -0.04815843088378003,
            -0.06548371170282379,
            0.013089251684463022,
            -0.0577712752725216,
            -0.038462523055741764,
            -0.040019885902998376,
            -0.11280965072364744,
            -0.059196108539803075,
            0.23286782447188292,
            0.26044285647120025,
            -0.1774551760760964,
            -0.14899199624212373,
            -0.013901718863988645,
            -0.03265308818039373,
            1.3338023519975906,
            -0.03751706451963743,
            -0.1229512353384977,
            0.005151519061782003,
            -0.3657729584774322,
            0.12884720550902118
        ],
        [
            -0.005451518239522536,
            -0.12470499048291361,
            0.010937867312980513,
            -0.0555092037863464,
            0.0017270643847761176,
            -0.2553882668898191,
            -0.3164776801602721,
            0.056294435892678095,
            -0.29897368805924673,
            0.029025320863837183,
            -0.5616530046682804,
            -0.4549102393725064,
            -0.004776577356530823,
            -0.028329005657357187,
            -0.03751706451963743,
            -0.24969124800757014,
            -0.46120251711135785,
            -0.006588488074243509,
            0.24167042455386964,
            0.11741788828198362
        ],
        [
            -0.12586615915391608,
            -0.18887837404604957,
            0.023137327320169352,
            -0.10694290466646734,
            0.003315008333082155,
            -0.33891861332927653,
            -0.31738923119032725,
            0.039481347135580915,
            -0.18301482124101948,
            0.045809557696355994,
            -0.5300772146865328,
            -0.3722764470658927,
            -0.01931130523098783,
            -0.08319129422528843,
            -0.1229512353384977,
            -0.46120251711135785,
            -0.317894620677313,
            -0.007131001596847136,
            0.21563983991781405,
            0.10010678008800877
        ],
        [
            -0.008589136467931816,
            -0.00898089705282647,
            -0.001560230796476636,
            -0.01055065627199087,
            -0.0002615277713776978,
            -0.01957197695837995,
            -0.00764817575927338,
            -0.04331047048850242,
            -0.004428839951271982,
            0.002810955214217122,
            -0.0071806696931112045,
            -0.00886695798818204,
            0.32459150834909434,
            0.020432203235688652,
            0.005151519061782003,
            -0.006588488074243509,
            -0.007131001596847136,
            1.4767344182914708,
            0.007164569344437175,
            0.0022881800603379164
        ],
        [
            0.05846025096113085,
            0.10673430858248238,
            -0.014711186967987115,
            0.07426812881160323,
            0.0007076124252055507,
            0.2292063981714543,
            0.17324558097854165,
            -0.03628245205841553,
            0.11729882307296913,
            -0.041016675970876375,
            0.09300649338288836,
            0.2102128273271998,
            0.029571356461142638,
            -0.4792518342131676,
            -0.3657729584774322,
            0.24167042455386964,
            0.21563983991781405,
            0.007164569344437175,
            1.2624445369689061,
            -0.09999213734684054
        ],
        [
            0.004905835240097977,
            0.031083538806518943,
            -0.002138096466134121,
            0.010552263898240448,
            -0.003922811382904473,
            0.06265689015416981,
            0.07372010874695578,
            -0.016207533326527218,
            0.07862287124675923,
            -0.058413295037422625,
            0.02734732392514444,
            0.0905725688846857,
            0.010581664478973261,
            -0.40140541136860874,
            0.12884720550902118,
            0.11741788828198362,
            0.10010678008800877,
            0.0022881800603379164,
            -0.09999213734684054,
            1.4267035906062342
        ]
    ]
}