{
    "HF": -2.169998637786497,
    "coordinates": [
        [
            0.704989,
            0.01478,
            -0.088612
        ],
        [
            1.434748,
            -0.177878,
            0.048043
        ],
        [
            2.253934,
            -0.153174,
            -0.128008
        ],
        [
            2.927162,
            0.153593,
            0.074677
        ]
    ],
    "elements": [
        "H",
        "H",
        "H",
        "H"
    ],
    "Enn": 2.933702437448323,
    "S": [
        [
            0.9999999999999999,
            0.6848602514927513,
            0.0,
            0.0,
            0.0,
            0.5490169395841485,
            0.5575305479783019,
            -0.09452672045302513,
            -0.5047874208121118,
            0.13326500244439582,
            0.10782290384300607,
            0.29324534319075374,
            0.0036097727203622636,
            -0.14192657646313142,
            0.015389272197068819,
            0.013083269126668745,
            0.12048254314761372,
            -0.0011510822345450992,
            -0.015664887790272378,
            -0.000978542205683842
        ],
        [
            0.6848602514927513,
            1.0000000000000002,
            0.0,
            0.0,
            0.0,
            0.5575305479783019,
            0.8797117398295459,
            -0.029857610747745546,
            -0.15944429520810838,
            0.04209364876103446,
            0.29324534319075374,
            0.5891236483369932,
            0.004331709763593162,
            -0.17031120366963173,
            0.018467052026462705,
            0.12048254314761372,
            0.33767000190569674,
            -0.0069215610681517435,
            -0.09419438004702078,
            -0.005884062346841173
        ],
        [
            0.0,
            0.0,
            1.0000000000000004,
            0.0,
            0.0,
            0.09452672045302513,
            0.029857610747745553,
            0.4433434842878182,
            -0.120631461379912,
            0.03184697425661224,
            -0.003609772720362262,
            -0.0043317097635931605,
            0.04255034062134667,
            0.006768256000981817,
            -0.0007338902726622958,
            0.001151082234545099,
            0.006921561068151744,
            0.0014425302584990666,
            -0.0014599766202738496,
            -9.120070066105292e-05
        ],
        [
            0.0,
            0.0,
            0.0,
            1.0000000000000004,
            0.0,
            0.5047874208121119,
            0.15944429520810818,
            -0.12063146137991204,
            -0.17825781998875193,
            0.17006780642150737,
            0.14192657646313134,
            0.1703112036696314,
            0.006768256000981817,
            -0.22338717817528145,
            0.02885459611099856,
            0.015664887790272378,
            0.09419438004702073,
            -0.0014599766202738496,
            -0.018318768617925064,
            -0.0012411352546103775
        ],
        [
            0.0,
            0.0,
            0.0,
            0.0,
            1.0000000000000004,
            -0.13326500244439582,
            -0.042093648761034434,
            0.031846974256612245,
            0.17006780642150737,
            0.4210347068768059,
            -0.015389272197068815,
            -0.018467052026462708,
            -0.0007338902726622961,
            0.02885459611099857,
            0.039593745892797905,
            0.0009785422056838415,
            0.005884062346841172,
            -9.120070066105288e-05,
            -0.001241135254610377,
            0.001472281503901502
        ],
        [
            0.5490169395841485,
            0.5575305479783019,
            0.09452672045302513,
            0.5047874208121119,
            -0.13326500244439582,
            0.9999999999999999,
            0.6848602514927513,
            0.0,
            0.0,
            0.0,
            0.49302622251829903,
            0.5356944042393947,
            0.10627470090182181,
            -0.49450867721830516,
            -0.0149127821544814,
            0.11649969230504975,
            0.30271071406128874,
            -0.002681604488152638,
            -0.15026147332664386,
            -0.03337366228476547
        ],
        [
            0.5575305479783019,
            0.8797117398295459,
            0.029857610747745556,
            0.15944429520810838,
            -0.04209364876103444,
            0.6848602514927513,
            1.0000000000000002,
            0.0,
            0.0,
            0.0,
            0.5356944042393947,
            0.8580730224449725,
            0.03685906105426511,
            -0.17150954432976395,
            -0.005172173087824369,
            0.30271071406128874,
            0.6009326547799655,
            -0.0030297384486539596,
            -0.16976886975705638,
            -0.037706331505360666
        ],
        [
            -0.09452672045302513,
            -0.029857610747745542,
            0.4433434842878182,
            -0.12063146137991204,
            0.03184697425661224,
            0.0,
            0.0,
            1.0000000000000004,
            0.0,
            0.0,
            -0.10627470090182181,
            -0.036859061054265084,
            0.36934989789736455,
            0.15039142257028254,
            0.0045353188447755,
            0.002681604488152638,
            0.003029738448653953,
            0.047997519100220355,
            -0.004962233503966996,
            -0.0011021315143073195
        ],
        [
            -0.5047874208121118,
            -0.15944429520810838,
            -0.120631461379912,
            -0.17825781998875162,
            0.1700678064215073,
            0.0,
            0.0,
            0.0,
            1.0000000000000004,
            0.0,
            0.4945086772183051,
            0.17150954432976356,
            0.15039142257028254,
            -0.29811849942384105,
            -0.021103371768273194,
            0.15026147332664386,
            0.16976886975705652,
            -0.004962233503966993,
            -0.22996854374975403,
            -0.06175702116818518
        ],
        [
            0.13326500244439582,
            0.04209364876103441,
            0.031846974256612245,
            0.1700678064215074,
            0.4210347068768059,
            0.0,
            0.0,
            0.0,
            0.0,
            1.0000000000000004,
            0.0149127821544814,
            0.005172173087824367,
            0.004535318844775489,
            -0.021103371768273146,
            0.4010340607599591,
            0.03337366228476545,
            0.03770633150536063,
            -0.0011021315143073186,
            -0.06175702116818516,
            0.034369599879082766
        ],
        [
            0.10782290384300607,
            0.29324534319075374,
            -0.0036097727203622636,
            0.1419265764631314,
            -0.015389272197068819,
            0.49302622251829903,
            0.5356944042393947,
            -0.10627470090182181,
            0.4945086772183051,
            0.0149127821544814,
            0.9999999999999999,
            0.6848602514927513,
            0.0,
            0.0,
            0.0,
            0.548973592835746,
            0.5575143272378531,
            -0.14018685518518115,
            -0.46563739863635245,
            -0.212175054910785
        ],
        [
            0.29324534319075374,
            0.5891236483369932,
            -0.004331709763593162,
            0.17031120366963165,
            -0.018467052026462705,
            0.5356944042393947,
            0.8580730224449725,
            -0.036859061054265105,
            0.17150954432976362,
            0.005172173087824369,
            0.6848602514927513,
            1.0000000000000002,
            0.0,
            0.0,
            0.0,
            0.5575143272378531,
            0.8796957867225831,
            -0.044283062364199315,
            -0.14708832675987443,
            -0.06702312550153357
        ],
        [
            0.003609772720362262,
            0.0043317097635931605,
            0.04255034062134667,
            0.006768256000981818,
            -0.0007338902726622958,
            0.10627470090182181,
            0.03685906105426508,
            0.36934989789736455,
            0.15039142257028254,
            0.004535318844775489,
            0.0,
            0.0,
            1.0000000000000004,
            0.0,
            0.0,
            0.1401868551851811,
            0.04428306236419931,
            0.41619459539613357,
            -0.16504122957134815,
            -0.07520364998472104
        ],
        [
            -0.1419265764631313,
            -0.1703112036696315,
            0.0067682560009818165,
            -0.2233871781752814,
            0.028854596110998557,
            -0.4945086772183051,
            -0.1715095443297639,
            0.15039142257028254,
            -0.29811849942384105,
            -0.021103371768273146,
            0.0,
            0.0,
            0.0,
            1.0000000000000004,
            0.0,
            0.4656373986363524,
            0.1470883267598744,
            -0.16504122957134815,
            -0.08230976341559357,
            -0.2497925493840874
        ],
        [
            0.015389272197068813,
            0.018467052026462708,
            -0.0007338902726622961,
            0.028854596110998578,
            0.039593745892797905,
            -0.0149127821544814,
            -0.005172173087824367,
            0.0045353188447755,
            -0.021103371768273194,
            0.4010340607599591,
            0.0,
            0.0,
            0.0,
            0.0,
            1.0000000000000004,
            0.21217505491078498,
            0.06702312550153357,
            -0.07520364998472104,
            -0.2497925493840874,
            0.35206070705334386
        ],
        [
            0.013083269126668745,
            0.12048254314761372,
            0.0011510822345450992,
            0.015664887790272378,
            0.000978542205683842,
            0.11649969230504975,
            0.30271071406128874,
            0.002681604488152638,
            0.15026147332664386,
            0.03337366228476547,
            0.548973592835746,
            0.5575143272378531,
            0.14018685518518115,
            0.46563739863635245,
            0.212175054910785,
            0.9999999999999999,
            0.6848602514927513,
            0.0,
            0.0,
            0.0
        ],
        [
            0.12048254314761372,
            0.33767000190569674,
            0.0069215610681517435,
            0.09419438004702076,
            0.005884062346841177,
            0.30271071406128874,
            0.6009326547799655,
            0.003029738448653954,
            0.16976886975705655,
            0.037706331505360666,
            0.5575143272378531,
            0.8796957867225831,
            0.044283062364199315,
            0.14708832675987443,
            0.06702312550153357,
            0.6848602514927513,
            1.0000000000000002,
            0.0,
            0.0,
            0.0
        ],
        [
            -0.001151082234545099,
            -0.006921561068151744,
            0.0014425302584990666,
            -0.0014599766202738496,
            -9.120070066105292e-05,
            -0.002681604488152638,
            -0.0030297384486539587,
            0.047997519100220355,
            -0.004962233503966992,
            -0.0011021315143073189,
            -0.1401868551851811,
            -0.04428306236419931,
            0.41619459539613357,
            -0.16504122957134815,
            -0.07520364998472104,
            0.0,
            0.0,
            1.0000000000000004,
            0.0,
            0.0
        ],
        [
            -0.015664887790272378,
            -0.09419438004702066,
            -0.0014599766202738496,
            -0.018318768617925064,
            -0.0012411352546103775,
            -0.15026147332664386,
            -0.16976886975705668,
            -0.0049622335039669965,
            -0.22996854374975403,
            -0.06175702116818518,
            -0.4656373986363524,
            -0.1470883267598744,
            -0.16504122957134815,
            -0.08230976341559357,
            -0.2497925493840874,
            0.0,
            0.0,
            0.0,
            1.0000000000000004,
            0.0
        ],
        [
            -0.0009785422056838415,
            -0.0058840623468411745,
            -9.120070066105288e-05,
            -0.001241135254610377,
            0.001472281503901502,
            -0.03337366228476545,
            -0.03770633150536063,
            -0.0011021315143073193,
            -0.06175702116818516,
            0.034369599879082766,
            -0.21217505491078498,
            -0.06702312550153357,
            -0.07520364998472104,
            -0.2497925493840874,
            0.35206070705334386,
            0.0,
            0.0,
            0.0,
            0.0,
            1.0000000000000004
        ]
    ],
    "h": [
        [
            -0.26542676817228505,
            -0.46671086363053726,
            -0.048145082894670344,
            -0.27528510745564994,
            0.07273620278981477,
            -0.5757031557870356,
            -0.4615447198485543,
            0.015226021815754859,
            0.020896827804344542,
            -0.00595978730114366,
            -0.22355723470416894,
            -0.30278242396373767,
            -0.02716673176067909,
            0.28947433440937115,
            -0.0029015584509860387,
            -0.014214991839243941,
            -0.13988411469042197,
            0.003833422890953728,
            0.06528363012753091,
            0.009457291130318464
        ],
        [
            -0.46671086363053726,
            -0.31197198456656516,
            -0.038814493564326785,
            -0.23409016426893864,
            0.06023373411951008,
            -0.5326606938141885,
            -0.3662891415386704,
            0.05807707553623444,
            0.10881292293414976,
            -0.05417030216022474,
            -0.31504728736616755,
            -0.3049531979981909,
            -0.04322181929901041,
            0.17087468045616205,
            -0.012340769077325238,
            -0.1393437948468087,
            -0.19790945296718898,
            0.0192240139074804,
            0.10864069482517932,
            0.034790125427367286
        ],
        [
            -0.048145082894670344,
            -0.038814493564326785,
            1.4779609516516734,
            -0.043763236611533564,
            0.011737055567749313,
            -0.0034184917473193688,
            -0.03397284548409245,
            0.3642930383730314,
            -0.17023487112771554,
            0.04497244501858619,
            -0.014828897909757057,
            -0.026271789215985435,
            -0.0471012146986267,
            0.025793455161275486,
            -4.319864688062897e-05,
            -0.002596030846382545,
            -0.0124890209950485,
            -0.0046243095852694935,
            0.006841534218819853,
            0.0008377347394927148
        ],
        [
            -0.27528510745564994,
            -0.23409016426893864,
            -0.043763236611533564,
            1.2299350658759771,
            0.06557524176748888,
            -0.0672860659722545,
            -0.2234332954471741,
            -0.15396353905881294,
            -0.5395929256065441,
            0.2328941703945394,
            -0.2205806138113926,
            -0.1756970108098712,
            -0.033673990283952175,
            0.18185581642947302,
            -0.0064252617093675385,
            -0.06535818854934314,
            -0.11340047056537952,
            0.00878358179966503,
            0.08651245364453919,
            0.013930661989804794
        ],
        [
            0.07273620278981477,
            0.06023373411951008,
            0.011737055567749313,
            0.06557524176748888,
            1.4691654108677181,
            0.013051934405316157,
            0.054788555430768236,
            0.04218363629100502,
            0.24120188477360072,
            0.33327424083241564,
            0.03750591651651147,
            0.04170088922450366,
            0.00668871857523504,
            -0.04921743890883311,
            -0.04308232724622031,
            0.001674195697492241,
            0.019358119662797893,
            -0.0001960503507903208,
            -0.0021547907739848217,
            -0.0058890123888527025
        ],
        [
            -0.5757031557870356,
            -0.5326606938141885,
            -0.0034184917473193688,
            -0.0672860659722545,
            0.013051934405316157,
            -0.41519860771737815,
            -0.5858440672662639,
            0.0893195771736306,
            0.06851013699504718,
            -0.07314239742470059,
            -0.4823370919005674,
            -0.48718197873969915,
            -0.02120587319915901,
            0.06699630784587729,
            -0.02088547113596855,
            -0.2338096903286572,
            -0.32201215099063507,
            0.029287950687572263,
            0.21569586729874363,
            0.06774016981987535
        ],
        [
            -0.4615447198485543,
            -0.3662891415386704,
            -0.03397284548409245,
            -0.2234332954471741,
            0.054788555430768236,
            -0.5858440672662639,
            -0.43015303042849795,
            0.07438685718967214,
            0.01650566713746761,
            -0.061622864439669585,
            -0.48798857630819326,
            -0.40339363344374113,
            -0.0676624797204004,
            0.11407519753925405,
            -0.04333659771315143,
            -0.30966085699200535,
            -0.3094731393071761,
            0.041193903857310664,
            0.16756423287660976,
            0.06890720740851809
        ],
        [
            0.015226021815754859,
            0.05807707553623444,
            0.3642930383730314,
            -0.15396353905881294,
            0.04218363629100502,
            0.0893195771736306,
            0.07438685718967214,
            1.3983840777384087,
            -0.002329047697159292,
            0.013147397635835355,
            0.014647509107557494,
            0.05578158805539703,
            0.25319258237596953,
            0.18554847950576464,
            0.008038472539109349,
            0.023614776048574045,
            0.03912324768452574,
            -0.04965830846710907,
            -0.0292612901024044,
            -0.010510286631213853
        ],
        [
            0.020896827804344542,
            0.10881292293414976,
            -0.17023487112771554,
            -0.5395929256065441,
            0.24120188477360072,
            0.06851013699504718,
            0.01650566713746761,
            -0.002329047697159292,
            0.913837655353694,
            0.05226899030331289,
            -0.07112345927732311,
            -0.11178217126748469,
            0.17858106893602266,
            -0.7642937538587936,
            -0.059532396694716716,
            -0.2933377824195579,
            -0.1704835951186798,
            0.0436533683617486,
            0.15022617367762403,
            0.07791561542963377
        ],
        [
            -0.00595978730114366,
            -0.05417030216022474,
            0.04497244501858619,
            0.2328941703945394,
            0.33327424083241564,
            -0.07314239742470059,
            -0.061622864439669585,
            0.013147397635835355,
            0.05226899030331289,
            1.3992135411628739,
            -0.024214355251367094,
            -0.04149433679396892,
            0.0017605949396593944,
            -0.015640606579917303,
            0.28859785178274744,
            -0.02965826335587704,
            -0.0222341415126409,
            0.003774309674037455,
            0.01864980042578966,
            -0.037273201417453036
        ],
        [
            -0.22355723470416894,
            -0.31504728736616755,
            -0.014828897909757057,
            -0.2205806138113926,
            0.03750591651651147,
            -0.4823370919005674,
            -0.48798857630819326,
            0.014647509107557494,
            -0.07112345927732311,
            -0.024214355251367094,
            -0.41610470273321165,
            -0.5846569188416961,
            -0.11275026574918788,
            -0.0519375925315782,
            -0.10216827300813079,
            -0.5796547371377906,
            -0.5346609968174887,
            0.00869586192269492,
            0.06913780832499938,
            0.023330492076233944
        ],
        [
            -0.30278242396373767,
            -0.3049531979981909,
            -0.026271789215985435,
            -0.1756970108098712,
            0.04170088922450366,
            -0.48718197873969915,
            -0.40339363344374113,
            0.05578158805539703,
            -0.11178217126748469,
            -0.04149433679396892,
            -0.5846569188416961,
            -0.42770363949800383,
            -0.09336637501437663,
            -0.004238210644852386,
            -0.08116624780851306,
            -0.4646273782911726,
            -0.36858750633625936,
            0.053035857884370645,
            0.21117914550921996,
            0.08894859331216913
        ],
        [
            -0.02716673176067909,
            -0.04322181929901041,
            -0.0471012146986267,
            -0.033673990283952175,
            0.00668871857523504,
            -0.02120587319915901,
            -0.0676624797204004,
            0.25319258237596953,
            0.17858106893602266,
            0.0017605949396593944,
            -0.11275026574918788,
            -0.09336637501437663,
            1.3864269493455625,
            -0.018585821849243282,
            -0.026799323192872013,
            -0.018836157060807046,
            -0.07650193680931298,
            0.325372020477499,
            -0.21357733044576216,
            -0.10013075770310004
        ],
        [
            0.28947433440937115,
            0.17087468045616205,
            0.025793455161275486,
            0.18185581642947302,
            -0.04921743890883311,
            0.06699630784587729,
            0.11407519753925405,
            0.18554847950576464,
            -0.7642937538587936,
            -0.015640606579917303,
            -0.0519375925315782,
            -0.004238210644852386,
            -0.018585821849243282,
            0.9535881022302859,
            -0.10105080606821018,
            -0.016918365128114066,
            -0.0917339723809035,
            -0.23338166953145156,
            -0.4079693617953336,
            -0.3569009079940771
        ],
        [
            -0.0029015584509860387,
            -0.012340769077325238,
            -4.319864688062897e-05,
            -0.0064252617093675385,
            -0.04308232724622031,
            -0.02088547113596855,
            -0.04333659771315143,
            0.008038472539109349,
            -0.059532396694716716,
            0.28859785178274744,
            -0.10216827300813079,
            -0.08116624780851306,
            -0.026799323192872013,
            -0.10105080606821018,
            1.3720704837707969,
            -0.012568392775813564,
            -0.08006575398182862,
            -0.10517927838590321,
            -0.34351974593133106,
            0.23594289924767975
        ],
        [
            -0.014214991839243941,
            -0.1393437948468087,
            -0.002596030846382545,
            -0.06535818854934314,
            0.001674195697492241,
            -0.2338096903286572,
            -0.30966085699200535,
            0.023614776048574045,
            -0.2933377824195579,
            -0.02965826335587704,
            -0.5796547371377906,
            -0.4646273782911726,
            -0.018836157060807046,
            -0.016918365128114066,
            -0.012568392775813564,
            -0.2686340638781106,
            -0.4685840739365892,
            0.0729452705388853,
            0.25610743560648497,
            0.11558542987437141
        ],
        [
            -0.13988411469042197,
            -0.19790945296718898,
            -0.0124890209950485,
            -0.11340047056537952,
            0.019358119662797893,
            -0.32201215099063507,
            -0.3094731393071761,
            0.03912324768452574,
            -0.1704835951186798,
            -0.0222341415126409,
            -0.5346609968174887,
            -0.36858750633625936,
            -0.07650193680931298,
            -0.0917339723809035,
            -0.08006575398182862,
            -0.4685840739365892,
            -0.3146700620400549,
            0.0593978108300835,
            0.2190663934551518,
            0.0963115532484246
        ],
        [
            0.003833422890953728,
            0.0192240139074804,
            -0.0046243095852694935,
            0.00878358179966503,
            -0.0001960503507903208,
            0.029287950687572263,
            0.041193903857310664,
            -0.04965830846710907,
            0.0436533683617486,
            0.003774309674037455,
            0.00869586192269492,
            0.053035857884370645,
            0.325372020477499,
            -0.23338166953145156,
            -0.10517927838590321,
            0.0729452705388853,
            0.0593978108300835,
            1.4636094285334655,
            -0.061191441255868506,
            -0.028006532820414223
        ],
        [
            0.06528363012753091,
            0.10864069482517932,
            0.006841534218819853,
            0.08651245364453919,
            -0.0021547907739848217,
            0.21569586729874363,
            0.16756423287660976,
            -0.0292612901024044,
            0.15022617367762403,
            0.01864980042578966,
            0.06913780832499938,
            0.21117914550921996,
            -0.21357733044576216,
            -0.4079693617953336,
            -0.34351974593133106,
            0.25610743560648497,
            0.2190663934551518,
            -0.061191441255868506,
            1.2595437770137912,
            -0.09745000606766552
        ],
        [
            0.009457291130318464,
            0.034790125427367286,
            0.0008377347394927148,
            0.013930661989804794,
            -0.0058890123888527025,
            0.06774016981987535,
            0.06890720740851809,
            -0.010510286631213853,
            0.07791561542963377,
            -0.037273201417453036,
            0.023330492076233944,
            0.08894859331216913,
            -0.10013075770310004,
            -0.3569009079940771,
            0.23594289924767975,
            0.11558542987437141,
            0.0963115532484246,
            -0.028006532820414223,
            -0.09745000606766552,
            1.4383947463104667
        ]
    ]
}