{
    "HF": -2.08885694370002,
    "coordinates": [
        [
            0.7407,
            0.124697,
            -0.024207
        ],
        [
            1.39714,
            -0.040292,
            -0.0526
        ],
        [
            2.044278,
            -0.150823,
            -0.039326
        ],
        [
            2.834173,
            0.163401,
            -0.053211
        ]
    ],
    "elements": [
        "H",
        "H",
        "H",
        "H"
    ],
    "Enn": 3.2238636942279575,
    "S": [
        [
            0.9999999999999999,
            0.6848602514927513,
            0.0,
            0.0,
            0.0,
            0.6215168900481296,
            0.5833247476179141,
            0.02296971676248447,
            -0.5310548681564227,
            0.13347482122091892,
            0.18885200113618023,
            0.36832428891364816,
            0.002749424001510145,
            -0.23705857801710387,
            0.050103928890540085,
            0.02128621345518833,
            0.14838646606267802,
            0.0003702982969261851,
            -0.026727675029683883,
            -0.0004941396112340047
        ],
        [
            0.6848602514927513,
            1.0000000000000002,
            0.0,
            0.0,
            0.0,
            0.5833247476179141,
            0.9048614932377587,
            0.006510375134600405,
            -0.15051846065428426,
            0.03783116553666701,
            0.3683242889136482,
            0.6792566378521324,
            0.0021213686303019866,
            -0.1829069036544617,
            0.038658607382816616,
            0.14838646606267802,
            0.3847354211885372,
            0.0015372967524846278,
            -0.11096018632996311,
            -0.002051425096819915
        ],
        [
            0.0,
            0.0,
            1.0000000000000004,
            0.0,
            0.0,
            -0.02296971676248447,
            -0.006510375134600399,
            0.5499993338674785,
            0.02666923315069135,
            -0.006703019481292144,
            -0.002749424001510145,
            -0.0021213686303019896,
            0.09973082201329056,
            0.005105983865243661,
            -0.001079184118289764,
            -0.00037029829692618527,
            -0.0015372967524846278,
            0.0033653098490352283,
            0.0005316575530508453,
            9.829252124713285e-06
        ],
        [
            0.0,
            0.0,
            0.0,
            1.0000000000000004,
            0.0,
            0.5310548681564224,
            0.15051846065428404,
            0.026669233150691366,
            -0.06543402618704772,
            0.15497235615466545,
            0.23705857801710387,
            0.18290690365446166,
            0.005105983865243661,
            -0.34045390541095577,
            0.09304852665863708,
            0.0267276750296839,
            0.11096018632996311,
            0.0005316575530508456,
            -0.035001711720982744,
            -0.000709463313104396
        ],
        [
            0.0,
            0.0,
            0.0,
            0.0,
            1.0000000000000004,
            -0.13347482122091892,
            -0.03783116553666697,
            -0.006703019481292149,
            0.15497235615466545,
            0.5122022548766271,
            -0.05010392889054008,
            -0.038658607382816575,
            -0.001079184118289764,
            0.09304852665863708,
            0.08012360810286169,
            0.0004941396112340051,
            0.0020514250968199205,
            9.829252124713309e-06,
            -0.0007094633131043971,
            0.003359559179023384
        ],
        [
            0.6215168900481296,
            0.5833247476179141,
            -0.02296971676248448,
            0.5310548681564227,
            -0.13347482122091892,
            0.9999999999999999,
            0.6848602514927513,
            0.0,
            0.0,
            0.0,
            0.6385196434211414,
            0.5890126425454116,
            -0.01110950862632973,
            -0.5416140721279017,
            0.09250754090529242,
            0.14194161079219197,
            0.32814405145149084,
            7.828472966044336e-05,
            -0.184120687263726,
            -0.02609828386043337
        ],
        [
            0.5833247476179141,
            0.9048614932377587,
            -0.0065103751346004,
            0.15051846065428406,
            -0.037831165536666995,
            0.6848602514927513,
            1.0000000000000002,
            0.0,
            0.0,
            0.0,
            0.5890126425454116,
            0.9103498799040589,
            -0.0030753477965167596,
            -0.1499302713833254,
            0.025608050873647308,
            0.32814405145149084,
            0.6319902423805649,
            7.576864708822497e-05,
            -0.17820302165488575,
            -0.025259481229692442
        ],
        [
            0.02296971676248447,
            0.006510375134600404,
            0.5499993338674785,
            0.026669233150691366,
            -0.006703019481292149,
            0.0,
            0.0,
            1.0000000000000004,
            0.0,
            0.0,
            0.01110950862632973,
            0.003075347796516759,
            0.5711144058911514,
            -0.012742442587098432,
            0.002176405838622639,
            -7.828472966044332e-05,
            -7.576864708822497e-05,
            0.06492761124021382,
            0.00014800280365915227,
            2.0978735412300004e-05
        ],
        [
            -0.5310548681564223,
            -0.15051846065428384,
            0.02666923315069135,
            -0.06543402618704772,
            0.15497235615466545,
            0.0,
            0.0,
            0.0,
            1.0000000000000004,
            0.0,
            0.5416140721279017,
            0.14993027138332538,
            -0.012742442587098432,
            -0.04984757773867962,
            0.10610478541468861,
            0.18412068726372588,
            0.17820302165488555,
            0.00014800280365915233,
            -0.2831654730505756,
            -0.04934064662151191
        ],
        [
            0.13347482122091892,
            0.03783116553666697,
            -0.006703019481292144,
            0.15497235615466545,
            0.5122022548766271,
            0.0,
            0.0,
            0.0,
            0.0,
            1.0000000000000004,
            -0.09250754090529241,
            -0.025608050873647294,
            0.002176405838622639,
            0.10610478541468861,
            0.5532531075996435,
            0.02609828386043335,
            0.025259481229692446,
            2.09787354123e-05,
            -0.04934064662151188,
            0.05793385820701096
        ],
        [
            0.18885200113618023,
            0.36832428891364816,
            -0.002749424001510145,
            0.23705857801710387,
            -0.050103928890540085,
            0.6385196434211414,
            0.5890126425454116,
            0.01110950862632973,
            0.5416140721279017,
            -0.0925075409052924,
            0.9999999999999999,
            0.6848602514927513,
            0.0,
            0.0,
            0.0,
            0.4838278661448058,
            0.5319277484735947,
            0.008184286769191178,
            -0.4655907236262349,
            -0.18521421143408934
        ],
        [
            0.3683242889136482,
            0.6792566378521324,
            -0.0021213686303019866,
            0.1829069036544617,
            -0.038658607382816616,
            0.5890126425454116,
            0.9103498799040589,
            0.0030753477965167596,
            0.1499302713833254,
            -0.025608050873647297,
            0.6848602514927513,
            1.0000000000000002,
            0.0,
            0.0,
            0.0,
            0.5319277484735947,
            0.8543067436493549,
            0.002885226255290658,
            -0.16413581511867614,
            -0.06529401043157751
        ],
        [
            0.002749424001510145,
            0.002121368630301986,
            0.09973082201329056,
            0.005105983865243661,
            -0.001079184118289764,
            -0.01110950862632973,
            -0.003075347796516759,
            0.5711144058911514,
            -0.012742442587098432,
            0.002176405838622639,
            0.0,
            0.0,
            1.0000000000000004,
            0.0,
            0.0,
            -0.008184286769191178,
            -0.0028852262552906565,
            0.39108241682677913,
            0.011141229306717744,
            0.004432034178813735
        ],
        [
            -0.23705857801710387,
            -0.18290690365446166,
            0.005105983865243661,
            -0.34045390541095577,
            0.09304852665863708,
            -0.5416140721279017,
            -0.14993027138332538,
            -0.012742442587098432,
            -0.04984757773867962,
            0.10610478541468858,
            0.0,
            0.0,
            0.0,
            1.0000000000000004,
            0.0,
            0.4655907236262346,
            0.16413581511867573,
            0.011141229306717737,
            -0.24252810051481952,
            -0.2521311946470345
        ],
        [
            0.05010392889054008,
            0.038658607382816575,
            -0.001079184118289764,
            0.09304852665863708,
            0.08012360810286169,
            0.09250754090529242,
            0.025608050873647304,
            0.0021764058386226394,
            0.10610478541468861,
            0.5532531075996435,
            0.0,
            0.0,
            0.0,
            0.0,
            1.0000000000000004,
            0.18521421143408928,
            0.06529401043157744,
            0.004432034178813733,
            -0.25213119464703454,
            0.29097926825912646
        ],
        [
            0.02128621345518833,
            0.14838646606267802,
            -0.0003702982969261849,
            0.026727675029683883,
            0.0004941396112340047,
            0.14194161079219197,
            0.32814405145149084,
            -7.828472966044336e-05,
            0.18412068726372607,
            0.02609828386043337,
            0.4838278661448058,
            0.5319277484735947,
            -0.008184286769191178,
            0.4655907236262346,
            0.18521421143408934,
            0.9999999999999999,
            0.6848602514927513,
            0.0,
            0.0,
            0.0
        ],
        [
            0.14838646606267802,
            0.3847354211885372,
            -0.0015372967524846278,
            0.11096018632996311,
            0.0020514250968199205,
            0.32814405145149084,
            0.6319902423805649,
            -7.576864708822497e-05,
            0.17820302165488575,
            0.02525948122969245,
            0.5319277484735947,
            0.8543067436493549,
            -0.002885226255290658,
            0.16413581511867648,
            0.06529401043157751,
            0.6848602514927513,
            1.0000000000000002,
            0.0,
            0.0,
            0.0
        ],
        [
            0.0003702982969261855,
            0.0015372967524846278,
            0.0033653098490352283,
            0.0005316575530508455,
            9.829252124713307e-06,
            7.828472966044332e-05,
            7.576864708822497e-05,
            0.06492761124021382,
            0.00014800280365915233,
            2.0978735412300004e-05,
            0.008184286769191178,
            0.0028852262552906565,
            0.39108241682677913,
            0.011141229306717737,
            0.004432034178813735,
            0.0,
            0.0,
            1.0000000000000004,
            0.0,
            0.0
        ],
        [
            -0.02672767502968391,
            -0.11096018632996311,
            0.0005316575530508454,
            -0.035001711720982744,
            -0.0007094633131043971,
            -0.18412068726372588,
            -0.17820302165488575,
            0.00014800280365915227,
            -0.28316547305057554,
            -0.0493406466215119,
            -0.4655907236262349,
            -0.16413581511867606,
            0.011141229306717744,
            -0.24252810051481952,
            -0.25213119464703465,
            0.0,
            0.0,
            0.0,
            1.0000000000000004,
            0.0
        ],
        [
            -0.0004941396112340051,
            -0.0020514250968199257,
            9.829252124713289e-06,
            -0.000709463313104396,
            0.003359559179023384,
            -0.02609828386043335,
            -0.025259481229692442,
            2.09787354123e-05,
            -0.0493406466215119,
            0.05793385820701096,
            -0.18521421143408928,
            -0.06529401043157744,
            0.004432034178813733,
            -0.2521311946470344,
            0.29097926825912646,
            0.0,
            0.0,
            0.0,
            0.0,
            1.0000000000000004
        ]
    ],
    "h": [
        [
            -0.3421026577192523,
            -0.49773538604190093,
            0.013731014388897615,
            -0.33642705474961787,
            0.08718772862194193,
            -0.65467034498434,
            -0.4952513899660125,
            -0.0028968571873606713,
            -0.012215366311974063,
            0.008350976614485833,
            -0.35748394283467394,
            -0.3716387988760265,
            0.0016316751343944513,
            0.3878888344218534,
            -0.06023913205597503,
            -0.030375494449429732,
            -0.1688178364399305,
            -0.0009137279240953347,
            0.09712106992767343,
            0.010642754249889069
        ],
        [
            -0.49773538604190093,
            -0.32562510550530277,
            0.010497951050803318,
            -0.2727971870531073,
            0.0695166889832741,
            -0.5957717526459012,
            -0.37976803450123997,
            -0.012410978577894582,
            0.08667880830160335,
            -0.03133963320679431,
            -0.4104166865594896,
            -0.3411955502565227,
            0.003812734866219177,
            0.23451840694663292,
            -0.06090288275902325,
            -0.15828091722077586,
            -0.21824983043555607,
            -0.0014859855303018367,
            0.12602723908273677,
            0.03472050734185347
        ],
        [
            0.013731014388897615,
            0.010497951050803318,
            1.4517216480896784,
            0.012791281912951993,
            -0.003232832511592456,
            0.001989880388384435,
            0.009782999000269238,
            0.5102825553801384,
            0.04032320409586562,
            -0.010105806014791377,
            0.008742521408349992,
            0.008371168892975907,
            -0.04255556541782837,
            -0.009406085195133584,
            0.0015884598133782922,
            0.0014783390873116427,
            0.004194221062323542,
            -0.00939047082710446,
            -0.0026158709189975787,
            -0.0002920275692022985
        ],
        [
            -0.33642705474961787,
            -0.2727971870531073,
            0.012791281912951993,
            1.1237198755343896,
            0.08179124337688344,
            -0.11146307616119389,
            -0.27497908959856293,
            0.035645874688806624,
            -0.4646890562178004,
            0.23752185588082747,
            -0.31750843045974886,
            -0.2371570715831779,
            0.006036674466915361,
            0.0801776029674629,
            -0.02116623081359112,
            -0.1026674357091422,
            -0.15224248830770903,
            -0.0017729321475558942,
            0.13681177719158916,
            0.016835350504237255
        ],
        [
            0.08718772862194193,
            0.0695166889832741,
            -0.003232832511592456,
            0.08179124337688344,
            1.431715892783048,
            0.02678900117409605,
            0.06804215411531615,
            -0.008997842295448208,
            0.2394915964239201,
            0.45279863554664956,
            0.07167181479387247,
            0.057151507338617735,
            -0.001333099196853513,
            -0.039261955591699677,
            -0.03648516419402245,
            0.009787465090097503,
            0.030554561507636822,
            0.00010656337495279158,
            -0.010769480092723034,
            -0.011720612753903488
        ],
        [
            -0.65467034498434,
            -0.5957717526459012,
            0.001989880388384435,
            -0.11146307616119389,
            0.02678900117409605,
            -0.5930418285335017,
            -0.6611614552989495,
            -0.019143417111217635,
            0.014080715062100471,
            -0.027638136920841855,
            -0.6339723775236823,
            -0.5869406217720956,
            -0.00012092609083432307,
            0.08810355654138236,
            -0.04313077296406587,
            -0.2725732615323402,
            -0.37741401903887495,
            -0.002278560608839084,
            0.2569322435159704,
            0.0663613346676233
        ],
        [
            -0.4952513899660125,
            -0.37976803450123997,
            0.009782999000269238,
            -0.27497908959856293,
            0.06804215411531615,
            -0.6611614552989495,
            -0.4479709555364675,
            -0.013954751342191202,
            -0.022819047581590937,
            -0.020365604215921068,
            -0.5659548067299878,
            -0.4306037106267342,
            0.005390129624289423,
            0.1845279768511021,
            -0.09115784231764662,
            -0.31317581844177533,
            -0.3216941210120452,
            -0.0025596826866245287,
            0.17751580166490288,
            0.06236257376939354
        ],
        [
            -0.0028968571873606713,
            -0.012410978577894582,
            0.5102825553801384,
            0.035645874688806624,
            -0.008997842295448208,
            -0.019143417111217635,
            -0.013954751342191202,
            1.3538906053541526,
            0.00696514882304414,
            -0.002086301778148661,
            -0.0034258180397179726,
            -0.010287290418799208,
            0.5308902029111627,
            -0.013004567006057125,
            0.0021387550332248083,
            -0.002014718102780827,
            -0.005343590251400446,
            -0.04561289696616483,
            0.0036030432570275297,
            0.0009967841025500658
        ],
        [
            -0.012215366311974063,
            0.08667880830160335,
            0.04032320409586562,
            -0.4646890562178004,
            0.2394915964239201,
            0.014080715062100471,
            -0.022819047581590937,
            0.00696514882304414,
            0.6920706340926899,
            0.12018079420731688,
            -0.018831780069564097,
            -0.14021055079838846,
            -0.016778243168670604,
            -0.5981181434789353,
            0.13727522515987733,
            -0.32912556198435905,
            -0.20943478264419235,
            -0.0031474028239100796,
            0.12433535300760024,
            0.0734707402358641
        ],
        [
            0.008350976614485833,
            -0.03133963320679431,
            -0.010105806014791377,
            0.23752185588082747,
            0.45279863554664956,
            -0.027638136920841855,
            -0.020365604215921068,
            -0.002086301778148661,
            0.12018079420731688,
            1.3285948060953898,
            -0.02448421218797875,
            -0.002122768589238426,
            0.003210675531833145,
            0.18450358807320377,
            0.4997013860891566,
            0.009876886807749438,
            0.014556946403594374,
            0.00017666440150147122,
            -0.02437760527938823,
            -0.05192222948460509
        ],
        [
            -0.35748394283467394,
            -0.4104166865594896,
            0.008742521408349992,
            -0.31750843045974886,
            0.07167181479387247,
            -0.6339723775236823,
            -0.5659548067299878,
            -0.0034258180397179726,
            -0.018831780069564097,
            -0.02448421218797875,
            -0.4820085406864596,
            -0.6196683868445719,
            0.00921278492500087,
            0.09758373268875559,
            -0.1342968669389872,
            -0.5338684499873896,
            -0.5316647122817006,
            -0.0007545276689149283,
            0.10519530849147385,
            0.027749125575670497
        ],
        [
            -0.3716387988760265,
            -0.3411955502565227,
            0.008371168892975907,
            -0.2371570715831779,
            0.057151507338617735,
            -0.5869406217720956,
            -0.4306037106267342,
            -0.010287290418799208,
            -0.14021055079838846,
            -0.002122768589238426,
            -0.6196683868445719,
            -0.44380314188560743,
            0.006986106187357602,
            0.0782289818461959,
            -0.11224640872975336,
            -0.43146178092289145,
            -0.36720888419864095,
            -0.002789107901689847,
            0.20567377423046213,
            0.071410699944206
        ],
        [
            0.0016316751343944513,
            0.003812734866219177,
            -0.04255556541782837,
            0.006036674466915361,
            -0.001333099196853513,
            -0.00012092609083432307,
            0.005390129624289423,
            0.5308902029111627,
            -0.016778243168670604,
            0.003210675531833145,
            0.00921278492500087,
            0.006986106187357602,
            1.386249043542801,
            -0.0016789668837333747,
            0.0022900602437627314,
            0.0023032378860262086,
            0.005525883049164489,
            0.285226813700451,
            0.012700498670888006,
            0.005369867476641376
        ],
        [
            0.3878888344218534,
            0.23451840694663292,
            -0.009406085195133584,
            0.0801776029674629,
            -0.039261955591699677,
            0.08810355654138236,
            0.1845279768511021,
            -0.013004567006057125,
            -0.5981181434789353,
            0.18450358807320377,
            0.09758373268875559,
            0.0782289818461959,
            -0.0016789668837333747,
            0.7956938848994595,
            -0.016447909693193135,
            -0.04268664519881782,
            -0.061914845883872416,
            0.014894801322009557,
            -0.587578631269975,
            -0.3363648022804921
        ],
        [
            -0.06023913205597503,
            -0.06090288275902325,
            0.0015884598133782922,
            -0.02116623081359112,
            -0.03648516419402245,
            -0.04313077296406587,
            -0.09115784231764662,
            0.0021387550332248083,
            0.13727522515987733,
            0.4997013860891566,
            -0.1342968669389872,
            -0.11224640872975336,
            0.0022900602437627314,
            -0.016447909693193135,
            1.34652262860385,
            -0.02567965614594442,
            -0.08998951506204426,
            0.005757770004000153,
            -0.3080977241967239,
            0.1581285026840732
        ],
        [
            -0.030375494449429732,
            -0.15828091722077586,
            0.0014783390873116427,
            -0.1026674357091422,
            0.009787465090097503,
            -0.2725732615323402,
            -0.31317581844177533,
            -0.002014718102780827,
            -0.32912556198435905,
            0.009876886807749438,
            -0.5338684499873896,
            -0.43146178092289145,
            0.0023032378860262086,
            -0.04268664519881782,
            -0.02567965614594442,
            -0.2185144030886399,
            -0.4454562717429802,
            -0.003659150299252534,
            0.23207303533041299,
            0.0899248072300368
        ],
        [
            -0.1688178364399305,
            -0.21824983043555607,
            0.004194221062323542,
            -0.15224248830770903,
            0.030554561507636822,
            -0.37741401903887495,
            -0.3216941210120452,
            -0.005343590251400446,
            -0.20943478264419235,
            0.014556946403594374,
            -0.5316647122817006,
            -0.36720888419864095,
            0.005525883049164489,
            -0.061914845883872416,
            -0.08998951506204426,
            -0.4454562717429802,
            -0.3084129675870926,
            -0.003195149057403077,
            0.2130585334574171,
            0.07969562632756694
        ],
        [
            -0.0009137279240953347,
            -0.0014859855303018367,
            -0.00939047082710446,
            -0.0017729321475558942,
            0.00010656337495279158,
            -0.002278560608839084,
            -0.0025596826866245287,
            -0.04561289696616483,
            -0.0031474028239100796,
            0.00017666440150147122,
            -0.0007545276689149283,
            -0.002789107901689847,
            0.285226813700451,
            0.014894801322009557,
            0.005757770004000153,
            -0.003659150299252534,
            -0.003195149057403077,
            1.5024616325421987,
            0.003283480917191481,
            0.0013225545171593313
        ],
        [
            0.09712106992767343,
            0.12602723908273677,
            -0.0026158709189975787,
            0.13681177719158916,
            -0.010769480092723034,
            0.2569322435159704,
            0.17751580166490288,
            0.0036030432570275297,
            0.12433535300760024,
            -0.02437760527938823,
            0.10519530849147385,
            0.20567377423046213,
            0.012700498670888006,
            -0.587578631269975,
            -0.3080977241967239,
            0.23207303533041299,
            0.2130585334574171,
            0.003283480917191481,
            1.288032517903199,
            -0.07928892596587755
        ],
        [
            0.010642754249889069,
            0.03472050734185347,
            -0.0002920275692022985,
            0.016835350504237255,
            -0.011720612753903488,
            0.0663613346676233,
            0.06236257376939354,
            0.0009967841025500658,
            0.0734707402358641,
            -0.05192222948460509,
            0.027749125575670497,
            0.071410699944206,
            0.005369867476641376,
            -0.3363648022804921,
            0.1581285026840732,
            0.0899248072300368,
            0.07969562632756694,
            0.0013225545171593313,
            -0.07928892596587755,
            1.4715549678955786
        ]
    ]
}