{
    "HF": -2.1124190373297895,
    "coordinates": [
        [
            0.753717,
            0.192924,
            0.194641
        ],
        [
            1.554401,
            -0.040737,
            -0.055137
        ],
        [
            2.259578,
            0.072852,
            -0.042948
        ],
        [
            2.901698,
            0.142371,
            0.025532
        ]
    ],
    "elements": [
        "H",
        "H",
        "H",
        "H"
    ],
    "Enn": 3.143377660456475,
    "S": [
        [
            0.9999999999999999,
            0.6848602514927513,
            0.0,
            0.0,
            0.0,
            0.46824503691682595,
            0.5254222061018039,
            0.14125026392884446,
            -0.45278938226586374,
            0.13213604849057056,
            0.11644012235494988,
            0.3026472580113467,
            0.023906392319573446,
            -0.1515209199278804,
            0.012081739216023566,
            0.01722548721358605,
            0.13555574545250368,
            0.0016679670882008345,
            -0.021186108451239825,
            0.0004986176975194504
        ],
        [
            0.6848602514927513,
            1.0000000000000002,
            0.0,
            0.0,
            0.0,
            0.5254222061018039,
            0.8477778703548565,
            0.05122502691881249,
            -0.16420605278872608,
            0.04791971676799654,
            0.3026472580113467,
            0.6008539566703215,
            0.027020766315120962,
            -0.1712601096180984,
            0.013655671992344794,
            0.13555574545250368,
            0.36355012380859236,
            0.008134673723339687,
            -0.10332462848773802,
            0.002431757982934029
        ],
        [
            0.0,
            0.0,
            1.0000000000000004,
            0.0,
            0.0,
            -0.14125026392884443,
            -0.051225026918812484,
            0.31324931827138996,
            0.19407928953251616,
            -0.056637526004587664,
            -0.02390639231957344,
            -0.02702076631512097,
            0.041007062226355626,
            0.04462967865939465,
            -0.0035586118346851645,
            -0.001667967088200835,
            -0.008134673723339682,
            0.0022278791948364836,
            0.0022694715512717673,
            -5.341229523512624e-05
        ],
        [
            0.0,
            0.0,
            0.0,
            1.0000000000000004,
            0.0,
            0.4527893822658635,
            0.16420605278872608,
            0.19407928953251616,
            -0.24834371126641128,
            0.18155626544954825,
            0.1515209199278804,
            0.17126010961809837,
            0.044629678659394635,
            -0.23481845795625628,
            0.022554810096388447,
            0.021186108451239843,
            0.10332462848773807,
            0.002269471551271768,
            -0.02641971740702877,
            0.0006784298608083645
        ],
        [
            0.0,
            0.0,
            0.0,
            0.0,
            1.0000000000000004,
            -0.13213604849057053,
            -0.04791971676799653,
            -0.056637526004587664,
            0.18155626544954825,
            0.32081050125949245,
            -0.012081739216023563,
            -0.013655671992344793,
            -0.003558611834685162,
            0.02255481009638844,
            0.04625012222001597,
            -0.0004986176975194509,
            -0.002431757982934028,
            -5.341229523512626e-05,
            0.0006784298608083645,
            0.0023905861274446266
        ],
        [
            0.46824503691682595,
            0.5254222061018039,
            -0.14125026392884446,
            0.45278938226586357,
            -0.13213604849057056,
            0.9999999999999999,
            0.6848602514927513,
            0.0,
            0.0,
            0.0,
            0.5914511028197087,
            0.5729414046818337,
            -0.009263196367629217,
            -0.535908854289578,
            -0.08632350580052792,
            0.17623520427172246,
            0.35821130214095664,
            -0.013474104703771915,
            -0.2250383771346835,
            -0.030584442153717882
        ],
        [
            0.5254222061018039,
            0.8477778703548565,
            -0.05122502691881249,
            0.16420605278872608,
            -0.047919716767996536,
            0.6848602514927513,
            1.0000000000000002,
            0.0,
            0.0,
            0.0,
            0.5729414046818337,
            0.8947895203179662,
            -0.00274181072939141,
            -0.158623501905,
            -0.025550868729251074,
            0.35821130214095664,
            0.6675524862021627,
            -0.010986825074899809,
            -0.1834969624383258,
            -0.024938645152595845
        ],
        [
            0.14125026392884443,
            0.051225026918812464,
            0.31324931827138996,
            0.19407928953251616,
            -0.056637526004587664,
            0.0,
            0.0,
            1.0000000000000004,
            0.0,
            0.0,
            0.009263196367629217,
            0.002741810729391409,
            0.515390536014993,
            -0.01150541656210652,
            -0.0018532776336623535,
            0.013474104703771911,
            0.010986825074899802,
            0.0884516319363327,
            -0.025386795686602667,
            -0.003450260324622144
        ],
        [
            -0.45278938226586374,
            -0.16420605278872608,
            0.19407928953251616,
            -0.24834371126641128,
            0.18155626544954825,
            0.0,
            0.0,
            0.0,
            1.0000000000000004,
            0.0,
            0.535908854289578,
            0.15862350190500032,
            -0.01150541656210652,
            -0.150039859569317,
            -0.10721870226213119,
            0.2250383771346835,
            0.18349696243832553,
            -0.025386795686602685,
            -0.33402707281774535,
            -0.05762468091314436
        ],
        [
            0.13213604849057053,
            0.047919716767996536,
            -0.056637526004587664,
            0.18155626544954825,
            0.32081050125949245,
            0.0,
            0.0,
            0.0,
            0.0,
            1.0000000000000004,
            0.08632350580052792,
            0.025550868729251063,
            -0.0018532776336623539,
            -0.10721870226213122,
            0.4983187573710813,
            0.03058444215371787,
            0.024938645152595838,
            -0.0034502603246221466,
            -0.05762468091314436,
            0.0821400223570035
        ],
        [
            0.11644012235494988,
            0.3026472580113467,
            -0.023906392319573446,
            0.1515209199278804,
            -0.01208173921602357,
            0.5914511028197087,
            0.5729414046818337,
            0.009263196367629217,
            0.535908854289578,
            0.08632350580052792,
            0.9999999999999999,
            0.6848602514927513,
            0.0,
            0.0,
            0.0,
            0.644366379162153,
            0.5909389300864699,
            -0.057973844878129226,
            -0.543606385413907,
            -0.058853442203309944
        ],
        [
            0.3026472580113467,
            0.6008539566703215,
            -0.027020766315120973,
            0.1712601096180984,
            -0.013655671992344794,
            0.5729414046818337,
            0.8947895203179662,
            0.00274181072939141,
            0.15862350190500035,
            0.025550868729251074,
            0.6848602514927513,
            1.0000000000000002,
            0.0,
            0.0,
            0.0,
            0.5909389300864699,
            0.9122040223261669,
            -0.01592096938467517,
            -0.1492869868762794,
            -0.01616252731678201
        ],
        [
            0.02390639231957344,
            0.02702076631512097,
            0.041007062226355626,
            0.04462967865939465,
            -0.0035586118346851636,
            -0.009263196367629217,
            -0.002741810729391409,
            0.515390536014993,
            -0.01150541656210652,
            -0.0018532776336623535,
            0.0,
            0.0,
            1.0000000000000004,
            0.0,
            0.0,
            0.05797384487812921,
            0.01592096938467516,
            0.5713044409280376,
            -0.066023655426325,
            -0.007148038531088713
        ],
        [
            -0.1515209199278804,
            -0.17126010961809837,
            0.044629678659394635,
            -0.23481845795625628,
            0.02255481009638844,
            -0.535908854289578,
            -0.15862350190499996,
            -0.01150541656210652,
            -0.150039859569317,
            -0.10721870226213119,
            0.0,
            0.0,
            0.0,
            1.0000000000000004,
            0.0,
            0.543606385413907,
            0.14928698687627934,
            -0.0660236554263249,
            -0.04074181721964025,
            -0.06702538699741065
        ],
        [
            0.012081739216023566,
            0.013655671992344782,
            -0.0035586118346851627,
            0.022554810096388447,
            0.04625012222001597,
            -0.08632350580052792,
            -0.025550868729251056,
            -0.0018532776336623539,
            -0.10721870226213122,
            0.4983187573710813,
            0.0,
            0.0,
            0.0,
            0.0,
            1.0000000000000004,
            0.058853442203309944,
            0.016162527316782027,
            -0.007148038531088715,
            -0.06702538699741077,
            0.5710891572504099
        ],
        [
            0.01722548721358605,
            0.13555574545250368,
            -0.0016679670882008345,
            0.021186108451239825,
            -0.0004986176975194504,
            0.17623520427172246,
            0.35821130214095664,
            0.013474104703771915,
            0.2250383771346835,
            0.030584442153717882,
            0.644366379162153,
            0.5909389300864699,
            0.057973844878129226,
            0.543606385413907,
            0.058853442203309965,
            0.9999999999999999,
            0.6848602514927513,
            0.0,
            0.0,
            0.0
        ],
        [
            0.13555574545250368,
            0.36355012380859236,
            -0.008134673723339684,
            0.1033246284877381,
            -0.002431757982934029,
            0.35821130214095664,
            0.6675524862021627,
            0.010986825074899806,
            0.18349696243832558,
            0.02493864515259585,
            0.5909389300864699,
            0.9122040223261669,
            0.015920969384675167,
            0.1492869868762794,
            0.016162527316782034,
            0.6848602514927513,
            1.0000000000000002,
            0.0,
            0.0,
            0.0
        ],
        [
            0.001667967088200835,
            0.008134673723339685,
            0.0022278791948364836,
            0.0022694715512717673,
            -5.341229523512624e-05,
            -0.013474104703771911,
            -0.010986825074899804,
            0.0884516319363327,
            -0.025386795686602667,
            -0.003450260324622144,
            -0.05797384487812921,
            -0.01592096938467516,
            0.5713044409280376,
            -0.0660236554263249,
            -0.007148038531088715,
            0.0,
            0.0,
            1.0000000000000004,
            0.0,
            0.0
        ],
        [
            -0.021186108451239843,
            -0.10332462848773814,
            0.002269471551271768,
            -0.02641971740702877,
            0.0006784298608083645,
            -0.2250383771346835,
            -0.18349696243832575,
            -0.025386795686602685,
            -0.33402707281774535,
            -0.05762468091314436,
            -0.543606385413907,
            -0.14928698687627934,
            -0.066023655426325,
            -0.04074181721964006,
            -0.06702538699741077,
            0.0,
            0.0,
            0.0,
            1.0000000000000004,
            0.0
        ],
        [
            0.0004986176975194509,
            0.002431757982934028,
            -5.341229523512626e-05,
            0.0006784298608083645,
            0.0023905861274446266,
            -0.03058444215371787,
            -0.02493864515259584,
            -0.0034502603246221466,
            -0.05762468091314436,
            0.0821400223570035,
            -0.058853442203309944,
            -0.016162527316782003,
            -0.007148038531088713,
            -0.06702538699741065,
            0.5710891572504099,
            0.0,
            0.0,
            0.0,
            0.0,
            1.0000000000000004
        ]
    ],
    "h": [
        [
            -0.2045178652307691,
            -0.4391109438134335,
            0.06708199580700114,
            -0.21816897693555382,
            0.0617702138146893,
            -0.5165762851443492,
            -0.42457703831613935,
            -0.017713675175836607,
            0.049957353169781005,
            -0.01970032270401867,
            -0.23361647051997345,
            -0.29427719360828597,
            -0.01775231342626546,
            0.3028506250103713,
            0.013224609908318603,
            -0.022704350253815085,
            -0.14816449016374075,
            -0.0009178763834790798,
            0.08822333463261349,
            0.004679572002530094
        ],
        [
            -0.4391109438134335,
            -0.30418557628437015,
            0.06062964613680935,
            -0.20128193137093497,
            0.05528667452185694,
            -0.5134704220828409,
            -0.36237136210404186,
            -0.05451958831723776,
            0.06813237609233375,
            -0.0659291059474692,
            -0.34486665396228927,
            -0.30913951994185007,
            -0.008405651225993155,
            0.19213103235028842,
            0.020777802413388752,
            -0.15925295738336553,
            -0.2097956251546409,
            0.009075166052024998,
            0.14469466190981833,
            0.01437864447353986
        ],
        [
            0.06708199580700114,
            0.06062964613680935,
            1.4909290304962675,
            0.05830789732553816,
            -0.01653087714948989,
            0.022228917144942628,
            0.054470418195976034,
            0.18776267340047997,
            0.25519293135313914,
            -0.07026061895967933,
            0.05066158085926554,
            0.04596623985190593,
            -0.04202638517130816,
            -0.05771756160339031,
            -0.004437448588285233,
            0.010916694582657262,
            0.02710033716465288,
            -0.0072200228497371,
            -0.016878569598087794,
            -0.0009193590625204942
        ],
        [
            -0.21816897693555382,
            -0.20128193137093497,
            0.05830789732553816,
            1.313979369811479,
            0.0532546220563765,
            -0.09084786740150474,
            -0.1896571661321621,
            0.24289090083839832,
            -0.5698278786335503,
            0.2193747435705397,
            -0.22585929383508255,
            -0.15924580006564704,
            -0.008965218202649686,
            0.1616256798880153,
            0.016698684688384015,
            -0.08072899633020163,
            -0.11272163827318515,
            -0.002574621559756701,
            0.11444217685205228,
            0.003799689246860831
        ],
        [
            0.0617702138146893,
            0.05528667452185694,
            -0.01653087714948989,
            0.0532546220563765,
            1.4934250192483143,
            0.017727589538614058,
            0.04855839052002581,
            -0.07219754183792858,
            0.23704971968486654,
            0.19785972195054308,
            0.038995933997607944,
            0.041305239646855396,
            0.002168214040227933,
            -0.05064274000827595,
            -0.04827868639900326,
            0.006155092163025053,
            0.022525750622834306,
            -0.00012569661580071712,
            -0.010541663375019708,
            -0.007987410368646208
        ],
        [
            -0.5165762851443492,
            -0.5134704220828409,
            0.022228917144942628,
            -0.09084786740150474,
            0.017727589538614058,
            -0.4283074430030229,
            -0.5964860220350172,
            -0.0662133225178844,
            -0.07216582489251842,
            -0.09976773339473029,
            -0.5836641610235473,
            -0.5342752211757185,
            -0.015702780508919753,
            0.01575671378468413,
            -0.007642925366529829,
            -0.3381675145306487,
            -0.3885106685736223,
            0.024166652095194918,
            0.30356418917132433,
            0.03608741900996612
        ],
        [
            -0.42457703831613935,
            -0.36237136210404186,
            0.054470418195976034,
            -0.1896571661321621,
            0.04855839052002581,
            -0.5964860220350172,
            -0.4383898130057369,
            -0.05731366160658674,
            -0.06641083720646251,
            -0.08530933855299744,
            -0.5613987972991689,
            -0.42162847521741265,
            -0.01690002594193329,
            0.11838936003031031,
            0.01657470575515768,
            -0.3693092689967224,
            -0.33591134963584324,
            0.02247447476730904,
            0.235389975398539,
            0.0271119133355944
        ],
        [
            -0.017713675175836607,
            -0.05451958831723776,
            0.18776267340047997,
            0.24289090083839832,
            -0.07219754183792858,
            -0.0662133225178844,
            -0.05731366160658674,
            1.3867666846530748,
            0.052501709920169025,
            -0.016985102606560148,
            -0.016767123475662105,
            -0.035937683746165044,
            0.44741638930138505,
            0.00562622667722185,
            -0.002307351081284068,
            -0.0069098085151360344,
            -0.016305869729408784,
            -0.04462162527930949,
            0.0015665651339636447,
            -0.00013883155826766285
        ],
        [
            0.049957353169781005,
            0.06813237609233375,
            0.25519293135313914,
            -0.5698278786335503,
            0.23704971968486654,
            -0.07216582489251842,
            -0.06641083720646251,
            0.052501709920169025,
            0.8605211131308261,
            0.0030755000420055155,
            -0.10028367372018554,
            -0.17670178674354375,
            -0.022434876539539284,
            -0.6917821293677352,
            -0.164603175199094,
            -0.3796893771397238,
            -0.2233630891186485,
            0.021972587009005937,
            0.10465290568381003,
            0.015599027991238246
        ],
        [
            -0.01970032270401867,
            -0.0659291059474692,
            -0.07026061895967933,
            0.2193747435705397,
            0.19785972195054308,
            -0.09976773339473029,
            -0.08530933855299744,
            -0.016985102606560148,
            0.0030755000420055155,
            1.381690997606444,
            -0.02802885969476765,
            -0.06826477336742764,
            -0.005723581827008675,
            -0.14325090607660626,
            0.42438370726083385,
            -0.04761862388592748,
            -0.04786855520698129,
            0.0032184078554674507,
            0.028612634178995608,
            -0.04189531850199171
        ],
        [
            -0.23361647051997345,
            -0.34486665396228927,
            0.05066158085926554,
            -0.22585929383508255,
            0.038995933997607944,
            -0.5836641610235473,
            -0.5613987972991689,
            -0.016767123475662105,
            -0.10028367372018554,
            -0.02802885969476765,
            -0.5727127513316659,
            -0.6498607985050368,
            -0.029648500386666492,
            -0.07248346085402596,
            0.00681852168124253,
            -0.6680690873442353,
            -0.594675924976883,
            0.008039560231270837,
            0.09577913016799244,
            0.014325503127749703
        ],
        [
            -0.29427719360828597,
            -0.30913951994185007,
            0.04596623985190593,
            -0.15924580006564704,
            0.041305239646855396,
            -0.5342752211757185,
            -0.42162847521741265,
            -0.035937683746165044,
            -0.17670178674354375,
            -0.06826477336742764,
            -0.6498607985050368,
            -0.4419298057324881,
            -0.023050006888207887,
            -0.007234745108485027,
            0.0076626591570166085,
            -0.5054732133564804,
            -0.37818942875401507,
            0.028050476917080295,
            0.28044172106845205,
            0.03326812158963774
        ],
        [
            -0.01775231342626546,
            -0.008405651225993155,
            -0.04202638517130816,
            -0.008965218202649686,
            0.002168214040227933,
            -0.015702780508919753,
            -0.01690002594193329,
            0.44741638930138505,
            -0.022434876539539284,
            -0.005723581827008675,
            -0.029648500386666492,
            -0.023050006888207887,
            1.3600856331966644,
            -0.032484692767839426,
            -0.0040820271171983745,
            0.002711674054393612,
            -0.021186737513074975,
            0.5465184863850693,
            -0.09772748279754181,
            -0.0104689245417424
        ],
        [
            0.3028506250103713,
            0.19213103235028842,
            -0.05771756160339031,
            0.1616256798880153,
            -0.05064274000827595,
            0.01575671378468413,
            0.11838936003031031,
            0.00562622667722185,
            -0.6917821293677352,
            -0.14325090607660626,
            -0.07248346085402596,
            -0.007234745108485027,
            -0.032484692767839426,
            0.7200894896623291,
            -0.0763853117680025,
            0.01915424507333152,
            -0.10239428832225433,
            -0.10115597341469532,
            -0.43342886113130086,
            -0.10668206857264348
        ],
        [
            0.013224609908318603,
            0.020777802413388752,
            -0.004437448588285233,
            0.016698684688384015,
            -0.04827868639900326,
            -0.007642925366529829,
            0.01657470575515768,
            -0.002307351081284068,
            -0.164603175199094,
            0.42438370726083385,
            0.00681852168124253,
            0.0076626591570166085,
            -0.0040820271171983745,
            -0.0763853117680025,
            1.3534561569259789,
            0.01065869938351062,
            -0.00291838001934119,
            -0.011545823069581967,
            -0.11310645342972683,
            0.5446530472400927
        ],
        [
            -0.022704350253815085,
            -0.15925295738336553,
            0.010916694582657262,
            -0.08072899633020163,
            0.006155092163025053,
            -0.3381675145306487,
            -0.3693092689967224,
            -0.0069098085151360344,
            -0.3796893771397238,
            -0.04761862388592748,
            -0.6680690873442353,
            -0.5054732133564804,
            0.002711674054393612,
            0.01915424507333152,
            0.01065869938351062,
            -0.3625031524194269,
            -0.5056239468116306,
            0.038985324306948024,
            0.35624641023298653,
            0.041665855933313956
        ],
        [
            -0.14816449016374075,
            -0.2097956251546409,
            0.02710033716465288,
            -0.11272163827318515,
            0.022525750622834306,
            -0.3885106685736223,
            -0.33591134963584324,
            -0.016305869729408784,
            -0.2233630891186485,
            -0.04786855520698129,
            -0.594675924976883,
            -0.37818942875401507,
            -0.021186737513074975,
            -0.10239428832225433,
            -0.00291838001934119,
            -0.5056239468116306,
            -0.32601737069598036,
            0.02964632087028453,
            0.2806183185310971,
            0.03320266805143243
        ],
        [
            -0.0009178763834790798,
            0.009075166052024998,
            -0.0072200228497371,
            -0.002574621559756701,
            -0.00012569661580071712,
            0.024166652095194918,
            0.02247447476730904,
            -0.04462162527930949,
            0.021972587009005937,
            0.0032184078554674507,
            0.008039560231270837,
            0.028050476917080295,
            0.5465184863850693,
            -0.10115597341469532,
            -0.011545823069581967,
            0.038985324306948024,
            0.02964632087028453,
            1.443256920598931,
            -0.0357608039348631,
            -0.004050105458146123
        ],
        [
            0.08822333463261349,
            0.14469466190981833,
            -0.016878569598087794,
            0.11444217685205228,
            -0.010541663375019708,
            0.30356418917132433,
            0.235389975398539,
            0.0015665651339636447,
            0.10465290568381003,
            0.028612634178995608,
            0.09577913016799244,
            0.28044172106845205,
            -0.09772748279754181,
            -0.43342886113130086,
            -0.11310645342972683,
            0.35624641023298653,
            0.2806183185310971,
            -0.0357608039348631,
            1.0999794658866164,
            -0.03947944121428399
        ],
        [
            0.004679572002530094,
            0.01437864447353986,
            -0.0009193590625204942,
            0.003799689246860831,
            -0.007987410368646208,
            0.03608741900996612,
            0.0271119133355944,
            -0.00013883155826766285,
            0.015599027991238246,
            -0.04189531850199171,
            0.014325503127749703,
            0.03326812158963774,
            -0.0104689245417424,
            -0.10668206857264348,
            0.5446530472400927,
            0.041665855933313956,
            0.03320266805143243,
            -0.004050105458146123,
            -0.03947944121428399,
            1.4424755092960972
        ]
    ]
}