{
    "HF": -2.1835364077969204,
    "coordinates": [
        [
            0.69233,
            -0.003511,
            0.107403
        ],
        [
            1.449091,
            -0.138423,
            -0.109662
        ],
        [
            2.268425,
            0.186017,
            -0.141702
        ],
        [
            3.085672,
            0.186559,
            -0.072846
        ]
    ],
    "elements": [
        "H",
        "H",
        "H",
        "H"
    ],
    "Enn": 2.774016414586169,
    "S": [
        [
            0.9999999999999999,
            0.6848602514927513,
            0.0,
            0.0,
            0.0,
            0.523844476894497,
            0.5479370938409168,
            0.14148889054889535,
            -0.49327747126746624,
            0.08793932325217131,
            0.09472092613371928,
            0.2780077761526994,
            0.019497552061060287,
            -0.1233616118330697,
            -0.014834435467086708,
            0.006789476028855892,
            0.09083844050662557,
            0.000568984438992788,
            -0.00755496205353637,
            -0.000599985976728632
        ],
        [
            0.6848602514927513,
            1.0000000000000002,
            0.0,
            0.0,
            0.0,
            0.5479370938409168,
            0.8702454882878777,
            0.04655565901817626,
            -0.16230855768665647,
            0.028935650931565214,
            0.2780077761526994,
            0.5698052406488966,
            0.025869685222128885,
            -0.1636782944146896,
            -0.01968258244828342,
            0.09083844050662557,
            0.2828823005145988,
            0.005642136424668649,
            -0.07491615529012262,
            -0.005949552398275551
        ],
        [
            0.0,
            0.0,
            1.0000000000000004,
            0.0,
            0.0,
            -0.1414888905488953,
            -0.04655565901817626,
            0.38340572379707355,
            0.18629666045914908,
            -0.03321214367001567,
            -0.01949755206106029,
            -0.025869685222128885,
            0.029381891757332114,
            0.03569988588402818,
            0.004292969631797632,
            -0.0005689844389927878,
            -0.005642136424668642,
            0.0004941285968738178,
            0.0006043932361761465,
            4.7998582066415984e-05
        ],
        [
            0.0,
            0.0,
            0.0,
            1.0000000000000004,
            0.0,
            0.4932774712674662,
            0.1623085576866564,
            0.18629666045914908,
            -0.2126503113399398,
            0.11578861196353499,
            0.12336161183306968,
            0.1636782944146895,
            0.03569988588402817,
            -0.19084994560943414,
            -0.027161750955733886,
            0.007554962053536369,
            0.07491615529012258,
            0.0006043932361761469,
            -0.007485472161931788,
            -0.0006373240483997151
        ],
        [
            0.0,
            0.0,
            0.0,
            0.0,
            1.0000000000000004,
            -0.08793932325217128,
            -0.02893565093156517,
            -0.03321214367001564,
            0.1157886119635349,
            0.41619971210426804,
            0.014834435467086708,
            0.019682582448283425,
            0.004292969631797632,
            -0.0271617509557339,
            0.03175808591948763,
            0.000599985976728632,
            0.005949552398275548,
            4.799858206641602e-05,
            -0.000637324048399715,
            0.0004890332509300204
        ],
        [
            0.523844476894497,
            0.5479370938409168,
            -0.14148889054889535,
            0.4932774712674664,
            -0.0879393232521713,
            0.9999999999999999,
            0.6848602514927513,
            0.0,
            0.0,
            0.0,
            0.45985343319848443,
            0.5218518359083822,
            0.017708708542803705,
            -0.45285103012514166,
            -0.17932001871495734,
            0.07981329847333724,
            0.25898817599863505,
            -0.002340457872201747,
            -0.10404033259848457,
            -0.020659677320291944
        ],
        [
            0.5479370938409168,
            0.8702454882878777,
            -0.04655565901817626,
            0.16230855768665647,
            -0.028935650931565204,
            0.6848602514927513,
            1.0000000000000002,
            0.0,
            0.0,
            0.0,
            0.5218518359083822,
            0.8441816298115815,
            0.006523170763256798,
            -0.16681197235150608,
            -0.0660542297887341,
            0.25898817599863505,
            0.5451195804874038,
            -0.0035440836840160478,
            -0.15754508962599614,
            -0.03128431670466387
        ],
        [
            0.1414888905488953,
            0.04655565901817626,
            0.38340572379707355,
            0.18629666045914914,
            -0.03321214367001567,
            0.0,
            0.0,
            1.0000000000000004,
            0.0,
            0.0,
            -0.01770870854280371,
            -0.006523170763256819,
            0.36347229465663966,
            0.02483796068674261,
            0.009835339391758144,
            0.002340457872201747,
            0.003544083684016046,
            0.0268052141167288,
            -0.004207813283209892,
            -0.0008355611952015311
        ],
        [
            -0.4932774712674662,
            -0.1623085576866564,
            0.18629666045914903,
            -0.21265031133993967,
            0.11578861196353496,
            0.0,
            0.0,
            0.0,
            1.0000000000000004,
            0.0,
            0.4528510301251414,
            0.16681197235150608,
            0.024837960686742596,
            -0.2707182688186585,
            -0.2515114845570153,
            0.10404033259848453,
            0.15754508962599606,
            -0.004207813283209893,
            -0.1601499780851299,
            -0.037143187103545125
        ],
        [
            0.08793932325217128,
            0.02893565093156516,
            -0.03321214367001564,
            0.11578861196353493,
            0.41619971210426804,
            0.0,
            0.0,
            0.0,
            0.0,
            1.0000000000000004,
            0.17932001871495729,
            0.06605422978873407,
            0.00983533939175814,
            -0.25151148455701533,
            0.2648500260954976,
            0.02065967732029194,
            0.03128431670466384,
            -0.0008355611952015311,
            -0.03714318710354511,
            0.019524210379394908
        ],
        [
            0.09472092613371928,
            0.2780077761526994,
            -0.019497552061060287,
            0.12336161183306968,
            0.014834435467086708,
            0.45985343319848443,
            0.5218518359083822,
            -0.01770870854280371,
            0.4528510301251414,
            0.17932001871495734,
            0.9999999999999999,
            0.6848602514927513,
            0.0,
            0.0,
            0.0,
            0.5070765751900655,
            0.5413464707758848,
            -0.04307108077885154,
            -0.5112076152154361,
            -0.0003390340098486352
        ],
        [
            0.2780077761526994,
            0.5698052406488966,
            -0.025869685222128885,
            0.1636782944146895,
            0.019682582448283414,
            0.5218518359083822,
            0.8441816298115815,
            -0.006523170763256819,
            0.1668119723515064,
            0.0660542297887341,
            0.6848602514927513,
            1.0000000000000002,
            0.0,
            0.0,
            0.0,
            0.5413464707758848,
            0.8637056778795179,
            -0.014578537841793963,
            -0.17303163581376493,
            -0.00011475495977476619
        ],
        [
            0.01949755206106029,
            0.025869685222128885,
            0.029381891757332114,
            0.03569988588402817,
            0.004292969631797632,
            0.017708708542803705,
            0.006523170763256798,
            0.36347229465663966,
            0.024837960686742596,
            0.009835339391758144,
            0.0,
            0.0,
            1.0000000000000004,
            0.0,
            0.0,
            0.04307108077885152,
            0.01457853784179396,
            0.4124998470835437,
            -0.061014053360322465,
            -4.04646537965855e-05
        ],
        [
            -0.1233616118330697,
            -0.1636782944146896,
            0.03569988588402817,
            -0.19084994560943408,
            -0.027161750955733893,
            -0.4528510301251414,
            -0.16681197235150608,
            0.02483796068674261,
            -0.2707182688186585,
            -0.2515114845570154,
            0.0,
            0.0,
            0.0,
            1.0000000000000004,
            0.0,
            0.5112076152154361,
            0.17303163581376488,
            -0.061014053360322534,
            -0.30653098869773127,
            -0.00048027211748138325
        ],
        [
            -0.014834435467086708,
            -0.01968258244828342,
            0.004292969631797632,
            -0.027161750955733893,
            0.03175808591948763,
            -0.17932001871495729,
            -0.0660542297887341,
            0.00983533939175814,
            -0.25151148455701516,
            0.2648500260954976,
            0.0,
            0.0,
            0.0,
            0.0,
            1.0000000000000004,
            0.0003390340098486352,
            0.00011475495977476615,
            -4.046465379658111e-05,
            -0.00048027211748133067,
            0.41764018207491194
        ],
        [
            0.006789476028855892,
            0.09083844050662557,
            -0.000568984438992788,
            0.007554962053536369,
            0.000599985976728632,
            0.07981329847333724,
            0.25898817599863505,
            0.002340457872201747,
            0.10404033259848457,
            0.020659677320291944,
            0.5070765751900655,
            0.5413464707758848,
            0.04307108077885154,
            0.5112076152154361,
            0.0003390340098486352,
            0.9999999999999999,
            0.6848602514927513,
            0.0,
            0.0,
            0.0
        ],
        [
            0.09083844050662557,
            0.2828823005145988,
            -0.005642136424668649,
            0.07491615529012259,
            0.005949552398275549,
            0.25898817599863505,
            0.5451195804874038,
            0.0035440836840160478,
            0.15754508962599614,
            0.03128431670466387,
            0.5413464707758848,
            0.8637056778795179,
            0.014578537841793963,
            0.17303163581376493,
            0.00011475495977476619,
            0.6848602514927513,
            1.0000000000000002,
            0.0,
            0.0,
            0.0
        ],
        [
            0.0005689844389927878,
            0.005642136424668644,
            0.0004941285968738178,
            0.0006043932361761465,
            4.7998582066415984e-05,
            -0.002340457872201747,
            -0.003544083684016046,
            0.0268052141167288,
            -0.004207813283209893,
            -0.0008355611952015311,
            -0.04307108077885152,
            -0.01457853784179396,
            0.4124998470835437,
            -0.061014053360322534,
            -4.046465379658111e-05,
            0.0,
            0.0,
            1.0000000000000004,
            0.0,
            0.0
        ],
        [
            -0.00755496205353637,
            -0.0749161552901226,
            0.0006043932361761469,
            -0.007485472161931788,
            -0.0006373240483997151,
            -0.10404033259848457,
            -0.15754508962599606,
            -0.004207813283209892,
            -0.16014997808512987,
            -0.03714318710354511,
            -0.5112076152154361,
            -0.17303163581376488,
            -0.061014053360322465,
            -0.3065309886977314,
            -0.00048027211748133067,
            0.0,
            0.0,
            0.0,
            1.0000000000000004,
            0.0
        ],
        [
            -0.000599985976728632,
            -0.00594955239827555,
            4.799858206641602e-05,
            -0.000637324048399715,
            0.0004890332509300204,
            -0.02065967732029194,
            -0.03128431670466384,
            -0.0008355611952015311,
            -0.037143187103545125,
            0.019524210379394908,
            -0.0003390340098486352,
            -0.00011475495977476615,
            -4.04646537965855e-05,
            -0.00048027211748138325,
            0.41764018207491194,
            0.0,
            0.0,
            0.0,
            0.0,
            1.0000000000000004
        ]
    ],
    "h": [
        [
            -0.24967333821420534,
            -0.4604528056639843,
            0.07337802264573126,
            -0.2577873901766362,
            0.04239824235895065,
            -0.5594096420093464,
            -0.45538233505261894,
            -0.011001320233658546,
            0.03068211784829744,
            -0.01710106896884142,
            -0.2037124527727172,
            -0.2905434428181584,
            -0.022975129033032678,
            0.2606668820178131,
            0.060689888711466536,
            0.0017039138962087752,
            -0.11028843646803951,
            -0.0010296445218216687,
            0.04053400863354717,
            0.005385257658638805
        ],
        [
            -0.4604528056639843,
            -0.31110885983549874,
            0.06267877461143384,
            -0.22378586866171962,
            0.03438038121028702,
            -0.5184660610114382,
            -0.3637195988899995,
            -0.05141930644989043,
            0.11591568891439516,
            -0.06598152293246567,
            -0.2919510267224632,
            -0.29504332798367505,
            -0.013102846023295707,
            0.15303442980218665,
            0.05951853934422848,
            -0.11085951974085886,
            -0.1731842689991705,
            0.0038548277088569,
            0.09577501221351714,
            0.00600942130033091
        ],
        [
            0.07337802264573126,
            0.06267877461143384,
            1.4641560961081588,
            0.06652336818032163,
            -0.011085078658189218,
            0.016676323033047058,
            0.057711495951285066,
            0.2785812336354351,
            0.25747771669830805,
            -0.04145583891747265,
            0.041947149390357166,
            0.043694063893386335,
            -0.03631388473639996,
            -0.05147646370328644,
            -0.013954228505291846,
            0.004785128329620735,
            0.019987677178191138,
            -0.0018547631702129819,
            -0.007195639796855408,
            -0.0007330854350060958
        ],
        [
            -0.2577873901766362,
            -0.22378586866171962,
            0.06652336818032163,
            1.245445042052058,
            0.03766230829969595,
            -0.07050116549332275,
            -0.2122569218915346,
            0.25104683164892244,
            -0.5571253424382354,
            0.1381390399457765,
            -0.19973289054978471,
            -0.1641596446987629,
            -0.021191169275373775,
            0.17882509471002306,
            0.05867396320705982,
            -0.041618835699457166,
            -0.09518905882538403,
            -0.0012638796068081754,
            0.05318960084780695,
            0.004836958316471705
        ],
        [
            0.04239824235895065,
            0.03438038121028702,
            -0.011085078658189218,
            0.03766230829969595,
            1.4756215886569033,
            0.0023896724337471587,
            0.028801608724473203,
            -0.0456175736726757,
            0.1565496365821665,
            0.3217548314743104,
            0.0007202904866035822,
            0.020848838664127102,
            0.00028555010828000896,
            -0.01110416070748476,
            -0.044519931709837895,
            -0.004315684630682024,
            0.004228207678147158,
            -8.023302051064676e-05,
            0.002539122810415849,
            -0.001909694201107096
        ],
        [
            -0.5594096420093464,
            -0.5184660610114382,
            0.016676323033047058,
            -0.07050116549332275,
            0.0023896724337471587,
            -0.38171309400912645,
            -0.567743683292355,
            -0.0629660767986365,
            0.08663018964771302,
            -0.10701279552149925,
            -0.44614818739767115,
            -0.46326899141190103,
            -0.012191959326895235,
            0.07113622813730691,
            0.024791245270087636,
            -0.1824954595248297,
            -0.27834049569696284,
            0.008940229165933445,
            0.19030116664778113,
            0.021589613443097164
        ],
        [
            -0.45538233505261894,
            -0.3637195988899995,
            0.057711495951285066,
            -0.2122569218915346,
            0.028801608724473203,
            -0.567743683292355,
            -0.42205447417800945,
            -0.05033292485534735,
            0.038309582216843246,
            -0.09652931092475539,
            -0.4591640358833712,
            -0.3928030259264932,
            -0.01932241066437566,
            0.09269279501555272,
            0.06468496823688402,
            -0.27443360678584455,
            -0.28551175846201604,
            0.012309184472771238,
            0.16105251028368522,
            0.005054998921215151
        ],
        [
            -0.011001320233658546,
            -0.05141930644989043,
            0.2785812336354351,
            0.25104683164892244,
            -0.0456175736726757,
            -0.0629660767986365,
            -0.05033292485534735,
            1.4051692657222747,
            0.07308001496299305,
            -0.008568970579798028,
            -0.00822195709157017,
            -0.022483904443304913,
            0.24250315612510492,
            0.05149443154147849,
            0.016299577280737474,
            0.006749957040979254,
            -0.00143393162412871,
            -0.03779709483338547,
            -0.001300346082112401,
            0.0003593360219857238
        ],
        [
            0.03068211784829744,
            0.11591568891439516,
            0.25747771669830805,
            -0.5571253424382354,
            0.1565496365821665,
            0.08663018964771302,
            0.038309582216843246,
            0.07308001496299305,
            0.9973083250967825,
            -0.03052470412901319,
            -0.05779265225119268,
            -0.08464139631412387,
            0.03199897708236507,
            -0.6766085648827296,
            -0.32914862373285286,
            -0.24603429100844915,
            -0.1493936981452959,
            0.013344289193472508,
            0.20066212234573838,
            0.02373560837895322
        ],
        [
            -0.01710106896884142,
            -0.06598152293246567,
            -0.04145583891747265,
            0.1381390399457765,
            0.3217548314743104,
            -0.10701279552149925,
            -0.09652931092475539,
            -0.008568970579798028,
            -0.03052470412901319,
            1.3899932401464417,
            -0.03268170756395666,
            -0.0839341246045713,
            0.009915704638640836,
            -0.317452959670979,
            0.12289360903062024,
            -0.06317793520967284,
            -0.0643992858642704,
            0.0038961193452298716,
            0.06919438817534695,
            -0.031029615199626076
        ],
        [
            -0.2037124527727172,
            -0.2919510267224632,
            0.041947149390357166,
            -0.19973289054978471,
            0.0007202904866035822,
            -0.44614818739767115,
            -0.4591640358833712,
            -0.00822195709157017,
            -0.05779265225119268,
            -0.03268170756395666,
            -0.36705097418138366,
            -0.563588242200438,
            -0.02605572712470862,
            -0.08368225088754935,
            0.06432427008011093,
            -0.5412671595137473,
            -0.5078500923370797,
            0.004736973887840862,
            0.06794173339499132,
            0.006430665323589967
        ],
        [
            -0.2905434428181584,
            -0.29504332798367505,
            0.043694063893386335,
            -0.1641596446987629,
            0.020848838664127102,
            -0.46326899141190103,
            -0.3928030259264932,
            -0.022483904443304913,
            -0.08464139631412387,
            -0.0839341246045713,
            -0.563588242200438,
            -0.42483758520525483,
            -0.024262396660148313,
            -0.03786855161591479,
            0.06140165445794385,
            -0.4440067019970353,
            -0.35855222861738967,
            0.01684271583488027,
            0.21014554545654407,
            0.005729830708734622
        ],
        [
            -0.022975129033032678,
            -0.013102846023295707,
            -0.03631388473639996,
            -0.021191169275373775,
            0.00028555010828000896,
            -0.012191959326895235,
            -0.01932241066437566,
            0.24250315612510492,
            0.03199897708236507,
            0.009915704638640836,
            -0.02605572712470862,
            -0.024262396660148313,
            1.4277993300627077,
            -0.009707695640869218,
            0.003042350978995243,
            -0.0020599713872542225,
            -0.01826109720493894,
            0.3195318821732265,
            -0.08016801205499753,
            0.00043416691369168496
        ],
        [
            0.2606668820178131,
            0.15303442980218665,
            -0.05147646370328644,
            0.17882509471002306,
            -0.01110416070748476,
            0.07113622813730691,
            0.09269279501555272,
            0.05149443154147849,
            -0.6766085648827296,
            -0.317452959670979,
            -0.08368225088754935,
            -0.03786855161591479,
            -0.009707695640869218,
            0.9823211625666937,
            -0.07166626462387547,
            -0.04069529769091218,
            -0.12485001608335675,
            -0.08208085594940999,
            -0.6659771131115738,
            -0.0028812240728963035
        ],
        [
            0.060689888711466536,
            0.05951853934422848,
            -0.013954228505291846,
            0.05867396320705982,
            -0.044519931709837895,
            0.024791245270087636,
            0.06468496823688402,
            0.016299577280737474,
            -0.32914862373285286,
            0.12289360903062024,
            0.06432427008011093,
            0.06140165445794385,
            0.003042350978995243,
            -0.07166626462387547,
            1.4031127301844035,
            0.00830817270131522,
            0.03019905699770113,
            -0.0006446991427269404,
            -0.015384695773983437,
            0.3243808141405889
        ],
        [
            0.0017039138962087752,
            -0.11085951974085886,
            0.004785128329620735,
            -0.041618835699457166,
            -0.004315684630682024,
            -0.1824954595248297,
            -0.27443360678584455,
            0.006749957040979254,
            -0.24603429100844915,
            -0.06317793520967284,
            -0.5412671595137473,
            -0.4440067019970353,
            -0.0020599713872542225,
            -0.04069529769091218,
            0.00830817270131522,
            -0.23216430937847954,
            -0.45205811797770745,
            0.021999553459123432,
            0.2573129843546783,
            0.002760029990400703
        ],
        [
            -0.11028843646803951,
            -0.1731842689991705,
            0.019987677178191138,
            -0.09518905882538403,
            0.004228207678147158,
            -0.27834049569696284,
            -0.28551175846201604,
            -0.00143393162412871,
            -0.1493936981452959,
            -0.0643992858642704,
            -0.5078500923370797,
            -0.35855222861738967,
            -0.01826109720493894,
            -0.12485001608335675,
            0.03019905699770113,
            -0.45205811797770745,
            -0.3052393852615487,
            0.018930901452941445,
            0.2255942100994206,
            0.003737940445008109
        ],
        [
            -0.0010296445218216687,
            0.0038548277088569,
            -0.0018547631702129819,
            -0.0012638796068081754,
            -8.023302051064676e-05,
            0.008940229165933445,
            0.012309184472771238,
            -0.03779709483338547,
            0.013344289193472508,
            0.0038961193452298716,
            0.004736973887840862,
            0.01684271583488027,
            0.3195318821732265,
            -0.08208085594940999,
            -0.0006446991427269404,
            0.021999553459123432,
            0.018930901452941445,
            1.4917876859911627,
            -0.020404755839503356,
            -0.00012432106871181908
        ],
        [
            0.04053400863354717,
            0.09577501221351714,
            -0.007195639796855408,
            0.05318960084780695,
            0.002539122810415849,
            0.19030116664778113,
            0.16105251028368522,
            -0.001300346082112401,
            0.20066212234573838,
            0.06919438817534695,
            0.06794173339499132,
            0.21014554545654407,
            -0.08016801205499753,
            -0.6659771131115738,
            -0.015384695773983437,
            0.2573129843546783,
            0.2255942100994206,
            -0.020404755839503356,
            1.2472011488646095,
            -0.0028743694778855444
        ],
        [
            0.005385257658638805,
            0.00600942130033091,
            -0.0007330854350060958,
            0.004836958316471705,
            -0.001909694201107096,
            0.021589613443097164,
            0.005054998921215151,
            0.0003593360219857238,
            0.02373560837895322,
            -0.031029615199626076,
            0.006430665323589967,
            0.005729830708734622,
            0.00043416691369168496,
            -0.0028812240728963035,
            0.3243808141405889,
            0.002760029990400703,
            0.003737940445008109,
            -0.00012432106871181908,
            -0.0028743694778855444,
            1.492892866691864
        ]
    ]
}