{
    "HF": -2.136851045083243,
    "coordinates": [
        [
            0.821894,
            0.180658,
            -0.117694
        ],
        [
            1.632642,
            0.095838,
            0.040915
        ],
        [
            2.335588,
            -0.062898,
            0.056405
        ],
        [
            3.081776,
            0.000648,
            0.139136
        ]
    ],
    "elements": [
        "H",
        "H",
        "H",
        "H"
    ],
    "Enn": 3.0121341980551906,
    "S": [
        [
            0.9999999999999999,
            0.6848602514927513,
            0.0,
            0.0,
            0.0,
            0.4990554582731506,
            0.5381346021189402,
            -0.09723071091965485,
            -0.49700587240754507,
            0.051996474980645004,
            0.1123161644470409,
            0.29820399260905495,
            -0.016765237284254785,
            -0.1457644161411195,
            0.0234537483386117,
            0.010937109235874962,
            0.1115561131058564,
            -0.0014542227689541755,
            -0.012795903358446053,
            0.0010192525820170585
        ],
        [
            0.6848602514927513,
            1.0000000000000002,
            0.0,
            0.0,
            0.0,
            0.5381346021189402,
            0.8605075997320454,
            -0.033368823265660895,
            -0.17056854733960883,
            0.017844785537979295,
            0.29820399260905495,
            0.5953277786102792,
            -0.01948925837010098,
            -0.16944826483363842,
            0.027264520827737757,
            0.11155611310585639,
            0.32176782911716023,
            -0.010023377412789166,
            -0.08819705717544209,
            0.007025301437044653
        ],
        [
            0.0,
            0.0,
            1.0000000000000004,
            0.0,
            0.0,
            0.09723071091965482,
            0.03336882326566091,
            0.38182932343898246,
            -0.13637918996293513,
            0.01426791418869508,
            0.01676523728425478,
            0.019489258370100966,
            0.04189609409779061,
            -0.03111248515006753,
            0.005006053028689978,
            0.0014542227689541736,
            0.01002337741278916,
            0.000963525861732167,
            -0.0017518707514083273,
            0.000139544566468963
        ],
        [
            0.0,
            0.0,
            0.0,
            1.0000000000000004,
            0.0,
            0.497005872407545,
            0.17056854733960902,
            -0.13637918996293505,
            -0.28860820685440336,
            0.072932071273737,
            0.14576441614111946,
            0.16944826483363845,
            -0.03111248515006753,
            -0.22503123168211575,
            0.04352484754771623,
            0.012795903358446034,
            0.08819705717544207,
            -0.0017518707514083273,
            -0.01425232668181168,
            0.0012278715646965427
        ],
        [
            0.0,
            0.0,
            0.0,
            0.0,
            1.0000000000000004,
            -0.05199647498064498,
            -0.017844785537979274,
            0.014267914188695075,
            0.07293207127373703,
            0.40087947053202844,
            -0.0234537483386117,
            -0.027264520827737726,
            0.005006053028689978,
            0.04352484754771623,
            0.038471303342730495,
            -0.001019252582017057,
            -0.00702530143704465,
            0.00013954456646896298,
            0.0012278715646965423,
            0.0010648160196798724
        ],
        [
            0.4990554582731506,
            0.5381346021189402,
            0.09723071091965485,
            0.49700587240754507,
            -0.05199647498064498,
            0.9999999999999999,
            0.6848602514927513,
            0.0,
            0.0,
            0.0,
            0.5862268230083223,
            0.5710931476419971,
            -0.011640713415302928,
            -0.5282629394727911,
            0.11928988280771632,
            0.14047214554611845,
            0.32675718093480155,
            -0.01242556566496726,
            -0.1833244385043592,
            0.012042125366756938
        ],
        [
            0.5381346021189402,
            0.8605075997320454,
            0.03336882326566091,
            0.17056854733960902,
            -0.017844785537979274,
            0.6848602514927513,
            1.0000000000000002,
            0.0,
            0.0,
            0.0,
            0.5710931476419971,
            0.8929894279061033,
            -0.0034723461950189258,
            -0.15757726716615747,
            0.0355833664049402,
            0.32675718093480155,
            0.6303207578685173,
            -0.01212509913556522,
            -0.17889141233257838,
            0.011750930928360053
        ],
        [
            -0.09723071091965482,
            -0.033368823265660895,
            0.38182932343898246,
            -0.13637918996293505,
            0.014267914188695075,
            0.0,
            0.0,
            1.0000000000000004,
            0.0,
            0.0,
            0.011640713415302928,
            0.0034723461950189253,
            0.5091219042619901,
            -0.014401174928491559,
            0.0032520064179169324,
            0.012425565664967253,
            0.012125099135565214,
            0.062311528977461,
            -0.023617253351101156,
            0.0015513584985869622
        ],
        [
            -0.4970058724075448,
            -0.17056854733960883,
            -0.13637918996293513,
            -0.28860820685440336,
            0.07293207127373703,
            0.0,
            0.0,
            0.0,
            1.0000000000000004,
            0.0,
            0.5282629394727911,
            0.15757726716615708,
            -0.014401174928491568,
            -0.14409518325797327,
            0.14757810867973137,
            0.18332443850435912,
            0.17889141233257816,
            -0.02361725335110115,
            -0.28453219021242304,
            0.02288844897212733
        ],
        [
            0.051996474980645,
            0.017844785537979295,
            0.01426791418869508,
            0.072932071273737,
            0.40087947053202844,
            0.0,
            0.0,
            0.0,
            0.0,
            1.0000000000000004,
            -0.11928988280771632,
            -0.03558336640494022,
            0.0032520064179169337,
            0.1475781086797313,
            0.47611384324486566,
            -0.012042125366756938,
            -0.011750930928360059,
            0.0015513584985869626,
            0.022888448972127343,
            0.062408800026060855
        ],
        [
            0.1123161644470409,
            0.29820399260905495,
            0.016765237284254785,
            0.1457644161411195,
            -0.0234537483386117,
            0.5862268230083223,
            0.5710931476419971,
            0.011640713415302928,
            0.5282629394727911,
            -0.11928988280771632,
            0.9999999999999999,
            0.6848602514927513,
            0.0,
            0.0,
            0.0,
            0.5598986228554843,
            0.5615708966869303,
            -0.058664872922577764,
            -0.5291248044427412,
            -0.045060715025058616
        ],
        [
            0.29820399260905495,
            0.5953277786102792,
            0.019489258370100987,
            0.16944826483363862,
            -0.027264520827737757,
            0.5710931476419971,
            0.8929894279061033,
            0.0034723461950189258,
            0.1575772671661571,
            -0.0355833664049402,
            0.6848602514927513,
            1.0000000000000002,
            0.0,
            0.0,
            0.0,
            0.5615708966869303,
            0.8836799418691849,
            -0.018215675021046103,
            -0.16429534409839533,
            -0.013991530198926598
        ],
        [
            -0.01676523728425478,
            -0.019489258370100966,
            0.04189609409779061,
            -0.03111248515006753,
            0.005006053028689978,
            -0.011640713415302928,
            -0.0034723461950189253,
            0.5091219042619901,
            -0.014401174928491568,
            0.0032520064179169324,
            0.0,
            0.0,
            1.0000000000000004,
            0.0,
            0.0,
            0.058664872922577736,
            0.018215675021046113,
            0.47009382020873663,
            -0.07670429592451651,
            -0.006532202593474205
        ],
        [
            -0.14576441614111946,
            -0.16944826483363837,
            -0.03111248515006753,
            -0.22503123168211575,
            0.04352484754771623,
            -0.5282629394727911,
            -0.15757726716615672,
            -0.014401174928491559,
            -0.14409518325797344,
            0.14757810867973126,
            0.0,
            0.0,
            0.0,
            1.0000000000000004,
            0.0,
            0.5291248044427412,
            0.16429534409839533,
            -0.07670429592451661,
            -0.21323231020059671,
            -0.058916865368717056
        ],
        [
            0.0234537483386117,
            0.02726452082773773,
            0.005006053028689978,
            0.04352484754771623,
            0.038471303342730495,
            0.11928988280771632,
            0.03558336640494022,
            0.0032520064179169337,
            0.14757810867973142,
            0.47611384324486566,
            0.0,
            0.0,
            0.0,
            0.0,
            1.0000000000000004,
            0.045060715025058616,
            0.013991530198926586,
            -0.006532202593474205,
            -0.058916865368716986,
            0.47358073232660863
        ],
        [
            0.010937109235874962,
            0.1115561131058564,
            0.0014542227689541755,
            0.01279590335844605,
            -0.0010192525820170585,
            0.14047214554611845,
            0.32675718093480155,
            0.012425565664967261,
            0.18332443850435912,
            -0.012042125366756938,
            0.5598986228554843,
            0.5615708966869303,
            0.05866487292257776,
            0.5291248044427412,
            0.045060715025058616,
            0.9999999999999999,
            0.6848602514927513,
            0.0,
            0.0,
            0.0
        ],
        [
            0.11155611310585639,
            0.32176782911716023,
            0.010023377412789166,
            0.08819705717544214,
            -0.007025301437044652,
            0.32675718093480155,
            0.6303207578685173,
            0.012125099135565228,
            0.1788914123325782,
            -0.011750930928360059,
            0.5615708966869303,
            0.8836799418691849,
            0.018215675021046113,
            0.16429534409839533,
            0.013991530198926598,
            0.6848602514927513,
            1.0000000000000002,
            0.0,
            0.0,
            0.0
        ],
        [
            -0.0014542227689541736,
            -0.01002337741278916,
            0.000963525861732167,
            -0.0017518707514083273,
            0.000139544566468963,
            -0.012425565664967254,
            -0.012125099135565219,
            0.062311528977461,
            -0.02361725335110115,
            0.0015513584985869622,
            -0.05866487292257774,
            -0.018215675021046103,
            0.47009382020873663,
            -0.0767042959245166,
            -0.006532202593474204,
            0.0,
            0.0,
            1.0000000000000004,
            0.0,
            0.0
        ],
        [
            -0.012795903358446034,
            -0.08819705717544207,
            -0.0017518707514083273,
            -0.01425232668181168,
            0.0012278715646965427,
            -0.18332443850435903,
            -0.17889141233257835,
            -0.023617253351101156,
            -0.28453219021242293,
            0.022888448972127336,
            -0.5291248044427412,
            -0.16429534409839533,
            -0.07670429592451652,
            -0.21323231020059671,
            -0.058916865368716986,
            0.0,
            0.0,
            0.0,
            1.0000000000000004,
            0.0
        ],
        [
            0.001019252582017057,
            0.007025301437044648,
            0.00013954456646896298,
            0.0012278715646965423,
            0.0010648160196798724,
            0.012042125366756938,
            0.011750930928360055,
            0.0015513584985869626,
            0.022888448972127336,
            0.062408800026060855,
            -0.045060715025058616,
            -0.013991530198926589,
            -0.0065322025934742055,
            -0.058916865368717056,
            0.47358073232660863,
            0.0,
            0.0,
            0.0,
            0.0,
            1.0000000000000004
        ]
    ],
    "h": [
        [
            -0.22755438908047343,
            -0.44919695156325923,
            -0.04780797862913216,
            -0.24892602860306712,
            0.027474044486845026,
            -0.5394357686056349,
            -0.4367481308669825,
            0.011447706740407848,
            0.040693341843106356,
            0.0014027373995618847,
            -0.23861036501226782,
            -0.29880218192687835,
            0.022108389567527253,
            0.3058815045928256,
            -0.05251894327609373,
            -0.007038729528352883,
            -0.12882580359679335,
            0.005923166965676924,
            0.06503968138025887,
            -0.004447316808228877
        ],
        [
            -0.44919695156325923,
            -0.30606933714587026,
            -0.04201846630528806,
            -0.222383491817935,
            0.0250322534181848,
            -0.5245581365368575,
            -0.36207738654440313,
            0.035340426873106186,
            0.09116649894082646,
            0.0035696187381364514,
            -0.33669171794509245,
            -0.3059686251445022,
            0.006419069648618464,
            0.19556308611446557,
            -0.04906535467418864,
            -0.13160657901708916,
            -0.19177851191859296,
            0.011933670147989597,
            0.1229896815173118,
            0.0012266557184641026
        ],
        [
            -0.04780797862913216,
            -0.04201846630528806,
            1.4873721957043353,
            -0.0449568803889308,
            0.004860024987129669,
            -0.013618962538551854,
            -0.03854713903117681,
            0.2760336066375422,
            -0.18567096324647375,
            0.020443947593281407,
            -0.036197984024395516,
            -0.03209215811437893,
            -0.04321361140218384,
            0.041138083926327985,
            -0.008231834885832404,
            -0.007474653865850837,
            -0.01802234399080124,
            -0.0027688521331785416,
            0.011653003781267343,
            -0.0005827919088775584
        ],
        [
            -0.24892602860306712,
            -0.222383491817935,
            -0.0449568803889308,
            1.258874464867406,
            0.02614400695684138,
            -0.08801084885884747,
            -0.21111958678392695,
            -0.17843175123384003,
            -0.6486472455061281,
            0.1074977204625121,
            -0.23759378249860927,
            -0.17536708855047106,
            0.013102549817092468,
            0.1912160774747949,
            -0.048457081320621584,
            -0.06187570308431749,
            -0.11195642273262095,
            0.009085000537546423,
            0.0850407447011087,
            -0.004275942628659614
        ],
        [
            0.027474044486845026,
            0.0250322534181848,
            0.004860024987129669,
            0.02614400695684138,
            1.493047162514021,
            0.012363642697188662,
            0.0245795623725708,
            0.01843385182907438,
            0.10116631953079869,
            0.2995451889005549,
            0.031746962430860844,
            0.020091764650119602,
            -0.0015949535018020648,
            -0.028994100100096162,
            -0.03953907387252724,
            0.007216997280227055,
            0.013080973355033677,
            -0.0009180738053285803,
            -0.009019318141618052,
            -0.00358613925524983
        ],
        [
            -0.5394357686056349,
            -0.5245581365368575,
            -0.013618962538551854,
            -0.08801084885884747,
            0.012363642697188662,
            -0.4475497777743547,
            -0.6048116095462515,
            0.038853122079247085,
            -0.027328645979635885,
            0.0330051687150401,
            -0.5676117240836229,
            -0.5322587782053116,
            0.0013516762758251713,
            0.029326313916183344,
            -0.019244356831683795,
            -0.28381731752544975,
            -0.359264693679303,
            0.02420036652394078,
            0.271921016482897,
            0.0016746483635252246
        ],
        [
            -0.4367481308669825,
            -0.36207738654440313,
            -0.03854713903117681,
            -0.21111958678392695,
            0.0245795623725708,
            -0.6048116095462515,
            -0.4403905897903573,
            0.03086408809554399,
            -0.03549747573143831,
            0.027273535100768055,
            -0.5420760652783643,
            -0.41893706909196293,
            -0.004168930154362519,
            0.12643276664565184,
            -0.06301841391350838,
            -0.3310126720437433,
            -0.3200528589477064,
            0.020935447716277197,
            0.20549715778178995,
            0.011440253734613952
        ],
        [
            0.011447706740407848,
            0.035340426873106186,
            0.2760336066375422,
            -0.17843175123384003,
            0.01843385182907438,
            0.038853122079247085,
            0.03086408809554399,
            1.391653953437938,
            -0.05592154728971928,
            0.006470980125449384,
            0.001523791139757421,
            0.011872615332648738,
            0.44113577971831097,
            -0.04274933586306309,
            0.006588242074938125,
            -0.018504697939124036,
            -0.0026822744757256413,
            -0.04692019264602748,
            0.005209120829972727,
            0.0010413970625706335
        ],
        [
            0.040693341843106356,
            0.09116649894082646,
            -0.18567096324647375,
            -0.6486472455061281,
            0.10116631953079869,
            -0.027328645979635885,
            -0.03549747573143831,
            -0.05592154728971928,
            0.8410162563026156,
            0.08939686673677431,
            -0.06562727191806994,
            -0.15346747826695967,
            -0.03890872054428127,
            -0.6654112956537654,
            0.21301704061264687,
            -0.3386839720055779,
            -0.20931244147245484,
            0.022571808282654426,
            0.16042509519365034,
            0.01757059662336017
        ],
        [
            0.0014027373995618847,
            0.0035696187381364514,
            0.020443947593281407,
            0.1074977204625121,
            0.2995451889005549,
            0.0330051687150401,
            0.027273535100768055,
            0.006470980125449384,
            0.08939686673677431,
            1.3845066904937675,
            0.006825777695130708,
            0.03871805575921965,
            0.006676356995976607,
            0.2302062854462218,
            0.3960791581431623,
            0.04878952899408731,
            0.041748420120994154,
            -0.004351309405335109,
            -0.043264586528734994,
            -0.04993112382150261
        ],
        [
            -0.23861036501226782,
            -0.33669171794509245,
            -0.036197984024395516,
            -0.23759378249860927,
            0.031746962430860844,
            -0.5676117240836229,
            -0.5420760652783643,
            0.001523791139757421,
            -0.06562727191806994,
            0.006825777695130708,
            -0.4955576208923087,
            -0.6220521046561677,
            -0.025238371795193802,
            -0.02486872080088043,
            -0.07989832112255213,
            -0.5952155032602247,
            -0.5555677089469926,
            0.007421498363434489,
            0.09423384224538722,
            -0.0009078455776720257
        ],
        [
            -0.29880218192687835,
            -0.3059686251445022,
            -0.03209215811437893,
            -0.17536708855047106,
            0.020091764650119602,
            -0.5322587782053116,
            -0.41893706909196293,
            0.011872615332648738,
            -0.15346747826695967,
            0.03871805575921965,
            -0.6220521046561677,
            -0.43969579237713297,
            -0.01739906331535722,
            0.0057888425830701085,
            -0.06604325973086278,
            -0.46784040393785786,
            -0.3707062068251368,
            0.02498507390971637,
            0.2466589071575528,
            0.014089276104467795
        ],
        [
            0.022108389567527253,
            0.006419069648618464,
            -0.04321361140218384,
            0.013102549817092468,
            -0.0015949535018020648,
            0.0013516762758251713,
            -0.004168930154362519,
            0.44113577971831097,
            -0.03890872054428127,
            0.006676356995976607,
            -0.025238371795193802,
            -0.01739906331535722,
            1.381639304731278,
            -0.041600182084088236,
            -0.0005540848949640887,
            -0.006387987155492936,
            -0.0218069072567728,
            0.3951074150460592,
            -0.10583670188379296,
            -0.009104389965657078
        ],
        [
            0.3058815045928256,
            0.19556308611446557,
            0.041138083926327985,
            0.1912160774747949,
            -0.028994100100096162,
            0.029326313916183344,
            0.12643276664565184,
            -0.04274933586306309,
            -0.6654112956537654,
            0.2302062854462218,
            -0.02486872080088043,
            0.0057888425830701085,
            -0.041600182084088236,
            0.7966909680251346,
            0.04314135762384326,
            -0.014551562874257074,
            -0.10159222853538027,
            -0.11145976454272258,
            -0.6083879264967609,
            -0.08085391197564397
        ],
        [
            -0.05251894327609373,
            -0.04906535467418864,
            -0.008231834885832404,
            -0.048457081320621584,
            -0.03953907387252724,
            -0.019244356831683795,
            -0.06301841391350838,
            0.006588242074938125,
            0.21301704061264687,
            0.3960791581431623,
            -0.07989832112255213,
            -0.06604325973086278,
            -0.0005540848949640887,
            0.04314135762384326,
            1.3695839798531186,
            -0.011574555635911948,
            -0.04341461123486355,
            -0.007754868540196615,
            -0.06422194321095694,
            0.3992411028846111
        ],
        [
            -0.007038729528352883,
            -0.13160657901708916,
            -0.007474653865850837,
            -0.06187570308431749,
            0.007216997280227055,
            -0.28381731752544975,
            -0.3310126720437433,
            -0.018504697939124036,
            -0.3386839720055779,
            0.04878952899408731,
            -0.5952155032602247,
            -0.46784040393785786,
            -0.006387987155492936,
            -0.014551562874257074,
            -0.011574555635911948,
            -0.28223031766798656,
            -0.47369039717250994,
            0.03162802405287565,
            0.29686957951401627,
            0.02290675960121851
        ],
        [
            -0.12882580359679335,
            -0.19177851191859296,
            -0.01802234399080124,
            -0.11195642273262095,
            0.013080973355033677,
            -0.359264693679303,
            -0.3200528589477064,
            -0.0026822744757256413,
            -0.20931244147245484,
            0.041748420120994154,
            -0.5555677089469926,
            -0.3707062068251368,
            -0.0218069072567728,
            -0.10159222853538027,
            -0.04341461123486355,
            -0.47369039717250994,
            -0.3166361496301744,
            0.026294949338651015,
            0.25197187730334214,
            0.01748024215678726
        ],
        [
            0.005923166965676924,
            0.011933670147989597,
            -0.0027688521331785416,
            0.009085000537546423,
            -0.0009180738053285803,
            0.02420036652394078,
            0.020935447716277197,
            -0.04692019264602748,
            0.022571808282654426,
            -0.004351309405335109,
            0.007421498363434489,
            0.02498507390971637,
            0.3951074150460592,
            -0.11145976454272258,
            -0.007754868540196615,
            0.03162802405287565,
            0.026294949338651015,
            1.4677756897696888,
            -0.031013380217532076,
            -0.002385764945728691
        ],
        [
            0.06503968138025887,
            0.1229896815173118,
            0.011653003781267343,
            0.0850407447011087,
            -0.009019318141618052,
            0.271921016482897,
            0.20549715778178995,
            0.005209120829972727,
            0.16042509519365034,
            -0.043264586528734994,
            0.09423384224538722,
            0.2466589071575528,
            -0.10583670188379296,
            -0.6083879264967609,
            -0.06422194321095694,
            0.29686957951401627,
            0.25197187730334214,
            -0.031013380217532076,
            1.1786234517601473,
            -0.020773168359916286
        ],
        [
            -0.004447316808228877,
            0.0012266557184641026,
            -0.0005827919088775584,
            -0.004275942628659614,
            -0.00358613925524983,
            0.0016746483635252246,
            0.011440253734613952,
            0.0010413970625706335,
            0.01757059662336017,
            -0.04993112382150261,
            -0.0009078455776720257,
            0.014089276104467795,
            -0.009104389965657078,
            -0.08085391197564397,
            0.3992411028846111,
            0.02290675960121851,
            0.01748024215678726,
            -0.002385764945728691,
            -0.020773168359916286,
            1.4690519104239599
        ]
    ]
}