{
    "HF": -2.163034240960265,
    "coordinates": [
        [
            0.739824,
            -0.199201,
            -0.065161
        ],
        [
            1.570931,
            0.161658,
            0.062455
        ],
        [
            2.393753,
            0.133235,
            -0.037416
        ],
        [
            3.100225,
            0.11865,
            0.182678
        ]
    ],
    "elements": [
        "H",
        "H",
        "H",
        "H"
    ],
    "Enn": 2.8108491270806693,
    "S": [
        [
            0.9999999999999999,
            0.6848602514927513,
            0.0,
            0.0,
            0.0,
            0.4352267982515535,
            0.5110890609991026,
            -0.06578987913528805,
            -0.42846060900272565,
            -0.1860336477783421,
            0.07580436727785439,
            0.253505400228632,
            -0.0016568467127905818,
            -0.09876759152420304,
            -0.019852063211866985,
            0.007141197109235744,
            0.09284041904545007,
            -0.0008323616557295783,
            -0.007927353179062827,
            -0.0010674953685065795
        ],
        [
            0.6848602514927513,
            1.0000000000000002,
            0.0,
            0.0,
            0.0,
            0.5110890609991026,
            0.833283808601871,
            -0.0254101499409745,
            -0.1654851545808793,
            -0.07185212902418281,
            0.253505400228632,
            0.5378772846492015,
            -0.0026103834479900925,
            -0.15560961923772984,
            -0.03127718262447412,
            0.09284041904545004,
            0.28677597796362775,
            -0.007941601331405413,
            -0.07563524596310783,
            -0.010185023038297204
        ],
        [
            0.0,
            0.0,
            1.0000000000000004,
            0.0,
            0.0,
            0.06578987913528801,
            0.0254101499409745,
            0.3230294212171589,
            -0.09287483669186154,
            -0.040325398166287205,
            0.0016568467127905813,
            0.002610383447990097,
            0.02478951302459504,
            -0.0029591742043470945,
            -0.0005947873432271463,
            0.0008323616557295783,
            0.007941601331405411,
            0.0004920883940935405,
            -0.0008891520896486339,
            -0.00011973299487964455
        ],
        [
            0.0,
            0.0,
            0.0,
            1.0000000000000004,
            0.0,
            0.4284606090027254,
            0.1654851545808793,
            -0.09287483669186151,
            -0.26756275177713146,
            -0.2626216202810655,
            0.098767591524203,
            0.15560961923772965,
            -0.0029591742043470945,
            -0.15156250535012541,
            -0.03545633576487045,
            0.007927353179062829,
            0.07563524596310774,
            -0.0008891520896486335,
            -0.007882773036684214,
            -0.0011403285231416677
        ],
        [
            0.0,
            0.0,
            0.0,
            0.0,
            1.0000000000000004,
            0.18603364777834203,
            0.07185212902418285,
            -0.040325398166287205,
            -0.26262162028106556,
            0.2232624115376153,
            0.01985206321186699,
            0.031277182624474154,
            -0.0005947873432271465,
            -0.035456335764870464,
            0.017712510234251036,
            0.0010674953685065793,
            0.010185023038297202,
            -0.00011973299487964455,
            -0.0011403285231416681,
            0.0004318918441587308
        ],
        [
            0.4352267982515535,
            0.5110890609991026,
            0.06578987913528805,
            0.42846060900272576,
            0.1860336477783421,
            0.9999999999999999,
            0.6848602514927513,
            0.0,
            0.0,
            0.0,
            0.49991768478910714,
            0.5384817378946816,
            0.061357029520881345,
            -0.5055112469528755,
            0.017462034525257707,
            0.11481167928117039,
            0.30090466265121035,
            -0.011891158916149131,
            -0.15126122275698803,
            0.004253886216994601
        ],
        [
            0.5110890609991026,
            0.833283808601871,
            0.0254101499409745,
            0.1654851545808793,
            0.07185212902418281,
            0.6848602514927513,
            1.0000000000000002,
            0.0,
            0.0,
            0.0,
            0.5384817378946815,
            0.8608535943912421,
            0.021025748307548327,
            -0.17322794679049502,
            0.005983867630698058,
            0.30090466265121035,
            0.5986903432120133,
            -0.013588634118236928,
            -0.1728539183452004,
            0.004861132862739515
        ],
        [
            -0.06578987913528801,
            -0.0254101499409745,
            0.3230294212171589,
            -0.09287483669186151,
            -0.040325398166287205,
            0.0,
            0.0,
            1.0000000000000004,
            0.0,
            0.0,
            -0.061357029520881345,
            -0.02102574830754832,
            0.3988857482777967,
            0.0873614941859371,
            -0.003017755661913376,
            0.011891158916149126,
            0.013588634118236917,
            0.04526208492859502,
            -0.022446842757960855,
            0.0006312676394037906
        ],
        [
            -0.4284606090027254,
            -0.1654851545808793,
            -0.09287483669186154,
            -0.26756275177713157,
            -0.26262162028106556,
            0.0,
            0.0,
            0.0,
            1.0000000000000004,
            0.0,
            0.5055112469528752,
            0.17322794679049497,
            0.08736149418593706,
            -0.3102687279582674,
            0.024862830543870455,
            0.15126122275698797,
            0.17285391834520034,
            -0.022446842757960862,
            -0.2385078569634609,
            0.008030025979507919
        ],
        [
            -0.18603364777834203,
            -0.07185212902418282,
            -0.040325398166287205,
            -0.2626216202810655,
            0.2232624115376153,
            0.0,
            0.0,
            0.0,
            0.0,
            1.0000000000000004,
            -0.01746203452525767,
            -0.005983867630698057,
            -0.003017755661913382,
            0.02486283054387052,
            0.4086305090563069,
            -0.004253886216994601,
            -0.004861132862739513,
            0.0006312676394037906,
            0.008030025979507917,
            0.04680088088252124
        ],
        [
            0.07580436727785439,
            0.253505400228632,
            0.0016568467127905818,
            0.09876759152420303,
            0.019852063211866985,
            0.49991768478910714,
            0.5384817378946816,
            -0.061357029520881345,
            0.5055112469528754,
            -0.01746203452525767,
            0.9999999999999999,
            0.6848602514927513,
            0.0,
            0.0,
            0.0,
            0.5706298101805561,
            0.5654946450662198,
            -0.15986061205948146,
            -0.5131309636922681,
            0.010593505624358391
        ],
        [
            0.253505400228632,
            0.5378772846492015,
            0.0026103834479900925,
            0.15560961923772976,
            0.03127718262447412,
            0.5384817378946815,
            0.8608535943912421,
            -0.021025748307548327,
            0.17322794679049502,
            -0.005983867630698058,
            0.6848602514927513,
            1.0000000000000002,
            0.0,
            0.0,
            0.0,
            0.5654946450662198,
            0.8875232394213216,
            -0.048821711995455534,
            -0.15671109851633155,
            0.003235275243549193
        ],
        [
            -0.0016568467127905813,
            -0.002610383447990097,
            0.02478951302459504,
            -0.002959174204347095,
            -0.0005947873432271463,
            0.061357029520881345,
            0.02102574830754832,
            0.3988857482777967,
            0.08736149418593706,
            -0.003017755661913382,
            0.0,
            0.0,
            1.0000000000000004,
            0.0,
            0.0,
            0.15986061205948146,
            0.0488217119954555,
            0.42937029006772454,
            -0.19826108828029496,
            0.0040930680516256856
        ],
        [
            -0.09876759152420299,
            -0.1556096192377295,
            -0.002959174204347094,
            -0.15156250535012541,
            -0.03545633576487044,
            -0.5055112469528755,
            -0.17322794679049497,
            0.0873614941859371,
            -0.3102687279582674,
            0.02486283054387052,
            0.0,
            0.0,
            0.0,
            1.0000000000000004,
            0.0,
            0.5131309636922681,
            0.15671109851633153,
            -0.1982610882802952,
            -0.1452548345300607,
            0.013138195373649913
        ],
        [
            -0.01985206321186699,
            -0.031277182624474154,
            -0.0005947873432271465,
            -0.035456335764870464,
            0.017712510234251036,
            0.017462034525257707,
            0.005983867630698057,
            -0.003017755661913376,
            0.024862830543870455,
            0.4086305090563069,
            0.0,
            0.0,
            0.0,
            0.0,
            1.0000000000000004,
            -0.010593505624358387,
            -0.0032352752435491922,
            0.0040930680516256856,
            0.013138195373649896,
            0.49086523308661073
        ],
        [
            0.007141197109235744,
            0.09284041904545007,
            0.0008323616557295783,
            0.007927353179062829,
            0.0010674953685065795,
            0.11481167928117039,
            0.30090466265121035,
            0.011891158916149131,
            0.15126122275698797,
            -0.004253886216994601,
            0.5706298101805561,
            0.5654946450662198,
            0.15986061205948146,
            0.5131309636922681,
            -0.010593505624358391,
            0.9999999999999999,
            0.6848602514927513,
            0.0,
            0.0,
            0.0
        ],
        [
            0.09284041904545004,
            0.28677597796362775,
            0.007941601331405411,
            0.0756352459631078,
            0.010185023038297204,
            0.30090466265121035,
            0.5986903432120133,
            0.013588634118236933,
            0.1728539183452004,
            -0.004861132862739515,
            0.5654946450662198,
            0.8875232394213216,
            0.04882171199545554,
            0.15671109851633155,
            -0.003235275243549193,
            0.6848602514927513,
            1.0000000000000002,
            0.0,
            0.0,
            0.0
        ],
        [
            -0.0008323616557295783,
            -0.007941601331405411,
            0.0004920883940935405,
            -0.0008891520896486339,
            -0.00011973299487964455,
            -0.011891158916149131,
            -0.013588634118236922,
            0.04526208492859502,
            -0.02244684275796086,
            0.0006312676394037905,
            -0.15986061205948146,
            -0.04882171199545547,
            0.42937029006772454,
            -0.1982610882802952,
            0.0040930680516256856,
            0.0,
            0.0,
            1.0000000000000004,
            0.0,
            0.0
        ],
        [
            -0.007927353179062827,
            -0.07563524596310771,
            -0.0008891520896486335,
            -0.007882773036684214,
            -0.0011403285231416677,
            -0.15126122275698792,
            -0.17285391834520034,
            -0.022446842757960855,
            -0.23850785696346086,
            0.008030025979507917,
            -0.5131309636922681,
            -0.15671109851633153,
            -0.19826108828029496,
            -0.14525483453006086,
            0.013138195373649896,
            0.0,
            0.0,
            0.0,
            1.0000000000000004,
            0.0
        ],
        [
            -0.0010674953685065793,
            -0.010185023038297202,
            -0.00011973299487964455,
            -0.0011403285231416681,
            0.0004318918441587308,
            0.004253886216994601,
            0.0048611328627395246,
            0.0006312676394037906,
            0.008030025979507919,
            0.04680088088252124,
            0.010593505624358387,
            0.0032352752435491922,
            0.0040930680516256856,
            0.013138195373649913,
            0.49086523308661073,
            0.0,
            0.0,
            0.0,
            0.0,
            1.0000000000000004
        ]
    ],
    "h": [
        [
            -0.18272161942972276,
            -0.4279829637794049,
            -0.027932633897218746,
            -0.1930237350846539,
            -0.08249423249313143,
            -0.48876274608649306,
            -0.41289469178731397,
            0.014619087303560846,
            0.06029498114760545,
            0.02830303831756331,
            -0.1735604663113421,
            -0.2593890328179542,
            -0.005014395823851003,
            0.24736983256724293,
            0.019563523537578974,
            0.0025517679390014564,
            -0.10814269161409652,
            0.0037860859407199366,
            0.04544070248467179,
            0.0022831194089349364
        ],
        [
            -0.4279829637794049,
            -0.297734954636228,
            -0.025630637649030424,
            -0.18170476785948309,
            -0.07661215665323803,
            -0.4823304860683786,
            -0.35344235405019353,
            0.034905401993013827,
            0.07925898317746483,
            0.07031038594680879,
            -0.28207959248476894,
            -0.2829562089897746,
            -0.023975754780894143,
            0.16735963132545842,
            0.0026023515081814302,
            -0.11237748424345917,
            -0.17411769750407585,
            0.020611982169191502,
            0.10405060942818012,
            0.0005992105305455617
        ],
        [
            -0.027932633897218746,
            -0.025630637649030424,
            1.5042484391302573,
            -0.0236702436083377,
            -0.010335681179435938,
            -0.008339909310336513,
            -0.02201334589182418,
            0.19990818911949737,
            -0.1155588629708634,
            -0.04950649519055249,
            -0.01274831443618132,
            -0.017674727544754236,
            -0.03697525070390764,
            0.018422855730419477,
            0.0010625208724171099,
            -0.0028289902295152787,
            -0.00947828872350112,
            -0.001418692105886597,
            0.005603542518802885,
            0.00039528493333766955
        ],
        [
            -0.1930237350846539,
            -0.18170476785948309,
            -0.0236702436083377,
            1.3428514255601927,
            -0.06950373853994958,
            -0.08100918639738419,
            -0.16637687376963284,
            -0.10742250878741955,
            -0.5458479127417419,
            -0.31625345120998066,
            -0.17519550883540902,
            -0.13359590477054728,
            -0.010178494736571897,
            0.19261917662826422,
            0.022313493345343688,
            -0.04097767547525965,
            -0.0854319911450836,
            0.007441644911645341,
            0.05495636618363032,
            0.00393272403629987
        ],
        [
            -0.08249423249313143,
            -0.07661215665323803,
            -0.010335681179435938,
            -0.06950373853994958,
            1.4780825115626004,
            -0.029617681167262044,
            -0.06758484109110303,
            -0.0476426879443724,
            -0.32733564866032877,
            0.07851898616318476,
            -0.05143214449163324,
            -0.05373495978256285,
            -0.003447115110494834,
            0.07182770050498441,
            -0.030217308429167578,
            -0.007454484983436793,
            -0.027535541388711067,
            0.0014955757540191538,
            0.012057385406556265,
            -0.001444674633716679
        ],
        [
            -0.48876274608649306,
            -0.4823304860683786,
            -0.008339909310336513,
            -0.08100918639738419,
            -0.029617681167262044,
            -0.3452872162308729,
            -0.5555366763998999,
            0.05152442054303347,
            -0.02139194470894004,
            0.0841057523046383,
            -0.48430922409259436,
            -0.4739454572529469,
            -0.017559562403321696,
            0.0385363581880539,
            0.0070775488783243745,
            -0.24358619072747403,
            -0.31829746371592404,
            0.04210931649400786,
            0.23377593061017615,
            -0.005319466912116053
        ],
        [
            -0.41289469178731397,
            -0.35344235405019353,
            -0.02201334589182418,
            -0.16637687376963284,
            -0.06758484109110303,
            -0.5555366763998999,
            -0.4265943566493564,
            0.044401186353622224,
            -0.03419816425313363,
            0.07474923147660525,
            -0.494586493910106,
            -0.4018128155185423,
            -0.0557899761722281,
            0.10071394144690193,
            0.0011567158802391238,
            -0.31596896268396785,
            -0.3080940318669405,
            0.04976665335459725,
            0.1872602417685837,
            -0.004512172008305268
        ],
        [
            0.014619087303560846,
            0.034905401993013827,
            0.19990818911949737,
            -0.10742250878741955,
            -0.0476426879443724,
            0.05152442054303347,
            0.044401186353622224,
            1.4232098236140986,
            -0.0015223476971790053,
            -0.011608706932150853,
            0.003412769481397543,
            0.02996702147317304,
            0.2888879369455267,
            0.10585052178533641,
            -0.004726145237903229,
            0.00337656886433077,
            0.01930403755299153,
            -0.04831382757385923,
            -0.013114782465248519,
            0.00025674456343255793
        ],
        [
            0.06029498114760545,
            0.07925898317746483,
            -0.1155588629708634,
            -0.5458479127417419,
            -0.32733564866032877,
            -0.02139194470894004,
            -0.03419816425313363,
            -0.0015223476971790053,
            1.002531356355742,
            -0.06417163495938608,
            -0.08740142629787839,
            -0.14319066130622565,
            0.08868294185606279,
            -0.773648987809818,
            0.028113739625499845,
            -0.30425730276124274,
            -0.18730130673333073,
            0.05589346490183429,
            0.18487717198752796,
            -0.006337333400848516
        ],
        [
            0.02830303831756331,
            0.07031038594680879,
            -0.04950649519055249,
            -0.31625345120998066,
            0.07851898616318476,
            0.0841057523046383,
            0.07474923147660525,
            -0.011608706932150853,
            -0.06417163495938608,
            1.4003940814941485,
            0.012578522951325,
            0.04052199033059738,
            -0.0038265336743376977,
            0.008822069021178915,
            0.299984206577875,
            0.0010668818654654619,
            0.014927001458761307,
            -0.0013139748006712913,
            -0.00826367213267561,
            -0.045492156391216565
        ],
        [
            -0.1735604663113421,
            -0.28207959248476894,
            -0.01274831443618132,
            -0.17519550883540902,
            -0.05143214449163324,
            -0.48430922409259436,
            -0.494586493910106,
            0.003412769481397543,
            -0.08740142629787839,
            0.012578522951325,
            -0.44698675127529297,
            -0.5977576319923676,
            -0.1102680542736525,
            -0.07927011526569584,
            -0.0034638554384819123,
            -0.5986237572210678,
            -0.5459307391426412,
            0.012389084035352493,
            0.07472295764655623,
            -0.0033801397823864515
        ],
        [
            -0.2593890328179542,
            -0.2829562089897746,
            -0.017674727544754236,
            -0.13359590477054728,
            -0.05373495978256285,
            -0.4739454572529469,
            -0.4018128155185423,
            0.02996702147317304,
            -0.14319066130622565,
            0.04052199033059738,
            -0.5977576319923676,
            -0.43070140196022644,
            -0.08718517116828531,
            -0.024200005052887344,
            -0.0011223796594295697,
            -0.4746425340561762,
            -0.3693026082156887,
            0.06440085377569144,
            0.23624124912164268,
            -0.006393507814850735
        ],
        [
            -0.005014395823851003,
            -0.023975754780894143,
            -0.03697525070390764,
            -0.010178494736571897,
            -0.003447115110494834,
            -0.017559562403321696,
            -0.0557899761722281,
            0.2888879369455267,
            0.08868294185606279,
            -0.0038265336743376977,
            -0.1102680542736525,
            -0.08718517116828531,
            1.3747268964723125,
            -0.05550389134551598,
            0.0002969494308330858,
            -0.01693976171935141,
            -0.07725974802584595,
            0.3417020112974366,
            -0.26695475342334285,
            0.0051276743189056645
        ],
        [
            0.24736983256724293,
            0.16735963132545842,
            0.018422855730419477,
            0.19261917662826422,
            0.07182770050498441,
            0.0385363581880539,
            0.10071394144690193,
            0.10585052178533641,
            -0.773648987809818,
            0.008822069021178915,
            -0.07927011526569584,
            -0.024200005052887344,
            -0.05550389134551598,
            0.8933428169455611,
            0.00829833034233097,
            -0.01025546151507617,
            -0.11045859969910973,
            -0.28567749538493725,
            -0.5109830296942817,
            0.018371529418445595
        ],
        [
            0.019563523537578974,
            0.0026023515081814302,
            0.0010625208724171099,
            0.022313493345343688,
            -0.030217308429167578,
            0.0070775488783243745,
            0.0011567158802391238,
            -0.004726145237903229,
            0.028113739625499845,
            0.299984206577875,
            -0.0034638554384819123,
            -0.0011223796594295697,
            0.0002969494308330858,
            0.00829833034233097,
            1.4022261203975075,
            -0.0049902487079684366,
            -0.0013250275258350139,
            0.0065394576840936205,
            0.021530814619541257,
            0.4268675859945774
        ],
        [
            0.0025517679390014564,
            -0.11237748424345917,
            -0.0028289902295152787,
            -0.04097767547525965,
            -0.007454484983436793,
            -0.24358619072747403,
            -0.31596896268396785,
            0.00337656886433077,
            -0.30425730276124274,
            0.0010668818654654619,
            -0.5986237572210678,
            -0.4746425340561762,
            -0.01693976171935141,
            -0.01025546151507617,
            -0.0049902487079684366,
            -0.29017077122793733,
            -0.47744101288088125,
            0.08713163123000482,
            0.29111232180998015,
            -0.00788173845921443
        ],
        [
            -0.10814269161409652,
            -0.17411769750407585,
            -0.00947828872350112,
            -0.0854319911450836,
            -0.027535541388711067,
            -0.31829746371592404,
            -0.3080940318669405,
            0.01930403755299153,
            -0.18730130673333073,
            0.014927001458761307,
            -0.5459307391426412,
            -0.3693026082156887,
            -0.07725974802584595,
            -0.11045859969910973,
            -0.0013250275258350139,
            -0.47744101288088125,
            -0.3170847925396023,
            0.07014718973215125,
            0.24321293923269227,
            -0.006698467611014036
        ],
        [
            0.0037860859407199366,
            0.020611982169191502,
            -0.001418692105886597,
            0.007441644911645341,
            0.0014955757540191538,
            0.04210931649400786,
            0.04976665335459725,
            -0.04831382757385923,
            0.05589346490183429,
            -0.0013139748006712913,
            0.012389084035352493,
            0.06440085377569144,
            0.3417020112974366,
            -0.28567749538493725,
            0.0065394576840936205,
            0.08713163123000482,
            0.07014718973215125,
            1.4426086971988379,
            -0.08017968587999298,
            0.001794116873325312
        ],
        [
            0.04544070248467179,
            0.10405060942818012,
            0.005603542518802885,
            0.05495636618363032,
            0.012057385406556265,
            0.23377593061017615,
            0.1872602417685837,
            -0.013114782465248519,
            0.18487717198752796,
            -0.00826367213267561,
            0.07472295764655623,
            0.23624124912164268,
            -0.26695475342334285,
            -0.5109830296942817,
            0.021530814619541257,
            0.29111232180998015,
            0.24321293923269227,
            -0.08017968587999298,
            1.1931497345036286,
            0.0065218158128938645
        ],
        [
            0.0022831194089349364,
            0.0005992105305455617,
            0.00039528493333766955,
            0.00393272403629987,
            -0.001444674633716679,
            -0.005319466912116053,
            -0.004512172008305268,
            0.00025674456343255793,
            -0.006337333400848516,
            -0.045492156391216565,
            -0.0033801397823864515,
            -0.006393507814850735,
            0.0051276743189056645,
            0.018371529418445595,
            0.4268675859945774,
            -0.00788173845921443,
            -0.006698467611014036,
            0.001794116873325312,
            0.0065218158128938645,
            1.4670395451123524
        ]
    ]
}