{
    "HF": -2.1681560315990547,
    "coordinates": [
        [
            0.78396,
            0.000582,
            -0.102705
        ],
        [
            1.583203,
            0.160614,
            0.096951
        ],
        [
            2.384193,
            -0.123163,
            0.072196
        ],
        [
            3.171935,
            0.176174,
            -0.142592
        ]
    ],
    "elements": [
        "H",
        "H",
        "H",
        "H"
    ],
    "Enn": 2.739615678058609,
    "S": [
        [
            0.9999999999999999,
            0.6848602514927513,
            0.0,
            0.0,
            0.0,
            0.4922938337819287,
            0.5353964493021373,
            -0.12029740302025202,
            -0.4815625740379216,
            -0.09642301759094127,
            0.09277394488473842,
            0.2756340323579931,
            -0.013348358955849838,
            -0.12212900153227513,
            0.00944415800362284,
            0.007136014894658815,
            0.09281133915595996,
            0.00013384032798282369,
            -0.008012820147285661,
            -0.0005891967526051086
        ],
        [
            0.6848602514927513,
            1.0000000000000002,
            0.0,
            0.0,
            0.0,
            0.5353964493021373,
            0.8577754650544237,
            -0.0417763190595945,
            -0.16723479672109756,
            -0.03348533423360693,
            0.2756340323579931,
            0.5667600648026904,
            -0.017997634417338128,
            -0.16466691737931874,
            0.012733587978190552,
            0.09281133915595996,
            0.2867196472692483,
            0.0012776847013993024,
            -0.07649307104630575,
            -0.005624669994938355
        ],
        [
            0.0,
            0.0,
            1.0000000000000004,
            0.0,
            0.0,
            0.12029740302025198,
            0.041776319059594454,
            0.35935825161425333,
            -0.16606024001785483,
            -0.033250153370798806,
            0.013348358955849836,
            0.017997634417338117,
            0.031229476648025552,
            -0.024649589763528233,
            0.0019061370970901118,
            -0.00013384032798282369,
            -0.0012776847013993022,
            0.0005823479301633966,
            0.00014460168921426176,
            1.063281642919656e-05
        ],
        [
            0.0,
            0.0,
            0.0,
            1.0000000000000004,
            0.0,
            0.48156257403792135,
            0.16723479672109753,
            -0.16606024001785488,
            -0.26391464312592067,
            -0.1331037000167155,
            0.12212900153227513,
            0.16466691737931874,
            -0.024649589763528226,
            -0.1916044734614048,
            0.01743994308373194,
            0.008012820147285665,
            0.07649307104630579,
            0.00014460168921426181,
            -0.008072323488321397,
            -0.0006365708078449285
        ],
        [
            0.0,
            0.0,
            0.0,
            0.0,
            1.0000000000000004,
            0.09642301759094127,
            0.0334853342336069,
            -0.03325015337079881,
            -0.1331037000167155,
            0.37418987598873,
            -0.009444158003622838,
            -0.012733587978190554,
            0.0019061370970901118,
            0.017439943083731944,
            0.03257498829685072,
            0.0005891967526051086,
            0.005624669994938356,
            1.063281642919656e-05,
            -0.0006365708078449283,
            0.0005379550811120383
        ],
        [
            0.4922938337819287,
            0.5353964493021373,
            0.12029740302025202,
            0.4815625740379216,
            0.09642301759094127,
            0.9999999999999999,
            0.6848602514927513,
            0.0,
            0.0,
            0.0,
            0.4838893662658109,
            0.5319531106891839,
            0.014593779395530176,
            -0.47220647780350256,
            0.16729464494144067,
            0.09474951329565416,
            0.27804240344424647,
            0.018756008149004525,
            -0.12439633109122061,
            -0.0012183344401569228
        ],
        [
            0.5353964493021373,
            0.8577754650544237,
            0.0417763190595945,
            0.16723479672109756,
            0.03348533423360694,
            0.6848602514927513,
            1.0000000000000002,
            0.0,
            0.0,
            0.0,
            0.5319531106891839,
            0.8543321371876296,
            0.00514421403405938,
            -0.16644976768900094,
            0.05897029391812822,
            0.2780424034442465,
            0.5698495895361415,
            0.024879982515399926,
            -0.16501264650462075,
            -0.001616129579823343
        ],
        [
            -0.12029740302025198,
            -0.041776319059594454,
            0.35935825161425333,
            -0.16606024001785483,
            -0.033250153370798806,
            0.0,
            0.0,
            1.0000000000000004,
            0.0,
            0.0,
            -0.014593779395530158,
            -0.005144214034059356,
            0.39072495492946036,
            0.02014581367128937,
            -0.007137315779469763,
            -0.018756008149004525,
            -0.024879982515399923,
            0.029820579791419652,
            0.034620834930159994,
            0.00033907555932233296
        ],
        [
            -0.48156257403792135,
            -0.16723479672109753,
            -0.16606024001785488,
            -0.26391464312592067,
            -0.1331037000167155,
            0.0,
            0.0,
            0.0,
            1.0000000000000004,
            0.0,
            0.47220647780350256,
            0.16644976768900055,
            0.020145813671289408,
            -0.26050438945636545,
            0.23093995419905025,
            0.12439633109122065,
            0.16501264650462072,
            0.034620834930159994,
            -0.19457676940625154,
            -0.0022488663476423385
        ],
        [
            -0.09642301759094124,
            -0.03348533423360688,
            -0.03325015337079881,
            -0.1331037000167155,
            0.37418987598873,
            0.0,
            0.0,
            0.0,
            0.0,
            1.0000000000000004,
            -0.16729464494144067,
            -0.05897029391812823,
            -0.007137315779469775,
            0.23093995419905022,
            0.3095295120833435,
            0.0012183344401569228,
            0.0016161295798233426,
            0.0003390755593223329,
            -0.0022488663476423376,
            0.035018552955745665
        ],
        [
            0.09277394488473842,
            0.2756340323579931,
            0.013348358955849838,
            0.12212900153227513,
            -0.00944415800362284,
            0.4838893662658109,
            0.5319531106891839,
            -0.014593779395530176,
            0.4722064778035026,
            -0.16729464494144067,
            0.9999999999999999,
            0.6848602514927513,
            0.0,
            0.0,
            0.0,
            0.46903088607995774,
            0.5257541219750296,
            0.12172140928556532,
            -0.4464172411560695,
            -0.16963574078306645
        ],
        [
            0.2756340323579931,
            0.5667600648026904,
            0.017997634417338128,
            0.16466691737931874,
            -0.012733587978190549,
            0.5319531106891839,
            0.8543321371876296,
            -0.005144214034059358,
            0.1664497676890006,
            -0.05897029391812822,
            0.6848602514927513,
            1.0000000000000002,
            0.0,
            0.0,
            0.0,
            0.5257541219750296,
            0.8481117182904228,
            0.04407891136041273,
            -0.1616608460103647,
            -0.06143010359001374
        ],
        [
            -0.013348358955849836,
            -0.017997634417338117,
            0.031229476648025552,
            -0.024649589763528226,
            0.0019061370970901118,
            0.014593779395530176,
            0.005144214034059356,
            0.39072495492946036,
            0.020145813671289405,
            -0.007137315779469771,
            0.0,
            0.0,
            1.0000000000000004,
            0.0,
            0.0,
            -0.12172140928556532,
            -0.0440789113604127,
            0.3297966498586134,
            0.1645799003364729,
            0.06253932585417407
        ],
        [
            -0.12212900153227509,
            -0.16466691737931874,
            -0.024649589763528233,
            -0.1916044734614048,
            0.017439943083731944,
            -0.47220647780350256,
            -0.16644976768900088,
            0.020145813671289373,
            -0.26050438945636545,
            0.23093995419905014,
            0.0,
            0.0,
            0.0,
            1.0000000000000004,
            0.0,
            0.44641724115606896,
            0.16166084601036465,
            0.1645799003364729,
            -0.22893067688116772,
            -0.2293650186556921
        ],
        [
            0.00944415800362284,
            0.012733587978190552,
            0.0019061370970901118,
            0.01743994308373194,
            0.03257498829685072,
            0.16729464494144067,
            0.05897029391812823,
            -0.0071373157794697665,
            0.23093995419905036,
            0.3095295120833435,
            0.0,
            0.0,
            0.0,
            0.0,
            1.0000000000000004,
            0.1696357407830664,
            0.06143010359001368,
            0.06253932585417404,
            -0.22936501865569198,
            0.2875142160720836
        ],
        [
            0.007136014894658815,
            0.09281133915595996,
            -0.00013384032798282369,
            0.008012820147285663,
            0.0005891967526051086,
            0.09474951329565416,
            0.27804240344424647,
            -0.018756008149004525,
            0.12439633109122065,
            0.0012183344401569228,
            0.46903088607995774,
            0.5257541219750296,
            -0.12172140928556532,
            0.4464172411560695,
            0.16963574078306645,
            0.9999999999999999,
            0.6848602514927513,
            0.0,
            0.0,
            0.0
        ],
        [
            0.09281133915595996,
            0.2867196472692483,
            -0.0012776847013993024,
            0.07649307104630575,
            0.005624669994938356,
            0.2780424034442465,
            0.5698495895361415,
            -0.024879982515399926,
            0.16501264650462075,
            0.001616129579823343,
            0.5257541219750296,
            0.8481117182904228,
            -0.04407891136041273,
            0.1616608460103647,
            0.06143010359001374,
            0.6848602514927513,
            1.0000000000000002,
            0.0,
            0.0,
            0.0
        ],
        [
            0.00013384032798282369,
            0.0012776847013993022,
            0.0005823479301633966,
            0.00014460168921426176,
            1.063281642919656e-05,
            0.018756008149004525,
            0.024879982515399923,
            0.029820579791419652,
            0.03462083493016001,
            0.00033907555932233296,
            0.12172140928556532,
            0.0440789113604127,
            0.3297966498586134,
            0.1645799003364729,
            0.06253932585417407,
            0.0,
            0.0,
            1.0000000000000004,
            0.0,
            0.0
        ],
        [
            -0.008012820147285665,
            -0.07649307104630573,
            0.00014460168921426181,
            -0.008072323488321397,
            -0.0006365708078449285,
            -0.12439633109122061,
            -0.16501264650462072,
            0.03462083493015999,
            -0.1945767694062515,
            -0.0022488663476423376,
            -0.44641724115606896,
            -0.16166084601036465,
            0.1645799003364729,
            -0.22893067688116772,
            -0.2293650186556921,
            0.0,
            0.0,
            0.0,
            1.0000000000000004,
            0.0
        ],
        [
            -0.0005891967526051086,
            -0.0056246699949383545,
            1.063281642919656e-05,
            -0.0006365708078449283,
            0.0005379550811120383,
            -0.0012183344401569228,
            -0.0016161295798233426,
            0.0003390755593223329,
            -0.0022488663476423385,
            0.035018552955745665,
            -0.1696357407830664,
            -0.06143010359001368,
            0.06253932585417404,
            -0.22936501865569198,
            0.2875142160720836,
            0.0,
            0.0,
            0.0,
            0.0,
            1.0000000000000004
        ]
    ],
    "h": [
        [
            -0.22636807005654735,
            -0.44958814424474225,
            -0.05934094437224474,
            -0.2387397165151063,
            -0.04353502304116251,
            -0.5349360221327789,
            -0.44000440518877904,
            0.01149746160492901,
            0.04266439199416394,
            0.022755906297400708,
            -0.20270637741595388,
            -0.2835335701346561,
            0.005430571740290675,
            0.2628785016046261,
            -0.0433106089047271,
            0.002906693493965034,
            -0.1094102910342202,
            -0.0037567768096045456,
            0.043287134873647985,
            0.0020993845077288222
        ],
        [
            -0.44958814424474225,
            -0.3087834846968325,
            -0.05217254804107602,
            -0.21420238351423865,
            -0.03686657888602198,
            -0.5095463995678655,
            -0.36340473713358323,
            0.0471769233404605,
            0.10295349494860831,
            0.06834848251331144,
            -0.29611042579199354,
            -0.29594088043589206,
            0.004574221320284899,
            0.16653184502860913,
            -0.0611986130801394,
            -0.10801223040128083,
            -0.17472762974117506,
            -0.017284300153133363,
            0.09159167653147578,
            0.019539367276879955
        ],
        [
            -0.05934094437224474,
            -0.05217254804107602,
            1.477146485450348,
            -0.05339295133086362,
            -0.010082339394686467,
            -0.016112188308364972,
            -0.047278659978385026,
            0.24563123317392915,
            -0.2211738664881786,
            -0.040681383908512336,
            -0.03359322647076015,
            -0.03660826981813141,
            -0.03958941960629616,
            0.04356078992510964,
            -0.009586796315309213,
            -0.002185651829560998,
            -0.015589557404714197,
            -0.0025799254804249883,
            0.0035429419500950664,
            0.00040674172923803217
        ],
        [
            -0.2387397165151063,
            -0.21420238351423865,
            -0.05339295133086362,
            1.2698739295264583,
            -0.03933806100906566,
            -0.07995622505797384,
            -0.2025799752609223,
            -0.2138787971843354,
            -0.6000960807884033,
            -0.15567859622651514,
            -0.20230617197760928,
            -0.16073417718375654,
            0.00887767384125418,
            0.18696658250700993,
            -0.05029072240294916,
            -0.043486692369224006,
            -0.09637865171774765,
            -0.005364732215964632,
            0.055676302250765745,
            0.00661636166933162
        ],
        [
            -0.04353502304116251,
            -0.03686657888602198,
            -0.010082339394686467,
            -0.03933806100906566,
            1.4819607216330364,
            -0.005318958257198164,
            -0.031222763089100727,
            -0.04430979718775073,
            -0.1758120549297045,
            0.26453334316244154,
            -0.008245513620190445,
            -0.024267224428297672,
            -0.00029044529193645576,
            0.017071831283076995,
            -0.04491288449573303,
            -0.00018508605752343968,
            -0.009582695248344566,
            -0.00023135219698048,
            0.003799376964223988,
            -0.0019323779475273603
        ],
        [
            -0.5349360221327789,
            -0.5095463995678655,
            -0.016112188308364972,
            -0.07995622505797384,
            -0.005318958257198164,
            -0.3777166868522164,
            -0.5701281590759143,
            0.060541938023189475,
            0.04280300627735504,
            0.10991614030903826,
            -0.47288275988314665,
            -0.4779928642717759,
            0.011781092363824958,
            0.06590584626186369,
            -0.030785362181842246,
            -0.20154645523508447,
            -0.2974503833697484,
            -0.03851609748633822,
            0.19465637417894116,
            0.031068950535315637
        ],
        [
            -0.44000440518877904,
            -0.36340473713358323,
            -0.047278659978385026,
            -0.2025799752609223,
            -0.031222763089100727,
            -0.5701281590759143,
            -0.4303792715233803,
            0.0527792417897584,
            0.008681271377671038,
            0.0958564902027649,
            -0.4755042628820956,
            -0.4036234655302424,
            0.021911315222514854,
            0.11353162841467807,
            -0.09426004136726607,
            -0.2813153615494771,
            -0.2967115322419256,
            -0.037948992671750476,
            0.1496962389336459,
            0.046943909743748125
        ],
        [
            0.01149746160492901,
            0.0471769233404605,
            0.24563123317392915,
            -0.2138787971843354,
            -0.04430979718775073,
            0.060541938023189475,
            0.0527792417897584,
            1.4086548234315976,
            -0.04407094726819327,
            -0.012514531562110767,
            0.0163930618486774,
            0.033392577273156226,
            0.2755730536074116,
            0.014055821254313663,
            -0.005142490764372398,
            0.017813445180087623,
            0.015226727022724075,
            -0.03670454433970015,
            -0.01924718557031485,
            -0.002939396295921648
        ],
        [
            0.04266439199416394,
            0.10295349494860831,
            -0.2211738664881786,
            -0.6000960807884033,
            -0.1758120549297045,
            0.04280300627735504,
            0.008681271377671038,
            -0.04407094726819327,
            0.9803599482230017,
            0.024088424068441396,
            -0.06415158064968485,
            -0.10894574380228189,
            0.0410087559402363,
            -0.6859933773849101,
            0.2809854634719489,
            -0.26035594716772315,
            -0.1650387008008924,
            -0.04700722881154805,
            0.1702413797554604,
            0.045616086619279614
        ],
        [
            0.022755906297400708,
            0.06834848251331144,
            -0.040681383908512336,
            -0.15567859622651514,
            0.26453334316244154,
            0.10991614030903826,
            0.0958564902027649,
            -0.012514531562110767,
            0.024088424068441396,
            1.3898207597416092,
            0.021651438665784728,
            0.07739059116252255,
            -0.011388183568383472,
            0.28902964934953834,
            0.17714299641998937,
            0.03433879792410757,
            0.05476710858740397,
            0.008591761210140669,
            -0.037648146410807534,
            -0.04968950811446584
        ],
        [
            -0.20270637741595388,
            -0.29611042579199354,
            -0.03359322647076015,
            -0.20230617197760928,
            -0.008245513620190445,
            -0.47288275988314665,
            -0.4755042628820956,
            0.0163930618486774,
            -0.06415158064968485,
            0.021651438665784728,
            -0.3623355078178816,
            -0.561858808880736,
            0.047794578618510816,
            -0.0203027617406462,
            -0.14011909707622794,
            -0.5202126154530058,
            -0.5010522318316594,
            -0.01994873766967531,
            0.08442657325317882,
            0.019116407822795334
        ],
        [
            -0.2835335701346561,
            -0.29594088043589206,
            -0.03660826981813141,
            -0.16073417718375654,
            -0.024267224428297672,
            -0.4779928642717759,
            -0.4036234655302424,
            0.033392577273156226,
            -0.10894574380228189,
            0.07739059116252255,
            -0.561858808880736,
            -0.42685320655252523,
            0.04181965975647189,
            0.0053776013353886015,
            -0.12351475418302421,
            -0.4325563520643064,
            -0.3632187296214834,
            -0.048258516270355906,
            0.1867558740524662,
            0.05950799881840002
        ],
        [
            0.005430571740290675,
            0.004574221320284899,
            -0.03958941960629616,
            0.00887767384125418,
            -0.00029044529193645576,
            0.011781092363824958,
            0.021911315222514854,
            0.2755730536074116,
            0.0410087559402363,
            -0.011388183568383472,
            0.047794578618510816,
            0.04181965975647189,
            1.4109408710229838,
            0.05322339745747295,
            0.016062179182295987,
            0.012898058498713255,
            0.04180668659959452,
            0.20592466089252798,
            0.20803401324954118,
            0.08022681604501207
        ],
        [
            0.2628785016046261,
            0.16653184502860913,
            0.04356078992510964,
            0.18696658250700993,
            0.017071831283076995,
            0.06590584626186369,
            0.11353162841467807,
            0.014055821254313663,
            -0.6859933773849101,
            0.28902964934953834,
            -0.0203027617406462,
            0.0053776013353886015,
            0.05322339745747295,
            1.0185293794767702,
            -0.00020762128353347606,
            -0.04746929220439089,
            -0.08772424579243959,
            0.2137591358107111,
            -0.5329308386576467,
            -0.2957117629238393
        ],
        [
            -0.0433106089047271,
            -0.0611986130801394,
            -0.009586796315309213,
            -0.05029072240294916,
            -0.04491288449573303,
            -0.030785362181842246,
            -0.09426004136726607,
            -0.005142490764372398,
            0.2809854634719489,
            0.17714299641998937,
            -0.14011909707622794,
            -0.12351475418302421,
            0.016062179182295987,
            -0.00020762128353347606,
            1.3751188222692747,
            -0.03248922091721762,
            -0.09430884457190056,
            0.07583124839995511,
            -0.2718356010637771,
            0.1535797639314357
        ],
        [
            0.002906693493965034,
            -0.10801223040128083,
            -0.002185651829560998,
            -0.043486692369224006,
            -0.00018508605752343968,
            -0.20154645523508447,
            -0.2813153615494771,
            0.017813445180087623,
            -0.26035594716772315,
            0.03433879792410757,
            -0.5202126154530058,
            -0.4325563520643064,
            0.012898058498713255,
            -0.04746929220439089,
            -0.03248922091721762,
            -0.21221151960320128,
            -0.44309179597803094,
            -0.05847201067988062,
            0.214746823813785,
            0.07697026481567137
        ],
        [
            -0.1094102910342202,
            -0.17472762974117506,
            -0.015589557404714197,
            -0.09637865171774765,
            -0.009582695248344566,
            -0.2974503833697484,
            -0.2967115322419256,
            0.015226727022724075,
            -0.1650387008008924,
            0.05476710858740397,
            -0.5010522318316594,
            -0.3632187296214834,
            0.04180668659959452,
            -0.08772424579243959,
            -0.09430884457190056,
            -0.44309179597803094,
            -0.30820752032743814,
            -0.052897217502433154,
            0.1975147650911178,
            0.06805728397294739
        ],
        [
            -0.0037567768096045456,
            -0.017284300153133363,
            -0.0025799254804249883,
            -0.005364732215964632,
            -0.00023135219698048,
            -0.03851609748633822,
            -0.037948992671750476,
            -0.03670454433970015,
            -0.04700722881154805,
            0.008591761210140669,
            -0.01994873766967531,
            -0.048258516270355906,
            0.20592466089252798,
            0.2137591358107111,
            0.07583124839995511,
            -0.05847201067988062,
            -0.052897217502433154,
            1.4787856364511143,
            0.049953884352057,
            0.018001659993111055
        ],
        [
            0.043287134873647985,
            0.09159167653147578,
            0.0035429419500950664,
            0.055676302250765745,
            0.003799376964223988,
            0.19465637417894116,
            0.1496962389336459,
            -0.01924718557031485,
            0.1702413797554604,
            -0.037648146410807534,
            0.08442657325317882,
            0.1867558740524662,
            0.20803401324954118,
            -0.5329308386576467,
            -0.2718356010637771,
            0.214746823813785,
            0.1975147650911178,
            0.049953884352057,
            1.3039155972909189,
            -0.06558685486188828
        ],
        [
            0.0020993845077288222,
            0.019539367276879955,
            0.00040674172923803217,
            0.00661636166933162,
            -0.0019323779475273603,
            0.031068950535315637,
            0.046943909743748125,
            -0.002939396295921648,
            0.045616086619279614,
            -0.04968950811446584,
            0.019116407822795334,
            0.05950799881840002,
            0.08022681604501207,
            -0.2957117629238393,
            0.1535797639314357,
            0.07697026481567137,
            0.06805728397294739,
            0.018001659993111055,
            -0.06558685486188828,
            1.4671891481518733
        ]
    ]
}