{
    "HF": -2.1725983569655214,
    "coordinates": [
        [
            0.658631,
            -0.033827,
            -0.129092
        ],
        [
            1.400154,
            -0.124432,
            0.129767
        ],
        [
            2.159756,
            0.167547,
            -0.13183
        ],
        [
            2.889241,
            0.14433,
            -0.069389
        ]
    ],
    "elements": [
        "H",
        "H",
        "H",
        "H"
    ],
    "Enn": 2.943312112188169,
    "S": [
        [
            0.9999999999999999,
            0.6848602514927513,
            0.0,
            0.0,
            0.0,
            0.5302685903683936,
            0.5504189820061876,
            -0.17135498373881133,
            -0.49086051327925473,
            0.05997712384601269,
            0.12094065997040723,
            0.30738536480413664,
            0.0002885304446702194,
            -0.1581885550604781,
            -0.02122079246348486,
            0.01280092091738653,
            0.11935941589241075,
            -0.0004097922876573233,
            -0.01531056688560545,
            -0.001222842480146153
        ],
        [
            0.6848602514927513,
            1.0000000000000002,
            0.0,
            0.0,
            0.0,
            0.5504189820061876,
            0.8727004747965554,
            -0.05578805216779155,
            -0.15980948627483396,
            0.01952675574989764,
            0.3073853648041366,
            0.6067130827002357,
            0.00031660839713022586,
            -0.17358246170274452,
            -0.023285865362930112,
            0.11935941589241075,
            0.3356941866763383,
            -0.0025054078710245375,
            -0.09360648294367185,
            -0.007476273387905428
        ],
        [
            0.0,
            0.0,
            1.0000000000000004,
            0.0,
            0.0,
            0.1713549837388113,
            0.05578805216779155,
            0.36695596622506743,
            -0.2213782095036354,
            0.02704969727449706,
            -0.0002885304446702194,
            -0.0003166083971302258,
            0.050907976047385034,
            0.0005432212245255279,
            7.287243292037884e-05,
            0.0004097922876573233,
            0.0025054078710245323,
            0.0014827018506226692,
            -0.0005174202233627036,
            -4.132593090393622e-05
        ],
        [
            0.0,
            0.0,
            0.0,
            1.0000000000000004,
            0.0,
            0.4908605132792545,
            0.15980948627483413,
            -0.22137820950363526,
            -0.18991907277512154,
            0.07748609347975875,
            0.15818855506047802,
            0.17358246170274452,
            0.0005432212245255338,
            -0.24691534309424387,
            -0.03995275049949054,
            0.015310566885605451,
            0.09360648294367176,
            -0.0005174202233627034,
            -0.017835186737223705,
            -0.0015440100955333757
        ],
        [
            0.0,
            0.0,
            0.0,
            0.0,
            1.0000000000000004,
            -0.05997712384601269,
            -0.01952675574989764,
            0.02704969727449706,
            0.07748609347975881,
            0.43476925648601417,
            0.02122079246348485,
            0.023285865362930116,
            7.28724329203796e-05,
            -0.03995275049949053,
            0.04554935645250009,
            0.0012228424801461533,
            0.00747627338790543,
            -4.132593090393623e-05,
            -0.001544010095533377,
            0.001373231944635286
        ],
        [
            0.5302685903683936,
            0.5504189820061876,
            0.17135498373881133,
            0.4908605132792545,
            -0.059977123846012705,
            0.9999999999999999,
            0.6848602514927513,
            0.0,
            0.0,
            0.0,
            0.48031962360044855,
            0.5304769489803948,
            0.1527798383006601,
            -0.44362844655274336,
            -0.17052376138559863,
            0.11735582196161673,
            0.3036204613476549,
            0.02023140166965432,
            -0.15126994525929696,
            -0.02730237590401311
        ],
        [
            0.5504189820061876,
            0.8727004747965554,
            0.05578805216779155,
            0.15980948627483413,
            -0.01952675574989764,
            0.6848602514927513,
            1.0000000000000002,
            0.0,
            0.0,
            0.0,
            0.5304769489803947,
            0.852853384723479,
            0.05420013322278164,
            -0.15738150512540794,
            -0.0604949624737844,
            0.3036204613476549,
            0.6020602360467509,
            0.022727749654463274,
            -0.16993510890817137,
            -0.030671209768386883
        ],
        [
            -0.1713549837388113,
            -0.05578805216779158,
            0.36695596622506743,
            -0.22137820950363535,
            0.02704969727449707,
            0.0,
            0.0,
            1.0000000000000004,
            0.0,
            0.0,
            -0.15277983830066008,
            -0.054200133222781624,
            0.3185143238281154,
            0.19981601123589796,
            0.07680611576147282,
            -0.02023140166965432,
            -0.022727749654463267,
            0.04361911410527124,
            0.037438326642699,
            0.006757160290261795
        ],
        [
            -0.49086051327925434,
            -0.15980948627483396,
            -0.22137820950363532,
            -0.18991907277512154,
            0.07748609347975881,
            0.0,
            0.0,
            0.0,
            1.0000000000000004,
            0.0,
            0.44362844655274336,
            0.1573815051254079,
            0.1998160112358981,
            -0.19287953746402858,
            -0.22302273781674214,
            0.15126994525929702,
            0.16993510890817112,
            0.03743832664269898,
            -0.2312996605812925,
            -0.05052320565358344
        ],
        [
            0.05997712384601269,
            0.01952675574989764,
            0.02704969727449705,
            0.07748609347975875,
            0.43476925648601417,
            0.0,
            0.0,
            0.0,
            0.0,
            1.0000000000000004,
            0.17052376138559855,
            0.06049496247378431,
            0.0768061157614728,
            -0.2230227378167419,
            0.30160193171524935,
            0.027302375904013108,
            0.030671209768386876,
            0.006757160290261794,
            -0.05052320565358345,
            0.03950743331226517
        ],
        [
            0.12094065997040723,
            0.30738536480413664,
            -0.0002885304446702194,
            0.15818855506047808,
            0.02122079246348486,
            0.48031962360044855,
            0.5304769489803948,
            -0.1527798383006601,
            0.44362844655274336,
            0.17052376138559863,
            0.9999999999999999,
            0.6848602514927513,
            0.0,
            0.0,
            0.0,
            0.5767519978268629,
            0.5677067384198653,
            -0.04596843431019228,
            -0.5370394981305655,
            0.017092121192481425
        ],
        [
            0.3073853648041366,
            0.6067130827002357,
            -0.00031660839713022586,
            0.17358246170274463,
            0.023285865362930126,
            0.5304769489803947,
            0.852853384723479,
            -0.05420013322278164,
            0.15738150512540827,
            0.0604949624737844,
            0.6848602514927513,
            1.0000000000000002,
            0.0,
            0.0,
            0.0,
            0.5677067384198653,
            0.8896855028813768,
            -0.013908634540819028,
            -0.16249163639290537,
            0.005171550233567595
        ],
        [
            0.0002885304446702194,
            0.0003166083971302258,
            0.050907976047385034,
            0.0005432212245255339,
            7.287243292037963e-05,
            0.15277983830066008,
            0.054200133222781624,
            0.3185143238281154,
            0.1998160112358981,
            0.07680611576147282,
            0.0,
            0.0,
            1.0000000000000004,
            0.0,
            0.0,
            0.04596843431019228,
            0.013908634540819026,
            0.49326598744364825,
            -0.058927486252544785,
            0.0018754593286021337
        ],
        [
            -0.158188555060478,
            -0.17358246170274452,
            0.0005432212245255278,
            -0.24691534309424387,
            -0.039952750499490534,
            -0.44362844655274336,
            -0.1573815051254079,
            0.19981601123589796,
            -0.19287953746402858,
            -0.22302273781674198,
            0.0,
            0.0,
            0.0,
            1.0000000000000004,
            0.0,
            0.5370394981305655,
            0.16249163639290462,
            -0.05892748625254469,
            -0.1901274170989196,
            0.021910594774672526
        ],
        [
            -0.02122079246348485,
            -0.02328586536293011,
            7.287243292037882e-05,
            -0.039952750499490534,
            0.04554935645250009,
            -0.17052376138559855,
            -0.06049496247378431,
            0.0768061157614728,
            -0.22302273781674203,
            0.30160193171524935,
            0.0,
            0.0,
            0.0,
            0.0,
            1.0000000000000004,
            -0.017092121192481418,
            -0.0051715502335675945,
            0.0018754593286021378,
            0.02191059477467261,
            0.4976126057979826
        ],
        [
            0.01280092091738653,
            0.11935941589241075,
            0.0004097922876573233,
            0.015310566885605451,
            0.001222842480146153,
            0.11735582196161673,
            0.3036204613476549,
            -0.02023140166965432,
            0.15126994525929702,
            0.02730237590401311,
            0.5767519978268629,
            0.5677067384198653,
            0.04596843431019228,
            0.5370394981305655,
            -0.017092121192481418,
            0.9999999999999999,
            0.6848602514927513,
            0.0,
            0.0,
            0.0
        ],
        [
            0.11935941589241075,
            0.3356941866763383,
            0.0025054078710245375,
            0.09360648294367183,
            0.007476273387905428,
            0.3036204613476549,
            0.6020602360467509,
            -0.022727749654463274,
            0.16993510890817137,
            0.030671209768386883,
            0.5677067384198653,
            0.8896855028813768,
            0.01390863454081905,
            0.16249163639290465,
            -0.005171550233567595,
            0.6848602514927513,
            1.0000000000000002,
            0.0,
            0.0,
            0.0
        ],
        [
            -0.0004097922876573233,
            -0.0025054078710245323,
            0.0014827018506226692,
            -0.0005174202233627036,
            -4.132593090393622e-05,
            0.02023140166965432,
            0.022727749654463267,
            0.04361911410527124,
            0.037438326642698985,
            0.006757160290261795,
            -0.04596843431019228,
            -0.013908634540819026,
            0.49326598744364825,
            -0.05892748625254469,
            0.0018754593286021378,
            0.0,
            0.0,
            1.0000000000000004,
            0.0,
            0.0
        ],
        [
            -0.01531056688560545,
            -0.09360648294367183,
            -0.0005174202233627034,
            -0.017835186737223705,
            -0.0015440100955333757,
            -0.15126994525929696,
            -0.16993510890817132,
            0.037438326642698985,
            -0.23129966058129245,
            -0.05052320565358345,
            -0.5370394981305655,
            -0.16249163639290534,
            -0.058927486252544785,
            -0.19012741709891942,
            0.02191059477467261,
            0.0,
            0.0,
            0.0,
            1.0000000000000004,
            0.0
        ],
        [
            -0.0012228424801461533,
            -0.007476273387905429,
            -4.132593090393623e-05,
            -0.001544010095533377,
            0.001373231944635286,
            -0.027302375904013108,
            -0.030671209768386876,
            0.006757160290261794,
            -0.05052320565358344,
            0.03950743331226517,
            0.017092121192481425,
            0.0051715502335675945,
            0.0018754593286021337,
            0.021910594774672526,
            0.4976126057979826,
            0.0,
            0.0,
            0.0,
            0.0,
            1.0000000000000004
        ]
    ],
    "h": [
        [
            -0.25724337860214397,
            -0.46537937120117867,
            -0.08666398583345528,
            -0.26426900279359666,
            0.027800133677472055,
            -0.5672898009127559,
            -0.45960529046782117,
            0.02528884150806221,
            0.029496559768521835,
            -0.015679720172957046,
            -0.2317843110238121,
            -0.3087729286770033,
            -0.040212708308728036,
            0.27893244641795545,
            0.06439995318491387,
            -0.01640664085831796,
            -0.14145902247330258,
            -0.002226580151513634,
            0.06756118160164196,
            0.0075703606203179116
        ],
        [
            -0.46537937120117867,
            -0.31632068275388714,
            -0.07164083428508664,
            -0.22960302925647183,
            0.02149472236704525,
            -0.5266438547994299,
            -0.36946883659514906,
            0.09662111314326574,
            0.11001814359209547,
            -0.0563221390769251,
            -0.3210977118916304,
            -0.3099157983513038,
            -0.05162510710317776,
            0.15301271496810145,
            0.06134034330158837,
            -0.14453503877269702,
            -0.20175534392203665,
            0.0019584726735530572,
            0.12207750259793818,
            0.005351920515535772
        ],
        [
            -0.08666398583345528,
            -0.07164083428508664,
            1.4587910504901798,
            -0.07712987757190284,
            0.009515685525848219,
            -0.011879491156730981,
            -0.06322262466457068,
            0.2568963069653855,
            -0.305702914533904,
            0.03539086756127527,
            -0.03205503509137489,
            -0.04931201991752869,
            -0.05317788513458298,
            0.048772536343979316,
            0.013472514908673034,
            -0.002331686941242094,
            -0.022206987843220064,
            -0.005408501410828476,
            0.006939126759904002,
            0.0009072049339017127
        ],
        [
            -0.26426900279359666,
            -0.22960302925647183,
            -0.07712987757190284,
            1.243049202636002,
            0.023930757856484648,
            -0.07664757764884633,
            -0.21931738137323847,
            -0.2795834888967963,
            -0.5381134354427719,
            0.08455934396895992,
            -0.21806491225481178,
            -0.17375599727002816,
            -0.0438890434471996,
            0.12932949059067467,
            0.05537989672739388,
            -0.06741361851187672,
            -0.11428220796729863,
            0.0006769863003004781,
            0.0898259115309008,
            0.007482967554643826
        ],
        [
            0.027800133677472055,
            0.02149472236704525,
            0.009515685525848219,
            0.023930757856484648,
            1.4820979360994397,
            -0.0018219364639269486,
            0.016791568701613285,
            0.039065294663935615,
            0.1041846271639747,
            0.34649980782794443,
            -0.00536613866007913,
            0.012887991559675526,
            0.0013506852684720997,
            -0.01241403024869428,
            -0.04579129104858051,
            -0.006060051988559774,
            0.0016298246708035778,
            0.0003549450033390943,
            0.0055182783510629805,
            -0.004830561420196038
        ],
        [
            -0.5672898009127559,
            -0.5266438547994299,
            -0.011879491156730981,
            -0.07664757764884633,
            -0.0018219364639269486,
            -0.3931605417763573,
            -0.5743142363435958,
            0.14166613799962682,
            0.07952017231477547,
            -0.0931387953976317,
            -0.47750087564038546,
            -0.482975551516987,
            -0.018210063595174963,
            0.06758353790951288,
            0.026236913806748863,
            -0.23494142081803496,
            -0.31817708950928936,
            -0.007469356667508455,
            0.2284484406108053,
            0.01920582322089577
        ],
        [
            -0.45960529046782117,
            -0.36946883659514906,
            -0.06322262466457068,
            -0.21931738137323847,
            0.016791568701613285,
            -0.5743142363435958,
            -0.4259291964826819,
            0.12166780743602135,
            0.03007175985787025,
            -0.08425870265538396,
            -0.4885552921523181,
            -0.4053615722899462,
            -0.06284791393158207,
            0.08526691779537793,
            0.06869630683027218,
            -0.3137362595590306,
            -0.30830510913041176,
            0.008744560176212689,
            0.18966998948422836,
            0.0011649713374012952
        ],
        [
            0.02528884150806221,
            0.09662111314326574,
            0.2568963069653855,
            -0.2795834888967963,
            0.039065294663935615,
            0.14166613799962682,
            0.12166780743602135,
            1.3730059793604312,
            -0.019589311029237715,
            0.0314933124998785,
            0.03588224864116796,
            0.09396513039847978,
            0.1888694272615694,
            0.24135801870087153,
            0.09252952530606384,
            0.055455770758468574,
            0.06475561918282753,
            -0.044985040015000144,
            -0.05762598433676555,
            -0.0024393820762111072
        ],
        [
            0.029496559768521835,
            0.11001814359209547,
            -0.305702914533904,
            -0.5381134354427719,
            0.1041846271639747,
            0.07952017231477547,
            0.03007175985787025,
            -0.019589311029237715,
            0.98042999503659,
            -0.04226602700418849,
            -0.06947663089197753,
            -0.09000962566692972,
            0.25663773410380786,
            -0.6241886087142829,
            -0.2978058082316954,
            -0.2833173126399399,
            -0.15426049386276072,
            0.005582260118067006,
            0.1561393920271359,
            0.004403698993045074
        ],
        [
            -0.015679720172957046,
            -0.0563221390769251,
            0.03539086756127527,
            0.08455934396895992,
            0.34649980782794443,
            -0.0931387953976317,
            -0.08425870265538396,
            0.0314933124998785,
            -0.04226602700418849,
            1.391376281901819,
            -0.032288458533091924,
            -0.0785887622600342,
            0.09597005611395512,
            -0.2931674988910844,
            0.16587621691086574,
            -0.07121581428375948,
            -0.06571435188635799,
            0.0009884605541803215,
            0.065480618132013,
            -0.04210208433632541
        ],
        [
            -0.2317843110238121,
            -0.3210977118916304,
            -0.03205503509137489,
            -0.21806491225481178,
            -0.00536613866007913,
            -0.47750087564038546,
            -0.4885552921523181,
            0.03588224864116796,
            -0.06947663089197753,
            -0.032288458533091924,
            -0.42917823365602126,
            -0.5911255109840704,
            -0.08250330742501145,
            -0.12090299878574673,
            0.07350616415756506,
            -0.5969619745821916,
            -0.5432162948664516,
            -0.005306248239873079,
            0.06409983074573034,
            0.007898272010760508
        ],
        [
            -0.3087729286770033,
            -0.3099157983513038,
            -0.04931201991752869,
            -0.17375599727002816,
            0.012887991559675526,
            -0.482975551516987,
            -0.4053615722899462,
            0.09396513039847978,
            -0.09000962566692972,
            -0.0785887622600342,
            -0.5911255109840704,
            -0.431469370590013,
            -0.07143983736755546,
            -0.050287920243685155,
            0.06784813733496138,
            -0.47391454773727015,
            -0.3687122916193566,
            0.011489107582504904,
            0.24326728193702618,
            0.0008989162022504332
        ],
        [
            -0.040212708308728036,
            -0.05162510710317776,
            -0.05317788513458298,
            -0.0438890434471996,
            0.0013506852684720997,
            -0.018210063595174963,
            -0.06284791393158207,
            0.1888694272615694,
            0.25663773410380786,
            0.09597005611395512,
            -0.08250330742501145,
            -0.07143983736755546,
            1.3920790335567506,
            0.033407412960130056,
            0.02256960593893231,
            -0.01567752761088753,
            -0.04934173391683269,
            0.43503208176997243,
            -0.06431058816297347,
            0.005112123138395977
        ],
        [
            0.27893244641795545,
            0.15301271496810145,
            0.048772536343979316,
            0.12932949059067467,
            -0.01241403024869428,
            0.06758353790951288,
            0.08526691779537793,
            0.24135801870087153,
            -0.6241886087142829,
            -0.2931674988910844,
            -0.12090299878574673,
            -0.050287920243685155,
            0.033407412960130056,
            0.9103696292945989,
            -0.0612132792742381,
            -0.01636637531019336,
            -0.13226773767665684,
            -0.08313934353718143,
            -0.574279694426403,
            0.028004077916066385
        ],
        [
            0.06439995318491387,
            0.06134034330158837,
            0.013472514908673034,
            0.05537989672739388,
            -0.04579129104858051,
            0.026236913806748863,
            0.06869630683027218,
            0.09252952530606384,
            -0.2978058082316954,
            0.16587621691086574,
            0.07350616415756506,
            0.06784813733496138,
            0.02256960593893231,
            -0.0612132792742381,
            1.388163413555301,
            0.01247958161632172,
            0.04054669771299621,
            0.004244523873624901,
            0.01068255379329535,
            0.44014590455921854
        ],
        [
            -0.01640664085831796,
            -0.14453503877269702,
            -0.002331686941242094,
            -0.06741361851187672,
            -0.006060051988559774,
            -0.23494142081803496,
            -0.3137362595590306,
            0.055455770758468574,
            -0.2833173126399399,
            -0.07121581428375948,
            -0.5969619745821916,
            -0.47391454773727015,
            -0.01567752761088753,
            -0.01636637531019336,
            0.01247958161632172,
            -0.2906081610374627,
            -0.4784707023659751,
            0.021490119336456864,
            0.3078642720732796,
            -0.005743142983880331
        ],
        [
            -0.14145902247330258,
            -0.20175534392203665,
            -0.022206987843220064,
            -0.11428220796729863,
            0.0016298246708035778,
            -0.31817708950928936,
            -0.30830510913041176,
            0.06475561918282753,
            -0.15426049386276072,
            -0.06571435188635799,
            -0.5432162948664516,
            -0.3687122916193566,
            -0.04934173391683269,
            -0.13226773767665684,
            0.04054669771299621,
            -0.4784707023659751,
            -0.31628387371772493,
            0.015298729473926586,
            0.25444149797283466,
            -0.002353119712751227
        ],
        [
            -0.002226580151513634,
            0.0019584726735530572,
            -0.005408501410828476,
            0.0006769863003004781,
            0.0003549450033390943,
            -0.007469356667508455,
            0.008744560176212689,
            -0.044985040015000144,
            0.005582260118067006,
            0.0009884605541803215,
            -0.005306248239873079,
            0.011489107582504904,
            0.43503208176997243,
            -0.08313934353718143,
            0.004244523873624901,
            0.021490119336456864,
            0.015298729473926586,
            1.4776011362621704,
            -0.020323408865125788,
            0.001377351240858527
        ],
        [
            0.06756118160164196,
            0.12207750259793818,
            0.006939126759904002,
            0.0898259115309008,
            0.0055182783510629805,
            0.2284484406108053,
            0.18966998948422836,
            -0.05762598433676555,
            0.1561393920271359,
            0.065480618132013,
            0.06409983074573034,
            0.24326728193702618,
            -0.06431058816297347,
            -0.574279694426403,
            0.01068255379329535,
            0.3078642720732796,
            0.25444149797283466,
            -0.020323408865125788,
            1.1820788497458368,
            0.0047157376394868136
        ],
        [
            0.0075703606203179116,
            0.005351920515535772,
            0.0009072049339017127,
            0.007482967554643826,
            -0.004830561420196038,
            0.01920582322089577,
            0.0011649713374012952,
            -0.0024393820762111072,
            0.004403698993045074,
            -0.04210208433632541,
            0.007898272010760508,
            0.0008989162022504332,
            0.005112123138395977,
            0.028004077916066385,
            0.44014590455921854,
            -0.005743142983880331,
            -0.002353119712751227,
            0.001377351240858527,
            0.0047157376394868136,
            1.479043217246214
        ]
    ]
}