{
    "HF": -2.127842165779568,
    "coordinates": [
        [
            0.806342,
            -0.01013,
            -0.174423
        ],
        [
            1.44886,
            0.198699,
            -0.073552
        ],
        [
            2.138511,
            0.0426,
            0.14818
        ],
        [
            2.974409,
            -0.098615,
            -0.061707
        ]
    ],
    "elements": [
        "H",
        "H",
        "H",
        "H"
    ],
    "Enn": 3.064491735945454,
    "S": [
        [
            0.9999999999999999,
            0.6848602514927513,
            0.0,
            0.0,
            0.0,
            0.6169136286584813,
            0.5817623647847618,
            -0.08084332417952347,
            -0.5149477150536731,
            -0.1673665428625245,
            0.17227499725742282,
            0.3549415487347801,
            -0.05240097102585892,
            -0.21638654684100103,
            -0.008565026370472503,
            0.016193037183124204,
            0.13201658867027377,
            -0.0010309805016860767,
            -0.019830678904051127,
            0.0008093465851493354
        ],
        [
            0.6848602514927513,
            1.0000000000000002,
            0.0,
            0.0,
            0.0,
            0.5817623647847618,
            0.9033503507502613,
            -0.023063111416940587,
            -0.14690509880332145,
            -0.047746592123487315,
            0.3549415487347801,
            0.6637415522395007,
            -0.04350865953286505,
            -0.17966630025522812,
            -0.007111563181892222,
            0.13201658867027377,
            0.3575752335995614,
            -0.00527027905041711,
            -0.10137263644913468,
            0.0041373065206018475
        ],
        [
            0.0,
            0.0,
            1.0000000000000004,
            0.0,
            0.0,
            0.08084332417952345,
            0.023063111416940604,
            0.5312757167124339,
            -0.0918185112004816,
            -0.029842538069727816,
            0.052400971025858924,
            0.04350865953286509,
            0.06345985741732126,
            -0.09701726614987331,
            -0.0038401437385818314,
            0.0010309805016860763,
            0.005270279050417107,
            0.0021083507409836583,
            -0.0013832466021905891,
            5.645424038778981e-05
        ],
        [
            0.0,
            0.0,
            0.0,
            1.0000000000000004,
            0.0,
            0.5149477150536731,
            0.14690509880332142,
            -0.09181851120048166,
            -0.03916575810706938,
            -0.19008801216886306,
            0.21638654684100098,
            0.17966630025522806,
            -0.09701726614987329,
            -0.3136728398565794,
            -0.015857634442589863,
            0.019830678904051127,
            0.10137263644913475,
            -0.0013832466021905902,
            -0.02442617382205549,
            0.0010858846622913726
        ],
        [
            0.0,
            0.0,
            0.0,
            0.0,
            1.0000000000000004,
            0.16736654286252445,
            0.04774659212348727,
            -0.029842538069727816,
            -0.19008801216886295,
            0.4839088500255741,
            0.008565026370472503,
            0.007111563181892219,
            -0.003840143738581831,
            -0.015857634442589866,
            0.08632624152293385,
            -0.0008093465851493351,
            -0.004137306520601847,
            5.645424038778981e-05,
            0.0010858846622913716,
            0.002135946530075814
        ],
        [
            0.6169136286584813,
            0.5817623647847618,
            0.08084332417952345,
            0.5149477150536733,
            0.1673665428625245,
            0.9999999999999999,
            0.6848602514927513,
            0.0,
            0.0,
            0.0,
            0.5698713199035502,
            0.565219258382908,
            -0.16077982495468313,
            -0.5000720106246374,
            0.11318875893240976,
            0.10903322693503946,
            0.2945935072123307,
            -0.0011001790625927638,
            -0.1416949825883769,
            0.02761491243695267
        ],
        [
            0.5817623647847618,
            0.9033503507502613,
            0.023063111416940608,
            0.14690509880332145,
            0.047746592123487336,
            0.6848602514927513,
            1.0000000000000002,
            0.0,
            0.0,
            0.0,
            0.565219258382908,
            0.8872538309969803,
            -0.04915948990460679,
            -0.15290030925713002,
            0.034608208173016124,
            0.2945935072123307,
            0.590814342057763,
            -0.0013088013845168258,
            -0.16856400534810154,
            0.032851411974355094
        ],
        [
            -0.08084332417952347,
            -0.02306311141694058,
            0.5312757167124339,
            -0.09181851120048166,
            -0.029842538069727826,
            0.0,
            0.0,
            1.0000000000000004,
            0.0,
            0.0,
            0.1607798249546831,
            0.04915948990460677,
            0.4276730868819148,
            -0.19462847239927847,
            0.04405316589558337,
            0.0011001790625927632,
            0.0013088013845168253,
            0.04344249054784544,
            -0.0020387609583883766,
            0.00039733379628073686
        ],
        [
            -0.5149477150536731,
            -0.14690509880332142,
            -0.0918185112004816,
            -0.03916575810706938,
            -0.19008801216886298,
            0.0,
            0.0,
            0.0,
            1.0000000000000004,
            0.0,
            0.5000720106246376,
            0.15290030925713002,
            -0.1946284723992784,
            -0.11510240930949557,
            0.1370181566623444,
            0.14169498258837687,
            0.1685640053481013,
            -0.002038760958388377,
            -0.21911911666369208,
            0.05117367459538044
        ],
        [
            -0.16736654286252445,
            -0.04774659212348725,
            -0.029842538069727805,
            -0.190088012168863,
            0.4839088500255741,
            0.0,
            0.0,
            0.0,
            0.0,
            1.0000000000000004,
            -0.11318875893240973,
            -0.034608208173016124,
            0.044053165895583384,
            0.13701815666234451,
            0.45923537448129703,
            -0.027614912436952643,
            -0.03285141197435506,
            0.00039733379628073686,
            0.05117367459538043,
            0.03348509110338392
        ],
        [
            0.17227499725742282,
            0.3549415487347801,
            0.05240097102585892,
            0.21638654684100098,
            0.008565026370472503,
            0.5698713199035502,
            0.565219258382908,
            0.16077982495468313,
            0.5000720106246377,
            -0.11318875893240976,
            0.9999999999999999,
            0.6848602514927513,
            0.0,
            0.0,
            0.0,
            0.4662350635861995,
            0.5245713740045563,
            0.1180472168254505,
            -0.4701359896037411,
            0.0794238696251125
        ],
        [
            0.3549415487347801,
            0.6637415522395007,
            0.04350865953286505,
            0.179666300255228,
            0.007111563181892219,
            0.565219258382908,
            0.8872538309969803,
            0.04915948990460679,
            0.15290030925713002,
            -0.034608208173016124,
            0.6848602514927513,
            1.0000000000000002,
            0.0,
            0.0,
            0.0,
            0.5245713740045564,
            0.8469217190328859,
            0.04296967329633995,
            -0.17113143724510804,
            0.02891061578155216
        ],
        [
            -0.052400971025858924,
            -0.04350865953286509,
            0.06345985741732126,
            -0.0970172661498733,
            -0.0038401437385818314,
            -0.1607798249546831,
            -0.04915948990460677,
            0.4276730868819148,
            -0.19462847239927833,
            0.04405316589558337,
            0.0,
            0.0,
            1.0000000000000004,
            0.0,
            0.0,
            -0.11804721682545044,
            -0.042969673296339904,
            0.32905639347772275,
            0.169234084437918,
            -0.028590080648476957
        ],
        [
            -0.21638654684100103,
            -0.17966630025522806,
            -0.0970172661498733,
            -0.3136728398565794,
            -0.015857634442589866,
            -0.5000720106246374,
            -0.15290030925713002,
            -0.19462847239927852,
            -0.11510240930949574,
            0.13701815666234451,
            0.0,
            0.0,
            0.0,
            1.0000000000000004,
            0.0,
            0.47013598960374114,
            0.17113143724510801,
            0.1692340844379182,
            -0.30244364721132594,
            0.11386313222782074
        ],
        [
            -0.008565026370472503,
            -0.00711156318189222,
            -0.003840143738581831,
            -0.015857634442589863,
            0.08632624152293385,
            0.11318875893240973,
            0.034608208173016124,
            0.044053165895583384,
            0.1370181566623444,
            0.45923537448129703,
            0.0,
            0.0,
            0.0,
            0.0,
            1.0000000000000004,
            -0.0794238696251125,
            -0.02891061578155216,
            -0.028590080648476967,
            0.11386313222782063,
            0.3523138388393214
        ],
        [
            0.016193037183124204,
            0.13201658867027377,
            0.0010309805016860767,
            0.019830678904051127,
            -0.0008093465851493354,
            0.10903322693503946,
            0.2945935072123307,
            0.0011001790625927638,
            0.14169498258837696,
            -0.02761491243695267,
            0.4662350635861995,
            0.5245713740045563,
            -0.11804721682545048,
            0.47013598960374114,
            -0.0794238696251125,
            0.9999999999999999,
            0.6848602514927513,
            0.0,
            0.0,
            0.0
        ],
        [
            0.13201658867027377,
            0.3575752335995614,
            0.00527027905041711,
            0.10137263644913472,
            -0.004137306520601848,
            0.2945935072123307,
            0.590814342057763,
            0.0013088013845168258,
            0.16856400534810137,
            -0.032851411974355094,
            0.5245713740045564,
            0.8469217190328859,
            -0.04296967329633995,
            0.17113143724510804,
            -0.02891061578155216,
            0.6848602514927513,
            1.0000000000000002,
            0.0,
            0.0,
            0.0
        ],
        [
            -0.0010309805016860763,
            -0.005270279050417107,
            0.0021083507409836583,
            -0.0013832466021905896,
            5.645424038778983e-05,
            -0.0011001790625927632,
            -0.0013088013845168253,
            0.04344249054784544,
            -0.002038760958388377,
            0.00039733379628073686,
            0.11804721682545044,
            0.042969673296339904,
            0.32905639347772275,
            0.16923408443791818,
            -0.028590080648476957,
            0.0,
            0.0,
            1.0000000000000004,
            0.0,
            0.0
        ],
        [
            -0.019830678904051127,
            -0.10137263644913479,
            -0.0013832466021905898,
            -0.02442617382205549,
            0.0010858846622913726,
            -0.14169498258837682,
            -0.16856400534810148,
            -0.0020387609583883766,
            -0.21911911666369213,
            0.05117367459538043,
            -0.4701359896037411,
            -0.17113143724510801,
            0.16923408443791801,
            -0.30244364721132594,
            0.11386313222782063,
            0.0,
            0.0,
            0.0,
            1.0000000000000004,
            0.0
        ],
        [
            0.0008093465851493351,
            0.004137306520601846,
            5.645424038778979e-05,
            0.0010858846622913716,
            0.002135946530075814,
            0.027614912436952643,
            0.032851411974355066,
            0.00039733379628073686,
            0.05117367459538044,
            0.03348509110338392,
            0.0794238696251125,
            0.028910615781552157,
            -0.028590080648476967,
            0.11386313222782074,
            0.3523138388393214,
            0.0,
            0.0,
            0.0,
            0.0,
            1.0000000000000004
        ]
    ],
    "h": [
        [
            -0.339094615763343,
            -0.4980973976030969,
            -0.05579369987394938,
            -0.323980042895082,
            -0.09979238814135216,
            -0.6478096647444169,
            -0.49757972219279356,
            -0.015435633899888779,
            -0.007577145899609228,
            0.01933832580652428,
            -0.32445655635298276,
            -0.36189223939576076,
            0.08821437413858421,
            0.35125629058340874,
            -0.03600167291979414,
            -0.020272505536708584,
            -0.15381750998626706,
            -0.00013230838558578447,
            0.07685135457371887,
            -0.008522355118876553
        ],
        [
            -0.4980973976030969,
            -0.3274132263312044,
            -0.04657997973089695,
            -0.2628445180651865,
            -0.07577359069635844,
            -0.5818663961054338,
            -0.379822572929831,
            -0.005654196568435424,
            0.0987203733077161,
            0.09569428459987618,
            -0.3808486025525813,
            -0.33568613638074973,
            0.07836783579508588,
            0.20515119567694903,
            -0.03232752916049231,
            -0.14493879725701053,
            -0.207631570807297,
            -0.016302832608625393,
            0.11295855877619654,
            -0.018108466405933193
        ],
        [
            -0.05579369987394938,
            -0.04657997973089695,
            1.4425823314016528,
            -0.051939809316803295,
            -0.014250207210648257,
            -0.023191101149543397,
            -0.047647848896427654,
            0.4787403116635879,
            -0.1449200291901372,
            -0.03704955948355046,
            -0.055482454364894726,
            -0.0391915196224394,
            -0.03701243489515352,
            0.014038537421742298,
            -0.008851254712132998,
            -0.011638403975795315,
            -0.02336566445146178,
            -0.007439829296267297,
            0.012545987650606903,
            -0.0014520775887313826
        ],
        [
            -0.323980042895082,
            -0.2628445180651865,
            -0.051939809316803295,
            1.1471877219610325,
            -0.08856118900676642,
            -0.09507700445107303,
            -0.26234684496036664,
            -0.15814785028758177,
            -0.40771049517982405,
            -0.2503651793569793,
            -0.28144197715499,
            -0.21988663565439465,
            0.0477641572462284,
            0.07790112982258535,
            -0.0451905524757654,
            -0.08305245698731378,
            -0.13579319204511808,
            -0.00200447482825769,
            0.10815515568361381,
            -0.010589283424160451
        ],
        [
            -0.09979238814135216,
            -0.07577359069635844,
            -0.014250207210648257,
            -0.08856118900676642,
            1.4232956436397928,
            -0.011208673568418981,
            -0.06928883438978628,
            -0.04638802128720585,
            -0.28191623789769493,
            0.4169449938596218,
            -0.04894903974639761,
            -0.05626530885955254,
            0.0182764036654237,
            0.06523803820942416,
            -0.053489837759350733,
            -0.0004367543767660137,
            -0.022394791354448947,
            -0.00016503281719221425,
            0.0031113501535712652,
            -0.00736669643048881
        ],
        [
            -0.6478096647444169,
            -0.5818663961054338,
            -0.023191101149543397,
            -0.09507700445107303,
            -0.011208673568418981,
            -0.5329161837534153,
            -0.6340108692971128,
            -0.02833992314493309,
            0.07003714044893539,
            0.14767848200420003,
            -0.5644474265436301,
            -0.5477821601771125,
            0.041315385295924933,
            0.09782641933986924,
            0.0020185114175879926,
            -0.22246656865408285,
            -0.3334867111850239,
            -0.023460782808957387,
            0.22111183043413693,
            -0.039683047182190546
        ],
        [
            -0.49757972219279356,
            -0.379822572929831,
            -0.047647848896427654,
            -0.26234684496036664,
            -0.06928883438978628,
            -0.6340108692971128,
            -0.43943501765996373,
            -0.027944550211559106,
            0.011718232425789954,
            0.11499116717202608,
            -0.5245497931594543,
            -0.420810134003446,
            0.09863488290642537,
            0.15734329084573628,
            -0.02441073931356995,
            -0.28848931681897805,
            -0.3060108092492817,
            -0.03419446299481671,
            0.16118530613984816,
            -0.028069560848232436
        ],
        [
            -0.015435633899888779,
            -0.005654196568435424,
            0.4787403116635879,
            -0.15814785028758177,
            -0.04638802128720585,
            -0.02833992314493309,
            -0.027944550211559106,
            1.3432639804717008,
            -0.12045636266345683,
            0.003725441049389622,
            -0.00013680586091058267,
            -0.04325703485046567,
            0.3238732468594405,
            -0.29429162694544064,
            0.06445611477953433,
            -0.04450865264806898,
            -0.04742380172595892,
            -0.05099964839880117,
            0.041812020296383,
            -0.007557889874526042
        ],
        [
            -0.007577145899609228,
            0.0987203733077161,
            -0.1449200291901372,
            -0.40771049517982405,
            -0.28191623789769493,
            0.07003714044893539,
            0.011718232425789954,
            -0.12045636266345683,
            0.8176441902285991,
            -0.030732305657681355,
            -0.021101048707731662,
            -0.10663768467074802,
            -0.2773805781309492,
            -0.6128180028864445,
            0.21092813135910138,
            -0.2853527310382832,
            -0.17812030073412294,
            -0.037539024233350336,
            0.1683420425301595,
            -0.038617528387930006
        ],
        [
            0.01933832580652428,
            0.09569428459987618,
            -0.03704955948355046,
            -0.2503651793569793,
            0.4169449938596218,
            0.14767848200420003,
            0.11499116717202608,
            0.003725441049389622,
            -0.030732305657681355,
            1.3330112768683158,
            0.03670998481005272,
            0.0917001959947576,
            0.04976370428562689,
            0.16510737198325043,
            0.36859046880055957,
            0.04815394200599406,
            0.0555065648136798,
            0.007169957836770928,
            -0.04698730471284723,
            -0.035198189292048904
        ],
        [
            -0.32445655635298276,
            -0.3808486025525813,
            -0.055482454364894726,
            -0.28144197715499,
            -0.04894903974639761,
            -0.5644474265436301,
            -0.5245497931594543,
            -0.00013680586091058267,
            -0.021101048707731662,
            0.03670998481005272,
            -0.41285568563331854,
            -0.5906375619915053,
            0.12720636400928795,
            0.039047304837747904,
            -0.016742715914502822,
            -0.5132563941510515,
            -0.5093860284342491,
            -0.012199818031906562,
            0.08923347737791842,
            -0.01719952776909167
        ],
        [
            -0.36189223939576076,
            -0.33568613638074973,
            -0.0391915196224394,
            -0.21988663565439465,
            -0.05626530885955254,
            -0.5477821601771125,
            -0.420810134003446,
            -0.04325703485046567,
            -0.10663768467074802,
            0.0917001959947576,
            -0.5906375619915053,
            -0.43932315201893957,
            0.11050838825367443,
            0.04344734099092973,
            -0.011696469078654128,
            -0.4234536677921821,
            -0.3622206578899594,
            -0.04049843791738921,
            0.1935991771318098,
            -0.03450465599446499
        ],
        [
            0.08821437413858421,
            0.07836783579508588,
            -0.03701243489515352,
            0.0477641572462284,
            0.0182764036654237,
            0.041315385295924933,
            0.09863488290642537,
            0.3238732468594405,
            -0.2773805781309492,
            0.04976370428562689,
            0.12720636400928795,
            0.11050838825367443,
            1.3709921206952373,
            -0.039333623468838494,
            0.008944805671519581,
            0.01997769345839559,
            0.07423966037914143,
            0.20806386103161695,
            0.19725582821844845,
            -0.032887932111326235
        ],
        [
            0.35125629058340874,
            0.20515119567694903,
            0.014038537421742298,
            0.07790112982258535,
            0.06523803820942416,
            0.09782641933986924,
            0.15734329084573628,
            -0.29429162694544064,
            -0.6128180028864445,
            0.16510737198325043,
            0.039047304837747904,
            0.04344734099092973,
            -0.039333623468838494,
            0.8968304219453129,
            0.08741903886559826,
            -0.055147561145176494,
            -0.0832608023104775,
            0.21800569551094184,
            -0.6320164701037995,
            0.1501471883112435
        ],
        [
            -0.03600167291979414,
            -0.03232752916049231,
            -0.008851254712132998,
            -0.0451905524757654,
            -0.053489837759350733,
            0.0020185114175879926,
            -0.02441073931356995,
            0.06445611477953433,
            0.21092813135910138,
            0.36859046880055957,
            -0.016742715914502822,
            -0.011696469078654128,
            0.008944805671519581,
            0.08741903886559826,
            1.3918978554628247,
            0.0021176744607922793,
            0.007760480468600332,
            -0.0375281693436703,
            0.15441440439404047,
            0.23584328334868082
        ],
        [
            -0.020272505536708584,
            -0.14493879725701053,
            -0.011638403975795315,
            -0.08305245698731378,
            -0.0004367543767660137,
            -0.22246656865408285,
            -0.28848931681897805,
            -0.04450865264806898,
            -0.2853527310382832,
            0.04815394200599406,
            -0.5132563941510515,
            -0.4234536677921821,
            0.01997769345839559,
            -0.055147561145176494,
            0.0021176744607922793,
            -0.20272135251129564,
            -0.43841965573858954,
            -0.054024843298090305,
            0.22461438093652228,
            -0.03971413301439759
        ],
        [
            -0.15381750998626706,
            -0.207631570807297,
            -0.02336566445146178,
            -0.13579319204511808,
            -0.022394791354448947,
            -0.3334867111850239,
            -0.3060108092492817,
            -0.04742380172595892,
            -0.17812030073412294,
            0.0555065648136798,
            -0.5093860284342491,
            -0.3622206578899594,
            0.07423966037914143,
            -0.0832608023104775,
            0.007760480468600332,
            -0.43841965573858954,
            -0.30404736483659556,
            -0.04774214547701386,
            0.20700767500597755,
            -0.036771440222876275
        ],
        [
            -0.00013230838558578447,
            -0.016302832608625393,
            -0.007439829296267297,
            -0.00200447482825769,
            -0.00016503281719221425,
            -0.023460782808957387,
            -0.03419446299481671,
            -0.05099964839880117,
            -0.037539024233350336,
            0.007169957836770928,
            -0.012199818031906562,
            -0.04049843791738921,
            0.20806386103161695,
            0.21800569551094184,
            -0.0375281693436703,
            -0.054024843298090305,
            -0.04774214547701386,
            1.4975606968182362,
            0.04779438054896735,
            -0.008150099196502657
        ],
        [
            0.07685135457371887,
            0.11295855877619654,
            0.012545987650606903,
            0.10815515568361381,
            0.0031113501535712652,
            0.22111183043413693,
            0.16118530613984816,
            0.041812020296383,
            0.1683420425301595,
            -0.04698730471284723,
            0.08923347737791842,
            0.1935991771318098,
            0.19725582821844845,
            -0.6320164701037995,
            0.15441440439404047,
            0.22461438093652228,
            0.20700767500597755,
            0.04779438054896735,
            1.3028990362626431,
            0.03594463275851405
        ],
        [
            -0.008522355118876553,
            -0.018108466405933193,
            -0.0014520775887313826,
            -0.010589283424160451,
            -0.00736669643048881,
            -0.039683047182190546,
            -0.028069560848232436,
            -0.007557889874526042,
            -0.038617528387930006,
            -0.035198189292048904,
            -0.01719952776909167,
            -0.03450465599446499,
            -0.032887932111326235,
            0.1501471883112435,
            0.23584328334868082,
            -0.03971413301439759,
            -0.036771440222876275,
            -0.008150099196502657,
            0.03594463275851405,
            1.5034323315097875
        ]
    ]
}