{
    "HF": -2.1459714226613786,
    "coordinates": [
        [
            0.690366,
            -0.175483,
            -0.188831
        ],
        [
            1.34844,
            -0.017229,
            -0.135148
        ],
        [
            2.109241,
            0.073693,
            -0.093217
        ],
        [
            2.86353,
            -0.013275,
            -0.082241
        ]
    ],
    "elements": [
        "H",
        "H",
        "H",
        "H"
    ],
    "Enn": 3.1239919774559994,
    "S": [
        [
            0.9999999999999999,
            0.6848602514927513,
            0.0,
            0.0,
            0.0,
            0.6202850581948046,
            0.5829076042441084,
            -0.04332075897934616,
            -0.5310482861347956,
            -0.1277067859754009,
            0.1446594841780553,
            0.33068543042924536,
            -0.012538000103503193,
            -0.18605910114479143,
            -0.03267480404324168,
            0.015684903617146882,
            0.13022625101187277,
            -0.0009377339972498962,
            -0.019118583022793637,
            -0.0014270377730172734
        ],
        [
            0.6848602514927513,
            1.0000000000000002,
            0.0,
            0.0,
            0.0,
            0.5829076042441084,
            0.9044581815434338,
            -0.012299853051141165,
            -0.1507779650313257,
            -0.036259168540418586,
            0.33068543042924536,
            0.6350425751927834,
            -0.011955104580034228,
            -0.17740915567799764,
            -0.031155742243129746,
            0.1302262510118728,
            0.3545297834456854,
            -0.004911370399020202,
            -0.10013334592190944,
            -0.007474092970112285
        ],
        [
            0.0,
            0.0,
            1.0000000000000004,
            0.0,
            0.0,
            0.04332075897934616,
            0.012299853051141162,
            0.5455779241607508,
            -0.05041525428380474,
            -0.012123888273095785,
            0.012538000103503187,
            0.011955104580034225,
            0.06523294263224481,
            -0.02353405021105966,
            -0.004132936654314864,
            0.0009377339972498962,
            0.004911370399020196,
            0.002010807416985394,
            -0.001245989312095722,
            -9.300238469642551e-05
        ],
        [
            0.0,
            0.0,
            0.0,
            1.0000000000000004,
            0.0,
            0.5310482861347958,
            0.15077796503132568,
            -0.05041525428380476,
            -0.06832568611967543,
            -0.1486208977037281,
            0.18605910114479138,
            0.17740915567799748,
            -0.02353405021105966,
            -0.2824174210133549,
            -0.06133119099076496,
            0.019118583022793633,
            0.10013334592190945,
            -0.0012459893120957215,
            -0.023331391782368992,
            -0.0018961387966640658
        ],
        [
            0.0,
            0.0,
            0.0,
            0.0,
            1.0000000000000004,
            0.1277067859754009,
            0.03625916854041854,
            -0.01212388827309579,
            -0.14862089770372813,
            0.5139501597307804,
            0.03267480404324168,
            0.031155742243129735,
            -0.004132936654314864,
            -0.06133119099076496,
            0.056048147516794475,
            0.0014270377730172732,
            0.007474092970112282,
            -9.300238469642549e-05,
            -0.0018961387966640658,
            0.0019303906232445618
        ],
        [
            0.6202850581948046,
            0.5829076042441084,
            0.04332075897934616,
            0.5310482861347958,
            0.1277067859754009,
            0.9999999999999999,
            0.6848602514927513,
            0.0,
            0.0,
            0.0,
            0.5487549452228073,
            0.5574324919455182,
            -0.028986917541708176,
            -0.5259420441355829,
            -0.06285441598643464,
            0.12049055671443909,
            0.30691652315785145,
            -0.00555005745656565,
            -0.1589361814479756,
            -0.0004147830567459991
        ],
        [
            0.5829076042441084,
            0.9044581815434338,
            0.012299853051141165,
            0.1507779650313257,
            0.03625916854041859,
            0.6848602514927513,
            1.0000000000000002,
            0.0,
            0.0,
            0.0,
            0.5574324919455182,
            0.8796152989749154,
            -0.009159741183584348,
            -0.1661954222940582,
            -0.019861724926518703,
            0.30691652315785145,
            0.6061348475066022,
            -0.006107914102308517,
            -0.17491144040045037,
            -0.0004564744241882533
        ],
        [
            -0.04332075897934616,
            -0.012299853051141162,
            0.5455779241607508,
            -0.05041525428380476,
            -0.012123888273095785,
            0.0,
            0.0,
            1.0000000000000004,
            0.0,
            0.0,
            0.028986917541708176,
            0.009159741183584346,
            0.463503279137675,
            -0.03856365320621608,
            -0.004608674905547678,
            0.005550057456565645,
            0.006107914102308514,
            0.050252659247768526,
            -0.01053441265466393,
            -2.7492140821034514e-05
        ],
        [
            -0.5310482861347956,
            -0.15077796503132568,
            -0.05041525428380474,
            -0.06832568611967561,
            -0.14862089770372808,
            0.0,
            0.0,
            0.0,
            1.0000000000000004,
            0.0,
            0.5259420441355825,
            0.16619542229405818,
            -0.03856365320621608,
            -0.2340747762270947,
            -0.08362034000657217,
            0.15893618144797558,
            0.17491144040045012,
            -0.010534412654663929,
            -0.2510519089470918,
            -0.0007872884048715892
        ],
        [
            -0.1277067859754009,
            -0.036259168540418565,
            -0.01212388827309579,
            -0.1486208977037282,
            0.5139501597307804,
            0.0,
            0.0,
            0.0,
            0.0,
            1.0000000000000004,
            0.06285441598643463,
            0.019861724926518696,
            -0.004608674905547676,
            -0.08362034000657215,
            0.45563536622551043,
            0.00041478305674599907,
            0.00045647442418825164,
            -2.7492140821034528e-05,
            -0.0007872884048715897,
            0.05061846671265011
        ],
        [
            0.1446594841780553,
            0.33068543042924536,
            0.012538000103503198,
            0.18605910114479146,
            0.03267480404324168,
            0.5487549452228073,
            0.5574324919455182,
            0.028986917541708176,
            0.5259420441355829,
            0.06285441598643464,
            0.9999999999999999,
            0.6848602514927513,
            0.0,
            0.0,
            0.0,
            0.5551507870366684,
            0.559815754173697,
            -0.007699751798352132,
            -0.5291397671489829,
            0.061008747667555485
        ],
        [
            0.33068543042924536,
            0.6350425751927834,
            0.011955104580034228,
            0.17740915567799775,
            0.031155742243129746,
            0.5574324919455182,
            0.8796152989749154,
            0.009159741183584348,
            0.1661954222940582,
            0.019861724926518703,
            0.6848602514927513,
            1.0000000000000002,
            0.0,
            0.0,
            0.0,
            0.559815754173697,
            0.8819574794042077,
            -0.0024086290523138345,
            -0.16552499993082564,
            0.019084698562466158
        ],
        [
            -0.012538000103503187,
            -0.011955104580034225,
            0.06523294263224481,
            -0.023534050211059664,
            -0.004132936654314864,
            -0.028986917541708176,
            -0.009159741183584346,
            0.463503279137675,
            -0.03856365320621608,
            -0.004608674905547678,
            0.0,
            0.0,
            1.0000000000000004,
            0.0,
            0.0,
            0.00769975179835213,
            0.002408629052313811,
            0.47291793404104754,
            -0.010168002757744118,
            0.001172350205074568
        ],
        [
            -0.18605910114479143,
            -0.1774091556779976,
            -0.023534050211059657,
            -0.282417421013355,
            -0.06133119099076494,
            -0.5259420441355825,
            -0.16619542229405818,
            -0.03856365320621608,
            -0.2340747762270947,
            -0.08362034000657217,
            0.0,
            0.0,
            0.0,
            1.0000000000000004,
            0.0,
            0.5291397671489831,
            0.16552499993082523,
            -0.010168002757744097,
            -0.22569619058891843,
            0.08056585858559491
        ],
        [
            -0.03267480404324168,
            -0.031155742243129742,
            -0.004132936654314864,
            -0.061331190990764964,
            0.056048147516794475,
            -0.06285441598643463,
            -0.01986172492651869,
            -0.004608674905547676,
            -0.08362034000657215,
            0.45563536622551043,
            0.0,
            0.0,
            0.0,
            0.0,
            1.0000000000000004,
            -0.06100874766755547,
            -0.019084698562466147,
            0.0011723502050745647,
            0.08056585858559487,
            0.46377681228108153
        ],
        [
            0.015684903617146882,
            0.13022625101187277,
            0.0009377339972498962,
            0.019118583022793633,
            0.0014270377730172734,
            0.12049055671443909,
            0.30691652315785145,
            0.00555005745656565,
            0.15893618144797567,
            0.0004147830567459991,
            0.5551507870366684,
            0.559815754173697,
            0.007699751798352132,
            0.5291397671489831,
            -0.061008747667555485,
            0.9999999999999999,
            0.6848602514927513,
            0.0,
            0.0,
            0.0
        ],
        [
            0.1302262510118728,
            0.3545297834456854,
            0.0049113703990202075,
            0.10013334592190948,
            0.007474092970112285,
            0.30691652315785145,
            0.6061348475066022,
            0.006107914102308528,
            0.1749114404004502,
            0.00045647442418825186,
            0.559815754173697,
            0.8819574794042077,
            0.002408629052313812,
            0.165524999930826,
            -0.019084698562466154,
            0.6848602514927513,
            1.0000000000000002,
            0.0,
            0.0,
            0.0
        ],
        [
            -0.0009377339972498962,
            -0.004911370399020196,
            0.002010807416985394,
            -0.0012459893120957217,
            -9.30023846964255e-05,
            -0.005550057456565648,
            -0.006107914102308514,
            0.050252659247768526,
            -0.010534412654663929,
            -2.7492140821034528e-05,
            -0.00769975179835213,
            -0.002408629052313833,
            0.47291793404104754,
            -0.010168002757744097,
            0.0011723502050745647,
            0.0,
            0.0,
            1.0000000000000004,
            0.0,
            0.0
        ],
        [
            -0.019118583022793637,
            -0.10013334592190941,
            -0.0012459893120957217,
            -0.023331391782368992,
            -0.0018961387966640658,
            -0.15893618144797558,
            -0.17491144040044992,
            -0.01053441265466393,
            -0.25105190894709173,
            -0.0007872884048715897,
            -0.5291397671489827,
            -0.1655249999308256,
            -0.010168002757744118,
            -0.2256961905889186,
            0.08056585858559487,
            0.0,
            0.0,
            0.0,
            1.0000000000000004,
            0.0
        ],
        [
            -0.0014270377730172734,
            -0.007474092970112282,
            -9.30023846964255e-05,
            -0.0018961387966640658,
            0.0019303906232445618,
            -0.00041478305674599907,
            -0.00045647442418825316,
            -2.7492140821034514e-05,
            -0.0007872884048715892,
            0.05061846671265011,
            0.06100874766755547,
            0.019084698562466154,
            0.001172350205074568,
            0.08056585858559491,
            0.46377681228108153,
            0.0,
            0.0,
            0.0,
            0.0,
            1.0000000000000004
        ]
    ],
    "h": [
        [
            -0.33029174705621345,
            -0.49272406701703386,
            -0.02688393597036793,
            -0.3294666137917428,
            -0.07948794846542531,
            -0.6364417064907998,
            -0.4912000956615121,
            -0.00033120672331626855,
            -0.007487923975186828,
            -0.0011197735115564544,
            -0.28530811936152406,
            -0.34236885442307435,
            0.020110829113350027,
            0.34550889219583003,
            0.04518005902443607,
            -0.021988117074133187,
            -0.1551733389528357,
            0.003164149302518014,
            0.07820968523975755,
            0.002314450525235161
        ],
        [
            -0.49272406701703386,
            -0.3181946296797351,
            -0.021231027346672808,
            -0.2628907328574257,
            -0.062409274190399336,
            -0.571092691331416,
            -0.37037049046267834,
            0.011726128986283495,
            0.10934905385712376,
            0.0389819431615156,
            -0.35599533619223794,
            -0.3207334993870914,
            0.012776816848624865,
            0.19423747317607504,
            0.03444942020360424,
            -0.1519529617339129,
            -0.20699491678317916,
            0.003102581719093345,
            0.12555637571733336,
            -0.0072544467289964954
        ],
        [
            -0.02688393597036793,
            -0.021231027346672808,
            1.4636434131741984,
            -0.025185735287530576,
            -0.005974150397315336,
            -0.005237048235010283,
            -0.020424484840092447,
            0.5141122964032073,
            -0.07785494137620619,
            -0.018180242018822578,
            -0.019493109973279424,
            -0.0163705898359024,
            -0.04615594960605722,
            0.01631201147005682,
            0.002080894148039948,
            -0.00467476038740466,
            -0.00951140627904545,
            -0.006242187525684781,
            0.006609757852211303,
            0.00013501649626416123
        ],
        [
            -0.3294666137917428,
            -0.2628907328574257,
            -0.025185735287530576,
            1.1531918703749857,
            -0.07383293173053561,
            -0.07195369317400191,
            -0.25688655198004157,
            -0.07682718609920564,
            -0.44384629603228387,
            -0.223623214166344,
            -0.26518877326648965,
            -0.20788327769815035,
            0.011131781936056552,
            0.14911950323261158,
            0.02516988457506493,
            -0.08006031314394799,
            -0.13156143196997616,
            0.004556457827187533,
            0.10752040367218893,
            0.002928356425510853
        ],
        [
            -0.07948794846542531,
            -0.062409274190399336,
            -0.005974150397315336,
            -0.07383293173053561,
            1.4481256714185406,
            -0.014586082577861925,
            -0.059470386717321015,
            -0.018291962758433526,
            -0.22802767117288275,
            0.46687852610381253,
            -0.05388187886530073,
            -0.04731675095365002,
            0.0027650962254874784,
            0.048757044826093804,
            -0.040896457658052,
            -0.0100541717915511,
            -0.025733645417411136,
            0.0005188709259128037,
            0.013884719364611643,
            -0.006334075059276915
        ],
        [
            -0.6364417064907998,
            -0.571092691331416,
            -0.005237048235010283,
            -0.07195369317400191,
            -0.014586082577861925,
            -0.508363138508718,
            -0.6233758391833542,
            0.012589838069768548,
            0.08264233016827463,
            0.046510211982167565,
            -0.5347485180214604,
            -0.5269115737568209,
            0.006681199038848014,
            0.07307230841364853,
            0.02285931147763906,
            -0.24570100239270762,
            -0.3385245076969029,
            0.006379025617345744,
            0.24587009673400706,
            -0.012192251990583568
        ],
        [
            -0.4912000956615121,
            -0.37037049046267834,
            -0.020424484840092447,
            -0.25688655198004157,
            -0.059470386717321015,
            -0.6233758391833542,
            -0.4337008558000932,
            0.007043937461339887,
            0.01569815771913459,
            0.030478993302453704,
            -0.5164093846970551,
            -0.41050610049790737,
            0.012433866502761893,
            0.1314985822090201,
            0.04496527975677194,
            -0.313346782032184,
            -0.30994201109896546,
            0.003378600511161978,
            0.1897662159766338,
            -0.018298698699979677
        ],
        [
            -0.00033120672331626855,
            0.011726128986283495,
            0.5141122964032073,
            -0.07682718609920564,
            -0.018291962758433526,
            0.012589838069768548,
            0.007043937461339887,
            1.38686173621813,
            -0.03999088825202856,
            -0.007438581592171103,
            0.00019169664923886914,
            -0.002316225431885076,
            0.3789775911600206,
            -0.06528109957774375,
            -0.00695823488200688,
            -0.01509628241013706,
            -0.008409678542890823,
            -0.04576520105229866,
            0.011416675298075059,
            -0.0010839701659539286
        ],
        [
            -0.007487923975186828,
            0.10934905385712376,
            -0.07785494137620619,
            -0.44384629603228387,
            -0.22802767117288275,
            0.08264233016827463,
            0.01569815771913459,
            -0.03999088825202856,
            0.7930580504304892,
            -0.10278851918336979,
            -0.045142476167538526,
            -0.11627996859246231,
            -0.06026238835551605,
            -0.7696730049814521,
            -0.1181350819852292,
            -0.3181825570244876,
            -0.18639651770999763,
            0.00425878809495394,
            0.1880464717250791,
            -0.02195846438449668
        ],
        [
            -0.0011197735115564544,
            0.0389819431615156,
            -0.018180242018822578,
            -0.223623214166344,
            0.46687852610381253,
            0.046510211982167565,
            0.030478993302453704,
            -0.007438581592171103,
            -0.10278851918336979,
            1.3693523773646494,
            0.008469146614011963,
            0.005855392069764272,
            -0.007830522752539273,
            -0.14454750005176478,
            0.36614817345115525,
            -0.023268219642366843,
            -0.012613893059091764,
            0.0003496365432935456,
            0.019525435343118725,
            -0.04783141622032154
        ],
        [
            -0.28530811936152406,
            -0.35599533619223794,
            -0.019493109973279424,
            -0.26518877326648965,
            -0.05388187886530073,
            -0.5347485180214604,
            -0.5164093846970551,
            0.00019169664923886914,
            -0.045142476167538526,
            0.008469146614011963,
            -0.45135037333824757,
            -0.6037519890277174,
            0.008680019991079369,
            -0.04240513848926461,
            0.05866199543348733,
            -0.5805745395806117,
            -0.541642480300523,
            0.0018734114536801093,
            0.07297676729133373,
            -0.0036317576490536574
        ],
        [
            -0.34236885442307435,
            -0.3207334993870914,
            -0.0163705898359024,
            -0.20788327769815035,
            -0.04731675095365002,
            -0.5269115737568209,
            -0.41050610049790737,
            -0.002316225431885076,
            -0.11627996859246231,
            0.005855392069764272,
            -0.6037519890277174,
            -0.4342224121732763,
            0.008789667013106479,
            -0.0004417251964393548,
            0.05065058344429225,
            -0.461412902194575,
            -0.3652234027206198,
            0.004082110407048357,
            0.23556189863407073,
            -0.023307289948108517
        ],
        [
            0.020110829113350027,
            0.012776816848624865,
            -0.04615594960605722,
            0.011131781936056552,
            0.0027650962254874784,
            0.006681199038848014,
            0.012433866502761893,
            0.3789775911600206,
            -0.06026238835551605,
            -0.007830522752539273,
            0.008680019991079369,
            0.008789667013106479,
            1.4047186278422858,
            -0.021544053805256414,
            -0.0016085725842563715,
            9.72322721915081e-05,
            0.0024405956043940793,
            0.4063973417460752,
            -0.01719927224641013,
            0.0016616638667607418
        ],
        [
            0.34550889219583003,
            0.19423747317607504,
            0.01631201147005682,
            0.14911950323261158,
            0.048757044826093804,
            0.07307230841364853,
            0.1314985822090201,
            -0.06528109957774375,
            -0.7696730049814521,
            -0.14454750005176478,
            -0.04240513848926461,
            -0.0004417251964393548,
            -0.021544053805256414,
            0.8188053561057802,
            -0.006861133706136027,
            -0.019593237878029135,
            -0.109001751515032,
            -0.01566188709820808,
            -0.6165013484801749,
            0.11360130621477027
        ],
        [
            0.04518005902443607,
            0.03444942020360424,
            0.002080894148039948,
            0.02516988457506493,
            -0.040896457658052,
            0.02285931147763906,
            0.04496527975677194,
            -0.00695823488200688,
            -0.1181350819852292,
            0.36614817345115525,
            0.05866199543348733,
            0.05065058344429225,
            -0.0016085725842563715,
            -0.006861133706136027,
            1.3978779075244492,
            0.004828463220048221,
            0.03594289210145371,
            0.0013528283567095915,
            0.1045366313344665,
            0.3936756736806786
        ],
        [
            -0.021988117074133187,
            -0.1519529617339129,
            -0.00467476038740466,
            -0.08006031314394799,
            -0.0100541717915511,
            -0.24570100239270762,
            -0.313346782032184,
            -0.01509628241013706,
            -0.3181825570244876,
            -0.023268219642366843,
            -0.5805745395806117,
            -0.461412902194575,
            9.72322721915081e-05,
            -0.019593237878029135,
            0.004828463220048221,
            -0.2688345116009401,
            -0.4678881590366617,
            0.004336695731129015,
            0.2920671159962184,
            -0.03306120755073508
        ],
        [
            -0.1551733389528357,
            -0.20699491678317916,
            -0.00951140627904545,
            -0.13156143196997616,
            -0.025733645417411136,
            -0.3385245076969029,
            -0.30994201109896546,
            -0.008409678542890823,
            -0.18639651770999763,
            -0.012613893059091764,
            -0.541642480300523,
            -0.3652234027206198,
            0.0024405956043940793,
            -0.109001751515032,
            0.03594289210145371,
            -0.4678881590366617,
            -0.3105685283096504,
            0.0038836256070814276,
            0.24678038010758377,
            -0.026669252623239673
        ],
        [
            0.003164149302518014,
            0.003102581719093345,
            -0.006242187525684781,
            0.004556457827187533,
            0.0005188709259128037,
            0.006379025617345744,
            0.003378600511161978,
            -0.04576520105229866,
            0.00425878809495394,
            0.0003496365432935456,
            0.0018734114536801093,
            0.004082110407048357,
            0.4063973417460752,
            -0.01566188709820808,
            0.0013528283567095915,
            0.004336695731129015,
            0.0038836256070814276,
            1.4889091616286902,
            -0.004475109544944063,
            0.00043730054338475153
        ],
        [
            0.07820968523975755,
            0.12555637571733336,
            0.006609757852211303,
            0.10752040367218893,
            0.013884719364611643,
            0.24587009673400706,
            0.1897662159766338,
            0.011416675298075059,
            0.1880464717250791,
            0.019525435343118725,
            0.07297676729133373,
            0.23556189863407073,
            -0.01719927224641013,
            -0.6165013484801749,
            0.1045366313344665,
            0.2920671159962184,
            0.24678038010758377,
            -0.004475109544944063,
            1.205194783903717,
            0.030675231973239993
        ],
        [
            0.002314450525235161,
            -0.0072544467289964954,
            0.00013501649626416123,
            0.002928356425510853,
            -0.006334075059276915,
            -0.012192251990583568,
            -0.018298698699979677,
            -0.0010839701659539286,
            -0.02195846438449668,
            -0.04783141622032154,
            -0.0036317576490536574,
            -0.023307289948108517,
            0.0016616638667607418,
            0.11360130621477027,
            0.3936756736806786,
            -0.03306120755073508,
            -0.026669252623239673,
            0.00043730054338475153,
            0.030675231973239993,
            1.4854024986665346
        ]
    ]
}