{
    "HF": -2.1572130704102137,
    "coordinates": [
        [
            0.812167,
            0.036135,
            -0.054125
        ],
        [
            1.56448,
            -0.126536,
            -0.023558
        ],
        [
            2.325477,
            0.032384,
            -0.018757
        ],
        [
            3.075459,
            -0.083367,
            0.172386
        ]
    ],
    "elements": [
        "H",
        "H",
        "H",
        "H"
    ],
    "Enn": 2.9729412398659822,
    "S": [
        [
            0.9999999999999999,
            0.6848602514927513,
            0.0,
            0.0,
            0.0,
            0.5464043967137069,
            0.5565511028411028,
            -0.021016532964225558,
            -0.5172575314527244,
            0.11184546844059072,
            0.12120503075421164,
            0.30766023225925,
            -0.0037370137048983957,
            -0.15989765352182173,
            0.0003963339291753529,
            0.011091610705565053,
            0.11223100019001182,
            -0.0013047548741207976,
            -0.013037076647750478,
            0.0006883586976667076
        ],
        [
            0.6848602514927513,
            1.0000000000000002,
            0.0,
            0.0,
            0.0,
            0.5565511028411028,
            0.8787481380962631,
            -0.006666028941390357,
            -0.16406386727464944,
            0.03547517237298102,
            0.30766023225925,
            0.6070519288664719,
            -0.004093688239279447,
            -0.17515888230558654,
            0.0004341615184782057,
            0.11223100019001182,
            0.32298646085315647,
            -0.008897524747395339,
            -0.08890383504810759,
            0.004694129655351128
        ],
        [
            0.0,
            0.0,
            1.0000000000000004,
            0.0,
            0.0,
            0.02101653296422556,
            0.006666028941390357,
            0.46177710432967,
            -0.027635713012396278,
            0.005975609980738753,
            0.003737013704898397,
            0.004093688239279446,
            0.05091275141403486,
            -0.007097571819819439,
            1.7592556644800285e-05,
            0.001304754874120799,
            0.008897524747395342,
            0.0010307164431244227,
            -0.0015826443569708643,
            8.356374959427782e-05
        ],
        [
            0.0,
            0.0,
            0.0,
            1.0000000000000004,
            0.0,
            0.5172575314527244,
            0.16406386727464925,
            -0.02763571301239625,
            -0.21726839428446917,
            0.14707132107957968,
            0.15989765352182173,
            0.1751588823055864,
            -0.007097571819819434,
            -0.2526090646016435,
            0.000752742363044071,
            0.013037076647750485,
            0.08890383504810759,
            -0.0015826443569708633,
            -0.0146246331019179,
            0.0008349668049089541
        ],
        [
            0.0,
            0.0,
            0.0,
            0.0,
            1.0000000000000004,
            -0.11184546844059073,
            -0.03547517237298101,
            0.005975609980738751,
            0.1470713210795798,
            0.43109905140264837,
            -0.00039633392917535186,
            -0.00043416151847820565,
            1.7592556644800244e-05,
            0.0007527423630440698,
            0.051076764989257124,
            -0.0006883586976667081,
            -0.004694129655351122,
            8.356374959427776e-05,
            0.0008349668049089543,
            0.0011450216908881214
        ],
        [
            0.5464043967137069,
            0.5565511028411028,
            0.02101653296422556,
            0.5172575314527247,
            -0.11184546844059072,
            0.9999999999999999,
            0.6848602514927513,
            0.0,
            0.0,
            0.0,
            0.5407300466854883,
            0.5544110276570398,
            -0.003257642500378902,
            -0.5163624598752014,
            -0.10783264864824312,
            0.11795267313677166,
            0.3042522388665113,
            -0.02002852817276481,
            -0.15444558378902137,
            -0.004412544056924857
        ],
        [
            0.5565511028411028,
            0.8787481380962631,
            0.006666028941390357,
            0.16406386727464925,
            -0.03547517237298103,
            0.6848602514927513,
            1.0000000000000002,
            0.0,
            0.0,
            0.0,
            0.5544110276570398,
            0.8766404322248328,
            -0.0010427014436406032,
            -0.1652765404095334,
            -0.0345149163556269,
            0.3042522388665113,
            0.6028425363097708,
            -0.02241097872966666,
            -0.1728173265319324,
            -0.004937428759140263
        ],
        [
            -0.021016532964225558,
            -0.006666028941390352,
            0.46177710432967,
            -0.027635713012396253,
            0.005975609980738752,
            0.0,
            0.0,
            1.0000000000000004,
            0.0,
            0.0,
            0.003257642500378902,
            0.0010427014436406032,
            0.45629569921063834,
            -0.00432831799418731,
            -0.00090388831445623,
            0.020028528172764813,
            0.02241097872966665,
            0.04411939900428081,
            -0.037666382327011895,
            -0.00107613676872728
        ],
        [
            -0.5172575314527244,
            -0.16406386727464908,
            -0.02763571301239627,
            -0.21726839428446917,
            0.1470713210795798,
            0.0,
            0.0,
            0.0,
            1.0000000000000004,
            0.0,
            0.5163624598752014,
            0.16527654040953302,
            -0.00432831799418731,
            -0.22975010573574203,
            -0.1432735462687455,
            0.15444558378902135,
            0.17281732653193257,
            -0.03766638232701186,
            -0.24145202989302605,
            -0.008298391676574817
        ],
        [
            0.11184546844059073,
            0.03547517237298102,
            0.005975609980738752,
            0.14707132107957968,
            0.43109905140264837,
            0.0,
            0.0,
            0.0,
            0.0,
            1.0000000000000004,
            0.10783264864824312,
            0.034514916355626916,
            -0.0009038883144562303,
            -0.14327354626874556,
            0.42640300355173427,
            0.004412544056924857,
            0.004937428759140262,
            -0.0010761367687272792,
            -0.008298391676574817,
            0.048766894666628174
        ],
        [
            0.12120503075421164,
            0.30766023225925,
            0.003737013704898397,
            0.15989765352182173,
            -0.00039633392917535186,
            0.5407300466854883,
            0.5544110276570398,
            0.003257642500378902,
            0.5163624598752014,
            0.10783264864824312,
            0.9999999999999999,
            0.6848602514927513,
            0.0,
            0.0,
            0.0,
            0.5366487951541424,
            0.5528608752515213,
            -0.1284594808744532,
            -0.5040325744870815,
            0.07779156637019839
        ],
        [
            0.30766023225925,
            0.6070519288664719,
            0.004093688239279447,
            0.17515888230558654,
            -0.0004341615184782057,
            0.5544110276570398,
            0.8766404322248328,
            0.0010427014436406032,
            0.16527654040953305,
            0.0345149163556269,
            0.6848602514927513,
            1.0000000000000002,
            0.0,
            0.0,
            0.0,
            0.5528608752515213,
            0.8751117924337335,
            -0.041389347555363346,
            -0.16239812945421253,
            0.025064262718911295
        ],
        [
            -0.0037370137048983957,
            -0.004093688239279449,
            0.05091275141403486,
            -0.007097571819819436,
            1.7592556644800248e-05,
            -0.003257642500378902,
            -0.0010427014436406032,
            0.45629569921063834,
            -0.00432831799418731,
            -0.00090388831445623,
            0.0,
            0.0,
            1.0000000000000004,
            0.0,
            0.0,
            0.1284594808744532,
            0.04138934755536333,
            0.4087662225732871,
            -0.16807264907238917,
            0.02594005883178276
        ],
        [
            -0.15989765352182167,
            -0.17515888230558632,
            -0.007097571819819438,
            -0.25260906460164356,
            0.0007527423630440698,
            -0.5163624598752014,
            -0.16527654040953338,
            -0.00432831799418731,
            -0.22975010573574203,
            -0.1432735462687455,
            0.0,
            0.0,
            0.0,
            1.0000000000000004,
            0.0,
            0.5040325744870816,
            0.16239812945421253,
            -0.16807264907238892,
            -0.2078597650153032,
            0.1017802231982238
        ],
        [
            0.0003963339291753528,
            0.00043416151847820565,
            1.759255664480028e-05,
            0.000752742363044071,
            0.051076764989257124,
            -0.10783264864824312,
            -0.03451491635562691,
            -0.0009038883144562303,
            -0.14327354626874556,
            0.42640300355173427,
            0.0,
            0.0,
            0.0,
            0.0,
            1.0000000000000004,
            -0.07779156637019838,
            -0.025064262718911285,
            0.025940058831782752,
            0.10178022319822393,
            0.43589320394914144
        ],
        [
            0.011091610705565053,
            0.11223100019001182,
            0.0013047548741207976,
            0.013037076647750482,
            -0.0006883586976667076,
            0.11795267313677166,
            0.3042522388665113,
            0.02002852817276481,
            0.15444558378902137,
            0.004412544056924857,
            0.5366487951541424,
            0.5528608752515213,
            0.1284594808744532,
            0.5040325744870816,
            -0.07779156637019839,
            0.9999999999999999,
            0.6848602514927513,
            0.0,
            0.0,
            0.0
        ],
        [
            0.11223100019001182,
            0.32298646085315647,
            0.008897524747395344,
            0.08890383504810766,
            -0.004694129655351126,
            0.3042522388665113,
            0.6028425363097708,
            0.02241097872966665,
            0.1728173265319326,
            0.004937428759140263,
            0.5528608752515213,
            0.8751117924337335,
            0.04138934755536333,
            0.16239812945421253,
            -0.025064262718911302,
            0.6848602514927513,
            1.0000000000000002,
            0.0,
            0.0,
            0.0
        ],
        [
            -0.001304754874120799,
            -0.008897524747395339,
            0.0010307164431244227,
            -0.0015826443569708643,
            8.356374959427782e-05,
            -0.020028528172764813,
            -0.022410978729666655,
            0.04411939900428081,
            -0.03766638232701187,
            -0.0010761367687272794,
            -0.1284594808744532,
            -0.041389347555363346,
            0.4087662225732871,
            -0.16807264907238897,
            0.02594005883178276,
            0.0,
            0.0,
            1.0000000000000004,
            0.0,
            0.0
        ],
        [
            -0.01303707664775049,
            -0.08890383504810759,
            -0.0015826443569708633,
            -0.0146246331019179,
            0.0008349668049089541,
            -0.15444558378902135,
            -0.17281732653193238,
            -0.03766638232701188,
            -0.241452029893026,
            -0.008298391676574817,
            -0.5040325744870815,
            -0.16239812945421253,
            -0.16807264907238914,
            -0.20785976501530334,
            0.10178022319822393,
            0.0,
            0.0,
            0.0,
            1.0000000000000004,
            0.0
        ],
        [
            0.0006883586976667081,
            0.00469412965535112,
            8.356374959427776e-05,
            0.0008349668049089543,
            0.0011450216908881214,
            -0.004412544056924857,
            -0.004937428759140262,
            -0.0010761367687272799,
            -0.008298391676574817,
            0.04876689466662817,
            0.07779156637019838,
            0.025064262718911295,
            0.025940058831782752,
            0.1017802231982238,
            0.43589320394914144,
            0.0,
            0.0,
            0.0,
            0.0,
            1.0000000000000004
        ]
    ],
    "h": [
        [
            -0.2670997981149317,
            -0.4677359376019218,
            -0.010352815497482092,
            -0.28250600603804016,
            0.05749690068676073,
            -0.5782400715088026,
            -0.4610595673501371,
            0.004535842742033069,
            0.02147902622211495,
            -0.017611078978152284,
            -0.24876452633496035,
            -0.3139861165924219,
            0.00971235129814879,
            0.3137819408935637,
            0.026834142011920376,
            -0.009329282671722942,
            -0.13344464970619274,
            0.007653419044567581,
            0.06255396941670399,
            -0.001469011327344246
        ],
        [
            -0.4677359376019218,
            -0.31350062565516135,
            -0.00866663948888758,
            -0.24155202185638067,
            0.04682621471917174,
            -0.5401313943891932,
            -0.36757015998494214,
            0.00864811868068271,
            0.10515175821099271,
            -0.06641578854367244,
            -0.3342637975067372,
            -0.31086132365520414,
            -0.00461671017946207,
            0.19021611696897897,
            0.039475204339888645,
            -0.13299668852934815,
            -0.19367713776984918,
            0.022213318115338724,
            0.11443889610912336,
            -0.009702708502044364
        ],
        [
            -0.010352815497482092,
            -0.00866663948888758,
            1.4814180612130183,
            -0.010293353912612921,
            0.0021565591674099793,
            -0.001732809823635252,
            -0.008188051178997395,
            0.3863817141528084,
            -0.04018424559652208,
            0.007922757886392804,
            -0.007924125520670972,
            -0.006907044024850509,
            -0.04594449767381524,
            0.0076877430306235145,
            0.0011788275904878673,
            -0.003964778341610327,
            -0.005228489529210685,
            -0.003268798577413835,
            0.006388658926308478,
            -0.0003240626634050871
        ],
        [
            -0.28250600603804016,
            -0.24155202185638067,
            -0.010293353912612921,
            1.2103098310267817,
            0.05374808725567857,
            -0.08055913703793893,
            -0.23254728179709017,
            -0.037354362128551775,
            -0.5963498489025811,
            0.18706408987954642,
            -0.24363698373970155,
            -0.1883198655081627,
            0.0018483284030049625,
            0.1788844221587137,
            0.0341596348125291,
            -0.06319993615717237,
            -0.11724195980918271,
            0.011802455973483741,
            0.0835962580186632,
            -0.004754197244653316
        ],
        [
            0.05749690068676073,
            0.04682621471917174,
            0.0021565591674099793,
            0.05374808725567857,
            1.470153295514085,
            0.006652921310472515,
            0.04152147259931677,
            0.008093408028773053,
            0.20691695645239844,
            0.34458567928004014,
            0.024404835805898282,
            0.0334087047457545,
            -0.0007476409262598587,
            -0.03801187510188756,
            -0.05071330472236725,
            0.002490085032866185,
            0.01491531249737975,
            -0.0007672702762240993,
            -0.006272493609521848,
            -0.003896552912759385
        ],
        [
            -0.5782400715088026,
            -0.5401313943891932,
            -0.001732809823635252,
            -0.08055913703793893,
            0.006652921310472515,
            -0.4471961635231214,
            -0.601546535628779,
            0.00957303401123223,
            0.0410527573028394,
            -0.10313560637374043,
            -0.5257500119389058,
            -0.5143487714935846,
            -0.008270364125915529,
            0.06017301813704523,
            0.012815903904793646,
            -0.2431861486939721,
            -0.33165472648999084,
            0.04384945279911782,
            0.23662649306372757,
            -0.012995050184903852
        ],
        [
            -0.4610595673501371,
            -0.36757015998494214,
            -0.008188051178997395,
            -0.23254728179709017,
            0.04152147259931677,
            -0.601546535628779,
            -0.4355107930354698,
            0.005292900606612855,
            0.00157064629931164,
            -0.08431034460951314,
            -0.5128348783256116,
            -0.41234857084242016,
            -0.0247156138146279,
            0.12874219458019814,
            0.05609328480182205,
            -0.3097689293414849,
            -0.3091762892717258,
            0.04234943490914778,
            0.18156657511116164,
            -0.02201775534765872
        ],
        [
            0.004535842742033069,
            0.00864811868068271,
            0.3863817141528084,
            -0.037354362128551775,
            0.008093408028773053,
            0.00957303401123223,
            0.005292900606612855,
            1.4022675756533864,
            -0.017569038473974466,
            0.0019316860091576876,
            -0.006753206298039971,
            -0.0021600292277977294,
            0.3660100237980538,
            -0.01621610563929168,
            -0.0002653656531390507,
            -0.02048421243650905,
            -0.00592326586786901,
            -0.043203133405570485,
            0.01000182545239825,
            -0.0012393494630270434
        ],
        [
            0.02147902622211495,
            0.10515175821099271,
            -0.04018424559652208,
            -0.5963498489025811,
            0.20691695645239844,
            0.0410527573028394,
            0.00157064629931164,
            -0.017569038473974466,
            0.8536378662086055,
            0.005379079894340537,
            -0.054761705685733464,
            -0.12344634261983589,
            -0.03037525918823712,
            -0.7380699769616873,
            -0.18735949931496415,
            -0.30875591272127756,
            -0.18784962714298337,
            0.05045935018479393,
            0.1778490012309446,
            -0.024011169483321416
        ],
        [
            -0.017611078978152284,
            -0.06641578854367244,
            0.007922757886392804,
            0.18706408987954642,
            0.34458567928004014,
            -0.10313560637374043,
            -0.08431034460951314,
            0.0019316860091576876,
            0.005379079894340537,
            1.3810333799270311,
            -0.01773697610876887,
            -0.06491549670231389,
            -0.002024447132099055,
            -0.18200040147480906,
            0.32890812616147314,
            -0.02934203370037948,
            -0.04249248021572484,
            0.007334299483104713,
            0.035126959914083315,
            -0.04866741106408001
        ],
        [
            -0.24876452633496035,
            -0.3342637975067372,
            -0.007924125520670972,
            -0.24363698373970155,
            0.024404835805898282,
            -0.5257500119389058,
            -0.5128348783256116,
            -0.006753206298039971,
            -0.054761705685733464,
            -0.01773697610876887,
            -0.4393993003500123,
            -0.5985737832318903,
            -0.06244441597374465,
            -0.029218454198630395,
            0.08519995466593472,
            -0.5700565869998471,
            -0.5356065825839633,
            0.014824793580673123,
            0.07971096831168678,
            -0.00315475299025339
        ],
        [
            -0.3139861165924219,
            -0.31086132365520414,
            -0.006907044024850509,
            -0.1883198655081627,
            0.0334087047457545,
            -0.5143487714935846,
            -0.41234857084242016,
            -0.0021600292277977294,
            -0.12344634261983589,
            -0.06491549670231389,
            -0.5985737832318903,
            -0.4353704605743012,
            -0.049014756873868706,
            0.005888710484128937,
            0.07004832282597286,
            -0.45657709380162137,
            -0.36659489157736336,
            0.052664394224516776,
            0.22413216575054262,
            -0.027138486136142767
        ],
        [
            0.00971235129814879,
            -0.00461671017946207,
            -0.04594449767381524,
            0.0018483284030049625,
            -0.0007476409262598587,
            -0.008270364125915529,
            -0.0247156138146279,
            0.3660100237980538,
            -0.03037525918823712,
            -0.002024447132099055,
            -0.06244441597374465,
            -0.049014756873868706,
            1.389669576054874,
            -0.06635438909901537,
            0.009104677120458848,
            -0.011318699035994834,
            -0.04998011818773232,
            0.31353560797024765,
            -0.22718469527665613,
            0.03594615403489633
        ],
        [
            0.3137819408935637,
            0.19021611696897897,
            0.0076877430306235145,
            0.1788844221587137,
            -0.03801187510188756,
            0.06017301813704523,
            0.12874219458019814,
            -0.01621610563929168,
            -0.7380699769616873,
            -0.18200040147480906,
            -0.029218454198630395,
            0.005888710484128937,
            -0.06635438909901537,
            0.8691384083653735,
            -0.012155937273570113,
            -0.02485720218653975,
            -0.10003774812124533,
            -0.2372774643407204,
            -0.5742220247027046,
            0.14150904706760395
        ],
        [
            0.026834142011920376,
            0.039475204339888645,
            0.0011788275904878673,
            0.0341596348125291,
            -0.05071330472236725,
            0.012815903904793646,
            0.05609328480182205,
            -0.0002653656531390507,
            -0.18735949931496415,
            0.32890812616147314,
            0.08519995466593472,
            0.07004832282597286,
            0.009104677120458848,
            -0.012155937273570113,
            1.389398158933046,
            0.015640048105908716,
            0.052658115269523444,
            0.033200860350347784,
            0.1247195705032747,
            0.35048251225121796
        ],
        [
            -0.009329282671722942,
            -0.13299668852934815,
            -0.003964778341610327,
            -0.06319993615717237,
            0.002490085032866185,
            -0.2431861486939721,
            -0.3097689293414849,
            -0.02048421243650905,
            -0.30875591272127756,
            -0.02934203370037948,
            -0.5700565869998471,
            -0.45657709380162137,
            -0.011318699035994834,
            -0.02485720218653975,
            0.015640048105908716,
            -0.2586963447135253,
            -0.4640796685025663,
            0.06764922923965094,
            0.27064592773492024,
            -0.038430410024203464
        ],
        [
            -0.13344464970619274,
            -0.19367713776984918,
            -0.005228489529210685,
            -0.11724195980918271,
            0.01491531249737975,
            -0.33165472648999084,
            -0.3091762892717258,
            -0.00592326586786901,
            -0.18784962714298337,
            -0.04249248021572484,
            -0.5356065825839633,
            -0.36659489157736336,
            -0.04998011818773232,
            -0.10003774812124533,
            0.052658115269523444,
            -0.4640796685025663,
            -0.31221525074436096,
            0.05708005352506455,
            0.2335095530870981,
            -0.031280175649576206
        ],
        [
            0.007653419044567581,
            0.022213318115338724,
            -0.003268798577413835,
            0.011802455973483741,
            -0.0007672702762240993,
            0.04384945279911782,
            0.04234943490914778,
            -0.043203133405570485,
            0.05045935018479393,
            0.007334299483104713,
            0.014824793580673123,
            0.052664394224516776,
            0.31353560797024765,
            -0.2372774643407204,
            0.033200860350347784,
            0.06764922923965094,
            0.05708005352506455,
            1.4694393628114297,
            -0.06255062520260257,
            0.009110740916636592
        ],
        [
            0.06255396941670399,
            0.11443889610912336,
            0.006388658926308478,
            0.0835962580186632,
            -0.006272493609521848,
            0.23662649306372757,
            0.18156657511116164,
            0.01000182545239825,
            0.1778490012309446,
            0.035126959914083315,
            0.07971096831168678,
            0.22413216575054262,
            -0.22718469527665613,
            -0.5742220247027046,
            0.1247195705032747,
            0.27064592773492024,
            0.2335095530870981,
            -0.06255062520260257,
            1.2300472968244105,
            0.035220563752886916
        ],
        [
            -0.001469011327344246,
            -0.009702708502044364,
            -0.0003240626634050871,
            -0.004754197244653316,
            -0.003896552912759385,
            -0.012995050184903852,
            -0.02201775534765872,
            -0.0012393494630270434,
            -0.024011169483321416,
            -0.04866741106408001,
            -0.00315475299025339,
            -0.027138486136142767,
            0.03594615403489633,
            0.14150904706760395,
            0.35048251225121796,
            -0.038430410024203464,
            -0.031280175649576206,
            0.009110740916636592,
            0.035220563752886916,
            1.4794734898655382
        ]
    ]
}