{
    "HF": -2.130383850488906,
    "coordinates": [
        [
            0.662548,
            0.109112,
            0.047037
        ],
        [
            1.490717,
            -0.147662,
            0.06935
        ],
        [
            2.202147,
            -0.011044,
            0.142336
        ],
        [
            2.877207,
            0.035476,
            -0.093389
        ]
    ],
    "elements": [
        "H",
        "H",
        "H",
        "H"
    ],
    "Enn": 3.031612358784372,
    "S": [
        [
            0.9999999999999999,
            0.6848602514927513,
            0.0,
            0.0,
            0.0,
            0.47076630601233554,
            0.5264856408903982,
            -0.012704141525267594,
            -0.4715267414887887,
            0.1461969809532139,
            0.11108418128982306,
            0.2968569056574744,
            -0.00905460173584084,
            -0.14628123881571503,
            0.011416328882482426,
            0.01366977589668319,
            0.12277131422369386,
            0.0010444114022920773,
            -0.01647141634589584,
            0.0005476640936805106
        ],
        [
            0.6848602514927513,
            1.0000000000000002,
            0.0,
            0.0,
            0.0,
            0.5264856408903982,
            0.8488472124236155,
            -0.004585889045749578,
            -0.1702097945202073,
            0.05277358821464182,
            0.2968569056574744,
            0.5936462303991471,
            -0.010616553715983454,
            -0.17151528856099657,
            0.013385687450001661,
            0.12277131422369386,
            0.34167509700767407,
            0.006073857905037073,
            -0.09579083698254956,
            0.0031849842671251042
        ],
        [
            0.0,
            0.0,
            1.0000000000000004,
            0.0,
            0.0,
            0.012704141525267595,
            0.004585889045749577,
            0.3761250617459959,
            -0.018067708025057815,
            0.005601897270274781,
            0.00905460173584084,
            0.010616553715983449,
            0.04366017262214072,
            -0.01703240778393405,
            0.00132927209597199,
            -0.001044411402292078,
            -0.006073857905037072,
            0.0015775064729823482,
            0.0013423961628921937,
            -4.46338166962632e-05
        ],
        [
            0.0,
            0.0,
            0.0,
            1.0000000000000004,
            0.0,
            0.47152674148878854,
            0.1702097945202073,
            -0.018067708025057815,
            -0.2939889494515748,
            0.20791994175710105,
            0.14628123881571503,
            0.1715152885609965,
            -0.017032407783934052,
            -0.2304518954644988,
            0.021474999629443967,
            0.01647141634589585,
            0.09579083698254946,
            0.0013423961628921937,
            -0.01950831071749787,
            0.0007039200992033494
        ],
        [
            0.0,
            0.0,
            0.0,
            0.0,
            1.0000000000000004,
            -0.14619698095321385,
            -0.052773588214641794,
            0.005601897270274779,
            0.20791994175710102,
            0.3121462236639441,
            -0.01141632888248242,
            -0.013385687450001656,
            0.00132927209597199,
            0.021474999629443957,
            0.04303846617385494,
            -0.0005476640936805111,
            -0.003184984267125104,
            -4.463381669626322e-05,
            0.0007039200992033497,
            0.0016392195688338363
        ],
        [
            0.47076630601233554,
            0.5264856408903982,
            0.012704141525267594,
            0.4715267414887887,
            -0.1461969809532139,
            0.9999999999999999,
            0.6848602514927513,
            0.0,
            0.0,
            0.0,
            0.5803288814966908,
            0.5689904096957359,
            -0.05415287327566721,
            -0.5278543643234033,
            -0.10136542955053165,
            0.15792086080343515,
            0.3426703358427149,
            0.023758747356896242,
            -0.20241777092684032,
            -0.026736857627534045
        ],
        [
            0.5264856408903982,
            0.8488472124236155,
            0.004585889045749578,
            0.1702097945202073,
            -0.05277358821464182,
            0.6848602514927513,
            1.0000000000000002,
            0.0,
            0.0,
            0.0,
            0.5689904096957359,
            0.8909387876794141,
            -0.01629675788711674,
            -0.15885241640357656,
            -0.030504897775218722,
            0.3426703358427149,
            0.649318954579556,
            0.021137767935166005,
            -0.18008777161238723,
            -0.023787343808862212
        ],
        [
            -0.012704141525267595,
            -0.004585889045749577,
            0.3761250617459959,
            -0.018067708025057815,
            0.005601897270274781,
            0.0,
            0.0,
            1.0000000000000004,
            0.0,
            0.0,
            0.05415287327566721,
            0.016296757887116715,
            0.4955580726677582,
            -0.06774020364015224,
            -0.013008350984510522,
            -0.023758747356896225,
            -0.021137767935165974,
            0.07103915057876746,
            0.044686378350239225,
            0.005902512068825677
        ],
        [
            -0.4715267414887884,
            -0.1702097945202073,
            -0.018067708025057815,
            -0.2939889494515748,
            0.20791994175710105,
            0.0,
            0.0,
            0.0,
            1.0000000000000004,
            0.0,
            0.5278543643234033,
            0.15885241640357653,
            -0.06774020364015224,
            -0.15778909647829858,
            -0.1267987167526693,
            0.2024177709268401,
            0.18008777161238698,
            0.044686378350239225,
            -0.3044310298170034,
            -0.050287724259741734
        ],
        [
            0.14619698095321385,
            0.052773588214641794,
            0.005601897270274779,
            0.20791994175710102,
            0.3121462236639441,
            0.0,
            0.0,
            0.0,
            0.0,
            1.0000000000000004,
            0.10136542955053163,
            0.030504897775218705,
            -0.013008350984510517,
            -0.1267987167526692,
            0.47815804654792066,
            0.02673685762753403,
            0.02378734380886221,
            0.005902512068825677,
            -0.050287724259741734,
            0.06964182588176927
        ],
        [
            0.11108418128982306,
            0.2968569056574744,
            0.00905460173584084,
            0.14628123881571503,
            -0.011416328882482426,
            0.5803288814966908,
            0.5689904096957359,
            0.05415287327566721,
            0.5278543643234033,
            0.10136542955053167,
            0.9999999999999999,
            0.6848602514927513,
            0.0,
            0.0,
            0.0,
            0.5896870335341772,
            0.5723188007264736,
            0.17846819266972785,
            -0.5110902031758465,
            -0.03522044892563683
        ],
        [
            0.2968569056574744,
            0.5936462303991471,
            0.010616553715983454,
            0.17151528856099657,
            -0.013385687450001656,
            0.5689904096957359,
            0.8909387876794141,
            0.01629675788711674,
            0.15885241640357656,
            0.030504897775218733,
            0.6848602514927513,
            1.0000000000000002,
            0.0,
            0.0,
            0.0,
            0.5723188007264736,
            0.8941833883080074,
            0.05296281187250447,
            -0.15167282122241083,
            -0.01045213705932298
        ],
        [
            -0.009054601735840837,
            -0.010616553715983442,
            0.04366017262214072,
            -0.017032407783934052,
            0.0013292720959719904,
            -0.05415287327566721,
            -0.016296757887116715,
            0.4955580726677582,
            -0.06774020364015224,
            -0.013008350984510522,
            0.0,
            0.0,
            1.0000000000000004,
            0.0,
            0.0,
            -0.17846819266972785,
            -0.05296281187250449,
            0.43943288214370496,
            0.21214385802201413,
            0.014619340910710309
        ],
        [
            -0.14628123881571503,
            -0.1715152885609964,
            -0.01703240778393405,
            -0.2304518954644988,
            0.021474999629443967,
            -0.5278543643234033,
            -0.15885241640357653,
            -0.06774020364015224,
            -0.15778909647829858,
            -0.1267987167526693,
            0.0,
            0.0,
            0.0,
            1.0000000000000004,
            0.0,
            0.5110902031758465,
            0.15167282122241083,
            0.21214385802201408,
            -0.09401760454888432,
            -0.04186629451769687
        ],
        [
            0.01141632888248242,
            0.01338568745000165,
            0.0013292720959719895,
            0.021474999629443957,
            0.04303846617385494,
            -0.10136542955053164,
            -0.030504897775218694,
            -0.013008350984510517,
            -0.1267987167526692,
            0.47815804654792066,
            0.0,
            0.0,
            0.0,
            0.0,
            1.0000000000000004,
            0.03522044892563683,
            0.01045213705932298,
            0.014619340910710309,
            -0.041866294517696884,
            0.5106265403537544
        ],
        [
            0.01366977589668319,
            0.12277131422369386,
            -0.0010444114022920773,
            0.01647141634589584,
            -0.0005476640936805106,
            0.15792086080343515,
            0.3426703358427149,
            -0.023758747356896242,
            0.20241777092684024,
            0.026736857627534045,
            0.5896870335341772,
            0.5723188007264736,
            -0.17846819266972785,
            0.5110902031758465,
            0.03522044892563683,
            0.9999999999999999,
            0.6848602514927513,
            0.0,
            0.0,
            0.0
        ],
        [
            0.12277131422369386,
            0.34167509700767407,
            -0.006073857905037073,
            0.09579083698254956,
            -0.0031849842671251042,
            0.3426703358427149,
            0.649318954579556,
            -0.021137767935166005,
            0.18008777161238723,
            0.023787343808862212,
            0.5723188007264736,
            0.8941833883080074,
            -0.05296281187250447,
            0.15167282122241083,
            0.010452137059322977,
            0.6848602514927513,
            1.0000000000000002,
            0.0,
            0.0,
            0.0
        ],
        [
            0.001044411402292078,
            0.006073857905037072,
            0.0015775064729823482,
            0.0013423961628921937,
            -4.463381669626322e-05,
            0.023758747356896225,
            0.021137767935165974,
            0.07103915057876746,
            0.044686378350239225,
            0.005902512068825677,
            0.17846819266972785,
            0.052962811872504505,
            0.43943288214370496,
            0.21214385802201413,
            0.014619340910710309,
            0.0,
            0.0,
            1.0000000000000004,
            0.0,
            0.0
        ],
        [
            -0.01647141634589585,
            -0.09579083698254953,
            0.0013423961628921937,
            -0.01950831071749787,
            0.0007039200992033497,
            -0.2024177709268401,
            -0.1800877716123872,
            0.044686378350239225,
            -0.3044310298170034,
            -0.050287724259741734,
            -0.5110902031758465,
            -0.15167282122241083,
            0.21214385802201408,
            -0.09401760454888432,
            -0.04186629451769687,
            0.0,
            0.0,
            0.0,
            1.0000000000000004,
            0.0
        ],
        [
            0.0005476640936805111,
            0.003184984267125104,
            -4.46338166962632e-05,
            0.0007039200992033494,
            0.0016392195688338363,
            -0.02673685762753403,
            -0.023787343808862202,
            0.005902512068825677,
            -0.050287724259741734,
            0.06964182588176927,
            -0.03522044892563683,
            -0.01045213705932298,
            0.014619340910710309,
            -0.041866294517696884,
            0.5106265403537544,
            0.0,
            0.0,
            0.0,
            0.0,
            1.0000000000000004
        ]
    ],
    "h": [
        [
            -0.20723183979335347,
            -0.44014411307432566,
            -0.007752674825924171,
            -0.22695356435910205,
            0.06813134415122368,
            -0.5180703852297373,
            -0.42551235215048355,
            -0.0051221016757439855,
            0.05076376669058147,
            -0.022718645491421607,
            -0.22930643749409463,
            -0.291596714460888,
            0.014621487092964135,
            0.29820375081637385,
            0.01595921251114018,
            -0.013603067757212872,
            -0.13655068920789512,
            -0.007262811663598592,
            0.07489652933873076,
            0.003461787457745869
        ],
        [
            -0.44014411307432566,
            -0.3045204846398719,
            -0.007398577162599403,
            -0.2086426469716695,
            0.060733454061787526,
            -0.5128706595542605,
            -0.3620676235482908,
            -0.006556974484721232,
            0.07856805781978637,
            -0.0741488036347048,
            -0.3359227594160269,
            -0.3064259645960189,
            0.03008379233217432,
            0.19263730185500497,
            0.02726768151206512,
            -0.14319577067342076,
            -0.20030283681816685,
            -0.028807644015910603,
            0.12915853493056148,
            0.009755159153545509
        ],
        [
            -0.007752674825924171,
            -0.007398577162599403,
            1.50457576926754,
            -0.006773789956836267,
            0.001787075102870812,
            -0.004919512422049379,
            -0.007324044599489701,
            0.2667993149573285,
            -0.023878510758691233,
            0.006188311097559107,
            -0.009969928885094992,
            -0.0055828421588583685,
            -0.04348349242460968,
            0.00919240318425213,
            0.0007986939685657327,
            0.00039250558650773043,
            -0.0027628442706896326,
            -0.005295860444405284,
            -0.0023098190463738265,
            0.00013307336191205365
        ],
        [
            -0.22695356435910205,
            -0.2086426469716695,
            -0.006773789956836267,
            1.2948182080343782,
            0.061130624087082454,
            -0.09208692803184615,
            -0.19666567615804098,
            -0.028766170573915263,
            -0.6283778704374162,
            0.25180416365566183,
            -0.2277939578385377,
            -0.16437478852689957,
            0.02058748239466722,
            0.17843850891941682,
            0.02015379221638974,
            -0.07025720954274267,
            -0.11141026487288944,
            -0.01222164935680216,
            0.09766247037182793,
            0.0020623940355470258
        ],
        [
            0.06813134415122368,
            0.060733454061787526,
            0.001787075102870812,
            0.061130624087082454,
            1.4860967984498383,
            0.01884147982326173,
            0.05339700766070614,
            0.008288387270980408,
            0.2715015852224837,
            0.18654600893610174,
            0.04119667426906859,
            0.04503353269549698,
            -0.004228542423979727,
            -0.05474529806486387,
            -0.04914862235755643,
            0.0056453927504375445,
            0.02316398937865212,
            0.0012530011567018888,
            -0.010081559058609605,
            -0.005916081823569393
        ],
        [
            -0.5180703852297373,
            -0.5128706595542605,
            -0.004919512422049379,
            -0.09208692803184615,
            0.01884147982326173,
            -0.42476846055315587,
            -0.5952712814692562,
            -0.01859552193793789,
            -0.05184621760868463,
            -0.11233901669472811,
            -0.5691634887101087,
            -0.52914339799717,
            0.025908236644807306,
            0.026657125356683853,
            -0.0030038937367254936,
            -0.30736761107523825,
            -0.3724139945204969,
            -0.06257709127072071,
            0.27697282165075854,
            0.027450782367060507
        ],
        [
            -0.42551235215048355,
            -0.3620676235482908,
            -0.007324044599489701,
            -0.19666567615804098,
            0.05339700766070614,
            -0.5952712814692562,
            -0.43973151767450913,
            -0.012668964957303573,
            -0.05215525258731301,
            -0.0957976970141073,
            -0.5474723677702245,
            -0.4212191749063292,
            0.06535773985186268,
            0.12565292021497043,
            0.02847505192552599,
            -0.34794445310705446,
            -0.32934966883593864,
            -0.06259059515328769,
            0.2107734667014013,
            0.01779520118470148
        ],
        [
            -0.0051221016757439855,
            -0.006556974484721232,
            0.2667993149573285,
            -0.028766170573915263,
            0.008288387270980408,
            -0.01859552193793789,
            -0.012668964957303573,
            1.4023537124074943,
            -0.02651802130967982,
            -0.003222932314667395,
            0.008394803143946639,
            -0.011379927959399561,
            0.4196752134941917,
            -0.09439864277078863,
            -0.01855892480523223,
            0.0005563008218176999,
            -0.011385044638640717,
            -0.05013136108053706,
            0.022623058926703632,
            0.0026527982268532996
        ],
        [
            0.05076376669058147,
            0.07856805781978637,
            -0.023878510758691233,
            -0.6283778704374162,
            0.2715015852224837,
            -0.05184621760868463,
            -0.05215525258731301,
            -0.02651802130967982,
            0.8667503227466837,
            0.00623446553513459,
            -0.08471458701710533,
            -0.16464861077177856,
            -0.06045831609250116,
            -0.6792007948670041,
            -0.18545740892225937,
            -0.35179862690557284,
            -0.21407516730398632,
            -0.0680134687869478,
            0.11739801697013974,
            0.010282153281291381
        ],
        [
            -0.022718645491421607,
            -0.0741488036347048,
            0.006188311097559107,
            0.25180416365566183,
            0.18654600893610174,
            -0.11233901669472811,
            -0.0957976970141073,
            -0.003222932314667395,
            0.00623446553513459,
            1.3768711861389593,
            -0.02758988707066906,
            -0.07539120299743951,
            -0.012855528725222345,
            -0.16646071547608626,
            0.3967831173719174,
            -0.047005076237392585,
            -0.051092970605423324,
            -0.011607237821601536,
            0.03531389884109665,
            -0.043772561993459164
        ],
        [
            -0.22930643749409463,
            -0.3359227594160269,
            -0.009969928885094992,
            -0.2277939578385377,
            0.04119667426906859,
            -0.5691634887101087,
            -0.5474723677702245,
            0.008394803143946639,
            -0.08471458701710533,
            -0.02758988707066906,
            -0.5176708453512364,
            -0.6300654964297152,
            0.12310584273071275,
            -0.03340606145307107,
            0.02939386863201293,
            -0.623042123439037,
            -0.5705662407007741,
            -0.018164951970217336,
            0.09540890060979046,
            0.012575390800061412
        ],
        [
            -0.291596714460888,
            -0.3064259645960189,
            -0.0055828421588583685,
            -0.16437478852689957,
            0.04503353269549698,
            -0.52914339799717,
            -0.4212191749063292,
            -0.011379927959399561,
            -0.16464861077177856,
            -0.07539120299743951,
            -0.6300654964297152,
            -0.44096939688025394,
            0.09430737892309493,
            0.008220463796777627,
            0.023839798050536695,
            -0.483377304583241,
            -0.3763497351531535,
            -0.07589001299357193,
            0.25164899104977356,
            0.022034929152975363
        ],
        [
            0.014621487092964135,
            0.03008379233217432,
            -0.04348349242460968,
            0.02058748239466722,
            -0.004228542423979727,
            0.025908236644807306,
            0.06535773985186268,
            0.4196752134941917,
            -0.06045831609250116,
            -0.012855528725222345,
            0.12310584273071275,
            0.09430737892309493,
            1.3437541875457115,
            0.06462753384985975,
            0.0008240860038057946,
            0.01717508575087745,
            0.08518192008360187,
            0.3533888917570839,
            0.2868582177046038,
            0.01849288004642879
        ],
        [
            0.29820375081637385,
            0.19263730185500497,
            0.00919240318425213,
            0.17843850891941682,
            -0.05474529806486387,
            0.026657125356683853,
            0.12565292021497043,
            -0.09439864277078863,
            -0.6792007948670041,
            -0.16646071547608626,
            -0.03340606145307107,
            0.008220463796777627,
            0.06462753384985975,
            0.8008502419220234,
            -0.06663260059719861,
            -0.0006084867240336855,
            -0.0915666664954562,
            0.3123187475388481,
            -0.4693094226589978,
            -0.06477222778198616
        ],
        [
            0.01595921251114018,
            0.02726768151206512,
            0.0007986939685657327,
            0.02015379221638974,
            -0.04914862235755643,
            -0.0030038937367254936,
            0.02847505192552599,
            -0.01855892480523223,
            -0.18545740892225937,
            0.3967831173719174,
            0.02939386863201293,
            0.023839798050536695,
            0.0008240860038057946,
            -0.06663260059719861,
            1.3674323659912382,
            0.011237207665926015,
            0.010220229745644287,
            0.02382517980485747,
            -0.07481993073300189,
            0.45103943735379015
        ],
        [
            -0.013603067757212872,
            -0.14319577067342076,
            0.00039250558650773043,
            -0.07025720954274267,
            0.0056453927504375445,
            -0.30736761107523825,
            -0.34794445310705446,
            0.0005563008218176999,
            -0.35179862690557284,
            -0.047005076237392585,
            -0.623042123439037,
            -0.483377304583241,
            0.01717508575087745,
            -0.0006084867240336855,
            0.011237207665926015,
            -0.31155337151540485,
            -0.48646686648614146,
            -0.10243606622454683,
            0.304841996987684,
            0.024626626904715468
        ],
        [
            -0.13655068920789512,
            -0.20030283681816685,
            -0.0027628442706896326,
            -0.11141026487288944,
            0.02316398937865212,
            -0.3724139945204969,
            -0.32934966883593864,
            -0.011385044638640717,
            -0.21407516730398632,
            -0.051092970605423324,
            -0.5705662407007741,
            -0.3763497351531535,
            0.08518192008360187,
            -0.0915666664954562,
            0.010220229745644287,
            -0.48646686648614146,
            -0.32279470818502354,
            -0.08142556254383812,
            0.2532795500861343,
            0.021343013090654797
        ],
        [
            -0.007262811663598592,
            -0.028807644015910603,
            -0.005295860444405284,
            -0.01222164935680216,
            0.0012530011567018888,
            -0.06257709127072071,
            -0.06259059515328769,
            -0.05013136108053706,
            -0.0680134687869478,
            -0.011607237821601536,
            -0.018164951970217336,
            -0.07589001299357193,
            0.3533888917570839,
            0.3123187475388481,
            0.02382517980485747,
            -0.10243606622454683,
            -0.08142556254383812,
            1.428759852179593,
            0.09318229089931916,
            0.00687414142614776
        ],
        [
            0.07489652933873076,
            0.12915853493056148,
            -0.0023098190463738265,
            0.09766247037182793,
            -0.010081559058609605,
            0.27697282165075854,
            0.2107734667014013,
            0.022623058926703632,
            0.11739801697013974,
            0.03531389884109665,
            0.09540890060979046,
            0.25164899104977356,
            0.2868582177046038,
            -0.4693094226589978,
            -0.07481993073300189,
            0.304841996987684,
            0.2532795500861343,
            0.09318229089931916,
            1.1719807361297698,
            -0.02278471477920948
        ],
        [
            0.003461787457745869,
            0.009755159153545509,
            0.00013307336191205365,
            0.0020623940355470258,
            -0.005916081823569393,
            0.027450782367060507,
            0.01779520118470148,
            0.0026527982268532996,
            0.010282153281291381,
            -0.043772561993459164,
            0.012575390800061412,
            0.022034929152975363,
            0.01849288004642879,
            -0.06477222778198616,
            0.45103943735379015,
            0.024626626904715468,
            0.021343013090654797,
            0.00687414142614776,
            -0.02278471477920948,
            1.458488871192681
        ]
    ]
}