{
    "HF": -2.166414939131825,
    "coordinates": [
        [
            0.778181,
            0.000287,
            0.132369
        ],
        [
            1.486659,
            -0.177552,
            0.069779
        ],
        [
            2.262118,
            0.140367,
            0.086751
        ],
        [
            2.938608,
            0.011903,
            -0.125408
        ]
    ],
    "elements": [
        "H",
        "H",
        "H",
        "H"
    ],
    "Enn": 3.0438085119537734,
    "S": [
        [
            0.9999999999999999,
            0.6848602514927513,
            0.0,
            0.0,
            0.0,
            0.5762564343018763,
            0.5675283843188408,
            0.0460281097799738,
            -0.5210081987649189,
            0.13078116336732315,
            0.12839837912820887,
            0.31499927799284216,
            0.005171149542876618,
            -0.16821561969414925,
            -0.015879140426282537,
            0.016023247595137725,
            0.1314220556892118,
            0.002327670981937213,
            -0.01950819210594299,
            -0.0001048899867954964
        ],
        [
            0.6848602514927513,
            1.0000000000000002,
            0.0,
            0.0,
            0.0,
            0.5675283843188408,
            0.8895112853974317,
            0.013937148845266117,
            -0.1577594398401736,
            0.039600073709750466,
            0.31499927799284216,
            0.6160572598519058,
            0.005414931982106051,
            -0.17614577405257806,
            -0.016627727477167245,
            0.13142205568921178,
            0.3565656396544601,
            0.011994695636019587,
            -0.10052744934124799,
            -0.0005405074328120955
        ],
        [
            0.0,
            0.0,
            1.0000000000000004,
            0.0,
            0.0,
            -0.04602810977997378,
            -0.013937148845266114,
            0.49266660691858605,
            0.05730020772521357,
            -0.01438324357516289,
            -0.005171149542876618,
            -0.005414931982106049,
            0.055462044585661764,
            0.00980014305358446,
            0.0009251093806179855,
            -0.002327670981937213,
            -0.011994695636019586,
            0.0017739988815998076,
            0.0030996152313132316,
            1.666574733926881e-05
        ],
        [
            0.0,
            0.0,
            0.0,
            1.0000000000000004,
            0.0,
            0.5210081987649187,
            0.1577594398401732,
            0.05730020772521358,
            -0.15087224543233144,
            0.16280894139070548,
            0.16821561969414928,
            0.1761457740525779,
            0.009800143053584459,
            -0.2630317875185146,
            -0.030093472728881396,
            0.019508192105943,
            0.10052744934124794,
            0.0030996152313132316,
            -0.02383401317723081,
            -0.000139675496754693
        ],
        [
            0.0,
            0.0,
            0.0,
            0.0,
            1.0000000000000004,
            -0.13078116336732315,
            -0.03960007370975045,
            -0.014383243575162899,
            0.1628089413907055,
            0.45686117707254914,
            0.015879140426282533,
            0.016627727477167235,
            0.0009251093806179849,
            -0.03009347272888138,
            0.05292256296747765,
            0.00010488998679549637,
            0.0005405074328120953,
            1.666574733926881e-05,
            -0.000139675496754693,
            0.0021430865873690507
        ],
        [
            0.5762564343018763,
            0.5675283843188408,
            -0.04602810977997378,
            0.5210081987649187,
            -0.13078116336732315,
            0.9999999999999999,
            0.6848602514927513,
            0.0,
            0.0,
            0.0,
            0.4930136750492683,
            0.5356893024195039,
            -0.010244963668614314,
            -0.46809741229672347,
            -0.1919083552063513,
            0.13304700537689765,
            0.3196055265290225,
            0.023107518158328184,
            -0.1718912524013713,
            -0.022428926376685268
        ],
        [
            0.5675283843188408,
            0.8895112853974317,
            -0.013937148845266117,
            0.15775943984017343,
            -0.03960007370975047,
            0.6848602514927513,
            1.0000000000000002,
            0.0,
            0.0,
            0.0,
            0.5356893024195039,
            0.8580679279620788,
            -0.0035533204778948977,
            -0.1623529545408851,
            -0.0665606936726296,
            0.3196055265290225,
            0.6216687369333939,
            0.023531618318142974,
            -0.17504603116708262,
            -0.022840572110149657
        ],
        [
            0.04602810977997378,
            0.013937148845266114,
            0.49266660691858605,
            0.057300207725213576,
            -0.014383243575162897,
            0.0,
            0.0,
            1.0000000000000004,
            0.0,
            0.0,
            0.010244963668614313,
            0.0035533204778948977,
            0.4013558921854122,
            -0.013723931709063482,
            -0.005626472379601956,
            -0.023107518158328188,
            -0.023531618318142978,
            0.05303758259224827,
            0.04330611828149941,
            0.005650722331859777
        ],
        [
            -0.5210081987649188,
            -0.1577594398401732,
            0.057300207725213576,
            -0.15087224543233127,
            0.1628089413907055,
            0.0,
            0.0,
            0.0,
            1.0000000000000004,
            0.0,
            0.468097412296723,
            0.1623529545408851,
            -0.013723931709063482,
            -0.2253969079810187,
            -0.25707628122871506,
            0.17189125240137124,
            0.17504603116708276,
            0.04330611828149939,
            -0.2632844966865947,
            -0.042034360070196626
        ],
        [
            0.13078116336732315,
            0.03960007370975046,
            -0.014383243575162892,
            0.16280894139070548,
            0.45686117707254914,
            0.0,
            0.0,
            0.0,
            0.0,
            1.0000000000000004,
            0.19190835520635122,
            0.06656069367262961,
            -0.005626472379601956,
            -0.25707628122871506,
            0.2962613460095529,
            0.02242892637668526,
            0.022840572110149653,
            0.005650722331859774,
            -0.042034360070196626,
            0.05337448948216791
        ],
        [
            0.12839837912820887,
            0.31499927799284216,
            -0.005171149542876618,
            0.16821561969414928,
            0.015879140426282533,
            0.4930136750492683,
            0.5356893024195039,
            0.010244963668614314,
            0.46809741229672347,
            0.1919083552063513,
            0.9999999999999999,
            0.6848602514927513,
            0.0,
            0.0,
            0.0,
            0.5864612904991349,
            0.5711763847819998,
            0.15951771799147704,
            -0.5086380546856568,
            0.0965892756095999
        ],
        [
            0.31499927799284216,
            0.6160572598519058,
            -0.005414931982106051,
            0.17614577405257797,
            0.01662772747716724,
            0.5356893024195039,
            0.8580679279620788,
            0.0035533204778948977,
            0.1623529545408851,
            0.0665606936726296,
            0.6848602514927513,
            1.0000000000000002,
            0.0,
            0.0,
            0.0,
            0.5711763847819998,
            0.8930705435660262,
            0.047566436671859204,
            -0.1516702979564665,
            0.02880186426507345
        ],
        [
            0.005171149542876618,
            0.005414931982106049,
            0.05546204458566177,
            0.009800143053584454,
            0.0009251093806179849,
            -0.010244963668614313,
            -0.0035533204778948977,
            0.4013558921854122,
            -0.013723931709063482,
            -0.005626472379601956,
            0.0,
            0.0,
            1.0000000000000004,
            0.0,
            0.0,
            -0.159517717991477,
            -0.04756643667185916,
            0.45015124573184684,
            0.18992513991733978,
            -0.03606637670082502
        ],
        [
            -0.16821561969414925,
            -0.17614577405257797,
            0.009800143053584464,
            -0.2630317875185147,
            -0.030093472728881392,
            -0.468097412296723,
            -0.1623529545408851,
            -0.013723931709063482,
            -0.2253969079810187,
            -0.25707628122871506,
            0.0,
            0.0,
            0.0,
            1.0000000000000004,
            0.0,
            0.5086380546856568,
            0.15167029795646647,
            0.1899251399173395,
            -0.09588006887773809,
            0.11500121689082765
        ],
        [
            -0.015879140426282537,
            -0.016627727477167235,
            0.0009251093806179855,
            -0.030093472728881382,
            0.05292256296747765,
            -0.19190835520635122,
            -0.06656069367262961,
            -0.005626472379601956,
            -0.25707628122871506,
            0.2962613460095529,
            0.0,
            0.0,
            0.0,
            0.0,
            1.0000000000000004,
            -0.09658927560959987,
            -0.028801864265073435,
            -0.03606637670082502,
            0.11500121689082779,
            0.48787658007981877
        ],
        [
            0.016023247595137725,
            0.1314220556892118,
            -0.002327670981937213,
            0.019508192105942995,
            0.0001048899867954964,
            0.13304700537689765,
            0.3196055265290225,
            -0.023107518158328184,
            0.1718912524013713,
            0.022428926376685268,
            0.5864612904991349,
            0.5711763847819998,
            -0.15951771799147704,
            0.5086380546856568,
            -0.0965892756095999,
            0.9999999999999999,
            0.6848602514927513,
            0.0,
            0.0,
            0.0
        ],
        [
            0.13142205568921178,
            0.3565656396544601,
            -0.011994695636019587,
            0.10052744934124797,
            0.0005405074328120956,
            0.3196055265290225,
            0.6216687369333939,
            -0.023531618318142974,
            0.1750460311670828,
            0.02284057211014966,
            0.5711763847819998,
            0.8930705435660262,
            -0.047566436671859204,
            0.1516702979564665,
            -0.028801864265073442,
            0.6848602514927513,
            1.0000000000000002,
            0.0,
            0.0,
            0.0
        ],
        [
            0.002327670981937213,
            0.011994695636019586,
            0.0017739988815998076,
            0.0030996152313132316,
            1.666574733926881e-05,
            0.023107518158328188,
            0.023531618318142978,
            0.05303758259224827,
            0.04330611828149941,
            0.005650722331859777,
            0.159517717991477,
            0.04756643667185916,
            0.45015124573184684,
            0.1899251399173395,
            -0.03606637670082502,
            0.0,
            0.0,
            1.0000000000000004,
            0.0,
            0.0
        ],
        [
            -0.01950819210594299,
            -0.10052744934124798,
            0.0030996152313132316,
            -0.02383401317723081,
            -0.000139675496754693,
            -0.1718912524013713,
            -0.17504603116708256,
            0.04330611828149939,
            -0.2632844966865947,
            -0.042034360070196626,
            -0.5086380546856568,
            -0.15167029795646647,
            0.18992513991733978,
            -0.09588006887773809,
            0.11500121689082779,
            0.0,
            0.0,
            0.0,
            1.0000000000000004,
            0.0
        ],
        [
            -0.00010488998679549637,
            -0.0005405074328120955,
            1.666574733926881e-05,
            -0.000139675496754693,
            0.0021430865873690507,
            -0.02242892637668526,
            -0.02284057211014964,
            0.005650722331859774,
            -0.042034360070196626,
            0.05337448948216791,
            0.09658927560959987,
            0.02880186426507344,
            -0.03606637670082502,
            0.11500121689082765,
            0.48787658007981877,
            0.0,
            0.0,
            0.0,
            0.0,
            1.0000000000000004
        ]
    ],
    "h": [
        [
            -0.29109843203798436,
            -0.4790709895895876,
            0.024578814377607724,
            -0.30119244305540754,
            0.06912372224714672,
            -0.5987676721879129,
            -0.4750064539282628,
            -0.006850705060532966,
            0.013154252657096466,
            -0.02185014951843947,
            -0.24658679459235472,
            -0.32092974167993765,
            -0.007203082396862746,
            0.29977335630575597,
            0.0663670650816588,
            -0.025261728290617694,
            -0.1566498394561445,
            -0.011043338425802969,
            0.07939565959191612,
            0.0032233199467875634
        ],
        [
            -0.4790709895895876,
            -0.317454289159379,
            0.01974671076178839,
            -0.25015594993948176,
            0.05319294740832935,
            -0.5453442179065278,
            -0.3699926093054364,
            -0.0212913896532846,
            0.11840964917944607,
            -0.0914037708135588,
            -0.33137214169787865,
            -0.3134016406558229,
            0.012784319165437472,
            0.16328526138700072,
            0.07334500354526041,
            -0.15712770122594263,
            -0.2114633182738489,
            -0.029145954960140302,
            0.12603026939390297,
            -0.008141806621979716
        ],
        [
            0.024578814377607724,
            0.01974671076178839,
            1.479002978875,
            0.02337142742825167,
            -0.00569974709773622,
            0.002463810279428283,
            0.01822703237849815,
            0.4354336932074091,
            0.08458200454254027,
            -0.019432385210040242,
            0.01375491797103082,
            0.014648866236256594,
            -0.04473701084998262,
            -0.014208792712887108,
            -0.0046040656051199455,
            0.006564845523399556,
            0.009635185214612412,
            -0.005216908150151175,
            -0.010970429843634468,
            -0.00011083831015067569
        ],
        [
            -0.30119244305540754,
            -0.25015594993948176,
            0.02337142742825167,
            1.1961882304947764,
            0.06292989836698974,
            -0.0680547098615536,
            -0.24028551253362673,
            0.07852909727210279,
            -0.5239910790041986,
            0.2042063615871566,
            -0.2350003182158171,
            -0.18958787745385064,
            0.0035877308656014247,
            0.13856052278114167,
            0.0659789675140635,
            -0.07948562053647207,
            -0.1271241379988901,
            -0.01729627105967236,
            0.10597744272369927,
            -0.00015852914947666154
        ],
        [
            0.06912372224714672,
            0.05319294740832935,
            -0.00569974709773622,
            0.06292989836698974,
            1.4642623418212506,
            0.00014285292262916638,
            0.04559541553731129,
            -0.02043041947206093,
            0.23309465165754822,
            0.3834283862914364,
            0.013913056264189604,
            0.035281337194932136,
            0.0007012676332630683,
            -0.03818750928668998,
            -0.053918071971528175,
            -0.001516206867625475,
            0.014497802583261464,
            0.00011595419620077479,
            -0.002386707128874661,
            -0.007370626585772325
        ],
        [
            -0.5987676721879129,
            -0.5453442179065278,
            0.002463810279428283,
            -0.0680547098615536,
            0.00014285292262916638,
            -0.4328780339909031,
            -0.5923447305971867,
            -0.028676975209653864,
            0.099253965557482,
            -0.14342253865855747,
            -0.49154561612590775,
            -0.4955153699169176,
            0.011654965889879979,
            0.07023677005400797,
            0.031436637166797676,
            -0.2534742271648381,
            -0.3347092589073333,
            -0.0496568660843726,
            0.23432273862197167,
            -0.0029541381049992543
        ],
        [
            -0.4750064539282628,
            -0.3699926093054364,
            0.01822703237849815,
            -0.24028551253362673,
            0.04559541553731129,
            -0.5923447305971867,
            -0.4298158565852772,
            -0.01996416060057027,
            0.033653671487202386,
            -0.12161875216065889,
            -0.4971637528754209,
            -0.407150339432337,
            0.037074573625848845,
            0.0975199845165225,
            0.09245154319378146,
            -0.3260842183855067,
            -0.3155433787491857,
            -0.05252870095610754,
            0.18859406402127016,
            -0.023890652693995228
        ],
        [
            -0.006850705060532966,
            -0.0212913896532846,
            0.4354336932074091,
            0.07852909727210279,
            -0.02043041947206093,
            -0.028676975209653864,
            -0.01996416060057027,
            1.4094101072933678,
            0.026130097731644885,
            -0.006984656777462617,
            0.005210301731015669,
            -0.007238387404507376,
            0.2896318200018696,
            -0.0037760740266678146,
            -0.00768212881483279,
            0.017932673716503644,
            -0.00035365151063206784,
            -0.04365915070770482,
            0.0004614833104200772,
            0.0018723877113009761
        ],
        [
            0.013154252657096466,
            0.11840964917944607,
            0.08458200454254027,
            -0.5239910790041986,
            0.23309465165754822,
            0.099253965557482,
            0.033653671487202386,
            0.026130097731644885,
            0.9010867685220367,
            -0.014008876701515679,
            -0.07345247984501546,
            -0.09732120105656478,
            0.011933802499075382,
            -0.6903657047204296,
            -0.3321526424976301,
            -0.3029152379849608,
            -0.16335821965047975,
            -0.051896327331764275,
            0.1252134217360737,
            -0.028339482690674003
        ],
        [
            -0.02185014951843947,
            -0.0914037708135588,
            -0.019432385210040242,
            0.2042063615871566,
            0.3834283862914364,
            -0.14342253865855747,
            -0.12161875216065889,
            -0.006984656777462617,
            -0.014008876701515679,
            1.3642827624094274,
            -0.03660315171314926,
            -0.10109693229829901,
            -0.0029870823895106514,
            -0.3284072244085109,
            0.16201844449768338,
            -0.0715169557532467,
            -0.07776675441828386,
            -0.017230540488348264,
            0.06621004718518797,
            -0.05091886914093313
        ],
        [
            -0.24658679459235472,
            -0.33137214169787865,
            0.01375491797103082,
            -0.2350003182158171,
            0.013913056264189604,
            -0.49154561612590775,
            -0.4971637528754209,
            0.005210301731015669,
            -0.07345247984501546,
            -0.03660315171314926,
            -0.44164187680806544,
            -0.5952424306618624,
            0.09079362675147863,
            -0.09886364133139294,
            0.12627571644288477,
            -0.6077319558389886,
            -0.550003451704742,
            -0.012617991400190431,
            0.0670751948735887,
            0.003854592636031662
        ],
        [
            -0.32092974167993765,
            -0.3134016406558229,
            0.014648866236256594,
            -0.18958787745385064,
            0.035281337194932136,
            -0.4955153699169176,
            -0.407150339432337,
            -0.007238387404507376,
            -0.09732120105656478,
            -0.10109693229829901,
            -0.5952424306618624,
            -0.42947267630009467,
            0.06850434631474886,
            -0.031045962046120146,
            0.1074322782452587,
            -0.47997309569665014,
            -0.3709909112356844,
            -0.06740065957105443,
            0.238510084694743,
            -0.030915491001435383
        ],
        [
            -0.007203082396862746,
            0.012784319165437472,
            -0.04473701084998262,
            0.0035877308656014247,
            0.0007012676332630683,
            0.011654965889879979,
            0.037074573625848845,
            0.2896318200018696,
            0.011933802499075382,
            -0.0029870823895106514,
            0.09079362675147863,
            0.06850434631474886,
            1.384196889393814,
            0.08098492691022084,
            -0.016507691141163548,
            0.01056976510098695,
            0.06692655305016015,
            0.37539082375987576,
            0.2668002015267164,
            -0.052907854400926255
        ],
        [
            0.29977335630575597,
            0.16328526138700072,
            -0.014208792712887108,
            0.13856052278114167,
            -0.03818750928668998,
            0.07023677005400797,
            0.0975199845165225,
            -0.0037760740266678146,
            -0.6903657047204296,
            -0.3284072244085109,
            -0.09886364133139294,
            -0.031045962046120146,
            0.08098492691022084,
            0.9102309602205534,
            -0.031206229318107608,
            -0.008454154208142106,
            -0.11343598622202733,
            0.28052780037575403,
            -0.45328394877659756,
            0.16445990847484637
        ],
        [
            0.0663670650816588,
            0.07334500354526041,
            -0.0046040656051199455,
            0.0659789675140635,
            -0.053918071971528175,
            0.031436637166797676,
            0.09245154319378146,
            -0.00768212881483279,
            -0.3321526424976301,
            0.16201844449768338,
            0.12627571644288477,
            0.1074322782452587,
            -0.016507691141163548,
            -0.031206229318107608,
            1.3693203801590355,
            0.021065321304036017,
            0.07877054956156798,
            -0.046991245818215344,
            0.1373993443849666,
            0.42694861424104324
        ],
        [
            -0.025261728290617694,
            -0.15712770122594263,
            0.006564845523399556,
            -0.07948562053647207,
            -0.001516206867625475,
            -0.2534742271648381,
            -0.3260842183855067,
            0.017932673716503644,
            -0.3029152379849608,
            -0.0715169557532467,
            -0.6077319558389886,
            -0.47997309569665014,
            0.01056976510098695,
            -0.008454154208142106,
            0.021065321304036017,
            -0.3009354055423046,
            -0.48318083917617594,
            -0.09133525472280743,
            0.2997784982445797,
            -0.050117213765723576
        ],
        [
            -0.1566498394561445,
            -0.2114633182738489,
            0.009635185214612412,
            -0.1271241379988901,
            0.014497802583261464,
            -0.3347092589073333,
            -0.3155433787491857,
            -0.00035365151063206784,
            -0.16335821965047975,
            -0.07776675441828386,
            -0.550003451704742,
            -0.3709909112356844,
            0.06692655305016015,
            -0.11343598622202733,
            0.07877054956156798,
            -0.48318083917617594,
            -0.318951611466584,
            -0.07294954508107422,
            0.24705051781957002,
            -0.037236446172208455
        ],
        [
            -0.011043338425802969,
            -0.029145954960140302,
            -0.005216908150151175,
            -0.01729627105967236,
            0.00011595419620077479,
            -0.0496568660843726,
            -0.05252870095610754,
            -0.04365915070770482,
            -0.051896327331764275,
            -0.017230540488348264,
            -0.012617991400190431,
            -0.06740065957105443,
            0.37539082375987576,
            0.28052780037575403,
            -0.046991245818215344,
            -0.09133525472280743,
            -0.07294954508107422,
            1.4518302088662844,
            0.08231364067204623,
            -0.014494562889224015
        ],
        [
            0.07939565959191612,
            0.12603026939390297,
            -0.010970429843634468,
            0.10597744272369927,
            -0.002386707128874661,
            0.23432273862197167,
            0.18859406402127016,
            0.0004614833104200772,
            0.1252134217360737,
            0.06621004718518797,
            0.0670751948735887,
            0.238510084694743,
            0.2668002015267164,
            -0.45328394877659756,
            0.1373993443849666,
            0.2997784982445797,
            0.24705051781957002,
            0.08231364067204623,
            1.2009395912203447,
            0.04401689496968094
        ],
        [
            0.0032233199467875634,
            -0.008141806621979716,
            -0.00011083831015067569,
            -0.00015852914947666154,
            -0.007370626585772325,
            -0.0029541381049992543,
            -0.023890652693995228,
            0.0018723877113009761,
            -0.028339482690674003,
            -0.05091886914093313,
            0.003854592636031662,
            -0.030915491001435383,
            -0.052907854400926255,
            0.16445990847484637,
            0.42694861424104324,
            -0.050117213765723576,
            -0.037236446172208455,
            -0.014494562889224015,
            0.04401689496968094,
            1.4675153751433105
        ]
    ]
}