{
    "HF": -2.1429585751703506,
    "coordinates": [
        [
            0.655231,
            -0.096352,
            -0.099475
        ],
        [
            1.368082,
            0.133589,
            -0.045237
        ],
        [
            2.08892,
            0.055311,
            0.122189
        ],
        [
            2.90417,
            -0.096084,
            0.076528
        ]
    ],
    "elements": [
        "H",
        "H",
        "H",
        "H"
    ],
    "Enn": 2.990023477170288,
    "S": [
        [
            0.9999999999999999,
            0.6848602514927513,
            0.0,
            0.0,
            0.0,
            0.5618779267173621,
            0.5622990971395414,
            -0.038632375050261326,
            -0.5077459933432987,
            -0.16378124103824143,
            0.13940481924974288,
            0.3257440897882441,
            -0.027781714374167918,
            -0.1796878983478888,
            -0.019008310538154275,
            0.012019864624404079,
            0.11617543208183695,
            -0.0011185552899345018,
            -0.0142927257784811,
            -1.7032256137818164e-06
        ],
        [
            0.6848602514927513,
            1.0000000000000002,
            0.0,
            0.0,
            0.0,
            0.5622990971395414,
            0.8843939820365528,
            -0.01195862952597533,
            -0.1571724808477643,
            -0.05069838917055001,
            0.3257440897882441,
            0.6290995228783491,
            -0.027273047328146192,
            -0.1763979173471676,
            -0.018660279418077064,
            0.11617543208183699,
            0.3300544790895564,
            -0.007174649596976819,
            -0.0916765582971623,
            -1.092484839457098e-05
        ],
        [
            0.0,
            0.0,
            1.0000000000000004,
            0.0,
            0.0,
            0.03863237505026131,
            0.011958629525975314,
            0.4772344160964227,
            -0.04827206698767516,
            -0.015570893994976532,
            0.0277817143741679,
            0.02727304732814616,
            0.0551187989824956,
            -0.05212518454439282,
            -0.00551407025063054,
            0.0011185552899345018,
            0.00717464959697682,
            0.0012440352337399778,
            -0.0013901887616724967,
            -1.6566504833089256e-07
        ],
        [
            0.0,
            0.0,
            0.0,
            1.0000000000000004,
            0.0,
            0.5077459933432986,
            0.15717248084776425,
            -0.04827206698767518,
            -0.15353339030414112,
            -0.20464853709969058,
            0.1796878983478887,
            0.17639791734716756,
            -0.052125184544392834,
            -0.2739598340953754,
            -0.035664166772936746,
            0.014292725778481098,
            0.09167655829716227,
            -0.0013901887616724956,
            -0.01641078404922576,
            -2.116842259099158e-06
        ],
        [
            0.0,
            0.0,
            0.0,
            0.0,
            1.0000000000000004,
            0.16378124103824143,
            0.050698389170550015,
            -0.015570893994976536,
            -0.20464853709969058,
            0.4148947281392444,
            0.01900831053815426,
            0.018660279418077054,
            -0.00551407025063054,
            -0.03566416677293673,
            0.059405183534211065,
            1.7032256137818164e-06,
            1.0924848394570976e-05,
            -1.6566504833087435e-07,
            -2.1168422590989265e-06,
            0.0013528317930539117
        ],
        [
            0.5618779267173621,
            0.5622990971395414,
            0.03863237505026132,
            0.507745993343299,
            0.16378124103824143,
            0.9999999999999999,
            0.6848602514927513,
            0.0,
            0.0,
            0.0,
            0.5673676509835838,
            0.5643081556153525,
            -0.12072828543855973,
            -0.5197850741160903,
            0.05644504872337378,
            0.10799212053171045,
            0.2934343965571947,
            -0.011178385761150333,
            -0.1410174042382778,
            0.021084658094860428
        ],
        [
            0.5622990971395414,
            0.8843939820365528,
            0.01195862952597534,
            0.1571724808477643,
            0.05069838917055001,
            0.6848602514927513,
            1.0000000000000002,
            0.0,
            0.0,
            0.0,
            0.5643081556153525,
            0.886362150733264,
            -0.03705561577297805,
            -0.1595397128436564,
            0.017324904683126748,
            0.2934343965571947,
            0.58936091190963,
            -0.013397667071436902,
            -0.16901404850679044,
            0.02527066389601387
        ],
        [
            -0.03863237505026131,
            -0.011958629525975324,
            0.4772344160964227,
            -0.048272066987675166,
            -0.015570893994976529,
            0.0,
            0.0,
            1.0000000000000004,
            0.0,
            0.0,
            0.12072828543855973,
            0.03705561577297807,
            0.45185569992212193,
            -0.1526887420408038,
            0.01658093683944248,
            0.011178385761150331,
            0.013397667071436898,
            0.04117666901631072,
            -0.020795496256297785,
            0.0031093036412449563
        ],
        [
            -0.5077459933432986,
            -0.15717248084776425,
            -0.04827206698767517,
            -0.15353339030414082,
            -0.20464853709969055,
            0.0,
            0.0,
            0.0,
            1.0000000000000004,
            0.0,
            0.5197850741160902,
            0.159539712843656,
            -0.15268874204080365,
            -0.17006795514950512,
            0.0713877734012043,
            0.14101740423827772,
            0.16901404850679058,
            -0.020795496256297792,
            -0.21951391359418154,
            0.03922444061653746
        ],
        [
            -0.16378124103824143,
            -0.050698389170550015,
            -0.01557089399497654,
            -0.20464853709969066,
            0.4148947281392444,
            0.0,
            0.0,
            0.0,
            0.0,
            1.0000000000000004,
            -0.056445048723373775,
            -0.01732490468312673,
            0.016580936839442468,
            0.07138777340120432,
            0.4795678532750585,
            -0.021084658094860428,
            -0.02527066389601385,
            0.0031093036412449555,
            0.03922444061653744,
            0.036960353708806265
        ],
        [
            0.13940481924974288,
            0.3257440897882441,
            0.027781714374167918,
            0.17968789834788876,
            0.019008310538154275,
            0.5673676509835838,
            0.5643081556153525,
            0.12072828543855973,
            0.5197850741160903,
            -0.056445048723373796,
            0.9999999999999999,
            0.6848602514927513,
            0.0,
            0.0,
            0.0,
            0.4990674221871384,
            0.538139421954569,
            0.027992019755063224,
            -0.49978086562526647,
            0.09281119184463314
        ],
        [
            0.3257440897882441,
            0.6290995228783491,
            0.027273047328146192,
            0.17639791734716748,
            0.01866027941807707,
            0.5643081556153525,
            0.886362150733264,
            0.037055615772978064,
            0.15953971284365603,
            -0.017324904683126738,
            0.6848602514927513,
            1.0000000000000002,
            0.0,
            0.0,
            0.0,
            0.538139421954569,
            0.8605124043049341,
            0.009606443572625075,
            -0.17151733695237914,
            0.03185141640957434
        ],
        [
            -0.0277817143741679,
            -0.02727304732814616,
            0.0551187989824956,
            -0.05212518454439281,
            -0.00551407025063054,
            -0.12072828543855973,
            -0.037055615772978064,
            0.45185569992212193,
            -0.1526887420408037,
            0.016580936839442475,
            0.0,
            0.0,
            1.0000000000000004,
            0.0,
            0.0,
            -0.027992019755063203,
            -0.009606443572625094,
            0.4063119154759741,
            0.03948072046189699,
            -0.007331718705095243
        ],
        [
            -0.17968789834788876,
            -0.17639791734716756,
            -0.05212518454439285,
            -0.2739598340953754,
            -0.03566416677293675,
            -0.5197850741160902,
            -0.159539712843656,
            -0.15268874204080377,
            -0.17006795514950512,
            0.07138777340120432,
            0.0,
            0.0,
            0.0,
            1.0000000000000004,
            0.0,
            0.4997808656252662,
            0.17151733695237945,
            0.03948072046189701,
            -0.29638160949793213,
            0.13090347724160434
        ],
        [
            -0.01900831053815426,
            -0.018660279418077054,
            -0.00551407025063054,
            -0.035664166772936726,
            0.059405183534211065,
            0.056445048723373775,
            0.017324904683126745,
            0.01658093683944247,
            0.0713877734012043,
            0.4795678532750585,
            0.0,
            0.0,
            0.0,
            0.0,
            1.0000000000000004,
            -0.09281119184463316,
            -0.031851416409574354,
            -0.007331718705095243,
            0.13090347724160428,
            0.3842139053441348
        ],
        [
            0.012019864624404079,
            0.11617543208183695,
            0.0011185552899345018,
            0.014292725778481102,
            1.7032256137818164e-06,
            0.10799212053171045,
            0.2934343965571947,
            0.011178385761150333,
            0.14101740423827777,
            -0.021084658094860428,
            0.4990674221871384,
            0.538139421954569,
            -0.027992019755063224,
            0.4997808656252662,
            -0.09281119184463314,
            0.9999999999999999,
            0.6848602514927513,
            0.0,
            0.0,
            0.0
        ],
        [
            0.11617543208183699,
            0.3300544790895564,
            0.007174649596976819,
            0.09167655829716234,
            1.092484839457098e-05,
            0.2934343965571947,
            0.58936091190963,
            0.013397667071436902,
            0.16901404850679064,
            -0.02527066389601387,
            0.538139421954569,
            0.8605124043049341,
            -0.009606443572625075,
            0.17151733695237947,
            -0.03185141640957435,
            0.6848602514927513,
            1.0000000000000002,
            0.0,
            0.0,
            0.0
        ],
        [
            -0.0011185552899345018,
            -0.00717464959697682,
            0.0012440352337399778,
            -0.0013901887616724967,
            -1.656650483308744e-07,
            -0.011178385761150331,
            -0.013397667071436898,
            0.04117666901631072,
            -0.0207954962562978,
            0.0031093036412449563,
            0.027992019755063203,
            0.009606443572625094,
            0.4063119154759741,
            0.03948072046189701,
            -0.007331718705095243,
            0.0,
            0.0,
            1.0000000000000004,
            0.0,
            0.0
        ],
        [
            -0.0142927257784811,
            -0.09167655829716227,
            -0.0013901887616724956,
            -0.01641078404922576,
            -2.1168422590989257e-06,
            -0.14101740423827772,
            -0.16901404850679075,
            -0.020795496256297778,
            -0.21951391359418143,
            0.03922444061653744,
            -0.49978086562526647,
            -0.1715173369523798,
            0.03948072046189699,
            -0.2963816094979324,
            0.13090347724160428,
            0.0,
            0.0,
            0.0,
            1.0000000000000004,
            0.0
        ],
        [
            -1.7032256137818164e-06,
            -1.0924848394570976e-05,
            -1.656650483308925e-07,
            -2.1168422590991586e-06,
            0.0013528317930539117,
            0.021084658094860428,
            0.02527066389601385,
            0.0031093036412449555,
            0.03922444061653746,
            0.036960353708806265,
            0.09281119184463316,
            0.031851416409574354,
            -0.007331718705095243,
            0.13090347724160434,
            0.3842139053441348,
            0.0,
            0.0,
            0.0,
            0.0,
            1.0000000000000004
        ]
    ],
    "h": [
        [
            -0.28392553912682605,
            -0.47450618242714604,
            -0.023990921131292704,
            -0.2862193510472938,
            -0.09011030192830069,
            -0.5967890841963224,
            -0.4699754946249183,
            -0.00699672935812902,
            0.012539597440266337,
            0.01492630590290489,
            -0.2789940617681732,
            -0.33039780363363813,
            0.0587637875446064,
            0.330841020458036,
            -0.005082709957758252,
            -0.009437060374327101,
            -0.1348242550963601,
            0.004341306858649652,
            0.06409668781600347,
            -0.0049235562382549955
        ],
        [
            -0.47450618242714604,
            -0.31761273106561116,
            -0.021350132187397168,
            -0.2428956321674422,
            -0.07360457831102148,
            -0.5541007427444271,
            -0.3719115037026788,
            -0.01072668837292666,
            0.0956476198652243,
            0.0768832430714024,
            -0.3553411491617397,
            -0.32077081834420285,
            0.05054415893899648,
            0.20113749984142618,
            -0.008680846312112182,
            -0.13214340650944578,
            -0.1943088835396778,
            4.667383328737541e-05,
            0.1122781343371986,
            -0.016756951505198035
        ],
        [
            -0.023990921131292704,
            -0.021350132187397168,
            1.4686405663709232,
            -0.023070900702259145,
            -0.006550811101118715,
            -0.011975820590092667,
            -0.02225107075113231,
            0.4035561780630339,
            -0.07333914655028552,
            -0.0196368728605038,
            -0.030341047923482876,
            -0.01829047318203203,
            -0.04304759620546664,
            0.01559444835944554,
            -0.001950513928199192,
            -0.007652080451094975,
            -0.012336208286445906,
            -0.004077818198572815,
            0.00886066737166358,
            -0.0006806475089518424
        ],
        [
            -0.2862193510472938,
            -0.2428956321674422,
            -0.023070900702259145,
            1.199712441659127,
            -0.08210732512096437,
            -0.08917662824413553,
            -0.2381278420240024,
            -0.08252950620525078,
            -0.5255363979218795,
            -0.2728895535198319,
            -0.2595119874710693,
            -0.1972017781668885,
            0.044240931845107065,
            0.14620197922378952,
            -0.015898887467576478,
            -0.06688861626182205,
            -0.12004961495310965,
            0.0047699371924663754,
            0.08827465087954797,
            -0.006067427609093097
        ],
        [
            -0.09011030192830069,
            -0.07360457831102148,
            -0.006550811101118715,
            -0.08210732512096437,
            1.4447844939540222,
            -0.017427612480861665,
            -0.06777694786101551,
            -0.02417355728010294,
            -0.2930172051764351,
            0.3200247976748568,
            -0.05303137951630073,
            -0.05510014157375407,
            0.012836796861968489,
            0.06276226078688543,
            -0.05027106339402576,
            -0.003849877023192003,
            -0.02394930693003275,
            0.00033895218592326843,
            0.006944181299359824,
            -0.0052531964726800105
        ],
        [
            -0.5967890841963224,
            -0.5541007427444271,
            -0.011975820590092667,
            -0.08917662824413553,
            -0.017427612480861665,
            -0.4826298961456337,
            -0.6157257437649705,
            -0.034983453057689295,
            0.030592828396322228,
            0.11065438620703956,
            -0.5505306197316159,
            -0.5323958745797278,
            0.02059941107635388,
            0.06998290527956763,
            0.011642869066703226,
            -0.23001024058306593,
            -0.3302148804619772,
            0.004114886983090215,
            0.23186219218750914,
            -0.0378559289959709
        ],
        [
            -0.4699754946249183,
            -0.3719115037026788,
            -0.02225107075113231,
            -0.2381278420240024,
            -0.06777694786101551,
            -0.6157257437649705,
            -0.43737678257644963,
            -0.031119379296502797,
            -0.0049217281822288295,
            0.08870359181639327,
            -0.5220899803089132,
            -0.4163958166183983,
            0.05910081920977557,
            0.1465927030529351,
            0.0026537144069444796,
            -0.29525105337800256,
            -0.3048360518461618,
            -0.00605370250059269,
            0.1737728851284701,
            -0.031557382309430296
        ],
        [
            -0.00699672935812902,
            -0.01072668837292666,
            0.4035561780630339,
            -0.08252950620525078,
            -0.02417355728010294,
            -0.034983453057689295,
            -0.031119379296502797,
            1.3746291456647197,
            -0.08177782408982037,
            0.0005441143613449396,
            -0.007156801735615115,
            -0.04069839078903548,
            0.3612792233265645,
            -0.22985115604459117,
            0.02528167201973628,
            -0.04428014110208065,
            -0.04092796917244286,
            -0.04519923437538967,
            0.0413663551033953,
            -0.007343279072468994
        ],
        [
            0.012539597440266337,
            0.0956476198652243,
            -0.07333914655028552,
            -0.5255363979218795,
            -0.2930172051764351,
            0.030592828396322228,
            -0.0049217281822288295,
            -0.08177782408982037,
            0.8390915715482525,
            -0.0503986513628631,
            -0.03445734825222346,
            -0.12336150375465205,
            -0.22421058485993467,
            -0.6797367481886858,
            0.1138025653397707,
            -0.29796568067685136,
            -0.1887089833938023,
            -0.003511049090065256,
            0.19400541572234364,
            -0.042751993771701066
        ],
        [
            0.01492630590290489,
            0.0768832430714024,
            -0.0196368728605038,
            -0.2728895535198319,
            0.3200247976748568,
            0.11065438620703956,
            0.08870359181639327,
            0.0005441143613449396,
            -0.0503986513628631,
            1.3613781446474482,
            0.027343827282934552,
            0.06399664937561214,
            0.017648733062519677,
            0.07615443313053127,
            0.3987024836906413,
            0.0287338341000572,
            0.03362990515872638,
            -2.1255108457242725e-05,
            -0.03069961008794872,
            -0.0394298894022026
        ],
        [
            -0.2789940617681732,
            -0.3553411491617397,
            -0.030341047923482876,
            -0.2595119874710693,
            -0.05303137951630073,
            -0.5505306197316159,
            -0.5220899803089132,
            -0.007156801735615115,
            -0.03445734825222346,
            0.027343827282934552,
            -0.43265369066339643,
            -0.5982274165107782,
            0.06862652798892466,
            0.011223768962788178,
            0.01766461428036867,
            -0.5384152252061429,
            -0.5217945871157545,
            0.000956633579896296,
            0.08478796041490744,
            -0.015338344169880919
        ],
        [
            -0.33039780363363813,
            -0.32077081834420285,
            -0.01829047318203203,
            -0.1972017781668885,
            -0.05510014157375407,
            -0.5323958745797278,
            -0.4163958166183983,
            -0.04069839078903548,
            -0.12336150375465205,
            0.06399664937561214,
            -0.5982274165107782,
            -0.43890379959399284,
            0.059117093977230084,
            0.026238008801119664,
            0.016412347310260412,
            -0.4370713980415659,
            -0.3624609421562288,
            -0.007342075945267031,
            0.21108078324814955,
            -0.03896897095239098
        ],
        [
            0.0587637875446064,
            0.05054415893899648,
            -0.04304759620546664,
            0.044240931845107065,
            0.012836796861968489,
            0.02059941107635388,
            0.05910081920977557,
            0.3612792233265645,
            -0.22421058485993467,
            0.017648733062519677,
            0.06862652798892466,
            0.059117093977230084,
            1.3908529861607142,
            -0.05386434441265864,
            0.0037523752402244793,
            0.007694251565456868,
            0.03344679608671162,
            0.30830976319875264,
            0.03947093520495279,
            -0.007748351142114633
        ],
        [
            0.330841020458036,
            0.20113749984142618,
            0.01559444835944554,
            0.14620197922378952,
            0.06276226078688543,
            0.06998290527956763,
            0.1465927030529351,
            -0.22985115604459117,
            -0.6797367481886858,
            0.07615443313053127,
            0.011223768962788178,
            0.026238008801119664,
            -0.05386434441265864,
            0.8598701753073279,
            0.06722789331755913,
            -0.04140521693836008,
            -0.09506299304255111,
            0.05094315513812671,
            -0.6578616379248364,
            0.17789926249339905
        ],
        [
            -0.005082709957758252,
            -0.008680846312112182,
            -0.001950513928199192,
            -0.015898887467576478,
            -0.05027106339402576,
            0.011642869066703226,
            0.0026537144069444796,
            0.02528167201973628,
            0.1138025653397707,
            0.3987024836906413,
            0.01766461428036867,
            0.016412347310260412,
            0.0037523752402244793,
            0.06722789331755913,
            1.3954944996875134,
            0.0034549568853066703,
            0.02374494750965847,
            -0.009868442748621807,
            0.17707495853934654,
            0.27917132605463424
        ],
        [
            -0.009437060374327101,
            -0.13214340650944578,
            -0.007652080451094975,
            -0.06688861626182205,
            -0.003849877023192003,
            -0.23001024058306593,
            -0.29525105337800256,
            -0.04428014110208065,
            -0.29796568067685136,
            0.0287338341000572,
            -0.5384152252061429,
            -0.4370713980415659,
            0.007694251565456868,
            -0.04140521693836008,
            0.0034549568853066703,
            -0.22661107700962635,
            -0.44872958965775855,
            -0.012581428842200358,
            0.2499038976709648,
            -0.047463493368379975
        ],
        [
            -0.1348242550963601,
            -0.1943088835396778,
            -0.012336208286445906,
            -0.12004961495310965,
            -0.02394930693003275,
            -0.3302148804619772,
            -0.3048360518461618,
            -0.04092796917244286,
            -0.1887089833938023,
            0.03362990515872638,
            -0.5217945871157545,
            -0.3624609421562288,
            0.03344679608671162,
            -0.09506299304255111,
            0.02374494750965847,
            -0.44872958965775855,
            -0.3059379380844691,
            -0.010074496942709654,
            0.22304726718058301,
            -0.04204844967964383
        ],
        [
            0.004341306858649652,
            4.667383328737541e-05,
            -0.004077818198572815,
            0.0047699371924663754,
            0.00033895218592326843,
            0.004114886983090215,
            -0.00605370250059269,
            -0.04519923437538967,
            -0.003511049090065256,
            -2.1255108457242725e-05,
            0.000956633579896296,
            -0.007342075945267031,
            0.30830976319875264,
            0.05094315513812671,
            -0.009868442748621807,
            -0.012581428842200358,
            -0.010074496942709654,
            1.4966384623872606,
            0.011071210550527948,
            -0.002109213206895632
        ],
        [
            0.06409668781600347,
            0.1122781343371986,
            0.00886066737166358,
            0.08827465087954797,
            0.006944181299359824,
            0.23186219218750914,
            0.1737728851284701,
            0.0413663551033953,
            0.19400541572234364,
            -0.03069961008794872,
            0.08478796041490744,
            0.21108078324814955,
            0.03947093520495279,
            -0.6578616379248364,
            0.17707495853934654,
            0.2499038976709648,
            0.22304726718058301,
            0.011071210550527948,
            1.2586714217729955,
            0.04431178784549267
        ],
        [
            -0.0049235562382549955,
            -0.016756951505198035,
            -0.0006806475089518424,
            -0.006067427609093097,
            -0.0052531964726800105,
            -0.0378559289959709,
            -0.031557382309430296,
            -0.007343279072468994,
            -0.042751993771701066,
            -0.0394298894022026,
            -0.015338344169880919,
            -0.03896897095239098,
            -0.007748351142114633,
            0.17789926249339905,
            0.27917132605463424,
            -0.047463493368379975,
            -0.04204844967964383,
            -0.002109213206895632,
            0.04431178784549267,
            1.48921022482707
        ]
    ]
}