{
    "HF": -2.151971555348102,
    "coordinates": [
        [
            0.683315,
            0.017679,
            -0.112781
        ],
        [
            1.329904,
            0.075564,
            0.112717
        ],
        [
            2.048211,
            -0.162414,
            -0.145313
        ],
        [
            2.821529,
            -0.148999,
            -0.092785
        ]
    ],
    "elements": [
        "H",
        "H",
        "H",
        "H"
    ],
    "Enn": 3.0931308743351864,
    "S": [
        [
            0.9999999999999999,
            0.6848602514927513,
            0.0,
            0.0,
            0.0,
            0.6135420440732811,
            0.580611842906535,
            -0.1794823446680326,
            -0.514644519049209,
            -0.046072849963676256,
            0.17007046188764868,
            0.3531004873591624,
            0.005201341710691435,
            -0.2182248400207767,
            0.02879396387260402,
            0.017864997100909347,
            0.13768603841726906,
            -0.00020619403763050395,
            -0.022048758650633632,
            0.0017187442390566674
        ],
        [
            0.6848602514927513,
            1.0000000000000002,
            0.0,
            0.0,
            0.0,
            0.580611842906535,
            0.9022365738337578,
            -0.05144896831346756,
            -0.1475238670535289,
            -0.01320687336838939,
            0.3531004873591624,
            0.661589916456544,
            0.0043631794322986145,
            -0.1830593309488092,
            0.02415400447254875,
            0.13768603841726906,
            0.3671182054300084,
            -0.000978094382768156,
            -0.10458967306242388,
            0.008152971370825697
        ],
        [
            0.0,
            0.0,
            1.0000000000000004,
            0.0,
            0.0,
            0.17948234466803262,
            0.051448968313467555,
            0.4701828588801954,
            -0.20504861941519664,
            -0.018356698513040986,
            -0.005201341710691435,
            -0.004363179432298613,
            0.08505331960442514,
            0.009831700685547997,
            -0.0012972566932296645,
            0.00020619403763050376,
            0.0009780943827681556,
            0.002548122482315647,
            -0.00028313776210837243,
            2.2071147187652548e-05
        ],
        [
            0.0,
            0.0,
            0.0,
            1.0000000000000004,
            0.0,
            0.5146445190492089,
            0.14752386705352888,
            -0.2050486194151965,
            -0.04625921344380323,
            -0.05263567452859295,
            0.21822484002077652,
            0.1830593309488088,
            0.009831700685547997,
            -0.32720616353304754,
            0.054427040193114375,
            0.022048758650633615,
            0.10458967306242388,
            -0.0002831377621083721,
            -0.027725741335550377,
            0.0023601138183986436
        ],
        [
            0.0,
            0.0,
            0.0,
            0.0,
            1.0000000000000004,
            0.046072849963676256,
            0.013206873368389388,
            -0.01835669851304098,
            -0.05263567452859296,
            0.5369814551458301,
            -0.028793963872604005,
            -0.024154004472548705,
            -0.001297256693229664,
            0.05442704019311436,
            0.07810620856974095,
            -0.0017187442390566652,
            -0.008152971370825688,
            2.2071147187652504e-05,
            0.002360113818398642,
            0.002366794781565427
        ],
        [
            0.6135420440732811,
            0.580611842906535,
            0.1794823446680326,
            0.5146445190492089,
            0.046072849963676256,
            0.9999999999999999,
            0.6848602514927513,
            0.0,
            0.0,
            0.0,
            0.5232665623185998,
            0.547712668537613,
            0.1679561296767584,
            -0.46755828252421516,
            0.154903940736409,
            0.11852737813483936,
            0.30485868676426253,
            0.021130286139088968,
            -0.1533730234363587,
            0.02309019107479361
        ],
        [
            0.580611842906535,
            0.9022365738337578,
            0.05144896831346756,
            0.14752386705352907,
            0.01320687336838939,
            0.6848602514927513,
            1.0000000000000002,
            0.0,
            0.0,
            0.0,
            0.547712668537613,
            0.8700232871918625,
            0.05531755104575453,
            -0.1539936601907635,
            0.0510187193844381,
            0.30485868676426253,
            0.603592893450348,
            0.02355429475909182,
            -0.17096755710421468,
            0.02573903462733177
        ],
        [
            -0.17948234466803262,
            -0.051448968313467555,
            0.4701828588801954,
            -0.2050486194151966,
            -0.018356698513040986,
            0.0,
            0.0,
            1.0000000000000004,
            0.0,
            0.0,
            -0.16795612967675838,
            -0.05531755104575448,
            0.3607838745919843,
            0.209882366216186,
            -0.06953487262047502,
            -0.021130286139088968,
            -0.023554294759091796,
            0.043955865205663774,
            0.03928786740657683,
            -0.005914758312862222
        ],
        [
            -0.5146445190492087,
            -0.14752386705352888,
            -0.2050486194151966,
            -0.04625921344380323,
            -0.05263567452859296,
            0.0,
            0.0,
            0.0,
            1.0000000000000004,
            0.0,
            0.46755828252421516,
            0.15399366019076383,
            0.20988236621618622,
            -0.1480952933334601,
            0.193572010027499,
            0.1533730234363587,
            0.1709675571042146,
            0.03928786740657683,
            -0.2358002551508544,
            0.04293194892713021
        ],
        [
            -0.046072849963676256,
            -0.013206873368389388,
            -0.01835669851304098,
            -0.05263567452859295,
            0.5369814551458301,
            0.0,
            0.0,
            0.0,
            0.0,
            1.0000000000000004,
            -0.154903940736409,
            -0.05101871938443808,
            -0.06953487262047504,
            0.19357201002749885,
            0.3720465619282324,
            -0.0230901910747936,
            -0.025739034627331757,
            -0.005914758312862222,
            0.04293194892713021,
            0.04290520440342676
        ],
        [
            0.17007046188764868,
            0.3531004873591624,
            -0.005201341710691435,
            0.21822484002077663,
            -0.02879396387260402,
            0.5232665623185998,
            0.547712668537613,
            -0.1679561296767584,
            0.46755828252421516,
            -0.154903940736409,
            0.9999999999999999,
            0.6848602514927513,
            0.0,
            0.0,
            0.0,
            0.5424908830431545,
            0.5550770047005282,
            -0.03578897382703618,
            -0.5268858068454154,
            -0.009140060232441568
        ],
        [
            0.3531004873591624,
            0.661589916456544,
            -0.0043631794322986145,
            0.1830593309488091,
            -0.024154004472548736,
            0.547712668537613,
            0.8700232871918625,
            -0.05531755104575453,
            0.15399366019076383,
            -0.0510187193844381,
            0.6848602514927513,
            1.0000000000000002,
            0.0,
            0.0,
            0.0,
            0.5550770047005282,
            0.8772966674423835,
            -0.011422882252823882,
            -0.16816784301685306,
            -0.002917262515641807
        ],
        [
            0.0052013417106914345,
            0.004363179432298613,
            0.08505331960442514,
            0.009831700685547999,
            -0.0012972566932296645,
            0.16795612967675838,
            0.055317551045754455,
            0.3607838745919843,
            0.20988236621618614,
            -0.06953487262047502,
            0.0,
            0.0,
            1.0000000000000004,
            0.0,
            0.0,
            0.03578897382703618,
            0.011422882252823882,
            0.4550789602189778,
            -0.04833815493748309,
            -0.0008385377664639078
        ],
        [
            -0.2182248400207765,
            -0.1830593309488089,
            0.009831700685547996,
            -0.32720616353304754,
            0.05442704019311437,
            -0.46755828252421516,
            -0.15399366019076383,
            0.20988236621618608,
            -0.14809529333346025,
            0.19357201002749885,
            0.0,
            0.0,
            0.0,
            1.0000000000000004,
            0.0,
            0.5268858068454156,
            0.16816784301685342,
            -0.04833815493748308,
            -0.25327268563059246,
            -0.012344965513370712
        ],
        [
            0.028793963872604005,
            0.02415400447254871,
            -0.001297256693229664,
            0.05442704019311437,
            0.07810620856974095,
            0.154903940736409,
            0.051018719384438097,
            -0.06953487262047504,
            0.193572010027499,
            0.3720465619282324,
            0.0,
            0.0,
            0.0,
            0.0,
            1.0000000000000004,
            0.009140060232441568,
            0.002917262515641807,
            -0.0008385377664639082,
            -0.012344965513370719,
            0.4581482006739967
        ],
        [
            0.017864997100909347,
            0.13768603841726906,
            0.00020619403763050395,
            0.022048758650633635,
            -0.0017187442390566674,
            0.11852737813483936,
            0.30485868676426253,
            -0.021130286139088968,
            0.1533730234363587,
            -0.02309019107479361,
            0.5424908830431545,
            0.5550770047005282,
            0.03578897382703618,
            0.5268858068454156,
            0.009140060232441568,
            0.9999999999999999,
            0.6848602514927513,
            0.0,
            0.0,
            0.0
        ],
        [
            0.13768603841726906,
            0.3671182054300084,
            0.000978094382768156,
            0.10458967306242384,
            -0.008152971370825697,
            0.30485868676426253,
            0.603592893450348,
            -0.02355429475909182,
            0.17096755710421468,
            -0.02573903462733177,
            0.5550770047005282,
            0.8772966674423835,
            0.011422882252823882,
            0.16816784301685342,
            0.002917262515641807,
            0.6848602514927513,
            1.0000000000000002,
            0.0,
            0.0,
            0.0
        ],
        [
            -0.00020619403763050376,
            -0.0009780943827681556,
            0.002548122482315647,
            -0.00028313776210837205,
            2.2071147187652517e-05,
            0.021130286139088968,
            0.023554294759091796,
            0.043955865205663774,
            0.03928786740657683,
            -0.005914758312862222,
            -0.03578897382703618,
            -0.011422882252823882,
            0.4550789602189778,
            -0.04833815493748309,
            -0.0008385377664639084,
            0.0,
            0.0,
            1.0000000000000004,
            0.0,
            0.0
        ],
        [
            -0.02204875865063361,
            -0.10458967306242384,
            -0.0002831377621083725,
            -0.027725741335550377,
            0.0023601138183986436,
            -0.1533730234363587,
            -0.1709675571042146,
            0.03928786740657683,
            -0.2358002551508544,
            0.04293194892713021,
            -0.5268858068454153,
            -0.16816784301685306,
            -0.04833815493748308,
            -0.25327268563059246,
            -0.012344965513370719,
            0.0,
            0.0,
            0.0,
            1.0000000000000004,
            0.0
        ],
        [
            0.0017187442390566654,
            0.008152971370825688,
            2.2071147187652534e-05,
            0.002360113818398642,
            0.002366794781565427,
            0.0230901910747936,
            0.025739034627331757,
            -0.005914758312862222,
            0.04293194892713021,
            0.04290520440342676,
            -0.009140060232441568,
            -0.002917262515641807,
            -0.0008385377664639076,
            -0.012344965513370712,
            0.4581482006739967,
            0.0,
            0.0,
            0.0,
            0.0,
            1.0000000000000004
        ]
    ],
    "h": [
        [
            -0.3352132472104745,
            -0.49838576435509374,
            -0.10348610280367171,
            -0.32466016137624626,
            -0.022727947343533922,
            -0.6408137676135492,
            -0.49780329570756976,
            0.026789425988007487,
            -0.0037840970837339505,
            0.017596935456626092,
            -0.3046454038723899,
            -0.35675995742215616,
            -0.0585707360159992,
            0.3314361198222956,
            -0.07195061237051306,
            -0.029470615982821066,
            -0.16437200803697266,
            -0.002813619190712768,
            0.08569492623566276,
            -0.007714435360823258
        ],
        [
            -0.49838576435509374,
            -0.32790209120171676,
            -0.07763069999984343,
            -0.2635834113229495,
            -0.014694816577650496,
            -0.5709718202981561,
            -0.3784121675582721,
            0.11260022696633475,
            0.10963661007524902,
            0.05432800979923854,
            -0.3679826356427944,
            -0.3321457164417261,
            -0.061564843164562115,
            0.17966956658212724,
            -0.061363749291256965,
            -0.16078154689672847,
            -0.21670714880452158,
            0.0009208603850823847,
            0.12953608392835897,
            -0.004938497636395365
        ],
        [
            -0.10348610280367171,
            -0.07763069999984343,
            1.427133880438223,
            -0.09162009182239413,
            -0.008423252475312486,
            -0.004960639143784362,
            -0.06943338625639053,
            0.39973022410426895,
            -0.30269558052497825,
            -0.025311708059873567,
            -0.03909113610093836,
            -0.05535545709580874,
            -0.055525119252698096,
            0.067760878179783,
            -0.016214923181664703,
            -0.0010328449869201517,
            -0.02316772522325132,
            -0.008339252534234188,
            0.006126031319039515,
            -0.0007788243542090311
        ],
        [
            -0.32466016137624626,
            -0.2635834113229495,
            -0.09162009182239413,
            1.1563968365927328,
            -0.01857601314005877,
            -0.08513568171230756,
            -0.2598785870849555,
            -0.2635243930721279,
            -0.40988421242033246,
            -0.04897674548148556,
            -0.26365485204753764,
            -0.2129769550132662,
            -0.06117706837858587,
            0.05003364450176251,
            -0.04781419042279503,
            -0.09030603921710424,
            -0.1386276593152627,
            -0.0003140208417575244,
            0.1190407398440918,
            -0.008896479785367593
        ],
        [
            -0.022727947343533922,
            -0.014694816577650496,
            -0.008423252475312486,
            -0.01857601314005877,
            1.45669321400698,
            0.0074851690989477665,
            -0.010376342137184141,
            -0.030166009213544162,
            -0.0728936726239037,
            0.4933022711706897,
            0.007554105074921304,
            -0.00780201766571182,
            -0.0012468194591817223,
            0.029089814450299636,
            -0.045239218068957254,
            0.008394096448105551,
            0.0018661998123451675,
            -0.00027517724012832856,
            -0.008538986146352562,
            -0.007424736409709703
        ],
        [
            -0.6408137676135492,
            -0.5709718202981561,
            -0.004960639143784362,
            -0.08513568171230756,
            0.0074851690989477665,
            -0.48810038878369255,
            -0.6128559097358215,
            0.17167294437725084,
            0.10649192819242775,
            0.08983082876366372,
            -0.5252032873367595,
            -0.5222841564734113,
            -0.018201135224839127,
            0.0963742005267556,
            -0.02560225633079588,
            -0.23490143541210287,
            -0.33162809960161893,
            -0.00938616015092087,
            0.23389237661685583,
            -0.016913074964679593
        ],
        [
            -0.49780329570756976,
            -0.3784121675582721,
            -0.06943338625639053,
            -0.2598785870849555,
            -0.010376342137184141,
            -0.6128559097358215,
            -0.43117683652266825,
            0.13695877593135733,
            0.034455073940805325,
            0.07676094849002668,
            -0.5103516271484771,
            -0.41487535263326847,
            -0.06899667346471351,
            0.1207009630445185,
            -0.06551315703124556,
            -0.3076345113834537,
            -0.3097207443881145,
            0.006322248964910765,
            0.18493478164945104,
            -0.0018607287230971437
        ],
        [
            0.026789425988007487,
            0.11260022696633475,
            0.39973022410426895,
            -0.2635243930721279,
            -0.030166009213544162,
            0.17167294437725084,
            0.13695877593135733,
            1.333967071925184,
            -0.022472571795521805,
            -0.03149031970196646,
            0.040725948737406314,
            0.10986175340802244,
            0.2410669867855172,
            0.25464568322734876,
            -0.08598708454374229,
            0.05913958120549502,
            0.07287727867732255,
            -0.04468529056597474,
            -0.062125818989731546,
            0.0023917757244107576
        ],
        [
            -0.0037840970837339505,
            0.10963661007524902,
            -0.30269558052497825,
            -0.40988421242033246,
            -0.0728936726239037,
            0.10649192819242775,
            0.034455073940805325,
            -0.022472571795521805,
            0.8767331661789002,
            0.0453825201962907,
            -0.04147665904410436,
            -0.08758653735604738,
            0.28858390579234783,
            -0.6289478058797098,
            0.27677020520299217,
            -0.2911951989999705,
            -0.16269869887238905,
            0.003887421956040346,
            0.16096784183902602,
            -0.004247214561827264
        ],
        [
            0.017596935456626092,
            0.05432800979923854,
            -0.025311708059873567,
            -0.04897674548148556,
            0.4933022711706897,
            0.08983082876366372,
            0.07676094849002668,
            -0.03149031970196646,
            0.0453825201962907,
            1.3676766566622152,
            0.0260907636182941,
            0.07367017783464724,
            -0.09126276184359075,
            0.2625479477907538,
            0.25329700591732607,
            0.0624921234000917,
            0.060255155176966134,
            -0.0003232941676590325,
            -0.05789639774056393,
            -0.042777483885872616
        ],
        [
            -0.3046454038723899,
            -0.3679826356427944,
            -0.03909113610093836,
            -0.26365485204753764,
            0.007554105074921304,
            -0.5252032873367595,
            -0.5103516271484771,
            0.040725948737406314,
            -0.04147665904410436,
            0.0260907636182941,
            -0.4273659109971699,
            -0.5960649070571329,
            -0.0867225508444324,
            -0.05984887945069299,
            -0.06928439990232621,
            -0.568823707327125,
            -0.5347012184491161,
            -0.005339944405818378,
            0.07140902904668556,
            -0.006685794075000879
        ],
        [
            -0.35675995742215616,
            -0.3321457164417261,
            -0.05535545709580874,
            -0.2129769550132662,
            -0.00780201766571182,
            -0.5222841564734113,
            -0.41487535263326847,
            0.10986175340802244,
            -0.08758653735604738,
            0.07367017783464724,
            -0.5960649070571329,
            -0.43795548232117065,
            -0.07424693454720652,
            -0.012001335475578176,
            -0.06233003672663486,
            -0.45641277276756376,
            -0.3672494441383951,
            0.007216916499689375,
            0.23116782733108787,
            -0.002601444230416272
        ],
        [
            -0.0585707360159992,
            -0.061564843164562115,
            -0.055525119252698096,
            -0.06117706837858587,
            -0.0012468194591817223,
            -0.018201135224839127,
            -0.06899667346471351,
            0.2410669867855172,
            0.28858390579234783,
            -0.09126276184359075,
            -0.0867225508444324,
            -0.07424693454720652,
            1.3863224707182191,
            0.054231442796995044,
            -0.023286427726086627,
            -0.014982885038236152,
            -0.04726577474013202,
            0.37963639845331143,
            -0.04689097721412877,
            -0.003301463797216725
        ],
        [
            0.3314361198222956,
            0.17966956658212724,
            0.067760878179783,
            0.05003364450176251,
            0.029089814450299636,
            0.0963742005267556,
            0.1207009630445185,
            0.25464568322734876,
            -0.6289478058797098,
            0.2625479477907538,
            -0.05984887945069299,
            -0.012001335475578176,
            0.054231442796995044,
            0.8734297197419996,
            0.06931883818646056,
            -0.030204809266693444,
            -0.11716497894295377,
            -0.06586744743559501,
            -0.6395118787512896,
            -0.014179521536364901
        ],
        [
            -0.07195061237051306,
            -0.061363749291256965,
            -0.016214923181664703,
            -0.04781419042279503,
            -0.045239218068957254,
            -0.02560225633079588,
            -0.06551315703124556,
            -0.08598708454374229,
            0.27677020520299217,
            0.25329700591732607,
            -0.06928439990232621,
            -0.06233003672663486,
            -0.023286427726086627,
            0.06931883818646056,
            1.3897981677304494,
            -0.009186850411780599,
            -0.03395222118092085,
            -0.002644361355697005,
            0.0005724469251784381,
            0.3836583446073064
        ],
        [
            -0.029470615982821066,
            -0.16078154689672847,
            -0.0010328449869201517,
            -0.09030603921710424,
            0.008394096448105551,
            -0.23490143541210287,
            -0.3076345113834537,
            0.05913958120549502,
            -0.2911951989999705,
            0.0624921234000917,
            -0.568823707327125,
            -0.45641277276756376,
            -0.014982885038236152,
            -0.030204809266693444,
            -0.009186850411780599,
            -0.2591946545608843,
            -0.46526330762910695,
            0.01511300776540505,
            0.2855630789409803,
            0.0020087442243851335
        ],
        [
            -0.16437200803697266,
            -0.21670714880452158,
            -0.02316772522325132,
            -0.1386276593152627,
            0.0018661998123451675,
            -0.33162809960161893,
            -0.3097207443881145,
            0.07287727867732255,
            -0.16269869887238905,
            0.060255155176966134,
            -0.5347012184491161,
            -0.3672494441383951,
            -0.04726577474013202,
            -0.11716497894295377,
            -0.03395222118092085,
            -0.46526330762910695,
            -0.312130290381905,
            0.010826303864496293,
            0.24408470564781679,
            -8.908810592567207e-06
        ],
        [
            -0.002813619190712768,
            0.0009208603850823847,
            -0.008339252534234188,
            -0.0003140208417575244,
            -0.00027517724012832856,
            -0.00938616015092087,
            0.006322248964910765,
            -0.04468529056597474,
            0.003887421956040346,
            -0.0003232941676590325,
            -0.005339944405818378,
            0.007216916499689375,
            0.37963639845331143,
            -0.06586744743559501,
            -0.002644361355697005,
            0.01511300776540505,
            0.010826303864496293,
            1.4944674448276125,
            -0.014149756898465954,
            -0.0008396427065986267
        ],
        [
            0.08569492623566276,
            0.12953608392835897,
            0.006126031319039515,
            0.1190407398440918,
            -0.008538986146352562,
            0.23389237661685583,
            0.18493478164945104,
            -0.062125818989731546,
            0.16096784183902602,
            -0.05789639774056393,
            0.07140902904668556,
            0.23116782733108787,
            -0.04689097721412877,
            -0.6395118787512896,
            0.0005724469251784381,
            0.2855630789409803,
            0.24408470564781679,
            -0.014149756898465954,
            1.2193401441879925,
            -0.0012144923887751485
        ],
        [
            -0.007714435360823258,
            -0.004938497636395365,
            -0.0007788243542090311,
            -0.008896479785367593,
            -0.007424736409709703,
            -0.016913074964679593,
            -0.0018607287230971437,
            0.0023917757244107576,
            -0.004247214561827264,
            -0.042777483885872616,
            -0.006685794075000879,
            -0.002601444230416272,
            -0.003301463797216725,
            -0.014179521536364901,
            0.3836583446073064,
            0.0020087442243851335,
            -8.908810592567207e-06,
            -0.0008396427065986267,
            -0.0012144923887751485,
            1.4955632717820073
        ]
    ]
}