{
    "HF": -2.1734776817343113,
    "coordinates": [
        [
            0.822323,
            0.008305,
            -0.084649
        ],
        [
            1.612908,
            0.004793,
            0.145502
        ],
        [
            2.440309,
            -0.164665,
            0.142112
        ],
        [
            3.137389,
            -0.032222,
            0.189219
        ]
    ],
    "elements": [
        "H",
        "H",
        "H",
        "H"
    ],
    "Enn": 2.90930426332508,
    "S": [
        [
            0.9999999999999999,
            0.6848602514927513,
            0.0,
            0.0,
            0.0,
            0.5045304009450641,
            0.5403311365335914,
            -0.1430502501087656,
            -0.4913877497044916,
            0.0021828820139038483,
            0.08580998594339725,
            0.26688225342834043,
            -0.015741105610059022,
            -0.11231600011288081,
            0.01200708692134851,
            0.009077829149529005,
            0.10295967072885381,
            -0.0012343738879083052,
            -0.010434431986155112,
            0.00018266270814866966
        ],
        [
            0.6848602514927513,
            1.0000000000000002,
            0.0,
            0.0,
            0.0,
            0.5403311365335914,
            0.8626954853289063,
            -0.04863115848960931,
            -0.16705147678918542,
            0.0007420894482991937,
            0.2668822534283403,
            0.5554459351073107,
            -0.022542052855726795,
            -0.1608421462765907,
            0.017194750783666786,
            0.10295967072885386,
            0.3059941471425175,
            -0.0098067330127262,
            -0.08289845534651734,
            0.001451200829621403
        ],
        [
            0.0,
            0.0,
            1.0000000000000004,
            0.0,
            0.0,
            0.14305025010876554,
            0.048631158489609284,
            0.357704371825592,
            -0.19591492529272253,
            0.0008703089707343819,
            0.015741105610059015,
            0.022542052855726774,
            0.02606674082203469,
            -0.02865441359997612,
            0.00306328603608923,
            0.0012343738879083044,
            0.009806733012726195,
            0.0006939080969836716,
            -0.001418380856439821,
            2.4829841122860695e-05
        ],
        [
            0.0,
            0.0,
            0.0,
            1.0000000000000004,
            0.0,
            0.4913877497044916,
            0.1670514767891852,
            -0.19591492529272247,
            -0.25824354887841655,
            0.0029895730091463488,
            0.1123160001128807,
            0.16084214627659052,
            -0.028654413599976107,
            -0.17437242573371162,
            0.021857170855605096,
            0.010434431986155106,
            0.08289845534651726,
            -0.0014183808564398213,
            -0.011128183153982441,
            0.00020989206832830646
        ],
        [
            0.0,
            0.0,
            0.0,
            0.0,
            1.0000000000000004,
            -0.002182882013903848,
            -0.0007420894482991934,
            0.0008703089707343819,
            0.0029895730091463496,
            0.4147248270462669,
            -0.012007086921348503,
            -0.01719475078366676,
            0.00306328603608923,
            0.021857170855605106,
            0.02774603139652061,
            -0.00018266270814866966,
            -0.0014512008296214036,
            2.4829841122860712e-05,
            0.00020989206832830657,
            0.0008580255919226149
        ],
        [
            0.5045304009450641,
            0.5403311365335914,
            0.1430502501087656,
            0.4913877497044917,
            -0.0021828820139038483,
            0.9999999999999999,
            0.6848602514927513,
            0.0,
            0.0,
            0.0,
            0.4881506957271085,
            0.5337045772846801,
            0.002020812176950003,
            -0.49322183363439764,
            0.1010155722364582,
            0.1175509815097843,
            0.30382726190205284,
            -0.004450022288402801,
            -0.15517932219151795,
            0.003767815152119991
        ],
        [
            0.5403311365335914,
            0.8626954853289063,
            0.04863115848960931,
            0.16705147678918525,
            -0.0007420894482991937,
            0.6848602514927513,
            1.0000000000000002,
            0.0,
            0.0,
            0.0,
            0.5337045772846801,
            0.8560846544242775,
            0.0007069357762736066,
            -0.17254258649692536,
            0.035338030317338155,
            0.30382726190205284,
            0.6023163752346598,
            -0.004992634298747129,
            -0.1741010620213717,
            0.0042272424587260025
        ],
        [
            -0.14305025010876554,
            -0.04863115848960929,
            0.357704371825592,
            -0.19591492529272247,
            0.0008703089707343819,
            0.0,
            0.0,
            1.0000000000000004,
            0.0,
            0.0,
            -0.002020812176950003,
            -0.0007069357762736064,
            0.3961439471496392,
            0.0028847877596507444,
            -0.0005908264120721339,
            0.004450022288402801,
            0.004992634298747127,
            0.048507778756835485,
            -0.008434825743476237,
            0.0002048008961048205
        ],
        [
            -0.49138774970449145,
            -0.16705147678918536,
            -0.19591492529272253,
            -0.25824354887841644,
            0.0029895730091463496,
            0.0,
            0.0,
            0.0,
            1.0000000000000004,
            0.0,
            0.4932218336343974,
            0.17254258649692497,
            0.0028847877596507427,
            -0.30793753047977585,
            0.14420364724923262,
            0.1551793221915179,
            0.17410106202137166,
            -0.008434825743476234,
            -0.24538606590184603,
            0.00714173147505027
        ],
        [
            0.002182882013903848,
            0.0007420894482991934,
            0.0008703089707343819,
            0.0029895730091463488,
            0.4147248270462669,
            0.0,
            0.0,
            0.0,
            0.0,
            1.0000000000000004,
            -0.10101557223645816,
            -0.03533803031733814,
            -0.0005908264120721337,
            0.14420364724923265,
            0.3666217659762357,
            -0.0037678151521199905,
            -0.004227242458726,
            0.0002048008961048205,
            0.007141731475050272,
            0.04857625720063279
        ],
        [
            0.08580998594339725,
            0.26688225342834043,
            0.015741105610059022,
            0.11231600011288084,
            -0.012007086921348508,
            0.4881506957271085,
            0.5337045772846801,
            -0.002020812176950003,
            0.4932218336343974,
            -0.1010155722364582,
            0.9999999999999999,
            0.6848602514927513,
            0.0,
            0.0,
            0.0,
            0.5940967802058628,
            0.5738723246221569,
            -0.03600184543214693,
            -0.5327481353905147,
            -0.10122046435922125
        ],
        [
            0.2668822534283403,
            0.5554459351073107,
            0.022542052855726795,
            0.1608421462765906,
            -0.01719475078366678,
            0.5337045772846801,
            0.8560846544242775,
            -0.0007069357762736066,
            0.17254258649692503,
            -0.035338030317338176,
            0.6848602514927513,
            1.0000000000000002,
            0.0,
            0.0,
            0.0,
            0.5738723246221569,
            0.8956953438775282,
            -0.01061469223679759,
            -0.1570741007584191,
            -0.02984358341474058
        ],
        [
            -0.015741105610059015,
            -0.022542052855726774,
            0.02606674082203469,
            -0.028654413599976118,
            0.00306328603608923,
            0.002020812176950003,
            0.0007069357762736064,
            0.3961439471496392,
            0.0028847877596507427,
            -0.0005908264120721339,
            0.0,
            0.0,
            1.0000000000000004,
            0.0,
            0.0,
            0.03600184543214693,
            0.010614692236797589,
            0.515719208289778,
            -0.0442204091965969,
            -0.00840173818675745
        ],
        [
            -0.11231600011288073,
            -0.1608421462765906,
            -0.02865441359997611,
            -0.1743724257337117,
            0.0218571708556051,
            -0.49322183363439764,
            -0.1725425864969246,
            0.0028847877596507444,
            -0.307937530479776,
            0.1442036472492327,
            0.0,
            0.0,
            0.0,
            1.0000000000000004,
            0.0,
            0.5327481353905146,
            0.15707410075841904,
            -0.0442204091965969,
            -0.13565728660770818,
            -0.12432724765374326
        ],
        [
            0.012007086921348503,
            0.017194750783666758,
            0.00306328603608923,
            0.021857170855605103,
            0.02774603139652061,
            0.10101557223645816,
            0.03533803031733814,
            -0.0005908264120721337,
            0.14420364724923257,
            0.3666217659762357,
            0.0,
            0.0,
            0.0,
            0.0,
            1.0000000000000004,
            0.1012204643592212,
            0.029843583414740554,
            -0.008401738186757447,
            -0.1243272476537432,
            0.4950857331578267
        ],
        [
            0.009077829149529005,
            0.10295967072885381,
            0.0012343738879083052,
            0.010434431986155112,
            -0.0001826627081486697,
            0.1175509815097843,
            0.30382726190205284,
            0.004450022288402801,
            0.155179322191518,
            -0.0037678151521199914,
            0.5940967802058628,
            0.5738723246221569,
            0.03600184543214693,
            0.5327481353905147,
            0.10122046435922125,
            0.9999999999999999,
            0.6848602514927513,
            0.0,
            0.0,
            0.0
        ],
        [
            0.10295967072885386,
            0.3059941471425175,
            0.0098067330127262,
            0.08289845534651731,
            -0.0014512008296214034,
            0.30382726190205284,
            0.6023163752346598,
            0.004992634298747129,
            0.1741010620213717,
            -0.004227242458726003,
            0.5738723246221569,
            0.8956953438775282,
            0.01061469223679759,
            0.1570741007584191,
            0.02984358341474056,
            0.6848602514927513,
            1.0000000000000002,
            0.0,
            0.0,
            0.0
        ],
        [
            -0.0012343738879083044,
            -0.009806733012726193,
            0.0006939080969836716,
            -0.001418380856439821,
            2.4829841122860695e-05,
            -0.004450022288402801,
            -0.004992634298747127,
            0.048507778756835485,
            -0.008434825743476234,
            0.0002048008961048205,
            -0.03600184543214693,
            -0.010614692236797589,
            0.515719208289778,
            -0.0442204091965969,
            -0.00840173818675745,
            0.0,
            0.0,
            1.0000000000000004,
            0.0,
            0.0
        ],
        [
            -0.010434431986155105,
            -0.08289845534651723,
            -0.0014183808564398213,
            -0.011128183153982441,
            0.00020989206832830646,
            -0.15517932219151795,
            -0.17410106202137166,
            -0.008434825743476237,
            -0.24538606590184597,
            0.007141731475050272,
            -0.5327481353905146,
            -0.15707410075841904,
            -0.0442204091965969,
            -0.13565728660770818,
            -0.12432724765374326,
            0.0,
            0.0,
            0.0,
            1.0000000000000004,
            0.0
        ],
        [
            0.00018266270814866966,
            0.0014512008296214038,
            2.4829841122860712e-05,
            0.00020989206832830657,
            0.0008580255919226149,
            0.003767815152119991,
            0.004227242458726001,
            0.0002048008961048205,
            0.00714173147505027,
            0.04857625720063279,
            -0.10122046435922122,
            -0.029843583414740547,
            -0.008401738186757447,
            -0.1243272476537432,
            0.4950857331578267,
            0.0,
            0.0,
            0.0,
            0.0,
            1.0000000000000004
        ]
    ],
    "h": [
        [
            -0.22864009255409767,
            -0.45046827823213875,
            -0.07090964582327935,
            -0.24730944688996023,
            0.0027579744085608725,
            -0.5387876454313308,
            -0.4413992889019973,
            0.014349181813592543,
            0.0393389506074141,
            0.005168862854527658,
            -0.19068183385616866,
            -0.2788240946896202,
            0.018358290687575454,
            0.26447706721917796,
            -0.03429809006647372,
            -0.005301267053713428,
            -0.12402762179199447,
            0.003958232271882647,
            0.05373772948731892,
            -0.0012052445745076184
        ],
        [
            -0.45046827823213875,
            -0.30412284295475045,
            -0.06142877484612197,
            -0.21760491383445005,
            0.003112965474203963,
            -0.5094146756804447,
            -0.3581836403583105,
            0.0552033326361992,
            0.10858620342966535,
            0.01671544789550311,
            -0.2913279599096387,
            -0.2893855426849946,
            0.0027366989569472464,
            0.16172174365600075,
            -0.03992579490382771,
            -0.12646112714738805,
            -0.184776256793879,
            0.0072032115110902805,
            0.1119503008143749,
            0.009861753875869295
        ],
        [
            -0.07090964582327935,
            -0.06142877484612197,
            1.4797602519481792,
            -0.06475858242428834,
            0.0005156327878281844,
            -0.01541486303080114,
            -0.055319986280033706,
            0.24744912833614352,
            -0.26687121206879744,
            0.0027642425966799954,
            -0.03981956233199503,
            -0.04254080775440647,
            -0.03600653292213514,
            0.05402428927087313,
            -0.00846663949176318,
            -0.006994044324007849,
            -0.022699687314868783,
            -0.0021384242317735638,
            0.011183964640829484,
            7.646592865148748e-05
        ],
        [
            -0.24730944688996023,
            -0.21760491383445005,
            -0.06475858242428834,
            1.26997820751577,
            0.0026038998551520037,
            -0.06770944669905665,
            -0.202534873745971,
            -0.25859604305083683,
            -0.6033271856925319,
            0.01253323601546401,
            -0.1958284962810483,
            -0.15768924164890336,
            0.0165256949031745,
            0.20325873218224882,
            -0.03821167163629438,
            -0.05026849002089204,
            -0.10037813576158892,
            0.006347457772033571,
            0.0681237623942095,
            0.0008604553654931769
        ],
        [
            0.0027579744085608725,
            0.003112965474203963,
            0.0005156327878281844,
            0.0026038998551520037,
            1.4981875308676385,
            0.004025872202381852,
            0.004067632335111592,
            0.000620582081872659,
            0.005355293066991346,
            0.3226282768442018,
            0.012172959328544123,
            0.0031999958961828577,
            -0.0011586055049238727,
            -0.012911138354878338,
            -0.03729557119994442,
            0.002693514112328023,
            0.0031387816425193565,
            -0.00019593268113808144,
            -0.0022446597466610754,
            -0.0031855028208991193
        ],
        [
            -0.5387876454313308,
            -0.5094146756804447,
            -0.01541486303080114,
            -0.06770944669905665,
            0.004025872202381852,
            -0.37721709267851833,
            -0.5697015029210941,
            0.06812679009944983,
            0.04591820315575229,
            0.03725096256492931,
            -0.47317087129801916,
            -0.47343469219363143,
            0.003305952609141813,
            0.045320396684246256,
            -0.021541189211900902,
            -0.24288947804323135,
            -0.31811669353525596,
            0.011089475535209005,
            0.2351790879784223,
            0.016301187167937266
        ],
        [
            -0.4413992889019973,
            -0.3581836403583105,
            -0.055319986280033706,
            -0.202534873745971,
            0.004067632335111592,
            -0.5697015029210941,
            -0.42688279302556986,
            0.05578121834738983,
            0.007915364351489151,
            0.033955244677431995,
            -0.48810092707745856,
            -0.3978904192843242,
            -0.004322104991604854,
            0.08902482150810742,
            -0.06052817491462515,
            -0.3199353451488498,
            -0.30740100649467594,
            0.011439169651526429,
            0.19254585700249433,
            0.02885118262316341
        ],
        [
            0.014349181813592543,
            0.0552033326361992,
            0.24744912833614352,
            -0.25859604305083683,
            0.000620582081872659,
            0.06812679009944983,
            0.05578121834738983,
            1.408305467127266,
            -0.06726268968295318,
            0.0002973052336360063,
            0.006055426364996003,
            0.02647664179085537,
            0.28548289028714213,
            -0.017721341888045455,
            0.0007893494410176017,
            -0.008858555995784015,
            0.007053564001328968,
            -0.04535160771805767,
            0.0005720667339243549,
            0.0006034587475675529
        ],
        [
            0.0393389506074141,
            0.10858620342966535,
            -0.26687121206879744,
            -0.6033271856925319,
            0.005355293066991346,
            0.04591820315575229,
            0.007915364351489151,
            -0.06726268968295318,
            0.9501705119871278,
            0.04486561923408924,
            -0.08340933574038512,
            -0.11934762191088072,
            -0.007470412736871889,
            -0.7730790059184441,
            0.17812965777741901,
            -0.3054856479223458,
            -0.1749829048262862,
            0.012335435138491765,
            0.18020976012676293,
            0.03036597401215581
        ],
        [
            0.005168862854527658,
            0.01671544789550311,
            0.0027642425966799954,
            0.01253323601546401,
            0.3226282768442018,
            0.03725096256492931,
            0.033955244677431995,
            0.0002973052336360063,
            0.04486561923408924,
            1.418544415835536,
            0.010315076871715262,
            0.03531539577707775,
            -0.0002528305109598338,
            0.19525324179213188,
            0.2501075950098308,
            0.03309470433211082,
            0.03350268562189919,
            -0.001835663854762372,
            -0.034260548818616024,
            -0.04948266739687282
        ],
        [
            -0.19068183385616866,
            -0.2913279599096387,
            -0.03981956233199503,
            -0.1958284962810483,
            0.012172959328544123,
            -0.47317087129801916,
            -0.48810092707745856,
            0.006055426364996003,
            -0.08340933574038512,
            0.010315076871715262,
            -0.45102619489711393,
            -0.5970351312655235,
            -0.02216538448574041,
            -0.11484811986629537,
            -0.09426223744961443,
            -0.613564368820522,
            -0.5509776516834735,
            0.0018083552320210111,
            0.06561450458478135,
            0.0027965048949887827
        ],
        [
            -0.2788240946896202,
            -0.2893855426849946,
            -0.04254080775440647,
            -0.15768924164890336,
            0.0031999958961828577,
            -0.47343469219363143,
            -0.3978904192843242,
            0.02647664179085537,
            -0.11934762191088072,
            0.03531539577707775,
            -0.5970351312655235,
            -0.4263442952489591,
            -0.014899483931857279,
            -0.04440278186145394,
            -0.0778411119790938,
            -0.4829014009553856,
            -0.3675690192602057,
            0.014500525947724052,
            0.24683521197089797,
            0.03862024495719783
        ],
        [
            0.018358290687575454,
            0.0027366989569472464,
            -0.03600653292213514,
            0.0165256949031745,
            -0.0011586055049238727,
            0.003305952609141813,
            -0.004322104991604854,
            0.28548289028714213,
            -0.007470412736871889,
            -0.0002528305109598338,
            -0.02216538448574041,
            -0.014899483931857279,
            1.4046583804695294,
            -0.02243968187212283,
            -0.0036488915887270008,
            -0.004969587231502835,
            -0.016309654788962506,
            0.46810800665650487,
            -0.061637142952208956,
            -0.011922226107690047
        ],
        [
            0.26447706721917796,
            0.16172174365600075,
            0.05402428927087313,
            0.20325873218224882,
            -0.012911138354878338,
            0.045320396684246256,
            0.08902482150810742,
            -0.017721341888045455,
            -0.7730790059184441,
            0.19525324179213188,
            -0.11484811986629537,
            -0.04440278186145394,
            -0.02243968187212283,
            0.8812582260049604,
            -0.009815226550115715,
            -0.0038835348573227346,
            -0.12425477520756104,
            -0.06612490009702744,
            -0.5123228126373303,
            -0.18083953632414335
        ],
        [
            -0.03429809006647372,
            -0.03992579490382771,
            -0.00846663949176318,
            -0.03821167163629438,
            -0.03729557119994442,
            -0.021541189211900902,
            -0.06052817491462515,
            0.0007893494410176017,
            0.17812965777741901,
            0.2501075950098308,
            -0.09426223744961443,
            -0.0778411119790938,
            -0.0036488915887270008,
            -0.009815226550115715,
            1.3875542245099592,
            -0.012039586507431699,
            -0.0610780203240122,
            -0.01168326957445815,
            -0.16437133215232141,
            0.4384862884302414
        ],
        [
            -0.005301267053713428,
            -0.12646112714738805,
            -0.006994044324007849,
            -0.05026849002089204,
            0.002693514112328023,
            -0.24288947804323135,
            -0.3199353451488498,
            -0.008858555995784015,
            -0.3054856479223458,
            0.03309470433211082,
            -0.613564368820522,
            -0.4829014009553856,
            -0.004969587231502835,
            -0.0038835348573227346,
            -0.012039586507431699,
            -0.307122414193141,
            -0.4843240818563116,
            0.01966452217208446,
            0.31436507352915954,
            0.05661288524716368
        ],
        [
            -0.12402762179199447,
            -0.184776256793879,
            -0.022699687314868783,
            -0.10037813576158892,
            0.0031387816425193565,
            -0.31811669353525596,
            -0.30740100649467594,
            0.007053564001328968,
            -0.1749829048262862,
            0.03350268562189919,
            -0.5509776516834735,
            -0.3675690192602057,
            -0.016309654788962506,
            -0.12425477520756104,
            -0.0610780203240122,
            -0.4843240818563116,
            -0.3164891982761986,
            0.015522962586809519,
            0.25568743599103516,
            0.043525554639961925
        ],
        [
            0.003958232271882647,
            0.0072032115110902805,
            -0.0021384242317735638,
            0.006347457772033571,
            -0.00019593268113808144,
            0.011089475535209005,
            0.011439169651526429,
            -0.04535160771805767,
            0.012335435138491765,
            -0.001835663854762372,
            0.0018083552320210111,
            0.014500525947724052,
            0.46810800665650487,
            -0.06612490009702744,
            -0.01168326957445815,
            0.01966452217208446,
            0.015522962586809519,
            1.4670509280651232,
            -0.01905157924221096,
            -0.003540016305637401
        ],
        [
            0.05373772948731892,
            0.1119503008143749,
            0.011183964640829484,
            0.0681237623942095,
            -0.0022446597466610754,
            0.2351790879784223,
            0.19254585700249433,
            0.0005720667339243549,
            0.18020976012676293,
            -0.034260548818616024,
            0.06561450458478135,
            0.24683521197089797,
            -0.061637142952208956,
            -0.5123228126373303,
            -0.16437133215232141,
            0.31436507352915954,
            0.25568743599103516,
            -0.01905157924221096,
            1.1675140043532992,
            -0.05243375592998228
        ],
        [
            -0.0012052445745076184,
            0.009861753875869295,
            7.646592865148748e-05,
            0.0008604553654931769,
            -0.0031855028208991193,
            0.016301187167937266,
            0.02885118262316341,
            0.0006034587475675529,
            0.03036597401215581,
            -0.04948266739687282,
            0.0027965048949887827,
            0.03862024495719783,
            -0.011922226107690047,
            -0.18083953632414335,
            0.4384862884302414,
            0.05661288524716368,
            0.043525554639961925,
            -0.003540016305637401,
            -0.05243375592998228,
            1.458195215463013
        ]
    ]
}