{
    "HF": -2.17012405824331,
    "coordinates": [
        [
            0.824945,
            0.009449,
            0.155153
        ],
        [
            1.653323,
            0.019468,
            -0.039421
        ],
        [
            2.45472,
            -0.060228,
            0.150361
        ],
        [
            3.199572,
            -0.036473,
            -0.024575
        ]
    ],
    "elements": [
        "H",
        "H",
        "H",
        "H"
    ],
    "Enn": 2.8412555608903762,
    "S": [
        [
            0.9999999999999999,
            0.6848602514927513,
            0.0,
            0.0,
            0.0,
            0.4832397222832464,
            0.5316850796469064,
            0.11451197743063929,
            -0.48752249961473837,
            -0.005896448147633161,
            0.08861398698113924,
            0.2704569988410167,
            0.0003458958341990327,
            -0.11764031368566863,
            0.005029420709408556,
            0.007498766004407163,
            0.09481830807040324,
            0.0006408953420075541,
            -0.008467725581464058,
            0.0001637540944965219
        ],
        [
            0.6848602514927513,
            1.0000000000000002,
            0.0,
            0.0,
            0.0,
            0.5316850796469064,
            0.8540637518325744,
            0.040411708873551104,
            -0.17204852947081578,
            -0.0020808787978049918,
            0.2704569988410167,
            0.5600840119964425,
            0.00048319983218186413,
            -0.16433785611314872,
            0.007025858661714577,
            0.09481830807040324,
            0.290591933619149,
            0.005890957121473389,
            -0.07783331387704198,
            0.0015051885790322093
        ],
        [
            0.0,
            0.0,
            1.0000000000000004,
            0.0,
            0.0,
            -0.11451197743063928,
            -0.040411708873551104,
            0.3522226063859417,
            0.16345380054704117,
            0.001976927957624183,
            -0.0003458958341990326,
            -0.0004831998321818641,
            0.03160899258021389,
            0.0006409337665871892,
            -2.740153828258231e-05,
            -0.0006408953420075538,
            -0.005890957121473382,
            0.000580308520278073,
            0.0007018449709266114,
            -1.35727104740626e-05
        ],
        [
            0.0,
            0.0,
            0.0,
            1.0000000000000004,
            0.0,
            0.48752249961473837,
            0.17204852947081573,
            0.16345380054704128,
            -0.30527154052553207,
            -0.008416559394784535,
            0.11764031368566856,
            0.16433785611314886,
            0.0006409337665871894,
            -0.18637281017174223,
            0.009319353517215257,
            0.008467725581464053,
            0.07783331387704182,
            0.0007018449709266114,
            -0.008639583706993205,
            0.00017932723201110479
        ],
        [
            0.0,
            0.0,
            0.0,
            0.0,
            1.0000000000000004,
            0.005896448147633161,
            0.0020808787978049913,
            0.001976927957624184,
            -0.008416559394784534,
            0.3905137419292127,
            -0.005029420709408555,
            -0.007025858661714577,
            -2.7401538282582323e-05,
            0.00931935351721526,
            0.031212451192347765,
            -0.00016375409449652189,
            -0.0015051885790322082,
            -1.3572710474062603e-05,
            0.00017932723201110487,
            0.0006299610037149597
        ],
        [
            0.4832397222832464,
            0.5316850796469064,
            -0.11451197743063929,
            0.48752249961473837,
            0.005896448147633161,
            0.9999999999999999,
            0.6848602514927513,
            0.0,
            0.0,
            0.0,
            0.5014225805853713,
            0.539086525720037,
            -0.1170396155943849,
            -0.4942259899173437,
            0.049148966732409295,
            0.11105104350008389,
            0.2968205433921756,
            -0.0014100441308986613,
            -0.14685971489680213,
            0.005313167097305805
        ],
        [
            0.5316850796469064,
            0.8540637518325744,
            -0.04041170887355112,
            0.17204852947081578,
            0.0020808787978049918,
            0.6848602514927513,
            1.0000000000000002,
            0.0,
            0.0,
            0.0,
            0.539086525720037,
            0.8614561915030964,
            -0.04000253752722303,
            -0.16891967397700486,
            0.016798443639383952,
            0.29682054339217556,
            0.59360079992183,
            -0.001653665829990891,
            -0.17223354007527844,
            0.006231154532905858
        ],
        [
            0.11451197743063928,
            0.0404117088735511,
            0.3522226063859417,
            0.16345380054704128,
            0.001976927957624184,
            0.0,
            0.0,
            1.0000000000000004,
            0.0,
            0.0,
            0.1170396155943849,
            0.040002537527223,
            0.37275048100167973,
            -0.16236351094322463,
            0.016146457209262364,
            0.0014100441308986605,
            0.001653665829990888,
            0.044668493134786436,
            -0.002663611683622301,
            9.636552792824126e-05
        ],
        [
            -0.48752249961473837,
            -0.17204852947081573,
            0.16345380054704117,
            -0.30527154052553196,
            -0.008416559394784534,
            0.0,
            0.0,
            0.0,
            1.0000000000000004,
            0.0,
            0.49422598991734334,
            0.16891967397700483,
            -0.16236351094322463,
            -0.27441586153257,
            0.0681820318477581,
            0.14685971489680202,
            0.1722335400752784,
            -0.0026636116836222996,
            -0.23272792533460526,
            0.010036717041190562
        ],
        [
            -0.005896448147633161,
            -0.0020808787978049913,
            0.001976927957624183,
            -0.008416559394784535,
            0.3905137419292127,
            0.0,
            0.0,
            0.0,
            0.0,
            1.0000000000000004,
            -0.049148966732409274,
            -0.01679844363938394,
            0.016146457209262364,
            0.0681820318477581,
            0.40441997392926504,
            -0.005313167097305805,
            -0.00623115453290586,
            9.636552792824123e-05,
            0.010036717041190564,
            0.04433095370294449
        ],
        [
            0.08861398698113924,
            0.2704569988410167,
            -0.0003458958341990327,
            0.11764031368566859,
            -0.005029420709408556,
            0.5014225805853713,
            0.539086525720037,
            0.1170396155943849,
            0.4942259899173437,
            -0.049148966732409295,
            0.9999999999999999,
            0.6848602514927513,
            0.0,
            0.0,
            0.0,
            0.5502518386264308,
            0.557992234330643,
            0.12135079837773279,
            -0.5166940188025968,
            -0.016478530522379856
        ],
        [
            0.2704569988410167,
            0.5600840119964425,
            -0.00048319983218186413,
            0.16433785611314888,
            -0.0070258586617145775,
            0.539086525720037,
            0.8614561915030964,
            0.04000253752722302,
            0.16891967397700486,
            -0.016798443639383955,
            0.6848602514927513,
            1.0000000000000002,
            0.0,
            0.0,
            0.0,
            0.557992234330643,
            0.8801657345752153,
            0.03825537463655442,
            -0.16288581143267714,
            -0.005194793664490731
        ],
        [
            0.0003458958341990326,
            0.0004831998321818641,
            0.03160899258021389,
            0.0006409337665871894,
            -2.740153828258231e-05,
            -0.1170396155943849,
            -0.040002537527223,
            0.37275048100167973,
            -0.16236351094322463,
            0.016146457209262364,
            0.0,
            0.0,
            1.0000000000000004,
            0.0,
            0.0,
            -0.12135079837773274,
            -0.038255374636554394,
            0.4302356214478978,
            0.1581029657624839,
            0.005042257994457698
        ],
        [
            -0.1176403136856686,
            -0.16433785611314902,
            0.0006409337665871892,
            -0.1863728101717422,
            0.009319353517215256,
            -0.4942259899173437,
            -0.16891967397700483,
            -0.16236351094322463,
            -0.27441586153257,
            0.0681820318477581,
            0.0,
            0.0,
            0.0,
            1.0000000000000004,
            0.0,
            0.5166940188025959,
            0.1628858114326771,
            0.15810296576248395,
            -0.2058116962031847,
            -0.02146919988846096
        ],
        [
            0.005029420709408556,
            0.007025858661714576,
            -2.7401538282582323e-05,
            0.009319353517215261,
            0.031212451192347765,
            0.04914896673240928,
            0.01679844363938395,
            0.016146457209262364,
            0.0681820318477581,
            0.40441997392926504,
            0.0,
            0.0,
            0.0,
            0.0,
            1.0000000000000004,
            0.016478530522379846,
            0.0051947936644907294,
            0.005042257994457696,
            -0.021469199888460945,
            0.4666829956581779
        ],
        [
            0.007498766004407163,
            0.09481830807040324,
            -0.0006408953420075541,
            0.008467725581464058,
            -0.0001637540944965219,
            0.11105104350008389,
            0.2968205433921756,
            0.0014100441308986605,
            0.14685971489680213,
            -0.005313167097305805,
            0.5502518386264308,
            0.557992234330643,
            -0.12135079837773279,
            0.5166940188025968,
            0.016478530522379846,
            0.9999999999999999,
            0.6848602514927513,
            0.0,
            0.0,
            0.0
        ],
        [
            0.09481830807040324,
            0.290591933619149,
            -0.00589095712147339,
            0.07783331387704194,
            -0.0015051885790322097,
            0.29682054339217556,
            0.59360079992183,
            0.0016536658299908938,
            0.17223354007527844,
            -0.006231154532905858,
            0.557992234330643,
            0.8801657345752153,
            -0.03825537463655442,
            0.16288581143267714,
            0.005194793664490731,
            0.6848602514927513,
            1.0000000000000002,
            0.0,
            0.0,
            0.0
        ],
        [
            0.0006408953420075538,
            0.005890957121473383,
            0.000580308520278073,
            0.0007018449709266114,
            -1.35727104740626e-05,
            -0.0014100441308986605,
            -0.0016536658299908908,
            0.04466849313478644,
            -0.0026636116836222996,
            9.63655279282412e-05,
            0.12135079837773274,
            0.0382553746365544,
            0.4302356214478978,
            0.1581029657624839,
            0.0050422579944576955,
            0.0,
            0.0,
            1.0000000000000004,
            0.0,
            0.0
        ],
        [
            -0.008467725581464053,
            -0.07783331387704187,
            0.0007018449709266114,
            -0.008639583706993205,
            0.00017932723201110479,
            -0.14685971489680202,
            -0.1722335400752784,
            -0.002663611683622301,
            -0.23272792533460526,
            0.010036717041190562,
            -0.5166940188025959,
            -0.1628858114326771,
            0.15810296576248395,
            -0.2058116962031847,
            -0.021469199888460945,
            0.0,
            0.0,
            0.0,
            1.0000000000000004,
            0.0
        ],
        [
            0.00016375409449652189,
            0.0015051885790322084,
            -1.3572710474062603e-05,
            0.00017932723201110487,
            0.0006299610037149597,
            0.005313167097305805,
            0.00623115453290586,
            9.636552792824129e-05,
            0.010036717041190564,
            0.04433095370294449,
            -0.016478530522379853,
            -0.0051947936644907294,
            0.0050422579944577,
            -0.02146919988846096,
            0.4666829956581779,
            0.0,
            0.0,
            0.0,
            0.0,
            1.0000000000000004
        ]
    ],
    "h": [
        [
            -0.21662839639394726,
            -0.4450593446867419,
            0.05294981818023101,
            -0.2377866870405026,
            -0.0021341045820305504,
            -0.5256922804707231,
            -0.433895205236283,
            -0.020320026658533857,
            0.04734913136335861,
            0.002956911364614803,
            -0.1959373256429336,
            -0.2784421788460614,
            0.022658576785498888,
            0.2673198192882732,
            -0.016565378095154355,
            0.00023335017987848386,
            -0.11403713174351952,
            -0.001561909872166022,
            0.047926482230697835,
            -0.0013317353984392435
        ],
        [
            -0.4450593446867419,
            -0.30467287430576895,
            0.04612705599322016,
            -0.21420548620676208,
            -0.0015484275503222763,
            -0.5046201256993377,
            -0.35913106084380875,
            -0.06437201086773763,
            0.10318181920282732,
            0.010823215460069157,
            -0.2952166660648509,
            -0.29152865697350994,
            0.04099932761378016,
            0.16930317238999337,
            -0.017481545620895437,
            -0.11611128658023137,
            -0.17846222663420008,
            -0.014072654822692921,
            0.10615407335515921,
            0.00023051979245899924
        ],
        [
            0.05294981818023101,
            0.04612705599322016,
            1.486165636099865,
            0.04875328297084774,
            0.0006078844375579136,
            0.010492808767023382,
            0.040108960462528036,
            0.23815458308745557,
            0.21541172677602233,
            0.0022842206368339875,
            0.02065131195539139,
            0.031565518822627696,
            -0.04418597390155399,
            -0.03139119399024496,
            0.0023483444483684587,
            0.002370184575778,
            0.014480750773069775,
            -0.00197178687127252,
            -0.005948785933848744,
            0.00014138375733822506
        ],
        [
            -0.2377866870405026,
            -0.21420548620676208,
            0.04875328297084774,
            1.275397152118212,
            -0.0018453388963914743,
            -0.07905033966939823,
            -0.19989481349673482,
            0.19938737202302093,
            -0.6452229876388356,
            -0.006572100002434418,
            -0.20142396612739133,
            -0.1587166791366583,
            0.028503986678769914,
            0.2026345924295796,
            -0.01729337904094963,
            -0.04572584383404109,
            -0.09807014862953242,
            -0.005216148359325151,
            0.06097146846696873,
            -0.0009204158654693718
        ],
        [
            -0.0021341045820305504,
            -0.0015484275503222763,
            0.0006078844375579136,
            -0.0018453388963914743,
            1.4976377206465155,
            0.0010018976818997735,
            -0.0007551997199567824,
            0.0030046204347352608,
            -0.010456484270353906,
            0.28721129640078974,
            0.003851123057560881,
            -0.000551286992015107,
            -0.0002319842797904451,
            -0.0031512446155966684,
            -0.03973500817156878,
            0.0012866520247831641,
            0.0007315662064088738,
            0.00014214249357296136,
            -0.0011116337562669433,
            -0.002252351189521151
        ],
        [
            -0.5256922804707231,
            -0.5046201256993377,
            0.010492808767023382,
            -0.07905033966939823,
            0.0010018976818997735,
            -0.376247259461034,
            -0.5700982358719276,
            -0.09833584518233623,
            0.02671945931268087,
            0.02211517960542516,
            -0.48625208647990004,
            -0.48181729753938074,
            0.018728472316499517,
            0.04770040269273823,
            -0.0072838647619107855,
            -0.23412815487056468,
            -0.3151095253837529,
            -0.022608190168575473,
            0.229382634482785,
            -0.0014114260258364531
        ],
        [
            -0.433895205236283,
            -0.35913106084380875,
            0.040108960462528036,
            -0.19989481349673482,
            -0.0007551997199567824,
            -0.5700982358719276,
            -0.42954233302236466,
            -0.08487870005332793,
            -0.0014847615505567124,
            0.020009574812968278,
            -0.49236854123617824,
            -0.40351161900914656,
            0.06728264285230032,
            0.10157674356365382,
            -0.022452482979050087,
            -0.3086144246033585,
            -0.30507318546561657,
            -0.0347636140773955,
            0.18355377776241044,
            0.003547970703703677
        ],
        [
            -0.020320026658533857,
            -0.06437201086773763,
            0.23815458308745557,
            0.19938737202302093,
            0.0030046204347352608,
            -0.09833584518233623,
            -0.08487870005332793,
            1.4002498092976428,
            0.0014313501391907666,
            0.0054516519853090506,
            -0.017016059860031546,
            -0.06347333951805967,
            0.2576706764335075,
            -0.20341944314595045,
            0.020165906636906972,
            -0.02870429538035524,
            -0.043003656353182054,
            -0.049832390609961,
            0.036169092286308165,
            0.00022070326152606674
        ],
        [
            0.04734913136335861,
            0.10318181920282732,
            0.21541172677602233,
            -0.6452229876388356,
            -0.010456484270353906,
            0.02671945931268087,
            -0.0014847615505567124,
            0.0014313501391907666,
            0.9505736199507862,
            0.019865973662751262,
            -0.07432379661837252,
            -0.12277143666448537,
            -0.19753601560920553,
            -0.7397554660983776,
            0.09043757716481665,
            -0.29628688164620187,
            -0.17901187839560753,
            -0.036072349863466635,
            0.18564950797470037,
            0.0023744395065745105
        ],
        [
            0.002956911364614803,
            0.010823215460069157,
            0.0022842206368339875,
            -0.006572100002434418,
            0.28721129640078974,
            0.02211517960542516,
            0.020009574812968278,
            0.0054516519853090506,
            0.019865973662751262,
            1.4214011579274326,
            0.006663308264752574,
            0.019958691402753637,
            0.020107917379426108,
            0.09311997957560053,
            0.2972085557254591,
            0.018316745407903744,
            0.017542204551784277,
            0.0026662348179601085,
            -0.01775547801791865,
            -0.04483374183298744
        ],
        [
            -0.1959373256429336,
            -0.2952166660648509,
            0.02065131195539139,
            -0.20142396612739133,
            0.003851123057560881,
            -0.48625208647990004,
            -0.49236854123617824,
            -0.017016059860031546,
            -0.07432379661837252,
            0.006663308264752574,
            -0.4279390867648245,
            -0.5905598696702834,
            0.10943588893664279,
            -0.07450906388192408,
            -0.027891247633761357,
            -0.5814236942310453,
            -0.5364604139239241,
            -0.006497006348362672,
            0.07595581719458211,
            -0.0006717057250985418
        ],
        [
            -0.2784421788460614,
            -0.29152865697350994,
            0.031565518822627696,
            -0.1587166791366583,
            -0.000551286992015107,
            -0.48181729753938074,
            -0.40351161900914656,
            -0.06347333951805967,
            -0.12277143666448537,
            0.019958691402753637,
            -0.5905598696702834,
            -0.4303886521768636,
            0.09041288701292313,
            -0.024480719996080952,
            -0.02442434899510139,
            -0.46527327498473847,
            -0.3672268107039909,
            -0.044822463108450526,
            0.23165649158449042,
            0.004773264890194047
        ],
        [
            0.022658576785498888,
            0.04099932761378016,
            -0.04418597390155399,
            0.028503986678769914,
            -0.0002319842797904451,
            0.018728472316499517,
            0.06728264285230032,
            0.2576706764335075,
            -0.19753601560920553,
            0.020107917379426108,
            0.10943588893664279,
            0.09041288701292313,
            1.383267338136479,
            0.011508888113455178,
            0.006782077219146445,
            0.019528654704666082,
            0.07194811448077726,
            0.3427308103087371,
            0.20202759613410243,
            0.007373807545899192
        ],
        [
            0.2673198192882732,
            0.16930317238999337,
            -0.03139119399024496,
            0.2026345924295796,
            -0.0031512446155966684,
            0.04770040269273823,
            0.10157674356365382,
            -0.20341944314595045,
            -0.7397554660983776,
            0.09311997957560053,
            -0.07450906388192408,
            -0.024480719996080952,
            0.011508888113455178,
            0.9044027601218609,
            0.013992224961716659,
            -0.020381523225614817,
            -0.11416793768342262,
            0.2224536552222403,
            -0.5776204652493735,
            -0.029349680704482316
        ],
        [
            -0.016565378095154355,
            -0.017481545620895437,
            0.0023483444483684587,
            -0.01729337904094963,
            -0.03973500817156878,
            -0.0072838647619107855,
            -0.022452482979050087,
            0.020165906636906972,
            0.09043757716481665,
            0.2972085557254591,
            -0.027891247633761357,
            -0.02442434899510139,
            0.006782077219146445,
            0.013992224961716659,
            1.4066781825332522,
            -0.004535612891493193,
            -0.016111685617305662,
            0.006718536327780238,
            -0.02377679659395094,
            0.3924834003413701
        ],
        [
            0.00023335017987848386,
            -0.11611128658023137,
            0.002370184575778,
            -0.04572584383404109,
            0.0012866520247831641,
            -0.23412815487056468,
            -0.3086144246033585,
            -0.02870429538035524,
            -0.29628688164620187,
            0.018316745407903744,
            -0.5814236942310453,
            -0.46527327498473847,
            0.019528654704666082,
            -0.020381523225614817,
            -0.004535612891493193,
            -0.2721125708592964,
            -0.4702403019029078,
            -0.06231117625769226,
            0.2833510784823472,
            0.007932334368103547
        ],
        [
            -0.11403713174351952,
            -0.17846222663420008,
            0.014480750773069775,
            -0.09807014862953242,
            0.0007315662064088738,
            -0.3151095253837529,
            -0.30507318546561657,
            -0.043003656353182054,
            -0.17901187839560753,
            0.017542204551784277,
            -0.5364604139239241,
            -0.3672268107039909,
            0.07194811448077726,
            -0.11416793768342262,
            -0.016111685617305662,
            -0.4702403019029078,
            -0.31469177517628943,
            -0.050429901135052184,
            0.24082096458288516,
            0.006039248503025407
        ],
        [
            -0.001561909872166022,
            -0.014072654822692921,
            -0.00197178687127252,
            -0.005216148359325151,
            0.00014214249357296136,
            -0.022608190168575473,
            -0.0347636140773955,
            -0.049832390609961,
            -0.036072349863466635,
            0.0026662348179601085,
            -0.006497006348362672,
            -0.044822463108450526,
            0.3427308103087371,
            0.2224536552222403,
            0.006718536327780238,
            -0.06231117625769226,
            -0.050429901135052184,
            1.4620277074438706,
            0.05819544613046296,
            0.001890563163818811
        ],
        [
            0.047926482230697835,
            0.10615407335515921,
            -0.005948785933848744,
            0.06097146846696873,
            -0.0011116337562669433,
            0.229382634482785,
            0.18355377776241044,
            0.036169092286308165,
            0.18564950797470037,
            -0.01775547801791865,
            0.07595581719458211,
            0.23165649158449042,
            0.20202759613410243,
            -0.5776204652493735,
            -0.02377679659395094,
            0.2833510784823472,
            0.24082096458288516,
            0.05819544613046296,
            1.2052612568756347,
            -0.0071710629309582954
        ],
        [
            -0.0013317353984392435,
            0.00023051979245899924,
            0.00014138375733822506,
            -0.0009204158654693718,
            -0.002252351189521151,
            -0.0014114260258364531,
            0.003547970703703677,
            0.00022070326152606674,
            0.0023744395065745105,
            -0.04483374183298744,
            -0.0006717057250985418,
            0.004773264890194047,
            0.007373807545899192,
            -0.029349680704482316,
            0.3924834003413701,
            0.007932334368103547,
            0.006039248503025407,
            0.001890563163818811,
            -0.0071710629309582954,
            1.4755242121189787
        ]
    ]
}