{
    "HF": -2.167258834611071,
    "coordinates": [
        [
            0.736018,
            0.16,
            0.1713
        ],
        [
            1.39226,
            0.162507,
            0.03388
        ],
        [
            2.21203,
            -0.031991,
            -0.15352
        ],
        [
            2.868488,
            -0.143579,
            0.147645
        ]
    ],
    "elements": [
        "H",
        "H",
        "H",
        "H"
    ],
    "Enn": 3.069457631043574,
    "S": [
        [
            0.9999999999999999,
            0.6848602514927513,
            0.0,
            0.0,
            0.0,
            0.6272106884668868,
            0.5852439212066499,
            0.112455425807472,
            -0.5370249857571464,
            -0.0020515627455926057,
            0.11818733709068621,
            0.30450008697295516,
            0.03328216915998995,
            -0.15123724236861985,
            0.01967205510496777,
            0.01729321802794781,
            0.13578353308384722,
            0.00023443527186099006,
            -0.021134059783783778,
            0.0030086504077906358
        ],
        [
            0.6848602514927513,
            1.0000000000000002,
            0.0,
            0.0,
            0.0,
            0.5852439212066499,
            0.9067156179891463,
            0.031620385587664675,
            -0.15100149235060573,
            -0.000576861495184668,
            0.3045000869729551,
            0.6031492668252254,
            0.037183473511841626,
            -0.16896512870254407,
            0.021977994775604907,
            0.13578353308384722,
            0.3639326547257167,
            0.0011399309993493443,
            -0.10276341822796478,
            0.014629427725701815
        ],
        [
            0.0,
            0.0,
            1.0000000000000004,
            0.0,
            0.0,
            -0.112455425807472,
            -0.031620385587664675,
            0.5305641755490834,
            0.13062180406196736,
            0.0004990062549842226,
            -0.03328216915998995,
            -0.0371834735118416,
            0.035689016047618954,
            0.06118044113923483,
            -0.007957993617099885,
            -0.00023443527186099006,
            -0.001139930999349354,
            0.002418163896858809,
            0.0003171429938756868,
            -4.514856149806896e-05
        ],
        [
            0.0,
            0.0,
            0.0,
            1.0000000000000004,
            0.0,
            0.5370249857571464,
            0.1510014923506057,
            0.13062180406196727,
            -0.06586060841151561,
            -0.0023829781893709512,
            0.15123724236861985,
            0.16896512870254404,
            0.06118044113923485,
            -0.22885681137006353,
            0.036161856027223806,
            0.021134059783783764,
            0.10276341822796478,
            0.00031714299387568663,
            -0.02616838025839513,
            0.004070088900350332
        ],
        [
            0.0,
            0.0,
            0.0,
            0.0,
            1.0000000000000004,
            0.0020515627455926057,
            0.0005768614951846679,
            0.0004990062549842109,
            -0.0023829781893708974,
            0.5579078600250462,
            -0.01967205510496777,
            -0.021977994775604897,
            -0.007957993617099885,
            0.0361618560272238,
            0.044449026122281986,
            -0.003008650407790634,
            -0.014629427725701805,
            -4.514856149806895e-05,
            0.004070088900350332,
            0.00184226294596181
        ],
        [
            0.6272106884668868,
            0.5852439212066499,
            -0.112455425807472,
            0.5370249857571464,
            0.0020515627455926057,
            0.9999999999999999,
            0.6848602514927513,
            0.0,
            0.0,
            0.0,
            0.473979050019901,
            0.5278345997009831,
            0.1076208147298978,
            -0.4707807646271522,
            0.11169708230168443,
            0.12177350634046717,
            0.30825000895944543,
            -0.012089273098839193,
            -0.15687182743509154,
            0.03252632396370847
        ],
        [
            0.5852439212066499,
            0.9067156179891463,
            -0.03162038558766469,
            0.15100149235060573,
            0.000576861495184668,
            0.6848602514927513,
            1.0000000000000002,
            0.0,
            0.0,
            0.0,
            0.5278345997009832,
            0.8502024832377661,
            0.03862084110815177,
            -0.16894454063623054,
            0.04008365183486292,
            0.30825000895944543,
            0.6077785963931953,
            -0.013194797573313318,
            -0.17121724284320486,
            0.03550074987935818
        ],
        [
            0.11245542580747198,
            0.03162038558766467,
            0.5305641755490834,
            0.13062180406196727,
            0.0004990062549842109,
            0.0,
            0.0,
            1.0000000000000004,
            0.0,
            0.0,
            -0.10762081472989776,
            -0.03862084110815176,
            0.3455439982118595,
            0.15164091439802208,
            -0.0359782067757865,
            0.012089273098839195,
            0.013194797573313322,
            0.04971550677224145,
            -0.022430014738158203,
            0.0046507135016703996
        ],
        [
            -0.5370249857571464,
            -0.1510014923506057,
            0.13062180406196736,
            -0.06586060841151561,
            -0.0023829781893708974,
            0.0,
            0.0,
            0.0,
            1.0000000000000004,
            0.0,
            0.4707807646271522,
            0.1689445406362305,
            0.15164091439802208,
            -0.28313481810344127,
            0.15738449609704647,
            0.15687182743509148,
            0.17121724284320464,
            -0.02243001473815819,
            -0.2396104372159789,
            0.06034820455451051
        ],
        [
            -0.0020515627455926057,
            -0.0005768614951846679,
            0.0004990062549842226,
            -0.0023829781893709512,
            0.5579078600250462,
            0.0,
            0.0,
            0.0,
            0.0,
            1.0000000000000004,
            -0.1116970823016844,
            -0.04008365183486286,
            -0.035978206775786496,
            0.1573844960970464,
            0.3428682936072826,
            -0.03252632396370847,
            -0.03550074987935816,
            0.0046507135016703996,
            0.060348204554510544,
            0.03893127160491951
        ],
        [
            0.11818733709068621,
            0.30450008697295516,
            -0.03328216915998995,
            0.15123724236861985,
            -0.01967205510496777,
            0.473979050019901,
            0.5278345997009831,
            -0.1076208147298978,
            0.4707807646271522,
            -0.11169708230168443,
            0.9999999999999999,
            0.6848602514927513,
            0.0,
            0.0,
            0.0,
            0.5781309932269549,
            0.5682023913663824,
            -0.22238458387006177,
            -0.4847380643772452,
            0.08239819017778445
        ],
        [
            0.3045000869729551,
            0.6031492668252254,
            -0.037183473511841626,
            0.16896512870254407,
            -0.0219779947756049,
            0.5278345997009832,
            0.8502024832377661,
            -0.03862084110815178,
            0.16894454063623054,
            -0.04008365183486291,
            0.6848602514927513,
            1.0000000000000002,
            0.0,
            0.0,
            0.0,
            0.5682023913663824,
            0.8901695506572517,
            -0.06714654902922267,
            -0.14636126137707037,
            0.024879216087768816
        ],
        [
            0.03328216915998995,
            0.0371834735118416,
            0.035689016047618954,
            0.06118044113923485,
            -0.007957993617099885,
            0.10762081472989776,
            0.03862084110815176,
            0.3455439982118595,
            0.15164091439802208,
            -0.0359782067757865,
            0.0,
            0.0,
            1.0000000000000004,
            0.0,
            0.0,
            0.22238458387006174,
            0.06714654902922261,
            0.38220821468653726,
            -0.25659653427064955,
            0.04361755674573734
        ],
        [
            -0.1512372423686198,
            -0.16896512870254404,
            0.06118044113923483,
            -0.22885681137006353,
            0.0361618560272238,
            -0.4707807646271522,
            -0.1689445406362305,
            0.15164091439802208,
            -0.28313481810344127,
            0.15738449609704647,
            0.0,
            0.0,
            0.0,
            1.0000000000000004,
            0.0,
            0.4847380643772452,
            0.14636126137707034,
            -0.25659653427064955,
            -0.059383139268458424,
            0.09507444114088039
        ],
        [
            0.01967205510496777,
            0.02197799477560489,
            -0.007957993617099885,
            0.036161856027223806,
            0.044449026122281986,
            0.1116970823016844,
            0.04008365183486287,
            -0.035978206775786496,
            0.1573844960970464,
            0.3428682936072826,
            0.0,
            0.0,
            0.0,
            0.0,
            1.0000000000000004,
            -0.08239819017778448,
            -0.024879216087768823,
            0.04361755674573737,
            0.09507444114088046,
            0.4837664689931215
        ],
        [
            0.01729321802794781,
            0.13578353308384722,
            -0.00023443527186099006,
            0.021134059783783778,
            -0.0030086504077906358,
            0.12177350634046717,
            0.30825000895944543,
            0.012089273098839195,
            0.15687182743509154,
            -0.03252632396370847,
            0.5781309932269549,
            0.5682023913663824,
            0.22238458387006177,
            0.4847380643772452,
            -0.08239819017778445,
            0.9999999999999999,
            0.6848602514927513,
            0.0,
            0.0,
            0.0
        ],
        [
            0.13578353308384722,
            0.3639326547257167,
            -0.0011399309993493443,
            0.10276341822796485,
            -0.014629427725701815,
            0.30825000895944543,
            0.6077785963931953,
            0.013194797573313323,
            0.17121724284320466,
            -0.03550074987935818,
            0.5682023913663824,
            0.8901695506572517,
            0.06714654902922267,
            0.14636126137707037,
            -0.024879216087768826,
            0.6848602514927513,
            1.0000000000000002,
            0.0,
            0.0,
            0.0
        ],
        [
            0.00023443527186099006,
            0.001139930999349354,
            0.002418163896858809,
            0.0003171429938756868,
            -4.514856149806896e-05,
            -0.012089273098839193,
            -0.013194797573313316,
            0.04971550677224145,
            -0.022430014738158192,
            0.0046507135016704,
            -0.22238458387006174,
            -0.06714654902922261,
            0.38220821468653726,
            -0.25659653427064955,
            0.04361755674573735,
            0.0,
            0.0,
            1.0000000000000004,
            0.0,
            0.0
        ],
        [
            -0.02113405978378377,
            -0.10276341822796478,
            0.00031714299387568663,
            -0.02616838025839513,
            0.004070088900350332,
            -0.15687182743509143,
            -0.17121724284320483,
            -0.0224300147381582,
            -0.23961043721597886,
            0.060348204554510544,
            -0.4847380643772452,
            -0.14636126137707034,
            -0.25659653427064955,
            -0.059383139268458424,
            0.09507444114088041,
            0.0,
            0.0,
            0.0,
            1.0000000000000004,
            0.0
        ],
        [
            0.003008650407790634,
            0.014629427725701805,
            -4.514856149806895e-05,
            0.004070088900350332,
            0.00184226294596181,
            0.03252632396370847,
            0.03550074987935816,
            0.004650713501670399,
            0.06034820455451051,
            0.03893127160491951,
            0.08239819017778446,
            0.024879216087768812,
            0.04361755674573736,
            0.09507444114088043,
            0.4837664689931215,
            0.0,
            0.0,
            0.0,
            0.0,
            1.0000000000000004
        ]
    ],
    "h": [
        [
            -0.32949082922050477,
            -0.4916733476255526,
            0.0722166636707911,
            -0.3326364524790405,
            0.0001304959370133224,
            -0.6305569410439733,
            -0.4908744460010803,
            0.007863870310673787,
            -0.004645046526575158,
            0.0050082364962197624,
            -0.2383173172816463,
            -0.3215278328718466,
            -0.05566258078824884,
            0.29629766142487646,
            -0.054414227522933595,
            -0.026843658506262864,
            -0.16088360946048394,
            0.0038315077536848824,
            0.07772016746666816,
            -0.013136115472426341
        ],
        [
            -0.4916733476255526,
            -0.3145093077304202,
            0.056689908493308794,
            -0.26101337358475724,
            0.0017911041903438188,
            -0.5582496970167148,
            -0.36586456434850834,
            -0.024766756946609653,
            0.13200679198017576,
            0.022355238770161608,
            -0.32079034815788915,
            -0.30798950980590944,
            -0.05956179760752926,
            0.15522028815618003,
            -0.03497797334518283,
            -0.1574889817848012,
            -0.2098791400969166,
            0.03245749936133463,
            0.11676133662169297,
            -0.020677078096580478
        ],
        [
            0.0722166636707911,
            0.056689908493308794,
            1.4595634331069438,
            0.06660790594620072,
            -0.00035037570850801223,
            0.012246556660398006,
            0.054045863247444675,
            0.4976392972079402,
            0.20132255705123098,
            -0.001886807861060753,
            0.04777879470689021,
            0.040354033406996156,
            -0.03434307658062001,
            -0.04637969990672913,
            0.009580238053532263,
            0.008041712323379496,
            0.02327401936902379,
            -0.008614677379988974,
            -0.008741108314599025,
            0.0015071320346967012
        ],
        [
            -0.3326364524790405,
            -0.26101337358475724,
            0.06660790594620072,
            1.161047095743638,
            0.0013570092487354708,
            -0.047322626595079686,
            -0.2502758242961687,
            0.20526547734083622,
            -0.42920816907155496,
            0.009240871570512302,
            -0.22929935962913472,
            -0.19177916465981548,
            -0.05088355512076842,
            0.1661416468589455,
            -0.043789243248241766,
            -0.07811783431997316,
            -0.12619011385515266,
            0.00805981225036668,
            0.10396249471134447,
            -0.017640726306364155
        ],
        [
            0.0001304959370133224,
            0.0017911041903438188,
            -0.00035037570850801223,
            0.0013570092487354708,
            1.4734895405137083,
            0.0052578220989298215,
            0.0038785370727124485,
            -3.2609773180905e-05,
            0.0005662675595609302,
            0.5390570378159995,
            0.016688523904865478,
            0.003922946284680609,
            0.0022726347778692334,
            -0.0057910046005350685,
            -0.043604003976128736,
            0.010041543950947291,
            0.00677389393931661,
            -0.0009779467613153566,
            -0.01305089128207833,
            -0.0053023563373727775
        ],
        [
            -0.6305569410439733,
            -0.5582496970167148,
            0.012246556660398006,
            -0.047322626595079686,
            0.0052578220989298215,
            -0.4614164775353773,
            -0.6004054150006236,
            -0.0263564283544624,
            0.1460377547290077,
            0.041254863391286783,
            -0.4665124882331917,
            -0.484151285133143,
            -0.040735894396301736,
            0.07367087372175085,
            -0.01283084192710171,
            -0.2351812881111566,
            -0.3243649866845425,
            0.0500899642088676,
            0.21684402756950108,
            -0.041138848548221904
        ],
        [
            -0.4908744460010803,
            -0.36586456434850834,
            0.054045863247444675,
            -0.2502758242961687,
            0.0038785370727124485,
            -0.6004054150006236,
            -0.425813139873382,
            -0.012781547962133427,
            0.05501701024515082,
            0.04140104721493449,
            -0.47834319074493836,
            -0.39640080288255275,
            -0.09248401927491061,
            0.09399436046145887,
            -0.02499519819168501,
            -0.3163522955481737,
            -0.30996647535738786,
            0.06711593097549977,
            0.17346054028948654,
            -0.030699071216229154
        ],
        [
            0.007863870310673787,
            -0.024766756946609653,
            0.4976392972079402,
            0.20526547734083622,
            -3.2609773180905e-05,
            -0.0263564283544624,
            -0.012781547962133427,
            1.3887149398445913,
            0.10492105175247285,
            -0.009917850329813915,
            -0.003002148021383322,
            0.009279667505750079,
            0.22140892707763438,
            0.21486492460760648,
            -0.04981721009254669,
            0.024276681404833703,
            0.023115096143522716,
            -0.05288569109980551,
            -0.027106022326901985,
            0.00502279052852327
        ],
        [
            -0.004645046526575158,
            0.13200679198017576,
            0.20132255705123098,
            -0.42920816907155496,
            0.0005662675595609302,
            0.1460377547290077,
            0.05501701024515082,
            0.10492105175247285,
            0.8767860537650485,
            0.051318676043139194,
            -0.07121879814182774,
            -0.08810809880925774,
            0.172747823282423,
            -0.7343594512675129,
            0.22737232149704495,
            -0.2901752671205712,
            -0.1530614468027783,
            0.06998059970891486,
            0.13534068553095058,
            -0.03228019138037856
        ],
        [
            0.0050082364962197624,
            0.022355238770161608,
            -0.001886807861060753,
            0.009240871570512302,
            0.5390570378159995,
            0.041254863391286783,
            0.04140104721493449,
            -0.009917850329813915,
            0.051318676043139194,
            1.3993043563156922,
            0.02421471770185793,
            0.047267391998948874,
            -0.03887328312874051,
            0.215717733788737,
            0.21659844918990678,
            0.06069476213229614,
            0.044655981859783485,
            -0.015435922203846583,
            -0.04244659727619078,
            -0.03615105775495353
        ],
        [
            -0.2383173172816463,
            -0.32079034815788915,
            0.04777879470689021,
            -0.22929935962913472,
            0.016688523904865478,
            -0.4665124882331917,
            -0.47834319074493836,
            -0.003002148021383322,
            -0.07121879814182774,
            0.02421471770185793,
            -0.41937512966863744,
            -0.5826906895701616,
            -0.1576358427352936,
            -0.09619162379567586,
            0.0046464808031143195,
            -0.5991850859063189,
            -0.5412860068562692,
            0.012833744747001774,
            0.059443094724252354,
            -0.012223690559621275
        ],
        [
            -0.3215278328718466,
            -0.30798950980590944,
            0.040354033406996156,
            -0.19177916465981548,
            0.003922946284680609,
            -0.484151285133143,
            -0.39640080288255275,
            0.009279667505750079,
            -0.08810809880925774,
            0.047267391998948874,
            -0.5826906895701616,
            -0.42113115099297005,
            -0.1297678896083435,
            -0.03157701873101776,
            -0.00464839508570365,
            -0.4762374324752904,
            -0.3677093747877105,
            0.08906265683841488,
            0.22275781630193664,
            -0.03965331926761369
        ],
        [
            -0.05566258078824884,
            -0.05956179760752926,
            -0.03434307658062001,
            -0.05088355512076842,
            0.0022726347778692334,
            -0.040735894396301736,
            -0.09248401927491061,
            0.22140892707763438,
            0.172747823282423,
            -0.03887328312874051,
            -0.1576358427352936,
            -0.1297678896083435,
            1.361095313920426,
            -0.05994075727683401,
            0.007423429389529305,
            -0.016330569346276802,
            -0.10935602410129847,
            0.28073802520430435,
            -0.34960682575665414,
            0.0586714733806805
        ],
        [
            0.29629766142487646,
            0.15522028815618003,
            -0.04637969990672913,
            0.1661416468589455,
            -0.0057910046005350685,
            0.07367087372175085,
            0.09399436046145887,
            0.21486492460760648,
            -0.7343594512675129,
            0.215717733788737,
            -0.09619162379567586,
            -0.03157701873101776,
            -0.05994075727683401,
            0.9586182597561934,
            0.0894559723997281,
            -0.008731292218841946,
            -0.10697934974381731,
            -0.37284758046167243,
            -0.3918489724236588,
            0.14311906803343458
        ],
        [
            -0.054414227522933595,
            -0.03497797334518283,
            0.009580238053532263,
            -0.043789243248241766,
            -0.043604003976128736,
            -0.01283084192710171,
            -0.02499519819168501,
            -0.04981721009254669,
            0.22737232149704495,
            0.21659844918990678,
            0.0046464808031143195,
            -0.00464839508570365,
            0.007423429389529305,
            0.0894559723997281,
            1.4008180730428959,
            -0.0019948384242860495,
            0.011713667321577768,
            0.06421361625415495,
            0.1465438408231677,
            0.42219219680252584
        ],
        [
            -0.026843658506262864,
            -0.1574889817848012,
            0.008041712323379496,
            -0.07811783431997316,
            0.010041543950947291,
            -0.2351812881111566,
            -0.3163522955481737,
            0.024276681404833703,
            -0.2901752671205712,
            0.06069476213229614,
            -0.5991850859063189,
            -0.4762374324752904,
            -0.016330569346276802,
            -0.008731292218841946,
            -0.0019948384242860495,
            -0.290003958034009,
            -0.47765433628657394,
            0.12462707948650303,
            0.279910203823825,
            -0.048855360197156826
        ],
        [
            -0.16088360946048394,
            -0.2098791400969166,
            0.02327401936902379,
            -0.12619011385515266,
            0.00677389393931661,
            -0.3243649866845425,
            -0.30996647535738786,
            0.023115096143522716,
            -0.1530614468027783,
            0.044655981859783485,
            -0.5412860068562692,
            -0.3677093747877105,
            -0.10935602410129847,
            -0.10697934974381731,
            0.011713667321577768,
            -0.47765433628657394,
            -0.31545823980214216,
            0.09890295175270156,
            0.23207132418673612,
            -0.04088624976920259
        ],
        [
            0.0038315077536848824,
            0.03245749936133463,
            -0.008614677379988974,
            0.00805981225036668,
            -0.0009779467613153566,
            0.0500899642088676,
            0.06711593097549977,
            -0.05288569109980551,
            0.06998059970891486,
            -0.015435922203846583,
            0.012833744747001774,
            0.08906265683841488,
            0.28073802520430435,
            -0.37284758046167243,
            0.06421361625415495,
            0.12462707948650303,
            0.09890295175270156,
            1.4326152827019172,
            -0.10600682743100831,
            0.018153109278381593
        ],
        [
            0.07772016746666816,
            0.11676133662169297,
            -0.008741108314599025,
            0.10396249471134447,
            -0.01305089128207833,
            0.21684402756950108,
            0.17346054028948654,
            -0.027106022326901985,
            0.13534068553095058,
            -0.04244659727619078,
            0.059443094724252354,
            0.22275781630193664,
            -0.34960682575665414,
            -0.3918489724236588,
            0.1465438408231677,
            0.279910203823825,
            0.23207132418673612,
            -0.10600682743100831,
            1.2340834966099736,
            0.043006091590277185
        ],
        [
            -0.013136115472426341,
            -0.020677078096580478,
            0.0015071320346967012,
            -0.017640726306364155,
            -0.0053023563373727775,
            -0.041138848548221904,
            -0.030699071216229154,
            0.00502279052852327,
            -0.03228019138037856,
            -0.03615105775495353,
            -0.012223690559621275,
            -0.03965331926761369,
            0.0586714733806805,
            0.14311906803343458,
            0.42219219680252584,
            -0.048855360197156826,
            -0.04088624976920259,
            0.018153109278381593,
            0.043006091590277185,
            1.4734017372439678
        ]
    ]
}