{
    "HF": -2.134482159681086,
    "coordinates": [
        [
            0.678077,
            0.185241,
            -0.053019
        ],
        [
            1.360047,
            0.17377,
            -0.057686
        ],
        [
            2.12325,
            0.06084,
            -0.035065
        ],
        [
            2.770105,
            0.144083,
            -0.068189
        ]
    ],
    "elements": [
        "H",
        "H",
        "H",
        "H"
    ],
    "Enn": 3.264647849654255,
    "S": [
        [
            0.9999999999999999,
            0.6848602514927513,
            0.0,
            0.0,
            0.0,
            0.6177369974627168,
            0.5820425357597303,
            0.003746669167645327,
            -0.5474857450737262,
            0.009208922653108933,
            0.14221346474607544,
            0.3283996292548787,
            -0.002305753491070305,
            -0.185597231254904,
            0.015976274927182635,
            0.021398693268974228,
            0.1487204706149644,
            0.0001949251376813505,
            -0.02688126868379964,
            0.0005288548989247874
        ],
        [
            0.6848602514927513,
            1.0000000000000002,
            0.0,
            0.0,
            0.0,
            0.5820425357597303,
            0.9036214467303165,
            0.0010676097840687081,
            -0.15600553769902298,
            0.002624073673248831,
            0.3283996292548787,
            0.6322976093115901,
            -0.002228287315263319,
            -0.17936173912560108,
            0.01543952157213281,
            0.14872047061496435,
            0.38527747340767904,
            0.0008059953883509841,
            -0.11115128017805757,
            0.0021867605928641903
        ],
        [
            0.0,
            0.0,
            1.0000000000000004,
            0.0,
            0.0,
            -0.003746669167645316,
            -0.001067609784068708,
            0.5466362798338821,
            0.004517084625221479,
            -7.597911599618104e-05,
            0.002305753491070305,
            0.0022282873152633187,
            0.065061578321068,
            -0.004386330955337382,
            0.0003775769109822325,
            -0.0001949251376813505,
            -0.000805995388350984,
            0.0033990585580421524,
            0.0002802227643273186,
            -5.51302780564303e-06
        ],
        [
            0.0,
            0.0,
            0.0,
            1.0000000000000004,
            0.0,
            0.547485745073726,
            0.15600553769902298,
            0.004517084625221481,
            -0.11339627520038284,
            0.011102523620294747,
            0.18559723125490388,
            0.17936173912560083,
            -0.0043863309553373855,
            -0.2879532759595028,
            0.030392333584433887,
            0.026881268683799624,
            0.11115128017805742,
            0.0002802227643273185,
            -0.03524319878714565,
            0.0007602774247978759
        ],
        [
            0.0,
            0.0,
            0.0,
            0.0,
            1.0000000000000004,
            -0.009208922653108936,
            -0.0026240736732488306,
            -7.597911599618104e-05,
            0.011102523620294744,
            0.5464804433388714,
            -0.015976274927182628,
            -0.015439521572132811,
            0.0003775769109822327,
            0.030392333584433884,
            0.062499888817966975,
            -0.0005288548989247874,
            -0.00218676059286419,
            -5.51302780564303e-06,
            0.0007602774247978763,
            0.0033861330527836255
        ],
        [
            0.6177369974627168,
            0.5820425357597303,
            -0.003746669167645327,
            0.5474857450737259,
            -0.009208922653108933,
            0.9999999999999999,
            0.6848602514927513,
            0.0,
            0.0,
            0.0,
            0.5451773294635915,
            0.5560898007289125,
            -0.01550903213996775,
            -0.5232544916811728,
            0.07742518012318461,
            0.15698864319124167,
            0.3418492177313687,
            0.0015222823135077929,
            -0.20437078495859973,
            0.00430277016482014
        ],
        [
            0.5820425357597303,
            0.9036214467303165,
            -0.0010676097840687081,
            0.15600553769902298,
            -0.002624073673248831,
            0.6848602514927513,
            1.0000000000000002,
            0.0,
            0.0,
            0.0,
            0.5560898007289125,
            0.8782940744404045,
            -0.004928806380633853,
            -0.1662914909207776,
            0.0246059017976651,
            0.3418492177313687,
            0.6483469465913126,
            0.0013607132378110726,
            -0.18267967120645603,
            0.003846091011225129
        ],
        [
            0.003746669167645316,
            0.001067609784068708,
            0.5466362798338821,
            0.004517084625221481,
            -7.597911599618104e-05,
            0.0,
            0.0,
            1.0000000000000004,
            0.0,
            0.0,
            0.01550903213996775,
            0.004928806380633863,
            0.4608633986867836,
            -0.020683954216907628,
            0.003060573595380756,
            -0.0015222823135077929,
            -0.0013607132378110724,
            0.07558458485748464,
            0.0029069670897020313,
            -6.120254059902797e-05
        ],
        [
            -0.5474857450737262,
            -0.15600553769902298,
            0.004517084625221479,
            -0.11339627520038284,
            0.011102523620294744,
            0.0,
            0.0,
            0.0,
            1.0000000000000004,
            0.0,
            0.5232544916811728,
            0.1662914909207772,
            -0.020683954216907642,
            -0.23637314284240665,
            0.10325975640844258,
            0.20437078495859978,
            0.1826796712064562,
            0.0029069670897020313,
            -0.314662466455033,
            0.008216617346661358
        ],
        [
            0.009208922653108936,
            0.0026240736732488306,
            -7.597911599618104e-05,
            0.011102523620294747,
            0.5464804433388714,
            0.0,
            0.0,
            0.0,
            0.0,
            1.0000000000000004,
            -0.07742518012318457,
            -0.024605901797665076,
            0.0030605735953807573,
            0.10325975640844254,
            0.4461972711127768,
            -0.00430277016482014,
            -0.0038460910112251283,
            -6.120254059902797e-05,
            0.008216617346661358,
            0.07543324722185037
        ],
        [
            0.14221346474607544,
            0.3283996292548787,
            0.002305753491070305,
            0.18559723125490402,
            -0.015976274927182635,
            0.5451773294635915,
            0.5560898007289125,
            0.01550903213996775,
            0.5232544916811728,
            -0.07742518012318461,
            0.9999999999999999,
            0.6848602514927513,
            0.0,
            0.0,
            0.0,
            0.6414741977325868,
            0.5899879293434805,
            0.027884063255503286,
            -0.5445280080044255,
            -0.07007466119966975
        ],
        [
            0.3283996292548787,
            0.6322976093115901,
            0.002228287315263319,
            0.179361739125601,
            -0.015439521572132815,
            0.5560898007289125,
            0.8782940744404045,
            0.004928806380633865,
            0.1662914909207776,
            -0.024605901797665086,
            0.6848602514927513,
            1.0000000000000002,
            0.0,
            0.0,
            0.0,
            0.5899879293434805,
            0.9112889273981158,
            0.007687799102633793,
            -0.1501295522441187,
            -0.019319993379439255
        ],
        [
            -0.002305753491070305,
            -0.0022282873152633187,
            0.065061578321068,
            -0.004386330955337386,
            0.0003775769109822328,
            -0.01550903213996775,
            -0.004928806380633863,
            0.4608633986867836,
            -0.020683954216907642,
            0.0030605735953807586,
            0.0,
            0.0,
            1.0000000000000004,
            0.0,
            0.0,
            -0.027884063255503272,
            -0.007687799102633791,
            0.5732593434976013,
            0.031979514018995604,
            0.00411540559396349
        ],
        [
            -0.1855972312549039,
            -0.17936173912560083,
            -0.004386330955337382,
            -0.2879532759595028,
            0.030392333584433887,
            -0.5232544916811728,
            -0.1662914909207772,
            -0.020683954216907628,
            -0.23637314284240665,
            0.1032597564084426,
            0.0,
            0.0,
            0.0,
            1.0000000000000004,
            0.0,
            0.5445280080044255,
            0.15012955224411864,
            0.03197951401899563,
            -0.04960820556146312,
            -0.08036682422060307
        ],
        [
            0.015976274927182628,
            0.015439521572132792,
            0.0003775769109822323,
            0.030392333584433884,
            0.062499888817966975,
            0.07742518012318458,
            0.024605901797665065,
            0.0030605735953807547,
            0.10325975640844254,
            0.4461972711127768,
            0.0,
            0.0,
            0.0,
            0.0,
            1.0000000000000004,
            0.07007466119966974,
            0.019319993379439213,
            0.004115405593963485,
            -0.08036682422060289,
            0.5645546320456831
        ],
        [
            0.021398693268974228,
            0.1487204706149644,
            -0.0001949251376813505,
            0.02688126868379963,
            -0.0005288548989247874,
            0.15698864319124167,
            0.3418492177313687,
            -0.0015222823135077929,
            0.2043707849585998,
            -0.00430277016482014,
            0.6414741977325868,
            0.5899879293434805,
            -0.027884063255503272,
            0.5445280080044255,
            0.07007466119966975,
            0.9999999999999999,
            0.6848602514927513,
            0.0,
            0.0,
            0.0
        ],
        [
            0.14872047061496435,
            0.38527747340767904,
            -0.0008059953883509841,
            0.11115128017805753,
            -0.0021867605928641903,
            0.3418492177313687,
            0.6483469465913126,
            -0.0013607132378110726,
            0.18267967120645626,
            -0.003846091011225129,
            0.5899879293434805,
            0.9112889273981158,
            -0.007687799102633793,
            0.1501295522441187,
            0.019319993379439244,
            0.6848602514927513,
            1.0000000000000002,
            0.0,
            0.0,
            0.0
        ],
        [
            0.0001949251376813505,
            0.000805995388350984,
            0.0033990585580421524,
            0.0002802227643273186,
            -5.51302780564303e-06,
            0.0015222823135077929,
            0.0013607132378110724,
            0.07558458485748464,
            0.0029069670897020313,
            -6.120254059902797e-05,
            0.027884063255503272,
            0.007687799102633791,
            0.5732593434976013,
            0.03197951401899563,
            0.004115405593963488,
            0.0,
            0.0,
            1.0000000000000004,
            0.0,
            0.0
        ],
        [
            -0.02688126868379962,
            -0.11115128017805738,
            0.0002802227643273185,
            -0.03524319878714565,
            0.000760277424797876,
            -0.20437078495859973,
            -0.18267967120645598,
            0.0029069670897020313,
            -0.314662466455033,
            0.008216617346661358,
            -0.5445280080044248,
            -0.15012955224411864,
            0.031979514018995604,
            -0.04960820556146312,
            -0.08036682422060294,
            0.0,
            0.0,
            0.0,
            1.0000000000000004,
            0.0
        ],
        [
            0.0005288548989247874,
            0.00218676059286419,
            -5.51302780564303e-06,
            0.0007602774247978761,
            0.0033861330527836255,
            0.00430277016482014,
            0.0038460910112251283,
            -6.120254059902797e-05,
            0.008216617346661358,
            0.07543324722185037,
            -0.07007466119966971,
            -0.019319993379439224,
            0.004115405593963489,
            -0.08036682422060301,
            0.5645546320456831,
            0.0,
            0.0,
            0.0,
            0.0,
            1.0000000000000004
        ]
    ],
    "h": [
        [
            -0.3233843572321671,
            -0.4900954732153766,
            0.0017311757200559582,
            -0.33748229779334704,
            0.0076947760673380175,
            -0.6287931944766599,
            -0.487200081401147,
            -0.0018082678416172903,
            -0.003911652661082288,
            0.006494786536814632,
            -0.2755077235464046,
            -0.3377114303891599,
            0.005933675864690825,
            0.3423674286940394,
            -0.035779908897231594,
            -0.03822828664038109,
            -0.17560929011067575,
            -0.0010765086909344883,
            0.10048676082510383,
            -0.0008839497611237754
        ],
        [
            -0.4900954732153766,
            -0.31580037975856246,
            0.0011177529592667883,
            -0.2690418205597416,
            0.007080796879986141,
            -0.5669273603760865,
            -0.3684174289784863,
            -0.004884268278813213,
            0.11666685005184793,
            0.012708088724386349,
            -0.35662343724820694,
            -0.3186623182181425,
            0.008090984000669607,
            0.1852643252851855,
            -0.03615954854754772,
            -0.17678452424033608,
            -0.22203810186752582,
            -0.00461769068913909,
            0.14571074110007298,
            0.00905770445862112
        ],
        [
            0.0017311757200559582,
            0.0011177529592667883,
            1.4764189862190453,
            0.0016273850680258016,
            4.897165164870186e-06,
            -0.0008253866039436494,
            0.0007744819843223281,
            0.5201564195770085,
            0.006503416685172311,
            -4.101975210528373e-05,
            -0.0007408682049414202,
            0.0006873728011337022,
            -0.0464981963907706,
            -0.0012888875467577127,
            9.240039131132251e-05,
            -4.0833737373741595e-06,
            0.0001826682282985415,
            -0.009754197841301628,
            -0.0005066934012302097,
            3.1609561832991163e-05
        ],
        [
            -0.33748229779334704,
            -0.2690418205597416,
            0.0016273850680258016,
            1.148590181240447,
            0.0077067238752362805,
            -0.06541944516048237,
            -0.26016734431979915,
            0.004322999296581257,
            -0.5082111215132388,
            0.027035515763010283,
            -0.26540378306732454,
            -0.20883589731236568,
            0.006269438027087437,
            0.15455045736857076,
            -0.030771745994249852,
            -0.0989802867144732,
            -0.14274602280917906,
            -0.002079080881477961,
            0.13645643641685073,
            0.000500182173679144
        ],
        [
            0.0076947760673380175,
            0.007080796879986141,
            4.897165164870186e-06,
            0.0077067238752362805,
            1.4761041372747123,
            0.005632059276332049,
            0.007961745652818434,
            4.863085351307741e-05,
            0.019276646964022256,
            0.5192460783081454,
            0.013694825059782464,
            0.006180330653108371,
            -0.00022283191715250395,
            -0.0036454494782522107,
            -0.04554496261628728,
            0.004341220225687671,
            0.0053301673277108665,
            9.98605530726589e-05,
            -0.004634827709973709,
            -0.009882519234269296
        ],
        [
            -0.6287931944766599,
            -0.5669273603760865,
            -0.0008253866039436494,
            -0.06541944516048237,
            0.005632059276332049,
            -0.4958179926173609,
            -0.6196956170699268,
            -0.008680639952385553,
            0.08878687511497999,
            0.02754580485506223,
            -0.5387747682930859,
            -0.5249456340342954,
            0.004646819589947865,
            0.05774090947694188,
            -0.018348822738274817,
            -0.29618942645723034,
            -0.36645476029992174,
            -0.00766487959440649,
            0.2746915839112733,
            0.013462745891057441
        ],
        [
            -0.487200081401147,
            -0.3684174289784863,
            0.0007744819843223281,
            -0.26016734431979915,
            0.007961745652818434,
            -0.6196956170699268,
            -0.43322487471776605,
            -0.0069288275703398555,
            0.01761917916649322,
            0.024328747464189796,
            -0.5291149674024032,
            -0.4101606558881823,
            0.012859687076679883,
            0.11275748808888908,
            -0.04910515674595975,
            -0.35203319378972847,
            -0.32445572960661395,
            -0.009166419492400244,
            0.21759148016484342,
            0.021240638530882743
        ],
        [
            -0.0018082678416172903,
            -0.004884268278813213,
            0.5201564195770085,
            0.004322999296581257,
            4.863085351307741e-05,
            -0.008680639952385553,
            -0.0069288275703398555,
            1.3967223020885522,
            -0.004853285235584644,
            0.001012829568207274,
            -0.0005629056975456591,
            -0.006052552137361814,
            0.37576714992075055,
            -0.028288736347865044,
            0.004107966950642311,
            -0.003969109660811567,
            -0.005237060605298717,
            -0.045456868962953145,
            0.006370732908501068,
            0.00038345194284956365
        ],
        [
            -0.003911652661082288,
            0.11666685005184793,
            0.006503416685172311,
            -0.5082111215132388,
            0.019276646964022256,
            0.08878687511497999,
            0.01761917916649322,
            -0.004853285235584644,
            0.7677226226456693,
            0.04386939992617283,
            -0.07497917066434612,
            -0.12220460789279658,
            -0.02407169634649857,
            -0.7908591741859448,
            0.13652977149677376,
            -0.35594398888038503,
            -0.1900815583007161,
            -0.010754787451324143,
            0.1229239002508431,
            0.0289494546935902
        ],
        [
            0.006494786536814632,
            0.012708088724386349,
            -4.101975210528373e-05,
            0.027035515763010283,
            0.5192460783081454,
            0.02754580485506223,
            0.024328747464189796,
            0.001012829568207274,
            0.04386939992617283,
            1.3914758411070611,
            0.005715797804141137,
            0.027180215529768424,
            0.003903229703537567,
            0.1504471833214872,
            0.35622282720679066,
            0.030027837505799723,
            0.02704532340307029,
            0.0011789629698399232,
            -0.02967650255522237,
            -0.04791013149592949
        ],
        [
            -0.2755077235464046,
            -0.35662343724820694,
            -0.0007408682049414202,
            -0.26540378306732454,
            0.013694825059782464,
            -0.5387747682930859,
            -0.5291149674024032,
            -0.0005629056975456591,
            -0.07497917066434612,
            0.005715797804141137,
            -0.5184319908979456,
            -0.6258784338237474,
            0.02325655309156057,
            -0.10515306165978078,
            -0.0746948491309653,
            -0.6519194302632179,
            -0.578227846126738,
            -0.0008418693708442393,
            0.06971637648502016,
            -0.00038735680986463905
        ],
        [
            -0.3377114303891599,
            -0.3186623182181425,
            0.0006873728011337022,
            -0.20883589731236568,
            0.006180330653108371,
            -0.5249456340342954,
            -0.4101606558881823,
            -0.006052552137361814,
            -0.12220460789279658,
            0.027180215529768424,
            -0.6258784338237474,
            -0.4312829992634697,
            0.01764074236791289,
            -0.02429531737007562,
            -0.059179674574902114,
            -0.49973823423632246,
            -0.37084600994044714,
            -0.011556329856697958,
            0.2692164590949525,
            0.02699996109678102
        ],
        [
            0.005933675864690825,
            0.008090984000669607,
            -0.0464981963907706,
            0.006269438027087437,
            -0.00022283191715250395,
            0.004646819589947865,
            0.012859687076679883,
            0.37576714992075055,
            -0.02407169634649857,
            0.003903229703537567,
            0.02325655309156057,
            0.01764074236791289,
            1.3888524705492158,
            0.008561155635618416,
            0.0031123092035680367,
            0.002182997373142967,
            0.015110475037269153,
            0.5599650088819336,
            0.04449229091673318,
            0.006169398159628402
        ],
        [
            0.3423674286940394,
            0.1852643252851855,
            -0.0012888875467577127,
            0.15455045736857076,
            -0.0036454494782522107,
            0.05774090947694188,
            0.11275748808888908,
            -0.028288736347865044,
            -0.7908591741859448,
            0.1504471833214872,
            -0.10515306165978078,
            -0.02429531737007562,
            0.008561155635618416,
            0.7652767643654426,
            -0.0003724617599905138,
            0.014792184153804122,
            -0.11444115384722642,
            0.04891037077020496,
            -0.43317936054442363,
            -0.12106196634895186
        ],
        [
            -0.035779908897231594,
            -0.03615954854754772,
            9.240039131132251e-05,
            -0.030771745994249852,
            -0.04554496261628728,
            -0.018348822738274817,
            -0.04910515674595975,
            0.004107966950642311,
            0.13652977149677376,
            0.35622282720679066,
            -0.0746948491309653,
            -0.059179674574902114,
            0.0031123092035680367,
            -0.0003724617599905138,
            1.3792521846911163,
            -0.008236154858409478,
            -0.04639269159076494,
            0.005961625539705898,
            -0.1059041284031901,
            0.5469003107400693
        ],
        [
            -0.03822828664038109,
            -0.17678452424033608,
            -4.0833737373741595e-06,
            -0.0989802867144732,
            0.004341220225687671,
            -0.29618942645723034,
            -0.35203319378972847,
            -0.003969109660811567,
            -0.35594398888038503,
            0.030027837505799723,
            -0.6519194302632179,
            -0.49973823423632246,
            0.002182997373142967,
            0.014792184153804122,
            -0.008236154858409478,
            -0.3495734979149563,
            -0.5004055141255637,
            -0.017199609058244754,
            0.3521995868214376,
            0.042432866065346395
        ],
        [
            -0.17560929011067575,
            -0.22203810186752582,
            0.0001826682282985415,
            -0.14274602280917906,
            0.0053301673277108665,
            -0.36645476029992174,
            -0.32445572960661395,
            -0.005237060605298717,
            -0.1900815583007161,
            0.02704532340307029,
            -0.578227846126738,
            -0.37084600994044714,
            0.015110475037269153,
            -0.11444115384722642,
            -0.04639269159076494,
            -0.5004055141255637,
            -0.31960188724671723,
            -0.012724806955617592,
            0.2755585856414494,
            0.030696130186088265
        ],
        [
            -0.0010765086909344883,
            -0.00461769068913909,
            -0.009754197841301628,
            -0.002079080881477961,
            9.98605530726589e-05,
            -0.00766487959440649,
            -0.009166419492400244,
            -0.045456868962953145,
            -0.010754787451324143,
            0.0011789629698399232,
            -0.0008418693708442393,
            -0.011556329856697958,
            0.5599650088819336,
            0.04891037077020496,
            0.005961625539705898,
            -0.017199609058244754,
            -0.012724806955617592,
            1.4644915595674395,
            0.015919641373034678,
            0.0020229401764436643
        ],
        [
            0.10048676082510383,
            0.14571074110007298,
            -0.0005066934012302097,
            0.13645643641685073,
            -0.004634827709973709,
            0.2746915839112733,
            0.21759148016484342,
            0.006370732908501068,
            0.1229239002508431,
            -0.02967650255522237,
            0.06971637648502016,
            0.2692164590949525,
            0.04449229091673318,
            -0.43317936054442363,
            -0.1059041284031901,
            0.3521995868214376,
            0.2755585856414494,
            0.015919641373034678,
            1.1270356522794642,
            -0.03872148102063414
        ],
        [
            -0.0008839497611237754,
            0.00905770445862112,
            3.1609561832991163e-05,
            0.000500182173679144,
            -0.009882519234269296,
            0.013462745891057441,
            0.021240638530882743,
            0.00038345194284956365,
            0.0289494546935902,
            -0.04791013149592949,
            -0.00038735680986463905,
            0.02699996109678102,
            0.006169398159628402,
            -0.12106196634895186,
            0.5469003107400693,
            0.042432866065346395,
            0.030696130186088265,
            0.0020229401764436643,
            -0.03872148102063414,
            1.460179886538545
        ]
    ]
}