{
    "HF": -2.132286469355269,
    "coordinates": [
        [
            0.661432,
            -0.027312,
            0.104163
        ],
        [
            1.383524,
            -0.159195,
            -0.111221
        ],
        [
            2.102683,
            -0.085326,
            -0.092569
        ],
        [
            2.825929,
            0.132244,
            0.150144
        ]
    ],
    "elements": [
        "H",
        "H",
        "H",
        "H"
    ],
    "Enn": 3.051867654380624,
    "S": [
        [
            0.9999999999999999,
            0.6848602514927513,
            0.0,
            0.0,
            0.0,
            0.5506546045647158,
            0.5581426378002853,
            0.14954740112839227,
            -0.5013695630854802,
            0.09157021832176837,
            0.14040287139648172,
            0.3266915747208639,
            0.024872819144294192,
            -0.18221730813763473,
            0.007334707774216108,
            0.01630427854073592,
            0.13240413821333485,
            -0.00042410378752352475,
            -0.019964145533661874,
            -0.0014716579439791118
        ],
        [
            0.6848602514927513,
            1.0000000000000002,
            0.0,
            0.0,
            0.0,
            0.5581426378002853,
            0.8803136014794325,
            0.04711418125420172,
            -0.15795404194466178,
            0.02884875184019186,
            0.3266915747208639,
            0.6302417160795032,
            0.024280782525099867,
            -0.17788007083282198,
            0.00716012299682382,
            0.13240413821333485,
            0.3582324209703708,
            -0.002156712134940247,
            -0.10152447632591208,
            -0.007483881633773216
        ],
        [
            0.0,
            0.0,
            1.0000000000000004,
            0.0,
            0.0,
            -0.14954740112839227,
            -0.04711418125420172,
            0.411491157499911,
            0.18889982150819942,
            -0.034500694038939454,
            -0.024872819144294185,
            -0.024280782525099874,
            0.05744739463749716,
            0.04701176644144033,
            -0.0018923425679036611,
            0.000424103787523525,
            0.0021567121349402463,
            0.002192153059072063,
            -0.0005695459979446288,
            -4.198411051068826e-05
        ],
        [
            0.0,
            0.0,
            0.0,
            1.0000000000000004,
            0.0,
            0.5013695630854801,
            0.15795404194466178,
            0.18889982150819948,
            -0.16546590678939618,
            0.11566632228933381,
            0.18221730813763456,
            0.17788007083282184,
            0.04701176644144033,
            -0.2805418360255509,
            0.013863228241128638,
            0.01996414553366189,
            0.10152447632591194,
            -0.0005695459979446285,
            -0.024606400231009257,
            -0.0019763485189111412
        ],
        [
            0.0,
            0.0,
            0.0,
            0.0,
            1.0000000000000004,
            -0.09157021832176836,
            -0.02884875184019186,
            -0.034500694038939454,
            0.11566632228933378,
            0.4467104613742619,
            -0.007334707774216103,
            -0.0071601229968238185,
            -0.0018923425679036611,
            0.013863228241128638,
            0.0633065111358563,
            0.0014716579439791125,
            0.00748388163377321,
            -4.1984110510688237e-05,
            -0.0019763485189111412,
            0.0020585654543066626
        ],
        [
            0.5506546045647158,
            0.5581426378002853,
            -0.14954740112839227,
            0.5013695630854801,
            -0.09157021832176837,
            0.9999999999999999,
            0.6848602514927513,
            0.0,
            0.0,
            0.0,
            0.5843056318325852,
            0.5704100946495974,
            -0.013958968690784264,
            -0.5382113427351343,
            -0.055282814616102474,
            0.1273060606850735,
            0.31390175491550043,
            -0.029320496324600348,
            -0.16181214202775876,
            -0.03269426330359919
        ],
        [
            0.5581426378002853,
            0.8803136014794325,
            -0.04711418125420172,
            0.15795404194466178,
            -0.02884875184019186,
            0.6848602514927513,
            1.0000000000000002,
            0.0,
            0.0,
            0.0,
            0.5704100946495974,
            0.8923236139479404,
            -0.004175824533173996,
            -0.1610058865243875,
            -0.01653785022737667,
            0.31390175491550043,
            0.6147156464597382,
            -0.030908838177271285,
            -0.17057778482615085,
            -0.03446536793199459
        ],
        [
            0.14954740112839227,
            0.04711418125420172,
            0.411491157499911,
            0.18889982150819948,
            -0.034500694038939454,
            0.0,
            0.0,
            1.0000000000000004,
            0.0,
            0.0,
            0.013958968690784264,
            0.004175824533173994,
            0.5067218787983129,
            -0.017662190269492596,
            -0.0018141861994595751,
            0.029320496324600345,
            0.03090883817727127,
            0.04528167676519643,
            -0.05387326403805422,
            -0.010885132953634026
        ],
        [
            -0.5013695630854799,
            -0.15795404194466178,
            0.18889982150819942,
            -0.16546590678939602,
            0.11566632228933378,
            0.0,
            0.0,
            0.0,
            1.0000000000000004,
            0.0,
            0.5382113427351343,
            0.16100588652438744,
            -0.017662190269492624,
            -0.17381527061011384,
            -0.06994897775129477,
            0.1618121420277587,
            0.170577784826151,
            -0.05387326403805422,
            -0.24226888066653643,
            -0.0600721986416945
        ],
        [
            0.09157021832176836,
            0.02884875184019186,
            -0.034500694038939454,
            0.11566632228933381,
            0.4467104613742619,
            0.0,
            0.0,
            0.0,
            0.0,
            1.0000000000000004,
            0.055282814616102474,
            0.01653785022737664,
            -0.0018141861994595788,
            -0.0699489777512948,
            0.4999950967311987,
            0.032694263303599175,
            0.03446536793199456,
            -0.010885132953634023,
            -0.06007219864169449,
            0.042905925263620415
        ],
        [
            0.14040287139648172,
            0.3266915747208639,
            -0.024872819144294192,
            0.1822173081376347,
            -0.007334707774216108,
            0.5843056318325852,
            0.5704100946495974,
            0.013958968690784264,
            0.5382113427351343,
            0.055282814616102495,
            0.9999999999999999,
            0.6848602514927513,
            0.0,
            0.0,
            0.0,
            0.5281437195920291,
            0.5496006551284425,
            -0.15985241555589427,
            -0.47633468393179745,
            -0.14329306651269577
        ],
        [
            0.3266915747208639,
            0.6302417160795032,
            -0.024280782525099867,
            0.17788007083282206,
            -0.00716012299682382,
            0.5704100946495974,
            0.8923236139479404,
            0.004175824533173996,
            0.1610058865243875,
            0.01653785022737665,
            0.6848602514927513,
            1.0000000000000002,
            0.0,
            0.0,
            0.0,
            0.5496006551284425,
            0.8718914842459671,
            -0.052225327439028885,
            -0.15562313995940866,
            -0.046815228236268845
        ],
        [
            0.024872819144294185,
            0.024280782525099874,
            0.05744739463749716,
            0.04701176644144034,
            -0.0018923425679036611,
            -0.013958968690784264,
            -0.004175824533173994,
            0.5067218787983129,
            -0.01766219026949262,
            -0.0018141861994595784,
            0.0,
            0.0,
            1.0000000000000004,
            0.0,
            0.0,
            0.1598524155558943,
            0.0522253274390289,
            0.37422204764321776,
            -0.20133807097974848,
            -0.06056739215020051
        ],
        [
            -0.18221730813763462,
            -0.17788007083282192,
            0.047011766441440325,
            -0.2805418360255509,
            0.013863228241128634,
            -0.5382113427351343,
            -0.16100588652438744,
            -0.0176621902694926,
            -0.17381527061011384,
            -0.0699489777512948,
            0.0,
            0.0,
            0.0,
            1.0000000000000004,
            0.0,
            0.47633468393179745,
            0.15562313995940866,
            -0.20133807097974868,
            -0.15816653780509757,
            -0.180481161301883
        ],
        [
            0.007334707774216103,
            0.0071601229968238185,
            -0.0018923425679036611,
            0.01386322824112864,
            0.0633065111358563,
            -0.055282814616102474,
            -0.016537850227376662,
            -0.0018141861994595753,
            -0.06994897775129477,
            0.4999950967311986,
            0.0,
            0.0,
            0.0,
            0.0,
            1.0000000000000004,
            0.14329306651269574,
            0.04681522823626884,
            -0.06056739215020049,
            -0.18048116130188274,
            0.3874956515860768
        ],
        [
            0.01630427854073592,
            0.13240413821333485,
            0.00042410378752352475,
            0.019964145533661878,
            0.0014716579439791118,
            0.1273060606850735,
            0.31390175491550043,
            0.029320496324600348,
            0.1618121420277587,
            0.03269426330359919,
            0.5281437195920291,
            0.5496006551284425,
            0.15985241555589427,
            0.47633468393179745,
            0.14329306651269577,
            0.9999999999999999,
            0.6848602514927513,
            0.0,
            0.0,
            0.0
        ],
        [
            0.13240413821333485,
            0.3582324209703708,
            0.002156712134940247,
            0.10152447632591205,
            0.007483881633773216,
            0.31390175491550043,
            0.6147156464597382,
            0.030908838177271285,
            0.17057778482615105,
            0.03446536793199459,
            0.5496006551284425,
            0.8718914842459671,
            0.052225327439028885,
            0.15562313995940866,
            0.046815228236268845,
            0.6848602514927513,
            1.0000000000000002,
            0.0,
            0.0,
            0.0
        ],
        [
            -0.000424103787523525,
            -0.0021567121349402463,
            0.002192153059072063,
            -0.0005695459979446288,
            -4.198411051068826e-05,
            -0.029320496324600345,
            -0.03090883817727127,
            0.04528167676519643,
            -0.05387326403805422,
            -0.010885132953634026,
            -0.1598524155558943,
            -0.052225327439028905,
            0.37422204764321776,
            -0.20133807097974873,
            -0.06056739215020051,
            0.0,
            0.0,
            1.0000000000000004,
            0.0,
            0.0
        ],
        [
            -0.019964145533661888,
            -0.1015244763259119,
            -0.0005695459979446285,
            -0.024606400231009257,
            -0.0019763485189111412,
            -0.16181214202775876,
            -0.1705777848261508,
            -0.05387326403805422,
            -0.24226888066653643,
            -0.0600721986416945,
            -0.4763346839317968,
            -0.15562313995940866,
            -0.2013380709797484,
            -0.15816653780509743,
            -0.18048116130188274,
            0.0,
            0.0,
            0.0,
            1.0000000000000004,
            0.0
        ],
        [
            -0.0014716579439791125,
            -0.007483881633773208,
            -4.1984110510688237e-05,
            -0.0019763485189111412,
            0.0020585654543066626,
            -0.032694263303599175,
            -0.03446536793199456,
            -0.010885132953634023,
            -0.06007219864169449,
            0.042905925263620415,
            -0.14329306651269574,
            -0.046815228236268824,
            -0.06056739215020049,
            -0.180481161301883,
            0.3874956515860768,
            0.0,
            0.0,
            0.0,
            0.0,
            1.0000000000000004
        ]
    ],
    "h": [
        [
            -0.27188088101826247,
            -0.46862867393898333,
            0.08205336461570753,
            -0.2769000548602343,
            0.04980596292765194,
            -0.5868002735092674,
            -0.4630892564505762,
            -0.009442703456301715,
            0.01519116149203692,
            -0.007979787626288759,
            -0.2793453553555586,
            -0.3275582171422277,
            -0.009894702092526908,
            0.3363860060589743,
            0.016651771090223175,
            -0.018046975023817843,
            -0.14701856600173235,
            0.008278210458928802,
            0.07739789497622852,
            0.010905519249150817
        ],
        [
            -0.46862867393898333,
            -0.315481619290112,
            0.06829592771128136,
            -0.23817604467187745,
            0.04085495458291375,
            -0.5517013277764504,
            -0.3716547608660672,
            -0.06139048771541028,
            0.08554799026823182,
            -0.04739052577585705,
            -0.3629742575222701,
            -0.32273451949838616,
            -0.012478523181117931,
            0.20812904932889018,
            0.007857437363358193,
            -0.14589451738464507,
            -0.20467765325101878,
            0.028773556568032058,
            0.11778767802735773,
            0.028133554694834507
        ],
        [
            0.08205336461570753,
            0.06829592771128136,
            1.4561516224571818,
            0.07443066044209048,
            -0.013235327873609579,
            0.01915333656185103,
            0.06323413822689558,
            0.3155160461275802,
            0.26957903390798776,
            -0.046375206847305506,
            0.05446331619188995,
            0.051846325786975914,
            -0.04646144335231428,
            -0.05986016068198227,
            -0.004309406684297995,
            0.004946485136318672,
            0.025044966567135125,
            -0.007946116500218304,
            -0.006989217368087056,
            -0.0014339273072892901
        ],
        [
            -0.2769000548602343,
            -0.23817604467187745,
            0.07443066044209048,
            1.216019847475899,
            0.044483998339075084,
            -0.0912092884484288,
            -0.23338661153965096,
            0.2550097427320031,
            -0.5384021409767723,
            0.14995296491533636,
            -0.26275266021235716,
            -0.19519394579534477,
            0.0003122460256495402,
            0.14787882218167325,
            0.016196834707047643,
            -0.079721713784956,
            -0.12515915916979953,
            0.01190376132217379,
            0.10659730250488947,
            0.015481640172284079
        ],
        [
            0.04980596292765194,
            0.04085495458291375,
            -0.013235327873609579,
            0.044483998339075084,
            1.4699046145708667,
            0.009368014448101564,
            0.03685718703032102,
            -0.04765678366546457,
            0.1631477073863467,
            0.36393079755835644,
            0.027098295777539444,
            0.03002955736274933,
            0.00044581510906696034,
            -0.03689256057967415,
            -0.04937788278965946,
            -0.0009900773873344451,
            0.012474569310143627,
            -0.0003433693582627803,
            0.0010989847281640992,
            -0.006804823238852308
        ],
        [
            -0.5868002735092674,
            -0.5517013277764504,
            0.01915333656185103,
            -0.0912092884484288,
            0.009368014448101564,
            -0.48478976857255685,
            -0.618082971441835,
            -0.0828345547154412,
            0.000621908237047511,
            -0.07283363950719952,
            -0.5681722923080204,
            -0.5402821507440243,
            -0.02348499412998764,
            0.06284095097467879,
            -0.012614483014247405,
            -0.2596520349564341,
            -0.35295969498695384,
            0.06014581123040892,
            0.24361859192148813,
            0.05930458152257264
        ],
        [
            -0.4630892564505762,
            -0.3716547608660672,
            0.06323413822689558,
            -0.23338661153965096,
            0.03685718703032102,
            -0.618082971441835,
            -0.4394245101835368,
            -0.0675624236672778,
            -0.024149478484763093,
            -0.06074952946724439,
            -0.5365945897184394,
            -0.4196487522706689,
            -0.035735308279509964,
            0.1566948558225037,
            -0.011354460818289822,
            -0.31385962295680725,
            -0.3165348264517712,
            0.054678864739607515,
            0.17812330845027258,
            0.050332719937546185
        ],
        [
            -0.009442703456301715,
            -0.06139048771541028,
            0.3155160461275802,
            0.2550097427320031,
            -0.04765678366546457,
            -0.0828345547154412,
            -0.0675624236672778,
            1.3683874523878854,
            0.05986763819790203,
            -0.013897810576905239,
            -0.027104673369142795,
            -0.04675141814468074,
            0.4354558556106901,
            -0.0036926650009801304,
            -0.003748725915411771,
            -0.024013753107989255,
            -0.022803704808217223,
            -0.042327308814900585,
            0.014388191831341324,
            0.004012999967351369
        ],
        [
            0.01519116149203692,
            0.08554799026823182,
            0.26957903390798776,
            -0.5384021409767723,
            0.1631477073863467,
            0.000621908237047511,
            -0.024149478484763093,
            0.05986763819790203,
            0.8138802280031618,
            0.008331653471976036,
            -0.04424353597478747,
            -0.1412028637196397,
            -0.04924188031257763,
            -0.7035116416320072,
            -0.1278214735011012,
            -0.3208170076072958,
            -0.2001965551302197,
            0.06604598510400768,
            0.1596130808275773,
            0.06024380548890387
        ],
        [
            -0.007979787626288759,
            -0.04739052577585705,
            -0.046375206847305506,
            0.14995296491533636,
            0.36393079755835644,
            -0.07283363950719952,
            -0.06074952946724439,
            -0.013897810576905239,
            0.008331653471976036,
            1.3782548912271966,
            -0.02491621469574476,
            -0.050780181032044264,
            -0.007227293014101018,
            -0.09272864319512925,
            0.42684321288671856,
            -0.041330770670911135,
            -0.0342222448276916,
            0.008417722749515195,
            0.027320255385178363,
            -0.03894928288982916
        ],
        [
            -0.2793453553555586,
            -0.3629742575222701,
            0.05446331619188995,
            -0.26275266021235716,
            0.027098295777539444,
            -0.5681722923080204,
            -0.5365945897184394,
            -0.027104673369142795,
            -0.04424353597478747,
            -0.02491621469574476,
            -0.46662289716893524,
            -0.6121383950979602,
            -0.07193394548851709,
            0.02630681296142899,
            -0.04395454309590219,
            -0.5648675504055987,
            -0.5398822902827656,
            0.021921826322011118,
            0.08489024924649569,
            0.021525943642627443
        ],
        [
            -0.3275582171422277,
            -0.32273451949838616,
            0.051846325786975914,
            -0.19519394579534477,
            0.03002955736274933,
            -0.5402821507440243,
            -0.4196487522706689,
            -0.04675141814468074,
            -0.1412028637196397,
            -0.050780181032044264,
            -0.6121383950979602,
            -0.4404010726250689,
            -0.05967863229089044,
            0.041650604162727145,
            -0.035455126186879224,
            -0.4507341410150828,
            -0.3680836238483163,
            0.06654625414818288,
            0.21359702857685442,
            0.061118547451816344
        ],
        [
            -0.009894702092526908,
            -0.012478523181117931,
            -0.04646144335231428,
            0.0003122460256495402,
            0.00044581510906696034,
            -0.02348499412998764,
            -0.035735308279509964,
            0.4354558556106901,
            -0.04924188031257763,
            -0.007227293014101018,
            -0.07193394548851709,
            -0.05967863229089044,
            1.3721561826496265,
            -0.07570036097711796,
            -0.02163000387659136,
            -0.01027800794337319,
            -0.05880235385327706,
            0.26575739707739277,
            -0.2709881553596708,
            -0.08190421545827681
        ],
        [
            0.3363860060589743,
            0.20812904932889018,
            -0.05986016068198227,
            0.14787882218167325,
            -0.03689256057967415,
            0.06284095097467879,
            0.1566948558225037,
            -0.0036926650009801304,
            -0.7035116416320072,
            -0.09272864319512925,
            0.02630681296142899,
            0.041650604162727145,
            -0.07570036097711796,
            0.8392226451762477,
            -0.09438511058163494,
            -0.024569054141526325,
            -0.0772656555688725,
            -0.28281274822145114,
            -0.5064479492168772,
            -0.2550681508370519
        ],
        [
            0.016651771090223175,
            0.007857437363358193,
            -0.004309406684297995,
            0.016196834707047643,
            -0.04937788278965946,
            -0.012614483014247405,
            -0.011354460818289822,
            -0.003748725915411771,
            -0.1278214735011012,
            0.42684321288671856,
            -0.04395454309590219,
            -0.035455126186879224,
            -0.02163000387659136,
            -0.09438511058163494,
            1.3739123733517775,
            -0.007740554466118821,
            -0.044105089321983815,
            -0.08304637242087516,
            -0.24785100218808465,
            0.28291460837113025
        ],
        [
            -0.018046975023817843,
            -0.14589451738464507,
            0.004946485136318672,
            -0.079721713784956,
            -0.0009900773873344451,
            -0.2596520349564341,
            -0.31385962295680725,
            -0.024013753107989255,
            -0.3208170076072958,
            -0.041330770670911135,
            -0.5648675504055987,
            -0.4507341410150828,
            -0.01027800794337319,
            -0.024569054141526325,
            -0.007740554466118821,
            -0.2504337785525268,
            -0.45905249540932336,
            0.0842996181844101,
            0.25151571635077913,
            0.07586861969861722
        ],
        [
            -0.14701856600173235,
            -0.20467765325101878,
            0.025044966567135125,
            -0.12515915916979953,
            0.012474569310143627,
            -0.35295969498695384,
            -0.3165348264517712,
            -0.022803704808217223,
            -0.2001965551302197,
            -0.0342222448276916,
            -0.5398822902827656,
            -0.3680836238483163,
            -0.05880235385327706,
            -0.0772656555688725,
            -0.044105089321983815,
            -0.45905249540932336,
            -0.31097505566094963,
            0.07203656208467032,
            0.22038364389249646,
            0.06528869753584508
        ],
        [
            0.008278210458928802,
            0.028773556568032058,
            -0.007946116500218304,
            0.01190376132217379,
            -0.0003433693582627803,
            0.06014581123040892,
            0.054678864739607515,
            -0.042327308814900585,
            0.06604598510400768,
            0.008417722749515195,
            0.021921826322011118,
            0.06654625414818288,
            0.26575739707739277,
            -0.28281274822145114,
            -0.08304637242087516,
            0.0842996181844101,
            0.07203656208467032,
            1.4640760407041047,
            -0.07392395249943634,
            -0.022048923917332215
        ],
        [
            0.07739789497622852,
            0.11778767802735773,
            -0.006989217368087056,
            0.10659730250488947,
            0.0010989847281640992,
            0.24361859192148813,
            0.17812330845027258,
            0.014388191831341324,
            0.1596130808275773,
            0.027320255385178363,
            0.08489024924649569,
            0.21359702857685442,
            -0.2709881553596708,
            -0.5064479492168772,
            -0.24785100218808465,
            0.25151571635077913,
            0.22038364389249646,
            -0.07392395249943634,
            1.2601592420257175,
            -0.0670541072302036
        ],
        [
            0.010905519249150817,
            0.028133554694834507,
            -0.0014339273072892901,
            0.015481640172284079,
            -0.006804823238852308,
            0.05930458152257264,
            0.050332719937546185,
            0.004012999967351369,
            0.06024380548890387,
            -0.03894928288982916,
            0.021525943642627443,
            0.061118547451816344,
            -0.08190421545827681,
            -0.2550681508370519,
            0.28291460837113025,
            0.07586861969861722,
            0.06528869753584508,
            -0.022048923917332215,
            -0.0670541072302036,
            1.4686192789087489
        ]
    ]
}