{
    "HF": -2.1032860077978093,
    "coordinates": [
        [
            0.673964,
            0.177818,
            0.087507
        ],
        [
            1.337701,
            0.169104,
            -0.121464
        ],
        [
            2.000833,
            0.001369,
            -0.171121
        ],
        [
            2.668027,
            -0.109682,
            0.119224
        ]
    ],
    "elements": [
        "H",
        "H",
        "H",
        "H"
    ],
    "Enn": 3.2850899903452815,
    "S": [
        [
            0.9999999999999999,
            0.6848602514927513,
            0.0,
            0.0,
            0.0,
            0.6064622113967714,
            0.5781787260312871,
            0.16391219168578675,
            -0.5206204993656969,
            0.006835067250240226,
            0.1757238386233749,
            0.35779175591581125,
            0.04304458084956658,
            -0.22083656814917008,
            0.029367173107030842,
            0.02776173135059727,
            0.166152516713618,
            -0.0005594947937143178,
            -0.035175705988534686,
            0.005071562669636679
        ],
        [
            0.6848602514927513,
            1.0000000000000002,
            0.0,
            0.0,
            0.0,
            0.5781787260312871,
            0.8998783940851,
            0.04746499577181268,
            -0.15075907134767796,
            0.001979269722380506,
            0.35779175591581125,
            0.6670642404388706,
            0.03518008505048002,
            -0.18048844004069678,
            0.02400161941890337,
            0.16615251671361805,
            0.41296232757192686,
            -0.0018978045554874272,
            -0.11931588250240958,
            0.017202724397094162
        ],
        [
            0.0,
            0.0,
            1.0000000000000004,
            0.0,
            0.0,
            -0.16391219168578672,
            -0.04746499577181265,
            0.4728488198143035,
            0.19204139573078838,
            -0.0025212527287134696,
            -0.04304458084956656,
            -0.03518008505047998,
            0.07402432580009106,
            0.07980827735350704,
            -0.010613022635052113,
            0.0005594947937143178,
            0.0018978045554874266,
            0.005129420146547847,
            -0.0008444367157646641,
            0.00012174919036276233
        ],
        [
            0.0,
            0.0,
            0.0,
            1.0000000000000004,
            0.0,
            0.5206204993656968,
            0.15075907134767796,
            0.19204139573078846,
            -0.07665377751517273,
            0.0080080428499557,
            0.22083656814917,
            0.18048844004069675,
            0.07980827735350698,
            -0.3198693562159872,
            0.05444921172784445,
            0.03517570598853468,
            0.11931588250240956,
            -0.0008444367157646629,
            -0.04794728975552199,
            0.0076544299833635225
        ],
        [
            0.0,
            0.0,
            0.0,
            0.0,
            1.0000000000000004,
            -0.006835067250240227,
            -0.001979269722380506,
            -0.0025212527287134696,
            0.008008042849955696,
            0.5332060101198974,
            -0.029367173107030842,
            -0.024001619418903365,
            -0.010613022635052113,
            0.05444921172784449,
            0.08233949948733252,
            -0.005071562669636678,
            -0.017202724397094155,
            0.0001217491903627622,
            0.007654429983363526,
            0.004039251169487891
        ],
        [
            0.6064622113967714,
            0.5781787260312871,
            -0.16391219168578675,
            0.5206204993656967,
            -0.006835067250240226,
            0.9999999999999999,
            0.6848602514927513,
            0.0,
            0.0,
            0.0,
            0.6146899983219896,
            0.5810041611412803,
            0.039617082448099306,
            -0.5290564294655935,
            0.13382144157786283,
            0.16875558209005775,
            0.35199512497093155,
            -0.03811731296923331,
            -0.2106812657594407,
            0.044150822697603044
        ],
        [
            0.5781787260312871,
            0.8998783940851,
            -0.04746499577181268,
            0.15075907134767796,
            -0.001979269722380506,
            0.6848602514927513,
            1.0000000000000002,
            0.0,
            0.0,
            0.0,
            0.5810041611412803,
            0.9026164566642119,
            0.011337767619787215,
            -0.1514073850060359,
            0.03829753009052111,
            0.35199512497093155,
            0.6602960429810659,
            -0.03217293802644268,
            -0.1778256329894523,
            0.037265525080767824
        ],
        [
            0.16391219168578672,
            0.04746499577181265,
            0.4728488198143035,
            0.19204139573078846,
            -0.0025212527287134696,
            0.0,
            0.0,
            1.0000000000000004,
            0.0,
            0.0,
            -0.039617082448099306,
            -0.01133776761978719,
            0.5395776791553876,
            0.04642540816484998,
            -0.01174301019786575,
            0.03811731296923331,
            0.03217293802644265,
            0.07162021764181072,
            -0.07007523912091823,
            0.01468511899606887
        ],
        [
            -0.5206204993656969,
            -0.15075907134767796,
            0.19204139573078838,
            -0.07665377751517273,
            0.008008042849955696,
            0.0,
            0.0,
            0.0,
            1.0000000000000004,
            0.0,
            0.5290564294655935,
            0.15140738500603587,
            0.04642540816484998,
            -0.07692238318793165,
            0.15681909576758787,
            0.2106812657594407,
            0.17782563298945245,
            -0.07007523912091823,
            -0.30301997391792157,
            0.08116730212376318
        ],
        [
            0.006835067250240227,
            0.001979269722380506,
            -0.0025212527287134696,
            0.0080080428499557,
            0.5332060101198974,
            0.0,
            0.0,
            0.0,
            0.0,
            1.0000000000000004,
            -0.13382144157786283,
            -0.038297530090521066,
            -0.01174301019786575,
            0.15681909576758787,
            0.5033877433125473,
            -0.04415082269760304,
            -0.03726552508076781,
            0.01468511899606887,
            0.08116730212376318,
            0.06728891964692835
        ],
        [
            0.1757238386233749,
            0.35779175591581125,
            -0.04304458084956658,
            0.22083656814917008,
            -0.029367173107030842,
            0.6146899983219896,
            0.5810041611412803,
            -0.039617082448099306,
            0.5290564294655935,
            -0.13382144157786283,
            0.9999999999999999,
            0.6848602514927513,
            0.0,
            0.0,
            0.0,
            0.5738957561647571,
            0.566677072288435,
            -0.21241241748677914,
            -0.4881099742467547,
            0.08124338760551862
        ],
        [
            0.35779175591581125,
            0.6670642404388706,
            -0.03518008505048001,
            0.1804884400406969,
            -0.024001619418903372,
            0.5810041611412803,
            0.9026164566642119,
            -0.011337767619787215,
            0.1514073850060359,
            -0.038297530090521115,
            0.6848602514927513,
            1.0000000000000002,
            0.0,
            0.0,
            0.0,
            0.566677072288435,
            0.8886794308091893,
            -0.0645486923952726,
            -0.1483287133374828,
            0.024688549274784873
        ],
        [
            0.04304458084956656,
            0.03518008505047999,
            0.07402432580009106,
            0.07980827735350703,
            -0.010613022635052113,
            0.039617082448099306,
            0.011337767619787213,
            0.5395776791553876,
            0.04642540816484998,
            -0.01174301019786575,
            0.0,
            0.0,
            1.0000000000000004,
            0.0,
            0.0,
            0.21241241748677908,
            0.06454869239527254,
            0.38663557364956047,
            -0.24892585480371424,
            0.04143242460484849
        ],
        [
            -0.22083656814917005,
            -0.18048844004069675,
            0.079808277353507,
            -0.3198693562159871,
            0.05444921172784446,
            -0.5290564294655935,
            -0.15140738500603587,
            0.04642540816484998,
            -0.07692238318793165,
            0.15681909576758787,
            0.0,
            0.0,
            0.0,
            1.0000000000000004,
            0.0,
            0.48810997424675473,
            0.14832871333748276,
            -0.24892585480371437,
            -0.0770540338303387,
            0.09520902754243153
        ],
        [
            0.029367173107030842,
            0.024001619418903376,
            -0.010613022635052113,
            0.054449211727844476,
            0.08233949948733252,
            0.1338214415778628,
            0.03829753009052108,
            -0.01174301019786575,
            0.15681909576758787,
            0.5033877433125473,
            0.0,
            0.0,
            0.0,
            0.0,
            1.0000000000000004,
            -0.08124338760551862,
            -0.024688549274784862,
            0.041432424604848514,
            0.09520902754243153,
            0.4791144022891614
        ],
        [
            0.02776173135059727,
            0.166152516713618,
            0.0005594947937143186,
            0.03517570598853469,
            -0.005071562669636679,
            0.16875558209005775,
            0.35199512497093155,
            0.03811731296923331,
            0.2106812657594407,
            -0.044150822697603044,
            0.5738957561647571,
            0.566677072288435,
            0.21241241748677914,
            0.4881099742467547,
            -0.08124338760551861,
            0.9999999999999999,
            0.6848602514927513,
            0.0,
            0.0,
            0.0
        ],
        [
            0.16615251671361805,
            0.41296232757192686,
            0.0018978045554874272,
            0.11931588250240963,
            -0.017202724397094162,
            0.35199512497093155,
            0.6602960429810659,
            0.03217293802644268,
            0.17782563298945253,
            -0.037265525080767824,
            0.566677072288435,
            0.8886794308091893,
            0.0645486923952726,
            0.1483287133374828,
            -0.02468854927478488,
            0.6848602514927513,
            1.0000000000000002,
            0.0,
            0.0,
            0.0
        ],
        [
            -0.0005594947937143178,
            -0.0018978045554874266,
            0.005129420146547847,
            -0.0008444367157646631,
            0.0001217491903627622,
            -0.03811731296923331,
            -0.03217293802644265,
            0.07162021764181072,
            -0.07007523912091823,
            0.01468511899606887,
            -0.21241241748677908,
            -0.06454869239527254,
            0.38663557364956047,
            -0.24892585480371424,
            0.04143242460484849,
            0.0,
            0.0,
            1.0000000000000004,
            0.0,
            0.0
        ],
        [
            -0.035175705988534686,
            -0.11931588250240956,
            -0.0008444367157646637,
            -0.04794728975552199,
            0.0076544299833635225,
            -0.2106812657594407,
            -0.17782563298945267,
            -0.07007523912091823,
            -0.30301997391792157,
            0.08116730212376318,
            -0.48810997424675473,
            -0.14832871333748276,
            -0.24892585480371437,
            -0.0770540338303387,
            0.09520902754243153,
            0.0,
            0.0,
            0.0,
            1.0000000000000004,
            0.0
        ],
        [
            0.005071562669636678,
            0.017202724397094155,
            0.00012174919036276233,
            0.007654429983363524,
            0.004039251169487891,
            0.04415082269760304,
            0.03726552508076781,
            0.01468511899606887,
            0.08116730212376318,
            0.06728891964692835,
            0.08124338760551862,
            0.02468854927478487,
            0.041432424604848514,
            0.09520902754243153,
            0.4791144022891614,
            0.0,
            0.0,
            0.0,
            0.0,
            1.0000000000000004
        ]
    ],
    "h": [
        [
            -0.3210390493688813,
            -0.4895515187620727,
            0.10135020199923055,
            -0.3197801861573648,
            0.006466413983040802,
            -0.6340141693512209,
            -0.4862892708808474,
            5.7431596024504206e-05,
            -0.004711430966896191,
            0.009500682345629776,
            -0.3285795541600032,
            -0.3580555808358322,
            -0.036717628143702025,
            0.36622281798429335,
            -0.07135469428234983,
            -0.04640150130632109,
            -0.18488196918874206,
            0.013690527026995152,
            0.11529069437819758,
            -0.019704065730319825
        ],
        [
            -0.4895515187620727,
            -0.3219103772760721,
            0.0805143762329954,
            -0.26239191491227243,
            0.00752689642456051,
            -0.5822158369035632,
            -0.37717450591455837,
            -0.057868402658671395,
            0.0875389975294622,
            0.02919738490446328,
            -0.39955569511943145,
            -0.33680982673590454,
            -0.043944619945227636,
            0.21299461226944272,
            -0.04974526718579402,
            -0.18225122997992754,
            -0.23137470663994808,
            0.04320024198594832,
            0.1433444828961173,
            -0.025600689622680403
        ],
        [
            0.10135020199923055,
            0.0805143762329954,
            1.4405750802248174,
            0.09264582383856015,
            -0.0020425060576978182,
            0.02282481029032002,
            0.0762103419811245,
            0.40310076554779095,
            0.29096312968223986,
            -0.00813193283743496,
            0.07259937039207734,
            0.06317068283701843,
            -0.040048469149897487,
            -0.055902947148047055,
            0.014484466676317698,
            0.011179392520235731,
            0.03594874286596701,
            -0.01586607581726318,
            -0.01390858023756604,
            0.0025172863541755154
        ],
        [
            -0.3197801861573648,
            -0.26239191491227243,
            0.09264582383856015,
            1.1633627415245344,
            0.008459695860962452,
            -0.09576558668442159,
            -0.26077541689821304,
            0.27879843819756656,
            -0.4646818252823318,
            0.03448105652934236,
            -0.29573314476045337,
            -0.2217101060170632,
            -0.0059487956192945945,
            0.08676379922131738,
            -0.042195162081555965,
            -0.11721088221565298,
            -0.1524952541064879,
            0.0202713540061577,
            0.1557687410536271,
            -0.027147344440789437
        ],
        [
            0.006466413983040802,
            0.00752689642456051,
            -0.0020425060576978182,
            0.008459695860962452,
            1.4685573572097315,
            0.01028824915229809,
            0.010377513002885218,
            -0.003163948062960731,
            0.019356075149571474,
            0.4883626578279412,
            0.022219712041745027,
            0.009111034640713125,
            -0.0019738878485458175,
            0.01048130716210903,
            -0.0437067946461793,
            0.01502947555805587,
            0.010593055596192495,
            -0.002317863213721795,
            -0.02019753241932502,
            -0.0098277789412652
        ],
        [
            -0.6340141693512209,
            -0.5822158369035632,
            0.02282481029032002,
            -0.09576558668442159,
            0.01028824915229809,
            -0.5502926936590415,
            -0.6453068887077671,
            -0.07324297621208369,
            0.018174005841394142,
            0.06468931209277765,
            -0.6129008251469811,
            -0.5701286348195265,
            -0.04360082101398377,
            0.06768686046314665,
            -0.009946885350238466,
            -0.31351696504717697,
            -0.3952868089597256,
            0.08191257750484948,
            0.27744567719550384,
            -0.05175200523395598
        ],
        [
            -0.4862892708808474,
            -0.37717450591455837,
            0.0762103419811245,
            -0.26077541689821304,
            0.010377513002885218,
            -0.6453068887077671,
            -0.44414334861090654,
            -0.05646227889462336,
            -0.02141130145527273,
            0.0551193963758457,
            -0.5650947158584683,
            -0.42705097586940033,
            -0.07746508611314193,
            0.15532704865593994,
            -0.041744777573474126,
            -0.347202752553495,
            -0.33417378892442007,
            0.07660399445927032,
            0.20348681839871885,
            -0.03571633158685662
        ],
        [
            5.7431596024504206e-05,
            -0.057868402658671395,
            0.40310076554779095,
            0.27879843819756656,
            -0.003163948062960731,
            -0.07324297621208369,
            -0.05646227889462336,
            1.3436769517174063,
            0.10112638014223577,
            -0.0054150935393380345,
            -0.033321718402070974,
            -0.03430565221366185,
            0.4779101937033079,
            0.09702438493777152,
            -0.022460531770318187,
            -0.008871653523899847,
            -0.01044699461888407,
            -0.047538188274900306,
            -0.021344158881974717,
            0.004663516475718457
        ],
        [
            -0.004711430966896191,
            0.0875389975294622,
            0.29096312968223986,
            -0.4646818252823318,
            0.019356075149571474,
            0.018174005841394142,
            -0.02141130145527273,
            0.10112638014223577,
            0.7366642149056035,
            0.08842484452129103,
            -0.05236477893272218,
            -0.14315506163145852,
            0.03319451959196115,
            -0.624863837435155,
            0.26350121943116506,
            -0.3528806770837703,
            -0.20670203864410952,
            0.07812243022496643,
            0.08165113517861844,
            -0.018109214552872788
        ],
        [
            0.009500682345629776,
            0.02919738490446328,
            -0.00813193283743496,
            0.03448105652934236,
            0.4883626578279412,
            0.06468931209277765,
            0.0551193963758457,
            -0.0054150935393380345,
            0.08842484452129103,
            1.3516553897632888,
            0.023691787167235356,
            0.06368123727625394,
            -0.007119994733431421,
            0.24895739749379958,
            0.42893146037610386,
            0.07741636237603527,
            0.05988460487564778,
            -0.01906558052758968,
            -0.0364021792831522,
            -0.038104906383590015
        ],
        [
            -0.3285795541600032,
            -0.39955569511943145,
            0.07259937039207734,
            -0.29573314476045337,
            0.022219712041745027,
            -0.6129008251469811,
            -0.5650947158584683,
            -0.033321718402070974,
            -0.05236477893272218,
            0.023691787167235356,
            -0.5220120450342256,
            -0.63463944822769,
            -0.13338650096664062,
            0.016858679955001787,
            -0.02513782113090399,
            -0.6076978059363753,
            -0.5684628904047163,
            0.025053907943904774,
            0.09519040951191227,
            -0.019376898577872115
        ],
        [
            -0.3580555808358322,
            -0.33680982673590454,
            0.06317068283701843,
            -0.2217101060170632,
            0.009111034640713125,
            -0.5701286348195265,
            -0.42705097586940033,
            -0.03430565221366185,
            -0.14315506163145852,
            0.06368123727625394,
            -0.63463944822769,
            -0.44258476108062816,
            -0.10567106027785055,
            0.03983502479454118,
            -0.02329236917401092,
            -0.47298273944358915,
            -0.37573887600814193,
            0.0911528235703286,
            0.23876197073748145,
            -0.04240307023195414
        ],
        [
            -0.036717628143702025,
            -0.043944619945227636,
            -0.040048469149897487,
            -0.0059487956192945945,
            -0.0019738878485458175,
            -0.04360082101398377,
            -0.07746508611314193,
            0.4779101937033079,
            0.03319451959196115,
            -0.007119994733431421,
            -0.13338650096664062,
            -0.10567106027785055,
            1.3338020574189875,
            -0.07426905748188356,
            0.010579693967577342,
            -0.01451051152277516,
            -0.09473713814826926,
            0.28258505091555797,
            -0.3376563589280288,
            0.055400658368183406
        ],
        [
            0.36622281798429335,
            0.21299461226944272,
            -0.055902947148047055,
            0.08676379922131738,
            0.01048130716210903,
            0.06768686046314665,
            0.15532704865593994,
            0.09702438493777152,
            -0.624863837435155,
            0.24895739749379958,
            0.016858679955001787,
            0.03983502479454118,
            -0.07426905748188356,
            0.7821731075210749,
            0.1216322862486979,
            -0.006221635697958416,
            -0.07385535297304222,
            -0.36534733915353096,
            -0.44158584241815124,
            0.14682201204553233
        ],
        [
            -0.07135469428234983,
            -0.04974526718579402,
            0.014484466676317698,
            -0.042195162081555965,
            -0.0437067946461793,
            -0.009946885350238466,
            -0.041744777573474126,
            -0.022460531770318187,
            0.26350121943116506,
            0.42893146037610386,
            -0.02513782113090399,
            -0.02329236917401092,
            0.010579693967577342,
            0.1216322862486979,
            1.353329125509159,
            -0.004749150367672539,
            0.001668352267066027,
            0.06266922650934394,
            0.15283722365033525,
            0.40757023275590243
        ],
        [
            -0.04640150130632109,
            -0.18225122997992754,
            0.011179392520235731,
            -0.11721088221565298,
            0.01502947555805587,
            -0.31351696504717697,
            -0.347202752553495,
            -0.008871653523899847,
            -0.3528806770837703,
            0.07741636237603527,
            -0.6076978059363753,
            -0.47298273944358915,
            -0.01451051152277516,
            -0.006221635697958416,
            -0.004749150367672539,
            -0.29160858761593533,
            -0.47805689068736545,
            0.12141565740782856,
            0.28439527543306553,
            -0.04906841061185577
        ],
        [
            -0.18488196918874206,
            -0.23137470663994808,
            0.03594874286596701,
            -0.1524952541064879,
            0.010593055596192495,
            -0.3952868089597256,
            -0.33417378892442007,
            -0.01044699461888407,
            -0.20670203864410952,
            0.05988460487564778,
            -0.5684628904047163,
            -0.37573887600814193,
            -0.09473713814826926,
            -0.07385535297304222,
            0.001668352267066027,
            -0.47805689068736545,
            -0.31943929031011664,
            0.09852150431240422,
            0.24114463792717422,
            -0.042154500290402075
        ],
        [
            0.013690527026995152,
            0.04320024198594832,
            -0.01586607581726318,
            0.0202713540061577,
            -0.002317863213721795,
            0.08191257750484948,
            0.07660399445927032,
            -0.047538188274900306,
            0.07812243022496643,
            -0.01906558052758968,
            0.025053907943904774,
            0.0911528235703286,
            0.28258505091555797,
            -0.36534733915353096,
            0.06266922650934394,
            0.12141565740782856,
            0.09852150431240422,
            1.43431115714953,
            -0.10579765172836533,
            0.01797824811317199
        ],
        [
            0.11529069437819758,
            0.1433444828961173,
            -0.01390858023756604,
            0.1557687410536271,
            -0.02019753241932502,
            0.27744567719550384,
            0.20348681839871885,
            -0.021344158881974717,
            0.08165113517861844,
            -0.0364021792831522,
            0.09519040951191227,
            0.23876197073748145,
            -0.3376563589280288,
            -0.44158584241815124,
            0.15283722365033525,
            0.28439527543306553,
            0.24114463792717422,
            -0.10579765172836533,
            1.2181133724985298,
            0.04515279663450112
        ],
        [
            -0.019704065730319825,
            -0.025600689622680403,
            0.0025172863541755154,
            -0.027147344440789437,
            -0.0098277789412652,
            -0.05175200523395598,
            -0.03571633158685662,
            0.004663516475718457,
            -0.018109214552872788,
            -0.038104906383590015,
            -0.019376898577872115,
            -0.04240307023195414,
            0.055400658368183406,
            0.14682201204553233,
            0.40757023275590243,
            -0.04906841061185577,
            -0.042154500290402075,
            0.01797824811317199,
            0.04515279663450112,
            1.4714209758310828
        ]
    ]
}