{
    "HF": -2.161891743743616,
    "coordinates": [
        [
            0.700662,
            0.054039,
            -0.145414
        ],
        [
            1.420591,
            0.022889,
            0.064189
        ],
        [
            2.186778,
            -0.198493,
            -0.142177
        ],
        [
            2.832597,
            -0.163477,
            0.160683
        ]
    ],
    "elements": [
        "H",
        "H",
        "H",
        "H"
    ],
    "Enn": 3.054664228401081,
    "S": [
        [
            0.9999999999999999,
            0.6848602514927513,
            0.0,
            0.0,
            0.0,
            0.5622898048241619,
            0.5624503732412943,
            -0.14943337817915703,
            -0.5132627992879031,
            0.022207934668305035,
            0.12318864228907331,
            0.30971071451482873,
            -0.000348860697767135,
            -0.16016294863234787,
            0.027216091976685584,
            0.016658582365359883,
            0.13362828955527975,
            -0.002898323081270001,
            -0.02018653047324006,
            0.002059581254783699
        ],
        [
            0.6848602514927513,
            1.0000000000000002,
            0.0,
            0.0,
            0.0,
            0.5624503732412943,
            0.8845422723287291,
            -0.046227450351365856,
            -0.15877865347351178,
            0.006870059486004718,
            0.30971071451482873,
            0.6095760766978713,
            -0.0003773403041337299,
            -0.17323801773803058,
            0.029437905988106167,
            0.13362828955527978,
            0.3603035336188391,
            -0.014499751962560757,
            -0.1009893226666774,
            0.010303688203047943
        ],
        [
            0.0,
            0.0,
            1.0000000000000004,
            0.0,
            0.0,
            0.14943337817915703,
            0.04622745035136584,
            0.4264816339676708,
            -0.18858820536807552,
            0.008159863816036788,
            0.000348860697767135,
            0.0003773403041337299,
            0.052355945103485714,
            -0.0006538910185998019,
            0.00011111407636351749,
            0.002898323081270001,
            0.014499751962560755,
            0.0017263692952379198,
            -0.0038649655652995005,
            0.0003943327774541374
        ],
        [
            0.0,
            0.0,
            0.0,
            1.0000000000000004,
            0.0,
            0.513262799287903,
            0.15877865347351175,
            -0.18858820536807547,
            -0.16636096970560554,
            0.028026901319234687,
            0.16016294863234784,
            0.1732380177380307,
            -0.0006538910185998138,
            -0.2478458759046291,
            0.051012791692631274,
            0.020186530473240056,
            0.10098932266667743,
            -0.0038649655652995022,
            -0.02463780896341143,
            0.0027464883677451486
        ],
        [
            0.0,
            0.0,
            0.0,
            0.0,
            1.0000000000000004,
            -0.022207934668305035,
            -0.00687005948600471,
            0.00815986381603679,
            0.028026901319234708,
            0.4801752838049056,
            -0.027216091976685577,
            -0.029437905988106153,
            0.00011111407636351953,
            0.05101279169263129,
            0.04368889241951195,
            -0.002059581254783698,
            -0.010303688203047941,
            0.0003943327774541374,
            0.002746488367745147,
            0.0020010724174452234
        ],
        [
            0.5622898048241619,
            0.5624503732412943,
            0.14943337817915703,
            0.513262799287903,
            -0.022207934668305042,
            0.9999999999999999,
            0.6848602514927513,
            0.0,
            0.0,
            0.0,
            0.5042313674728065,
            0.5402116349551183,
            0.12817043873421455,
            -0.47586581094972835,
            0.1374966228344683,
            0.15056873744440868,
            0.3361084607437352,
            -0.013288586397032575,
            -0.19445316521367517,
            0.025665229884442285
        ],
        [
            0.5624503732412943,
            0.8845422723287291,
            0.046227450351365856,
            0.15877865347351178,
            -0.006870059486004713,
            0.6848602514927513,
            1.0000000000000002,
            0.0,
            0.0,
            0.0,
            0.5402116349551183,
            0.8625765414282095,
            0.04359506613105061,
            -0.16185792685690129,
            0.04676721422242157,
            0.3361084607437351,
            0.641526355546864,
            -0.012276869092973368,
            -0.1796486084159941,
            0.02371122541692825
        ],
        [
            -0.14943337817915703,
            -0.04622745035136584,
            0.4264816339676708,
            -0.18858820536807547,
            0.00815986381603679,
            0.0,
            0.0,
            1.0000000000000004,
            0.0,
            0.0,
            -0.12817043873421452,
            -0.04359506613105061,
            0.3685805932345078,
            0.17010699469444346,
            -0.04915069911058957,
            0.01328858639703257,
            0.012276869092973368,
            0.0692724963696427,
            -0.025110598254706098,
            0.003314264779566488
        ],
        [
            -0.5132627992879029,
            -0.15877865347351175,
            -0.18858820536807552,
            -0.1663609697056057,
            0.028026901319234708,
            0.0,
            0.0,
            0.0,
            1.0000000000000004,
            0.0,
            0.47586581094972835,
            0.16185792685690129,
            0.17010699469444346,
            -0.21716861489614728,
            0.18248464717756455,
            0.19445316521367517,
            0.17964860841599428,
            -0.025110598254706098,
            -0.2964572935038379,
            0.048497955876391885
        ],
        [
            0.022207934668305035,
            0.006870059486004716,
            0.008159863816036788,
            0.028026901319234687,
            0.4801752838049056,
            0.0,
            0.0,
            0.0,
            0.0,
            1.0000000000000004,
            -0.13749662283446829,
            -0.046767214222421555,
            -0.04915069911058956,
            0.18248464717756452,
            0.36167037928628093,
            -0.025665229884442274,
            -0.02371122541692825,
            0.003314264779566487,
            0.048497955876391864,
            0.06458742564269818
        ],
        [
            0.12318864228907331,
            0.30971071451482873,
            0.000348860697767135,
            0.16016294863234784,
            -0.027216091976685584,
            0.5042313674728065,
            0.5402116349551183,
            -0.12817043873421455,
            0.47586581094972835,
            -0.1374966228344683,
            0.9999999999999999,
            0.6848602514927513,
            0.0,
            0.0,
            0.0,
            0.5916176674424553,
            0.5730001130714979,
            -0.2302443986578851,
            -0.49097341113661985,
            -0.026620345583452748
        ],
        [
            0.30971071451482873,
            0.6095760766978713,
            0.0003773403041337299,
            0.1732380177380307,
            -0.02943790598810616,
            0.5402116349551183,
            0.8625765414282095,
            -0.04359506613105061,
            0.16185792685690129,
            -0.04676721422242159,
            0.6848602514927513,
            1.0000000000000002,
            0.0,
            0.0,
            0.0,
            0.5730001130714979,
            0.8948466625489464,
            -0.068133203517055,
            -0.14528731876834475,
            -0.007877409543529031
        ],
        [
            -0.000348860697767135,
            -0.0003773403041337299,
            0.052355945103485714,
            -0.0006538910185998137,
            0.0001111140763635195,
            0.12817043873421452,
            0.04359506613105061,
            0.3685805932345078,
            0.17010699469444346,
            -0.04915069911058957,
            0.0,
            0.0,
            1.0000000000000004,
            0.0,
            0.0,
            0.230244398657885,
            0.06813320351705493,
            0.3929610812692882,
            -0.2619112373139588,
            -0.014200703116175885
        ],
        [
            -0.16016294863234787,
            -0.17323801773803077,
            -0.000653891018599802,
            -0.2478458759046291,
            0.05101279169263129,
            -0.47586581094972835,
            -0.16185792685690129,
            0.17010699469444346,
            -0.21716861489614728,
            0.18248464717756455,
            0.0,
            0.0,
            0.0,
            1.0000000000000004,
            0.0,
            0.49097341113661985,
            0.1452873187683447,
            -0.2619112373139594,
            -0.04271416738561576,
            -0.030281595079527185
        ],
        [
            0.027216091976685577,
            0.029437905988106167,
            0.00011111407636351751,
            0.05101279169263129,
            0.04368889241951195,
            0.13749662283446829,
            0.04676721422242157,
            -0.04915069911058956,
            0.18248464717756452,
            0.36167037928628093,
            0.0,
            0.0,
            0.0,
            0.0,
            1.0000000000000004,
            0.026620345583452748,
            0.007877409543528982,
            -0.014200703116175868,
            -0.03028159507952709,
            0.5141437919043127
        ],
        [
            0.016658582365359883,
            0.13362828955527975,
            0.002898323081270001,
            0.020186530473240056,
            -0.002059581254783699,
            0.15056873744440868,
            0.3361084607437352,
            0.013288586397032575,
            0.19445316521367517,
            -0.025665229884442285,
            0.5916176674424553,
            0.5730001130714979,
            0.2302443986578851,
            0.49097341113661985,
            0.026620345583452748,
            0.9999999999999999,
            0.6848602514927513,
            0.0,
            0.0,
            0.0
        ],
        [
            0.13362828955527978,
            0.3603035336188391,
            0.014499751962560757,
            0.10098932266667744,
            -0.010303688203047941,
            0.3361084607437351,
            0.641526355546864,
            0.012276869092973368,
            0.1796486084159943,
            -0.02371122541692826,
            0.5730001130714979,
            0.8948466625489464,
            0.068133203517055,
            0.14528731876834475,
            0.007877409543528984,
            0.6848602514927513,
            1.0000000000000002,
            0.0,
            0.0,
            0.0
        ],
        [
            -0.002898323081270001,
            -0.014499751962560755,
            0.0017263692952379198,
            -0.0038649655652995005,
            0.0003943327774541374,
            -0.01328858639703257,
            -0.012276869092973368,
            0.0692724963696427,
            -0.025110598254706098,
            0.003314264779566488,
            -0.230244398657885,
            -0.06813320351705493,
            0.3929610812692882,
            -0.2619112373139592,
            -0.014200703116175861,
            0.0,
            0.0,
            1.0000000000000004,
            0.0,
            0.0
        ],
        [
            -0.020186530473240052,
            -0.10098932266667739,
            -0.0038649655652995022,
            -0.02463780896341143,
            0.0027464883677451486,
            -0.19445316521367517,
            -0.17964860841599406,
            -0.025110598254706098,
            -0.2964572935038379,
            0.048497955876391885,
            -0.49097341113661974,
            -0.1452873187683447,
            -0.261911237313959,
            -0.04271416738561576,
            -0.03028159507952709,
            0.0,
            0.0,
            0.0,
            1.0000000000000004,
            0.0
        ],
        [
            0.002059581254783698,
            0.010303688203047941,
            0.0003943327774541374,
            0.002746488367745147,
            0.0020010724174452234,
            0.025665229884442274,
            0.023711225416928248,
            0.003314264779566487,
            0.048497955876391864,
            0.06458742564269818,
            -0.026620345583452748,
            -0.00787740954352903,
            -0.014200703116175892,
            -0.030281595079527185,
            0.5141437919043127,
            0.0,
            0.0,
            0.0,
            0.0,
            1.0000000000000004
        ]
    ],
    "h": [
        [
            -0.27745033362277716,
            -0.4732679789688121,
            -0.07836325581707401,
            -0.2890585179952447,
            0.015118902889974086,
            -0.5857629732354906,
            -0.466886693831839,
            0.022255540306063137,
            0.0190294295267619,
            0.006722496503845248,
            -0.24043434439436964,
            -0.3145233217898905,
            -0.02762367096037533,
            0.29698485848514034,
            -0.06249605537992447,
            -0.026874709010838084,
            -0.15847734783386952,
            0.010941602960872446,
            0.08338837673626584,
            -0.008790029963881814
        ],
        [
            -0.4732679789688121,
            -0.3151941949856376,
            -0.06266046153305893,
            -0.24309888874378402,
            0.014133956854231324,
            -0.5408050515772409,
            -0.36891126735536206,
            0.0857087407345205,
            0.11221233433382488,
            0.018424652649568763,
            -0.33020002209703286,
            -0.31145081885219206,
            -0.056969270766454944,
            0.16671976834323124,
            -0.054103246294211364,
            -0.15955037880825257,
            -0.21392411781010423,
            0.036798305165735345,
            0.12852733257693566,
            -0.004036893265195445
        ],
        [
            -0.07836325581707401,
            -0.06266046153305893,
            1.466818783830785,
            -0.07206454866826688,
            0.0030642371882918695,
            -0.005576497792585011,
            -0.055479807767083805,
            0.3425936042877943,
            -0.27098026118335405,
            0.012806396523413267,
            -0.030849893576957096,
            -0.0440307255689764,
            -0.05184582887858977,
            0.0455176115303831,
            -0.010891824918382365,
            -0.008724657935054147,
            -0.024146001698681356,
            -0.0048158279112477465,
            0.01695356533768053,
            -0.0017520018899982567
        ],
        [
            -0.2890585179952447,
            -0.24309888874378402,
            -0.07206454866826688,
            1.2167845523782699,
            0.0147737257480057,
            -0.06825261529657922,
            -0.23240560408835653,
            -0.24628093929270656,
            -0.5357459815061898,
            0.05523972906557676,
            -0.23152735966999755,
            -0.18415994575789268,
            -0.04155904722954505,
            0.14981719871752563,
            -0.05153891134734326,
            -0.0812128564094178,
            -0.12669871821384998,
            0.020252260819997883,
            0.1085961959053319,
            -0.009908510624526464
        ],
        [
            0.015118902889974086,
            0.014133956854231324,
            0.0030642371882918695,
            0.0147737257480057,
            1.4867441230606968,
            0.009271988275310533,
            0.015437242662819275,
            0.008556287413259877,
            0.04432136296130174,
            0.4152413519721221,
            0.02600051810349207,
            0.01217335943517564,
            0.003960464344597092,
            -0.013339356760967827,
            -0.04066039802724977,
            0.009798656316074714,
            0.010966681360819101,
            -0.00237570978473293,
            -0.011907848572854571,
            -0.006249744290782903
        ],
        [
            -0.5857629732354906,
            -0.5408050515772409,
            -0.005576497792585011,
            -0.06825261529657922,
            0.009271988275310533,
            -0.42956054679579214,
            -0.5940674024762997,
            0.12756031115509847,
            0.07393142239637257,
            0.04324129557132739,
            -0.5049946155252737,
            -0.5017219131001602,
            -0.03219764635866429,
            0.05993064143910021,
            -0.025248335141872247,
            -0.27588732136635685,
            -0.3498937061483684,
            0.059460027201708884,
            0.24255056200524244,
            -0.012116607705647521
        ],
        [
            -0.466886693831839,
            -0.36891126735536206,
            -0.055479807767083805,
            -0.23240560408835653,
            0.015437242662819275,
            -0.5940674024762997,
            -0.43432400638454616,
            0.10302509187457778,
            0.016631518108156856,
            0.04210935884644584,
            -0.5071045157500438,
            -0.41119550718329956,
            -0.09809534995896338,
            0.0995701104118013,
            -0.06220219351262084,
            -0.33944164250078224,
            -0.32377198683980835,
            0.07320161799613867,
            0.1929048514921664,
            0.002439428849337011
        ],
        [
            0.022255540306063137,
            0.0857087407345205,
            0.3425936042877943,
            -0.24628093929270656,
            0.008556287413259877,
            0.12756031115509847,
            0.10302509187457778,
            1.3768629606730565,
            -0.02732779109418101,
            -0.011028561085762672,
            0.016365426991948845,
            0.07296115098733934,
            0.2498415022802722,
            0.20224514830837442,
            -0.060227985063349115,
            0.024420020533277492,
            0.04977768984107389,
            -0.05557781050594962,
            -0.04617315077381691,
            0.0019735969461221773
        ],
        [
            0.0190294295267619,
            0.11221233433382488,
            -0.27098026118335405,
            -0.5357459815061898,
            0.04432136296130174,
            0.07393142239637257,
            0.016631518108156856,
            -0.02732779109418101,
            0.8928424947339351,
            0.07638155788191081,
            -0.08603165624005515,
            -0.11359631222299044,
            0.18310615166338995,
            -0.691235950358455,
            0.24915827701303167,
            -0.31707497404420093,
            -0.17440984025640793,
            0.07522853999709536,
            0.08470248489373366,
            0.014019738448749527
        ],
        [
            0.006722496503845248,
            0.018424652649568763,
            0.012806396523413267,
            0.05523972906557676,
            0.4152413519721221,
            0.04324129557132739,
            0.04210935884644584,
            -0.011028561085762672,
            0.07638155788191081,
            1.3947829076167184,
            0.021139700915169035,
            0.05091024473437297,
            -0.057226708241134766,
            0.259016675706653,
            0.23939436239701684,
            0.0635542966300865,
            0.051164234587802615,
            -0.017934773079470098,
            -0.04237079360007098,
            -0.04494939501761451
        ],
        [
            -0.24043434439436964,
            -0.33020002209703286,
            -0.030849893576957096,
            -0.23152735966999755,
            0.02600051810349207,
            -0.5049946155252737,
            -0.5071045157500438,
            0.016365426991948845,
            -0.08603165624005515,
            0.021139700915169035,
            -0.4550502980007387,
            -0.6000899816438672,
            -0.17755631175479705,
            -0.08550657414447754,
            -0.06849168697299537,
            -0.6179367480530166,
            -0.5568986522544559,
            0.012698349959998245,
            0.07623780475134834,
            -0.006527281809404928
        ],
        [
            -0.3145233217898905,
            -0.31145081885219206,
            -0.0440307255689764,
            -0.18415994575789268,
            0.01217335943517564,
            -0.5017219131001602,
            -0.41119550718329956,
            0.07296115098733934,
            -0.11359631222299044,
            0.05091024473437297,
            -0.6000899816438672,
            -0.4297595659886515,
            -0.13975298373393646,
            -0.021151359115173185,
            -0.06159226705842605,
            -0.48606686929246024,
            -0.3749866789489158,
            0.09226561920185133,
            0.23951350195019605,
            0.0037047388083981444
        ],
        [
            -0.02762367096037533,
            -0.056969270766454944,
            -0.05184582887858977,
            -0.04155904722954505,
            0.003960464344597092,
            -0.03219764635866429,
            -0.09809534995896338,
            0.2498415022802722,
            0.18310615166338995,
            -0.057226708241134766,
            -0.17755631175479705,
            -0.13975298373393646,
            1.3361260181089467,
            -0.06419016896589694,
            -0.02057396540547979,
            -0.02741685452142517,
            -0.12205200668008068,
            0.2927618857461084,
            -0.3495440965629234,
            -0.023231281036782188
        ],
        [
            0.29698485848514034,
            0.16671976834323124,
            0.0455176115303831,
            0.14981719871752563,
            -0.013339356760967827,
            0.05993064143910021,
            0.0995701104118013,
            0.20224514830837442,
            -0.691235950358455,
            0.259016675706653,
            -0.08550657414447754,
            -0.021151359115173185,
            -0.06419016896589694,
            0.9144141379029316,
            0.050462895470178126,
            -0.0030430568410025893,
            -0.10091368033360154,
            -0.38554414927042874,
            -0.38694939150603946,
            -0.03948634859320057
        ],
        [
            -0.06249605537992447,
            -0.054103246294211364,
            -0.010891824918382365,
            -0.05153891134734326,
            -0.04066039802724977,
            -0.025248335141872247,
            -0.06220219351262084,
            -0.060227985063349115,
            0.24915827701303167,
            0.23939436239701684,
            -0.06849168697299537,
            -0.06159226705842605,
            -0.02057396540547979,
            0.050462895470178126,
            1.385188461268547,
            -0.012069679152165218,
            -0.040161970180751336,
            -0.017378427326056718,
            -0.022837120289255178,
            0.4615832724447899
        ],
        [
            -0.026874709010838084,
            -0.15955037880825257,
            -0.008724657935054147,
            -0.0812128564094178,
            0.009798656316074714,
            -0.27588732136635685,
            -0.33944164250078224,
            0.024420020533277492,
            -0.31707497404420093,
            0.0635542966300865,
            -0.6179367480530166,
            -0.48606686929246024,
            -0.02741685452142517,
            -0.0030430568410025893,
            -0.012069679152165218,
            -0.3109917128570532,
            -0.4883272372537615,
            0.129774637026505,
            0.29646744878534603,
            0.011845001811182905
        ],
        [
            -0.15847734783386952,
            -0.21392411781010423,
            -0.024146001698681356,
            -0.12669871821384998,
            0.010966681360819101,
            -0.3498937061483684,
            -0.32377198683980835,
            0.04977768984107389,
            -0.17440984025640793,
            0.051164234587802615,
            -0.5568986522544559,
            -0.3749866789489158,
            -0.12205200668008068,
            -0.10091368033360154,
            -0.040161970180751336,
            -0.4883272372537615,
            -0.3236005985952064,
            0.10145381346961363,
            0.24506428446073364,
            0.0070819658984316285
        ],
        [
            0.010941602960872446,
            0.036798305165735345,
            -0.0048158279112477465,
            0.020252260819997883,
            -0.00237570978473293,
            0.059460027201708884,
            0.07320161799613867,
            -0.05557781050594962,
            0.07522853999709536,
            -0.017934773079470098,
            0.012698349959998245,
            0.09226561920185133,
            0.2927618857461084,
            -0.38554414927042874,
            -0.017378427326056718,
            0.129774637026505,
            0.10145381346961363,
            1.4181181605764437,
            -0.11240438129886958,
            -0.005768629692554032
        ],
        [
            0.08338837673626584,
            0.12852733257693566,
            0.01695356533768053,
            0.1085961959053319,
            -0.011907848572854571,
            0.24255056200524244,
            0.1929048514921664,
            -0.04617315077381691,
            0.08470248489373366,
            -0.04237079360007098,
            0.07623780475134834,
            0.23951350195019605,
            -0.3495440965629234,
            -0.38694939150603946,
            -0.022837120289255178,
            0.29646744878534603,
            0.24506428446073364,
            -0.11240438129886958,
            1.203634550196218,
            -0.008634445239148213
        ],
        [
            -0.008790029963881814,
            -0.004036893265195445,
            -0.0017520018899982567,
            -0.009908510624526464,
            -0.006249744290782903,
            -0.012116607705647521,
            0.002439428849337011,
            0.0019735969461221773,
            0.014019738448749527,
            -0.04494939501761451,
            -0.006527281809404928,
            0.0037047388083981444,
            -0.023231281036782188,
            -0.03948634859320057,
            0.4615832724447899,
            0.011845001811182905,
            0.0070819658984316285,
            -0.005768629692554032,
            -0.008634445239148213,
            1.4688490275665629
        ]
    ]
}