{
    "HF": -2.1330735974734134,
    "coordinates": [
        [
            0.837721,
            -0.100502,
            -0.045361
        ],
        [
            1.588143,
            -0.085344,
            -0.098143
        ],
        [
            2.304931,
            -0.135695,
            0.066869
        ],
        [
            2.963672,
            0.041969,
            0.087323
        ]
    ],
    "elements": [
        "H",
        "H",
        "H",
        "H"
    ],
    "Enn": 3.183366669548466,
    "S": [
        [
            0.9999999999999999,
            0.6848602514927513,
            0.0,
            0.0,
            0.0,
            0.5607144544746091,
            0.5618712950330145,
            0.03749689533232374,
            -0.5331077865384612,
            -0.010768404748728045,
            0.13483482092148774,
            0.3213500476184833,
            -0.013504848534138355,
            -0.17655215911764344,
            0.004234840367655095,
            0.01849447701794501,
            0.13973976143170524,
            -0.0014272263435491175,
            -0.022867966539255602,
            -0.0015325010128710802
        ],
        [
            0.6848602514927513,
            1.0000000000000002,
            0.0,
            0.0,
            0.0,
            0.5618712950330145,
            0.8839745414657857,
            0.011628153464734739,
            -0.16532193132721704,
            -0.003339387484719198,
            0.3213500476184833,
            0.6237859548706293,
            -0.013609389316606893,
            -0.1779188461126152,
            0.0042676221885355695,
            0.13973976143170524,
            0.3705383977205875,
            -0.006594066980688297,
            -0.10565451216168678,
            -0.007080456700172156
        ],
        [
            0.0,
            0.0,
            1.0000000000000004,
            0.0,
            0.0,
            -0.037496895332323726,
            -0.011628153464734715,
            0.4760812483136444,
            0.04931251830256509,
            0.0009960784097884678,
            0.013504848534138348,
            0.013609389316606884,
            0.05809982736525438,
            -0.02567716777013363,
            0.0006159013129233809,
            0.0014272263435491175,
            0.006594066980688298,
            0.0025724827298531103,
            -0.001974122216245121,
            -0.00013229616593734224
        ],
        [
            0.0,
            0.0,
            0.0,
            1.0000000000000004,
            0.0,
            0.533107786538461,
            0.16532193132721681,
            0.049312518302565056,
            -0.2215453294363079,
            -0.014161629957756081,
            0.1765521591176435,
            0.17791884611261505,
            -0.02567716777013365,
            -0.2756199113465313,
            0.008051827188223415,
            0.0228679665392556,
            0.10565451216168686,
            -0.001974122216245121,
            -0.02893500387867818,
            -0.002119736865565243
        ],
        [
            0.0,
            0.0,
            0.0,
            0.0,
            1.0000000000000004,
            0.010768404748728045,
            0.0033393874847191976,
            0.0009960784097884675,
            -0.014161629957756086,
            0.47926365948248856,
            -0.004234840367655094,
            -0.004267622188535569,
            0.0006159013129233809,
            0.00805182718822341,
            0.05987079442832438,
            0.0015325010128710796,
            0.007080456700172157,
            -0.0001322961659373422,
            -0.002119736865565242,
            0.002553636294148017
        ],
        [
            0.5607144544746091,
            0.5618712950330145,
            -0.03749689533232374,
            0.533107786538461,
            0.010768404748728045,
            0.9999999999999999,
            0.6848602514927513,
            0.0,
            0.0,
            0.0,
            0.572926854771534,
            0.5663268494194551,
            -0.12046302137270863,
            -0.5232737507799494,
            0.03675753029559822,
            0.16341520668993625,
            0.34744827197709727,
            -0.028235865067354256,
            -0.20941440070003517,
            -0.01938248891613597
        ],
        [
            0.5618712950330145,
            0.8839745414657857,
            -0.011628153464734729,
            0.16532193132721684,
            0.003339387484719198,
            0.6848602514927513,
            1.0000000000000002,
            0.0,
            0.0,
            0.0,
            0.5663268494194551,
            0.8883370745096268,
            -0.03666080842807794,
            -0.15924919128030143,
            0.011186509860871644,
            0.34744827197709727,
            0.6549574715837068,
            -0.02444908705804276,
            -0.18132934484952787,
            -0.016783057922317844
        ],
        [
            0.03749689533232374,
            0.011628153464734715,
            0.4760812483136444,
            0.04931251830256506,
            0.0009960784097884675,
            0.0,
            0.0,
            1.0000000000000004,
            0.0,
            0.0,
            0.1204630213727086,
            0.03666080842807788,
            0.45891727599168336,
            -0.15163958691789114,
            0.010651970793181169,
            0.02823586506735425,
            0.024449087058042766,
            0.07314510704655079,
            -0.05319576469281956,
            -0.0049235693252101115
        ],
        [
            -0.5331077865384609,
            -0.165321931327217,
            0.04931251830256508,
            -0.22154532943630803,
            -0.014161629957756086,
            0.0,
            0.0,
            0.0,
            1.0000000000000004,
            0.0,
            0.5232737507799494,
            0.15924919128030138,
            -0.15163958691789117,
            -0.16487391797136522,
            0.04627060359793676,
            0.20941440070003517,
            0.1813293448495276,
            -0.05319576469281956,
            -0.3142146187198291,
            -0.03651619375161451
        ],
        [
            -0.010768404748728045,
            -0.0033393874847191976,
            0.0009960784097884675,
            -0.014161629957756081,
            0.47926365948248856,
            0.0,
            0.0,
            0.0,
            0.0,
            1.0000000000000004,
            -0.03675753029559822,
            -0.01118650986087164,
            0.01065197079318117,
            0.04627060359793676,
            0.4905759817104389,
            0.01938248891613596,
            0.016783057922317834,
            -0.004923569325210111,
            -0.0365161937516145,
            0.07693784389137134
        ],
        [
            0.13483482092148774,
            0.3213500476184833,
            0.013504848534138355,
            0.1765521591176435,
            -0.004234840367655095,
            0.572926854771534,
            0.5663268494194551,
            0.12046302137270863,
            0.5232737507799494,
            -0.03675753029559822,
            0.9999999999999999,
            0.6848602514927513,
            0.0,
            0.0,
            0.0,
            0.6173267028901569,
            0.5819029621473334,
            -0.016406740256083123,
            -0.528395056371978,
            -0.14250939184789047
        ],
        [
            0.3213500476184833,
            0.6237859548706293,
            0.013609389316606893,
            0.1779188461126151,
            -0.0042676221885355695,
            0.5663268494194551,
            0.8883370745096268,
            0.03666080842807794,
            0.15924919128030143,
            -0.011186509860871644,
            0.6848602514927513,
            1.0000000000000002,
            0.0,
            0.0,
            0.0,
            0.5819029621473334,
            0.9034864002461085,
            -0.004677801947774993,
            -0.1506531696919553,
            -0.04063151487481654
        ],
        [
            -0.013504848534138348,
            -0.013609389316606884,
            0.05809982736525438,
            -0.025677167770133635,
            0.0006159013129233809,
            -0.1204630213727086,
            -0.03666080842807788,
            0.45891727599168336,
            -0.15163958691789114,
            0.010651970793181169,
            0.0,
            0.0,
            1.0000000000000004,
            0.0,
            0.0,
            0.016406740256083123,
            0.004677801947774992,
            0.545587291005215,
            -0.019105627256045834,
            -0.005152832692694288
        ],
        [
            -0.17655215911764344,
            -0.17791884611261516,
            -0.025677167770133645,
            -0.2756199113465314,
            0.008051827188223414,
            -0.5232737507799494,
            -0.15924919128030138,
            -0.15163958691789117,
            -0.16487391797136522,
            0.04627060359793676,
            0.0,
            0.0,
            0.0,
            1.0000000000000004,
            0.0,
            0.528395056371978,
            0.15065316969195527,
            -0.019105627256045806,
            -0.06913481855308214,
            -0.16595199769326902
        ],
        [
            0.004234840367655094,
            0.004267622188535569,
            0.0006159013129233809,
            0.008051827188223412,
            0.05987079442832438,
            0.03675753029559822,
            0.01118650986087164,
            0.01065197079318117,
            0.04627060359793676,
            0.4905759817104389,
            0.0,
            0.0,
            0.0,
            0.0,
            1.0000000000000004,
            0.1425093918478904,
            0.0406315148748165,
            -0.005152832692694281,
            -0.16595199769326902,
            0.5014228785604427
        ],
        [
            0.01849447701794501,
            0.13973976143170524,
            0.0014272263435491175,
            0.0228679665392556,
            0.0015325010128710802,
            0.16341520668993625,
            0.34744827197709727,
            0.028235865067354256,
            0.20941440070003517,
            0.01938248891613597,
            0.6173267028901569,
            0.5819029621473334,
            0.016406740256083123,
            0.528395056371978,
            0.14250939184789047,
            0.9999999999999999,
            0.6848602514927513,
            0.0,
            0.0,
            0.0
        ],
        [
            0.13973976143170524,
            0.3705383977205875,
            0.0065940669806882945,
            0.10565451216168682,
            0.0070804567001721535,
            0.34744827197709727,
            0.6549574715837068,
            0.02444908705804276,
            0.18132934484952765,
            0.016783057922317837,
            0.5819029621473334,
            0.9034864002461085,
            0.004677801947774993,
            0.1506531696919553,
            0.040631514874816525,
            0.6848602514927513,
            1.0000000000000002,
            0.0,
            0.0,
            0.0
        ],
        [
            -0.0014272263435491175,
            -0.0065940669806883005,
            0.0025724827298531103,
            -0.001974122216245121,
            -0.00013229616593734224,
            -0.02823586506735425,
            -0.02444908705804276,
            0.07314510704655079,
            -0.05319576469281956,
            -0.0049235693252101115,
            -0.016406740256083123,
            -0.004677801947774992,
            0.545587291005215,
            -0.019105627256045806,
            -0.00515283269269428,
            0.0,
            0.0,
            1.0000000000000004,
            0.0,
            0.0
        ],
        [
            -0.022867966539255602,
            -0.10565451216168682,
            -0.001974122216245121,
            -0.02893500387867818,
            -0.002119736865565243,
            -0.20941440070003517,
            -0.1813293448495278,
            -0.05319576469281956,
            -0.3142146187198291,
            -0.03651619375161451,
            -0.528395056371978,
            -0.15065316969195527,
            -0.019105627256045834,
            -0.06913481855308214,
            -0.16595199769326902,
            0.0,
            0.0,
            0.0,
            1.0000000000000004,
            0.0
        ],
        [
            -0.0015325010128710796,
            -0.007080456700172156,
            -0.0001322961659373422,
            -0.002119736865565242,
            0.002553636294148017,
            -0.01938248891613596,
            -0.016783057922317827,
            -0.004923569325210111,
            -0.0365161937516145,
            0.07693784389137134,
            -0.1425093918478904,
            -0.040631514874816504,
            -0.005152832692694289,
            -0.16595199769326902,
            0.5014228785604427,
            0.0,
            0.0,
            0.0,
            0.0,
            1.0000000000000004
        ]
    ],
    "h": [
        [
            -0.27530113784662436,
            -0.47117011052950963,
            0.018672876541211626,
            -0.2987655281285894,
            -0.004225953122297827,
            -0.5872323414452835,
            -0.4638670664805744,
            -0.009639513525108334,
            0.01813757200370092,
            0.006447660825603595,
            -0.2662351607003772,
            -0.3235990662565724,
            0.04839188758011621,
            0.3308543638627548,
            -0.008958533348027528,
            -0.029275196168577433,
            -0.16184313639239578,
            0.008404196763417606,
            0.09262334141152145,
            0.008393826291491682
        ],
        [
            -0.47117011052950963,
            -0.3132756662240068,
            0.013966093855934067,
            -0.252168232418815,
            -0.003077287530715075,
            -0.5500605053423149,
            -0.36835085955951086,
            -0.03999908086324173,
            0.10540759843064071,
            0.012400755692549687,
            -0.3561568187422313,
            -0.3172431245662305,
            0.04365543787211461,
            0.19288630918735264,
            -0.02346660990766887,
            -0.16514767445785206,
            -0.2157566954528891,
            0.009939772699788938,
            0.14121897318976656,
            0.025751573706400143
        ],
        [
            0.018672876541211626,
            0.013966093855934067,
            1.4863462724283962,
            0.016936716036543144,
            0.0004406147364650262,
            -0.002453768460855689,
            0.01070513573388537,
            0.40931160019835255,
            0.06784471142705559,
            0.0014966159253214399,
            -0.0017936313851360797,
            0.008862518934244293,
            -0.04827590387412255,
            -0.013115533914768253,
            0.00013461539066477162,
            -0.0047772437546552485,
            0.0016137872211662505,
            -0.007858723869420268,
            0.005221617103900857,
            0.0006225534291964791
        ],
        [
            -0.2987655281285894,
            -0.252168232418815,
            0.016936716036543144,
            1.1949655556716814,
            -0.004387973060234632,
            -0.08014430859533195,
            -0.24260918349894156,
            0.05272338888164878,
            -0.620658982150901,
            -0.01442021628669364,
            -0.26182732758117866,
            -0.1990232977360218,
            0.043993202652095525,
            0.16390898611993432,
            -0.014847664029420473,
            -0.09037553655718833,
            -0.13510526118763702,
            0.009764811644829986,
            0.12480590884843326,
            0.013852186410575746
        ],
        [
            -0.004225953122297827,
            -0.003077287530715075,
            0.0004406147364650262,
            -0.004387973060234632,
            1.4877162073074983,
            0.0016090290650549385,
            -0.0023759514230867022,
            0.0016391068683115698,
            -0.02046161691982121,
            0.41454421104419037,
            0.00018060250003532497,
            -0.0024065489557691068,
            0.0003558997768757698,
            0.002857040024296882,
            -0.04679526756499672,
            -0.002517576277221307,
            -0.0017726140567083486,
            0.00040216025743451553,
            0.005452700520979594,
            -0.007701326592887316
        ],
        [
            -0.5872323414452835,
            -0.5500605053423149,
            -0.002453768460855689,
            -0.08014430859533195,
            0.0016090290650549385,
            -0.4752634530655915,
            -0.6157379071988349,
            -0.0749951756165674,
            0.028714333082555582,
            0.021536502668701114,
            -0.5652454286634851,
            -0.5355777791784625,
            0.010002644939234279,
            0.043207124485324044,
            -0.01890934665280747,
            -0.3094179379091636,
            -0.37599863621636836,
            0.023389400673934614,
            0.2804833648512064,
            0.04948390304196835
        ],
        [
            -0.4638670664805744,
            -0.36835085955951086,
            0.01070513573388537,
            -0.24260918349894156,
            -0.0023759514230867022,
            -0.6157379071988349,
            -0.4393509887487532,
            -0.06317527844187243,
            -0.008952724483228883,
            0.015473982683441894,
            -0.5447870475723545,
            -0.41835671728835777,
            0.04570951625706048,
            0.12154007403768019,
            -0.04899380483587345,
            -0.3537149658459654,
            -0.3290711984001622,
            0.011711646040222748,
            0.21702600394269078,
            0.050123917495302726
        ],
        [
            -0.009639513525108334,
            -0.03999908086324173,
            0.40931160019835255,
            0.05272338888164878,
            0.0016391068683115698,
            -0.0749951756165674,
            -0.06317527844187243,
            1.3811948081849932,
            -0.04799757425204156,
            0.0039003158262228012,
            -0.02207179375578569,
            -0.061369026273632055,
            0.37186546170494283,
            -0.22210225245068954,
            0.010290937704191254,
            -0.06072873872651854,
            -0.052506942067036086,
            -0.043692032484530574,
            0.04140600048453036,
            0.011086087341783329
        ],
        [
            0.01813757200370092,
            0.10540759843064071,
            0.06784471142705559,
            -0.620658982150901,
            -0.02046161691982121,
            0.028714333082555582,
            -0.008952724483228883,
            -0.04799757425204156,
            0.7856549377316826,
            0.006976998998530465,
            -0.07592957093560959,
            -0.1389772069208966,
            -0.22696535594804856,
            -0.7093124791620193,
            0.035933912742075316,
            -0.3580549383655549,
            -0.20244320092375734,
            -0.0010557877518803938,
            0.10816635385454143,
            0.05310065327782348
        ],
        [
            0.006447660825603595,
            0.012400755692549687,
            0.0014966159253214399,
            -0.01442021628669364,
            0.41454421104419037,
            0.021536502668701114,
            0.015473982683441894,
            0.0039003158262228012,
            0.006976998998530465,
            1.3952558190563735,
            -0.005770307880910874,
            0.0107426356354724,
            0.014881687630479739,
            0.0593886207154818,
            0.41473257446377787,
            -0.002813408718613658,
            0.00828150916615029,
            -0.002195902299819901,
            -0.018318202297813974,
            -0.047207813119973324
        ],
        [
            -0.2662351607003772,
            -0.3561568187422313,
            -0.0017936313851360797,
            -0.26182732758117866,
            0.00018060250003532497,
            -0.5652454286634851,
            -0.5447870475723545,
            -0.02207179375578569,
            -0.07592957093560959,
            -0.005770307880910874,
            -0.5246497745439345,
            -0.6313777403664976,
            0.04573795029941672,
            -0.06449626011279833,
            -0.09845947604082017,
            -0.6399822289844916,
            -0.5771099568003175,
            0.010472985731121286,
            0.08492540670798854,
            0.011172645613131693
        ],
        [
            -0.3235990662565724,
            -0.3172431245662305,
            0.008862518934244293,
            -0.1990232977360218,
            -0.0024065489557691068,
            -0.5355777791784625,
            -0.41835671728835777,
            -0.061369026273632055,
            -0.1389772069208966,
            0.0107426356354724,
            -0.6313777403664976,
            -0.43734111888926197,
            0.03978084717344635,
            -0.005275284958625254,
            -0.07341354835764291,
            -0.4924361885389923,
            -0.374281106830352,
            0.014301027980907313,
            0.2622222810313154,
            0.06136678783155429
        ],
        [
            0.04839188758011621,
            0.04365543787211461,
            -0.04827590387412255,
            0.043993202652095525,
            0.0003558997768757698,
            0.010002644939234279,
            0.04570951625706048,
            0.37186546170494283,
            -0.22696535594804856,
            0.014881687630479739,
            0.04573795029941672,
            0.03978084717344635,
            1.3676282793443797,
            -0.07277800887052063,
            0.0015771621996950268,
            0.010973937714685075,
            0.020897889378341406,
            0.5089170470319776,
            -0.04682975215638218,
            -0.010076148982721009
        ],
        [
            0.3308543638627548,
            0.19288630918735264,
            -0.013115533914768253,
            0.16390898611993432,
            0.002857040024296882,
            0.043207124485324044,
            0.12154007403768019,
            -0.22210225245068954,
            -0.7093124791620193,
            0.0593886207154818,
            -0.06449626011279833,
            -0.005275284958625254,
            -0.07277800887052063,
            0.7749882661285326,
            -0.06108159990477452,
            0.007367491359042466,
            -0.10206389439309044,
            -0.033889062713476886,
            -0.4511181152955782,
            -0.25094411880746703
        ],
        [
            -0.008958533348027528,
            -0.02346660990766887,
            0.00013461539066477162,
            -0.014847664029420473,
            -0.04679526756499672,
            -0.01890934665280747,
            -0.04899380483587345,
            0.010290937704191254,
            0.035933912742075316,
            0.41473257446377787,
            -0.09845947604082017,
            -0.07341354835764291,
            0.0015771621996950268,
            -0.06108159990477452,
            1.3597592654306023,
            -0.010588074857738106,
            -0.06745713548850495,
            -0.005957538415039872,
            -0.23158772126360316,
            0.4475222666779489
        ],
        [
            -0.029275196168577433,
            -0.16514767445785206,
            -0.0047772437546552485,
            -0.09037553655718833,
            -0.002517576277221307,
            -0.3094179379091636,
            -0.3537149658459654,
            -0.06072873872651854,
            -0.3580549383655549,
            -0.002813408718613658,
            -0.6399822289844916,
            -0.4924361885389923,
            0.010973937714685075,
            0.007367491359042466,
            -0.010588074857738106,
            -0.3319630773169633,
            -0.49450441583268556,
            0.013504532549275208,
            0.3301683634955038,
            0.08573906267381912
        ],
        [
            -0.16184313639239578,
            -0.2157566954528891,
            0.0016137872211662505,
            -0.13510526118763702,
            -0.0017726140567083486,
            -0.37599863621636836,
            -0.3290711984001622,
            -0.052506942067036086,
            -0.20244320092375734,
            0.00828150916615029,
            -0.5771099568003175,
            -0.374281106830352,
            0.020897889378341406,
            -0.10206389439309044,
            -0.06745713548850495,
            -0.49450441583268556,
            -0.32177589392457895,
            0.01254032830935049,
            0.26599541927962245,
            0.06610175003960772
        ],
        [
            0.008404196763417606,
            0.009939772699788938,
            -0.007858723869420268,
            0.009764811644829986,
            0.00040216025743451553,
            0.023389400673934614,
            0.011711646040222748,
            -0.043692032484530574,
            -0.0010557877518803938,
            -0.002195902299819901,
            0.010472985731121286,
            0.014301027980907313,
            0.5089170470319776,
            -0.033889062713476886,
            -0.005957538415039872,
            0.013504532549275208,
            0.01254032830935049,
            1.462778129135122,
            -0.013709402950518647,
            -0.002842207331745802
        ],
        [
            0.09262334141152145,
            0.14121897318976656,
            0.005221617103900857,
            0.12480590884843326,
            0.005452700520979594,
            0.2804833648512064,
            0.21702600394269078,
            0.04140600048453036,
            0.10816635385454143,
            -0.018318202297813974,
            0.08492540670798854,
            0.2622222810313154,
            -0.04682975215638218,
            -0.4511181152955782,
            -0.23158772126360316,
            0.3301683634955038,
            0.26599541927962245,
            -0.013709402950518647,
            1.148817339467045,
            -0.07900173029586408
        ],
        [
            0.008393826291491682,
            0.025751573706400143,
            0.0006225534291964791,
            0.013852186410575746,
            -0.007701326592887316,
            0.04948390304196835,
            0.050123917495302726,
            0.011086087341783329,
            0.05310065327782348,
            -0.047207813119973324,
            0.011172645613131693,
            0.06136678783155429,
            -0.010076148982721009,
            -0.25094411880746703,
            0.4475222666779489,
            0.08573906267381912,
            0.06610175003960772,
            -0.002842207331745802,
            -0.07900173029586408,
            1.442944561528083
        ]
    ]
}