{
    "HF": -2.1423127687486865,
    "coordinates": [
        [
            0.704136,
            0.000418,
            -0.102436
        ],
        [
            1.478856,
            -0.059431,
            -0.127981
        ],
        [
            2.172128,
            -0.131463,
            0.120018
        ],
        [
            2.935875,
            -0.000923,
            -0.020963
        ]
    ],
    "elements": [
        "H",
        "H",
        "H",
        "H"
    ],
    "Enn": 3.0217735518110365,
    "S": [
        [
            0.9999999999999999,
            0.6848602514927513,
            0.0,
            0.0,
            0.0,
            0.5407144533903794,
            0.554405122427312,
            0.017332522591566188,
            -0.5256548014146856,
            0.040608109006954135,
            0.128606138441005,
            0.3152073623508246,
            -0.02526665898780071,
            -0.16673673326089677,
            0.01497924179367485,
            0.013048205408452642,
            0.12034383773961733,
            -0.0005724513561475116,
            -0.01568080243905701,
            9.422229064767631e-06
        ],
        [
            0.6848602514927513,
            1.0000000000000002,
            0.0,
            0.0,
            0.0,
            0.554405122427312,
            0.8766346120347689,
            0.005547907836088515,
            -0.16825504634075136,
            0.012998110631515424,
            0.3152073623508245,
            0.6163114225287596,
            -0.02642431725072153,
            -0.17437621409154785,
            0.0156655550511225,
            0.12034383773961731,
            0.33742636655557484,
            -0.003449244599070627,
            -0.0944830028633448,
            5.6772636423768724e-05
        ],
        [
            0.0,
            0.0,
            1.0000000000000004,
            0.0,
            0.0,
            -0.017332522591566188,
            -0.005547907836088514,
            0.455531917604816,
            0.02344433951892696,
            -0.0018111321198216901,
            0.0252666589878007,
            0.026424317250721516,
            0.048718822912952015,
            -0.04739277072357728,
            0.004257656714611589,
            0.000572451356147512,
            0.003449244599070629,
            0.0015165670167472597,
            -0.0007284508830932738,
            4.377091739796097e-07
        ],
        [
            0.0,
            0.0,
            0.0,
            1.0000000000000004,
            0.0,
            0.5256548014146853,
            0.1682550463407513,
            0.02344433951892699,
            -0.25470693672126465,
            0.05492739384882596,
            0.16673673326089677,
            0.17437621409154785,
            -0.04739277072357728,
            -0.25684819474602466,
            0.028096622204123525,
            0.015680802439057014,
            0.09448300286334467,
            -0.0007284508830932736,
            -0.018410839826028404,
            1.1989894004493268e-05
        ],
        [
            0.0,
            0.0,
            0.0,
            0.0,
            1.0000000000000004,
            -0.040608109006954135,
            -0.012998110631515418,
            -0.001811132119821692,
            0.05492739384882595,
            0.45206167810996956,
            -0.014979241793674847,
            -0.0156655550511225,
            0.004257656714611589,
            0.028096622204123525,
            0.05337641013797822,
            -9.422229064767638e-06,
            -5.6772636423768745e-05,
            4.377091739796097e-07,
            1.1989894004493271e-05,
            0.001543153011055016
        ],
        [
            0.5407144533903794,
            0.554405122427312,
            -0.017332522591566188,
            0.5256548014146856,
            -0.040608109006954135,
            0.9999999999999999,
            0.6848602514927513,
            0.0,
            0.0,
            0.0,
            0.5708687518634421,
            0.5655813373032649,
            -0.18022414999464645,
            -0.5038099222782696,
            0.05234660612508264,
            0.13819475564156256,
            0.32458957267375815,
            -0.013270720156435049,
            -0.18067700210813908,
            -0.0072552588808677205
        ],
        [
            0.554405122427312,
            0.8766346120347689,
            -0.005547907836088515,
            0.16825504634075136,
            -0.012998110631515429,
            0.6848602514927513,
            1.0000000000000002,
            0.0,
            0.0,
            0.0,
            0.5655813373032649,
            0.8876080393573056,
            -0.055020659595887124,
            -0.15380821180472454,
            0.01598090376175285,
            0.32458957267375815,
            0.6277060489986944,
            -0.013117347442285522,
            -0.1785888771329255,
            -0.007171408213134625
        ],
        [
            0.017332522591566188,
            0.005547907836088514,
            0.455531917604816,
            0.02344433951892699,
            -0.0018111321198216925,
            0.0,
            0.0,
            1.0000000000000004,
            0.0,
            0.0,
            0.18022414999464642,
            0.0550206595958871,
            0.412950182869095,
            -0.2193487573235738,
            0.022790664685046657,
            0.013270720156435049,
            0.01311734744228552,
            0.060494738331787944,
            -0.025239500110980813,
            -0.0010135164143317728
        ],
        [
            -0.5256548014146851,
            -0.1682550463407513,
            0.02344433951892696,
            -0.25470693672126465,
            0.05492739384882596,
            0.0,
            0.0,
            0.0,
            1.0000000000000004,
            0.0,
            0.5038099222782693,
            0.15380821180472448,
            -0.2193487573235738,
            -0.12176513903456068,
            0.06371045724995532,
            0.18067700210813908,
            0.17858887713292523,
            -0.025239500110980813,
            -0.2812798875274438,
            -0.013798731731982141
        ],
        [
            0.040608109006954135,
            0.012998110631515418,
            -0.0018111321198216897,
            0.05492739384882595,
            0.45206167810996956,
            0.0,
            0.0,
            0.0,
            0.0,
            1.0000000000000004,
            -0.05234660612508264,
            -0.01598090376175282,
            0.022790664685046664,
            0.06371045724995533,
            0.4847965589103317,
            0.007255258880867719,
            0.007171408213134624,
            -0.001013516414331773,
            -0.013798731731982145,
            0.061794477474998936
        ],
        [
            0.128606138441005,
            0.3152073623508246,
            0.02526665898780071,
            0.16673673326089677,
            -0.01497924179367485,
            0.5708687518634421,
            0.5655813373032649,
            0.18022414999464645,
            0.5038099222782696,
            -0.05234660612508266,
            0.9999999999999999,
            0.6848602514927513,
            0.0,
            0.0,
            0.0,
            0.5327000591061974,
            0.5513522631911557,
            0.09386612696471314,
            -0.5085080462680701,
            -0.08691443679626087
        ],
        [
            0.3152073623508245,
            0.6163114225287596,
            0.02642431725072153,
            0.17437621409154785,
            -0.015665555051122503,
            0.5655813373032649,
            0.8876080393573056,
            0.055020659595887124,
            0.15380821180472454,
            -0.01598090376175283,
            0.6848602514927513,
            1.0000000000000002,
            0.0,
            0.0,
            0.0,
            0.5513522631911557,
            0.8736225497428791,
            0.03043854967109065,
            -0.16489704992620624,
            -0.028184282095205522
        ],
        [
            -0.0252666589878007,
            -0.026424317250721516,
            0.048718822912952015,
            -0.04739277072357728,
            0.004257656714611589,
            -0.18022414999464642,
            -0.0550206595958871,
            0.412950182869095,
            -0.2193487573235738,
            0.022790664685046664,
            0.0,
            0.0,
            1.0000000000000004,
            0.0,
            0.0,
            -0.09386612696471312,
            -0.030438549671090612,
            0.4239738997801853,
            0.12496546868077565,
            0.02135915726227199
        ],
        [
            -0.16673673326089677,
            -0.17437621409154785,
            -0.04739277072357728,
            -0.25684819474602466,
            0.028096622204123525,
            -0.5038099222782693,
            -0.15380821180472448,
            -0.2193487573235738,
            -0.12176513903456068,
            0.06371045724995533,
            0.0,
            0.0,
            0.0,
            1.0000000000000004,
            0.0,
            0.50850804626807,
            0.16489704992620619,
            0.1249654686807755,
            -0.22994342510125462,
            -0.11571057292534763
        ],
        [
            0.014979241793674847,
            0.0156655550511225,
            0.004257656714611589,
            0.028096622204123525,
            0.05337641013797822,
            0.05234660612508264,
            0.01598090376175282,
            0.022790664685046657,
            0.06371045724995532,
            0.4847965589103317,
            0.0,
            0.0,
            0.0,
            0.0,
            1.0000000000000004,
            0.08691443679626087,
            0.028184282095205522,
            0.02135915726227199,
            -0.11571057292534777,
            0.4272641235721079
        ],
        [
            0.013048205408452642,
            0.12034383773961733,
            0.0005724513561475115,
            0.01568080243905701,
            -9.422229064767631e-06,
            0.13819475564156256,
            0.32458957267375815,
            0.013270720156435049,
            0.18067700210813917,
            0.007255258880867721,
            0.5327000591061974,
            0.5513522631911557,
            -0.09386612696471314,
            0.5085080462680701,
            0.08691443679626087,
            0.9999999999999999,
            0.6848602514927513,
            0.0,
            0.0,
            0.0
        ],
        [
            0.12034383773961731,
            0.33742636655557484,
            0.003449244599070628,
            0.09448300286334473,
            -5.677263642376871e-05,
            0.32458957267375815,
            0.6277060489986944,
            0.013117347442285526,
            0.17858887713292532,
            0.007171408213134627,
            0.5513522631911557,
            0.8736225497428791,
            -0.030438549671090644,
            0.16489704992620624,
            0.02818428209520553,
            0.6848602514927513,
            1.0000000000000002,
            0.0,
            0.0,
            0.0
        ],
        [
            -0.000572451356147512,
            -0.0034492445990706275,
            0.0015165670167472597,
            -0.0007284508830932738,
            4.377091739796097e-07,
            -0.013270720156435049,
            -0.013117347442285517,
            0.060494738331787944,
            -0.025239500110980813,
            -0.0010135164143317728,
            0.09386612696471312,
            0.03043854967109062,
            0.4239738997801853,
            0.1249654686807755,
            0.02135915726227199,
            0.0,
            0.0,
            1.0000000000000004,
            0.0,
            0.0
        ],
        [
            -0.015680802439057014,
            -0.09448300286334467,
            -0.0007284508830932736,
            -0.018410839826028404,
            1.1989894004493268e-05,
            -0.18067700210813908,
            -0.17858887713292543,
            -0.025239500110980813,
            -0.2812798875274438,
            -0.013798731731982141,
            -0.5085080462680701,
            -0.16489704992620619,
            0.12496546868077565,
            -0.22994342510125462,
            -0.11571057292534777,
            0.0,
            0.0,
            0.0,
            1.0000000000000004,
            0.0
        ],
        [
            9.422229064767638e-06,
            5.677263642376874e-05,
            4.377091739796097e-07,
            1.1989894004493271e-05,
            0.001543153011055016,
            -0.007255258880867719,
            -0.007171408213134622,
            -0.001013516414331773,
            -0.013798731731982145,
            0.061794477474998936,
            -0.08691443679626087,
            -0.028184282095205525,
            0.02135915726227199,
            -0.11571057292534763,
            0.4272641235721079,
            0.0,
            0.0,
            0.0,
            0.0,
            1.0000000000000004
        ]
    ],
    "h": [
        [
            -0.26253391025984585,
            -0.4656791821987881,
            0.005321891665893866,
            -0.28410694304472717,
            0.023194605444978464,
            -0.5742916402072422,
            -0.4569072982523561,
            -0.0156821424096016,
            0.026826214051569486,
            0.002204247363497447,
            -0.2612772248211126,
            -0.31750964178694235,
            0.06999561485018621,
            0.31673553349169437,
            -0.02450798590922095,
            -0.013618056541316127,
            -0.14049276023833696,
            0.0027044856912807292,
            0.0725222398773569,
            0.002079171200464044
        ],
        [
            -0.4656791821987881,
            -0.31351309566132235,
            0.002481315592467795,
            -0.24467102101561594,
            0.020102767993762375,
            -0.5433711683690285,
            -0.3686860873211788,
            -0.04495822135217984,
            0.10613922390507921,
            -0.004553623613882958,
            -0.34793125391914215,
            -0.3152805815441637,
            0.07297949834092629,
            0.19130951396695278,
            -0.02671557881981612,
            -0.13967247474393027,
            -0.20053320530976532,
            -0.008648588434191957,
            0.1233166865577994,
            0.012861475507749779
        ],
        [
            0.005321891665893866,
            0.002481315592467795,
            1.4837994793986802,
            0.0043625067926710785,
            -0.00024876458233785004,
            -0.007899776847064856,
            -0.0007596397629545506,
            0.37443825587038404,
            0.029315213085057655,
            -0.0021974359728767455,
            -0.01590783772427709,
            -0.00019897315389506842,
            -0.04561184391879301,
            -0.0010103535898441235,
            -0.0002987027778423128,
            -0.005593816274777445,
            -0.003916704697821926,
            -0.005327311923726085,
            0.004748819581941605,
            0.00034237314199038563
        ],
        [
            -0.28410694304472717,
            -0.24467102101561594,
            0.0043625067926710785,
            1.205933507637886,
            0.02224002684608611,
            -0.0868365856779203,
            -0.2359087986719764,
            0.0088875968671005,
            -0.6446379121145377,
            0.08121409395538336,
            -0.2556771630935802,
            -0.19476118288552546,
            0.06725307172613318,
            0.1663451828756416,
            -0.02227910024189006,
            -0.07173483828038663,
            -0.12457375678685595,
            0.000564909877572687,
            0.09781560946771228,
            0.003970960994187655
        ],
        [
            0.023194605444978464,
            0.020102767993762375,
            -0.00024876458233785004,
            0.02224002684608611,
            1.4829456585157965,
            0.008174121919833716,
            0.01941637957929419,
            -0.0005003889532217828,
            0.07844111819331558,
            0.3715768750256523,
            0.021016841589954798,
            0.01565215781803847,
            -0.005472513292524062,
            -0.01761147682789558,
            -0.045008377633348126,
            0.0031419518489127626,
            0.008735333259968323,
            8.878150293972047e-05,
            -0.0034294098232267732,
            -0.005321601302112571
        ],
        [
            -0.5742916402072422,
            -0.5433711683690285,
            -0.007899776847064856,
            -0.0868365856779203,
            0.008174121919833716,
            -0.4667236833968058,
            -0.6126252407230547,
            -0.09220577443466155,
            0.025173561512173315,
            0.003913218002023201,
            -0.5591036635692496,
            -0.5339034784707165,
            0.0288147323234208,
            0.04913152489734529,
            -0.01700001302424746,
            -0.27059441674885354,
            -0.3550602981182994,
            -0.012228775283229819,
            0.25681790118115333,
            0.0257854290045417
        ],
        [
            -0.4569072982523561,
            -0.3686860873211788,
            -0.0007596397629545506,
            -0.2359087986719764,
            0.01941637957929419,
            -0.6126252407230547,
            -0.4418843611688934,
            -0.07664262401050342,
            -0.006152101041794603,
            0.0031401525176201336,
            -0.5332174549833589,
            -0.4205518787100828,
            0.09633514844595388,
            0.12594940218442813,
            -0.043127556907162634,
            -0.32300936881607334,
            -0.3195959872169736,
            -0.026011542255086277,
            0.19353333801690054,
            0.0282874459035495
        ],
        [
            -0.0156821424096016,
            -0.04495822135217984,
            0.37443825587038404,
            0.0088875968671005,
            -0.0005003889532217828,
            -0.09220577443466155,
            -0.07664262401050342,
            1.3650999591601016,
            -0.08123183012918514,
            0.007936154550835833,
            -0.01680811874511573,
            -0.07636412242997062,
            0.3096222491857926,
            -0.31742685078251764,
            0.029035390237722024,
            -0.06254748902441032,
            -0.06561705628561637,
            -0.05305156135497788,
            0.06050844013874959,
            0.008275952198892787
        ],
        [
            0.026826214051569486,
            0.10613922390507921,
            0.029315213085057655,
            -0.6446379121145377,
            0.07844111819331558,
            0.025173561512173315,
            -0.006152101041794603,
            -0.08123183012918514,
            0.8277648526480093,
            0.044326862498497835,
            -0.05705987130413681,
            -0.13011149443968695,
            -0.30507115008857066,
            -0.6269528043799258,
            0.07902728519422184,
            -0.3213056871761658,
            -0.19398699936034752,
            -0.033933630189549785,
            0.137645718796636,
            0.0319945998552068
        ],
        [
            0.002204247363497447,
            -0.004553623613882958,
            -0.0021974359728767455,
            0.08121409395538336,
            0.3715768750256523,
            0.003913218002023201,
            0.0031401525176201336,
            0.007936154550835833,
            0.044326862498497835,
            1.391755719773502,
            -0.0035591997959516924,
            0.009350391994669669,
            0.033049411809142136,
            0.09742661318678356,
            0.4064920759878121,
            0.010815817482303074,
            0.013270729339029029,
            0.0012280641423054583,
            -0.01578819151563906,
            -0.04792991730011792
        ],
        [
            -0.2612772248211126,
            -0.34793125391914215,
            -0.01590783772427709,
            -0.2556771630935802,
            0.021016841589954798,
            -0.5591036635692496,
            -0.5332174549833589,
            -0.01680811874511573,
            -0.05705987130413681,
            -0.0035591997959516924,
            -0.46099730206420775,
            -0.6081763996363408,
            0.12945216696101192,
            -0.01794335868883286,
            -0.06693595643775954,
            -0.5735238533244151,
            -0.542556191648929,
            -0.0026528425742418926,
            0.09474195713519529,
            0.009245506051840324
        ],
        [
            -0.31750964178694235,
            -0.3152805815441637,
            -0.00019897315389506842,
            -0.19476118288552546,
            0.01565215781803847,
            -0.5339034784707165,
            -0.4205518787100828,
            -0.07636412242997062,
            -0.13011149443968695,
            0.009350391994669669,
            -0.6081763996363408,
            -0.43836479635563297,
            0.10735406351878682,
            0.008969976573922692,
            -0.05520929390412643,
            -0.45759845967801516,
            -0.37090949740194534,
            -0.031035513009132973,
            0.23245954692958526,
            0.034190957688716425
        ],
        [
            0.06999561485018621,
            0.07297949834092629,
            -0.04561184391879301,
            0.06725307172613318,
            -0.005472513292524062,
            0.0288147323234208,
            0.09633514844595388,
            0.3096222491857926,
            -0.30507115008857066,
            0.033049411809142136,
            0.12945216696101192,
            0.10735406351878682,
            1.3563717263705637,
            -0.04580302062797726,
            0.016564162170364848,
            0.02238712885107677,
            0.07525750261340505,
            0.3299073783224453,
            0.1428738586165993,
            0.027249601302843734
        ],
        [
            0.31673553349169437,
            0.19130951396695278,
            -0.0010103535898441235,
            0.1663451828756416,
            -0.01761147682789558,
            0.04913152489734529,
            0.12594940218442813,
            -0.31742685078251764,
            -0.6269528043799258,
            0.09742661318678356,
            -0.01794335868883286,
            0.008969976573922692,
            -0.04580302062797726,
            0.8541163044307296,
            -0.014547467768588881,
            -0.026713844411680898,
            -0.09704586652918268,
            0.17073474080803994,
            -0.6058779549043444,
            -0.16077239534247195
        ],
        [
            -0.02450798590922095,
            -0.02671557881981612,
            -0.0002987027778423128,
            -0.02227910024189006,
            -0.045008377633348126,
            -0.01700001302424746,
            -0.043127556907162634,
            0.029035390237722024,
            0.07902728519422184,
            0.4064920759878121,
            -0.06693595643775954,
            -0.05520929390412643,
            0.016564162170364848,
            -0.014547467768588881,
            1.3856098099810088,
            -0.011091990688575137,
            -0.04496209708509486,
            0.029624190392711677,
            -0.14769222013978403,
            0.3355387879106544
        ],
        [
            -0.013618056541316127,
            -0.13967247474393027,
            -0.005593816274777445,
            -0.07173483828038663,
            0.0031419518489127626,
            -0.27059441674885354,
            -0.32300936881607334,
            -0.06254748902441032,
            -0.3213056871761658,
            0.010815817482303074,
            -0.5735238533244151,
            -0.45759845967801516,
            0.02238712885107677,
            -0.026713844411680898,
            -0.011091990688575137,
            -0.2605000963723898,
            -0.4654102887413605,
            -0.04577935745975106,
            0.2744755158319314,
            0.045196811829521205
        ],
        [
            -0.14049276023833696,
            -0.20053320530976532,
            -0.003916704697821926,
            -0.12457375678685595,
            0.008735333259968323,
            -0.3550602981182994,
            -0.3195959872169736,
            -0.06561705628561637,
            -0.19398699936034752,
            0.013270729339029029,
            -0.542556191648929,
            -0.37090949740194534,
            0.07525750261340505,
            -0.09704586652918268,
            -0.04496209708509486,
            -0.4654102887413605,
            -0.3159863720244602,
            -0.03682015978336939,
            0.23930691022484465,
            0.03781359714428796
        ],
        [
            0.0027044856912807292,
            -0.008648588434191957,
            -0.005327311923726085,
            0.000564909877572687,
            8.878150293972047e-05,
            -0.012228775283229819,
            -0.026011542255086277,
            -0.05305156135497788,
            -0.033933630189549785,
            0.0012280641423054583,
            -0.0026528425742418926,
            -0.031035513009132973,
            0.3299073783224453,
            0.17073474080803994,
            0.029624190392711677,
            -0.04577935745975106,
            -0.03682015978336939,
            1.4729501036039216,
            0.04170225474425342,
            0.007450905690859886
        ],
        [
            0.0725222398773569,
            0.1233166865577994,
            0.004748819581941605,
            0.09781560946771228,
            -0.0034294098232267732,
            0.25681790118115333,
            0.19353333801690054,
            0.06050844013874959,
            0.137645718796636,
            -0.01578819151563906,
            0.09474195713519529,
            0.23245954692958526,
            0.1428738586165993,
            -0.6058779549043444,
            -0.14769222013978403,
            0.2744755158319314,
            0.23930691022484465,
            0.04170225474425342,
            1.2170518144916167,
            -0.04186361579553805
        ],
        [
            0.002079171200464044,
            0.012861475507749779,
            0.00034237314199038563,
            0.003970960994187655,
            -0.005321601302112571,
            0.0257854290045417,
            0.0282874459035495,
            0.008275952198892787,
            0.0319945998552068,
            -0.04792991730011792,
            0.009245506051840324,
            0.034190957688716425,
            0.027249601302843734,
            -0.16077239534247195,
            0.3355387879106544,
            0.045196811829521205,
            0.03781359714428796,
            0.007450905690859886,
            -0.04186361579553805,
            1.4742092181860946
        ]
    ]
}