{
    "HF": -2.16150632585825,
    "coordinates": [
        [
            0.658182,
            0.036878,
            -0.1606
        ],
        [
            1.353245,
            -0.143318,
            -0.101754
        ],
        [
            2.094345,
            0.075652,
            0.192092
        ],
        [
            2.829631,
            0.071801,
            -0.10315
        ]
    ],
    "elements": [
        "H",
        "H",
        "H",
        "H"
    ],
    "Enn": 2.9984032286160254,
    "S": [
        [
            0.9999999999999999,
            0.6848602514927513,
            0.0,
            0.0,
            0.0,
            0.5865215517212997,
            0.5711977734504481,
            -0.04425076277451573,
            -0.5226704946188905,
            0.13550301547966961,
            0.13233097968499982,
            0.3189026999871363,
            -0.04147982308505809,
            -0.16890597791077278,
            -0.004560179023907664,
            0.01621064481178923,
            0.13207803457518602,
            -0.0005261759231458937,
            -0.019887975320091008,
            -0.000319854512863778
        ],
        [
            0.6848602514927513,
            1.0000000000000002,
            0.0,
            0.0,
            0.0,
            0.5711977734504481,
            0.8930913863709858,
            -0.013193908395681261,
            -0.15584062725125583,
            0.04040188827223912,
            0.3189026999871363,
            0.6208145225704026,
            -0.042420307980576236,
            -0.17273563554123214,
            -0.004663573377447911,
            0.13207803457518602,
            0.3576794789553631,
            -0.0026875396443475324,
            -0.10158146689606289,
            -0.0016337153524725644
        ],
        [
            0.0,
            0.0,
            1.0000000000000004,
            0.0,
            0.0,
            0.04425076277451573,
            0.013193908395681256,
            0.5052029138203242,
            -0.05413287963933153,
            0.014034020483738861,
            0.04147982308505809,
            0.0424203079805762,
            0.03952599458348214,
            -0.07676934994322394,
            -0.0020726441042545765,
            0.0005261759231458934,
            0.0026875396443475264,
            0.00216534060387109,
            -0.0007073516682524946,
            -1.1376201932618204e-05
        ],
        [
            0.0,
            0.0,
            0.0,
            1.0000000000000004,
            0.0,
            0.5226704946188903,
            0.15584062725125594,
            -0.054132879639331506,
            -0.12960774429980282,
            0.1657636607329127,
            0.1689059779107728,
            0.1727356355412322,
            -0.076769349943224,
            -0.2542260860214522,
            -0.00843981370345391,
            0.019887975320090998,
            0.10158146689606272,
            -0.0007073516682524946,
            -0.024551855753101096,
            -0.0004299885519648715
        ],
        [
            0.0,
            0.0,
            0.0,
            0.0,
            1.0000000000000004,
            -0.1355030154796696,
            -0.04040188827223908,
            0.014034020483738861,
            0.16576366073291277,
            0.46681150876183036,
            0.004560179023907664,
            0.004663573377447917,
            -0.0020726441042545765,
            -0.008439813703453905,
            0.058151102063369736,
            0.000319854512863778,
            0.0016337153524725635,
            -1.1376201932618204e-05,
            -0.0004299885519648715,
            0.0021771395745772116
        ],
        [
            0.5865215517212997,
            0.5711977734504481,
            0.04425076277451573,
            0.5226704946188905,
            -0.13550301547966961,
            0.9999999999999999,
            0.6848602514927513,
            0.0,
            0.0,
            0.0,
            0.5019312266263297,
            0.5392906282002644,
            -0.1814492645810889,
            -0.4576276348190717,
            -0.13521349776863062,
            0.1281550988093192,
            0.31475534788839193,
            0.00015788152701433705,
            -0.1669728339130268,
            -0.024329023072920234
        ],
        [
            0.5711977734504481,
            0.8930913863709858,
            0.013193908395681261,
            0.155840627251256,
            -0.04040188827223912,
            0.6848602514927513,
            1.0000000000000002,
            0.0,
            0.0,
            0.0,
            0.5392906282002644,
            0.8616594966137904,
            -0.061962340882035415,
            -0.1562733228550889,
            -0.04617348469245559,
            0.31475534788839193,
            0.6157592327107813,
            0.00016557024217034433,
            -0.17510428908088255,
            -0.02551382874315417
        ],
        [
            -0.04425076277451573,
            -0.013193908395681256,
            0.5052029138203242,
            -0.054132879639331506,
            0.014034020483738861,
            0.0,
            0.0,
            1.0000000000000004,
            0.0,
            0.0,
            0.18144926458108881,
            0.0619623408820354,
            0.31947177116594033,
            -0.23280536891147785,
            -0.06878611743428188,
            -0.00015788152701433716,
            -0.00016557024217034427,
            0.05560247154219605,
            0.00029751836265422493,
            4.3350351910553334e-05
        ],
        [
            -0.5226704946188905,
            -0.15584062725125578,
            -0.05413287963933153,
            -0.12960774429980298,
            0.16576366073291277,
            0.0,
            0.0,
            0.0,
            1.0000000000000004,
            0.0,
            0.4576276348190716,
            0.15627332285508888,
            -0.23280536891147785,
            -0.17537224037629515,
            -0.17348336077587004,
            0.16697283391302686,
            0.17510428908088269,
            0.0002975183626542249,
            -0.25904763780171874,
            -0.04584659932364899
        ],
        [
            0.1355030154796696,
            0.04040188827223908,
            0.014034020483738861,
            0.1657636607329127,
            0.46681150876183036,
            0.0,
            0.0,
            0.0,
            0.0,
            1.0000000000000004,
            0.13521349776863056,
            0.04617348469245554,
            -0.06878611743428185,
            -0.17348336077587,
            0.36052058363938505,
            0.024329023072920248,
            0.025513828743154165,
            4.3350351910553334e-05,
            -0.045846599323649005,
            0.048922606476915174
        ],
        [
            0.13233097968499982,
            0.3189026999871363,
            0.04147982308505809,
            0.1689059779107728,
            0.004560179023907664,
            0.5019312266263297,
            0.5392906282002644,
            0.1814492645810889,
            0.4576276348190717,
            0.13521349776863062,
            0.9999999999999999,
            0.6848602514927513,
            0.0,
            0.0,
            0.0,
            0.5288926913580146,
            0.5498893893321957,
            0.19479748960128956,
            -0.4851337781852643,
            0.002540848295481546
        ],
        [
            0.3189026999871363,
            0.6208145225704026,
            0.042420307980576236,
            0.17273563554123222,
            0.004663573377447917,
            0.5392906282002644,
            0.8616594966137904,
            0.061962340882035415,
            0.1562733228550889,
            0.04617348469245559,
            0.6848602514927513,
            1.0000000000000002,
            0.0,
            0.0,
            0.0,
            0.5498893893321957,
            0.8721769765633735,
            0.06356378844653063,
            -0.15830255773804394,
            0.0008290966370217857
        ],
        [
            -0.04147982308505809,
            -0.0424203079805762,
            0.03952599458348214,
            -0.07676934994322396,
            -0.0020726441042545765,
            -0.18144926458108881,
            -0.06196234088203541,
            0.31947177116594033,
            -0.23280536891147785,
            -0.06878611743428188,
            0.0,
            0.0,
            1.0000000000000004,
            0.0,
            0.0,
            -0.1947974896012895,
            -0.06356378844653054,
            0.3424785776583217,
            0.24947585876003875,
            -0.001306609308602247
        ],
        [
            -0.16890597791077283,
            -0.1727356355412321,
            -0.07676934994322399,
            -0.2542260860214522,
            -0.008439813703453909,
            -0.4576276348190716,
            -0.15627332285508888,
            -0.23280536891147785,
            -0.17537224037629515,
            -0.17348336077587004,
            0.0,
            0.0,
            0.0,
            1.0000000000000004,
            0.0,
            0.48513377818526454,
            0.15830255773804427,
            0.24947585876003897,
            -0.17865612097492908,
            0.0032540476357866173
        ],
        [
            -0.004560179023907664,
            -0.0046635733774479235,
            -0.0020726441042545765,
            -0.008439813703453907,
            0.058151102063369736,
            -0.13521349776863056,
            -0.04617348469245554,
            -0.06878611743428185,
            -0.17348336077587,
            0.36052058363938505,
            0.0,
            0.0,
            0.0,
            0.0,
            1.0000000000000004,
            -0.002540848295481546,
            -0.0008290966370217857,
            -0.0013066093086022375,
            0.0032540476357865904,
            0.4426344627895304
        ],
        [
            0.01621064481178923,
            0.13207803457518602,
            0.0005261759231458941,
            0.019887975320091004,
            0.000319854512863778,
            0.1281550988093192,
            0.31475534788839193,
            -0.00015788152701433705,
            0.1669728339130268,
            0.024329023072920234,
            0.5288926913580146,
            0.5498893893321957,
            -0.19479748960128956,
            0.48513377818526454,
            -0.002540848295481546,
            0.9999999999999999,
            0.6848602514927513,
            0.0,
            0.0,
            0.0
        ],
        [
            0.13207803457518602,
            0.3576794789553631,
            0.0026875396443475277,
            0.10158146689606284,
            0.0016337153524725644,
            0.31475534788839193,
            0.6157592327107813,
            -0.00016557024217034433,
            0.17510428908088274,
            0.02551382874315417,
            0.5498893893321957,
            0.8721769765633735,
            -0.06356378844653063,
            0.15830255773804427,
            -0.0008290966370217857,
            0.6848602514927513,
            1.0000000000000002,
            0.0,
            0.0,
            0.0
        ],
        [
            -0.0005261759231458934,
            -0.002687539644347531,
            0.00216534060387109,
            -0.0007073516682524946,
            -1.1376201932618204e-05,
            0.00015788152701433716,
            0.00016557024217034427,
            0.05560247154219605,
            0.0002975183626542249,
            4.3350351910553334e-05,
            0.1947974896012895,
            0.06356378844653054,
            0.3424785776583217,
            0.24947585876003892,
            -0.001306609308602237,
            0.0,
            0.0,
            1.0000000000000004,
            0.0,
            0.0
        ],
        [
            -0.019887975320090994,
            -0.10158146689606268,
            -0.0007073516682524946,
            -0.024551855753101096,
            -0.0004299885519648715,
            -0.16697283391302692,
            -0.1751042890808825,
            0.00029751836265422493,
            -0.25904763780171874,
            -0.045846599323649005,
            -0.4851337781852642,
            -0.15830255773804464,
            0.24947585876003883,
            -0.17865612097492908,
            0.0032540476357865904,
            0.0,
            0.0,
            0.0,
            1.0000000000000004,
            0.0
        ],
        [
            -0.000319854512863778,
            -0.0016337153524725635,
            -1.1376201932618204e-05,
            -0.0004299885519648715,
            0.0021771395745772116,
            -0.024329023072920248,
            -0.02551382874315416,
            4.3350351910553334e-05,
            -0.04584659932364899,
            0.048922606476915174,
            0.002540848295481546,
            0.0008290966370217857,
            -0.0013066093086022475,
            0.0032540476357866173,
            0.4426344627895304,
            0.0,
            0.0,
            0.0,
            0.0,
            1.0000000000000004
        ]
    ],
    "h": [
        [
            -0.3009663845084882,
            -0.4827197202821808,
            -0.03122809377498229,
            -0.3064172471089549,
            0.07492502487014935,
            -0.6079735560792769,
            -0.479067700558776,
            -0.014574470941946666,
            0.010635767543192398,
            -0.01701804519176059,
            -0.2568449113401944,
            -0.32616837269281246,
            0.08212758149164034,
            0.2998756758199952,
            0.04431719286204394,
            -0.023470711470252197,
            -0.15536641584244876,
            -0.001308448864779697,
            0.0785220630868754,
            0.005070859929237076
        ],
        [
            -0.4827197202821808,
            -0.31932403184996794,
            -0.027721369242875816,
            -0.2525414214039682,
            0.05796108643356459,
            -0.5526122864225951,
            -0.37243585199096074,
            -0.020562574922713406,
            0.11939831998210418,
            -0.08292815783960457,
            -0.33676352504295026,
            -0.3173970725961015,
            0.08380448670236665,
            0.16424144614982186,
            0.045855391792635876,
            -0.1516638644830082,
            -0.21054839279228788,
            -0.026180638867032792,
            0.1197627845596369,
            0.0052754089131901525
        ],
        [
            -0.03122809377498229,
            -0.027721369242875816,
            1.4723315130699828,
            -0.029393591478272675,
            0.005746336519134249,
            -0.015797771178588868,
            -0.02902464789068765,
            0.44862504028223804,
            -0.08399948167762539,
            0.01521020652091766,
            -0.04016662798798058,
            -0.022606864794133666,
            -0.03675098892142341,
            0.018812599073331243,
            0.006224981549328529,
            -0.009148129065790708,
            -0.015928901876096295,
            -0.00794094998074081,
            0.008645439488535606,
            0.00029454976056631985
        ],
        [
            -0.3064172471089549,
            -0.2525414214039682,
            -0.029393591478272675,
            1.1863287540125098,
            0.06816502520838044,
            -0.06921647286963017,
            -0.24425123739106114,
            -0.10069768928838028,
            -0.5011663525207937,
            0.2165116246791549,
            -0.24018429732709493,
            -0.19452767206260102,
            0.06897122182467844,
            0.13080491992548715,
            0.045201134908451,
            -0.07916259895487754,
            -0.12811356969548876,
            -0.005420494606863752,
            0.10607375464827129,
            0.004216221762960334
        ],
        [
            0.07492502487014935,
            0.05796108643356459,
            0.005746336519134249,
            0.06816502520838044,
            1.458132317757893,
            0.0038403517930316045,
            0.05109039570496769,
            0.021617490618046815,
            0.2401369326282155,
            0.39817053402471214,
            0.024258406661348476,
            0.039527535794311924,
            -0.012930217545331316,
            -0.042211124686761976,
            -0.052983614077157265,
            -5.045523708443919e-05,
            0.017158180826947256,
            -0.0001222308561588761,
            -0.0030712283543880424,
            -0.0072126291775363545
        ],
        [
            -0.6079735560792769,
            -0.5526122864225951,
            -0.015797771178588868,
            -0.06921647286963017,
            0.0038403517930316045,
            -0.45151971309558947,
            -0.6013153001411691,
            -0.04808310381928166,
            0.10309832318969242,
            -0.12716164492604648,
            -0.5003269329797099,
            -0.5042514428760456,
            0.048521801168146084,
            0.07354688882919969,
            0.01397839363263087,
            -0.24236151663976846,
            -0.3339730018742407,
            -0.03869683167493191,
            0.22590164396753515,
            0.01746763585041273
        ],
        [
            -0.479067700558776,
            -0.37243585199096074,
            -0.02902464789068765,
            -0.24425123739106114,
            0.05109039570496769,
            -0.6013153001411691,
            -0.434299187532579,
            -0.04589753347917925,
            0.034959961974915466,
            -0.10560041600789864,
            -0.49643290784825833,
            -0.4109938226568375,
            0.11657587421333165,
            0.10373003337052528,
            0.049451870881367516,
            -0.3131374500618454,
            -0.3151877405480359,
            -0.057206377299518746,
            0.17623144802806867,
            0.004300263086939066
        ],
        [
            -0.014574470941946666,
            -0.020562574922713406,
            0.44862504028223804,
            -0.10069768928838028,
            0.021617490618046815,
            -0.04808310381928166,
            -0.04589753347917925,
            1.375447348839447,
            -0.09732141136628597,
            -0.015389822102691431,
            -0.012152871784954888,
            -0.0551672655847632,
            0.1864438651961366,
            -0.32195128001015216,
            -0.09135744465156226,
            -0.05201655634080948,
            -0.05591052969748566,
            -0.0580670575159222,
            0.05242689546353232,
            0.0024326747735966
        ],
        [
            0.010635767543192398,
            0.11939831998210418,
            -0.08399948167762539,
            -0.5011663525207937,
            0.2401369326282155,
            0.10309832318969242,
            0.034959961974915466,
            -0.09732141136628597,
            0.894706427941846,
            0.012262823864329947,
            -0.06390102569213818,
            -0.09534848463861367,
            -0.2925634477045064,
            -0.6283599656667919,
            -0.23592482996259423,
            -0.28866848119554517,
            -0.16090120399214536,
            -0.05992787979878725,
            0.11902446845413006,
            0.0024947646214817515
        ],
        [
            -0.01701804519176059,
            -0.08292815783960457,
            0.01521020652091766,
            0.2165116246791549,
            0.39817053402471214,
            -0.12716164492604648,
            -0.10560041600789864,
            -0.015389822102691431,
            0.012262823864329947,
            1.3714049392431291,
            -0.03263612655575865,
            -0.08440730211214736,
            -0.07924223956164889,
            -0.2168209857495333,
            0.2400708364421738,
            -0.0531590456788278,
            -0.05963874435337044,
            -0.013081053442055117,
            0.04564964026497412,
            -0.042071915680056804
        ],
        [
            -0.2568449113401944,
            -0.33676352504295026,
            -0.04016662798798058,
            -0.24018429732709493,
            0.024258406661348476,
            -0.5003269329797099,
            -0.49643290784825833,
            -0.012152871784954888,
            -0.06390102569213818,
            -0.03263612655575865,
            -0.4055374030411616,
            -0.5816033708026511,
            0.16689710398948837,
            -0.058703730935400045,
            0.05447771910393671,
            -0.5669968677877593,
            -0.5301135228911582,
            -0.01431560088493844,
            0.08002072180346342,
            0.007582347274257871
        ],
        [
            -0.32616837269281246,
            -0.3173970725961015,
            -0.022606864794133666,
            -0.19452767206260102,
            0.039527535794311924,
            -0.5042514428760456,
            -0.4109938226568375,
            -0.0551672655847632,
            -0.09534848463861367,
            -0.08440730211214736,
            -0.5816033708026511,
            -0.4297140631245482,
            0.14390917236209655,
            -0.01448163068974613,
            0.04859677205960585,
            -0.4582259833317821,
            -0.371143822543764,
            -0.07211789643070866,
            0.21879336599680188,
            0.005808183928281161
        ],
        [
            0.08212758149164034,
            0.08380448670236665,
            -0.03675098892142341,
            0.06897122182467844,
            -0.012930217545331316,
            0.048521801168146084,
            0.11657587421333165,
            0.1864438651961366,
            -0.2925634477045064,
            -0.07924223956164889,
            0.16689710398948837,
            0.14390917236209655,
            1.351133576676802,
            0.009700466658061105,
            -0.021725716428758972,
            0.027837274451328498,
            0.11184097548403403,
            0.22371564818297984,
            0.3125149557955478,
            -0.005419746355757605
        ],
        [
            0.2998756758199952,
            0.16424144614982186,
            0.018812599073331243,
            0.13080491992548715,
            -0.042211124686761976,
            0.07354688882919969,
            0.10373003337052528,
            -0.32195128001015216,
            -0.6283599656667919,
            -0.2168209857495333,
            -0.058703730935400045,
            -0.01448163068974613,
            0.009700466658061105,
            0.9577299090846938,
            -0.05430699423371508,
            -0.029072997927676925,
            -0.10132517884341283,
            0.34386134974944466,
            -0.5261589772636985,
            0.00177857027370801
        ],
        [
            0.04431719286204394,
            0.045855391792635876,
            0.006224981549328529,
            0.045201134908451,
            -0.052983614077157265,
            0.01397839363263087,
            0.049451870881367516,
            -0.09135744465156226,
            -0.23592482996259423,
            0.2400708364421738,
            0.05447771910393671,
            0.04859677205960585,
            -0.021725716428758972,
            -0.05430699423371508,
            1.3995545371189995,
            0.011188795792836662,
            0.02850128185916328,
            0.0001099413862413641,
            -0.012229002345265994,
            0.35699726818152644
        ],
        [
            -0.023470711470252197,
            -0.1516638644830082,
            -0.009148129065790708,
            -0.07916259895487754,
            -5.045523708443919e-05,
            -0.24236151663976846,
            -0.3131374500618454,
            -0.05201655634080948,
            -0.28866848119554517,
            -0.0531590456788278,
            -0.5669968677877593,
            -0.4582259833317821,
            0.027837274451328498,
            -0.029072997927676925,
            0.011188795792836662,
            -0.25570960057553105,
            -0.46443586600206,
            -0.09906115401141785,
            0.2610455064020031,
            0.0025545197936595026
        ],
        [
            -0.15536641584244876,
            -0.21054839279228788,
            -0.015928901876096295,
            -0.12811356969548876,
            0.017158180826947256,
            -0.3339730018742407,
            -0.3151877405480359,
            -0.05591052969748566,
            -0.16090120399214536,
            -0.05963874435337044,
            -0.5301135228911582,
            -0.371143822543764,
            0.11184097548403403,
            -0.10132517884341283,
            0.02850128185916328,
            -0.46443586600206,
            -0.3166425083573223,
            -0.08197393308512443,
            0.22796441079909632,
            0.0038375625789135604
        ],
        [
            -0.001308448864779697,
            -0.026180638867032792,
            -0.00794094998074081,
            -0.005420494606863752,
            -0.0001222308561588761,
            -0.03869683167493191,
            -0.057206377299518746,
            -0.0580670575159222,
            -0.05992787979878725,
            -0.013081053442055117,
            -0.01431560088493844,
            -0.07211789643070866,
            0.22371564818297984,
            0.34386134974944466,
            0.0001099413862413641,
            -0.09906115401141785,
            -0.08197393308512443,
            1.4527646215277332,
            0.08676517799781346,
            -0.0003974367128872263
        ],
        [
            0.0785220630868754,
            0.1197627845596369,
            0.008645439488535606,
            0.10607375464827129,
            -0.0030712283543880424,
            0.22590164396753515,
            0.17623144802806867,
            0.05242689546353232,
            0.11902446845413006,
            0.04564964026497412,
            0.08002072180346342,
            0.21879336599680188,
            0.3125149557955478,
            -0.5261589772636985,
            -0.012229002345265994,
            0.2610455064020031,
            0.22796441079909632,
            0.08676517799781346,
            1.2491216954635276,
            -0.0028131092434283034
        ],
        [
            0.005070859929237076,
            0.0052754089131901525,
            0.00029454976056631985,
            0.004216221762960334,
            -0.0072126291775363545,
            0.01746763585041273,
            0.004300263086939066,
            0.0024326747735966,
            0.0024947646214817515,
            -0.042071915680056804,
            0.007582347274257871,
            0.005808183928281161,
            -0.005419746355757605,
            0.00177857027370801,
            0.35699726818152644,
            0.0025545197936595026,
            0.0038375625789135604,
            -0.0003974367128872263,
            -0.0028131092434283034,
            1.4871970276694646
        ]
    ]
}