{
    "HF": -2.097130065869864,
    "coordinates": [
        [
            0.730674,
            0.148852,
            0.167235
        ],
        [
            1.403703,
            -0.179924,
            -0.001779
        ],
        [
            2.046081,
            0.013728,
            -0.13657
        ],
        [
            2.695137,
            0.15039,
            0.109869
        ]
    ],
    "elements": [
        "H",
        "H",
        "H",
        "H"
    ],
    "Enn": 3.265154574768447,
    "S": [
        [
            0.9999999999999999,
            0.6848602514927513,
            0.0,
            0.0,
            0.0,
            0.548346983418855,
            0.5572797314837742,
            0.11672956925268199,
            -0.46482767856250573,
            0.22706924195995465,
            0.17844427796979803,
            0.36001480868376284,
            0.05152707085944695,
            -0.22310057338757616,
            0.022917805575325988,
            0.03264528065751039,
            0.1779776465665016,
            0.0012322909292400706,
            -0.042199036637167245,
            -3.303809659329942e-05
        ],
        [
            0.6848602514927513,
            1.0000000000000002,
            0.0,
            0.0,
            0.0,
            0.5572797314837742,
            0.8794650419184113,
            0.036909962115986114,
            -0.14697879993941365,
            0.07179943498553645,
            0.36001480868376284,
            0.6696488468272698,
            0.04159992220345294,
            -0.1801182629182452,
            0.0185024864232629,
            0.1779776465665016,
            0.4311205659402374,
            0.0036950438845922313,
            -0.12653448026109027,
            -9.906525632783675e-05
        ],
        [
            0.0,
            0.0,
            1.0000000000000004,
            0.0,
            0.0,
            -0.116729569252682,
            -0.03690996211598612,
            0.4306584052386953,
            0.13736820210683393,
            -0.06710463890244914,
            -0.051527070859446966,
            -0.041599922203452946,
            0.06970295526342336,
            0.09510588153267854,
            -0.009769666070061704,
            -0.0012322909292400697,
            -0.0036950438845922296,
            0.006589334020102396,
            0.0019444575775671802,
            1.5223375315790411e-06
        ],
        [
            0.0,
            0.0,
            0.0,
            1.0000000000000004,
            0.0,
            0.4648276785625054,
            0.14697879993941343,
            0.1373682021068339,
            -0.08185766524483239,
            0.2672167277022993,
            0.22310057338757605,
            0.180118262918245,
            0.09510588153267847,
            -0.32011846782777653,
            0.04230044645816116,
            0.042199036637167245,
            0.1265344802610902,
            0.0019444575775671787,
            -0.05994062486183943,
            -5.2131502184191955e-05
        ],
        [
            0.0,
            0.0,
            0.0,
            0.0,
            1.0000000000000004,
            -0.22706924195995462,
            -0.07179943498553641,
            -0.06710463890244911,
            0.2672167277022993,
            0.3346190108646539,
            -0.022917805575325984,
            -0.01850248642326286,
            -0.009769666070061696,
            0.04230044645816115,
            0.08732323310277107,
            3.303809659329942e-05,
            9.90652563278367e-05,
            1.5223375315789816e-06,
            -5.2131502184189956e-05,
            0.006646075009952731
        ],
        [
            0.548346983418855,
            0.5572797314837742,
            -0.11672956925268198,
            0.4648276785625055,
            -0.22706924195995465,
            0.9999999999999999,
            0.6848602514927513,
            0.0,
            0.0,
            0.0,
            0.6158960923855341,
            0.5814156927201447,
            0.10780416090680141,
            -0.5137659137107764,
            -0.1548804546885467,
            0.18658477114722385,
            0.3665397193836459,
            -0.020003889769196516,
            -0.2313852767644072,
            -0.05918211562430477
        ],
        [
            0.5572797314837742,
            0.8794650419184113,
            -0.036909962115986135,
            0.14697879993941346,
            -0.07179943498553645,
            0.6848602514927513,
            1.0000000000000002,
            0.0,
            0.0,
            0.0,
            0.5814156927201447,
            0.9030148389078604,
            0.030798968447873977,
            -0.1467796793080278,
            -0.044248368495431366,
            0.3665397193836459,
            0.6772002301982258,
            -0.01558435661707539,
            -0.18026447409193336,
            -0.04610679252304245
        ],
        [
            0.11672956925268199,
            0.036909962115986114,
            0.4306584052386953,
            0.13736820210683393,
            -0.06710463890244914,
            0.0,
            0.0,
            1.0000000000000004,
            0.0,
            0.0,
            -0.10780416090680138,
            -0.030798968447873953,
            0.5188013754184644,
            0.12239644510277288,
            0.036897771074106175,
            0.02000388976919652,
            0.015584356617075383,
            0.0948316627357247,
            -0.03668560748022677,
            -0.009383189345505558
        ],
        [
            -0.4648276785625054,
            -0.14697879993941323,
            0.1373682021068339,
            -0.08185766524483239,
            0.2672167277022993,
            0.0,
            0.0,
            0.0,
            1.0000000000000004,
            0.0,
            0.5137659137107765,
            0.14677967930802777,
            0.12239644510277303,
            -0.03882487450970573,
            -0.17584494800871123,
            0.2313852767644073,
            0.18026447409193286,
            -0.03668560748022678,
            -0.32633970840031495,
            -0.10853548428295742
        ],
        [
            0.22706924195995462,
            0.07179943498553643,
            -0.06710463890244911,
            0.2672167277022993,
            0.3346190108646539,
            0.0,
            0.0,
            0.0,
            0.0,
            1.0000000000000004,
            0.15488045468854675,
            0.04424836849543133,
            0.03689777107410621,
            -0.17584494800871117,
            0.49147356120325936,
            0.05918211562430477,
            0.046106792523042416,
            -0.009383189345505558,
            -0.10853548428295738,
            0.07024278304734076
        ],
        [
            0.17844427796979803,
            0.36001480868376284,
            -0.05152707085944695,
            0.22310057338757605,
            -0.022917805575325988,
            0.6158960923855341,
            0.5814156927201447,
            -0.1078041609068014,
            0.5137659137107764,
            0.1548804546885467,
            0.9999999999999999,
            0.6848602514927513,
            0.0,
            0.0,
            0.0,
            0.5969594491517554,
            0.5748757845918768,
            -0.18948864245430974,
            -0.4990636235207274,
            -0.10508035195359043
        ],
        [
            0.36001480868376284,
            0.6696488468272698,
            -0.04159992220345294,
            0.1801182629182452,
            -0.0185024864232629,
            0.5814156927201447,
            0.9030148389078604,
            -0.030798968447873974,
            0.1467796793080278,
            0.044248368495431394,
            0.6848602514927513,
            1.0000000000000002,
            0.0,
            0.0,
            0.0,
            0.5748757845918768,
            0.8966711257422298,
            -0.05563412132223483,
            -0.14652575383329924,
            -0.03085173324083954
        ],
        [
            0.051527070859446966,
            0.041599922203452946,
            0.06970295526342336,
            0.09510588153267852,
            -0.009769666070061704,
            0.1078041609068014,
            0.030798968447873946,
            0.5188013754184644,
            0.12239644510277296,
            0.036897771074106175,
            0.0,
            0.0,
            1.0000000000000004,
            0.0,
            0.0,
            0.1894886424543097,
            0.05563412132223486,
            0.4397666344761128,
            -0.21680241952771565,
            -0.04564883809331808
        ],
        [
            -0.22310057338757605,
            -0.1801182629182449,
            0.09510588153267852,
            -0.32011846782777653,
            0.042300446458161174,
            -0.5137659137107765,
            -0.14677967930802777,
            0.12239644510277295,
            -0.03882487450970573,
            -0.17584494800871112,
            0.0,
            0.0,
            0.0,
            1.0000000000000004,
            0.0,
            0.4990636235207271,
            0.1465257538332996,
            -0.21680241952771542,
            -0.048916995979877496,
            -0.12022712418690486
        ],
        [
            0.022917805575325984,
            0.018502486423262868,
            -0.009769666070061696,
            0.04230044645816114,
            0.08732323310277107,
            -0.15488045468854675,
            -0.04424836849543135,
            0.03689777107410621,
            -0.17584494800871128,
            0.49147356120325936,
            0.0,
            0.0,
            0.0,
            0.0,
            1.0000000000000004,
            0.10508035195359045,
            0.03085173324083956,
            -0.045648838093318087,
            -0.12022712418690498,
            0.4967695621439254
        ],
        [
            0.03264528065751039,
            0.1779776465665016,
            -0.0012322909292400697,
            0.042199036637167245,
            3.303809659329942e-05,
            0.18658477114722385,
            0.3665397193836459,
            0.02000388976919652,
            0.23138527676440723,
            0.05918211562430477,
            0.5969594491517554,
            0.5748757845918768,
            0.18948864245430974,
            0.4990636235207271,
            0.10508035195359043,
            0.9999999999999999,
            0.6848602514927513,
            0.0,
            0.0,
            0.0
        ],
        [
            0.1779776465665016,
            0.4311205659402374,
            -0.0036950438845922313,
            0.12653448026109027,
            9.906525632783675e-05,
            0.3665397193836459,
            0.6772002301982258,
            0.015584356617075393,
            0.18026447409193314,
            0.04610679252304245,
            0.5748757845918768,
            0.8966711257422298,
            0.05563412132223483,
            0.1465257538332996,
            0.03085173324083954,
            0.6848602514927513,
            1.0000000000000002,
            0.0,
            0.0,
            0.0
        ],
        [
            0.0012322909292400706,
            0.0036950438845922296,
            0.006589334020102396,
            0.0019444575775671791,
            1.5223375315789819e-06,
            -0.020003889769196523,
            -0.015584356617075386,
            0.0948316627357247,
            -0.03668560748022677,
            -0.009383189345505558,
            -0.1894886424543097,
            -0.05563412132223486,
            0.4397666344761128,
            -0.2168024195277155,
            -0.04564883809331808,
            0.0,
            0.0,
            1.0000000000000004,
            0.0,
            0.0
        ],
        [
            -0.04219903663716724,
            -0.1265344802610902,
            0.0019444575775671798,
            -0.05994062486183943,
            -5.2131502184189956e-05,
            -0.2313852767644073,
            -0.18026447409193286,
            -0.03668560748022678,
            -0.32633970840031495,
            -0.10853548428295742,
            -0.49906362352072675,
            -0.14652575383329924,
            -0.2168024195277156,
            -0.04891699597987767,
            -0.12022712418690494,
            0.0,
            0.0,
            0.0,
            1.0000000000000004,
            0.0
        ],
        [
            -3.303809659329942e-05,
            -9.90652563278367e-05,
            1.5223375315790407e-06,
            -5.2131502184191955e-05,
            0.006646075009952731,
            -0.05918211562430477,
            -0.0461067925230424,
            -0.009383189345505558,
            -0.10853548428295738,
            0.07024278304734076,
            -0.10508035195359043,
            -0.03085173324083956,
            -0.045648838093318087,
            -0.1202271241869049,
            0.4967695621439254,
            0.0,
            0.0,
            0.0,
            0.0,
            1.0000000000000004
        ]
    ],
    "h": [
        [
            -0.2750002912307823,
            -0.47233044942378344,
            0.06880284739642042,
            -0.2635047763113122,
            0.12206173842877803,
            -0.5929989054577378,
            -0.4661006646873094,
            0.0034026533035766415,
            0.014303049563361814,
            -0.03200992236125155,
            -0.3191996364741436,
            -0.34792904031161004,
            -0.06341362952989599,
            0.3448839093296063,
            0.03798645712768387,
            -0.05447159030580237,
            -0.18899206003461883,
            0.006927379446115281,
            0.1286354463956019,
            0.014797062839234331
        ],
        [
            -0.47233044942378344,
            -0.32249421919872456,
            0.05941760818885332,
            -0.23115487668676937,
            0.10026985024952624,
            -0.5629432807939101,
            -0.38005504382995925,
            -0.02082181761604715,
            0.061371689148133235,
            -0.12741445464322157,
            -0.4043423310847529,
            -0.3405364456004272,
            -0.06967640615459134,
            0.20586961389640146,
            0.03925183209016728,
            -0.19321968502408532,
            -0.23940569598150152,
            0.035610626462818734,
            0.15604549373840812,
            0.03164033735103915
        ],
        [
            0.06880284739642042,
            0.05941760818885332,
            1.4672716612753502,
            0.0597607147440993,
            -0.0260322905195672,
            0.02679707189240846,
            0.05776401878651225,
            0.336154016397778,
            0.20206888765292347,
            -0.08412255144396005,
            0.06339362689327976,
            0.04860089234715595,
            -0.035180770957112056,
            -0.024665339432407563,
            -0.014977285347847423,
            0.015911793236748697,
            0.03198533419299933,
            -0.017720914362720108,
            -0.019583137323501327,
            -0.002706818617814627
        ],
        [
            -0.2635047763113122,
            -0.23115487668676937,
            0.0597607147440993,
            1.2438147465241343,
            0.10225209157300283,
            -0.10668374684556758,
            -0.2307709940050734,
            0.2020533260917916,
            -0.4364307616794483,
            0.33263557056305093,
            -0.2745904258260513,
            -0.19994963597809845,
            -0.020735924689698426,
            0.03626355554785243,
            0.060228142752867,
            -0.1269514541699308,
            -0.14547672944703371,
            0.01155871695142374,
            0.1692922785551393,
            0.015801756890034522
        ],
        [
            0.12206173842877803,
            0.10026985024952624,
            -0.0260322905195672,
            0.10225209157300283,
            1.4333872101142209,
            0.02423163110266674,
            0.09069646509520368,
            -0.09603814219430071,
            0.3797254622837749,
            0.21111251791963426,
            0.07617882951024223,
            0.07814091823909414,
            0.017026204101086715,
            -0.08553652624587892,
            -0.0582593337464149,
            0.011203498354676497,
            0.04320341912486296,
            -0.0016935855138188755,
            -0.01887143310911522,
            -0.018583664583261578
        ],
        [
            -0.5929989054577378,
            -0.5629432807939101,
            0.02679707189240846,
            -0.10668374684556758,
            0.02423163110266674,
            -0.5083297768359514,
            -0.6300063399696892,
            -0.005600829118193952,
            -0.0391977903574057,
            -0.194970564351457,
            -0.6228304481284193,
            -0.5688995048822023,
            -0.04923428210684694,
            0.05716344180723776,
            -0.014520638013345744,
            -0.3395189817372638,
            -0.40917132247314314,
            0.06552830496840531,
            0.2944846798676624,
            0.06558126314744082
        ],
        [
            -0.4661006646873094,
            -0.38005504382995925,
            0.05776401878651225,
            -0.2307709940050734,
            0.09069646509520368,
            -0.6300063399696892,
            -0.4445153613270445,
            -0.006225238442404621,
            -0.051975822486970934,
            -0.15696631652927473,
            -0.576337368443892,
            -0.432816310616996,
            -0.10327934171969048,
            0.14695103920267683,
            0.030091011994527198,
            -0.36282263176140006,
            -0.34377689418543167,
            0.06680943479851621,
            0.2206959420027444,
            0.04809543136061521
        ],
        [
            0.0034026533035766415,
            -0.02082181761604715,
            0.336154016397778,
            0.2020533260917916,
            -0.09603814219430071,
            -0.005600829118193952,
            -0.006225238442404621,
            1.3550920761963934,
            0.10604780908222373,
            -0.008633862306658649,
            -0.016390974611743964,
            0.009618701510849398,
            0.4473593405171111,
            0.20502748661582076,
            0.05583761175732628,
            0.028324482436195838,
            0.02310850370466768,
            -0.0514976618488312,
            -0.04803962042685602,
            -0.011869013324506763
        ],
        [
            0.014303049563361814,
            0.061371689148133235,
            0.20206888765292347,
            -0.4364307616794483,
            0.3797254622837749,
            -0.0391977903574057,
            -0.051975822486970934,
            0.10604780908222373,
            0.8173762291358151,
            0.010076947938480527,
            -0.0749562388115611,
            -0.15922534695256735,
            0.14895049301104096,
            -0.5692884637282821,
            -0.279873971269247,
            -0.3611841436706865,
            -0.21247485089011653,
            0.07360612664756325,
            0.04491933952955707,
            0.015724279838041005
        ],
        [
            -0.03200992236125155,
            -0.12741445464322157,
            -0.08412255144396005,
            0.33263557056305093,
            0.21111251791963426,
            -0.194970564351457,
            -0.15696631652927473,
            -0.008633862306658649,
            0.010076947938480527,
            1.3050741303650764,
            -0.058801041346453864,
            -0.1311455197737714,
            0.033386464774374486,
            -0.2242620987145627,
            0.40866008455564895,
            -0.08555968352661514,
            -0.09218421319768115,
            0.019895742590020832,
            0.03895543057378398,
            -0.03352708543875249
        ],
        [
            -0.3191996364741436,
            -0.4043423310847529,
            0.06339362689327976,
            -0.2745904258260513,
            0.07617882951024223,
            -0.6228304481284193,
            -0.576337368443892,
            -0.016390974611743964,
            -0.0749562388115611,
            -0.058801041346453864,
            -0.5489943517818898,
            -0.6462537640072161,
            -0.16079805382078088,
            -0.002184658396908179,
            0.019499383811326557,
            -0.6314201019181895,
            -0.5832955344141448,
            0.0167417922188271,
            0.10456927175324027,
            0.027738259450820674
        ],
        [
            -0.34792904031161004,
            -0.3405364456004272,
            0.04860089234715595,
            -0.19994963597809845,
            0.07814091823909414,
            -0.5688995048822023,
            -0.432816310616996,
            0.009618701510849398,
            -0.15922534695256735,
            -0.1311455197737714,
            -0.6462537640072161,
            -0.447801250616952,
            -0.12591728556633658,
            0.032057373238924394,
            0.015368884938780449,
            -0.48552751278723394,
            -0.3822494320278478,
            0.0790741797674365,
            0.25595557358662635,
            0.057960532177356555
        ],
        [
            -0.06341362952989599,
            -0.06967640615459134,
            -0.035180770957112056,
            -0.020735924689698426,
            0.017026204101086715,
            -0.04923428210684694,
            -0.10327934171969048,
            0.4473593405171111,
            0.14895049301104096,
            0.033386464774374486,
            -0.16079805382078088,
            -0.12591728556633658,
            1.3203772157344937,
            -0.029151786776116805,
            -0.0031848003728139067,
            -0.02007519876435576,
            -0.10457320568789118,
            0.3556628027319638,
            -0.28305550261811807,
            -0.058330345611024376
        ],
        [
            0.3448839093296063,
            0.20586961389640146,
            -0.024665339432407563,
            0.03626355554785243,
            -0.08553652624587892,
            0.05716344180723776,
            0.14695103920267683,
            0.20502748661582076,
            -0.5692884637282821,
            -0.2242620987145627,
            -0.002184658396908179,
            0.032057373238924394,
            -0.029151786776116805,
            0.7651761069672665,
            -0.1298759254960853,
            0.001694031849601929,
            -0.07600473919577425,
            -0.3204636703543072,
            -0.42418152255919983,
            -0.18647759146711332
        ],
        [
            0.03798645712768387,
            0.03925183209016728,
            -0.014977285347847423,
            0.060228142752867,
            -0.0582593337464149,
            -0.014520638013345744,
            0.030091011994527198,
            0.05583761175732628,
            -0.279873971269247,
            0.40866008455564895,
            0.019499383811326557,
            0.015368884938780449,
            -0.0031848003728139067,
            -0.1298759254960853,
            1.3351464580661716,
            0.01491946278175224,
            -0.004872647979249127,
            -0.06989246164989533,
            -0.1958889764499036,
            0.42941189942877167
        ],
        [
            -0.05447159030580237,
            -0.19321968502408532,
            0.015911793236748697,
            -0.1269514541699308,
            0.011203498354676497,
            -0.3395189817372638,
            -0.36282263176140006,
            0.028324482436195838,
            -0.3611841436706865,
            -0.08555968352661514,
            -0.6314201019181895,
            -0.48552751278723394,
            -0.02007519876435576,
            0.001694031849601929,
            0.01491946278175224,
            -0.3168362225000172,
            -0.48902950696964664,
            0.11086780124292632,
            0.3049514474232205,
            0.06931910938546729
        ],
        [
            -0.18899206003461883,
            -0.23940569598150152,
            0.03198533419299933,
            -0.14547672944703371,
            0.04320341912486296,
            -0.40917132247314314,
            -0.34377689418543167,
            0.02310850370466768,
            -0.21247485089011653,
            -0.09218421319768115,
            -0.5832955344141448,
            -0.3822494320278478,
            -0.10457320568789118,
            -0.07600473919577425,
            -0.004872647979249127,
            -0.48902950696964664,
            -0.3260803245513024,
            0.08655585900127968,
            0.25493018210356366,
            0.05806228336154591
        ],
        [
            0.006927379446115281,
            0.035610626462818734,
            -0.017720914362720108,
            0.01155871695142374,
            -0.0016935855138188755,
            0.06552830496840531,
            0.06680943479851621,
            -0.0514976618488312,
            0.07360612664756325,
            0.019895742590020832,
            0.0167417922188271,
            0.0790741797674365,
            0.3556628027319638,
            -0.3204636703543072,
            -0.06989246164989533,
            0.11086780124292632,
            0.08655585900127968,
            1.4325258640401237,
            -0.09652025669593338,
            -0.02093116866808876
        ],
        [
            0.1286354463956019,
            0.15604549373840812,
            -0.019583137323501327,
            0.1692922785551393,
            -0.01887143310911522,
            0.2944846798676624,
            0.2206959420027444,
            -0.04803962042685602,
            0.04491933952955707,
            0.03895543057378398,
            0.10456927175324027,
            0.25595557358662635,
            -0.28305550261811807,
            -0.42418152255919983,
            -0.1958889764499036,
            0.3049514474232205,
            0.25493018210356366,
            -0.09652025669593338,
            1.1828556427033403,
            -0.06280400498991517
        ],
        [
            0.014797062839234331,
            0.03164033735103915,
            -0.002706818617814627,
            0.015801756890034522,
            -0.018583664583261578,
            0.06558126314744082,
            0.04809543136061521,
            -0.011869013324506763,
            0.015724279838041005,
            -0.03352708543875249,
            0.027738259450820674,
            0.057960532177356555,
            -0.058330345611024376,
            -0.18647759146711332,
            0.42941189942877167,
            0.06931910938546729,
            0.05806228336154591,
            -0.02093116866808876,
            -0.06280400498991517,
            1.4544182272409794
        ]
    ]
}