{
    "HF": -2.1566718581626465,
    "coordinates": [
        [
            0.766165,
            -0.057417,
            -0.124251
        ],
        [
            1.587358,
            0.187237,
            -0.019938
        ],
        [
            2.311187,
            -0.173883,
            -0.062881
        ],
        [
            3.019619,
            -0.076891,
            -0.186995
        ]
    ],
    "elements": [
        "H",
        "H",
        "H",
        "H"
    ],
    "Enn": 2.932451384922771,
    "S": [
        [
            0.9999999999999999,
            0.6848602514927513,
            0.0,
            0.0,
            0.0,
            0.4739246068817521,
            0.5278117971457844,
            -0.05989657200268404,
            -0.4715293937725894,
            -0.14048043797747797,
            0.11009454398214372,
            0.29576804139936713,
            -0.005767738814966535,
            -0.14520585561963872,
            0.010945828072737376,
            0.012081615422485545,
            0.11643145764810484,
            0.00040126483927884035,
            -0.014411447423375311,
            0.00012454149369049055
        ],
        [
            0.6848602514927513,
            1.0000000000000002,
            0.0,
            0.0,
            0.0,
            0.5278117971457844,
            0.850179584940373,
            -0.021496638089930648,
            -0.16922999744024625,
            -0.05041786254113952,
            0.2957680413993671,
            0.5922849044914169,
            -0.006809947904395958,
            -0.17144401712800467,
            0.012923698755635978,
            0.11643145764810484,
            0.33051010351679727,
            0.00256376883154549,
            -0.0920778899738862,
            0.0007957228456189758
        ],
        [
            0.0,
            0.0,
            1.0000000000000004,
            0.0,
            0.0,
            0.05989657200268402,
            0.02149663808993062,
            0.36940924805082787,
            -0.08454126839930118,
            -0.025186965157962413,
            0.005767738814966531,
            0.00680994790439595,
            0.04367562456711921,
            -0.010857489888342892,
            0.0008184533406875396,
            -0.00040126483927883987,
            -0.002563768831545489,
            0.0013500578971258324,
            0.0005006878222404732,
            -4.326866512611737e-06
        ],
        [
            0.0,
            0.0,
            0.0,
            1.0000000000000004,
            0.0,
            0.47152939377258934,
            0.16922999744024622,
            -0.08454126839930115,
            -0.28539394405639124,
            -0.19828170485905522,
            0.1452058556196386,
            0.17144401712800453,
            -0.010857489888342895,
            -0.22923611736556487,
            0.02060499294990621,
            0.014411447423375294,
            0.09207788997388604,
            0.0005006878222404726,
            -0.01661823020230244,
            0.0001553996342329301
        ],
        [
            0.0,
            0.0,
            0.0,
            0.0,
            1.0000000000000004,
            0.14048043797747797,
            0.05041786254113954,
            -0.025186965157962413,
            -0.19828170485905527,
            0.32107510627167124,
            -0.010945828072737366,
            -0.012923698755635964,
            0.0008184533406875396,
            0.0206049929499062,
            0.04255366193198768,
            -0.00012454149369049038,
            -0.0007957228456189734,
            -4.326866512611733e-06,
            0.0001553996342329301,
            0.0013626558486445253
        ],
        [
            0.4739246068817521,
            0.5278117971457844,
            0.05989657200268404,
            0.4715293937725894,
            0.14048043797747797,
            0.9999999999999999,
            0.6848602514927513,
            0.0,
            0.0,
            0.0,
            0.5149662887729758,
            0.544468066880718,
            0.027392165165878717,
            -0.4617107216508587,
            0.2303485710058012,
            0.1368686566351293,
            0.3233169957628715,
            0.020473243258873387,
            -0.17552708275137988,
            0.03236953133050222
        ],
        [
            0.5278117971457844,
            0.850179584940373,
            0.021496638089930645,
            0.16922999744024625,
            0.050417862541139544,
            0.6848602514927513,
            1.0000000000000002,
            0.0,
            0.0,
            0.0,
            0.5444680668807181,
            0.8668069607990899,
            0.00914808990738696,
            -0.15419632465300517,
            0.07692891105315372,
            0.3233169957628715,
            0.6261679016015784,
            0.020390556064628605,
            -0.17481816517524557,
            0.032238797489708454
        ],
        [
            -0.05989657200268402,
            -0.021496638089930624,
            0.3694092480508279,
            -0.08454126839930115,
            -0.02518696515796241,
            0.0,
            0.0,
            1.0000000000000004,
            0.0,
            0.0,
            -0.027392165165878724,
            -0.009148089907386964,
            0.42461397996367967,
            0.03443015759207669,
            -0.017177287052122448,
            -0.020473243258873383,
            -0.020390556064628595,
            0.056991839656658175,
            0.038167713255749386,
            -0.007038634555304216
        ],
        [
            -0.47152939377258934,
            -0.16922999744024622,
            -0.08454126839930118,
            -0.28539394405639124,
            -0.19828170485905522,
            0.0,
            0.0,
            0.0,
            1.0000000000000004,
            0.0,
            0.46171072165085836,
            0.15419632465300515,
            0.03443015759207669,
            -0.1536835010473519,
            0.28953306731366535,
            0.17552708275137985,
            0.17481816517524573,
            0.038167713255749365,
            -0.2657867188759399,
            0.06034564110940919
        ],
        [
            -0.14048043797747797,
            -0.050417862541139516,
            -0.02518696515796242,
            -0.19828170485905527,
            0.32107510627167124,
            0.0,
            0.0,
            0.0,
            0.0,
            1.0000000000000004,
            -0.23034857100580122,
            -0.0769289110531537,
            -0.01717728705212245,
            0.28953306731366546,
            0.28220790475691904,
            -0.032369531330502216,
            -0.03223879748970841,
            -0.007038634555304211,
            0.06034564110940917,
            0.05031513071772853
        ],
        [
            0.11009454398214372,
            0.29576804139936713,
            0.005767738814966533,
            0.14520585561963872,
            -0.010945828072737376,
            0.5149662887729758,
            0.544468066880718,
            -0.027392165165878724,
            0.4617107216508587,
            -0.2303485710058012,
            0.9999999999999999,
            0.6848602514927513,
            0.0,
            0.0,
            0.0,
            0.5822415994800316,
            0.569674223136478,
            0.09247146682596208,
            -0.527819151638413,
            -0.07226414836669284
        ],
        [
            0.2957680413993671,
            0.5922849044914169,
            0.006809947904395952,
            0.17144401712800467,
            -0.012923698755635968,
            0.5444680668807181,
            0.8668069607990899,
            -0.009148089907386955,
            0.15419632465300517,
            -0.07692891105315372,
            0.6848602514927513,
            1.0000000000000002,
            0.0,
            0.0,
            0.0,
            0.569674223136478,
            0.8916059748556322,
            0.02774847986721625,
            -0.15838592817322614,
            -0.021684745953567192
        ],
        [
            -0.0057677388149665314,
            -0.006809947904395945,
            0.04367562456711921,
            -0.010857489888342895,
            0.0008184533406875396,
            0.027392165165878717,
            0.009148089907386959,
            0.42461397996367967,
            0.034430157592076696,
            -0.01717728705212245,
            0.0,
            0.0,
            1.0000000000000004,
            0.0,
            0.0,
            -0.09247146682596202,
            -0.02774847986721623,
            0.4845680111320032,
            0.11522083007212461,
            0.015774977344834084
        ],
        [
            -0.1452058556196386,
            -0.17144401712800442,
            -0.010857489888342892,
            -0.22923611736556487,
            0.0206049929499062,
            -0.46171072165085836,
            -0.15419632465300515,
            0.03443015759207669,
            -0.1536835010473519,
            0.28953306731366535,
            0.0,
            0.0,
            0.0,
            1.0000000000000004,
            0.0,
            0.527819151638413,
            0.15838592817322608,
            0.11522083007212446,
            -0.15291638754734965,
            -0.09004220918152266
        ],
        [
            0.01094582807273737,
            0.012923698755635952,
            0.0008184533406875396,
            0.02060499294990621,
            0.04255366193198768,
            0.23034857100580122,
            0.0769289110531537,
            -0.01717728705212245,
            0.28953306731366546,
            0.28220790475691904,
            0.0,
            0.0,
            0.0,
            0.0,
            1.0000000000000004,
            0.07226414836669282,
            0.021684745953567182,
            0.015774977344834077,
            -0.09004220918152275,
            0.4924264141271213
        ],
        [
            0.012081615422485545,
            0.11643145764810484,
            -0.00040126483927884035,
            0.014411447423375311,
            -0.00012454149369049055,
            0.1368686566351293,
            0.3233169957628715,
            -0.020473243258873387,
            0.17552708275137988,
            -0.03236953133050222,
            0.5822415994800316,
            0.569674223136478,
            -0.09247146682596205,
            0.527819151638413,
            0.07226414836669282,
            0.9999999999999999,
            0.6848602514927513,
            0.0,
            0.0,
            0.0
        ],
        [
            0.11643145764810484,
            0.33051010351679727,
            -0.00256376883154549,
            0.09207788997388613,
            -0.0007957228456189737,
            0.3233169957628715,
            0.6261679016015784,
            -0.020390556064628595,
            0.17481816517524576,
            -0.03223879748970847,
            0.569674223136478,
            0.8916059748556322,
            -0.027748479867216264,
            0.15838592817322614,
            0.021684745953567192,
            0.6848602514927513,
            1.0000000000000002,
            0.0,
            0.0,
            0.0
        ],
        [
            0.0004012648392788399,
            0.002563768831545489,
            0.0013500578971258324,
            0.0005006878222404726,
            -4.326866512611733e-06,
            0.020473243258873387,
            0.0203905560646286,
            0.056991839656658175,
            0.038167713255749386,
            -0.007038634555304216,
            0.09247146682596202,
            0.02774847986721624,
            0.4845680111320033,
            0.11522083007212444,
            0.015774977344834074,
            0.0,
            0.0,
            1.0000000000000004,
            0.0,
            0.0
        ],
        [
            -0.014411447423375294,
            -0.09207788997388604,
            0.0005006878222404732,
            -0.01661823020230244,
            0.0001553996342329301,
            -0.17552708275137985,
            -0.17481816517524554,
            0.038167713255749365,
            -0.2657867188759399,
            0.06034564110940919,
            -0.527819151638413,
            -0.15838592817322608,
            0.11522083007212464,
            -0.15291638754734949,
            -0.09004220918152275,
            0.0,
            0.0,
            0.0,
            1.0000000000000004,
            0.0
        ],
        [
            0.00012454149369049038,
            0.0007957228456189713,
            -4.326866512611737e-06,
            0.0001553996342329301,
            0.0013626558486445253,
            0.032369531330502216,
            0.032238797489708426,
            -0.007038634555304211,
            0.06034564110940917,
            0.05031513071772853,
            -0.07226414836669284,
            -0.021684745953567182,
            0.015774977344834084,
            -0.09004220918152266,
            0.4924264141271213,
            0.0,
            0.0,
            0.0,
            0.0,
            1.0000000000000004
        ]
    ],
    "h": [
        [
            -0.21405285056975232,
            -0.44503316103581947,
            -0.028893817299658148,
            -0.2307493667252745,
            -0.06313831879156095,
            -0.5233327278744473,
            -0.4329450256139846,
            0.006975632228793757,
            0.051655738936978834,
            0.030514909156020897,
            -0.218317748237538,
            -0.2916205450243554,
            -0.005148196383290135,
            0.27353180329676996,
            -0.06466046443803819,
            -0.012475067885332196,
            -0.13408390908488632,
            -0.00493519319939751,
            0.06738080609596006,
            -0.0052921986574782105
        ],
        [
            -0.44503316103581947,
            -0.3093098156405074,
            -0.025714328908324525,
            -0.21120775592812793,
            -0.054704542215374186,
            -0.5074128748968201,
            -0.3651291640187557,
            0.027047898512971527,
            0.09486240553067812,
            0.09625592684221958,
            -0.31937503307228615,
            -0.30518873443388705,
            -0.001954405092276436,
            0.16266246916143579,
            -0.08000557926288439,
            -0.1399437527345988,
            -0.19871880771499584,
            -0.016542576312525724,
            0.1241404957835548,
            0.0015744843681640033
        ],
        [
            -0.028893817299658148,
            -0.025714328908324525,
            1.496700291766065,
            -0.02559311536847502,
            -0.007310193350679501,
            -0.008407283609964594,
            -0.02280533071898003,
            0.2578714745114271,
            -0.10996869489366382,
            -0.030695945304326393,
            -0.016076796381153835,
            -0.01833486977669648,
            -0.04313031765711735,
            0.02012914984715459,
            -0.006366994549031538,
            -0.00082676192006158,
            -0.008634387342344476,
            -0.004791785407232304,
            0.0013301318417960676,
            -0.00020047211015519406
        ],
        [
            -0.2307493667252745,
            -0.21120775592812793,
            -0.02559311536847502,
            1.288035318518403,
            -0.05593931859324813,
            -0.08872065799772844,
            -0.19878340810134054,
            -0.1043838773430193,
            -0.6131479105152694,
            -0.22702972324700776,
            -0.21284562561296463,
            -0.16167334705154546,
            -0.0034693152243970918,
            0.1512005662529336,
            -0.06532798743446655,
            -0.06463286212680303,
            -0.1087554381034107,
            -0.00654781906724599,
            0.0879573624451854,
            -0.002026456807210598
        ],
        [
            -0.06313831879156095,
            -0.054704542215374186,
            -0.007310193350679501,
            -0.05593931859324813,
            1.4824837754753584,
            -0.011227769126098214,
            -0.04609269140990167,
            -0.032809841453255224,
            -0.25641961768583976,
            0.1955894541510691,
            -0.01815815812243833,
            -0.03794615597646267,
            -0.0010527776007459226,
            0.035783028987649255,
            -0.05362558978200577,
            0.00043558671541925787,
            -0.01593764449970719,
            -0.0003092967822181131,
            0.0034183792849402954,
            -0.0052586557890706934
        ],
        [
            -0.5233327278744473,
            -0.5074128748968201,
            -0.008407283609964594,
            -0.08872065799772844,
            -0.011227769126098214,
            -0.3791879178076134,
            -0.5720291633649691,
            0.03796687753082525,
            0.017711615918634474,
            0.15664418071013064,
            -0.5107296746658356,
            -0.49656319920433245,
            0.008277717988241354,
            0.045639337396764845,
            -0.02937285845283716,
            -0.26808413144325516,
            -0.34067203894034503,
            -0.03527347759536115,
            0.2492059435300995,
            -0.008403982136809256
        ],
        [
            -0.4329450256139846,
            -0.3651291640187557,
            -0.02280533071898003,
            -0.19878340810134054,
            -0.04609269140990167,
            -0.5720291633649691,
            -0.43170424822141906,
            0.034415175293541864,
            -0.006337463996672968,
            0.13813232149011279,
            -0.512202227918281,
            -0.4137001153396107,
            0.011911409733277529,
            0.09166250344684085,
            -0.10345626591748619,
            -0.3310458252631189,
            -0.31949673821117,
            -0.03292265626580011,
            0.20076741337308052,
            0.014193940207753192
        ],
        [
            0.006975632228793757,
            0.027047898512971527,
            0.2578714745114271,
            -0.1043838773430193,
            -0.032809841453255224,
            0.03796687753082525,
            0.034415175293541864,
            1.4151827995603021,
            -0.010110348068391955,
            -0.013318627689428396,
            0.015018281560307684,
            0.027364275005694026,
            0.3202701471697639,
            0.04329269682515005,
            -0.01957470346909812,
            0.022877216186855065,
            0.018035212297849344,
            -0.04370572767178128,
            -0.012444522421495255,
            -0.001750155310307297
        ],
        [
            0.051655738936978834,
            0.09486240553067812,
            -0.10996869489366382,
            -0.6131479105152694,
            -0.25641961768583976,
            0.017711615918634474,
            -0.006337463996672968,
            -0.010110348068391955,
            0.9737890033079069,
            0.04081832656656699,
            -0.08116685574362992,
            -0.11944653676996875,
            0.06206426313984545,
            -0.6066516863144683,
            0.38250801533290624,
            -0.30705626443068973,
            -0.1752339376678439,
            -0.031360651235839934,
            0.1297089525492393,
            0.021238106598335235
        ],
        [
            0.030514909156020897,
            0.09625592684221958,
            -0.030695945304326393,
            -0.22702972324700776,
            0.1955894541510691,
            0.15664418071013064,
            0.13813232149011279,
            -0.013318627689428396,
            0.04081832656656699,
            1.3551679943652637,
            0.042391835098181896,
            0.11938698098960979,
            -0.026439719200137914,
            0.38416445905350394,
            0.13996902062858868,
            0.09054557245099248,
            0.09308900291491268,
            0.013326275229801319,
            -0.08306834703360708,
            -0.050254832075347367
        ],
        [
            -0.218317748237538,
            -0.31937503307228615,
            -0.016076796381153835,
            -0.21284562561296463,
            -0.01815815812243833,
            -0.5107296746658356,
            -0.512202227918281,
            0.015018281560307684,
            -0.08116685574362992,
            0.042391835098181896,
            -0.4621157277516743,
            -0.6060293631182796,
            0.038341879088997825,
            -0.09790874687830098,
            -0.13448916905632868,
            -0.6093785613107928,
            -0.5551117501436478,
            -0.011591108685106405,
            0.07884106274808866,
            -0.008113609956092338
        ],
        [
            -0.2916205450243554,
            -0.30518873443388705,
            -0.01833486977669648,
            -0.16167334705154546,
            -0.03794615597646267,
            -0.49656319920433245,
            -0.4137001153396107,
            0.027364275005694026,
            -0.11944653676996875,
            0.11938698098960979,
            -0.6060293631182796,
            -0.4363689095279748,
            0.028211789215352407,
            -0.03477155261858243,
            -0.11402135275722877,
            -0.47980198361320614,
            -0.37406021862798844,
            -0.0416838123681536,
            0.24907597460093372,
            0.018149948910797218
        ],
        [
            -0.005148196383290135,
            -0.001954405092276436,
            -0.04313031765711735,
            -0.0034693152243970918,
            -0.0010527776007459226,
            0.008277717988241354,
            0.011911409733277529,
            0.3202701471697639,
            0.06206426313984545,
            -0.026439719200137914,
            0.038341879088997825,
            0.028211789215352407,
            1.3894712609028483,
            0.05984267523766339,
            0.0011354789832136378,
            0.0023488083129470927,
            0.031174155186163954,
            0.4190585093601775,
            0.16516399280491706,
            0.023069775247420172
        ],
        [
            0.27353180329676996,
            0.16266246916143579,
            0.02012914984715459,
            0.1512005662529336,
            0.035783028987649255,
            0.045639337396764845,
            0.09166250344684085,
            0.04329269682515005,
            -0.6066516863144683,
            0.38416445905350394,
            -0.09790874687830098,
            -0.03477155261858243,
            0.05984267523766339,
            0.8847296649019725,
            0.05863400428306785,
            -0.011900819215048597,
            -0.1197578853344535,
            0.16895359476252647,
            -0.5322075639779682,
            -0.12594694261489567
        ],
        [
            -0.06466046443803819,
            -0.08000557926288439,
            -0.006366994549031538,
            -0.06532798743446655,
            -0.05362558978200577,
            -0.02937285845283716,
            -0.10345626591748619,
            -0.01957470346909812,
            0.38250801533290624,
            0.13996902062858868,
            -0.13448916905632868,
            -0.11402135275722877,
            0.0011354789832136378,
            0.05863400428306785,
            1.3469477831808443,
            -0.026503479303110283,
            -0.07947916532901986,
            0.01787319909090461,
            -0.09365014882599917,
            0.4267791930517435
        ],
        [
            -0.012475067885332196,
            -0.1399437527345988,
            -0.00082676192006158,
            -0.06463286212680303,
            0.00043558671541925787,
            -0.26808413144325516,
            -0.3310458252631189,
            0.022877216186855065,
            -0.30705626443068973,
            0.09054557245099248,
            -0.6093785613107928,
            -0.47980198361320614,
            0.0023488083129470927,
            -0.011900819215048597,
            -0.026503479303110283,
            -0.3021143346366788,
            -0.48374843186243766,
            -0.05419713766228202,
            0.30853429188897985,
            0.03426029224472792
        ],
        [
            -0.13408390908488632,
            -0.19871880771499584,
            -0.008634387342344476,
            -0.1087554381034107,
            -0.01593764449970719,
            -0.34067203894034503,
            -0.31949673821117,
            0.018035212297849344,
            -0.1752339376678439,
            0.09308900291491268,
            -0.5551117501436478,
            -0.37406021862798844,
            0.031174155186163954,
            -0.1197578853344535,
            -0.07947916532901986,
            -0.48374843186243766,
            -0.3215541195687812,
            -0.04411108129160769,
            0.2558013065932149,
            0.024122258369754845
        ],
        [
            -0.00493519319939751,
            -0.016542576312525724,
            -0.004791785407232304,
            -0.00654781906724599,
            -0.0003092967822181131,
            -0.03527347759536115,
            -0.03292265626580011,
            -0.04370572767178128,
            -0.031360651235839934,
            0.013326275229801319,
            -0.011591108685106405,
            -0.0416838123681536,
            0.4190585093601775,
            0.16895359476252647,
            0.01787319909090461,
            -0.05419713766228202,
            -0.04411108129160769,
            1.460311596232952,
            0.05080227996888674,
            0.005767939299095311
        ],
        [
            0.06738080609596006,
            0.1241404957835548,
            0.0013301318417960676,
            0.0879573624451854,
            0.0034183792849402954,
            0.2492059435300995,
            0.20076741337308052,
            -0.012444522421495255,
            0.1297089525492393,
            -0.08306834703360708,
            0.07884106274808866,
            0.24907597460093372,
            0.16516399280491706,
            -0.5322075639779682,
            -0.09365014882599917,
            0.30853429188897985,
            0.2558013065932149,
            0.05080227996888674,
            1.1726107018406322,
            -0.031182960452975382
        ],
        [
            -0.0052921986574782105,
            0.0015744843681640033,
            -0.00020047211015519406,
            -0.002026456807210598,
            -0.0052586557890706934,
            -0.008403982136809256,
            0.014193940207753192,
            -0.001750155310307297,
            0.021238106598335235,
            -0.050254832075347367,
            -0.008113609956092338,
            0.018149948910797218,
            0.023069775247420172,
            -0.12594694261489567,
            0.4267791930517435,
            0.03426029224472792,
            0.024122258369754845,
            0.005767939299095311,
            -0.031182960452975382,
            1.4630142535285744
        ]
    ]
}