{
    "HF": -2.1663410528474563,
    "coordinates": [
        [
            0.748006,
            -0.055688,
            0.056993
        ],
        [
            1.52734,
            0.002771,
            -0.106909
        ],
        [
            2.316254,
            -0.171481,
            0.067758
        ],
        [
            3.075998,
            0.167799,
            -0.097748
        ]
    ],
    "elements": [
        "H",
        "H",
        "H",
        "H"
    ],
    "Enn": 2.8287039304682766,
    "S": [
        [
            0.9999999999999999,
            0.6848602514927513,
            0.0,
            0.0,
            0.0,
            0.5240235132732414,
            0.5480065813313677,
            0.1068820229635999,
            -0.5082109704842782,
            -0.03812165916480023,
            0.10388069197129564,
            0.28878768908435254,
            -0.0009426673321583876,
            -0.13732802213866488,
            0.010139737890628536,
            0.008668106744427109,
            0.100931332784761,
            0.0006590740473723531,
            -0.009915401281434519,
            -0.0009518775348815446
        ],
        [
            0.6848602514927513,
            1.0000000000000002,
            0.0,
            0.0,
            0.0,
            0.5480065813313677,
            0.8703142800889392,
            0.03515812624136955,
            -0.1671725979926513,
            -0.012539864687094863,
            0.2887876890843525,
            0.5835123537684523,
            -0.0011644021264816053,
            -0.16963040464937526,
            0.012524813323890804,
            0.10093133278476095,
            0.30220103350738625,
            0.005423891474682394,
            -0.08159942072190839,
            -0.007833536257374232
        ],
        [
            0.0,
            0.0,
            1.0000000000000004,
            0.0,
            0.0,
            -0.10688202296359986,
            -0.03515812624136951,
            0.4065667818448032,
            0.14493356303232044,
            0.010871681668330165,
            0.0009426673321583876,
            0.0011644021264816053,
            0.040342031379461664,
            -0.0017686804056140147,
            0.00013059210673775035,
            -0.0006590740473723525,
            -0.005423891474682393,
            0.0007502424837589059,
            0.0007481592429198771,
            7.18232127612271e-05
        ],
        [
            0.0,
            0.0,
            0.0,
            1.0000000000000004,
            0.0,
            0.508210970484278,
            0.16717259799265088,
            0.14493356303232044,
            -0.2520935889431501,
            -0.05169351906203964,
            0.13732802213866485,
            0.16963040464937518,
            -0.0017686804056140136,
            -0.2173076493102426,
            0.01902469207684751,
            0.00991540128143451,
            0.08159942072190829,
            0.0007481592429198767,
            -0.010455665912448144,
            -0.0010805401588618046
        ],
        [
            0.0,
            0.0,
            0.0,
            0.0,
            1.0000000000000004,
            0.03812165916480021,
            0.012539864687094851,
            0.010871681668330165,
            -0.051693519062039645,
            0.43317020145343776,
            -0.010139737890628532,
            -0.012524813323890804,
            0.00013059210673775038,
            0.019024692076847528,
            0.03894946698589127,
            0.0009518775348815434,
            0.00783353625737422,
            7.182321276122703e-05,
            -0.0010805401588618044,
            0.0006962406791672736
        ],
        [
            0.5240235132732414,
            0.5480065813313677,
            -0.1068820229635999,
            0.5082109704842781,
            0.03812165916480023,
            0.9999999999999999,
            0.6848602514927513,
            0.0,
            0.0,
            0.0,
            0.5020557096216592,
            0.539340555038568,
            -0.10789036398856752,
            -0.4873056651552769,
            0.10763402191447649,
            0.10812807839542098,
            0.293586158640604,
            -0.0008422956328426565,
            -0.14238924464216174,
            -0.015173274063612928
        ],
        [
            0.5480065813313677,
            0.8703142800889392,
            -0.03515812624136955,
            0.16717259799265113,
            0.012539864687094868,
            0.6848602514927513,
            1.0000000000000002,
            0.0,
            0.0,
            0.0,
            0.539340555038568,
            0.8617092239459478,
            -0.036835096953164885,
            -0.16637214629958222,
            0.03674757861692753,
            0.29358615864060406,
            0.5895513327200561,
            -0.0010085324211260116,
            -0.17049140947889654,
            -0.018167895250909727
        ],
        [
            0.10688202296359986,
            0.03515812624136951,
            0.4065667818448032,
            0.14493356303232038,
            0.010871681668330165,
            0.0,
            0.0,
            1.0000000000000004,
            0.0,
            0.0,
            0.1078903639885675,
            0.03683509695316486,
            0.379294411384633,
            -0.1473622587032806,
            0.032548754748380745,
            0.0008422956328426563,
            0.0010085324211260114,
            0.042898288897508435,
            -0.001580393200627737,
            -0.00016840976452721918
        ],
        [
            -0.5082109704842779,
            -0.16717259799265088,
            0.14493356303232047,
            -0.2520935889431499,
            -0.05169351906203965,
            0.0,
            0.0,
            0.0,
            1.0000000000000004,
            0.0,
            0.48730566515527685,
            0.1663721462995822,
            -0.14736225870328057,
            -0.2536666843784766,
            0.14701213339419605,
            0.14238924464216168,
            0.1704914094788967,
            -0.0015803932006277373,
            -0.22425627169656343,
            -0.02846950432411245
        ],
        [
            -0.03812165916480021,
            -0.012539864687094854,
            0.010871681668330165,
            -0.05169351906203963,
            0.43317020145343776,
            0.0,
            0.0,
            0.0,
            0.0,
            1.0000000000000004,
            -0.10763402191447648,
            -0.03674757861692755,
            0.03254875474838076,
            0.14701213339419614,
            0.37944926397023865,
            0.015173274063612923,
            0.01816789525090973,
            -0.00016840976452721918,
            -0.028469504324112438,
            0.03987387202981481
        ],
        [
            0.10388069197129564,
            0.28878768908435254,
            0.0009426673321583876,
            0.13732802213866485,
            -0.010139737890628536,
            0.5020557096216592,
            0.539340555038568,
            0.10789036398856752,
            0.48730566515527685,
            -0.10763402191447649,
            0.9999999999999999,
            0.6848602514927513,
            0.0,
            0.0,
            0.0,
            0.485249650832988,
            0.5325134638230944,
            0.09791793306633222,
            -0.4494855904894538,
            -0.2007274439038174
        ],
        [
            0.2887876890843525,
            0.5835123537684523,
            0.0011644021264816053,
            0.16963040464937537,
            -0.012524813323890804,
            0.539340555038568,
            0.8617092239459478,
            0.036835096953164885,
            0.16637214629958186,
            -0.03674757861692754,
            0.6848602514927513,
            1.0000000000000002,
            0.0,
            0.0,
            0.0,
            0.5325134638230944,
            0.8548930649233716,
            0.03443166469325092,
            -0.1580562073925373,
            -0.07058339393814232
        ],
        [
            -0.0009426673321583876,
            -0.0011644021264816053,
            0.040342031379461664,
            -0.0017686804056140143,
            0.00013059210673775038,
            -0.1078903639885675,
            -0.03683509695316486,
            0.379294411384633,
            -0.1473622587032805,
            0.032548754748380745,
            0.0,
            0.0,
            1.0000000000000004,
            0.0,
            0.0,
            -0.09791793306633223,
            -0.034431664693250916,
            0.3649415693776875,
            0.12825503714678935,
            0.05727504133387392
        ],
        [
            -0.13732802213866482,
            -0.16963040464937526,
            -0.0017686804056140139,
            -0.2173076493102427,
            0.01902469207684752,
            -0.4873056651552766,
            -0.1663721462995822,
            -0.14736225870328065,
            -0.25366668437847645,
            0.14701213339419614,
            0.0,
            0.0,
            0.0,
            1.0000000000000004,
            0.0,
            0.4494855904894539,
            0.15805620739253726,
            0.12825503714678946,
            -0.19586478170231345,
            -0.26291716918518204
        ],
        [
            0.010139737890628536,
            0.012524813323890804,
            0.00013059210673775035,
            0.01902469207684752,
            0.03894946698589127,
            0.10763402191447648,
            0.036747578616927526,
            0.03254875474838076,
            0.14701213339419605,
            0.37944926397023865,
            0.0,
            0.0,
            0.0,
            0.0,
            1.0000000000000004,
            0.20072744390381733,
            0.07058339393814224,
            0.05727504133387388,
            -0.2629171691851816,
            0.275469906576623
        ],
        [
            0.008668106744427109,
            0.100931332784761,
            -0.0006590740473723531,
            0.009915401281434522,
            0.0009518775348815446,
            0.10812807839542098,
            0.293586158640604,
            0.0008422956328426565,
            0.1423892446421618,
            0.015173274063612928,
            0.485249650832988,
            0.5325134638230944,
            -0.09791793306633222,
            0.44948559048945386,
            0.2007274439038174,
            0.9999999999999999,
            0.6848602514927513,
            0.0,
            0.0,
            0.0
        ],
        [
            0.10093133278476095,
            0.30220103350738625,
            -0.005423891474682394,
            0.08159942072190836,
            0.007833536257374228,
            0.29358615864060406,
            0.5895513327200561,
            0.0010085324211260116,
            0.1704914094788967,
            0.018167895250909723,
            0.5325134638230944,
            0.8548930649233716,
            -0.03443166469325092,
            0.1580562073925373,
            0.07058339393814232,
            0.6848602514927513,
            1.0000000000000002,
            0.0,
            0.0,
            0.0
        ],
        [
            0.0006590740473723525,
            0.005423891474682393,
            0.0007502424837589059,
            0.0007481592429198771,
            7.18232127612271e-05,
            -0.0008422956328426563,
            -0.0010085324211260114,
            0.042898288897508435,
            -0.0015803932006277373,
            -0.00016840976452721918,
            0.09791793306633223,
            0.034431664693250916,
            0.3649415693776875,
            0.1282550371467895,
            0.05727504133387392,
            0.0,
            0.0,
            1.0000000000000004,
            0.0,
            0.0
        ],
        [
            -0.009915401281434512,
            -0.08159942072190837,
            0.0007481592429198767,
            -0.010455665912448144,
            -0.0010805401588618046,
            -0.14238924464216168,
            -0.17049140947889652,
            -0.001580393200627737,
            -0.22425627169656337,
            -0.028469504324112438,
            -0.44948559048945386,
            -0.15805620739253726,
            0.1282550371467893,
            -0.19586478170231345,
            -0.2629171691851817,
            0.0,
            0.0,
            0.0,
            1.0000000000000004,
            0.0
        ],
        [
            -0.0009518775348815434,
            -0.007833536257374216,
            7.182321276122703e-05,
            -0.0010805401588618044,
            0.0006962406791672736,
            -0.01517327406361292,
            -0.018167895250909727,
            -0.00016840976452721918,
            -0.02846950432411245,
            0.03987387202981481,
            -0.20072744390381733,
            -0.07058339393814224,
            0.05727504133387388,
            -0.26291716918518193,
            0.275469906576623,
            0.0,
            0.0,
            0.0,
            0.0,
            1.0000000000000004
        ]
    ],
    "h": [
        [
            -0.24926480706942633,
            -0.4602736565538501,
            0.052596600929835306,
            -0.2661442017859661,
            -0.016426333424152686,
            -0.558364188825147,
            -0.45186943732091844,
            -0.01804798747237235,
            0.03211345592425119,
            0.014218854829672771,
            -0.22122580089675598,
            -0.2972270787685106,
            0.02478756541473429,
            0.2835767354830474,
            -0.029522593740296442,
            -0.0024844957970299453,
            -0.1209724168114109,
            -0.001993296100044703,
            0.05141982850455115,
            0.005882382639734989
        ],
        [
            -0.4602736565538501,
            -0.3116973187600618,
            0.04378438949704805,
            -0.2318100367253925,
            -0.012899950312358672,
            -0.525147408949141,
            -0.36579469652509145,
            -0.06282832225953414,
            0.10996247464466885,
            0.03692741503023725,
            -0.3102846823953165,
            -0.30229176501683386,
            0.03877649950136709,
            0.1757696289117222,
            -0.04609058129734822,
            -0.11849018598803969,
            -0.18421160194183495,
            -0.012116580677235318,
            0.09898220017430077,
            0.027759927462533203
        ],
        [
            0.052596600929835306,
            0.04378438949704805,
            1.4762416228760267,
            0.04907776858503228,
            0.003702783708017756,
            0.006934380357981745,
            0.03850971952572006,
            0.3103138181155409,
            0.19931891835641913,
            0.013892194635167575,
            0.019626385576461264,
            0.030225353698590147,
            -0.04735701910125359,
            -0.030281398580646855,
            0.004490865919350097,
            0.002097007860522043,
            0.01344317344872463,
            -0.0025532140916573547,
            -0.005524925217407883,
            -0.0006588327835739913
        ],
        [
            -0.2661442017859661,
            -0.2318100367253925,
            0.04907776858503228,
            1.2330662987138663,
            -0.015610889188092704,
            -0.07735961215513265,
            -0.22085821186104143,
            0.18197158729429663,
            -0.6179639451483216,
            -0.056818820023681424,
            -0.22111233172167402,
            -0.17566352551709596,
            0.031167601391208277,
            0.18927822300198383,
            -0.03797942277397144,
            -0.05182308940130659,
            -0.10749995807719653,
            -0.005328563884038205,
            0.06671983521398195,
            0.011089770237474712
        ],
        [
            -0.016426333424152686,
            -0.012899950312358672,
            0.003702783708017756,
            -0.015610889188092704,
            1.4851694617349596,
            0.0015925935944058334,
            -0.010262194814618535,
            0.015515725103590158,
            -0.0705637007740453,
            0.34546302113789285,
            0.0013987249287858439,
            -0.008317243893672879,
            0.0006120254612752938,
            0.00389469155855407,
            -0.04385569691730437,
            -0.000944432997940526,
            -0.0039453671123471645,
            -0.00014909819580555283,
            0.0039713973711329505,
            -0.002501337932861096
        ],
        [
            -0.558364188825147,
            -0.525147408949141,
            0.006934380357981745,
            -0.07735961215513265,
            0.0015925935944058334,
            -0.40888496120291196,
            -0.5852216762247153,
            -0.09556482849005388,
            0.05327007725736446,
            0.062346047295257154,
            -0.4917703401742477,
            -0.49285233349896784,
            0.016664092889905835,
            0.06574740950044078,
            -0.027731150176714986,
            -0.21992152863329406,
            -0.31330419531959586,
            -0.018078929117107644,
            0.2075383044822865,
            0.05105800856982072
        ],
        [
            -0.45186943732091844,
            -0.36579469652509145,
            0.03850971952572006,
            -0.22085821186104143,
            -0.010262194814618535,
            -0.5852216762247153,
            -0.4346730470742697,
            -0.08046284867153916,
            0.011337995890541519,
            0.05201627602881976,
            -0.4884755600422308,
            -0.40843948654945805,
            0.058566029357768716,
            0.12049706632790902,
            -0.08162292852073974,
            -0.2940244745099269,
            -0.30408695955297327,
            -0.027514149661274558,
            0.15694075192657841,
            0.06027123799141751
        ],
        [
            -0.01804798747237235,
            -0.06282832225953414,
            0.3103138181155409,
            0.18197158729429663,
            0.015515725103590158,
            -0.09556482849005388,
            -0.08046284867153916,
            1.3936208820011995,
            0.006228044378588961,
            0.013757486458685077,
            -0.016959879140234696,
            -0.06040614221570579,
            0.2644514932468896,
            -0.1811433389252745,
            0.039431803298171156,
            -0.023440011271578687,
            -0.039077562913692604,
            -0.04636756669192128,
            0.02781138635714324,
            0.00866883957935745
        ],
        [
            0.03211345592425119,
            0.10996247464466885,
            0.19931891835641913,
            -0.6179639451483216,
            -0.0705637007740453,
            0.05327007725736446,
            0.011337995890541519,
            0.006228044378588961,
            0.9179843709069231,
            0.023473407275391985,
            -0.06305300413326609,
            -0.11304978067995963,
            -0.18209544833495006,
            -0.7095204193785398,
            0.16722439300243058,
            -0.27911550108473604,
            -0.17345242611632805,
            -0.027836783396241828,
            0.1564962007039341,
            0.06616581546011382
        ],
        [
            0.014218854829672771,
            0.03692741503023725,
            0.013892194635167575,
            -0.056818820023681424,
            0.34546302113789285,
            0.062346047295257154,
            0.05201627602881976,
            0.013757486458685077,
            0.023473407275391985,
            1.4028294022229286,
            0.005877619324784034,
            0.04219901283581449,
            0.04229820288090723,
            0.1871590900360814,
            0.2635132475441757,
            0.010948604886355882,
            0.031028412887616832,
            0.0026109344724104828,
            -0.01848489514206922,
            -0.0488516977281654
        ],
        [
            -0.22122580089675598,
            -0.3102846823953165,
            0.019626385576461264,
            -0.22111233172167402,
            0.0013987249287858439,
            -0.4917703401742477,
            -0.4884755600422308,
            -0.016959879140234696,
            -0.06305300413326609,
            0.005877619324784034,
            -0.38183575078955356,
            -0.5711206713263088,
            0.08803274211484594,
            -0.014050592850552893,
            -0.1345003962098857,
            -0.5342194431560313,
            -0.5113130743511388,
            -0.009265827464730314,
            0.0856288519825934,
            0.025002146771096023
        ],
        [
            -0.2972270787685106,
            -0.30229176501683386,
            0.030225353698590147,
            -0.17566352551709596,
            -0.008317243893672879,
            -0.49285233349896784,
            -0.40843948654945805,
            -0.06040614221570579,
            -0.11304978067995963,
            0.04219901283581449,
            -0.5711206713263088,
            -0.4288330433806462,
            0.07576641074803442,
            0.012108524552346539,
            -0.11558958642971424,
            -0.4399875389467234,
            -0.36603711029602737,
            -0.03413870502156062,
            0.19423703969247447,
            0.07524723745822993
        ],
        [
            0.02478756541473429,
            0.03877649950136709,
            -0.04735701910125359,
            0.031167601391208277,
            0.0006120254612752938,
            0.016664092889905835,
            0.058566029357768716,
            0.2644514932468896,
            -0.18209544833495006,
            0.04229820288090723,
            0.08803274211484594,
            0.07576641074803442,
            1.3997715347295188,
            -0.004628202884661734,
            0.02750804903312592,
            0.02020882690329376,
            0.05833765447575302,
            0.25138498481961546,
            0.1520638258222442,
            0.07165653829810997
        ],
        [
            0.2835767354830474,
            0.1757696289117222,
            -0.030281398580646855,
            0.18927822300198383,
            0.00389469155855407,
            0.06574740950044078,
            0.12049706632790902,
            -0.1811433389252745,
            -0.7095204193785398,
            0.1871590900360814,
            -0.014050592850552893,
            0.012108524552346539,
            -0.004628202884661734,
            0.9867485051377902,
            -0.036879445226131735,
            -0.040490402363331124,
            -0.08400557508255069,
            0.16886035250650427,
            -0.5093703770686464,
            -0.3477105224204391
        ],
        [
            -0.029522593740296442,
            -0.04609058129734822,
            0.004490865919350097,
            -0.03797942277397144,
            -0.04385569691730437,
            -0.027731150176714986,
            -0.08162292852073974,
            0.039431803298171156,
            0.16722439300243058,
            0.2635132475441757,
            -0.1345003962098857,
            -0.11558958642971424,
            0.02750804903312592,
            -0.036879445226131735,
            1.3724734216038943,
            -0.031373342736583265,
            -0.09669030447468574,
            0.07401720945929509,
            -0.3239561601439781,
            0.13742755373372612
        ],
        [
            -0.0024844957970299453,
            -0.11849018598803969,
            0.002097007860522043,
            -0.05182308940130659,
            -0.000944432997940526,
            -0.21992152863329406,
            -0.2940244745099269,
            -0.023440011271578687,
            -0.27911550108473604,
            0.010948604886355882,
            -0.5342194431560313,
            -0.4399875389467234,
            0.02020882690329376,
            -0.040490402363331124,
            -0.031373342736583265,
            -0.22475643000175172,
            -0.4496566667716775,
            -0.0451043022009857,
            0.22413699351926414,
            0.09570298396088929
        ],
        [
            -0.1209724168114109,
            -0.18421160194183495,
            0.01344317344872463,
            -0.10749995807719653,
            -0.0039453671123471645,
            -0.31330419531959586,
            -0.30408695955297327,
            -0.039077562913692604,
            -0.17345242611632805,
            0.031028412887616832,
            -0.5113130743511388,
            -0.36603711029602737,
            0.05833765447575302,
            -0.08400557508255069,
            -0.09669030447468574,
            -0.4496566667716775,
            -0.3113644633229309,
            -0.03906909567687057,
            0.2036262880241725,
            0.08404422842685856
        ],
        [
            -0.001993296100044703,
            -0.012116580677235318,
            -0.0025532140916573547,
            -0.005328563884038205,
            -0.00014909819580555283,
            -0.018078929117107644,
            -0.027514149661274558,
            -0.04636756669192128,
            -0.027836783396241828,
            0.0026109344724104828,
            -0.009265827464730314,
            -0.03413870502156062,
            0.25138498481961546,
            0.16886035250650427,
            0.07401720945929509,
            -0.0451043022009857,
            -0.03906909567687057,
            1.4814847929611281,
            0.038299771587449946,
            0.01728231654633136
        ],
        [
            0.05141982850455115,
            0.09898220017430077,
            -0.005524925217407883,
            0.06671983521398195,
            0.0039713973711329505,
            0.2075383044822865,
            0.15694075192657841,
            0.02781138635714324,
            0.1564962007039341,
            -0.01848489514206922,
            0.0856288519825934,
            0.19423703969247447,
            0.1520638258222442,
            -0.5093703770686464,
            -0.3239561601439781,
            0.22413699351926414,
            0.2036262880241725,
            0.038299771587449946,
            1.2934674365231436,
            -0.08139911653797735
        ],
        [
            0.005882382639734989,
            0.027759927462533203,
            -0.0006588327835739913,
            0.011089770237474712,
            -0.002501337932861096,
            0.05105800856982072,
            0.06027123799141751,
            0.00866883957935745,
            0.06616581546011382,
            -0.0488516977281654,
            0.025002146771096023,
            0.07524723745822993,
            0.07165653829810997,
            -0.3477105224204391,
            0.13742755373372612,
            0.09570298396088929,
            0.08404422842685856,
            0.01728231654633136,
            -0.08139911653797735,
            1.454131268021751
        ]
    ]
}