{
    "HF": -2.1476371638352996,
    "coordinates": [
        [
            0.673171,
            -0.058836,
            -0.164683
        ],
        [
            1.436485,
            -0.199366,
            0.095897
        ],
        [
            2.106525,
            0.099927,
            -0.196983
        ],
        [
            2.788712,
            0.179156,
            0.122888
        ]
    ],
    "elements": [
        "H",
        "H",
        "H",
        "H"
    ],
    "Enn": 3.004529750627457,
    "S": [
        [
            0.9999999999999999,
            0.6848602514927513,
            0.0,
            0.0,
            0.0,
            0.5081878876962422,
            0.5417884066558885,
            -0.16345150394178692,
            -0.47879661247916616,
            0.08814889803108188,
            0.1451174496881914,
            0.3311106750086335,
            0.004251948539443207,
            -0.1886856794676496,
            -0.020899446005189542,
            0.017652562181261263,
            0.13698341240024645,
            -0.0029224099475679837,
            -0.021498962214159003,
            -0.002418568590857908
        ],
        [
            0.6848602514927513,
            1.0000000000000002,
            0.0,
            0.0,
            0.0,
            0.5417884066558885,
            0.8641451505888015,
            -0.0552193907768492,
            -0.1617535269454292,
            0.029779649189771384,
            0.3311106750086335,
            0.6355524471346604,
            0.004044188099295827,
            -0.17946604299932067,
            -0.019878248768065074,
            0.13698341240024645,
            0.36594367315461307,
            -0.01398940782204963,
            -0.1029142918210345,
            -0.011577548314625723
        ],
        [
            0.0,
            0.0,
            1.0000000000000004,
            0.0,
            0.0,
            0.16345150394178687,
            0.055219390776849196,
            0.34506132774533055,
            -0.21631943556959488,
            0.03982551123206853,
            -0.004251948539443207,
            -0.0040441880992958265,
            0.06695731533717772,
            0.008069824080761586,
            0.0008938402380249062,
            0.0029224099475679832,
            0.013989407822049623,
            0.0019652444245008348,
            -0.003952546572761251,
            -0.00044464960213231306
        ],
        [
            0.0,
            0.0,
            0.0,
            1.0000000000000004,
            0.0,
            0.47879661247916616,
            0.161753526945429,
            -0.21631943556959488,
            -0.2147536182791489,
            0.11666041246678627,
            0.18868567946764953,
            0.17946604299932062,
            0.008069824080761586,
            -0.29096964667115693,
            -0.039665308994859205,
            0.021498962214158993,
            0.1029142918210344,
            -0.003952546572761251,
            -0.0265747272538948,
            -0.0032711033586300267
        ],
        [
            0.0,
            0.0,
            0.0,
            0.0,
            1.0000000000000004,
            -0.08814889803108188,
            -0.029779649189771336,
            0.03982551123206853,
            0.11666041246678627,
            0.39743064202067135,
            0.020899446005189535,
            0.019878248768065074,
            0.0008938402380249062,
            -0.039665308994859205,
            0.06274570527145618,
            0.0024185685908579076,
            0.011577548314625723,
            -0.00044464960213231306,
            -0.0032711033586300267,
            0.0021345350881884916
        ],
        [
            0.5081878876962422,
            0.5417884066558885,
            0.16345150394178692,
            0.4787966124791663,
            -0.08814889803108188,
            0.9999999999999999,
            0.6848602514927513,
            0.0,
            0.0,
            0.0,
            0.5306514417168476,
            0.5505661540588854,
            0.1940528114793192,
            -0.4439468239675055,
            -0.19830185777820225,
            0.15926649865135079,
            0.3438501827964342,
            -0.00398167704839604,
            -0.19947875996152167,
            -0.05583907079074383
        ],
        [
            0.5417884066558885,
            0.8641451505888015,
            0.0552193907768492,
            0.161753526945429,
            -0.029779649189771364,
            0.6848602514927513,
            1.0000000000000002,
            0.0,
            0.0,
            0.0,
            0.5505661540588855,
            0.8728459191887601,
            0.06313811215946333,
            -0.14444503097284503,
            -0.06452060571750294,
            0.3438501827964342,
            0.6507140673222156,
            -0.0035187045325088813,
            -0.17628421599351218,
            -0.04934634052292724
        ],
        [
            -0.16345150394178687,
            -0.0552193907768492,
            0.34506132774533055,
            -0.21631943556959488,
            0.03982551123206853,
            0.0,
            0.0,
            1.0000000000000004,
            0.0,
            0.0,
            -0.19405281147931916,
            -0.06313811215946334,
            0.34565054717817656,
            0.2265524151339623,
            0.10119627482342693,
            0.00398167704839604,
            0.0035187045325088813,
            0.07711998542678775,
            -0.007321327586319325,
            -0.0020494218504946023
        ],
        [
            -0.47879661247916616,
            -0.1617535269454288,
            -0.21631943556959488,
            -0.2147536182791489,
            0.11666041246678627,
            0.0,
            0.0,
            0.0,
            1.0000000000000004,
            0.0,
            0.4439468239675054,
            0.14444503097284495,
            0.22655241513396224,
            -0.0736197387876434,
            -0.23151308379776345,
            0.1994787599615217,
            0.1762842159935124,
            -0.007321327586319325,
            -0.2895263953358949,
            -0.10267435666069298
        ],
        [
            0.08814889803108188,
            0.029779649189771336,
            0.03982551123206853,
            0.11666041246678627,
            0.39743064202067135,
            0.0,
            0.0,
            0.0,
            0.0,
            1.0000000000000004,
            0.1983018577782022,
            0.06452060571750295,
            0.10119627482342694,
            -0.23151308379776356,
            0.3412663700474842,
            0.05583907079074382,
            0.049346340522927266,
            -0.0020494218504946023,
            -0.10267435666069298,
            0.048525013666102214
        ],
        [
            0.1451174496881914,
            0.3311106750086335,
            -0.004251948539443207,
            0.1886856794676496,
            0.020899446005189542,
            0.5306514417168476,
            0.5505661540588854,
            -0.1940528114793192,
            0.4439468239675055,
            0.19830185777820225,
            0.9999999999999999,
            0.6848602514927513,
            0.0,
            0.0,
            0.0,
            0.5565569682563065,
            0.5603368181700531,
            -0.22511115750308244,
            -0.48009324134902903,
            -0.05575788957989852
        ],
        [
            0.3311106750086335,
            0.6355524471346604,
            -0.004044188099295827,
            0.17946604299932067,
            0.019878248768065074,
            0.5505661540588855,
            0.8728459191887601,
            -0.06313811215946333,
            0.14444503097284503,
            0.06452060571750294,
            0.6848602514927513,
            1.0000000000000002,
            0.0,
            0.0,
            0.0,
            0.5603368181700531,
            0.8824690556214378,
            -0.07026385741768353,
            -0.1498513153746265,
            -0.017403688234774783
        ],
        [
            0.004251948539443207,
            0.0040441880992958265,
            0.06695731533717772,
            0.008069824080761586,
            0.0008938402380249062,
            0.19405281147931916,
            0.06313811215946334,
            0.34565054717817656,
            0.2265524151339623,
            0.10119627482342693,
            0.0,
            0.0,
            1.0000000000000004,
            0.0,
            0.0,
            0.22511115750308242,
            0.07026385741768347,
            0.348606555440344,
            -0.26892600230266533,
            -0.031232987782584334
        ],
        [
            -0.18868567946764953,
            -0.17946604299932062,
            0.008069824080761586,
            -0.29096964667115693,
            -0.039665308994859205,
            -0.4439468239675054,
            -0.14444503097284495,
            0.22655241513396224,
            -0.0736197387876434,
            -0.23151308379776345,
            0.0,
            0.0,
            0.0,
            1.0000000000000004,
            0.0,
            0.4800932413490291,
            0.14985131537462648,
            -0.26892600230266495,
            -0.09883350137017696,
            -0.06661040931012138
        ],
        [
            -0.020899446005189535,
            -0.019878248768065068,
            0.0008938402380249062,
            -0.039665308994859205,
            0.06274570527145618,
            -0.1983018577782022,
            -0.06452060571750295,
            0.10119627482342694,
            -0.23151308379776356,
            0.3412663700474842,
            0.0,
            0.0,
            0.0,
            0.0,
            1.0000000000000004,
            0.05575788957989851,
            0.01740368823477478,
            -0.031232987782584355,
            -0.06661040931012152,
            0.4669672881475405
        ],
        [
            0.017652562181261263,
            0.13698341240024645,
            0.0029224099475679837,
            0.021498962214159003,
            0.002418568590857908,
            0.15926649865135079,
            0.3438501827964342,
            0.00398167704839604,
            0.19947875996152167,
            0.05583907079074383,
            0.5565569682563065,
            0.5603368181700531,
            0.22511115750308244,
            0.48009324134902903,
            0.05575788957989852,
            0.9999999999999999,
            0.6848602514927513,
            0.0,
            0.0,
            0.0
        ],
        [
            0.13698341240024645,
            0.36594367315461307,
            0.01398940782204963,
            0.10291429182103441,
            0.011577548314625723,
            0.3438501827964342,
            0.6507140673222156,
            0.0035187045325088813,
            0.1762842159935124,
            0.04934634052292724,
            0.5603368181700531,
            0.8824690556214378,
            0.07026385741768353,
            0.1498513153746265,
            0.017403688234774783,
            0.6848602514927513,
            1.0000000000000002,
            0.0,
            0.0,
            0.0
        ],
        [
            -0.0029224099475679832,
            -0.013989407822049623,
            0.0019652444245008348,
            -0.003952546572761251,
            -0.00044464960213231306,
            -0.00398167704839604,
            -0.0035187045325088813,
            0.07711998542678775,
            -0.007321327586319325,
            -0.0020494218504946023,
            -0.22511115750308242,
            -0.07026385741768347,
            0.348606555440344,
            -0.26892600230266495,
            -0.031232987782584355,
            0.0,
            0.0,
            1.0000000000000004,
            0.0,
            0.0
        ],
        [
            -0.021498962214158993,
            -0.10291429182103431,
            -0.003952546572761251,
            -0.0265747272538948,
            -0.0032711033586300267,
            -0.1994787599615217,
            -0.17628421599351263,
            -0.007321327586319325,
            -0.2895263953358949,
            -0.10267435666069298,
            -0.4800932413490291,
            -0.14985131537462648,
            -0.26892600230266533,
            -0.09883350137017696,
            -0.06661040931012152,
            0.0,
            0.0,
            0.0,
            1.0000000000000004,
            0.0
        ],
        [
            -0.0024185685908579076,
            -0.011577548314625721,
            -0.00044464960213231306,
            -0.0032711033586300267,
            0.0021345350881884916,
            -0.05583907079074382,
            -0.04934634052292725,
            -0.0020494218504946023,
            -0.10267435666069298,
            0.048525013666102214,
            -0.05575788957989852,
            -0.01740368823477478,
            -0.031232987782584334,
            -0.06661040931012138,
            0.4669672881475405,
            0.0,
            0.0,
            0.0,
            0.0,
            1.0000000000000004
        ]
    ],
    "h": [
        [
            -0.24568869258925718,
            -0.4615878355183809,
            -0.07729682443265326,
            -0.25391023935427065,
            0.040894867825500524,
            -0.555382224931497,
            -0.4511000736814992,
            0.03787788302691525,
            0.03893442480130116,
            -0.021813773512933787,
            -0.2627373665552477,
            -0.3205490278533728,
            -0.047953582532138626,
            0.2937222522166758,
            0.07443582323556333,
            -0.027542901618158408,
            -0.15683539903448662,
            0.010457637308534728,
            0.08784875026739723,
            0.01563247359239799
        ],
        [
            -0.4615878355183809,
            -0.3200953942903364,
            -0.06501439993857322,
            -0.22760342955560015,
            0.03306061439377493,
            -0.5304829899925498,
            -0.3753519210037888,
            0.10541774862081367,
            0.09311918195296426,
            -0.07599196020048984,
            -0.35244799267537036,
            -0.3240068636286876,
            -0.07976271321451792,
            0.17105480479335383,
            0.0681579179592371,
            -0.1603000637448737,
            -0.2186240506848252,
            0.03552851425193043,
            0.13191657244121352,
            0.022564985827028816
        ],
        [
            -0.07729682443265326,
            -0.06501439993857322,
            1.4667079941024859,
            -0.06884595253811426,
            0.013088340336654724,
            -0.011761939649030384,
            -0.0566802092328732,
            0.22546669923415608,
            -0.29275909401437483,
            0.05166087953793462,
            -0.03424833326050071,
            -0.04823391633239474,
            -0.05550296914232,
            0.0518919666281345,
            0.015474999797540702,
            -0.008557332297176649,
            -0.025165058230290256,
            -0.0056165418627473745,
            0.01760042575626954,
            0.0029606356311256818
        ],
        [
            -0.25391023935427065,
            -0.22760342955560015,
            -0.06884595253811426,
            1.2559660705099902,
            0.03466467115782281,
            -0.09685680722616863,
            -0.21990230098998292,
            -0.2546787052660642,
            -0.5616816965504283,
            0.12502336383747834,
            -0.23856588772123277,
            -0.18262789627646792,
            -0.06045244100811338,
            0.07679117085605702,
            0.05798407699828351,
            -0.08748128800837054,
            -0.1279984362414101,
            0.02069154788734423,
            0.1154457136835971,
            0.01803087749071171
        ],
        [
            0.040894867825500524,
            0.03306061439377493,
            0.013088340336654724,
            0.03466467115782281,
            1.4831982259642966,
            0.0017241705867039325,
            0.026562140093511655,
            0.054420237290592935,
            0.15392566179340708,
            0.29164584112841424,
            0.004773446691740846,
            0.022325087936042806,
            0.004355758439837152,
            -0.0323226819267893,
            -0.05042390249392008,
            -0.007052604308192599,
            0.006372181898232455,
            0.0017765201266782688,
            0.007195243970809425,
            -0.007086088109295054
        ],
        [
            -0.555382224931497,
            -0.5304829899925498,
            -0.011761939649030384,
            -0.09685680722616863,
            0.0017241705867039325,
            -0.4162578926800675,
            -0.5902955808842675,
            0.15895681764538738,
            0.02716713490622319,
            -0.12776848836294896,
            -0.5407127876075355,
            -0.5208534765218868,
            -0.040099870987024056,
            0.062110318376225715,
            0.019041002457395484,
            -0.2874960640623496,
            -0.36251511978781353,
            0.05590159830448238,
            0.24668757403408625,
            0.049545786848076576
        ],
        [
            -0.4511000736814992,
            -0.3753519210037888,
            -0.0566802092328732,
            -0.21990230098998292,
            0.026562140093511655,
            -0.5902955808842675,
            -0.43897768153609396,
            0.1326276323580946,
            -0.0047548563633086904,
            -0.1129969063348619,
            -0.5277532143524502,
            -0.42595333440707983,
            -0.1244951971645184,
            0.10736992245445004,
            0.0668534178727207,
            -0.33934229096518603,
            -0.33057624198663016,
            0.07050034936855851,
            0.19337155599441935,
            0.029891435216050394
        ],
        [
            0.03787788302691525,
            0.10541774862081367,
            0.22546669923415608,
            -0.2546787052660642,
            0.054420237290592935,
            0.15895681764538738,
            0.1326276323580946,
            1.3486155082297628,
            0.0014605689691962378,
            0.04649327459078807,
            0.029005010290917566,
            0.10580958229252581,
            0.21834385502583614,
            0.27982612551568997,
            0.1305767740333412,
            0.04912356682347764,
            0.07505479281483675,
            -0.061244147266294624,
            -0.06600785109258389,
            -0.012005308233310145
        ],
        [
            0.03893442480130116,
            0.09311918195296426,
            -0.29275909401437483,
            -0.5616816965504283,
            0.15392566179340708,
            0.02716713490622319,
            -0.0047548563633086904,
            0.0014605689691962378,
            0.9457681814651524,
            -0.054897451870992806,
            -0.07705908365148861,
            -0.11476107233887203,
            0.2660478164819873,
            -0.5250463271107728,
            -0.3363803496562084,
            -0.30594852462230127,
            -0.17501322876796785,
            0.07331415635124823,
            0.05402490391829495,
            0.0024164737786258883
        ],
        [
            -0.021813773512933787,
            -0.07599196020048984,
            0.05166087953793462,
            0.12502336383747834,
            0.29164584112841424,
            -0.12776848836294896,
            -0.1129969063348619,
            0.04649327459078807,
            -0.054897451870992806,
            1.36120240561912,
            -0.047170883680339115,
            -0.10750165978150882,
            0.1205281498695035,
            -0.31868597750522154,
            0.207148027678272,
            -0.0984297021691155,
            -0.08832547636175281,
            0.027230381923537793,
            0.053904782594470124,
            -0.03686610363210527
        ],
        [
            -0.2627373665552477,
            -0.35244799267537036,
            -0.03424833326050071,
            -0.23856588772123277,
            0.004773446691740846,
            -0.5407127876075355,
            -0.5277532143524502,
            0.029005010290917566,
            -0.07705908365148861,
            -0.047170883680339115,
            -0.45294997183655106,
            -0.6049351028395051,
            -0.19870850902520115,
            -0.052036287817814664,
            0.05702232432676403,
            -0.5952165863841399,
            -0.5519165356642856,
            0.014596776402845568,
            0.0915208344385775,
            0.02218729085874127
        ],
        [
            -0.3205490278533728,
            -0.3240068636286876,
            -0.04823391633239474,
            -0.18262789627646792,
            0.022325087936042806,
            -0.5208534765218868,
            -0.42595333440707983,
            0.10580958229252581,
            -0.11476107233887203,
            -0.10750165978150882,
            -0.6049351028395051,
            -0.44083762740296595,
            -0.16106051656851023,
            -0.004473037388768197,
            0.05343614619390692,
            -0.4728547200358312,
            -0.3795750073293118,
            0.08501233697390083,
            0.2330248499855691,
            0.036869969783323395
        ],
        [
            -0.047953582532138626,
            -0.07976271321451792,
            -0.05550296914232,
            -0.06045244100811338,
            0.004355758439837152,
            -0.040099870987024056,
            -0.1244951971645184,
            0.21834385502583614,
            0.2660478164819873,
            0.1205281498695035,
            -0.19870850902520115,
            -0.16106051656851023,
            1.3148228051011115,
            -0.029868351798523474,
            0.021611897403785028,
            -0.04070877287963054,
            -0.13436961752915658,
            0.2291001062558301,
            -0.33579575191128985,
            -0.033523457028338366
        ],
        [
            0.2937222522166758,
            0.17105480479335383,
            0.0518919666281345,
            0.07679117085605702,
            -0.0323226819267893,
            0.062110318376225715,
            0.10736992245445004,
            0.27982612551568997,
            -0.5250463271107728,
            -0.31868597750522154,
            -0.052036287817814664,
            -0.004473037388768197,
            -0.029868351798523474,
            0.9291954878445625,
            -0.1138652529073956,
            -0.019718209160081157,
            -0.09471794888904875,
            -0.38167043902701203,
            -0.44455545086071174,
            -0.10193610952079354
        ],
        [
            0.07443582323556333,
            0.0681579179592371,
            0.015474999797540702,
            0.05798407699828351,
            -0.05042390249392008,
            0.019041002457395484,
            0.0668534178727207,
            0.1305767740333412,
            -0.3363803496562084,
            0.207148027678272,
            0.05702232432676403,
            0.05343614619390692,
            0.021611897403785028,
            -0.1138652529073956,
            1.3577924804181782,
            0.014104018752470152,
            0.022641915867423302,
            -0.04771155211424,
            -0.12058648219411403,
            0.3836479647186768
        ],
        [
            -0.027542901618158408,
            -0.1603000637448737,
            -0.008557332297176649,
            -0.08748128800837054,
            -0.007052604308192599,
            -0.2874960640623496,
            -0.33934229096518603,
            0.04912356682347764,
            -0.30594852462230127,
            -0.0984297021691155,
            -0.5952165863841399,
            -0.4728547200358312,
            -0.04070877287963054,
            -0.019718209160081157,
            0.014104018752470152,
            -0.2865751237500478,
            -0.47957819965564386,
            0.11779393543498236,
            0.2759803771165594,
            0.03813238666393898
        ],
        [
            -0.15683539903448662,
            -0.2186240506848252,
            -0.025165058230290256,
            -0.1279984362414101,
            0.006372181898232455,
            -0.36251511978781353,
            -0.33057624198663016,
            0.07505479281483675,
            -0.17501322876796785,
            -0.08832547636175281,
            -0.5519165356642856,
            -0.3795750073293118,
            -0.13436961752915658,
            -0.09471794888904875,
            0.022641915867423302,
            -0.47957819965564386,
            -0.32606991850092193,
            0.09486912021247437,
            0.2372519029588491,
            0.03495949671064208
        ],
        [
            0.010457637308534728,
            0.03552851425193043,
            -0.0056165418627473745,
            0.02069154788734423,
            0.0017765201266782688,
            0.05590159830448238,
            0.07050034936855851,
            -0.061244147266294624,
            0.07331415635124823,
            0.027230381923537793,
            0.014596776402845568,
            0.08501233697390083,
            0.2291001062558301,
            -0.38167043902701203,
            -0.04771155211424,
            0.11779393543498236,
            0.09486912021247437,
            1.427700901831933,
            -0.10193370905193795,
            -0.012048727615248878
        ],
        [
            0.08784875026739723,
            0.13191657244121352,
            0.01760042575626954,
            0.1154457136835971,
            0.007195243970809425,
            0.24668757403408625,
            0.19337155599441935,
            -0.06600785109258389,
            0.05402490391829495,
            0.053904782594470124,
            0.0915208344385775,
            0.2330248499855691,
            -0.33579575191128985,
            -0.44455545086071174,
            -0.12058648219411403,
            0.2759803771165594,
            0.2372519029588491,
            -0.10193370905193795,
            1.2258963259749216,
            -0.03500417224303823
        ],
        [
            0.01563247359239799,
            0.022564985827028816,
            0.0029606356311256818,
            0.01803087749071171,
            -0.007086088109295054,
            0.049545786848076576,
            0.029891435216050394,
            -0.012005308233310145,
            0.0024164737786258883,
            -0.03686610363210527,
            0.02218729085874127,
            0.036869969783323395,
            -0.033523457028338366,
            -0.10193610952079354,
            0.3836479647186768,
            0.03813238666393898,
            0.03495949671064208,
            -0.012048727615248878,
            -0.03500417224303823,
            1.4695313436879587
        ]
    ]
}