{
    "HF": -2.166286889528135,
    "coordinates": [
        [
            0.826042,
            0.119097,
            0.172273
        ],
        [
            1.496721,
            -0.097161,
            -0.119138
        ],
        [
            2.305543,
            -0.07817,
            0.014223
        ],
        [
            3.033776,
            -0.143392,
            -0.015144
        ]
    ],
    "elements": [
        "H",
        "H",
        "H",
        "H"
    ],
    "Enn": 2.9955736563253295,
    "S": [
        [
            0.9999999999999999,
            0.6848602514927513,
            0.0,
            0.0,
            0.0,
            0.5525929010265771,
            0.558865235733086,
            0.20323650914828698,
            -0.4677464430617376,
            0.15082313637916978,
            0.12525487426104906,
            0.31182470209732543,
            0.017382544094941728,
            -0.16271743986719625,
            0.02169568064521904,
            0.013145623410453392,
            0.12072867186564815,
            0.001328869143564014,
            -0.01565380723091904,
            0.0018611627153618637
        ],
        [
            0.6848602514927513,
            1.0000000000000002,
            0.0,
            0.0,
            0.0,
            0.558865235733086,
            0.881023801429826,
            0.06383280883351464,
            -0.1469104611550448,
            0.04737074294627935,
            0.31182470209732543,
            0.6121717799988824,
            0.01855860884671648,
            -0.1737265444310398,
            0.023163562741950135,
            0.12072867186564815,
            0.33810206600525466,
            0.007961725346125732,
            -0.09378749924128288,
            0.01115088452157059
        ],
        [
            0.0,
            0.0,
            1.0000000000000004,
            0.0,
            0.0,
            -0.20323650914828698,
            -0.06383280883351462,
            0.3664500916963268,
            0.23852463888528982,
            -0.07691140076855696,
            -0.017382544094941724,
            -0.01855860884671647,
            0.050217494163954775,
            0.03259991306743898,
            -0.004346659482538023,
            -0.0013288691435640139,
            -0.007961725346125716,
            0.001419257091596348,
            0.0016775525705709146,
            -0.000199452967022562
        ],
        [
            0.0,
            0.0,
            0.0,
            1.0000000000000004,
            0.0,
            0.4677464430617374,
            0.14691046115504477,
            0.2385246388852899,
            -0.0788722660642275,
            0.17701068716024795,
            0.16271743986719628,
            0.1737265444310399,
            0.032599913067439,
            -0.25146671391313585,
            0.04068894053194867,
            0.015653807230919043,
            0.0937874992412829,
            0.0016775525705709153,
            -0.018199560420423127,
            0.0023495152344589283
        ],
        [
            0.0,
            0.0,
            0.0,
            0.0,
            1.0000000000000004,
            -0.15082313637916978,
            -0.04737074294627931,
            -0.07691140076855696,
            0.1770106871602479,
            0.41301294271492195,
            -0.02169568064521904,
            -0.02316356274195013,
            -0.0043466594825380235,
            0.04068894053194865,
            0.048274833110256814,
            -0.0018611627153618637,
            -0.011150884521570578,
            -0.000199452967022562,
            0.0023495152344589275,
            0.0012823202893098406
        ],
        [
            0.5525929010265771,
            0.558865235733086,
            -0.20323650914828698,
            0.46774644306173746,
            -0.15082313637916978,
            0.9999999999999999,
            0.6848602514927513,
            0.0,
            0.0,
            0.0,
            0.5072169337600798,
            0.5414023280230547,
            -0.08344974549262943,
            -0.5061149065231928,
            -0.011883490050693406,
            0.11283356386192789,
            0.2987669829031764,
            -0.010070530854138705,
            -0.148844739138875,
            0.0044768997434244924
        ],
        [
            0.558865235733086,
            0.881023801429826,
            -0.06383280883351464,
            0.1469104611550448,
            -0.04737074294627935,
            0.6848602514927513,
            1.0000000000000002,
            0.0,
            0.0,
            0.0,
            0.5414023280230547,
            0.8637612313348983,
            -0.028238970506842074,
            -0.17126671668092605,
            -0.004021312744321328,
            0.2987669829031764,
            0.5960296980679631,
            -0.011664973262301509,
            -0.17241096099473846,
            0.005185716280645627
        ],
        [
            0.20323650914828698,
            0.06383280883351462,
            0.3664500916963268,
            0.2385246388852899,
            -0.07691140076855696,
            0.0,
            0.0,
            1.0000000000000004,
            0.0,
            0.0,
            0.08344974549262943,
            0.028238970506842088,
            0.39850941637512,
            -0.11699923010787916,
            -0.0027471215903854406,
            0.010070530854138707,
            0.011664973262301514,
            0.04450918550222849,
            -0.019004111329303585,
            0.0005715989804301303
        ],
        [
            -0.4677464430617373,
            -0.14691046115504477,
            0.23852463888528982,
            -0.0788722660642275,
            0.1770106871602479,
            0.0,
            0.0,
            0.0,
            1.0000000000000004,
            0.0,
            0.5061149065231928,
            0.17126671668092636,
            -0.11699923010787905,
            -0.29178879416044406,
            -0.016661035677437416,
            0.14884473913887497,
            0.17241096099473865,
            -0.019004111329303578,
            -0.23509012795091433,
            0.008448363086957263
        ],
        [
            0.15082313637916978,
            0.04737074294627931,
            -0.07691140076855696,
            0.17701068716024795,
            0.41301294271492195,
            0.0,
            0.0,
            0.0,
            0.0,
            1.0000000000000004,
            0.011883490050693406,
            0.004021312744321327,
            -0.002747121590385435,
            -0.0166610356774374,
            0.4174094025251835,
            -0.004476899743424489,
            -0.005185716280645627,
            0.0005715989804301303,
            0.008448363086957266,
            0.04554085794056444
        ],
        [
            0.12525487426104906,
            0.31182470209732543,
            -0.017382544094941728,
            0.16271743986719628,
            -0.02169568064521904,
            0.5072169337600798,
            0.5414023280230547,
            0.08344974549262943,
            0.5061149065231928,
            0.011883490050693406,
            0.9999999999999999,
            0.6848602514927513,
            0.0,
            0.0,
            0.0,
            0.5773847808781891,
            0.5679342984934009,
            0.021649661738508182,
            -0.5368610384724022,
            0.04808234541863249
        ],
        [
            0.31182470209732543,
            0.6121717799988824,
            -0.01855860884671648,
            0.17372654443103988,
            -0.023163562741950135,
            0.5414023280230547,
            0.8637612313348983,
            0.028238970506842074,
            0.17126671668092638,
            0.004021312744321328,
            0.6848602514927513,
            1.0000000000000002,
            0.0,
            0.0,
            0.0,
            0.5679342984934009,
            0.8899077548479994,
            0.006544251904681195,
            -0.16228216015601524,
            0.014534313948551657
        ],
        [
            0.017382544094941724,
            0.01855860884671647,
            0.050217494163954775,
            0.03259991306743898,
            -0.004346659482538023,
            -0.08344974549262943,
            -0.02823897050684208,
            0.39850941637512,
            -0.11699923010787909,
            -0.0027471215903854362,
            0.0,
            0.0,
            1.0000000000000004,
            0.0,
            0.0,
            -0.021649661738508182,
            -0.006544251904681192,
            0.49793482748060197,
            0.027708183567693893,
            -0.0024816001865503624
        ],
        [
            -0.16271743986719633,
            -0.1737265444310399,
            0.03259991306743899,
            -0.25146671391313585,
            0.04068894053194866,
            -0.5061149065231928,
            -0.171266716680926,
            -0.11699923010787912,
            -0.29178879416044406,
            -0.0166610356774374,
            0.0,
            0.0,
            0.0,
            1.0000000000000004,
            0.0,
            0.5368610384724022,
            0.16228216015601518,
            0.027708183567693886,
            -0.18804602920574434,
            0.061537887719281155
        ],
        [
            0.02169568064521904,
            0.02316356274195013,
            -0.0043466594825380235,
            0.04068894053194866,
            0.048274833110256814,
            -0.011883490050693406,
            -0.004021312744321327,
            -0.0027471215903854393,
            -0.016661035677437416,
            0.4174094025251835,
            0.0,
            0.0,
            0.0,
            0.0,
            1.0000000000000004,
            -0.04808234541863249,
            -0.014534313948551652,
            -0.002481600186550363,
            0.06153788771928118,
            0.49354074222767536
        ],
        [
            0.013145623410453392,
            0.12072867186564815,
            -0.001328869143564014,
            0.015653807230919043,
            -0.0018611627153618637,
            0.11283356386192789,
            0.2987669829031764,
            0.010070530854138707,
            0.14884473913887505,
            -0.0044768997434244924,
            0.5773847808781891,
            0.5679342984934009,
            -0.021649661738508182,
            0.5368610384724022,
            -0.04808234541863249,
            0.9999999999999999,
            0.6848602514927513,
            0.0,
            0.0,
            0.0
        ],
        [
            0.12072867186564815,
            0.33810206600525466,
            -0.00796172534612573,
            0.0937874992412829,
            -0.01115088452157059,
            0.2987669829031764,
            0.5960296980679631,
            0.011664973262301514,
            0.17241096099473865,
            -0.005185716280645627,
            0.5679342984934009,
            0.8899077548479994,
            -0.006544251904681195,
            0.16228216015601524,
            -0.014534313948551682,
            0.6848602514927513,
            1.0000000000000002,
            0.0,
            0.0,
            0.0
        ],
        [
            0.0013288691435640139,
            0.007961725346125718,
            0.001419257091596348,
            0.0016775525705709146,
            -0.000199452967022562,
            -0.010070530854138705,
            -0.011664973262301516,
            0.04450918550222849,
            -0.01900411132930358,
            0.0005715989804301303,
            0.021649661738508182,
            0.006544251904681192,
            0.49793482748060197,
            0.027708183567693893,
            -0.0024816001865503637,
            0.0,
            0.0,
            1.0000000000000004,
            0.0,
            0.0
        ],
        [
            -0.01565380723091904,
            -0.09378749924128295,
            0.0016775525705709153,
            -0.018199560420423127,
            0.0023495152344589283,
            -0.14884473913887497,
            -0.17241096099473882,
            -0.01900411132930358,
            -0.23509012795091438,
            0.008448363086957266,
            -0.5368610384724022,
            -0.16228216015601518,
            0.027708183567693886,
            -0.18804602920574434,
            0.06153788771928118,
            0.0,
            0.0,
            0.0,
            1.0000000000000004,
            0.0
        ],
        [
            0.0018611627153618637,
            0.011150884521570578,
            -0.000199452967022562,
            0.0023495152344589275,
            0.0012823202893098406,
            0.004476899743424489,
            0.005185716280645627,
            0.0005715989804301302,
            0.008448363086957263,
            0.04554085794056444,
            0.04808234541863249,
            0.014534313948551652,
            -0.0024816001865503616,
            0.061537887719281155,
            0.49354074222767536,
            0.0,
            0.0,
            0.0,
            0.0,
            1.0000000000000004
        ]
    ],
    "h": [
        [
            -0.27323583596048295,
            -0.47112616508388916,
            0.10879885524614653,
            -0.2608183580738037,
            0.08150891831890666,
            -0.5843923364530783,
            -0.4670758135293873,
            -0.021212987985698595,
            0.014596695556597705,
            -0.013229987182314829,
            -0.24533946495023182,
            -0.31676278674693314,
            0.00790056248515247,
            0.3061950022751363,
            -0.017281673447469385,
            -0.01598074129847407,
            -0.1421625222522515,
            -0.0013606946325677434,
            0.06825994421098354,
            -0.005517799973273549
        ],
        [
            -0.47112616508388916,
            -0.31587830375925896,
            0.08920208185478973,
            -0.22260993342444604,
            0.06745627029589477,
            -0.5384704314399231,
            -0.36914221779901846,
            -0.09720977731035726,
            0.08910519319272361,
            -0.06247107005413388,
            -0.33125297340227955,
            -0.3124193416578427,
            0.023741359268867307,
            0.17708536849680137,
            0.0008299422511193547,
            -0.144422179091003,
            -0.20030316830618988,
            -0.002091967683432793,
            0.12178340417915931,
            -0.009439206312903077
        ],
        [
            0.10879885524614653,
            0.08920208185478973,
            1.4412886908861353,
            0.09177728158144026,
            -0.029228509077948283,
            0.017191516574001697,
            0.08102366022379348,
            0.256728421983763,
            0.34024015186118484,
            -0.10642905376897036,
            0.054609765492763855,
            0.06372989878067942,
            -0.050158050751711925,
            -0.07027833090512389,
            0.001912939444943423,
            0.007500868021390949,
            0.030910559775385867,
            -0.004834131031447541,
            -0.01352347538577403,
            0.0011072341975050949
        ],
        [
            -0.2608183580738037,
            -0.22260993342444604,
            0.09177728158144026,
            1.2528205291947068,
            0.06929843240380205,
            -0.07302138317956919,
            -0.2152314297615905,
            0.31640593193980127,
            -0.4086609729821459,
            0.24050428537185875,
            -0.22388875934865854,
            -0.1720862930158908,
            0.020019055439162617,
            0.140094909258834,
            -0.0017202006219166899,
            -0.0680955395764293,
            -0.11213336579041508,
            -0.004634658464894378,
            0.0900655927367894,
            -0.009252898896927517
        ],
        [
            0.08150891831890666,
            0.06745627029589477,
            -0.029228509077948283,
            0.06929843240380205,
            1.4586923255904494,
            0.015173280865146965,
            0.06220306371488282,
            -0.10470789147631518,
            0.25423213700137676,
            0.32020548249132263,
            0.04755605122983161,
            0.04911864181655575,
            -0.004551560329519389,
            -0.053825791828641154,
            -0.04352890943081725,
            0.00914632135348746,
            0.025845939697519454,
            0.000497435354086737,
            -0.01452096741926416,
            -0.003842241316011586
        ],
        [
            -0.5843923364530783,
            -0.5384704314399231,
            0.017191516574001697,
            -0.07302138317956919,
            0.015173280865146965,
            -0.42580492550270765,
            -0.588757012595295,
            -0.13735787913401937,
            0.04488406655666753,
            -0.08247671731935574,
            -0.49626663630139234,
            -0.49627724809743934,
            0.0009543438407030036,
            0.06917779576306327,
            -0.004614565185057283,
            -0.23497284876546712,
            -0.32150303575854555,
            0.0038117471393850216,
            0.23571017629995808,
            -0.013801464315074601
        ],
        [
            -0.4670758135293873,
            -0.36914221779901846,
            0.08102366022379348,
            -0.2152314297615905,
            0.06220306371488282,
            -0.588757012595295,
            -0.4276505647237492,
            -0.11164089147555704,
            -0.0006974253094973459,
            -0.06441120281877688,
            -0.4983911893211155,
            -0.4057278458339828,
            0.029425096172842585,
            0.11332746154180612,
            0.00825718667882972,
            -0.31140413459974936,
            -0.30633049262959977,
            -0.004006702818473144,
            0.18988272262742745,
            -0.01499102550407617
        ],
        [
            -0.021212987985698595,
            -0.09720977731035726,
            0.256728421983763,
            0.31640593193980127,
            -0.10470789147631518,
            -0.13735787913401937,
            -0.11164089147555704,
            1.3659959453585093,
            0.05566054059389164,
            -0.030046657251554698,
            -0.027022226507670305,
            -0.07595042011327771,
            0.2897209494625407,
            -0.12554485177619432,
            -0.005825380876644265,
            -0.02565674025569664,
            -0.04203729354999729,
            -0.045073317301071614,
            0.033326399404498316,
            -0.00222726917971622
        ],
        [
            0.014596695556597705,
            0.08910519319272361,
            0.34024015186118484,
            -0.4086609729821459,
            0.25423213700137676,
            0.04488406655666753,
            -0.0006974253094973459,
            0.05566054059389164,
            0.9327515115737994,
            0.06632465789478117,
            -0.06488803909392615,
            -0.11808409087610294,
            -0.15119509212862042,
            -0.782868426481661,
            -0.009017624883563231,
            -0.3046601870166056,
            -0.178022547985955,
            -0.0011285319507048572,
            0.19482558811309925,
            -0.016745232487374806
        ],
        [
            -0.013229987182314829,
            -0.06247107005413388,
            -0.10642905376897036,
            0.24050428537185875,
            0.32020548249132263,
            -0.08247671731935574,
            -0.06441120281877688,
            -0.030046657251554698,
            0.06632465789478117,
            1.3890646824288175,
            -0.011104506535020608,
            -0.035469835637523046,
            -0.003963705522513625,
            0.006144357206910481,
            0.3126798702174792,
            0.0066661588010128395,
            -0.01160932416822803,
            0.00010242291123160191,
            0.0022451796748742,
            -0.045211823387368816
        ],
        [
            -0.24533946495023182,
            -0.33125297340227955,
            0.054609765492763855,
            -0.22388875934865854,
            0.04755605122983161,
            -0.49626663630139234,
            -0.4983911893211155,
            -0.027022226507670305,
            -0.06488803909392615,
            -0.011104506535020608,
            -0.44456669989261277,
            -0.5992665487850496,
            0.044922948475076205,
            -0.08612791278343873,
            0.03055431603490007,
            -0.5953316955703826,
            -0.5448710006477028,
            0.003451467597833671,
            0.06362318731350758,
            -0.0023415151259926353
        ],
        [
            -0.31676278674693314,
            -0.3124193416578427,
            0.06372989878067942,
            -0.1720862930158908,
            0.04911864181655575,
            -0.49627724809743934,
            -0.4057278458339828,
            -0.07595042011327771,
            -0.11808409087610294,
            -0.035469835637523046,
            -0.5992665487850496,
            -0.4334350077452851,
            0.03637944763960921,
            -0.02376383047072335,
            0.02152140660002678,
            -0.47092630820764114,
            -0.36593644186307506,
            -0.004797701247431955,
            0.24180979325563623,
            -0.01889599737700392
        ],
        [
            0.00790056248515247,
            0.023741359268867307,
            -0.050158050751711925,
            0.020019055439162617,
            -0.004551560329519389,
            0.0009543438407030036,
            0.029425096172842585,
            0.2897209494625407,
            -0.15119509212862042,
            -0.003963705522513625,
            0.044922948475076205,
            0.03637944763960921,
            1.40319450028273,
            -0.021038040468627145,
            -0.0021885352863077238,
            0.010331477348059517,
            0.025939776218483628,
            0.4441291091139209,
            0.028770199919202495,
            -0.0030412668685835644
        ],
        [
            0.3061950022751363,
            0.17708536849680137,
            -0.07027833090512389,
            0.140094909258834,
            -0.053825791828641154,
            0.06917779576306327,
            0.11332746154180612,
            -0.12554485177619432,
            -0.782868426481661,
            0.006144357206910481,
            -0.08612791278343873,
            -0.02376383047072335,
            -0.021038040468627145,
            0.847502367843737,
            0.026571905549869275,
            -0.01213333700588104,
            -0.12062158424768865,
            0.03951539599793563,
            -0.5772492449089556,
            0.09073397892890102
        ],
        [
            -0.017281673447469385,
            0.0008299422511193547,
            0.001912939444943423,
            -0.0017202006219166899,
            -0.04352890943081725,
            -0.004614565185057283,
            0.00825718667882972,
            -0.005825380876644265,
            -0.009017624883563231,
            0.3126798702174792,
            0.03055431603490007,
            0.02152140660002678,
            -0.0021885352863077238,
            0.026571905549869275,
            1.4066914520433507,
            0.006672528551048357,
            0.02245251766520634,
            -0.0037611812284187853,
            0.08473790850553008,
            0.43834532089895584
        ],
        [
            -0.01598074129847407,
            -0.144422179091003,
            0.007500868021390949,
            -0.0680955395764293,
            0.00914632135348746,
            -0.23497284876546712,
            -0.31140413459974936,
            -0.02565674025569664,
            -0.3046601870166056,
            0.0066661588010128395,
            -0.5953316955703826,
            -0.47092630820764114,
            0.010331477348059517,
            -0.01213333700588104,
            0.006672528551048357,
            -0.28760143877864164,
            -0.4758612552407353,
            -0.009367872234547513,
            0.30647296193293505,
            -0.025747721179066242
        ],
        [
            -0.1421625222522515,
            -0.20030316830618988,
            0.030910559775385867,
            -0.11213336579041508,
            0.025845939697519454,
            -0.32150303575854555,
            -0.30633049262959977,
            -0.04203729354999729,
            -0.178022547985955,
            -0.01160932416822803,
            -0.5448710006477028,
            -0.36593644186307506,
            0.025939776218483628,
            -0.12062158424768865,
            0.02245251766520634,
            -0.4758612552407353,
            -0.3125989520194017,
            -0.006556331835712862,
            0.2529170312506644,
            -0.02060180527835643
        ],
        [
            -0.0013606946325677434,
            -0.002091967683432793,
            -0.004834131031447541,
            -0.004634658464894378,
            0.000497435354086737,
            0.0038117471393850216,
            -0.004006702818473144,
            -0.045073317301071614,
            -0.0011285319507048572,
            0.00010242291123160191,
            0.003451467597833671,
            -0.004797701247431955,
            0.4441291091139209,
            0.03951539599793563,
            -0.0037611812284187853,
            -0.009367872234547513,
            -0.006556331835712862,
            1.4817792611827667,
            0.009182557580895125,
            -0.0009560840007903909
        ],
        [
            0.06825994421098354,
            0.12178340417915931,
            -0.01352347538577403,
            0.0900655927367894,
            -0.01452096741926416,
            0.23571017629995808,
            0.18988272262742745,
            0.033326399404498316,
            0.19482558811309925,
            0.0022451796748742,
            0.06362318731350758,
            0.24180979325563623,
            0.028770199919202495,
            -0.5772492449089556,
            0.08473790850553008,
            0.30647296193293505,
            0.2529170312506644,
            0.009182557580895125,
            1.185205192994684,
            0.02505157680083986
        ],
        [
            -0.005517799973273549,
            -0.009439206312903077,
            0.0011072341975050949,
            -0.009252898896927517,
            -0.003842241316011586,
            -0.013801464315074601,
            -0.01499102550407617,
            -0.00222726917971622,
            -0.016745232487374806,
            -0.045211823387368816,
            -0.0023415151259926353,
            -0.01889599737700392,
            -0.0030412668685835644,
            0.09073397892890102,
            0.43834532089895584,
            -0.025747721179066242,
            -0.02060180527835643,
            -0.0009560840007903909,
            0.02505157680083986,
            1.4801763910899686
        ]
    ]
}