{
    "HF": -2.148266966958434,
    "coordinates": [
        [
            0.835985,
            -0.072142,
            -0.104204
        ],
        [
            1.489301,
            -0.061906,
            -0.186204
        ],
        [
            2.231055,
            0.147878,
            0.049837
        ],
        [
            2.931313,
            0.192699,
            0.012081
        ]
    ],
    "elements": [
        "H",
        "H",
        "H",
        "H"
    ],
    "Enn": 3.193813496869032,
    "S": [
        [
            0.9999999999999999,
            0.6848602514927513,
            0.0,
            0.0,
            0.0,
            0.6369844610194011,
            0.5885043704006887,
            0.06842147948273765,
            -0.5451322840212713,
            -0.008541003219332955,
            0.15310677425290278,
            0.33839624129467527,
            -0.02165216381872607,
            -0.1960924960146337,
            -0.030926240957901526,
            0.019795483022101736,
            0.1438582037877398,
            -0.0013589156302101651,
            -0.02448616734417169,
            -0.0030949526974286476
        ],
        [
            0.6848602514927513,
            1.0000000000000002,
            0.0,
            0.0,
            0.0,
            0.5885043704006887,
            0.9098602593017064,
            0.018980434044863076,
            -0.15122221034699676,
            -0.0023693136936977777,
            0.33839624129467527,
            0.6442497193210996,
            -0.01974123781875592,
            -0.1787862234327991,
            -0.028196825162668842,
            0.1438582037877398,
            0.3773405531346246,
            -0.005961952472991585,
            -0.10742783636177075,
            -0.013578444811450858
        ],
        [
            0.0,
            0.0,
            1.0000000000000004,
            0.0,
            0.0,
            -0.06842147948273768,
            -0.01898043404486302,
            0.5596046090008232,
            0.0792134329371726,
            0.001241097263108355,
            0.02165216381872608,
            0.019741237818755898,
            0.06831836931808716,
            -0.04061772060431888,
            -0.006405922919539692,
            0.0013589156302101638,
            0.0059619524729915855,
            0.0028988620615107586,
            -0.0019004468909916935,
            -0.00024020881458995018
        ],
        [
            0.0,
            0.0,
            0.0,
            1.0000000000000004,
            0.0,
            0.5451322840212712,
            0.1512222103469967,
            0.07921343293717267,
            -0.06156770568328391,
            -0.009888154872498759,
            0.19609249601463374,
            0.1787862234327991,
            -0.04061772060431888,
            -0.2950504743636913,
            -0.058015144587234835,
            0.024486167344171667,
            0.1074278363617707,
            -0.0019004468909916943,
            -0.031239634282847536,
            -0.004328299050239766
        ],
        [
            0.0,
            0.0,
            0.0,
            0.0,
            1.0000000000000004,
            0.008541003219332943,
            0.002369313693697777,
            0.0012410972631083574,
            -0.009888154872498769,
            0.5693920416483831,
            0.030926240957901547,
            0.028196825162668863,
            -0.006405922919539694,
            -0.05801514458723484,
            0.06365358704015592,
            0.0030949526974286454,
            0.01357844481145087,
            -0.0002402088145899503,
            -0.004328299050239766,
            0.0024572521646136704
        ],
        [
            0.6369844610194011,
            0.5885043704006887,
            -0.06842147948273768,
            0.5451322840212712,
            0.008541003219332944,
            0.9999999999999999,
            0.6848602514927513,
            0.0,
            0.0,
            0.0,
            0.5180029974551462,
            0.5456597699761582,
            -0.1516890991191452,
            -0.4766798820036452,
            -0.13481533280070304,
            0.13288873548254695,
            0.31945037959986355,
            -0.023440191631633994,
            -0.1704669421041219,
            -0.030098040650438373
        ],
        [
            0.5885043704006887,
            0.9098602593017064,
            -0.01898043404486305,
            0.15122221034699676,
            0.0023693136936977777,
            0.6848602514927513,
            1.0000000000000002,
            0.0,
            0.0,
            0.0,
            0.5456597699761582,
            0.8679891238767055,
            -0.05040100160595273,
            -0.15838411354477386,
            -0.04479443707196288,
            0.31945037959986355,
            0.6214802328547411,
            -0.02389269860552313,
            -0.17375776332827828,
            -0.030679075716565637
        ],
        [
            0.06842147948273765,
            0.01898043404486302,
            0.5596046090008232,
            0.07921343293717267,
            0.0012410972631083574,
            0.0,
            0.0,
            1.0000000000000004,
            0.0,
            0.0,
            0.15168909911914516,
            0.05040100160595269,
            0.36791830396171754,
            -0.19551725648065885,
            -0.055296489312546354,
            0.023440191631633977,
            0.023892698605523108,
            0.05275588712852165,
            -0.043613495261796545,
            -0.007700500384968857
        ],
        [
            -0.545132284021271,
            -0.1512222103469967,
            0.0792134329371726,
            -0.06156770568328391,
            -0.009888154872498769,
            0.0,
            0.0,
            0.0,
            1.0000000000000004,
            0.0,
            0.47667988200364525,
            0.1583841135447735,
            -0.1955172564806587,
            -0.18427315093417085,
            -0.17376808322934792,
            0.17046694210412172,
            0.173757763328278,
            -0.04361349526179656,
            -0.2584227039966406,
            -0.05600128078840918
        ],
        [
            -0.008541003219332955,
            -0.002369313693697777,
            0.001241097263108355,
            -0.009888154872498759,
            0.5693920416483831,
            0.0,
            0.0,
            0.0,
            0.0,
            1.0000000000000004,
            0.13481533280070304,
            0.04479443707196285,
            -0.055296489312546354,
            -0.173768083229348,
            0.3809904615298137,
            0.030098040650438355,
            0.03067907571656561,
            -0.007700500384968857,
            -0.05600128078840916,
            0.048865278598809285
        ],
        [
            0.15310677425290278,
            0.33839624129467527,
            0.02165216381872607,
            0.19609249601463363,
            0.030926240957901526,
            0.5180029974551462,
            0.5456597699761582,
            0.1516890991191452,
            0.47667988200364525,
            0.13481533280070304,
            0.9999999999999999,
            0.6848602514927513,
            0.0,
            0.0,
            0.0,
            0.6009304004949592,
            0.5762612207417354,
            0.029274692204352266,
            -0.5429557530891859,
            -0.0347526480371669
        ],
        [
            0.33839624129467527,
            0.6442497193210996,
            0.019741237818755912,
            0.17878622343279899,
            0.028196825162668842,
            0.5456597699761582,
            0.8679891238767055,
            0.05040100160595275,
            0.15838411354477352,
            0.044794437071962866,
            0.6848602514927513,
            1.0000000000000002,
            0.0,
            0.0,
            0.0,
            0.5762612207417354,
            0.898017283071159,
            0.008545422719897522,
            -0.15849138211118757,
            -0.010144464236903463
        ],
        [
            -0.02165216381872608,
            -0.0197412378187559,
            0.06831836931808716,
            -0.040617720604318876,
            -0.006405922919539692,
            -0.15168909911914516,
            -0.05040100160595272,
            0.36791830396171754,
            -0.1955172564806587,
            -0.055296489312546354,
            0.0,
            0.0,
            1.0000000000000004,
            0.0,
            0.0,
            -0.02927469220435227,
            -0.008545422719897522,
            0.5248225442951707,
            0.03615754485611949,
            0.002314314606896506
        ],
        [
            -0.1960924960146338,
            -0.1787862234327991,
            -0.04061772060431889,
            -0.29505047436369136,
            -0.058015144587234835,
            -0.4766798820036452,
            -0.15838411354477314,
            -0.19551725648065885,
            -0.184273150934171,
            -0.173768083229348,
            0.0,
            0.0,
            0.0,
            1.0000000000000004,
            0.0,
            0.5429557530891859,
            0.15849138211118757,
            0.03615754485611953,
            -0.14383949922085384,
            -0.04292343781110641
        ],
        [
            -0.030926240957901547,
            -0.028196825162668856,
            -0.006405922919539694,
            -0.058015144587234835,
            0.06365358704015592,
            -0.13481533280070304,
            -0.044794437071962845,
            -0.055296489312546354,
            -0.17376808322934792,
            0.3809904615298137,
            0.0,
            0.0,
            0.0,
            0.0,
            1.0000000000000004,
            0.0347526480371669,
            0.010144464236903463,
            0.0023143146068965057,
            -0.04292343781110636,
            0.5240246853024224
        ],
        [
            0.019795483022101736,
            0.1438582037877398,
            0.0013589156302101651,
            0.024486167344171687,
            0.0030949526974286476,
            0.13288873548254695,
            0.31945037959986355,
            0.023440191631633994,
            0.17046694210412183,
            0.030098040650438373,
            0.6009304004949592,
            0.5762612207417354,
            -0.02927469220435227,
            0.5429557530891859,
            0.0347526480371669,
            0.9999999999999999,
            0.6848602514927513,
            0.0,
            0.0,
            0.0
        ],
        [
            0.1438582037877398,
            0.3773405531346246,
            0.005961952472991586,
            0.10742783636177071,
            0.013578444811450863,
            0.31945037959986355,
            0.6214802328547411,
            0.023892698605523118,
            0.17375776332827808,
            0.03067907571656563,
            0.5762612207417354,
            0.898017283071159,
            -0.008545422719897522,
            0.15849138211118757,
            0.010144464236903463,
            0.6848602514927513,
            1.0000000000000002,
            0.0,
            0.0,
            0.0
        ],
        [
            -0.0013589156302101638,
            -0.005961952472991584,
            0.0028988620615107586,
            -0.0019004468909916937,
            -0.00024020881458995018,
            -0.023440191631633977,
            -0.023892698605523108,
            0.05275588712852165,
            -0.04361349526179656,
            -0.007700500384968857,
            0.029274692204352276,
            0.008545422719897527,
            0.5248225442951707,
            0.036157544856119536,
            0.002314314606896506,
            0.0,
            0.0,
            1.0000000000000004,
            0.0,
            0.0
        ],
        [
            -0.02448616734417167,
            -0.10742783636177074,
            -0.0019004468909916941,
            -0.031239634282847536,
            -0.004328299050239765,
            -0.17046694210412178,
            -0.1737577633282778,
            -0.043613495261796545,
            -0.2584227039966405,
            -0.05600128078840916,
            -0.5429557530891859,
            -0.15849138211118757,
            0.03615754485611948,
            -0.1438394992208535,
            -0.04292343781110636,
            0.0,
            0.0,
            0.0,
            1.0000000000000004,
            0.0
        ],
        [
            -0.0030949526974286454,
            -0.013578444811450867,
            -0.0002402088145899503,
            -0.004328299050239766,
            0.0024572521646136704,
            -0.030098040650438355,
            -0.03067907571656562,
            -0.007700500384968857,
            -0.05600128078840918,
            0.048865278598809285,
            -0.0347526480371669,
            -0.010144464236903463,
            0.0023143146068965057,
            -0.04292343781110641,
            0.5240246853024224,
            0.0,
            0.0,
            0.0,
            0.0,
            1.0000000000000004
        ]
    ],
    "h": [
        [
            -0.3467311081964486,
            -0.5001830339406985,
            0.038613455090759904,
            -0.3499363631269353,
            -0.008652345095165609,
            -0.6481976112208426,
            -0.49977137862553733,
            -0.015150885158563027,
            -0.009621752642984038,
            -0.00993670649971583,
            -0.28573523954447555,
            -0.3482964035292166,
            0.06623092577141476,
            0.3292718588595156,
            0.07001408471492572,
            -0.03502806831877078,
            -0.17237567097214054,
            0.006709477317088857,
            0.09154287360243783,
            0.012611051013950459
        ],
        [
            -0.5001830339406985,
            -0.32105126560508035,
            0.026549434632405715,
            -0.27449714924888824,
            -0.009040073900845328,
            -0.5729487120687653,
            -0.3716080511859068,
            -0.06159168163158059,
            0.12651328017543348,
            -0.025527998936079113,
            -0.35635198488508213,
            -0.32294001204127354,
            0.059224986659241745,
            0.16961502467907125,
            0.05090963557459614,
            -0.17065708720906092,
            -0.21968001457788655,
            0.0017285360859477655,
            0.13649184230639355,
            0.014047065729137102
        ],
        [
            0.038613455090759904,
            0.026549434632405715,
            1.4598804603623403,
            0.03474122582550112,
            1.4476647265626271e-05,
            -0.0059113645682240396,
            0.021587780450294768,
            0.5371417580175335,
            0.11603460783026306,
            0.0006634663159253723,
            0.00018261156976032838,
            0.016486394267846167,
            -0.0491506787696801,
            -0.0284709364761713,
            -0.005334318324281695,
            -0.0060058315797646734,
            0.0039051859109905974,
            -0.008908378286835487,
            0.0052355427717980406,
            0.00047084555767136114
        ],
        [
            -0.3499363631269353,
            -0.27449714924888824,
            0.03474122582550112,
            1.1295736213051721,
            -0.009687639957339265,
            -0.06595721354254303,
            -0.26705337147614444,
            0.09311297918837255,
            -0.43982243381675085,
            -0.03456519987249215,
            -0.2616291181510347,
            -0.2133581887961019,
            0.055385491620949745,
            0.10725384831083828,
            0.047165398876638565,
            -0.09361068907570044,
            -0.14137323483655329,
            0.006789125147099147,
            0.12523332168963944,
            0.01666034480796548
        ],
        [
            -0.008652345095165609,
            -0.009040073900845328,
            1.4476647265626271e-05,
            -0.009687639957339265,
            1.464246530180399,
            -0.009556584055003946,
            -0.011353878203266013,
            -0.0014230783072492967,
            -0.02079809709258895,
            0.5508604407546611,
            -0.023774630168266496,
            -0.009540047491198876,
            0.0023255637396559434,
            -0.003305041416269222,
            -0.0435339637113028,
            -0.012243879486357419,
            -0.010579595808162735,
            0.0006046164255205461,
            0.015536868919940768,
            -0.007048109930347487
        ],
        [
            -0.6481976112208426,
            -0.5729487120687653,
            -0.0059113645682240396,
            -0.06595721354254303,
            -0.009556584055003946,
            -0.49736923799409016,
            -0.6159628641735058,
            -0.10133896789451377,
            0.13586656913406775,
            -0.048606399618668875,
            -0.5147446514348146,
            -0.515404852054014,
            0.02301957194149451,
            0.07872741945762551,
            0.020817154944629268,
            -0.25715248477267005,
            -0.3426781404611654,
            0.011607811758267209,
            0.24714805635646597,
            0.0304636411734479
        ],
        [
            -0.49977137862553733,
            -0.3716080511859068,
            0.021587780450294768,
            -0.26705337147614444,
            -0.011353878203266013,
            -0.6159628641735058,
            -0.4289093128502537,
            -0.08452347950287772,
            0.04805371644948982,
            -0.046544099678158216,
            -0.5092154100037443,
            -0.40765597293116773,
            0.06588144927651016,
            0.1027843154363996,
            0.04841805932923954,
            -0.3278781358759992,
            -0.31462434239866666,
            -0.004032161628838245,
            0.19936095432510453,
            0.016709895575422073
        ],
        [
            -0.015150885158563027,
            -0.06159168163158059,
            0.5371417580175335,
            0.09311297918837255,
            -0.0014230783072492967,
            -0.10133896789451377,
            -0.08452347950287772,
            1.3708438431170846,
            -0.02965218259847203,
            -0.017962870524283223,
            -0.027353427220315307,
            -0.0762962484254869,
            0.25183623516054715,
            -0.26358578921493114,
            -0.07256842123623555,
            -0.06421392755992134,
            -0.061867431734883446,
            -0.04597365470794003,
            0.05760788374127283,
            0.005325774945455296
        ],
        [
            -0.009621752642984038,
            0.12651328017543348,
            0.11603460783026306,
            -0.43982243381675085,
            -0.02079809709258895,
            0.13586656913406775,
            0.04805371644948982,
            -0.02965218259847203,
            0.8289727367358695,
            -0.06970896731238929,
            -0.0552959152818332,
            -0.08847103514902133,
            -0.2732923921993067,
            -0.6800443044045194,
            -0.2574154618759669,
            -0.3111161040632016,
            -0.16294412913946654,
            -0.007392718778254162,
            0.14593174649374224,
            0.0140091887967837
        ],
        [
            -0.00993670649971583,
            -0.025527998936079113,
            0.0006634663159253723,
            -0.03456519987249215,
            0.5508604407546611,
            -0.048606399618668875,
            -0.046544099678158216,
            -0.017962870524283223,
            -0.06970896731238929,
            1.3789774338695078,
            -0.02169691330508039,
            -0.0541216207602281,
            -0.07336350734581751,
            -0.2511927484338371,
            0.2651130197945707,
            -0.06741564741714856,
            -0.05223144250533687,
            -0.0008864132800548968,
            0.0522449765152086,
            -0.04117134988111003
        ],
        [
            -0.28573523954447555,
            -0.35635198488508213,
            0.00018261156976032838,
            -0.2616291181510347,
            -0.023774630168266496,
            -0.5147446514348146,
            -0.5092154100037443,
            -0.027353427220315307,
            -0.0552959152818332,
            -0.02169691330508039,
            -0.46384405011031804,
            -0.6062428558042631,
            0.07714830358085346,
            -0.10875399146110978,
            0.03494746832571971,
            -0.6145255336252309,
            -0.556228082604288,
            0.006763100932674064,
            0.06169209173135082,
            0.009900672202829003
        ],
        [
            -0.3482964035292166,
            -0.32294001204127354,
            0.016486394267846167,
            -0.2133581887961019,
            -0.009540047491198876,
            -0.515404852054014,
            -0.40765597293116773,
            -0.0762962484254869,
            -0.08847103514902133,
            -0.0541216207602281,
            -0.6062428558042631,
            -0.4313491313512021,
            0.06738266922569466,
            -0.03606152159607415,
            0.036104657674089095,
            -0.48138193929374395,
            -0.36814353780087994,
            -0.005195855852641833,
            0.2517254665775416,
            0.021051237409572245
        ],
        [
            0.06623092577141476,
            0.059224986659241745,
            -0.0491506787696801,
            0.055385491620949745,
            0.0023255637396559434,
            0.02301957194149451,
            0.06588144927651016,
            0.25183623516054715,
            -0.2732923921993067,
            -0.07336350734581751,
            0.07714830358085346,
            0.06738266922569466,
            1.3849219457461734,
            -0.05361646730712999,
            -0.017662340538847597,
            0.012095696110402648,
            0.042991817798843646,
            0.484880731231504,
            0.03249415841586979,
            0.0003191088974612375
        ],
        [
            0.3292718588595156,
            0.16961502467907125,
            -0.0284709364761713,
            0.10725384831083828,
            -0.003305041416269222,
            0.07872741945762551,
            0.1027843154363996,
            -0.26358578921493114,
            -0.6800443044045194,
            -0.2511927484338371,
            -0.10875399146110978,
            -0.03606152159607415,
            -0.05361646730712999,
            0.8419032748484279,
            -0.08539063618415912,
            -0.005710798021865249,
            -0.12615689857666307,
            0.049882830613428374,
            -0.5323487124444231,
            -0.0684588083231228
        ],
        [
            0.07001408471492572,
            0.05090963557459614,
            -0.005334318324281695,
            0.047165398876638565,
            -0.0435339637113028,
            0.020817154944629268,
            0.04841805932923954,
            -0.07256842123623555,
            -0.2574154618759669,
            0.2651130197945707,
            0.03494746832571971,
            0.036104657674089095,
            -0.017662340538847597,
            -0.08539063618415912,
            1.387724019286872,
            0.006638352763092145,
            0.013213598314028076,
            0.001985714745824066,
            -0.07871772870171444,
            0.48326401578232625
        ],
        [
            -0.03502806831877078,
            -0.17065708720906092,
            -0.0060058315797646734,
            -0.09361068907570044,
            -0.012243879486357419,
            -0.25715248477267005,
            -0.3278781358759992,
            -0.06421392755992134,
            -0.3111161040632016,
            -0.06741564741714856,
            -0.6145255336252309,
            -0.48138193929374395,
            0.012095696110402648,
            -0.005710798021865249,
            0.006638352763092145,
            -0.30843421963786355,
            -0.4849381262158379,
            -0.013672037264652935,
            0.3247661481490731,
            0.02307018779125302
        ],
        [
            -0.17237567097214054,
            -0.21968001457788655,
            0.0039051859109905974,
            -0.14137323483655329,
            -0.010579595808162735,
            -0.3426781404611654,
            -0.31462434239866666,
            -0.061867431734883446,
            -0.16294412913946654,
            -0.05223144250533687,
            -0.556228082604288,
            -0.36814353780087994,
            0.042991817798843646,
            -0.12615689857666307,
            0.013213598314028076,
            -0.4849381262158379,
            -0.31555857311164814,
            -0.008629378749801074,
            0.2624320566026056,
            0.020063110468335383
        ],
        [
            0.006709477317088857,
            0.0017285360859477655,
            -0.008908378286835487,
            0.006789125147099147,
            0.0006046164255205461,
            0.011607811758267209,
            -0.004032161628838245,
            -0.04597365470794003,
            -0.007392718778254162,
            -0.0008864132800548968,
            0.006763100932674064,
            -0.005195855852641833,
            0.484880731231504,
            0.049882830613428374,
            0.001985714745824066,
            -0.013672037264652935,
            -0.008629378749801074,
            1.4794689455600585,
            0.012132531109951765,
            0.0003477870865003141
        ],
        [
            0.09154287360243783,
            0.13649184230639355,
            0.0052355427717980406,
            0.12523332168963944,
            0.015536868919940768,
            0.24714805635646597,
            0.19936095432510453,
            0.05760788374127283,
            0.14593174649374224,
            0.0522449765152086,
            0.06169209173135082,
            0.2517254665775416,
            0.03249415841586979,
            -0.5323487124444231,
            -0.07871772870171444,
            0.3247661481490731,
            0.2624320566026056,
            0.012132531109951765,
            1.1669172015757536,
            -0.022922538085078624
        ],
        [
            0.012611051013950459,
            0.014047065729137102,
            0.00047084555767136114,
            0.01666034480796548,
            -0.007048109930347487,
            0.0304636411734479,
            0.016709895575422073,
            0.005325774945455296,
            0.0140091887967837,
            -0.04117134988111003,
            0.009900672202829003,
            0.021051237409572245,
            0.0003191088974612375,
            -0.0684588083231228,
            0.48326401578232625,
            0.02307018779125302,
            0.020063110468335383,
            0.0003477870865003141,
            -0.022922538085078624,
            1.478860442623746
        ]
    ]
}