{
    "HF": -2.1799967705458703,
    "coordinates": [
        [
            0.65321,
            0.058602,
            0.028613
        ],
        [
            1.441624,
            -0.026227,
            0.006202
        ],
        [
            2.273988,
            -0.195671,
            0.032355
        ],
        [
            3.043331,
            -0.110187,
            -0.114725
        ]
    ],
    "elements": [
        "H",
        "H",
        "H",
        "H"
    ],
    "Enn": 2.8333649770637837,
    "S": [
        [
            0.9999999999999999,
            0.6848602514927513,
            0.0,
            0.0,
            0.0,
            0.5281617624859896,
            0.5496076145344718,
            0.014760673751469874,
            -0.5192772225733513,
            0.055871366456804156,
            0.086362866569757,
            0.2675927447115028,
            -0.0002617931152373171,
            -0.11339083958527746,
            0.017789129019438358,
            0.006983359692986549,
            0.09194920333165922,
            0.0004683756238487128,
            -0.0078100323323118,
            0.000551540088279454
        ],
        [
            0.6848602514927513,
            1.0000000000000002,
            0.0,
            0.0,
            0.0,
            0.5496076145344718,
            0.8718983661833968,
            0.004822311267923535,
            -0.16964783882864062,
            0.018253172216620654,
            0.2675927447115028,
            0.5563696298814839,
            -0.00037304801765023816,
            -0.16157884017934737,
            0.02534902153714031,
            0.09194920333165922,
            0.2850465766324337,
            0.004545701028427091,
            -0.07579829136561958,
            0.005352832681404652
        ],
        [
            0.0,
            0.0,
            1.0000000000000004,
            0.0,
            0.0,
            -0.014760673751469873,
            -0.004822311267923536,
            0.44123346850361567,
            0.02026668954331709,
            -0.0021805840678501974,
            0.00026179311523731727,
            0.0003730480176502381,
            0.030380899652947567,
            -0.0004783831559208507,
            7.505032780890565e-05,
            -0.00046837562384871264,
            -0.004545701028427087,
            0.0005345993387034784,
            0.0005022822899575313,
            -3.547089266176974e-05
        ],
        [
            0.0,
            0.0,
            0.0,
            1.0000000000000004,
            0.0,
            0.5192772225733511,
            0.16964783882864062,
            0.02026668954331709,
            -0.271168076936624,
            0.07671246295435481,
            0.11339083958527751,
            0.16157884017934734,
            -0.00047838315592085,
            -0.17682080043773993,
            0.03250665959525983,
            0.007810032332311801,
            0.07579829136561957,
            0.0005022822899575313,
            -0.007810694771017026,
            0.0005914671994840292
        ],
        [
            0.0,
            0.0,
            0.0,
            0.0,
            1.0000000000000004,
            -0.05587136645680416,
            -0.018253172216620654,
            -0.0021805840678501974,
            0.07671246295435481,
            0.4335557195790663,
            -0.017789129019438365,
            -0.0253490215371403,
            7.505032780890552e-05,
            0.03250665959525982,
            0.025282252123491934,
            -0.0005515400882794538,
            -0.00535283268140465,
            -3.547089266176973e-05,
            0.0005914671994840288,
            0.0005229526403749096
        ],
        [
            0.5281617624859896,
            0.5496076145344718,
            -0.014760673751469874,
            0.5192772225733511,
            -0.055871366456804156,
            0.9999999999999999,
            0.6848602514927513,
            0.0,
            0.0,
            0.0,
            0.48411574494869253,
            0.5320464467913305,
            -0.015427073676234769,
            -0.490993031523935,
            0.09995125117561748,
            0.09431476123622487,
            0.2775150930110919,
            0.009415700899226437,
            -0.124713207473908,
            0.006537351025817655
        ],
        [
            0.5496076145344718,
            0.8718983661833968,
            -0.004822311267923536,
            0.16964783882864062,
            -0.018253172216620654,
            0.6848602514927513,
            1.0000000000000002,
            0.0,
            0.0,
            0.0,
            0.5320464467913305,
            0.8544255845952297,
            -0.005435743598283553,
            -0.1730018462295606,
            0.03521791527807741,
            0.2775150930110919,
            0.5691740102242657,
            0.012534515987838429,
            -0.16602265829246324,
            0.008702754242964059
        ],
        [
            0.014760673751469873,
            0.004822311267923535,
            0.44123346850361567,
            0.020266689543317097,
            -0.0021805840678501974,
            0.0,
            0.0,
            1.0000000000000004,
            0.0,
            0.0,
            0.015427073676234769,
            0.005435743598283551,
            0.39090734355115014,
            -0.02213159165526158,
            0.004505319086882832,
            -0.009415700899226435,
            -0.012534515987838423,
            0.03347282477908771,
            0.01749604163322858,
            -0.0009171263255550933
        ],
        [
            -0.519277222573351,
            -0.16964783882864062,
            0.020266689543317087,
            -0.27116807693662415,
            0.07671246295435478,
            0.0,
            0.0,
            0.0,
            1.0000000000000004,
            0.0,
            0.490993031523935,
            0.17300184622956027,
            -0.022131591655261566,
            -0.31277307317943154,
            0.14338949322961572,
            0.124713207473908,
            0.16602265829246335,
            0.01749604163322858,
            -0.1969454951882887,
            0.01214755724962888
        ],
        [
            0.05587136645680416,
            0.018253172216620654,
            -0.0021805840678501974,
            0.07671246295435484,
            0.4335557195790663,
            0.0,
            0.0,
            0.0,
            0.0,
            1.0000000000000004,
            -0.09995125117561744,
            -0.03521791527807738,
            0.004505319086882832,
            0.14338949322961583,
            0.3624129807792872,
            -0.006537351025817654,
            -0.008702754242964053,
            -0.0009171263255550933,
            0.01214755724962888,
            0.03415699168346072
        ],
        [
            0.086362866569757,
            0.2675927447115028,
            0.0002617931152373171,
            0.11339083958527747,
            -0.017789129019438358,
            0.48411574494869253,
            0.5320464467913305,
            0.015427073676234769,
            0.49099303152393525,
            -0.09995125117561748,
            0.9999999999999999,
            0.6848602514927513,
            0.0,
            0.0,
            0.0,
            0.5323969811848361,
            0.5512361126079686,
            0.09785636920970281,
            -0.5118650574986426,
            -0.056874856306243095
        ],
        [
            0.2675927447115028,
            0.5563696298814839,
            0.00037304801765023816,
            0.1615788401793473,
            -0.025349021537140304,
            0.5320464467913305,
            0.8544255845952297,
            0.005435743598283551,
            0.17300184622956027,
            -0.03521791527807741,
            0.6848602514927513,
            1.0000000000000002,
            0.0,
            0.0,
            0.0,
            0.5512361126079686,
            0.873507826196227,
            0.031748214914042144,
            -0.16606790118720366,
            -0.018452300813924263
        ],
        [
            -0.00026179311523731727,
            -0.0003730480176502381,
            0.030380899652947567,
            -0.0004783831559208499,
            7.50503278089055e-05,
            -0.015427073676234769,
            -0.005435743598283553,
            0.39090734355115014,
            -0.022131591655261566,
            0.004505319086882832,
            0.0,
            0.0,
            1.0000000000000004,
            0.0,
            0.0,
            -0.09785636920970278,
            -0.031748214914042124,
            0.4216048016323591,
            0.1312241213441264,
            0.014580704300918183
        ],
        [
            -0.11339083958527749,
            -0.16157884017934734,
            -0.0004783831559208508,
            -0.17682080043773984,
            0.03250665959525983,
            -0.490993031523935,
            -0.17300184622955994,
            -0.02213159165526158,
            -0.31277307317943154,
            0.14338949322961583,
            0.0,
            0.0,
            0.0,
            1.0000000000000004,
            0.0,
            0.5118650574986426,
            0.1660679011872036,
            0.13122412134412625,
            -0.23971268189100123,
            -0.07626844430909224
        ],
        [
            0.017789129019438365,
            0.025349021537140307,
            7.505032780890565e-05,
            0.03250665959525983,
            0.025282252123491934,
            0.09995125117561746,
            0.03521791527807741,
            0.004505319086882832,
            0.14338949322961572,
            0.3624129807792872,
            0.0,
            0.0,
            0.0,
            0.0,
            1.0000000000000004,
            0.056874856306243074,
            0.018452300813924256,
            0.014580704300918188,
            -0.07626844430909237,
            0.43821730356449545
        ],
        [
            0.006983359692986549,
            0.09194920333165922,
            -0.0004683756238487128,
            0.007810032332311801,
            -0.000551540088279454,
            0.09431476123622487,
            0.2775150930110919,
            -0.009415700899226435,
            0.12471320747390804,
            -0.006537351025817655,
            0.5323969811848361,
            0.5512361126079686,
            -0.09785636920970281,
            0.5118650574986426,
            0.056874856306243074,
            0.9999999999999999,
            0.6848602514927513,
            0.0,
            0.0,
            0.0
        ],
        [
            0.09194920333165922,
            0.2850465766324337,
            -0.00454570102842709,
            0.07579829136561955,
            -0.005352832681404651,
            0.2775150930110919,
            0.5691740102242657,
            -0.012534515987838423,
            0.1660226582924634,
            -0.008702754242964059,
            0.5512361126079686,
            0.873507826196227,
            -0.031748214914042144,
            0.16606790118720366,
            0.018452300813924263,
            0.6848602514927513,
            1.0000000000000002,
            0.0,
            0.0,
            0.0
        ],
        [
            0.00046837562384871264,
            0.004545701028427086,
            0.0005345993387034784,
            0.0005022822899575313,
            -3.547089266176974e-05,
            0.009415700899226437,
            0.012534515987838423,
            0.03347282477908771,
            0.017496041633228585,
            -0.0009171263255550935,
            0.09785636920970278,
            0.03174821491404213,
            0.4216048016323591,
            0.13122412134412625,
            0.014580704300918188,
            0.0,
            0.0,
            1.0000000000000004,
            0.0,
            0.0
        ],
        [
            -0.0078100323323118,
            -0.07579829136561957,
            0.0005022822899575313,
            -0.007810694771017026,
            0.0005914671994840292,
            -0.124713207473908,
            -0.16602265829246318,
            0.017496041633228574,
            -0.19694549518828866,
            0.01214755724962888,
            -0.5118650574986426,
            -0.1660679011872036,
            0.1312241213441264,
            -0.23971268189100106,
            -0.07626844430909237,
            0.0,
            0.0,
            0.0,
            1.0000000000000004,
            0.0
        ],
        [
            0.0005515400882794538,
            0.005352832681404648,
            -3.547089266176973e-05,
            0.0005914671994840288,
            0.0005229526403749096,
            0.006537351025817652,
            0.008702754242964053,
            -0.000917126325555093,
            0.01214755724962888,
            0.03415699168346072,
            -0.056874856306243095,
            -0.01845230081392423,
            0.014580704300918183,
            -0.07626844430909224,
            0.43821730356449545,
            0.0,
            0.0,
            0.0,
            0.0,
            1.0000000000000004
        ]
    ],
    "h": [
        [
            -0.2476347655729645,
            -0.458521440525989,
            0.006891021371930616,
            -0.2705846210550622,
            0.030279097342362078,
            -0.5573469197403589,
            -0.4517355888314871,
            -0.0036656429054856415,
            0.03095517993494501,
            0.0007324912563889396,
            -0.19710873202170354,
            -0.28451358807428706,
            0.0005441478156000749,
            0.2688887902091888,
            -0.042862302120196955,
            0.0014617478547045704,
            -0.11280506442298727,
            -0.0028721872376511184,
            0.04312756867837354,
            -0.002723972776894961
        ],
        [
            -0.458521440525989,
            -0.3062026394505746,
            0.005684075326821166,
            -0.23273883309399687,
            0.02642873336702961,
            -0.5191586706210045,
            -0.3592155986252825,
            -0.009151643674192939,
            0.12177219713086829,
            -0.004148838439869792,
            -0.28977991042080403,
            -0.28974262648531524,
            0.009145304494884076,
            0.16500661565056873,
            -0.03899026482226649,
            -0.11223718666245275,
            -0.1739828739578162,
            -0.013363769906395784,
            0.09889455611743828,
            0.0032208448619676497
        ],
        [
            0.006891021371930616,
            0.005684075326821166,
            1.4885535936394705,
            0.0067608099481138925,
            -0.0007143484840198423,
            0.0004324923147376522,
            0.004992747475159542,
            0.36006223112441726,
            0.028326518729334386,
            -0.003089197118058975,
            0.0024039415880352695,
            0.003888436061290969,
            -0.040056111973153535,
            -0.0034132897569881943,
            0.0006259225912051485,
            0.001226057920683757,
            0.002603134427235432,
            -0.0018367169826429385,
            -0.0023249144450683207,
            0.00013310708086662789
        ],
        [
            -0.2705846210550622,
            -0.23273883309399687,
            0.0067608099481138925,
            1.2285420397631914,
            0.028964245379403154,
            -0.06609951032658123,
            -0.218674618235853,
            0.025519340407227073,
            -0.6418861395214396,
            0.11255266413711187,
            -0.20430629008665524,
            -0.16908591260240596,
            0.004507343408124486,
            0.21473311412234541,
            -0.04621670222190005,
            -0.042389855157107276,
            -0.09898713476695424,
            -0.0050297007651509485,
            0.05594121296729021,
            -0.0019840086613546614
        ],
        [
            0.030279097342362078,
            0.02642873336702961,
            -0.0007143484840198423,
            0.028964245379403154,
            1.4854715630297552,
            0.0093257029036026,
            0.025399756876777854,
            -0.0026655701017200125,
            0.10825826304016886,
            0.3485447537241314,
            0.02747905888410622,
            0.019635073760486614,
            -0.0005939038437770958,
            -0.033475832855049334,
            -0.03392344464232047,
            0.0048138439862986035,
            0.011230857789652129,
            0.0005418658690110286,
            -0.005608693730305712,
            -0.0018837289235715193
        ],
        [
            -0.5573469197403589,
            -0.5191586706210045,
            0.0004324923147376522,
            -0.06609951032658123,
            0.0093257029036026,
            -0.3952031922989685,
            -0.5765688519772273,
            -0.013593558252191312,
            0.0750383663079042,
            0.010186187538490097,
            -0.46439357527412084,
            -0.4726240577346592,
            0.007852522049233951,
            0.056528571446364584,
            -0.019836412254620822,
            -0.20777632460601814,
            -0.29688917062136755,
            -0.026164489349707068,
            0.2101125500283862,
            0.0035593327180280278
        ],
        [
            -0.4517355888314871,
            -0.3592155986252825,
            0.004992747475159542,
            -0.218674618235853,
            0.025399756876777854,
            -0.5765688519772273,
            -0.4267601030486896,
            -0.01046214292908219,
            0.027852831784113644,
            0.012697895369081884,
            -0.47427328991608897,
            -0.394849936564845,
            0.024850389403367694,
            0.09973874028088336,
            -0.05083653841796904,
            -0.29217997388865913,
            -0.29458545073257025,
            -0.029557149952271534,
            0.17116331621474926,
            0.014535021248957766
        ],
        [
            -0.0036656429054856415,
            -0.009151643674192939,
            0.36006223112441726,
            0.025519340407227073,
            -0.0026655701017200125,
            -0.013593558252191312,
            -0.01046214292908219,
            1.4220013270271046,
            0.003075935177364663,
            0.0003142750124151834,
            0.0017100145016568126,
            -0.005613156476505302,
            0.28052343247785627,
            -0.02454245798485559,
            0.0057862966269670996,
            0.0064519824330363865,
            -0.0026379609374025843,
            -0.04116085330389384,
            -0.004329973736076027,
            5.530934511762558e-05
        ],
        [
            0.03095517993494501,
            0.12177219713086829,
            0.028326518729334386,
            -0.6418861395214396,
            0.10825826304016886,
            0.0750383663079042,
            0.027852831784113644,
            0.003075935177364663,
            0.9267661308933386,
            0.07159297656259742,
            -0.06424612913502492,
            -0.10488425537343882,
            -0.0148827639836603,
            -0.7672960441102196,
            0.18780626916516768,
            -0.2768916568753049,
            -0.1673621350565549,
            -0.03527302496165082,
            0.20404267840313317,
            0.010748498720705227
        ],
        [
            0.0007324912563889396,
            -0.004148838439869792,
            -0.003089197118058975,
            0.11255266413711187,
            0.3485447537241314,
            0.010186187538490097,
            0.012697895369081884,
            0.0003142750124151834,
            0.07159297656259742,
            1.4109830232001896,
            0.008158192260952796,
            0.025761714085680253,
            0.0042570858872238455,
            0.2008365046042882,
            0.2438863330619117,
            0.03472952331341027,
            0.030631338705926377,
            0.004972537432622201,
            -0.0329882894090293,
            -0.04338689929954399
        ],
        [
            -0.19710873202170354,
            -0.28977991042080403,
            0.0024039415880352695,
            -0.20430629008665524,
            0.02747905888410622,
            -0.46439357527412084,
            -0.47427328991608897,
            0.0017100145016568126,
            -0.06424612913502492,
            0.008158192260952796,
            -0.3996819948845245,
            -0.5771371904151309,
            0.05464799634330936,
            -0.07589344014237245,
            -0.06522204406612717,
            -0.5639609673091559,
            -0.5230576844519237,
            -0.009478048854749926,
            0.06966173821874544,
            0.0022812295723631942
        ],
        [
            -0.28451358807428706,
            -0.28974262648531524,
            0.003888436061290969,
            -0.16908591260240596,
            0.019635073760486614,
            -0.4726240577346592,
            -0.394849936564845,
            -0.005613156476505302,
            -0.10488425537343882,
            0.025761714085680253,
            -0.5771371904151309,
            -0.4247742780774624,
            0.04433446630943473,
            -0.028645487480293705,
            -0.05808113289648275,
            -0.45612843710129347,
            -0.3618071647468357,
            -0.03879407131650578,
            0.22004317424930897,
            0.01979643953687316
        ],
        [
            0.0005441478156000749,
            0.009145304494884076,
            -0.040056111973153535,
            0.004507343408124486,
            -0.0005939038437770958,
            0.007852522049233951,
            0.024850389403367694,
            0.28052343247785627,
            -0.0148827639836603,
            0.0042570858872238455,
            0.05464799634330936,
            0.04433446630943473,
            1.410752966266824,
            0.041861547171021155,
            0.0062690422823138,
            0.009034816907922266,
            0.04104164855574487,
            0.33210673664952484,
            0.17576965474129674,
            0.020131536132650098
        ],
        [
            0.2688887902091888,
            0.16500661565056873,
            -0.0034132897569881943,
            0.21473311412234541,
            -0.033475832855049334,
            0.056528571446364584,
            0.09973874028088336,
            -0.02454245798485559,
            -0.7672960441102196,
            0.2008365046042882,
            -0.07589344014237245,
            -0.028645487480293705,
            0.041861547171021155,
            0.9353374512939232,
            0.017797407790708434,
            -0.027388082393015267,
            -0.11714984078999766,
            0.18300671437242652,
            -0.6042380205182902,
            -0.10430455542140182
        ],
        [
            -0.042862302120196955,
            -0.03899026482226649,
            0.0006259225912051485,
            -0.04621670222190005,
            -0.03392344464232047,
            -0.019836412254620822,
            -0.05083653841796904,
            0.0057862966269670996,
            0.18780626916516768,
            0.2438863330619117,
            -0.06522204406612717,
            -0.05808113289648275,
            0.0062690422823138,
            0.017797407790708434,
            1.4082115770784407,
            -0.0085220800190461,
            -0.03942571146663837,
            0.01896807659287894,
            -0.09401514946991049,
            0.35427813273132003
        ],
        [
            0.0014617478547045704,
            -0.11223718666245275,
            0.001226057920683757,
            -0.042389855157107276,
            0.0048138439862986035,
            -0.20777632460601814,
            -0.29217997388865913,
            0.0064519824330363865,
            -0.2768916568753049,
            0.03472952331341027,
            -0.5639609673091559,
            -0.45612843710129347,
            0.009034816907922266,
            -0.027388082393015267,
            -0.0085220800190461,
            -0.25368291218308103,
            -0.4614978091948214,
            -0.050636713488762176,
            0.27017623264662005,
            0.028550751052366936
        ],
        [
            -0.11280506442298727,
            -0.1739828739578162,
            0.002603134427235432,
            -0.09898713476695424,
            0.011230857789652129,
            -0.29688917062136755,
            -0.29458545073257025,
            -0.0026379609374025843,
            -0.1673621350565549,
            0.030631338705926377,
            -0.5230576844519237,
            -0.3618071647468357,
            0.04104164855574487,
            -0.11714984078999766,
            -0.03942571146663837,
            -0.4614978091948214,
            -0.30900668253924435,
            -0.042600828591131415,
            0.23221918690262014,
            0.023235214930173383
        ],
        [
            -0.0028721872376511184,
            -0.013363769906395784,
            -0.0018367169826429385,
            -0.0050297007651509485,
            0.0005418658690110286,
            -0.026164489349707068,
            -0.029557149952271534,
            -0.04116085330389384,
            -0.03527302496165082,
            0.004972537432622201,
            -0.009478048854749926,
            -0.03879407131650578,
            0.33210673664952484,
            0.18300671437242652,
            0.01896807659287894,
            -0.050636713488762176,
            -0.042600828591131415,
            1.4749214092467993,
            0.04737719503261886,
            0.005105516996811898
        ],
        [
            0.04312756867837354,
            0.09889455611743828,
            -0.0023249144450683207,
            0.05594121296729021,
            -0.005608693730305712,
            0.2101125500283862,
            0.17116331621474926,
            -0.004329973736076027,
            0.20404267840313317,
            -0.0329882894090293,
            0.06966173821874544,
            0.22004317424930897,
            0.17576965474129674,
            -0.6042380205182902,
            -0.09401514946991049,
            0.27017623264662005,
            0.23221918690262014,
            0.04737719503261886,
            1.2272581237913047,
            -0.02612156684834685
        ],
        [
            -0.002723972776894961,
            0.0032208448619676497,
            0.00013310708086662789,
            -0.0019840086613546614,
            -0.0018837289235715193,
            0.0035593327180280278,
            0.014535021248957766,
            5.530934511762558e-05,
            0.010748498720705227,
            -0.04338689929954399,
            0.0022812295723631942,
            0.01979643953687316,
            0.020131536132650098,
            -0.10430455542140182,
            0.35427813273132003,
            0.028550751052366936,
            0.023235214930173383,
            0.005105516996811898,
            -0.02612156684834685,
            1.4808078473042636
        ]
    ]
}