{
    "HF": -2.1403568857403408,
    "coordinates": [
        [
            0.664425,
            0.044444,
            -0.184101
        ],
        [
            1.428967,
            0.04057,
            -0.098868
        ],
        [
            2.138823,
            -0.08904,
            -0.025293
        ],
        [
            2.952902,
            -0.175372,
            -0.072822
        ]
    ],
    "elements": [
        "H",
        "H",
        "H",
        "H"
    ],
    "Enn": 2.9918412209242544,
    "S": [
        [
            0.9999999999999999,
            0.6848602514927513,
            0.0,
            0.0,
            0.0,
            0.5472165011328356,
            0.5568559561402321,
            -0.05871270243606591,
            -0.5266543116618527,
            0.002668602644953469,
            0.1291554788358548,
            0.31575654613699045,
            -0.018131710196731748,
            -0.1683375979210171,
            0.015240373305504385,
            0.010150346019349964,
            0.1080306286636103,
            -0.0005750623961436335,
            -0.011826284088997871,
            0.0011359548133134637
        ],
        [
            0.6848602514927513,
            1.0000000000000002,
            0.0,
            0.0,
            0.0,
            0.5568559561402322,
            0.8790481292391715,
            -0.018598418780495982,
            -0.16682825069254842,
            0.0008453330793899258,
            0.31575654613699045,
            0.6169819127550069,
            -0.018899253482496704,
            -0.17546358833362388,
            0.015885521836794057,
            0.1080306286636103,
            0.3153562415562745,
            -0.004195766952224009,
            -0.08628686605311638,
            0.008288146985235962
        ],
        [
            0.0,
            0.0,
            1.0000000000000004,
            0.0,
            0.0,
            0.058712702436065904,
            0.01859841878049598,
            0.4550942557072841,
            -0.07847146407991137,
            0.00039762165040714087,
            0.018131710196731744,
            0.018899253482496697,
            0.05258002812767856,
            -0.03420182196402604,
            0.0030964475013165052,
            0.0005750623961436337,
            0.004195766952224008,
            0.000998063813018964,
            -0.0006817755495727475,
            6.548686056485736e-05
        ],
        [
            0.0,
            0.0,
            0.0,
            1.0000000000000004,
            0.0,
            0.5266543116618528,
            0.16682825069254822,
            -0.07847146407991135,
            -0.24004841972118543,
            0.003566675487728653,
            0.16833759792101707,
            0.17546358833362405,
            -0.034201821964026054,
            -0.26127107751722595,
            0.02874789685057461,
            0.011826284088997871,
            0.08628686605311633,
            -0.0006817755495727477,
            -0.012989647767439213,
            0.001346751626136855
        ],
        [
            0.0,
            0.0,
            0.0,
            0.0,
            1.0000000000000004,
            -0.002668602644953469,
            -0.0008453330793899257,
            0.00039762165040714087,
            0.003566675487728654,
            0.46382437255774306,
            -0.015240373305504382,
            -0.01588552183679405,
            0.003096447501316506,
            0.02874789685057461,
            0.053661241395236536,
            -0.0011359548133134637,
            -0.008288146985235957,
            6.548686056485737e-05,
            0.001346751626136855,
            0.0009018556125126914
        ],
        [
            0.5472165011328356,
            0.5568559561402321,
            0.058712702436065904,
            0.5266543116618528,
            -0.002668602644953469,
            0.9999999999999999,
            0.6848602514927513,
            0.0,
            0.0,
            0.0,
            0.5825651892646458,
            0.569789729394523,
            -0.05485573134153425,
            -0.5292513765161551,
            0.09663406509243973,
            0.11339134933694425,
            0.2993721155918856,
            -0.002537424969051259,
            -0.14846313139104395,
            0.021037265709393658
        ],
        [
            0.5568559561402322,
            0.8790481292391715,
            0.018598418780495982,
            0.16682825069254822,
            -0.0008453330793899258,
            0.6848602514927513,
            1.0000000000000002,
            0.0,
            0.0,
            0.0,
            0.569789729394523,
            0.8917186425910778,
            -0.016452908242895744,
            -0.1587386426594496,
            0.028983505774539134,
            0.2993721155918856,
            0.5967836009919114,
            -0.002927903017939871,
            -0.1713097552654609,
            0.02427463846655809
        ],
        [
            -0.05871270243606591,
            -0.01859841878049598,
            0.4550942557072841,
            -0.07847146407991135,
            0.00039762165040714087,
            0.0,
            0.0,
            1.0000000000000004,
            0.0,
            0.0,
            0.05485573134153422,
            0.016452908242895723,
            0.4980353307517613,
            -0.06849195979817986,
            0.012505695393772956,
            0.002537424969051259,
            0.0029279030179398704,
            0.046059959646391875,
            -0.004754761542485034,
            0.0006737509913528487
        ],
        [
            -0.5266543116618527,
            -0.1668282506925484,
            -0.07847146407991137,
            -0.2400484197211856,
            0.003566675487728654,
            0.0,
            0.0,
            0.0,
            1.0000000000000004,
            0.0,
            0.5292513765161551,
            0.15873864265944918,
            -0.06849195979817987,
            -0.1556801536766576,
            0.12065569703625,
            0.14846313139104395,
            0.17130975526546088,
            -0.004754761542485039,
            -0.2320568684292878,
            0.039420744721158855
        ],
        [
            0.002668602644953469,
            0.0008453330793899257,
            0.00039762165040714087,
            0.003566675487728653,
            0.46382437255774306,
            0.0,
            0.0,
            0.0,
            0.0,
            1.0000000000000004,
            -0.09663406509243969,
            -0.02898350577453911,
            0.012505695393772956,
            0.12065569703624995,
            0.4831042898776724,
            -0.02103726570939365,
            -0.024274638466558075,
            0.0006737509913528493,
            0.03942074472115885,
            0.04055529446222003
        ],
        [
            0.1291554788358548,
            0.31575654613699045,
            0.018131710196731748,
            0.16833759792101707,
            -0.015240373305504385,
            0.5825651892646458,
            0.569789729394523,
            0.05485573134153425,
            0.5292513765161551,
            -0.09663406509243973,
            0.9999999999999999,
            0.6848602514927513,
            0.0,
            0.0,
            0.0,
            0.5071703440292077,
            0.5413837884336588,
            0.029737491890242395,
            -0.5093451926301134,
            0.0540153832369376
        ],
        [
            0.31575654613699045,
            0.6169819127550069,
            0.0188992534824967,
            0.17546358833362397,
            -0.015885521836794054,
            0.569789729394523,
            0.8917186425910778,
            0.01645290824289573,
            0.1587386426594496,
            -0.028983505774539144,
            0.6848602514927513,
            1.0000000000000002,
            0.0,
            0.0,
            0.0,
            0.5413837884336588,
            0.8637427928188722,
            0.010063818971074459,
            -0.17237357579905618,
            0.018279989467710256
        ],
        [
            -0.018131710196731744,
            -0.018899253482496704,
            0.05258002812767856,
            -0.03420182196402603,
            0.0030964475013165052,
            -0.05485573134153422,
            -0.016452908242895723,
            0.4980353307517613,
            -0.06849195979817986,
            0.012505695393772956,
            0.0,
            0.0,
            1.0000000000000004,
            0.0,
            0.0,
            -0.029737491890242395,
            -0.010063818971074457,
            0.4152974725412573,
            0.04196345020830449,
            -0.004450168329343152
        ],
        [
            -0.1683375979210171,
            -0.17546358833362405,
            -0.034201821964026054,
            -0.261271077517226,
            0.028747896850574616,
            -0.5292513765161551,
            -0.15873864265944918,
            -0.06849195979817987,
            -0.1556801536766576,
            0.12065569703625,
            0.0,
            0.0,
            0.0,
            1.0000000000000004,
            0.0,
            0.5093451926301134,
            0.17237357579905616,
            0.041963450208304505,
            -0.3010045383376306,
            0.07622269737178027
        ],
        [
            0.015240373305504382,
            0.015885521836794057,
            0.003096447501316506,
            0.028747896850574606,
            0.053661241395236536,
            0.09663406509243969,
            0.02898350577453912,
            0.012505695393772956,
            0.12065569703624995,
            0.4831042898776724,
            0.0,
            0.0,
            0.0,
            0.0,
            1.0000000000000004,
            -0.0540153832369376,
            -0.018279989467710252,
            -0.004450168329343153,
            0.07622269737178027,
            0.40966414078285307
        ],
        [
            0.010150346019349964,
            0.1080306286636103,
            0.0005750623961436337,
            0.011826284088997871,
            -0.0011359548133134637,
            0.11339134933694425,
            0.2993721155918856,
            0.002537424969051259,
            0.14846313139104395,
            -0.021037265709393658,
            0.5071703440292077,
            0.5413837884336588,
            -0.029737491890242405,
            0.5093451926301134,
            -0.0540153832369376,
            0.9999999999999999,
            0.6848602514927513,
            0.0,
            0.0,
            0.0
        ],
        [
            0.1080306286636103,
            0.3153562415562745,
            0.004195766952224009,
            0.08628686605311635,
            -0.00828814698523596,
            0.2993721155918856,
            0.5967836009919114,
            0.002927903017939871,
            0.17130975526546108,
            -0.024274638466558092,
            0.5413837884336588,
            0.8637427928188722,
            -0.010063818971074459,
            0.17237357579905618,
            -0.018279989467710256,
            0.6848602514927513,
            1.0000000000000002,
            0.0,
            0.0,
            0.0
        ],
        [
            -0.0005750623961436335,
            -0.004195766952224004,
            0.000998063813018964,
            -0.0006817755495727476,
            6.548686056485737e-05,
            -0.002537424969051259,
            -0.0029279030179398704,
            0.046059959646391875,
            -0.004754761542485039,
            0.0006737509913528495,
            0.029737491890242395,
            0.010063818971074457,
            0.4152974725412573,
            0.041963450208304505,
            -0.004450168329343153,
            0.0,
            0.0,
            1.0000000000000004,
            0.0,
            0.0
        ],
        [
            -0.01182628408899787,
            -0.08628686605311633,
            -0.0006817755495727476,
            -0.012989647767439213,
            0.001346751626136855,
            -0.14846313139104395,
            -0.17130975526546088,
            -0.004754761542485033,
            -0.2320568684292878,
            0.039420744721158855,
            -0.5093451926301134,
            -0.17237357579905616,
            0.04196345020830449,
            -0.3010045383376306,
            0.07622269737178027,
            0.0,
            0.0,
            0.0,
            1.0000000000000004,
            0.0
        ],
        [
            0.0011359548133134637,
            0.008288146985235958,
            6.548686056485737e-05,
            0.001346751626136855,
            0.0009018556125126914,
            0.02103726570939365,
            0.024274638466558085,
            0.0006737509913528484,
            0.03942074472115885,
            0.04055529446222003,
            0.0540153832369376,
            0.018279989467710252,
            -0.004450168329343152,
            0.07622269737178027,
            0.40966414078285307,
            0.0,
            0.0,
            0.0,
            0.0,
            1.0000000000000004
        ]
    ],
    "h": [
        [
            -0.26909898513467545,
            -0.46760720070268313,
            -0.03261374398206071,
            -0.28715696314238437,
            0.0025935005724015033,
            -0.5819575233768586,
            -0.460517351698025,
            0.0004077255376540717,
            0.020515460785666906,
            0.005046286303860046,
            -0.26820437560112154,
            -0.32090947707418915,
            0.031022811593145464,
            0.328718079895476,
            -0.044372196973202556,
            -0.004657563733679586,
            -0.12727149720468145,
            0.0016656399856734123,
            0.0591926648553783,
            -0.006965851023125843
        ],
        [
            -0.46760720070268313,
            -0.31324886778576544,
            -0.02788049340181565,
            -0.24591007413146806,
            0.003204597480165379,
            -0.5475036226992767,
            -0.36770709956202285,
            0.011579759918180998,
            0.10258755225230409,
            0.018610106330015412,
            -0.3493952794664007,
            -0.31457576413989663,
            0.025435918227665343,
            0.20449398679738656,
            -0.03462020466596308,
            -0.1254851748673543,
            -0.18831355311771902,
            -0.002305169646369695,
            0.11225744042006948,
            -0.01288807784278558
        ],
        [
            -0.03261374398206071,
            -0.02788049340181565,
            1.4733306099713837,
            -0.03166400011285153,
            0.0003863044985346106,
            -0.010323634096206069,
            -0.02688526417846121,
            0.3744401610619441,
            -0.11287126851233803,
            0.0018030534733774522,
            -0.028465142216263256,
            -0.022047251515390262,
            -0.044879529977281174,
            0.025809005595173476,
            -0.004142428451697095,
            -0.004822421799789442,
            -0.011881507913502754,
            -0.0034244849638870377,
            0.006225929866087349,
            -0.0006909299439152488
        ],
        [
            -0.28715696314238437,
            -0.24591007413146806,
            -0.03166400011285153,
            1.1943982972835507,
            0.0034336130522024536,
            -0.08976586290883937,
            -0.23871178708098362,
            -0.1134698754431086,
            -0.6313419722062982,
            0.016724573708538994,
            -0.2618352695944762,
            -0.19775545371602432,
            0.02429449991475288,
            0.18065739267642278,
            -0.03691178803166052,
            -0.06073896900922633,
            -0.11819552805889384,
            0.0017076206163166843,
            0.08071695521730672,
            -0.009088777484177447
        ],
        [
            0.0025935005724015033,
            0.003204597480165379,
            0.0003863044985346106,
            0.0034336130522024536,
            1.4766726037176423,
            0.005024876007810774,
            0.004736613271949944,
            0.0008232487697435663,
            0.008008596078214998,
            0.3861419991020648,
            0.013141628261901121,
            0.004082929755574196,
            -0.0005207641013102943,
            -0.003737598610907056,
            -0.04674842533635866,
            0.005549322265580806,
            0.005476380322440681,
            -0.00013427485667883473,
            -0.006612206388359085,
            -0.00282125184229414
        ],
        [
            -0.5819575233768586,
            -0.5475036226992767,
            -0.010323634096206069,
            -0.08976586290883937,
            0.005024876007810774,
            -0.4817679778616575,
            -0.6169196018287061,
            0.0038072119504179566,
            0.018413565648971716,
            0.044073760715144364,
            -0.5610540118598157,
            -0.5362086881001052,
            0.012584967614515497,
            0.0557891260116512,
            -0.0067054608690410855,
            -0.2416297602756934,
            -0.33643834808412176,
            -0.004266422424689937,
            0.24261994941013437,
            -0.030204758059094682
        ],
        [
            -0.460517351698025,
            -0.36770709956202285,
            -0.02688526417846121,
            -0.23871178708098362,
            0.004736613271949944,
            -0.6169196018287061,
            -0.43919242378097123,
            0.001954945914487225,
            -0.008623678932938514,
            0.03794057956120629,
            -0.5298314854039704,
            -0.4169234889026483,
            0.03228218701623512,
            0.14522541196613792,
            -0.0302563757158459,
            -0.30162440073487984,
            -0.30641054199259,
            -0.008452698286940168,
            0.18079833040126014,
            -0.020309677291388196
        ],
        [
            0.0004077255376540717,
            0.011579759918180998,
            0.3744401610619441,
            -0.1134698754431086,
            0.0008232487697435663,
            0.0038072119504179566,
            0.001954945914487225,
            1.3847407362499375,
            -0.05922034363390174,
            0.005460396926318129,
            0.0018686320502136755,
            -0.009164256905710991,
            0.42763737586255257,
            -0.11196334406780109,
            0.01951013458657725,
            -0.019765273189923598,
            -0.016150607253909356,
            -0.046514996925578506,
            0.01758960080149315,
            -0.002049968579100151
        ],
        [
            0.020515460785666906,
            0.10258755225230409,
            -0.11287126851233803,
            -0.6313419722062982,
            0.008008596078214998,
            0.018413565648971716,
            -0.008623678932938514,
            -0.05922034363390174,
            0.8067688467415295,
            0.05625952873446025,
            -0.035715226291176405,
            -0.1306500847752003,
            -0.10073543196816909,
            -0.6765789815232621,
            0.19145358417534092,
            -0.3094818976533456,
            -0.19711669266181395,
            -0.009566694170430323,
            0.1966346012172347,
            -0.028314390007619816
        ],
        [
            0.005046286303860046,
            0.018610106330015412,
            0.0018030534733774522,
            0.016724573708538994,
            0.3861419991020648,
            0.044073760715144364,
            0.03794057956120629,
            0.005460396926318129,
            0.05625952873446025,
            1.3813314040289835,
            0.012701973382671539,
            0.04265747096550357,
            0.016992858597010205,
            0.18319663617444462,
            0.40583664795505625,
            0.046552169025368004,
            0.03852622378184242,
            0.0014997427508088796,
            -0.04106194187566979,
            -0.04098805935351302
        ],
        [
            -0.26820437560112154,
            -0.3493952794664007,
            -0.028465142216263256,
            -0.2618352695944762,
            0.013141628261901121,
            -0.5610540118598157,
            -0.5298314854039704,
            0.0018686320502136755,
            -0.035715226291176405,
            0.012701973382671539,
            -0.4503194192080604,
            -0.6050828004859399,
            0.04004004648044587,
            0.012759385705296986,
            -0.020365160456317234,
            -0.5467054147124193,
            -0.527708817811671,
            -0.00198791827253441,
            0.0886420269463779,
            -0.011381633477844932
        ],
        [
            -0.32090947707418915,
            -0.31457576413989663,
            -0.022047251515390262,
            -0.19775545371602432,
            0.004082929755574196,
            -0.5362086881001052,
            -0.4169234889026483,
            -0.009164256905710991,
            -0.1306500847752003,
            0.04265747096550357,
            -0.6050828004859399,
            -0.43893041094214813,
            0.0342478027653909,
            0.025357024278493748,
            -0.017786411444754395,
            -0.441028425322738,
            -0.36262202555761336,
            -0.010321198003122856,
            0.2182760900219497,
            -0.02470612557686408
        ],
        [
            0.031022811593145464,
            0.025435918227665343,
            -0.044879529977281174,
            0.02429449991475288,
            -0.0005207641013102943,
            0.012584967614515497,
            0.03228218701623512,
            0.42763737586255257,
            -0.10073543196816909,
            0.016992858597010205,
            0.04004004648044587,
            0.0342478027653909,
            1.3964772412986242,
            -0.0184137018002866,
            0.004038883902951133,
            0.00456037516516708,
            0.021690482855383095,
            0.3201772414864636,
            0.049437257255387404,
            -0.00503551165982284
        ],
        [
            0.328718079895476,
            0.20449398679738656,
            0.025809005595173476,
            0.18065739267642278,
            -0.003737598610907056,
            0.0557891260116512,
            0.14522541196613792,
            -0.11196334406780109,
            -0.6765789815232621,
            0.18319663617444462,
            0.012759385705296986,
            0.025357024278493748,
            -0.0184137018002866,
            0.834458804514201,
            0.08000086750160458,
            -0.037489412603780026,
            -0.0965850551181022,
            0.05592611525018226,
            -0.6730765738749878,
            0.10624076462573942
        ],
        [
            -0.044372196973202556,
            -0.03462020466596308,
            -0.004142428451697095,
            -0.03691178803166052,
            -0.04674842533635866,
            -0.0067054608690410855,
            -0.0302563757158459,
            0.01951013458657725,
            0.19145358417534092,
            0.40583664795505625,
            -0.020365160456317234,
            -0.017786411444754395,
            0.004038883902951133,
            0.08000086750160458,
            1.3883183860555026,
            0.0006068416608914079,
            0.001985007554599537,
            -0.00596897799369837,
            0.1102676071619213,
            0.311637121544146
        ],
        [
            -0.004657563733679586,
            -0.1254851748673543,
            -0.004822421799789442,
            -0.06073896900922633,
            0.005549322265580806,
            -0.2416297602756934,
            -0.30162440073487984,
            -0.019765273189923598,
            -0.3094818976533456,
            0.046552169025368004,
            -0.5467054147124193,
            -0.441028425322738,
            0.00456037516516708,
            -0.037489412603780026,
            0.0006068416608914079,
            -0.234358988611729,
            -0.45209797769527826,
            -0.014541802441478862,
            0.2584282024201342,
            -0.02825937709735673
        ],
        [
            -0.12727149720468145,
            -0.18831355311771902,
            -0.011881507913502754,
            -0.11819552805889384,
            0.005476380322440681,
            -0.33643834808412176,
            -0.30641054199259,
            -0.016150607253909356,
            -0.19711669266181395,
            0.03852622378184242,
            -0.527708817811671,
            -0.36262202555761336,
            0.021690482855383095,
            -0.0965850551181022,
            0.001985007554599537,
            -0.45209797769527826,
            -0.30700019258616695,
            -0.012223620432013263,
            0.22910690244010382,
            -0.02536896375139198
        ],
        [
            0.0016656399856734123,
            -0.002305169646369695,
            -0.0034244849638870377,
            0.0017076206163166843,
            -0.00013427485667883473,
            -0.004266422424689937,
            -0.008452698286940168,
            -0.046514996925578506,
            -0.009566694170430323,
            0.0014997427508088796,
            -0.00198791827253441,
            -0.010321198003122856,
            0.3201772414864636,
            0.05592611525018226,
            -0.00596897799369837,
            -0.014541802441478862,
            -0.012223620432013263,
            1.491002882604856,
            0.01338324403748368,
            -0.0014101843343376904
        ],
        [
            0.0591926648553783,
            0.11225744042006948,
            0.006225929866087349,
            0.08071695521730672,
            -0.006612206388359085,
            0.24261994941013437,
            0.18079833040126014,
            0.01758960080149315,
            0.1966346012172347,
            -0.04106194187566979,
            0.0886420269463779,
            0.2182760900219497,
            0.049437257255387404,
            -0.6730765738749878,
            0.1102676071619213,
            0.2584282024201342,
            0.22910690244010382,
            0.01338324403748368,
            1.2408502489890492,
            0.027462227702603807
        ],
        [
            -0.006965851023125843,
            -0.01288807784278558,
            -0.0006909299439152488,
            -0.009088777484177447,
            -0.00282125184229414,
            -0.030204758059094682,
            -0.020309677291388196,
            -0.002049968579100151,
            -0.028314390007619816,
            -0.04098805935351302,
            -0.011381633477844932,
            -0.02470612557686408,
            -0.00503551165982284,
            0.10624076462573942,
            0.311637121544146,
            -0.02825937709735673,
            -0.02536896375139198,
            -0.0014101843343376904,
            0.027462227702603807,
            1.4887803784870697
        ]
    ]
}