{
    "HF": -2.1333435764321003,
    "coordinates": [
        [
            0.692905,
            -0.110336,
            0.195403
        ],
        [
            1.39757,
            0.173837,
            -0.117829
        ],
        [
            2.061439,
            -0.062879,
            0.152228
        ],
        [
            2.850436,
            0.121724,
            -0.16025
        ]
    ],
    "elements": [
        "H",
        "H",
        "H",
        "H"
    ],
    "Enn": 2.9450638963926608,
    "S": [
        [
            0.9999999999999999,
            0.6848602514927513,
            0.0,
            0.0,
            0.0,
            0.5057537705907473,
            0.5408194649464863,
            0.19528715641167343,
            -0.4393293918655561,
            -0.17717007553179262,
            0.17295026516837791,
            0.3555024637474329,
            0.007046758144886485,
            -0.22336370842047668,
            -0.007745639867559415,
            0.014759181043601024,
            0.1268754750558026,
            0.0029048958949449565,
            -0.01762224118766462,
            -0.0018954153103753557
        ],
        [
            0.6848602514927513,
            1.0000000000000002,
            0.0,
            0.0,
            0.0,
            0.5408194649464863,
            0.8631814308883037,
            0.06625012672557713,
            -0.1490401541000882,
            -0.060104003620279685,
            0.3555024637474329,
            0.664396248002714,
            0.005832744108909074,
            -0.18488265492395545,
            -0.006411222632924105,
            0.1268754750558026,
            0.3487872303914916,
            0.015935535659677397,
            -0.09667122781857437,
            -0.010397776498960322
        ],
        [
            0.0,
            0.0,
            1.0000000000000004,
            0.0,
            0.0,
            -0.19528715641167338,
            -0.06625012672557709,
            0.31013466233183734,
            0.23845820508674062,
            0.09616396942393102,
            -0.007046758144886485,
            -0.005832744108909072,
            0.08704297972462464,
            0.013417162663520926,
            0.0004652703466064507,
            -0.0029048958949449556,
            -0.015935535659677383,
            0.0012624973913167837,
            0.0037447828704881875,
            0.00040278184319274615
        ],
        [
            0.0,
            0.0,
            0.0,
            1.0000000000000004,
            0.0,
            0.439329391865556,
            0.14904015410008814,
            0.23845820508674062,
            -0.12031732457553419,
            -0.21633608160760825,
            0.22336370842047668,
            0.1848826549239554,
            0.013417162663520908,
            -0.33782251574149696,
            -0.014747846867926162,
            0.01762224118766462,
            0.09667122781857435,
            0.0037447828704881892,
            -0.02083752886269849,
            -0.0024434331017184983
        ],
        [
            0.0,
            0.0,
            0.0,
            0.0,
            1.0000000000000004,
            0.1771700755317926,
            0.060104003620279595,
            0.09616396942393098,
            -0.21633608160760814,
            0.3288894850874037,
            0.007745639867559418,
            0.006411222632924095,
            0.00046527034660645024,
            -0.014747846867926165,
            0.08695485435045516,
            0.001895415310375356,
            0.010397776498960318,
            0.00040278184319274626,
            -0.002443433101718498,
            0.0016169860066149837
        ],
        [
            0.5057537705907473,
            0.5408194649464863,
            -0.19528715641167343,
            0.439329391865556,
            0.17717007553179262,
            0.9999999999999999,
            0.6848602514927513,
            0.0,
            0.0,
            0.0,
            0.5588299845503848,
            0.5611768848685358,
            -0.19103639050969395,
            -0.46961618299573804,
            0.16745120554509868,
            0.14087752043024518,
            0.3271406828205388,
            0.005385453079875889,
            -0.1844450077637719,
            0.006615876956025839
        ],
        [
            0.5408194649464863,
            0.8631814308883037,
            -0.06625012672557712,
            0.1490401541000882,
            0.060104003620279685,
            0.6848602514927513,
            1.0000000000000002,
            0.0,
            0.0,
            0.0,
            0.5611768848685358,
            0.8832934449358941,
            -0.05941649888874184,
            -0.14606091195847595,
            0.05208099012781534,
            0.3271406828205388,
            0.6307826772769756,
            0.005243324191932513,
            -0.17957727176248128,
            0.006441275632686156
        ],
        [
            0.19528715641167338,
            0.06625012672557709,
            0.31013466233183734,
            0.23845820508674062,
            0.09616396942393102,
            0.0,
            0.0,
            1.0000000000000004,
            0.0,
            0.0,
            0.19103639050969393,
            0.05941649888874184,
            0.38697013467634844,
            -0.22218197817579136,
            0.07922350515818728,
            -0.005385453079875885,
            -0.005243324191932511,
            0.06389199679226114,
            0.010271143700940061,
            -0.000368416709928575
        ],
        [
            -0.4393293918655561,
            -0.14904015410008814,
            0.23845820508674062,
            -0.12031732457553419,
            -0.21633608160760825,
            0.0,
            0.0,
            0.0,
            1.0000000000000004,
            0.0,
            0.46961618299573793,
            0.14606091195847587,
            -0.22218197817579138,
            -0.06882786260228309,
            0.19475158631644665,
            0.18444500776377187,
            0.17957727176248145,
            0.010271143700940073,
            -0.28758188346134905,
            0.012617809850948578
        ],
        [
            -0.1771700755317926,
            -0.060104003620279615,
            0.09616396942393098,
            -0.21633608160760814,
            0.3288894850874037,
            0.0,
            0.0,
            0.0,
            0.0,
            1.0000000000000004,
            -0.16745120554509862,
            -0.052080990127815266,
            0.07922350515818723,
            0.1947515863164465,
            0.40790947959791546,
            -0.006615876956025843,
            -0.006441275632686142,
            -0.0003684167099285755,
            0.012617809850948578,
            0.06373930567152122
        ],
        [
            0.17295026516837791,
            0.3555024637474329,
            -0.007046758144886485,
            0.22336370842047668,
            0.007745639867559418,
            0.5588299845503848,
            0.5611768848685358,
            0.19103639050969395,
            0.46961618299573804,
            -0.16745120554509868,
            0.9999999999999999,
            0.6848602514927513,
            0.0,
            0.0,
            0.0,
            0.4699183175952185,
            0.526128445751474,
            0.17750704977117662,
            -0.4481996484498397,
            -0.1048660510785032
        ],
        [
            0.3555024637474329,
            0.664396248002714,
            -0.005832744108909074,
            0.18488265492395545,
            0.006411222632924098,
            0.5611768848685358,
            0.8832934449358941,
            0.05941649888874184,
            0.14606091195847629,
            -0.052080990127815335,
            0.6848602514927513,
            1.0000000000000002,
            0.0,
            0.0,
            0.0,
            0.5261284457514739,
            0.8484881248116526,
            0.06417565628291703,
            -0.1620414886176075,
            -0.037913128850016076
        ],
        [
            0.007046758144886485,
            0.005832744108909072,
            0.08704297972462464,
            0.013417162663520908,
            0.00046527034660645024,
            -0.19103639050969393,
            -0.05941649888874184,
            0.38697013467634844,
            -0.22218197817579152,
            0.07922350515818728,
            0.0,
            0.0,
            1.0000000000000004,
            0.0,
            0.0,
            -0.17750704977117662,
            -0.06417565628291703,
            0.28043429821434074,
            0.2404506234502899,
            0.05625865046482287
        ],
        [
            -0.22336370842047668,
            -0.1848826549239554,
            0.013417162663520926,
            -0.33782251574149696,
            -0.014747846867926165,
            -0.46961618299573793,
            -0.14606091195847587,
            -0.22218197817579122,
            -0.06882786260228294,
            0.1947515863164465,
            0.0,
            0.0,
            0.0,
            1.0000000000000004,
            0.0,
            0.44819964844983984,
            0.16204148861760717,
            0.24045062345028967,
            -0.23146669891253352,
            -0.1420513010221322
        ],
        [
            -0.007745639867559415,
            -0.006411222632924102,
            0.0004652703466064507,
            -0.014747846867926162,
            0.08695485435045516,
            0.16745120554509862,
            0.05208099012781528,
            0.07922350515818723,
            0.19475158631644665,
            0.40790947959791546,
            0.0,
            0.0,
            0.0,
            0.0,
            1.0000000000000004,
            0.10486605107850318,
            0.03791312885001611,
            0.05625865046482286,
            -0.14205130102213231,
            0.3424274789132673
        ],
        [
            0.014759181043601024,
            0.1268754750558026,
            -0.0029048958949449565,
            0.01762224118766462,
            0.0018954153103753557,
            0.14087752043024518,
            0.3271406828205388,
            -0.005385453079875885,
            0.1844450077637719,
            -0.006615876956025844,
            0.4699183175952185,
            0.526128445751474,
            -0.17750704977117662,
            0.44819964844984,
            0.1048660510785032,
            0.9999999999999999,
            0.6848602514927513,
            0.0,
            0.0,
            0.0
        ],
        [
            0.1268754750558026,
            0.3487872303914916,
            -0.015935535659677397,
            0.0966712278185743,
            0.010397776498960322,
            0.3271406828205388,
            0.6307826772769756,
            -0.005243324191932513,
            0.17957727176248148,
            -0.006441275632686144,
            0.5261284457514739,
            0.8484881248116526,
            -0.06417565628291703,
            0.16204148861760717,
            0.03791312885001609,
            0.6848602514927513,
            1.0000000000000002,
            0.0,
            0.0,
            0.0
        ],
        [
            0.0029048958949449556,
            0.015935535659677383,
            0.0012624973913167837,
            0.0037447828704881875,
            0.00040278184319274615,
            0.005385453079875889,
            0.005243324191932511,
            0.06389199679226114,
            0.010271143700940073,
            -0.0003684167099285755,
            0.17750704977117662,
            0.06417565628291703,
            0.28043429821434074,
            0.24045062345028975,
            0.05625865046482287,
            0.0,
            0.0,
            1.0000000000000004,
            0.0,
            0.0
        ],
        [
            -0.017622241187664627,
            -0.09667122781857435,
            0.0037447828704881892,
            -0.02083752886269849,
            -0.0024434331017184983,
            -0.18444500776377187,
            -0.17957727176248123,
            0.010271143700940061,
            -0.287581883461349,
            0.012617809850948578,
            -0.4481996484498396,
            -0.1620414886176075,
            0.2404506234502898,
            -0.23146669891253352,
            -0.1420513010221323,
            0.0,
            0.0,
            0.0,
            1.0000000000000004,
            0.0
        ],
        [
            -0.001895415310375356,
            -0.010397776498960318,
            0.00040278184319274626,
            -0.002443433101718498,
            0.0016169860066149837,
            0.006615876956025838,
            0.006441275632686142,
            -0.000368416709928575,
            0.012617809850948578,
            0.06373930567152124,
            -0.10486605107850318,
            -0.03791312885001612,
            0.05625865046482286,
            -0.14205130102213226,
            0.3424274789132673,
            0.0,
            0.0,
            0.0,
            0.0,
            1.0000000000000004
        ]
    ],
    "h": [
        [
            -0.2572374818621588,
            -0.4681626993536716,
            0.09331929808401758,
            -0.24112310518941465,
            -0.08556850382720194,
            -0.5653447339404128,
            -0.45680415552802156,
            -0.04991537057724371,
            0.030909839468693412,
            0.04281876293833403,
            -0.3024664149841195,
            -0.3405985296435032,
            0.04188289281815833,
            0.31731213576175177,
            -0.03823319994738523,
            -0.018868672174239716,
            -0.14713552033057287,
            -0.011284818772997637,
            0.07946665821487911,
            0.005473313838964466
        ],
        [
            -0.4681626993536716,
            -0.3282432241294344,
            0.07946364330199357,
            -0.21970968781482947,
            -0.07293646755003515,
            -0.5405241213164704,
            -0.38198384907065797,
            -0.1220987469648364,
            0.06542043335239142,
            0.10891877398804096,
            -0.37690169067507867,
            -0.33673731956384667,
            0.07238515870485057,
            0.20174561375537722,
            -0.060327045645560025,
            -0.14420203367358203,
            -0.21162533168987696,
            -0.029515834352597733,
            0.12091377377124501,
            0.015494037976419163
        ],
        [
            0.09331929808401758,
            0.07946364330199357,
            1.441399717460427,
            0.07759540223399053,
            0.030864464375295313,
            0.02165538590010413,
            0.07140977639562845,
            0.1761166689533603,
            0.32183349438425685,
            0.12242979660097908,
            0.054597128704087575,
            0.0625986968129256,
            -0.05552456094088731,
            -0.06649294930821009,
            0.01414692788565069,
            0.010699971489225326,
            0.031175218306615675,
            -0.00306511585321261,
            -0.01996856469933464,
            -0.0015720831719641705
        ],
        [
            -0.24112310518941465,
            -0.21970968781482947,
            0.07759540223399053,
            1.261951817856155,
            -0.07085973578691336,
            -0.11718113879908454,
            -0.2187625231190019,
            0.2718066144792304,
            -0.4463139115315286,
            -0.24766241549995982,
            -0.24987702452437094,
            -0.1877001793656018,
            0.06368639351516411,
            0.009243965232748952,
            -0.055852266469706896,
            -0.08206284404469304,
            -0.12714887014329834,
            -0.020545675956697464,
            0.10431333560785008,
            0.011719821354578816
        ],
        [
            -0.08556850382720194,
            -0.07293646755003515,
            0.030864464375295313,
            -0.07085973578691336,
            1.4473021156600119,
            -0.02054841990733791,
            -0.06556413579958414,
            0.12174969527934434,
            -0.2916267514592055,
            0.19989106634977427,
            -0.05011852419395257,
            -0.057203642629154845,
            0.01476529850709266,
            0.06022699780447945,
            -0.0523462595672097,
            -0.008197007474028012,
            -0.027771085561906647,
            -0.002280982708856301,
            0.01542571404380153,
            -0.004925118448518967
        ],
        [
            -0.5653447339404128,
            -0.5405241213164704,
            0.02165538590010413,
            -0.11718113879908454,
            -0.02054841990733791,
            -0.4439852705784699,
            -0.601825507532527,
            -0.1796554206872068,
            -0.01630407953275073,
            0.1604348261619496,
            -0.5718929358129397,
            -0.5425978851218077,
            0.027507662163957725,
            0.08466790822819947,
            -0.01911492376452073,
            -0.26026337169782404,
            -0.35358307389633514,
            -0.04568494802374216,
            0.23523942129358166,
            0.02034481527533396
        ],
        [
            -0.45680415552802156,
            -0.38198384907065797,
            0.07140977639562845,
            -0.2187625231190019,
            -0.06556413579958414,
            -0.601825507532527,
            -0.44353317743040543,
            -0.14667942521084976,
            -0.035691109803647994,
            0.13210402169631777,
            -0.5379698762336038,
            -0.43567895478354,
            0.10856422611689877,
            0.14853837442609322,
            -0.08409375430820165,
            -0.31147681239660086,
            -0.3223500777508115,
            -0.05434752383379948,
            0.17155702164666364,
            0.030045664303927834
        ],
        [
            -0.04991537057724371,
            -0.1220987469648364,
            0.1761166689533603,
            0.2718066144792304,
            0.12174969527934434,
            -0.1796554206872068,
            -0.14667942521084976,
            1.3216282338797443,
            0.0013253561670349837,
            0.061239753691743046,
            -0.034543719784834725,
            -0.11734633156378088,
            0.26772514533188274,
            -0.26139692379450497,
            0.10503576696393313,
            -0.03574987344411264,
            -0.07107026301436566,
            -0.05663221371812954,
            0.054296147922098456,
            0.0065443270408303295
        ],
        [
            0.030909839468693412,
            0.06542043335239142,
            0.32183349438425685,
            -0.4463139115315286,
            -0.2916267514592055,
            -0.01630407953275073,
            -0.035691109803647994,
            0.0013253561670349837,
            0.9403648850341848,
            -0.0005429903345035205,
            -0.054170030880183795,
            -0.12952944083227014,
            -0.2749189397418741,
            -0.5346226274155575,
            0.25095314352375697,
            -0.2965452323180129,
            -0.18918275691742875,
            -0.05731190680782966,
            0.08617188893909677,
            0.03428774551376744
        ],
        [
            0.04281876293833403,
            0.10891877398804096,
            0.12242979660097908,
            -0.24766241549995982,
            0.19989106634977427,
            0.1604348261619496,
            0.13210402169631777,
            0.061239753691743046,
            -0.0005429903345035205,
            1.3358473017435506,
            0.035103520790204346,
            0.1072110607105229,
            0.10309621434595426,
            0.2312386131320407,
            0.2959574615452747,
            0.04029296735998754,
            0.06608755844554903,
            0.012741722568591629,
            -0.04788296428250988,
            -0.05023372724982296
        ],
        [
            -0.3024664149841195,
            -0.37690169067507867,
            0.054597128704087575,
            -0.24987702452437094,
            -0.05011852419395257,
            -0.5718929358129397,
            -0.5379698762336038,
            -0.034543719784834725,
            -0.054170030880183795,
            0.035103520790204346,
            -0.42013404095265305,
            -0.5954628089733627,
            0.16404811204511596,
            0.03962854917242074,
            -0.1219040972967096,
            -0.5253335598890907,
            -0.5195681589891491,
            -0.020681368039715764,
            0.1076144334720649,
            0.008691973189409091
        ],
        [
            -0.3405985296435032,
            -0.33673731956384667,
            0.0625986968129256,
            -0.1877001793656018,
            -0.057203642629154845,
            -0.5425978851218077,
            -0.43567895478354,
            -0.11734633156378088,
            -0.12952944083227014,
            0.1072110607105229,
            -0.5954628089733627,
            -0.44719363311959426,
            0.13666359952560256,
            0.04929340332615366,
            -0.10112592004730192,
            -0.4323626042640756,
            -0.3730759600166582,
            -0.0616530069553457,
            0.20234409466065378,
            0.03341171147802377
        ],
        [
            0.04188289281815833,
            0.07238515870485057,
            -0.05552456094088731,
            0.06368639351516411,
            0.01476529850709266,
            0.027507662163957725,
            0.10856422611689877,
            0.26772514533188274,
            -0.2749189397418741,
            0.10309621434595426,
            0.16404811204511596,
            0.13666359952560256,
            1.338453362234995,
            -0.00670567647212901,
            0.045715344994053615,
            0.04499651717917985,
            0.10929963674924667,
            0.1437759117928602,
            0.2727348814089705,
            0.07096950905222513
        ],
        [
            0.31731213576175177,
            0.20174561375537722,
            -0.06649294930821009,
            0.009243965232748952,
            0.06022699780447945,
            0.08466790822819947,
            0.14853837442609322,
            -0.26139692379450497,
            -0.5346226274155575,
            0.2312386131320407,
            0.03962854917242074,
            0.04929340332615366,
            -0.00670567647212901,
            0.9280247672887567,
            0.027364696055771423,
            -0.0512553018692159,
            -0.0715488322357461,
            0.3126313994233252,
            -0.5514832023858633,
            -0.18383720709282403
        ],
        [
            -0.03823319994738523,
            -0.060327045645560025,
            0.01414692788565069,
            -0.055852266469706896,
            -0.0523462595672097,
            -0.01911492376452073,
            -0.08409375430820165,
            0.10503576696393313,
            0.25095314352375697,
            0.2959574615452747,
            -0.1219040972967096,
            -0.10112592004730192,
            0.045715344994053615,
            0.027364696055771423,
            1.3645535374390205,
            -0.03214610006691768,
            -0.07662349312006203,
            0.0684045825315272,
            -0.1538946788905547,
            0.2198680682657559
        ],
        [
            -0.018868672174239716,
            -0.14420203367358203,
            0.010699971489225326,
            -0.08206284404469304,
            -0.008197007474028012,
            -0.26026337169782404,
            -0.31147681239660086,
            -0.03574987344411264,
            -0.2965452323180129,
            0.04029296735998754,
            -0.5253335598890907,
            -0.4323626042640756,
            0.04499651717917985,
            -0.0512553018692159,
            -0.03214610006691768,
            -0.21923672271257777,
            -0.4493285558084481,
            -0.07980332473330701,
            0.22484784628934512,
            0.04525609266593849
        ],
        [
            -0.14713552033057287,
            -0.21162533168987696,
            0.031175218306615675,
            -0.12714887014329834,
            -0.027771085561906647,
            -0.35358307389633514,
            -0.3223500777508115,
            -0.07107026301436566,
            -0.18918275691742875,
            0.06608755844554903,
            -0.5195681589891491,
            -0.3730759600166582,
            0.10929963674924667,
            -0.0715488322357461,
            -0.07662349312006203,
            -0.4493285558084481,
            -0.31688264213978656,
            -0.07050524458104418,
            0.20952302924977032,
            0.03936453409707563
        ],
        [
            -0.011284818772997637,
            -0.029515834352597733,
            -0.00306511585321261,
            -0.020545675956697464,
            -0.002280982708856301,
            -0.04568494802374216,
            -0.05434752383379948,
            -0.05663221371812954,
            -0.05731190680782966,
            0.012741722568591629,
            -0.020681368039715764,
            -0.0616530069553457,
            0.1437759117928602,
            0.3126313994233252,
            0.0684045825315272,
            -0.07980332473330701,
            -0.07050524458104418,
            1.4707272131955342,
            0.06900879512823094,
            0.01597857722597739
        ],
        [
            0.07946665821487911,
            0.12091377377124501,
            -0.01996856469933464,
            0.10431333560785008,
            0.01542571404380153,
            0.23523942129358166,
            0.17155702164666364,
            0.054296147922098456,
            0.08617188893909677,
            -0.04788296428250988,
            0.1076144334720649,
            0.20234409466065378,
            0.2727348814089705,
            -0.5514832023858633,
            -0.1538946788905547,
            0.22484784628934512,
            0.20952302924977032,
            0.06900879512823094,
            1.2955001026096276,
            -0.038975390190861686
        ],
        [
            0.005473313838964466,
            0.015494037976419163,
            -0.0015720831719641705,
            0.011719821354578816,
            -0.004925118448518967,
            0.02034481527533396,
            0.030045664303927834,
            0.0065443270408303295,
            0.03428774551376744,
            -0.05023372724982296,
            0.008691973189409091,
            0.03341171147802377,
            0.07096950905222513,
            -0.18383720709282403,
            0.2198680682657559,
            0.04525609266593849,
            0.03936453409707563,
            0.01597857722597739,
            -0.038975390190861686,
            1.4883659081171237
        ]
    ]
}