{
    "HF": -2.1602659335638346,
    "coordinates": [
        [
            0.741912,
            0.099457,
            0.193207
        ],
        [
            1.385825,
            0.072975,
            -0.094007
        ],
        [
            2.169791,
            -0.089803,
            0.048708
        ],
        [
            2.896329,
            0.022243,
            -0.178869
        ]
    ],
    "elements": [
        "H",
        "H",
        "H",
        "H"
    ],
    "Enn": 3.0453348374440403,
    "S": [
        [
            0.9999999999999999,
            0.6848602514927513,
            0.0,
            0.0,
            0.0,
            0.5986077989972044,
            0.5754517977849811,
            0.22161048816703077,
            -0.4968346747271976,
            0.020433157672116654,
            0.14328871438095062,
            0.32940748677601434,
            0.01872904808058964,
            -0.185072661016784,
            0.024530686300475408,
            0.015362339539697565,
            0.1290721168771338,
            0.0031913700178266306,
            -0.018478864048463214,
            0.00066227986904951
        ],
        [
            0.6848602514927513,
            1.0000000000000002,
            0.0,
            0.0,
            0.0,
            0.5754517977849811,
            0.8972309580628751,
            0.0649085081799382,
            -0.14552017738574222,
            0.005984760887774006,
            0.3294074867760143,
            0.6335088118269453,
            0.01799277661012315,
            -0.17779713266725744,
            0.023566342336153925,
            0.1290721168771338,
            0.3525581834731531,
            0.016981266850624694,
            -0.098325960246085,
            0.0035239884824716846
        ],
        [
            0.0,
            0.0,
            1.0000000000000004,
            0.0,
            0.0,
            -0.22161048816703077,
            -0.06490850817993815,
            0.4118019731259097,
            0.25160577066918893,
            -0.010347708493012968,
            -0.018729048080589637,
            -0.017992776610123152,
            0.062292617062690535,
            0.035280054270406834,
            -0.0046762387227609606,
            -0.00319137001782663,
            -0.01698126685062468,
            0.0012838612554211745,
            0.004170945198074977,
            -0.00014948608487779349
        ],
        [
            0.0,
            0.0,
            0.0,
            1.0000000000000004,
            0.0,
            0.4968346747271976,
            0.1455201773857422,
            0.2516057706691889,
            -0.040052526014648496,
            0.023198813493985185,
            0.18507266101678385,
            0.1777971326672573,
            0.03528005427040683,
            -0.2827599178586652,
            0.04620864553538223,
            0.018478864048463207,
            0.09832596024608486,
            0.004170945198074975,
            -0.02214666027595708,
            0.0008655633863086067
        ],
        [
            0.0,
            0.0,
            0.0,
            0.0,
            1.0000000000000004,
            -0.020433157672116654,
            -0.005984760887774005,
            -0.010347708493012968,
            0.02319881349398519,
            0.5230753110427288,
            -0.024530686300475408,
            -0.023566342336153935,
            -0.004676238722760961,
            0.046208645535382245,
            0.05973811791254762,
            -0.00066227986904951,
            -0.0035239884824716837,
            -0.00014948608487779349,
            0.0008655633863086071,
            0.0019731776664077714
        ],
        [
            0.5986077989972044,
            0.5754517977849811,
            -0.22161048816703077,
            0.4968346747271976,
            -0.020433157672116654,
            0.9999999999999999,
            0.6848602514927513,
            0.0,
            0.0,
            0.0,
            0.5124161037605987,
            0.5434631110867006,
            -0.0904635792756606,
            -0.4969370450928249,
            0.10318102867486585,
            0.1212023968775801,
            0.3076574956598014,
            0.00896635535577895,
            -0.15959694127319093,
            0.005360245338424473
        ],
        [
            0.5754517977849811,
            0.8972309580628751,
            -0.0649085081799382,
            0.14552017738574222,
            -0.005984760887774006,
            0.6848602514927513,
            1.0000000000000002,
            0.0,
            0.0,
            0.0,
            0.5434631110867006,
            0.8658092847034038,
            -0.03034248208123707,
            -0.1666781649251942,
            0.03460805485211512,
            0.3076574956598014,
            0.6070485558559142,
            0.00982230450034149,
            -0.17483243662633233,
            0.005871946830281211
        ],
        [
            0.22161048816703077,
            0.06490850817993817,
            0.4118019731259097,
            0.2516057706691889,
            -0.010347708493012968,
            0.0,
            0.0,
            1.0000000000000004,
            0.0,
            0.0,
            0.09046357927566055,
            0.030342482081237056,
            0.4013324000784068,
            -0.12308272130264189,
            0.02555615831324502,
            -0.008966355355778947,
            -0.009822304500341486,
            0.05012198318522035,
            0.016997778076104624,
            -0.0005708897674927971
        ],
        [
            -0.49683467472719756,
            -0.1455201773857422,
            0.25160577066918893,
            -0.040052526014648496,
            0.02319881349398519,
            0.0,
            0.0,
            0.0,
            1.0000000000000004,
            0.0,
            0.4969370450928248,
            0.16667816492519416,
            -0.12308272130264185,
            -0.2523827557617578,
            0.14038579832674516,
            0.1595969412731909,
            0.17483243662633227,
            0.01699777807610463,
            -0.25147557833955075,
            0.010161571461395442
        ],
        [
            0.020433157672116654,
            0.005984760887774005,
            -0.010347708493012968,
            0.023198813493985185,
            0.5230753110427288,
            0.0,
            0.0,
            0.0,
            0.0,
            1.0000000000000004,
            -0.1031810286748658,
            -0.03460805485211509,
            0.02555615831324502,
            0.1403857983267452,
            0.3945898003874453,
            -0.005360245338424472,
            -0.005871946830281209,
            -0.0005708897674927971,
            0.01016157146139544,
            0.050735651602990095
        ],
        [
            0.14328871438095062,
            0.32940748677601434,
            -0.018729048080589637,
            0.1850726610167839,
            -0.024530686300475408,
            0.5124161037605987,
            0.5434631110867006,
            0.0904635792756606,
            0.49693704509282494,
            -0.10318102867486585,
            0.9999999999999999,
            0.6848602514927513,
            0.0,
            0.0,
            0.0,
            0.5470096136554091,
            0.5567783271446611,
            0.15669130267652537,
            -0.5002359010971998,
            -0.07714590534058345
        ],
        [
            0.3294074867760143,
            0.6335088118269453,
            -0.017992776610123155,
            0.17779713266725752,
            -0.023566342336153925,
            0.5434631110867006,
            0.8658092847034038,
            0.030342482081237084,
            0.1666781649251942,
            -0.03460805485211512,
            0.6848602514927513,
            1.0000000000000002,
            0.0,
            0.0,
            0.0,
            0.5567783271446611,
            0.8789717442936184,
            0.04965145533561432,
            -0.1585119280798432,
            -0.024445558929655643
        ],
        [
            0.018729048080589634,
            0.017992776610123145,
            0.062292617062690535,
            0.03528005427040684,
            -0.0046762387227609606,
            -0.09046357927566055,
            -0.030342482081237063,
            0.4013324000784068,
            -0.1230827213026418,
            0.02555615831324502,
            0.0,
            0.0,
            1.0000000000000004,
            0.0,
            0.0,
            -0.15669130267652537,
            -0.04965145533561429,
            0.4012669543557326,
            0.1990052084577075,
            0.030690394152614542
        ],
        [
            -0.1850726610167838,
            -0.1777971326672574,
            0.03528005427040682,
            -0.2827599178586653,
            0.046208645535382224,
            -0.49693704509282477,
            -0.16667816492519416,
            -0.12308272130264192,
            -0.2523827557617578,
            0.14038579832674525,
            0.0,
            0.0,
            0.0,
            1.0000000000000004,
            0.0,
            0.5002359010971998,
            0.15851192807984393,
            0.19900520845770725,
            -0.17172043782409824,
            -0.09797887126929462
        ],
        [
            0.024530686300475408,
            0.023566342336153928,
            -0.004676238722760961,
            0.04620864553538225,
            0.05973811791254762,
            0.1031810286748658,
            0.03460805485211509,
            0.02555615831324502,
            0.1403857983267451,
            0.3945898003874453,
            0.0,
            0.0,
            0.0,
            0.0,
            1.0000000000000004,
            0.07714590534058345,
            0.024445558929655622,
            0.030690394152614542,
            -0.09797887126929476,
            0.4484921066739048
        ],
        [
            0.015362339539697565,
            0.1290721168771338,
            -0.0031913700178266306,
            0.01847886404846321,
            -0.00066227986904951,
            0.1212023968775801,
            0.3076574956598014,
            -0.00896635535577895,
            0.159596941273191,
            -0.005360245338424473,
            0.5470096136554091,
            0.5567783271446611,
            -0.15669130267652537,
            0.5002359010971998,
            0.07714590534058345,
            0.9999999999999999,
            0.6848602514927513,
            0.0,
            0.0,
            0.0
        ],
        [
            0.1290721168771338,
            0.3525581834731531,
            -0.016981266850624694,
            0.09832596024608496,
            -0.0035239884824716846,
            0.3076574956598014,
            0.6070485558559142,
            -0.00982230450034149,
            0.17483243662633233,
            -0.005871946830281211,
            0.5567783271446611,
            0.8789717442936184,
            -0.04965145533561433,
            0.15851192807984393,
            0.024445558929655643,
            0.6848602514927513,
            1.0000000000000002,
            0.0,
            0.0,
            0.0
        ],
        [
            0.00319137001782663,
            0.01698126685062468,
            0.0012838612554211745,
            0.004170945198074977,
            -0.00014948608487779349,
            0.008966355355778947,
            0.009822304500341486,
            0.05012198318522035,
            0.01699777807610463,
            -0.0005708897674927971,
            0.15669130267652537,
            0.04965145533561428,
            0.4012669543557326,
            0.19900520845770725,
            0.030690394152614542,
            0.0,
            0.0,
            1.0000000000000004,
            0.0,
            0.0
        ],
        [
            -0.018478864048463203,
            -0.09832596024608482,
            0.004170945198074975,
            -0.02214666027595708,
            0.0008655633863086067,
            -0.1595969412731909,
            -0.17483243662633227,
            0.016997778076104624,
            -0.2514755783395507,
            0.01016157146139544,
            -0.5002359010971998,
            -0.1585119280798432,
            0.1990052084577075,
            -0.17172043782409824,
            -0.09797887126929476,
            0.0,
            0.0,
            0.0,
            1.0000000000000004,
            0.0
        ],
        [
            0.00066227986904951,
            0.0035239884824716837,
            -0.00014948608487779349,
            0.0008655633863086071,
            0.0019731776664077714,
            0.005360245338424472,
            0.005871946830281209,
            -0.0005708897674927971,
            0.010161571461395442,
            0.050735651602990095,
            -0.07714590534058345,
            -0.02444555892965563,
            0.030690394152614542,
            -0.09797887126929462,
            0.4484921066739048,
            0.0,
            0.0,
            0.0,
            0.0,
            1.0000000000000004
        ]
    ],
    "h": [
        [
            -0.3143278618147327,
            -0.488593560827177,
            0.12680583593491462,
            -0.30080516793926537,
            0.015397059267673019,
            -0.6207538446585161,
            -0.4861413483260216,
            -0.022637463078080344,
            0.0001981740959240419,
            0.008698504283269355,
            -0.2721753648769575,
            -0.3364950327835328,
            0.007098380363261967,
            0.32335073107933754,
            -0.04900090401056059,
            -0.02285145063839121,
            -0.15484555434015312,
            -0.010880754783709026,
            0.07676516230662532,
            -0.0013018443651905034
        ],
        [
            -0.488593560827177,
            -0.3212869227384305,
            0.09894337146589488,
            -0.24625734165614946,
            0.013849038360246538,
            -0.559397010565769,
            -0.37306240283042724,
            -0.11077402398299768,
            0.10061150905683708,
            0.014024251177582346,
            -0.3461037506656762,
            -0.32068453376002515,
            0.035609741676518224,
            0.1819923911356981,
            -0.04610585224105593,
            -0.1522828800382463,
            -0.20935694843253772,
            -0.02681532378131646,
            0.12174837985890574,
            0.009046486801212532
        ],
        [
            0.12680583593491462,
            0.09894337146589488,
            1.4212375430334758,
            0.11107161086911682,
            -0.00491174045208739,
            0.012907978860902225,
            0.0906598587048603,
            0.32023841634658184,
            0.37414926999069253,
            -0.017743404195727456,
            0.06215861773914629,
            0.07178586891637312,
            -0.05254411592518919,
            -0.07535297696418804,
            0.013711958198208736,
            0.012426506656112283,
            0.036943701187455324,
            -0.003033604283176901,
            -0.02162357831004584,
            0.00026703129140954313
        ],
        [
            -0.30080516793926537,
            -0.24625734165614946,
            0.11107161086911682,
            1.198253422586363,
            0.014224366183476417,
            -0.07267573606675559,
            -0.24047371923627386,
            0.34357771849611163,
            -0.3872377719822784,
            0.0475218973825842,
            -0.2442979288648,
            -0.1929872523000521,
            0.031947412254002695,
            0.11565887096237737,
            -0.03532279792600297,
            -0.07853659253240308,
            -0.126355253745573,
            -0.019226664615426867,
            0.10218974729243543,
            -7.443064441761986e-05
        ],
        [
            0.015397059267673019,
            0.013849038360246538,
            -0.00491174045208739,
            0.014224366183476417,
            1.468860715626078,
            0.008982528660066186,
            0.014898243225621341,
            -0.012260607324694087,
            0.0381340563985671,
            0.47679331744923403,
            0.021946257545204052,
            0.011793520309367395,
            -0.003021137590670843,
            -0.006432778781934836,
            -0.04311912386475775,
            0.006010843171183308,
            0.008875042837130188,
            0.0012404387982743582,
            -0.006191605146399904,
            -0.006560044188567985
        ],
        [
            -0.6207538446585161,
            -0.559397010565769,
            0.012907978860902225,
            -0.07267573606675559,
            0.008982528660066186,
            -0.4667668517627095,
            -0.6059165351560941,
            -0.16017285407302437,
            0.07928545264986771,
            0.030330443047631016,
            -0.5087440369651433,
            -0.510188237193139,
            0.010721684750172988,
            0.08252206653579564,
            -0.024433811917495246,
            -0.23838843970566295,
            -0.3300683074631179,
            -0.03930832467391199,
            0.22995303422522098,
            0.01101417420587901
        ],
        [
            -0.4861413483260216,
            -0.37306240283042724,
            0.0906598587048603,
            -0.24047371923627386,
            0.014898243225621341,
            -0.6059165351560941,
            -0.43189411280574097,
            -0.12289080404807282,
            0.01463486598387663,
            0.028686388196740426,
            -0.5019799702056917,
            -0.4106801490053935,
            0.059828214724349786,
            0.12223192561477658,
            -0.05952949485339889,
            -0.3113599739763945,
            -0.3104667045866948,
            -0.0477725858507123,
            0.17917263420977303,
            0.02162899523227372
        ],
        [
            -0.022637463078080344,
            -0.11077402398299768,
            0.32023841634658184,
            0.34357771849611163,
            -0.012260607324694087,
            -0.16017285407302437,
            -0.12289080404807282,
            1.343639909325148,
            0.07769374468829737,
            0.0032002119639646925,
            -0.023529410652340488,
            -0.0801394618605713,
            0.2905355084784196,
            -0.12137800803132612,
            0.028404609977819018,
            -0.008850663042433963,
            -0.041029695096162985,
            -0.04943913810142703,
            0.02577085494959451,
            0.0014681860185044547
        ],
        [
            0.0001981740959240419,
            0.10061150905683708,
            0.37414926999069253,
            -0.3872377719822784,
            0.0381340563985671,
            0.07928545264986771,
            0.01463486598387663,
            0.07769374468829737,
            0.8834648790219075,
            0.05733875582652728,
            -0.05912184844326207,
            -0.10933006082464708,
            -0.13613368428843486,
            -0.7438596225144232,
            0.18557585232587787,
            -0.30165793592874723,
            -0.17511342892440313,
            -0.05170222207687997,
            0.1573105950966739,
            0.023452395847222366
        ],
        [
            0.008698504283269355,
            0.014024251177582346,
            -0.017743404195727456,
            0.0475218973825842,
            0.47679331744923403,
            0.030330443047631016,
            0.028686388196740426,
            0.0032002119639646925,
            0.05733875582652728,
            1.3907930952361582,
            0.008485832993976594,
            0.033968884392355625,
            0.031820495496332805,
            0.1966086461835993,
            0.28384825766509225,
            0.03450061765338107,
            0.03372433607756262,
            0.00758963330224338,
            -0.03274632739941612,
            -0.04778010517599578
        ],
        [
            -0.2721753648769575,
            -0.3461037506656762,
            0.06215861773914629,
            -0.2442979288648,
            0.021946257545204052,
            -0.5087440369651433,
            -0.5019799702056917,
            -0.023529410652340488,
            -0.05912184844326207,
            0.008485832993976594,
            -0.4232028380386077,
            -0.5910474183604992,
            0.1151318130502251,
            -0.05099335649614742,
            -0.08058502125344022,
            -0.5756712332055275,
            -0.5356871318253228,
            -0.010155309231544174,
            0.07258215159606851,
            0.002798295803378592
        ],
        [
            -0.3364950327835328,
            -0.32068453376002515,
            0.07178586891637312,
            -0.1929872523000521,
            0.011793520309367395,
            -0.510188237193139,
            -0.4106801490053935,
            -0.0801394618605713,
            -0.10933006082464708,
            0.033968884392355625,
            -0.5910474183604992,
            -0.4329709598271405,
            0.09191219806221962,
            -0.003547293468598278,
            -0.06957918596643806,
            -0.46130824766795264,
            -0.368003071093701,
            -0.059742632687190905,
            0.22472194193772693,
            0.027511154234758035
        ],
        [
            0.007098380363261967,
            0.035609741676518224,
            -0.05254411592518919,
            0.031947412254002695,
            -0.003021137590670843,
            0.010721684750172988,
            0.059828214724349786,
            0.2905355084784196,
            -0.13613368428843486,
            0.031820495496332805,
            0.1151318130502251,
            0.09191219806221962,
            1.3818983913137457,
            0.04335277096798119,
            0.01877678596502077,
            0.02184668409551732,
            0.08058473499979021,
            0.30652528773113974,
            0.26116231593176953,
            0.04260506400946202
        ],
        [
            0.32335073107933754,
            0.1819923911356981,
            -0.07535297696418804,
            0.11565887096237737,
            -0.006432778781934836,
            0.08252206653579564,
            0.12223192561477658,
            -0.12137800803132612,
            -0.7438596225144232,
            0.1966086461835993,
            -0.05099335649614742,
            -0.003547293468598278,
            0.04335277096798119,
            0.8947941322216217,
            0.013343299708442391,
            -0.022064886772286796,
            -0.10266210409947649,
            0.2832042847416185,
            -0.5329219042122102,
            -0.1370230074233567
        ],
        [
            -0.04900090401056059,
            -0.04610585224105593,
            0.013711958198208736,
            -0.03532279792600297,
            -0.04311912386475775,
            -0.024433811917495246,
            -0.05952949485339889,
            0.028404609977819018,
            0.18557585232587787,
            0.28384825766509225,
            -0.08058502125344022,
            -0.06957918596643806,
            0.01877678596502077,
            0.013343299708442391,
            1.3977245249934094,
            -0.01109335210445661,
            -0.050555839082974174,
            0.041424892276509875,
            -0.12230120498035368,
            0.3706712363875859
        ],
        [
            -0.02285145063839121,
            -0.1522828800382463,
            0.012426506656112283,
            -0.07853659253240308,
            0.006010843171183308,
            -0.23838843970566295,
            -0.3113599739763945,
            -0.008850663042433963,
            -0.30165793592874723,
            0.03450061765338107,
            -0.5756712332055275,
            -0.46130824766795264,
            0.02184668409551732,
            -0.022064886772286796,
            -0.01109335210445661,
            -0.26565471634233195,
            -0.46811647004693535,
            -0.08116538409523599,
            0.27515414566686847,
            0.03980954940265741
        ],
        [
            -0.15484555434015312,
            -0.20935694843253772,
            0.036943701187455324,
            -0.126355253745573,
            0.008875042837130188,
            -0.3300683074631179,
            -0.3104667045866948,
            -0.041029695096162985,
            -0.17511342892440313,
            0.03372433607756262,
            -0.5356871318253228,
            -0.368003071093701,
            0.08058473499979021,
            -0.10266210409947649,
            -0.050555839082974174,
            -0.46811647004693535,
            -0.3139387041776498,
            -0.06658549374438175,
            0.23505845977700648,
            0.03196814254225124
        ],
        [
            -0.010880754783709026,
            -0.02681532378131646,
            -0.003033604283176901,
            -0.019226664615426867,
            0.0012404387982743582,
            -0.03930832467391199,
            -0.0477725858507123,
            -0.04943913810142703,
            -0.05170222207687997,
            0.00758963330224338,
            -0.010155309231544174,
            -0.059742632687190905,
            0.30652528773113974,
            0.2832042847416185,
            0.041424892276509875,
            -0.08116538409523599,
            -0.06658549374438175,
            1.4663771714405913,
            0.07377069941643583,
            0.011273161388149135
        ],
        [
            0.07676516230662532,
            0.12174837985890574,
            -0.02162357831004584,
            0.10218974729243543,
            -0.006191605146399904,
            0.22995303422522098,
            0.17917263420977303,
            0.02577085494959451,
            0.1573105950966739,
            -0.03274632739941612,
            0.07258215159606851,
            0.22472194193772693,
            0.26116231593176953,
            -0.5329219042122102,
            -0.12230120498035368,
            0.27515414566686847,
            0.23505845977700648,
            0.07377069941643583,
            1.234400070120115,
            -0.03528560493374554
        ],
        [
            -0.0013018443651905034,
            0.009046486801212532,
            0.00026703129140954313,
            -7.443064441761986e-05,
            -0.006560044188567985,
            0.01101417420587901,
            0.02162899523227372,
            0.0014681860185044547,
            0.023452395847222366,
            -0.04778010517599578,
            0.002798295803378592,
            0.027511154234758035,
            0.04260506400946202,
            -0.1370230074233567,
            0.3706712363875859,
            0.03980954940265741,
            0.03196814254225124,
            0.011273161388149135,
            -0.03528560493374554,
            1.4836352470139174
        ]
    ]
}