{
    "HF": -2.14114138714441,
    "coordinates": [
        [
            0.804489,
            -0.048272,
            0.158265
        ],
        [
            1.477102,
            -0.085304,
            -0.046316
        ],
        [
            2.220611,
            -0.129304,
            0.081978
        ],
        [
            2.977787,
            0.17964,
            0.140622
        ]
    ],
    "elements": [
        "H",
        "H",
        "H",
        "H"
    ],
    "Enn": 3.056624174529974,
    "S": [
        [
            0.9999999999999999,
            0.6848602514927513,
            0.0,
            0.0,
            0.0,
            0.5998679327845466,
            0.5758912720268068,
            0.15827130259707115,
            -0.5203578810042175,
            0.02864930212372968,
            0.15318187856286536,
            0.3384635721265094,
            0.010729420741507125,
            -0.19917114002784947,
            0.011396783482451862,
            0.015493010296575939,
            0.1295413446770761,
            0.00015290053873994868,
            -0.018834576605024803,
            -0.001975166784860802
        ],
        [
            0.6848602514927513,
            1.0000000000000002,
            0.0,
            0.0,
            0.0,
            0.5758912720268068,
            0.8976579435280014,
            0.04627167188502142,
            -0.15213010026150964,
            0.00837581472984349,
            0.3384635721265094,
            0.6443297637238989,
            0.009778697049839026,
            -0.18152277614288323,
            0.010386925417732461,
            0.1295413446770761,
            0.35336056004778316,
            0.0008083541511893718,
            -0.09957458822601384,
            -0.010442306371131473
        ],
        [
            0.0,
            0.0,
            1.0000000000000004,
            0.0,
            0.0,
            -0.15827130259707112,
            -0.046271671885021376,
            0.4684154387067525,
            0.18773690530559656,
            -0.01033621573962569,
            -0.01072942074150713,
            -0.009778697049839026,
            0.07175642638147395,
            0.020434120296242267,
            -0.001169261995679118,
            -0.00015290053873994814,
            -0.0008083541511893718,
            0.0020298922956761382,
            0.0002022311071499297,
            2.1207812316927904e-05
        ],
        [
            0.0,
            0.0,
            0.0,
            1.0000000000000004,
            0.0,
            0.5203578810042175,
            0.1521301002615096,
            0.18773690530559656,
            -0.09171645298606196,
            0.03398298511238509,
            0.19917114002784958,
            0.18152277614288323,
            0.020434120296242274,
            -0.30646307467269907,
            0.021705108810742387,
            0.018834576605024814,
            0.09957458822601384,
            0.00020223110714993046,
            -0.022879674994793642,
            -0.002612418301465449
        ],
        [
            0.0,
            0.0,
            0.0,
            0.0,
            1.0000000000000004,
            -0.028649302123729674,
            -0.008375814729843488,
            -0.01033621573962569,
            0.03398298511238509,
            0.5236462265738356,
            -0.011396783482451869,
            -0.010386925417732455,
            -0.0011692619956791177,
            0.021705108810742373,
            0.07161523046607071,
            0.0019751667848608035,
            0.01044230637113146,
            2.120781231692797e-05,
            -0.002612418301465447,
            0.001757571833180822
        ],
        [
            0.5998679327845466,
            0.5758912720268068,
            -0.15827130259707115,
            0.5203578810042175,
            -0.02864930212372967,
            0.9999999999999999,
            0.6848602514927513,
            0.0,
            0.0,
            0.0,
            0.5580260854201118,
            0.5608800886409967,
            -0.09058919122874469,
            -0.5249963285990985,
            0.03106867362514823,
            0.11460168483223762,
            0.3006788259368364,
            -0.018448700811016613,
            -0.14810091354663296,
            -0.026147025150980455
        ],
        [
            0.5758912720268068,
            0.8976579435280014,
            -0.046271671885021404,
            0.15213010026150964,
            -0.00837581472984349,
            0.6848602514927513,
            1.0000000000000002,
            0.0,
            0.0,
            0.0,
            0.5608800886409968,
            0.8830022412274954,
            -0.028210625592294113,
            -0.16349052974808614,
            0.009675179868590419,
            0.3006788259368364,
            0.5984095964467846,
            -0.02111236924022418,
            -0.16948408474074725,
            -0.029922196428665934
        ],
        [
            0.15827130259707112,
            0.046271671885021376,
            0.4684154387067525,
            0.18773690530559656,
            -0.01033621573962569,
            0.0,
            0.0,
            1.0000000000000004,
            0.0,
            0.0,
            0.09058919122874469,
            0.02821062559229407,
            0.4560573202552778,
            -0.11798050105918151,
            0.006981949171568846,
            0.0184487008110166,
            0.021112369240224162,
            0.042640856179017715,
            -0.034154661011244966,
            -0.006029961322305005
        ],
        [
            -0.5203578810042175,
            -0.1521301002615096,
            0.18773690530559656,
            -0.09171645298606196,
            0.03398298511238509,
            0.0,
            0.0,
            0.0,
            1.0000000000000004,
            0.0,
            0.5249963285990985,
            0.16349052974808645,
            -0.11798050105918148,
            -0.2073235371693754,
            0.0404628591095763,
            0.14810091354663285,
            0.16948408474074722,
            -0.03415466101124497,
            -0.22728843769376497,
            -0.048406811386466575
        ],
        [
            0.028649302123729663,
            0.008375814729843488,
            -0.01033621573962569,
            0.03398298511238509,
            0.5236462265738356,
            0.0,
            0.0,
            0.0,
            0.0,
            1.0000000000000004,
            -0.03106867362514821,
            -0.009675179868590416,
            0.006981949171568853,
            0.04046285910957635,
            0.4740205521758937,
            0.026147025150980444,
            0.029922196428665924,
            -0.006029961322305005,
            -0.04840681138646656,
            0.03834928918404149
        ],
        [
            0.15318187856286536,
            0.3384635721265094,
            -0.010729420741507125,
            0.19917114002784947,
            -0.011396783482451862,
            0.5580260854201118,
            0.5608800886409967,
            0.09058919122874469,
            0.5249963285990985,
            -0.03106867362514821,
            0.9999999999999999,
            0.6848602514927513,
            0.0,
            0.0,
            0.0,
            0.5072824712021966,
            0.5414284053282464,
            -0.03670209096203499,
            -0.47387528862747785,
            -0.19335125145240672
        ],
        [
            0.3384635721265094,
            0.6443297637238989,
            -0.009778697049839026,
            0.18152277614288323,
            -0.010386925417732461,
            0.5608800886409968,
            0.8830022412274954,
            0.028210625592294113,
            0.1634905297480865,
            -0.009675179868590419,
            0.6848602514927513,
            1.0000000000000002,
            0.0,
            0.0,
            0.0,
            0.5414284053282464,
            0.8637871660663399,
            -0.012418408258019232,
            -0.16033900639748264,
            -0.0654217434156178
        ],
        [
            0.01072942074150713,
            0.009778697049839026,
            0.07175642638147395,
            0.020434120296242274,
            -0.0011692619956791177,
            -0.09058919122874469,
            -0.028210625592294068,
            0.4560573202552778,
            -0.11798050105918144,
            0.0069819491715688515,
            0.0,
            0.0,
            1.0000000000000004,
            0.0,
            0.0,
            0.03670209096203499,
            0.01241840825801923,
            0.4141443527128469,
            -0.048172516411563594,
            -0.019655416851899837
        ],
        [
            -0.19917114002784958,
            -0.18152277614288323,
            0.020434120296242267,
            -0.3064630746726991,
            0.021705108810742373,
            -0.5249963285990985,
            -0.1634905297480861,
            -0.11798050105918155,
            -0.2073235371693754,
            0.04046285910957635,
            0.0,
            0.0,
            0.0,
            1.0000000000000004,
            0.0,
            0.47387528862747785,
            0.16033900639748264,
            -0.04817251641156366,
            -0.20409915224047703,
            -0.2537789016822543
        ],
        [
            0.011396783482451869,
            0.01038692541773245,
            -0.001169261995679118,
            0.021705108810742387,
            0.07161523046607071,
            0.03106867362514823,
            0.009675179868590416,
            0.006981949171568849,
            0.0404628591095763,
            0.4740205521758937,
            0.0,
            0.0,
            0.0,
            0.0,
            1.0000000000000004,
            0.19335125145240667,
            0.06542174341561778,
            -0.019655416851899837,
            -0.25377890168225403,
            0.3143281409617051
        ],
        [
            0.015493010296575939,
            0.1295413446770761,
            -0.000152900538739948,
            0.0188345766050248,
            0.0019751667848608018,
            0.11460168483223762,
            0.3006788259368364,
            0.018448700811016613,
            0.1481009135466329,
            0.026147025150980455,
            0.5072824712021966,
            0.5414284053282464,
            0.03670209096203499,
            0.47387528862747785,
            0.19335125145240672,
            0.9999999999999999,
            0.6848602514927513,
            0.0,
            0.0,
            0.0
        ],
        [
            0.1295413446770761,
            0.35336056004778316,
            -0.0008083541511893718,
            0.09957458822601377,
            0.010442306371131468,
            0.3006788259368364,
            0.5984095964467846,
            0.021112369240224183,
            0.16948408474074725,
            0.02992219642866592,
            0.5414284053282464,
            0.8637871660663399,
            0.012418408258019232,
            0.16033900639748264,
            0.0654217434156178,
            0.6848602514927513,
            1.0000000000000002,
            0.0,
            0.0,
            0.0
        ],
        [
            0.00015290053873994814,
            0.0008083541511893718,
            0.0020298922956761382,
            0.00020223110714993035,
            2.1207812316927975e-05,
            -0.0184487008110166,
            -0.021112369240224162,
            0.042640856179017715,
            -0.03415466101124497,
            -0.006029961322305005,
            -0.03670209096203499,
            -0.01241840825801923,
            0.4141443527128469,
            -0.04817251641156366,
            -0.019655416851899837,
            0.0,
            0.0,
            1.0000000000000004,
            0.0,
            0.0
        ],
        [
            -0.01883457660502482,
            -0.09957458822601384,
            0.00020223110714992978,
            -0.022879674994793642,
            -0.002612418301465449,
            -0.1481009135466329,
            -0.16948408474074722,
            -0.034154661011244966,
            -0.22728843769376492,
            -0.04840681138646656,
            -0.47387528862747785,
            -0.16033900639748264,
            -0.048172516411563594,
            -0.20409915224047692,
            -0.25377890168225403,
            0.0,
            0.0,
            0.0,
            1.0000000000000004,
            0.0
        ],
        [
            -0.0019751667848608035,
            -0.010442306371131464,
            2.1207812316927897e-05,
            -0.002612418301465447,
            0.001757571833180822,
            -0.026147025150980444,
            -0.029922196428665927,
            -0.006029961322305005,
            -0.048406811386466575,
            0.03834928918404149,
            -0.19335125145240667,
            -0.06542174341561778,
            -0.019655416851899837,
            -0.2537789016822543,
            0.3143281409617051,
            0.0,
            0.0,
            0.0,
            0.0,
            1.0000000000000004
        ]
    ],
    "h": [
        [
            -0.3173316120752283,
            -0.48865353222795527,
            0.09155378645238336,
            -0.31502004029273334,
            0.019626167152570685,
            -0.6271390533361458,
            -0.4866961349861578,
            -0.01628689816561746,
            -0.002455669199628696,
            0.006052919079376828,
            -0.2963393944416476,
            -0.34540373371545324,
            0.02237312377931696,
            0.3477076070942807,
            -0.010951627777685453,
            -0.019327411097612344,
            -0.15093723516913338,
            0.003759490637539249,
            0.07504139962719548,
            0.012138576997348209
        ],
        [
            -0.48865353222795527,
            -0.3218583437294129,
            0.07111968932368405,
            -0.2584032066423749,
            0.016005636367232248,
            -0.5690763033871786,
            -0.37503752332274365,
            -0.0848524883753854,
            0.09917590263432,
            -0.0034264360207188274,
            -0.364751651598977,
            -0.32699673165974574,
            0.025859522449658303,
            0.205369412507216,
            -0.026148783425907547,
            -0.14601179388657737,
            -0.2058014350235765,
            0.00908317144336361,
            0.11450614791646432,
            0.03459201897551551
        ],
        [
            0.09155378645238336,
            0.07111968932368405,
            1.4384346325425612,
            0.08325010774355233,
            -0.004755369714838122,
            0.010849325820313727,
            0.06496375028896251,
            0.39755576394943093,
            0.27697823219264606,
            -0.015924810962630397,
            0.045849942932543304,
            0.0523581690809771,
            -0.0526718220267019,
            -0.06107234181992271,
            0.002860943412799277,
            0.003147757758677654,
            0.0229736609130698,
            -0.006812374349842276,
            -0.006828500864078492,
            -0.0012685006951144396
        ],
        [
            -0.31502004029273334,
            -0.2584032066423749,
            0.08325010774355233,
            1.163748636281854,
            0.017340670566406147,
            -0.0865375567469886,
            -0.25494791224430813,
            0.2511001397732564,
            -0.4706114493435082,
            0.05349500231965458,
            -0.2715952342783573,
            -0.2102488780801557,
            0.033697194388437934,
            0.1248537378984299,
            -0.012594098465405414,
            -0.07995884111655459,
            -0.1317038832362193,
            0.0034806070664728465,
            0.10412751605502199,
            0.01931993148114963
        ],
        [
            0.019626167152570685,
            0.016005636367232248,
            -0.004755369714838122,
            0.017340670566406147,
            1.4623725559307355,
            0.006568757133780578,
            0.015361437855809104,
            -0.013522053240170057,
            0.05047334148280809,
            0.4752517049052306,
            0.014255876322450706,
            0.011799003589290225,
            -0.001973624650143271,
            -0.01105835334575786,
            -0.04566620883847619,
            -0.0021297971681703007,
            0.004263333588153544,
            -7.300311693996257e-05,
            0.005049148624736479,
            -0.005861482488540249
        ],
        [
            -0.6271390533361458,
            -0.5690763033871786,
            0.010849325820313727,
            -0.0865375567469886,
            0.006568757133780578,
            -0.5044910068272732,
            -0.6232198078993705,
            -0.12836682074597702,
            0.058962139200306005,
            -0.0011345459348876073,
            -0.5474860692536379,
            -0.5345772102939879,
            -0.0018096248169693907,
            0.0856703387675597,
            -0.02075867899632343,
            -0.23439619853142707,
            -0.33578333240161684,
            0.02277908751365793,
            0.22670997393500997,
            0.06274436025594492
        ],
        [
            -0.4866961349861578,
            -0.37503752332274365,
            0.06496375028896251,
            -0.25494791224430813,
            0.015361437855809104,
            -0.6232198078993705,
            -0.43708683521150116,
            -0.10063036598122016,
            0.005010026289133052,
            -0.002411024796318899,
            -0.5199496773337375,
            -0.4165280200081889,
            0.023176937825953627,
            0.15451179994904107,
            -0.05422383666824809,
            -0.30045272682443214,
            -0.3087777297680787,
            0.014456014503231564,
            0.16770237414446687,
            0.062036047958436334
        ],
        [
            -0.01628689816561746,
            -0.0848524883753854,
            0.39755576394943093,
            0.2511001397732564,
            -0.013522053240170057,
            -0.12836682074597702,
            -0.10063036598122016,
            1.3529187870920614,
            0.036822797308760494,
            -0.002004390146455334,
            -0.02897030548389698,
            -0.07610445043849637,
            0.36678601341576167,
            -0.1386376952485159,
            0.005479938467040986,
            -0.03527251608882907,
            -0.04494634760964271,
            -0.041517622868668655,
            0.03542200861119359,
            0.011362642699939161
        ],
        [
            -0.002455669199628696,
            0.09917590263432,
            0.27697823219264606,
            -0.4706114493435082,
            0.05047334148280809,
            0.058962139200306005,
            0.005010026289133052,
            0.036822797308760494,
            0.8066678212580907,
            0.023829002897805776,
            -0.03557106121413345,
            -0.11827825294327482,
            -0.1730382470707866,
            -0.7305151951552874,
            0.02678778304968865,
            -0.3022947380125719,
            -0.18656037493043837,
            0.02041358212216017,
            0.1708140539127176,
            0.07565885552582274
        ],
        [
            0.006052919079376828,
            -0.0034264360207188274,
            -0.015924810962630397,
            0.05349500231965458,
            0.4752517049052306,
            -0.0011345459348876073,
            -0.002411024796318899,
            -0.002004390146455334,
            0.023829002897805776,
            1.3834496646989396,
            -0.011464099908470277,
            -0.0017381657633005667,
            0.009645893295626465,
            0.05477677612152031,
            0.3890527220128299,
            -0.015438507684108045,
            0.00023710819700432928,
            0.0004090961949479964,
            0.00456730829348187,
            -0.04313885710231928
        ],
        [
            -0.2963393944416476,
            -0.364751651598977,
            0.045849942932543304,
            -0.2715952342783573,
            0.014255876322450706,
            -0.5474860692536379,
            -0.5199496773337375,
            -0.02897030548389698,
            -0.03557106121413345,
            -0.011464099908470277,
            -0.4286348861461704,
            -0.5962762553282233,
            0.02253536634800312,
            0.018125426778828474,
            -0.10451610235903273,
            -0.5451885913059544,
            -0.5250301476700483,
            0.009273147346647678,
            0.08033855487096575,
            0.023380405426920714
        ],
        [
            -0.34540373371545324,
            -0.32699673165974574,
            0.0523581690809771,
            -0.2102488780801557,
            0.011799003589290225,
            -0.5345772102939879,
            -0.4165280200081889,
            -0.07610445043849637,
            -0.11827825294327482,
            -0.0017381657633005667,
            -0.5962762553282233,
            -0.4376565632517615,
            0.017922123516433238,
            0.03661756099083044,
            -0.08674459324286482,
            -0.44171839922681366,
            -0.3648553225011688,
            0.018315493598209227,
            0.20446287293220228,
            0.07589612368518342
        ],
        [
            0.02237312377931696,
            0.025859522449658303,
            -0.0526718220267019,
            0.033697194388437934,
            -0.001973624650143271,
            -0.0018096248169693907,
            0.023176937825953627,
            0.36678601341576167,
            -0.1730382470707866,
            0.009645893295626465,
            0.02253536634800312,
            0.017922123516433238,
            1.399275372100154,
            -0.05872749896506714,
            -0.0038224689013326933,
            0.004175961531679706,
            0.004061637933145897,
            0.31968627035882435,
            -0.07322109937053708,
            -0.028638354866004093
        ],
        [
            0.3477076070942807,
            0.205369412507216,
            -0.06107234181992271,
            0.1248537378984299,
            -0.01105835334575786,
            0.0856703387675597,
            0.15451179994904107,
            -0.1386376952485159,
            -0.7305151951552874,
            0.05477677612152031,
            0.018125426778828474,
            0.03661756099083044,
            -0.05872749896506714,
            0.8742761868445004,
            -0.07086764131352107,
            -0.03547501739095138,
            -0.08295811821795218,
            -0.06755766723791351,
            -0.5458182802942533,
            -0.34822180239100176
        ],
        [
            -0.010951627777685453,
            -0.026148783425907547,
            0.002860943412799277,
            -0.012594098465405414,
            -0.04566620883847619,
            -0.02075867899632343,
            -0.05422383666824809,
            0.005479938467040986,
            0.02678778304968865,
            0.3890527220128299,
            -0.10451610235903273,
            -0.08674459324286482,
            -0.0038224689013326933,
            -0.07086764131352107,
            1.3729951752398994,
            -0.020540677793800532,
            -0.08022276702491801,
            -0.024920137569482192,
            -0.3307056447775986,
            0.18858316974476907
        ],
        [
            -0.019327411097612344,
            -0.14601179388657737,
            0.003147757758677654,
            -0.07995884111655459,
            -0.0021297971681703007,
            -0.23439619853142707,
            -0.30045272682443214,
            -0.03527251608882907,
            -0.3022947380125719,
            -0.015438507684108045,
            -0.5451885913059544,
            -0.44171839922681366,
            0.004175961531679706,
            -0.03547501739095138,
            -0.020540677793800532,
            -0.23271386414389839,
            -0.4522281153044929,
            0.020667061297880228,
            0.24206063968496538,
            0.09691446341298732
        ],
        [
            -0.15093723516913338,
            -0.2058014350235765,
            0.0229736609130698,
            -0.1317038832362193,
            0.004263333588153544,
            -0.33578333240161684,
            -0.3087777297680787,
            -0.04494634760964271,
            -0.18656037493043837,
            0.00023710819700432928,
            -0.5250301476700483,
            -0.3648553225011688,
            0.004061637933145897,
            -0.08295811821795218,
            -0.08022276702491801,
            -0.4522281153044929,
            -0.308115265105503,
            0.018743617832702966,
            0.21499049613921487,
            0.08392047424480403
        ],
        [
            0.003759490637539249,
            0.00908317144336361,
            -0.006812374349842276,
            0.0034806070664728465,
            -7.300311693996257e-05,
            0.02277908751365793,
            0.014456014503231564,
            -0.041517622868668655,
            0.02041358212216017,
            0.0004090961949479964,
            0.009273147346647678,
            0.018315493598209227,
            0.31968627035882435,
            -0.06755766723791351,
            -0.024920137569482192,
            0.020667061297880228,
            0.018743617832702966,
            1.4970037667167826,
            -0.018341077516721586,
            -0.006930684336739093
        ],
        [
            0.07504139962719548,
            0.11450614791646432,
            -0.006828500864078492,
            0.10412751605502199,
            0.005049148624736479,
            0.22670997393500997,
            0.16770237414446687,
            0.03542200861119359,
            0.1708140539127176,
            0.00456730829348187,
            0.08033855487096575,
            0.20446287293220228,
            -0.07322109937053708,
            -0.5458182802942533,
            -0.3307056447775986,
            0.24206063968496538,
            0.21499049613921487,
            -0.018341077516721586,
            1.279599437175392,
            -0.085449475556283
        ],
        [
            0.012138576997348209,
            0.03459201897551551,
            -0.0012685006951144396,
            0.01931993148114963,
            -0.005861482488540249,
            0.06274436025594492,
            0.062036047958436334,
            0.011362642699939161,
            0.07565885552582274,
            -0.04313885710231928,
            0.023380405426920714,
            0.07589612368518342,
            -0.028638354866004093,
            -0.34822180239100176,
            0.18858316974476907,
            0.09691446341298732,
            0.08392047424480403,
            -0.006930684336739093,
            -0.085449475556283,
            1.4643387687784928
        ]
    ]
}