{
    "HF": -2.1613004906261377,
    "coordinates": [
        [
            0.658381,
            0.015986,
            -0.101756
        ],
        [
            1.484799,
            -0.087491,
            -0.11076
        ],
        [
            2.228957,
            0.194329,
            0.025159
        ],
        [
            2.936937,
            0.10598,
            0.03414
        ]
    ],
    "elements": [
        "H",
        "H",
        "H",
        "H"
    ],
    "Enn": 2.9573097488446223,
    "S": [
        [
            0.9999999999999999,
            0.6848602514927513,
            0.0,
            0.0,
            0.0,
            0.49714974237730153,
            0.5373657342340026,
            0.005492968829900286,
            -0.5041635178219175,
            0.063127047491292,
            0.10027710403075463,
            0.284619965851563,
            -0.010646516780719654,
            -0.13175088633648932,
            -0.014960656677491904,
            0.010823211278809884,
            0.11105504294430577,
            -0.0007596758034707728,
            -0.012737415818369558,
            -0.00050307782611371
        ],
        [
            0.6848602514927513,
            1.0000000000000002,
            0.0,
            0.0,
            0.0,
            0.5373657342340026,
            0.859740956840922,
            0.0018914097045985541,
            -0.17360006944190734,
            0.021736717237088542,
            0.2846199658515629,
            0.5782362813730084,
            -0.013515937509924494,
            -0.16726003286126281,
            -0.018992812853740406,
            0.11105504294430577,
            0.32086126044551067,
            -0.005278086366524634,
            -0.08849719902692423,
            -0.0034952912850195585
        ],
        [
            0.0,
            0.0,
            1.0000000000000004,
            0.0,
            0.0,
            -0.005492968829900281,
            -0.0018914097045985535,
            0.40626006336273285,
            0.007849878762377263,
            -0.0009828947393383395,
            0.01064651678071965,
            0.013515937509924483,
            0.03662942018905201,
            -0.01978271364636687,
            -0.0022463787170019195,
            0.0007596758034707726,
            0.005278086366524632,
            0.0010884250748520198,
            -0.0009190415256075176,
            -3.6298525494007145e-05
        ],
        [
            0.0,
            0.0,
            0.0,
            1.0000000000000004,
            0.0,
            0.5041635178219172,
            0.17360006944190712,
            0.007849878762377235,
            -0.31414320518939315,
            0.09021345009934602,
            0.1317508863364893,
            0.16726003286126268,
            -0.019782713646366874,
            -0.20658350912505968,
            -0.027798987510018573,
            0.01273741581836956,
            0.08849719902692425,
            -0.0009190415256075176,
            -0.014266248647658693,
            -0.0006086141097274602
        ],
        [
            0.0,
            0.0,
            0.0,
            0.0,
            1.0000000000000004,
            -0.06312704749129196,
            -0.021736717237088532,
            -0.0009828947393383364,
            0.09021345009934605,
            0.39504983213888045,
            0.014960656677491897,
            0.018992812853740392,
            -0.0022463787170019195,
            -0.027798987510018563,
            0.03507137286942495,
            0.0005030778261137099,
            0.0034952912850195568,
            -3.6298525494007145e-05,
            -0.0006086141097274602,
            0.001119200025730184
        ],
        [
            0.49714974237730153,
            0.5373657342340026,
            -0.005492968829900286,
            0.5041635178219174,
            -0.063127047491292,
            0.9999999999999999,
            0.6848602514927513,
            0.0,
            0.0,
            0.0,
            0.5171544918078678,
            0.5453273312701374,
            -0.0871657124791387,
            -0.47723322175009275,
            -0.18073294455426295,
            0.13476649762897622,
            0.32128364760572414,
            -0.017425302725591348,
            -0.17463039509547806,
            -0.023266326733077183
        ],
        [
            0.5373657342340026,
            0.859740956840922,
            -0.0018914097045985541,
            0.17360006944190734,
            -0.021736717237088546,
            0.6848602514927513,
            1.0000000000000002,
            0.0,
            0.0,
            0.0,
            0.5453273312701374,
            0.8676594453424005,
            -0.029003428496995897,
            -0.15879408576775486,
            -0.06013689196523943,
            0.32128364760572414,
            0.6237054491230325,
            -0.017567180468414795,
            -0.17605224507275963,
            -0.023455762404449115
        ],
        [
            0.005492968829900283,
            0.0018914097045985535,
            0.40626006336273285,
            0.007849878762377234,
            -0.0009828947393383362,
            0.0,
            0.0,
            1.0000000000000004,
            0.0,
            0.0,
            0.0871657124791387,
            0.029003428496995873,
            0.40857988926717015,
            -0.11269377623365037,
            -0.04267824846090125,
            0.01742530272559134,
            0.01756718046841477,
            0.056746236917038145,
            -0.03278597692116412,
            -0.004368135632367273
        ],
        [
            -0.5041635178219173,
            -0.1736000694419073,
            0.007849878762377263,
            -0.3141432051893933,
            0.09021345009934605,
            0.0,
            0.0,
            0.0,
            1.0000000000000004,
            0.0,
            0.47723322175009275,
            0.15879408576775478,
            -0.11269377623365033,
            -0.1878364612442282,
            -0.23366387346998826,
            0.174630395095478,
            0.1760522450727597,
            -0.03278597692116416,
            -0.2685520429275081,
            -0.04377595404357868
        ],
        [
            0.06312704749129196,
            0.021736717237088535,
            -0.0009828947393383397,
            0.09021345009934602,
            0.39504983213888045,
            0.0,
            0.0,
            0.0,
            0.0,
            1.0000000000000004,
            0.18073294455426298,
            0.06013689196523945,
            -0.04267824846090125,
            -0.23366387346998835,
            0.34067236499220355,
            0.02326632673307718,
            0.0234557624044491,
            -0.004368135632367275,
            -0.04377595404357865,
            0.054185399345892345
        ],
        [
            0.10027710403075463,
            0.284619965851563,
            0.010646516780719654,
            0.1317508863364893,
            0.014960656677491904,
            0.5171544918078678,
            0.5453273312701374,
            0.0871657124791387,
            0.47723322175009275,
            0.18073294455426295,
            0.9999999999999999,
            0.6848602514927513,
            0.0,
            0.0,
            0.0,
            0.5921354058127516,
            0.5731825122094553,
            -0.0068352022856330635,
            -0.5388249097185722,
            0.0672400942805251
        ],
        [
            0.2846199658515629,
            0.5782362813730084,
            0.013515937509924499,
            0.16726003286126273,
            0.018992812853740416,
            0.5453273312701374,
            0.8676594453424005,
            0.029003428496995887,
            0.15879408576775486,
            0.06013689196523943,
            0.6848602514927513,
            1.0000000000000002,
            0.0,
            0.0,
            0.0,
            0.5731825122094553,
            0.8950241816255492,
            -0.002021106144526388,
            -0.15932554595276646,
            0.01988227444190648
        ],
        [
            -0.01064651678071965,
            -0.013515937509924483,
            0.03662942018905201,
            -0.019782713646366867,
            -0.0022463787170019195,
            -0.0871657124791387,
            -0.029003428496995883,
            0.40857988926717015,
            -0.11269377623365037,
            -0.04267824846090125,
            0.0,
            0.0,
            1.0000000000000004,
            0.0,
            0.0,
            0.0068352022856330635,
            0.0020211061445263873,
            0.5162875449202282,
            -0.008524333463307656,
            0.001063753689581299
        ],
        [
            -0.13175088633648932,
            -0.16726003286126276,
            -0.019782713646366877,
            -0.20658350912505963,
            -0.027798987510018573,
            -0.47723322175009275,
            -0.15879408576775478,
            -0.11269377623365033,
            -0.1878364612442282,
            -0.23366387346998826,
            0.0,
            0.0,
            0.0,
            1.0000000000000004,
            0.0,
            0.5388249097185722,
            0.1593255459527664,
            -0.008524333463307656,
            -0.1555849024373653,
            0.08385662366660378
        ],
        [
            -0.014960656677491897,
            -0.0189928128537404,
            -0.0022463787170019195,
            -0.027798987510018563,
            0.03507137286942495,
            -0.18073294455426298,
            -0.06013689196523945,
            -0.04267824846090125,
            -0.23366387346998835,
            0.34067236499220355,
            0.0,
            0.0,
            0.0,
            0.0,
            1.0000000000000004,
            -0.06724009428052506,
            -0.019882274441906468,
            0.001063753689581299,
            0.08385662366660378,
            0.5059311904956868
        ],
        [
            0.010823211278809884,
            0.11105504294430577,
            0.0007596758034707728,
            0.01273741581836956,
            0.00050307782611371,
            0.13476649762897622,
            0.32128364760572414,
            0.017425302725591348,
            0.17463039509547806,
            0.023266326733077183,
            0.5921354058127516,
            0.5731825122094553,
            0.0068352022856330635,
            0.5388249097185722,
            -0.0672400942805251,
            0.9999999999999999,
            0.6848602514927513,
            0.0,
            0.0,
            0.0
        ],
        [
            0.11105504294430577,
            0.32086126044551067,
            0.005278086366524634,
            0.08849719902692425,
            0.003495291285019558,
            0.32128364760572414,
            0.6237054491230325,
            0.017567180468414795,
            0.17605224507275982,
            0.023455762404449115,
            0.5731825122094553,
            0.8950241816255492,
            0.002021106144526388,
            0.15932554595276646,
            -0.01988227444190648,
            0.6848602514927513,
            1.0000000000000002,
            0.0,
            0.0,
            0.0
        ],
        [
            -0.0007596758034707726,
            -0.005278086366524632,
            0.0010884250748520198,
            -0.0009190415256075176,
            -3.6298525494007145e-05,
            -0.01742530272559134,
            -0.01756718046841477,
            0.056746236917038145,
            -0.03278597692116414,
            -0.004368135632367273,
            -0.0068352022856330635,
            -0.0020211061445263873,
            0.5162875449202282,
            -0.008524333463307656,
            0.001063753689581299,
            0.0,
            0.0,
            1.0000000000000004,
            0.0,
            0.0
        ],
        [
            -0.012737415818369558,
            -0.08849719902692432,
            -0.0009190415256075176,
            -0.014266248647658693,
            -0.0006086141097274602,
            -0.17463039509547792,
            -0.17605224507275993,
            -0.03278597692116414,
            -0.2685520429275081,
            -0.04377595404357865,
            -0.5388249097185722,
            -0.1593255459527664,
            -0.008524333463307656,
            -0.1555849024373653,
            0.08385662366660378,
            0.0,
            0.0,
            0.0,
            1.0000000000000004,
            0.0
        ],
        [
            -0.00050307782611371,
            -0.003495291285019557,
            -3.6298525494007145e-05,
            -0.0006086141097274602,
            0.001119200025730184,
            -0.02326632673307718,
            -0.0234557624044491,
            -0.004368135632367275,
            -0.04377595404357868,
            0.054185399345892345,
            0.06724009428052506,
            0.019882274441906468,
            0.001063753689581299,
            0.08385662366660378,
            0.5059311904956868,
            0.0,
            0.0,
            0.0,
            0.0,
            1.0000000000000004
        ]
    ],
    "h": [
        [
            -0.22600657723450635,
            -0.4498935100774889,
            0.0015422349647881374,
            -0.2525764720608302,
            0.02828580976521692,
            -0.536158073725529,
            -0.4390539516666154,
            -0.004093495279179467,
            0.04516894962400497,
            -0.015733452155114167,
            -0.21075593549921556,
            -0.2887691044458446,
            0.03298086543983671,
            0.27532343342292454,
            0.05790788017215388,
            -0.009883140916233699,
            -0.13154145257799316,
            0.004863363594243757,
            0.06306142672997864,
            0.004975027901415054
        ],
        [
            -0.4498935100774889,
            -0.30684576572701894,
            0.0006622233630805257,
            -0.2247265665381975,
            0.023314705487352122,
            -0.5133422916264145,
            -0.361823725312287,
            -0.017760441391042374,
            0.10980258834721121,
            -0.057085879065773185,
            -0.31110095810887683,
            -0.29888692888915436,
            0.030477849376561866,
            0.16432538656838713,
            0.06513183980496258,
            -0.13550918597519518,
            -0.19376340435789163,
            0.005835626829221518,
            0.1219786043626219,
            -0.002018713885408302
        ],
        [
            0.0015422349647881374,
            0.0006622233630805257,
            1.4989966024819843,
            0.001110825120834937,
            -0.0005025417618875855,
            -0.0026431101311518808,
            -0.000641586325892046,
            0.3092185228564204,
            0.00910616275401213,
            -0.002421604136368716,
            -0.008581385439339537,
            -0.0005026344821526807,
            -0.041573668128203276,
            0.005312990865929804,
            0.0013795996776594195,
            -0.0036607345448127554,
            -0.002536847586474744,
            -0.0037285300235385603,
            0.004215137735566777,
            4.177780084084281e-05
        ],
        [
            -0.2525764720608302,
            -0.2247265665381975,
            0.001110825120834937,
            1.2578086227010865,
            0.026182330096165295,
            -0.07879067373026771,
            -0.21026744946374681,
            0.002146270344861395,
            -0.6729266712100739,
            0.10060843246800774,
            -0.214563862304275,
            -0.16818373182444096,
            0.03159510966036142,
            0.1864294575345835,
            0.06022067776127507,
            -0.05980760548655109,
            -0.10972006427209748,
            0.005287213050742592,
            0.08201042896218477,
            0.0030263939673265254
        ],
        [
            0.02828580976521692,
            0.023314705487352122,
            -0.0005025417618875855,
            0.026182330096165295,
            1.4953000283181852,
            0.0005911071634810833,
            0.018554019224149395,
            -0.0017533506642983788,
            0.11903864373646728,
            0.29376029611060883,
            -0.0014880585222090646,
            0.014934610350611284,
            -0.0011922851398592587,
            -0.00818521799305584,
            -0.04451595929521558,
            -0.0031597909623173066,
            0.004330506142405276,
            1.9373042126072046e-06,
            0.0016602058624606221,
            -0.004171475876432424
        ],
        [
            -0.536158073725529,
            -0.5133422916264145,
            -0.0026431101311518808,
            -0.07879067373026771,
            0.0005911071634810833,
            -0.3927970605271156,
            -0.5787597022776398,
            -0.03821435643123458,
            0.03637584078220785,
            -0.10296307965685543,
            -0.5067485886151655,
            -0.49471533133446877,
            0.010129470020037529,
            0.039276541533999065,
            0.02552380036974289,
            -0.2673390730632037,
            -0.33863286565536244,
            0.014888358975506052,
            0.25223118033690534,
            0.0032657928131591407
        ],
        [
            -0.4390539516666154,
            -0.361823725312287,
            -0.000641586325892046,
            -0.21026744946374681,
            0.018554019224149395,
            -0.5787597022776398,
            -0.4324014981372817,
            -0.034852068080786544,
            0.004994139459636671,
            -0.09066798859351347,
            -0.509657771443574,
            -0.4088840584481497,
            0.033149847846872416,
            0.08921752256054988,
            0.08498090567981989,
            -0.3319500193113207,
            -0.31689284080941194,
            0.0061444566246353985,
            0.20368765174254927,
            -0.014919653235530309
        ],
        [
            -0.004093495279179467,
            -0.017760441391042374,
            0.3092185228564204,
            0.002146270344861395,
            -0.0017533506642983788,
            -0.03821435643123458,
            -0.034852068080786544,
            1.4121938782116794,
            -0.03902299110335455,
            -0.014475877334633493,
            -0.014586988546178431,
            -0.03698231246515385,
            0.30214725513722984,
            -0.16046290666347388,
            -0.055279598183297446,
            -0.041127634955888406,
            -0.033974141427392975,
            -0.04526220288205046,
            0.033198004975425674,
            -0.002328645525967005
        ],
        [
            0.04516894962400497,
            0.10980258834721121,
            0.00910616275401213,
            -0.6729266712100739,
            0.11903864373646728,
            0.03637584078220785,
            0.004994139459636671,
            -0.03902299110335455,
            0.9280754712842714,
            -0.05270163589057618,
            -0.08071004875396026,
            -0.11966805625589927,
            -0.1585973084238215,
            -0.6573524219904928,
            -0.3112278088471973,
            -0.3144558866777766,
            -0.1781803245891624,
            0.003831553298639115,
            0.1458316949416823,
            -0.020070894758379726
        ],
        [
            -0.015733452155114167,
            -0.057085879065773185,
            -0.002421604136368716,
            0.10060843246800774,
            0.29376029611060883,
            -0.10296307965685543,
            -0.09066798859351347,
            -0.014475877334633493,
            -0.05270163589057618,
            1.3868068693995186,
            -0.02792122377366718,
            -0.08326541379898009,
            -0.05614793054629727,
            -0.3206697571146476,
            0.21551975985134497,
            -0.07221211460925685,
            -0.0697887972252352,
            0.0024036638938681985,
            0.06691648387323733,
            -0.050064622535464356
        ],
        [
            -0.21075593549921556,
            -0.31110095810887683,
            -0.008581385439339537,
            -0.214563862304275,
            -0.0014880585222090646,
            -0.5067485886151655,
            -0.509657771443574,
            -0.014586988546178431,
            -0.08071004875396026,
            -0.02792122377366718,
            -0.46936336550692515,
            -0.6072372647838844,
            0.031754013920873805,
            -0.10692827248192102,
            0.11114384147866194,
            -0.6166257367007324,
            -0.5575851853044878,
            0.005990783535782772,
            0.0763176157702874,
            0.005089743906162916
        ],
        [
            -0.2887691044458446,
            -0.29888692888915436,
            -0.0005026344821526807,
            -0.16818373182444096,
            0.014934610350611284,
            -0.49471533133446877,
            -0.4088840584481497,
            -0.03698231246515385,
            -0.11966805625589927,
            -0.08326541379898009,
            -0.6072372647838844,
            -0.43260037824120556,
            0.029379527350033317,
            -0.04071810728074121,
            0.09397561465306195,
            -0.48356998195225154,
            -0.3718268835669436,
            0.007415962363976125,
            0.25423702183526115,
            -0.019518175635235682
        ],
        [
            0.03298086543983671,
            0.030477849376561866,
            -0.041573668128203276,
            0.03159510966036142,
            -0.0011922851398592587,
            0.010129470020037529,
            0.033149847846872416,
            0.30214725513722984,
            -0.1585973084238215,
            -0.05614793054629727,
            0.031754013920873805,
            0.029379527350033317,
            1.3908063756561257,
            -0.04336047246583471,
            -0.013541627667423657,
            0.006536983036378353,
            0.015567805584483247,
            0.46510944509803764,
            -0.02382954397380995,
            0.0007771191037184355
        ],
        [
            0.27532343342292454,
            0.16432538656838713,
            0.005312990865929804,
            0.1864294575345835,
            -0.00818521799305584,
            0.039276541533999065,
            0.08921752256054988,
            -0.16046290666347388,
            -0.6573524219904928,
            -0.3206697571146476,
            -0.10692827248192102,
            -0.04071810728074121,
            -0.04336047246583471,
            0.8637327354481947,
            -0.04295400254463136,
            -0.006846071899286876,
            -0.12401308594417773,
            -0.01515426875533201,
            -0.5429179195301357,
            0.11870186970203755
        ],
        [
            0.05790788017215388,
            0.06513183980496258,
            0.0013795996776594195,
            0.06022067776127507,
            -0.04451595929521558,
            0.02552380036974289,
            0.08498090567981989,
            -0.055279598183297446,
            -0.3112278088471973,
            0.21551975985134497,
            0.11114384147866194,
            0.09397561465306195,
            -0.013541627667423657,
            -0.04295400254463136,
            1.3644776691944454,
            0.01961981669148602,
            0.06594433137290112,
            -0.000628710379689082,
            0.09346207930314668,
            0.44912552264411587
        ],
        [
            -0.009883140916233699,
            -0.13550918597519518,
            -0.0036607345448127554,
            -0.05980760548655109,
            -0.0031597909623173066,
            -0.2673390730632037,
            -0.3319500193113207,
            -0.041127634955888406,
            -0.3144558866777766,
            -0.07221211460925685,
            -0.6166257367007324,
            -0.48356998195225154,
            0.006536983036378353,
            -0.006846071899286876,
            0.01961981669148602,
            -0.3094274954854004,
            -0.48618056066875237,
            0.0060813035065904585,
            0.31937663646660425,
            -0.03416917890654477
        ],
        [
            -0.13154145257799316,
            -0.19376340435789163,
            -0.002536847586474744,
            -0.10972006427209748,
            0.004330506142405276,
            -0.33863286565536244,
            -0.31689284080941194,
            -0.033974141427392975,
            -0.1781803245891624,
            -0.0697887972252352,
            -0.5575851853044878,
            -0.3718268835669436,
            0.015567805584483247,
            -0.12401308594417773,
            0.06594433137290112,
            -0.48618056066875237,
            -0.3201442154970797,
            0.006134843263011192,
            0.2614929142639762,
            -0.024550503672239744
        ],
        [
            0.004863363594243757,
            0.005835626829221518,
            -0.0037285300235385603,
            0.005287213050742592,
            1.9373042126072046e-06,
            0.014888358975506052,
            0.0061444566246353985,
            -0.04526220288205046,
            0.003831553298639115,
            0.0024036638938681985,
            0.005990783535782772,
            0.007415962363976125,
            0.46510944509803764,
            -0.01515426875533201,
            -0.000628710379689082,
            0.0060813035065904585,
            0.006134843263011192,
            1.4660830348299083,
            -0.006429927805262962,
            5.615075768460211e-05
        ],
        [
            0.06306142672997864,
            0.1219786043626219,
            0.004215137735566777,
            0.08201042896218477,
            0.0016602058624606221,
            0.25223118033690534,
            0.20368765174254927,
            0.033198004975425674,
            0.1458316949416823,
            0.06691648387323733,
            0.0763176157702874,
            0.25423702183526115,
            -0.02382954397380995,
            -0.5429179195301357,
            0.09346207930314668,
            0.31937663646660425,
            0.2614929142639762,
            -0.006429927805262962,
            1.155750352954037,
            0.031522074654057375
        ],
        [
            0.004975027901415054,
            -0.002018713885408302,
            4.177780084084281e-05,
            0.0030263939673265254,
            -0.004171475876432424,
            0.0032657928131591407,
            -0.014919653235530309,
            -0.002328645525967005,
            -0.020070894758379726,
            -0.050064622535464356,
            0.005089743906162916,
            -0.019518175635235682,
            0.0007771191037184355,
            0.11870186970203755,
            0.44912552264411587,
            -0.03416917890654477,
            -0.024550503672239744,
            5.615075768460211e-05,
            0.031522074654057375,
            1.4614694801057013
        ]
    ]
}