{
    "HF": -2.1655494735625025,
    "coordinates": [
        [
            0.817247,
            0.121071,
            -0.016172
        ],
        [
            1.570112,
            0.194148,
            -0.094129
        ],
        [
            2.331543,
            -0.156118,
            -0.165657
        ],
        [
            3.104737,
            0.18805,
            0.012166
        ]
    ],
    "elements": [
        "H",
        "H",
        "H",
        "H"
    ],
    "Enn": 2.854249622931353,
    "S": [
        [
            0.9999999999999999,
            0.6848602514927513,
            0.0,
            0.0,
            0.0,
            0.5543141964564788,
            0.5595052568475826,
            0.05458324547493433,
            -0.5271343831148764,
            -0.0511664100667262,
            0.11123641347474181,
            0.2970238639256079,
            0.014226653885458544,
            -0.1441172363256134,
            0.02638038575011785,
            0.01065385589470859,
            0.11030431772452601,
            -0.00015538475853463604,
            -0.012542913448387134,
            -0.0003672635945335376
        ],
        [
            0.6848602514927513,
            1.0000000000000002,
            0.0,
            0.0,
            0.0,
            0.5595052568475826,
            0.881652549597671,
            0.017097150770335388,
            -0.16511469675216517,
            -0.01602689286201108,
            0.2970238639256079,
            0.5938547985441281,
            0.016663034788886904,
            -0.16879798594288561,
            0.030898149982250843,
            0.11030431772452601,
            0.3195001139687946,
            -0.0010926399882113635,
            -0.0881996981661943,
            -0.002582537009330544
        ],
        [
            0.0,
            0.0,
            1.0000000000000004,
            0.0,
            0.0,
            -0.054583245474934344,
            -0.017097150770335377,
            0.46464357426544856,
            0.07193348215151958,
            0.006982238615404617,
            -0.01422665388545854,
            -0.01666303478888689,
            0.04220868306159832,
            0.026332831188164162,
            -0.004820174618579217,
            0.00015538475853463604,
            0.0010926399882113635,
            0.0011123162815161992,
            -0.00018758375032712688,
            -5.492558224587051e-06
        ],
        [
            0.0,
            0.0,
            0.0,
            1.0000000000000004,
            0.0,
            0.5271343831148766,
            0.16511469675216517,
            0.07193348215151957,
            -0.22260116272385297,
            -0.06743054600852515,
            0.14411723632561343,
            0.1687979859428857,
            0.02633283118816417,
            -0.22194571058618284,
            0.048828786461625154,
            0.012542913448387136,
            0.08819969816619423,
            -0.00018758375032712683,
            -0.014027428944401267,
            -0.0004433683397967617
        ],
        [
            0.0,
            0.0,
            0.0,
            0.0,
            1.0000000000000004,
            0.05116641006672622,
            0.01602689286201108,
            0.006982238615404612,
            -0.06743054600852512,
            0.4655469187660177,
            -0.026380385750117853,
            -0.030898149982250843,
            -0.004820174618579221,
            0.048828786461625175,
            0.0358701341779265,
            0.0003672635945335376,
            0.002582537009330543,
            -5.492558224587049e-06,
            -0.0004433683397967617,
            0.0011016580405120953
        ],
        [
            0.5543141964564788,
            0.5595052568475826,
            -0.05458324547493433,
            0.5271343831148765,
            0.0511664100667262,
            0.9999999999999999,
            0.6848602514927513,
            0.0,
            0.0,
            0.0,
            0.49077174437987414,
            0.5347761499797754,
            0.042928635793462636,
            -0.4569845945762786,
            0.21021755878583195,
            0.11370765238660355,
            0.29971444226778365,
            -0.010390545766477246,
            -0.1500126186262773,
            0.0005960915196761663
        ],
        [
            0.5595052568475826,
            0.881652549597671,
            -0.017097150770335384,
            0.16511469675216517,
            0.01602689286201108,
            0.6848602514927513,
            1.0000000000000002,
            0.0,
            0.0,
            0.0,
            0.5347761499797754,
            0.8571557911991209,
            0.014948113130684514,
            -0.1591258909687146,
            0.0731995273715516,
            0.29971444226778365,
            0.5972098321248535,
            -0.011963534642858684,
            -0.17272251141913536,
            0.00068633175833437
        ],
        [
            0.05458324547493433,
            0.017097150770335388,
            0.46464357426544856,
            0.07193348215151957,
            0.006982238615404612,
            0.0,
            0.0,
            1.0000000000000004,
            0.0,
            0.0,
            -0.042928635793462636,
            -0.014948113130684513,
            0.3938173132197957,
            0.05643399762105247,
            -0.025960212561263678,
            0.010390545766477246,
            0.011963534642858676,
            0.04497871504184807,
            -0.019623843404805393,
            7.79774844554872e-05
        ],
        [
            -0.5271343831148765,
            -0.16511469675216517,
            0.07193348215151958,
            -0.22260116272385314,
            -0.06743054600852512,
            0.0,
            0.0,
            0.0,
            1.0000000000000004,
            0.0,
            0.4569845945762786,
            0.1591258909687149,
            0.05643399762105247,
            -0.20163342491380665,
            0.27635206647376637,
            0.1500126186262773,
            0.17272251141913536,
            -0.01962384340480539,
            -0.2369796157496922,
            0.0011257932836210743
        ],
        [
            -0.05116641006672622,
            -0.01602689286201108,
            0.006982238615404617,
            -0.06743054600852515,
            0.4655469187660177,
            0.0,
            0.0,
            0.0,
            0.0,
            1.0000000000000004,
            -0.2102175587858319,
            -0.07319952737155158,
            -0.025960212561263678,
            0.27635206647376637,
            0.2719939018618898,
            -0.0005960915196761663,
            -0.00068633175833437,
            7.797748445548794e-05,
            0.0011257932836210849,
            0.046333476854844916
        ],
        [
            0.11123641347474181,
            0.2970238639256079,
            -0.014226653885458544,
            0.14411723632561343,
            -0.02638038575011785,
            0.49077174437987414,
            0.5347761499797754,
            -0.042928635793462636,
            0.4569845945762786,
            -0.21021755878583195,
            0.9999999999999999,
            0.6848602514927513,
            0.0,
            0.0,
            0.0,
            0.47269053087447277,
            0.5272944009112192,
            -0.10176956874255946,
            -0.44250529984498355,
            -0.19697018346889428
        ],
        [
            0.2970238639256079,
            0.5938547985441281,
            -0.016663034788886904,
            0.16879798594288553,
            -0.030898149982250843,
            0.5347761499797754,
            0.8571557911991209,
            -0.014948113130684514,
            0.15912589096871493,
            -0.0731995273715516,
            0.6848602514927513,
            1.0000000000000002,
            0.0,
            0.0,
            0.0,
            0.5272944009112192,
            0.8496599151085967,
            -0.036607095585310626,
            -0.15917168568738968,
            -0.07085130086324704
        ],
        [
            0.01422665388545854,
            0.01666303478888688,
            0.04220868306159832,
            0.026332831188164155,
            -0.004820174618579217,
            0.042928635793462636,
            0.014948113130684513,
            0.3938173132197957,
            0.05643399762105247,
            -0.025960212561263678,
            0.0,
            0.0,
            1.0000000000000004,
            0.0,
            0.0,
            0.10176956874255945,
            0.0366070955853106,
            0.34767149235798295,
            -0.13520075642057755,
            -0.06018124033005601
        ],
        [
            -0.1441172363256134,
            -0.16879798594288561,
            0.026332831188164176,
            -0.2219457105861829,
            0.04882878646162516,
            -0.4569845945762786,
            -0.15912589096871527,
            0.05643399762105247,
            -0.20163342491380665,
            0.27635206647376637,
            0.0,
            0.0,
            0.0,
            1.0000000000000004,
            0.0,
            0.44250529984498377,
            0.15917168568738965,
            -0.1352007564205776,
            -0.20910215350739292,
            -0.2616746648957522
        ],
        [
            0.026380385750117853,
            0.030898149982250843,
            -0.004820174618579221,
            0.04882878646162517,
            0.0358701341779265,
            0.2102175587858319,
            0.07319952737155158,
            -0.025960212561263678,
            0.27635206647376637,
            0.2719939018618898,
            0.0,
            0.0,
            0.0,
            0.0,
            1.0000000000000004,
            0.1969701834688944,
            0.07085130086324705,
            -0.06018124033005605,
            -0.26167466489575225,
            0.26228769222649606
        ],
        [
            0.01065385589470859,
            0.11030431772452601,
            0.00015538475853463604,
            0.012542913448387136,
            0.0003672635945335376,
            0.11370765238660355,
            0.29971444226778365,
            0.010390545766477246,
            0.1500126186262773,
            -0.0005960915196761663,
            0.47269053087447277,
            0.5272944009112192,
            0.10176956874255946,
            0.44250529984498355,
            0.19697018346889428,
            0.9999999999999999,
            0.6848602514927513,
            0.0,
            0.0,
            0.0
        ],
        [
            0.11030431772452601,
            0.3195001139687946,
            0.0010926399882113635,
            0.08819969816619427,
            0.002582537009330544,
            0.29971444226778365,
            0.5972098321248535,
            0.011963534642858686,
            0.17272251141913555,
            -0.00068633175833437,
            0.5272944009112192,
            0.8496599151085967,
            0.03660709558531061,
            0.15917168568738968,
            0.07085130086324704,
            0.6848602514927513,
            1.0000000000000002,
            0.0,
            0.0,
            0.0
        ],
        [
            -0.00015538475853463604,
            -0.0010926399882113635,
            0.0011123162815161992,
            -0.00018758375032712688,
            -5.492558224587051e-06,
            -0.010390545766477246,
            -0.011963534642858679,
            0.04497871504184807,
            -0.019623843404805393,
            7.797748445548796e-05,
            -0.10176956874255945,
            -0.03660709558531061,
            0.34767149235798295,
            -0.13520075642057755,
            -0.06018124033005601,
            0.0,
            0.0,
            1.0000000000000004,
            0.0,
            0.0
        ],
        [
            -0.012542913448387134,
            -0.08819969816619426,
            -0.00018758375032712683,
            -0.014027428944401267,
            -0.0004433683397967617,
            -0.1500126186262773,
            -0.17272251141913536,
            -0.01962384340480539,
            -0.2369796157496922,
            0.0011257932836210849,
            -0.44250529984498377,
            -0.15917168568738965,
            -0.1352007564205776,
            -0.20910215350739292,
            -0.2616746648957522,
            0.0,
            0.0,
            0.0,
            1.0000000000000004,
            0.0
        ],
        [
            -0.0003672635945335376,
            -0.002582537009330543,
            -5.492558224587049e-06,
            -0.0004433683397967617,
            0.0011016580405120953,
            0.0005960915196761663,
            0.00068633175833437,
            7.797748445548719e-05,
            0.0011257932836210743,
            0.046333476854844916,
            -0.1969701834688944,
            -0.07085130086324705,
            -0.06018124033005605,
            -0.26167466489575225,
            0.26228769222649606,
            0.0,
            0.0,
            0.0,
            0.0,
            1.0000000000000004
        ]
    ],
    "h": [
        [
            -0.27302938434143376,
            -0.4708390939583189,
            0.031229011540265438,
            -0.2902714012343267,
            -0.022259014137304103,
            -0.580740901402425,
            -0.4643641095813086,
            0.0011243707672995013,
            0.023933956969889536,
            0.021105280941500285,
            -0.23081059981823943,
            -0.30686302535141885,
            -0.02105488313323172,
            0.28195279164030285,
            -0.07444034795712963,
            -0.008415497928599129,
            -0.1320892030773645,
            0.002813605040783766,
            0.05874580748389055,
            0.002093431820082753
        ],
        [
            -0.4708390939583189,
            -0.3151358535345732,
            0.026359754493468043,
            -0.24557757031790042,
            -0.015861189166628216,
            -0.5368649282934879,
            -0.368774322216874,
            -0.012537451967318248,
            0.12363995905813166,
            0.06278141644713378,
            -0.315067703788835,
            -0.3068900372173191,
            -0.022986243887459346,
            0.16493284884483242,
            -0.0847094779442033,
            -0.12703078344189878,
            -0.1927581396147937,
            0.014620364931504218,
            0.10190738425064935,
            0.02396024021998771
        ],
        [
            0.031229011540265438,
            0.026359754493468043,
            1.4788142128660329,
            0.02943152442238562,
            0.0021401039446503883,
            0.008106051293065589,
            0.02494208708911256,
            0.3920530378117486,
            0.10301590197999519,
            0.007115807894898544,
            0.02234898612791282,
            0.019175268598877054,
            -0.04217232135286904,
            -0.022772898628763742,
            0.0079969902866904,
            0.002437830210027912,
            0.009658973972455406,
            -0.004095895862428268,
            -0.002450070230099891,
            -0.0004092876903293932
        ],
        [
            -0.2902714012343267,
            -0.24557757031790042,
            0.02943152442238562,
            1.2012864419397593,
            -0.020884654865898387,
            -0.0710034892247009,
            -0.2350602747401418,
            0.10440016861630985,
            -0.6028606922251237,
            -0.06819286248263617,
            -0.2269755568788676,
            -0.18538741007403853,
            -0.02133337579623644,
            0.1710074292691558,
            -0.07868839767658173,
            -0.05939232394318611,
            -0.11578606540553346,
            0.004889936534240151,
            0.07773368602904251,
            0.007339765009100833
        ],
        [
            -0.022259014137304103,
            -0.015861189166628216,
            0.0021401039446503883,
            -0.020884654865898387,
            1.4786092566574027,
            0.006738004650259241,
            -0.011114567855298078,
            0.009824258626016035,
            -0.09264975199287868,
            0.3909594417843215,
            0.012418224524449267,
            -0.008516503162423479,
            0.0002860895094069088,
            0.001414484481538636,
            -0.04385645050578563,
            0.003303331048285351,
            -0.000931629192831583,
            -0.0002671201815257515,
            0.00015390291199175927,
            -0.0044348400736737474
        ],
        [
            -0.580740901402425,
            -0.5368649282934879,
            0.008106051293065589,
            -0.0710034892247009,
            0.006738004650259241,
            -0.4238200469893638,
            -0.591255983084762,
            -0.010911520856489443,
            0.09197009288716133,
            0.10918700932136804,
            -0.4858134402658869,
            -0.49316004915377487,
            -0.017237747238061457,
            0.07072511716350671,
            -0.0448627772574845,
            -0.22041092996269446,
            -0.316451887804809,
            0.0272704401293536,
            0.20508099039437022,
            0.03649396397853545
        ],
        [
            -0.4643641095813086,
            -0.368774322216874,
            0.02494208708911256,
            -0.2350602747401418,
            -0.011114567855298078,
            -0.591255983084762,
            -0.4359278355651457,
            -0.007634658772382291,
            0.03369967031994017,
            0.09496012761292064,
            -0.4832106543127279,
            -0.40890331772901134,
            -0.03951995341575609,
            0.10897888235612446,
            -0.12087081461569213,
            -0.2948574534581264,
            -0.3071980746772949,
            0.031047832340276423,
            0.1549063679498302,
            0.05569831151256366
        ],
        [
            0.0011243707672995013,
            -0.012537451967318248,
            0.3920530378117486,
            0.10440016861630985,
            0.009824258626016035,
            -0.010911520856489443,
            -0.007634658772382291,
            1.4074731298835663,
            0.043221605120409345,
            -0.0048270697907901935,
            -0.003894528983060294,
            0.0013139067940848362,
            0.28013174050897943,
            0.08074062534022204,
            -0.03542307700782812,
            0.0034987131949319426,
            0.007611106824744189,
            -0.04343296269257867,
            -0.005829288001626437,
            -0.0018467198568049175
        ],
        [
            0.023933956969889536,
            0.12363995905813166,
            0.10301590197999519,
            -0.6028606922251237,
            -0.09264975199287868,
            0.09197009288716133,
            0.03369967031994017,
            0.043221605120409345,
            0.9127038061624062,
            0.05734398748202206,
            -0.06296613872169765,
            -0.09678164025510666,
            0.06221386731781074,
            -0.6339955229467407,
            0.3427061847198375,
            -0.27108606537851476,
            -0.1607590802020055,
            0.03255995085386981,
            0.13060297960934963,
            0.055344059479507136
        ],
        [
            0.021105280941500285,
            0.06278141644713378,
            0.007115807894898544,
            -0.06819286248263617,
            0.3909594417843215,
            0.10918700932136804,
            0.09496012761292064,
            -0.0048270697907901935,
            0.05734398748202206,
            1.3719582865745492,
            0.02356467294600839,
            0.08562264177800051,
            -0.03053245940545167,
            0.3586444853867481,
            0.12937575749132568,
            0.05105928212688025,
            0.06887954082747584,
            -0.009003789168551431,
            -0.05216798390153253,
            -0.05711025256445418
        ],
        [
            -0.23081059981823943,
            -0.315067703788835,
            0.02234898612791282,
            -0.2269755568788676,
            0.012418224524449267,
            -0.4858134402658869,
            -0.4832106543127279,
            -0.003894528983060294,
            -0.06296613872169765,
            0.02356467294600839,
            -0.36505561477752235,
            -0.5624247846579186,
            -0.06177186919405325,
            -0.023273311992936613,
            -0.16919662432168997,
            -0.5267092228295722,
            -0.5060977358560736,
            0.014687153999625058,
            0.08907829183525351,
            0.021778964934721423
        ],
        [
            -0.30686302535141885,
            -0.3068900372173191,
            0.019175268598877054,
            -0.18538741007403853,
            -0.008516503162423479,
            -0.49316004915377487,
            -0.40890331772901134,
            0.0013139067940848362,
            -0.09678164025510666,
            0.08562264177800051,
            -0.5624247846579186,
            -0.4258453616917022,
            -0.05461172200970487,
            0.0034945544398059525,
            -0.14998580262772487,
            -0.4370330523224071,
            -0.36756302205525593,
            0.038765082811754455,
            0.19121460641256544,
            0.06905602462948147
        ],
        [
            -0.02105488313323172,
            -0.022986243887459346,
            -0.04217232135286904,
            -0.02133337579623644,
            0.0002860895094069088,
            -0.017237747238061457,
            -0.03951995341575609,
            0.28013174050897943,
            0.06221386731781074,
            -0.03053245940545167,
            -0.06177186919405325,
            -0.05461172200970487,
            1.4114913576923016,
            -0.02192802787102234,
            -0.025347569334030273,
            -0.01480442799906398,
            -0.045907334174114384,
            0.22847476002632078,
            -0.16528027837068765,
            -0.07676466903501382
        ],
        [
            0.28195279164030285,
            0.16493284884483242,
            -0.022772898628763742,
            0.1710074292691558,
            0.001414484481538636,
            0.07072511716350671,
            0.10897888235612446,
            0.08074062534022204,
            -0.6339955229467407,
            0.3586444853867481,
            -0.023273311992936613,
            0.0034945544398059525,
            -0.02192802787102234,
            1.0239811674613801,
            0.007508199302329129,
            -0.04629970993439314,
            -0.08497749147314354,
            -0.17578185095349763,
            -0.5142479744927131,
            -0.33833798119294173
        ],
        [
            -0.07444034795712963,
            -0.0847094779442033,
            0.0079969902866904,
            -0.07868839767658173,
            -0.04385645050578563,
            -0.0448627772574845,
            -0.12087081461569213,
            -0.03542307700782812,
            0.3427061847198375,
            0.12937575749132568,
            -0.16919662432168997,
            -0.14998580262772487,
            -0.025347569334030273,
            0.007508199302329129,
            1.3504505357585006,
            -0.038671791487574714,
            -0.11393212076470402,
            -0.07399866543629421,
            -0.30615381515946805,
            0.12088645006135434
        ],
        [
            -0.008415497928599129,
            -0.12703078344189878,
            0.002437830210027912,
            -0.05939232394318611,
            0.003303331048285351,
            -0.22041092996269446,
            -0.2948574534581264,
            0.0034987131949319426,
            -0.27108606537851476,
            0.05105928212688025,
            -0.5267092228295722,
            -0.4370330523224071,
            -0.01480442799906398,
            -0.04629970993439314,
            -0.038671791487574714,
            -0.21762006945068335,
            -0.44695409767130956,
            0.0485342037788445,
            0.21827276196246476,
            0.090366426407077
        ],
        [
            -0.1320892030773645,
            -0.1927581396147937,
            0.009658973972455406,
            -0.11578606540553346,
            -0.000931629192831583,
            -0.316451887804809,
            -0.3071980746772949,
            0.007611106824744189,
            -0.1607590802020055,
            0.06887954082747584,
            -0.5060977358560736,
            -0.36756302205525593,
            -0.045907334174114384,
            -0.08497749147314354,
            -0.11393212076470402,
            -0.44695409767130956,
            -0.31250498436072616,
            0.04327142827686045,
            0.20098080702082327,
            0.0793040215981623
        ],
        [
            0.002813605040783766,
            0.014620364931504218,
            -0.004095895862428268,
            0.004889936534240151,
            -0.0002671201815257515,
            0.0272704401293536,
            0.031047832340276423,
            -0.04343296269257867,
            0.03255995085386981,
            -0.009003789168551431,
            0.014687153999625058,
            0.038765082811754455,
            0.22847476002632078,
            -0.17578185095349763,
            -0.07399866543629421,
            0.0485342037788445,
            0.04327142827686045,
            1.4835186656573327,
            -0.040837188067127356,
            -0.017551000233798436
        ],
        [
            0.05874580748389055,
            0.10190738425064935,
            -0.002450070230099891,
            0.07773368602904251,
            0.00015390291199175927,
            0.20508099039437022,
            0.1549063679498302,
            -0.005829288001626437,
            0.13060297960934963,
            -0.05216798390153253,
            0.08907829183525351,
            0.19121460641256544,
            -0.16528027837068765,
            -0.5142479744927131,
            -0.30615381515946805,
            0.21827276196246476,
            0.20098080702082327,
            -0.040837188067127356,
            1.30227838628326,
            -0.07566429607141839
        ],
        [
            0.002093431820082753,
            0.02396024021998771,
            -0.0004092876903293932,
            0.007339765009100833,
            -0.0044348400736737474,
            0.03649396397853545,
            0.05569831151256366,
            -0.0018467198568049175,
            0.055344059479507136,
            -0.05711025256445418,
            0.021778964934721423,
            0.06905602462948147,
            -0.07676466903501382,
            -0.33833798119294173,
            0.12088645006135434,
            0.090366426407077,
            0.0793040215981623,
            -0.017551000233798436,
            -0.07566429607141839,
            1.4587803371408017
        ]
    ]
}