{
    "HF": -2.1084657450214834,
    "coordinates": [
        [
            0.644432,
            -0.11508,
            0.144363
        ],
        [
            1.473705,
            -0.025579,
            -0.17635
        ],
        [
            2.132175,
            0.039277,
            -0.070116
        ],
        [
            2.910943,
            0.053469,
            0.045544
        ]
    ],
    "elements": [
        "H",
        "H",
        "H",
        "H"
    ],
    "Enn": 3.000024909328875,
    "S": [
        [
            0.9999999999999999,
            0.6848602514927513,
            0.0,
            0.0,
            0.0,
            0.4510250911595216,
            0.5180432727707185,
            0.17296474571550213,
            -0.4472378530765251,
            -0.04826906831429707,
            0.12205126211688268,
            0.3085375450105285,
            0.02285507084580145,
            -0.1585352023524223,
            -0.016448417656485602,
            0.011207280513486252,
            0.11273270495526044,
            0.0005764914523410402,
            -0.013222398710136148,
            -0.0009832831520317957
        ],
        [
            0.6848602514927513,
            1.0000000000000002,
            0.0,
            0.0,
            0.0,
            0.5180432727707185,
            0.840335139117421,
            0.06478673201091956,
            -0.16752014297796222,
            -0.01807995716328715,
            0.3085375450105285,
            0.6081326803270394,
            0.02490072682260117,
            -0.17272498484810694,
            -0.01792064253449639,
            0.11273270495526046,
            0.32389059425481415,
            0.003900313300383374,
            -0.08945752333827729,
            -0.006652505150490473
        ],
        [
            0.0,
            0.0,
            1.0000000000000004,
            0.0,
            0.0,
            -0.17296474571550208,
            -0.06478673201091946,
            0.25995348973798,
            0.2448824084918087,
            0.026429439331107342,
            -0.022855070845801444,
            -0.02490072682260115,
            0.045457762895649206,
            0.04276489583648464,
            0.004436963256847628,
            -0.0005764914523410404,
            -0.0039003133003833747,
            0.0011784290347720886,
            0.0007030498027588102,
            5.228227050528089e-05
        ],
        [
            0.0,
            0.0,
            0.0,
            1.0000000000000004,
            0.0,
            0.4472378530765251,
            0.1675201429779622,
            0.24488240849180892,
            -0.2785372631300316,
            -0.06833904594583129,
            0.15853520235242227,
            0.17272498484810686,
            0.04276489583648466,
            -0.2450176556618698,
            -0.0307771904318477,
            0.013222398710136148,
            0.08945752333827725,
            0.0007030498027588099,
            -0.01491605727334662,
            -0.0011991453182606047
        ],
        [
            0.0,
            0.0,
            0.0,
            0.0,
            1.0000000000000004,
            0.048269068314297066,
            0.01807995716328711,
            0.026429439331107345,
            -0.06833904594583123,
            0.34728366800669924,
            0.016448417656485595,
            0.017920642534496375,
            0.004436963256847628,
            -0.030777190431847685,
            0.04842971256076251,
            0.0009832831520317957,
            0.006652505150490466,
            5.228227050528087e-05,
            -0.0011991453182606047,
            0.00111990733962537
        ],
        [
            0.4510250911595216,
            0.5180432727707185,
            -0.17296474571550213,
            0.4472378530765251,
            0.04826906831429707,
            0.9999999999999999,
            0.6848602514927513,
            0.0,
            0.0,
            0.0,
            0.6274967478174824,
            0.5853399549548559,
            -0.0869847749134811,
            -0.5391575647841551,
            -0.05310432217358595,
            0.14017869221616755,
            0.3264791251459259,
            -0.02799931714088541,
            -0.1813554335355253,
            -0.009974537487956906
        ],
        [
            0.5180432727707185,
            0.840335139117421,
            -0.06478673201091956,
            0.1675201429779624,
            0.01807995716328716,
            0.6848602514927513,
            1.0000000000000002,
            0.0,
            0.0,
            0.0,
            0.5853399549548559,
            0.9068083358928543,
            -0.02444875810153098,
            -0.15154069080628713,
            -0.014925999731092607,
            0.3264791251459259,
            0.6299857174073695,
            -0.027367243433315168,
            -0.17726140507454488,
            -0.009749366178971479
        ],
        [
            0.17296474571550208,
            0.06478673201091946,
            0.25995348973798,
            0.24488240849180884,
            0.02642943933110735,
            0.0,
            0.0,
            1.0000000000000004,
            0.0,
            0.0,
            0.0869847749134811,
            0.024448758101530972,
            0.5419004027380393,
            -0.10138316912990318,
            -0.00998573483543517,
            0.02799931714088541,
            0.02736724343331515,
            0.05556622755255795,
            -0.05274906524963934,
            -0.0029011952855779563
        ],
        [
            -0.4472378530765251,
            -0.1675201429779622,
            0.24488240849180878,
            -0.2785372631300316,
            -0.06833904594583126,
            0.0,
            0.0,
            0.0,
            1.0000000000000004,
            0.0,
            0.5391575647841547,
            0.1515406908062871,
            -0.1013831691299031,
            -0.07014608756008017,
            -0.06189456122417488,
            0.18135543353552544,
            0.17726140507454463,
            -0.052749065249639356,
            -0.27795284826032446,
            -0.018791441453367336
        ],
        [
            -0.048269068314297066,
            -0.01807995716328712,
            0.02642943933110734,
            -0.06833904594583126,
            0.34728366800669924,
            0.0,
            0.0,
            0.0,
            0.0,
            1.0000000000000004,
            0.05310432217358595,
            0.014925999731092604,
            -0.00998573483543517,
            -0.06189456122417493,
            0.5521607121319235,
            0.00997453748795691,
            0.009749366178971475,
            -0.002901195285577957,
            -0.018791441453367336,
            0.06267658451535583
        ],
        [
            0.12205126211688268,
            0.3085375450105285,
            -0.02285507084580145,
            0.1585352023524223,
            0.016448417656485602,
            0.6274967478174824,
            0.5853399549548559,
            0.0869847749134811,
            0.5391575647841547,
            0.05310432217358595,
            0.9999999999999999,
            0.6848602514927513,
            0.0,
            0.0,
            0.0,
            0.5327843336830993,
            0.5513845511558345,
            -0.0770226498065379,
            -0.5186129599216492,
            -0.009451024088313907
        ],
        [
            0.3085375450105285,
            0.6081326803270394,
            -0.02490072682260117,
            0.17272498484810694,
            0.01792064253449638,
            0.5853399549548559,
            0.9068083358928543,
            0.02444875810153098,
            0.15154069080628713,
            0.014925999731092607,
            0.6848602514927513,
            1.0000000000000002,
            0.0,
            0.0,
            0.0,
            0.5513845511558345,
            0.8736544393811383,
            -0.024973171862887222,
            -0.16815067530102842,
            -0.0030643200335301393
        ],
        [
            0.022855070845801444,
            0.02490072682260115,
            0.045457762895649206,
            0.04276489583648464,
            0.004436963256847628,
            -0.08698477491348108,
            -0.024448758101530948,
            0.5419004027380392,
            -0.10138316912990313,
            -0.009985734835435172,
            0.0,
            0.0,
            1.0000000000000004,
            0.0,
            0.0,
            0.07702264980653792,
            0.02497317186288723,
            0.43160977676409346,
            -0.10456002304332238,
            -0.001905465873059542
        ],
        [
            -0.15853520235242227,
            -0.17272498484810686,
            0.04276489583648466,
            -0.2450176556618698,
            -0.0307771904318477,
            -0.5391575647841547,
            -0.1515406908062871,
            -0.10138316912990315,
            -0.07014608756008017,
            -0.06189456122417493,
            0.0,
            0.0,
            0.0,
            1.0000000000000004,
            0.0,
            0.5186129599216492,
            0.16815067530102842,
            -0.1045600230433225,
            -0.2568903717200621,
            -0.012829983114567133
        ],
        [
            -0.016448417656485595,
            -0.017920642534496368,
            0.004436963256847628,
            -0.030777190431847685,
            0.04842971256076251,
            -0.05310432217358595,
            -0.014925999731092604,
            -0.009985734835435169,
            -0.06189456122417488,
            0.5521607121319235,
            0.0,
            0.0,
            0.0,
            0.0,
            1.0000000000000004,
            0.009451024088313905,
            0.003064320033530139,
            -0.00190546587305954,
            -0.012829983114567104,
            0.44690486996878176
        ],
        [
            0.011207280513486252,
            0.11273270495526044,
            -0.0005764914523410403,
            0.013222398710136148,
            0.0009832831520317957,
            0.14017869221616755,
            0.3264791251459259,
            0.02799931714088541,
            0.18135543353552538,
            0.009974537487956906,
            0.5327843336830993,
            0.5513845511558345,
            0.0770226498065379,
            0.5186129599216492,
            0.009451024088313907,
            0.9999999999999999,
            0.6848602514927513,
            0.0,
            0.0,
            0.0
        ],
        [
            0.11273270495526046,
            0.32389059425481415,
            -0.003900313300383376,
            0.08945752333827735,
            0.006652505150490473,
            0.3264791251459259,
            0.6299857174073695,
            0.02736724343331516,
            0.1772614050745447,
            0.009749366178971479,
            0.5513845511558345,
            0.8736544393811383,
            0.024973171862887222,
            0.16815067530102842,
            0.0030643200335301393,
            0.6848602514927513,
            1.0000000000000002,
            0.0,
            0.0,
            0.0
        ],
        [
            0.0005764914523410402,
            0.0039003133003833747,
            0.0011784290347720886,
            0.0007030498027588104,
            5.22822705052809e-05,
            -0.02799931714088541,
            -0.027367243433315154,
            0.05556622755255795,
            -0.052749065249639356,
            -0.0029011952855779563,
            -0.07702264980653792,
            -0.024973171862887226,
            0.43160977676409346,
            -0.1045600230433225,
            -0.00190546587305954,
            0.0,
            0.0,
            1.0000000000000004,
            0.0,
            0.0
        ],
        [
            -0.013222398710136148,
            -0.08945752333827725,
            0.0007030498027588098,
            -0.01491605727334662,
            -0.0011991453182606047,
            -0.18135543353552538,
            -0.17726140507454483,
            -0.05274906524963934,
            -0.27795284826032446,
            -0.018791441453367332,
            -0.5186129599216491,
            -0.16815067530102842,
            -0.10456002304332238,
            -0.25689037172006196,
            -0.012829983114567104,
            0.0,
            0.0,
            0.0,
            1.0000000000000004,
            0.0
        ],
        [
            -0.0009832831520317957,
            -0.006652505150490466,
            5.2282270505280866e-05,
            -0.0011991453182606047,
            0.00111990733962537,
            -0.00997453748795691,
            -0.009749366178971475,
            -0.002901195285577957,
            -0.018791441453367343,
            0.06267658451535583,
            -0.009451024088313907,
            -0.003064320033530139,
            -0.001905465873059542,
            -0.012829983114567133,
            0.44690486996878176,
            0.0,
            0.0,
            0.0,
            0.0,
            1.0000000000000004
        ]
    ],
    "h": [
        [
            -0.19810703206143265,
            -0.4340794216310194,
            0.07860583204440778,
            -0.2086395608606832,
            -0.022756044403461104,
            -0.508594535671713,
            -0.4175050536887909,
            -0.029297968098451144,
            0.05285730960692092,
            0.004734430709914611,
            -0.24996283022833032,
            -0.2962494929578314,
            0.004752413479953983,
            0.3084182933694891,
            0.02911000935042738,
            -0.0034507132257330236,
            -0.12176201286527805,
            0.0038378876656751494,
            0.06517725769197474,
            0.004110102858400069
        ],
        [
            -0.4340794216310194,
            -0.3036555075445624,
            0.07215861108674881,
            -0.19702795800278608,
            -0.021445874675561666,
            -0.5136933090860669,
            -0.36150561048682217,
            -0.08125177089441375,
            0.06056922335659459,
            0.007203827328670816,
            -0.35333163295688974,
            -0.310905046393099,
            0.0179373579920825,
            0.20882155836692137,
            0.02268827058651777,
            -0.12679313730967554,
            -0.1888874173713435,
            0.014856825675966018,
            0.1219865762039507,
            0.0047510864697890755
        ],
        [
            0.07860583204440778,
            0.07215861108674881,
            1.4721037212484902,
            0.06891693335256473,
            0.0074598868179098915,
            0.03009701496954781,
            0.06469454269902325,
            0.12001089704460183,
            0.3118248307370822,
            0.03368213667024263,
            0.06030256170156275,
            0.056540662228450486,
            -0.049457993172407205,
            -0.06989311344071861,
            -0.006896708313404075,
            0.007030051680614618,
            0.02741863847006743,
            -0.0048738289758816404,
            -0.011912670236610386,
            -0.0006577471033351479
        ],
        [
            -0.2086395608606832,
            -0.19702795800278608,
            0.06891693335256473,
            1.3081572611576902,
            -0.020536527953157538,
            -0.1072723257951218,
            -0.1889854603032019,
            0.2882798659686279,
            -0.5911409803073358,
            -0.08876858034825691,
            -0.237661370439894,
            -0.16333146167748008,
            0.013819293820288722,
            0.15599714371368756,
            0.020375221946627012,
            -0.0625451696556486,
            -0.10581114435770154,
            0.003280810514801297,
            0.08617113130674407,
            0.0053761678388921175
        ],
        [
            -0.022756044403461104,
            -0.021445874675561666,
            0.0074598868179098915,
            -0.020536527953157538,
            1.4960274528048465,
            -0.01157910567201792,
            -0.02044109513460389,
            0.03113140283895499,
            -0.08878343591923198,
            0.22542587929038355,
            -0.025016034719776634,
            -0.017586470662261256,
            0.00147385501371589,
            0.02183395296151093,
            -0.04336374505965855,
            -0.00561869805659336,
            -0.010759332808515057,
            0.00035967594248622616,
            0.007856446497221625,
            -0.0034577949957372025
        ],
        [
            -0.508594535671713,
            -0.5136933090860669,
            0.03009701496954781,
            -0.1072723257951218,
            -0.01157910567201792,
            -0.4572053173071806,
            -0.6070540552017761,
            -0.11935285218421139,
            -0.1007876812015477,
            -0.007826235990078544,
            -0.6080232911936772,
            -0.5519113172988607,
            -0.013712638210427341,
            0.02532768036553601,
            0.007127540699616394,
            -0.2896489450732279,
            -0.3694450012234848,
            0.041647585012221586,
            0.27953018718995126,
            0.01044489560268846
        ],
        [
            -0.4175050536887909,
            -0.36150561048682217,
            0.06469454269902325,
            -0.1889854603032019,
            -0.02044109513460389,
            -0.6070540552017761,
            -0.4408734654937543,
            -0.10071314400498159,
            -0.0766284815579239,
            -0.0050440591799862855,
            -0.5638916677270764,
            -0.42650992115002784,
            0.012264702245926622,
            0.148341331692267,
            0.02407639030645338,
            -0.3255762489886601,
            -0.3211731697966651,
            0.030843620793014156,
            0.20304567051736105,
            0.005138879172160157
        ],
        [
            -0.029297968098451144,
            -0.08125177089441375,
            0.12001089704460183,
            0.2882798659686279,
            0.03113140283895499,
            -0.11935285218421139,
            -0.10071314400498159,
            1.3588481459056905,
            0.01683357447660469,
            0.0023627627966710083,
            -0.02969102256204209,
            -0.07840045813152002,
            0.4886862438341377,
            -0.12711004590660407,
            -0.011722518019760736,
            -0.04075935010912851,
            -0.046299678591762386,
            -0.04313474197178993,
            0.03574444833985661,
            0.000885286610810377
        ],
        [
            0.05285730960692092,
            0.06056922335659459,
            0.3118248307370822,
            -0.5911409803073358,
            -0.08878343591923198,
            -0.1007876812015477,
            -0.0766284815579239,
            0.01683357447660469,
            0.8560133108246626,
            -0.052314189616591227,
            -0.05725670242114944,
            -0.17544702983916086,
            -0.159918244899961,
            -0.583875366859044,
            -0.09960774126286007,
            -0.3397454589805745,
            -0.22262544380740676,
            0.033632891277982,
            0.16597757835078886,
            0.0039046008069069174
        ],
        [
            0.004734430709914611,
            0.007203827328670816,
            0.03368213667024263,
            -0.08876858034825691,
            0.22542587929038355,
            -0.007826235990078544,
            -0.0050440591799862855,
            0.0023627627966710083,
            -0.052314189616591227,
            1.3871136865057028,
            -0.0019550746801138136,
            -0.014208312125304125,
            -0.015463451661340936,
            -0.10640422292724655,
            0.504738204620188,
            -0.026835098661352145,
            -0.019303107730084725,
            0.0030864484616695415,
            0.019696578588972384,
            -0.04799137004879914
        ],
        [
            -0.24996283022833032,
            -0.35333163295688974,
            0.06030256170156275,
            -0.237661370439894,
            -0.025016034719776634,
            -0.6080232911936772,
            -0.5638916677270764,
            -0.02969102256204209,
            -0.05725670242114944,
            -0.0019550746801138136,
            -0.5162205780027114,
            -0.6332221408742983,
            0.007865000047026293,
            0.03139943548285974,
            0.023524571366658156,
            -0.5746282635030668,
            -0.5517232692432112,
            0.01770884549400456,
            0.10556295169032937,
            0.004107735735269919
        ],
        [
            -0.2962494929578314,
            -0.310905046393099,
            0.056540662228450486,
            -0.16333146167748008,
            -0.017586470662261256,
            -0.5519113172988607,
            -0.42650992115002784,
            -0.07840045813152002,
            -0.17544702983916086,
            -0.014208312125304125,
            -0.6332221408742983,
            -0.44700054583848425,
            0.0030264003299611056,
            0.03586500931541357,
            0.01969410818325007,
            -0.4532766760678564,
            -0.3698611653715862,
            0.03697547149177405,
            0.23749449140539358,
            0.005927521547299025
        ],
        [
            0.004752413479953983,
            0.0179373579920825,
            -0.049457993172407205,
            0.013819293820288722,
            0.00147385501371589,
            -0.013712638210427341,
            0.012264702245926622,
            0.4886862438341377,
            -0.159918244899961,
            -0.015463451661340936,
            0.007865000047026293,
            0.0030264003299611056,
            1.3638594826577426,
            -0.08024124507385656,
            -0.00503583242451945,
            0.004633189744414762,
            -0.009245764055375291,
            0.3370200915112198,
            -0.15173246769900914,
            -0.0029460851484697575
        ],
        [
            0.3084182933694891,
            0.20882155836692137,
            -0.06989311344071861,
            0.15599714371368756,
            0.02183395296151093,
            0.02532768036553601,
            0.148341331692267,
            -0.12711004590660407,
            -0.583875366859044,
            -0.10640422292724655,
            0.03139943548285974,
            0.03586500931541357,
            -0.08024124507385656,
            0.7694172718772996,
            -0.03878044036515092,
            -0.024667198118798472,
            -0.08851555234394398,
            -0.14785048262943237,
            -0.6480057169233522,
            -0.019926167933866017
        ],
        [
            0.02911000935042738,
            0.02268827058651777,
            -0.006896708313404075,
            0.020375221946627012,
            -0.04336374505965855,
            0.007127540699616394,
            0.02407639030645338,
            -0.011722518019760736,
            -0.09960774126286007,
            0.504738204620188,
            0.023524571366658156,
            0.01969410818325007,
            -0.00503583242451945,
            -0.03878044036515092,
            1.3730638786100222,
            0.0016127894221787242,
            0.00761857626342137,
            -0.00351966665852973,
            -0.024146197476263745,
            0.35878355820891283
        ],
        [
            -0.0034507132257330236,
            -0.12679313730967554,
            0.007030051680614618,
            -0.0625451696556486,
            -0.00561869805659336,
            -0.2896489450732279,
            -0.3255762489886601,
            -0.04075935010912851,
            -0.3397454589805745,
            -0.026835098661352145,
            -0.5746282635030668,
            -0.4532766760678564,
            0.004633189744414762,
            -0.024667198118798472,
            0.0016127894221787242,
            -0.26034287880442086,
            -0.46287262356780656,
            0.043320454190424414,
            0.2757874249771593,
            0.00536399374324832
        ],
        [
            -0.12176201286527805,
            -0.1888874173713435,
            0.02741863847006743,
            -0.10581114435770154,
            -0.010759332808515057,
            -0.3694450012234848,
            -0.3211731697966651,
            -0.046299678591762386,
            -0.22262544380740676,
            -0.019303107730084725,
            -0.5517232692432112,
            -0.3698611653715862,
            -0.009245764055375291,
            -0.08851555234394398,
            0.00761857626342137,
            -0.46287262356780656,
            -0.3138767796280304,
            0.03792255666627637,
            0.24129533951272075,
            0.005171738109030795
        ],
        [
            0.0038378876656751494,
            0.014856825675966018,
            -0.0048738289758816404,
            0.003280810514801297,
            0.00035967594248622616,
            0.041647585012221586,
            0.030843620793014156,
            -0.04313474197178993,
            0.033632891277982,
            0.0030864484616695415,
            0.01770884549400456,
            0.03697547149177405,
            0.3370200915112198,
            -0.14785048262943237,
            -0.00351966665852973,
            0.043320454190424414,
            0.03792255666627637,
            1.4682323180987578,
            -0.041615949371300864,
            -0.0009099372206572379
        ],
        [
            0.06517725769197474,
            0.1219865762039507,
            -0.011912670236610386,
            0.08617113130674407,
            0.007856446497221625,
            0.27953018718995126,
            0.20304567051736105,
            0.03574444833985661,
            0.16597757835078886,
            0.019696578588972384,
            0.10556295169032937,
            0.23749449140539358,
            -0.15173246769900914,
            -0.6480057169233522,
            -0.024146197476263745,
            0.2757874249771593,
            0.24129533951272075,
            -0.041615949371300864,
            1.2009492088325708,
            -0.005920885474304117
        ],
        [
            0.004110102858400069,
            0.0047510864697890755,
            -0.0006577471033351479,
            0.0053761678388921175,
            -0.0034577949957372025,
            0.01044489560268846,
            0.005138879172160157,
            0.000885286610810377,
            0.0039046008069069174,
            -0.04799137004879914,
            0.004107735735269919,
            0.005927521547299025,
            -0.0029460851484697575,
            -0.019926167933866017,
            0.35878355820891283,
            0.00536399374324832,
            0.005171738109030795,
            -0.0009099372206572379,
            -0.005920885474304117,
            1.4744564128656525
        ]
    ]
}