{
    "HF": -2.155705787347503,
    "coordinates": [
        [
            0.830966,
            0.040249,
            0.040188
        ],
        [
            1.560491,
            0.167552,
            -0.12383
        ],
        [
            2.305307,
            -0.096873,
            0.019422
        ],
        [
            2.972708,
            0.170987,
            -0.094206
        ]
    ],
    "elements": [
        "H",
        "H",
        "H",
        "H"
    ],
    "Enn": 3.061408560576866,
    "S": [
        [
            0.9999999999999999,
            0.6848602514927513,
            0.0,
            0.0,
            0.0,
            0.5558481386089786,
            0.5600742902163345,
            0.11524276790982385,
            -0.5125808158824899,
            -0.0894459759491294,
            0.1318279420676126,
            0.3184075022086859,
            0.00243094407277929,
            -0.17259176130239287,
            0.016052003907716543,
            0.017547211283036945,
            0.13663312962544255,
            0.0013558285765169363,
            -0.021606879824445556,
            -0.0013189451644915044
        ],
        [
            0.6848602514927513,
            1.0000000000000002,
            0.0,
            0.0,
            0.0,
            0.5600742902163345,
            0.8822113305397041,
            0.03601068489269731,
            -0.16016958441357032,
            -0.027949787333677048,
            0.3184075022086859,
            0.6202122314512064,
            0.002493498584362249,
            -0.17703299606892112,
            0.01646506370436869,
            0.13663312962544255,
            0.3653572815256947,
            0.0065199060382873895,
            -0.10390312512652145,
            -0.006342541152384909
        ],
        [
            0.0,
            0.0,
            1.0000000000000004,
            0.0,
            0.0,
            -0.11524276790982382,
            -0.0360106848926973,
            0.44078139563442664,
            0.14720760722861453,
            0.02568790654607356,
            -0.0024309440727792887,
            -0.002493498584362246,
            0.05797729199679536,
            0.004613466214294809,
            -0.00042907828937575025,
            -0.0013558285765169363,
            -0.006519906038287392,
            0.002362492606918279,
            0.0018522823336609192,
            0.00011306856182404849
        ],
        [
            0.0,
            0.0,
            0.0,
            1.0000000000000004,
            0.0,
            0.5125808158824897,
            0.16016958441357046,
            0.1472076072286145,
            -0.1808772879299923,
            -0.11425556965104022,
            0.17259176130239276,
            0.17703299606892134,
            0.004613466214294815,
            -0.2695038314388587,
            0.030463628731413523,
            0.021606879824445552,
            0.10390312512652136,
            0.0018522823336609192,
            -0.027039788708053333,
            -0.0018018935944920252
        ],
        [
            0.0,
            0.0,
            0.0,
            0.0,
            1.0000000000000004,
            0.08944597594912937,
            0.027949787333677065,
            0.02568790654607356,
            -0.11425556965104022,
            0.45394012294210834,
            -0.016052003907716533,
            -0.016465063704368683,
            -0.00042907828937575047,
            0.030463628731413506,
            0.05520898367497372,
            0.0013189451644915044,
            0.006342541152384906,
            0.00011306856182404852,
            -0.0018018935944920256,
            0.0023687303644041604
        ],
        [
            0.5558481386089786,
            0.5600742902163345,
            -0.11524276790982385,
            0.51258081588249,
            0.0894459759491294,
            0.9999999999999999,
            0.6848602514927513,
            0.0,
            0.0,
            0.0,
            0.5203129169029288,
            0.5465626592045953,
            -0.09257933416150117,
            -0.4813515298413472,
            0.17088969393554682,
            0.15618121863018358,
            0.34113551033471484,
            -0.004266604205245546,
            -0.2033949159775603,
            -0.0004947267568531711
        ],
        [
            0.5600742902163345,
            0.8822113305397041,
            -0.03601068489269732,
            0.1601695844135705,
            0.02794978733367707,
            0.6848602514927513,
            1.0000000000000002,
            0.0,
            0.0,
            0.0,
            0.5465626592045953,
            0.8688841311920158,
            -0.03064212966179149,
            -0.1593188817341249,
            0.05656148001995935,
            0.34113551033471484,
            0.6475013679647662,
            -0.0038293606920090754,
            -0.18255091373166982,
            -0.00044402693684346623
        ],
        [
            0.11524276790982382,
            0.036010684892697306,
            0.44078139563442664,
            0.14720760722861448,
            0.025687906546073554,
            0.0,
            0.0,
            1.0000000000000004,
            0.0,
            0.0,
            0.09257933416150117,
            0.03064212966179148,
            0.40972836915199756,
            -0.1198821692584841,
            0.04256063592373776,
            0.004266604205245546,
            0.003829360692009075,
            0.07484961611301125,
            -0.008148120782234522,
            -1.9819046851139272e-05
        ],
        [
            -0.5125808158824899,
            -0.1601695844135703,
            0.14720760722861456,
            -0.18087728792999247,
            -0.11425556965104022,
            0.0,
            0.0,
            0.0,
            1.0000000000000004,
            0.0,
            0.4813515298413472,
            0.15931888173412487,
            -0.1198821692584841,
            -0.19052272593126907,
            0.2212872602558754,
            0.2033949159775603,
            0.1825509137316696,
            -0.008148120782234506,
            -0.31341163398568644,
            -0.0009448013396899582
        ],
        [
            -0.0894459759491294,
            -0.027949787333677045,
            0.025687906546073568,
            -0.11425556965104022,
            0.45394012294210834,
            0.0,
            0.0,
            0.0,
            0.0,
            1.0000000000000004,
            -0.1708896939355468,
            -0.056561480019959316,
            0.04256063592373775,
            0.22128726025587536,
            0.3542240254180506,
            0.0004947267568531711,
            0.0004440269368434662,
            -1.9819046851139587e-05,
            -0.0009448013396899748,
            0.0750182407205971
        ],
        [
            0.1318279420676126,
            0.3184075022086859,
            -0.00243094407277929,
            0.17259176130239284,
            -0.016052003907716543,
            0.5203129169029288,
            0.5465626592045953,
            0.09257933416150117,
            0.4813515298413472,
            -0.17088969393554682,
            0.9999999999999999,
            0.6848602514927513,
            0.0,
            0.0,
            0.0,
            0.5803509263341114,
            0.568998301299006,
            0.08431175766401042,
            -0.4952102595902258,
            -0.19875160530751068
        ],
        [
            0.3184075022086859,
            0.6202122314512064,
            -0.002493498584362252,
            0.17703299606892123,
            -0.01646506370436869,
            0.5465626592045953,
            0.8688841311920158,
            0.030642129661791483,
            0.1593188817341249,
            -0.05656148001995935,
            0.6848602514927513,
            1.0000000000000002,
            0.0,
            0.0,
            0.0,
            0.568998301299006,
            0.8909464891460352,
            0.025371926383935917,
            -0.14902355969096684,
            -0.059810295008282006
        ],
        [
            0.0024309440727792887,
            0.002493498584362249,
            0.05797729199679536,
            0.004613466214294811,
            -0.0004290782893757504,
            -0.09257933416150117,
            -0.030642129661791473,
            0.40972836915199756,
            -0.1198821692584841,
            0.04256063592373776,
            0.0,
            0.0,
            1.0000000000000004,
            0.0,
            0.0,
            -0.08431175766401039,
            -0.025371926383935903,
            0.48568858565355316,
            0.09893941695968976,
            0.03970912873493226
        ],
        [
            -0.1725917613023928,
            -0.17703299606892134,
            0.004613466214294812,
            -0.2695038314388587,
            0.03046362873141352,
            -0.4813515298413472,
            -0.15931888173412487,
            -0.1198821692584841,
            -0.19052272593126907,
            0.2212872602558754,
            0.0,
            0.0,
            0.0,
            1.0000000000000004,
            0.0,
            0.49521025959022585,
            0.1490235596909668,
            0.09893941695968994,
            -0.078593247000568,
            -0.2332339936179687
        ],
        [
            0.016052003907716533,
            0.01646506370436869,
            -0.0004290782893757503,
            0.03046362873141351,
            0.05520898367497372,
            0.1708896939355468,
            0.05656148001995931,
            0.04256063592373775,
            0.22128726025587536,
            0.3542240254180506,
            0.0,
            0.0,
            0.0,
            0.0,
            1.0000000000000004,
            0.19875160530751074,
            0.05981029500828205,
            0.03970912873493227,
            -0.23323399361796837,
            0.4089254860174821
        ],
        [
            0.017547211283036945,
            0.13663312962544255,
            -0.0013558285765169363,
            0.02160687982444556,
            0.0013189451644915044,
            0.15618121863018358,
            0.34113551033471484,
            0.004266604205245546,
            0.2033949159775603,
            0.0004947267568531711,
            0.5803509263341114,
            0.568998301299006,
            -0.08431175766401042,
            0.4952102595902258,
            0.19875160530751068,
            0.9999999999999999,
            0.6848602514927513,
            0.0,
            0.0,
            0.0
        ],
        [
            0.13663312962544255,
            0.3653572815256947,
            -0.006519906038287392,
            0.1039031251265214,
            0.006342541152384909,
            0.34113551033471484,
            0.6475013679647662,
            0.0038293606920090754,
            0.18255091373166962,
            0.00044402693684346623,
            0.568998301299006,
            0.8909464891460352,
            -0.025371926383935924,
            0.14902355969096684,
            0.05981029500828203,
            0.6848602514927513,
            1.0000000000000002,
            0.0,
            0.0,
            0.0
        ],
        [
            0.0013558285765169363,
            0.006519906038287392,
            0.002362492606918279,
            0.0018522823336609192,
            0.00011306856182404852,
            -0.004266604205245546,
            -0.003829360692009075,
            0.07484961611301125,
            -0.008148120782234508,
            -1.981904685113959e-05,
            0.08431175766401039,
            0.02537192638393591,
            0.48568858565355316,
            0.0989394169596899,
            0.03970912873493226,
            0.0,
            0.0,
            1.0000000000000004,
            0.0,
            0.0
        ],
        [
            -0.021606879824445556,
            -0.1039031251265214,
            0.0018522823336609192,
            -0.027039788708053333,
            -0.0018018935944920256,
            -0.2033949159775603,
            -0.18255091373166982,
            -0.00814812078223452,
            -0.31341163398568644,
            -0.0009448013396899748,
            -0.49521025959022585,
            -0.1490235596909668,
            0.09893941695968979,
            -0.078593247000568,
            -0.23323399361796837,
            0.0,
            0.0,
            0.0,
            1.0000000000000004,
            0.0
        ],
        [
            -0.0013189451644915042,
            -0.006342541152384906,
            0.00011306856182404849,
            -0.0018018935944920252,
            0.0023687303644041604,
            -0.0004947267568531711,
            -0.0004440269368434662,
            -1.981904685113927e-05,
            -0.0009448013396899582,
            0.0750182407205971,
            -0.19875160530751074,
            -0.059810295008282034,
            0.03970912873493227,
            -0.2332339936179687,
            0.4089254860174821,
            0.0,
            0.0,
            0.0,
            0.0,
            1.0000000000000004
        ]
    ],
    "h": [
        [
            -0.27461892817500777,
            -0.4725307311069977,
            0.06061530843756024,
            -0.28730918160885305,
            -0.04389579856646019,
            -0.583748313027656,
            -0.4653869610397293,
            -0.016219448003595566,
            0.02127471577301987,
            0.02183423521740066,
            -0.252475563605992,
            -0.3196797558688841,
            0.02140506134877071,
            0.30657819156028776,
            -0.055364196510348185,
            -0.028522689259250472,
            -0.16048400337602425,
            -0.0031718175730254265,
            0.08835989573289382,
            0.005315110610351579
        ],
        [
            -0.4725307311069977,
            -0.3169788228687249,
            0.048941908501264605,
            -0.2441122495287017,
            -0.034106492552293415,
            -0.542726862004747,
            -0.37122726325383004,
            -0.06508055318873024,
            0.10693238450356818,
            0.07122427345251567,
            -0.3407212201747757,
            -0.31645451629312293,
            0.03546402040200847,
            0.17418629120133028,
            -0.07416625892576985,
            -0.16165834046101785,
            -0.21677370235223908,
            -0.011937493727895217,
            0.1330731839997753,
            0.028852396935866317
        ],
        [
            0.06061530843756024,
            0.048941908501264605,
            1.4749111126144672,
            0.05568017823911953,
            0.009651392698633982,
            0.006197808309893665,
            0.04346030728989371,
            0.3604834272557488,
            0.2099095124559892,
            0.03440385306073236,
            0.0263975916890689,
            0.034972112444125805,
            -0.04914711355919736,
            -0.03768436207978606,
            0.009243510353239037,
            0.005380820169905763,
            0.01855255222051938,
            -0.007227568426376298,
            -0.010506260896465312,
            -0.0006442198764196875
        ],
        [
            -0.28730918160885305,
            -0.2441122495287017,
            0.05568017823911953,
            1.215675805355218,
            -0.04011304807048004,
            -0.07641527279230065,
            -0.2346940019797743,
            0.1906823570854994,
            -0.5552158028568074,
            -0.13505026209097606,
            -0.2412640528800425,
            -0.18903136970566314,
            0.02989202249409759,
            0.13577350680508637,
            -0.059426397694329766,
            -0.08636176643037555,
            -0.13079537170478053,
            -0.007642970496178037,
            0.11698090895906946,
            0.01250907285061979
        ],
        [
            -0.04389579856646019,
            -0.034106492552293415,
            0.009651392698633982,
            -0.04011304807048004,
            1.4796112288237382,
            0.0014460879244313496,
            -0.02848476661577131,
            0.036897760957860765,
            -0.16091568227061584,
            0.377349667702342,
            -0.007430025824018832,
            -0.023381836555444756,
            0.0020601966691681795,
            0.02690398457711579,
            -0.050161836436356064,
            -0.0014469098400977194,
            -0.010629128338689942,
            -0.0001029607293693861,
            0.006811137980947649,
            -0.007613144432656111
        ],
        [
            -0.583748313027656,
            -0.542726862004747,
            0.006197808309893665,
            -0.07641527279230065,
            0.0014460879244313496,
            -0.43743738330682747,
            -0.5987240383599206,
            -0.09695543743694315,
            0.05811400771182902,
            0.11579832357297822,
            -0.5231091358720936,
            -0.5129994353586327,
            0.014601758633885936,
            0.06039179775393988,
            -0.03945932534764929,
            -0.2837104054290503,
            -0.3580194911227223,
            -0.016677399488362707,
            0.25115390663318216,
            0.045526868299310595
        ],
        [
            -0.4653869610397293,
            -0.37122726325383004,
            0.04346030728989371,
            -0.2346940019797743,
            -0.02848476661577131,
            -0.5987240383599206,
            -0.43734701508900753,
            -0.07931704630104931,
            0.006849093062169631,
            0.09640787792379549,
            -0.5172503924833982,
            -0.41672491117614974,
            0.05235200710339099,
            0.10709226432108288,
            -0.11197666604057568,
            -0.34131832429526593,
            -0.32712548833397637,
            -0.02501528469872099,
            0.19772834896289643,
            0.061397015293591053
        ],
        [
            -0.016219448003595566,
            -0.06508055318873024,
            0.3604834272557488,
            0.1906823570854994,
            0.036897760957860765,
            -0.09695543743694315,
            -0.07931704630104931,
            1.3876692735838414,
            0.018390408708160513,
            0.023527263703101924,
            -0.018397452374059126,
            -0.05924492946324262,
            0.30285930844619235,
            -0.14521543717067883,
            0.051976335492108255,
            -0.02772077128692286,
            -0.04040089400002857,
            -0.046346331143433145,
            0.03216385483490723,
            0.008306911125899097
        ],
        [
            0.02127471577301987,
            0.10693238450356818,
            0.2099095124559892,
            -0.5552158028568074,
            -0.16091568227061584,
            0.05811400771182902,
            0.006849093062169631,
            0.018390408708160513,
            0.8755869243848504,
            0.027824431141597192,
            -0.08414070102196769,
            -0.12021884919951009,
            -0.14548663436569492,
            -0.6795955318934702,
            0.2658979952670639,
            -0.3237941232021925,
            -0.18165240826207674,
            -0.030264056947636953,
            0.07546192328136292,
            0.06995522874846495
        ],
        [
            0.02183423521740066,
            0.07122427345251567,
            0.03440385306073236,
            -0.13505026209097606,
            0.377349667702342,
            0.11579832357297822,
            0.09640787792379549,
            0.023527263703101924,
            0.027824431141597192,
            1.3749281504653696,
            0.020753691417397135,
            0.08063647154978834,
            0.054949849818542104,
            0.28871615096349645,
            0.23271200953042048,
            0.04970076732394177,
            0.06376003708627603,
            0.005794529346547151,
            -0.059400997984196735,
            -0.057852969055619985
        ],
        [
            -0.252475563605992,
            -0.3407212201747757,
            0.0263975916890689,
            -0.2412640528800425,
            -0.007430025824018832,
            -0.5231091358720936,
            -0.5172503924833982,
            -0.018397452374059126,
            -0.08414070102196769,
            0.020753691417397135,
            -0.45804707828589164,
            -0.6033407439855472,
            0.08361577902889394,
            -0.06973134019570917,
            -0.17722283276727574,
            -0.611519775769544,
            -0.5565065558109163,
            -0.0020425172312366624,
            0.08429163119432337,
            0.009407291532510131
        ],
        [
            -0.3196797558688841,
            -0.31645451629312293,
            0.034972112444125805,
            -0.18903136970566314,
            -0.023381836555444756,
            -0.5129994353586327,
            -0.41672491117614974,
            -0.05924492946324262,
            -0.12021884919951009,
            0.08063647154978834,
            -0.6033407439855472,
            -0.43335688344545886,
            0.0672282273834913,
            -0.01216588200201077,
            -0.14358332643427424,
            -0.4820328060611919,
            -0.376656473115907,
            -0.03070880945242703,
            0.24213290630152773,
            0.07618042602362216
        ],
        [
            0.02140506134877071,
            0.03546402040200847,
            -0.04914711355919736,
            0.02989202249409759,
            0.0020601966691681795,
            0.014601758633885936,
            0.05235200710339099,
            0.30285930844619235,
            -0.14548663436569492,
            0.054949849818542104,
            0.08361577902889394,
            0.0672282273834913,
            1.3853093521250712,
            0.0038587565689817927,
            0.030193832255242106,
            0.016259280208462873,
            0.0550171844621659,
            0.4206595968799701,
            0.1232605644772681,
            0.05500318271327624
        ],
        [
            0.30657819156028776,
            0.17418629120133028,
            -0.03768436207978606,
            0.13577350680508637,
            0.02690398457711579,
            0.06039179775393988,
            0.10709226432108288,
            -0.14521543717067883,
            -0.6795955318934702,
            0.28871615096349645,
            -0.06973134019570917,
            -0.01216588200201077,
            0.0038587565689817927,
            0.8940513716056633,
            -0.02384322181655591,
            -0.007313740819383963,
            -0.0979060047555449,
            0.14309299327731026,
            -0.43509099335874946,
            -0.3377059773325221
        ],
        [
            -0.055364196510348185,
            -0.07416625892576985,
            0.009243510353239037,
            -0.059426397694329766,
            -0.050161836436356064,
            -0.03945932534764929,
            -0.11197666604057568,
            0.051976335492108255,
            0.2658979952670639,
            0.23271200953042048,
            -0.17722283276727574,
            -0.14358332643427424,
            0.030193832255242106,
            -0.02384322181655591,
            1.3355781778023275,
            -0.029947070524214636,
            -0.11835328431320166,
            0.05629177184199635,
            -0.2983010954464058,
            0.31342144466185606
        ],
        [
            -0.028522689259250472,
            -0.16165834046101785,
            0.005380820169905763,
            -0.08636176643037555,
            -0.0014469098400977194,
            -0.2837104054290503,
            -0.34131832429526593,
            -0.02772077128692286,
            -0.3237941232021925,
            0.04970076732394177,
            -0.611519775769544,
            -0.4820328060611919,
            0.016259280208462873,
            -0.007313740819383963,
            -0.029947070524214636,
            -0.30309743203715445,
            -0.4855284684878285,
            -0.044779875628323154,
            0.29484308126979997,
            0.10876445730648346
        ],
        [
            -0.16048400337602425,
            -0.21677370235223908,
            0.01855255222051938,
            -0.13079537170478053,
            -0.010629128338689942,
            -0.3580194911227223,
            -0.32712548833397637,
            -0.04040089400002857,
            -0.18165240826207674,
            0.06376003708627603,
            -0.5565065558109163,
            -0.376656473115907,
            0.0550171844621659,
            -0.0979060047555449,
            -0.11835328431320166,
            -0.4855284684878285,
            -0.3244407129131699,
            -0.03471432993574118,
            0.24703013111192346,
            0.08515663514596425
        ],
        [
            -0.0031718175730254265,
            -0.011937493727895217,
            -0.007227568426376298,
            -0.007642970496178037,
            -0.0001029607293693861,
            -0.016677399488362707,
            -0.02501528469872099,
            -0.046346331143433145,
            -0.030264056947636953,
            0.005794529346547151,
            -0.0020425172312366624,
            -0.03070880945242703,
            0.4206595968799701,
            0.14309299327731026,
            0.05629177184199635,
            -0.044779875628323154,
            -0.03471432993574118,
            1.4648279684588974,
            0.03926019407892764,
            0.016161841728626457
        ],
        [
            0.08835989573289382,
            0.1330731839997753,
            -0.010506260896465312,
            0.11698090895906946,
            0.006811137980947649,
            0.25115390663318216,
            0.19772834896289643,
            0.03216385483490723,
            0.07546192328136292,
            -0.059400997984196735,
            0.08429163119432337,
            0.24213290630152773,
            0.1232605644772681,
            -0.43509099335874946,
            -0.2983010954464058,
            0.29484308126979997,
            0.24703013111192346,
            0.03926019407892764,
            1.2015184524518852,
            -0.09496794235631498
        ],
        [
            0.005315110610351579,
            0.028852396935866317,
            -0.0006442198764196875,
            0.01250907285061979,
            -0.007613144432656111,
            0.045526868299310595,
            0.061397015293591053,
            0.008306911125899097,
            0.06995522874846495,
            -0.057852969055619985,
            0.009407291532510131,
            0.07618042602362216,
            0.05500318271327624,
            -0.3377059773325221,
            0.31342144466185606,
            0.10876445730648346,
            0.08515663514596425,
            0.016161841728626457,
            -0.09496794235631498,
            1.4334651850865863
        ]
    ]
}