{
    "HF": -2.1578123817804173,
    "coordinates": [
        [
            0.692194,
            0.149668,
            0.133431
        ],
        [
            1.361308,
            -0.153049,
            0.071573
        ],
        [
            2.102921,
            0.087424,
            -0.121469
        ],
        [
            2.869525,
            0.158533,
            0.010992
        ]
    ],
    "elements": [
        "H",
        "H",
        "H",
        "H"
    ],
    "Enn": 3.009034755903443,
    "S": [
        [
            0.9999999999999999,
            0.6848602514927513,
            0.0,
            0.0,
            0.0,
            0.5731302876468276,
            0.5664004225376974,
            0.04517820123873671,
            -0.48868969161072234,
            0.22109039322943927,
            0.14785240619803403,
            0.3336327016141566,
            0.03432999087208217,
            -0.1899970381836009,
            0.008383036295966586,
            0.015741981881267606,
            0.13042903044704215,
            0.0010819540007839766,
            -0.01924037264663201,
            -7.833714924942187e-05
        ],
        [
            0.6848602514927513,
            1.0000000000000002,
            0.0,
            0.0,
            0.0,
            0.5664004225376974,
            0.8884090017413484,
            0.013744932249014142,
            -0.14867804644293142,
            0.06726413165030896,
            0.3336327016141566,
            0.6385712935097465,
            0.03217534336421408,
            -0.17807228567347072,
            0.00785689318306058,
            0.13042903044704215,
            0.3548755094023837,
            0.005651073436368981,
            -0.10049295874911357,
            -0.0004091569353997565
        ],
        [
            0.0,
            0.0,
            1.0000000000000004,
            0.0,
            0.0,
            -0.04517820123873669,
            -0.013744932249014139,
            0.48915655531577856,
            0.05308989479313653,
            -0.024018648066090244,
            -0.03432999087208216,
            -0.03217534336421407,
            0.057412456524733674,
            0.06447398710433357,
            -0.00284471683984367,
            -0.0010819540007839762,
            -0.005651073436368981,
            0.002002881552309613,
            0.0014423546380381539,
            5.872544811151018e-06
        ],
        [
            0.0,
            0.0,
            0.0,
            1.0000000000000004,
            0.0,
            0.4886896916107223,
            0.14867804644293137,
            0.05308989479313656,
            -0.08020538098703356,
            0.2598081684195078,
            0.18999703818360084,
            0.17807228567347044,
            0.06447398710433357,
            -0.28776490254319703,
            0.015743895069918166,
            0.019240372646632004,
            0.10049295874911347,
            0.0014423546380381528,
            -0.023565381826296083,
            -0.00010443138106492415
        ],
        [
            0.0,
            0.0,
            0.0,
            0.0,
            1.0000000000000004,
            -0.2210903932294393,
            -0.06726413165030899,
            -0.024018648066090262,
            0.2598081684195078,
            0.3765235591337613,
            -0.008383036295966586,
            -0.007856893183060579,
            -0.0028447168398436687,
            0.015743895069918155,
            0.0683674154275991,
            7.833714924942187e-05,
            0.0004091569353997564,
            5.872544811151015e-06,
            -0.0001044313810649242,
            0.0020835650475308784
        ],
        [
            0.5731302876468276,
            0.5664004225376974,
            -0.04517820123873669,
            0.4886896916107225,
            -0.22109039322943927,
            0.9999999999999999,
            0.6848602514927513,
            0.0,
            0.0,
            0.0,
            0.5203668961818745,
            0.5465837213453464,
            0.12477345637748591,
            -0.47934448101696225,
            -0.15543066988252904,
            0.11283530988625376,
            0.29876888004811253,
            0.005866630057910893,
            -0.14605488826615923,
            -0.030173426102309185
        ],
        [
            0.5664004225376974,
            0.8884090017413484,
            -0.013744932249014165,
            0.14867804644293142,
            -0.06726413165030896,
            0.6848602514927513,
            1.0000000000000002,
            0.0,
            0.0,
            0.0,
            0.5465837213453464,
            0.8689050027501947,
            0.04129409250943775,
            -0.15864027428332547,
            -0.05144017523659116,
            0.29876888004811253,
            0.5960320625241402,
            0.006795397295083979,
            -0.16917736125517346,
            -0.03495028936460042
        ],
        [
            0.04517820123873669,
            0.013744932249014139,
            0.48915655531577856,
            0.05308989479313656,
            -0.024018648066090255,
            0.0,
            0.0,
            1.0000000000000004,
            0.0,
            0.0,
            -0.12477345637748591,
            -0.04129409250943775,
            0.3909709784141422,
            0.1608778334402324,
            0.05216571883296681,
            -0.005866630057910894,
            -0.0067953972950839815,
            0.04535969938826009,
            0.01086326592311152,
            0.0022442381453431004
        ],
        [
            -0.48868969161072234,
            -0.14867804644293137,
            0.05308989479313653,
            -0.0802053809870334,
            0.2598081684195077,
            0.0,
            0.0,
            0.0,
            1.0000000000000004,
            0.0,
            0.47934448101696225,
            0.15864027428332506,
            0.16087783344023232,
            -0.18519982208588584,
            -0.20040600097840364,
            0.14605488826615923,
            0.16917736125517363,
            0.010863265923111518,
            -0.22465446249265444,
            -0.05587227221166593
        ],
        [
            0.2210903932294393,
            0.06726413165030899,
            -0.024018648066090255,
            0.25980816841950793,
            0.3765235591337613,
            0.0,
            0.0,
            0.0,
            0.0,
            1.0000000000000004,
            0.15543066988252902,
            0.05144017523659112,
            0.05216571883296677,
            -0.20040600097840358,
            0.36786451513705526,
            0.030173426102309178,
            0.034950289364600394,
            0.002244238145343099,
            -0.05587227221166591,
            0.03425341507548064
        ],
        [
            0.14785240619803403,
            0.3336327016141566,
            -0.03432999087208217,
            0.18999703818360084,
            -0.008383036295966586,
            0.5203668961818745,
            0.5465837213453464,
            -0.12477345637748591,
            0.47934448101696225,
            0.15543066988252904,
            0.9999999999999999,
            0.6848602514927513,
            0.0,
            0.0,
            0.0,
            0.5377266991294913,
            0.5532711815696155,
            -0.08924803379550157,
            -0.5165135375677874,
            -0.04791099595476649
        ],
        [
            0.3336327016141566,
            0.6385712935097465,
            -0.03217534336421408,
            0.1780722856734706,
            -0.00785689318306058,
            0.5465837213453464,
            0.8689050027501947,
            -0.04129409250943775,
            0.15864027428332547,
            0.05144017523659116,
            0.6848602514927513,
            1.0000000000000002,
            0.0,
            0.0,
            0.0,
            0.5532711815696155,
            0.8755165631682909,
            -0.02870530426367932,
            -0.16612890639323002,
            -0.015409860116456717
        ],
        [
            0.03432999087208216,
            0.03217534336421407,
            0.057412456524733674,
            0.06447398710433358,
            -0.0028447168398436687,
            0.12477345637748591,
            0.04129409250943776,
            0.3909709784141422,
            0.1608778334402324,
            0.05216571883296681,
            0.0,
            0.0,
            1.0000000000000004,
            0.0,
            0.0,
            0.08924803379550157,
            0.028705304263679336,
            0.4322197920652383,
            -0.11938332462283335,
            -0.01107381233414522
        ],
        [
            -0.1899970381836008,
            -0.17807228567347044,
            0.06447398710433357,
            -0.28776490254319703,
            0.015743895069918155,
            -0.47934448101696225,
            -0.15864027428332506,
            0.16087783344023232,
            -0.18519982208588584,
            -0.20040600097840364,
            0.0,
            0.0,
            0.0,
            1.0000000000000004,
            0.0,
            0.5165135375677874,
            0.16612890639323002,
            -0.11938332462283346,
            -0.2380703815977226,
            -0.06408851534115753
        ],
        [
            0.008383036295966586,
            0.007856893183060579,
            -0.00284471683984367,
            0.01574389506991817,
            0.0683674154275991,
            -0.15543066988252902,
            -0.05144017523659112,
            0.05216571883296677,
            -0.20040600097840358,
            0.36786451513705526,
            0.0,
            0.0,
            0.0,
            0.0,
            1.0000000000000004,
            0.04791099595476649,
            0.01540986011645674,
            -0.011073812334145222,
            -0.06408851534115749,
            0.4469032066123458
        ],
        [
            0.015741981881267606,
            0.13042903044704215,
            -0.0010819540007839766,
            0.019240372646632007,
            7.833714924942187e-05,
            0.11283530988625376,
            0.29876888004811253,
            -0.005866630057910894,
            0.14605488826615923,
            0.030173426102309185,
            0.5377266991294913,
            0.5532711815696155,
            0.08924803379550157,
            0.5165135375677874,
            0.04791099595476649,
            0.9999999999999999,
            0.6848602514927513,
            0.0,
            0.0,
            0.0
        ],
        [
            0.13042903044704215,
            0.3548755094023837,
            -0.005651073436368983,
            0.10049295874911354,
            0.0004091569353997565,
            0.29876888004811253,
            0.5960320625241402,
            -0.006795397295083976,
            0.16917736125517366,
            0.03495028936460042,
            0.5532711815696155,
            0.8755165631682909,
            0.028705304263679315,
            0.16612890639323002,
            0.01540986011645674,
            0.6848602514927513,
            1.0000000000000002,
            0.0,
            0.0,
            0.0
        ],
        [
            0.0010819540007839762,
            0.005651073436368979,
            0.002002881552309613,
            0.0014423546380381539,
            5.872544811151018e-06,
            0.005866630057910893,
            0.006795397295083978,
            0.04535969938826009,
            0.01086326592311152,
            0.0022442381453431,
            -0.08924803379550157,
            -0.028705304263679336,
            0.4322197920652383,
            -0.1193833246228335,
            -0.011073812334145226,
            0.0,
            0.0,
            1.0000000000000004,
            0.0,
            0.0
        ],
        [
            -0.019240372646632,
            -0.10049295874911339,
            0.0014423546380381528,
            -0.023565381826296083,
            -0.00010443138106492415,
            -0.14605488826615923,
            -0.16917736125517344,
            0.01086326592311152,
            -0.22465446249265444,
            -0.05587227221166593,
            -0.5165135375677874,
            -0.16612890639323002,
            -0.11938332462283331,
            -0.2380703815977226,
            -0.06408851534115749,
            0.0,
            0.0,
            0.0,
            1.0000000000000004,
            0.0
        ],
        [
            -7.833714924942187e-05,
            -0.0004091569353997564,
            5.872544811151015e-06,
            -0.0001044313810649242,
            0.0020835650475308784,
            -0.030173426102309178,
            -0.034950289364600394,
            0.002244238145343099,
            -0.05587227221166591,
            0.03425341507548064,
            -0.04791099595476649,
            -0.015409860116456717,
            -0.011073812334145217,
            -0.06408851534115753,
            0.4469032066123458,
            0.0,
            0.0,
            0.0,
            0.0,
            1.0000000000000004
        ]
    ],
    "h": [
        [
            -0.2956775880706859,
            -0.48134674762476304,
            0.0297376028587018,
            -0.28488841119749075,
            0.12183013801298016,
            -0.6062923882092263,
            -0.4789694808603244,
            0.008806518796537322,
            0.009003216029175531,
            -0.02731540328581783,
            -0.27644505825488375,
            -0.33590627249918725,
            -0.061688015926898467,
            0.3158669981793466,
            0.043066949006402636,
            -0.021503777700117487,
            -0.15137704131360818,
            -0.0020377908251483752,
            0.07623588586966343,
            0.006608636858646572
        ],
        [
            -0.48134674762476304,
            -0.32248892007064045,
            0.026190229630933596,
            -0.24000986207087,
            0.09681163474453758,
            -0.5531242476640863,
            -0.3754135652457784,
            0.00919800860966903,
            0.0973996331986006,
            -0.12208919383010029,
            -0.35239426145852437,
            -0.32465805469947295,
            -0.05704605598174625,
            0.17812114802670367,
            0.046706890929808426,
            -0.15032325436873062,
            -0.20807605468942264,
            0.010390273862601182,
            0.12201832122660189,
            0.013582936417619188
        ],
        [
            0.0297376028587018,
            0.026190229630933596,
            1.4674173088170075,
            0.027069187998609363,
            -0.009980851184258736,
            0.013789515261648927,
            0.026897093058557985,
            0.42175867204799533,
            0.08136304137996687,
            -0.028649809927701747,
            0.033907623732679415,
            0.02158000027223861,
            -0.0403528602397228,
            -0.011347625553103924,
            -0.006552661774216059,
            0.008757910470316778,
            0.014563582908403429,
            -0.006657456762120718,
            -0.009804725649782369,
            -0.0006451481118556382
        ],
        [
            -0.28488841119749075,
            -0.24000986207087,
            0.027069187998609363,
            1.2120234616413834,
            0.10523259652129716,
            -0.08250242623169124,
            -0.23516815704616112,
            0.09137805381307428,
            -0.42873436595831943,
            0.33749819370860235,
            -0.24491396568303458,
            -0.19184942876391253,
            -0.039491039817260445,
            0.09384851431759988,
            0.05089873830542493,
            -0.07898010793607418,
            -0.12424476502979712,
            -0.0010593411904198892,
            0.10456911299984034,
            0.006084020453181915
        ],
        [
            0.12183013801298016,
            0.09681163474453758,
            -0.009980851184258736,
            0.10523259652129716,
            1.4232333373397603,
            0.015287836240109876,
            0.08738806957662693,
            -0.036577032348093085,
            0.3735132199102837,
            0.26802090572980264,
            0.054544420010200045,
            0.0695101115907413,
            0.016694201355405613,
            -0.07566528201526168,
            -0.05938216623762002,
            0.00280889083920722,
            0.03028795690097898,
            0.00016884571222550786,
            -0.007786337033644696,
            -0.007559440033986453
        ],
        [
            -0.6062923882092263,
            -0.5531242476640863,
            0.013789515261648927,
            -0.08250242623169124,
            0.015287836240109876,
            -0.4544002875916293,
            -0.6008043403561105,
            0.027291372289758427,
            0.06834543047022397,
            -0.18099114202092245,
            -0.5151421673867362,
            -0.5120334777188202,
            -0.030462733058937486,
            0.0826439660704944,
            0.005451826297900253,
            -0.23036189863431952,
            -0.3261207476242103,
            0.012407531586903381,
            0.22911400141676186,
            0.03442537636798603
        ],
        [
            -0.4789694808603244,
            -0.3754135652457784,
            0.026897093058557985,
            -0.23516815704616112,
            0.08738806957662693,
            -0.6008043403561105,
            -0.43108613076667024,
            0.02686273963787099,
            0.015284198206220512,
            -0.1479111434724106,
            -0.505324055303457,
            -0.4125827140155882,
            -0.07273521036949926,
            0.12074761735956241,
            0.04386533836466612,
            -0.30369953356046214,
            -0.30804657032284244,
            0.02482096025552569,
            0.18056894648999006,
            0.020263012554067816
        ],
        [
            0.008806518796537322,
            0.00919800860966903,
            0.42175867204799533,
            0.09137805381307428,
            -0.036577032348093085,
            0.027291372289758427,
            0.02686273963787099,
            1.384542285692706,
            0.07728541183813238,
            0.007608946401166349,
            0.007650797456014546,
            0.03674920971868473,
            0.27788659121455617,
            0.23120897291127046,
            0.07176134392465001,
            0.041394284715204566,
            0.03921786744880956,
            -0.04879995273547366,
            -0.03978442017411431,
            -0.005231352563001874
        ],
        [
            0.009003216029175531,
            0.0973996331986006,
            0.08136304137996687,
            -0.42873436595831943,
            0.3735132199102837,
            0.06834543047022397,
            0.015284198206220512,
            0.07728541183813238,
            0.9158900452767129,
            0.03626622741560971,
            -0.0491915726701887,
            -0.10197209386063322,
            0.2171811085342747,
            -0.659282215228844,
            -0.2834534212397594,
            -0.2894099622242218,
            -0.16801698610372998,
            0.025147368231795128,
            0.17238048042212323,
            0.02835804399294993
        ],
        [
            -0.02731540328581783,
            -0.12208919383010029,
            -0.028649809927701747,
            0.33749819370860235,
            0.26802090572980264,
            -0.18099114202092245,
            -0.1479111434724106,
            0.007608946401166349,
            0.03626622741560971,
            1.3315303566234937,
            -0.04515841102545304,
            -0.11471134353605235,
            0.05941806075598298,
            -0.23981943297760006,
            0.24850265176693004,
            -0.06242161965350724,
            -0.07299624595675598,
            0.0060242185953755635,
            0.0637677476788024,
            -0.03599189941769629
        ],
        [
            -0.27644505825488375,
            -0.35239426145852437,
            0.033907623732679415,
            -0.24491396568303458,
            0.054544420010200045,
            -0.5151421673867362,
            -0.505324055303457,
            0.007650797456014546,
            -0.0491915726701887,
            -0.04515841102545304,
            -0.4241951341740404,
            -0.5936933546972647,
            -0.0962438984916151,
            -0.0537114938399105,
            0.039719226127959265,
            -0.5660556306726139,
            -0.5323469785855028,
            0.0036417847647586266,
            0.07191089741047851,
            0.013036708508456979
        ],
        [
            -0.33590627249918725,
            -0.32465805469947295,
            0.02158000027223861,
            -0.19184942876391253,
            0.0695101115907413,
            -0.5120334777188202,
            -0.4125827140155882,
            0.03674920971868473,
            -0.10197209386063322,
            -0.11471134353605235,
            -0.5936933546972647,
            -0.436960320575873,
            -0.08366920677976672,
            -0.00888422828612681,
            0.03547781100811516,
            -0.45471498972387336,
            -0.36678512581282563,
            0.031624185669522534,
            0.2257140641103791,
            0.026205990977131617
        ],
        [
            -0.061688015926898467,
            -0.05704605598174625,
            -0.0403528602397228,
            -0.039491039817260445,
            0.016694201355405613,
            -0.030462733058937486,
            -0.07273521036949926,
            0.27788659121455617,
            0.2171811085342747,
            0.05941806075598298,
            -0.0962438984916151,
            -0.08366920677976672,
            1.3903467290024945,
            0.017612671246004456,
            0.01310687418106504,
            -0.012161868752061405,
            -0.05888899936373722,
            0.3482837131412482,
            -0.1492069636298063,
            -0.012283126752045789
        ],
        [
            0.3158669981793466,
            0.17812114802670367,
            -0.011347625553103924,
            0.09384851431759988,
            -0.07566528201526168,
            0.0826439660704944,
            0.12074761735956241,
            0.23120897291127046,
            -0.659282215228844,
            -0.23981943297760006,
            -0.0537114938399105,
            -0.00888422828612681,
            0.017612671246004456,
            0.8882855526955526,
            -0.08981749349031953,
            -0.029463188915368033,
            -0.11194827774407631,
            -0.16546950488775544,
            -0.6138101727827514,
            -0.09285986784843539
        ],
        [
            0.043066949006402636,
            0.046706890929808426,
            -0.006552661774216059,
            0.05089873830542493,
            -0.05938216623762002,
            0.005451826297900253,
            0.04386533836466612,
            0.07176134392465001,
            -0.2834534212397594,
            0.24850265176693004,
            0.039719226127959265,
            0.03547781100811516,
            0.01310687418106504,
            -0.08981749349031953,
            1.3893878508758433,
            0.008863972158904707,
            0.012000791621432413,
            -0.015894170187331483,
            -0.10469156642997077,
            0.36617872434476784
        ],
        [
            -0.021503777700117487,
            -0.15032325436873062,
            0.008757910470316778,
            -0.07898010793607418,
            0.00280889083920722,
            -0.23036189863431952,
            -0.30369953356046214,
            0.041394284715204566,
            -0.2894099622242218,
            -0.06242161965350724,
            -0.5660556306726139,
            -0.45471498972387336,
            -0.012161868752061405,
            -0.029463188915368033,
            0.008863972158904707,
            -0.2555815146800733,
            -0.4628550583036227,
            0.045533482689166016,
            0.2765100323096241,
            0.029129820146906082
        ],
        [
            -0.15137704131360818,
            -0.20807605468942264,
            0.014563582908403429,
            -0.12424476502979712,
            0.03028795690097898,
            -0.3261207476242103,
            -0.30804657032284244,
            0.03921786744880956,
            -0.16801698610372998,
            -0.07299624595675598,
            -0.5323469785855028,
            -0.36678512581282563,
            -0.05888899936373722,
            -0.11194827774407631,
            0.012000791621432413,
            -0.4628550583036227,
            -0.311249084038163,
            0.03696668360563447,
            0.23763672180471618,
            0.026117946459749408
        ],
        [
            -0.0020377908251483752,
            0.010390273862601182,
            -0.006657456762120718,
            -0.0010593411904198892,
            0.00016884571222550786,
            0.012407531586903381,
            0.02482096025552569,
            -0.04879995273547366,
            0.025147368231795128,
            0.0060242185953755635,
            0.0036417847647586266,
            0.031624185669522534,
            0.3482837131412482,
            -0.16546950488775544,
            -0.015894170187331483,
            0.045533482689166016,
            0.03696668360563447,
            1.4860285729992997,
            -0.0418678695455347,
            -0.0038371859132415
        ],
        [
            0.07623588586966343,
            0.12201832122660189,
            -0.009804725649782369,
            0.10456911299984034,
            -0.007786337033644696,
            0.22911400141676186,
            0.18056894648999006,
            -0.03978442017411431,
            0.17238048042212323,
            0.0637677476788024,
            0.07191089741047851,
            0.2257140641103791,
            -0.1492069636298063,
            -0.6138101727827514,
            -0.10469156642997077,
            0.2765100323096241,
            0.23763672180471618,
            -0.0418678695455347,
            1.2289643549745313,
            -0.027451114454641025
        ],
        [
            0.006608636858646572,
            0.013582936417619188,
            -0.0006451481118556382,
            0.006084020453181915,
            -0.007559440033986453,
            0.03442537636798603,
            0.020263012554067816,
            -0.005231352563001874,
            0.02835804399294993,
            -0.03599189941769629,
            0.013036708508456979,
            0.026205990977131617,
            -0.012283126752045789,
            -0.09285986784843539,
            0.36617872434476784,
            0.029129820146906082,
            0.026117946459749408,
            -0.0038371859132415,
            -0.027451114454641025,
            1.4902565156405145
        ]
    ]
}