{
    "HF": -2.17080019373728,
    "coordinates": [
        [
            0.727576,
            -0.173511,
            -0.040842
        ],
        [
            1.496429,
            -0.09948,
            0.140286
        ],
        [
            2.320791,
            -0.065395,
            0.129052
        ],
        [
            3.099325,
            -0.115161,
            -0.139345
        ]
    ],
    "elements": [
        "H",
        "H",
        "H",
        "H"
    ],
    "Enn": 2.827338237619927,
    "S": [
        [
            0.9999999999999999,
            0.6848602514927513,
            0.0,
            0.0,
            0.0,
            0.5280980132018618,
            0.5495830246845387,
            -0.11927905193052342,
            -0.5063162896622206,
            -0.048751973706266154,
            0.0949742793334459,
            0.2783144348437917,
            -0.013340917081766776,
            -0.1251071209602873,
            -0.008489803001944131,
            0.00771293462975035,
            0.0959770537962463,
            0.0003635965601710084,
            -0.008754654964712026,
            -0.00021538287449091227
        ],
        [
            0.6848602514927513,
            1.0000000000000002,
            0.0,
            0.0,
            0.0,
            0.5495830246845387,
            0.8718740499068746,
            -0.03897255264129492,
            -0.16543087769929285,
            -0.015928940001477966,
            0.2783144348437917,
            0.5701979209166876,
            -0.01766440995169745,
            -0.16565154096786028,
            -0.011241158288919688,
            0.09597705379624626,
            0.29281361006605383,
            0.0032710287554343553,
            -0.07875962335840209,
            -0.0019376519281605097
        ],
        [
            0.0,
            0.0,
            1.0000000000000004,
            0.0,
            0.0,
            0.11927905193052336,
            0.03897255264129489,
            0.4041120262873099,
            -0.15970701040578578,
            -0.015377802632428722,
            0.013340917081766766,
            0.017664409951697442,
            0.03253304328505158,
            -0.02471367318541939,
            -0.0016770765339987398,
            -0.000363596560171008,
            -0.0032710287554343544,
            0.0006461427398735142,
            0.00040203040234049344,
            9.890791132015988e-06
        ],
        [
            0.0,
            0.0,
            0.0,
            1.0000000000000004,
            0.0,
            0.5063162896622206,
            0.16543087769929282,
            -0.15970701040578572,
            -0.2361889427171126,
            -0.06527577010374276,
            0.12510712096028717,
            0.16565154096786014,
            -0.024713673185419376,
            -0.19658900891725128,
            -0.01572712097022144,
            0.008754654964712017,
            0.07875962335840198,
            0.00040203040234049344,
            -0.0090172227988206,
            -0.0002381498429141019
        ],
        [
            0.0,
            0.0,
            0.0,
            0.0,
            1.0000000000000004,
            0.048751973706266154,
            0.015928940001477987,
            -0.015377802632428729,
            -0.0652757701037428,
            0.4354508919017108,
            0.008489803001944126,
            0.011241158288919684,
            -0.0016770765339987398,
            -0.01572712097022145,
            0.034101162704807966,
            0.00021538287449091197,
            0.0019376519281605058,
            9.890791132015993e-06,
            -0.00023814984291410204,
            0.0006569807996292926
        ],
        [
            0.5280980132018618,
            0.5495830246845387,
            0.11927905193052342,
            0.5063162896622208,
            0.048751973706266175,
            0.9999999999999999,
            0.6848602514927513,
            0.0,
            0.0,
            0.0,
            0.5031835812040296,
            0.53979248537034,
            0.006958894166202868,
            -0.5106505174149297,
            -0.02111393160539652,
            0.0896152197865822,
            0.2717165145206186,
            0.020461692605328936,
            -0.11729016178575095,
            0.0011474400254054937
        ],
        [
            0.5495830246845387,
            0.8718740499068746,
            0.03897255264129492,
            0.16543087769929285,
            0.015928940001477987,
            0.6848602514927513,
            1.0000000000000002,
            0.0,
            0.0,
            0.0,
            0.53979248537034,
            0.8621592687330631,
            0.002371230241773052,
            -0.17400321386581066,
            -0.007194532917111856,
            0.2717165145206186,
            0.5617126430436761,
            0.028337068101998323,
            -0.162433253510593,
            0.0015890711863399856
        ],
        [
            -0.11927905193052336,
            -0.03897255264129489,
            0.4041120262873099,
            -0.15970701040578572,
            -0.015377802632428729,
            0.0,
            0.0,
            1.0000000000000004,
            0.0,
            0.0,
            -0.006958894166202863,
            -0.0023712302417730727,
            0.41306894794309085,
            0.009934577317864686,
            0.0004107662263416046,
            -0.020461692605328933,
            -0.028337068101998292,
            0.025633482428460072,
            0.037426034357122454,
            -0.0003661358221332122
        ],
        [
            -0.5063162896622205,
            -0.16543087769929282,
            -0.15970701040578578,
            -0.23618894271711274,
            -0.0652757701037428,
            0.0,
            0.0,
            0.0,
            1.0000000000000004,
            0.0,
            0.5106505174149296,
            0.17400321386581058,
            0.009934577317864741,
            -0.3158047504972356,
            -0.03014243082423165,
            0.11729016178575091,
            0.16243325351059312,
            0.03742603435712244,
            -0.18237027989199192,
            0.0020987574509050756
        ],
        [
            -0.04875197370626615,
            -0.015928940001477966,
            -0.015377802632428722,
            -0.06527577010374276,
            0.4354508919017108,
            0.0,
            0.0,
            0.0,
            0.0,
            1.0000000000000004,
            0.021113931605396513,
            0.0071945329171118535,
            0.0004107662263416071,
            -0.03014243082423166,
            0.41195802857386343,
            -0.0011474400254054907,
            -0.001589071186339985,
            -0.0003661358221332122,
            0.002098757450905076,
            0.03214205740633067
        ],
        [
            0.0949742793334459,
            0.2783144348437917,
            0.013340917081766776,
            0.12510712096028734,
            0.008489803001944131,
            0.5031835812040296,
            0.53979248537034,
            -0.006958894166202865,
            0.5106505174149297,
            0.02111393160539652,
            0.9999999999999999,
            0.6848602514927513,
            0.0,
            0.0,
            0.0,
            0.5032928560530397,
            0.539836230024536,
            0.16630407104225214,
            -0.4823950105433691,
            0.03083599443916555
        ],
        [
            0.2783144348437917,
            0.5701979209166876,
            0.01766440995169745,
            0.16565154096786036,
            0.011241158288919688,
            0.53979248537034,
            0.8621592687330631,
            -0.0023712302417730736,
            0.17400321386581066,
            0.007194532917111856,
            0.6848602514927513,
            1.0000000000000002,
            0.0,
            0.0,
            0.0,
            0.539836230024536,
            0.8622028232650005,
            0.05665712537310988,
            -0.1643442305436677,
            0.01050532793331588
        ],
        [
            -0.013340917081766766,
            -0.017664409951697442,
            0.03253304328505158,
            -0.024713673185419387,
            -0.0016770765339987398,
            0.006958894166202866,
            0.002371230241773051,
            0.41306894794309085,
            0.009934577317864741,
            0.0004107662263416071,
            0.0,
            0.0,
            1.0000000000000004,
            0.0,
            0.0,
            -0.16630407104225203,
            -0.05665712537310983,
            0.33602810222264795,
            0.22422446004981236,
            -0.014333034239787806
        ],
        [
            -0.1251071209602872,
            -0.16565154096786022,
            -0.02471367318541938,
            -0.19658900891725123,
            -0.015727120970221442,
            -0.5106505174149296,
            -0.17400321386581058,
            0.009934577317864686,
            -0.31580475049723544,
            -0.03014243082423166,
            0.0,
            0.0,
            0.0,
            1.0000000000000004,
            0.0,
            0.48239501054336903,
            0.16434423054366698,
            0.22422446004981217,
            -0.23707482853009298,
            0.0415755559072529
        ],
        [
            -0.008489803001944126,
            -0.011241158288919684,
            -0.0016770765339987398,
            -0.015727120970221446,
            0.034101162704807966,
            -0.021113931605396517,
            -0.0071945329171118535,
            0.0004107662263416046,
            -0.03014243082423165,
            0.41195802857386343,
            0.0,
            0.0,
            0.0,
            0.0,
            1.0000000000000004,
            -0.030835994439165546,
            -0.010505327933315878,
            -0.014333034239787804,
            0.041575555907252926,
            0.41067111497316255
        ],
        [
            0.00771293462975035,
            0.0959770537962463,
            -0.0003635965601710084,
            0.008754654964712028,
            0.00021538287449091213,
            0.0896152197865822,
            0.2717165145206186,
            -0.020461692605328936,
            0.11729016178575095,
            -0.0011474400254054937,
            0.5032928560530397,
            0.539836230024536,
            -0.16630407104225214,
            0.4823950105433691,
            -0.030835994439165564,
            0.9999999999999999,
            0.6848602514927513,
            0.0,
            0.0,
            0.0
        ],
        [
            0.09597705379624626,
            0.29281361006605383,
            -0.0032710287554343553,
            0.07875962335840206,
            0.0019376519281605062,
            0.2717165145206186,
            0.5617126430436761,
            -0.028337068101998323,
            0.16243325351059318,
            -0.0015890711863399856,
            0.539836230024536,
            0.8622028232650005,
            -0.05665712537310988,
            0.164344230543667,
            -0.010505327933315902,
            0.6848602514927513,
            1.0000000000000002,
            0.0,
            0.0,
            0.0
        ],
        [
            0.000363596560171008,
            0.0032710287554343544,
            0.0006461427398735142,
            0.00040203040234049344,
            9.890791132015993e-06,
            0.020461692605328933,
            0.028337068101998292,
            0.025633482428460072,
            0.03742603435712244,
            -0.0003661358221332122,
            0.16630407104225203,
            0.05665712537310983,
            0.33602810222264795,
            0.22422446004981209,
            -0.014333034239787799,
            0.0,
            0.0,
            1.0000000000000004,
            0.0,
            0.0
        ],
        [
            -0.00875465496471202,
            -0.07875962335840195,
            0.00040203040234049344,
            -0.0090172227988206,
            -0.00023814984291410204,
            -0.11729016178575095,
            -0.16243325351059296,
            0.037426034357122454,
            -0.18237027989199198,
            0.002098757450905076,
            -0.482395010543369,
            -0.16434423054366698,
            0.22422446004981245,
            -0.23707482853009298,
            0.041575555907252926,
            0.0,
            0.0,
            0.0,
            1.0000000000000004,
            0.0
        ],
        [
            -0.0002153828744909121,
            -0.001937651928160509,
            9.890791132015988e-06,
            -0.0002381498429141019,
            0.0006569807996292926,
            0.0011474400254054907,
            0.001589071186339985,
            -0.0003661358221332122,
            0.0020987574509050756,
            0.03214205740633067,
            0.030835994439165546,
            0.010505327933315878,
            -0.01433303423978781,
            0.0415755559072529,
            0.41067111497316255,
            0.0,
            0.0,
            0.0,
            0.0,
            1.0000000000000004
        ]
    ],
    "h": [
        [
            -0.2496015682100854,
            -0.4588676168203685,
            -0.06241193496433902,
            -0.2643464606007918,
            -0.025576498010287944,
            -0.5604804954463956,
            -0.45275151502896804,
            0.007149570578434794,
            0.02785422751850386,
            0.0025047321828644276,
            -0.21233371662855113,
            -0.2921756036495261,
            0.005869918448857175,
            0.28360142586230497,
            0.013269821855181657,
            0.0015924263462985672,
            -0.11324693196149134,
            -0.004795262601357325,
            0.04450335821619609,
            0.0003328606689464002
        ],
        [
            -0.4588676168203685,
            -0.30805628463376133,
            -0.052942237607934,
            -0.22862541615652052,
            -0.021893572255859726,
            -0.5241330263888322,
            -0.36215461993255493,
            0.04624436384337535,
            0.10895782632627715,
            0.014899464436700097,
            -0.3029843951461715,
            -0.2968285403725347,
            0.009473412696068384,
            0.17789699894492703,
            0.010683549992621083,
            -0.11236837073689535,
            -0.175011221521006,
            -0.02323524255950144,
            0.09542700705598203,
            -0.0031630942545129628
        ],
        [
            -0.06241193496433902,
            -0.052942237607934,
            1.4712198784941155,
            -0.05754179197022251,
            -0.005526877858118939,
            -0.013497806589074568,
            -0.048318910033163964,
            0.30770849056971106,
            -0.2215074428102628,
            -0.02110892534547607,
            -0.03429015605301889,
            -0.03701160765662953,
            -0.04084906959630695,
            0.04699453069470872,
            0.0023552812303190207,
            -0.0013933856050678311,
            -0.014910174290000138,
            -0.002849514208965714,
            0.0024594763304569382,
            -7.195256211306496e-05
        ],
        [
            -0.2643464606007918,
            -0.22862541615652052,
            -0.05754179197022251,
            1.2345913292807913,
            -0.02381672454658844,
            -0.07194056452429731,
            -0.21732293762280902,
            -0.21498093575712857,
            -0.5983123398087432,
            -0.08992501633989558,
            -0.21460346639696654,
            -0.17143239431975213,
            0.010714281778310741,
            0.20995199004901,
            0.013587320904306192,
            -0.0452608380311334,
            -0.09969638788569128,
            -0.007678089880625448,
            0.059132025858899304,
            7.283501690578693e-05
        ],
        [
            -0.025576498010287944,
            -0.021893572255859726,
            -0.005526877858118939,
            -0.02381672454658844,
            1.4823967879496402,
            -0.006246353423968537,
            -0.020357791436353242,
            -0.02078166592703539,
            -0.09121046680147368,
            0.35013275721084014,
            -0.017044950229035967,
            -0.01578255728324765,
            0.0007693724094637259,
            0.021601447798635418,
            -0.041081048250753795,
            -0.002075921755524691,
            -0.0075204107345643095,
            -0.00043933151141203143,
            0.0028749874464265557,
            -0.0022826997307466715
        ],
        [
            -0.5604804954463956,
            -0.5241330263888322,
            -0.013497806589074568,
            -0.07194056452429731,
            -0.006246353423968537,
            -0.4103400224662552,
            -0.5836410733708854,
            0.06059603724541621,
            0.05257408470566652,
            0.015594618212845426,
            -0.4812742702732289,
            -0.4848589381963577,
            0.01553487994144375,
            0.062425821400220904,
            0.0071765474877963364,
            -0.20170451348463303,
            -0.2979744676071994,
            -0.049516975137464836,
            0.20284792353205094,
            -0.006499712451214822
        ],
        [
            -0.45275151502896804,
            -0.36215461993255493,
            -0.048318910033163964,
            -0.21732293762280902,
            -0.020357791436353242,
            -0.5836410733708854,
            -0.4288643299955326,
            0.051101882436289055,
            0.01208688307806341,
            0.011932271508772865,
            -0.48122676007494525,
            -0.3991227693726873,
            0.03338566234659569,
            0.12248236239972876,
            0.015806233592532724,
            -0.28334495707062457,
            -0.2933443668431398,
            -0.05102914902810366,
            0.15980005007554007,
            -0.008908405921139019
        ],
        [
            0.007149570578434794,
            0.04624436384337535,
            0.30770849056971106,
            -0.21498093575712857,
            -0.02078166592703539,
            0.06059603724541621,
            0.051101882436289055,
            1.4027684116222894,
            -0.05028130192167896,
            -0.005129704181442677,
            0.017030025351549783,
            0.03176639812076104,
            0.30809777934257776,
            0.0015854573797809829,
            -0.0005294094574922151,
            0.019507684674840646,
            0.014122792620481307,
            -0.035329985754255104,
            -0.02267509214835252,
            0.000651920229603926
        ],
        [
            0.02785422751850386,
            0.10895782632627715,
            -0.2215074428102628,
            -0.5983123398087432,
            -0.09121046680147368,
            0.05257408470566652,
            0.01208688307806341,
            -0.05028130192167896,
            0.9121928099644112,
            -0.0329888214562774,
            -0.05429216790315827,
            -0.11421541935835272,
            0.03419860233084782,
            -0.7898042743463198,
            -0.03892891949698617,
            -0.27403722514034895,
            -0.17433893006413392,
            -0.06695146194248416,
            0.20454893157340953,
            -0.010044475427814628
        ],
        [
            0.0025047321828644276,
            0.014899464436700097,
            -0.02110892534547607,
            -0.08992501633989558,
            0.35013275721084014,
            0.015594618212845426,
            0.011932271508772865,
            -0.005129704181442677,
            -0.0329888214562774,
            1.4132847113527853,
            0.0021016155109896337,
            0.0024400973782338553,
            0.0008561863853371318,
            -0.04787245432879027,
            0.30841712288865675,
            -0.005849015254792899,
            -0.0040250568781009235,
            -0.0013480213363118074,
            0.004020961375113612,
            -0.040880682521334304
        ],
        [
            -0.21233371662855113,
            -0.3029843951461715,
            -0.03429015605301889,
            -0.21460346639696654,
            -0.017044950229035967,
            -0.4812742702732289,
            -0.48122676007494525,
            0.017030025351549783,
            -0.05429216790315827,
            0.0021016155109896337,
            -0.39144626126029314,
            -0.5756238885718605,
            0.0752413801703338,
            -0.030033613371234433,
            0.02260649952998659,
            -0.5412641102171523,
            -0.5130921220138429,
            -0.020849237295726575,
            0.07358685617874061,
            -0.003210448838799028
        ],
        [
            -0.2921756036495261,
            -0.2968285403725347,
            -0.03701160765662953,
            -0.17143239431975213,
            -0.01578255728324765,
            -0.4848589381963577,
            -0.3991227693726873,
            0.03176639812076104,
            -0.11421541935835272,
            0.0024400973782338553,
            -0.5756238885718605,
            -0.42770689854562116,
            0.06317883293176034,
            0.0013747188578061842,
            0.02003509582607648,
            -0.4422204742311642,
            -0.35998899952321173,
            -0.06581520300510313,
            0.20180560298423533,
            -0.011657091007698687
        ],
        [
            0.005869918448857175,
            0.009473412696068384,
            -0.04084906959630695,
            0.010714281778310741,
            0.0007693724094637259,
            0.01553487994144375,
            0.03338566234659569,
            0.30809777934257776,
            0.03419860233084782,
            0.0008561863853371318,
            0.0752413801703338,
            0.06317883293176034,
            1.3958897513471065,
            0.07600334132767428,
            -0.004424711477592078,
            0.01404254234569463,
            0.06134275162263804,
            0.21642524806101976,
            0.2954349681419368,
            -0.019074795631618638
        ],
        [
            0.28360142586230497,
            0.17789699894492703,
            0.04699453069470872,
            0.20995199004901,
            0.021601447798635418,
            0.062425821400220904,
            0.12248236239972876,
            0.0015854573797809829,
            -0.7898042743463198,
            -0.04787245432879027,
            -0.030033613371234433,
            0.0013747188578061842,
            0.07600334132767428,
            0.9421430346264656,
            0.0026466895954370593,
            -0.03624477311279639,
            -0.09938204647348534,
            0.304135438185672,
            -0.5761325776225122,
            0.0558594723677933
        ],
        [
            0.013269821855181657,
            0.010683549992621083,
            0.0023552812303190207,
            0.013587320904306192,
            -0.041081048250753795,
            0.0071765474877963364,
            0.015806233592532724,
            -0.0005294094574922151,
            -0.03892891949698617,
            0.30841712288865675,
            0.02260649952998659,
            0.02003509582607648,
            -0.004424711477592078,
            0.0026466895954370593,
            1.4194136137993123,
            0.0030387012395424184,
            0.01505711869281106,
            -0.01863810199726782,
            0.05298428568289454,
            0.3153289387799387
        ],
        [
            0.0015924263462985672,
            -0.11236837073689535,
            -0.0013933856050678311,
            -0.0452608380311334,
            -0.002075921755524691,
            -0.20170451348463303,
            -0.28334495707062457,
            0.019507684674840646,
            -0.27403722514034895,
            -0.005849015254792899,
            -0.5412641102171523,
            -0.4422204742311642,
            0.01404254234569463,
            -0.03624477311279639,
            0.0030387012395424184,
            -0.23028599966180674,
            -0.4502092599243347,
            -0.08303597883321923,
            0.24173093089504744,
            -0.015290968075823223
        ],
        [
            -0.11324693196149134,
            -0.175011221521006,
            -0.014910174290000138,
            -0.09969638788569128,
            -0.0075204107345643095,
            -0.2979744676071994,
            -0.2933443668431398,
            0.014122792620481307,
            -0.17433893006413392,
            -0.0040250568781009235,
            -0.5130921220138429,
            -0.35998899952321173,
            0.06134275162263804,
            -0.09938204647348534,
            0.01505711869281106,
            -0.4502092599243347,
            -0.30525248235257796,
            -0.07232476838855728,
            0.21398313323787183,
            -0.013159605990899555
        ],
        [
            -0.004795262601357325,
            -0.02323524255950144,
            -0.002849514208965714,
            -0.007678089880625448,
            -0.00043933151141203143,
            -0.049516975137464836,
            -0.05102914902810366,
            -0.035329985754255104,
            -0.06695146194248416,
            -0.0013480213363118074,
            -0.020849237295726575,
            -0.06581520300510313,
            0.21642524806101976,
            0.304135438185672,
            -0.01863810199726782,
            -0.08303597883321923,
            -0.07232476838855728,
            1.4657541462550336,
            0.07460193291395463,
            -0.004681524354441163
        ],
        [
            0.04450335821619609,
            0.09542700705598203,
            0.0024594763304569382,
            0.059132025858899304,
            0.0028749874464265557,
            0.20284792353205094,
            0.15980005007554007,
            -0.02267509214835252,
            0.20454893157340953,
            0.004020961375113612,
            0.07358685617874061,
            0.20180560298423533,
            0.2954349681419368,
            -0.5761325776225122,
            0.05298428568289454,
            0.24173093089504744,
            0.21398313323787183,
            0.07460193291395463,
            1.269693769147249,
            0.013570221655900338
        ],
        [
            0.0003328606689464002,
            -0.0031630942545129628,
            -7.195256211306496e-05,
            7.283501690578693e-05,
            -0.0022826997307466715,
            -0.006499712451214822,
            -0.008908405921139019,
            0.000651920229603926,
            -0.010044475427814628,
            -0.040880682521334304,
            -0.003210448838799028,
            -0.011657091007698687,
            -0.019074795631618638,
            0.0558594723677933,
            0.3153289387799387,
            -0.015290968075823223,
            -0.013159605990899555,
            -0.004681524354441163,
            0.013570221655900338,
            1.490357357773827
        ]
    ]
}