{
    "HF": -2.1776001132197678,
    "coordinates": [
        [
            0.680286,
            0.047694,
            0.037282
        ],
        [
            1.475839,
            -0.172857,
            -0.168266
        ],
        [
            2.305173,
            -0.077069,
            0.049317
        ],
        [
            3.066455,
            -0.032188,
            0.117658
        ]
    ],
    "elements": [
        "H",
        "H",
        "H",
        "H"
    ],
    "Enn": 2.7989431504477356,
    "S": [
        [
            0.9999999999999999,
            0.6848602514927513,
            0.0,
            0.0,
            0.0,
            0.4834072834580344,
            0.5317542381744765,
            0.12102358076633932,
            -0.4684096792447679,
            0.12985712223712664,
            0.08899389896180876,
            0.2709359438744,
            -0.0008732360257862309,
            -0.11789861788381492,
            0.009052558893657466,
            0.007299898105499294,
            0.09372514988586157,
            -0.00027731889689211936,
            -0.008232927178239416,
            0.0002756144635405628
        ],
        [
            0.6848602514927513,
            1.0000000000000002,
            0.0,
            0.0,
            0.0,
            0.5317542381744765,
            0.8541330067071786,
            0.0426968635123396,
            -0.1652539448587792,
            0.04581331827363937,
            0.2709359438744,
            0.5607036548765946,
            -0.0012158457233789055,
            -0.16415553883871856,
            0.01260428416999769,
            0.09372514988586157,
            0.2884866348221906,
            -0.002601886535300369,
            -0.07724371693106341,
            0.002585895045944862
        ],
        [
            0.0,
            0.0,
            1.0000000000000004,
            0.0,
            0.0,
            -0.12102358076633934,
            -0.04269686351233964,
            0.34793782544675345,
            0.1659105026304549,
            -0.04599533565412923,
            0.0008732360257862302,
            0.0012158457233788997,
            0.03180788516949363,
            -0.0016154723815766847,
            0.00012404012140084317,
            0.0002773188968921192,
            0.002601886535300369,
            0.0005963955836182169,
            -0.00030202292945387903,
            1.0110849504219846e-05
        ],
        [
            0.0,
            0.0,
            0.0,
            1.0000000000000004,
            0.0,
            0.46840967924476773,
            0.1652539448587792,
            0.1659105026304549,
            -0.2513357015776446,
            0.17802035177014353,
            0.11789861788381478,
            0.1641555388387183,
            -0.0016154723815766858,
            -0.18629066652723403,
            0.01674708606087678,
            0.008232927178239414,
            0.07724371693106331,
            -0.0003020229294538789,
            -0.008359761182884543,
            0.00030016666232003035
        ],
        [
            0.0,
            0.0,
            0.0,
            0.0,
            1.0000000000000004,
            -0.12985712223712664,
            -0.045813318273639346,
            -0.04599533565412923,
            0.17802035177014353,
            0.3414517778690658,
            -0.009052558893657458,
            -0.012604284169997674,
            0.00012404012140084333,
            0.01674708606087679,
            0.030533966128907485,
            -0.00027561446354056274,
            -0.0025858950459448607,
            1.0110849504219846e-05,
            0.00030016666232003046,
            0.0005965202527671064
        ],
        [
            0.4834072834580344,
            0.5317542381744765,
            -0.12102358076633932,
            0.4684096792447679,
            -0.12985712223712664,
            0.9999999999999999,
            0.6848602514927513,
            0.0,
            0.0,
            0.0,
            0.47426912897375156,
            0.527956061241473,
            -0.1250512496070018,
            -0.4766422608456234,
            -0.05505213687354016,
            0.09084133454001456,
            0.27324714506895337,
            -0.021270469723393522,
            -0.11832916953297139,
            -0.010464653913347756
        ],
        [
            0.5317542381744765,
            0.8541330067071786,
            -0.042696863512339624,
            0.1652539448587792,
            -0.045813318273639346,
            0.6848602514927513,
            1.0000000000000002,
            0.0,
            0.0,
            0.0,
            0.527956061241473,
            0.850324448425025,
            -0.0448522043011286,
            -0.17095755643534763,
            -0.019745581895628368,
            0.2732471450689534,
            0.5636880010003354,
            -0.029149507970870295,
            -0.16216083214628318,
            -0.014340986194773286
        ],
        [
            0.12102358076633934,
            0.04269686351233964,
            0.34793782544675345,
            0.16591050263045495,
            -0.04599533565412923,
            0.0,
            0.0,
            1.0000000000000004,
            0.0,
            0.0,
            0.12505124960700179,
            0.0448522043011286,
            0.3337634317338119,
            -0.17827089561314047,
            -0.020590271891652218,
            0.021270469723393522,
            0.029149507970870295,
            0.025871901153540433,
            -0.038777889820712085,
            -0.0034293927529898786
        ],
        [
            -0.4684096792447679,
            -0.1652539448587792,
            0.16591050263045487,
            -0.2513357015776445,
            0.1780203517701435,
            0.0,
            0.0,
            0.0,
            1.0000000000000004,
            0.0,
            0.47664226084562333,
            0.17095755643534724,
            -0.17827089561314044,
            -0.29895859756869286,
            -0.07848137285078108,
            0.11832916953297139,
            0.162160832146283,
            -0.038777889820712085,
            -0.1828817308950025,
            -0.019077961217630383
        ],
        [
            0.12985712223712664,
            0.04581331827363936,
            -0.04599533565412923,
            0.17802035177014358,
            0.3414517778690658,
            0.0,
            0.0,
            0.0,
            0.0,
            1.0000000000000004,
            0.05505213687354018,
            0.01974558189562834,
            -0.02059027189165221,
            -0.07848137285078108,
            0.3714697630039194,
            0.010464653913347756,
            0.014340986194773272,
            -0.0034293927529898786,
            -0.019077961217630383,
            0.031155295538215572
        ],
        [
            0.08899389896180876,
            0.2709359438744,
            0.0008732360257862309,
            0.11789861788381495,
            -0.009052558893657466,
            0.47426912897375156,
            0.527956061241473,
            0.1250512496070018,
            0.4766422608456234,
            0.05505213687354018,
            0.9999999999999999,
            0.6848602514927513,
            0.0,
            0.0,
            0.0,
            0.550114203186614,
            0.5579408176835329,
            -0.04739225106560332,
            -0.5279241988809734,
            -0.03112350741246605
        ],
        [
            0.2709359438744,
            0.5607036548765946,
            0.0012158457233789003,
            0.16415553883871847,
            -0.01260428416999769,
            0.527956061241473,
            0.850324448425025,
            0.044852204301128615,
            0.17095755643534763,
            0.019745581895628344,
            0.6848602514927513,
            1.0000000000000002,
            0.0,
            0.0,
            0.0,
            0.5579408176835329,
            0.8801151815948826,
            -0.014943484461382201,
            -0.16646238330914037,
            -0.00981370664917538
        ],
        [
            -0.0008732360257862302,
            -0.0012158457233788997,
            0.03180788516949363,
            -0.0016154723815766864,
            0.00012404012140084333,
            -0.12505124960700179,
            -0.04485220430112859,
            0.3337634317338119,
            -0.17827089561314047,
            -0.020590271891652218,
            0.0,
            0.0,
            1.0000000000000004,
            0.0,
            0.0,
            0.047392251065603325,
            0.014943484461382201,
            0.4615426934367204,
            -0.06310577156311858,
            -0.0037203692370558162
        ],
        [
            -0.1178986178838148,
            -0.1641555388387183,
            -0.0016154723815766838,
            -0.18629066652723403,
            0.016747086060876784,
            -0.47664226084562333,
            -0.17095755643534757,
            -0.17827089561314044,
            -0.29895859756869286,
            -0.07848137285078108,
            0.0,
            0.0,
            0.0,
            1.0000000000000004,
            0.0,
            0.5279241988809734,
            0.16646238330914037,
            -0.06310577156311858,
            -0.23575661185502916,
            -0.041442913236919635
        ],
        [
            0.009052558893657458,
            0.01260428416999767,
            0.00012404012140084317,
            0.016747086060876788,
            0.030533966128907485,
            -0.05505213687354016,
            -0.01974558189562836,
            -0.02059027189165221,
            -0.07848137285078108,
            0.3714697630039194,
            0.0,
            0.0,
            0.0,
            0.0,
            1.0000000000000004,
            0.031123507412466046,
            0.00981370664917539,
            -0.0037203692370558162,
            -0.041442913236919635,
            0.464764511561159
        ],
        [
            0.007299898105499294,
            0.09372514988586157,
            0.00027731889689211936,
            0.008232927178239416,
            -0.0002756144635405628,
            0.09084133454001456,
            0.27324714506895337,
            0.021270469723393522,
            0.11832916953297139,
            0.010464653913347756,
            0.550114203186614,
            0.5579408176835329,
            0.047392251065603325,
            0.5279241988809734,
            0.03112350741246605,
            0.9999999999999999,
            0.6848602514927513,
            0.0,
            0.0,
            0.0
        ],
        [
            0.09372514988586157,
            0.2884866348221906,
            0.002601886535300369,
            0.07724371693106338,
            -0.002585895045944862,
            0.2732471450689534,
            0.5636880010003354,
            0.029149507970870295,
            0.16216083214628318,
            0.014340986194773276,
            0.5579408176835329,
            0.8801151815948826,
            0.014943484461382201,
            0.16646238330914037,
            0.00981370664917539,
            0.6848602514927513,
            1.0000000000000002,
            0.0,
            0.0,
            0.0
        ],
        [
            -0.0002773188968921192,
            -0.0026018865353003673,
            0.0005963955836182169,
            -0.00030202292945387903,
            1.0110849504219846e-05,
            -0.021270469723393522,
            -0.029149507970870306,
            0.025871901153540433,
            -0.038777889820712085,
            -0.0034293927529898786,
            -0.04739225106560332,
            -0.014943484461382201,
            0.4615426934367204,
            -0.06310577156311861,
            -0.0037203692370558175,
            0.0,
            0.0,
            1.0000000000000004,
            0.0,
            0.0
        ],
        [
            -0.008232927178239416,
            -0.07724371693106337,
            -0.0003020229294538789,
            -0.008359761182884543,
            0.00030016666232003035,
            -0.11832916953297139,
            -0.16216083214628316,
            -0.038777889820712085,
            -0.1828817308950025,
            -0.019077961217630383,
            -0.5279241988809734,
            -0.16646238330914037,
            -0.06310577156311857,
            -0.23575661185502916,
            -0.041442913236919635,
            0.0,
            0.0,
            0.0,
            1.0000000000000004,
            0.0
        ],
        [
            0.00027561446354056274,
            0.0025858950459448607,
            1.0110849504219846e-05,
            0.00030016666232003046,
            0.0005965202527671064,
            -0.010464653913347756,
            -0.014340986194773277,
            -0.0034293927529898786,
            -0.019077961217630383,
            0.031155295538215572,
            -0.031123507412466046,
            -0.00981370664917538,
            -0.003720369237055815,
            -0.041442913236919635,
            0.464764511561159,
            0.0,
            0.0,
            0.0,
            0.0,
            1.0000000000000004
        ]
    ],
    "h": [
        [
            -0.21888338091968218,
            -0.4460112696416638,
            0.05689581846990232,
            -0.22924973324564887,
            0.06200578453491246,
            -0.5288707543121479,
            -0.4377062752931652,
            -0.018515603308916162,
            0.043735101298503554,
            -0.01688193717839276,
            -0.19296800022449273,
            -0.27903257423349487,
            0.03253943126676001,
            0.2592292249758057,
            0.004615749784272476,
            0.0010384236066924707,
            -0.11092564374542199,
            0.004588545570245604,
            0.0436128822455952,
            0.0011498483287810139
        ],
        [
            -0.4460112696416638,
            -0.30628288562841277,
            0.049546494219639706,
            -0.20685539252341947,
            0.05460188516167055,
            -0.5027140929161336,
            -0.36054447723435,
            -0.06653607206569777,
            0.09983835696476048,
            -0.058083554248961056,
            -0.2902153386348407,
            -0.2917362286007249,
            0.0363127479874312,
            0.15917001472220302,
            0.012548801342760874,
            -0.11430028500169956,
            -0.17498762156171943,
            0.010490395445128513,
            0.10160103426137287,
            0.00507075919873821
        ],
        [
            0.05689581846990232,
            0.049546494219639706,
            1.4799252625148505,
            0.04987155777480297,
            -0.013920323872506671,
            0.012152812140310026,
            0.04320448767923036,
            0.23141736449341221,
            0.2173531927354831,
            -0.05961931513957325,
            0.019196658491867063,
            0.03293059934626239,
            -0.044563182594578164,
            -0.030986376902484177,
            -0.0014641020965052026,
            -0.0007598745853720213,
            0.012112722405452334,
            -0.002439216500477453,
            -0.0014019119561903212,
            -0.00016760820144315526
        ],
        [
            -0.22924973324564887,
            -0.20685539252341947,
            0.04987155777480297,
            1.2861769083169452,
            0.054733666347665244,
            -0.0776237384347821,
            -0.19411751410729117,
            0.20222742183055203,
            -0.5735244696321354,
            0.2235602756914814,
            -0.19267788538338984,
            -0.1524970336631123,
            0.030189280768140973,
            0.1869158172854578,
            0.004040226269991953,
            -0.04318153427933244,
            -0.09238534437002623,
            0.004426989648784828,
            0.05662491672350026,
            0.000571052157037178
        ],
        [
            0.06200578453491246,
            0.05460188516167055,
            -0.013920323872506671,
            0.054733666347665244,
            1.4779016163211283,
            0.015743010802619223,
            0.04873774836595057,
            -0.05827890311753457,
            0.23462599628192804,
            0.22329007819313595,
            0.030282176490066544,
            0.037454861605229615,
            -0.006410881740242236,
            -0.04213639722124098,
            -0.0408159445345873,
            0.0024742317210512386,
            0.016344314773638825,
            -0.0005554329312920252,
            -0.005070225000071989,
            -0.002311800406543536
        ],
        [
            -0.5288707543121479,
            -0.5027140929161336,
            0.012152812140310026,
            -0.0776237384347821,
            0.015743010802619223,
            -0.36016499673462943,
            -0.5592263877554824,
            -0.10084480351943349,
            0.04337128355232697,
            -0.07937562284280267,
            -0.4582455813670744,
            -0.4650857890659593,
            0.009294010633839944,
            0.060001001843889346,
            -0.0003481162344184524,
            -0.20493347867649708,
            -0.29243754949415757,
            0.029007308194465082,
            0.20921162014762784,
            0.015436926130143424
        ],
        [
            -0.4377062752931652,
            -0.36054447723435,
            0.04320448767923036,
            -0.19411751410729117,
            0.04873774836595057,
            -0.5592263877554824,
            -0.42178442125822113,
            -0.09040473475112472,
            0.011025522629405565,
            -0.0693370666528976,
            -0.47296562383571583,
            -0.39540519252870165,
            0.03447868337624917,
            0.0952542800603261,
            0.010582329318713952,
            -0.2915429491171341,
            -0.2935290685153633,
            0.018552543632538235,
            0.17540062644245458,
            0.011394303576070148
        ],
        [
            -0.018515603308916162,
            -0.06653607206569777,
            0.23141736449341221,
            0.20222742183055203,
            -0.05827890311753457,
            -0.10084480351943349,
            -0.09040473475112472,
            1.4021579099449768,
            -0.002185377462847253,
            -0.019571546756821462,
            -0.028156878687803782,
            -0.07174003483977723,
            0.20732864726542088,
            -0.2231332626987988,
            -0.026796569105228325,
            -0.05076196352713462,
            -0.0505751129197142,
            -0.03381245777727326,
            0.05590792235397665,
            0.004077088607560965
        ],
        [
            0.043735101298503554,
            0.09983835696476048,
            0.2173531927354831,
            -0.5735244696321354,
            0.23462599628192804,
            0.04337128355232697,
            0.011025522629405565,
            -0.002185377462847253,
            1.0058578265125904,
            0.032230717752628216,
            -0.06729892028292572,
            -0.1051828389753866,
            -0.24020617191802168,
            -0.7319995359145045,
            -0.10440542540223496,
            -0.2700022007145458,
            -0.16283183691588704,
            0.03268746130864786,
            0.20715038934641933,
            0.018440621464181906
        ],
        [
            -0.01688193717839276,
            -0.058083554248961056,
            -0.05961931513957325,
            0.2235602756914814,
            0.22329007819313595,
            -0.07937562284280267,
            -0.0693370666528976,
            -0.019571546756821462,
            0.032230717752628216,
            1.4108656015370173,
            -0.017452585395642733,
            -0.04655514908642226,
            -0.024710998173920133,
            -0.08738833270752039,
            0.25455133996540413,
            -0.02057088687206665,
            -0.026002526049317336,
            0.0034561732441202517,
            0.025863597707899436,
            -0.03927945242511377
        ],
        [
            -0.19296800022449273,
            -0.2902153386348407,
            0.019196658491867063,
            -0.19267788538338984,
            0.030282176490066544,
            -0.4582455813670744,
            -0.47296562383571583,
            -0.028156878687803782,
            -0.06729892028292572,
            -0.017452585395642733,
            -0.4086822658116791,
            -0.5820677262358043,
            0.022827709247720485,
            -0.09751152799361569,
            0.005324954922761537,
            -0.5742396464185803,
            -0.528436751642746,
            0.0098348865456864,
            0.06285383669046274,
            0.005673266806141518
        ],
        [
            -0.27903257423349487,
            -0.2917362286007249,
            0.03293059934626239,
            -0.1524970336631123,
            0.037454861605229615,
            -0.4650857890659593,
            -0.39540519252870165,
            -0.07174003483977723,
            -0.1051828389753866,
            -0.04655514908642226,
            -0.5820677262358043,
            -0.42846308686149714,
            0.024089685568391368,
            -0.03989200921721214,
            0.005810746600889441,
            -0.4612142361046616,
            -0.3621476772544975,
            0.024026427037487388,
            0.22793715579765833,
            0.01509852026947804
        ],
        [
            0.03253943126676001,
            0.0363127479874312,
            -0.044563182594578164,
            0.030189280768140973,
            -0.006410881740242236,
            0.009294010633839944,
            0.03447868337624917,
            0.20732864726542088,
            -0.24020617191802168,
            -0.024710998173920133,
            0.022827709247720485,
            0.024089685568391368,
            1.4037299440234843,
            -0.07559005493573623,
            -0.0069826916090986214,
            0.005302644340125562,
            0.004612738482323325,
            0.3878829386209717,
            -0.09931009235304969,
            -0.006003932540131122
        ],
        [
            0.2592292249758057,
            0.15917001472220302,
            -0.030986376902484177,
            0.1869158172854578,
            -0.04213639722124098,
            0.060001001843889346,
            0.0952542800603261,
            -0.2231332626987988,
            -0.7319995359145045,
            -0.08738833270752039,
            -0.09751152799361569,
            -0.03989200921721214,
            -0.07559005493573623,
            0.9233349948459595,
            -0.03636427401785215,
            -0.023433634963420102,
            -0.12763894514135324,
            -0.091524582334092,
            -0.6127885868526344,
            -0.05932153173986346
        ],
        [
            0.004615749784272476,
            0.012548801342760874,
            -0.0014641020965052026,
            0.004040226269991953,
            -0.0408159445345873,
            -0.0003481162344184524,
            0.010582329318713952,
            -0.026796569105228325,
            -0.10440542540223496,
            0.25455133996540413,
            0.005324954922761537,
            0.005810746600889441,
            -0.0069826916090986214,
            -0.03636427401785215,
            1.4155262292720643,
            0.003232888580627591,
            -0.0013500224805897201,
            -0.005868611368442469,
            -0.06299759708625222,
            0.3935994874650174
        ],
        [
            0.0010384236066924707,
            -0.11430028500169956,
            -0.0007598745853720213,
            -0.04318153427933244,
            0.0024742317210512386,
            -0.20493347867649708,
            -0.2915429491171341,
            -0.05076196352713462,
            -0.2700022007145458,
            -0.02057088687206665,
            -0.5742396464185803,
            -0.4612142361046616,
            0.005302644340125562,
            -0.023433634963420102,
            0.003232888580627591,
            -0.26585290173094545,
            -0.46647156340058427,
            0.02776933897176769,
            0.2852487322763736,
            0.018207728423154615
        ],
        [
            -0.11092564374542199,
            -0.17498762156171943,
            0.012112722405452334,
            -0.09238534437002623,
            0.016344314773638825,
            -0.29243754949415757,
            -0.2935290685153633,
            -0.0505751129197142,
            -0.16283183691588704,
            -0.026002526049317336,
            -0.528436751642746,
            -0.3621476772544975,
            0.004612738482323325,
            -0.12763894514135324,
            -0.0013500224805897201,
            -0.46647156340058427,
            -0.309397421887877,
            0.024219008477890235,
            0.24056729196861726,
            0.015642113322737843
        ],
        [
            0.004588545570245604,
            0.010490395445128513,
            -0.002439216500477453,
            0.004426989648784828,
            -0.0005554329312920252,
            0.029007308194465082,
            0.018552543632538235,
            -0.03381245777727326,
            0.03268746130864786,
            0.0034561732441202517,
            0.0098348865456864,
            0.024026427037487388,
            0.3878829386209717,
            -0.091524582334092,
            -0.005868611368442469,
            0.02776933897176769,
            0.024219008477890235,
            1.4798640407527524,
            -0.026571007955481,
            -0.0017382304900816188
        ],
        [
            0.0436128822455952,
            0.10160103426137287,
            -0.0014019119561903212,
            0.05662491672350026,
            -0.005070225000071989,
            0.20921162014762784,
            0.17540062644245458,
            0.05590792235397665,
            0.20715038934641933,
            0.025863597707899436,
            0.06285383669046274,
            0.22793715579765833,
            -0.09931009235304969,
            -0.6127885868526344,
            -0.06299759708625222,
            0.2852487322763736,
            0.24056729196861726,
            -0.026571007955481,
            1.207211947984504,
            -0.01713061918815661
        ],
        [
            0.0011498483287810139,
            0.00507075919873821,
            -0.00016760820144315526,
            0.000571052157037178,
            -0.002311800406543536,
            0.015436926130143424,
            0.011394303576070148,
            0.004077088607560965,
            0.018440621464181906,
            -0.03927945242511377,
            0.005673266806141518,
            0.01509852026947804,
            -0.006003932540131122,
            -0.05932153173986346,
            0.3935994874650174,
            0.018207728423154615,
            0.015642113322737843,
            -0.0017382304900816188,
            -0.01713061918815661,
            1.4815100382110653
        ]
    ]
}