{
    "HF": -2.1077461729198603,
    "coordinates": [
        [
            0.78605,
            0.057474,
            -0.178318
        ],
        [
            1.436005,
            -0.000838,
            -0.111064
        ],
        [
            2.112144,
            0.104105,
            -0.034833
        ],
        [
            2.938839,
            0.174619,
            -0.123869
        ]
    ],
    "elements": [
        "H",
        "H",
        "H",
        "H"
    ],
    "Enn": 3.2010223903696957,
    "S": [
        [
            0.9999999999999999,
            0.6848602514927513,
            0.0,
            0.0,
            0.0,
            0.6390278617615524,
            0.5891806762249052,
            -0.05634372470303889,
            -0.5445160970256584,
            0.048852340007785475,
            0.18789850649640805,
            0.36757546940305685,
            -0.025931022146376922,
            -0.2396555241466185,
            -0.008427288522895787,
            0.017138727954199375,
            0.13526319613579613,
            -0.0005337467128725701,
            -0.02110312498408101,
            -0.0011483362170004443
        ],
        [
            0.6848602514927513,
            1.0000000000000002,
            0.0,
            0.0,
            0.0,
            0.5891806762249052,
            0.9105117120416427,
            -0.015586290003621115,
            -0.1506287673492067,
            0.013513958168899314,
            0.36757546940305674,
            0.6783942141788339,
            -0.020088829774605875,
            -0.1856617530133895,
            -0.00652864216621699,
            0.13526319613579613,
            0.3630584811460585,
            -0.002613104694982256,
            -0.10331618658205212,
            -0.005621997639877622
        ],
        [
            0.0,
            0.0,
            1.0000000000000004,
            0.0,
            0.0,
            0.05634372470303889,
            0.015586290003621092,
            0.565264707501848,
            -0.06491056635290765,
            0.005823580009647978,
            0.02593102214637692,
            0.020088829774605854,
            0.09374389323702399,
            -0.04892290517154314,
            -0.001720333544269282,
            0.0005337467128725698,
            0.002613104694982256,
            0.002368850448009881,
            -0.0007264684931317983,
            -3.9531115974637796e-05
        ],
        [
            0.0,
            0.0,
            0.0,
            1.0000000000000004,
            0.0,
            0.5445160970256584,
            0.1506287673492067,
            -0.06491056635290765,
            -0.05532630810873995,
            0.05628014609050391,
            0.23965552414661842,
            0.1856617530133895,
            -0.04892290517154314,
            -0.3531099975285624,
            -0.01589939011781182,
            0.02110312498408101,
            0.10331618658205212,
            -0.0007264684931317978,
            -0.026335679138336777,
            -0.0015629699650668424
        ],
        [
            0.0,
            0.0,
            0.0,
            0.0,
            1.0000000000000004,
            -0.04885234000778545,
            -0.0135139581688993,
            0.005823580009647976,
            0.0562801460905039,
            0.5669320342408822,
            0.00842728852289579,
            0.006528642166216997,
            -0.0017203335442692814,
            -0.015899390117811812,
            0.09847832276310223,
            0.0011483362170004445,
            0.005621997639877615,
            -3.9531115974637755e-05,
            -0.0015629699650668415,
            0.0023021747851487175
        ],
        [
            0.6390278617615524,
            0.5891806762249052,
            0.05634372470303889,
            0.5445160970256584,
            -0.04885234000778547,
            0.9999999999999999,
            0.6848602514927513,
            0.0,
            0.0,
            0.0,
            0.6125279054770835,
            0.5802647487624152,
            -0.06054876037789156,
            -0.5370436999796304,
            -0.08335412837739337,
            0.12140273163118387,
            0.3078655373152154,
            0.0013556782127499677,
            -0.15910654519171263,
            -0.018575808838303058
        ],
        [
            0.5891806762249052,
            0.9105117120416427,
            0.015586290003621139,
            0.15062876734920688,
            -0.01351395816889931,
            0.6848602514927513,
            1.0000000000000002,
            0.0,
            0.0,
            0.0,
            0.5802647487624152,
            0.901900400142483,
            -0.017381546349071027,
            -0.15416748261093927,
            -0.023928213174568877,
            0.3078655373152154,
            0.6073049463282975,
            0.001483179739939342,
            -0.17407051474361535,
            -0.02032286354006532
        ],
        [
            -0.05634372470303889,
            -0.015586290003621115,
            0.565264707501848,
            -0.06491056635290765,
            0.005823580009647978,
            0.0,
            0.0,
            1.0000000000000004,
            0.0,
            0.0,
            0.060548760377891545,
            0.017381546349071013,
            0.5323377021666365,
            -0.07232509113059536,
            -0.01122552025325868,
            -0.0013556782127499682,
            -0.001483179739939342,
            0.05118382837827392,
            0.0025582349004915576,
            0.00029867584905288744
        ],
        [
            -0.5445160970256584,
            -0.1506287673492067,
            -0.06491056635290765,
            -0.05532630810873995,
            0.05628014609050391,
            0.0,
            0.0,
            0.0,
            1.0000000000000004,
            0.0,
            0.5370436999796304,
            0.15416748261093927,
            -0.0723250911305954,
            -0.10100316054613827,
            -0.09956595136516737,
            0.15910654519171274,
            0.17407051474361535,
            0.0025582349004915615,
            -0.2490366534629656,
            -0.03505351198247143
        ],
        [
            0.04885234000778546,
            0.013513958168899302,
            0.005823580009647976,
            0.0562801460905039,
            0.5669320342408822,
            0.0,
            0.0,
            0.0,
            0.0,
            1.0000000000000004,
            0.08335412837739335,
            0.023928213174568867,
            -0.011225520253258688,
            -0.09956595136516737,
            0.5250384107307952,
            0.018575808838303065,
            0.02032286354006531,
            0.0002986758490528882,
            -0.03505351198247147,
            0.0471131021011151
        ],
        [
            0.18789850649640805,
            0.36757546940305685,
            0.025931022146376926,
            0.2396555241466185,
            0.00842728852289579,
            0.6125279054770835,
            0.5802647487624152,
            0.06054876037789157,
            0.5370436999796304,
            0.08335412837739337,
            0.9999999999999999,
            0.6848602514927513,
            0.0,
            0.0,
            0.0,
            0.4959574531704366,
            0.5368835628478368,
            0.05415229293404057,
            -0.5028014489319679,
            -0.042887088188496056
        ],
        [
            0.36757546940305674,
            0.6783942141788339,
            0.020088829774605882,
            0.1856617530133895,
            0.006528642166216997,
            0.5802647487624152,
            0.901900400142483,
            0.017381546349071013,
            0.15416748261093927,
            0.02392821317456888,
            0.6848602514927513,
            1.0000000000000002,
            0.0,
            0.0,
            0.0,
            0.5368835628478368,
            0.8592599678748597,
            0.01868527701128543,
            -0.1734919030374751,
            -0.014798212219481762
        ],
        [
            -0.025931022146376916,
            -0.02008882977460586,
            0.09374389323702399,
            -0.04892290517154314,
            -0.0017203335442692814,
            -0.06054876037789153,
            -0.017381546349071013,
            0.5323377021666365,
            -0.07232509113059539,
            -0.011225520253258684,
            0.0,
            0.0,
            1.0000000000000004,
            0.0,
            0.0,
            -0.05415229293404057,
            -0.01868527701128543,
            0.39665768639755,
            0.07739098644453456,
            0.0066011624821123984
        ],
        [
            -0.23965552414661842,
            -0.1856617530133895,
            -0.04892290517154314,
            -0.3531099975285624,
            -0.015899390117811812,
            -0.5370436999796304,
            -0.15416748261093927,
            -0.07232509113059539,
            -0.10100316054613827,
            -0.09956595136516737,
            0.0,
            0.0,
            0.0,
            1.0000000000000004,
            0.0,
            0.5028014489319674,
            0.1734919030374751,
            0.07739098644453456,
            -0.3135788218712915,
            -0.061291477808413555
        ],
        [
            -0.008427288522895787,
            -0.006528642166217004,
            -0.001720333544269282,
            -0.01589939011781182,
            0.09847832276310223,
            -0.08335412837739335,
            -0.023928213174568874,
            -0.011225520253258684,
            -0.09956595136516737,
            0.5250384107307952,
            0.0,
            0.0,
            0.0,
            0.0,
            1.0000000000000004,
            0.04288708818849607,
            0.014798212219481783,
            0.006601162482112396,
            -0.06129147780841353,
            0.39976484998616874
        ],
        [
            0.017138727954199375,
            0.13526319613579613,
            0.0005337467128725698,
            0.02110312498408101,
            0.0011483362170004445,
            0.12140273163118387,
            0.3078655373152154,
            -0.0013556782127499677,
            0.1591065451917127,
            0.018575808838303058,
            0.4959574531704366,
            0.5368835628478368,
            -0.05415229293404056,
            0.5028014489319679,
            0.04288708818849608,
            0.9999999999999999,
            0.6848602514927513,
            0.0,
            0.0,
            0.0
        ],
        [
            0.13526319613579613,
            0.3630584811460585,
            0.002613104694982256,
            0.10331618658205212,
            0.00562199763987762,
            0.3078655373152154,
            0.6073049463282975,
            -0.001483179739939342,
            0.17407051474361535,
            0.02032286354006531,
            0.5368835628478368,
            0.8592599678748597,
            -0.01868527701128542,
            0.1734919030374751,
            0.014798212219481783,
            0.6848602514927513,
            1.0000000000000002,
            0.0,
            0.0,
            0.0
        ],
        [
            -0.0005337467128725701,
            -0.002613104694982256,
            0.002368850448009881,
            -0.0007264684931317978,
            -3.953111597463777e-05,
            0.0013556782127499682,
            0.001483179739939342,
            0.05118382837827392,
            0.002558234900491562,
            0.0002986758490528881,
            0.054152292934040586,
            0.01868527701128543,
            0.39665768639755,
            0.07739098644453457,
            0.006601162482112397,
            0.0,
            0.0,
            1.0000000000000004,
            0.0,
            0.0
        ],
        [
            -0.02110312498408101,
            -0.10331618658205212,
            -0.0007264684931317983,
            -0.026335679138336777,
            -0.0015629699650668422,
            -0.1591065451917127,
            -0.17407051474361535,
            0.0025582349004915576,
            -0.2490366534629656,
            -0.035053511982471454,
            -0.5028014489319674,
            -0.1734919030374751,
            0.07739098644453456,
            -0.3135788218712915,
            -0.06129147780841353,
            0.0,
            0.0,
            0.0,
            1.0000000000000004,
            0.0
        ],
        [
            -0.0011483362170004443,
            -0.005621997639877613,
            -3.953111597463778e-05,
            -0.0015629699650668418,
            0.0023021747851487175,
            -0.018575808838303065,
            -0.02032286354006532,
            0.0002986758490528875,
            -0.03505351198247145,
            0.0471131021011151,
            -0.04288708818849606,
            -0.014798212219481804,
            0.006601162482112398,
            -0.061291477808413555,
            0.39976484998616874,
            0.0,
            0.0,
            0.0,
            0.0,
            1.0000000000000004
        ]
    ],
    "h": [
        [
            -0.360054223503006,
            -0.5053879483688614,
            -0.038357739008075625,
            -0.3566931112645018,
            0.028950523840659985,
            -0.6682342211791725,
            -0.5047993475113354,
            -0.0056079149766961045,
            -0.018305405940248654,
            -0.010637038689635905,
            -0.3530051507281424,
            -0.3751785042004435,
            0.0380782306013365,
            0.388892175075024,
            0.038362178208502594,
            -0.024225697420622666,
            -0.16093519882553892,
            -0.0004389707104203909,
            0.08516359689836983,
            0.006894849232396765
        ],
        [
            -0.5053879483688614,
            -0.3265741965173403,
            -0.030441166363556326,
            -0.28297751215734646,
            0.02044584581275213,
            -0.5967766056820651,
            -0.37832026725598933,
            0.008330377357746516,
            0.09971705081551874,
            -0.040879704315252376,
            -0.40058943536020486,
            -0.3383707550852282,
            0.03276275245879172,
            0.22817327969768197,
            0.029679929940954062,
            -0.1518427055889126,
            -0.2112712314679645,
            -0.008177590071722475,
            0.12455535887209157,
            0.011234930387549134
        ],
        [
            -0.038357739008075625,
            -0.030441166363556326,
            1.4425142142750236,
            -0.03692313496728666,
            0.0026964610192571673,
            -0.012304928464287906,
            -0.030333519833084105,
            0.5341737794651437,
            -0.10273722848351588,
            0.006638462736062504,
            -0.032711835475416215,
            -0.02530474628133062,
            -0.04045540807942591,
            0.013154688653789728,
            0.0034282609160348016,
            -0.006119557684117466,
            -0.014014470710056567,
            -0.007522665657821536,
            0.007329748417898744,
            0.0005839166430912936
        ],
        [
            -0.3566931112645018,
            -0.28297751215734646,
            -0.03692313496728666,
            1.0958375598786314,
            0.025917253238374675,
            -0.10565084893825882,
            -0.2836679577529438,
            -0.10499452467037676,
            -0.4561572999054344,
            0.0649560489616012,
            -0.3140180843457151,
            -0.2410389949629288,
            0.015797613123789495,
            0.08020529298866041,
            0.03207872936082845,
            -0.0920088574515884,
            -0.14883718540261215,
            -0.0012682380219769052,
            0.12159615888187875,
            0.009281310909071045
        ],
        [
            0.028950523840659985,
            0.02044584581275213,
            0.0026964610192571673,
            0.025917253238374675,
            1.4438769086791632,
            -0.0010250678481043551,
            0.017420708448519992,
            0.00864949573769059,
            0.08219303248903903,
            0.5372456368458977,
            0.008445009117052597,
            0.014209552395274092,
            -0.002757402173699308,
            -0.02773567235504084,
            -0.04448935360178935,
            -0.003795767439155079,
            0.0033091090749518617,
            -2.525238560969269e-05,
            0.003766303769771553,
            -0.00712985315810608
        ],
        [
            -0.6682342211791725,
            -0.5967766056820651,
            -0.012304928464287906,
            -0.10565084893825882,
            -0.0010250678481043551,
            -0.5829085430163596,
            -0.6536856487927797,
            0.003015152874027238,
            0.05845134579118923,
            -0.07063469093564315,
            -0.6051717160437302,
            -0.5720429012636292,
            0.018800632187535166,
            0.09739314885813255,
            0.004304806001898531,
            -0.2470948689290595,
            -0.35324801619426793,
            -0.013632739919420461,
            0.24905207608286173,
            0.02500607459770106
        ],
        [
            -0.5047993475113354,
            -0.37832026725598933,
            -0.030333519833084105,
            -0.2836679577529438,
            0.017420708448519992,
            -0.6536856487927797,
            -0.44145723678780247,
            -0.0001269243264445405,
            0.002177206660824396,
            -0.05512405868682374,
            -0.5494306806384348,
            -0.42420323230491164,
            0.04218146798259332,
            0.1742744147802382,
            0.02591320094166709,
            -0.30255063562893353,
            -0.3106039191041837,
            -0.016704825075317793,
            0.17918715329016988,
            0.016211636760798377
        ],
        [
            -0.0056079149766961045,
            0.008330377357746516,
            0.5341737794651437,
            -0.10499452467037676,
            0.00864949573769059,
            0.003015152874027238,
            -0.0001269243264445405,
            1.3526807979144204,
            -0.06524172113343545,
            -0.0022168800147495077,
            0.005537358732588926,
            -0.00982095803601915,
            0.47430789404820417,
            -0.12025574436368294,
            -0.01756109762212855,
            -0.01753290701868401,
            -0.016427291277823105,
            -0.047535271437522925,
            0.01725698420572288,
            0.001654170014466415
        ],
        [
            -0.018305405940248654,
            0.09971705081551874,
            -0.10273722848351588,
            -0.4561572999054344,
            0.08219303248903903,
            0.05845134579118923,
            0.002177206660824396,
            -0.06524172113343545,
            0.7056906166544894,
            -0.02078665768676864,
            -0.01067421247990974,
            -0.12030730558510827,
            -0.1068001625558653,
            -0.6550293427959187,
            -0.1614140318608054,
            -0.31777901719328494,
            -0.19859782934950287,
            -0.020772768536431244,
            0.18138147485850464,
            0.021247755404949484
        ],
        [
            -0.010637038689635905,
            -0.040879704315252376,
            0.006638462736062504,
            0.0649560489616012,
            0.5372456368458977,
            -0.07063469093564315,
            -0.05512405868682374,
            -0.0022168800147495077,
            -0.02078665768676864,
            1.3498446240115047,
            -0.01691428987231569,
            -0.05067083493451625,
            -0.013864847202748453,
            -0.1404763061966337,
            0.4645356090089068,
            -0.03789861109471061,
            -0.037077567460142444,
            -0.002757984718537296,
            0.03358573840417664,
            -0.04294141898058912
        ],
        [
            -0.3530051507281424,
            -0.40058943536020486,
            -0.032711835475416215,
            -0.3140180843457151,
            0.008445009117052597,
            -0.6051717160437302,
            -0.5494306806384348,
            0.005537358732588926,
            -0.01067421247990974,
            -0.01691428987231569,
            -0.4634672251067733,
            -0.6134949765077893,
            0.05635255045104262,
            0.056761113453046796,
            0.0224378671831597,
            -0.5353679154654651,
            -0.5271348353788115,
            -0.005188227284545113,
            0.09060008523211982,
            0.009726861045681184
        ],
        [
            -0.3751785042004435,
            -0.3383707550852282,
            -0.02530474628133062,
            -0.2410389949629288,
            0.014209552395274092,
            -0.5720429012636292,
            -0.42420323230491164,
            -0.00982095803601915,
            -0.12030730558510827,
            -0.05067083493451625,
            -0.6134949765077893,
            -0.44328475406085865,
            0.04735704294556284,
            0.05411927502668359,
            0.01721972308910468,
            -0.4333160443577182,
            -0.3625267842866149,
            -0.019597878724802162,
            0.21330158504476987,
            0.019739612456261133
        ],
        [
            0.0380782306013365,
            0.03276275245879172,
            -0.04045540807942591,
            0.015797613123789495,
            -0.002757402173699308,
            0.018800632187535166,
            0.04218146798259332,
            0.47430789404820417,
            -0.1068001625558653,
            -0.013864847202748453,
            0.05635255045104262,
            0.04735704294556284,
            1.3894597424564663,
            -0.014305032759989629,
            -0.003221114355144855,
            0.007318664243945672,
            0.03258374241115117,
            0.2971108584571841,
            0.09409886815006605,
            0.007780281818493606
        ],
        [
            0.388892175075024,
            0.22817327969768197,
            0.013154688653789728,
            0.08020529298866041,
            -0.02773567235504084,
            0.09739314885813255,
            0.1742744147802382,
            -0.12025574436368294,
            -0.6550293427959187,
            -0.1404763061966337,
            0.056761113453046796,
            0.05411927502668359,
            -0.014305032759989629,
            0.7848289211761865,
            -0.06878006785857398,
            -0.044554998702405424,
            -0.08668986436016218,
            0.1036370544441641,
            -0.6842146559632212,
            -0.08484935026889026
        ],
        [
            0.038362178208502594,
            0.029679929940954062,
            0.0034282609160348016,
            0.03207872936082845,
            -0.04448935360178935,
            0.004304806001898531,
            0.02591320094166709,
            -0.01756109762212855,
            -0.1614140318608054,
            0.4645356090089068,
            0.0224378671831597,
            0.01721972308910468,
            -0.003221114355144855,
            -0.06878006785857398,
            1.3874477358209782,
            0.00026480601626162337,
            0.00028890114314778295,
            0.009059776062089431,
            -0.0890154873491715,
            0.30030884834395766
        ],
        [
            -0.024225697420622666,
            -0.1518427055889126,
            -0.006119557684117466,
            -0.0920088574515884,
            -0.003795767439155079,
            -0.2470948689290595,
            -0.30255063562893353,
            -0.01753290701868401,
            -0.31777901719328494,
            -0.03789861109471061,
            -0.5353679154654651,
            -0.4333160443577182,
            0.007318664243945672,
            -0.044554998702405424,
            0.00026480601626162337,
            -0.22244871375600894,
            -0.4474980321654718,
            -0.026299147456420778,
            0.25201535540358067,
            0.02255156477124462
        ],
        [
            -0.16093519882553892,
            -0.2112712314679645,
            -0.014014470710056567,
            -0.14883718540261215,
            0.0033091090749518617,
            -0.35324801619426793,
            -0.3106039191041837,
            -0.016427291277823105,
            -0.19859782934950287,
            -0.037077567460142444,
            -0.5271348353788115,
            -0.3625267842866149,
            0.03258374241115117,
            -0.08668986436016218,
            0.00028890114314778295,
            -0.4474980321654718,
            -0.30525533255179904,
            -0.02268786941910978,
            0.22592971498766326,
            0.020472032654529723
        ],
        [
            -0.0004389707104203909,
            -0.008177590071722475,
            -0.007522665657821536,
            -0.0012682380219769052,
            -2.525238560969269e-05,
            -0.013632739919420461,
            -0.016704825075317793,
            -0.047535271437522925,
            -0.020772768536431244,
            -0.002757984718537296,
            -0.005188227284545113,
            -0.019597878724802162,
            0.2971108584571841,
            0.1036370544441641,
            0.009059776062089431,
            -0.026299147456420778,
            -0.02268786941910978,
            1.5033740611697886,
            0.024379870823737722,
            0.0020985858045481022
        ],
        [
            0.08516359689836983,
            0.12455535887209157,
            0.007329748417898744,
            0.12159615888187875,
            0.003766303769771553,
            0.24905207608286173,
            0.17918715329016988,
            0.01725698420572288,
            0.18138147485850464,
            0.03358573840417664,
            0.09060008523211982,
            0.21330158504476987,
            0.09409886815006605,
            -0.6842146559632212,
            -0.0890154873491715,
            0.25201535540358067,
            0.22592971498766326,
            0.024379870823737722,
            1.2630338148050126,
            -0.021605788995115435
        ],
        [
            0.006894849232396765,
            0.011234930387549134,
            0.0005839166430912936,
            0.009281310909071045,
            -0.00712985315810608,
            0.02500607459770106,
            0.016211636760798377,
            0.001654170014466415,
            0.021247755404949484,
            -0.04294141898058912,
            0.009726861045681184,
            0.019739612456261133,
            0.007780281818493606,
            -0.08484935026889026,
            0.30030884834395766,
            0.02255156477124462,
            0.020472032654529723,
            0.0020985858045481022,
            -0.021605788995115435,
            1.504058106624611
        ]
    ]
}