{
    "HF": -2.150771340911704,
    "coordinates": [
        [
            0.747905,
            0.090223,
            0.079583
        ],
        [
            1.497425,
            0.009536,
            -0.072242
        ],
        [
            2.2671,
            0.100513,
            -0.033955
        ],
        [
            2.935877,
            -0.059837,
            -0.112149
        ]
    ],
    "elements": [
        "H",
        "H",
        "H",
        "H"
    ],
    "Enn": 3.089659965715934,
    "S": [
        [
            0.9999999999999999,
            0.6848602514927513,
            0.0,
            0.0,
            0.0,
            0.5474565735362028,
            0.55694600791969,
            0.10464261518714961,
            -0.5165930046769136,
            0.05561204473311733,
            0.11819033397755431,
            0.3045032502419956,
            0.011633851621298203,
            -0.15566673020326338,
            -0.00105438120438231,
            0.014625475738137196,
            0.12638148077352251,
            0.0015487158610267998,
            -0.017673351031035667,
            0.001212110143876252
        ],
        [
            0.6848602514927513,
            1.0000000000000002,
            0.0,
            0.0,
            0.0,
            0.55694600791969,
            0.8791367328096612,
            0.03313496393982341,
            -0.16357858173671314,
            0.01760949010645499,
            0.30450325024199565,
            0.6031531809951928,
            0.0129973035410782,
            -0.1739103961060463,
            -0.0011779514650398556,
            0.12638148077352251,
            0.3479358187904578,
            0.0085549401123172,
            -0.09762569329807706,
            0.006695566276126673
        ],
        [
            0.0,
            0.0,
            1.0000000000000004,
            0.0,
            0.0,
            -0.1046426151871496,
            -0.033134963939823396,
            0.43634637323036407,
            0.1371165852147884,
            -0.014760814803108166,
            -0.011633851621298192,
            -0.012997303541078191,
            0.04750959901236505,
            0.02201159485592212,
            0.00014909166437977937,
            -0.0015487158610267995,
            -0.0085549401123172,
            0.0016758077598454883,
            0.0020176896544567527,
            -0.00013838134562406664
        ],
        [
            0.0,
            0.0,
            0.0,
            1.0000000000000004,
            0.0,
            0.5165930046769134,
            0.16357858173671294,
            0.13711658521478842,
            -0.2127873172579272,
            0.07287025135007828,
            0.1556667302032633,
            0.17391039610604625,
            0.022011594855922113,
            -0.24537145496324972,
            -0.001994920740786687,
            0.01767335103103566,
            0.09762569329807694,
            0.0020176896544567527,
            -0.021172482059378304,
            0.0015791548074801302
        ],
        [
            0.0,
            0.0,
            0.0,
            0.0,
            1.0000000000000004,
            -0.05561204473311732,
            -0.017609490106454993,
            -0.014760814803108166,
            0.07287025135007826,
            0.4562765199636753,
            0.0010543812043823095,
            0.0011779514650398554,
            0.0001490916643797794,
            -0.0019949207407866884,
            0.049141137243026024,
            -0.0012121101438762518,
            -0.0066955662761266676,
            -0.00013838134562406664,
            0.0015791548074801302,
            0.001744313070890526
        ],
        [
            0.5474565735362028,
            0.55694600791969,
            -0.10464261518714961,
            0.5165930046769134,
            -0.05561204473311732,
            0.9999999999999999,
            0.6848602514927513,
            0.0,
            0.0,
            0.0,
            0.5418840323358793,
            0.5548476755825115,
            -0.02604921461519958,
            -0.5236615367867358,
            -0.061897756367618594,
            0.1457668039154916,
            0.33171218031685484,
            0.0052820915608547975,
            -0.19039354423772048,
            0.009182212089387328
        ],
        [
            0.55694600791969,
            0.8791367328096612,
            -0.03313496393982341,
            0.16357858173671297,
            -0.017609490106454993,
            0.6848602514927513,
            1.0000000000000002,
            0.0,
            0.0,
            0.0,
            0.5548476755825115,
            0.877070726760107,
            -0.008322323536871774,
            -0.16730180918436546,
            -0.019775381419645924,
            0.33171218031685484,
            0.6362732335686531,
            0.0050063470127443156,
            -0.18045430308407248,
            0.008702866948533118
        ],
        [
            0.1046426151871496,
            0.033134963939823396,
            0.43634637323036407,
            0.13711658521478842,
            -0.014760814803108166,
            0.0,
            0.0,
            1.0000000000000004,
            0.0,
            0.0,
            0.02604921461519959,
            0.008322323536871783,
            0.4559176394294701,
            -0.035013313107483325,
            -0.004138637979120422,
            -0.005282091560854798,
            -0.005006347012744302,
            0.06731470885363341,
            0.010073628139579394,
            -0.000485826294465885
        ],
        [
            -0.5165930046769133,
            -0.16357858173671275,
            0.1371165852147884,
            -0.21278731725792752,
            0.07287025135007826,
            0.0,
            0.0,
            0.0,
            1.0000000000000004,
            0.0,
            0.5236615367867354,
            0.16730180918436505,
            -0.035013313107483304,
            -0.24620544967489996,
            -0.08319811389190875,
            0.19039354423772045,
            0.18045430308407226,
            0.010073628139579394,
            -0.2955108009982966,
            0.01751165973205306
        ],
        [
            0.05561204473311733,
            0.017609490106454996,
            -0.014760814803108166,
            0.07287025135007828,
            0.4562765199636753,
            0.0,
            0.0,
            0.0,
            0.0,
            1.0000000000000004,
            0.061897756367618594,
            0.019775381419645917,
            -0.004138637979120419,
            -0.08319811389190875,
            0.44782518470689503,
            -0.009182212089387328,
            -0.008702866948533105,
            -0.000485826294465885,
            0.01751165973205306,
            0.06674963744879993
        ],
        [
            0.11819033397755431,
            0.3045032502419956,
            -0.011633851621298203,
            0.1556667302032634,
            0.00105438120438231,
            0.5418840323358793,
            0.5548476755825115,
            0.026049214615199594,
            0.5236615367867358,
            0.061897756367618594,
            0.9999999999999999,
            0.6848602514927513,
            0.0,
            0.0,
            0.0,
            0.6095159623044948,
            0.579231076000874,
            0.06172324601524642,
            -0.5279060708025991,
            0.12657393787943788
        ],
        [
            0.30450325024199565,
            0.6031531809951928,
            -0.0129973035410782,
            0.1739103961060464,
            0.0011779514650398556,
            0.5548476755825115,
            0.877070726760107,
            0.008322323536871784,
            0.1673018091843651,
            0.019775381419645917,
            0.6848602514927513,
            1.0000000000000002,
            0.0,
            0.0,
            0.0,
            0.579231076000874,
            0.9008987955991308,
            0.017795236631778268,
            -0.1521989534860831,
            0.03649213742621748
        ],
        [
            0.011633851621298192,
            0.012997303541078191,
            0.04750959901236505,
            0.022011594855922117,
            0.00014909166437977937,
            -0.02604921461519958,
            -0.00832232353687177,
            0.4559176394294701,
            -0.03501331310748331,
            -0.004138637979120419,
            0.0,
            0.0,
            1.0000000000000004,
            0.0,
            0.0,
            -0.06172324601524644,
            -0.017795236631778275,
            0.5284019397948309,
            0.07289546023737499,
            -0.017477854425410996
        ],
        [
            -0.15566673020326333,
            -0.17391039610604625,
            0.022011594855922117,
            -0.24537145496324966,
            -0.0019949207407866875,
            -0.5236615367867354,
            -0.16730180918436469,
            -0.03501331310748332,
            -0.24620544967489996,
            -0.08319811389190875,
            0.0,
            0.0,
            0.0,
            1.0000000000000004,
            0.0,
            0.5279060708025992,
            0.15219895348608303,
            0.0728954602373751,
            -0.08653475104326254,
            0.14948444956215434
        ],
        [
            -0.0010543812043823095,
            -0.0011779514650398554,
            0.0001490916643797794,
            -0.001994920740786688,
            0.049141137243026024,
            -0.061897756367618594,
            -0.019775381419645917,
            -0.004138637979120421,
            -0.08319811389190875,
            0.44782518470689503,
            0.0,
            0.0,
            0.0,
            0.0,
            1.0000000000000004,
            -0.12657393787943788,
            -0.03649213742621745,
            -0.017477854425410996,
            0.14948444956215412,
            0.5010836500368245
        ],
        [
            0.014625475738137196,
            0.12638148077352251,
            -0.0015487158610267998,
            0.017673351031035664,
            -0.001212110143876252,
            0.1457668039154916,
            0.33171218031685484,
            -0.0052820915608547975,
            0.19039354423772048,
            -0.009182212089387328,
            0.6095159623044948,
            0.579231076000874,
            -0.06172324601524642,
            0.5279060708025991,
            -0.12657393787943788,
            0.9999999999999999,
            0.6848602514927513,
            0.0,
            0.0,
            0.0
        ],
        [
            0.12638148077352251,
            0.3479358187904578,
            -0.0085549401123172,
            0.09762569329807702,
            -0.006695566276126673,
            0.33171218031685484,
            0.6362732335686531,
            -0.0050063470127443156,
            0.1804543030840723,
            -0.008702866948533115,
            0.579231076000874,
            0.9008987955991308,
            -0.01779523663177828,
            0.1521989534860831,
            -0.03649213742621748,
            0.6848602514927513,
            1.0000000000000002,
            0.0,
            0.0,
            0.0
        ],
        [
            0.0015487158610267995,
            0.0085549401123172,
            0.0016758077598454883,
            0.0020176896544567527,
            -0.00013838134562406664,
            0.005282091560854798,
            0.005006347012744302,
            0.06731470885363341,
            0.010073628139579394,
            -0.000485826294465885,
            0.06172324601524644,
            0.01779523663177829,
            0.5284019397948309,
            0.0728954602373751,
            -0.017477854425410996,
            0.0,
            0.0,
            1.0000000000000004,
            0.0,
            0.0
        ],
        [
            -0.017673351031035657,
            -0.0976256932980769,
            0.0020176896544567527,
            -0.021172482059378304,
            0.0015791548074801302,
            -0.19039354423772037,
            -0.18045430308407245,
            0.010073628139579394,
            -0.2955108009982966,
            0.01751165973205306,
            -0.5279060708025992,
            -0.15219895348608303,
            0.07289546023737499,
            -0.08653475104326237,
            0.14948444956215412,
            0.0,
            0.0,
            0.0,
            1.0000000000000004,
            0.0
        ],
        [
            0.0012121101438762518,
            0.006695566276126669,
            -0.00013838134562406664,
            0.0015791548074801302,
            0.001744313070890526,
            0.009182212089387328,
            0.008702866948533103,
            -0.000485826294465885,
            0.01751165973205306,
            0.06674963744879993,
            0.12657393787943788,
            0.03649213742621745,
            -0.017477854425410992,
            0.14948444956215434,
            0.5010836500368245,
            0.0,
            0.0,
            0.0,
            0.0,
            1.0000000000000004
        ]
    ],
    "h": [
        [
            -0.2634831718258457,
            -0.4661319638494945,
            0.055362277422624256,
            -0.28203471139162906,
            0.028042167081653774,
            -0.5745742608557203,
            -0.45863280525925254,
            -0.0105338452560306,
            0.02246124961232221,
            -0.010214298741101607,
            -0.24098622134362496,
            -0.31026358169296864,
            -0.005931226076063535,
            0.3132829829650355,
            0.01349646574365401,
            -0.020096879848403464,
            -0.14901193116459477,
            -0.004887646004688004,
            0.07791777935383307,
            -0.005274653181342553
        ],
        [
            -0.4661319638494945,
            -0.31085074716901673,
            0.04582535558830311,
            -0.24015137298760886,
            0.02271086873283097,
            -0.5379865315186545,
            -0.3653807455800582,
            -0.04669765025150654,
            0.104465322565709,
            -0.03462655781295633,
            -0.33416189786145356,
            -0.30870670478902373,
            0.008937283673040959,
            0.1854181079582165,
            0.028494566027487137,
            -0.15190646668865398,
            -0.2056434646857333,
            -0.010920873561599357,
            0.1308061445830404,
            -0.01989219888659223
        ],
        [
            0.055362277422624256,
            0.04582535558830311,
            1.4800921624861696,
            0.051853640102134946,
            -0.005393297387802256,
            0.00894244533671848,
            0.04161158141616444,
            0.35501005125714946,
            0.19575493808094668,
            -0.01960330068689315,
            0.031749923682426365,
            0.033399501767111615,
            -0.045822777048995816,
            -0.039708634155785044,
            -0.003076254853118696,
            0.007050699855313191,
            0.018604092885973294,
            -0.005140933515596484,
            -0.01168312369482517,
            0.0009594869446147016
        ],
        [
            -0.28203471139162906,
            -0.24015137298760886,
            0.051853640102134946,
            1.2214765710652309,
            0.026300022708021342,
            -0.07330085933378538,
            -0.22900459640085913,
            0.1848318690776975,
            -0.5913931767977461,
            0.0924878584753675,
            -0.23917646306780144,
            -0.18416750881388616,
            0.0032182174096574215,
            0.18459416883655783,
            0.020583759417047133,
            -0.07512849785844077,
            -0.1226144214983709,
            -0.008583702288472288,
            0.10289999087142263,
            -0.009852183947801327
        ],
        [
            0.028042167081653774,
            0.02271086873283097,
            -0.005393297387802256,
            0.026300022708021342,
            1.4875452537368647,
            0.0020283958117254114,
            0.019916303082021736,
            -0.02063677174608299,
            0.1033329643543022,
            0.3823988706451048,
            0.011157763466581982,
            0.016236342292560033,
            -4.050162632904345e-05,
            -0.018043584511993796,
            -0.04682562431100312,
            0.003259038198009428,
            0.008679872834616027,
            0.0004769561518223062,
            -0.0067588237380522345,
            -0.005507153424338697
        ],
        [
            -0.5745742608557203,
            -0.5379865315186545,
            0.00894244533671848,
            -0.07330085933378538,
            0.0020283958117254114,
            -0.44230865744550063,
            -0.6005329765186844,
            -0.06373785032067379,
            0.03436581898308634,
            -0.0542162058095767,
            -0.5307230936070475,
            -0.5138678035433168,
            0.0027620205700743736,
            0.04564605182843917,
            0.0163830745599845,
            -0.2837697459483911,
            -0.35441709266610877,
            -0.018507255032628924,
            0.26395195151955575,
            -0.036105509331056204
        ],
        [
            -0.45863280525925254,
            -0.3653807455800582,
            0.04161158141616444,
            -0.22900459640085913,
            0.019916303082021736,
            -0.6005329765186844,
            -0.43525330856397715,
            -0.05022344259474519,
            -0.005758164820473491,
            -0.04328159696595587,
            -0.5240573097520301,
            -0.41169084651233234,
            0.020724154834381128,
            0.11449666839649075,
            0.052237078049839264,
            -0.3413479777112001,
            -0.3212954526709255,
            -0.02032394573106254,
            0.20705468199940907,
            -0.04143394118546445
        ],
        [
            -0.0105338452560306,
            -0.04669765025150654,
            0.35501005125714946,
            0.1848318690776975,
            -0.02063677174608299,
            -0.06373785032067379,
            -0.05022344259474519,
            1.396392635454778,
            0.04300065279183816,
            -0.0070813114226031875,
            -0.007053848840615384,
            -0.029939494538690704,
            0.36690448065752523,
            -0.029285966873498603,
            -0.005646437076341486,
            6.347636963207736e-05,
            -0.014184367765315538,
            -0.04706260238390628,
            0.01043608229193493,
            -0.0011048282475939178
        ],
        [
            0.02246124961232221,
            0.104465322565709,
            0.19575493808094668,
            -0.5913931767977461,
            0.1033329643543022,
            0.03436581898308634,
            -0.005758164820473491,
            0.04300065279183816,
            0.8373120488372718,
            0.0014753545733950943,
            -0.07857936370897622,
            -0.13536315664490556,
            -0.032592482103262044,
            -0.7766425891052694,
            -0.0910522162188066,
            -0.3435582049408492,
            -0.19607429429365664,
            -0.022515962560580177,
            0.14103466925230934,
            -0.04735251977702787
        ],
        [
            -0.010214298741101607,
            -0.03462655781295633,
            -0.01960330068689315,
            0.0924878584753675,
            0.3823988706451048,
            -0.0542162058095767,
            -0.04328159696595587,
            -0.0070813114226031875,
            0.0014753545733950943,
            1.4011393031999253,
            -0.003993044020257658,
            -0.031656424764239924,
            -0.006081592262690897,
            -0.10527552118057504,
            0.3568322081441486,
            -0.010176975599628164,
            -0.022128962923220898,
            -0.001631528422593876,
            0.02294190551632263,
            -0.04965261487584691
        ],
        [
            -0.24098622134362496,
            -0.33416189786145356,
            0.031749923682426365,
            -0.23917646306780144,
            0.011157763466581982,
            -0.5307230936070475,
            -0.5240573097520301,
            -0.007053848840615384,
            -0.07857936370897622,
            -0.003993044020257658,
            -0.49578828826202037,
            -0.6184409706970742,
            0.04660065897647786,
            -0.07887030824906446,
            0.098378154023228,
            -0.6298833159424767,
            -0.5671850318484697,
            -0.003037698199559402,
            0.0764217030967298,
            -0.006826735723139354
        ],
        [
            -0.31026358169296864,
            -0.30870670478902373,
            0.033399501767111615,
            -0.18416750881388616,
            0.016236342292560033,
            -0.5138678035433168,
            -0.41169084651233234,
            -0.029939494538690704,
            -0.13536315664490556,
            -0.031656424764239924,
            -0.6184409706970742,
            -0.4336954127759227,
            0.0341769709329621,
            -0.01495447119394716,
            0.07530102038553753,
            -0.4888007941170758,
            -0.371688324263832,
            -0.025124013482263313,
            0.25563843831041677,
            -0.05191735194200821
        ],
        [
            -0.005931226076063535,
            0.008937283673040959,
            -0.045822777048995816,
            0.0032182174096574215,
            -4.050162632904345e-05,
            0.0027620205700743736,
            0.020724154834381128,
            0.36690448065752523,
            -0.032592482103262044,
            -0.006081592262690897,
            0.04660065897647786,
            0.0341769709329621,
            1.3869896443169296,
            0.024924928304410295,
            -0.009483942211561012,
            0.007611458821322359,
            0.03173690887995205,
            0.48690061812508134,
            0.099888364667752,
            -0.024888443434939414
        ],
        [
            0.3132829829650355,
            0.1854181079582165,
            -0.039708634155785044,
            0.18459416883655783,
            -0.018043584511993796,
            0.04564605182843917,
            0.11449666839649075,
            -0.029285966873498603,
            -0.7766425891052694,
            -0.10527552118057504,
            -0.07887030824906446,
            -0.01495447119394716,
            0.024924928304410295,
            0.8075293959334318,
            0.04058842081254065,
            0.004209228492490946,
            -0.10762211453215664,
            0.1096739593587013,
            -0.4648398869945524,
            0.2234188519864465
        ],
        [
            0.01349646574365401,
            0.028494566027487137,
            -0.003076254853118696,
            0.020583759417047133,
            -0.04682562431100312,
            0.0163830745599845,
            0.052237078049839264,
            -0.005646437076341486,
            -0.0910522162188066,
            0.3568322081441486,
            0.098378154023228,
            0.07530102038553753,
            -0.009483942211561012,
            0.04058842081254065,
            1.372056712093471,
            0.012504150683605553,
            0.06586909320988685,
            -0.02502066605695047,
            0.20435471785205628,
            0.44783221603201184
        ],
        [
            -0.020096879848403464,
            -0.15190646668865398,
            0.007050699855313191,
            -0.07512849785844077,
            0.003259038198009428,
            -0.2837697459483911,
            -0.3413479777112001,
            6.347636963207736e-05,
            -0.3435582049408492,
            -0.010176975599628164,
            -0.6298833159424767,
            -0.4888007941170758,
            0.007611458821322359,
            0.004209228492490946,
            0.012504150683605553,
            -0.3228877779835415,
            -0.4908412627346981,
            -0.03536060626789249,
            0.3235413727524962,
            -0.07376430981929119
        ],
        [
            -0.14901193116459477,
            -0.2056434646857333,
            0.018604092885973294,
            -0.1226144214983709,
            0.008679872834616027,
            -0.35441709266610877,
            -0.3212954526709255,
            -0.014184367765315538,
            -0.19607429429365664,
            -0.022128962923220898,
            -0.5671850318484697,
            -0.371688324263832,
            0.03173690887995205,
            -0.10762211453215664,
            0.06586909320988685,
            -0.4908412627346981,
            -0.31970562085728393,
            -0.027273206189018996,
            0.26138377051393435,
            -0.056767850942448045
        ],
        [
            -0.004887646004688004,
            -0.010920873561599357,
            -0.005140933515596484,
            -0.008583702288472288,
            0.0004769561518223062,
            -0.018507255032628924,
            -0.02032394573106254,
            -0.04706260238390628,
            -0.022515962560580177,
            -0.001631528422593876,
            -0.003037698199559402,
            -0.025124013482263313,
            0.48690061812508134,
            0.1096739593587013,
            -0.02502066605695047,
            -0.03536060626789249,
            -0.027273206189018996,
            1.4624251894308598,
            0.03301629930972759,
            -0.007798368741061495
        ],
        [
            0.07791777935383307,
            0.1308061445830404,
            -0.01168312369482517,
            0.10289999087142263,
            -0.0067588237380522345,
            0.26395195151955575,
            0.20705468199940907,
            0.01043608229193493,
            0.14103466925230934,
            0.02294190551632263,
            0.0764217030967298,
            0.25563843831041677,
            0.099888364667752,
            -0.4648398869945524,
            0.20435471785205628,
            0.3235413727524962,
            0.26138377051393435,
            0.03301629930972759,
            1.1586431800548949,
            0.06798103056395201
        ],
        [
            -0.005274653181342553,
            -0.01989219888659223,
            0.0009594869446147016,
            -0.009852183947801327,
            -0.005507153424338697,
            -0.036105509331056204,
            -0.04143394118546445,
            -0.0011048282475939178,
            -0.04735251977702787,
            -0.04965261487584691,
            -0.006826735723139354,
            -0.05191735194200821,
            -0.024888443434939414,
            0.2234188519864465,
            0.44783221603201184,
            -0.07376430981929119,
            -0.056767850942448045,
            -0.007798368741061495,
            0.06798103056395201,
            1.4501556423961786
        ]
    ]
}