{
    "HF": -2.165624781335895,
    "coordinates": [
        [
            0.775298,
            -0.088851,
            0.053477
        ],
        [
            1.574899,
            -0.149365,
            -0.139415
        ],
        [
            2.349608,
            -0.089337,
            0.163765
        ],
        [
            3.000683,
            -0.06259,
            -0.19944
        ]
    ],
    "elements": [
        "H",
        "H",
        "H",
        "H"
    ],
    "Enn": 2.9270978952788447,
    "S": [
        [
            0.9999999999999999,
            0.6848602514927513,
            0.0,
            0.0,
            0.0,
            0.5034803497196221,
            0.5399112701929198,
            0.11957606703251637,
            -0.49568226144820493,
            0.03751335524752555,
            0.10233577872735243,
            0.2870121003173534,
            -0.009483242322380486,
            -0.13536888166026065,
            4.17892768812305e-05,
            0.012738162633440537,
            0.11910782439656709,
            0.0017255852246954501,
            -0.015183208227437796,
            -0.00017917179780610717
        ],
        [
            0.6848602514927513,
            1.0000000000000002,
            0.0,
            0.0,
            0.0,
            0.5399112701929198,
            0.8622775341679556,
            0.040724479363356415,
            -0.16881640723005178,
            0.012776067147388973,
            0.2870121003173534,
            0.5812681204309375,
            -0.011850893342299502,
            -0.1691660008134657,
            5.2222673041105327e-05,
            0.11910782439656704,
            0.33525062678158607,
            0.010589535007461817,
            -0.09317599197594634,
            -0.0010995377093313391
        ],
        [
            0.0,
            0.0,
            1.0000000000000004,
            0.0,
            0.0,
            -0.11957606703251639,
            -0.04072447936335642,
            0.3735955525844301,
            0.1655920685761924,
            -0.012532048406417338,
            0.009483242322380483,
            0.011850893342299485,
            0.0381926896912748,
            -0.017777324073811107,
            5.4879785428994585e-06,
            -0.0017255852246954497,
            -0.01058953500746181,
            0.0012382258058880775,
            0.002169626514130515,
            2.560301336064611e-05
        ],
        [
            0.0,
            0.0,
            0.0,
            1.0000000000000004,
            0.0,
            0.49568226144820493,
            0.16881640723005178,
            0.16559206857619235,
            -0.2728915668793559,
            0.05194947658700053,
            0.13536888166026062,
            0.1691660008134657,
            -0.01777732407381112,
            -0.21432497133716746,
            7.833834596576283e-05,
            0.015183208227437787,
            0.09317599197594624,
            0.0021696265141305142,
            -0.017605466103981896,
            -0.00022527770726199275
        ],
        [
            0.0,
            0.0,
            0.0,
            0.0,
            1.0000000000000004,
            -0.03751335524752555,
            -0.01277606714738895,
            -0.012532048406417334,
            0.05194947658700053,
            0.4096106584504972,
            -4.178927688123047e-05,
            -5.222267304110532e-05,
            5.487978542899794e-06,
            7.833834596576754e-05,
            0.0394380527042877,
            0.00017917179780610704,
            0.0010995377093313409,
            2.5603013360646094e-05,
            -0.00022527770726199272,
            0.0014821473795501362
        ],
        [
            0.5034803497196221,
            0.5399112701929198,
            -0.11957606703251637,
            0.495682261448205,
            -0.03751335524752555,
            0.9999999999999999,
            0.6848602514927513,
            0.0,
            0.0,
            0.0,
            0.4962489613266937,
            0.537001532217852,
            -0.18453336063031,
            -0.471533924667019,
            -0.03653660720336517,
            0.14977026953600184,
            0.3353836686139246,
            0.008212674725378203,
            -0.19507705490460042,
            -0.011872633890790404
        ],
        [
            0.5399112701929198,
            0.8622775341679556,
            -0.04072447936335641,
            0.16881640723005178,
            -0.012776067147388973,
            0.6848602514927513,
            1.0000000000000002,
            0.0,
            0.0,
            0.0,
            0.537001532217852,
            0.8593776631304821,
            -0.06364090082341937,
            -0.1626201551421943,
            -0.012600554108543494,
            0.33538366861392466,
            0.6406621016352221,
            0.007619330428923556,
            -0.18098324725151724,
            -0.011014867104870317
        ],
        [
            0.11957606703251639,
            0.040724479363356415,
            0.3735955525844301,
            0.1655920685761924,
            -0.012532048406417338,
            0.0,
            0.0,
            1.0000000000000004,
            0.0,
            0.0,
            0.18453336063031,
            0.06364090082341933,
            0.30859929723336044,
            -0.24715706964928733,
            -0.01915086126133481,
            -0.008212674725378203,
            -0.0076193304289235275,
            0.06976181041327291,
            0.01564650324039477,
            0.0009522657840775716
        ],
        [
            -0.49568226144820493,
            -0.16881640723005178,
            0.16559206857619235,
            -0.2728915668793559,
            0.05194947658700053,
            0.0,
            0.0,
            0.0,
            1.0000000000000004,
            0.0,
            0.47153392466701893,
            0.16262015514219388,
            -0.24715706964928746,
            -0.22623141134332994,
            -0.04893576283695307,
            0.19507705490460042,
            0.18098324725151718,
            0.015646503240394762,
            -0.30123352110767654,
            -0.02261933059034163
        ],
        [
            0.03751335524752555,
            0.012776067147388973,
            -0.012532048406417334,
            0.05194947658700053,
            0.4096106584504972,
            0.0,
            0.0,
            0.0,
            0.0,
            1.0000000000000004,
            0.03653660720336516,
            0.01260055410854349,
            -0.0191508612613348,
            -0.04893576283695302,
            0.4015316943072222,
            0.0118726338907904,
            0.011014867104870292,
            0.0009522657840775704,
            -0.022619330590341616,
            0.06904388185258475
        ],
        [
            0.10233577872735243,
            0.2870121003173534,
            0.009483242322380488,
            0.13536888166026068,
            -4.17892768812305e-05,
            0.4962489613266937,
            0.537001532217852,
            0.18453336063031,
            0.47153392466701893,
            0.03653660720336516,
            0.9999999999999999,
            0.6848602514927513,
            0.0,
            0.0,
            0.0,
            0.5658737307147625,
            0.563762973259311,
            0.2610300372660213,
            -0.4679179293043182,
            -0.019222671512656133
        ],
        [
            0.2870121003173534,
            0.5812681204309375,
            0.011850893342299497,
            0.1691660008134657,
            -5.2222673041105327e-05,
            0.537001532217852,
            0.8593776631304821,
            0.06364090082341937,
            0.16262015514219394,
            0.012600554108543494,
            0.6848602514927513,
            1.0000000000000002,
            0.0,
            0.0,
            0.0,
            0.563762973259311,
            0.8858283283246069,
            0.08030357309890032,
            -0.14395079598399438,
            -0.005913684199491425
        ],
        [
            -0.009483242322380481,
            -0.01185089334229948,
            0.0381926896912748,
            -0.017777324073811114,
            5.487978542899791e-06,
            -0.18453336063031,
            -0.06364090082341933,
            0.30859929723336044,
            -0.24715706964928746,
            -0.0191508612613348,
            0.0,
            0.0,
            1.0000000000000004,
            0.0,
            0.0,
            -0.26103003726602136,
            -0.0803035730989003,
            0.3192742290187636,
            0.2981056284212294,
            0.012246563365791373
        ],
        [
            -0.13536888166026056,
            -0.1691660008134657,
            -0.017777324073811114,
            -0.2143249713371674,
            7.833834596576754e-05,
            -0.471533924667019,
            -0.16262015514219424,
            -0.24715706964928733,
            -0.22623141134332994,
            -0.04893576283695302,
            0.0,
            0.0,
            0.0,
            1.0000000000000004,
            0.0,
            0.4679179293043182,
            0.1439507959839936,
            0.2981056284212293,
            -0.048805251635400455,
            -0.021952977639026493
        ],
        [
            4.178927688123047e-05,
            5.222267304110532e-05,
            5.487978542899461e-06,
            7.833834596576283e-05,
            0.0394380527042877,
            -0.03653660720336515,
            -0.01260055410854349,
            -0.01915086126133481,
            -0.04893576283695307,
            0.4015316943072222,
            0.0,
            0.0,
            0.0,
            0.0,
            1.0000000000000004,
            0.019222671512656143,
            0.0059136841994914344,
            0.012246563365791375,
            -0.021952977639026504,
            0.48467188440074194
        ],
        [
            0.012738162633440537,
            0.11910782439656709,
            -0.0017255852246954501,
            0.015183208227437791,
            0.00017917179780610704,
            0.14977026953600184,
            0.3353836686139246,
            -0.008212674725378203,
            0.19507705490460042,
            0.0118726338907904,
            0.5658737307147625,
            0.563762973259311,
            -0.2610300372660213,
            0.4679179293043182,
            0.019222671512656143,
            0.9999999999999999,
            0.6848602514927513,
            0.0,
            0.0,
            0.0
        ],
        [
            0.11910782439656704,
            0.33525062678158607,
            -0.010589535007461815,
            0.09317599197594634,
            0.0010995377093313413,
            0.33538366861392466,
            0.6406621016352221,
            -0.00761933042892353,
            0.18098324725151724,
            0.011014867104870322,
            0.563762973259311,
            0.8858283283246069,
            -0.08030357309890032,
            0.14395079598399438,
            0.005913684199491436,
            0.6848602514927513,
            1.0000000000000002,
            0.0,
            0.0,
            0.0
        ],
        [
            0.0017255852246954497,
            0.010589535007461804,
            0.0012382258058880775,
            0.002169626514130515,
            2.5603013360646094e-05,
            0.008212674725378203,
            0.0076193304289235275,
            0.06976181041327291,
            0.015646503240394762,
            0.0009522657840775707,
            0.26103003726602136,
            0.0803035730989003,
            0.3192742290187636,
            0.2981056284212294,
            0.01224656336579138,
            0.0,
            0.0,
            1.0000000000000004,
            0.0,
            0.0
        ],
        [
            -0.015183208227437787,
            -0.09317599197594631,
            0.0021696265141305142,
            -0.017605466103981896,
            -0.00022527770726199264,
            -0.19507705490460042,
            -0.18098324725151718,
            0.01564650324039477,
            -0.3012335211076764,
            -0.022619330590341616,
            -0.4679179293043182,
            -0.1439507959839936,
            0.2981056284212293,
            -0.048805251635400455,
            -0.021952977639026504,
            0.0,
            0.0,
            0.0,
            1.0000000000000004,
            0.0
        ],
        [
            -0.00017917179780610717,
            -0.0010995377093313387,
            2.560301336064611e-05,
            -0.0002252777072619929,
            0.0014821473795501362,
            -0.011872633890790399,
            -0.0110148671048703,
            0.0009522657840775715,
            -0.022619330590341626,
            0.06904388185258475,
            -0.019222671512656133,
            -0.005913684199491423,
            0.012246563365791368,
            -0.021952977639026493,
            0.48467188440074194,
            0.0,
            0.0,
            0.0,
            0.0,
            1.0000000000000004
        ]
    ],
    "h": [
        [
            -0.2307474891752337,
            -0.4528727213958931,
            0.05537087278180303,
            -0.2522580784203875,
            0.018335354996956703,
            -0.5394452354042989,
            -0.44152827083561985,
            -0.025780808259658144,
            0.04266863613755867,
            -0.0048517520580788065,
            -0.20958528272231408,
            -0.2895831922872131,
            0.045484867803901964,
            0.27296512191179645,
            0.009943029053568057,
            -0.015811590524562838,
            -0.14042913922339945,
            -0.006649975229887405,
            0.07080711894909938,
            0.0024761044050018314
        ],
        [
            -0.4528727213958931,
            -0.30927469039592914,
            0.04646317509667213,
            -0.22364719449801174,
            0.01561844264890485,
            -0.5148909896706109,
            -0.3645303416691231,
            -0.08075821136441214,
            0.10585895726217737,
            -0.02097023937747491,
            -0.3092248495387952,
            -0.3009888794835658,
            0.07507609413648528,
            0.16397122685956894,
            0.010375819380489832,
            -0.1427080150761702,
            -0.20249126888894736,
            -0.03562916668241026,
            0.11919518866711734,
            0.005164595009896605
        ],
        [
            0.05537087278180303,
            0.04646317509667213,
            1.4880848231375803,
            0.051000785626316984,
            -0.004012462790484667,
            0.0052470220198803375,
            0.03933857309367457,
            0.2672362758008464,
            0.22336256973911672,
            -0.01691961442772749,
            0.014182565263280822,
            0.031612578134892426,
            -0.04870086140690941,
            -0.026697715722927177,
            -0.0013611284352149557,
            0.004102884440632776,
            0.01622467091785383,
            -0.0040784095836723,
            -0.010485741019573828,
            -0.0003155324031185429
        ],
        [
            -0.2522580784203875,
            -0.22364719449801174,
            0.051000785626316984,
            1.2646949422234628,
            0.01666060516640327,
            -0.07574355574515723,
            -0.20983915749439486,
            0.19894059172494716,
            -0.6269630027380995,
            0.06485340836182717,
            -0.21163683710438871,
            -0.16651608580456506,
            0.056927935087759146,
            0.1766500234096383,
            0.009552917914881864,
            -0.06701365662967165,
            -0.11405499314630568,
            -0.014981525421302315,
            0.09029831587954337,
            0.002597427574054438
        ],
        [
            0.018335354996956703,
            0.01561844264890485,
            -0.004012462790484667,
            0.01666060516640327,
            1.4997433968250422,
            0.003015366827099762,
            0.013529500918056898,
            -0.016273722216801345,
            0.06995062276528717,
            0.3153167295175014,
            0.006795762315373564,
            0.01060992044901237,
            -0.0025358902952244155,
            -0.010634394647229534,
            -0.04260404469871684,
            0.000176549444255516,
            0.004975229356717591,
            2.7867179826342452e-05,
            -0.0008040845227908183,
            -0.005036556649030366
        ],
        [
            -0.5394452354042989,
            -0.5148909896706109,
            0.0052470220198803375,
            -0.07574355574515723,
            0.003015366827099762,
            -0.38632129285960537,
            -0.5774421651869992,
            -0.12748315620698342,
            0.038243266807344814,
            -0.032151331255311444,
            -0.4973449906865246,
            -0.49151192112703035,
            0.045830158379214,
            0.05112390442764936,
            0.0015170567473180435,
            -0.27404179536297335,
            -0.3456181743490758,
            -0.06182573724831857,
            0.23600348256218934,
            0.012122018881728713
        ],
        [
            -0.44152827083561985,
            -0.3645303416691231,
            0.03933857309367457,
            -0.20983915749439486,
            0.013529500918056898,
            -0.5774421651869992,
            -0.4358401018236282,
            -0.10919186568218944,
            0.00010618194972816797,
            -0.028621963071087032,
            -0.5022644948470244,
            -0.4121275280724064,
            0.12791967679423605,
            0.09783296335329006,
            0.008740238533475688,
            -0.3363917454516328,
            -0.3247114319071849,
            -0.08076438560350999,
            0.1858423421970774,
            0.008592412248223068
        ],
        [
            -0.025780808259658144,
            -0.08075821136441214,
            0.2672362758008464,
            0.19894059172494716,
            -0.016273722216801345,
            -0.12748315620698342,
            -0.10919186568218944,
            1.3799018464895147,
            -0.017509140683166308,
            -0.0096774244622033,
            -0.021321477495803376,
            -0.08585132390654003,
            0.17456625301756723,
            -0.3122074353939939,
            -0.024821406488431508,
            -0.044786423707253574,
            -0.06616502176833647,
            -0.06295296518341527,
            0.06024277420497599,
            0.0029870185353829026
        ],
        [
            0.04266863613755867,
            0.10585895726217737,
            0.22336256973911672,
            -0.6269630027380995,
            0.06995062276528717,
            0.038243266807344814,
            0.00010618194972816797,
            -0.017509140683166308,
            0.9351653569398297,
            -0.00045012201406164905,
            -0.09611853676544435,
            -0.12454885010023814,
            -0.27770772414280487,
            -0.6805939801191866,
            -0.0686298702760923,
            -0.3112003435936017,
            -0.1788080739379864,
            -0.08474281422220192,
            0.07410393315651642,
            0.004553771596734174
        ],
        [
            -0.0048517520580788065,
            -0.02097023937747491,
            -0.01691961442772749,
            0.06485340836182717,
            0.3153167295175014,
            -0.032151331255311444,
            -0.028621963071087032,
            -0.0096774244622033,
            -0.00045012201406164905,
            1.4190344092146494,
            -0.010661856301094022,
            -0.02348724235985963,
            -0.021266836600759238,
            -0.06290568942906465,
            0.2897210389045425,
            -0.018593312729533566,
            -0.017521483381753,
            -0.0057430752062992575,
            0.010302495540333557,
            -0.042772214693428984
        ],
        [
            -0.20958528272231408,
            -0.3092248495387952,
            0.014182565263280822,
            -0.21163683710438871,
            0.006795762315373564,
            -0.4973449906865246,
            -0.5022644948470244,
            -0.021321477495803376,
            -0.09611853676544435,
            -0.010661856301094022,
            -0.43634368938805346,
            -0.5919432102680139,
            0.2106205950084776,
            -0.06726330757772966,
            0.004416552130065025,
            -0.6031668092268884,
            -0.5488015346127699,
            -0.018074995769389535,
            0.08521215945569138,
            0.0051322524857551
        ],
        [
            -0.2895831922872131,
            -0.3009888794835658,
            0.031612578134892426,
            -0.16651608580456506,
            0.01060992044901237,
            -0.49151192112703035,
            -0.4121275280724064,
            -0.08585132390654003,
            -0.12454885010023814,
            -0.02348724235985963,
            -0.5919432102680139,
            -0.42942415631327147,
            0.17173147448679066,
            -0.01374548351018856,
            0.005156064421840235,
            -0.479779536286417,
            -0.37734723183582264,
            -0.10155651027865019,
            0.22885571980303365,
            0.010798104081544356
        ],
        [
            0.045484867803901964,
            0.07507609413648528,
            -0.04870086140690941,
            0.056927935087759146,
            -0.0025358902952244155,
            0.045830158379214,
            0.12791967679423605,
            0.17456625301756723,
            -0.27770772414280487,
            -0.021266836600759238,
            0.2106205950084776,
            0.17173147448679066,
            1.3086516274947322,
            0.04572085851978507,
            -0.0008994182879936141,
            0.039374615138337066,
            0.14549876115571314,
            0.18811169603874112,
            0.3806927439585023,
            0.014871005615527767
        ],
        [
            0.27296512191179645,
            0.16397122685956894,
            -0.026697715722927177,
            0.1766500234096383,
            -0.010634394647229534,
            0.05112390442764936,
            0.09783296335329006,
            -0.3122074353939939,
            -0.6805939801191866,
            -0.06290568942906465,
            -0.06726330757772966,
            -0.01374548351018856,
            0.04572085851978507,
            0.9566782339657884,
            -0.02403782761314318,
            -0.00984420952690579,
            -0.09092729040619413,
            0.4263279021800279,
            -0.38037942498285776,
            -0.03296235610261174
        ],
        [
            0.009943029053568057,
            0.010375819380489832,
            -0.0013611284352149557,
            0.009552917914881864,
            -0.04260404469871684,
            0.0015170567473180435,
            0.008740238533475688,
            -0.024821406488431508,
            -0.0686298702760923,
            0.2897210389045425,
            0.004416552130065025,
            0.005156064421840235,
            -0.0008994182879936141,
            -0.02403782761314318,
            1.4021884047213107,
            0.0024465407738520732,
            0.0004409347322825406,
            0.018174375255801442,
            -0.03545877599017091,
            0.4148592605463509
        ],
        [
            -0.015811590524562838,
            -0.1427080150761702,
            0.004102884440632776,
            -0.06701365662967165,
            0.000176549444255516,
            -0.27404179536297335,
            -0.3363917454516328,
            -0.044786423707253574,
            -0.3112003435936017,
            -0.018593312729533566,
            -0.6031668092268884,
            -0.479779536286417,
            0.039374615138337066,
            -0.00984420952690579,
            0.0024465407738520732,
            -0.29482286597319285,
            -0.4827510755037243,
            -0.14028646261533584,
            0.2735692726094696,
            0.012367194198074848
        ],
        [
            -0.14042913922339945,
            -0.20249126888894736,
            0.01622467091785383,
            -0.11405499314630568,
            0.004975229356717591,
            -0.3456181743490758,
            -0.3247114319071849,
            -0.06616502176833647,
            -0.1788080739379864,
            -0.017521483381753,
            -0.5488015346127699,
            -0.37734723183582264,
            0.14549876115571314,
            -0.09092729040619413,
            0.0004409347322825406,
            -0.4827510755037243,
            -0.32596721617741187,
            -0.11221038148240794,
            0.2328803807446153,
            0.010770908970992137
        ],
        [
            -0.006649975229887405,
            -0.03562916668241026,
            -0.0040784095836723,
            -0.014981525421302315,
            2.7867179826342452e-05,
            -0.06182573724831857,
            -0.08076438560350999,
            -0.06295296518341527,
            -0.08474281422220192,
            -0.0057430752062992575,
            -0.018074995769389535,
            -0.10155651027865019,
            0.18811169603874112,
            0.4263279021800279,
            0.018174375255801442,
            -0.14028646261533584,
            -0.11221038148240794,
            1.4025299389143515,
            0.11752200486288937,
            0.004914340208635247
        ],
        [
            0.07080711894909938,
            0.11919518866711734,
            -0.010485741019573828,
            0.09029831587954337,
            -0.0008040845227908183,
            0.23600348256218934,
            0.1858423421970774,
            0.06024277420497599,
            0.07410393315651642,
            0.010302495540333557,
            0.08521215945569138,
            0.22885571980303365,
            0.3806927439585023,
            -0.38037942498285776,
            -0.03545877599017091,
            0.2735692726094696,
            0.2328803807446153,
            0.11752200486288937,
            1.226959637988127,
            -0.010749895102210253
        ],
        [
            0.0024761044050018314,
            0.005164595009896605,
            -0.0003155324031185429,
            0.002597427574054438,
            -0.005036556649030366,
            0.012122018881728713,
            0.008592412248223068,
            0.0029870185353829026,
            0.004553771596734174,
            -0.042772214693428984,
            0.0051322524857551,
            0.010798104081544356,
            0.014871005615527767,
            -0.03296235610261174,
            0.4148592605463509,
            0.012367194198074848,
            0.010770908970992137,
            0.004914340208635247,
            -0.010749895102210253,
            1.4670212970892458
        ]
    ]
}