{
    "HF": -2.165050782330811,
    "coordinates": [
        [
            0.73396,
            -0.010048,
            -0.035419
        ],
        [
            1.567384,
            0.004749,
            -0.109868
        ],
        [
            2.352767,
            -0.07651,
            0.020979
        ],
        [
            3.102698,
            0.02193,
            0.071053
        ]
    ],
    "elements": [
        "H",
        "H",
        "H",
        "H"
    ],
    "Enn": 2.883474315972506,
    "S": [
        [
            0.9999999999999999,
            0.6848602514927513,
            0.0,
            0.0,
            0.0,
            0.49409227250694143,
            0.5361275034625907,
            0.045064862412131576,
            -0.5044814287763216,
            -0.00895679954213369,
            0.0911072585139383,
            0.27357742688914344,
            -0.004210489627902948,
            -0.12085481901976466,
            0.004961834846088261,
            0.007806838935376902,
            0.09647926833344028,
            -0.00039888756459441593,
            -0.008874259260483956,
            -0.00011980263863363358
        ],
        [
            0.6848602514927513,
            1.0000000000000002,
            0.0,
            0.0,
            0.0,
            0.5361275034625907,
            0.858505431555744,
            0.015600530115806678,
            -0.17464111285895134,
            -0.003100660104549309,
            0.27357742688914344,
            0.5641136968541034,
            -0.005757126937906995,
            -0.16524836673237375,
            0.0067844634658529475,
            0.09647926833344028,
            0.29377337696810546,
            -0.0035555290215426106,
            -0.07910170470575177,
            -0.001067874249106709
        ],
        [
            0.0,
            0.0,
            1.0000000000000004,
            0.0,
            0.0,
            -0.04506486241213159,
            -0.015600530115806676,
            0.39708089535970825,
            0.0648979155835058,
            0.0011522279858621,
            0.004210489627902949,
            0.005757126937906992,
            0.0327181389938565,
            -0.007819530561258383,
            0.00032103990170684614,
            0.00039888756459441625,
            0.0035555290215426062,
            0.0006560000317749474,
            -0.0004425496143065235,
            -5.974426705821416e-06
        ],
        [
            0.0,
            0.0,
            0.0,
            1.0000000000000004,
            0.0,
            0.5044814287763215,
            0.17464111285895131,
            0.06489791558350577,
            -0.3236256199306695,
            -0.012898688456381344,
            0.12085481901976465,
            0.1652483667323735,
            -0.007819530561258378,
            -0.19145552852886016,
            0.009214894857306187,
            0.008874259260483963,
            0.07910170470575166,
            -0.00044254961430652365,
            -0.009169739486586967,
            -0.00013291618046335198
        ],
        [
            0.0,
            0.0,
            0.0,
            0.0,
            1.0000000000000004,
            0.008956799542133688,
            0.0031006601045493075,
            0.0011522279858621,
            -0.01289868845638135,
            0.40264915716184907,
            -0.004961834846088261,
            -0.006784463465852944,
            0.00032103990170684614,
            0.009214894857306193,
            0.03261223726658918,
            0.00011980263863363366,
            0.0010678742491067087,
            -5.974426705821416e-06,
            -0.00013291618046335196,
            0.0006740977483293267
        ],
        [
            0.49409227250694143,
            0.5361275034625907,
            -0.045064862412131576,
            0.5044814287763215,
            0.00895679954213369,
            0.9999999999999999,
            0.6848602514927513,
            0.0,
            0.0,
            0.0,
            0.5225908902552272,
            0.5474500372307551,
            -0.08503134076829146,
            -0.5103836504208965,
            0.052806420624780054,
            0.11143074654282788,
            0.2972367886919898,
            -0.01725508553800143,
            -0.14642841017732117,
            -0.0016386136746336943
        ],
        [
            0.5361275034625907,
            0.858505431555744,
            -0.015600530115806668,
            0.17464111285895134,
            0.003100660104549309,
            0.6848602514927513,
            1.0000000000000002,
            0.0,
            0.0,
            0.0,
            0.5474500372307551,
            0.8697632147440972,
            -0.028037168141928758,
            -0.16828750545914273,
            0.017411727025036797,
            0.2972367886919898,
            0.5941207246930479,
            -0.020182662121666695,
            -0.17127212270916353,
            -0.0019166283511165394
        ],
        [
            0.045064862412131576,
            0.015600530115806676,
            0.39708089535970825,
            0.06489791558350579,
            0.0011522279858621003,
            0.0,
            0.0,
            1.0000000000000004,
            0.0,
            0.0,
            0.08503134076829147,
            0.02803716814192877,
            0.4160483063495512,
            -0.11616283185190769,
            0.012018690948816265,
            0.017255085538001428,
            0.02018266212166668,
            0.04110994017418706,
            -0.03239917693211242,
            -0.00036256443885135126
        ],
        [
            -0.5044814287763214,
            -0.17464111285895131,
            0.06489791558350579,
            -0.32362561993066963,
            -0.01289868845638135,
            0.0,
            0.0,
            0.0,
            1.0000000000000004,
            0.0,
            0.5103836504208965,
            0.16828750545914273,
            -0.11616283185190762,
            -0.26184285332474255,
            0.07213979344925113,
            0.14642841017732122,
            0.1712721227091635,
            -0.03239917693211243,
            -0.23001485872192043,
            -0.0030767586895419754
        ],
        [
            -0.008956799542133688,
            -0.0031006601045493075,
            0.0011522279858620999,
            -0.012898688456381344,
            0.40264915716184907,
            0.0,
            0.0,
            0.0,
            0.0,
            1.0000000000000004,
            -0.05280642062478007,
            -0.017411727025036794,
            0.012018690948816265,
            0.07213979344925117,
            0.42793747454320175,
            0.0016386136746336943,
            0.0019166283511165385,
            -0.00036256443885135126,
            -0.0030767586895419745,
            0.0448934200999154
        ],
        [
            0.0911072585139383,
            0.27357742688914344,
            0.004210489627902948,
            0.12085481901976469,
            -0.004961834846088261,
            0.5225908902552272,
            0.5474500372307551,
            0.08503134076829146,
            0.5103836504208965,
            -0.052806420624780054,
            0.9999999999999999,
            0.6848602514927513,
            0.0,
            0.0,
            0.0,
            0.5562287987516839,
            0.5602153076159786,
            -0.035213604095040624,
            -0.5273749517234076,
            -0.06922608913040296
        ],
        [
            0.27357742688914344,
            0.5641136968541034,
            0.005757126937906995,
            0.16524836673237367,
            -0.006784463465852949,
            0.5474500372307551,
            0.8697632147440972,
            0.02803716814192877,
            0.16828750545914273,
            -0.01741172702503679,
            0.6848602514927513,
            1.0000000000000002,
            0.0,
            0.0,
            0.0,
            0.5602153076159786,
            0.8823497737809181,
            -0.010996864248914141,
            -0.1646940408805455,
            -0.02161863075973775
        ],
        [
            -0.004210489627902949,
            -0.005757126937906992,
            0.0327181389938565,
            -0.007819530561258382,
            0.00032103990170684614,
            -0.08503134076829147,
            -0.028037168141928765,
            0.4160483063495512,
            -0.11616283185190762,
            0.012018690948816265,
            0.0,
            0.0,
            1.0000000000000004,
            0.0,
            0.0,
            0.03521360409504062,
            0.01099686424891414,
            0.47123351222136933,
            -0.04624217419821246,
            -0.0060699979439068855
        ],
        [
            -0.12085481901976468,
            -0.16524836673237342,
            -0.00781953056125838,
            -0.19145552852886025,
            0.009214894857306189,
            -0.5103836504208965,
            -0.16828750545914273,
            -0.11616283185190769,
            -0.26184285332474255,
            0.07213979344925117,
            0.0,
            0.0,
            0.0,
            1.0000000000000004,
            0.0,
            0.5273749517234076,
            0.16469404088054548,
            -0.04624217419821249,
            -0.21822266343829483,
            -0.09090705012725243
        ],
        [
            0.004961834846088261,
            0.0067844634658529475,
            0.00032103990170684614,
            0.00921489485730619,
            0.03261223726658918,
            0.05280642062478006,
            0.017411727025036797,
            0.012018690948816265,
            0.07213979344925113,
            0.42793747454320175,
            0.0,
            0.0,
            0.0,
            0.0,
            1.0000000000000004,
            0.06922608913040297,
            0.021618630759737745,
            -0.006069997943906883,
            -0.09090705012725232,
            0.46238821927611784
        ],
        [
            0.007806838935376902,
            0.09647926833344028,
            0.00039888756459441593,
            0.008874259260483956,
            0.00011980263863363358,
            0.11143074654282788,
            0.2972367886919898,
            0.01725508553800143,
            0.14642841017732122,
            0.0016386136746336943,
            0.5562287987516839,
            0.5602153076159786,
            0.03521360409504062,
            0.5273749517234076,
            0.06922608913040296,
            0.9999999999999999,
            0.6848602514927513,
            0.0,
            0.0,
            0.0
        ],
        [
            0.09647926833344028,
            0.29377337696810546,
            0.0035555290215426106,
            0.07910170470575174,
            0.0010678742491067093,
            0.2972367886919898,
            0.5941207246930479,
            0.020182662121666695,
            0.17127212270916353,
            0.0019166283511165394,
            0.5602153076159786,
            0.8823497737809181,
            0.010996864248914141,
            0.1646940408805455,
            0.02161863075973776,
            0.6848602514927513,
            1.0000000000000002,
            0.0,
            0.0,
            0.0
        ],
        [
            -0.00039888756459441625,
            -0.0035555290215426062,
            0.0006560000317749474,
            -0.0004425496143065235,
            -5.974426705821416e-06,
            -0.017255085538001428,
            -0.02018266212166668,
            0.04110994017418706,
            -0.03239917693211243,
            -0.00036256443885135126,
            -0.03521360409504062,
            -0.01099686424891414,
            0.47123351222136933,
            -0.04624217419821249,
            -0.006069997943906883,
            0.0,
            0.0,
            1.0000000000000004,
            0.0,
            0.0
        ],
        [
            -0.008874259260483961,
            -0.07910170470575163,
            -0.00044254961430652365,
            -0.009169739486586967,
            -0.00013291618046335198,
            -0.14642841017732117,
            -0.1712721227091635,
            -0.03239917693211242,
            -0.23001485872192037,
            -0.0030767586895419745,
            -0.5273749517234076,
            -0.16469404088054548,
            -0.04624217419821246,
            -0.21822266343829483,
            -0.09090705012725232,
            0.0,
            0.0,
            0.0,
            1.0000000000000004,
            0.0
        ],
        [
            -0.00011980263863363366,
            -0.0010678742491067087,
            -5.974426705821416e-06,
            -0.00013291618046335196,
            0.0006740977483293267,
            -0.0016386136746336943,
            -0.0019166283511165391,
            -0.00036256443885135126,
            -0.0030767586895419754,
            0.0448934200999154,
            -0.06922608913040297,
            -0.021618630759737748,
            -0.0060699979439068855,
            -0.09090705012725243,
            0.46238821927611784,
            0.0,
            0.0,
            0.0,
            0.0,
            1.0000000000000004
        ]
    ],
    "h": [
        [
            -0.2230782733097756,
            -0.44736652528077947,
            0.0212212250792576,
            -0.24937624165367153,
            -0.0034065427020149317,
            -0.5334183691559844,
            -0.43691860389956805,
            -0.007514764477818778,
            0.04364573178469566,
            0.004458552672608224,
            -0.20383394909200675,
            -0.28279112065660084,
            0.026915430688650266,
            0.27825146776647913,
            -0.01568834352931571,
            0.00021714057349689342,
            -0.11519753358503551,
            0.004062765422149075,
            0.0489547679502787,
            0.0005495762099357304
        ],
        [
            -0.44736652528077947,
            -0.3040908797115318,
            0.018073863764601815,
            -0.22228564690063693,
            -0.0026199959584774007,
            -0.5110253742564392,
            -0.35874756807356256,
            -0.03168152607942391,
            0.10663489356118602,
            0.01314842067415405,
            -0.3025673997452577,
            -0.29327438987457466,
            0.026503286012363833,
            0.176890003178832,
            -0.02121434552049775,
            -0.117155824314497,
            -0.17851125744748597,
            0.008452150401180362,
            0.10788836352251704,
            0.008044059598660159
        ],
        [
            0.0212212250792576,
            0.018073863764601815,
            1.4940808006452038,
            0.019722920227439295,
            0.0003857297696739675,
            0.002911145807866139,
            0.015227554971550691,
            0.2969118295172687,
            0.08567371055474397,
            0.0014902081002317498,
            0.004135908212799757,
            0.01186698409796447,
            -0.04236942006562591,
            -0.009562621255477263,
            0.0006775941820943989,
            -0.0016199932910804524,
            0.003503659631056013,
            -0.002366950291059356,
            0.000984655198358865,
            6.326361249293428e-05
        ],
        [
            -0.24937624165367153,
            -0.22228564690063693,
            0.019722920227439295,
            1.2564817455765163,
            -0.003228630312067219,
            -0.07881685514337011,
            -0.20805282759084504,
            0.07718956881008963,
            -0.6820118196205683,
            -0.01181741018412117,
            -0.21176924957092857,
            -0.16625955242080334,
            0.026403678890253662,
            0.21400780070777636,
            -0.018927163981600468,
            -0.04711415580461505,
            -0.10103232963596756,
            0.004402923836209963,
            0.06362496790254929,
            0.0021890009351555034
        ],
        [
            -0.0034065427020149317,
            -0.0026199959584774007,
            0.0003857297696739675,
            -0.003228630312067219,
            1.4958158805402046,
            0.001010269875069832,
            -0.0017009813055808404,
            0.0017923614625432074,
            -0.016763505889198796,
            0.3042442836653237,
            0.0030786000394384203,
            -0.0013884685374269262,
            -9.033166334072482e-05,
            -0.002072404927978149,
            -0.040989404507343855,
            0.0005592013743864598,
            -0.00018733591320279426,
            1.5688867266765784e-05,
            0.00018578773919465067,
            -0.002406759196928743
        ],
        [
            -0.5334183691559844,
            -0.5110253742564392,
            0.002911145807866139,
            -0.07881685514337011,
            0.001010269875069832,
            -0.3961671760302554,
            -0.5794774458173326,
            -0.05570657392014182,
            0.023906553323852567,
            0.025978376359652194,
            -0.5018120000176474,
            -0.49184955326553337,
            0.0048255323212096635,
            0.04251087431208522,
            -0.011132337395079614,
            -0.23916697571256704,
            -0.32049972095043133,
            0.022262810502203603,
            0.23684614197931744,
            0.015419090038260867
        ],
        [
            -0.43691860389956805,
            -0.35874756807356256,
            0.015227554971550691,
            -0.20805282759084504,
            -0.0017009813055808404,
            -0.5794774458173326,
            -0.4310359882319199,
            -0.04924074018239616,
            -0.0025466793043128905,
            0.022139072209244326,
            -0.5017293922284763,
            -0.4044367987287112,
            0.024927142277146555,
            0.10881109057996902,
            -0.03523438644852276,
            -0.3103029607288388,
            -0.30524579819548014,
            0.014423639676805093,
            0.18809992712159046,
            0.020721222595741457
        ],
        [
            -0.007514764477818778,
            -0.03168152607942391,
            0.2969118295172687,
            0.07718956881008963,
            0.0017923614625432074,
            -0.05570657392014182,
            -0.04924074018239616,
            1.4101414619209203,
            -0.021727581318291528,
            0.0042788391897398,
            -0.016135993475154403,
            -0.04413262341785195,
            0.31405232481548023,
            -0.15973819540259557,
            0.014542224042447767,
            -0.03864351287347274,
            -0.03470963643515396,
            -0.04234343575908438,
            0.03678258031584318,
            0.003300030759302172
        ],
        [
            0.04364573178469566,
            0.10663489356118602,
            0.08567371055474397,
            -0.6820118196205683,
            -0.016763505889198796,
            0.023906553323852567,
            -0.0025466793043128905,
            -0.021727581318291528,
            0.9082960364906731,
            0.0194847353011853,
            -0.06686581923616086,
            -0.12723628747105137,
            -0.16741526592102535,
            -0.7512346836298301,
            0.08932220288647966,
            -0.30509215014229396,
            -0.18547965241507589,
            0.020480157257035697,
            0.19831678861480728,
            0.023266010700589264
        ],
        [
            0.004458552672608224,
            0.01314842067415405,
            0.0014902081002317498,
            -0.01181741018412117,
            0.3042442836653237,
            0.025978376359652194,
            0.022139072209244326,
            0.0042788391897398,
            0.0194847353011853,
            1.4160782843560427,
            0.003572661046724754,
            0.020325950484777103,
            0.0162640053780724,
            0.09834034989149962,
            0.33046187127726034,
            0.012800913690651776,
            0.017068951539896744,
            -0.0012976836077546313,
            -0.015394280784110936,
            -0.04688281515080099
        ],
        [
            -0.20383394909200675,
            -0.3025673997452577,
            0.004135908212799757,
            -0.21176924957092857,
            0.0030786000394384203,
            -0.5018120000176474,
            -0.5017293922284763,
            -0.016135993475154403,
            -0.06686581923616086,
            0.003572661046724754,
            -0.44501777348713256,
            -0.5986295515137379,
            0.017042898121330266,
            -0.06734760475388266,
            -0.05763949096341155,
            -0.5851145666169302,
            -0.5404969978902239,
            0.007927361930068252,
            0.07540206480428091,
            0.004607607417325965
        ],
        [
            -0.28279112065660084,
            -0.29327438987457466,
            0.01186698409796447,
            -0.16625955242080334,
            -0.0013884685374269262,
            -0.49184955326553337,
            -0.4044367987287112,
            -0.04413262341785195,
            -0.12723628747105137,
            0.020325950484777103,
            -0.5986295515137379,
            -0.43190366697928795,
            0.016850578786899915,
            -0.019850476496029557,
            -0.04729556288076961,
            -0.4656654394901233,
            -0.3658492893953642,
            0.018122772366017566,
            0.23585736094842408,
            0.02662864876779667
        ],
        [
            0.026915430688650266,
            0.026503286012363833,
            -0.04236942006562591,
            0.026403678890253662,
            -9.033166334072482e-05,
            0.0048255323212096635,
            0.024927142277146555,
            0.31405232481548023,
            -0.16741526592102535,
            0.0162640053780724,
            0.017042898121330266,
            0.016850578786899915,
            1.3971007345185211,
            -0.058182947048540934,
            0.001646058357204542,
            0.0036809593581577787,
            0.0029269253600291943,
            0.39924136058882465,
            -0.0732854150685973,
            -0.008918774816419643
        ],
        [
            0.27825146776647913,
            0.176890003178832,
            -0.009562621255477263,
            0.21400780070777636,
            -0.002072404927978149,
            0.04251087431208522,
            0.10881109057996902,
            -0.15973819540259557,
            -0.7512346836298301,
            0.09834034989149962,
            -0.06734760475388266,
            -0.019850476496029557,
            -0.058182947048540934,
            0.8668094017983912,
            -0.010855965878336557,
            -0.01813768002719296,
            -0.115346741695949,
            -0.06794410906525407,
            -0.6008778867015705,
            -0.1287237191004688
        ],
        [
            -0.01568834352931571,
            -0.02121434552049775,
            0.0006775941820943989,
            -0.018927163981600468,
            -0.040989404507343855,
            -0.011132337395079614,
            -0.03523438644852276,
            0.014542224042447767,
            0.08932220288647966,
            0.33046187127726034,
            -0.05763949096341155,
            -0.04729556288076961,
            0.001646058357204542,
            -0.010855965878336557,
            1.3977164183196553,
            -0.008534198661297454,
            -0.037868056064542036,
            -0.007553073847749831,
            -0.11896159489043365,
            0.3879873472898777
        ],
        [
            0.00021714057349689342,
            -0.117155824314497,
            -0.0016199932910804524,
            -0.04711415580461505,
            0.0005592013743864598,
            -0.23916697571256704,
            -0.3103029607288388,
            -0.03864351287347274,
            -0.30509215014229396,
            0.012800913690651776,
            -0.5851145666169302,
            -0.4656654394901233,
            0.0036809593581577787,
            -0.01813768002719296,
            -0.008534198661297454,
            -0.2749673341722014,
            -0.47052137756019086,
            0.020785283626897195,
            0.2905177192412177,
            0.03663802789015111
        ],
        [
            -0.11519753358503551,
            -0.17851125744748597,
            0.003503659631056013,
            -0.10103232963596756,
            -0.00018733591320279426,
            -0.32049972095043133,
            -0.30524579819548014,
            -0.03470963643515396,
            -0.18547965241507589,
            0.017068951539896744,
            -0.5404969978902239,
            -0.3658492893953642,
            0.0029269253600291943,
            -0.115346741695949,
            -0.037868056064542036,
            -0.47052137756019086,
            -0.3128910131200615,
            0.018079757106653247,
            0.2451770411376725,
            0.02969173513515095
        ],
        [
            0.004062765422149075,
            0.008452150401180362,
            -0.002366950291059356,
            0.004402923836209963,
            1.5688867266765784e-05,
            0.022262810502203603,
            0.014423639676805093,
            -0.04234343575908438,
            0.020480157257035697,
            -0.0012976836077546313,
            0.007927361930068252,
            0.018122772366017566,
            0.39924136058882465,
            -0.06794410906525407,
            -0.007553073847749831,
            0.020785283626897195,
            0.018079757106653247,
            1.4740868922371155,
            -0.020142869152790614,
            -0.0023378680513994297
        ],
        [
            0.0489547679502787,
            0.10788836352251704,
            0.000984655198358865,
            0.06362496790254929,
            0.00018578773919465067,
            0.23684614197931744,
            0.18809992712159046,
            0.03678258031584318,
            0.19831678861480728,
            -0.015394280784110936,
            0.07540206480428091,
            0.23585736094842408,
            -0.0732854150685973,
            -0.6008778867015705,
            -0.11896159489043365,
            0.2905177192412177,
            0.2451770411376725,
            -0.020142869152790614,
            1.1936882837845273,
            -0.034644219584602606
        ],
        [
            0.0005495762099357304,
            0.008044059598660159,
            6.326361249293428e-05,
            0.0021890009351555034,
            -0.002406759196928743,
            0.015419090038260867,
            0.020721222595741457,
            0.003300030759302172,
            0.023266010700589264,
            -0.04688281515080099,
            0.004607607417325965,
            0.02662864876779667,
            -0.008918774816419643,
            -0.1287237191004688,
            0.3879873472898777,
            0.03663802789015111,
            0.02969173513515095,
            -0.0023378680513994297,
            -0.034644219584602606,
            1.4710585443532458
        ]
    ]
}