{
    "HF": -2.172734750240062,
    "coordinates": [
        [
            0.810769,
            0.090246,
            0.193983
        ],
        [
            1.553223,
            0.150737,
            -0.197854
        ],
        [
            2.389073,
            -0.071575,
            -0.154833
        ],
        [
            3.214834,
            -0.148854,
            0.09926
        ]
    ],
    "elements": [
        "H",
        "H",
        "H",
        "H"
    ],
    "Enn": 2.7031438712067257,
    "S": [
        [
            0.9999999999999999,
            0.6848602514927513,
            0.0,
            0.0,
            0.0,
            0.49038095592217357,
            0.5346166569533994,
            0.234929953543421,
            -0.4451460268635352,
            -0.036268008941970964,
            0.09028359697413867,
            0.27255248091743983,
            0.025755693041976602,
            -0.11653798378206227,
            0.011948454210086966,
            0.006527204593495302,
            0.08930644312383039,
            0.00028489454659080354,
            -0.007230609336167777,
            0.0007191314262624824
        ],
        [
            0.6848602514927513,
            1.0000000000000002,
            0.0,
            0.0,
            0.0,
            0.5346166569533994,
            0.8569964148101059,
            0.0818610723450197,
            -0.15511062152591293,
            -0.01263754603884416,
            0.27255248091743983,
            0.5627920214379102,
            0.035464500635838704,
            -0.16046787765339535,
            0.016452516390853763,
            0.08930644312383039,
            0.2798808757636109,
            0.0029113367477975015,
            -0.07388958097393247,
            0.007348802470343868
        ],
        [
            0.0,
            0.0,
            1.0000000000000004,
            0.0,
            0.0,
            -0.23492995354342094,
            -0.08186107234501964,
            0.23976203417248937,
            0.30111190855893005,
            0.02453291444404398,
            -0.025755693041976602,
            -0.03546450063583867,
            0.02225615939049948,
            0.04649844541305931,
            -0.004767411686966941,
            -0.00028489454659080376,
            -0.002911336747797501,
            0.0004946161096559862,
            0.00029939060767692583,
            -2.9776355587537338e-05
        ],
        [
            0.0,
            0.0,
            0.0,
            1.0000000000000004,
            0.0,
            0.44514602686353527,
            0.15511062152591307,
            0.30111190855893005,
            -0.17187116385162085,
            -0.04648504470133814,
            0.11653798378206226,
            0.1604678776533952,
            0.04649844541305932,
            -0.1778610469744008,
            0.02157132968437994,
            0.007230609336167779,
            0.07388958097393236,
            0.00029939060767692567,
            -0.007092106187987551,
            0.0007557224147836633
        ],
        [
            0.0,
            0.0,
            0.0,
            0.0,
            1.0000000000000004,
            0.036268008941970964,
            0.012637546038844179,
            0.024532914444043995,
            -0.04648504470133816,
            0.3948893014172976,
            -0.011948454210086971,
            -0.01645251639085378,
            -0.004767411686966943,
            0.02157132968437994,
            0.030320960337811058,
            -0.0007191314262624831,
            -0.007348802470343869,
            -2.9776355587537345e-05,
            0.0007557224147836638,
            0.0004312509124405231
        ],
        [
            0.49038095592217357,
            0.5346166569533994,
            -0.234929953543421,
            0.44514602686353527,
            0.036268008941970964,
            0.9999999999999999,
            0.6848602514927513,
            0.0,
            0.0,
            0.0,
            0.4718059331645267,
            0.5269229059947987,
            -0.02456295702841746,
            -0.477230832202941,
            0.12692964140539595,
            0.07016865045783417,
            0.24548853548610744,
            -0.016154971888135323,
            -0.09034673221058731,
            0.016289653745492808
        ],
        [
            0.5346166569533994,
            0.8569964148101059,
            -0.0818610723450197,
            0.1551106215259131,
            0.01263754603884418,
            0.6848602514927513,
            1.0000000000000002,
            0.0,
            0.0,
            0.0,
            0.5269229059947989,
            0.8492866680930649,
            -0.00884975071283457,
            -0.1719407762098228,
            0.04573128891638229,
            0.24548853548610747,
            0.5271800472702557,
            -0.027008566576720242,
            -0.15104549539271367,
            0.027233733413054212
        ],
        [
            0.23492995354342094,
            0.08186107234501964,
            0.23976203417248937,
            0.30111190855893005,
            0.024532914444043995,
            0.0,
            0.0,
            1.0000000000000004,
            0.0,
            0.0,
            0.024562957028417425,
            0.00884975071283457,
            0.37595999664994495,
            -0.03526748118315204,
            0.009380133130093789,
            0.01615497188813532,
            0.027008566576720218,
            0.016986401805169887,
            -0.02824447667440156,
            0.005092522263851549
        ],
        [
            -0.4451460268635352,
            -0.15511062152591326,
            0.30111190855893005,
            -0.17187116385162085,
            -0.04648504470133816,
            0.0,
            0.0,
            0.0,
            1.0000000000000004,
            0.0,
            0.47723083220294094,
            0.17194077620982276,
            -0.03526748118315202,
            -0.307432580172538,
            0.18224551444152606,
            0.09034673221058726,
            0.1510454953927135,
            -0.028244476674401553,
            -0.13592050717901816,
            0.028479947129252194
        ],
        [
            -0.036268008941970964,
            -0.012637546038844157,
            0.02453291444404398,
            -0.04648504470133814,
            0.3948893014172976,
            0.0,
            0.0,
            0.0,
            0.0,
            1.0000000000000004,
            -0.12692964140539592,
            -0.045731288916382264,
            0.009380133130093789,
            0.18224551444152615,
            0.32930315331855275,
            -0.016289653745492804,
            -0.02723373341305421,
            0.005092522263851549,
            0.0284799471292522,
            0.01690184146116539
        ],
        [
            0.09028359697413867,
            0.27255248091743983,
            -0.025755693041976602,
            0.11653798378206227,
            -0.011948454210086966,
            0.4718059331645267,
            0.5269229059947987,
            0.02456295702841746,
            0.47723083220294094,
            -0.12692964140539595,
            0.9999999999999999,
            0.6848602514927513,
            0.0,
            0.0,
            0.0,
            0.4707130480247035,
            0.5264632213248416,
            -0.14464980696033036,
            -0.4700883898626459,
            0.043993311236780894
        ],
        [
            0.27255248091743983,
            0.5627920214379102,
            -0.035464500635838704,
            0.16046787765339535,
            -0.016452516390853763,
            0.5269229059947989,
            0.8492866680930649,
            0.00884975071283457,
            0.1719407762098228,
            -0.04573128891638229,
            0.6848602514927513,
            1.0000000000000002,
            0.0,
            0.0,
            0.0,
            0.5264632213248416,
            0.8488246768020629,
            -0.05222020013796273,
            -0.16970717290962045,
            0.015882078004752654
        ],
        [
            0.025755693041976602,
            0.03546450063583867,
            0.02225615939049948,
            0.04649844541305932,
            -0.004767411686966941,
            -0.024562957028417425,
            -0.00884975071283457,
            0.37595999664994495,
            -0.03526748118315202,
            0.009380133130093789,
            0.0,
            0.0,
            1.0000000000000004,
            0.0,
            0.0,
            0.1446498069603303,
            0.05222020013796273,
            0.3134357874453265,
            -0.20511833815380554,
            0.01919603862883805
        ],
        [
            -0.1165379837820623,
            -0.1604678776533953,
            0.04649844541305931,
            -0.17786104697440078,
            0.02157132968437993,
            -0.477230832202941,
            -0.17194077620982276,
            -0.03526748118315204,
            -0.3074325801725381,
            0.18224551444152615,
            0.0,
            0.0,
            0.0,
            1.0000000000000004,
            0.0,
            0.4700883898626459,
            0.16970717290962045,
            -0.20511833815380554,
            -0.29004902463057014,
            0.062384009217837315
        ],
        [
            0.011948454210086971,
            0.016452516390853773,
            -0.004767411686966943,
            0.021571329684379945,
            0.030320960337811058,
            0.12692964140539592,
            0.045731288916382264,
            0.009380133130093789,
            0.18224551444152606,
            0.32930315331855275,
            0.0,
            0.0,
            0.0,
            0.0,
            1.0000000000000004,
            -0.04399331123678089,
            -0.015882078004752675,
            0.01919603862883805,
            0.062384009217837315,
            0.37071405567084165
        ],
        [
            0.006527204593495302,
            0.08930644312383039,
            -0.00028489454659080354,
            0.007230609336167777,
            -0.0007191314262624824,
            0.07016865045783417,
            0.24548853548610744,
            0.016154971888135323,
            0.09034673221058726,
            -0.016289653745492808,
            0.4707130480247035,
            0.5264632213248416,
            0.14464980696033036,
            0.4700883898626459,
            -0.04399331123678089,
            0.9999999999999999,
            0.6848602514927513,
            0.0,
            0.0,
            0.0
        ],
        [
            0.08930644312383039,
            0.2798808757636109,
            -0.0029113367477975015,
            0.07388958097393247,
            -0.007348802470343868,
            0.24548853548610747,
            0.5271800472702557,
            0.027008566576720242,
            0.15104549539271353,
            -0.027233733413054212,
            0.5264632213248416,
            0.8488246768020629,
            0.05222020013796273,
            0.16970717290962045,
            -0.015882078004752675,
            0.6848602514927513,
            1.0000000000000002,
            0.0,
            0.0,
            0.0
        ],
        [
            0.00028489454659080376,
            0.002911336747797501,
            0.0004946161096559862,
            0.00029939060767692583,
            -2.9776355587537338e-05,
            -0.01615497188813532,
            -0.02700856657672022,
            0.016986401805169887,
            -0.028244476674401553,
            0.005092522263851549,
            -0.1446498069603303,
            -0.05222020013796273,
            0.3134357874453265,
            -0.20511833815380554,
            0.01919603862883805,
            0.0,
            0.0,
            1.0000000000000004,
            0.0,
            0.0
        ],
        [
            -0.007230609336167779,
            -0.07388958097393236,
            0.00029939060767692567,
            -0.007092106187987551,
            0.0007557224147836633,
            -0.09034673221058723,
            -0.15104549539271336,
            -0.02824447667440156,
            -0.13592050717901813,
            0.0284799471292522,
            -0.4700883898626459,
            -0.16970717290962045,
            -0.20511833815380554,
            -0.29004902463057014,
            0.062384009217837315,
            0.0,
            0.0,
            0.0,
            1.0000000000000004,
            0.0
        ],
        [
            0.0007191314262624831,
            0.00734880247034387,
            -2.9776355587537345e-05,
            0.0007557224147836638,
            0.0004312509124405231,
            0.016289653745492804,
            0.02723373341305421,
            0.005092522263851549,
            0.028479947129252194,
            0.01690184146116539,
            0.04399331123678089,
            0.015882078004752696,
            0.01919603862883805,
            0.062384009217837315,
            0.37071405567084165,
            0.0,
            0.0,
            0.0,
            0.0,
            1.0000000000000004
        ]
    ],
    "h": [
        [
            -0.22597630101391442,
            -0.44838347879209195,
            0.11467555743616029,
            -0.2194995356720922,
            -0.01622460158924332,
            -0.5363860278514683,
            -0.4421391747216046,
            -0.02535728497450801,
            0.03651572089806199,
            0.009497139918846431,
            -0.19927204749929822,
            -0.2824488104118371,
            -0.015751740182077548,
            0.257644262198534,
            -0.04517381264447409,
            0.0058931333483211515,
            -0.10162800656806392,
            0.0024507653844636256,
            0.036531715977818416,
            -0.005060827049723226
        ],
        [
            -0.44838347879209195,
            -0.3083130819504505,
            0.1010449530844581,
            -0.19774784165186496,
            -0.013251244874532013,
            -0.5076672025207648,
            -0.3631456563806258,
            -0.09197408751929378,
            0.08935193349732662,
            0.03565762307961742,
            -0.2919131329102546,
            -0.2948060329997022,
            -0.006448225650886125,
            0.16331133585473107,
            -0.04080659517564088,
            -0.1027219616948129,
            -0.16618355204091972,
            0.01810324941765523,
            0.08616443866819294,
            -0.009971339511783812
        ],
        [
            0.11467555743616029,
            0.1010449530844581,
            1.4346918088252687,
            0.09621173060470828,
            0.00727479540673143,
            0.03216030591893776,
            0.09213571704707257,
            0.08987104320477118,
            0.4004574539744469,
            0.028666068754665423,
            0.0644554904964298,
            0.0706881457595917,
            -0.034798207660110096,
            -0.08419017704938656,
            0.01620437134022736,
            0.004400318442550868,
            0.028653985752279815,
            -0.0027142737492887926,
            -0.007840427611651279,
            0.0010441903831429414
        ],
        [
            -0.2194995356720922,
            -0.19774784165186496,
            0.09621173060470828,
            1.295633816059328,
            -0.012868328082181125,
            -0.07651202160760273,
            -0.1883397494455517,
            0.38565266974321943,
            -0.4768038908416725,
            -0.0489945183763601,
            -0.1898304708667033,
            -0.1489562247653566,
            -0.018499588131168046,
            0.17564528175337707,
            -0.039997846229054876,
            -0.03823808558340397,
            -0.08555486378652716,
            0.0035915331856161367,
            0.048247781488898085,
            -0.005686218053452414
        ],
        [
            -0.01622460158924332,
            -0.013251244874532013,
            0.00727479540673143,
            -0.012868328082181125,
            1.483427567336145,
            -0.0004908017084786012,
            -0.010271152558480193,
            0.0329191079551325,
            -0.05929151375104176,
            0.28979744906576443,
            0.005665885804505673,
            -0.007150963749446758,
            0.0012376788608351851,
            -0.0007384490280296571,
            -0.0401999438317526,
            0.0042093277889203255,
            0.0009921267945089355,
            -0.00019269006379544492,
            -0.0036450661819904823,
            -0.0013294229246418629
        ],
        [
            -0.5363860278514683,
            -0.5076672025207648,
            0.03216030591893776,
            -0.07651202160760273,
            -0.0004908017084786012,
            -0.37035310424351997,
            -0.5633380856639643,
            -0.11712093556807818,
            0.03645967033962447,
            0.06319979897133235,
            -0.45406155529361714,
            -0.46573062849957014,
            -0.01532262611371922,
            0.07233991299358411,
            -0.01539259181095265,
            -0.17009442445206635,
            -0.2722962167740217,
            0.04022225417270903,
            0.1763192603451964,
            -0.0253198029564662
        ],
        [
            -0.4421391747216046,
            -0.3631456563806258,
            0.09213571704707257,
            -0.1883397494455517,
            -0.010271152558480193,
            -0.5633380856639643,
            -0.42219379474414986,
            -0.10020773412026687,
            0.005276715428553874,
            0.05838514685442612,
            -0.460447862932306,
            -0.39367101498154455,
            -0.024367564424830977,
            0.11494330905792105,
            -0.03947795420960748,
            -0.2603273933226064,
            -0.2808634451660683,
            0.042306242426200645,
            0.1454453065094481,
            -0.01563269059996053
        ],
        [
            -0.02535728497450801,
            -0.09197408751929378,
            0.08987104320477118,
            0.38565266974321943,
            0.0329191079551325,
            -0.11712093556807818,
            -0.10020773412026687,
            1.3744631601112898,
            0.08413619758360459,
            0.010059377645169437,
            -0.024393846439322048,
            -0.058521019662721475,
            0.2565937494926505,
            -0.01728170786492196,
            0.0070816784905497684,
            -0.016561982255378915,
            -0.02224121839695376,
            -0.028451204790035132,
            0.02916937644429682,
            -0.004549654422551983
        ],
        [
            0.03651572089806199,
            0.08935193349732662,
            0.4004574539744469,
            -0.4768038908416725,
            -0.05929151375104176,
            0.03645967033962447,
            0.005276715428553874,
            0.08413619758360459,
            1.0270790592064971,
            0.039658169855209494,
            -0.05489581393188725,
            -0.10419637562093154,
            -0.057372453460082545,
            -0.7218486431861179,
            0.2465347150724807,
            -0.23662686429261426,
            -0.15789870303885506,
            0.05707368943372086,
            0.20027672938112184,
            -0.033081945348891605
        ],
        [
            0.009497139918846431,
            0.03565762307961742,
            0.028666068754665423,
            -0.0489945183763601,
            0.28979744906576443,
            0.06319979897133235,
            0.05838514685442612,
            0.010059377645169437,
            0.039658169855209494,
            1.4088255369606835,
            0.02156393848001073,
            0.055675699157563666,
            0.015484614430354985,
            0.23667149268851134,
            0.2001819138978741,
            0.04720976094804089,
            0.04502545436652074,
            -0.012402116879139505,
            -0.051064857910794986,
            -0.027488943252371795
        ],
        [
            -0.19927204749929822,
            -0.2919131329102546,
            0.0644554904964298,
            -0.1898304708667033,
            0.005665885804505673,
            -0.45406155529361714,
            -0.460447862932306,
            -0.024393846439322048,
            -0.05489581393188725,
            0.02156393848001073,
            -0.3531891231126141,
            -0.5586264741590101,
            -0.05443101747004826,
            -0.03429259730077888,
            -0.027581233268541644,
            -0.513597700457484,
            -0.49361049479415264,
            0.0205996153605498,
            0.07288758497364534,
            -0.009405385773435138
        ],
        [
            -0.2824488104118371,
            -0.2948060329997022,
            0.0706881457595917,
            -0.1489562247653566,
            -0.007150963749446758,
            -0.46573062849957014,
            -0.39367101498154455,
            -0.058521019662721475,
            -0.10419637562093154,
            0.055675699157563666,
            -0.5586264741590101,
            -0.42617091056102785,
            -0.048609856730396944,
            -0.00502880064986691,
            -0.027824664935427457,
            -0.42740812960500185,
            -0.3553278374931781,
            0.055753678846384824,
            0.18614531589999783,
            -0.01966301283311918
        ],
        [
            -0.015751740182077548,
            -0.006448225650886125,
            -0.034798207660110096,
            -0.018499588131168046,
            0.0012376788608351851,
            -0.01532262611371922,
            -0.024367564424830977,
            0.2565937494926505,
            -0.057372453460082545,
            0.015484614430354985,
            -0.05443101747004826,
            -0.048609856730396944,
            1.4130063035903653,
            -0.06682489235876626,
            0.007816280096109587,
            -0.01199641520774039,
            -0.04794747148608024,
            0.1881732762684724,
            -0.2633918285865286,
            0.024360303207985143
        ],
        [
            0.257644262198534,
            0.16331133585473107,
            -0.08419017704938656,
            0.17564528175337707,
            -0.0007384490280296571,
            0.07233991299358411,
            0.11494330905792105,
            -0.01728170786492196,
            -0.7218486431861179,
            0.23667149268851134,
            -0.03429259730077888,
            -0.00502880064986691,
            -0.06682489235876626,
            1.0065106301297284,
            0.07355361388222796,
            -0.05025889364230107,
            -0.10281273577947384,
            -0.2670062317508895,
            -0.6083007610082396,
            0.08298725821303442
        ],
        [
            -0.04517381264447409,
            -0.04080659517564088,
            0.01620437134022736,
            -0.039997846229054876,
            -0.0401999438317526,
            -0.01539259181095265,
            -0.03947795420960748,
            0.0070816784905497684,
            0.2465347150724807,
            0.2001819138978741,
            -0.027581233268541644,
            -0.027824664935427457,
            0.007816280096109587,
            0.07355361388222796,
            1.416009492562034,
            0.0007649437456323654,
            -0.004050280670038788,
            0.026316712267360556,
            0.0881785114369512,
            0.2606718544831998
        ],
        [
            0.0058931333483211515,
            -0.1027219616948129,
            0.004400318442550868,
            -0.03823808558340397,
            0.0042093277889203255,
            -0.17009442445206635,
            -0.2603273933226064,
            -0.016561982255378915,
            -0.23662686429261426,
            0.04720976094804089,
            -0.513597700457484,
            -0.42740812960500185,
            -0.01199641520774039,
            -0.05025889364230107,
            0.0007649437456323654,
            -0.2051957248031122,
            -0.43810075078226673,
            0.0687970350945536,
            0.22127465819636855,
            -0.021754671229003104
        ],
        [
            -0.10162800656806392,
            -0.16618355204091972,
            0.028653985752279815,
            -0.08555486378652716,
            0.0009921267945089355,
            -0.2722962167740217,
            -0.2808634451660683,
            -0.02224121839695376,
            -0.15789870303885506,
            0.04502545436652074,
            -0.49361049479415264,
            -0.3553278374931781,
            -0.04794747148608024,
            -0.10281273577947384,
            -0.004050280670038788,
            -0.43810075078226673,
            -0.2999988542700447,
            0.061938890032235634,
            0.2011570808825509,
            -0.020254617367266012
        ],
        [
            0.0024507653844636256,
            0.01810324941765523,
            -0.0027142737492887926,
            0.0035915331856161367,
            -0.00019269006379544492,
            0.04022225417270903,
            0.042306242426200645,
            -0.028451204790035132,
            0.05707368943372086,
            -0.012402116879139505,
            0.0205996153605498,
            0.055753678846384824,
            0.1881732762684724,
            -0.2670062317508895,
            0.026316712267360556,
            0.0687970350945536,
            0.061938890032235634,
            1.480378842521945,
            -0.06131740362563588,
            0.005970555795981331
        ],
        [
            0.036531715977818416,
            0.08616443866819294,
            -0.007840427611651279,
            0.048247781488898085,
            -0.0036450661819904823,
            0.1763192603451964,
            0.1454453065094481,
            0.02916937644429682,
            0.20027672938112184,
            -0.051064857910794986,
            0.07288758497364534,
            0.18614531589999783,
            -0.2633918285865286,
            -0.6083007610082396,
            0.0881785114369512,
            0.22127465819636855,
            0.2011570808825509,
            -0.06131740362563588,
            1.29815810948549,
            0.019833214611544116
        ],
        [
            -0.005060827049723226,
            -0.009971339511783812,
            0.0010441903831429414,
            -0.005686218053452414,
            -0.0013294229246418629,
            -0.0253198029564662,
            -0.01563269059996053,
            -0.004549654422551983,
            -0.033081945348891605,
            -0.027488943252371795,
            -0.009405385773435138,
            -0.01966301283311918,
            0.024360303207985143,
            0.08298725821303442,
            0.2606718544831998,
            -0.021754671229003104,
            -0.020254617367266012,
            0.005970555795981331,
            0.019833214611544116,
            1.4971743024595001
        ]
    ]
}