{
    "HF": -2.1112591263634055,
    "coordinates": [
        [
            0.829829,
            -0.053031,
            0.039221
        ],
        [
            1.653209,
            -0.159404,
            0.155846
        ],
        [
            2.307195,
            -0.140733,
            -0.104008
        ],
        [
            2.94805,
            -0.010579,
            -0.169714
        ]
    ],
    "elements": [
        "H",
        "H",
        "H",
        "H"
    ],
    "Enn": 3.1864319380697257,
    "S": [
        [
            0.9999999999999999,
            0.6848602514927513,
            0.0,
            0.0,
            0.0,
            0.49293356540802474,
            0.5356567274025473,
            -0.07038493158956187,
            -0.4969221433844666,
            0.06419769627418188,
            0.12982690680938852,
            0.3164257918467887,
            0.016456798747185097,
            -0.16974715272698862,
            0.01007682915977649,
            0.01887850286923737,
            0.14097262251241177,
            0.002304458046258322,
            -0.023363014464801716,
            -0.0004682262568729905
        ],
        [
            0.6848602514927513,
            1.0000000000000002,
            0.0,
            0.0,
            0.0,
            0.5356567274025473,
            0.8580353993565172,
            -0.024415454660534304,
            -0.17237468002907394,
            0.022269197501436366,
            0.3164257918467887,
            0.6177983877334362,
            0.017083893145780106,
            -0.1762154513485996,
            0.010460811683885286,
            0.14097262251241177,
            0.3725824605232959,
            0.01048184481063698,
            -0.10626684756805833,
            -0.002129730662173216
        ],
        [
            0.0,
            0.0,
            1.0000000000000004,
            0.0,
            0.0,
            0.07038493158956187,
            0.02441545466053429,
            0.3873856752557522,
            -0.10011071092133812,
            0.012933368132375698,
            -0.01645679874718509,
            -0.017083893145780092,
            0.053688788367084635,
            0.03115327306945811,
            -0.0018493754118733038,
            -0.0023044580462583215,
            -0.010481844810636978,
            0.0024698357460243175,
            0.003200530001034754,
            6.41429291862971e-05
        ],
        [
            0.0,
            0.0,
            0.0,
            1.0000000000000004,
            0.0,
            0.4969221433844666,
            0.17237468002907375,
            -0.10011071092133812,
            -0.30522252361671426,
            0.09131041074242659,
            0.16974715272698856,
            0.17621545134859948,
            0.031153273069458132,
            -0.2646280008303769,
            0.019075776237616797,
            0.023363014464801723,
            0.10626684756805833,
            0.0032005300010347552,
            -0.02966202830956471,
            -0.0006502926728596332
        ],
        [
            0.0,
            0.0,
            0.0,
            0.0,
            1.0000000000000004,
            -0.0641976962741819,
            -0.02226919750143634,
            0.012933368132375694,
            0.09131041074242657,
            0.3897690818715273,
            -0.010076829159776488,
            -0.010460811683885284,
            -0.0018493754118733049,
            0.019075776237616797,
            0.05557665394736329,
            0.00046822625687299046,
            0.002129730662173216,
            6.41429291862971e-05,
            -0.0006502926728596328,
            0.0027724937364879934
        ],
        [
            0.49293356540802474,
            0.5356567274025473,
            0.07038493158956187,
            0.4969221433844666,
            -0.0641976962741819,
            0.9999999999999999,
            0.6848602514927513,
            0.0,
            0.0,
            0.0,
            0.5999041000616302,
            0.5759038742385005,
            0.2010477964142239,
            -0.5059858389162861,
            -0.014445663360386865,
            0.1841131410736498,
            0.36457829338217385,
            0.057381249501070555,
            -0.2282208947205297,
            -0.026231000297938394
        ],
        [
            0.5356567274025473,
            0.8580353993565172,
            0.024415454660534304,
            0.17237468002907377,
            -0.022269197501436366,
            0.6848602514927513,
            1.0000000000000002,
            0.0,
            0.0,
            0.0,
            0.5759038742385005,
            0.8976701857862,
            0.058774567837935165,
            -0.1479205420045871,
            -0.004223063551463851,
            0.36457829338217385,
            0.6749356398993518,
            0.045183262387193196,
            -0.17970616983872612,
            -0.020654868610314635
        ],
        [
            -0.07038493158956187,
            -0.0244154546605343,
            0.3873856752557522,
            -0.10011071092133812,
            0.012933368132375694,
            0.0,
            0.0,
            1.0000000000000004,
            0.0,
            0.0,
            -0.2010477964142239,
            -0.05877456783793517,
            0.4334273601212747,
            0.23187410615411438,
            0.006619899257787574,
            -0.05738124950107055,
            -0.04518326238719321,
            0.06963224188164613,
            0.10513594947071686,
            0.012083999255491166
        ],
        [
            -0.4969221433844666,
            -0.17237468002907358,
            -0.10011071092133812,
            -0.30522252361671426,
            0.09131041074242657,
            0.0,
            0.0,
            0.0,
            1.0000000000000004,
            0.0,
            0.5059858389162861,
            0.14792054200458668,
            0.23187410615411447,
            -0.058007834749838755,
            -0.01666059185543984,
            0.2282208947205298,
            0.1797061698387259,
            0.10513594947071682,
            -0.32208795223693093,
            -0.04806136404957437
        ],
        [
            0.06419769627418188,
            0.022269197501436362,
            0.012933368132375698,
            0.09131041074242659,
            0.38976908187152737,
            0.0,
            0.0,
            0.0,
            0.0,
            1.0000000000000004,
            0.014445663360386865,
            0.00422306355146385,
            0.006619899257787593,
            -0.016660591855439884,
            0.5250842825478073,
            0.0262310002979384,
            0.02065486861031462,
            0.012083999255491166,
            -0.04806136404957438,
            0.09054239780427188
        ],
        [
            0.12982690680938852,
            0.3164257918467887,
            -0.016456798747185097,
            0.16974715272698856,
            -0.01007682915977649,
            0.5999041000616302,
            0.5759038742385005,
            -0.2010477964142239,
            0.5059858389162861,
            0.014445663360386865,
            0.9999999999999999,
            0.6848602514927513,
            0.0,
            0.0,
            0.0,
            0.6380395394912761,
            0.5888538000580847,
            0.05493983641064783,
            -0.535848611434963,
            -0.10882780062994946
        ],
        [
            0.3164257918467887,
            0.6177983877334362,
            -0.017083893145780106,
            0.1762154513485996,
            -0.010460811683885286,
            0.5759038742385005,
            0.8976701857862,
            -0.058774567837935165,
            0.1479205420045867,
            0.004223063551463851,
            0.6848602514927513,
            1.0000000000000002,
            0.0,
            0.0,
            0.0,
            0.5888538000580847,
            0.9101968835822553,
            0.015218520810106363,
            -0.148431880707404,
            -0.03014566945969292
        ],
        [
            0.01645679874718509,
            0.017083893145780092,
            0.053688788367084635,
            0.031153273069458122,
            -0.0018493754118733044,
            0.2010477964142239,
            0.05877456783793517,
            0.4334273601212747,
            0.23187410615411455,
            0.0066198992577875945,
            0.0,
            0.0,
            1.0000000000000004,
            0.0,
            0.0,
            -0.054939836410647806,
            -0.015218520810106337,
            0.5644060111919607,
            0.06239988617301809,
            0.012673061433495867
        ],
        [
            -0.16974715272698856,
            -0.1762154513485996,
            0.031153273069458122,
            -0.26462800083037696,
            0.019075776237616797,
            -0.5059858389162861,
            -0.14792054200458704,
            0.2318741061541143,
            -0.05800783474983893,
            -0.016660591855439884,
            0.0,
            0.0,
            0.0,
            1.0000000000000004,
            0.0,
            0.535848611434963,
            0.148431880707404,
            0.06239988617301796,
            -0.03780545754532014,
            -0.12360507084532589
        ],
        [
            0.01007682915977649,
            0.010460811683885284,
            -0.0018493754118733044,
            0.019075776237616797,
            0.05557665394736329,
            -0.014445663360386865,
            -0.00422306355146385,
            0.006619899257787572,
            -0.01666059185543984,
            0.5250842825478073,
            0.0,
            0.0,
            0.0,
            0.0,
            1.0000000000000004,
            0.10882780062994943,
            0.03014566945969289,
            0.01267306143349586,
            -0.12360507084532607,
            0.545700301679016
        ],
        [
            0.01887850286923737,
            0.14097262251241177,
            -0.002304458046258322,
            0.023363014464801716,
            0.0004682262568729906,
            0.1841131410736498,
            0.36457829338217385,
            -0.057381249501070555,
            0.22822089472052978,
            0.026231000297938394,
            0.6380395394912761,
            0.5888538000580847,
            -0.054939836410647806,
            0.535848611434963,
            0.10882780062994946,
            0.9999999999999999,
            0.6848602514927513,
            0.0,
            0.0,
            0.0
        ],
        [
            0.14097262251241177,
            0.3725824605232959,
            -0.01048184481063698,
            0.10626684756805825,
            0.002129730662173216,
            0.36457829338217385,
            0.6749356398993518,
            -0.045183262387193196,
            0.17970616983872612,
            0.02065486861031465,
            0.5888538000580847,
            0.9101968835822553,
            -0.015218520810106339,
            0.148431880707404,
            0.03014566945969292,
            0.6848602514927513,
            1.0000000000000002,
            0.0,
            0.0,
            0.0
        ],
        [
            0.0023044580462583215,
            0.01048184481063698,
            0.0024698357460243175,
            0.003200530001034754,
            6.41429291862971e-05,
            0.05738124950107055,
            0.04518326238719321,
            0.06963224188164613,
            0.10513594947071682,
            0.012083999255491166,
            0.05493983641064783,
            0.015218520810106361,
            0.5644060111919608,
            0.06239988617301797,
            0.012673061433495862,
            0.0,
            0.0,
            1.0000000000000004,
            0.0,
            0.0
        ],
        [
            -0.023363014464801716,
            -0.10626684756805833,
            0.0032005300010347552,
            -0.02966202830956471,
            -0.0006502926728596332,
            -0.22822089472052973,
            -0.17970616983872612,
            0.10513594947071686,
            -0.3220879522369308,
            -0.04806136404957438,
            -0.535848611434963,
            -0.148431880707404,
            0.06239988617301808,
            -0.03780545754532014,
            -0.12360507084532607,
            0.0,
            0.0,
            0.0,
            1.0000000000000004,
            0.0
        ],
        [
            -0.00046822625687299046,
            -0.002129730662173216,
            6.41429291862971e-05,
            -0.0006502926728596328,
            0.0027724937364879934,
            -0.0262310002979384,
            -0.02065486861031463,
            0.012083999255491166,
            -0.04806136404957437,
            0.09054239780427188,
            -0.10882780062994943,
            -0.030145669459692902,
            0.012673061433495865,
            -0.12360507084532589,
            0.545700301679016,
            0.0,
            0.0,
            0.0,
            0.0,
            1.0000000000000004
        ]
    ],
    "h": [
        [
            -0.22373284642865232,
            -0.44877622954023655,
            -0.03204932210145441,
            -0.2500837319916891,
            0.032257420782841856,
            -0.5370123224627237,
            -0.43560937059089966,
            0.017290029458635975,
            0.04570398991254265,
            -0.005544962160330624,
            -0.25350073947256896,
            -0.30753067005335805,
            -0.0715805996366099,
            0.31073443842594,
            -0.0003189337451844042,
            -0.028194990579891825,
            -0.1563485916828392,
            -0.015608238690896701,
            0.09496346210575632,
            0.006673283853366107
        ],
        [
            -0.44877622954023655,
            -0.3085520261118164,
            -0.026549085025000207,
            -0.22560653616305354,
            0.028360014256615475,
            -0.5272251271360078,
            -0.36605766899357817,
            0.06779349133234672,
            0.08818567962020729,
            -0.02718201095958355,
            -0.35812262118619004,
            -0.3155728206110825,
            -0.06907259246140453,
            0.18865548409555083,
            -0.005401356554690991,
            -0.16631164919268626,
            -0.21595326680946791,
            -0.02301354815403034,
            0.14807789102644958,
            0.02157041454934222
        ],
        [
            -0.03204932210145441,
            -0.026549085025000207,
            1.498747616953523,
            -0.028667647072366173,
            0.003908628684922457,
            -0.001289979665318658,
            -0.02091149487626991,
            0.2814531090041739,
            -0.13069873804893678,
            0.017620852272928703,
            -0.0037658149265804262,
            -0.018541434332025652,
            -0.05096193218681094,
            0.02403391337364308,
            -1.630149819372307e-05,
            0.005899035412597764,
            -0.0059117613258949375,
            -0.00781992756505098,
            -0.0065435056135413625,
            -0.00030251742662857316
        ],
        [
            -0.2500837319916891,
            -0.22560653616305354,
            -0.028667647072366173,
            1.2636217414018727,
            0.02978637780949151,
            -0.09547763772212314,
            -0.2143471932866407,
            -0.10566315839961485,
            -0.6692687451144044,
            0.11642393329924641,
            -0.24913963630552266,
            -0.18059989396832737,
            -0.06459862999177646,
            0.14768411526009373,
            0.0007560267901872489,
            -0.0902379158771262,
            -0.1267034237887645,
            -0.01798868560688005,
            0.12634402255447788,
            0.009258258337591708
        ],
        [
            0.032257420782841856,
            0.028360014256615475,
            0.003908628684922457,
            0.02978637780949151,
            1.4996649312142019,
            0.009385666517750413,
            0.02547246209818471,
            0.015211919013437658,
            0.12249152317677517,
            0.28621168825970056,
            0.02243778664865923,
            0.021374184720195536,
            0.007388306691457399,
            -0.02477317218123722,
            -0.04565810921739044,
            0.00254254616441875,
            0.011725928748111989,
            0.0006974414581208074,
            -0.0033466407857339195,
            -0.008693189216430659
        ],
        [
            -0.5370123224627237,
            -0.5272251271360078,
            -0.001289979665318658,
            -0.09547763772212314,
            0.009385666517750413,
            -0.45182183735332915,
            -0.6075398074301004,
            0.13257566184178682,
            -0.03574444561307749,
            -0.0376489241007746,
            -0.5964391349115157,
            -0.5451133738907724,
            -0.00863121522684801,
            0.02084304334813747,
            -0.016908066385984976,
            -0.3452988079960232,
            -0.39618344558277235,
            -0.05229263828656916,
            0.30167095214263406,
            0.04725598536143884
        ],
        [
            -0.43560937059089966,
            -0.36605766899357817,
            -0.02091149487626991,
            -0.2143471932866407,
            0.02547246209818471,
            -0.6075398074301004,
            -0.4414187118707089,
            0.1110351599745734,
            -0.03944222969749071,
            -0.03322259471790214,
            -0.5674370209846481,
            -0.42520261885277977,
            -0.07071747786956731,
            0.11321667142617081,
            -0.02390135728696475,
            -0.37204994739685554,
            -0.33832313051757823,
            -0.032484487244977905,
            0.2341017449623657,
            0.04258510945493042
        ],
        [
            0.017290029458635975,
            0.06779349133234672,
            0.2814531090041739,
            -0.10566315839961485,
            0.015211919013437658,
            0.13257566184178682,
            0.1110351599745734,
            1.3513400705230822,
            0.08398518067839697,
            0.007918320415842499,
            0.041927361404564434,
            0.10844503240655004,
            0.3317994818489456,
            0.3499058680703586,
            0.016135204717996517,
            0.11036680098490007,
            0.09291110062419544,
            -0.037860305224220125,
            -0.0630463908356757,
            -0.014122908214792798
        ],
        [
            0.04570398991254265,
            0.08818567962020729,
            -0.13069873804893678,
            -0.6692687451144044,
            0.12249152317677517,
            -0.03574444561307749,
            -0.03944222969749071,
            0.08398518067839697,
            0.8357875382438449,
            0.015935763820334896,
            -0.09111151788785177,
            -0.15556762455040857,
            0.3568954996197689,
            -0.5780876231523401,
            -0.04735466216569601,
            -0.3687058434379481,
            -0.21123082716588273,
            0.0033805988327143266,
            0.07365492206968582,
            0.03519020319263018
        ],
        [
            -0.005544962160330624,
            -0.02718201095958355,
            0.017620852272928703,
            0.11642393329924641,
            0.28621168825970056,
            -0.0376489241007746,
            -0.03322259471790214,
            0.007918320415842499,
            0.015935763820334896,
            1.3935469517705306,
            -0.017898658165665292,
            -0.02653207784362609,
            0.007544061657556221,
            -0.0202395941192346,
            0.4610045305866384,
            -0.021131642582461044,
            -0.01688481348987178,
            0.002710020859375356,
            -0.0032594673962659804,
            -0.041820577804242504
        ],
        [
            -0.25350073947256896,
            -0.35812262118619004,
            -0.0037658149265804262,
            -0.24913963630552266,
            0.02243778664865923,
            -0.5964391349115157,
            -0.5674370209846481,
            0.041927361404564434,
            -0.09111151788785177,
            -0.017898658165665292,
            -0.5718864351136022,
            -0.6504563434873744,
            -0.06625533152196468,
            -0.0716060114008858,
            -0.05736119983288988,
            -0.6647477627601415,
            -0.5944305352635766,
            -0.023824527799580858,
            0.09822878832407,
            0.01393663403567652
        ],
        [
            -0.30753067005335805,
            -0.3155728206110825,
            -0.018541434332025652,
            -0.18059989396832737,
            0.021374184720195536,
            -0.5451133738907724,
            -0.42520261885277977,
            0.10844503240655004,
            -0.15556762455040857,
            -0.02653207784362609,
            -0.6504563434873744,
            -0.4430664070142749,
            -0.057369350616503056,
            -0.009421622686439327,
            -0.0409411933130335,
            -0.5036639005814002,
            -0.37915294800384425,
            -0.03889109084751828,
            0.2767473248650004,
            0.05143732799881235
        ],
        [
            -0.0715805996366099,
            -0.06907259246140453,
            -0.05096193218681094,
            -0.06459862999177646,
            0.007388306691457399,
            -0.00863121522684801,
            -0.07071747786956731,
            0.3317994818489456,
            0.3568954996197689,
            0.007544061657556221,
            -0.06625533152196468,
            -0.057369350616503056,
            1.3207845949326746,
            0.1366383953020305,
            0.008788594216926399,
            -0.021608171436408974,
            -0.026886884935341186,
            0.5280503777224062,
            0.1270364092265334,
            0.02333940240539102
        ],
        [
            0.31073443842594,
            0.18865548409555083,
            0.02403391337364308,
            0.14768411526009373,
            -0.02477317218123722,
            0.02084304334813747,
            0.11321667142617081,
            0.3499058680703586,
            -0.5780876231523401,
            -0.0202395941192346,
            -0.0716060114008858,
            -0.009421622686439327,
            0.1366383953020305,
            0.7503357560104649,
            -0.06795309655060895,
            0.013584277647968657,
            -0.10370501894150724,
            0.10487737331771471,
            -0.4226177439358915,
            -0.19040912092173046
        ],
        [
            -0.0003189337451844042,
            -0.005401356554690991,
            -1.630149819372307e-05,
            0.0007560267901872489,
            -0.04565810921739044,
            -0.016908066385984976,
            -0.02390135728696475,
            0.016135204717996517,
            -0.04735466216569601,
            0.4610045305866384,
            -0.05736119983288988,
            -0.0409411933130335,
            0.008788594216926399,
            -0.06795309655060895,
            1.351084489904855,
            -0.0018264326222332539,
            -0.041788225695335884,
            0.017796911203696156,
            -0.18075857357970204,
            0.507776726030801
        ],
        [
            -0.028194990579891825,
            -0.16631164919268626,
            0.005899035412597764,
            -0.0902379158771262,
            0.00254254616441875,
            -0.3452988079960232,
            -0.37204994739685554,
            0.11036680098490007,
            -0.3687058434379481,
            -0.021131642582461044,
            -0.6647477627601415,
            -0.5036639005814002,
            -0.021608171436408974,
            0.013584277647968657,
            -0.0018264326222332539,
            -0.35791618170143424,
            -0.5047681915004727,
            -0.04203798631211948,
            0.34897569633929826,
            0.07019711537550581
        ],
        [
            -0.1563485916828392,
            -0.21595326680946791,
            -0.0059117613258949375,
            -0.1267034237887645,
            0.011725928748111989,
            -0.39618344558277235,
            -0.33832313051757823,
            0.09291110062419544,
            -0.21123082716588273,
            -0.01688481348987178,
            -0.5944305352635766,
            -0.37915294800384425,
            -0.026886884935341186,
            -0.10370501894150724,
            -0.041788225695335884,
            -0.5047681915004727,
            -0.3269458304494983,
            -0.0360676324875175,
            0.27691479365154514,
            0.053873807146417735
        ],
        [
            -0.015608238690896701,
            -0.02301354815403034,
            -0.00781992756505098,
            -0.01798868560688005,
            0.0006974414581208074,
            -0.05229263828656916,
            -0.032484487244977905,
            -0.037860305224220125,
            0.0033805988327143266,
            0.002710020859375356,
            -0.023824527799580858,
            -0.03889109084751828,
            0.5280503777224062,
            0.10487737331771471,
            0.017796911203696156,
            -0.04203798631211948,
            -0.0360676324875175,
            1.4436756308022742,
            0.04137868050553352,
            0.007553065729542188
        ],
        [
            0.09496346210575632,
            0.14807789102644958,
            -0.0065435056135413625,
            0.12634402255447788,
            -0.0033466407857339195,
            0.30167095214263406,
            0.2341017449623657,
            -0.0630463908356757,
            0.07365492206968582,
            -0.0032594673962659804,
            0.09822878832407,
            0.2767473248650004,
            0.1270364092265334,
            -0.4226177439358915,
            -0.18075857357970204,
            0.34897569633929826,
            0.27691479365154514,
            0.04137868050553352,
            1.113326764562015,
            -0.06514195411519477
        ],
        [
            0.006673283853366107,
            0.02157041454934222,
            -0.00030251742662857316,
            0.009258258337591708,
            -0.008693189216430659,
            0.04725598536143884,
            0.04258510945493042,
            -0.014122908214792798,
            0.03519020319263018,
            -0.041820577804242504,
            0.01393663403567652,
            0.05143732799881235,
            0.02333940240539102,
            -0.19040912092173046,
            0.507776726030801,
            0.07019711537550581,
            0.053873807146417735,
            0.007553065729542188,
            -0.06514195411519477,
            1.4367549334218397
        ]
    ]
}