{
    "HF": -2.1627771841446446,
    "coordinates": [
        [
            0.804845,
            0.076928,
            0.150874
        ],
        [
            1.457457,
            -0.179806,
            -0.091367
        ],
        [
            2.231127,
            0.087592,
            0.002681
        ],
        [
            2.960852,
            -0.139026,
            -0.131727
        ]
    ],
    "elements": [
        "H",
        "H",
        "H",
        "H"
    ],
    "Enn": 3.0004553983296987,
    "S": [
        [
            0.9999999999999999,
            0.6848602514927513,
            0.0,
            0.0,
            0.0,
            0.5691404565656247,
            0.5649536240669044,
            0.17536639827518163,
            -0.47244775207814893,
            0.18585836788479443,
            0.1481884292521967,
            0.33394051910390893,
            0.02001417647335228,
            -0.19262623503651197,
            -0.0014402244229607957,
            0.015500729794947937,
            0.1295689923959846,
            0.0024506111002189335,
            -0.01869609338378039,
            0.0018726730249952394
        ],
        [
            0.6848602514927513,
            1.0000000000000002,
            0.0,
            0.0,
            0.0,
            0.5649536240669044,
            0.8869939158919772,
            0.053679532962328545,
            -0.14461592944881793,
            0.05689111758765216,
            0.33394051910390893,
            0.6389391553778043,
            0.018724463689048742,
            -0.18021340764640575,
            -0.001347416414945487,
            0.12956899239598454,
            0.35340780329444643,
            0.012950972070572844,
            -0.09880498101903228,
            0.009896689051094967
        ],
        [
            0.0,
            0.0,
            1.0000000000000004,
            0.0,
            0.0,
            -0.1753663982751816,
            -0.05367953296232851,
            0.41483702391443866,
            0.20085983248336478,
            -0.07901716216187285,
            -0.020014176473352272,
            -0.018724463689048725,
            0.0653483870374437,
            0.03802727691746263,
            0.0002843216706428473,
            -0.002450611100218934,
            -0.01295097207057285,
            0.0016116025833124248,
            0.003216074394269585,
            -0.0003221344502778024
        ],
        [
            0.0,
            0.0,
            0.0,
            1.0000000000000004,
            0.0,
            0.47244775207814876,
            0.14461592944881807,
            0.20085983248336478,
            -0.051735060985770714,
            0.21287704489654585,
            0.192626235036512,
            0.1802134076464057,
            0.03802727691746264,
            -0.2966936520324972,
            -0.0027364509865366216,
            0.01869609338378039,
            0.09880498101903232,
            0.003216074394269584,
            -0.02250277886710074,
            0.0024576138433342197
        ],
        [
            0.0,
            0.0,
            0.0,
            0.0,
            1.0000000000000004,
            -0.18585836788479437,
            -0.05689111758765215,
            -0.07901716216187288,
            0.2128770448965459,
            0.4056488867611729,
            0.0014402244229607957,
            0.0013474164149454865,
            0.00028432167064284814,
            -0.002736450986536629,
            0.06927902258841406,
            -0.0018726730249952392,
            -0.009896689051094967,
            -0.0003221344502778023,
            0.0024576138433342197,
            0.001786988980467713
        ],
        [
            0.5691404565656247,
            0.5649536240669044,
            -0.17536639827518163,
            0.4724477520781488,
            -0.18585836788479443,
            0.9999999999999999,
            0.6848602514927513,
            0.0,
            0.0,
            0.0,
            0.5041026697864731,
            0.5401601873647394,
            -0.0583927478364788,
            -0.4803580854313601,
            -0.16602271165765092,
            0.12412010082733702,
            0.31066643348511386,
            0.0043898500789252785,
            -0.16352028392977863,
            -0.004435532364186638
        ],
        [
            0.5649536240669044,
            0.8869939158919772,
            -0.053679532962328545,
            0.1446159294488181,
            -0.05689111758765216,
            0.6848602514927513,
            1.0000000000000002,
            0.0,
            0.0,
            0.0,
            0.5401601873647394,
            0.8625253308457345,
            -0.01986573327710113,
            -0.16342210216586037,
            -0.056482406290726914,
            0.31066643348511386,
            0.6107504046519269,
            0.004720338362731178,
            -0.17583084967389054,
            -0.0047694598224028
        ],
        [
            0.1753663982751816,
            0.0536795329623285,
            0.41483702391443866,
            0.2008598324833647,
            -0.07901716216187285,
            0.0,
            0.0,
            1.0000000000000004,
            0.0,
            0.0,
            0.05839274783647878,
            0.019865733277101106,
            0.40473838983864197,
            -0.07825298581474052,
            -0.027046016907583317,
            -0.004389850078925273,
            -0.004720338362731164,
            0.05273733060110744,
            0.008342861993469109,
            0.00022630241027386033
        ],
        [
            -0.47244775207814854,
            -0.14461592944881788,
            0.20085983248336484,
            -0.051735060985770714,
            0.2128770448965459,
            0.0,
            0.0,
            0.0,
            1.0000000000000004,
            0.0,
            0.4803580854313598,
            0.16342210216586037,
            -0.07825298581474054,
            -0.22948409040168719,
            -0.22248949367227358,
            0.16352028392977855,
            0.17583084967389048,
            0.0083428619934691,
            -0.2578072063042484,
            -0.008429680676255453
        ],
        [
            0.18585836788479437,
            0.05689111758765215,
            -0.07901716216187288,
            0.21287704489654585,
            0.4056488867611729,
            0.0,
            0.0,
            0.0,
            0.0,
            1.0000000000000004,
            0.16602271165765087,
            0.05648240629072689,
            -0.027046016907583324,
            -0.22248949367227358,
            0.3373534468796621,
            0.004435532364186636,
            0.004769459822402798,
            0.0002263024102738598,
            -0.00842968067625544,
            0.052732644894475926
        ],
        [
            0.1481884292521967,
            0.33394051910390893,
            -0.020014176473352283,
            0.192626235036512,
            0.0014402244229607957,
            0.5041026697864731,
            0.5401601873647394,
            0.0583927478364788,
            0.4803580854313601,
            0.16602271165765092,
            0.9999999999999999,
            0.6848602514927513,
            0.0,
            0.0,
            0.0,
            0.5419981697728137,
            0.554890823543999,
            0.0914711531251168,
            -0.4966132017009838,
            0.1542245236809395
        ],
        [
            0.33394051910390893,
            0.6389391553778043,
            -0.018724463689048745,
            0.18021340764640564,
            0.001347416414945487,
            0.5401601873647394,
            0.8625253308457345,
            0.019865733277101127,
            0.16342210216586037,
            0.05648240629072689,
            0.6848602514927513,
            1.0000000000000002,
            0.0,
            0.0,
            0.0,
            0.554890823543999,
            0.8771132399056617,
            0.02921826522407692,
            -0.15863117218200928,
            0.04926332382410175
        ],
        [
            0.020014176473352272,
            0.018724463689048725,
            0.0653483870374437,
            0.038027276917462625,
            0.0002843216706428481,
            -0.05839274783647878,
            -0.019865733277101116,
            0.40473838983864197,
            -0.07825298581474052,
            -0.027046016907583317,
            0.0,
            0.0,
            1.0000000000000004,
            0.0,
            0.0,
            -0.09147115312511678,
            -0.02921826522407693,
            0.4363206668046153,
            0.11656932270639601,
            -0.036200906880095994
        ],
        [
            -0.19262623503651197,
            -0.1802134076464057,
            0.038027276917462646,
            -0.2966936520324973,
            -0.00273645098653663,
            -0.4803580854313598,
            -0.16342210216586037,
            -0.07825298581474054,
            -0.22948409040168719,
            -0.22248949367227358,
            0.0,
            0.0,
            0.0,
            1.0000000000000004,
            0.0,
            0.49661320170098366,
            0.15863117218200923,
            0.11656932270639601,
            -0.1750840772054659,
            0.19654117889618217
        ],
        [
            -0.0014402244229607957,
            -0.0013474164149454865,
            0.0002843216706428474,
            -0.002736450986536621,
            0.06927902258841406,
            -0.16602271165765087,
            -0.0564824062907269,
            -0.027046016907583324,
            -0.22248949367227358,
            0.3373534468796621,
            0.0,
            0.0,
            0.0,
            0.0,
            1.0000000000000004,
            -0.1542245236809395,
            -0.04926332382410173,
            -0.03620090688009601,
            0.1965411788961822,
            0.3967551875449301
        ],
        [
            0.015500729794947937,
            0.1295689923959846,
            -0.0024506111002189335,
            0.01869609338378039,
            -0.0018726730249952394,
            0.12412010082733702,
            0.31066643348511386,
            -0.004389850078925275,
            0.16352028392977863,
            0.004435532364186638,
            0.5419981697728137,
            0.554890823543999,
            -0.0914711531251168,
            0.4966132017009838,
            -0.15422452368093953,
            0.9999999999999999,
            0.6848602514927513,
            0.0,
            0.0,
            0.0
        ],
        [
            0.12956899239598454,
            0.35340780329444643,
            -0.012950972070572844,
            0.09880498101903232,
            -0.009896689051094967,
            0.31066643348511386,
            0.6107504046519269,
            -0.0047203383627311656,
            0.17583084967389054,
            0.0047694598224028,
            0.554890823543999,
            0.8771132399056617,
            -0.029218265224076924,
            0.15863117218200928,
            -0.04926332382410175,
            0.6848602514927513,
            1.0000000000000002,
            0.0,
            0.0,
            0.0
        ],
        [
            0.002450611100218934,
            0.01295097207057285,
            0.0016116025833124248,
            0.003216074394269585,
            -0.0003221344502778024,
            0.004389850078925273,
            0.004720338362731164,
            0.05273733060110744,
            0.008342861993469102,
            0.00022630241027385984,
            0.09147115312511678,
            0.02921826522407693,
            0.4363206668046153,
            0.11656932270639603,
            -0.036200906880096,
            0.0,
            0.0,
            1.0000000000000004,
            0.0,
            0.0
        ],
        [
            -0.01869609338378039,
            -0.09880498101903228,
            0.003216074394269584,
            -0.02250277886710074,
            0.0024576138433342197,
            -0.16352028392977855,
            -0.17583084967389048,
            0.008342861993469107,
            -0.2578072063042484,
            -0.00842968067625544,
            -0.49661320170098366,
            -0.15863117218200923,
            0.116569322706396,
            -0.1750840772054659,
            0.19654117889618217,
            0.0,
            0.0,
            0.0,
            1.0000000000000004,
            0.0
        ],
        [
            0.0018726730249952392,
            0.009896689051094967,
            -0.0003221344502778023,
            0.0024576138433342197,
            0.001786988980467713,
            -0.004435532364186636,
            -0.004769459822402798,
            0.0002263024102738603,
            -0.008429680676255453,
            0.052732644894475926,
            0.1542245236809395,
            0.04926332382410173,
            -0.036200906880096,
            0.1965411788961822,
            0.3967551875449301,
            0.0,
            0.0,
            0.0,
            0.0,
            1.0000000000000004
        ]
    ],
    "h": [
        [
            -0.2936548611496528,
            -0.4818314775939201,
            0.09668153274411438,
            -0.27636518872190696,
            0.09892282702970587,
            -0.6019344045066721,
            -0.4778378005046877,
            -0.019795077216706536,
            0.009764114142376323,
            -0.030473167790441236,
            -0.2713086344095043,
            -0.33430139074362253,
            -0.0013380968363250478,
            0.31398070143296175,
            0.045420209206302235,
            -0.023531116951367878,
            -0.15427573977062609,
            -0.007612038332755448,
            0.07828584346155754,
            -0.005749542720958073
        ],
        [
            -0.4818314775939201,
            -0.3237718067505022,
            0.07817746248850463,
            -0.23409299537287934,
            0.0782754623795722,
            -0.5494267443349764,
            -0.3758883923020082,
            -0.08350824916712292,
            0.09051029669490265,
            -0.1110674438092426,
            -0.3476001945068372,
            -0.32366224030380975,
            0.02002537057202653,
            0.17896164716654356,
            0.06567822840161425,
            -0.1531092669664402,
            -0.21168416669335544,
            -0.016167478932324536,
            0.12348652212664105,
            -0.02258640440251327
        ],
        [
            0.09668153274411438,
            0.07817746248850463,
            1.4438898570262386,
            0.08223773069979731,
            -0.031072848390360237,
            0.015125751331532045,
            0.07186220480316183,
            0.32169224686000886,
            0.2916837202026921,
            -0.10669200104678411,
            0.05187357389820615,
            0.05754778713634616,
            -0.047052440793829614,
            -0.055669054187865934,
            -0.014329812009690877,
            0.010705992224845397,
            0.030305605267798467,
            -0.00457377453714104,
            -0.017743625909892955,
            0.0016437810698099464
        ],
        [
            -0.27636518872190696,
            -0.23409299537287934,
            0.08223773069979731,
            1.2298303172861542,
            0.08320251374376723,
            -0.08116952010024825,
            -0.2290552123809939,
            0.26828387672871373,
            -0.3873600844867267,
            0.2694148890511203,
            -0.23714553498296775,
            -0.18556538282218893,
            0.021610002991808944,
            0.08284890063090111,
            0.05415732523148255,
            -0.07995664699422704,
            -0.12452793346971835,
            -0.013468801318512151,
            0.10361010531411319,
            -0.012838630322851506
        ],
        [
            0.09892282702970587,
            0.0782754623795722,
            -0.031072848390360237,
            0.08320251374376723,
            1.4406552349913326,
            0.008729789738042337,
            0.0698326996947151,
            -0.11093450845416916,
            0.3055652590639737,
            0.308586036192469,
            0.03951275264096914,
            0.05593438771587728,
            -0.001927867545912116,
            -0.062161799507027646,
            -0.0561512762791441,
            0.005800854974469351,
            0.026374367646358962,
            0.001272110949425922,
            -0.013323600589322287,
            -0.005627715143562695
        ],
        [
            -0.6019344045066721,
            -0.5494267443349764,
            0.015125751331532045,
            -0.08116952010024825,
            0.008729789738042337,
            -0.43974210768659905,
            -0.5951500093897013,
            -0.11604587147912049,
            0.060464714971547456,
            -0.16452398218712877,
            -0.5069248631009049,
            -0.5069699083270811,
            0.0037150371502660123,
            0.08606508877207653,
            0.02687421810825913,
            -0.23983842469680663,
            -0.33003463470613115,
            -0.022364277003526372,
            0.22921379080090254,
            -0.027949391996595456
        ],
        [
            -0.4778378005046877,
            -0.3758883923020082,
            0.07186220480316183,
            -0.2290552123809939,
            0.0698326996947151,
            -0.5951500093897013,
            -0.43180549831849135,
            -0.09115312866593417,
            0.006162890948249497,
            -0.13429175944678645,
            -0.5022703530803354,
            -0.4143608819846767,
            0.034351162367016116,
            0.1199382143600704,
            0.09164338383395638,
            -0.31200731635981127,
            -0.3125451037131648,
            -0.02766759348395891,
            0.1793379443241654,
            -0.04426808256564566
        ],
        [
            -0.019795077216706536,
            -0.08350824916712292,
            0.32169224686000886,
            0.26828387672871373,
            -0.11093450845416916,
            -0.11604587147912049,
            -0.09115312866593417,
            1.3718211256987447,
            0.061060933458135166,
            -0.04003810820189885,
            -0.019522752583876507,
            -0.05921714966595444,
            0.29287687265906237,
            -0.0686024737186185,
            -0.03275173310730599,
            -0.005494749763872733,
            -0.028725297491019423,
            -0.04620214425029222,
            0.01763472933098969,
            -0.002408750549999533
        ],
        [
            0.009764114142376323,
            0.09051029669490265,
            0.2916837202026921,
            -0.3873600844867267,
            0.3055652590639737,
            0.060464714971547456,
            0.006162890948249497,
            0.061060933458135166,
            0.932874355473045,
            0.018439835773287748,
            -0.06437159711366947,
            -0.10908477022226115,
            -0.08463353252273079,
            -0.7020651094364894,
            -0.2743149626145365,
            -0.2967492069591471,
            -0.1723986706248653,
            -0.028610630397923605,
            0.14266637014744865,
            -0.046390412115690866
        ],
        [
            -0.030473167790441236,
            -0.1110674438092426,
            -0.10669200104678411,
            0.2694148890511203,
            0.308586036192469,
            -0.16452398218712877,
            -0.13429175944678645,
            -0.04003810820189885,
            0.018439835773287748,
            1.3478012646659896,
            -0.03352038027416793,
            -0.10248261405672401,
            -0.03581649760612883,
            -0.26291204453978173,
            0.21133883608594267,
            -0.042883630121508094,
            -0.06677281082495415,
            -0.006547913859189389,
            0.052409007083283825,
            -0.05386349507985108
        ],
        [
            -0.2713086344095043,
            -0.3476001945068372,
            0.05187357389820615,
            -0.23714553498296775,
            0.03951275264096914,
            -0.5069248631009049,
            -0.5022703530803354,
            -0.019522752583876507,
            -0.06437159711366947,
            -0.03352038027416793,
            -0.4173204853804502,
            -0.5894903765560054,
            0.06839965431738329,
            -0.052265401332409714,
            0.14299852354463127,
            -0.57268715522078,
            -0.5345097342337558,
            -0.005727877001359849,
            0.0755472293323366,
            -0.006743627684537956
        ],
        [
            -0.33430139074362253,
            -0.32366224030380975,
            0.05754778713634616,
            -0.18556538282218893,
            0.05593438771587728,
            -0.5069699083270811,
            -0.4143608819846767,
            -0.05921714966595444,
            -0.10908477022226115,
            -0.10248261405672401,
            -0.5894903765560054,
            -0.4355255821346631,
            0.05421930485079075,
            -0.003827405110226917,
            0.11937431428314861,
            -0.46026470253843477,
            -0.3701438999024673,
            -0.03429487976176835,
            0.22442553281657052,
            -0.055271947949974684
        ],
        [
            -0.0013380968363250478,
            0.02002537057202653,
            -0.047052440793829614,
            0.021610002991808944,
            -0.001927867545912116,
            0.0037150371502660123,
            0.034351162367016116,
            0.29287687265906237,
            -0.08463353252273079,
            -0.03581649760612883,
            0.06839965431738329,
            0.05421930485079075,
            1.401885692345363,
            0.0258394669977939,
            -0.02161042826590359,
            0.014969752409071252,
            0.04835799309529,
            0.35326381269756835,
            0.1510406833046084,
            -0.04967037205597456
        ],
        [
            0.31398070143296175,
            0.17896164716654356,
            -0.055669054187865934,
            0.08284890063090111,
            -0.062161799507027646,
            0.08606508877207653,
            0.1199382143600704,
            -0.0686024737186185,
            -0.7020651094364894,
            -0.26291204453978173,
            -0.052265401332409714,
            -0.003827405110226917,
            0.0258394669977939,
            0.9104871640425216,
            0.005364239532694134,
            -0.025113058169705993,
            -0.10224653899333458,
            0.16520038221310077,
            -0.5340177146034579,
            0.27588155580772994
        ],
        [
            0.045420209206302235,
            0.06567822840161425,
            -0.014329812009690877,
            0.05415732523148255,
            -0.0561512762791441,
            0.02687421810825913,
            0.09164338383395638,
            -0.03275173310730599,
            -0.2743149626145365,
            0.21133883608594267,
            0.14299852354463127,
            0.11937431428314861,
            -0.02161042826590359,
            0.005364239532694134,
            1.3674414441936675,
            0.02638148621558678,
            0.0945014595265057,
            -0.04876417028621775,
            0.24694964465935754,
            0.29886146705155414
        ],
        [
            -0.023531116951367878,
            -0.1531092669664402,
            0.010705992224845397,
            -0.07995664699422704,
            0.005800854974469351,
            -0.23983842469680663,
            -0.31200731635981127,
            -0.005494749763872733,
            -0.2967492069591471,
            -0.042883630121508094,
            -0.57268715522078,
            -0.46026470253843477,
            0.014969752409071252,
            -0.025113058169705993,
            0.02638148621558678,
            -0.2637158209216206,
            -0.4680607079791268,
            -0.04648889262529797,
            0.27231721153718463,
            -0.07786452344134578
        ],
        [
            -0.15427573977062609,
            -0.21168416669335544,
            0.030305605267798467,
            -0.12452793346971835,
            0.026374367646358962,
            -0.33003463470613115,
            -0.3125451037131648,
            -0.028725297491019423,
            -0.1723986706248653,
            -0.06677281082495415,
            -0.5345097342337558,
            -0.3701438999024673,
            0.04835799309529,
            -0.10224653899333458,
            0.0945014595265057,
            -0.4680607079791268,
            -0.31598488066335917,
            -0.03827709837051699,
            0.23431943764703347,
            -0.06325276671823905
        ],
        [
            -0.007612038332755448,
            -0.016167478932324536,
            -0.00457377453714104,
            -0.013468801318512151,
            0.001272110949425922,
            -0.022364277003526372,
            -0.02766759348395891,
            -0.04620214425029222,
            -0.028610630397923605,
            -0.006547913859189389,
            -0.005727877001359849,
            -0.03429487976176835,
            0.35326381269756835,
            0.16520038221310077,
            -0.04876417028621775,
            -0.04648889262529797,
            -0.03827709837051699,
            1.4819472506463525,
            0.04229108347394768,
            -0.01302988204393711
        ],
        [
            0.07828584346155754,
            0.12348652212664105,
            -0.017743625909892955,
            0.10361010531411319,
            -0.013323600589322287,
            0.22921379080090254,
            0.1793379443241654,
            0.01763472933098969,
            0.14266637014744865,
            0.052409007083283825,
            0.0755472293323366,
            0.22442553281657052,
            0.1510406833046084,
            -0.5340177146034579,
            0.24694964465935754,
            0.27231721153718463,
            0.23431943764703347,
            0.04229108347394768,
            1.2379544798746167,
            0.06986809132244075
        ],
        [
            -0.005749542720958073,
            -0.02258640440251327,
            0.0016437810698099464,
            -0.012838630322851506,
            -0.005627715143562695,
            -0.027949391996595456,
            -0.04426808256564566,
            -0.002408750549999533,
            -0.046390412115690866,
            -0.05386349507985108,
            -0.006743627684537956,
            -0.055271947949974684,
            -0.04967037205597456,
            0.27588155580772994,
            0.29886146705155414,
            -0.07786452344134578,
            -0.06325276671823905,
            -0.01302988204393711,
            0.06986809132244075,
            1.4675857782636603
        ]
    ]
}