{
    "HF": -2.125821022982122,
    "coordinates": [
        [
            0.73751,
            -0.198791,
            -0.074047
        ],
        [
            1.546125,
            -0.015563,
            -0.000357
        ],
        [
            2.197207,
            0.143313,
            0.192062
        ],
        [
            3.028052,
            0.174076,
            0.04986
        ]
    ],
    "elements": [
        "H",
        "H",
        "H",
        "H"
    ],
    "Enn": 2.951271529727607,
    "S": [
        [
            0.9999999999999999,
            0.6848602514927513,
            0.0,
            0.0,
            0.0,
            0.4975655752096306,
            0.5375336940703106,
            -0.045002846843665414,
            -0.4938251730287761,
            -0.11189824428648561,
            0.11843058705051077,
            0.3047566786403091,
            -0.027334839830105012,
            -0.14994075245664285,
            -0.035141081456238774,
            0.009339431908248779,
            0.10422719189815623,
            -0.0005782505327116321,
            -0.01068952627130321,
            -0.0017400997633756617
        ],
        [
            0.6848602514927513,
            1.0000000000000002,
            0.0,
            0.0,
            0.0,
            0.5375336940703106,
            0.8599084662301268,
            -0.015484728098547236,
            -0.16991699567657445,
            -0.038502317275622366,
            0.3047566786403091,
            0.6034667185248793,
            -0.03049004890504461,
            -0.16724813109119524,
            -0.03919735029860462,
            0.10422719189815623,
            0.30835022400205864,
            -0.004495560420531224,
            -0.08310482827253052,
            -0.013528260125111704
        ],
        [
            0.0,
            0.0,
            1.0000000000000004,
            0.0,
            0.0,
            0.0450028468436654,
            0.015484728098547219,
            0.40108239417180647,
            -0.06293354963406987,
            -0.014260418657026335,
            0.02733483983010498,
            0.030490048905044576,
            0.04024225689305622,
            -0.049723762392698295,
            -0.011653581537532556,
            0.0005782505327116321,
            0.004495560420531222,
            0.0008660471567808282,
            -0.0006646188654907473,
            -0.00010819030714954733
        ],
        [
            0.0,
            0.0,
            0.0,
            1.0000000000000004,
            0.0,
            0.49382517302877593,
            0.16991699567657437,
            -0.06293354963406986,
            -0.28376473484200065,
            -0.15648240510722417,
            0.14994075245664276,
            0.16724813109119516,
            -0.04972376239269835,
            -0.22344438079896065,
            -0.06392379817891043,
            0.01068952627130321,
            0.08310482827253039,
            -0.0006646188654907471,
            -0.011384129565769329,
            -0.0020000035713796504
        ],
        [
            0.0,
            0.0,
            0.0,
            0.0,
            1.0000000000000004,
            0.11189824428648561,
            0.038502317275622346,
            -0.014260418657026338,
            -0.15648240510722425,
            0.3713594916156433,
            0.03514108145623874,
            0.03919735029860459,
            -0.011653581537532562,
            -0.06392379817891038,
            0.034325517757715536,
            0.0017400997633756617,
            0.013528260125111692,
            -0.00010819030714954737,
            -0.002000003571379652,
            0.0005764281924120219
        ],
        [
            0.4975655752096306,
            0.5375336940703106,
            0.045002846843665414,
            0.49382517302877593,
            0.11189824428648561,
            0.9999999999999999,
            0.6848602514927513,
            0.0,
            0.0,
            0.0,
            0.6053615395486651,
            0.5777983503907863,
            -0.15058385331653124,
            -0.5095257556947794,
            -0.12433366912579949,
            0.1272178830322939,
            0.3138128994211459,
            -0.005628692804516785,
            -0.16610533966025748,
            -0.021256141839531607
        ],
        [
            0.5375336940703106,
            0.8599084662301268,
            0.015484728098547236,
            0.16991699567657445,
            0.038502317275622366,
            0.6848602514927513,
            1.0000000000000002,
            0.0,
            0.0,
            0.0,
            0.5777983503907863,
            0.8995093924104368,
            -0.043674739805961815,
            -0.14778081656356815,
            -0.03606124115296296,
            0.3138128994211459,
            0.6146069516978646,
            -0.005936828295746844,
            -0.1751985611611851,
            -0.022419781770658075
        ],
        [
            -0.0450028468436654,
            -0.015484728098547219,
            0.40108239417180647,
            -0.06293354963406983,
            -0.014260418657026335,
            0.0,
            0.0,
            1.0000000000000004,
            0.0,
            0.0,
            0.15058385331653118,
            0.04367473980596178,
            0.48087088668859496,
            -0.1730354210865886,
            -0.042223829810304765,
            0.005628692804516784,
            0.0059368282957468444,
            0.05462560121434333,
            -0.010623278495967572,
            -0.001359438022720954
        ],
        [
            -0.4938251730287761,
            -0.16991699567657437,
            -0.06293354963406989,
            -0.28376473484200065,
            -0.15648240510722425,
            0.0,
            0.0,
            0.0,
            1.0000000000000004,
            0.0,
            0.5095257556947794,
            0.14778081656356812,
            -0.1730354210865886,
            -0.05348510211057783,
            -0.14287141893759375,
            0.16610533966025737,
            0.1751985611611851,
            -0.01062327849596758,
            -0.25851229916582363,
            -0.040117647623251006
        ],
        [
            -0.11189824428648561,
            -0.038502317275622325,
            -0.014260418657026338,
            -0.15648240510722417,
            0.3713594916156433,
            0.0,
            0.0,
            0.0,
            0.0,
            1.0000000000000004,
            0.12433366912579946,
            0.03606124115296297,
            -0.042223829810304765,
            -0.14287141893759375,
            0.4971460457851929,
            0.021256141839531607,
            0.022419781770658058,
            -0.001359438022720954,
            -0.040117647623250985,
            0.04985181586500177
        ],
        [
            0.11843058705051077,
            0.3047566786403091,
            0.027334839830105012,
            0.1499407524566429,
            0.035141081456238774,
            0.6053615395486651,
            0.5777983503907863,
            0.15058385331653124,
            0.5095257556947794,
            0.12433366912579949,
            0.9999999999999999,
            0.6848602514927513,
            0.0,
            0.0,
            0.0,
            0.48899311649706473,
            0.5340494595753785,
            0.08495327649634558,
            -0.4963573297886544,
            -0.018378205966562217
        ],
        [
            0.3047566786403091,
            0.6034667185248793,
            0.03049004890504461,
            0.16724813109119524,
            0.03919735029860462,
            0.5777983503907863,
            0.8995093924104368,
            0.0436747398059618,
            0.14778081656356815,
            0.03606124115296296,
            0.6848602514927513,
            1.0000000000000002,
            0.0,
            0.0,
            0.0,
            0.5340494595753785,
            0.856429485624388,
            0.02967464275389394,
            -0.17338032206902174,
            -0.006419607565561939
        ],
        [
            -0.02733483983010498,
            -0.030490048905044587,
            0.04024225689305622,
            -0.04972376239269831,
            -0.011653581537532556,
            -0.15058385331653118,
            -0.04367473980596176,
            0.48087088668859496,
            -0.1730354210865886,
            -0.042223829810304765,
            0.0,
            0.0,
            1.0000000000000004,
            0.0,
            0.0,
            -0.08495327649634554,
            -0.029674642753893928,
            0.3762602137369889,
            0.12180526660977217,
            0.004509981304234153
        ],
        [
            -0.14994075245664276,
            -0.16724813109119524,
            -0.04972376239269834,
            -0.22344438079896065,
            -0.0639237981789104,
            -0.5095257556947794,
            -0.14778081656356812,
            -0.1730354210865886,
            -0.05348510211057783,
            -0.14287141893759375,
            0.0,
            0.0,
            0.0,
            1.0000000000000004,
            0.0,
            0.4963573297886543,
            0.1733803220690217,
            0.12180526660977217,
            -0.3145652015748224,
            -0.02635051136212167
        ],
        [
            -0.03514108145623874,
            -0.03919735029860459,
            -0.011653581537532562,
            -0.0639237981789104,
            0.034325517757715536,
            -0.12433366912579946,
            -0.03606124115296296,
            -0.042223829810304765,
            -0.14287141893759375,
            0.4971460457851929,
            0.0,
            0.0,
            0.0,
            0.0,
            1.0000000000000004,
            0.018378205966562217,
            0.0064196075655619375,
            0.004509981304234153,
            -0.02635051136212167,
            0.39613194882766156
        ],
        [
            0.009339431908248779,
            0.10422719189815623,
            0.0005782505327116321,
            0.010689526271303214,
            0.0017400997633756617,
            0.1272178830322939,
            0.3138128994211459,
            0.005628692804516785,
            0.16610533966025748,
            0.021256141839531607,
            0.48899311649706473,
            0.5340494595753785,
            -0.08495327649634558,
            0.4963573297886544,
            0.018378205966562217,
            0.9999999999999999,
            0.6848602514927513,
            0.0,
            0.0,
            0.0
        ],
        [
            0.10422719189815623,
            0.30835022400205864,
            0.004495560420531224,
            0.08310482827253052,
            0.013528260125111704,
            0.3138128994211459,
            0.6146069516978646,
            0.005936828295746844,
            0.1751985611611851,
            0.022419781770658075,
            0.5340494595753785,
            0.856429485624388,
            -0.02967464275389393,
            0.17338032206902174,
            0.006419607565561939,
            0.6848602514927513,
            1.0000000000000002,
            0.0,
            0.0,
            0.0
        ],
        [
            -0.0005782505327116321,
            -0.004495560420531221,
            0.0008660471567808282,
            -0.0006646188654907473,
            -0.00010819030714954733,
            -0.005628692804516784,
            -0.005936828295746843,
            0.05462560121434333,
            -0.01062327849596758,
            -0.001359438022720954,
            0.08495327649634556,
            0.029674642753893917,
            0.3762602137369889,
            0.12180526660977217,
            0.004509981304234153,
            0.0,
            0.0,
            1.0000000000000004,
            0.0,
            0.0
        ],
        [
            -0.01068952627130321,
            -0.08310482827253034,
            -0.0006646188654907471,
            -0.011384129565769329,
            -0.0020000035713796504,
            -0.16610533966025748,
            -0.1751985611611851,
            -0.010623278495967572,
            -0.25851229916582363,
            -0.040117647623250985,
            -0.4963573297886543,
            -0.1733803220690217,
            0.12180526660977217,
            -0.3145652015748224,
            -0.02635051136212167,
            0.0,
            0.0,
            0.0,
            1.0000000000000004,
            0.0
        ],
        [
            -0.0017400997633756617,
            -0.013528260125111692,
            -0.00010819030714954737,
            -0.002000003571379652,
            0.0005764281924120219,
            -0.021256141839531607,
            -0.02241978177065805,
            -0.001359438022720954,
            -0.040117647623251006,
            0.04985181586500177,
            -0.018378205966562217,
            -0.0064196075655619375,
            0.004509981304234153,
            -0.02635051136212167,
            0.39613194882766156,
            0.0,
            0.0,
            0.0,
            0.0,
            1.0000000000000004
        ]
    ],
    "h": [
        [
            -0.22978035929361318,
            -0.4495672314879898,
            -0.024760166344387508,
            -0.2459429944949437,
            -0.05653300400385805,
            -0.5413892751635344,
            -0.4365385707891656,
            -0.006243548968317414,
            0.04116204970498116,
            0.006078180044256726,
            -0.25290253365191984,
            -0.3037797040446214,
            0.06206533136864567,
            0.30420198561630163,
            0.06771520099827186,
            -0.0002456855301227051,
            -0.11901269419159471,
            0.0019547316003098924,
            0.057249598531479734,
            0.008023770291071371
        ],
        [
            -0.4495672314879898,
            -0.3078128897865051,
            -0.023119258930865146,
            -0.2209536101187224,
            -0.05087029871729433,
            -0.5292543649222814,
            -0.3638556979850235,
            -0.01427466181171454,
            0.09010354586052924,
            0.01771147046248652,
            -0.3454482081730451,
            -0.30969508942322266,
            0.06238184550235588,
            0.1981786770275973,
            0.05202377982563092,
            -0.11814542344001194,
            -0.183935023262342,
            -0.007864882427986039,
            0.11129848693181539,
            0.00952542924302507
        ],
        [
            -0.024760166344387508,
            -0.023119258930865146,
            1.4862758347710652,
            -0.023659276407339246,
            -0.005441225781059466,
            -0.014187955107075975,
            -0.023643400132505245,
            0.29613976822218935,
            -0.08747614462351641,
            -0.020000752343640182,
            -0.03372732245777905,
            -0.01947631690607081,
            -0.03979059223239856,
            0.025773319355117078,
            0.006316699533443743,
            -0.006474115951678282,
            -0.012339587647596727,
            -0.0031878289464471847,
            0.007045647480778911,
            0.0008108568535469352
        ],
        [
            -0.2459429944949437,
            -0.2209536101187224,
            -0.023659276407339246,
            1.2539357657651111,
            -0.053659358525027914,
            -0.09544272647761176,
            -0.2123139712729818,
            -0.09835204044031506,
            -0.6398334655826108,
            -0.21576073581278654,
            -0.2452046793749128,
            -0.1793557684801788,
            0.05791684816399838,
            0.17571315492816209,
            0.05384210542870149,
            -0.05579200542407986,
            -0.10940219550983159,
            0.00042070448206526275,
            0.07516093803290722,
            0.010167011976600143
        ],
        [
            -0.05653300400385805,
            -0.05087029871729433,
            -0.005441225781059466,
            -0.053659358525027914,
            1.4766133110696342,
            -0.022568683486417718,
            -0.048908660115765126,
            -0.0223081904061609,
            -0.21390779203257582,
            0.25711370125280797,
            -0.05636211787772619,
            -0.04107896127604712,
            0.013303092684046103,
            0.05131669698767853,
            -0.03431657600290888,
            -0.011147972694632075,
            -0.023962851522414383,
            -1.0885470636683354e-05,
            0.014999202349510452,
            -0.0011468539759491919
        ],
        [
            -0.5413892751635344,
            -0.5292543649222814,
            -0.014187955107075975,
            -0.09544272647761176,
            -0.022568683486417718,
            -0.46909419318946366,
            -0.614224220345303,
            -0.05501933222478332,
            -0.03227485092681634,
            -0.011435448425183849,
            -0.5846671519098334,
            -0.5451378317435092,
            0.024865286327737046,
            0.03550898968200211,
            0.01748586604091401,
            -0.26136407959509705,
            -0.35216014032721193,
            -0.015978321633159164,
            0.2538056819801411,
            0.021648163328006058
        ],
        [
            -0.4365385707891656,
            -0.3638556979850235,
            -0.023643400132505245,
            -0.2123139712729818,
            -0.048908660115765126,
            -0.614224220345303,
            -0.44408546063926724,
            -0.04324594551737698,
            -0.03459826908451959,
            -0.009471851077671303,
            -0.5443616442045305,
            -0.42307193461985704,
            0.08531279794465678,
            0.13761689391071663,
            0.05502911244192283,
            -0.3086933283440022,
            -0.31380861214230404,
            -0.024811195168136846,
            0.18441325319784974,
            0.009744179744203267
        ],
        [
            -0.006243548968317414,
            -0.01427466181171454,
            0.29613976822218935,
            -0.09835204044031506,
            -0.0223081904061609,
            -0.05501933222478332,
            -0.04324594551737698,
            1.3679665262368446,
            -0.09904750952170599,
            -0.02328058198750932,
            -0.004597507280073798,
            -0.052138873907681835,
            0.4031954229304011,
            -0.26649886174232634,
            -0.06255282201255645,
            -0.04776188256732766,
            -0.050341481417346394,
            -0.051930092684692106,
            0.04705933377467103,
            0.002896477158781001
        ],
        [
            0.04116204970498116,
            0.09010354586052924,
            -0.08747614462351641,
            -0.6398334655826108,
            -0.21390779203257582,
            -0.03227485092681634,
            -0.03459826908451959,
            -0.09904750952170599,
            0.8530787011140957,
            -0.1218974750963752,
            -0.045477658975029533,
            -0.1462197041027039,
            -0.2477590045459132,
            -0.5378683122418935,
            -0.22648777040734058,
            -0.3107825180973889,
            -0.20247718792504887,
            -0.029899342179433876,
            0.16082682638969603,
            0.009952824042610234
        ],
        [
            0.006078180044256726,
            0.01771147046248652,
            -0.020000752343640182,
            -0.21576073581278654,
            0.25711370125280797,
            -0.011435448425183849,
            -0.009471851077671303,
            -0.02328058198750932,
            -0.1218974750963752,
            1.3639354143933669,
            -0.004097123609278663,
            -0.032132533574022716,
            -0.06134237785640907,
            -0.2394358415473214,
            0.42137091055687126,
            -0.05804789629897201,
            -0.04368986920670239,
            -0.005877202264649968,
            0.0441559395137405,
            -0.0441870520634233
        ],
        [
            -0.25290253365191984,
            -0.3454482081730451,
            -0.03372732245777905,
            -0.2452046793749128,
            -0.05636211787772619,
            -0.5846671519098334,
            -0.5443616442045305,
            -0.004597507280073798,
            -0.045477658975029533,
            -0.004097123609278663,
            -0.46344286949230873,
            -0.6097067595856531,
            0.11417342057835186,
            0.029909821867770706,
            0.05402322343016905,
            -0.5400030818313433,
            -0.5283231254477945,
            -0.007359620904449887,
            0.10619173703258389,
            0.008515916840561688
        ],
        [
            -0.3037797040446214,
            -0.30969508942322266,
            -0.01947631690607081,
            -0.1793557684801788,
            -0.04107896127604712,
            -0.5451378317435092,
            -0.42307193461985704,
            -0.052138873907681835,
            -0.1462197041027039,
            -0.032132533574022716,
            -0.6097067595856531,
            -0.440427183822516,
            0.09404456326516933,
            0.02979795995122525,
            0.045688485428923106,
            -0.43671879730806995,
            -0.36591531048616555,
            -0.028852792626659393,
            0.21675017437123717,
            0.011487093886240928
        ],
        [
            0.06206533136864567,
            0.06238184550235588,
            -0.03979059223239856,
            0.05791684816399838,
            0.013303092684046103,
            0.024865286327737046,
            0.08531279794465678,
            0.4031954229304011,
            -0.2477590045459132,
            -0.06134237785640907,
            0.11417342057835186,
            0.09404456326516933,
            1.362277918416275,
            -0.04320037705588037,
            -0.017973270486656253,
            0.019489546677813635,
            0.06333140706364129,
            0.26341011883039495,
            0.13700459343390306,
            0.003531743674532753
        ],
        [
            0.30420198561630163,
            0.1981786770275973,
            0.025773319355117078,
            0.17571315492816209,
            0.05131669698767853,
            0.03550898968200211,
            0.13761689391071663,
            -0.26649886174232634,
            -0.5378683122418935,
            -0.2394358415473214,
            0.029909821867770706,
            0.02979795995122525,
            -0.04320037705588037,
            0.8603246818702166,
            -0.08081043004924847,
            -0.04292084634945481,
            -0.08832227402648357,
            0.15925023525613521,
            -0.673212306541355,
            -0.038420761874344206
        ],
        [
            0.06771520099827186,
            0.05202377982563092,
            0.006316699533443743,
            0.05384210542870149,
            -0.03431657600290888,
            0.01748586604091401,
            0.05502911244192283,
            -0.06255282201255645,
            -0.22648777040734058,
            0.42137091055687126,
            0.05402322343016905,
            0.045688485428923106,
            -0.017973270486656253,
            -0.08081043004924847,
            1.3739902492568015,
            0.00281262391006119,
            0.01775466443265143,
            0.005960884539969118,
            -0.04786612869760307,
            0.2875772629513695
        ],
        [
            -0.0002456855301227051,
            -0.11814542344001194,
            -0.006474115951678282,
            -0.05579200542407986,
            -0.011147972694632075,
            -0.26136407959509705,
            -0.3086933283440022,
            -0.04776188256732766,
            -0.3107825180973889,
            -0.05804789629897201,
            -0.5400030818313433,
            -0.43671879730806995,
            0.019489546677813635,
            -0.04292084634945481,
            0.00281262391006119,
            -0.22753692265428738,
            -0.44885553188966754,
            -0.03942518185004288,
            0.2465420559265875,
            0.010079944703005623
        ],
        [
            -0.11901269419159471,
            -0.183935023262342,
            -0.012339587647596727,
            -0.10940219550983159,
            -0.023962851522414383,
            -0.35216014032721193,
            -0.31380861214230404,
            -0.050341481417346394,
            -0.20247718792504887,
            -0.04368986920670239,
            -0.5283231254477945,
            -0.36591531048616555,
            0.06333140706364129,
            -0.08832227402648357,
            0.01775466443265143,
            -0.44885553188966754,
            -0.3098685318084631,
            -0.03377943591629594,
            0.22409718872363013,
            0.010077678649003063
        ],
        [
            0.0019547316003098924,
            -0.007864882427986039,
            -0.0031878289464471847,
            0.00042070448206526275,
            -1.0885470636683354e-05,
            -0.015978321633159164,
            -0.024811195168136846,
            -0.051930092684692106,
            -0.029899342179433876,
            -0.005877202264649968,
            -0.007359620904449887,
            -0.028852792626659393,
            0.26341011883039495,
            0.15925023525613521,
            0.005960884539969118,
            -0.03942518185004288,
            -0.03377943591629594,
            1.4790173317986712,
            0.036366937428908036,
            0.0012378372611004515
        ],
        [
            0.057249598531479734,
            0.11129848693181539,
            0.007045647480778911,
            0.07516093803290722,
            0.014999202349510452,
            0.2538056819801411,
            0.18441325319784974,
            0.04705933377467103,
            0.16082682638969603,
            0.0441559395137405,
            0.10619173703258389,
            0.21675017437123717,
            0.13700459343390306,
            -0.673212306541355,
            -0.04786612869760307,
            0.2465420559265875,
            0.22409718872363013,
            0.036366937428908036,
            1.2457125170247714,
            -0.010840115865437969
        ],
        [
            0.008023770291071371,
            0.00952542924302507,
            0.0008108568535469352,
            0.010167011976600143,
            -0.0011468539759491919,
            0.021648163328006058,
            0.009744179744203267,
            0.002896477158781001,
            0.009952824042610234,
            -0.0441870520634233,
            0.008515916840561688,
            0.011487093886240928,
            0.003531743674532753,
            -0.038420761874344206,
            0.2875772629513695,
            0.010079944703005623,
            0.010077678649003063,
            0.0012378372611004515,
            -0.010840115865437969,
            1.4848030026397967
        ]
    ]
}