{
    "HF": -2.151332710287211,
    "coordinates": [
        [
            0.681631,
            0.034197,
            -0.182181
        ],
        [
            1.402052,
            0.122432,
            -0.038552
        ],
        [
            2.127637,
            -0.176369,
            0.009071
        ],
        [
            2.880771,
            0.151604,
            -0.080272
        ]
    ],
    "elements": [
        "H",
        "H",
        "H",
        "H"
    ],
    "Enn": 2.9855303605575894,
    "S": [
        [
            0.9999999999999999,
            0.6848602514927513,
            0.0,
            0.0,
            0.0,
            0.5708126595857768,
            0.5655609886561226,
            -0.10436413032604476,
            -0.5234744455062663,
            -0.06411357761537406,
            0.13422385986044114,
            0.3207555300448291,
            -0.022886439605545303,
            -0.17303834202129198,
            0.025197676583676255,
            0.01446169416523077,
            0.1257727653005504,
            -0.000811925224866355,
            -0.017520898438926846,
            -0.0009354002578367377
        ],
        [
            0.6848602514927513,
            1.0000000000000002,
            0.0,
            0.0,
            0.0,
            0.5655609886561226,
            0.8875881353207487,
            -0.031864075376865884,
            -0.15982530719476662,
            -0.019574923524342314,
            0.3207555300448291,
            0.6230649158581468,
            -0.0231459722950335,
            -0.17500060033072687,
            0.025483418747390987,
            0.12577276530055043,
            0.3468849568182465,
            -0.004523609521287487,
            -0.09761699793584637,
            -0.005211545820936325
        ],
        [
            0.0,
            0.0,
            1.0000000000000004,
            0.0,
            0.0,
            0.10436413032604477,
            0.031864075376865864,
            0.4650352382049474,
            -0.13199335107839563,
            -0.016166149143906457,
            0.02288643960554528,
            0.023145972295033453,
            0.05398684729872483,
            -0.042828096788868,
            0.006236586174915443,
            0.0008119252248663547,
            0.004523609521287486,
            0.0017704648776255823,
            -0.0010586568681227575,
            -5.6519242483738443e-05
        ],
        [
            0.0,
            0.0,
            0.0,
            1.0000000000000004,
            0.0,
            0.5234744455062661,
            0.15982530719476623,
            -0.13199335107839566,
            -0.17070786439743615,
            -0.08108692069430434,
            0.17303834202129187,
            0.17500060033072679,
            -0.042828096788868016,
            -0.26416057221196215,
            0.04715318547489586,
            0.01752089843892684,
            0.09761699793584624,
            -0.0010586568681227575,
            -0.021025707739052345,
            -0.0012196540729051265
        ],
        [
            0.0,
            0.0,
            0.0,
            0.0,
            1.0000000000000004,
            0.06411357761537403,
            0.019574923524342296,
            -0.016166149143906457,
            -0.08108692069430433,
            0.48141922558812617,
            -0.025197676583676235,
            -0.025483418747390962,
            0.0062365861749154455,
            0.04715318547489586,
            0.05278498611305732,
            0.0009354002578367375,
            0.005211545820936322,
            -5.651924248373848e-05,
            -0.0012196540729051272,
            0.0017544089362284679
        ],
        [
            0.5708126595857768,
            0.5655609886561226,
            0.10436413032604476,
            0.5234744455062662,
            0.06411357761537405,
            0.9999999999999999,
            0.6848602514927513,
            0.0,
            0.0,
            0.0,
            0.5338088506553809,
            0.551776754576491,
            -0.0317912800733014,
            -0.48437259206657274,
            0.1994680359738473,
            0.1322470497676375,
            0.3188201605822768,
            0.004902856929923072,
            -0.17377631103928368,
            -0.003428239270367108
        ],
        [
            0.5655609886561226,
            0.8875881353207487,
            0.03186407537686587,
            0.15982530719476645,
            0.0195749235243423,
            0.6848602514927513,
            1.0000000000000002,
            0.0,
            0.0,
            0.0,
            0.551776754576491,
            0.8740417475919703,
            -0.0102905106109012,
            -0.15678642970016055,
            0.06456575312449633,
            0.3188201605822768,
            0.6207141575087441,
            0.005016516614511939,
            -0.1778048521499158,
            -0.003507713870530724
        ],
        [
            -0.10436413032604477,
            -0.031864075376865864,
            0.4650352382049474,
            -0.13199335107839566,
            -0.01616614914390646,
            0.0,
            0.0,
            1.0000000000000004,
            0.0,
            0.0,
            0.031791280073301384,
            0.010290510610901195,
            0.4456815044679962,
            -0.040218555989330926,
            0.01656228387875724,
            -0.004902856929923074,
            -0.005016516614511944,
            0.05805919726629135,
            0.009341143660948913,
            0.00018428101814962932
        ],
        [
            -0.5234744455062663,
            -0.15982530719476623,
            -0.13199335107839563,
            -0.170707864397436,
            -0.08108692069430433,
            0.0,
            0.0,
            0.0,
            1.0000000000000004,
            0.0,
            0.4843725920665727,
            0.15678642970016055,
            -0.04021855598933093,
            -0.16444953329832177,
            0.2523432952180264,
            0.17377631103928376,
            0.17780485214991576,
            0.009341143660948906,
            -0.2727637034195406,
            -0.006531635735311639
        ],
        [
            -0.06411357761537403,
            -0.019574923524342286,
            -0.016166149143906457,
            -0.08108692069430433,
            0.48141922558812605,
            0.0,
            0.0,
            0.0,
            0.0,
            1.0000000000000004,
            -0.19946803597384727,
            -0.06456575312449632,
            0.01656228387875725,
            0.25234329521802645,
            0.34440446502732197,
            0.003428239270367114,
            0.0035077138705307356,
            0.00018428101814962908,
            -0.006531635735311636,
            0.05819388927732541
        ],
        [
            0.13422385986044114,
            0.3207555300448291,
            0.022886439605545303,
            0.17303834202129195,
            -0.025197676583676255,
            0.5338088506553809,
            0.551776754576491,
            0.0317912800733014,
            0.48437259206657274,
            -0.1994680359738473,
            0.9999999999999999,
            0.6848602514927513,
            0.0,
            0.0,
            0.0,
            0.5022899654742544,
            0.5394344833147312,
            0.055219040802347664,
            -0.46547952358478334,
            -0.20270591393918236
        ],
        [
            0.3207555300448291,
            0.6230649158581468,
            0.023145972295033488,
            0.17500060033072698,
            -0.025483418747390994,
            0.551776754576491,
            0.8740417475919703,
            0.0102905106109012,
            0.15678642970016055,
            -0.06456575312449632,
            0.6848602514927513,
            1.0000000000000002,
            0.0,
            0.0,
            0.0,
            0.5394344833147312,
            0.861802772141206,
            0.018844830180356133,
            -0.1588561200435658,
            -0.06917828468645486
        ],
        [
            -0.02288643960554528,
            -0.023145972295033467,
            0.05398684729872483,
            -0.04282809678886801,
            0.006236586174915443,
            -0.031791280073301384,
            -0.010290510610901197,
            0.4456815044679962,
            -0.040218555989330926,
            0.01656228387875724,
            0.0,
            0.0,
            1.0000000000000004,
            0.0,
            0.0,
            -0.05521904080234766,
            -0.01884483018035612,
            0.4036454676791257,
            0.07200447174314184,
            0.03135633580612939
        ],
        [
            -0.1730383420212918,
            -0.17500060033072679,
            -0.04282809678886801,
            -0.26416057221196215,
            0.047153185474895845,
            -0.4843725920665727,
            -0.15678642970016055,
            -0.04021855598933093,
            -0.16444953329832177,
            0.2523432952180264,
            0.0,
            0.0,
            0.0,
            1.0000000000000004,
            0.0,
            0.46547952358478334,
            0.15885612004356578,
            0.07200447174314183,
            -0.19478830652464157,
            -0.2643242627963406
        ],
        [
            0.025197676583676235,
            0.025483418747390976,
            0.0062365861749154455,
            0.04715318547489586,
            0.05278498611305732,
            0.19946803597384727,
            0.06456575312449633,
            0.01656228387875725,
            0.25234329521802645,
            0.34440446502732197,
            0.0,
            0.0,
            0.0,
            0.0,
            1.0000000000000004,
            0.20270591393918236,
            0.06917828468645487,
            0.0313563358061294,
            -0.26432426279634064,
            0.29707993495432944
        ],
        [
            0.01446169416523077,
            0.1257727653005504,
            0.0008119252248663547,
            0.017520898438926843,
            0.0009354002578367378,
            0.1322470497676375,
            0.3188201605822768,
            -0.004902856929923072,
            0.17377631103928368,
            0.003428239270367113,
            0.5022899654742544,
            0.5394344833147312,
            -0.055219040802347664,
            0.46547952358478334,
            0.20270591393918236,
            0.9999999999999999,
            0.6848602514927513,
            0.0,
            0.0,
            0.0
        ],
        [
            0.12577276530055043,
            0.3468849568182465,
            0.004523609521287487,
            0.09761699793584633,
            0.005211545820936323,
            0.3188201605822768,
            0.6207141575087441,
            -0.005016516614511945,
            0.1778048521499158,
            0.003507713870530736,
            0.5394344833147312,
            0.861802772141206,
            -0.01884483018035613,
            0.1588561200435658,
            0.06917828468645486,
            0.6848602514927513,
            1.0000000000000002,
            0.0,
            0.0,
            0.0
        ],
        [
            -0.0008119252248663547,
            -0.004523609521287486,
            0.0017704648776255823,
            -0.0010586568681227575,
            -5.651924248373845e-05,
            0.004902856929923074,
            0.005016516614511938,
            0.05805919726629135,
            0.009341143660948905,
            0.00018428101814962905,
            0.05521904080234766,
            0.01884483018035611,
            0.4036454676791257,
            0.07200447174314184,
            0.03135633580612939,
            0.0,
            0.0,
            1.0000000000000004,
            0.0,
            0.0
        ],
        [
            -0.017520898438926836,
            -0.0976169979358462,
            -0.0010586568681227575,
            -0.021025707739052345,
            -0.0012196540729051267,
            -0.17377631103928376,
            -0.17780485214991576,
            0.009341143660948915,
            -0.2727637034195406,
            -0.006531635735311636,
            -0.46547952358478334,
            -0.15885612004356578,
            0.07200447174314183,
            -0.19478830652464157,
            -0.2643242627963406,
            0.0,
            0.0,
            0.0,
            1.0000000000000004,
            0.0
        ],
        [
            -0.0009354002578367377,
            -0.005211545820936324,
            -5.651924248373847e-05,
            -0.001219654072905127,
            0.001754408936228468,
            -0.00342823927036711,
            -0.003507713870530748,
            0.00018428101814962935,
            -0.006531635735311639,
            0.05819388927732541,
            -0.20270591393918236,
            -0.06917828468645487,
            0.0313563358061294,
            -0.26432426279634064,
            0.29707993495432944,
            0.0,
            0.0,
            0.0,
            0.0,
            1.0000000000000004
        ]
    ],
    "h": [
        [
            -0.2890239630026519,
            -0.47775676074479656,
            -0.05967404513682282,
            -0.2992318600462475,
            -0.029756072297486447,
            -0.5977742356491793,
            -0.47178769432059964,
            0.0035116359897414684,
            0.015381472817608377,
            0.024190541955308537,
            -0.2652355464200432,
            -0.32612952828374386,
            0.02674876173103536,
            0.31329536275302594,
            -0.07211257126881755,
            -0.01811131056383651,
            -0.14816798759290972,
            0.000263314112691001,
            0.07489546197146656,
            0.005175116055468453
        ],
        [
            -0.47775676074479656,
            -0.3186224456677733,
            -0.04911092700617498,
            -0.2508983309303907,
            -0.02153101762493362,
            -0.552140085960419,
            -0.3727061868713881,
            0.03492027369617686,
            0.11085615869816817,
            0.06925479469109078,
            -0.34450479515421845,
            -0.31887985994973755,
            0.020335013702486783,
            0.18307310800361076,
            -0.08549883370286321,
            -0.14362748225789596,
            -0.20599797716168677,
            -0.007666334334532081,
            0.11658291611206806,
            0.028732161126359766
        ],
        [
            -0.05967404513682282,
            -0.04911092700617498,
            1.4662772500743708,
            -0.05595808518024574,
            -0.005741545429976294,
            -0.013026237209362745,
            -0.046200711592984084,
            0.3922322817841387,
            -0.192631580807251,
            -0.018402655055247276,
            -0.04045613652495518,
            -0.03691461697389,
            -0.0432058057447918,
            0.03780509426029602,
            -0.013037093760087812,
            -0.007014669319962257,
            -0.020072546333248294,
            -0.005942430834088185,
            0.009599314214328929,
            0.0011667331177646861
        ],
        [
            -0.2992318600462475,
            -0.2508983309303907,
            -0.05595808518024574,
            1.1899206238277746,
            -0.02742497901009241,
            -0.07932468814464277,
            -0.24357082160617938,
            -0.18778025552356964,
            -0.5525366823960313,
            -0.08532962228961705,
            -0.2513223095588959,
            -0.19780727540148124,
            0.015322255245226832,
            0.14341175720687416,
            -0.0728682968238771,
            -0.0757328855825061,
            -0.12809548729775436,
            0.00036513163008131296,
            0.10075247197885726,
            0.011795100860589266
        ],
        [
            -0.029756072297486447,
            -0.02153101762493362,
            -0.005741545429976294,
            -0.02742497901009241,
            1.4726941026277642,
            0.00647942116544252,
            -0.016466500088774927,
            -0.023499677698419548,
            -0.11358500544757194,
            0.4133442610182424,
            0.004462396580266759,
            -0.013671173784694457,
            0.0017183951106299073,
            0.01816335330109048,
            -0.049458225642201925,
            0.001590183788132383,
            -0.003977210766956297,
            0.0002357439410990856,
            0.002949864419275719,
            -0.006224135409163948
        ],
        [
            -0.5977742356491793,
            -0.552140085960419,
            -0.013026237209362745,
            -0.07932468814464277,
            0.00647942116544252,
            -0.463944945650276,
            -0.6098035951770808,
            0.04124458826319077,
            0.06614494191633195,
            0.11951162392497389,
            -0.5298461988636842,
            -0.5215185898862875,
            0.016516387338933514,
            0.06966229004507896,
            -0.04212846574097945,
            -0.2502076022782942,
            -0.342798048855927,
            -0.01512050361283796,
            0.2307791169085936,
            0.046234617603716
        ],
        [
            -0.47178769432059964,
            -0.3727061868713881,
            -0.046200711592984084,
            -0.24357082160617938,
            -0.016466500088774927,
            -0.6098035951770808,
            -0.44050702980988654,
            0.03073173165978706,
            0.012621782506304288,
            0.09875953944105478,
            -0.5122077665189934,
            -0.41808742576951996,
            0.029603525426169924,
            0.12503357358644202,
            -0.12321399975765762,
            -0.3123536488311043,
            -0.3173151835254322,
            -0.017540434334957767,
            0.17282248927177812,
            0.06095251532238155
        ],
        [
            0.0035116359897414684,
            0.03492027369617686,
            0.3922322817841387,
            -0.18778025552356964,
            -0.023499677698419548,
            0.04124458826319077,
            0.03073173165978706,
            1.3868431695927634,
            -0.06860352531015859,
            -0.0010309167974102674,
            0.00858934854461113,
            0.012216536572555795,
            0.34867061938452326,
            -0.07402096234562572,
            0.025060021063828986,
            -0.008881025783540265,
            -0.002815656841260613,
            -0.04486969246395789,
            0.007438092458835883,
            0.0024060721823461694
        ],
        [
            0.015381472817608377,
            0.11085615869816817,
            -0.192631580807251,
            -0.5525366823960313,
            -0.11358500544757194,
            0.06614494191633195,
            0.012621782506304288,
            -0.06860352531015859,
            0.8554291465368489,
            0.053297055387530864,
            -0.05866036948073272,
            -0.11387142166101705,
            -0.052498028022823634,
            -0.645104703326048,
            0.3201372696359579,
            -0.29970898572791216,
            -0.17861621979691134,
            -0.01912355699529661,
            0.1152642973835023,
            0.06679514586188623
        ],
        [
            0.024190541955308537,
            0.06925479469109078,
            -0.018402655055247276,
            -0.08532962228961705,
            0.4133442610182424,
            0.11951162392497389,
            0.09875953944105478,
            -0.0010309167974102674,
            0.053297055387530864,
            1.359237275966058,
            0.018829027043162527,
            0.08720142448023328,
            0.019912488199910698,
            0.3369101380929158,
            0.219162880339828,
            0.04879464168174456,
            0.06817758426960428,
            0.004844714615880736,
            -0.056775636619467475,
            -0.060040936426724256
        ],
        [
            -0.2652355464200432,
            -0.34450479515421845,
            -0.04045613652495518,
            -0.2513223095588959,
            0.004462396580266759,
            -0.5298461988636842,
            -0.5122077665189934,
            0.00858934854461113,
            -0.05866036948073272,
            0.018829027043162527,
            -0.4114315988360102,
            -0.5858055606973458,
            0.03936345326310276,
            -0.0105018185454792,
            -0.17962067646708488,
            -0.5500443144340129,
            -0.525365694156111,
            -0.00718137920976171,
            0.09229751347993742,
            0.019411821150878916
        ],
        [
            -0.32612952828374386,
            -0.31887985994973755,
            -0.03691461697389,
            -0.19780727540148124,
            -0.013671173784694457,
            -0.5215185898862875,
            -0.41808742576951996,
            0.012216536572555795,
            -0.11387142166101705,
            0.08720142448023328,
            -0.5858055606973458,
            -0.43343095344623506,
            0.035005669172438594,
            0.015307118788462748,
            -0.15264070825295104,
            -0.4476039091147046,
            -0.3710289835751437,
            -0.02164118132402785,
            0.2094589053205606,
            0.07352067431586147
        ],
        [
            0.02674876173103536,
            0.020335013702486783,
            -0.0432058057447918,
            0.015322255245226832,
            0.0017183951106299073,
            0.016516387338933514,
            0.029603525426169924,
            0.34867061938452326,
            -0.052498028022823634,
            0.019912488199910698,
            0.03936345326310276,
            0.035005669172438594,
            1.4050507736535824,
            0.004896909685390138,
            0.015980666503289036,
            0.005898414704371649,
            0.02702648028845934,
            0.30205188245431536,
            0.08971651195386332,
            0.041435335455225535
        ],
        [
            0.31329536275302594,
            0.18307310800361076,
            0.03780509426029602,
            0.14341175720687416,
            0.01816335330109048,
            0.06966229004507896,
            0.12503357358644202,
            -0.07402096234562572,
            -0.645104703326048,
            0.3369101380929158,
            -0.0105018185454792,
            0.015307118788462748,
            0.004896909685390138,
            0.9408876419754657,
            0.0031576757720729026,
            -0.03607691814064029,
            -0.08419778599638411,
            0.09657544782565508,
            -0.5298001186782569,
            -0.3552221045937054
        ],
        [
            -0.07211257126881755,
            -0.08549883370286321,
            -0.013037093760087812,
            -0.0728682968238771,
            -0.049458225642201925,
            -0.04212846574097945,
            -0.12321399975765762,
            0.025060021063828986,
            0.3201372696359579,
            0.219162880339828,
            -0.17962067646708488,
            -0.15264070825295104,
            0.015980666503289036,
            0.0031576757720729026,
            1.3364542799987364,
            -0.03740183686590526,
            -0.11890525764909028,
            0.03992745890981303,
            -0.31776453234940216,
            0.16380817306961637
        ],
        [
            -0.01811131056383651,
            -0.14362748225789596,
            -0.007014669319962257,
            -0.0757328855825061,
            0.001590183788132383,
            -0.2502076022782942,
            -0.3123536488311043,
            -0.008881025783540265,
            -0.29970898572791216,
            0.04879464168174456,
            -0.5500443144340129,
            -0.4476039091147046,
            0.005898414704371649,
            -0.03607691814064029,
            -0.03740183686590526,
            -0.23843481014450263,
            -0.4566999454336853,
            -0.02809075353448367,
            0.2416937621159633,
            0.09785458501265558
        ],
        [
            -0.14816798759290972,
            -0.20599797716168677,
            -0.020072546333248294,
            -0.12809548729775436,
            -0.003977210766956297,
            -0.342798048855927,
            -0.3173151835254322,
            -0.002815656841260613,
            -0.17861621979691134,
            0.06817758426960428,
            -0.525365694156111,
            -0.3710289835751437,
            0.02702648028845934,
            -0.08419778599638411,
            -0.11890525764909028,
            -0.4566999454336853,
            -0.31560957461291794,
            -0.024226626394949616,
            0.21729175344186047,
            0.083486021531589
        ],
        [
            0.000263314112691001,
            -0.007666334334532081,
            -0.005942430834088185,
            0.00036513163008131296,
            0.0002357439410990856,
            -0.01512050361283796,
            -0.017540434334957767,
            -0.04486969246395789,
            -0.01912355699529661,
            0.004844714615880736,
            -0.00718137920976171,
            -0.02164118132402785,
            0.30205188245431536,
            0.09657544782565508,
            0.03992745890981303,
            -0.02809075353448367,
            -0.024226626394949616,
            1.4869230196739855,
            0.02398403748339541,
            0.01011478745284856
        ],
        [
            0.07489546197146656,
            0.11658291611206806,
            0.009599314214328929,
            0.10075247197885726,
            0.002949864419275719,
            0.2307791169085936,
            0.17282248927177812,
            0.007438092458835883,
            0.1152642973835023,
            -0.056775636619467475,
            0.09229751347993742,
            0.2094589053205606,
            0.08971651195386332,
            -0.5298001186782569,
            -0.31776453234940216,
            0.2416937621159633,
            0.21729175344186047,
            0.02398403748339541,
            1.2714904157100828,
            -0.08454228120922555
        ],
        [
            0.005175116055468453,
            0.028732161126359766,
            0.0011667331177646861,
            0.011795100860589266,
            -0.006224135409163948,
            0.046234617603716,
            0.06095251532238155,
            0.0024060721823461694,
            0.06679514586188623,
            -0.060040936426724256,
            0.019411821150878916,
            0.07352067431586147,
            0.041435335455225535,
            -0.3552221045937054,
            0.16380817306961637,
            0.09785458501265558,
            0.083486021531589,
            0.01011478745284856,
            -0.08454228120922555,
            1.4528909372986019
        ]
    ]
}