{
    "HF": -2.1138086505300935,
    "coordinates": [
        [
            0.790359,
            0.105083,
            -0.189779
        ],
        [
            1.44148,
            0.005524,
            0.18777
        ],
        [
            2.113837,
            0.040076,
            -0.021841
        ],
        [
            2.808208,
            0.010648,
            0.111156
        ]
    ],
    "elements": [
        "H",
        "H",
        "H",
        "H"
    ],
    "Enn": 3.2371877405316907,
    "S": [
        [
            0.9999999999999999,
            0.6848602514927513,
            0.0,
            0.0,
            0.0,
            0.5552678999770801,
            0.559859190592889,
            -0.26492431190510346,
            -0.4568884645223875,
            0.0698600700014043,
            0.18745304157101086,
            0.3672247883333706,
            -0.0302617151649774,
            -0.2384851210751228,
            0.011713985624037951,
            0.02534588446961709,
            0.15984352605912566,
            -0.004751962270008494,
            -0.031863167509842215,
            0.0014911909780127004
        ],
        [
            0.6848602514927513,
            1.0000000000000002,
            0.0,
            0.0,
            0.0,
            0.559859190592889,
            0.8820001318338023,
            -0.08285812763330314,
            -0.14289712573129304,
            0.021849540931227547,
            0.3672247883333706,
            0.677990101813332,
            -0.023488426436080616,
            -0.1851065014634632,
            0.009092118146758274,
            0.15984352605912566,
            0.4030752747836384,
            -0.017274606993439693,
            -0.11583082209482204,
            0.00542086334731911
        ],
        [
            0.0,
            0.0,
            1.0000000000000004,
            0.0,
            0.0,
            0.2649243119051034,
            0.08285812763330312,
            0.29808633799062767,
            -0.30200488188883456,
            0.04617775196310743,
            0.030261715164977387,
            0.023488426436080588,
            0.09146055244866264,
            -0.0569449275770076,
            0.002797038490249579,
            0.0047519622700084915,
            0.017274606993439676,
            0.0034047611647710784,
            -0.007017511944605104,
            0.00032841840023152514
        ],
        [
            0.0,
            0.0,
            0.0,
            1.0000000000000004,
            0.0,
            0.4568884645223875,
            0.142897125731293,
            -0.30200488188883456,
            -0.04763537510883558,
            0.07963815037510491,
            0.2384851210751227,
            0.1851065014634632,
            -0.0569449275770076,
            -0.35008256860436066,
            0.02204277118340419,
            0.03186316750984222,
            0.115830822094822,
            -0.007017511944605106,
            -0.042602950477411666,
            0.0022021324887061423
        ],
        [
            0.0,
            0.0,
            0.0,
            0.0,
            1.0000000000000004,
            -0.0698600700014043,
            -0.021849540931227533,
            0.046177751963107416,
            0.07963815037510488,
            0.46102524879069795,
            -0.011713985624037946,
            -0.00909211814675828,
            0.002797038490249578,
            0.022042771183404183,
            0.09760367142843254,
            -0.0014911909780127004,
            -0.005420863347319106,
            0.0003284184002315253,
            0.002202132488706143,
            0.004348269115801495
        ],
        [
            0.5552678999770801,
            0.559859190592889,
            0.26492431190510346,
            0.4568884645223875,
            -0.0698600700014043,
            0.9999999999999999,
            0.6848602514927513,
            0.0,
            0.0,
            0.0,
            0.5989666781289105,
            0.5755770349402408,
            0.16185538962250595,
            -0.5191741091852016,
            -0.026680028348878757,
            0.17342341140713763,
            0.35589465063967474,
            0.012546486184123486,
            -0.22381854451477196,
            -0.0008391181142800115
        ],
        [
            0.559859190592889,
            0.8820001318338023,
            0.08285812763330314,
            0.14289712573129323,
            -0.021849540931227557,
            0.6848602514927513,
            1.0000000000000002,
            0.0,
            0.0,
            0.0,
            0.5755770349402408,
            0.8973526489281833,
            0.04738173537866016,
            -0.15198363375008855,
            -0.007810342590815679,
            0.35589465063967474,
            0.664853772882567,
            0.010362408901149029,
            -0.18485648044286454,
            -0.0006930454382944063
        ],
        [
            -0.2649243119051034,
            -0.08285812763330312,
            0.29808633799062767,
            -0.30200488188883456,
            0.04617775196310743,
            0.0,
            0.0,
            1.0000000000000004,
            0.0,
            0.0,
            -0.1618553896225059,
            -0.04738173537866012,
            0.46463024809938447,
            0.19189019327291237,
            0.009861115386566465,
            -0.012546486184123495,
            -0.010362408901149029,
            0.08648745410457465,
            0.0238750627679305,
            8.950999878752456e-05
        ],
        [
            -0.4568884645223875,
            -0.142897125731293,
            -0.30200488188883456,
            -0.04763537510883558,
            0.07963815037510491,
            0.0,
            0.0,
            0.0,
            1.0000000000000004,
            0.0,
            0.5191741091852011,
            0.15198363375008855,
            0.19189019327291237,
            -0.09106192673606715,
            -0.03163092565736373,
            0.223818544514772,
            0.18485648044286432,
            0.023875062767930475,
            -0.33808482035879606,
            -0.0015967815493627248
        ],
        [
            0.06986007000140429,
            0.021849540931227533,
            0.046177751963107416,
            0.07963815037510488,
            0.46102524879069795,
            0.0,
            0.0,
            0.0,
            0.0,
            1.0000000000000004,
            0.026680028348878757,
            0.007810342590815679,
            0.009861115386566465,
            -0.03163092565736373,
            0.5228275801102287,
            0.0008391181142800116,
            0.0006930454382944054,
            8.950999878752449e-05,
            -0.0015967815493627253,
            0.08781982027417334
        ],
        [
            0.18745304157101086,
            0.3672247883333706,
            0.0302617151649774,
            0.2384851210751228,
            -0.011713985624037951,
            0.5989666781289105,
            0.5755770349402408,
            -0.16185538962250595,
            0.5191741091852016,
            0.026680028348878757,
            0.9999999999999999,
            0.6848602514927513,
            0.0,
            0.0,
            0.0,
            0.5969462847543074,
            0.574871179066439,
            -0.10225946273690317,
            -0.5338917825220582,
            0.022626762027877223
        ],
        [
            0.3672247883333706,
            0.677990101813332,
            0.023488426436080616,
            0.1851065014634632,
            -0.00909211814675828,
            0.5755770349402408,
            0.8973526489281833,
            -0.04738173537866016,
            0.15198363375008855,
            0.007810342590815679,
            0.6848602514927513,
            1.0000000000000002,
            0.0,
            0.0,
            0.0,
            0.574871179066439,
            0.8966666487311209,
            -0.030024095066327274,
            -0.1567543697624813,
            0.0066433759378924226
        ],
        [
            -0.030261715164977387,
            -0.023488426436080602,
            0.09146055244866264,
            -0.0569449275770076,
            0.002797038490249578,
            0.1618553896225059,
            0.04738173537866013,
            0.46463024809938447,
            0.19189019327291237,
            0.009861115386566465,
            0.0,
            0.0,
            1.0000000000000004,
            0.0,
            0.0,
            0.10225946273690315,
            0.030024095066327257,
            0.4980942998008395,
            -0.1251679142846339,
            0.005304716616287556
        ],
        [
            -0.2384851210751227,
            -0.1851065014634632,
            -0.0569449275770076,
            -0.35008256860436066,
            0.022042771183404183,
            -0.5191741091852011,
            -0.15198363375008855,
            0.19189019327291237,
            -0.09106192673606715,
            -0.03163092565736373,
            0.0,
            0.0,
            0.0,
            1.0000000000000004,
            0.0,
            0.5338917825220584,
            0.15675436976248094,
            -0.1251679142846338,
            -0.1314272629921917,
            0.027695672696137544
        ],
        [
            0.011713985624037946,
            0.009092118146758274,
            0.002797038490249579,
            0.02204277118340419,
            0.09760367142843254,
            -0.026680028348878757,
            -0.007810342590815679,
            0.009861115386566465,
            -0.03163092565736373,
            0.5228275801102287,
            0.0,
            0.0,
            0.0,
            0.0,
            1.0000000000000004,
            -0.02262676202787722,
            -0.0066433759378924226,
            0.005304716616287555,
            0.027695672696137555,
            0.520894688699586
        ],
        [
            0.02534588446961709,
            0.15984352605912566,
            0.004751962270008494,
            0.031863167509842215,
            -0.0014911909780127004,
            0.17342341140713763,
            0.35589465063967474,
            -0.012546486184123486,
            0.2238185445147719,
            0.000839118114280011,
            0.5969462847543074,
            0.574871179066439,
            0.10225946273690317,
            0.5338917825220584,
            -0.022626762027877223,
            0.9999999999999999,
            0.6848602514927513,
            0.0,
            0.0,
            0.0
        ],
        [
            0.15984352605912566,
            0.4030752747836384,
            0.017274606993439693,
            0.11583082209482204,
            -0.005420863347319108,
            0.35589465063967474,
            0.664853772882567,
            -0.010362408901149029,
            0.18485648044286432,
            0.0006930454382944054,
            0.574871179066439,
            0.8966666487311209,
            0.030024095066327274,
            0.15675436976248094,
            -0.0066433759378924226,
            0.6848602514927513,
            1.0000000000000002,
            0.0,
            0.0,
            0.0
        ],
        [
            -0.0047519622700084915,
            -0.017274606993439676,
            0.0034047611647710784,
            -0.007017511944605102,
            0.00032841840023152514,
            0.012546486184123495,
            0.010362408901149029,
            0.08648745410457465,
            0.023875062767930475,
            8.950999878752449e-05,
            -0.10225946273690315,
            -0.030024095066327253,
            0.4980942998008395,
            -0.1251679142846338,
            0.005304716616287555,
            0.0,
            0.0,
            1.0000000000000004,
            0.0,
            0.0
        ],
        [
            -0.03186316750984221,
            -0.115830822094822,
            -0.007017511944605107,
            -0.042602950477411666,
            0.002202132488706143,
            -0.22381854451477193,
            -0.1848564804428641,
            0.0238750627679305,
            -0.33808482035879595,
            -0.0015967815493627253,
            -0.5338917825220582,
            -0.1567543697624813,
            -0.1251679142846339,
            -0.13142726299219187,
            0.027695672696137555,
            0.0,
            0.0,
            0.0,
            1.0000000000000004,
            0.0
        ],
        [
            0.0014911909780126998,
            0.005420863347319108,
            0.0003284184002315253,
            0.0022021324887061423,
            0.004348269115801495,
            -0.0008391181142800113,
            -0.0006930454382944063,
            8.950999878752456e-05,
            -0.0015967815493627248,
            0.08781982027417334,
            0.02262676202787722,
            0.0066433759378924226,
            0.005304716616287556,
            0.027695672696137544,
            0.520894688699586,
            0.0,
            0.0,
            0.0,
            0.0,
            1.0000000000000004
        ]
    ],
    "h": [
        [
            -0.2870994516935408,
            -0.4795027634769614,
            -0.14269315930901408,
            -0.2680095698308519,
            0.038192981909652146,
            -0.6016691023544615,
            -0.47304794855406906,
            0.0433590696992352,
            0.009313142161135324,
            -0.009795149043232712,
            -0.3254731741812381,
            -0.35518459261773216,
            -0.028052364553147566,
            0.35311798394935356,
            -0.00015703851285467363,
            -0.045389927506854395,
            -0.18056780102469824,
            0.009279326580697423,
            0.11670864684941919,
            -0.0032445186010500683
        ],
        [
            -0.4795027634769614,
            -0.3259127715954826,
            -0.11677428811888149,
            -0.23330537533018272,
            0.03152576677232513,
            -0.5633954271872168,
            -0.3804911442303418,
            0.14513500290388637,
            0.05966030067191913,
            -0.03442104659173892,
            -0.4013172965152081,
            -0.3403193750396738,
            -0.05655957643340649,
            0.21158514825863,
            0.007825908080178206,
            -0.18376878462221305,
            -0.23303121291720752,
            0.016525041740607805,
            0.15743240330818167,
            -0.004354726696161382
        ],
        [
            -0.14269315930901408,
            -0.11677428811888149,
            1.4092498434051473,
            -0.11897338387737766,
            0.017703869366619066,
            -0.02812383198720364,
            -0.1069472511087986,
            0.16114920580957248,
            -0.434844162278904,
            0.06264085295490524,
            -0.0914446550577645,
            -0.0926855838931471,
            -0.05874998316783575,
            0.0942681364192508,
            0.0030838790124319425,
            -0.0210813656930669,
            -0.051437361231287684,
            -0.008919728791705838,
            0.03565283455227809,
            -0.001041802987123025
        ],
        [
            -0.2680095698308519,
            -0.23330537533018272,
            -0.11897338387737766,
            1.2374529484071786,
            0.032077208694623376,
            -0.10950653185485026,
            -0.23322899926966972,
            -0.37761126211121754,
            -0.39524177036277797,
            0.10238332111977688,
            -0.2703647744925691,
            -0.20051411392621854,
            -0.07459946836586298,
            0.006313093615483711,
            0.01600366099750173,
            -0.11543775859693534,
            -0.1438849356386087,
            0.019814209535111614,
            0.15488436799606328,
            -0.00607624336253051
        ],
        [
            0.038192981909652146,
            0.03152576677232513,
            0.017703869366619066,
            0.032077208694623376,
            1.4713419239978311,
            0.008714507869319293,
            0.02923673926357684,
            0.06142017345816822,
            0.11538214870856989,
            0.3798901755592534,
            0.026298542065567136,
            0.025255481981655392,
            0.006428678338698776,
            -0.022587417090441618,
            -0.03820344459817063,
            0.0067008457870300145,
            0.014539867272705568,
            -0.001001034783719643,
            -0.010747054425689722,
            -0.011670979858703575
        ],
        [
            -0.6016691023544615,
            -0.5633954271872168,
            -0.02812383198720364,
            -0.10950653185485026,
            0.008714507869319293,
            -0.4976027939153318,
            -0.6238498893988379,
            0.213893484321351,
            -0.028676249546066457,
            -0.04852466893125727,
            -0.6085618531758492,
            -0.562082337922938,
            -0.007347809436072272,
            0.06860838863764751,
            -0.000942222026351143,
            -0.3203078308739217,
            -0.3916771692792378,
            0.021214047737602368,
            0.2951001801525501,
            -0.006052276701277856
        ],
        [
            -0.47304794855406906,
            -0.3804911442303418,
            -0.1069472511087986,
            -0.23322899926966972,
            0.02923673926357684,
            -0.6238498893988379,
            -0.44154239200671186,
            0.1678810914990525,
            -0.04886992747147653,
            -0.037794431666724165,
            -0.5686970219751231,
            -0.43232236938348545,
            -0.07915524298791145,
            0.14566183843482605,
            0.012510620957701588,
            -0.354250717745828,
            -0.3353864610654538,
            0.030544760241193104,
            0.22434373569146637,
            -0.007205873300734397
        ],
        [
            0.0433590696992352,
            0.14513500290388637,
            0.16114920580957248,
            -0.37761126211121754,
            0.06142017345816822,
            0.213893484321351,
            0.1678810914990525,
            1.2893042937982784,
            -0.03860257442780253,
            0.021897359376468903,
            0.045109111669706325,
            0.1300685768874433,
            0.37439224116325265,
            0.21666459904582613,
            0.015082513415699217,
            0.051664242074766276,
            0.08089552896414598,
            -0.05107788376755251,
            -0.06476986881891647,
            0.0019331941875413315
        ],
        [
            0.009313142161135324,
            0.05966030067191913,
            -0.434844162278904,
            -0.39524177036277797,
            0.11538214870856989,
            -0.028676249546066457,
            -0.04886992747147653,
            -0.03860257442780253,
            0.8332252425924029,
            0.01910212811611494,
            -0.06994973936617388,
            -0.15388150966967112,
            0.24777767418352903,
            -0.6386834197713347,
            -0.037541945680140396,
            -0.36093117549543036,
            -0.21355941148158375,
            0.046409761078240006,
            0.08489666218748604,
            -0.009337815578776311
        ],
        [
            -0.009795149043232712,
            -0.03442104659173892,
            0.06264085295490524,
            0.10238332111977688,
            0.3798901755592534,
            -0.04852466893125727,
            -0.037794431666724165,
            0.021897359376468903,
            0.01910212811611494,
            1.376203550874716,
            -0.00998364690964395,
            -0.02738655275203767,
            0.014115842091513411,
            -0.028488488360121342,
            0.455975896345569,
            -0.006426346670814257,
            -0.014961694379360173,
            0.0011293656904904391,
            0.01150747613716865,
            -0.043508212071015906
        ],
        [
            -0.3254731741812381,
            -0.4013172965152081,
            -0.0914446550577645,
            -0.2703647744925691,
            0.026298542065567136,
            -0.6085618531758492,
            -0.5686970219751231,
            0.045109111669706325,
            -0.06994973936617388,
            -0.00998364690964395,
            -0.5334130157783337,
            -0.6419033310789409,
            -0.13302761372117916,
            -0.02192740152375708,
            0.024657383809419474,
            -0.6242130328542392,
            -0.5771922442873529,
            -0.002297647612561654,
            0.09786361411638889,
            -0.00011540639969202793
        ],
        [
            -0.35518459261773216,
            -0.3403193750396738,
            -0.0926855838931471,
            -0.20051411392621854,
            0.025255481981655392,
            -0.562082337922938,
            -0.43232236938348545,
            0.1300685768874433,
            -0.15388150966967112,
            -0.02738655275203767,
            -0.6419033310789409,
            -0.44937219222228997,
            -0.09961139023741601,
            0.02180327674074746,
            0.01775817621974292,
            -0.4824030156319439,
            -0.37830841181448216,
            0.03457877051971722,
            0.2656221974850588,
            -0.008141209802740513
        ],
        [
            -0.028052364553147566,
            -0.05655957643340649,
            -0.05874998316783575,
            -0.07459946836586298,
            0.006428678338698776,
            -0.007347809436072272,
            -0.07915524298791145,
            0.37439224116325265,
            0.24777767418352903,
            0.014115842091513411,
            -0.13302761372117916,
            -0.09961139023741601,
            1.3399019479975138,
            0.015758141926120312,
            0.006670215289316962,
            -0.029349082769923096,
            -0.08068826747466068,
            0.43946256844959586,
            -0.14804747368271143,
            0.0074742680493010225
        ],
        [
            0.35311798394935356,
            0.21158514825863,
            0.0942681364192508,
            0.006313093615483711,
            -0.022587417090441618,
            0.06860838863764751,
            0.14566183843482605,
            0.21666459904582613,
            -0.6386834197713347,
            -0.028488488360121342,
            -0.02192740152375708,
            0.02180327674074746,
            0.015758141926120312,
            0.7275537051139866,
            0.0028250148325862064,
            -0.0024668626746352507,
            -0.09428051435625456,
            -0.18421814944395776,
            -0.5372923648209542,
            0.041297701668906533
        ],
        [
            -0.00015703851285467363,
            0.007825908080178206,
            0.0030838790124319425,
            0.01600366099750173,
            -0.03820344459817063,
            -0.000942222026351143,
            0.012510620957701588,
            0.015082513415699217,
            -0.037541945680140396,
            0.455975896345569,
            0.024657383809419474,
            0.01775817621974292,
            0.006670215289316962,
            0.0028250148325862064,
            1.374442211687632,
            0.006039033752488189,
            0.015658729572118404,
            0.0076721978495335515,
            0.03436608793275128,
            0.47248027285292993
        ],
        [
            -0.045389927506854395,
            -0.18376878462221305,
            -0.0210813656930669,
            -0.11543775859693534,
            0.0067008457870300145,
            -0.3203078308739217,
            -0.354250717745828,
            0.051664242074766276,
            -0.36093117549543036,
            -0.006426346670814257,
            -0.6242130328542392,
            -0.4824030156319439,
            -0.029349082769923096,
            -0.0024668626746352507,
            0.006039033752488189,
            -0.314533683219846,
            -0.4888567614948678,
            0.053172231064381084,
            0.3248030603676228,
            -0.011887183637692417
        ],
        [
            -0.18056780102469824,
            -0.23303121291720752,
            -0.051437361231287684,
            -0.1438849356386087,
            0.014539867272705568,
            -0.3916771692792378,
            -0.3353864610654538,
            0.08089552896414598,
            -0.21355941148158375,
            -0.014961694379360173,
            -0.5771922442873529,
            -0.37830841181448216,
            -0.08068826747466068,
            -0.09428051435625456,
            0.015658729572118404,
            -0.4888567614948678,
            -0.3234638745516567,
            0.0398921364069893,
            0.26854988507910416,
            -0.00909139768427741
        ],
        [
            0.009279326580697423,
            0.016525041740607805,
            -0.008919728791705838,
            0.019814209535111614,
            -0.001001034783719643,
            0.021214047737602368,
            0.030544760241193104,
            -0.05107788376755251,
            0.046409761078240006,
            0.0011293656904904391,
            -0.002297647612561654,
            0.03457877051971722,
            0.43946256844959586,
            -0.18421814944395776,
            0.0076721978495335515,
            0.053172231064381084,
            0.0398921364069893,
            1.4637200074026466,
            -0.0503505226872915,
            0.0022608167844186955
        ],
        [
            0.11670864684941919,
            0.15743240330818167,
            0.03565283455227809,
            0.15488436799606328,
            -0.010747054425689722,
            0.2951001801525501,
            0.22434373569146637,
            -0.06476986881891647,
            0.08489666218748604,
            0.01150747613716865,
            0.09786361411638889,
            0.2656221974850588,
            -0.14804747368271143,
            -0.5372923648209542,
            0.03436608793275128,
            0.3248030603676228,
            0.26854988507910416,
            -0.0503505226872915,
            1.1554184340924338,
            0.01145856169392965
        ],
        [
            -0.0032445186010500683,
            -0.004354726696161382,
            -0.001041802987123025,
            -0.00607624336253051,
            -0.011670979858703575,
            -0.006052276701277856,
            -0.007205873300734397,
            0.0019331941875413315,
            -0.009337815578776311,
            -0.043508212071015906,
            -0.00011540639969202793,
            -0.008141209802740513,
            0.0074742680493010225,
            0.041297701668906533,
            0.47248027285292993,
            -0.011887183637692417,
            -0.00909139768427741,
            0.0022608167844186955,
            0.01145856169392965,
            1.4735488609501384
        ]
    ]
}