{
    "HF": -2.1659252579908346,
    "coordinates": [
        [
            0.828802,
            -0.100291,
            -0.03983
        ],
        [
            1.663322,
            0.127446,
            0.10841
        ],
        [
            2.500638,
            0.123069,
            -0.006534
        ],
        [
            3.338147,
            -0.185641,
            -0.037092
        ]
    ],
    "elements": [
        "H",
        "H",
        "H",
        "H"
    ],
    "Enn": 2.6554584586273,
    "S": [
        [
            0.9999999999999999,
            0.6848602514927513,
            0.0,
            0.0,
            0.0,
            0.4629869089629457,
            0.5231906399668139,
            -0.0826404235566724,
            -0.46522589224577876,
            -0.12695819036377426,
            0.07585083666695813,
            0.2535699599807471,
            -0.0019898149258248455,
            -0.0999112273645875,
            -0.013348301953154658,
            0.004516464477472049,
            0.07616303993952807,
            -5.237929166319167e-06,
            -0.00480050086335178,
            0.00016327876345702738
        ],
        [
            0.6848602514927513,
            1.0000000000000002,
            0.0,
            0.0,
            0.0,
            0.5231906399668139,
            0.8455312280024834,
            -0.03026354319853303,
            -0.1703692125609808,
            -0.046493041941475445,
            0.2535699599807471,
            0.5379629055354592,
            -0.0031335023694407703,
            -0.15733727977283693,
            -0.021020515654681944,
            0.07616303993952807,
            0.2532813621410661,
            -7.092426801707007e-05,
            -0.06500126271997676,
            0.002210878844140612
        ],
        [
            0.0,
            0.0,
            1.0000000000000004,
            0.0,
            0.0,
            0.0826404235566724,
            0.030263543198533027,
            0.3469386022650469,
            -0.1181676781992999,
            -0.03224746264927617,
            0.0019898149258248446,
            0.0031335023694407695,
            0.024791165732039593,
            -0.0035930776623405557,
            -0.0004800410008280637,
            5.237929166319167e-06,
            7.092426801707006e-05,
            0.0002792887464713483,
            -4.981817947695647e-06,
            1.6944587604965574e-07
        ],
        [
            0.0,
            0.0,
            0.0,
            1.0000000000000004,
            0.0,
            0.4652258922457788,
            0.17036921256098078,
            -0.11816767819929985,
            -0.29729794864711534,
            -0.18153772618776276,
            0.09991122736458749,
            0.15733727977283687,
            -0.0035930776623405588,
            -0.15555043548790645,
            -0.024103490709406154,
            0.00480050086335178,
            0.06500126271997672,
            -4.981817947695647e-06,
            -0.004286483742508661,
            0.00015529516502404107
        ],
        [
            0.0,
            0.0,
            0.0,
            0.0,
            1.0000000000000004,
            0.12695819036377431,
            0.04649304194147542,
            -0.03224746264927617,
            -0.18153772618776282,
            0.31838844105553926,
            0.013348301953154654,
            0.021020515654681958,
            -0.000480041000828064,
            -0.024103490709406143,
            0.0216424594169419,
            -0.00016327876345702732,
            -0.0022108788441406084,
            1.694458760496558e-07,
            0.0001552951650240411,
            0.00027401214954375923
        ],
        [
            0.4629869089629457,
            0.5231906399668139,
            0.0826404235566724,
            0.4652258922457787,
            0.12695819036377426,
            0.9999999999999999,
            0.6848602514927513,
            0.0,
            0.0,
            0.0,
            0.48769141043090425,
            0.5335163594393005,
            0.06843762471243513,
            -0.49853770682869314,
            0.002606064547660846,
            0.07104021667634544,
            0.24675346666158374,
            0.00803076925211839,
            -0.09243950676058879,
            0.017280377265178424
        ],
        [
            0.5231906399668139,
            0.8455312280024834,
            0.03026354319853303,
            0.1703692125609808,
            0.046493041941475445,
            0.6848602514927513,
            1.0000000000000002,
            0.0,
            0.0,
            0.0,
            0.5335163594393005,
            0.8558964287071841,
            0.023960894045778974,
            -0.17454447347260832,
            0.0009124167702391963,
            0.24675346666158365,
            0.528876581281277,
            0.01329955472528822,
            -0.15308673930791927,
            0.028617597629423067
        ],
        [
            -0.0826404235566724,
            -0.030263543198533027,
            0.3469386022650469,
            -0.11816767819929985,
            -0.03224746264927617,
            0.0,
            0.0,
            1.0000000000000004,
            0.0,
            0.0,
            -0.06843762471243511,
            -0.023960894045778964,
            0.382066325382229,
            0.09885639049656397,
            -0.000516763588900079,
            -0.00803076925211839,
            -0.013299554725288218,
            0.02122818145086785,
            0.01421132268846582,
            -0.002656624057178331
        ],
        [
            -0.4652258922457789,
            -0.17036921256098078,
            -0.1181676781992999,
            -0.2972979486471155,
            -0.18153772618776282,
            0.0,
            0.0,
            0.0,
            1.0000000000000004,
            0.0,
            0.4985377068286932,
            0.17454447347260796,
            0.09885639049656399,
            -0.3244879012276989,
            0.0037643932802361017,
            0.09243950676058874,
            0.15308673930791908,
            0.01421132268846582,
            -0.14111899277549317,
            0.030579513591316262
        ],
        [
            -0.12695819036377431,
            -0.04649304194147542,
            -0.03224746264927617,
            -0.18153772618776276,
            0.31838844105553926,
            0.0,
            0.0,
            0.0,
            0.0,
            1.0000000000000004,
            -0.0026060645476608463,
            -0.0009124167702391961,
            -0.0005167635889000826,
            0.0037643932802361273,
            0.3956173290652465,
            -0.01728037726517842,
            -0.028617597629423043,
            -0.0026566240571783296,
            0.030579513591316245,
            0.016746356604721367
        ],
        [
            0.07585083666695813,
            0.2535699599807471,
            0.001989814925824846,
            0.09991122736458748,
            0.013348301953154658,
            0.48769141043090425,
            0.5335163594393005,
            -0.06843762471243513,
            0.49853770682869314,
            -0.002606064547660846,
            0.9999999999999999,
            0.6848602514927513,
            0.0,
            0.0,
            0.0,
            0.4514018351825126,
            0.5182069172108578,
            0.0164977517610915,
            -0.4521570645879964,
            0.16666735212273565
        ],
        [
            0.2535699599807471,
            0.5379629055354592,
            0.003133502369440769,
            0.15733727977283685,
            0.021020515654681944,
            0.5335163594393005,
            0.8558964287071841,
            -0.023960894045778967,
            0.17454447347260799,
            -0.0009124167702391963,
            0.6848602514927513,
            1.0000000000000002,
            0.0,
            0.0,
            0.0,
            0.5182069172108578,
            0.8405006338779426,
            0.006175055989053222,
            -0.16924095053131677,
            0.06238305957132731
        ],
        [
            -0.001989814925824845,
            -0.0031335023694407695,
            0.024791165732039593,
            -0.003593077662340556,
            -0.0004800410008280637,
            0.06843762471243511,
            0.02396089404577896,
            0.382066325382229,
            0.09885639049656397,
            -0.0005167635889000825,
            0.0,
            0.0,
            1.0000000000000004,
            0.0,
            0.0,
            -0.016497751761091493,
            -0.006175055989053217,
            0.35421491739261857,
            0.02359215044982887,
            -0.008696184477261342
        ],
        [
            -0.09991122736458752,
            -0.15733727977283696,
            -0.0035930776623405583,
            -0.1555504354879065,
            -0.02410349070940615,
            -0.4985377068286932,
            -0.1745444734726083,
            0.09885639049656399,
            -0.3244879012276989,
            0.0037643932802361273,
            0.0,
            0.0,
            0.0,
            1.0000000000000004,
            0.0,
            0.45215706458799637,
            0.16924095053131671,
            0.02359215044982891,
            -0.2915188990025472,
            0.23833800528066892
        ],
        [
            -0.013348301953154654,
            -0.021020515654681958,
            -0.000480041000828064,
            -0.02410349070940615,
            0.0216424594169419,
            0.0026060645476608463,
            0.0009124167702391961,
            -0.0005167635889000791,
            0.0037643932802361017,
            0.3956173290652465,
            0.0,
            0.0,
            0.0,
            0.0,
            1.0000000000000004,
            -0.16666735212273562,
            -0.06238305957132727,
            -0.008696184477261346,
            0.23833800528066865,
            0.26722313977978185
        ],
        [
            0.004516464477472049,
            0.07616303993952807,
            5.237929166319167e-06,
            0.00480050086335178,
            -0.00016327876345702732,
            0.07104021667634544,
            0.24675346666158374,
            -0.00803076925211839,
            0.09243950676058879,
            -0.017280377265178424,
            0.4514018351825126,
            0.5182069172108578,
            -0.0164977517610915,
            0.4521570645879964,
            -0.16666735212273565,
            0.9999999999999999,
            0.6848602514927513,
            0.0,
            0.0,
            0.0
        ],
        [
            0.07616303993952807,
            0.2532813621410661,
            7.092426801707007e-05,
            0.06500126271997675,
            -0.002210878844140609,
            0.24675346666158365,
            0.528876581281277,
            -0.01329955472528822,
            0.1530867393079191,
            -0.028617597629423057,
            0.5182069172108578,
            0.8405006338779426,
            -0.006175055989053224,
            0.16924095053131677,
            -0.06238305957132731,
            0.6848602514927513,
            1.0000000000000002,
            0.0,
            0.0,
            0.0
        ],
        [
            -5.237929166319167e-06,
            -7.092426801707006e-05,
            0.0002792887464713483,
            -4.981817947695647e-06,
            1.694458760496558e-07,
            0.00803076925211839,
            0.013299554725288217,
            0.02122818145086785,
            0.01421132268846582,
            -0.002656624057178331,
            0.01649775176109149,
            0.006175055989053215,
            0.35421491739261857,
            0.0235921504498289,
            -0.008696184477261342,
            0.0,
            0.0,
            1.0000000000000004,
            0.0,
            0.0
        ],
        [
            -0.00480050086335178,
            -0.06500126271997675,
            -4.981817947695647e-06,
            -0.004286483742508661,
            0.0001552951650240411,
            -0.09243950676058874,
            -0.15308673930791894,
            0.01421132268846582,
            -0.14111899277549317,
            0.030579513591316262,
            -0.45215706458799587,
            -0.16924095053131671,
            0.023592150449828878,
            -0.2915188990025472,
            0.23833800528066865,
            0.0,
            0.0,
            0.0,
            1.0000000000000004,
            0.0
        ],
        [
            0.00016327876345702738,
            0.002210878844140606,
            1.6944587604965574e-07,
            0.00015529516502404107,
            0.00027401214954375923,
            0.01728037726517842,
            0.028617597629423043,
            -0.0026566240571783296,
            0.030579513591316245,
            0.016746356604721367,
            0.16666735212273562,
            0.06238305957132729,
            -0.008696184477261344,
            0.23833800528066892,
            0.26722313977978185,
            0.0,
            0.0,
            0.0,
            0.0,
            1.0000000000000004
        ]
    ],
    "h": [
        [
            -0.20460199632232512,
            -0.43742895653287417,
            -0.03753122839047268,
            -0.21680376584858418,
            -0.05937679836256452,
            -0.5122582552721369,
            -0.4270535255471767,
            0.01316224310862879,
            0.05025427507050084,
            0.013479473692745408,
            -0.18234687287276696,
            -0.2664728266463012,
            -0.013684248204774735,
            0.2505411462764281,
            0.008589914223587899,
            0.012823480775166853,
            -0.0877968000046873,
            -0.00143463511974062,
            0.02905411351637427,
            -0.003074875042636277
        ],
        [
            -0.43742895653287417,
            -0.30186683176822426,
            -0.0336317228740069,
            -0.19946417895744387,
            -0.05388560428765928,
            -0.4949192315504014,
            -0.35680926455263384,
            0.041821254791115606,
            0.09476597768781292,
            0.04575755993562278,
            -0.2796689509236116,
            -0.28435170215395844,
            -0.01933695780255004,
            0.17166250879571296,
            0.009098154590622402,
            -0.08778517869256536,
            -0.15347774897213334,
            -0.0033223735315360673,
            0.07900082474325876,
            -0.01973344992941553
        ],
        [
            -0.03753122839047268,
            -0.0336317228740069,
            1.4852084941357342,
            -0.03347564994500625,
            -0.009174391144862211,
            -0.010406217944703505,
            -0.0296098797627945,
            0.22854944792825493,
            -0.15105851203903609,
            -0.0409356389350413,
            -0.01574259790575695,
            -0.022700149051813445,
            -0.03836577994941184,
            0.02368868873171879,
            0.000855253474282385,
            1.4693752851753625e-05,
            -0.007840764079733338,
            -0.0008984191395799574,
            0.0015690503991307077,
            -0.00026300165293748263
        ],
        [
            -0.21680376584858418,
            -0.19946417895744387,
            -0.03347564994500625,
            1.293184053810616,
            -0.052994157605118955,
            -0.08262572174777538,
            -0.1869645053716078,
            -0.14238127206006354,
            -0.6107590705215444,
            -0.22732011845655575,
            -0.1865755306098048,
            -0.14883631944304151,
            -0.012306182707273296,
            0.20788210658840706,
            0.0174202882662345,
            -0.029665506670206072,
            -0.0811172795140753,
            -0.0011056610152776621,
            0.03797612369877329,
            -0.0054510932625033304
        ],
        [
            -0.05937679836256452,
            -0.05388560428765928,
            -0.009174391144862211,
            -0.052994157605118955,
            1.4767939973109774,
            -0.019740068030013963,
            -0.04874993724403469,
            -0.03956335097163098,
            -0.23305685499669765,
            0.19238269161694393,
            -0.03530027850336243,
            -0.03769886049287603,
            -0.0029872926049237265,
            0.049881341054772266,
            -0.033871783347563564,
            -0.0013932981878029356,
            -0.013785604762652354,
            -0.00017531172203111119,
            0.0026997381318522077,
            -0.001412091785058163
        ],
        [
            -0.5122582552721369,
            -0.4949192315504014,
            -0.010406217944703505,
            -0.08262572174777538,
            -0.019740068030013963,
            -0.36297707833378445,
            -0.5621218480051202,
            0.06281584484121366,
            0.017490445890071857,
            0.0558007939228022,
            -0.4651321918004555,
            -0.46875451929608547,
            -0.004426189394133029,
            0.06130075835664184,
            0.014386017275285639,
            -0.1741410727118516,
            -0.274528245604272,
            -0.011666007436807279,
            0.17791622256685433,
            -0.04616421429072927
        ],
        [
            -0.4270535255471767,
            -0.35680926455263384,
            -0.0296098797627945,
            -0.1869645053716078,
            -0.04874993724403469,
            -0.5621218480051202,
            -0.42508234065898054,
            0.05579948745353551,
            -0.0040141518786649955,
            0.049839456852690464,
            -0.46669539097420665,
            -0.3944675344976858,
            -0.020738854994406454,
            0.12381870642161275,
            0.032661546411871106,
            -0.25983484414585556,
            -0.2806272643253791,
            -0.006514280183259179,
            0.14198625332131798,
            -0.048697840151215706
        ],
        [
            0.01316224310862879,
            0.041821254791115606,
            0.22854944792825493,
            -0.14238127206006354,
            -0.03956335097163098,
            0.06281584484121366,
            0.05579948745353551,
            1.4156168292032174,
            -0.003786435360772716,
            -0.009241553503001433,
            0.014276298713569224,
            0.04173555273246187,
            0.26840206667900357,
            0.12206066758056808,
            -0.0026281854483407767,
            0.021585892657248966,
            0.025838740646481742,
            -0.03335315491827167,
            -0.025836843595814223,
            0.007019365664551086
        ],
        [
            0.05025427507050084,
            0.09476597768781292,
            -0.15105851203903609,
            -0.6107590705215444,
            -0.23305685499669765,
            0.017490445890071857,
            -0.0040141518786649955,
            -0.003786435360772716,
            0.9925426322979138,
            -0.04874649804878654,
            -0.05524436374625985,
            -0.11757051220482517,
            0.13261199655914022,
            -0.7606308828677624,
            0.022866244493367424,
            -0.2430520562215721,
            -0.16898621947215534,
            -0.015429937869992479,
            0.20373056482896373,
            -0.06551921239014004
        ],
        [
            0.013479473692745408,
            0.04575755993562278,
            -0.0409356389350413,
            -0.22732011845655575,
            0.19238269161694393,
            0.0558007939228022,
            0.049839456852690464,
            -0.009241553503001433,
            -0.04874649804878654,
            1.4116615247130484,
            0.014769446990539906,
            0.02903857417397305,
            1.93225755725987e-06,
            -0.006724290120879665,
            0.28380354780218525,
            0.016961832545606337,
            0.0110898296220856,
            0.0019366555732430284,
            -0.025799394470385616,
            -0.029060879663373503
        ],
        [
            -0.18234687287276696,
            -0.2796689509236116,
            -0.01574259790575695,
            -0.1865755306098048,
            -0.03530027850336243,
            -0.4651321918004555,
            -0.46669539097420665,
            0.014276298713569224,
            -0.05524436374625985,
            0.014769446990539906,
            -0.35449003824685943,
            -0.5586204991772674,
            -0.0198133823044895,
            -0.006550845990885068,
            0.0702412808460845,
            -0.5020969782026103,
            -0.4886056881667298,
            -0.004786356512758404,
            0.08138301848499963,
            -0.026302444461425267
        ],
        [
            -0.2664728266463012,
            -0.28435170215395844,
            -0.022700149051813445,
            -0.14883631944304151,
            -0.03769886049287603,
            -0.46875451929608547,
            -0.3944675344976858,
            0.04173555273246187,
            -0.11757051220482517,
            0.02903857417397305,
            -0.5586204991772674,
            -0.4251248452086167,
            -0.017754085019596823,
            0.011867623618356832,
            0.06235374402199677,
            -0.42097670424201483,
            -0.3544090270987297,
            -0.008090981128503762,
            0.17816529044497187,
            -0.0626637616897105
        ],
        [
            -0.013684248204774735,
            -0.01933695780255004,
            -0.03836577994941184,
            -0.012306182707273296,
            -0.0029872926049237265,
            -0.004426189394133029,
            -0.020738854994406454,
            0.26840206667900357,
            0.13261199655914022,
            1.93225755725987e-06,
            -0.0198133823044895,
            -0.017754085019596823,
            1.4240675344356153,
            0.03577300049588616,
            -0.002451209192138494,
            -0.0016360689895266699,
            -0.005771905912084931,
            0.2371835684512087,
            0.034282638210561774,
            -0.012083383226209441
        ],
        [
            0.2505411462764281,
            0.17166250879571296,
            0.02368868873171879,
            0.20788210658840706,
            0.049881341054772266,
            0.06130075835664184,
            0.12381870642161275,
            0.12206066758056808,
            -0.7606308828677624,
            -0.006724290120879665,
            -0.006550845990885068,
            0.011867623618356832,
            0.03577300049588616,
            1.004930847716505,
            0.06641150421079084,
            -0.05425843124539009,
            -0.09073291830870156,
            0.030589726719525645,
            -0.5904351278376903,
            0.30208070652524543
        ],
        [
            0.008589914223587899,
            0.009098154590622402,
            0.000855253474282385,
            0.0174202882662345,
            -0.033871783347563564,
            0.014386017275285639,
            0.032661546411871106,
            -0.0026281854483407767,
            0.022866244493367424,
            0.28380354780218525,
            0.0702412808460845,
            0.06235374402199677,
            -0.002451209192138494,
            0.06641150421079084,
            1.4045100564643813,
            0.02045222584154205,
            0.0594986271889838,
            -0.010423489147703713,
            0.2945258179635779,
            0.12946545267093557
        ],
        [
            0.012823480775166853,
            -0.08778517869256536,
            1.4693752851753625e-05,
            -0.029665506670206072,
            -0.0013932981878029356,
            -0.1741410727118516,
            -0.25983484414585556,
            0.021585892657248966,
            -0.2430520562215721,
            0.016961832545606337,
            -0.5020969782026103,
            -0.42097670424201483,
            -0.0016360689895266699,
            -0.05425843124539009,
            0.02045222584154205,
            -0.1954421628966636,
            -0.4328860829463046,
            -0.008434960520555777,
            0.20633497916941512,
            -0.07593242954519606
        ],
        [
            -0.0877968000046873,
            -0.15347774897213334,
            -0.007840764079733338,
            -0.0811172795140753,
            -0.013785604762652354,
            -0.274528245604272,
            -0.2806272643253791,
            0.025838740646481742,
            -0.16898621947215534,
            0.0110898296220856,
            -0.4886056881667298,
            -0.3544090270987297,
            -0.005771905912084931,
            -0.09073291830870156,
            0.0594986271889838,
            -0.4328860829463046,
            -0.2993161609203132,
            -0.008119190157644132,
            0.19163238880724426,
            -0.06967036476002215
        ],
        [
            -0.00143463511974062,
            -0.0033223735315360673,
            -0.0008984191395799574,
            -0.0011056610152776621,
            -0.00017531172203111119,
            -0.011666007436807279,
            -0.006514280183259179,
            -0.03335315491827167,
            -0.015429937869992479,
            0.0019366555732430284,
            -0.004786356512758404,
            -0.008090981128503762,
            0.2371835684512087,
            0.030589726719525645,
            -0.010423489147703713,
            -0.008434960520555777,
            -0.008119190157644132,
            1.4952292378598326,
            0.00746962331247093,
            -0.0026026989759594726
        ],
        [
            0.02905411351637427,
            0.07900082474325876,
            0.0015690503991307077,
            0.03797612369877329,
            0.0026997381318522077,
            0.17791622256685433,
            0.14198625332131798,
            -0.025836843595814223,
            0.20373056482896373,
            -0.025799394470385616,
            0.08138301848499963,
            0.17816529044497187,
            0.034282638210561774,
            -0.5904351278376903,
            0.2945258179635779,
            0.20633497916941512,
            0.19163238880724426,
            0.00746962331247093,
            1.3110986835637282,
            0.0666825015484816
        ],
        [
            -0.003074875042636277,
            -0.01973344992941553,
            -0.00026300165293748263,
            -0.0054510932625033304,
            -0.001412091785058163,
            -0.04616421429072927,
            -0.048697840151215706,
            0.007019365664551086,
            -0.06551921239014004,
            -0.029060879663373503,
            -0.026302444461425267,
            -0.0626637616897105,
            -0.012083383226209441,
            0.30208070652524543,
            0.12946545267093557,
            -0.07593242954519606,
            -0.06967036476002215,
            -0.0026026989759594726,
            0.0666825015484816,
            1.4711939612569596
        ]
    ]
}