{
    "HF": -2.145159589329557,
    "coordinates": [
        [
            0.797495,
            0.063348,
            0.152991
        ],
        [
            1.585781,
            -0.191564,
            0.177633
        ],
        [
            2.330674,
            -0.112255,
            0.11995
        ],
        [
            3.042155,
            0.000396,
            -0.045405
        ]
    ],
    "elements": [
        "H",
        "H",
        "H",
        "H"
    ],
    "Enn": 2.9925041697585737,
    "S": [
        [
            0.9999999999999999,
            0.6848602514927513,
            0.0,
            0.0,
            0.0,
            0.5003088155072959,
            0.5386390586187272,
            -0.015154128566524157,
            -0.4847734514727321,
            0.15676362394082483,
            0.11215726623372792,
            0.29803076820042357,
            0.0031762736831140812,
            -0.1473864625526821,
            0.016880941484091957,
            0.012086979241245998,
            0.1164536607305958,
            0.0012694849380315877,
            -0.014363001577662777,
            0.0004028136445239042
        ],
        [
            0.6848602514927513,
            1.0000000000000002,
            0.0,
            0.0,
            0.0,
            0.5386390586187274,
            0.8610103700216251,
            -0.005189475396418397,
            -0.1660088792444223,
            0.05368312443193739,
            0.29803076820042357,
            0.5951117066461918,
            0.0036964277376167858,
            -0.17152281657127696,
            0.019645404195052202,
            0.11645366073059585,
            0.33054959846038157,
            0.008108274566935388,
            -0.09173733134446861,
            0.002572794313079482
        ],
        [
            0.0,
            0.0,
            1.0000000000000004,
            0.0,
            0.0,
            0.015154128566524157,
            0.005189475396418396,
            0.40928770050226715,
            -0.020673109043272877,
            0.006685167023692891,
            -0.0031762736831140856,
            -0.0036964277376167858,
            0.045247655361790304,
            0.005967699105050335,
            -0.0006835117529943689,
            -0.0012694849380315886,
            -0.008108274566935388,
            0.0012254873871609786,
            0.0015781157143507749,
            -4.425861397708783e-05
        ],
        [
            0.0,
            0.0,
            0.0,
            1.0000000000000004,
            0.0,
            0.4847734514727321,
            0.16600887924442245,
            -0.020673109043272825,
            -0.2513890967907102,
            0.21385535153148127,
            0.1473864625526821,
            0.17152281657127696,
            0.0059676991050503295,
            -0.2315388104398869,
            0.0317165299459506,
            0.014363001577662784,
            0.09173733134446858,
            0.0015781157143507749,
            -0.01648989173286797,
            0.000500743666454011
        ],
        [
            0.0,
            0.0,
            0.0,
            0.0,
            1.0000000000000004,
            -0.15676362394082483,
            -0.053683124431937415,
            0.0066851670236928755,
            0.21385535153148136,
            0.3407784682990457,
            -0.016880941484091964,
            -0.019645404195052202,
            -0.0006835117529943684,
            0.0317165299459506,
            0.04174360328309057,
            -0.00040281364452390454,
            -0.0025727943130794797,
            -4.425861397708784e-05,
            0.0005007436664540111,
            0.0013509268880090906
        ],
        [
            0.5003088155072959,
            0.5386390586187272,
            0.015154128566524157,
            0.4847734514727321,
            -0.15676362394082483,
            0.9999999999999999,
            0.6848602514927513,
            0.0,
            0.0,
            0.0,
            0.5616043152153944,
            0.5621985552499911,
            0.041060866792169345,
            -0.5302420513395519,
            -0.056455043676995956,
            0.1301819048862065,
            0.3167787567172295,
            0.025712277645889667,
            -0.16789377883703632,
            -0.022129542126924473
        ],
        [
            0.5386390586187274,
            0.8610103700216251,
            0.005189475396418397,
            0.16600887924442248,
            -0.05368312443193741,
            0.6848602514927513,
            1.0000000000000002,
            0.0,
            0.0,
            0.0,
            0.5621985552499911,
            0.8842954161921097,
            0.01271577064602948,
            -0.1642058933105568,
            -0.017483054871729135,
            0.31677875671722955,
            0.6182287387746116,
            0.026634998247229466,
            -0.17391887901304076,
            -0.022923691315104005
        ],
        [
            -0.015154128566524157,
            -0.005189475396418396,
            0.40928770050226715,
            -0.02067310904327283,
            0.006685167023692875,
            0.0,
            0.0,
            1.0000000000000004,
            0.0,
            0.0,
            -0.04106086679216932,
            -0.012715770646029498,
            0.47643648911752,
            0.05361011667685955,
            0.005707886560251008,
            -0.02571227764588968,
            -0.026634998247229463,
            0.0495905159849826,
            0.04802180959875583,
            0.006329601167404232
        ],
        [
            -0.4847734514727321,
            -0.16600887924442262,
            -0.020673109043272873,
            -0.2513890967907102,
            0.21385535153148127,
            0.0,
            0.0,
            0.0,
            1.0000000000000004,
            0.0,
            0.5302420513395519,
            0.16420589331055677,
            0.05361011667685957,
            -0.21170962086934872,
            -0.07370914729686483,
            0.1678937788370364,
            0.1739188790130407,
            0.04802180959875583,
            -0.2566237379429281,
            -0.04133047539243165
        ],
        [
            0.15676362394082483,
            0.05368312443193742,
            0.006685167023692892,
            0.21385535153148136,
            0.3407784682990457,
            0.0,
            0.0,
            0.0,
            0.0,
            1.0000000000000004,
            0.05645504367699594,
            0.017483054871729155,
            0.005707886560251012,
            -0.07370914729686485,
            0.4727401107078749,
            0.02212954212692448,
            0.022923691315103998,
            0.006329601167404232,
            -0.04133047539243165,
            0.051497231095906114
        ],
        [
            0.11215726623372792,
            0.29803076820042357,
            -0.0031762736831140843,
            0.1473864625526821,
            -0.016880941484091957,
            0.5616043152153944,
            0.5621985552499911,
            -0.041060866792169325,
            0.5302420513395519,
            0.05645504367699594,
            0.9999999999999999,
            0.6848602514927513,
            0.0,
            0.0,
            0.0,
            0.5714578590275065,
            0.5657949513729251,
            0.12032240510033454,
            -0.517717063912135,
            -0.08197175323974347
        ],
        [
            0.29803076820042357,
            0.5951117066461918,
            -0.0036964277376167858,
            0.17152281657127696,
            -0.019645404195052202,
            0.5621985552499911,
            0.8842954161921097,
            -0.012715770646029457,
            0.1642058933105568,
            0.017483054871729114,
            0.6848602514927513,
            1.0000000000000002,
            0.0,
            0.0,
            0.0,
            0.5657949513729251,
            0.8878169695915332,
            0.0367001845074826,
            -0.15791166867387274,
            -0.02500264573162239
        ],
        [
            0.0031762736831140825,
            0.0036964277376167858,
            0.045247655361790304,
            0.0059676991050503295,
            -0.0006835117529943684,
            0.041060866792169304,
            0.012715770646029478,
            0.47643648911752,
            0.05361011667685957,
            0.005707886560251012,
            0.0,
            0.0,
            1.0000000000000004,
            0.0,
            0.0,
            -0.12032240510033451,
            -0.0367001845074826,
            0.4571737139287381,
            0.15030427250816472,
            0.023798143031672336
        ],
        [
            -0.1473864625526821,
            -0.17152281657127696,
            0.005967699105050335,
            -0.2315388104398869,
            0.0317165299459506,
            -0.5302420513395519,
            -0.16420589331055677,
            0.05361011667685955,
            -0.21170962086934872,
            -0.07370914729686485,
            0.0,
            0.0,
            0.0,
            1.0000000000000004,
            0.0,
            0.517717063912135,
            0.15791166867387268,
            0.15030427250816472,
            -0.1546156361853353,
            -0.1023974273672841
        ],
        [
            0.016880941484091964,
            0.019645404195052202,
            -0.0006835117529943689,
            0.0317165299459506,
            0.04174360328309057,
            -0.056455043676995956,
            -0.01748305487172913,
            0.005707886560251008,
            -0.07370914729686483,
            0.4727401107078749,
            0.0,
            0.0,
            0.0,
            0.0,
            1.0000000000000004,
            0.08197175323974348,
            0.02500264573162239,
            0.023798143031672343,
            -0.10239742736728413,
            0.4758929634803574
        ],
        [
            0.012086979241245998,
            0.1164536607305958,
            -0.0012694849380315877,
            0.014363001577662774,
            -0.00040281364452390427,
            0.1301819048862065,
            0.3167787567172295,
            -0.025712277645889667,
            0.16789377883703632,
            0.022129542126924473,
            0.5714578590275065,
            0.5657949513729251,
            -0.12032240510033454,
            0.517717063912135,
            0.08197175323974348,
            0.9999999999999999,
            0.6848602514927513,
            0.0,
            0.0,
            0.0
        ],
        [
            0.11645366073059585,
            0.33054959846038157,
            -0.00810827456693539,
            0.09173733134446861,
            -0.0025727943130794823,
            0.31677875671722955,
            0.6182287387746116,
            -0.026634998247229473,
            0.17391887901304076,
            0.02292369131510401,
            0.5657949513729251,
            0.8878169695915332,
            -0.036700184507482615,
            0.15791166867387274,
            0.0250026457316224,
            0.6848602514927513,
            1.0000000000000002,
            0.0,
            0.0,
            0.0
        ],
        [
            0.0012694849380315886,
            0.00810827456693539,
            0.0012254873871609786,
            0.0015781157143507749,
            -4.425861397708783e-05,
            0.02571227764588968,
            0.02663499824722946,
            0.0495905159849826,
            0.04802180959875583,
            0.006329601167404232,
            0.12032240510033451,
            0.036700184507482594,
            0.4571737139287381,
            0.15030427250816472,
            0.023798143031672336,
            0.0,
            0.0,
            1.0000000000000004,
            0.0,
            0.0
        ],
        [
            -0.014363001577662784,
            -0.09173733134446858,
            0.0015781157143507749,
            -0.01648989173286797,
            0.000500743666454011,
            -0.1678937788370364,
            -0.1739188790130407,
            0.04802180959875583,
            -0.2566237379429281,
            -0.04133047539243165,
            -0.517717063912135,
            -0.15791166867387268,
            0.15030427250816472,
            -0.1546156361853353,
            -0.1023974273672841,
            0.0,
            0.0,
            0.0,
            1.0000000000000004,
            0.0
        ],
        [
            0.00040281364452390465,
            0.0025727943130794805,
            -4.425861397708784e-05,
            0.0005007436664540111,
            0.0013509268880090906,
            -0.02212954212692448,
            -0.022923691315104005,
            0.006329601167404232,
            -0.04133047539243165,
            0.051497231095906114,
            -0.08197175323974346,
            -0.025002645731622395,
            0.023798143031672343,
            -0.10239742736728413,
            0.4758929634803574,
            0.0,
            0.0,
            0.0,
            0.0,
            1.0000000000000004
        ]
    ],
    "h": [
        [
            -0.22923276803865122,
            -0.45001765111444325,
            -0.0077119860947254095,
            -0.24429049536825215,
            0.07751290439018534,
            -0.5419871486835224,
            -0.43989816963344497,
            0.0010296322920865242,
            0.037347471413828326,
            -0.01787920994249642,
            -0.2340050320888137,
            -0.2988550807561976,
            -0.018856962206867358,
            0.3035305295305915,
            0.0020555855674161683,
            -0.009610110881860201,
            -0.13206771228983302,
            -0.008051157276574034,
            0.06587461067538511,
            0.0033825245444677496
        ],
        [
            -0.45001765111444325,
            -0.30729932899747836,
            -0.0064129683821985625,
            -0.21833053580064973,
            0.06742501353743433,
            -0.522557577523963,
            -0.363657119189038,
            0.01291564844288326,
            0.08706914083923706,
            -0.07022812979647211,
            -0.3325533865682303,
            -0.30689731103299267,
            -0.007957797892460879,
            0.1918596920537223,
            0.00876338307690784,
            -0.13577836101952329,
            -0.19408358949968174,
            -0.022159355451086084,
            0.11986017291896503,
            0.014518670111582872
        ],
        [
            -0.0077119860947254095,
            -0.0064129683821985625,
            1.4941884169745607,
            -0.006415914212076241,
            0.0021625909235673353,
            -0.0009347177340005494,
            -0.005136324176976157,
            0.31199806177270517,
            -0.02656743564606722,
            0.008989030225860766,
            -0.00016289969204079553,
            -0.0039717022361885485,
            -0.0451231011626579,
            0.004273723176453375,
            0.00016178979686259747,
            0.0033391339898931173,
            0.0001849674724004463,
            -0.003938182778512388,
            -0.004855995391011958,
            -1.1817482872860307e-07
        ],
        [
            -0.24429049536825215,
            -0.21833053580064973,
            -0.006415914212076241,
            1.2669198636112706,
            0.07010670561955594,
            -0.08575913391482348,
            -0.2078911511986581,
            -0.023123453164162665,
            -0.6012069161251556,
            0.2729273533413667,
            -0.23055042119730873,
            -0.17106965209259967,
            -0.012659325903253787,
            0.18405848951702541,
            0.005914345431642709,
            -0.06410781504091584,
            -0.11026437880085735,
            -0.01156868741022058,
            0.08730867103756201,
            0.0034297465881390236
        ],
        [
            0.07751290439018534,
            0.06742501353743433,
            0.0021625909235673353,
            0.07010670561955594,
            1.4720396242426776,
            0.019456131801970367,
            0.060673988464048575,
            0.00840050392107514,
            0.2892206177272424,
            0.22265410996474133,
            0.04746473684316405,
            0.04957506059931645,
            0.003706694295350723,
            -0.0613072873711621,
            -0.04654690872616672,
            0.005380556816527625,
            0.024180373947453503,
            0.0012969430827172532,
            -0.009176578280868725,
            -0.005164660502230754
        ],
        [
            -0.5419871486835224,
            -0.522557577523963,
            -0.0009347177340005494,
            -0.08575913391482348,
            0.019456131801970367,
            -0.4280423449371207,
            -0.5944639014143734,
            0.025728099596066707,
            -0.014190688098283305,
            -0.09835200023747333,
            -0.5432067552655053,
            -0.517852149664983,
            0.007404439270842611,
            0.04113157267963907,
            -0.01108518305521855,
            -0.2687490013505204,
            -0.3472139002195975,
            -0.04828905112038605,
            0.2561974978044379,
            0.03615738503590586
        ],
        [
            -0.43989816963344497,
            -0.363657119189038,
            -0.005136324176976157,
            -0.2078911511986581,
            0.060673988464048575,
            -0.5944639014143734,
            -0.4353716858137031,
            0.023782492283774583,
            -0.029419981982061708,
            -0.08315085081626919,
            -0.5285379642346268,
            -0.4142204873748383,
            0.009928694903168837,
            0.12843705648485004,
            -0.0010436068711813587,
            -0.32543794595405834,
            -0.31640492771151907,
            -0.04270743852280607,
            0.19629379691467158,
            0.030300111970531705
        ],
        [
            0.0010296322920865242,
            0.01291564844288326,
            0.31199806177270517,
            -0.023123453164162665,
            0.00840050392107514,
            0.025728099596066707,
            0.023782492283774583,
            1.4046344492094553,
            0.020204731970036097,
            0.0044198978154187905,
            0.014498179591798638,
            0.025625298900964596,
            0.39448155804021867,
            0.08221935034391378,
            0.009440257850434019,
            0.034594171280174835,
            0.02212457352832352,
            -0.04276876799828913,
            -0.021080115707287156,
            -0.003368291915431039
        ],
        [
            0.037347471413828326,
            0.08706914083923706,
            -0.02656743564606722,
            -0.6012069161251556,
            0.2892206177272424,
            -0.014190688098283305,
            -0.029419981982061708,
            0.020204731970036097,
            0.8728915037452079,
            0.038944088454414286,
            -0.0655651743901342,
            -0.14608939853894692,
            0.10052110626964549,
            -0.7314253550190298,
            -0.11537672330030643,
            -0.3297594209877478,
            -0.20089362536730543,
            -0.04962491599640992,
            0.17381503354811023,
            0.03559684601700719
        ],
        [
            -0.01787920994249642,
            -0.07022812979647211,
            0.008989030225860766,
            0.2729273533413667,
            0.22265410996474133,
            -0.09835200023747333,
            -0.08315085081626919,
            0.0044198978154187905,
            0.038944088454414286,
            1.3820808141687526,
            -0.024431422669607766,
            -0.05939901052276614,
            0.008263646678502688,
            -0.08457395514272481,
            0.39004710088547767,
            -0.02992248965559472,
            -0.03401989916031749,
            -0.005508247747633803,
            0.026199861539855554,
            -0.04364716913089951
        ],
        [
            -0.2340050320888137,
            -0.3325533865682303,
            -0.00016289969204079553,
            -0.23055042119730873,
            0.04746473684316405,
            -0.5432067552655053,
            -0.5285379642346268,
            0.014498179591798638,
            -0.0655651743901342,
            -0.024431422669607766,
            -0.4841606595689181,
            -0.6170821718376915,
            0.045183489568737564,
            -0.037179508618855606,
            -0.01749238444545278,
            -0.5993266061123678,
            -0.5545279669899117,
            -0.015097342367518446,
            0.0806314073391391,
            0.012775423275114106
        ],
        [
            -0.2988550807561976,
            -0.30689731103299267,
            -0.0039717022361885485,
            -0.17106965209259967,
            0.04957506059931645,
            -0.517852149664983,
            -0.4142204873748383,
            0.025625298900964596,
            -0.14608939853894692,
            -0.05939901052276614,
            -0.6170821718376915,
            -0.43832991926610654,
            0.03281902667242732,
            0.003956616437081881,
            -0.013435191927733361,
            -0.4707324912889155,
            -0.36958890652563503,
            -0.05283058749379689,
            0.23979582649346687,
            0.037952658819748686
        ],
        [
            -0.018856962206867358,
            -0.007957797892460879,
            -0.0451231011626579,
            -0.012659325903253787,
            0.003706694295350723,
            0.007404439270842611,
            0.009928694903168837,
            0.39448155804021867,
            0.10052110626964549,
            0.008263646678502688,
            0.045183489568737564,
            0.03281902667242732,
            1.3763263102377377,
            0.08444566741372914,
            0.011391151331880574,
            0.004936448614080241,
            0.03964025320939638,
            0.3803313533859275,
            0.213808566595652,
            0.033616196420609375
        ],
        [
            0.3035305295305915,
            0.1918596920537223,
            0.004273723176453375,
            0.18405848951702541,
            -0.0613072873711621,
            0.04113157267963907,
            0.12843705648485004,
            0.08221935034391378,
            -0.7314253550190298,
            -0.08457395514272481,
            -0.037179508618855606,
            0.003956616437081881,
            0.08444566741372914,
            0.8170438812291763,
            -0.06663555062284812,
            -0.010183023970475213,
            -0.10064318274725087,
            0.22022180786776835,
            -0.5325242166635993,
            -0.1499260963152989
        ],
        [
            0.0020555855674161683,
            0.00876338307690784,
            0.00016178979686259747,
            0.005914345431642709,
            -0.04654690872616672,
            -0.01108518305521855,
            -0.0010436068711813587,
            0.009440257850434019,
            -0.11537672330030643,
            0.39004710088547767,
            -0.01749238444545278,
            -0.013435191927733361,
            0.011391151331880574,
            -0.06663555062284812,
            1.3829387223789162,
            0.002316165941598225,
            -0.019942705775845913,
            0.03466109911582301,
            -0.14997296527020668,
            0.4063744697366707
        ],
        [
            -0.009610110881860201,
            -0.13577836101952329,
            0.0033391339898931173,
            -0.06410781504091584,
            0.005380556816527625,
            -0.2687490013505204,
            -0.32543794595405834,
            0.034594171280174835,
            -0.3297594209877478,
            -0.02992248965559472,
            -0.5993266061123678,
            -0.4707324912889155,
            0.004936448614080241,
            -0.010183023970475213,
            0.002316165941598225,
            -0.287986316636307,
            -0.47549117949568886,
            -0.06795643324760595,
            0.2939063793874459,
            0.04799666976790527
        ],
        [
            -0.13206771228983302,
            -0.19408358949968174,
            0.0001849674724004463,
            -0.11026437880085735,
            0.024180373947453503,
            -0.3472139002195975,
            -0.31640492771151907,
            0.02212457352832352,
            -0.20089362536730543,
            -0.03401989916031749,
            -0.5545279669899117,
            -0.36958890652563503,
            0.03964025320939638,
            -0.10064318274725087,
            -0.019942705775845913,
            -0.47549117949568886,
            -0.31527419233021203,
            -0.055886940242090434,
            0.24607596783267005,
            0.039809994906032896
        ],
        [
            -0.008051157276574034,
            -0.022159355451086084,
            -0.003938182778512388,
            -0.01156868741022058,
            0.0012969430827172532,
            -0.04828905112038605,
            -0.04270743852280607,
            -0.04276876799828913,
            -0.04962491599640992,
            -0.005508247747633803,
            -0.015097342367518446,
            -0.05283058749379689,
            0.3803313533859275,
            0.22022180786776835,
            0.03466109911582301,
            -0.06795643324760595,
            -0.055886940242090434,
            1.4586856449104726,
            0.06352167230720665,
            0.010110544538398915
        ],
        [
            0.06587461067538511,
            0.11986017291896503,
            -0.004855995391011958,
            0.08730867103756201,
            -0.009176578280868725,
            0.2561974978044379,
            0.19629379691467158,
            -0.021080115707287156,
            0.17381503354811023,
            0.026199861539855554,
            0.0806314073391391,
            0.23979582649346687,
            0.213808566595652,
            -0.5325242166635993,
            -0.14997296527020668,
            0.2939063793874459,
            0.24607596783267005,
            0.06352167230720665,
            1.1929533703147281,
            -0.044424506015827384
        ],
        [
            0.0033825245444677496,
            0.014518670111582872,
            -1.1817482872860307e-07,
            0.0034297465881390236,
            -0.005164660502230754,
            0.03615738503590586,
            0.030300111970531705,
            -0.003368291915431039,
            0.03559684601700719,
            -0.04364716913089951,
            0.012775423275114106,
            0.037952658819748686,
            0.033616196420609375,
            -0.1499260963152989,
            0.4063744697366707,
            0.04799666976790527,
            0.039809994906032896,
            0.010110544538398915,
            -0.044424506015827384,
            1.4661382577191273
        ]
    ]
}