{
    "HF": -2.1349426304516492,
    "coordinates": [
        [
            0.690312,
            -0.025724,
            -0.033926
        ],
        [
            1.338409,
            0.142721,
            0.034425
        ],
        [
            2.005182,
            -0.193659,
            -0.179516
        ],
        [
            2.751507,
            0.023833,
            -0.034424
        ]
    ],
    "elements": [
        "H",
        "H",
        "H",
        "H"
    ],
    "Enn": 3.1627255647268417,
    "S": [
        [
            0.9999999999999999,
            0.6848602514927513,
            0.0,
            0.0,
            0.0,
            0.6250637410304385,
            0.5845219863842407,
            -0.05569303501034245,
            -0.5280755060071969,
            -0.13725056374181993,
            0.18838931098582326,
            0.367961223673056,
            0.02639605277275584,
            -0.2383912213016929,
            0.03044729117654202,
            0.02374585306424104,
            0.15546713683995558,
            7.2637195357838255e-06,
            -0.030064141342488877,
            -0.0007228276085036695
        ],
        [
            0.6848602514927513,
            1.0000000000000002,
            0.0,
            0.0,
            0.0,
            0.5845219863842407,
            0.9060184245411396,
            -0.015706881457466917,
            -0.14893099957484066,
            -0.03870822149058556,
            0.367961223673056,
            0.6788385747651546,
            0.020406414729815865,
            -0.1842968784655057,
            0.023538369789488454,
            0.15546713683995556,
            0.39613023475296905,
            2.774839083760399e-05,
            -0.11484908524601148,
            -0.0027612992063034236
        ],
        [
            0.0,
            0.0,
            1.0000000000000004,
            0.0,
            0.0,
            0.055693035010342444,
            0.01570688145746691,
            0.5486294676453273,
            -0.06386984831667294,
            -0.016600225891651978,
            -0.026396052772755856,
            -0.020406414729815837,
            0.09395332688840888,
            0.04941290654324933,
            -0.00631100904297807,
            -7.2637195357838255e-06,
            -2.7748390837603986e-05,
            0.004013374785399439,
            1.0695240760329193e-05,
            2.5714405786916506e-07
        ],
        [
            0.0,
            0.0,
            0.0,
            1.0000000000000004,
            0.0,
            0.5280755060071969,
            0.14893099957484066,
            -0.06386984831667294,
            -0.05024174361163868,
            -0.15740159763137296,
            0.23839122130169305,
            0.18429687846550552,
            0.04941290654324933,
            -0.34683920298827936,
            0.05699674744378442,
            0.030064141342488877,
            0.11484908524601137,
            1.0695240760329191e-05,
            -0.04025364427510174,
            -0.0010643053139751443
        ],
        [
            0.0,
            0.0,
            0.0,
            0.0,
            1.0000000000000004,
            0.13725056374181993,
            0.03870822149058556,
            -0.016600225891651978,
            -0.15740159763137296,
            0.514455657072645,
            -0.030447291176542025,
            -0.02353836978948844,
            -0.00631100904297807,
            0.05699674744378442,
            0.09214499319888804,
            0.0007228276085036695,
            0.0027612992063034236,
            2.5714405786916516e-07,
            -0.0010643053139751447,
            0.003987788437569773
        ],
        [
            0.6250637410304385,
            0.5845219863842407,
            0.05569303501034245,
            0.5280755060071969,
            0.13725056374181993,
            0.9999999999999999,
            0.6848602514927513,
            0.0,
            0.0,
            0.0,
            0.5411838569873353,
            0.5545828285999146,
            0.1453204619869282,
            -0.45290879448263804,
            0.22848774663651616,
            0.1534543856332838,
            0.33870769818098834,
            0.00970439533646711,
            -0.19917880639037588,
            0.01675748598762366
        ],
        [
            0.5845219863842407,
            0.9060184245411396,
            0.015706881457466917,
            0.14893099957484066,
            0.03870822149058555,
            0.6848602514927513,
            1.0000000000000002,
            0.0,
            0.0,
            0.0,
            0.5545828285999146,
            0.8768097487823637,
            0.04647997982201732,
            -0.14486047829011714,
            0.07308059517591399,
            0.33870769818098834,
            0.644619935642382,
            0.008832079564102396,
            -0.18127487643791448,
            0.015251176853941305
        ],
        [
            -0.055693035010342444,
            -0.01570688145746691,
            0.5486294676453273,
            -0.06386984831667294,
            -0.016600225891651978,
            0.0,
            0.0,
            1.0000000000000004,
            0.0,
            0.0,
            -0.1453204619869282,
            -0.04647997982201737,
            0.40256189405411114,
            0.16919064058836958,
            -0.0853549074139411,
            -0.009704395336467104,
            -0.008832079564102388,
            0.07215394818313171,
            0.018451848447208978,
            -0.0015524070929205053
        ],
        [
            -0.5280755060071969,
            -0.14893099957484066,
            -0.06386984831667294,
            -0.05024174361163868,
            -0.15740159763137296,
            0.0,
            0.0,
            0.0,
            1.0000000000000004,
            0.0,
            0.452908794482638,
            0.14486047829011714,
            0.16919064058836938,
            -0.07045463529050551,
            0.2660188915687769,
            0.1991788063903758,
            0.18127487643791423,
            0.018451848447208978,
            -0.30566379929591914,
            0.031862530438957426
        ],
        [
            -0.13725056374181993,
            -0.03870822149058556,
            -0.016600225891651978,
            -0.15740159763137296,
            0.514455657072645,
            0.0,
            0.0,
            0.0,
            0.0,
            1.0000000000000004,
            -0.2284877466365161,
            -0.07308059517591393,
            -0.08535490741394106,
            0.26601889156877706,
            0.32264471098312764,
            -0.016757485987623652,
            -0.015251176853941301,
            -0.0015524070929205057,
            0.03186253043895743,
            0.0703722733063115
        ],
        [
            0.18838931098582326,
            0.367961223673056,
            -0.02639605277275584,
            0.2383912213016929,
            -0.030447291176542015,
            0.5411838569873353,
            0.5545828285999146,
            -0.1453204619869282,
            0.45290879448263804,
            -0.22848774663651616,
            0.9999999999999999,
            0.6848602514927513,
            0.0,
            0.0,
            0.0,
            0.5301276147365199,
            0.5503647686896069,
            -0.0960131616140342,
            -0.4938730105146675,
            -0.14392312839963284
        ],
        [
            0.367961223673056,
            0.6788385747651546,
            -0.02040641472981585,
            0.1842968784655057,
            -0.023538369789488457,
            0.5545828285999146,
            0.8768097487823637,
            -0.04647997982201735,
            0.1448604782901175,
            -0.07308059517591399,
            0.6848602514927513,
            1.0000000000000002,
            0.0,
            0.0,
            0.0,
            0.5503647686896068,
            0.8726468941636198,
            -0.031266245241804436,
            -0.16082747829025518,
            -0.046867905950228335
        ],
        [
            0.026396052772755856,
            0.02040641472981583,
            0.09395332688840888,
            0.04941290654324933,
            -0.00631100904297807,
            0.1453204619869282,
            0.04647997982201736,
            0.40256189405411114,
            0.16919064058836947,
            -0.0853549074139411,
            0.0,
            0.0,
            1.0000000000000004,
            0.0,
            0.0,
            0.0960131616140342,
            0.03126624524180441,
            0.41980430774309146,
            -0.1248416601853564,
            -0.03638101679165715
        ],
        [
            -0.23839122130169305,
            -0.1842968784655054,
            0.04941290654324933,
            -0.34683920298827936,
            0.05699674744378442,
            -0.45290879448263804,
            -0.14486047829011714,
            0.1691906405883695,
            -0.07045463529050536,
            0.26601889156877706,
            0.0,
            0.0,
            0.0,
            1.0000000000000004,
            0.0,
            0.49387301051466714,
            0.16082747829025515,
            -0.12484166018535633,
            -0.19808659414762886,
            -0.18713686734646653
        ],
        [
            0.030447291176542025,
            0.02353836978948845,
            -0.00631100904297807,
            0.05699674744378442,
            0.09214499319888804,
            0.2284877466365161,
            0.07308059517591393,
            -0.08535490741394106,
            0.2660188915687769,
            0.32264471098312764,
            0.0,
            0.0,
            0.0,
            0.0,
            1.0000000000000004,
            0.14392312839963284,
            0.04686790595022831,
            -0.036381016791657145,
            -0.18713686734646656,
            0.38953968389516475
        ],
        [
            0.02374585306424104,
            0.15546713683995558,
            -7.2637195357838255e-06,
            0.030064141342488877,
            0.0007228276085036695,
            0.1534543856332838,
            0.33870769818098834,
            -0.00970439533646711,
            0.19917880639037597,
            -0.01675748598762366,
            0.5301276147365199,
            0.5503647686896069,
            0.0960131616140342,
            0.49387301051466714,
            0.14392312839963284,
            0.9999999999999999,
            0.6848602514927513,
            0.0,
            0.0,
            0.0
        ],
        [
            0.15546713683995556,
            0.39613023475296905,
            -2.774839083760399e-05,
            0.11484908524601138,
            0.0027612992063034236,
            0.33870769818098834,
            0.644619935642382,
            -0.008832079564102396,
            0.18127487643791426,
            -0.015251176853941305,
            0.5503647686896068,
            0.8726468941636198,
            0.031266245241804415,
            0.16082747829025518,
            0.046867905950228356,
            0.6848602514927513,
            1.0000000000000002,
            0.0,
            0.0,
            0.0
        ],
        [
            7.2637195357838255e-06,
            2.7748390837603986e-05,
            0.004013374785399439,
            1.0695240760329191e-05,
            2.5714405786916506e-07,
            0.009704395336467104,
            0.008832079564102388,
            0.07215394818313171,
            0.018451848447208978,
            -0.0015524070929205057,
            -0.0960131616140342,
            -0.03126624524180442,
            0.41980430774309146,
            -0.12484166018535633,
            -0.03638101679165715,
            0.0,
            0.0,
            1.0000000000000004,
            0.0,
            0.0
        ],
        [
            -0.030064141342488877,
            -0.11484908524601146,
            1.0695240760329193e-05,
            -0.04025364427510174,
            -0.0010643053139751443,
            -0.1991788063903758,
            -0.18127487643791443,
            0.018451848447208978,
            -0.30566379929591914,
            0.03186253043895743,
            -0.4938730105146675,
            -0.16082747829025515,
            -0.1248416601853564,
            -0.19808659414762886,
            -0.18713686734646665,
            0.0,
            0.0,
            0.0,
            1.0000000000000004,
            0.0
        ],
        [
            -0.0007228276085036695,
            -0.002761299206303425,
            2.5714405786916516e-07,
            -0.0010643053139751445,
            0.003987788437569773,
            0.016757485987623645,
            0.015251176853941301,
            -0.0015524070929205053,
            0.031862530438957426,
            0.0703722733063115,
            -0.14392312839963284,
            -0.046867905950228314,
            -0.036381016791657145,
            -0.18713686734646645,
            0.38953968389516475,
            0.0,
            0.0,
            0.0,
            0.0,
            1.0000000000000004
        ]
    ],
    "h": [
        [
            -0.34905322932944594,
            -0.5048627123879922,
            -0.02797314632620277,
            -0.34248000842414544,
            -0.07522046583711728,
            -0.6518477089069271,
            -0.5025527091484052,
            0.020858410306398817,
            -0.004216738437636369,
            0.0352451552707293,
            -0.3278095416244847,
            -0.36882490149604635,
            -0.06468845978626418,
            0.33821694496682864,
            -0.09459817125903516,
            -0.04412658017752012,
            -0.1846711367375205,
            0.0008599125223733347,
            0.10812053206700592,
            0.002259901863578861
        ],
        [
            -0.5048627123879922,
            -0.3318891491811895,
            -0.018508103499778456,
            -0.2762835518512135,
            -0.053312254889575736,
            -0.5815416475680009,
            -0.3828616326895822,
            0.058543994565457246,
            0.11158864443962593,
            0.11273179559238077,
            -0.38598362868949154,
            -0.34037055689233164,
            -0.06556435813795997,
            0.18382446579775136,
            -0.09955591380398401,
            -0.1771756514602124,
            -0.2329149032570227,
            0.01338160821320724,
            0.13995157304047734,
            0.019956606855504197
        ],
        [
            -0.02797314632620277,
            -0.018508103499778456,
            1.4549132416220307,
            -0.024396537156530965,
            -0.008357050780530314,
            0.007804342772950598,
            -0.014151367910180252,
            0.5111531800433985,
            -0.09163121061491053,
            -0.027712412825973837,
            0.0009468423420526187,
            -0.01171517344640119,
            -0.041910421284247656,
            0.036767122548935105,
            -0.006135139527519698,
            0.003783225251449487,
            -0.00240971929409585,
            -0.011613913133558793,
            -0.001020179393701534,
            -0.0007151407175864959
        ],
        [
            -0.34248000842414544,
            -0.2762835518512135,
            -0.024396537156530965,
            1.1314553915244143,
            -0.06713692586402743,
            -0.09308675371553776,
            -0.2739651994139749,
            -0.06380900807371115,
            -0.4292480402388122,
            -0.18190226714347812,
            -0.2802950474155762,
            -0.2283933369604254,
            -0.04608896878274121,
            0.01005652065329199,
            -0.07811489437857572,
            -0.11197083558536569,
            -0.15689254574388212,
            0.0044024689751783,
            0.14857304458824894,
            0.008721817647257404
        ],
        [
            -0.07522046583711728,
            -0.053312254889575736,
            -0.008357050780530314,
            -0.06713692586402743,
            1.4388493344792668,
            0.006876276742186438,
            -0.045121247446857846,
            -0.02563264476529853,
            -0.2309677080868297,
            0.4604110669378444,
            -0.017674277199013627,
            -0.03712536737224586,
            -0.011782537927508186,
            0.06995417591278708,
            -0.05367241563901179,
            0.0015916141445933116,
            -0.01446901132985268,
            -0.0005775684586283502,
            0.0047982265614031055,
            -0.01199705054883039
        ],
        [
            -0.6518477089069271,
            -0.5815416475680009,
            0.007804342772950598,
            -0.09308675371553776,
            0.006876276742186438,
            -0.5122387951022012,
            -0.6263683829674774,
            0.09556919741800489,
            0.10660812599148167,
            0.17904538307847412,
            -0.5570168536147633,
            -0.5431400784223904,
            -0.0317143878786757,
            0.09734479228788828,
            -0.04440571295418516,
            -0.27191020447611375,
            -0.3636965417726409,
            0.01568648290358362,
            0.2482833826183563,
            0.022350067164875
        ],
        [
            -0.5025527091484052,
            -0.3828616326895822,
            -0.014151367910180252,
            -0.2739651994139749,
            -0.045121247446857846,
            -0.6263683829674774,
            -0.4399596407527988,
            0.07789210024855017,
            0.02907746225715732,
            0.14329218617032274,
            -0.5291916437624801,
            -0.42590332024873945,
            -0.08189700271842645,
            0.12358630662503514,
            -0.124104414008299,
            -0.32816946568190547,
            -0.3266827346899345,
            0.02746482958013822,
            0.19067482651733642,
            0.04073521852410051
        ],
        [
            0.020858410306398817,
            0.058543994565457246,
            0.5111531800433985,
            -0.06380900807371115,
            -0.02563264476529853,
            0.09556919741800489,
            0.07789210024855017,
            1.3609571159379146,
            0.03184699068072255,
            -0.03768935783822422,
            0.021592936383827643,
            0.0706961216157187,
            0.29194832135019966,
            0.2243064494436996,
            -0.1099901300594654,
            0.04790177113513222,
            0.0559114922014101,
            -0.04826166709249757,
            -0.046062362242858465,
            -0.008808996409656555
        ],
        [
            -0.004216738437636369,
            0.11158864443962593,
            -0.09163121061491053,
            -0.4292480402388122,
            -0.2309677080868297,
            0.10660812599148167,
            0.02907746225715732,
            0.03184699068072255,
            0.8337759814579904,
            0.021994711407783665,
            -0.0511971082681385,
            -0.09420651041918654,
            0.22686239890771037,
            -0.5590608419316204,
            0.354859837956519,
            -0.30567534655667694,
            -0.1690298481011393,
            0.035189874526847034,
            0.06552152202903883,
            0.052986718146003364
        ],
        [
            0.0352451552707293,
            0.11273179559238077,
            -0.027712412825973837,
            -0.18190226714347812,
            0.4604110669378444,
            0.17904538307847412,
            0.14329218617032274,
            -0.03768935783822422,
            0.021994711407783665,
            1.31685121052855,
            0.04034024962971561,
            0.12370574932909613,
            -0.10763805373436428,
            0.3412372222069223,
            0.1907116123481023,
            0.07447679648498991,
            0.09213056210680096,
            -0.009373703379298045,
            -0.07290788381330482,
            -0.05613071054389149
        ],
        [
            -0.3278095416244847,
            -0.38598362868949154,
            0.0009468423420526187,
            -0.2802950474155762,
            -0.017674277199013627,
            -0.5570168536147633,
            -0.5291916437624801,
            0.021592936383827643,
            -0.0511971082681385,
            0.04034024962971561,
            -0.43375361912165067,
            -0.5987559995472322,
            -0.1101525227776553,
            -0.0311839644745025,
            -0.1691357393839078,
            -0.5701540758936413,
            -0.5399674712348201,
            0.0034607312334351548,
            0.09213549589293857,
            0.004229328880858307
        ],
        [
            -0.36882490149604635,
            -0.34037055689233164,
            -0.01171517344640119,
            -0.2283933369604254,
            -0.03712536737224586,
            -0.5431400784223904,
            -0.42590332024873945,
            0.0706961216157187,
            -0.09420651041918654,
            0.12370574932909613,
            -0.5987559995472322,
            -0.4392113763175849,
            -0.0933997953577577,
            0.006267857029659901,
            -0.1425880713654164,
            -0.45868709824936493,
            -0.37572440450587674,
            0.03240142946130082,
            0.2298252992359262,
            0.047770212346608415
        ],
        [
            -0.06468845978626418,
            -0.06556435813795997,
            -0.041910421284247656,
            -0.04608896878274121,
            -0.011782537927508186,
            -0.0317143878786757,
            -0.08189700271842645,
            0.29194832135019966,
            0.22686239890771037,
            -0.10763805373436428,
            -0.1101525227776553,
            -0.0933997953577577,
            1.3761562763203397,
            0.021595493402345504,
            -0.042925684627187925,
            -0.020323687784034677,
            -0.06913494180993798,
            0.3266741096015978,
            -0.1458695395370821,
            -0.050094281084317266
        ],
        [
            0.33821694496682864,
            0.18382446579775136,
            0.036767122548935105,
            0.01005652065329199,
            0.06995417591278708,
            0.09734479228788828,
            0.12358630662503514,
            0.2243064494436996,
            -0.5590608419316204,
            0.3412372222069223,
            -0.0311839644745025,
            0.006267857029659901,
            0.021595493402345504,
            0.8976057197514071,
            0.034216264802125765,
            -0.032320625823197835,
            -0.09613987586349662,
            -0.17163726132710622,
            -0.5625860302877743,
            -0.257408400905257
        ],
        [
            -0.09459817125903516,
            -0.09955591380398401,
            -0.006135139527519698,
            -0.07811489437857572,
            -0.05367241563901179,
            -0.04440571295418516,
            -0.124104414008299,
            -0.1099901300594654,
            0.354859837956519,
            0.1907116123481023,
            -0.1691357393839078,
            -0.1425880713654164,
            -0.042925684627187925,
            0.034216264802125765,
            1.3377476439215257,
            -0.03254231701475757,
            -0.10596518252933629,
            -0.0497499126406038,
            -0.2170996951307992,
            0.2849980935929474
        ],
        [
            -0.04412658017752012,
            -0.1771756514602124,
            0.003783225251449487,
            -0.11197083558536569,
            0.0015916141445933116,
            -0.27191020447611375,
            -0.32816946568190547,
            0.04790177113513222,
            -0.30567534655667694,
            0.07447679648498991,
            -0.5701540758936413,
            -0.45868709824936493,
            -0.020323687784034677,
            -0.032320625823197835,
            -0.03254231701475757,
            -0.25947303722995474,
            -0.4679266462958246,
            0.04710519485739932,
            0.2710501746322526,
            0.06986695524796378
        ],
        [
            -0.1846711367375205,
            -0.2329149032570227,
            -0.00240971929409585,
            -0.15689254574388212,
            -0.01446901132985268,
            -0.3636965417726409,
            -0.3266827346899345,
            0.0559114922014101,
            -0.1690298481011393,
            0.09213056210680096,
            -0.5399674712348201,
            -0.37572440450587674,
            -0.06913494180993798,
            -0.09613987586349662,
            -0.10596518252933629,
            -0.4679266462958246,
            -0.32054199153333895,
            0.03816538976295401,
            0.2378826602912284,
            0.05646148315890469
        ],
        [
            0.0008599125223733347,
            0.01338160821320724,
            -0.011613913133558793,
            0.0044024689751783,
            -0.0005775684586283502,
            0.01568648290358362,
            0.02746482958013822,
            -0.04826166709249757,
            0.035189874526847034,
            -0.009373703379298045,
            0.0034607312334351548,
            0.03240142946130082,
            0.3266741096015978,
            -0.17163726132710622,
            -0.0497499126406038,
            0.04710519485739932,
            0.03816538976295401,
            1.484183557552969,
            -0.04170502802137781,
            -0.012867227905476997
        ],
        [
            0.10812053206700592,
            0.13995157304047734,
            -0.001020179393701534,
            0.14857304458824894,
            0.0047982265614031055,
            0.2482833826183563,
            0.19067482651733642,
            -0.046062362242858465,
            0.06552152202903883,
            -0.07290788381330482,
            0.09213549589293857,
            0.2298252992359262,
            -0.1458695395370821,
            -0.5625860302877743,
            -0.2170996951307992,
            0.2710501746322526,
            0.2378826602912284,
            -0.04170502802137781,
            1.2389013569478584,
            -0.0620082330813246
        ],
        [
            0.002259901863578861,
            0.019956606855504197,
            -0.0007151407175864959,
            0.008721817647257404,
            -0.01199705054883039,
            0.022350067164875,
            0.04073521852410051,
            -0.008808996409656555,
            0.052986718146003364,
            -0.05613071054389149,
            0.004229328880858307,
            0.047770212346608415,
            -0.050094281084317266,
            -0.257408400905257,
            0.2849980935929474,
            0.06986695524796378,
            0.05646148315890469,
            -0.012867227905476997,
            -0.0620082330813246,
            1.4734501789921715
        ]
    ]
}