{
    "HF": -2.162088701673645,
    "coordinates": [
        [
            0.675593,
            0.087622,
            0.103238
        ],
        [
            1.514113,
            -0.130795,
            -0.14894
        ],
        [
            2.295112,
            -0.054279,
            0.087713
        ],
        [
            3.052306,
            -0.140161,
            0.06729
        ]
    ],
    "elements": [
        "H",
        "H",
        "H",
        "H"
    ],
    "Enn": 2.8139276136664497,
    "S": [
        [
            0.9999999999999999,
            0.6848602514927513,
            0.0,
            0.0,
            0.0,
            0.4444741776900981,
            0.5151816118009946,
            0.133508656758865,
            -0.4439311869609701,
            0.11563483048997542,
            0.0899555824512212,
            0.2721426991791811,
            0.001141268889464179,
            -0.11905356847640172,
            0.010431381428911844,
            0.0073275857704564054,
            0.09387836555636124,
            0.00012460763055735809,
            -0.008238471554603046,
            0.0007895710445990516
        ],
        [
            0.6848602514927513,
            1.0000000000000002,
            0.0,
            0.0,
            0.0,
            0.5151816118009946,
            0.837437899705257,
            0.050641662062617485,
            -0.1683891793603963,
            0.043861874956303594,
            0.2721426991791811,
            0.5622630785752448,
            0.0015759037607121227,
            -0.16439330645054626,
            0.01440401414163031,
            0.09387836555636123,
            0.2887822648214311,
            0.001165731409260584,
            -0.07707268818565571,
            0.00738660836751985
        ],
        [
            0.0,
            0.0,
            1.0000000000000004,
            0.0,
            0.0,
            -0.133508656758865,
            -0.050641662062617464,
            0.2900734080295849,
            0.19073312174746004,
            -0.04968200669359701,
            -0.0011412688894641796,
            -0.0015759037607121224,
            0.032330612629256024,
            0.0021117163219854375,
            -0.0001850269480049667,
            -0.00012460763055735809,
            -0.001165731409260584,
            0.0006082349942962406,
            0.0001353675266508761,
            -1.297355689269866e-05
        ],
        [
            0.0,
            0.0,
            0.0,
            1.0000000000000004,
            0.0,
            0.4439311869609701,
            0.1683891793603963,
            0.19073312174746,
            -0.2867740937039795,
            0.16519821813447236,
            0.11905356847640175,
            0.16439330645054623,
            0.0021117163219854422,
            -0.18793672578996237,
            0.019301427233884446,
            0.008238471554603045,
            0.0770726881856556,
            0.00013536752665087605,
            -0.008339582930909323,
            0.0008577506766194647
        ],
        [
            0.0,
            0.0,
            0.0,
            0.0,
            1.0000000000000004,
            -0.11563483048997542,
            -0.04386187495630357,
            -0.04968200669359702,
            0.16519821813447244,
            0.30440413116767806,
            -0.010431381428911849,
            -0.014404014141630297,
            -0.00018502694800496706,
            0.01930142723388444,
            0.03065967982141825,
            -0.0007895710445990514,
            -0.007386608367519846,
            -1.2973556892698657e-05,
            0.0008577506766194648,
            0.0005280760392501893
        ],
        [
            0.4444741776900981,
            0.5151816118009946,
            -0.133508656758865,
            0.4439311869609701,
            -0.11563483048997542,
            0.9999999999999999,
            0.6848602514927513,
            0.0,
            0.0,
            0.0,
            0.5074642658253607,
            0.5415007278136592,
            -0.14817545568520857,
            -0.48900661607793783,
            -0.047908934884448626,
            0.10930700383757899,
            0.29489716916656467,
            -0.020145126787777152,
            -0.14330616939865568,
            0.0008725859385576483
        ],
        [
            0.5151816118009946,
            0.837437899705257,
            -0.050641662062617485,
            0.1683891793603963,
            -0.043861874956303594,
            0.6848602514927513,
            1.0000000000000002,
            0.0,
            0.0,
            0.0,
            0.5415007278136592,
            0.8638590906528569,
            -0.05012060347147483,
            -0.16540733136963548,
            -0.01620527986217529,
            0.29489716916656467,
            0.5911947511280496,
            -0.023918468620584242,
            -0.17014855016835004,
            0.0010360281972917411
        ],
        [
            0.133508656758865,
            0.050641662062617464,
            0.2900734080295849,
            0.19073312174745993,
            -0.04968200669359701,
            0.0,
            0.0,
            1.0000000000000004,
            0.0,
            0.0,
            0.14817545568520857,
            0.05012060347147483,
            0.35729466787671843,
            -0.20061198853102197,
            -0.019654348999729426,
            0.020145126787777145,
            0.023918468620584218,
            0.03832988099046317,
            -0.03767017569186662,
            0.0002293722995293975
        ],
        [
            -0.44393118696097,
            -0.1683891793603963,
            0.1907331217474601,
            -0.2867740937039795,
            0.16519821813447244,
            0.0,
            0.0,
            0.0,
            1.0000000000000004,
            0.0,
            0.4890066160779378,
            0.16540733136963548,
            -0.20061198853102197,
            -0.24397419906283624,
            -0.06486301426324483,
            0.14330616939865556,
            0.17014855016835,
            -0.037670175691866606,
            -0.2243485895739613,
            0.0016316832332702329
        ],
        [
            0.11563483048997542,
            0.04386187495630357,
            -0.04968200669359702,
            0.16519821813447236,
            0.30440413116767806,
            0.0,
            0.0,
            0.0,
            0.0,
            1.0000000000000004,
            0.047908934884448626,
            0.01620527986217528,
            -0.019654348999729426,
            -0.06486301426324483,
            0.4117279904833614,
            -0.0008725859385576518,
            -0.001036028197291741,
            0.00022937229952939826,
            0.0016316832332702392,
            0.043615394410878874
        ],
        [
            0.0899555824512212,
            0.2721426991791811,
            -0.001141268889464179,
            0.11905356847640168,
            -0.010431381428911844,
            0.5074642658253607,
            0.5415007278136592,
            0.14817545568520857,
            0.48900661607793783,
            0.047908934884448626,
            0.9999999999999999,
            0.6848602514927513,
            0.0,
            0.0,
            0.0,
            0.5527831980540292,
            0.558936070480782,
            0.014249658851972432,
            -0.5283139687979448,
            0.05992210750257541
        ],
        [
            0.2721426991791811,
            0.5622630785752448,
            -0.0015759037607121227,
            0.16439330645054626,
            -0.01440401414163031,
            0.5415007278136592,
            0.8638590906528569,
            0.05012060347147483,
            0.16540733136963548,
            0.01620527986217528,
            0.6848602514927513,
            1.0000000000000002,
            0.0,
            0.0,
            0.0,
            0.558936070480782,
            0.8810934020172553,
            0.00447420940939592,
            -0.16588378394643988,
            0.018814770234428867
        ],
        [
            0.0011412688894641796,
            0.0015759037607121224,
            0.032330612629256024,
            0.0021117163219854422,
            -0.00018502694800496706,
            -0.14817545568520857,
            -0.050120603471474824,
            0.35729466787671843,
            -0.20061198853102197,
            -0.019654348999729426,
            0.0,
            0.0,
            1.0000000000000004,
            0.0,
            0.0,
            -0.014249658851972432,
            -0.004474209409395918,
            0.4698014572490785,
            0.018881815057644264,
            -0.0021416018098144
        ],
        [
            -0.11905356847640179,
            -0.16439330645054623,
            0.0021117163219854375,
            -0.18793672578996243,
            0.01930142723388444,
            -0.4890066160779378,
            -0.16540733136963548,
            -0.20061198853102197,
            -0.24397419906283624,
            -0.06486301426324483,
            0.0,
            0.0,
            0.0,
            1.0000000000000004,
            0.0,
            0.5283139687979448,
            0.1658837839464398,
            0.018881815057644295,
            -0.22974298076164434,
            0.07940106942078085
        ],
        [
            0.010431381428911849,
            0.014404014141630303,
            -0.0001850269480049667,
            0.019301427233884446,
            0.03065967982141825,
            -0.047908934884448626,
            -0.01620527986217528,
            -0.019654348999729426,
            -0.06486301426324483,
            0.4117279904833614,
            0.0,
            0.0,
            0.0,
            0.0,
            1.0000000000000004,
            -0.059922107502575386,
            -0.01881477023442886,
            -0.0021416018098144025,
            0.07940106942078082,
            0.46130495657015974
        ],
        [
            0.0073275857704564054,
            0.09387836555636124,
            -0.00012460763055735809,
            0.008238471554603046,
            -0.0007895710445990516,
            0.10930700383757899,
            0.29489716916656467,
            0.020145126787777152,
            0.14330616939865562,
            -0.0008725859385576518,
            0.5527831980540292,
            0.558936070480782,
            -0.014249658851972432,
            0.5283139687979448,
            -0.05992210750257541,
            0.9999999999999999,
            0.6848602514927513,
            0.0,
            0.0,
            0.0
        ],
        [
            0.09387836555636123,
            0.2887822648214311,
            -0.001165731409260584,
            0.07707268818565571,
            -0.00738660836751985,
            0.29489716916656467,
            0.5911947511280496,
            0.023918468620584242,
            0.17014855016835004,
            -0.0010360281972917411,
            0.558936070480782,
            0.8810934020172553,
            -0.00447420940939592,
            0.16588378394643988,
            -0.018814770234428867,
            0.6848602514927513,
            1.0000000000000002,
            0.0,
            0.0,
            0.0
        ],
        [
            0.00012460763055735809,
            0.001165731409260584,
            0.0006082349942962406,
            0.0001353675266508761,
            -1.297355689269866e-05,
            -0.020145126787777145,
            -0.023918468620584218,
            0.03832988099046317,
            -0.0376701756918666,
            0.0002293722995293982,
            0.014249658851972432,
            0.004474209409395918,
            0.4698014572490785,
            0.018881815057644292,
            -0.002141601809814402,
            0.0,
            0.0,
            1.0000000000000004,
            0.0,
            0.0
        ],
        [
            -0.008238471554603043,
            -0.0770726881856556,
            0.00013536752665087605,
            -0.008339582930909323,
            0.0008577506766194647,
            -0.14330616939865556,
            -0.17014855016835,
            -0.037670175691866634,
            -0.2243485895739613,
            0.0016316832332702392,
            -0.5283139687979448,
            -0.1658837839464398,
            0.018881815057644268,
            -0.22974298076164434,
            0.07940106942078082,
            0.0,
            0.0,
            0.0,
            1.0000000000000004,
            0.0
        ],
        [
            0.0007895710445990514,
            0.007386608367519846,
            -1.2973556892698657e-05,
            0.0008577506766194648,
            0.0005280760392501893,
            0.0008725859385576484,
            0.001036028197291741,
            0.00022937229952939755,
            0.0016316832332702329,
            0.043615394410878874,
            0.05992210750257541,
            0.01881477023442886,
            -0.0021416018098144004,
            0.07940106942078085,
            0.46130495657015974,
            0.0,
            0.0,
            0.0,
            0.0,
            1.0000000000000004
        ]
    ],
    "h": [
        [
            -0.19315976160228154,
            -0.43363227247407077,
            0.058592913959799674,
            -0.2049354890059107,
            0.05153320886913322,
            -0.49995511586808705,
            -0.41978559318914965,
            -0.02606012192960544,
            0.05812923308747042,
            -0.020400093938978597,
            -0.19379278482219747,
            -0.2731311417938561,
            0.031865854757380935,
            0.2605791181772199,
            -0.002764040348629232,
            0.0019336437923042626,
            -0.10947555431394741,
            0.002981813071873926,
            0.04672303975643113,
            -0.0023546285909880247
        ],
        [
            -0.43363227247407077,
            -0.3029737349473498,
            0.05317580330524104,
            -0.1921841792714664,
            0.04727376632522492,
            -0.4910688826562206,
            -0.35849291998674016,
            -0.07469182017296933,
            0.08379646228699733,
            -0.05128194227615661,
            -0.29713804320597814,
            -0.2924224269002378,
            0.045442777405990176,
            0.16843757857886307,
            0.013506737138865662,
            -0.11418512260785532,
            -0.17671139625523286,
            0.0026328733783786127,
            0.1071525214240618,
            -0.008423964533379872
        ],
        [
            0.058592913959799674,
            0.05317580330524104,
            1.4858581959195356,
            0.050462814444004536,
            -0.013190488233450242,
            0.017323797923903567,
            0.045822219783498847,
            0.15816651599819986,
            0.23829418555823617,
            -0.061001018657371134,
            0.02483050149898604,
            0.03698506461237301,
            -0.04601005568176575,
            -0.0372768503736409,
            -0.0007749811945319546,
            0.0012015376823416388,
            0.01549459080366714,
            -0.0024816915903130366,
            -0.004367382897712414,
            0.0001836063891199966
        ],
        [
            -0.2049354890059107,
            -0.1921841792714664,
            0.050462814444004536,
            1.3197897530933096,
            0.0447970278771188,
            -0.08855209226346472,
            -0.17883149589554342,
            0.21982782448055005,
            -0.5806988283907936,
            0.19673336096346705,
            -0.1924682839929971,
            -0.14496015163913645,
            0.03166870667816572,
            0.18198916977331236,
            0.0006663037667474919,
            -0.044327797801265625,
            -0.0912470915405461,
            0.0011579928872349962,
            0.05895421942934152,
            -0.004775265628695081
        ],
        [
            0.05153320886913322,
            0.04727376632522492,
            -0.013190488233450242,
            0.0447970278771188,
            1.4896169779731512,
            0.0175028259131694,
            0.041820440428720185,
            -0.05951129106964727,
            0.20776801438429332,
            0.17571850470707656,
            0.03052241392522403,
            0.03381932716703562,
            -0.0064442446273626965,
            -0.04025108804674582,
            -0.04003892780628785,
            0.004451817140981747,
            0.016754713320307795,
            -0.00030144851402772696,
            -0.007773362450034221,
            -0.0016189869785521247
        ],
        [
            -0.49995511586808705,
            -0.4910688826562206,
            0.017323797923903567,
            -0.08855209226346472,
            0.0175028259131694,
            -0.35794277097554006,
            -0.5607433064633751,
            -0.11605352156343583,
            -0.007416900199457843,
            -0.06831308398320117,
            -0.4930666263476685,
            -0.4827103993749351,
            0.012630196874369892,
            0.04511668733478691,
            0.004427104758180422,
            -0.23530071083554743,
            -0.3154814635516491,
            0.01481069601228669,
            0.23292204755879736,
            -0.012874480272514633
        ],
        [
            -0.41978559318914965,
            -0.35849291998674016,
            0.045822219783498847,
            -0.17883149589554342,
            0.041820440428720185,
            -0.5607433064633751,
            -0.42725964440545905,
            -0.10364418953907063,
            -0.02191510661079185,
            -0.0596448749154904,
            -0.49773133388335244,
            -0.40618247909089744,
            0.056723043967892406,
            0.10165014341377909,
            0.02703636132529384,
            -0.3080295994656904,
            -0.3052341215644614,
            0.0009335934023376249,
            0.187657538253871,
            -0.017467596738448575
        ],
        [
            -0.02606012192960544,
            -0.07469182017296933,
            0.15816651599819986,
            0.21982782448055005,
            -0.05951129106964727,
            -0.11605352156343583,
            -0.10364418953907063,
            1.3903456513492043,
            -0.01419299155926204,
            -0.0191945248955763,
            -0.02870039699964866,
            -0.08351721845963915,
            0.23646953145591854,
            -0.25876955183952527,
            -0.024796801998568672,
            -0.05436992851611562,
            -0.05901648404999897,
            -0.04286186319846948,
            0.05797017635758919,
            -0.004235302215993132
        ],
        [
            0.05812923308747042,
            0.08379646228699733,
            0.23829418555823617,
            -0.5806988283907936,
            0.20776801438429332,
            -0.007416900199457843,
            -0.02191510661079185,
            -0.01419299155926204,
            0.9987221950760192,
            0.026734055000728094,
            -0.07431255389428115,
            -0.12969367900120776,
            -0.2672443707597145,
            -0.7004973831661089,
            -0.07419398340279626,
            -0.29379167756870805,
            -0.18059785938419126,
            0.007382379336563008,
            0.1923464883239328,
            -0.018151074569534034
        ],
        [
            -0.020400093938978597,
            -0.05128194227615661,
            -0.061001018657371134,
            0.19673336096346705,
            0.17571850470707656,
            -0.06831308398320117,
            -0.0596448749154904,
            -0.0191945248955763,
            0.026734055000728094,
            1.4110581837855798,
            -0.010489707511779953,
            -0.03866154974364082,
            -0.02429805948399824,
            -0.0701588104110353,
            0.30554382805159785,
            -0.007138701863111784,
            -0.0199202452710374,
            0.0006087582532734476,
            0.014286456414484835,
            -0.04593319849862164
        ],
        [
            -0.19379278482219747,
            -0.29713804320597814,
            0.02483050149898604,
            -0.1924682839929971,
            0.03052241392522403,
            -0.4930666263476685,
            -0.49773133388335244,
            -0.02870039699964866,
            -0.07431255389428115,
            -0.010489707511779953,
            -0.4365123537099005,
            -0.5958708882755057,
            0.06838484989754548,
            -0.07745069692605609,
            0.051150523635581216,
            -0.5822722518096507,
            -0.5385486830184412,
            0.006641192449375749,
            0.07614158778210833,
            -0.0031551399166919736
        ],
        [
            -0.2731311417938561,
            -0.2924224269002378,
            0.03698506461237301,
            -0.14496015163913645,
            0.03381932716703562,
            -0.4827103993749351,
            -0.40618247909089744,
            -0.08351721845963915,
            -0.12969367900120776,
            -0.03866154974364082,
            -0.5958708882755057,
            -0.43452796940640415,
            0.059262123225814284,
            -0.02647299718253157,
            0.040629805328328696,
            -0.464835850590126,
            -0.36755876081818206,
            0.0009179216137699224,
            0.2361116174564586,
            -0.022187707499516925
        ],
        [
            0.031865854757380935,
            0.045442777405990176,
            -0.04601005568176575,
            0.03166870667816572,
            -0.0064442446273626965,
            0.012630196874369892,
            0.056723043967892406,
            0.23646953145591854,
            -0.2672443707597145,
            -0.02429805948399824,
            0.06838484989754548,
            0.059262123225814284,
            1.3869745449165656,
            -0.056116221426050966,
            -0.006838016686195956,
            0.013929340195705384,
            0.03609802650262629,
            0.3954914182718221,
            0.00832791447121814,
            -0.0022681326503900777
        ],
        [
            0.2605791181772199,
            0.16843757857886307,
            -0.0372768503736409,
            0.18198916977331236,
            -0.04025108804674582,
            0.04511668733478691,
            0.10165014341377909,
            -0.25876955183952527,
            -0.7004973831661089,
            -0.0701588104110353,
            -0.07745069692605609,
            -0.02647299718253157,
            -0.056116221426050966,
            0.8889462792366596,
            0.013320732357923831,
            -0.02131109045310886,
            -0.11915827537535495,
            0.0242472071710055,
            -0.6124019458414818,
            0.11257612387954372
        ],
        [
            -0.002764040348629232,
            0.013506737138865662,
            -0.0007749811945319546,
            0.0006663037667474919,
            -0.04003892780628785,
            0.004427104758180422,
            0.02703636132529384,
            -0.024796801998568672,
            -0.07419398340279626,
            0.30554382805159785,
            0.051150523635581216,
            0.040629805328328696,
            -0.006838016686195956,
            0.013320732357923831,
            1.4004093056296585,
            0.010649075097759975,
            0.03444420586503784,
            -0.0038051905818266324,
            0.10254230159497998,
            0.3854949078489628
        ],
        [
            0.0019336437923042626,
            -0.11418512260785532,
            0.0012015376823416388,
            -0.044327797801265625,
            0.004451817140981747,
            -0.23530071083554743,
            -0.3080295994656904,
            -0.05436992851611562,
            -0.29379167756870805,
            -0.007138701863111784,
            -0.5822722518096507,
            -0.464835850590126,
            0.013929340195705384,
            -0.02131109045310886,
            0.010649075097759975,
            -0.2736681959911451,
            -0.4705247483567965,
            -0.003989903432392315,
            0.28946498327949477,
            -0.030492578470312597
        ],
        [
            -0.10947555431394741,
            -0.17671139625523286,
            0.01549459080366714,
            -0.0912470915405461,
            0.016754713320307795,
            -0.3154814635516491,
            -0.3052341215644614,
            -0.05901648404999897,
            -0.18059785938419126,
            -0.0199202452710374,
            -0.5385486830184412,
            -0.36755876081818206,
            0.03609802650262629,
            -0.11915827537535495,
            0.03444420586503784,
            -0.4705247483567965,
            -0.31457102125829395,
            -0.0016033130345164985,
            0.24530169287117656,
            -0.024703858978702135
        ],
        [
            0.002981813071873926,
            0.0026328733783786127,
            -0.0024816915903130366,
            0.0011579928872349962,
            -0.00030144851402772696,
            0.01481069601228669,
            0.0009335934023376249,
            -0.04286186319846948,
            0.007382379336563008,
            0.0006087582532734476,
            0.006641192449375749,
            0.0009179216137699224,
            0.3954914182718221,
            0.0242472071710055,
            -0.0038051905818266324,
            -0.003989903432392315,
            -0.0016033130345164985,
            1.4744638934485894,
            0.0036117458931626974,
            -0.0007938532818912284
        ],
        [
            0.04672303975643113,
            0.1071525214240618,
            -0.004367382897712414,
            0.05895421942934152,
            -0.007773362450034221,
            0.23292204755879736,
            0.187657538253871,
            0.05797017635758919,
            0.1923464883239328,
            0.014286456414484835,
            0.07614158778210833,
            0.2361116174564586,
            0.00832791447121814,
            -0.6124019458414818,
            0.10254230159497998,
            0.28946498327949477,
            0.24530169287117656,
            0.0036117458931626974,
            1.1933190523325385,
            0.029454332686349588
        ],
        [
            -0.0023546285909880247,
            -0.008423964533379872,
            0.0001836063891199966,
            -0.004775265628695081,
            -0.0016189869785521247,
            -0.012874480272514633,
            -0.017467596738448575,
            -0.004235302215993132,
            -0.018151074569534034,
            -0.04593319849862164,
            -0.0031551399166919736,
            -0.022187707499516925,
            -0.0022681326503900777,
            0.11257612387954372,
            0.3854949078489628,
            -0.030492578470312597,
            -0.024703858978702135,
            -0.0007938532818912284,
            0.029454332686349588,
            1.4718247429046483
        ]
    ]
}