{
    "HF": -2.1312043753514125,
    "coordinates": [
        [
            0.735806,
            -0.143613,
            -0.136412
        ],
        [
            1.431296,
            0.054633,
            0.178861
        ],
        [
            2.123653,
            -0.068953,
            0.033025
        ],
        [
            2.936517,
            -0.104995,
            0.136286
        ]
    ],
    "elements": [
        "H",
        "H",
        "H",
        "H"
    ],
    "Enn": 3.0186962856705692,
    "S": [
        [
            0.9999999999999999,
            0.6848602514927513,
            0.0,
            0.0,
            0.0,
            0.5316055390931076,
            0.5509325599961016,
            -0.20936519362881423,
            -0.46185813094335376,
            -0.1316503860975659,
            0.16093861977409152,
            0.34530747956436464,
            -0.025317121195301485,
            -0.20737082632208773,
            -0.011155628749571865,
            0.013790747915522816,
            0.12323624475600395,
            -0.002050130055863684,
            -0.016544836285450663,
            -0.0002903282110515798
        ],
        [
            0.6848602514927513,
            1.0000000000000002,
            0.0,
            0.0,
            0.0,
            0.5509325599961016,
            0.873207959618995,
            -0.06801380870209338,
            -0.15003797919333062,
            -0.04276758720206045,
            0.34530747956436464,
            0.6524347483462908,
            -0.022188923969567297,
            -0.18174797455332703,
            -0.009777233210974554,
            0.12323624475600398,
            0.34248522727186964,
            -0.011842966383222504,
            -0.09557439508976226,
            -0.001677136157167584
        ],
        [
            0.0,
            0.0,
            1.0000000000000004,
            0.0,
            0.0,
            0.20936519362881414,
            0.06801380870209336,
            0.33074502750474044,
            -0.25376349008000576,
            -0.07233403334972582,
            0.025317121195301467,
            0.0221889239695673,
            0.07264142789254784,
            -0.04791874421447613,
            -0.002577815453038258,
            0.002050130055863684,
            0.011842966383222502,
            0.001360703378734248,
            -0.002627242905694591,
            -4.610276702943443e-05
        ],
        [
            0.0,
            0.0,
            0.0,
            1.0000000000000004,
            0.0,
            0.46185813094335376,
            0.15003797919333056,
            -0.25376349008000565,
            -0.1140217463547131,
            -0.15956836409841882,
            0.20737082632208761,
            0.181747974553327,
            -0.04791874421447613,
            -0.31400754441829315,
            -0.021114711916835092,
            0.01654483628545066,
            0.0955743950897622,
            -0.002627242905694591,
            -0.019515963221248548,
            -0.0003720557779379155
        ],
        [
            0.0,
            0.0,
            0.0,
            0.0,
            1.0000000000000004,
            0.1316503860975659,
            0.04276758720206043,
            -0.07233403334972582,
            -0.1595683640984189,
            0.4002945349008763,
            0.011155628749571858,
            0.00977723321097454,
            -0.0025778154530382573,
            -0.021114711916835085,
            0.07735576879018084,
            0.0002903282110515798,
            0.001677136157167588,
            -4.610276702943439e-05,
            -0.0003720557779379152,
            0.0016797256564729864
        ],
        [
            0.5316055390931076,
            0.5509325599961016,
            0.20936519362881423,
            0.46185813094335376,
            0.1316503860975659,
            0.9999999999999999,
            0.6848602514927513,
            0.0,
            0.0,
            0.0,
            0.5882944407104305,
            0.5718262312376723,
            0.11008383730210214,
            -0.5226234629513395,
            0.09328849609710632,
            0.12103870688976982,
            0.3074873484905877,
            0.004490987722738119,
            -0.15877695903717176,
            0.016838224033006218
        ],
        [
            0.5509325599961016,
            0.873207959618995,
            0.06801380870209338,
            0.15003797919333062,
            0.042767587202060434,
            0.6848602514927513,
            1.0000000000000002,
            0.0,
            0.0,
            0.0,
            0.5718262312376723,
            0.8937036726602481,
            0.03273640639613231,
            -0.15541622180536346,
            0.02774185743487483,
            0.3074873484905877,
            0.6068388177070246,
            0.0049249039560289014,
            -0.17411788273864415,
            0.018465121989265566
        ],
        [
            -0.20936519362881414,
            -0.06801380870209336,
            0.33074502750474044,
            -0.2537634900800056,
            -0.07233403334972582,
            0.0,
            0.0,
            1.0000000000000004,
            0.0,
            0.0,
            -0.11008383730210214,
            -0.0327364063961323,
            0.48360885452678987,
            0.1341802191773677,
            -0.02395122251563017,
            -0.004490987722738119,
            -0.004924903956028901,
            0.050732001090523574,
            0.00848042520048058,
            -0.0008993452216666617
        ],
        [
            -0.46185813094335376,
            -0.15003797919333056,
            -0.2537634900800058,
            -0.1140217463547131,
            -0.15956836409841893,
            0.0,
            0.0,
            0.0,
            1.0000000000000004,
            0.0,
            0.5226234629513395,
            0.15541622180536346,
            0.1341802191773676,
            -0.1251489603088704,
            0.11370852579098545,
            0.1587769590371717,
            0.17411788273864431,
            0.008480425200480595,
            -0.24884995375633276,
            0.03179596744338967
        ],
        [
            -0.1316503860975659,
            -0.042767587202060434,
            -0.07233403334972582,
            -0.1595683640984188,
            0.4002945349008763,
            0.0,
            0.0,
            0.0,
            0.0,
            1.0000000000000004,
            -0.09328849609710632,
            -0.02774185743487484,
            -0.023951222515630175,
            0.11370852579098556,
            0.4915751559804415,
            -0.016838224033006218,
            -0.018465121989265563,
            -0.0008993452216666633,
            0.031795967443389674,
            0.047599921091544733
        ],
        [
            0.16093861977409152,
            0.34530747956436464,
            0.025317121195301485,
            0.20737082632208773,
            0.011155628749571865,
            0.5882944407104305,
            0.5718262312376723,
            -0.11008383730210215,
            0.5226234629513395,
            -0.09328849609710632,
            0.9999999999999999,
            0.6848602514927513,
            0.0,
            0.0,
            0.0,
            0.5070406246227219,
            0.5413321619487739,
            -0.06458643562395702,
            -0.5084202981477245,
            0.022543112237521024
        ],
        [
            0.34530747956436464,
            0.6524347483462908,
            0.0221889239695673,
            0.18174797455332703,
            0.00977723321097454,
            0.5718262312376723,
            0.8937036726602481,
            -0.0327364063961323,
            0.15541622180536346,
            -0.02774185743487483,
            0.6848602514927513,
            1.0000000000000002,
            0.0,
            0.0,
            0.0,
            0.5413321619487739,
            0.8636914465231982,
            -0.02186232014690618,
            -0.17209878854451108,
            0.00763077776444924
        ],
        [
            -0.025317121195301467,
            -0.022188923969567297,
            0.07264142789254784,
            -0.04791874421447613,
            -0.0025778154530382573,
            0.11008383730210214,
            0.03273640639613231,
            0.48360885452678987,
            0.1341802191773676,
            -0.02395122251563017,
            0.0,
            0.0,
            1.0000000000000004,
            0.0,
            0.0,
            0.06458643562395701,
            0.021862320146906176,
            0.4060393108588503,
            -0.0910010339024068,
            0.00403494220916481
        ],
        [
            -0.20737082632208761,
            -0.181747974553327,
            -0.04791874421447613,
            -0.31400754441829315,
            -0.021114711916835085,
            -0.5226234629513395,
            -0.15541622180536346,
            0.1341802191773677,
            -0.1251489603088704,
            0.11370852579098553,
            0.0,
            0.0,
            0.0,
            1.0000000000000004,
            0.0,
            0.5084202981477246,
            0.17209878854451108,
            -0.09100103390240669,
            -0.29875483423898797,
            0.031762807486955806
        ],
        [
            -0.011155628749571858,
            -0.00977723321097454,
            -0.002577815453038258,
            -0.021114711916835092,
            0.07735576879018084,
            0.09328849609710632,
            0.02774185743487484,
            -0.023951222515630175,
            0.11370852579098548,
            0.4915751559804415,
            0.0,
            0.0,
            0.0,
            0.0,
            1.0000000000000004,
            -0.02254311223752103,
            -0.00763077776444924,
            0.00403494220916481,
            0.03176280748695584,
            0.41619114764132753
        ],
        [
            0.013790747915522816,
            0.12323624475600395,
            0.002050130055863684,
            0.016544836285450663,
            0.0002903282110515798,
            0.12103870688976982,
            0.3074873484905877,
            -0.004490987722738119,
            0.15877695903717176,
            -0.016838224033006218,
            0.5070406246227219,
            0.5413321619487739,
            0.064586435623957,
            0.5084202981477245,
            -0.022543112237521024,
            0.9999999999999999,
            0.6848602514927513,
            0.0,
            0.0,
            0.0
        ],
        [
            0.12323624475600398,
            0.34248522727186964,
            0.011842966383222504,
            0.09557439508976226,
            0.0016771361571675883,
            0.3074873484905877,
            0.6068388177070246,
            -0.0049249039560289014,
            0.17411788273864434,
            -0.018465121989265573,
            0.5413321619487739,
            0.8636914465231982,
            0.021862320146906186,
            0.17209878854451108,
            -0.00763077776444924,
            0.6848602514927513,
            1.0000000000000002,
            0.0,
            0.0,
            0.0
        ],
        [
            -0.002050130055863684,
            -0.011842966383222502,
            0.001360703378734248,
            -0.002627242905694591,
            -4.610276702943439e-05,
            0.004490987722738111,
            0.004924903956028901,
            0.050732001090523574,
            0.008480425200480595,
            -0.000899345221666663,
            -0.06458643562395701,
            -0.02186232014690618,
            0.4060393108588503,
            -0.09100103390240669,
            0.00403494220916481,
            0.0,
            0.0,
            1.0000000000000004,
            0.0,
            0.0
        ],
        [
            -0.01654483628545066,
            -0.09557439508976225,
            -0.002627242905694591,
            -0.019515963221248548,
            -0.0003720557779379152,
            -0.15877695903717176,
            -0.17411788273864412,
            0.00848042520048058,
            -0.24884995375633268,
            0.03179596744338966,
            -0.5084202981477246,
            -0.17209878854451108,
            -0.0910010339024068,
            -0.29875483423898797,
            0.03176280748695584,
            0.0,
            0.0,
            0.0,
            1.0000000000000004,
            0.0
        ],
        [
            -0.0002903282110515798,
            -0.0016771361571675835,
            -4.610276702943443e-05,
            -0.0003720557779379155,
            0.0016797256564729864,
            0.016838224033006218,
            0.018465121989265563,
            -0.000899345221666662,
            0.03179596744338968,
            0.047599921091544733,
            0.02254311223752103,
            0.00763077776444924,
            0.00403494220916481,
            0.031762807486955806,
            0.41619114764132753,
            0.0,
            0.0,
            0.0,
            0.0,
            1.0000000000000004
        ]
    ],
    "h": [
        [
            -0.2678327649344199,
            -0.4694439384193565,
            -0.10820506631393448,
            -0.2551195216523229,
            -0.06805667656040418,
            -0.5821473783089075,
            -0.46249558367694155,
            0.03432910664965211,
            0.018087858974454196,
            0.021940996242883926,
            -0.30007925731657015,
            -0.3383177546772408,
            -0.011090392020930373,
            0.33848456221462575,
            -0.020816982582570386,
            -0.014356146676922171,
            -0.14107724391683402,
            0.004838195998634312,
            0.07389071882958373,
            -0.002759154455959038
        ],
        [
            -0.4694439384193565,
            -0.3217627663599658,
            -0.0910987705988886,
            -0.2255637936051012,
            -0.056946272704699034,
            -0.5503340216452633,
            -0.3764688059415684,
            0.10819099339191722,
            0.0677047899782991,
            0.07294290323635227,
            -0.3759510560793012,
            -0.330395271899931,
            -0.03419084934570098,
            0.2127735796027333,
            -0.02771595820143925,
            -0.14006830734039105,
            -0.2024341664078384,
            0.010049672213274564,
            0.12241756819469307,
            -0.006595221551370205
        ],
        [
            -0.10820506631393448,
            -0.0910987705988886,
            1.4309206005707267,
            -0.09295783918903563,
            -0.025643924365048247,
            -0.02662534069468575,
            -0.08397678735035051,
            0.20393190650475962,
            -0.3547358967388075,
            -0.09446029753322888,
            -0.07132987777015823,
            -0.07169690866463103,
            -0.053739037148571284,
            0.07583026076908159,
            -0.009447802631196482,
            -0.01068020831359906,
            -0.03454039726207964,
            -0.004030651425842352,
            0.01842701994060985,
            -0.0005961817660570476
        ],
        [
            -0.2551195216523229,
            -0.2255637936051012,
            -0.09295783918903563,
            1.241607664443765,
            -0.05783952615600323,
            -0.1076437981358167,
            -0.22432092017361493,
            -0.31676076236399175,
            -0.4581779246522296,
            -0.19577486404344036,
            -0.2603946795289249,
            -0.19120712211448543,
            -0.04176119971699305,
            0.07613826169401483,
            -0.03239359682262208,
            -0.07644814060689002,
            -0.12291165206935162,
            0.010287134990047523,
            0.10044824508283173,
            -0.0019068513691366615
        ],
        [
            -0.06805667656040418,
            -0.056946272704699034,
            -0.025643924365048247,
            -0.05783952615600323,
            1.4556459442394358,
            -0.01558402823679228,
            -0.051893320461577686,
            -0.09535444834550849,
            -0.22167642240260094,
            0.29519303172261335,
            -0.041431768397726554,
            -0.044130751975966276,
            -0.005582703545308996,
            0.049599104426463904,
            -0.04941717615381683,
            -0.003620346662807309,
            -0.019548307792489825,
            0.0003931158811127846,
            0.007114355339492652,
            -0.005796724146838341
        ],
        [
            -0.5821473783089075,
            -0.5503340216452633,
            -0.02662534069468575,
            -0.1076437981358167,
            -0.01558402823679228,
            -0.4787780368692869,
            -0.6145593473370601,
            0.15636323121810797,
            -0.02251486753430601,
            0.10971336945698809,
            -0.5804016751793959,
            -0.5471853431960564,
            -0.0004815555720288911,
            0.07370821084102008,
            0.0013987727586412535,
            -0.2499136548482004,
            -0.3461107711536534,
            0.01180361700374773,
            0.24979171270239814,
            -0.018687775873255798
        ],
        [
            -0.46249558367694155,
            -0.3764688059415684,
            -0.08397678735035051,
            -0.22432092017361493,
            -0.051893320461577686,
            -0.6145593473370601,
            -0.4393865476872285,
            0.12456009860173912,
            -0.037521767144187854,
            0.08892080523072332,
            -0.5427941315844379,
            -0.42629849313897683,
            -0.048985241625857365,
            0.15785728778222446,
            -0.028544246750470445,
            -0.3051932234940181,
            -0.31225945279632505,
            0.018271855083551905,
            0.18438281575656046,
            -0.010335259917541403
        ],
        [
            0.03432910664965211,
            0.10819099339191722,
            0.20393190650475962,
            -0.31676076236399175,
            -0.09535444834550849,
            0.15636323121810797,
            0.12456009860173912,
            1.3325915892430344,
            -0.039179333476511376,
            -0.03537602343106602,
            0.030391444006957924,
            0.09261783882619044,
            0.4025948995499109,
            0.1466453289890215,
            -0.03308976418528006,
            0.023779416121970404,
            0.048638114341710365,
            -0.048812814406719265,
            -0.036580193840682604,
            0.002393683428957832
        ],
        [
            0.018087858974454196,
            0.0677047899782991,
            -0.3547358967388075,
            -0.4581779246522296,
            -0.22167642240260094,
            -0.02251486753430601,
            -0.037521767144187854,
            -0.039179333476511376,
            0.8669562789548164,
            -0.008668184893748578,
            -0.03841402050057363,
            -0.14020855251530667,
            0.1768517271537693,
            -0.6406314894139342,
            0.16730390991029948,
            -0.3124306355460372,
            -0.20049358390795016,
            0.020328662014918966,
            0.1801326923938089,
            -0.013920337835782323
        ],
        [
            0.021940996242883926,
            0.07294290323635227,
            -0.09446029753322888,
            -0.19577486404344036,
            0.29519303172261335,
            0.10971336945698809,
            0.08892080523072332,
            -0.03537602343106602,
            -0.008668184893748578,
            1.360758644509644,
            0.02584781859516072,
            0.07134737174484612,
            -0.03352079032319521,
            0.1396047177279184,
            0.41488250177042607,
            0.03463090440923737,
            0.043053699004697535,
            -0.002845605094616485,
            -0.03651745866955032,
            -0.04394946676165343
        ],
        [
            -0.30007925731657015,
            -0.3759510560793012,
            -0.07132987777015823,
            -0.2603946795289249,
            -0.041431768397726554,
            -0.5804016751793959,
            -0.5427941315844379,
            0.030391444006957924,
            -0.03841402050057363,
            0.02584781859516072,
            -0.4596266685996011,
            -0.6127766892886696,
            -0.08151374108934184,
            0.02825493798194001,
            -0.03389830903737357,
            -0.5454251883167877,
            -0.531240951331265,
            0.002540246302862273,
            0.09185870689651998,
            -0.008185397990763267
        ],
        [
            -0.3383177546772408,
            -0.330395271899931,
            -0.07169690866463103,
            -0.19120712211448543,
            -0.044130751975966276,
            -0.5471853431960564,
            -0.42629849313897683,
            0.09261783882619044,
            -0.14020855251530667,
            0.07134737174484612,
            -0.6127766892886696,
            -0.447121688440433,
            -0.06347246255249864,
            0.03922674458642491,
            -0.0260649111652732,
            -0.4395910829478742,
            -0.36613321893721484,
            0.020822505320731433,
            0.22060177261128167,
            -0.013074552100359453
        ],
        [
            -0.011090392020930373,
            -0.03419084934570098,
            -0.053739037148571284,
            -0.04176119971699305,
            -0.005582703545308996,
            -0.0004815555720288911,
            -0.048985241625857365,
            0.4025948995499109,
            0.1768517271537693,
            -0.03352079032319521,
            -0.08151374108934184,
            -0.06347246255249864,
            1.3803122887799024,
            0.016677525325260786,
            -0.00818543851766773,
            -0.019214401669487485,
            -0.04862057798176757,
            0.308200163304964,
            -0.10580377436295008,
            0.003917731160309699
        ],
        [
            0.33848456221462575,
            0.2127735796027333,
            0.07583026076908159,
            0.07613826169401483,
            0.049599104426463904,
            0.07370821084102008,
            0.15785728778222446,
            0.1466453289890215,
            -0.6406314894139342,
            0.1396047177279184,
            0.02825493798194001,
            0.03922674458642491,
            0.016677525325260786,
            0.8135283870338337,
            0.05559537393341771,
            -0.03954952380123544,
            -0.09192599628894213,
            -0.1237989770386751,
            -0.6748268309947074,
            0.044820186449921376
        ],
        [
            -0.020816982582570386,
            -0.02771595820143925,
            -0.009447802631196482,
            -0.03239359682262208,
            -0.04941717615381683,
            0.0013987727586412535,
            -0.028544246750470445,
            -0.03308976418528006,
            0.16730390991029948,
            0.41488250177042607,
            -0.03389830903737357,
            -0.0260649111652732,
            -0.00818543851766773,
            0.05559537393341771,
            1.3874230532937397,
            -0.006623037582809396,
            -0.011115492369559764,
            0.005764441008777528,
            0.052917598727228704,
            0.3207375193582257
        ],
        [
            -0.014356146676922171,
            -0.14006830734039105,
            -0.01068020831359906,
            -0.07644814060689002,
            -0.003620346662807309,
            -0.2499136548482004,
            -0.3051932234940181,
            0.023779416121970404,
            -0.3124306355460372,
            0.03463090440923737,
            -0.5454251883167877,
            -0.4395910829478742,
            -0.019214401669487485,
            -0.03954952380123544,
            -0.006623037582809396,
            -0.2343129466720304,
            -0.4529586910009794,
            0.02923929111764369,
            0.2592547154305233,
            -0.013641330372970554
        ],
        [
            -0.14107724391683402,
            -0.2024341664078384,
            -0.03454039726207964,
            -0.12291165206935162,
            -0.019548307792489825,
            -0.3461107711536534,
            -0.31225945279632505,
            0.048638114341710365,
            -0.20049358390795016,
            0.043053699004697535,
            -0.531240951331265,
            -0.36613321893721484,
            -0.04862057798176757,
            -0.09192599628894213,
            -0.011115492369559764,
            -0.4529586910009794,
            -0.3093226730164016,
            0.02443942436903967,
            0.2307413379386193,
            -0.012762421146019404
        ],
        [
            0.004838195998634312,
            0.010049672213274564,
            -0.004030651425842352,
            0.010287134990047523,
            0.0003931158811127846,
            0.01180361700374773,
            0.018271855083551905,
            -0.048812814406719265,
            0.020328662014918966,
            -0.002845605094616485,
            0.002540246302862273,
            0.020822505320731433,
            0.308200163304964,
            -0.1237989770386751,
            0.005764441008777528,
            0.02923929111764369,
            0.02443942436903967,
            1.4927695721925447,
            -0.028049964195661213,
            0.001163362915738475
        ],
        [
            0.07389071882958373,
            0.12241756819469307,
            0.01842701994060985,
            0.10044824508283173,
            0.007114355339492652,
            0.24979171270239814,
            0.18438281575656046,
            -0.036580193840682604,
            0.1801326923938089,
            -0.03651745866955032,
            0.09185870689651998,
            0.22060177261128167,
            -0.10580377436295008,
            -0.6748268309947074,
            0.052917598727228704,
            0.2592547154305233,
            0.2307413379386193,
            -0.028049964195661213,
            1.244434374359709,
            0.013013080446230806
        ],
        [
            -0.002759154455959038,
            -0.006595221551370205,
            -0.0005961817660570476,
            -0.0019068513691366615,
            -0.005796724146838341,
            -0.018687775873255798,
            -0.010335259917541403,
            0.002393683428957832,
            -0.013920337835782323,
            -0.04394946676165343,
            -0.008185397990763267,
            -0.013074552100359453,
            0.003917731160309699,
            0.044820186449921376,
            0.3207375193582257,
            -0.013641330372970554,
            -0.012762421146019404,
            0.001163362915738475,
            0.013013080446230806,
            1.4957183526187836
        ]
    ]
}