{
    "HF": -2.1167573785554965,
    "coordinates": [
        [
            0.813561,
            -0.17663,
            0.178665
        ],
        [
            1.489656,
            -0.190823,
            0.176848
        ],
        [
            2.174561,
            -0.163075,
            0.064797
        ],
        [
            2.985616,
            -0.08931,
            -0.019985
        ]
    ],
    "elements": [
        "H",
        "H",
        "H",
        "H"
    ],
    "Enn": 3.1704742573392948,
    "S": [
        [
            0.9999999999999999,
            0.6848602514927513,
            0.0,
            0.0,
            0.0,
            0.6225011789114295,
            0.5836575668756253,
            0.0014728708942191942,
            -0.54804658625599,
            0.011504929334976963,
            0.1746832409455705,
            0.35693558334901554,
            0.01881378826702802,
            -0.22487060307922466,
            -0.0022396186809249675,
            0.015626507196313998,
            0.13001834242511462,
            0.0017396991640944144,
            -0.019022009906202335,
            -0.0007647144777685593
        ],
        [
            0.6848602514927513,
            1.0000000000000002,
            0.0,
            0.0,
            0.0,
            0.5836575668756253,
            0.9051831981037982,
            0.00041688286536646494,
            -0.15511965925147472,
            0.003256366817911958,
            0.35693558334901554,
            0.6660671977600279,
            0.015449360454723744,
            -0.18465749445743335,
            -0.0018391126652244655,
            0.13001834242511462,
            0.3541751020333639,
            0.009137561878318235,
            -0.09991083295046826,
            -0.004016571372840416
        ],
        [
            0.0,
            0.0,
            1.0000000000000004,
            0.0,
            0.0,
            -0.0014728708942191942,
            -0.000416882865366418,
            0.5523168295051029,
            0.0017615168244195594,
            -3.6978839200092797e-05,
            -0.01881378826702802,
            -0.01544936045472374,
            0.08579665475945966,
            0.03572178127704355,
            0.00035577424335806373,
            -0.0017396991640944127,
            -0.009137561878318235,
            0.0018485950857762402,
            0.0023071422350428024,
            9.275071762176256e-05
        ],
        [
            0.0,
            0.0,
            0.0,
            1.0000000000000004,
            0.0,
            0.54804658625599,
            0.15511965925147433,
            0.0017615168244195021,
            -0.10312847352965442,
            0.013759608304340537,
            0.22487060307922457,
            0.1846574944574333,
            0.03572178127704355,
            -0.338176994142171,
            -0.004252368929025933,
            0.019022009906202317,
            0.09991083295046826,
            0.0023071422350428024,
            -0.023166878080463763,
            -0.0010141437702690032
        ],
        [
            0.0,
            0.0,
            0.0,
            0.0,
            1.0000000000000004,
            -0.011504929334976963,
            -0.0032563668179119575,
            -3.697883920009175e-05,
            0.013759608304340592,
            0.5520327134495286,
            0.0022396186809249675,
            0.001839112665224465,
            0.00035577424335806373,
            -0.004252368929025933,
            0.08874296403912275,
            0.0007647144777685583,
            0.004016571372840411,
            9.27507176217626e-05,
            -0.0010141437702690034,
            0.0020188296198793655
        ],
        [
            0.6225011789114295,
            0.5836575668756253,
            -0.0014728708942191942,
            0.54804658625599,
            -0.011504929334976963,
            0.9999999999999999,
            0.6848602514927513,
            0.0,
            0.0,
            0.0,
            0.6075585635658387,
            0.5785570421814203,
            0.0880906822164921,
            -0.5384489982551385,
            -0.0218145331156636,
            0.121663131692507,
            0.3081356336994312,
            0.020893409946403117,
            -0.158793015111395,
            -0.010775391950990023
        ],
        [
            0.5836575668756253,
            0.9051831981037982,
            -0.00041688286536641805,
            0.15511965925147453,
            -0.003256366817911958,
            0.6848602514927513,
            1.0000000000000002,
            0.0,
            0.0,
            0.0,
            0.5785570421814203,
            0.9002453062051236,
            0.02546867569571003,
            -0.15567574878734045,
            -0.006306992469541207,
            0.3081356336994311,
            0.6076377151245518,
            0.022820205338719472,
            -0.17343694593137707,
            -0.011769101240896742
        ],
        [
            0.0014728708942191942,
            0.0004168828653664649,
            0.5523168295051029,
            0.0017615168244195026,
            -3.697883920009176e-05,
            0.0,
            0.0,
            1.0000000000000004,
            0.0,
            0.0,
            -0.08809068221649209,
            -0.02546867569571,
            0.5171821799943513,
            0.10651575958417808,
            0.004315341977269501,
            -0.020893409946403107,
            -0.02282020533871947,
            0.04620575438458895,
            0.03927221435245185,
            0.0026649377627479647
        ],
        [
            -0.54804658625599,
            -0.15511965925147433,
            0.001761516824419559,
            -0.10312847352965442,
            0.013759608304340592,
            0.0,
            0.0,
            0.0,
            1.0000000000000004,
            0.0,
            0.5384489982551385,
            0.15567574878734042,
            0.10651575958417808,
            -0.11646293323240356,
            -0.02637726835942355,
            0.1587930151113949,
            0.1734369459313772,
            0.03927221435245185,
            -0.24710160493034283,
            -0.02025392233802485
        ],
        [
            0.011504929334976963,
            0.0032563668179119575,
            -3.697883920009279e-05,
            0.013759608304340537,
            0.5520327134495286,
            0.0,
            0.0,
            0.0,
            0.0,
            1.0000000000000004,
            0.0218145331156636,
            0.006306992469541205,
            0.00431534197726951,
            -0.0263772683594236,
            0.5335396031913341,
            0.010775391950990023,
            0.011769101240896739,
            0.002664937762747964,
            -0.02025392233802484,
            0.049998657503212605
        ],
        [
            0.1746832409455705,
            0.35693558334901554,
            -0.01881378826702802,
            0.22487060307922466,
            0.0022396186809249675,
            0.6075585635658387,
            0.5785570421814203,
            -0.08809068221649213,
            0.5384489982551385,
            0.0218145331156636,
            0.9999999999999999,
            0.6848602514927513,
            0.0,
            0.0,
            0.0,
            0.5081209008781475,
            0.5417617889326067,
            0.05317151172411001,
            -0.5086577391592321,
            -0.04626213774538199
        ],
        [
            0.35693558334901554,
            0.6660671977600279,
            -0.015449360454723744,
            0.18465749445743335,
            0.0018391126652244655,
            0.5785570421814203,
            0.9002453062051236,
            -0.025468675695710007,
            0.15567574878734045,
            0.006306992469541207,
            0.6848602514927513,
            1.0000000000000002,
            0.0,
            0.0,
            0.0,
            0.5417617889326067,
            0.8641186850826735,
            0.017965173222744685,
            -0.17186128621845656,
            -0.015630688150500845
        ],
        [
            0.01881378826702802,
            0.01544936045472374,
            0.08579665475945966,
            0.03572178127704355,
            0.00035577424335806373,
            0.08809068221649209,
            0.025468675695710024,
            0.5171821799943513,
            0.10651575958417808,
            0.00431534197726951,
            0.0,
            0.0,
            1.0000000000000004,
            0.0,
            0.0,
            -0.05317151172411001,
            -0.017965173222744678,
            0.4110160677052286,
            0.07476975125791058,
            0.006800267184765249
        ],
        [
            -0.22487060307922457,
            -0.1846574944574333,
            0.03572178127704355,
            -0.338176994142171,
            -0.004252368929025933,
            -0.5384489982551385,
            -0.15567574878734042,
            0.10651575958417808,
            -0.11646293323240356,
            -0.0263772683594236,
            0.0,
            0.0,
            0.0,
            1.0000000000000004,
            0.0,
            0.5086577391592321,
            0.17186128621845653,
            0.07476975125791066,
            -0.29644226691336817,
            -0.06505379327616452
        ],
        [
            -0.0022396186809249675,
            -0.001839112665224465,
            0.00035577424335806373,
            -0.004252368929025933,
            0.08874296403912275,
            -0.0218145331156636,
            -0.006306992469541205,
            0.004315341977269501,
            -0.02637726835942355,
            0.5335396031913341,
            0.0,
            0.0,
            0.0,
            0.0,
            1.0000000000000004,
            0.046262137745382,
            0.01563068815050082,
            0.006800267184765251,
            -0.06505379327616446,
            0.412915366754161
        ],
        [
            0.015626507196313998,
            0.13001834242511462,
            -0.0017396991640944144,
            0.019022009906202335,
            0.000764714477768559,
            0.121663131692507,
            0.3081356336994312,
            -0.020893409946403117,
            0.158793015111395,
            0.010775391950990027,
            0.5081209008781475,
            0.5417617889326067,
            -0.05317151172411001,
            0.5086577391592321,
            0.046262137745382,
            0.9999999999999999,
            0.6848602514927513,
            0.0,
            0.0,
            0.0
        ],
        [
            0.13001834242511462,
            0.3541751020333639,
            -0.009137561878318235,
            0.09991083295046826,
            0.004016571372840411,
            0.3081356336994311,
            0.6076377151245518,
            -0.022820205338719476,
            0.17343694593137726,
            0.011769101240896742,
            0.5417617889326067,
            0.8641186850826735,
            -0.01796517322274469,
            0.17186128621845656,
            0.01563068815050082,
            0.6848602514927513,
            1.0000000000000002,
            0.0,
            0.0,
            0.0
        ],
        [
            0.0017396991640944127,
            0.009137561878318236,
            0.0018485950857762402,
            0.0023071422350428024,
            9.27507176217626e-05,
            0.020893409946403107,
            0.022820205338719462,
            0.04620575438458895,
            0.03927221435245185,
            0.002664937762747964,
            0.05317151172411001,
            0.017965173222744674,
            0.4110160677052286,
            0.07476975125791066,
            0.006800267184765251,
            0.0,
            0.0,
            1.0000000000000004,
            0.0,
            0.0
        ],
        [
            -0.019022009906202317,
            -0.09991083295046826,
            0.0023071422350428024,
            -0.023166878080463763,
            -0.0010141437702690034,
            -0.1587930151113949,
            -0.17343694593137704,
            0.03927221435245185,
            -0.24710160493034283,
            -0.02025392233802484,
            -0.5086577391592321,
            -0.17186128621845653,
            0.07476975125791058,
            -0.29644226691336817,
            -0.06505379327616446,
            0.0,
            0.0,
            0.0,
            1.0000000000000004,
            0.0
        ],
        [
            -0.0007647144777685583,
            -0.004016571372840416,
            9.275071762176256e-05,
            -0.0010141437702690032,
            0.0020188296198793655,
            -0.01077539195099002,
            -0.011769101240896739,
            0.0026649377627479647,
            -0.02025392233802485,
            0.049998657503212605,
            -0.04626213774538198,
            -0.01563068815050082,
            0.006800267184765249,
            -0.06505379327616452,
            0.412915366754161,
            0.0,
            0.0,
            0.0,
            0.0,
            1.0000000000000004
        ]
    ],
    "h": [
        [
            -0.3410594687820787,
            -0.4977081698550655,
            0.002708818187944651,
            -0.3464480364760782,
            0.006993042340725212,
            -0.6508565564325345,
            -0.495881340059521,
            0.007411187937600748,
            -0.011161010661906556,
            -0.001548710026342874,
            -0.3343794157783382,
            -0.3637887437568297,
            -0.047264465963893866,
            0.3787462116395756,
            0.011370732313478255,
            -0.020529113366392474,
            -0.15477292882857407,
            -0.008685768831776183,
            0.08026427738171926,
            0.004559086640445147
        ],
        [
            -0.4977081698550655,
            -0.32338758404013324,
            0.0036509497892368795,
            -0.27826917531853657,
            0.00503256587347564,
            -0.5872079559417622,
            -0.37573627613353255,
            0.020040343385963687,
            0.1031648823941026,
            -0.009673455310788899,
            -0.39008891889135183,
            -0.3331741197599596,
            -0.03342341670135851,
            0.22352433342656786,
            0.005493374948029138,
            -0.14803612716648942,
            -0.20728148335715757,
            -0.013647609005026947,
            0.12374940303009399,
            0.009702990434874584
        ],
        [
            0.002708818187944651,
            0.0036509497892368795,
            1.4535813985812414,
            0.004110455569526111,
            1.4334539998626694e-05,
            0.0065560739403650835,
            0.005545664413407918,
            0.5154043172607041,
            0.007158734373735446,
            0.0002729356105889992,
            0.013365601738736979,
            0.004981798487467659,
            -0.04494866950651594,
            0.007248484649326661,
            -2.9287811673601614e-05,
            0.007334782021822563,
            0.0064187335703229445,
            -0.005595819951086758,
            -0.009168890661608559,
            -0.0005034293528869224
        ],
        [
            -0.3464480364760782,
            -0.27826917531853657,
            0.004110455569526111,
            1.110187870246509,
            0.006137562944780406,
            -0.10026604490485425,
            -0.2769913265387238,
            0.0178561384274489,
            -0.5105925439905884,
            0.01595785743785029,
            -0.30595755105975775,
            -0.23364338217609087,
            -0.030813450673486148,
            0.10898417494726487,
            0.007955102531082897,
            -0.08590105979323313,
            -0.14352250414925075,
            -0.012204713857975537,
            0.11366445956419563,
            0.0067485946783358425
        ],
        [
            0.006993042340725212,
            0.00503256587347564,
            1.4334539998626694e-05,
            0.006137562944780406,
            1.4537244536743799,
            5.721033123282093e-08,
            0.004193768524435466,
            3.311117461321918e-05,
            0.01953815500022502,
            0.516015097722996,
            0.0014745972537885165,
            0.0032765738761353345,
            0.0007580263250800236,
            -0.00648978383935157,
            -0.04501608095711648,
            -0.0020699049501227305,
            0.00015390824749385128,
            -0.0002667030375788062,
            0.002838308340104569,
            -0.006359198407535554
        ],
        [
            -0.6508565564325345,
            -0.5872079559417622,
            0.0065560739403650835,
            -0.10026604490485425,
            5.721033123282093e-08,
            -0.56234760280487,
            -0.6466124335890336,
            0.04250162773193741,
            0.05295833734785822,
            -0.017268268351861536,
            -0.5959450242032407,
            -0.5647215988215695,
            -0.008166669571319701,
            0.0859523631339234,
            -0.0016559505530400406,
            -0.24987489193557955,
            -0.3516084905776198,
            -0.029562027258663765,
            0.2507895861393308,
            0.019624263051717217
        ],
        [
            -0.495881340059521,
            -0.37573627613353255,
            0.005545664413407918,
            -0.2769913265387238,
            0.004193768524435466,
            -0.6466124335890336,
            -0.4408160618690329,
            0.03585991628321862,
            0.002024188580732042,
            -0.014338198905481946,
            -0.546458604215033,
            -0.4224121868615376,
            -0.02843507037549664,
            0.1672592990905003,
            -0.000546421778026631,
            -0.30548591260645996,
            -0.31042644723833535,
            -0.019870039893351107,
            0.1823609464333683,
            0.01599038555887739
        ],
        [
            0.007411187937600748,
            0.020040343385963687,
            0.5154043172607041,
            0.0178561384274489,
            3.311117461321918e-05,
            0.04250162773193741,
            0.03585991628321862,
            1.358472462852448,
            0.05359650732649508,
            0.002157133856448995,
            0.011523491548293546,
            0.04030164717369303,
            0.4533267951273745,
            0.1645905890341741,
            0.007305257413464775,
            0.04394743590413901,
            0.036299938203863916,
            -0.04240065047875459,
            -0.03628923546017204,
            -0.0031257911627870887
        ],
        [
            -0.011161010661906556,
            0.1031648823941026,
            0.007158734373735446,
            -0.5105925439905884,
            0.01953815500022502,
            0.05295833734785822,
            0.002024188580732042,
            0.05359650732649508,
            0.7150199878361851,
            -0.00790008697548064,
            -0.016390842918850623,
            -0.12223448071509596,
            0.17648097660413628,
            -0.6693156975075423,
            -0.04934871359787578,
            -0.3204422300170352,
            -0.19945820314265753,
            -0.025715774089907606,
            0.18535688742751982,
            0.020356300018047786
        ],
        [
            -0.001548710026342874,
            -0.009673455310788899,
            0.0002729356105889992,
            0.01595785743785029,
            0.516015097722996,
            -0.017268268351861536,
            -0.014338198905481946,
            0.002157133856448995,
            -0.00790008697548064,
            1.366008265784299,
            -0.006508404120877262,
            -0.014363280413838707,
            0.006404728194917993,
            -0.0398947514927391,
            0.4777693494709593,
            -0.015622959909350916,
            -0.011490258566336412,
            -0.001276334615648021,
            0.01151762310659539,
            -0.0454546765118663
        ],
        [
            -0.3343794157783382,
            -0.39008891889135183,
            0.013365601738736979,
            -0.30595755105975775,
            0.0014745972537885165,
            -0.5959450242032407,
            -0.546458604215033,
            0.011523491548293546,
            -0.016390842918850623,
            -0.006508404120877262,
            -0.46692216456843894,
            -0.6143387662169462,
            -0.01961583157330675,
            0.04185961815341262,
            -0.010643616647292955,
            -0.5450968444059636,
            -0.5312709845029306,
            -0.010850409200764105,
            0.08824386856405664,
            0.007115097870757009
        ],
        [
            -0.3637887437568297,
            -0.3331741197599596,
            0.004981798487467659,
            -0.23364338217609087,
            0.0032765738761353345,
            -0.5647215988215695,
            -0.4224121868615376,
            0.04030164717369303,
            -0.12223448071509596,
            -0.014363280413838707,
            -0.6143387662169462,
            -0.442461446778579,
            -0.016257763262599145,
            0.045570201116880156,
            -0.008844669094650048,
            -0.4387793540199628,
            -0.36281030457931673,
            -0.02404885333483972,
            0.21815135716535172,
            0.019182470987112666
        ],
        [
            -0.047264465963893866,
            -0.03342341670135851,
            -0.04494866950651594,
            -0.030813450673486148,
            0.0007580263250800236,
            -0.008166669571319701,
            -0.02843507037549664,
            0.4533267951273745,
            0.17648097660413628,
            0.006404728194917993,
            -0.01961583157330675,
            -0.016257763262599145,
            1.3852508071796532,
            0.0795997644884588,
            0.004342027691453217,
            0.0012000260543382074,
            0.002964062479424708,
            0.3157197159249324,
            0.1082727537782231,
            0.009691195562429306
        ],
        [
            0.3787462116395756,
            0.22352433342656786,
            0.007248484649326661,
            0.10898417494726487,
            -0.00648978383935157,
            0.0859523631339234,
            0.1672592990905003,
            0.1645905890341741,
            -0.6693156975075423,
            -0.0398947514927391,
            0.04185961815341262,
            0.045570201116880156,
            0.0795997644884588,
            0.785307518105341,
            -0.03544598955606366,
            -0.038980562454906664,
            -0.09046804688573362,
            0.10492613042030957,
            -0.673103682149833,
            -0.09000264226995187
        ],
        [
            0.011370732313478255,
            0.005493374948029138,
            -2.9287811673601614e-05,
            0.007955102531082897,
            -0.04501608095711648,
            -0.0016559505530400406,
            -0.000546421778026631,
            0.007305257413464775,
            -0.04934871359787578,
            0.4777693494709593,
            -0.010643616647292955,
            -0.008844669094650048,
            0.004342027691453217,
            -0.03544598955606366,
            1.3936993616505027,
            -0.0033613583461269553,
            -0.013431513233079423,
            0.00918691782947006,
            -0.08813030871180276,
            0.3191426209902085
        ],
        [
            -0.020529113366392474,
            -0.14803612716648942,
            0.007334782021822563,
            -0.08590105979323313,
            -0.0020699049501227305,
            -0.24987489193557955,
            -0.30548591260645996,
            0.04394743590413901,
            -0.3204422300170352,
            -0.015622959909350916,
            -0.5450968444059636,
            -0.4387793540199628,
            0.0012000260543382074,
            -0.038980562454906664,
            -0.0033613583461269553,
            -0.23192241425163362,
            -0.4515783754992193,
            -0.027904807130339077,
            0.259704443456918,
            0.02363931949715734
        ],
        [
            -0.15477292882857407,
            -0.20728148335715757,
            0.0064187335703229445,
            -0.14352250414925075,
            0.00015390824749385128,
            -0.3516084905776198,
            -0.31042644723833535,
            0.036299938203863916,
            -0.19945820314265753,
            -0.011490258566336412,
            -0.5312709845029306,
            -0.36281030457931673,
            0.002964062479424708,
            -0.09046804688573362,
            -0.013431513233079423,
            -0.4515783754992193,
            -0.3061787051833158,
            -0.02495366333792378,
            0.2300923724070854,
            0.020725400902420442
        ],
        [
            -0.008685768831776183,
            -0.013647609005026947,
            -0.005595819951086758,
            -0.012204713857975537,
            -0.0002667030375788062,
            -0.029562027258663765,
            -0.019870039893351107,
            -0.04240065047875459,
            -0.025715774089907606,
            -0.001276334615648021,
            -0.010850409200764105,
            -0.02404885333483972,
            0.3157197159249324,
            0.10492613042030957,
            0.00918691782947006,
            -0.027904807130339077,
            -0.02495366333792378,
            1.4983332108319165,
            0.026961610630501967,
            0.0024057219263524054
        ],
        [
            0.08026427738171926,
            0.12374940303009399,
            -0.009168890661608559,
            0.11366445956419563,
            0.002838308340104569,
            0.2507895861393308,
            0.1823609464333683,
            -0.03628923546017204,
            0.18535688742751982,
            0.01151762310659539,
            0.08824386856405664,
            0.21815135716535172,
            0.1082727537782231,
            -0.673103682149833,
            -0.08813030871180276,
            0.259704443456918,
            0.2300923724070854,
            0.026961610630501967,
            1.2500307914948365,
            -0.022516320479051055
        ],
        [
            0.004559086640445147,
            0.009702990434874584,
            -0.0005034293528869224,
            0.0067485946783358425,
            -0.006359198407535554,
            0.019624263051717217,
            0.01599038555887739,
            -0.0031257911627870887,
            0.020356300018047786,
            -0.0454546765118663,
            0.007115097870757009,
            0.019182470987112666,
            0.009691195562429306,
            -0.09000264226995187,
            0.3191426209902085,
            0.02363931949715734,
            0.020725400902420442,
            0.0024057219263524054,
            -0.022516320479051055,
            1.4992213335505131
        ]
    ]
}