{
    "HF": -2.129124678072325,
    "coordinates": [
        [
            0.749308,
            0.121034,
            -0.102897
        ],
        [
            1.490344,
            0.045102,
            -0.082933
        ],
        [
            2.16537,
            -0.018867,
            0.162063
        ],
        [
            2.860483,
            -0.178888,
            -0.13933
        ]
    ],
    "elements": [
        "H",
        "H",
        "H",
        "H"
    ],
    "Enn": 3.1220797788754644,
    "S": [
        [
            0.9999999999999999,
            0.6848602514927513,
            0.0,
            0.0,
            0.0,
            0.5665393916914694,
            0.564006037621493,
            -0.014369169702340671,
            -0.5333636565589924,
            0.05465236394701125,
            0.14335386110801185,
            0.3294683964938987,
            -0.0343615332639635,
            -0.18364304618370575,
            0.018143164497138282,
            0.01863390662969747,
            0.14018909958978196,
            0.00039550024449021417,
            -0.0229179652694433,
            0.0032558181958113244
        ],
        [
            0.6848602514927513,
            1.0000000000000002,
            0.0,
            0.0,
            0.0,
            0.564006037621493,
            0.8860663522213013,
            -0.004416013974332632,
            -0.16391631594287456,
            0.016796071583802096,
            0.32946839649389875,
            0.6335819656263667,
            -0.0329989060763839,
            -0.17636057116672843,
            0.017423686439433074,
            0.14018909958978196,
            0.3712841767698417,
            0.001816875693210238,
            -0.10528209429948437,
            0.014956797180001626
        ],
        [
            0.0,
            0.0,
            1.0000000000000004,
            0.0,
            0.0,
            0.014369169702340668,
            0.00441601397433263,
            0.4858485168502342,
            -0.01867968311902427,
            0.0019140577496825398,
            0.034361533263963503,
            0.0329989060763839,
            0.053895760595272416,
            -0.06419990804971995,
            0.006342682266782013,
            -0.00039550024449021417,
            -0.0018168756932102328,
            0.0027187823480137726,
            0.0005447847491661212,
            -7.739430958561055e-05
        ],
        [
            0.0,
            0.0,
            0.0,
            1.0000000000000004,
            0.0,
            0.5333636565589926,
            0.1639163159428747,
            -0.01867968311902426,
            -0.2070121782088229,
            0.07104716983539125,
            0.1836430461837057,
            0.17636057116672826,
            -0.06419990804971987,
            -0.27720412294049795,
            0.03389806512705261,
            0.02291796526944329,
            0.10528209429948433,
            0.0005447847491661209,
            -0.02884033765752971,
            0.004484750954887085
        ],
        [
            0.0,
            0.0,
            0.0,
            0.0,
            1.0000000000000004,
            -0.05465236394701123,
            -0.01679607158380209,
            0.0019140577496825398,
            0.07104716983539126,
            0.47907174418851095,
            -0.018143164497138275,
            -0.017423686439433057,
            0.006342682266782007,
            0.03389806512705262,
            0.06255924738293707,
            -0.0032558181958113235,
            -0.014956797180001626,
            -7.739430958561055e-05,
            0.004484750954887088,
            0.002091062081751963
        ],
        [
            0.5665393916914694,
            0.564006037621493,
            0.014369169702340671,
            0.5333636565589926,
            -0.05465236394701125,
            0.9999999999999999,
            0.6848602514927513,
            0.0,
            0.0,
            0.0,
            0.5861115703362652,
            0.5710522224451612,
            -0.18406844714100212,
            -0.5071551682468369,
            0.04806068056279597,
            0.16512288186691695,
            0.34891238570011196,
            0.008696197654139285,
            -0.21127009517606868,
            0.03453838524302105
        ],
        [
            0.564006037621493,
            0.8860663522213013,
            0.004416013974332632,
            0.16391631594287476,
            -0.016796071583802096,
            0.6848602514927513,
            1.0000000000000002,
            0.0,
            0.0,
            0.0,
            0.5710522224451612,
            0.8929495441270624,
            -0.05491580750457485,
            -0.1513069514464853,
            0.014338639366602509,
            0.34891238570011196,
            0.656679399466216,
            0.007468049894405591,
            -0.1814328140551976,
            0.029660593574975743
        ],
        [
            -0.014369169702340668,
            -0.00441601397433263,
            0.4858485168502342,
            -0.01867968311902426,
            0.0019140577496825398,
            0.0,
            0.0,
            1.0000000000000004,
            0.0,
            0.0,
            0.18406844714100207,
            0.054915807504574816,
            0.42993905434100443,
            -0.21866961942022078,
            0.020722278674735646,
            -0.008696197654139285,
            -0.007468049894405589,
            0.0809104902332851,
            0.016366606720258716,
            -0.0026756089997224727
        ],
        [
            -0.5333636565589924,
            -0.16391631594287487,
            -0.01867968311902427,
            -0.20701217820882306,
            0.07104716983539126,
            0.0,
            0.0,
            0.0,
            1.0000000000000004,
            0.0,
            0.5071551682468368,
            0.15130695144648526,
            -0.21866961942022065,
            -0.09318648257050877,
            0.057095123531372326,
            0.21127009517606868,
            0.18143281405519754,
            0.01636660672025871,
            -0.31603496700718603,
            0.06500268168999677
        ],
        [
            0.05465236394701123,
            0.01679607158380209,
            0.0019140577496825398,
            0.07104716983539125,
            0.47907174418851095,
            0.0,
            0.0,
            0.0,
            0.0,
            1.0000000000000004,
            -0.048060680562795964,
            -0.014338639366602493,
            0.020722278674735646,
            0.05709512353137235,
            0.5038930414797191,
            -0.034538385243021046,
            -0.029660593574975733,
            -0.0026756089997224722,
            0.06500268168999677,
            0.07095754155250165
        ],
        [
            0.14335386110801185,
            0.3294683964938987,
            0.0343615332639635,
            0.18364304618370578,
            -0.018143164497138282,
            0.5861115703362652,
            0.5710522224451612,
            0.18406844714100212,
            0.5071551682468369,
            -0.04806068056279597,
            0.9999999999999999,
            0.6848602514927513,
            0.0,
            0.0,
            0.0,
            0.5431761242804976,
            0.5553357157314062,
            0.20567676868351303,
            -0.47435937699250785,
            0.1092016145083145
        ],
        [
            0.32946839649389875,
            0.6335819656263667,
            0.0329989060763839,
            0.1763605711667285,
            -0.017423686439433074,
            0.5710522224451612,
            0.8929495441270624,
            0.05491580750457485,
            0.1513069514464853,
            -0.014338639366602509,
            0.6848602514927513,
            1.0000000000000002,
            0.0,
            0.0,
            0.0,
            0.5553357157314062,
            0.8775515132720701,
            0.06557435441208219,
            -0.1512363798045931,
            0.03481591731518585
        ],
        [
            -0.034361533263963503,
            -0.0329989060763839,
            0.053895760595272416,
            -0.06419990804971994,
            0.006342682266782013,
            -0.18406844714100207,
            -0.054915807504574816,
            0.42993905434100443,
            -0.21866961942022065,
            0.020722278674735646,
            0.0,
            0.0,
            1.0000000000000004,
            0.0,
            0.0,
            -0.20567676868351298,
            -0.06557435441208219,
            0.35087366519283825,
            0.24973610070400562,
            -0.05749140149983623
        ],
        [
            -0.18364304618370572,
            -0.17636057116672835,
            -0.06419990804971988,
            -0.277204122940498,
            0.033898065127052616,
            -0.5071551682468365,
            -0.15130695144648526,
            -0.21866961942022078,
            -0.09318648257050893,
            0.05709512353137235,
            0.0,
            0.0,
            0.0,
            1.0000000000000004,
            0.0,
            0.47435937699250785,
            0.15123637980459306,
            0.24973610070400562,
            -0.11681855825171791,
            0.13259438862467168
        ],
        [
            0.018143164497138275,
            0.017423686439433057,
            0.006342682266782007,
            0.033898065127052616,
            0.06255924738293707,
            0.048060680562795964,
            0.014338639366602499,
            0.020722278674735646,
            0.057095123531372326,
            0.5038930414797191,
            0.0,
            0.0,
            0.0,
            0.0,
            1.0000000000000004,
            -0.10920161450831448,
            -0.034815917315185824,
            -0.05749140149983623,
            0.13259438862467168,
            0.4286319950433428
        ],
        [
            0.01863390662969747,
            0.14018909958978196,
            -0.00039550024449021417,
            0.022917965269443296,
            -0.0032558181958113244,
            0.16512288186691695,
            0.34891238570011196,
            -0.008696197654139285,
            0.21127009517606868,
            -0.03453838524302105,
            0.5431761242804976,
            0.5553357157314062,
            -0.20567676868351303,
            0.47435937699250785,
            -0.1092016145083145,
            0.9999999999999999,
            0.6848602514927513,
            0.0,
            0.0,
            0.0
        ],
        [
            0.14018909958978196,
            0.3712841767698417,
            -0.0018168756932102328,
            0.10528209429948433,
            -0.01495679718000163,
            0.34891238570011196,
            0.656679399466216,
            -0.007468049894405591,
            0.1814328140551976,
            -0.029660593574975757,
            0.5553357157314062,
            0.8775515132720701,
            -0.06557435441208219,
            0.1512363798045931,
            -0.03481591731518585,
            0.6848602514927513,
            1.0000000000000002,
            0.0,
            0.0,
            0.0
        ],
        [
            0.00039550024449021417,
            0.001816875693210238,
            0.0027187823480137726,
            0.0005447847491661212,
            -7.739430958561055e-05,
            0.008696197654139285,
            0.007468049894405589,
            0.0809104902332851,
            0.01636660672025871,
            -0.0026756089997224727,
            0.20567676868351298,
            0.06557435441208219,
            0.35087366519283825,
            0.24973610070400562,
            -0.05749140149983623,
            0.0,
            0.0,
            1.0000000000000004,
            0.0,
            0.0
        ],
        [
            -0.022917965269443286,
            -0.10528209429948437,
            0.0005447847491661209,
            -0.02884033765752971,
            0.004484750954887086,
            -0.21127009517606868,
            -0.18143281405519754,
            0.016366606720258716,
            -0.31603496700718614,
            0.0650026816899968,
            -0.47435937699250785,
            -0.15123637980459306,
            0.24973610070400562,
            -0.11681855825171791,
            0.13259438862467168,
            0.0,
            0.0,
            0.0,
            1.0000000000000004,
            0.0
        ],
        [
            0.0032558181958113235,
            0.014956797180001626,
            -7.739430958561055e-05,
            0.004484750954887087,
            0.002091062081751963,
            0.034538385243021046,
            0.029660593574975733,
            -0.0026756089997224722,
            0.06500268168999676,
            0.07095754155250165,
            0.10920161450831448,
            0.034815917315185844,
            -0.05749140149983623,
            0.13259438862467168,
            0.4286319950433428,
            0.0,
            0.0,
            0.0,
            0.0,
            1.0000000000000004
        ]
    ],
    "h": [
        [
            -0.28301675786839975,
            -0.4745272429919577,
            -0.013400761758179133,
            -0.3021557681159729,
            0.030339194349846377,
            -0.5942528904142574,
            -0.4664116949756203,
            -0.018054848819104626,
            0.017087691362938084,
            -0.0038168473310999096,
            -0.28246334493437447,
            -0.3306066608256283,
            0.0759101437597485,
            0.3317579139332916,
            -0.03498365701843198,
            -0.027752188121202705,
            -0.16101615348242454,
            -0.005424918557654348,
            0.09216251913971696,
            -0.014520672158556576
        ],
        [
            -0.4745272429919577,
            -0.31648182898106425,
            -0.013357595559777953,
            -0.25479047605950034,
            0.02556533924517018,
            -0.558114436170118,
            -0.3721765027024182,
            -0.03540959982598678,
            0.10404031924475146,
            -0.011711607432545616,
            -0.3653897804298461,
            -0.3230544608859529,
            0.08642719721252745,
            0.1976477281960413,
            -0.014824910786490331,
            -0.15907307551834898,
            -0.21632523488192607,
            -0.03140373945230246,
            0.13179018484146163,
            -0.02565566709694938
        ],
        [
            -0.013400761758179133,
            -0.013357595559777953,
            1.481401332965089,
            -0.013302958405331116,
            0.0013060472780522347,
            -0.013822914022235771,
            -0.01563470321362061,
            0.4185210685698374,
            -0.031174929984547593,
            0.003133473106983224,
            -0.028407775522895064,
            -0.011976720253838058,
            -0.04289953546382015,
            0.00572668393446768,
            -0.00038137020094617356,
            -0.0058674453604138106,
            -0.009666896872807314,
            -0.009230120354095383,
            0.0037917478478769985,
            -0.0007731804058119636
        ],
        [
            -0.3021557681159729,
            -0.25479047605950034,
            -0.013302958405331116,
            1.1856505876643666,
            0.0301613783289496,
            -0.0867770794292303,
            -0.24774770776645727,
            -0.0521278382834167,
            -0.6071243040111608,
            0.10483871295567879,
            -0.27157842527683423,
            -0.2061665952202189,
            0.07061122933286788,
            0.1452942024898174,
            -0.017646202671128305,
            -0.091333960705689,
            -0.1386289874932036,
            -0.011640411960635925,
            0.12373168461510958,
            -0.021188805802088415
        ],
        [
            0.030339194349846377,
            0.02556533924517018,
            0.0013060472780522347,
            0.0301613783289496,
            1.4797779940455276,
            0.008297138363574694,
            0.024922904723592366,
            0.005297511090293237,
            0.10592918865100981,
            0.41186334511385536,
            0.0276212578907371,
            0.020962628229016633,
            -0.007205967833819698,
            -0.019299131154320026,
            -0.04535494364534198,
            0.011091209480905771,
            0.014732108197569593,
            0.001335061625508629,
            -0.016662796847283154,
            -0.005481427727057204
        ],
        [
            -0.5942528904142574,
            -0.558114436170118,
            -0.013822914022235771,
            -0.0867770794292303,
            0.008297138363574694,
            -0.49818388337012864,
            -0.6275961723875506,
            -0.07986002639639236,
            0.02425095126442607,
            -0.0037392808700383307,
            -0.5826286226737774,
            -0.5504000702223796,
            0.04596003915957286,
            0.052133985849559306,
            0.0016381332242366708,
            -0.30134025473832754,
            -0.38077007233469495,
            -0.05857626203142946,
            0.26292445717317786,
            -0.050980990777838305
        ],
        [
            -0.4664116949756203,
            -0.3721765027024182,
            -0.01563470321362061,
            -0.24774770776645727,
            0.024922904723592366,
            -0.6275961723875506,
            -0.446899241998719,
            -0.06384229159717078,
            -0.012418896334201124,
            0.001521291019469866,
            -0.5473406823376008,
            -0.4261538546690842,
            0.12806234709054345,
            0.1353712613392269,
            0.0018638381292842982,
            -0.34108519678384397,
            -0.33183611811507685,
            -0.06711750242244939,
            0.1953449276375659,
            -0.04200015425841267
        ],
        [
            -0.018054848819104626,
            -0.03540959982598678,
            0.4185210685698374,
            -0.0521278382834167,
            0.005297511090293237,
            -0.07986002639639236,
            -0.06384229159717078,
            1.3556119166164289,
            -0.09656485042396461,
            0.009388515907407337,
            -0.00492770613686544,
            -0.06585461757899513,
            0.33076071478956115,
            -0.3195002779701262,
            0.03149700171773147,
            -0.05120045191781658,
            -0.060429705109052476,
            -0.06043768879213757,
            0.06389999363552623,
            -0.01302646214679378
        ],
        [
            0.017087691362938084,
            0.10404031924475146,
            -0.031174929984547593,
            -0.6071243040111608,
            0.10592918865100981,
            0.02425095126442607,
            -0.012418896334201124,
            -0.09656485042396461,
            0.7800221666605098,
            0.0641389934027857,
            -0.06537283983704212,
            -0.13839718233743847,
            -0.28170009911255495,
            -0.6098064999988897,
            0.11468440740500765,
            -0.33631858362639944,
            -0.2012489589807718,
            -0.078716784012759,
            0.06433703940970759,
            -0.030355567961686286
        ],
        [
            -0.0038168473310999096,
            -0.011711607432545616,
            0.003133473106983224,
            0.10483871295567879,
            0.41186334511385536,
            -0.0037392808700383307,
            0.001521291019469866,
            0.009388515907407337,
            0.0641389934027857,
            1.3802677426755876,
            0.011811191159244783,
            0.016285222018014467,
            0.02475102072621197,
            0.10450686267304916,
            0.4278050514592161,
            0.04277868420396305,
            0.022980262921624105,
            0.009186911214118649,
            -0.006230613291878462,
            -0.040156896787695656
        ],
        [
            -0.28246334493437447,
            -0.3653897804298461,
            -0.028407775522895064,
            -0.27157842527683423,
            0.0276212578907371,
            -0.5826286226737774,
            -0.5473406823376008,
            -0.00492770613686544,
            -0.06537283983704212,
            0.011811191159244783,
            -0.4794829790653874,
            -0.6152134891137327,
            0.19076414181728663,
            0.00470960513656217,
            0.03173324344570168,
            -0.5886752286864247,
            -0.5535063014063892,
            -0.018589442468049777,
            0.10265648825470763,
            -0.01939957840474471
        ],
        [
            -0.3306066608256283,
            -0.3230544608859529,
            -0.011976720253838058,
            -0.2061665952202189,
            0.020962628229016633,
            -0.5504000702223796,
            -0.4261538546690842,
            -0.06585461757899513,
            -0.13839718233743847,
            0.016285222018014467,
            -0.6152134891137327,
            -0.4387070158757731,
            0.15454578173356398,
            0.02742698836013406,
            0.022490131166430186,
            -0.46605004075819645,
            -0.3765256227617553,
            -0.07897242591331996,
            0.2301331814705015,
            -0.04957794343927122
        ],
        [
            0.0759101437597485,
            0.08642719721252745,
            -0.04289953546382015,
            0.07061122933286788,
            -0.007205967833819698,
            0.04596003915957286,
            0.12806234709054345,
            0.33076071478956115,
            -0.28170009911255495,
            0.02475102072621197,
            0.19076414181728663,
            0.15454578173356398,
            1.315529283874423,
            -0.0013786988389849816,
            -0.012162004398079648,
            0.035372253474518445,
            0.1233081252746512,
            0.23190239363032278,
            0.30546542300828505,
            -0.07240355333375793
        ],
        [
            0.3317579139332916,
            0.1976477281960413,
            0.00572668393446768,
            0.1452942024898174,
            -0.019299131154320026,
            0.052133985849559306,
            0.1353712613392269,
            -0.3195002779701262,
            -0.6098064999988897,
            0.10450686267304916,
            0.00470960513656217,
            0.02742698836013406,
            -0.0013786988389849816,
            0.8620860751961266,
            0.08070653072307458,
            -0.017146229147924075,
            -0.07586638317688338,
            0.35019176032294935,
            -0.4698335373658371,
            0.19180366924942277
        ],
        [
            -0.03498365701843198,
            -0.014824910786490331,
            -0.00038137020094617356,
            -0.017646202671128305,
            -0.04535494364534198,
            0.0016381332242366708,
            0.0018638381292842982,
            0.03149700171773147,
            0.11468440740500765,
            0.4278050514592161,
            0.03173324344570168,
            0.022490131166430186,
            -0.012162004398079648,
            0.08070653072307458,
            1.373234919690503,
            0.007998041893337332,
            0.03268813874808065,
            -0.0795388118119338,
            0.18448575210183799,
            0.3344395464234745
        ],
        [
            -0.027752188121202705,
            -0.15907307551834898,
            -0.0058674453604138106,
            -0.091333960705689,
            0.011091209480905771,
            -0.30134025473832754,
            -0.34108519678384397,
            -0.05120045191781658,
            -0.33631858362639944,
            0.04277868420396305,
            -0.5886752286864247,
            -0.46605004075819645,
            0.035372253474518445,
            -0.017146229147924075,
            0.007998041893337332,
            -0.27390208995184295,
            -0.47236531460937026,
            -0.10733718326819652,
            0.2667262508110466,
            -0.06024761400725819
        ],
        [
            -0.16101615348242454,
            -0.21632523488192607,
            -0.009666896872807314,
            -0.1386289874932036,
            0.014732108197569593,
            -0.38077007233469495,
            -0.33183611811507685,
            -0.060429705109052476,
            -0.2012489589807718,
            0.022980262921624105,
            -0.5535063014063892,
            -0.3765256227617553,
            0.1233081252746512,
            -0.07586638317688338,
            0.03268813874808065,
            -0.47236531460937026,
            -0.3215903121336319,
            -0.0880113275749014,
            0.23281081739557435,
            -0.051598437934508766
        ],
        [
            -0.005424918557654348,
            -0.03140373945230246,
            -0.009230120354095383,
            -0.011640411960635925,
            0.001335061625508629,
            -0.05857626203142946,
            -0.06711750242244939,
            -0.06043768879213757,
            -0.078716784012759,
            0.009186911214118649,
            -0.018589442468049777,
            -0.07897242591331996,
            0.23190239363032278,
            0.35019176032294935,
            -0.0795388118119338,
            -0.10733718326819652,
            -0.0880113275749014,
            1.4370755742209032,
            0.09211320552037579,
            -0.021170792537909558
        ],
        [
            0.09216251913971696,
            0.13179018484146163,
            0.0037917478478769985,
            0.12373168461510958,
            -0.016662796847283154,
            0.26292445717317786,
            0.1953449276375659,
            0.06389999363552623,
            0.06433703940970759,
            -0.006230613291878462,
            0.10265648825470763,
            0.2301331814705015,
            0.30546542300828505,
            -0.4698335373658371,
            0.18448575210183799,
            0.2667262508110466,
            0.23281081739557435,
            0.09211320552037579,
            1.2333846435191216,
            0.05381674488867167
        ],
        [
            -0.014520672158556576,
            -0.02565566709694938,
            -0.0007731804058119636,
            -0.021188805802088415,
            -0.005481427727057204,
            -0.050980990777838305,
            -0.04200015425841267,
            -0.01302646214679378,
            -0.030355567961686286,
            -0.040156896787695656,
            -0.01939957840474471,
            -0.04957794343927122,
            -0.07240355333375793,
            0.19180366924942277,
            0.3344395464234745,
            -0.06024761400725819,
            -0.051598437934508766,
            -0.021170792537909558,
            0.05381674488867167,
            1.4646398452083362
        ]
    ]
}