{
    "HF": -2.119736975485695,
    "coordinates": [
        [
            0.796447,
            0.19478,
            -0.175905
        ],
        [
            1.464171,
            0.002862,
            0.022202
        ],
        [
            2.155769,
            0.081284,
            0.037759
        ],
        [
            2.916303,
            -0.081252,
            -0.060471
        ]
    ],
    "elements": [
        "H",
        "H",
        "H",
        "H"
    ],
    "Enn": 3.161301884725915,
    "S": [
        [
            0.9999999999999999,
            0.6848602514927513,
            0.0,
            0.0,
            0.0,
            0.584899562256358,
            0.5706214528779125,
            -0.14845162136133588,
            -0.5003594543447563,
            0.14381388980916807,
            0.16862880544381306,
            0.35188825880986574,
            -0.03380638079952099,
            -0.2150748706434703,
            0.017957582911592187,
            0.01811125765752755,
            0.13849444929049343,
            -0.001210370712880517,
            -0.022227520643173074,
            0.0028943036593883508
        ],
        [
            0.6848602514927513,
            1.0000000000000002,
            0.0,
            0.0,
            0.0,
            0.5706214528779125,
            0.8925296702795202,
            -0.04436989380957068,
            -0.1495497028075825,
            0.04298374757149007,
            0.35188825880986574,
            0.6601708699882134,
            -0.028551348652825187,
            -0.18164256193582243,
            0.015166166816595437,
            0.13849444929049343,
            0.3684667808755266,
            -0.005681965105831486,
            -0.10434488817322018,
            0.013587021086446594
        ],
        [
            0.0,
            0.0,
            1.0000000000000004,
            0.0,
            0.0,
            0.14845162136133583,
            0.04436989380957064,
            0.45613052959629485,
            -0.17441690969320744,
            0.05013110877323713,
            0.03380638079952097,
            0.028551348652825166,
            0.07422347909391612,
            -0.06349143184881902,
            0.005301189526185528,
            0.0012103707128805169,
            0.0056819651058314805,
            0.0025169270912595125,
            -0.0016562765432316432,
            0.00021566810518323744
        ],
        [
            0.0,
            0.0,
            0.0,
            1.0000000000000004,
            0.0,
            0.5003594543447561,
            0.14954970280758262,
            -0.17441690969320747,
            -0.07999775589374603,
            0.1689680045354328,
            0.21507487064347025,
            0.1816425619358226,
            -0.06349143184881903,
            -0.31972667105853914,
            0.03372596014824006,
            0.02222752064317307,
            0.10434488817322025,
            -0.0016562765432316436,
            -0.027809118363733298,
            0.003960577704847074
        ],
        [
            0.0,
            0.0,
            0.0,
            0.0,
            1.0000000000000004,
            -0.14381388980916804,
            -0.042983747571490066,
            0.05013110877323716,
            0.1689680045354329,
            0.4593132955806851,
            -0.017957582911592194,
            -0.015166166816595418,
            0.005301189526185532,
            0.03372596014824008,
            0.08138739737197048,
            -0.0028943036593883508,
            -0.013587021086446594,
            0.0002156681051832375,
            0.003960577704847074,
            0.0020914002825833827
        ],
        [
            0.584899562256358,
            0.5706214528779125,
            0.14845162136133588,
            0.5003594543447561,
            -0.14381388980916807,
            0.9999999999999999,
            0.6848602514927513,
            0.0,
            0.0,
            0.0,
            0.6062233759121944,
            0.5780962365512194,
            -0.012196504774932561,
            -0.5422046865934177,
            -0.06148192437229291,
            0.1400036121631625,
            0.32631305641414443,
            0.01041603144083319,
            -0.1829551675666781,
            0.010597584079617806
        ],
        [
            0.5706214528779125,
            0.8925296702795202,
            0.04436989380957066,
            0.14954970280758267,
            -0.04298374757149009,
            0.6848602514927513,
            1.0000000000000002,
            0.0,
            0.0,
            0.0,
            0.5780962365512194,
            0.8997983790485412,
            -0.0035330284912249146,
            -0.15706340801402327,
            -0.017809806539746714,
            0.32631305641414443,
            0.6297855630127304,
            0.010190907265654149,
            -0.17900091383509623,
            0.010368535963896718
        ],
        [
            -0.14845162136133583,
            -0.044369893809570654,
            0.45613052959629485,
            -0.1744169096932074,
            0.05013110877323713,
            0.0,
            0.0,
            1.0000000000000004,
            0.0,
            0.0,
            0.012196504774932554,
            0.003533028491224908,
            0.5326937116828718,
            -0.014888887860261118,
            -0.0016882876523318427,
            -0.010416031440833187,
            -0.010190907265654144,
            0.06246123367425532,
            0.019819283516105658,
            -0.001148021814596546
        ],
        [
            -0.5003594543447563,
            -0.14954970280758242,
            -0.17441690969320753,
            -0.07999775589374603,
            0.16896800453543284,
            0.0,
            0.0,
            0.0,
            1.0000000000000004,
            0.0,
            0.5422046865934176,
            0.15706340801402321,
            -0.014888887860261118,
            -0.1288679516409745,
            -0.07505408264944378,
            0.1829551675666781,
            0.179000913835096,
            0.019819283516105665,
            -0.2845315131973428,
            0.02016473593160659
        ],
        [
            0.14381388980916804,
            0.042983747571490066,
            0.05013110877323716,
            0.16896800453543284,
            0.4593132955806851,
            0.0,
            0.0,
            0.0,
            0.0,
            1.0000000000000004,
            0.061481924372292884,
            0.01780980653974671,
            -0.001688287652331842,
            -0.07505408264944374,
            0.5245180592936333,
            -0.010597584079617807,
            -0.010368535963896712,
            -0.0011480218145965466,
            0.0201647359316066,
            0.06242155617109158
        ],
        [
            0.16862880544381306,
            0.35188825880986574,
            0.03380638079952099,
            0.21507487064347025,
            -0.017957582911592194,
            0.6062233759121944,
            0.5780962365512194,
            0.012196504774932561,
            0.5422046865934177,
            0.06148192437229291,
            0.9999999999999999,
            0.6848602514927513,
            0.0,
            0.0,
            0.0,
            0.5355990525652734,
            0.5524606692784811,
            0.06585301999406822,
            -0.5098591133886663,
            0.1089635188614056
        ],
        [
            0.35188825880986574,
            0.6601708699882134,
            0.028551348652825173,
            0.18164256193582254,
            -0.015166166816595451,
            0.5780962365512194,
            0.8997983790485412,
            0.003533028491224909,
            0.15706340801402327,
            0.017809806539746724,
            0.6848602514927513,
            1.0000000000000002,
            0.0,
            0.0,
            0.0,
            0.5524606692784811,
            0.8747168756402821,
            0.02125389855964375,
            -0.16455576185646031,
            0.03516770494034674
        ],
        [
            -0.03380638079952097,
            -0.028551348652825156,
            0.07422347909391612,
            -0.063491431848819,
            0.0053011895261855305,
            -0.012196504774932554,
            -0.0035330284912249137,
            0.5326937116828718,
            -0.014888887860261118,
            -0.0016882876523318427,
            0.0,
            0.0,
            1.0000000000000004,
            0.0,
            0.0,
            -0.06585301999406819,
            -0.021253898559643738,
            0.43910615874616354,
            0.087353927159242,
            -0.018668669520040593
        ],
        [
            -0.2150748706434703,
            -0.1816425619358226,
            -0.06349143184881904,
            -0.31972667105853914,
            0.033725960148240086,
            -0.5422046865934176,
            -0.15706340801402321,
            -0.014888887860261118,
            -0.1288679516409745,
            -0.07505408264944378,
            0.0,
            0.0,
            0.0,
            1.0000000000000004,
            0.0,
            0.5098591133886663,
            0.1645557618564603,
            0.08735392715924205,
            -0.22593858342088421,
            0.14453993591320943
        ],
        [
            0.017957582911592187,
            0.015166166816595418,
            0.00530118952618553,
            0.03372596014824005,
            0.08138739737197048,
            -0.061481924372292884,
            -0.01780980653974671,
            -0.001688287652331842,
            -0.07505408264944374,
            0.5245180592936333,
            0.0,
            0.0,
            0.0,
            0.0,
            1.0000000000000004,
            -0.10896351886140557,
            -0.035167704940346683,
            -0.018668669520040596,
            0.14453993591320938,
            0.41949866354050935
        ],
        [
            0.01811125765752755,
            0.13849444929049343,
            0.0012103707128805169,
            0.02222752064317307,
            -0.0028943036593883508,
            0.1400036121631625,
            0.32631305641414443,
            -0.01041603144083319,
            0.1829551675666781,
            -0.010597584079617806,
            0.5355990525652734,
            0.5524606692784811,
            -0.06585301999406822,
            0.5098591133886663,
            -0.1089635188614056,
            0.9999999999999999,
            0.6848602514927513,
            0.0,
            0.0,
            0.0
        ],
        [
            0.13849444929049343,
            0.3684667808755266,
            0.005681965105831483,
            0.10434488817322021,
            -0.013587021086446589,
            0.32631305641414443,
            0.6297855630127304,
            -0.010190907265654149,
            0.17900091383509603,
            -0.01036853596389671,
            0.5524606692784811,
            0.8747168756402821,
            -0.02125389855964375,
            0.16455576185646031,
            -0.03516770494034674,
            0.6848602514927513,
            1.0000000000000002,
            0.0,
            0.0,
            0.0
        ],
        [
            -0.0012103707128805164,
            -0.005681965105831483,
            0.0025169270912595125,
            -0.001656276543231643,
            0.00021566810518323741,
            0.010416031440833187,
            0.010190907265654147,
            0.06246123367425532,
            0.019819283516105658,
            -0.001148021814596546,
            0.06585301999406819,
            0.021253898559643738,
            0.43910615874616354,
            0.087353927159242,
            -0.018668669520040593,
            0.0,
            0.0,
            1.0000000000000004,
            0.0,
            0.0
        ],
        [
            -0.022227520643173074,
            -0.1043448881732203,
            -0.0016562765432316438,
            -0.027809118363733298,
            0.003960577704847074,
            -0.1829551675666781,
            -0.1790009138350958,
            0.019819283516105665,
            -0.2845315131973428,
            0.02016473593160659,
            -0.5098591133886663,
            -0.1645557618564603,
            0.08735392715924205,
            -0.22593858342088421,
            0.14453993591320943,
            0.0,
            0.0,
            0.0,
            1.0000000000000004,
            0.0
        ],
        [
            0.0028943036593883508,
            0.01358702108644659,
            0.00021566810518323752,
            0.003960577704847074,
            0.0020914002825833827,
            0.010597584079617807,
            0.010368535963896716,
            -0.0011480218145965466,
            0.0201647359316066,
            0.06242155617109158,
            0.10896351886140557,
            0.035167704940346683,
            -0.018668669520040596,
            0.14453993591320938,
            0.41949866354050935,
            0.0,
            0.0,
            0.0,
            0.0,
            1.0000000000000004
        ]
    ],
    "h": [
        [
            -0.3061349206772832,
            -0.48443672584085584,
            -0.08695427507617948,
            -0.2982181344656875,
            0.0805662999427221,
            -0.6197125620941525,
            -0.47999978763998175,
            0.007723582969080212,
            0.0004668968831569309,
            -0.01919333976055837,
            -0.3186950317908688,
            -0.35164635028368135,
            0.026516532061436324,
            0.36389975817329184,
            0.0019153288185869907,
            -0.025921321728264654,
            -0.15977789451532887,
            -0.000774628013844092,
            0.0897101057080319,
            -0.010010880413668695
        ],
        [
            -0.48443672584085584,
            -0.3217923696986891,
            -0.07043521770548185,
            -0.2497041429791348,
            0.06421095136894436,
            -0.5723826886247441,
            -0.3760266342552392,
            0.05716063605050195,
            0.07948563798258274,
            -0.0735429522229846,
            -0.38765712775115346,
            -0.3325668716772605,
            0.01834463458991635,
            0.2200474828194351,
            0.023775830522230364,
            -0.15655468438869016,
            -0.21382235613809486,
            -0.011227889042627552,
            0.13235646893339792,
            -0.02061843640154009
        ],
        [
            -0.08695427507617948,
            -0.07043521770548185,
            1.4445067785102184,
            -0.07817398788541788,
            0.021247029308789626,
            -0.020455920010183537,
            -0.06664950270373704,
            0.37638717832878466,
            -0.259386933411976,
            0.06813144641362373,
            -0.06275944825198695,
            -0.05581886425729991,
            -0.04310329966671017,
            0.053562256864492896,
            0.005470517099984867,
            -0.010482395405991184,
            -0.02952021872077793,
            -0.008190739381706006,
            0.015134949194211655,
            -0.0018932431452365695
        ],
        [
            -0.2982181344656875,
            -0.2497041429791348,
            -0.07817398788541788,
            1.188202029274872,
            0.07255019178847734,
            -0.09971261103108864,
            -0.2484418548366596,
            -0.24403112156862505,
            -0.45306513758772654,
            0.22397023480823403,
            -0.2832356378328753,
            -0.2106378976808192,
            -0.0033902160984149166,
            0.09471892555032746,
            0.02898373287640732,
            -0.0917982974275211,
            -0.13778275351751249,
            -0.0003665852243777837,
            0.12263254446734462,
            -0.01733428816074747
        ],
        [
            0.0805662999427221,
            0.06421095136894436,
            0.021247029308789626,
            0.07255019178847734,
            1.4467792029375186,
            0.013296967595964104,
            0.059577560590788725,
            0.0714204268968653,
            0.24974520896290908,
            0.38212307316860616,
            0.051640898361840756,
            0.05060536079847528,
            -0.0025897840636764854,
            -0.05545987536858015,
            -0.04854327263716168,
            0.011092816597342209,
            0.026692821472950826,
            5.3388690279047813e-05,
            -0.018912479940918672,
            -0.005517016938997683
        ],
        [
            -0.6197125620941525,
            -0.5723826886247441,
            -0.020455920010183537,
            -0.09971261103108864,
            0.013296967595964104,
            -0.5289044180012168,
            -0.6358171634388623,
            0.07403804747470848,
            -0.00029519907089453623,
            -0.1080089720531768,
            -0.5985501529042776,
            -0.5615748543460501,
            0.021185011850012987,
            0.07172975671915793,
            0.004706569470602814,
            -0.2760157755346033,
            -0.36730578752629395,
            -0.02362420795282661,
            0.2669574981760844,
            -0.03565436422098991
        ],
        [
            -0.47999978763998175,
            -0.3760266342552392,
            -0.06664950270373704,
            -0.2484418548366596,
            0.059577560590788725,
            -0.6358171634388623,
            -0.4424400390248808,
            0.05617261593989194,
            -0.030083924836757606,
            -0.0808174941951152,
            -0.5538125546241429,
            -0.4259946200908509,
            0.02868671338876969,
            0.1615071866094553,
            0.04281122072601706,
            -0.3226913943219989,
            -0.32056196481361143,
            -0.022674519313260914,
            0.19489679969543638,
            -0.035929770522660644
        ],
        [
            0.007723582969080212,
            0.05716063605050195,
            0.37638717832878466,
            -0.24403112156862505,
            0.0714204268968653,
            0.07403804747470848,
            0.05617261593989194,
            1.3537064188788015,
            -0.08094441841471202,
            0.02048521369209233,
            0.0205839374066909,
            0.033161636938413695,
            0.47229772158257033,
            -0.05386950576350383,
            -0.0015788387771614367,
            -0.0012972189643665859,
            0.00841196378917582,
            -0.04710705469814866,
            0.0012987896244470581,
            -7.298603260655736e-05
        ],
        [
            0.0004668968831569309,
            0.07948563798258274,
            -0.259386933411976,
            -0.45306513758772654,
            0.24974520896290908,
            -0.00029519907089453623,
            -0.030083924836757606,
            -0.08094441841471202,
            0.7710965771428553,
            0.045104277285987315,
            -0.040319029064669554,
            -0.1452540359352607,
            -0.018399772156073045,
            -0.6810757838469133,
            -0.08315459456454916,
            -0.33833847556055113,
            -0.20990679487925928,
            -0.027225853888973285,
            0.1537105897317833,
            -0.042479642949146856
        ],
        [
            -0.01919333976055837,
            -0.0735429522229846,
            0.06813144641362373,
            0.22397023480823403,
            0.38212307316860616,
            -0.1080089720531768,
            -0.0808174941951152,
            0.02048521369209233,
            0.045104277285987315,
            1.3508277376829443,
            -0.014643195340085596,
            -0.055600489634920244,
            0.0006508498430671588,
            -0.07239511696262779,
            0.4618611733966871,
            -0.002602250335350855,
            -0.026965126507385046,
            -0.001613569997976807,
            0.02059064376447786,
            -0.04938271737320976
        ],
        [
            -0.3186950317908688,
            -0.38765712775115346,
            -0.06275944825198695,
            -0.2832356378328753,
            0.051640898361840756,
            -0.5985501529042776,
            -0.5538125546241429,
            0.0205839374066909,
            -0.040319029064669554,
            -0.014643195340085596,
            -0.4885348321572385,
            -0.6230652032920396,
            0.0399375908949734,
            0.029106733272939334,
            0.08262193235969914,
            -0.5712090735987349,
            -0.5472018920194331,
            -0.008675900041093268,
            0.0931666148315986,
            -0.01003931327134433
        ],
        [
            -0.35164635028368135,
            -0.3325668716772605,
            -0.05581886425729991,
            -0.2106378976808192,
            0.05060536079847528,
            -0.5615748543460501,
            -0.4259946200908509,
            0.033161636938413695,
            -0.1452540359352607,
            -0.055600489634920244,
            -0.6230652032920396,
            -0.44442691969644144,
            0.034737585371662286,
            0.042058146660920656,
            0.06350913359725605,
            -0.4532499185552863,
            -0.3691966437245673,
            -0.02743097798234312,
            0.2318114714432296,
            -0.04198448759839973
        ],
        [
            0.026516532061436324,
            0.01834463458991635,
            -0.04310329966671017,
            -0.0033902160984149166,
            -0.0025897840636764854,
            0.021185011850012987,
            0.02868671338876969,
            0.47229772158257033,
            -0.018399772156073045,
            0.0006508498430671588,
            0.0399375908949734,
            0.034737585371662286,
            1.3839345835969807,
            0.016882681156232003,
            -0.006828830615635406,
            0.0027424061989800574,
            0.02800343156324573,
            0.35429116197012733,
            0.11615794090849599,
            -0.025638926897714118
        ],
        [
            0.36389975817329184,
            0.2200474828194351,
            0.053562256864492896,
            0.09471892555032746,
            -0.05545987536858015,
            0.07172975671915793,
            0.1615071866094553,
            -0.05386950576350383,
            -0.6810757838469133,
            -0.07239511696262779,
            0.029106733272939334,
            0.042058146660920656,
            0.016882681156232003,
            0.7704214421271685,
            0.02787938790655546,
            -0.024803965795542227,
            -0.08576849780257725,
            0.12253795652749677,
            -0.6107251146530326,
            0.20446527676153864
        ],
        [
            0.0019153288185869907,
            0.023775830522230364,
            0.005470517099984867,
            0.02898373287640732,
            -0.04854327263716168,
            0.004706569470602814,
            0.04281122072601706,
            -0.0015788387771614367,
            -0.08315459456454916,
            0.4618611733966871,
            0.08262193235969914,
            0.06350913359725605,
            -0.006828830615635406,
            0.02787938790655546,
            1.3733442175059447,
            0.017811683377658177,
            0.056623868452654595,
            -0.024544207247865005,
            0.18581052500790934,
            0.32828296910745314
        ],
        [
            -0.025921321728264654,
            -0.15655468438869016,
            -0.010482395405991184,
            -0.0917982974275211,
            0.011092816597342209,
            -0.2760157755346033,
            -0.3226913943219989,
            -0.0012972189643665859,
            -0.33833847556055113,
            -0.002602250335350855,
            -0.5712090735987349,
            -0.4532499185552863,
            0.0027424061989800574,
            -0.024803965795542227,
            0.017811683377658177,
            -0.2571766327867542,
            -0.4632079546286364,
            -0.03577740314371604,
            0.2750881691563927,
            -0.05546076447168084
        ],
        [
            -0.15977789451532887,
            -0.21382235613809486,
            -0.02952021872077793,
            -0.13778275351751249,
            0.026692821472950826,
            -0.36730578752629395,
            -0.32056196481361143,
            0.00841196378917582,
            -0.20990679487925928,
            -0.026965126507385046,
            -0.5472018920194331,
            -0.3691966437245673,
            0.02800343156324573,
            -0.08576849780257725,
            0.056623868452654595,
            -0.4632079546286364,
            -0.31273321042402547,
            -0.03015078464182628,
            0.23925439846246896,
            -0.046359316605206875
        ],
        [
            -0.000774628013844092,
            -0.011227889042627552,
            -0.008190739381706006,
            -0.0003665852243777837,
            5.3388690279047813e-05,
            -0.02362420795282661,
            -0.022674519313260914,
            -0.04710705469814866,
            -0.027225853888973285,
            -0.001613569997976807,
            -0.008675900041093268,
            -0.02743097798234312,
            0.35429116197012733,
            0.12253795652749677,
            -0.024544207247865005,
            -0.03577740314371604,
            -0.03015078464182628,
            1.4860911784256454,
            0.03283656397461582,
            -0.006723903134528722
        ],
        [
            0.0897101057080319,
            0.13235646893339792,
            0.015134949194211655,
            0.12263254446734462,
            -0.018912479940918672,
            0.2669574981760844,
            0.19489679969543638,
            0.0012987896244470581,
            0.1537105897317833,
            0.02059064376447786,
            0.0931666148315986,
            0.2318114714432296,
            0.11615794090849599,
            -0.6107251146530326,
            0.18581052500790934,
            0.2750881691563927,
            0.23925439846246896,
            0.03283656397461582,
            1.2251300910131069,
            0.052224111687972787
        ],
        [
            -0.010010880413668695,
            -0.02061843640154009,
            -0.0018932431452365695,
            -0.01733428816074747,
            -0.005517016938997683,
            -0.03565436422098991,
            -0.035929770522660644,
            -7.298603260655736e-05,
            -0.042479642949146856,
            -0.04938271737320976,
            -0.01003931327134433,
            -0.04198448759839973,
            -0.025638926897714118,
            0.20446527676153864,
            0.32828296910745314,
            -0.05546076447168084,
            -0.046359316605206875,
            -0.006723903134528722,
            0.052224111687972787,
            1.4793391302233712
        ]
    ]
}