{
    "HF": -2.183970603005648,
    "coordinates": [
        [
            0.789403,
            -0.048886,
            -0.047337
        ],
        [
            1.504091,
            0.173404,
            0.00805
        ],
        [
            2.335383,
            -0.18126,
            -0.143849
        ],
        [
            3.1274,
            0.138226,
            -0.140561
        ]
    ],
    "elements": [
        "H",
        "H",
        "H",
        "H"
    ],
    "Enn": 2.792505655176162,
    "S": [
        [
            0.9999999999999999,
            0.6848602514927513,
            0.0,
            0.0,
            0.0,
            0.5622587566747126,
            0.5624389728413086,
            -0.03948459076699248,
            -0.5094907325921307,
            -0.15846732413011644,
            0.10893556283368988,
            0.29448506727228246,
            0.008954387790783053,
            -0.14343609537461435,
            0.012281665797176673,
            0.008553589943826833,
            0.10035455664507159,
            0.00039064132737205286,
            -0.009797029214278274,
            -0.0007840650481339523
        ],
        [
            0.6848602514927513,
            1.0000000000000002,
            0.0,
            0.0,
            0.0,
            0.5624389728413086,
            0.8845310974728349,
            -0.01221520873106491,
            -0.15761935287318896,
            -0.04902447774438801,
            0.29448506727228246,
            0.5906784591704604,
            0.01065979650356011,
            -0.170754229511085,
            0.014620771534754915,
            0.10035455664507159,
            0.3011172076566784,
            0.0032475887606422966,
            -0.08144740388328552,
            -0.006518308892359277
        ],
        [
            0.0,
            0.0,
            1.0000000000000004,
            0.0,
            0.0,
            0.03948459076699247,
            0.012215208731064903,
            0.4775180854408607,
            -0.04946739068374771,
            -0.015385883455564207,
            -0.008954387790783053,
            -0.010659796503560099,
            0.04234931758903637,
            0.016811055687607622,
            -0.001439440798452355,
            -0.00039064132737205286,
            -0.0032475887606422944,
            0.0007653599466039046,
            0.0004430783917176222,
            3.545996168133137e-05
        ],
        [
            0.0,
            0.0,
            0.0,
            1.0000000000000004,
            0.0,
            0.5094907325921305,
            0.15761935287318893,
            -0.04946739068374771,
            -0.15695240709123548,
            -0.19853225982794295,
            0.1434360953746144,
            0.170754229511085,
            0.016811055687607636,
            -0.22588954247956977,
            0.02305772013419443,
            0.009797029214278274,
            0.08144740388328547,
            0.0004430783917176221,
            -0.010329089512029157,
            -0.0008893126665994564
        ],
        [
            0.0,
            0.0,
            0.0,
            0.0,
            1.0000000000000004,
            0.15846732413011644,
            0.049024477744387986,
            -0.015385883455564218,
            -0.19853225982794306,
            0.4196020638071509,
            -0.012281665797176678,
            -0.014620771534754893,
            -0.0014394407984523547,
            0.023057720134194406,
            0.04142448412513551,
            0.0007840650481339524,
            0.0065183088923592754,
            3.545996168133138e-05,
            -0.0008893126665994568,
            0.0007118545179471212
        ],
        [
            0.5622587566747126,
            0.5624389728413086,
            0.03948459076699248,
            0.5094907325921306,
            0.15846732413011644,
            0.9999999999999999,
            0.6848602514927513,
            0.0,
            0.0,
            0.0,
            0.4341623049188179,
            0.5106139005488418,
            0.07806638829988854,
            -0.42723101575777955,
            0.18227465315763547,
            0.08880759338934754,
            0.27070123134908614,
            0.01075550674536217,
            -0.117484647161429,
            0.0025459570037773163
        ],
        [
            0.5624389728413086,
            0.8845310974728349,
            0.012215208731064906,
            0.15761935287318896,
            0.049024477744388,
            0.6848602514927513,
            1.0000000000000002,
            0.0,
            0.0,
            0.0,
            0.5106139005488418,
            0.8328006848851138,
            0.030215213131755316,
            -0.1653576715760021,
            0.07054851151199719,
            0.27070123134908614,
            0.5604000436020533,
            0.01499962783633608,
            -0.16384406849677965,
            0.0035505911946399067
        ],
        [
            -0.03948459076699247,
            -0.012215208731064901,
            0.4775180854408607,
            -0.04946739068374769,
            -0.015385883455564207,
            0.0,
            0.0,
            1.0000000000000004,
            0.0,
            0.0,
            -0.07806638829988854,
            -0.030215213131755295,
            0.3159919671748086,
            0.11019036358795646,
            -0.04701182630358404,
            -0.010755506745362168,
            -0.01499962783633607,
            0.029898743074855086,
            0.01986464063666215,
            -0.00043047770222212855
        ],
        [
            -0.5094907325921304,
            -0.15761935287318893,
            -0.049467390683747725,
            -0.15695240709123548,
            -0.19853225982794304,
            0.0,
            0.0,
            0.0,
            1.0000000000000004,
            0.0,
            0.42723101575777955,
            0.1653576715760021,
            0.11019036358795646,
            -0.26690804254122424,
            0.25727987091132254,
            0.11748464716142892,
            0.16384406849677927,
            0.019864640636662163,
            -0.18526830472586178,
            0.004702197874427206
        ],
        [
            -0.15846732413011644,
            -0.049024477744388,
            -0.015385883455564218,
            -0.19853225982794304,
            0.4196020638071509,
            0.0,
            0.0,
            0.0,
            0.0,
            1.0000000000000004,
            -0.18227465315763547,
            -0.07054851151199718,
            -0.04701182630358404,
            0.25727987091132254,
            0.226360282883072,
            -0.002545957003777311,
            -0.003550591194639906,
            -0.00043047770222212855,
            0.004702197874427203,
            0.03161541574335406
        ],
        [
            0.10893556283368988,
            0.29448506727228246,
            -0.00895438779078305,
            0.14343609537461438,
            -0.012281665797176674,
            0.4341623049188179,
            0.5106139005488418,
            -0.07806638829988854,
            0.42723101575777955,
            -0.18227465315763547,
            0.9999999999999999,
            0.6848602514927513,
            0.0,
            0.0,
            0.0,
            0.48090419864847705,
            0.5307192451984664,
            -0.0019232418625579075,
            -0.4632725821951099,
            -0.1868761708336904
        ],
        [
            0.29448506727228246,
            0.5906784591704604,
            -0.01065979650356011,
            0.17075422951108507,
            -0.01462077153475491,
            0.5106139005488418,
            0.8328006848851138,
            -0.030215213131755306,
            0.1653576715760021,
            -0.07054851151199719,
            0.6848602514927513,
            1.0000000000000002,
            0.0,
            0.0,
            0.0,
            0.5307192451984664,
            0.8530962134624755,
            -0.000681571064704438,
            -0.16417757602008023,
            -0.06622640303472178
        ],
        [
            0.008954387790783053,
            0.010659796503560094,
            0.04234931758903637,
            0.01681105568760763,
            -0.0014394407984523554,
            0.07806638829988854,
            0.030215213131755292,
            0.3159919671748086,
            0.11019036358795646,
            -0.04701182630358404,
            0.0,
            0.0,
            1.0000000000000004,
            0.0,
            0.0,
            0.0019232418625579075,
            0.0006815710647044379,
            0.3879750936022183,
            -0.0026230978612066737,
            -0.0010581124436539568
        ],
        [
            -0.14343609537461438,
            -0.1707542295110851,
            0.01681105568760763,
            -0.22588954247956966,
            0.023057720134194427,
            -0.42723101575777955,
            -0.1653576715760021,
            0.11019036358795646,
            -0.26690804254122424,
            0.25727987091132254,
            0.0,
            0.0,
            0.0,
            1.0000000000000004,
            0.0,
            0.4632725821951099,
            0.1641775760200795,
            -0.0026230978612067236,
            -0.24386866970226317,
            -0.25487927107222497
        ],
        [
            0.012281665797176676,
            0.014620771534754886,
            -0.0014394407984523543,
            0.02305772013419441,
            0.04142448412513551,
            0.18227465315763547,
            0.07054851151199718,
            -0.04701182630358404,
            0.25727987091132254,
            0.226360282883072,
            0.0,
            0.0,
            0.0,
            0.0,
            1.0000000000000004,
            0.1868761708336904,
            0.06622640303472173,
            -0.0010581124436539757,
            -0.2548792710722247,
            0.28517208046990783
        ],
        [
            0.008553589943826833,
            0.10035455664507159,
            -0.000390641327372053,
            0.009797029214278274,
            0.0007840650481339523,
            0.08880759338934754,
            0.27070123134908614,
            -0.010755506745362168,
            0.11748464716142892,
            -0.0025459570037773163,
            0.48090419864847705,
            0.5307192451984664,
            0.0019232418625579075,
            0.46327258219511047,
            0.1868761708336904,
            0.9999999999999999,
            0.6848602514927513,
            0.0,
            0.0,
            0.0
        ],
        [
            0.10035455664507159,
            0.3011172076566784,
            -0.0032475887606422966,
            0.08144740388328549,
            0.0065183088923592754,
            0.27070123134908614,
            0.5604000436020533,
            -0.014999627836336075,
            0.1638440684967795,
            -0.0035505911946399067,
            0.5307192451984664,
            0.8530962134624755,
            0.000681571064704438,
            0.16417757602007957,
            0.06622640303472178,
            0.6848602514927513,
            1.0000000000000002,
            0.0,
            0.0,
            0.0
        ],
        [
            0.00039064132737205286,
            0.003247588760642296,
            0.0007653599466039046,
            0.0004430783917176221,
            3.5459961681331364e-05,
            0.010755506745362168,
            0.014999627836336064,
            0.029898743074855086,
            0.019864640636662163,
            -0.00043047770222212855,
            -0.0019232418625579075,
            -0.0006815710647044379,
            0.3879750936022183,
            -0.0026230978612067236,
            -0.0010581124436539757,
            0.0,
            0.0,
            1.0000000000000004,
            0.0,
            0.0
        ],
        [
            -0.009797029214278274,
            -0.0814474038832855,
            0.0004430783917176222,
            -0.010329089512029157,
            -0.0008893126665994564,
            -0.11748464716142892,
            -0.16384406849677927,
            0.01986464063666215,
            -0.18526830472586178,
            0.004702197874427203,
            -0.4632725821951099,
            -0.1641775760200795,
            -0.0026230978612066737,
            -0.24386866970226304,
            -0.2548792710722247,
            0.0,
            0.0,
            0.0,
            1.0000000000000004,
            0.0
        ],
        [
            -0.0007840650481339524,
            -0.0065183088923592754,
            3.5459961681331384e-05,
            -0.0008893126665994568,
            0.0007118545179471212,
            0.002545957003777311,
            0.003550591194639906,
            -0.00043047770222212855,
            0.004702197874427206,
            0.03161541574335406,
            -0.1868761708336904,
            -0.06622640303472173,
            -0.0010581124436539568,
            -0.25487927107222497,
            0.28517208046990783,
            0.0,
            0.0,
            0.0,
            0.0,
            1.0000000000000004
        ]
    ],
    "h": [
        [
            -0.2825330494451519,
            -0.47619839717304613,
            -0.01999478696275598,
            -0.28691007137743396,
            -0.08173558558947508,
            -0.5884597208510085,
            -0.4726975253260294,
            0.00747055173620359,
            0.01895111956952944,
            0.02590632411353183,
            -0.21824561341426782,
            -0.30555566329644834,
            -0.029425870336491272,
            0.2665511996526988,
            -0.05388330739882613,
            -0.005549401874764728,
            -0.12465533850143522,
            -0.002874023527907216,
            0.04877999416766611,
            0.002759001926734447
        ],
        [
            -0.47619839717304613,
            -0.31803837652530187,
            -0.015312610247873528,
            -0.24080681285398733,
            -0.06443179348024214,
            -0.5325792242220311,
            -0.3687088706801389,
            0.030435043371346397,
            0.12693380258914583,
            0.09906502242740008,
            -0.29840309955299527,
            -0.30247625378795906,
            -0.026728523236750533,
            0.14735076162812707,
            -0.06939035805057782,
            -0.12161074504145594,
            -0.1859006653288477,
            -0.0027689789921832826,
            0.09649765155144586,
            0.022668435171749428
        ],
        [
            -0.01999478696275598,
            -0.015312610247873528,
            1.474853709438481,
            -0.017777918434426148,
            -0.0060803951904307004,
            0.000491938131594552,
            -0.012711675392990797,
            0.4104344942774176,
            -0.06903760027371211,
            -0.022398857382233198,
            0.001014428081934849,
            -0.008950735270045298,
            -0.043205453304797956,
            0.0058544071410674,
            -0.0012745934632092753,
            0.0024778195653166945,
            -0.001607997211842906,
            -0.0028089692858391,
            -0.001728803604121248,
            -0.0003892393988058831
        ],
        [
            -0.28691007137743396,
            -0.24080681285398733,
            -0.017777918434426148,
            1.2098120542938786,
            -0.07429121384057064,
            -0.06514095181705648,
            -0.23031247753383022,
            -0.05982315848540069,
            -0.5129026189181783,
            -0.2536452844917306,
            -0.20902284002859212,
            -0.17583024808804743,
            -0.026843975761647678,
            0.15222711559665936,
            -0.05901330956763602,
            -0.0510365405981338,
            -0.10702230716890415,
            -0.0027775995656938485,
            0.06392456233535782,
            0.008068564028129081
        ],
        [
            -0.08173558558947508,
            -0.06443179348024214,
            -0.0060803951904307004,
            -0.07429121384057064,
            1.4524352613046367,
            -0.0036023191727448944,
            -0.05629500840468414,
            -0.021697175076080634,
            -0.281358430284229,
            0.32929986942570244,
            -0.01665067382288709,
            -0.04126108188338749,
            -0.004458187238032338,
            0.03370897111658046,
            -0.05151005895784484,
            -0.00031975303987481947,
            -0.016311983232424845,
            -0.0003666641131898621,
            0.005409613830235352,
            -0.0027903652834606876
        ],
        [
            -0.5884597208510085,
            -0.5325792242220311,
            0.000491938131594552,
            -0.06514095181705648,
            -0.0036023191727448944,
            -0.3956612565002213,
            -0.5722467633175062,
            0.04717229440065146,
            0.12690131580839709,
            0.14654023791669152,
            -0.4340009440628527,
            -0.4614070712641347,
            -0.013620862877670836,
            0.08824844402836318,
            -0.03795828713932947,
            -0.18310848940270236,
            -0.2811802304800265,
            -0.009728883290273188,
            0.1819933735002524,
            0.02636978911037112
        ],
        [
            -0.4726975253260294,
            -0.3687088706801389,
            -0.012711675392990797,
            -0.23031247753383022,
            -0.05629500840468414,
            -0.5722467633175062,
            -0.42311411041262503,
            0.042681088339168546,
            0.058456253471521454,
            0.12529392664672745,
            -0.4497739299329506,
            -0.3953061339421531,
            -0.028245176527204985,
            0.09131399023749426,
            -0.09780339426896428,
            -0.27557094874313426,
            -0.29012030309272085,
            -0.0017916436200616226,
            0.14732971921200305,
            0.0490330169715883
        ],
        [
            0.00747055173620359,
            0.030435043371346397,
            0.4104344942774176,
            -0.05982315848540069,
            -0.021697175076080634,
            0.04717229440065146,
            0.042681088339168546,
            1.4155364271229993,
            0.00969164368910756,
            -0.017378480526987594,
            0.016625403097533686,
            0.036977969161717625,
            0.18406637683667892,
            0.13308174050132557,
            -0.053261896050971216,
            0.02812107686794594,
            0.028509366061105865,
            -0.03706142805812319,
            -0.0277137896558221,
            -0.005624415541130909
        ],
        [
            0.01895111956952944,
            0.12693380258914583,
            -0.06903760027371211,
            -0.5129026189181783,
            -0.281358430284229,
            0.12690131580839709,
            0.058456253471521454,
            0.00969164368910756,
            0.9873589954241142,
            -0.01609622204154419,
            -0.06414837512419092,
            -0.0697120588915136,
            0.13955236356051007,
            -0.6459918759367032,
            0.29852558775759835,
            -0.24125640184333372,
            -0.13877578387933354,
            -0.008758066765224323,
            0.1655429039473838,
            0.040254280653225755
        ],
        [
            0.02590632411353183,
            0.09906502242740008,
            -0.022398857382233198,
            -0.2536452844917306,
            0.32929986942570244,
            0.14654023791669152,
            0.12529392664672745,
            -0.017378480526987594,
            -0.01609622204154419,
            1.371213292801624,
            0.034560943632089,
            0.09386551003259781,
            -0.05446215600718188,
            0.2943132817906201,
            0.08211471019957384,
            0.039693014913605384,
            0.062904568043778,
            0.0015080292796717128,
            -0.044011343881808135,
            -0.04843598985707707
        ],
        [
            -0.21824561341426782,
            -0.29840309955299527,
            0.001014428081934849,
            -0.20902284002859212,
            -0.01665067382288709,
            -0.4340009440628527,
            -0.4497739299329506,
            0.016625403097533686,
            -0.06414837512419092,
            0.034560943632089,
            -0.33411718795073897,
            -0.5468287728522887,
            -0.027351612950642173,
            -0.0673283469492045,
            -0.14670492806503838,
            -0.5253750816967631,
            -0.4972665237497208,
            -0.002849640065265186,
            0.07383592512063653,
            0.01678511509157049
        ],
        [
            -0.30555566329644834,
            -0.30247625378795906,
            -0.008950735270045298,
            -0.17583024808804743,
            -0.04126108188338749,
            -0.4614070712641347,
            -0.3953061339421531,
            0.036977969161717625,
            -0.0697120588915136,
            0.09386551003259781,
            -0.5468287728522887,
            -0.4205902321192039,
            -0.02697398638715172,
            -0.026101796021157572,
            -0.13216521786266694,
            -0.43756145554988335,
            -0.3617319623616757,
            -0.0021578903430153245,
            0.19157054365247483,
            0.06507747195417249
        ],
        [
            -0.029425870336491272,
            -0.026728523236750533,
            -0.043205453304797956,
            -0.026843975761647678,
            -0.004458187238032338,
            -0.013620862877670836,
            -0.028245176527204985,
            0.18406637683667892,
            0.13955236356051007,
            -0.05446215600718188,
            -0.027351612950642173,
            -0.02697398638715172,
            1.4319407929207528,
            0.028495067350942024,
            -0.011648257279046174,
            -0.0038671760995082505,
            -0.014022268508488634,
            0.283507128793023,
            0.0033550512237306863,
            -0.000715915776543305
        ],
        [
            0.2665511996526988,
            0.14735076162812707,
            0.0058544071410674,
            0.15222711559665936,
            0.03370897111658046,
            0.08824844402836318,
            0.09131399023749426,
            0.13308174050132557,
            -0.6459918759367032,
            0.2943132817906201,
            -0.0673283469492045,
            -0.026101796021157572,
            0.028495067350942024,
            1.0544813513138975,
            -0.014495635794902019,
            -0.047845869273675734,
            -0.10661707044379509,
            -0.002334002623711854,
            -0.559085836035639,
            -0.3340301647069823
        ],
        [
            -0.05388330739882613,
            -0.06939035805057782,
            -0.0012745934632092753,
            -0.05901330956763602,
            -0.05151005895784484,
            -0.03795828713932947,
            -0.09780339426896428,
            -0.053261896050971216,
            0.29852558775759835,
            0.08211471019957384,
            -0.14670492806503838,
            -0.13216521786266694,
            -0.011648257279046174,
            -0.014495635794902019,
            1.3796274682571192,
            -0.03164151221757344,
            -0.10182730934765082,
            -0.0029271674819529854,
            -0.3105704516039033,
            0.1516382382046052
        ],
        [
            -0.005549401874764728,
            -0.12161074504145594,
            0.0024778195653166945,
            -0.0510365405981338,
            -0.00031975303987481947,
            -0.18310848940270236,
            -0.27557094874313426,
            0.02812107686794594,
            -0.24125640184333372,
            0.039693014913605384,
            -0.5253750816967631,
            -0.43756145554988335,
            -0.0038671760995082505,
            -0.047845869273675734,
            -0.03164151221757344,
            -0.2175859541181384,
            -0.4471270077068168,
            -0.0005683250534185393,
            0.22792408160918282,
            0.08642743994016469
        ],
        [
            -0.12465533850143522,
            -0.1859006653288477,
            -0.001607997211842906,
            -0.10702230716890415,
            -0.016311983232424845,
            -0.2811802304800265,
            -0.29012030309272085,
            0.028509366061105865,
            -0.13877578387933354,
            0.062904568043778,
            -0.4972665237497208,
            -0.3617319623616757,
            -0.014022268508488634,
            -0.10661707044379509,
            -0.10182730934765082,
            -0.4471270077068168,
            -0.30836165314458674,
            -0.0011716994828982483,
            0.2058863642527847,
            0.07516846651486236
        ],
        [
            -0.002874023527907216,
            -0.0027689789921832826,
            -0.0028089692858391,
            -0.0027775995656938485,
            -0.0003666641131898621,
            -0.009728883290273188,
            -0.0017916436200616226,
            -0.03706142805812319,
            -0.008758066765224323,
            0.0015080292796717128,
            -0.002849640065265186,
            -0.0021578903430153245,
            0.283507128793023,
            -0.002334002623711854,
            -0.0029271674819529854,
            -0.0005683250534185393,
            -0.0011716994828982483,
            1.4980925683492468,
            0.0007058298147174001,
            -0.0003830582147067095
        ],
        [
            0.04877999416766611,
            0.09649765155144586,
            -0.001728803604121248,
            0.06392456233535782,
            0.005409613830235352,
            0.1819933735002524,
            0.14732971921200305,
            -0.0277137896558221,
            0.1655429039473838,
            -0.044011343881808135,
            0.07383592512063653,
            0.19157054365247483,
            0.0033550512237306863,
            -0.559085836035639,
            -0.3105704516039033,
            0.22792408160918282,
            0.2058863642527847,
            0.0007058298147174001,
            1.2957917089128597,
            -0.07531294523554036
        ],
        [
            0.002759001926734447,
            0.022668435171749428,
            -0.0003892393988058831,
            0.008068564028129081,
            -0.0027903652834606876,
            0.02636978911037112,
            0.0490330169715883,
            -0.005624415541130909,
            0.040254280653225755,
            -0.04843598985707707,
            0.01678511509157049,
            0.06507747195417249,
            -0.000715915776543305,
            -0.3340301647069823,
            0.1516382382046052,
            0.08642743994016469,
            0.07516846651486236,
            -0.0003830582147067095,
            -0.07531294523554036,
            1.4674930865595779
        ]
    ]
}