{
    "HF": -2.159549132533385,
    "coordinates": [
        [
            0.787906,
            0.058792,
            0.02299
        ],
        [
            1.550582,
            -0.196796,
            -0.041607
        ],
        [
            2.28548,
            0.176439,
            -0.112588
        ],
        [
            2.946677,
            -0.109964,
            -0.021592
        ]
    ],
    "elements": [
        "H",
        "H",
        "H",
        "H"
    ],
    "Enn": 2.9974764357546246,
    "S": [
        [
            0.9999999999999999,
            0.6848602514927513,
            0.0,
            0.0,
            0.0,
            0.5173951394637188,
            0.545421658019855,
            0.041450871574452444,
            -0.4893971071244342,
            0.1640067706545374,
            0.12291314802328426,
            0.30942717678037646,
            0.01457179359775284,
            -0.1609578193022549,
            -0.012644586890165283,
            0.01659640196023692,
            0.1334145590672191,
            0.00042020902977134126,
            -0.020347563308252384,
            0.0015906149349085381
        ],
        [
            0.6848602514927513,
            1.0000000000000002,
            0.0,
            0.0,
            0.0,
            0.545421658019855,
            0.867752996684504,
            0.013786743858659373,
            -0.1627756499395777,
            0.054549379837253005,
            0.30942717678037646,
            0.6092274192168848,
            0.015788983932493728,
            -0.17440271890513484,
            -0.013700796535618518,
            0.13341455906721905,
            0.3599424447117887,
            0.002108216841663038,
            -0.10208508769220205,
            0.007980221643974864
        ],
        [
            0.0,
            0.0,
            1.0000000000000004,
            0.0,
            0.0,
            -0.04145087157445243,
            -0.013786743858659363,
            0.42478679960439863,
            0.05492702233682415,
            -0.018407145085231752,
            -0.01457179359775283,
            -0.015788983932493717,
            0.04968912123596467,
            0.027504694235120117,
            0.002160724453468861,
            -0.0004202090297713406,
            -0.0021082168416630357,
            0.0022559983240044287,
            0.000566609444904596,
            -4.42931387740154e-05
        ],
        [
            0.0,
            0.0,
            0.0,
            1.0000000000000004,
            0.0,
            0.4893971071244343,
            0.1627756499395775,
            0.05492702233682413,
            -0.21906668523827777,
            0.21732724097131767,
            0.16095781930225483,
            0.1744027189051347,
            0.02750469423512013,
            -0.2516335064052137,
            -0.023867034199347822,
            0.020347563308252364,
            0.10208508769220216,
            0.0005666094449045964,
            -0.025168934775116922,
            0.0021447836230837573
        ],
        [
            0.0,
            0.0,
            0.0,
            0.0,
            1.0000000000000004,
            -0.16400677065453734,
            -0.05454937983725296,
            -0.01840714508523175,
            0.21732724097131773,
            0.356608288672515,
            0.01264458689016527,
            0.013700796535618528,
            0.002160724453468862,
            -0.02386703419934781,
            0.050304213687194746,
            -0.0015906149349085364,
            -0.007980221643974864,
            -4.4293138774015436e-05,
            0.0021447836230837573,
            0.0021000371206973687
        ],
        [
            0.5173951394637188,
            0.545421658019855,
            -0.041450871574452444,
            0.4893971071244343,
            -0.1640067706545374,
            0.9999999999999999,
            0.6848602514927513,
            0.0,
            0.0,
            0.0,
            0.5015108480045398,
            0.5391219557522491,
            0.04378413534790793,
            -0.4533167114989487,
            -0.2302274095402491,
            0.1614081727807443,
            0.34571497162846027,
            -0.0030013217974540467,
            -0.2093495056116218,
            -0.013020773135974521
        ],
        [
            0.545421658019855,
            0.867752996684504,
            -0.013786743858659373,
            0.16277564993957752,
            -0.054549379837253026,
            0.6848602514927513,
            1.0000000000000002,
            0.0,
            0.0,
            0.0,
            0.5391219557522491,
            0.8614914852205924,
            0.014962532522693216,
            -0.15491378292588473,
            -0.07867655888346757,
            0.34571497162846027,
            0.6529153955188397,
            -0.0026244077890811546,
            -0.18305883548824672,
            -0.01138558966482613
        ],
        [
            0.04145087157445243,
            0.013786743858659366,
            0.42478679960439863,
            0.05492702233682413,
            -0.018407145085231752,
            0.0,
            0.0,
            1.0000000000000004,
            0.0,
            0.0,
            -0.04378413534790794,
            -0.014962532522693233,
            0.40592090649813145,
            0.05570073268622822,
            0.028288909432525846,
            0.0030013217974540476,
            0.002624407789081154,
            0.078754862088341,
            -0.0057191567272672555,
            -0.0003557106192215216
        ],
        [
            -0.4893971071244342,
            -0.16277564993957766,
            0.05492702233682415,
            -0.21906668523827763,
            0.21732724097131775,
            0.0,
            0.0,
            0.0,
            1.0000000000000004,
            0.0,
            0.4533167114989487,
            0.15491378292588467,
            0.05570073268622822,
            -0.16539373864009455,
            -0.29288771592601387,
            0.20934950561162188,
            0.1830588354882467,
            -0.0057191567272672555,
            -0.32008825742022007,
            -0.024811682085539365
        ],
        [
            0.16400677065453734,
            0.05454937983725295,
            -0.01840714508523175,
            0.21732724097131764,
            0.356608288672515,
            0.0,
            0.0,
            0.0,
            0.0,
            1.0000000000000004,
            0.2302274095402491,
            0.07867655888346754,
            0.028288909432525853,
            -0.292887715926014,
            0.2625510062577653,
            0.013020773135974516,
            0.011385589664826126,
            -0.0003557106192215218,
            -0.02481168208553938,
            0.07729365847615464
        ],
        [
            0.12291314802328426,
            0.30942717678037646,
            -0.01457179359775284,
            0.16095781930225486,
            0.012644586890165283,
            0.5015108480045398,
            0.5391219557522491,
            -0.04378413534790794,
            0.4533167114989487,
            0.2302274095402491,
            0.9999999999999999,
            0.6848602514927513,
            0.0,
            0.0,
            0.0,
            0.5817952193110978,
            0.5695148011545179,
            -0.06773116985830886,
            -0.492149614453429,
            0.21317871379982897
        ],
        [
            0.30942717678037646,
            0.6092274192168848,
            -0.015788983932493724,
            0.17440271890513473,
            0.01370079653561853,
            0.5391219557522491,
            0.8614914852205924,
            -0.014962532522693226,
            0.15491378292588473,
            0.07867655888346757,
            0.6848602514927513,
            1.0000000000000002,
            0.0,
            0.0,
            0.0,
            0.5695148011545179,
            0.8914504563257256,
            -0.020338128252375715,
            -0.14778132430091512,
            0.06401271424969404
        ],
        [
            0.01457179359775283,
            0.015788983932493714,
            0.04968912123596467,
            0.02750469423512012,
            0.002160724453468862,
            0.04378413534790793,
            0.014962532522693233,
            0.40592090649813145,
            0.05570073268622824,
            0.02828890943252585,
            0.0,
            0.0,
            1.0000000000000004,
            0.0,
            0.0,
            0.06773116985830885,
            0.020338128252375704,
            0.49339035086909816,
            -0.07876146531432404,
            0.03411618617510115
        ],
        [
            -0.16095781930225478,
            -0.1744027189051348,
            0.027504694235120128,
            -0.2516335064052136,
            -0.023867034199347822,
            -0.4533167114989487,
            -0.15491378292588467,
            0.055700732686228216,
            -0.16539373864009455,
            -0.29288771592601387,
            0.0,
            0.0,
            0.0,
            1.0000000000000004,
            0.0,
            0.492149614453429,
            0.14778132430091512,
            -0.07876146531432407,
            -0.06806842317481793,
            0.24789573113563632
        ],
        [
            -0.012644586890165274,
            -0.013700796535618516,
            0.002160724453468861,
            -0.023867034199347808,
            0.05030421368719476,
            -0.2302274095402491,
            -0.07867655888346754,
            0.02828890943252585,
            -0.292887715926014,
            0.2625510062577653,
            0.0,
            0.0,
            0.0,
            0.0,
            1.0000000000000004,
            -0.21317871379982894,
            -0.06401271424969404,
            0.03411618617510116,
            0.24789573113563632,
            0.39685164487572944
        ],
        [
            0.01659640196023692,
            0.1334145590672191,
            -0.00042020902977134126,
            0.020347563308252388,
            -0.0015906149349085381,
            0.1614081727807443,
            0.34571497162846027,
            0.0030013217974540467,
            0.2093495056116218,
            0.01302077313597451,
            0.5817952193110978,
            0.5695148011545179,
            0.06773116985830885,
            0.492149614453429,
            -0.21317871379982897,
            0.9999999999999999,
            0.6848602514927513,
            0.0,
            0.0,
            0.0
        ],
        [
            0.13341455906721905,
            0.3599424447117887,
            -0.002108216841663038,
            0.10208508769220209,
            -0.007980221643974864,
            0.34571497162846027,
            0.6529153955188397,
            0.0026244077890811546,
            0.18305883548824672,
            0.01138558966482613,
            0.5695148011545179,
            0.8914504563257256,
            0.020338128252375725,
            0.14778132430091512,
            -0.06401271424969404,
            0.6848602514927513,
            1.0000000000000002,
            0.0,
            0.0,
            0.0
        ],
        [
            0.0004202090297713406,
            0.002108216841663036,
            0.0022559983240044287,
            0.000566609444904596,
            -4.42931387740154e-05,
            -0.0030013217974540476,
            -0.002624407789081154,
            0.078754862088341,
            -0.0057191567272672555,
            -0.0003557106192215218,
            -0.06773116985830885,
            -0.020338128252375704,
            0.49339035086909816,
            -0.07876146531432401,
            0.03411618617510114,
            0.0,
            0.0,
            1.0000000000000004,
            0.0,
            0.0
        ],
        [
            -0.020347563308252364,
            -0.10208508769220205,
            0.0005666094449045964,
            -0.025168934775116922,
            0.0021447836230837573,
            -0.20934950561162188,
            -0.1830588354882467,
            -0.0057191567272672555,
            -0.32008825742022007,
            -0.02481168208553938,
            -0.492149614453429,
            -0.14778132430091512,
            -0.07876146531432408,
            -0.06806842317481793,
            0.24789573113563632,
            0.0,
            0.0,
            0.0,
            1.0000000000000004,
            0.0
        ],
        [
            0.0015906149349085364,
            0.007980221643974864,
            -4.4293138774015436e-05,
            0.0021447836230837573,
            0.0021000371206973687,
            -0.013020773135974516,
            -0.011385589664826126,
            -0.0003557106192215216,
            -0.024811682085539365,
            0.07729365847615464,
            0.21317871379982894,
            0.06401271424969404,
            0.03411618617510117,
            0.24789573113563632,
            0.39685164487572944,
            0.0,
            0.0,
            0.0,
            0.0,
            1.0000000000000004
        ]
    ],
    "h": [
        [
            -0.24524280664414988,
            -0.4605404824509901,
            0.02281639967292031,
            -0.258437107428663,
            0.07853190112426313,
            -0.5542775534023037,
            -0.45060495796832467,
            -0.000213910336323328,
            0.037115543319101274,
            -0.03297948565354247,
            -0.23343292218443662,
            -0.30615683325289483,
            -0.021921223290509273,
            0.2833316934899771,
            0.06472931381113559,
            -0.02643802592910592,
            -0.1554534369969443,
            0.00024241665570675448,
            0.0856166985381056,
            -0.0033650117600428847
        ],
        [
            -0.4605404824509901,
            -0.31519976049277165,
            0.02011884963834413,
            -0.22764016423329428,
            0.06490246219712173,
            -0.5251017368095653,
            -0.3702270761498001,
            -0.007266038605912788,
            0.10218612464221036,
            -0.10947327905055021,
            -0.3288351621827379,
            -0.3122955027112849,
            -0.022639868047210507,
            0.16103416390558697,
            0.09135788736180936,
            -0.15919230637735307,
            -0.21568448109878907,
            0.0093538252223913,
            0.1328241617590053,
            -0.027269713750878014
        ],
        [
            0.02281639967292031,
            0.02011884963834413,
            1.494596775243604,
            0.02065771218745953,
            -0.005957372924582241,
            0.0076128283610705505,
            0.019056471840555245,
            0.3347429971931799,
            0.07670390591148597,
            -0.0219134114476202,
            0.019169542326423754,
            0.014980197426240377,
            -0.04206318603369208,
            -0.015419155233680759,
            -0.0061328165883849685,
            0.004334763972789185,
            0.00960420957595257,
            -0.00723991984968015,
            -0.005320178737562402,
            0.0006040743105783361
        ],
        [
            -0.258437107428663,
            -0.22764016423329428,
            0.02065771218745953,
            1.2576312027194065,
            0.07023879851463061,
            -0.07991086421930382,
            -0.21653085048040022,
            0.07818425702906089,
            -0.5712753729865927,
            0.2615323309778867,
            -0.22323474464861048,
            -0.17403239535498216,
            -0.01741000592931541,
            0.12929960443024802,
            0.07119982253704919,
            -0.0819280314685413,
            -0.12336190575471595,
            0.0011668460085408675,
            0.11137773599652698,
            -0.011767602025163974
        ],
        [
            0.07853190112426313,
            0.06490246219712173,
            -0.005957372924582241,
            0.07023879851463061,
            1.4718144266493989,
            0.007145633544976826,
            0.0553783476323996,
            -0.025425716225230793,
            0.29654265904552646,
            0.24306215046941282,
            0.023162754035439187,
            0.045084299624171056,
            0.003817195010736003,
            -0.04520953648797068,
            -0.056914629796199934,
            0.004271546685007526,
            0.02252384367007856,
            8.499957257095571e-05,
            -0.011947619895138172,
            -0.007021781682804165
        ],
        [
            -0.5542775534023037,
            -0.5251017368095653,
            0.0076128283610705505,
            -0.07991086421930382,
            0.007145633544976826,
            -0.39910924888399535,
            -0.5826909292886102,
            -0.0025165268339060504,
            0.044833666937187724,
            -0.16953699042944503,
            -0.509926401479758,
            -0.5013856168034436,
            -0.016516016295218858,
            0.05531108466119672,
            0.04774427023732708,
            -0.2869870119742268,
            -0.3564105299677972,
            0.016720513417005013,
            0.24790336503724797,
            -0.03951847958186816
        ],
        [
            -0.45060495796832467,
            -0.3702270761498001,
            0.019056471840555245,
            -0.21653085048040022,
            0.0553783476323996,
            -0.5826909292886102,
            -0.4362531097035425,
            -0.0010298991389547923,
            0.002754853642539745,
            -0.14566389966631632,
            -0.5113032845432646,
            -0.41708707907191567,
            -0.035267799137848097,
            0.09171624060115602,
            0.13558758055158762,
            -0.34515632771882115,
            -0.329883382375745,
            0.021535103196206773,
            0.19932252370443654,
            -0.06245956969888962
        ],
        [
            -0.000213910336323328,
            -0.007266038605912788,
            0.3347429971931799,
            0.07818425702906089,
            -0.025425716225230793,
            -0.0025165268339060504,
            -0.0010298991389547923,
            1.413422672243236,
            0.03684867346514866,
            0.002322887394044032,
            5.6509620342259925e-06,
            0.006119678137328749,
            0.29408729793908206,
            0.08194384203851483,
            0.03720237338141552,
            0.013280432942715597,
            0.01112841173808827,
            -0.04294718216895885,
            -0.015125660247151819,
            0.003562227377387267
        ],
        [
            0.037115543319101274,
            0.10218612464221036,
            0.07670390591148597,
            -0.5712753729865927,
            0.29654265904552646,
            0.044833666937187724,
            0.002754853642539745,
            0.03684867346514866,
            0.9405745020219047,
            -0.017761417642473985,
            -0.09610106890358261,
            -0.11813599288437288,
            0.0644790560896229,
            -0.6205628375080279,
            -0.3492993141214056,
            -0.31412209380572487,
            -0.17489897743539562,
            0.022286397821433997,
            0.04870388247539459,
            -0.07546059917442889
        ],
        [
            -0.03297948565354247,
            -0.10947327905055021,
            -0.0219134114476202,
            0.2615323309778867,
            0.24306215046941282,
            -0.16953699042944503,
            -0.14566389966631632,
            0.002322887394044032,
            -0.017761417642473985,
            1.3469194705604055,
            -0.03906760162461531,
            -0.11885098468078503,
            0.03267522104454032,
            -0.371588645170983,
            0.11829381485608581,
            -0.07545571841325548,
            -0.09190764487123698,
            0.007551139227663796,
            0.07668870585960191,
            -0.06284365383514368
        ],
        [
            -0.23343292218443662,
            -0.3288351621827379,
            0.019169542326423754,
            -0.22323474464861048,
            0.023162754035439187,
            -0.509926401479758,
            -0.5113032845432646,
            5.6509620342259925e-06,
            -0.09610106890358261,
            -0.03906760162461531,
            -0.45033302950521725,
            -0.5989139228002556,
            -0.05375899561487201,
            -0.08798171179125801,
            0.2071690724248162,
            -0.6152689882336992,
            -0.5566456534133614,
            0.004830191514851617,
            0.08656170559596743,
            -0.005948983428866239
        ],
        [
            -0.30615683325289483,
            -0.3122955027112849,
            0.014980197426240377,
            -0.17403239535498216,
            0.045084299624171056,
            -0.5013856168034436,
            -0.41708707907191567,
            0.006119678137328749,
            -0.11813599288437288,
            -0.11885098468078503,
            -0.5989139228002556,
            -0.4327176909806201,
            -0.0444588540620138,
            -0.024968564116245817,
            0.16981307290533593,
            -0.48591350649314347,
            -0.3795565717338665,
            0.02725767750051267,
            0.2442627301303072,
            -0.07794997990979859
        ],
        [
            -0.021921223290509273,
            -0.022639868047210507,
            -0.04206318603369208,
            -0.01741000592931541,
            0.003817195010736003,
            -0.016516016295218858,
            -0.035267799137848097,
            0.29408729793908206,
            0.0644790560896229,
            0.03267522104454032,
            -0.05375899561487201,
            -0.0444588540620138,
            1.394395117755626,
            -0.013253409382268839,
            0.02288056123889276,
            -0.007627672160470375,
            -0.03692941893793556,
            0.42985927155320924,
            -0.1025626809986894,
            0.0486869634148024
        ],
        [
            0.2833316934899771,
            0.16103416390558697,
            -0.015419155233680759,
            0.12929960443024802,
            -0.04520953648797068,
            0.05531108466119672,
            0.09171624060115602,
            0.08194384203851483,
            -0.6205628375080279,
            -0.371588645170983,
            -0.08798171179125801,
            -0.024968564116245817,
            -0.013253409382268839,
            0.9288504186947555,
            0.013282726895428981,
            -0.008185642253051517,
            -0.10206640302466058,
            -0.11373690763843575,
            -0.41934746687613245,
            0.35682211564968913
        ],
        [
            0.06472931381113559,
            0.09135788736180936,
            -0.0061328165883849685,
            0.07119982253704919,
            -0.056914629796199934,
            0.04774427023732708,
            0.13558758055158762,
            0.03720237338141552,
            -0.3492993141214056,
            0.11829381485608581,
            0.2071690724248162,
            0.16981307290533593,
            0.02288056123889276,
            0.013282726895428981,
            1.3104919297627018,
            0.03974403642731694,
            0.1385334132655507,
            0.04663902132936433,
            0.3072345612700961,
            0.2936994627372964
        ],
        [
            -0.02643802592910592,
            -0.15919230637735307,
            0.004334763972789185,
            -0.0819280314685413,
            0.004271546685007526,
            -0.2869870119742268,
            -0.34515632771882115,
            0.013280432942715597,
            -0.31412209380572487,
            -0.07545571841325548,
            -0.6152689882336992,
            -0.48591350649314347,
            -0.007627672160470375,
            -0.008185642253051517,
            0.03974403642731694,
            -0.3087224615597013,
            -0.48904093939685667,
            0.038334845366933934,
            0.29622694042108266,
            -0.11424579967780836
        ],
        [
            -0.1554534369969443,
            -0.21568448109878907,
            0.00960420957595257,
            -0.12336190575471595,
            0.02252384367007856,
            -0.3564105299677972,
            -0.329883382375745,
            0.01112841173808827,
            -0.17489897743539562,
            -0.09190764487123698,
            -0.5566456534133614,
            -0.3795565717338665,
            -0.03692941893793556,
            -0.10206640302466058,
            0.1385334132655507,
            -0.48904093939685667,
            -0.3283402664504633,
            0.03017288408650196,
            0.2485127540695266,
            -0.08818566488037413
        ],
        [
            0.00024241665570675448,
            0.0093538252223913,
            -0.00723991984968015,
            0.0011668460085408675,
            8.499957257095571e-05,
            0.016720513417005013,
            0.021535103196206773,
            -0.04294718216895885,
            0.022286397821433997,
            0.007551139227663796,
            0.004830191514851617,
            0.02725767750051267,
            0.42985927155320924,
            -0.11373690763843575,
            0.04663902132936433,
            0.038334845366933934,
            0.03017288408650196,
            1.4626659686502794,
            -0.03300546819758884,
            0.013980192252547595
        ],
        [
            0.0856166985381056,
            0.1328241617590053,
            -0.005320178737562402,
            0.11137773599652698,
            -0.011947619895138172,
            0.24790336503724797,
            0.19932252370443654,
            -0.015125660247151819,
            0.04870388247539459,
            0.07668870585960191,
            0.08656170559596743,
            0.2442627301303072,
            -0.1025626809986894,
            -0.41934746687613245,
            0.3072345612700961,
            0.29622694042108266,
            0.2485127540695266,
            -0.03300546819758884,
            1.1968813584415927,
            0.09882708486484526
        ],
        [
            -0.0033650117600428847,
            -0.027269713750878014,
            0.0006040743105783361,
            -0.011767602025163974,
            -0.007021781682804165,
            -0.03951847958186816,
            -0.06245956969888962,
            0.003562227377387267,
            -0.07546059917442889,
            -0.06284365383514368,
            -0.005948983428866239,
            -0.07794997990979859,
            0.0486869634148024,
            0.35682211564968913,
            0.2936994627372964,
            -0.11424579967780836,
            -0.08818566488037413,
            0.013980192252547595,
            0.09882708486484526,
            1.4230920819723774
        ]
    ]
}