{
    "HF": -2.16247693298103,
    "coordinates": [
        [
            0.647005,
            -0.122947,
            0.13899
        ],
        [
            1.440041,
            0.09857,
            -0.101012
        ],
        [
            2.254681,
            0.16499,
            -0.094323
        ],
        [
            3.016716,
            -0.120557,
            0.083551
        ]
    ],
    "elements": [
        "H",
        "H",
        "H",
        "H"
    ],
    "Enn": 2.773904384518599,
    "S": [
        [
            0.9999999999999999,
            0.6848602514927513,
            0.0,
            0.0,
            0.0,
            0.4781363163341163,
            0.5295700471581272,
            0.13936158268552581,
            -0.46049096293613645,
            -0.12862792689956593,
            0.08418280981376394,
            0.26477470599825464,
            0.01582372087650914,
            -0.10903557145921018,
            -0.019528421982570248,
            0.00783626026381797,
            0.09663590108963413,
            0.0002086573384693065,
            -0.008918948577742,
            -8.995310863140345e-06
        ],
        [
            0.6848602514927513,
            1.0000000000000002,
            0.0,
            0.0,
            0.0,
            0.5295700471581272,
            0.8519441149589417,
            0.04963511790094775,
            -0.16400878059222848,
            -0.04581221161517087,
            0.26477470599825464,
            0.5527004662915398,
            0.02299739166824872,
            -0.15846675773593163,
            -0.028381615961307477,
            0.09663590108963419,
            0.2940723285833918,
            0.0018545592087586564,
            -0.07927216142330651,
            -7.995087409464812e-05
        ],
        [
            0.0,
            0.0,
            1.0000000000000004,
            0.0,
            0.0,
            -0.1393615826855258,
            -0.049635117900947726,
            0.3273194026124294,
            0.19017724674262904,
            0.05312179165471299,
            -0.01582372087650914,
            -0.022997391668248716,
            0.025079736942407622,
            0.02844214150036254,
            0.005094026966372509,
            -0.0002086573384693067,
            -0.0018545592087586557,
            0.0006745752111595589,
            0.00023192765976435715,
            2.3391337881995553e-07
        ],
        [
            0.0,
            0.0,
            0.0,
            1.0000000000000004,
            0.0,
            0.46049096293613645,
            0.1640087805922283,
            0.19017724674262904,
            -0.2435265439426454,
            -0.1755297587798725,
            0.10903557145921018,
            0.1584667577359316,
            0.02844214150036254,
            -0.16677718587979593,
            -0.035101108370257504,
            0.00891894857774201,
            0.07927216142330644,
            0.0002319276597643573,
            -0.009233625145064142,
            -9.998504786103931e-06
        ],
        [
            0.0,
            0.0,
            0.0,
            0.0,
            1.0000000000000004,
            0.12862792689956593,
            0.045812211615170864,
            0.053121791654713,
            -0.17552975877987254,
            0.3358437243293293,
            0.019528421982570245,
            0.028381615961307474,
            0.005094026966372509,
            -0.035101108370257504,
            0.022920728236093202,
            8.995310863140354e-06,
            7.99508740946481e-05,
            2.339133788199528e-07,
            -9.998504786103808e-06,
            0.0006799910365928026
        ],
        [
            0.4781363163341163,
            0.5295700471581272,
            -0.13936158268552581,
            0.46049096293613645,
            0.12862792689956593,
            0.9999999999999999,
            0.6848602514927513,
            0.0,
            0.0,
            0.0,
            0.509239389372064,
            0.5422058775429737,
            -0.004206740055408088,
            -0.5123305006335255,
            -0.041771815589805014,
            0.09585309814676951,
            0.2793742487538528,
            -0.014655967479596346,
            -0.12520222106214446,
            0.017400660944509507
        ],
        [
            0.5295700471581272,
            0.8519441149589417,
            -0.04963511790094775,
            0.16400878059222831,
            0.04581221161517087,
            0.6848602514927513,
            1.0000000000000002,
            0.0,
            0.0,
            0.0,
            0.5422058775429737,
            0.8645601694103014,
            -0.0014186290539698289,
            -0.17277200964658157,
            -0.014086611117457966,
            0.2793742487538528,
            0.5715537663776832,
            -0.01926780394913303,
            -0.16459997286292116,
            0.022876178193688174
        ],
        [
            0.1393615826855258,
            0.049635117900947726,
            0.3273194026124294,
            0.19017724674262904,
            0.05312179165471299,
            0.0,
            0.0,
            1.0000000000000004,
            0.0,
            0.0,
            0.004206740055408088,
            0.0014186290539698286,
            0.4200599252098764,
            -0.005943205847899312,
            -0.0004845670878148289,
            0.014655967479596339,
            0.01926780394913302,
            0.03251525254036089,
            -0.02694748194718426,
            0.003745173150231115
        ],
        [
            -0.46049096293613645,
            -0.16400878059222812,
            0.19017724674262904,
            -0.2435265439426454,
            -0.1755297587798725,
            0.0,
            0.0,
            0.0,
            1.0000000000000004,
            0.0,
            0.5123305006335255,
            0.17277200964658151,
            -0.005943205847899312,
            -0.3037024894151187,
            -0.05901446141687437,
            0.12520222106214446,
            0.16459997286292116,
            -0.026947481947184253,
            -0.19453583767749247,
            0.031994066398143964
        ],
        [
            -0.12862792689956593,
            -0.045812211615170864,
            0.053121791654713,
            -0.17552975877987254,
            0.3358437243293293,
            0.0,
            0.0,
            0.0,
            0.0,
            1.0000000000000004,
            0.041771815589805014,
            0.014086611117457942,
            -0.0004845670878148291,
            -0.05901446141687441,
            0.4152971018481556,
            -0.017400660944509504,
            -0.022876178193688174,
            0.0037451731502311163,
            0.03199406639814398,
            0.031223131033387082
        ],
        [
            0.08418280981376394,
            0.26477470599825464,
            -0.01582372087650914,
            0.10903557145921018,
            0.019528421982570248,
            0.509239389372064,
            0.5422058775429737,
            0.004206740055408088,
            0.5123305006335255,
            0.041771815589805035,
            0.9999999999999999,
            0.6848602514927513,
            0.0,
            0.0,
            0.0,
            0.49709475855185503,
            0.5373435176330987,
            -0.10849839051996955,
            -0.4648210026191856,
            0.17417604550302881
        ],
        [
            0.26477470599825464,
            0.5527004662915398,
            -0.02299739166824872,
            0.15846675773593163,
            0.028381615961307477,
            0.5422058775429737,
            0.8645601694103014,
            0.0014186290539698289,
            0.17277200964658157,
            0.014086611117457945,
            0.6848602514927513,
            1.0000000000000002,
            0.0,
            0.0,
            0.0,
            0.5373435176330987,
            0.859718798330651,
            -0.037363145256333566,
            -0.16006850014847682,
            0.059980289634855445
        ],
        [
            0.01582372087650914,
            0.022997391668248716,
            0.025079736942407622,
            0.02844214150036254,
            0.005094026966372509,
            -0.004206740055408088,
            -0.0014186290539698286,
            0.4200599252098764,
            -0.005943205847899312,
            -0.0004845670878148291,
            0.0,
            0.0,
            1.0000000000000004,
            0.0,
            0.0,
            0.10849839051996957,
            0.037363145256333566,
            0.37291090061869225,
            -0.14297114116972448,
            0.05357362909524012
        ],
        [
            -0.10903557145921018,
            -0.1584667577359316,
            0.02844214150036254,
            -0.16677718587979593,
            -0.035101108370257504,
            -0.5123305006335255,
            -0.17277200964658151,
            -0.005943205847899312,
            -0.3037024894151187,
            -0.05901446141687441,
            0.0,
            0.0,
            0.0,
            1.0000000000000004,
            0.0,
            0.4648210026191855,
            0.16006850014847682,
            -0.14297114116972442,
            -0.20622349699336606,
            0.2295162893261033
        ],
        [
            -0.019528421982570245,
            -0.028381615961307474,
            0.005094026966372509,
            -0.035101108370257504,
            0.022920728236093202,
            -0.041771815589805014,
            -0.014086611117457962,
            -0.0004845670878148289,
            -0.05901446141687437,
            0.4152971018481556,
            0.0,
            0.0,
            0.0,
            0.0,
            1.0000000000000004,
            -0.17417604550302881,
            -0.059980289634855466,
            0.053573629095240126,
            0.22951628932610338,
            0.3202796709458068
        ],
        [
            0.00783626026381797,
            0.09663590108963413,
            -0.0002086573384693065,
            0.008918948577742,
            8.995310863140345e-06,
            0.09585309814676951,
            0.2793742487538528,
            0.014655967479596346,
            0.12520222106214446,
            -0.017400660944509507,
            0.49709475855185503,
            0.5373435176330987,
            0.10849839051996955,
            0.4648210026191856,
            -0.17417604550302881,
            0.9999999999999999,
            0.6848602514927513,
            0.0,
            0.0,
            0.0
        ],
        [
            0.09663590108963419,
            0.2940723285833918,
            -0.0018545592087586596,
            0.07927216142330645,
            7.995087409464812e-05,
            0.2793742487538528,
            0.5715537663776832,
            0.01926780394913303,
            0.16459997286292116,
            -0.022876178193688174,
            0.5373435176330987,
            0.859718798330651,
            0.037363145256333566,
            0.16006850014847682,
            -0.059980289634855445,
            0.6848602514927513,
            1.0000000000000002,
            0.0,
            0.0,
            0.0
        ],
        [
            0.0002086573384693067,
            0.0018545592087586557,
            0.0006745752111595589,
            0.0002319276597643573,
            2.339133788199528e-07,
            -0.014655967479596339,
            -0.019267803949133015,
            0.03251525254036089,
            -0.026947481947184243,
            0.003745173150231115,
            -0.10849839051996957,
            -0.037363145256333566,
            0.37291090061869225,
            -0.14297114116972448,
            0.05357362909524012,
            0.0,
            0.0,
            1.0000000000000004,
            0.0,
            0.0
        ],
        [
            -0.00891894857774201,
            -0.07927216142330648,
            0.00023192765976435715,
            -0.009233625145064142,
            -9.998504786103808e-06,
            -0.12520222106214446,
            -0.16459997286292116,
            -0.02694748194718427,
            -0.19453583767749247,
            0.03199406639814398,
            -0.4648210026191855,
            -0.16006850014847682,
            -0.14297114116972442,
            -0.20622349699336606,
            0.2295162893261033,
            0.0,
            0.0,
            0.0,
            1.0000000000000004,
            0.0
        ],
        [
            -8.995310863140354e-06,
            -7.99508740946481e-05,
            2.3391337881995553e-07,
            -9.998504786103931e-06,
            0.0006799910365928026,
            0.017400660944509504,
            0.022876178193688174,
            0.0037451731502311163,
            0.031994066398143964,
            0.031223131033387082,
            0.17417604550302881,
            0.059980289634855445,
            0.053573629095240126,
            0.22951628932610338,
            0.3202796709458068,
            0.0,
            0.0,
            0.0,
            0.0,
            1.0000000000000004
        ]
    ],
    "h": [
        [
            -0.21202241345332484,
            -0.44100088593146225,
            0.06649491293112313,
            -0.220359552676801,
            -0.06218605873466675,
            -0.5219046589839205,
            -0.430707208002287,
            -0.014382125228297848,
            0.04434363617409276,
            0.01004726048570237,
            -0.19414636146352104,
            -0.2744123891078175,
            -0.012578343666827335,
            0.2641530757454819,
            0.025007868634007592,
            0.003594551623674766,
            -0.1086408228555222,
            0.0019350811686747174,
            0.0444153172429019,
            -0.002786517247446333
        ],
        [
            -0.44100088593146225,
            -0.3025646916008162,
            0.05937750418455168,
            -0.20010704027134926,
            -0.0558435176977297,
            -0.5036654743666851,
            -0.35877683023998685,
            -0.05205278571239813,
            0.08847169497474239,
            0.03961689574445845,
            -0.29503322916141617,
            -0.2915319098263577,
            -0.008680807407649933,
            0.1760040218986826,
            0.026863862175764912,
            -0.1086668082948099,
            -0.1726192289953889,
            0.014059924400284106,
            0.09331062201974735,
            -0.021807986524669688
        ],
        [
            0.06649491293112313,
            0.05937750418455168,
            1.4780495287069493,
            0.05813607324159987,
            0.0162267440210733,
            0.019411662398934854,
            0.053618430514339455,
            0.20520532444153827,
            0.2504378736977278,
            0.0690932086085391,
            0.040563428707759155,
            0.042052857436030565,
            -0.036045957046734134,
            -0.05554935603997509,
            -0.00656029273639816,
            0.003598200383810514,
            0.018987890226715723,
            -0.0027757797933694035,
            -0.00590668611102418,
            0.0007964386481534221
        ],
        [
            -0.220359552676801,
            -0.20010704027134926,
            0.05813607324159987,
            1.2984668957712175,
            -0.05438961083010645,
            -0.07734267697814023,
            -0.18804249120541972,
            0.24267341284457417,
            -0.5611428887551715,
            -0.22796448316610457,
            -0.19449480228936786,
            -0.15084153367886854,
            -0.01704770213327602,
            0.20087998280700026,
            0.031958353820565666,
            -0.043152854113952824,
            -0.09089209548437231,
            0.0029593408680729126,
            0.057531595631846164,
            -0.005431631719469271
        ],
        [
            -0.06218605873466675,
            -0.0558435176977297,
            0.0162267440210733,
            -0.05438961083010645,
            1.480349528630521,
            -0.019701387491474626,
            -0.05099679374208815,
            0.06802464481765763,
            -0.23165269120377702,
            0.2155457848708457,
            -0.0423818494097098,
            -0.040014385985393905,
            -0.0034744012451894696,
            0.05665753503876007,
            -0.03227519097721745,
            -0.0038175704968620872,
            -0.01830845374773677,
            0.0005678319772351172,
            0.005241196979826555,
            -0.003079766860125207
        ],
        [
            -0.5219046589839205,
            -0.5036654743666851,
            0.019411662398934854,
            -0.07734267697814023,
            -0.019701387491474626,
            -0.381887394364949,
            -0.5726078108297574,
            -0.06416604250687066,
            0.002854342568043483,
            0.04060487552484709,
            -0.4876781883826641,
            -0.4832523123420317,
            -0.013654541015802935,
            0.052196653131623916,
            0.023360875348361718,
            -0.21206000369918512,
            -0.30596075836438846,
            0.03375591194461415,
            0.20678113410421248,
            -0.0485289950029423
        ],
        [
            -0.430707208002287,
            -0.35877683023998685,
            0.053618430514339455,
            -0.18804249120541972,
            -0.05099679374208815,
            -0.5726078108297574,
            -0.42996701082334443,
            -0.055690605512395075,
            -0.01839303592247525,
            0.03548251358449615,
            -0.4869153924229853,
            -0.4017383890432118,
            -0.024224650343563695,
            0.12370497038553696,
            0.05488311725989028,
            -0.28793119270628253,
            -0.29908443086609837,
            0.03410903365474311,
            0.15908040553207478,
            -0.053222240110004274
        ],
        [
            -0.014382125228297848,
            -0.05205278571239813,
            0.20520532444153827,
            0.24267341284457417,
            0.06802464481765763,
            -0.06416604250687066,
            -0.055690605512395075,
            1.4045264381224591,
            0.05438594677877518,
            0.015476331546799496,
            -0.014776390683310898,
            -0.03178793384445679,
            0.3168705801718477,
            0.00794689179428805,
            0.001994802999908142,
            -0.010671708294700127,
            -0.011984261289756569,
            -0.039795284676962625,
            0.014015603328403528,
            -0.0029837120496920676
        ],
        [
            0.04434363617409276,
            0.08847169497474239,
            0.2504378736977278,
            -0.5611428887551715,
            -0.23165269120377702,
            0.002854342568043483,
            -0.01839303592247525,
            0.05438594677877518,
            0.9607298386642675,
            -0.07000551847177139,
            -0.06454264992710967,
            -0.13328798799096964,
            -0.019989585796425867,
            -0.7691945452958192,
            -0.05892498608839575,
            -0.2780372986424749,
            -0.18075674823661575,
            0.04402174409893301,
            0.19152254526794021,
            -0.06548348670750559
        ],
        [
            0.01004726048570237,
            0.03961689574445845,
            0.0690932086085391,
            -0.22796448316610457,
            0.2155457848708457,
            0.04060487552484709,
            0.03548251358449615,
            0.015476331546799496,
            -0.07000551847177139,
            1.4056408365029018,
            0.011610108573275706,
            0.01396537212900641,
            0.0003953631720523611,
            -0.09400152952719895,
            0.3100967227520275,
            0.0024487475128322986,
            -0.0020559369719814063,
            -0.0002948911818990785,
            -0.00484889644633725,
            -0.04175575753803353
        ],
        [
            -0.19414636146352104,
            -0.29503322916141617,
            0.040563428707759155,
            -0.19449480228936786,
            -0.0423818494097098,
            -0.4876781883826641,
            -0.4869153924229853,
            -0.014776390683310898,
            -0.06454264992710967,
            0.011610108573275706,
            -0.3968042259553275,
            -0.5778107815619802,
            -0.04819692349949946,
            -0.015453856784168038,
            0.09750326110949317,
            -0.5403384385031827,
            -0.514655919563941,
            0.015532384663210386,
            0.07982396260354852,
            -0.022602624911982117
        ],
        [
            -0.2744123891078175,
            -0.2915319098263577,
            0.042052857436030565,
            -0.15084153367886854,
            -0.040014385985393905,
            -0.4832523123420317,
            -0.4017383890432118,
            -0.03178793384445679,
            -0.13328798799096964,
            0.01396537212900641,
            -0.5778107815619802,
            -0.4287252966031274,
            -0.04146578774441448,
            0.010394539067925368,
            0.08353457816940893,
            -0.44179955513898794,
            -0.3632524563597459,
            0.04356379732536544,
            0.19771994650806657,
            -0.06795646765930147
        ],
        [
            -0.012578343666827335,
            -0.008680807407649933,
            -0.036045957046734134,
            -0.01704770213327602,
            -0.0034744012451894696,
            -0.013654541015802935,
            -0.024224650343563695,
            0.3168705801718477,
            -0.019989585796425867,
            0.0003953631720523611,
            -0.04819692349949946,
            -0.04146578774441448,
            1.4056936040934753,
            -0.04567921098995108,
            0.016641386863748973,
            -0.008796665487495997,
            -0.0392824894261747,
            0.2627396197966813,
            -0.18632157184749237,
            0.07046021623946734
        ],
        [
            0.2641530757454819,
            0.1760040218986826,
            -0.05554935603997509,
            0.20087998280700026,
            0.05665753503876007,
            0.052196653131623916,
            0.12370497038553696,
            0.00794689179428805,
            -0.7691945452958192,
            -0.09400152952719895,
            -0.015453856784168038,
            0.010394539067925368,
            -0.04567921098995108,
            0.9550984837825436,
            0.05276835148300818,
            -0.03518227089534354,
            -0.08807315522620526,
            -0.19214311041057308,
            -0.5322389325640983,
            0.30786358590381474
        ],
        [
            0.025007868634007592,
            0.026863862175764912,
            -0.00656029273639816,
            0.031958353820565666,
            -0.03227519097721745,
            0.023360875348361718,
            0.05488311725989028,
            0.001994802999908142,
            -0.05892498608839575,
            0.3100967227520275,
            0.09750326110949317,
            0.08353457816940893,
            0.016641386863748973,
            0.05276835148300818,
            1.3876137175903898,
            0.018453409712951063,
            0.07274289229494077,
            0.06942803422760771,
            0.29416725177401826,
            0.19449567719114047
        ],
        [
            0.003594551623674766,
            -0.1086668082948099,
            0.003598200383810514,
            -0.043152854113952824,
            -0.0038175704968620872,
            -0.21206000369918512,
            -0.28793119270628253,
            -0.010671708294700127,
            -0.2780372986424749,
            0.0024487475128322986,
            -0.5403384385031827,
            -0.44179955513898794,
            -0.008796665487495997,
            -0.03518227089534354,
            0.018453409712951063,
            -0.229038339542174,
            -0.44918128345544805,
            0.05410144490614293,
            0.2310539684923365,
            -0.08567775316304643
        ],
        [
            -0.1086408228555222,
            -0.1726192289953889,
            0.018987890226715723,
            -0.09089209548437231,
            -0.01830845374773677,
            -0.30596075836438846,
            -0.29908443086609837,
            -0.011984261289756569,
            -0.18075674823661575,
            -0.0020559369719814063,
            -0.514655919563941,
            -0.3632524563597459,
            -0.0392824894261747,
            -0.08807315522620526,
            0.07274289229494077,
            -0.44918128345544805,
            -0.307523748547347,
            0.04753760044541725,
            0.20702419446680076,
            -0.07487119784966047
        ],
        [
            0.0019350811686747174,
            0.014059924400284106,
            -0.0027757797933694035,
            0.0029593408680729126,
            0.0005678319772351172,
            0.03375591194461415,
            0.03410903365474311,
            -0.039795284676962625,
            0.04402174409893301,
            -0.0002948911818990785,
            0.015532384663210386,
            0.04356379732536544,
            0.2627396197966813,
            -0.19214311041057308,
            0.06942803422760771,
            0.05410144490614293,
            0.04753760044541725,
            1.47529282099563,
            -0.04708749930727123,
            0.017315279084379444
        ],
        [
            0.0444153172429019,
            0.09331062201974735,
            -0.00590668611102418,
            0.057531595631846164,
            0.005241196979826555,
            0.20678113410421248,
            0.15908040553207478,
            0.014015603328403528,
            0.19152254526794021,
            -0.00484889644633725,
            0.07982396260354852,
            0.19771994650806657,
            -0.18632157184749237,
            -0.5322389325640983,
            0.29416725177401826,
            0.2310539684923365,
            0.20702419446680076,
            -0.04708749930727123,
            1.2789827372823557,
            0.07456636653306846
        ],
        [
            -0.002786517247446333,
            -0.021807986524669688,
            0.0007964386481534221,
            -0.005431631719469271,
            -0.003079766860125207,
            -0.0485289950029423,
            -0.053222240110004274,
            -0.0029837120496920676,
            -0.06548348670750559,
            -0.04175575753803353,
            -0.022602624911982117,
            -0.06795646765930147,
            0.07046021623946734,
            0.30786358590381474,
            0.19449567719114047,
            -0.08567775316304643,
            -0.07487119784966047,
            0.017315279084379444,
            0.07456636653306846,
            1.4585614395202773
        ]
    ]
}