{
    "HF": -2.1454687717222694,
    "coordinates": [
        [
            0.8162,
            0.046087,
            0.047982
        ],
        [
            1.532198,
            -0.040524,
            0.068831
        ],
        [
            2.228794,
            -0.199704,
            -0.194163
        ],
        [
            2.970073,
            -0.117395,
            -0.076576
        ]
    ],
    "elements": [
        "H",
        "H",
        "H",
        "H"
    ],
    "Enn": 3.103401776625721,
    "S": [
        [
            0.9999999999999999,
            0.6848602514927513,
            0.0,
            0.0,
            0.0,
            0.585654217768418,
            0.5708897561448054,
            -0.01564867207252015,
            -0.5374079287534311,
            0.06500777672181125,
            0.1409820699155695,
            0.3272394779571224,
            0.030768804887279833,
            -0.17949505119222853,
            0.031232093671351456,
            0.016722935363599388,
            0.133848997464923,
            0.0011849571842993743,
            -0.020490432452499607,
            0.0015552527369067446
        ],
        [
            0.6848602514927513,
            1.0000000000000002,
            0.0,
            0.0,
            0.0,
            0.5708897561448054,
            0.8927912013508494,
            -0.004671880307665001,
            -0.16044208146805744,
            0.019407944041784905,
            0.3272394779571224,
            0.6309016405480669,
            0.029939295332510878,
            -0.17465596626373817,
            0.030390094113333675,
            0.133848997464923,
            0.36067618234159304,
            0.0059107417791474815,
            -0.1022093091417471,
            0.007757830789982085
        ],
        [
            0.0,
            0.0,
            1.0000000000000004,
            0.0,
            0.0,
            0.01564867207252015,
            0.004671880307664999,
            0.5081915935325146,
            -0.019717281616653114,
            0.0023851092853610528,
            -0.030768804887279833,
            -0.029939295332510857,
            0.05448153636011298,
            0.05706807732485024,
            -0.009929831072305464,
            -0.0011849571842993739,
            -0.005910741779147479,
            0.002202930744494854,
            0.0015987463713138263,
            -0.00012134710555131476
        ],
        [
            0.0,
            0.0,
            0.0,
            1.0000000000000004,
            0.0,
            0.5374079287534308,
            0.1604420814680572,
            -0.019717281616653128,
            -0.16836670110672144,
            0.08190961092138438,
            0.17949505119222844,
            0.17465596626373803,
            0.05706807732485024,
            -0.26865225453591013,
            0.05792735672325369,
            0.0204904324524996,
            0.10220930914174692,
            0.0015987463713138268,
            -0.025350342545796482,
            0.0020983497990906008
        ],
        [
            0.0,
            0.0,
            0.0,
            0.0,
            1.0000000000000004,
            -0.06500777672181124,
            -0.019407944041784884,
            0.002385109285361054,
            0.08190961092138438,
            0.4988575064162288,
            -0.03123209367135145,
            -0.03039009411333365,
            -0.009929831072305464,
            0.05792735672325369,
            0.05418472542042375,
            -0.0015552527369067444,
            -0.007757830789982082,
            -0.00012134710555131475,
            0.0020983497990906,
            0.002136118183430751
        ],
        [
            0.585654217768418,
            0.5708897561448054,
            0.01564867207252016,
            0.5374079287534311,
            -0.06500777672181125,
            0.9999999999999999,
            0.6848602514927513,
            0.0,
            0.0,
            0.0,
            0.5535109208832383,
            0.5592067747623142,
            0.18380337073501807,
            -0.48684263838920544,
            0.1112490039833615,
            0.1434117516230082,
            0.32952250723998455,
            0.018866525067697128,
            -0.18656395312271767,
            0.009973994707812869
        ],
        [
            0.5708897561448054,
            0.8927912013508494,
            0.004671880307665001,
            0.16044208146805725,
            -0.019407944041784905,
            0.6848602514927513,
            1.0000000000000002,
            0.0,
            0.0,
            0.0,
            0.5592067747623142,
            0.8813593588732653,
            0.057645722040391756,
            -0.1526870551816725,
            0.03489070486166815,
            0.32952250723998455,
            0.6336469494238866,
            0.018112601163029343,
            -0.17910868388241855,
            0.009575424594436499
        ],
        [
            -0.01564867207252015,
            -0.004671880307664999,
            0.5081915935325146,
            -0.019717281616653128,
            0.002385109285361054,
            0.0,
            0.0,
            1.0000000000000004,
            0.0,
            0.0,
            -0.183803370735018,
            -0.0576457220403917,
            0.38655354617540477,
            0.22409125653460035,
            -0.05120736584071353,
            -0.01886652506769712,
            -0.01811260116302934,
            0.06232853293124911,
            0.035796757740116314,
            -0.0019137495013408544
        ],
        [
            -0.5374079287534308,
            -0.160442081468057,
            -0.019717281616653114,
            -0.16836670110672144,
            0.08190961092138438,
            0.0,
            0.0,
            0.0,
            1.0000000000000004,
            0.0,
            0.4868426383892051,
            0.1526870551816721,
            0.22409125653460035,
            -0.12239641455019658,
            0.1356336882787352,
            0.18656395312271762,
            0.17910868388241832,
            0.035796757740116335,
            -0.2880321136655427,
            0.018924347275168885
        ],
        [
            0.06500777672181124,
            0.019407944041784884,
            0.0023851092853610528,
            0.08190961092138438,
            0.4988575064162288,
            0.0,
            0.0,
            0.0,
            0.0,
            1.0000000000000004,
            -0.1112490039833615,
            -0.034890704861668155,
            -0.05120736584071353,
            0.1356336882787352,
            0.4401635086512897,
            -0.009973994707812867,
            -0.009575424594436499,
            -0.001913749501340856,
            0.018924347275168885,
            0.06493680253279832
        ],
        [
            0.1409820699155695,
            0.3272394779571224,
            -0.030768804887279833,
            0.17949505119222853,
            -0.031232093671351456,
            0.5535109208832383,
            0.5592067747623142,
            -0.18380337073501807,
            0.48684263838920544,
            -0.1112490039833615,
            0.9999999999999999,
            0.6848602514927513,
            0.0,
            0.0,
            0.0,
            0.5586127791474629,
            0.5610967270029354,
            -0.08313932044674861,
            -0.5241177368369406,
            -0.05819618092690036
        ],
        [
            0.3272394779571224,
            0.6309016405480669,
            -0.029939295332510885,
            0.17465596626373817,
            -0.030390094113333682,
            0.5592067747623142,
            0.8813593588732653,
            -0.057645722040391756,
            0.1526870551816725,
            -0.03489070486166814,
            0.6848602514927513,
            1.0000000000000002,
            0.0,
            0.0,
            0.0,
            0.5610967270029354,
            0.8832148032600566,
            -0.025866919173730397,
            -0.16306737971190438,
            -0.01810642545749594
        ],
        [
            0.030768804887279833,
            0.02993929533251087,
            0.05448153636011298,
            0.05706807732485024,
            -0.009929831072305464,
            0.183803370735018,
            0.05764572204039169,
            0.38655354617540477,
            0.22409125653460035,
            -0.05120736584071353,
            0.0,
            0.0,
            1.0000000000000004,
            0.0,
            0.0,
            0.0831393204467486,
            0.025866919173730372,
            0.4599727909474133,
            -0.10796465099529792,
            -0.011988013229528938
        ],
        [
            -0.17949505119222844,
            -0.1746559662637381,
            0.05706807732485024,
            -0.26865225453591013,
            0.05792735672325369,
            -0.4868426383892051,
            -0.15268705518167247,
            0.22409125653460035,
            -0.12239641455019658,
            0.1356336882787352,
            0.0,
            0.0,
            0.0,
            1.0000000000000004,
            0.0,
            0.5241177368369406,
            0.16306737971190435,
            -0.10796465099529792,
            -0.20351992892730103,
            -0.07557351117701772
        ],
        [
            0.03123209367135145,
            0.030390094113333644,
            -0.009929831072305464,
            0.05792735672325369,
            0.05418472542042375,
            0.1112490039833615,
            0.03489070486166814,
            -0.05120736584071353,
            0.1356336882787352,
            0.4401635086512897,
            0.0,
            0.0,
            0.0,
            0.0,
            1.0000000000000004,
            0.058196180926900355,
            0.01810642545749596,
            -0.01198801322952893,
            -0.07557351117701766,
            0.46870750390314914
        ],
        [
            0.016722935363599388,
            0.133848997464923,
            -0.0011849571842993743,
            0.020490432452499607,
            -0.0015552527369067446,
            0.1434117516230082,
            0.32952250723998455,
            -0.018866525067697128,
            0.18656395312271767,
            -0.009973994707812872,
            0.5586127791474629,
            0.5610967270029354,
            0.08313932044674864,
            0.5241177368369406,
            0.05819618092690036,
            0.9999999999999999,
            0.6848602514927513,
            0.0,
            0.0,
            0.0
        ],
        [
            0.133848997464923,
            0.36067618234159304,
            -0.0059107417791474815,
            0.10220930914174702,
            -0.007757830789982088,
            0.32952250723998455,
            0.6336469494238866,
            -0.018112601163029343,
            0.17910868388241835,
            -0.009575424594436499,
            0.5610967270029354,
            0.8832148032600566,
            0.025866919173730376,
            0.16306737971190438,
            0.01810642545749596,
            0.6848602514927513,
            1.0000000000000002,
            0.0,
            0.0,
            0.0
        ],
        [
            0.0011849571842993739,
            0.005910741779147478,
            0.002202930744494854,
            0.0015987463713138263,
            -0.00012134710555131476,
            0.01886652506769712,
            0.01811260116302934,
            0.06232853293124911,
            0.035796757740116335,
            -0.0019137495013408549,
            -0.0831393204467486,
            -0.025866919173730393,
            0.4599727909474133,
            -0.10796465099529792,
            -0.01198801322952893,
            0.0,
            0.0,
            1.0000000000000004,
            0.0,
            0.0
        ],
        [
            -0.020490432452499607,
            -0.10220930914174692,
            0.0015987463713138268,
            -0.025350342545796482,
            0.0020983497990906008,
            -0.18656395312271762,
            -0.17910868388241852,
            0.035796757740116314,
            -0.28803211366554277,
            0.018924347275168875,
            -0.5241177368369406,
            -0.16306737971190435,
            -0.10796465099529792,
            -0.20351992892730103,
            -0.07557351117701766,
            0.0,
            0.0,
            0.0,
            1.0000000000000004,
            0.0
        ],
        [
            0.0015552527369067444,
            0.007757830789982084,
            -0.00012134710555131475,
            0.0020983497990906,
            0.002136118183430751,
            0.009973994707812867,
            0.009575424594436499,
            -0.0019137495013408555,
            0.018924347275168896,
            0.06493680253279832,
            -0.058196180926900355,
            -0.018106425457495936,
            -0.011988013229528938,
            -0.07557351117701772,
            0.46870750390314914,
            0.0,
            0.0,
            0.0,
            0.0,
            1.0000000000000004
        ]
    ],
    "h": [
        [
            -0.2997346048440781,
            -0.4816793752296644,
            -0.004384854977496305,
            -0.3144175310568492,
            0.040207640061653796,
            -0.6088229557799442,
            -0.4765526057057816,
            0.016343226385972062,
            0.010598235321697569,
            0.005627517017818384,
            -0.27587473705824717,
            -0.33280504462775706,
            -0.07921486376669175,
            0.32288728231472424,
            -0.05821820871390219,
            -0.024957677560636764,
            -0.1579551896267925,
            -0.004797110354819787,
            0.08486898800634131,
            -0.004327995261147012
        ],
        [
            -0.4816793752296644,
            -0.3176735945650828,
            -0.0009481163181336086,
            -0.2593340337279637,
            0.03383186112513313,
            -0.5594021376100307,
            -0.3714633978463515,
            0.04617245585520844,
            0.11616469107487074,
            -0.002246633278334298,
            -0.3549947635452333,
            -0.3204685908776669,
            -0.07636476608683582,
            0.1811847499753247,
            -0.05029712105556912,
            -0.1560126422992703,
            -0.21222996595532972,
            0.006505838809009058,
            0.1321715016785207,
            0.004644825066754869
        ],
        [
            -0.004384854977496305,
            -0.0009481163181336086,
            1.475725240847585,
            -0.003138077978810766,
            7.026846755439121e-05,
            0.010067368313947622,
            0.002579068475330904,
            0.45324714809608835,
            -0.02404612362565145,
            0.0021517886710066135,
            0.019191523107445894,
            0.0019158860543084105,
            -0.04567797049763507,
            0.005433229306877965,
            -0.00013013193152351318,
            0.007963031050870062,
            0.0057457027479166315,
            -0.007240643967455571,
            -0.007883448122465758,
            7.427141658295514e-05
        ],
        [
            -0.3144175310568492,
            -0.2593340337279637,
            -0.003138077978810766,
            1.1705920922899617,
            0.03890771594023693,
            -0.07732036605681714,
            -0.25149139956794575,
            -0.002337395650169806,
            -0.5611309557533685,
            0.13078244427549449,
            -0.2614838663441879,
            -0.20511154276750837,
            -0.06900434627060203,
            0.13948532589175544,
            -0.04316798071691791,
            -0.08434197800568019,
            -0.13463192261618112,
            -0.003560684832742008,
            0.11509189606570906,
            -0.004749991229160671
        ],
        [
            0.040207640061653796,
            0.03383186112513313,
            7.026846755439121e-05,
            0.03890771594023693,
            1.4718208591419004,
            0.013278577624105073,
            0.03354357619403514,
            -0.0006988003058101752,
            0.1238523896157823,
            0.44098936558563806,
            0.038259640202751605,
            0.026952097960060165,
            0.009163847892440465,
            -0.023208635450405607,
            -0.04103369795097807,
            0.00996204987910469,
            0.017610352377629458,
            0.00019499027437126976,
            -0.012614564434979736,
            -0.006793139736065838
        ],
        [
            -0.6088229557799442,
            -0.5594021376100307,
            0.010067368313947622,
            -0.07732036605681714,
            0.013278577624105073,
            -0.484377286535421,
            -0.617826317577389,
            0.08986525832272799,
            0.07283458528624619,
            0.0141885995470879,
            -0.5469921226619197,
            -0.5307756691227646,
            -0.03184553431001269,
            0.05844920617361593,
            -0.025352551575329313,
            -0.27334435093251896,
            -0.3568628100287231,
            0.005530953664099794,
            0.2584630350820746,
            0.005908728664016167
        ],
        [
            -0.4765526057057816,
            -0.3714633978463515,
            0.002579068475330904,
            -0.25149139956794575,
            0.03354357619403514,
            -0.617826317577389,
            -0.4392480517666304,
            0.07645144611119405,
            0.01686752911342898,
            0.015898266798254877,
            -0.5271047263603411,
            -0.4177096025457876,
            -0.09527776212530945,
            0.11292759751270293,
            -0.06283276895898272,
            -0.3296557032371671,
            -0.3214508639685405,
            0.021666625081161794,
            0.19996808809111044,
            0.01589846748450203
        ],
        [
            0.016343226385972062,
            0.04617245585520844,
            0.45324714809608835,
            -0.002337395650169806,
            -0.0006988003058101752,
            0.08986525832272799,
            0.07645144611119405,
            1.3627168137500865,
            0.08012302993545237,
            -0.01802200022079438,
            0.020507114227104495,
            0.07749712590334804,
            0.2740741604118244,
            0.32233374629731265,
            -0.06804407864156331,
            0.07010393404411189,
            0.0685095674593318,
            -0.05169801755407731,
            -0.06376622288005336,
            -0.004715401141496041
        ],
        [
            0.010598235321697569,
            0.11616469107487074,
            -0.02404612362565145,
            -0.5611309557533685,
            0.1238523896157823,
            0.07283458528624619,
            0.01686752911342898,
            0.08012302993545237,
            0.8214539056777272,
            0.08962071191262426,
            -0.05901834123680583,
            -0.11369819368340606,
            0.3124710467315176,
            -0.6234629118366035,
            0.19165164540181762,
            -0.3203886326924345,
            -0.18194639299481574,
            0.0312198802507277,
            0.12354185904335468,
            0.02209131808011718
        ],
        [
            0.005627517017818384,
            -0.002246633278334298,
            0.0021517886710066135,
            0.13078244427549449,
            0.44098936558563806,
            0.0141885995470879,
            0.015898266798254877,
            -0.01802200022079438,
            0.08962071191262426,
            1.378378995105451,
            0.005123108201297022,
            0.029915024856993752,
            -0.07133441551767929,
            0.2092700344409077,
            0.34399603623369446,
            0.04425329527967638,
            0.036137647583287705,
            -0.0039633018939593066,
            -0.03781435728885152,
            -0.04837439685685617
        ],
        [
            -0.27587473705824717,
            -0.3549947635452333,
            0.019191523107445894,
            -0.2614838663441879,
            0.038259640202751605,
            -0.5469921226619197,
            -0.5271047263603411,
            0.020507114227104495,
            -0.05901834123680583,
            0.005123108201297022,
            -0.46217066557449815,
            -0.6077183566206021,
            -0.12386843411674073,
            -0.05513255702059891,
            -0.07907180220880364,
            -0.5914847817101258,
            -0.5497001398807424,
            -0.0013438312335643243,
            0.08613446000282876,
            0.0005606842909485765
        ],
        [
            -0.33280504462775706,
            -0.3204685908776669,
            0.0019158860543084105,
            -0.20511154276750837,
            0.026952097960060165,
            -0.5307756691227646,
            -0.4177096025457876,
            0.07749712590334804,
            -0.11369819368340606,
            0.029915024856993752,
            -0.6077183566206021,
            -0.4359388859693585,
            -0.10396033549795075,
            -0.011036272635702393,
            -0.06738566550507699,
            -0.46837270062109027,
            -0.37196774555838585,
            0.02634814225165467,
            0.24332992965545497,
            0.019650701976550947
        ],
        [
            -0.07921486376669175,
            -0.07636476608683582,
            -0.04567797049763507,
            -0.06900434627060203,
            0.009163847892440465,
            -0.03184553431001269,
            -0.09527776212530945,
            0.2740741604118244,
            0.3124710467315176,
            -0.07133441551767929,
            -0.12386843411674073,
            -0.10396033549795075,
            1.3602635260447629,
            0.047375221315745536,
            -0.02406382165176281,
            -0.019957247208057916,
            -0.07232591790041751,
            0.38264273006975824,
            -0.12287873287148096,
            -0.017362259849261416
        ],
        [
            0.32288728231472424,
            0.1811847499753247,
            0.005433229306877965,
            0.13948532589175544,
            -0.023208635450405607,
            0.05844920617361593,
            0.11292759751270293,
            0.32233374629731265,
            -0.6234629118366035,
            0.2092700344409077,
            -0.05513255702059891,
            -0.011036272635702393,
            0.047375221315745536,
            0.8522057087855093,
            0.027881110878340255,
            -0.018884011527444566,
            -0.10859759598773541,
            -0.15028362600436612,
            -0.5908793182624553,
            -0.10514897993420483
        ],
        [
            -0.05821820871390219,
            -0.05029712105556912,
            -0.00013013193152351318,
            -0.04316798071691791,
            -0.04103369795097807,
            -0.025352551575329313,
            -0.06283276895898272,
            -0.06804407864156331,
            0.19165164540181762,
            0.34399603623369446,
            -0.07907180220880364,
            -0.06738566550507699,
            -0.02406382165176281,
            0.027881110878340255,
            1.3829895612607093,
            -0.010894646403744601,
            -0.04652429842956947,
            -0.01781551754981545,
            -0.08869271922275299,
            0.3958023468993839
        ],
        [
            -0.024957677560636764,
            -0.1560126422992703,
            0.007963031050870062,
            -0.08434197800568019,
            0.00996204987910469,
            -0.27334435093251896,
            -0.3296557032371671,
            0.07010393404411189,
            -0.3203886326924345,
            0.04425329527967638,
            -0.5914847817101258,
            -0.46837270062109027,
            -0.019957247208057916,
            -0.018884011527444566,
            -0.010894646403744601,
            -0.27955373393999294,
            -0.47408576082135157,
            0.041737964498864785,
            0.2957756436747968,
            0.030243455799396312
        ],
        [
            -0.1579551896267925,
            -0.21222996595532972,
            0.0057457027479166315,
            -0.13463192261618112,
            0.017610352377629458,
            -0.3568628100287231,
            -0.3214508639685405,
            0.0685095674593318,
            -0.18194639299481574,
            0.036137647583287705,
            -0.5497001398807424,
            -0.37196774555838585,
            -0.07232591790041751,
            -0.10859759598773541,
            -0.04652429842956947,
            -0.47408576082135157,
            -0.31781000775810986,
            0.032066349989441335,
            0.2511045312670157,
            0.023509194421971417
        ],
        [
            -0.004797110354819787,
            0.006505838809009058,
            -0.007240643967455571,
            -0.003560684832742008,
            0.00019499027437126976,
            0.005530953664099794,
            0.021666625081161794,
            -0.05169801755407731,
            0.0312198802507277,
            -0.0039633018939593066,
            -0.0013438312335643243,
            0.02634814225165467,
            0.38264273006975824,
            -0.15028362600436612,
            -0.01781551754981545,
            0.041737964498864785,
            0.032066349989441335,
            1.473748531767366,
            -0.03811636253783642,
            -0.004775598651809598
        ],
        [
            0.08486898800634131,
            0.1321715016785207,
            -0.007883448122465758,
            0.11509189606570906,
            -0.012614564434979736,
            0.2584630350820746,
            0.19996808809111044,
            -0.06376622288005336,
            0.12354185904335468,
            -0.03781435728885152,
            0.08613446000282876,
            0.24332992965545497,
            -0.12287873287148096,
            -0.5908793182624553,
            -0.08869271922275299,
            0.2957756436747968,
            0.2511045312670157,
            -0.03811636253783642,
            1.1937788955717927,
            -0.027428620833155424
        ],
        [
            -0.004327995261147012,
            0.004644825066754869,
            7.427141658295514e-05,
            -0.004749991229160671,
            -0.006793139736065838,
            0.005908728664016167,
            0.01589846748450203,
            -0.004715401141496041,
            0.02209131808011718,
            -0.04837439685685617,
            0.0005606842909485765,
            0.019650701976550947,
            -0.017362259849261416,
            -0.10514897993420483,
            0.3958023468993839,
            0.030243455799396312,
            0.023509194421971417,
            -0.004775598651809598,
            -0.027428620833155424,
            1.477316911716457
        ]
    ]
}