{
    "HF": -2.1418449813774925,
    "coordinates": [
        [
            0.643265,
            0.015768,
            -0.167062
        ],
        [
            1.331555,
            -0.033719,
            -0.176588
        ],
        [
            2.06756,
            -0.055896,
            -0.047723
        ],
        [
            2.883832,
            0.01699,
            -0.032439
        ]
    ],
    "elements": [
        "H",
        "H",
        "H",
        "H"
    ],
    "Enn": 3.06507436665705,
    "S": [
        [
            0.9999999999999999,
            0.6848602514927513,
            0.0,
            0.0,
            0.0,
            0.6111707785698902,
            0.5797995176870607,
            0.007545189213846754,
            -0.5451688309887222,
            0.039196806490198736,
            0.14925641739988932,
            0.33491593359273386,
            -0.016259543987156445,
            -0.19405548230827294,
            0.009763982941834436,
            0.012520683326132586,
            0.11823035495065526,
            -0.0008993620539616495,
            -0.014968325911313012,
            -8.163689933675057e-06
        ],
        [
            0.6848602514927513,
            1.0000000000000002,
            0.0,
            0.0,
            0.0,
            0.5797995176870607,
            0.9014496863191755,
            0.00217017914718493,
            -0.15680375868317378,
            0.011273950814270451,
            0.33491593359273386,
            0.6401039908831874,
            -0.015125816065671671,
            -0.18052459123384496,
            0.009083170485174966,
            0.11823035495065526,
            0.33370086615165623,
            -0.005592061287842566,
            -0.09307018847832507,
            -5.076026305864256e-05
        ],
        [
            0.0,
            0.0,
            1.0000000000000004,
            0.0,
            0.0,
            -0.007545189213846754,
            -0.0021701791471849296,
            0.5387574456310775,
            0.009172966210431385,
            -0.0006595222636615639,
            0.016259543987156445,
            0.015125816065671654,
            0.06746550177118789,
            -0.030914216944737102,
            0.0015554617850428738,
            0.0008993620539616493,
            0.00559206128784257,
            0.0013764109150763387,
            -0.001131065832750754,
            -6.168806590570258e-07
        ],
        [
            0.0,
            0.0,
            0.0,
            1.0000000000000004,
            0.0,
            0.5451688309887222,
            0.15680375868317356,
            0.009172966210431384,
            -0.12389755564443154,
            0.047653010587404655,
            0.19405548230827294,
            0.18052459123384498,
            -0.030914216944737095,
            -0.29890129769378854,
            0.01856422831704338,
            0.014968325911313007,
            0.09307018847832504,
            -0.0011310658327507537,
            -0.0173802643053159,
            -1.026691165418556e-05
        ],
        [
            0.0,
            0.0,
            0.0,
            0.0,
            1.0000000000000004,
            -0.03919680649019873,
            -0.011273950814270446,
            -0.0006595222636615639,
            0.04765301058740467,
            0.5354582216719639,
            -0.009763982941834434,
            -0.009083170485174959,
            0.0015554617850428733,
            0.01856422831704338,
            0.06912167895207766,
            8.163689933675057e-06,
            5.0760263058642566e-05,
            -6.168806590570254e-07,
            -1.026691165418556e-05,
            0.0014443646649246423
        ],
        [
            0.6111707785698902,
            0.5797995176870607,
            -0.007545189213846754,
            0.5451688309887223,
            -0.039196806490198736,
            0.9999999999999999,
            0.6848602514927513,
            0.0,
            0.0,
            0.0,
            0.5646512552231405,
            0.5633159937061696,
            -0.09236049661460181,
            -0.5275116386204942,
            0.015894763771559576,
            0.10746468093157974,
            0.2928445165173077,
            -0.013154683352396654,
            -0.14165698277621222,
            -0.0046275786728779385
        ],
        [
            0.5797995176870607,
            0.9014496863191755,
            -0.00217017914718493,
            0.1568037586831736,
            -0.011273950814270451,
            0.6848602514927513,
            1.0000000000000002,
            0.0,
            0.0,
            0.0,
            0.5633159937061696,
            0.8853905158862378,
            -0.028467565911239934,
            -0.16259085747489332,
            0.004899120856815801,
            0.2928445165173077,
            0.5886204157763111,
            -0.015826440446228027,
            -0.17042795646552888,
            -0.005567454290961275
        ],
        [
            0.007545189213846754,
            0.0021701791471849296,
            0.5387574456310775,
            0.009172966210431384,
            -0.0006595222636615639,
            0.0,
            0.0,
            1.0000000000000004,
            0.0,
            0.0,
            0.0923604966146018,
            0.028467565911239903,
            0.4632727213861267,
            -0.11921301866713568,
            0.003592077655696728,
            0.013154683352396652,
            0.01582644044622804,
            0.040212497831031695,
            -0.024692093166369368,
            -0.0008066288119797075
        ],
        [
            -0.545168830988722,
            -0.15680375868317337,
            0.009172966210431385,
            -0.12389755564443172,
            0.04765301058740467,
            0.0,
            0.0,
            0.0,
            1.0000000000000004,
            0.0,
            0.5275116386204941,
            0.16259085747489327,
            -0.11921301866713564,
            -0.19673288025614033,
            0.020515943933426987,
            0.14165698277621222,
            0.1704279564655287,
            -0.02469209316636935,
            -0.2233927820583118,
            -0.008686229889721217
        ],
        [
            0.03919680649019873,
            0.011273950814270448,
            -0.0006595222636615639,
            0.047653010587404655,
            0.5354582216719639,
            0.0,
            0.0,
            0.0,
            0.0,
            1.0000000000000004,
            -0.015894763771559572,
            -0.0048991208568158,
            0.0035920776556967247,
            0.020515943933426973,
            0.48352720819250555,
            0.0046275786728779385,
            0.005567454290961277,
            -0.0008066288119797074,
            -0.008686229889721222,
            0.04222172073800068
        ],
        [
            0.14925641739988932,
            0.33491593359273386,
            0.016259543987156445,
            0.19405548230827296,
            -0.009763982941834436,
            0.5646512552231405,
            0.5633159937061696,
            0.09236049661460183,
            0.5275116386204942,
            -0.015894763771559576,
            0.9999999999999999,
            0.6848602514927513,
            0.0,
            0.0,
            0.0,
            0.5074513413917843,
            0.5414955868020466,
            -0.009569456676946489,
            -0.5110756045933307,
            -0.04563461262470047
        ],
        [
            0.33491593359273386,
            0.6401039908831874,
            0.01512581606567166,
            0.18052459123384504,
            -0.009083170485174966,
            0.5633159937061696,
            0.8853905158862378,
            0.02846756591123991,
            0.16259085747489332,
            -0.004899120856815801,
            0.6848602514927513,
            1.0000000000000002,
            0.0,
            0.0,
            0.0,
            0.5414955868020466,
            0.863853978046379,
            -0.003236956806150349,
            -0.17287602761514995,
            -0.015436327778923975
        ],
        [
            -0.016259543987156438,
            -0.015125816065671666,
            0.06746550177118789,
            -0.03091421694473709,
            0.0015554617850428733,
            -0.09236049661460179,
            -0.028467565911239924,
            0.4632727213861267,
            -0.11921301866713564,
            0.0035920776556967247,
            0.0,
            0.0,
            1.0000000000000004,
            0.0,
            0.0,
            0.009569456676946489,
            0.003236956806150337,
            0.41781445851530885,
            -0.013541008249755258,
            -0.0012090944284401052
        ],
        [
            -0.1940554823082729,
            -0.1805245912338451,
            -0.03091421694473711,
            -0.2989012976937884,
            0.018564228317043383,
            -0.5275116386204941,
            -0.16259085747489327,
            -0.11921301866713568,
            -0.19673288025614033,
            0.020515943933426973,
            0.0,
            0.0,
            0.0,
            1.0000000000000004,
            0.0,
            0.5110756045933303,
            0.17287602761515022,
            -0.013541008249755262,
            -0.3051161042549688,
            -0.0645740596238983
        ],
        [
            0.009763982941834434,
            0.009083170485174956,
            0.0015554617850428738,
            0.018564228317043376,
            0.06912167895207766,
            0.015894763771559572,
            0.0048991208568158,
            0.003592077655696728,
            0.020515943933426987,
            0.48352720819250555,
            0.0,
            0.0,
            0.0,
            0.0,
            1.0000000000000004,
            0.04563461262470046,
            0.015436327778923963,
            -0.001209094428440106,
            -0.06457405962389834,
            0.4123020997186599
        ],
        [
            0.012520683326132586,
            0.11823035495065526,
            0.0008993620539616493,
            0.014968325911313014,
            8.163689933675057e-06,
            0.10746468093157974,
            0.2928445165173077,
            0.013154683352396652,
            0.14165698277621228,
            0.0046275786728779385,
            0.5074513413917843,
            0.5414955868020466,
            0.009569456676946489,
            0.5110756045933303,
            0.04563461262470047,
            0.9999999999999999,
            0.6848602514927513,
            0.0,
            0.0,
            0.0
        ],
        [
            0.11823035495065526,
            0.33370086615165623,
            0.005592061287842569,
            0.0930701884783251,
            5.076026305864256e-05,
            0.2928445165173077,
            0.5886204157763111,
            0.015826440446228024,
            0.17042795646552888,
            0.005567454290961275,
            0.5414955868020466,
            0.863853978046379,
            0.0032369568061503384,
            0.17287602761515028,
            0.01543632777892398,
            0.6848602514927513,
            1.0000000000000002,
            0.0,
            0.0,
            0.0
        ],
        [
            -0.0008993620539616495,
            -0.005592061287842567,
            0.0013764109150763387,
            -0.001131065832750754,
            -6.168806590570258e-07,
            -0.013154683352396654,
            -0.015826440446228038,
            0.040212497831031695,
            -0.02469209316636936,
            -0.0008066288119797075,
            -0.009569456676946489,
            -0.003236956806150337,
            0.41781445851530885,
            -0.013541008249755264,
            -0.0012090944284401063,
            0.0,
            0.0,
            1.0000000000000004,
            0.0,
            0.0
        ],
        [
            -0.014968325911313009,
            -0.09307018847832509,
            -0.0011310658327507537,
            -0.0173802643053159,
            -1.026691165418556e-05,
            -0.14165698277621222,
            -0.17042795646552886,
            -0.024692093166369358,
            -0.22339278205831176,
            -0.008686229889721219,
            -0.5110756045933307,
            -0.17287602761514986,
            -0.013541008249755255,
            -0.3051161042549688,
            -0.06457405962389834,
            0.0,
            0.0,
            0.0,
            1.0000000000000004,
            0.0
        ],
        [
            -8.163689933675057e-06,
            -5.0760263058642566e-05,
            -6.168806590570254e-07,
            -1.026691165418556e-05,
            0.0014443646649246423,
            -0.0046275786728779385,
            -0.005567454290961279,
            -0.0008066288119797074,
            -0.008686229889721219,
            0.04222172073800068,
            -0.04563461262470046,
            -0.015436327778923963,
            -0.001209094428440105,
            -0.0645740596238983,
            0.4123020997186599,
            0.0,
            0.0,
            0.0,
            0.0,
            1.0000000000000004
        ]
    ],
    "h": [
        [
            -0.3262545316564207,
            -0.4916861434862131,
            0.002499146357901956,
            -0.3341649498845625,
            0.02429749372659252,
            -0.6343986121854833,
            -0.48975202886420777,
            -0.008115033618372323,
            -0.004546350989780623,
            0.0004946142837061601,
            -0.29598483888822896,
            -0.34573430429266455,
            0.043837832208495055,
            0.3520259348569751,
            -0.011246225443205676,
            -0.013112467118013463,
            -0.1424513156423522,
            0.004630557707490554,
            0.06723221956604071,
            0.0014873440130833513
        ],
        [
            -0.4916861434862131,
            -0.3200648568542699,
            0.0005313423755570765,
            -0.26949049760703486,
            0.019251516788040123,
            -0.5725146656567115,
            -0.37220236529581463,
            -0.023468196747239906,
            0.11237449047740766,
            -0.012301169233295425,
            -0.36107306968720815,
            -0.32302705565434797,
            0.03574234705731372,
            0.20530313520897836,
            -0.010853643269387137,
            -0.13766563871673768,
            -0.19793222657300424,
            0.005052936892108062,
            0.11559040824748254,
            0.007200309855986095
        ],
        [
            0.002499146357901956,
            0.0005313423755570765,
            1.460307064089545,
            0.0014043397599513372,
            -0.00015097429957513066,
            -0.005247056105086415,
            -0.0014041422176537983,
            0.49835922553486967,
            0.010242422405274239,
            -0.0009792064959292463,
            -0.010297540027010367,
            -0.0014490281895631896,
            -0.047358300789350466,
            -0.004401447532615579,
            0.00015772180713353318,
            -0.0050376867151591485,
            -0.0039797666007757165,
            -0.004535104243845586,
            0.005406078822686865,
            0.00015504097283383745
        ],
        [
            -0.3341649498845625,
            -0.26949049760703486,
            0.0014043397599513372,
            1.1325874232836317,
            0.02317446488208794,
            -0.0837309183274575,
            -0.2647582228480706,
            -0.0007444068958690764,
            -0.5213734258133935,
            0.0705388682342373,
            -0.27823701942097084,
            -0.21706290762315866,
            0.03519953597824135,
            0.1501644344681885,
            -0.00648340124323836,
            -0.07138690453884108,
            -0.13023314009498926,
            0.005677405152047705,
            0.0939978196978532,
            0.0024805827046855957
        ],
        [
            0.02429749372659252,
            0.019251516788040123,
            -0.00015097429957513066,
            0.02317446488208794,
            1.458949427092272,
            0.0051956218466351345,
            0.018356000679854823,
            -0.00019809829297155594,
            0.07194407588874425,
            0.4943803498091972,
            0.016608644690802372,
            0.01471806360306188,
            -0.0024606493658099657,
            -0.015132937482463499,
            -0.04691329397745153,
            0.0018035984302369895,
            0.006971014977121411,
            -0.00013150741314634727,
            -0.00224443424660357,
            -0.004902775155979073
        ],
        [
            -0.6343986121854833,
            -0.5725146656567115,
            -0.005247056105086415,
            -0.0837309183274575,
            0.0051956218466351345,
            -0.5178467834109868,
            -0.6280555348389952,
            -0.04571751701568352,
            0.07663753532683146,
            -0.014872085822595572,
            -0.548779822715975,
            -0.5361899004761691,
            0.011625755803309573,
            0.08011028814924104,
            -0.008379404276916323,
            -0.2277026625731872,
            -0.32894073298035365,
            0.013570637385727329,
            0.23298283760869865,
            0.013520168609774778
        ],
        [
            -0.48975202886420777,
            -0.37220236529581463,
            -0.0014041422176537983,
            -0.2647582228480706,
            0.018356000679854823,
            -0.6280555348389952,
            -0.4363085173400869,
            -0.03890377151377837,
            0.017070486429045226,
            -0.01068202167066229,
            -0.5194260176213051,
            -0.4139580843609898,
            0.03701800260411822,
            0.14798813167904823,
            -0.01786933672264327,
            -0.29617119002388864,
            -0.3030530096988948,
            0.005250454036726117,
            0.17590174711685624,
            0.014320618057795765
        ],
        [
            -0.008115033618372323,
            -0.023468196747239906,
            0.49835922553486967,
            -0.0007444068958690764,
            -0.00019809829297155594,
            -0.04571751701568352,
            -0.03890377151377837,
            1.3745257302923333,
            -0.04482318516952752,
            0.001028462147625015,
            -0.010887739947917974,
            -0.04059870097609434,
            0.3785629564553322,
            -0.17315852532050813,
            0.0040877341870827685,
            -0.03724898130032363,
            -0.03478490614425145,
            -0.04297593611571157,
            0.03577062951283637,
            0.0025420740614036388
        ],
        [
            -0.004546350989780623,
            0.11237449047740766,
            0.010242422405274239,
            -0.5213734258133935,
            0.07194407588874425,
            0.07663753532683146,
            0.017070486429045226,
            -0.04482318516952752,
            0.7723537993949985,
            0.029079105563066802,
            -0.027510651529871533,
            -0.11230814741743422,
            -0.1797114168236434,
            -0.7291327621496186,
            0.024804118153739285,
            -0.3026775155335711,
            -0.18739421454048105,
            0.010448708822144104,
            0.2025586251245422,
            0.01804271842665249
        ],
        [
            0.0004946142837061601,
            -0.012301169233295425,
            -0.0009792064959292463,
            0.0705388682342373,
            0.4943803498091972,
            -0.014872085822595572,
            -0.01068202167066229,
            0.001028462147625015,
            0.029079105563066802,
            1.3810079249826073,
            -0.005058592345527323,
            -0.004257197437021612,
            0.005846794700330839,
            0.035904619419467036,
            0.40657902557095094,
            0.001146704730608187,
            0.0015408126231880315,
            -2.0965842495365965e-06,
            -0.0012608327561059937,
            -0.04467928483126829
        ],
        [
            -0.29598483888822896,
            -0.36107306968720815,
            -0.010297540027010367,
            -0.27823701942097084,
            0.016608644690802372,
            -0.548779822715975,
            -0.5194260176213051,
            -0.010887739947917974,
            -0.027510651529871533,
            -0.005058592345527323,
            -0.4314469998592978,
            -0.5974335734306138,
            0.0373151751492354,
            0.0031403535759310375,
            -0.028756729970503256,
            -0.5431924611343045,
            -0.5230666435508022,
            0.004808189989501631,
            0.08065040592594941,
            0.005138063237782917
        ],
        [
            -0.34573430429266455,
            -0.32302705565434797,
            -0.0014490281895631896,
            -0.21706290762315866,
            0.01471806360306188,
            -0.5361899004761691,
            -0.4139580843609898,
            -0.04059870097609434,
            -0.11230814741743422,
            -0.004257197437021612,
            -0.5974335734306138,
            -0.436991531976642,
            0.032301090883012334,
            0.022347722634865744,
            -0.024506730288416042,
            -0.4400962796111252,
            -0.3611611373676833,
            0.006629777164717694,
            0.2156330122729141,
            0.017661374111180028
        ],
        [
            0.043837832208495055,
            0.03574234705731372,
            -0.047358300789350466,
            0.03519953597824135,
            -0.0024606493658099657,
            0.011625755803309573,
            0.03701800260411822,
            0.3785629564553322,
            -0.1797114168236434,
            0.005846794700330839,
            0.0373151751492354,
            0.032301090883012334,
            1.3999185339640896,
            -0.055316984601310876,
            0.001070931951776876,
            0.003197432246351991,
            0.013596385590175102,
            0.3257699521145677,
            -0.027088462575026725,
            -0.0020289517877379445
        ],
        [
            0.3520259348569751,
            0.20530313520897836,
            -0.004401447532615579,
            0.1501644344681885,
            -0.015132937482463499,
            0.08011028814924104,
            0.14798813167904823,
            -0.17315852532050813,
            -0.7291327621496186,
            0.035904619419467036,
            0.0031403535759310375,
            0.022347722634865744,
            -0.055316984601310876,
            0.8388674288385132,
            -0.011931534900633752,
            -0.03941154021032778,
            -0.1004383204009412,
            -0.02033126152782585,
            -0.6779092119959634,
            -0.0880282158468522
        ],
        [
            -0.011246225443205676,
            -0.010853643269387137,
            0.00015772180713353318,
            -0.00648340124323836,
            -0.04691329397745153,
            -0.008379404276916323,
            -0.01786933672264327,
            0.0040877341870827685,
            0.024804118153739285,
            0.40657902557095094,
            -0.028756729970503256,
            -0.024506730288416042,
            0.001070931951776876,
            -0.011931534900633752,
            1.406152173487991,
            -0.004318799082992764,
            -0.020288927746098983,
            -0.0013384455180380775,
            -0.08380181101893297,
            0.31911656473353944
        ],
        [
            -0.013112467118013463,
            -0.13766563871673768,
            -0.0050376867151591485,
            -0.07138690453884108,
            0.0018035984302369895,
            -0.2277026625731872,
            -0.29617119002388864,
            -0.03724898130032363,
            -0.3026775155335711,
            0.001146704730608187,
            -0.5431924611343045,
            -0.4400962796111252,
            0.003197432246351991,
            -0.03941154021032778,
            -0.004318799082992764,
            -0.2312579783618578,
            -0.45132481377674116,
            0.005982756182945963,
            0.2596133209278302,
            0.022900515947353935
        ],
        [
            -0.1424513156423522,
            -0.19793222657300424,
            -0.0039797666007757165,
            -0.13023314009498926,
            0.006971014977121411,
            -0.32894073298035365,
            -0.3030530096988948,
            -0.03478490614425145,
            -0.18739421454048105,
            0.0015408126231880315,
            -0.5230666435508022,
            -0.3611611373676833,
            0.013596385590175102,
            -0.1004383204009412,
            -0.020288927746098983,
            -0.45132481377674116,
            -0.3054364877254221,
            0.005875350836437651,
            0.2291396211021553,
            0.01975584378350928
        ],
        [
            0.004630557707490554,
            0.005052936892108062,
            -0.004535104243845586,
            0.005677405152047705,
            -0.00013150741314634727,
            0.013570637385727329,
            0.005250454036726117,
            -0.04297593611571157,
            0.010448708822144104,
            -2.0965842495365965e-06,
            0.004808189989501631,
            0.006629777164717694,
            0.3257699521145677,
            -0.02033126152782585,
            -0.0013384455180380775,
            0.005982756182945963,
            0.005875350836437651,
            1.4992127134606863,
            -0.006066940073219233,
            -0.00045031626513464967
        ],
        [
            0.06723221956604071,
            0.11559040824748254,
            0.005406078822686865,
            0.0939978196978532,
            -0.00224443424660357,
            0.23298283760869865,
            0.17590174711685624,
            0.03577062951283637,
            0.2025586251245422,
            -0.0012608327561059937,
            0.08065040592594941,
            0.2156330122729141,
            -0.027088462575026725,
            -0.6779092119959634,
            -0.08380181101893297,
            0.2596133209278302,
            0.2291396211021553,
            -0.006066940073219233,
            1.2486860914733733,
            -0.021591486722266438
        ],
        [
            0.0014873440130833513,
            0.007200309855986095,
            0.00015504097283383745,
            0.0024805827046855957,
            -0.004902775155979073,
            0.013520168609774778,
            0.014320618057795765,
            0.0025420740614036388,
            0.01804271842665249,
            -0.04467928483126829,
            0.005138063237782917,
            0.017661374111180028,
            -0.0020289517877379445,
            -0.0880282158468522,
            0.31911656473353944,
            0.022900515947353935,
            0.01975584378350928,
            -0.00045031626513464967,
            -0.021591486722266438,
            1.4975591527735121
        ]
    ]
}