{
    "HF": -2.114148765362363,
    "coordinates": [
        [
            0.811905,
            0.037368,
            0.162807
        ],
        [
            1.578319,
            -0.050822,
            -0.014552
        ],
        [
            2.239991,
            -0.159755,
            0.10785
        ],
        [
            2.92762,
            -0.110193,
            -0.172863
        ]
    ],
    "elements": [
        "H",
        "H",
        "H",
        "H"
    ],
    "Enn": 3.158096262807592,
    "S": [
        [
            0.9999999999999999,
            0.6848602514927513,
            0.0,
            0.0,
            0.0,
            0.5294936118482132,
            0.550120819147202,
            0.11718787975896341,
            -0.5063990644826943,
            0.05827050849374987,
            0.1450484029008834,
            0.33104661593402784,
            0.0072302902664485354,
            -0.18788282303348836,
            0.02593403039090806,
            0.017712266869523343,
            0.13718138257957102,
            0.0034252895543752477,
            -0.021589467302812367,
            0.0015057620637327314
        ],
        [
            0.6848602514927513,
            1.0000000000000002,
            0.0,
            0.0,
            0.0,
            0.550120819147202,
            0.8724057667215372,
            0.03820145884892735,
            -0.16507836017479674,
            0.018995295732874583,
            0.33104661593402784,
            0.6354756556341752,
            0.006879580692087458,
            -0.1787694537955201,
            0.024676084661942155,
            0.13718138257957102,
            0.36627483568148433,
            0.01635458579971851,
            -0.10308232041961282,
            0.007189498719552728
        ],
        [
            0.0,
            0.0,
            1.0000000000000004,
            0.0,
            0.0,
            -0.11718787975896337,
            -0.038201458848927276,
            0.4071379975377544,
            0.1564550336095643,
            -0.018003023710458678,
            -0.0072302902664485354,
            -0.006879580692087444,
            0.06656477169936292,
            0.0136701332418582,
            -0.0018869295511858633,
            -0.003425289554375247,
            -0.0163545857997185,
            0.0017800522167177092,
            0.004638964944572809,
            -0.00032354561280045194
        ],
        [
            0.0,
            0.0,
            0.0,
            1.0000000000000004,
            0.0,
            0.5063990644826943,
            0.16507836017479668,
            0.15645503360956434,
            -0.23273867062480944,
            0.0777957104743908,
            0.1878828230334883,
            0.17876945379552003,
            0.013670133241858205,
            -0.28813462626310243,
            0.04903283794666401,
            0.021589467302812356,
            0.1030823204196128,
            0.004638964944572809,
            -0.026723166335666806,
            0.002039295457401937
        ],
        [
            0.0,
            0.0,
            0.0,
            0.0,
            1.0000000000000004,
            -0.058270508493749845,
            -0.018995295732874555,
            -0.01800302371045868,
            0.0777957104743908,
            0.4343920724883975,
            -0.025934030390908056,
            -0.024676084661942144,
            -0.001886929551185864,
            0.04903283794666401,
            0.060322689218344654,
            -0.0015057620637327308,
            -0.00718949871955272,
            -0.00032354561280045183,
            0.002039295457401936,
            0.002373818809077771
        ],
        [
            0.5294936118482132,
            0.550120819147202,
            -0.11718787975896341,
            0.5063990644826943,
            -0.05827050849374987,
            0.9999999999999999,
            0.6848602514927513,
            0.0,
            0.0,
            0.0,
            0.6180828663099553,
            0.5821601330321721,
            -0.09833367709221416,
            -0.5315651769493922,
            0.08751313251978045,
            0.17715942079802885,
            0.3589675938508864,
            0.026613083564665973,
            -0.22682605925606805,
            0.009980641802008606
        ],
        [
            0.550120819147202,
            0.8724057667215372,
            -0.03820145884892733,
            0.16507836017479674,
            -0.018995295732874583,
            0.6848602514927513,
            1.0000000000000002,
            0.0,
            0.0,
            0.0,
            0.5821601330321721,
            0.9037352201176032,
            -0.028006375009308738,
            -0.1513948641783575,
            0.02492458006314465,
            0.3589675938508865,
            0.6684320710869636,
            0.02161006137239472,
            -0.18418478450539486,
            0.008104370219002132
        ],
        [
            0.11718787975896337,
            0.0382014588489273,
            0.4071379975377544,
            0.15645503360956425,
            -0.018003023710458678,
            0.0,
            0.0,
            1.0000000000000004,
            0.0,
            0.0,
            0.09833367709221416,
            0.02800637500930873,
            0.5257981457486154,
            -0.11503030006501082,
            0.018937775328231862,
            -0.026613083564665973,
            -0.0216100613723947,
            0.08478019203109814,
            0.05028813585175554,
            -0.0022127434231906575
        ],
        [
            -0.5063990644826941,
            -0.16507836017479668,
            0.1564550336095644,
            -0.23273867062480957,
            0.07779571047439082,
            0.0,
            0.0,
            0.0,
            1.0000000000000004,
            0.0,
            0.5315651769493922,
            0.15139486417835746,
            -0.1150303000650109,
            -0.07474511166098446,
            0.10237247493490165,
            0.22682605925606794,
            0.18418478450539483,
            0.05028813585175554,
            -0.33793056821019896,
            0.01885944068103024
        ],
        [
            0.058270508493749845,
            0.018995295732874555,
            -0.01800302371045868,
            0.07779571047439077,
            0.4343920724883975,
            0.0,
            0.0,
            0.0,
            0.0,
            1.0000000000000004,
            -0.08751313251978048,
            -0.02492458006314463,
            0.018937775328231873,
            0.10237247493490163,
            0.5302235982031154,
            -0.009980641802008602,
            -0.00810437021900213,
            -0.0022127434231906575,
            0.01885944068103024,
            0.08985056641172472
        ],
        [
            0.1450484029008834,
            0.33104661593402784,
            -0.0072302902664485354,
            0.1878828230334883,
            -0.02593403039090806,
            0.6180828663099553,
            0.5821601330321721,
            0.09833367709221416,
            0.5315651769493922,
            -0.08751313251978046,
            0.9999999999999999,
            0.6848602514927513,
            0.0,
            0.0,
            0.0,
            0.5671926710639847,
            0.5642443589023384,
            0.20233887033519865,
            -0.49564528564663013,
            -0.03572445555265741
        ],
        [
            0.33104661593402784,
            0.6354756556341752,
            -0.006879580692087446,
            0.17876945379552017,
            -0.024676084661942155,
            0.5821601330321721,
            0.9037352201176032,
            0.02800637500930873,
            0.1513948641783575,
            -0.02492458006314464,
            0.6848602514927513,
            1.0000000000000002,
            0.0,
            0.0,
            0.0,
            0.5642443589023384,
            0.8862996934936531,
            0.062121401751884284,
            -0.15217135424881117,
            -0.010968002599191687
        ],
        [
            0.0072302902664485354,
            0.0068795806920874565,
            0.06656477169936292,
            0.013670133241858208,
            -0.0018869295511858644,
            -0.09833367709221416,
            -0.028006375009308727,
            0.5257981457486154,
            -0.1150303000650109,
            0.018937775328231866,
            0.0,
            0.0,
            1.0000000000000004,
            0.0,
            0.0,
            -0.20233887033519868,
            -0.06212140175188429,
            0.3874627665035878,
            0.2441073103480643,
            0.017594439029579547
        ],
        [
            -0.18788282303348827,
            -0.17876945379552003,
            0.013670133241858194,
            -0.2881346262631025,
            0.04903283794666399,
            -0.5315651769493922,
            -0.15139486417835746,
            -0.11503030006501082,
            -0.07474511166098428,
            0.10237247493490159,
            0.0,
            0.0,
            0.0,
            1.0000000000000004,
            0.0,
            0.4956452856466302,
            0.15217135424881112,
            0.2441073103480643,
            -0.11084494875674329,
            -0.043098989058115454
        ],
        [
            0.025934030390908056,
            0.024676084661942148,
            -0.001886929551185863,
            0.04903283794666401,
            0.060322689218344654,
            0.08751313251978046,
            0.02492458006314464,
            0.01893777532823187,
            0.10237247493490167,
            0.5302235982031154,
            0.0,
            0.0,
            0.0,
            0.0,
            1.0000000000000004,
            0.03572445555265741,
            0.01096800259919166,
            0.017594439029579557,
            -0.04309898905811548,
            0.4840090484580107
        ],
        [
            0.017712266869523343,
            0.13718138257957102,
            -0.0034252895543752477,
            0.02158946730281237,
            -0.0015057620637327314,
            0.17715942079802885,
            0.3589675938508864,
            -0.026613083564665973,
            0.22682605925606794,
            -0.009980641802008602,
            0.5671926710639847,
            0.5642443589023384,
            -0.20233887033519865,
            0.49564528564663013,
            0.03572445555265741,
            0.9999999999999999,
            0.6848602514927513,
            0.0,
            0.0,
            0.0
        ],
        [
            0.13718138257957102,
            0.36627483568148433,
            -0.01635458579971851,
            0.10308232041961286,
            -0.007189498719552728,
            0.3589675938508865,
            0.6684320710869636,
            -0.02161006137239471,
            0.18418478450539486,
            -0.008104370219002132,
            0.5642443589023384,
            0.8862996934936531,
            -0.062121401751884305,
            0.15217135424881117,
            0.010968002599191664,
            0.6848602514927513,
            1.0000000000000002,
            0.0,
            0.0,
            0.0
        ],
        [
            0.003425289554375247,
            0.0163545857997185,
            0.0017800522167177092,
            0.004638964944572809,
            -0.00032354561280045194,
            0.02661308356466598,
            0.021610061372394712,
            0.08478019203109814,
            0.05028813585175556,
            -0.0022127434231906584,
            0.20233887033519868,
            0.06212140175188431,
            0.3874627665035878,
            0.2441073103480643,
            0.017594439029579557,
            0.0,
            0.0,
            1.0000000000000004,
            0.0,
            0.0
        ],
        [
            -0.021589467302812353,
            -0.10308232041961284,
            0.004638964944572808,
            -0.026723166335666806,
            0.0020392954574019366,
            -0.22682605925606805,
            -0.18418478450539483,
            0.05028813585175552,
            -0.33793056821019896,
            0.01885944068103024,
            -0.4956452856466302,
            -0.15217135424881112,
            0.2441073103480643,
            -0.11084494875674329,
            -0.04309898905811548,
            0.0,
            0.0,
            0.0,
            1.0000000000000004,
            0.0
        ],
        [
            0.0015057620637327308,
            0.007189498719552719,
            -0.00032354561280045183,
            0.002039295457401936,
            0.002373818809077771,
            0.009980641802008606,
            0.00810437021900213,
            -0.002212743423190657,
            0.01885944068103024,
            0.08985056641172472,
            -0.03572445555265741,
            -0.01096800259919166,
            0.017594439029579547,
            -0.043098989058115454,
            0.4840090484580106,
            0.0,
            0.0,
            0.0,
            0.0,
            1.0000000000000004
        ]
    ],
    "h": [
        [
            -0.25418026017229667,
            -0.4623921288486572,
            0.05797790027490597,
            -0.27152024321483625,
            0.032511694524102824,
            -0.5677323008434252,
            -0.4507052519840842,
            -0.02443421628933906,
            0.028232323418387884,
            0.0013750453662465106,
            -0.28323699257450324,
            -0.3247100268476956,
            0.013078965165752965,
            0.3375052391235198,
            -0.04575254564440091,
            -0.025432934261851968,
            -0.15577880603973215,
            -0.014936601448827792,
            0.09301420135035116,
            -0.0044492631921572295
        ],
        [
            -0.4623921288486572,
            -0.31366957054344535,
            0.04845138409092294,
            -0.23796825371467684,
            0.028743320820954692,
            -0.548021037083904,
            -0.3701164170021152,
            -0.06855841800572542,
            0.08360958783596409,
            -0.003438371171595768,
            -0.37295794134963484,
            -0.32260080272720626,
            0.04376103767160004,
            0.2111335258544744,
            -0.040261949226542235,
            -0.15847410450377936,
            -0.214395561168076,
            -0.03756694503030483,
            0.1397049105385648,
            0.0015034479071278414
        ],
        [
            0.05797790027490597,
            0.04845138409092294,
            1.4782428531337541,
            0.05461069777229165,
            -0.0063231538535618755,
            0.0096466633721152,
            0.04343269077750896,
            0.3103581347993181,
            0.21951986935381734,
            -0.02572409999635212,
            0.03629293044456709,
            0.038001973989947424,
            -0.05148943352050446,
            -0.04488892529371559,
            0.006891678220445724,
            0.01102200737225888,
            0.021763093585089793,
            -0.004306556477137596,
            -0.019701694404489562,
            0.0009602746457093482
        ],
        [
            -0.27152024321483625,
            -0.23796825371467684,
            0.05461069777229165,
            1.2289878382330828,
            0.031072629266117043,
            -0.09874103316965388,
            -0.23118602243486763,
            0.1946039568679404,
            -0.6153142635830623,
            0.11586322799940815,
            -0.27059635176250274,
            -0.19617349630902076,
            0.03449595906749055,
            0.1389315045780496,
            -0.031349859067796665,
            -0.09031694038791385,
            -0.13381138198514836,
            -0.02494163319417636,
            0.12321363513195212,
            -0.0052850543576038024
        ],
        [
            0.032511694524102824,
            0.028743320820954692,
            -0.0063231538535618755,
            0.031072629266117043,
            1.4870199719146413,
            0.013393773151288008,
            0.02819255957930284,
            -0.02195070992150138,
            0.11205372175824185,
            0.3449139376168886,
            0.03394070709153336,
            0.023536047389371283,
            -0.004262461982213147,
            -0.021711384604963677,
            -0.04299877765012103,
            0.009140396952689131,
            0.015623568664442459,
            0.002417461450647495,
            -0.012061640762393345,
            -0.0072755016389119565
        ],
        [
            -0.5677323008434252,
            -0.548021037083904,
            0.0096466633721152,
            -0.09874103316965388,
            0.013393773151288008,
            -0.4976260420635543,
            -0.6281258505842143,
            -0.10476525826550714,
            -0.04158818457435995,
            0.01719218579345589,
            -0.6145757445309594,
            -0.5635228624107922,
            0.025263273670839248,
            0.038039283312376604,
            -0.018252059766205753,
            -0.3271336470120211,
            -0.3955880809131989,
            -0.0746816638477508,
            0.2875854623397206,
            0.0034153543047796622
        ],
        [
            -0.4507052519840842,
            -0.3701164170021152,
            0.04343269077750896,
            -0.23118602243486763,
            0.02819255957930284,
            -0.6281258505842143,
            -0.4480380352942839,
            -0.0798712191477389,
            -0.04864614138619079,
            0.013721750873505453,
            -0.5692660038865802,
            -0.43080334169408685,
            0.08579783786787532,
            0.1451192915133881,
            -0.05055348338525372,
            -0.3536109755890882,
            -0.3357228513959343,
            -0.07197272435239332,
            0.21262028484370732,
            0.009474792326466015
        ],
        [
            -0.02443421628933906,
            -0.06855841800572542,
            0.3103581347993181,
            0.1946039568679404,
            -0.02195070992150138,
            -0.10476525826550714,
            -0.0798712191477389,
            1.3609728833810697,
            0.014854523324136962,
            0.0011735079011764753,
            -0.0037896086150475405,
            -0.05727462994746258,
            0.4617299129587913,
            -0.13854567195570713,
            0.024719713335528228,
            -0.007324064819898099,
            -0.03458155922128009,
            -0.051957538111708834,
            0.04783825182510908,
            -0.0005570575284935034
        ],
        [
            0.028232323418387884,
            0.08360958783596409,
            0.21951986935381734,
            -0.6153142635830623,
            0.11205372175824185,
            -0.04158818457435995,
            -0.04864614138619079,
            0.014854523324136962,
            0.7701293464561396,
            0.0797943431082094,
            -0.0726814384843566,
            -0.16454934826596002,
            -0.1166972877963719,
            -0.6150958778608274,
            0.15149043050624297,
            -0.3621008081915372,
            -0.2233920463412604,
            -0.07548729324966345,
            0.06605397555454129,
            0.020840834925128216
        ],
        [
            0.0013750453662465106,
            -0.003438371171595768,
            -0.02572409999635212,
            0.11586322799940815,
            0.3449139376168886,
            0.01719218579345589,
            0.013721750873505453,
            0.0011735079011764753,
            0.0797943431082094,
            1.373054633592893,
            0.0026090241068881526,
            0.02485961527679105,
            0.023372941166443437,
            0.16889396151783487,
            0.469720196908353,
            0.0386143159788475,
            0.03038123236185113,
            0.010813947999098864,
            -0.028157987285829196,
            -0.04412918143177039
        ],
        [
            -0.28323699257450324,
            -0.37295794134963484,
            0.03629293044456709,
            -0.27059635176250274,
            0.03394070709153336,
            -0.6145757445309594,
            -0.5692660038865802,
            -0.0037896086150475405,
            -0.0726814384843566,
            0.0026090241068881526,
            -0.5271871010479838,
            -0.6357619123468402,
            0.1557247477515749,
            0.015987037453043293,
            -0.06372063570578906,
            -0.6102031878869548,
            -0.5695986016701374,
            -0.022210686430030768,
            0.11130021626080233,
            -0.0008004132094422134
        ],
        [
            -0.3247100268476956,
            -0.32260080272720626,
            0.038001973989947424,
            -0.19617349630902076,
            0.023536047389371283,
            -0.5635228624107922,
            -0.43080334169408685,
            -0.05727462994746258,
            -0.16454934826596002,
            0.02485961527679105,
            -0.6357619123468402,
            -0.4441762335639492,
            0.118369732124032,
            0.035724842425522436,
            -0.05177873358973327,
            -0.474942067391112,
            -0.3777242084428709,
            -0.08329506822383097,
            0.24769452769651523,
            0.011090895399163973
        ],
        [
            0.013078965165752965,
            0.04376103767160004,
            -0.05148943352050446,
            0.03449595906749055,
            -0.004262461982213147,
            0.025263273670839248,
            0.08579783786787532,
            0.4617299129587913,
            -0.1166972877963719,
            0.023372941166443437,
            0.1557247477515749,
            0.118369732124032,
            1.3229320714928885,
            0.052963200097910265,
            0.014760803164544787,
            0.031017078563101985,
            0.10597734390595671,
            0.28058828452895973,
            0.31458578113971664,
            0.025200573754317036
        ],
        [
            0.3375052391235198,
            0.2111335258544744,
            -0.04488892529371559,
            0.1389315045780496,
            -0.021711384604963677,
            0.038039283312376604,
            0.1451192915133881,
            -0.13854567195570713,
            -0.6150958778608274,
            0.16889396151783487,
            0.015987037453043293,
            0.035724842425522436,
            0.052963200097910265,
            0.7817420877323946,
            0.03599734709844933,
            -0.006929412072891994,
            -0.07590770784056997,
            0.3545698197083812,
            -0.4868944652149854,
            -0.05893547726142902
        ],
        [
            -0.04575254564440091,
            -0.040261949226542235,
            0.006891678220445724,
            -0.031349859067796665,
            -0.04299877765012103,
            -0.018252059766205753,
            -0.05055348338525372,
            0.024719713335528228,
            0.15149043050624297,
            0.469720196908353,
            -0.06372063570578906,
            -0.05177873358973327,
            0.014760803164544787,
            0.03599734709844933,
            1.3632487042660837,
            -0.009942275463556416,
            -0.035004288056135036,
            0.021895987467436838,
            -0.04371480099480066,
            0.41089454909002254
        ],
        [
            -0.025432934261851968,
            -0.15847410450377936,
            0.01102200737225888,
            -0.09031694038791385,
            0.009140396952689131,
            -0.3271336470120211,
            -0.3536109755890882,
            -0.007324064819898099,
            -0.3621008081915372,
            0.0386143159788475,
            -0.6102031878869548,
            -0.474942067391112,
            0.031017078563101985,
            -0.006929412072891994,
            -0.009942275463556416,
            -0.2953773460171316,
            -0.4810634278611732,
            -0.11050412457880883,
            0.2902552531265623,
            0.018390804803133244
        ],
        [
            -0.15577880603973215,
            -0.214395561168076,
            0.021763093585089793,
            -0.13381138198514836,
            0.015623568664442459,
            -0.3955880809131989,
            -0.3357228513959343,
            -0.03458155922128009,
            -0.2233920463412604,
            0.03038123236185113,
            -0.5695986016701374,
            -0.3777242084428709,
            0.10597734390595671,
            -0.07590770784056997,
            -0.035004288056135036,
            -0.4810634278611732,
            -0.32345686267186835,
            -0.08975589825038145,
            0.24800891273614023,
            0.013802221610958355
        ],
        [
            -0.014936601448827792,
            -0.03756694503030483,
            -0.004306556477137596,
            -0.02494163319417636,
            0.002417461450647495,
            -0.0746816638477508,
            -0.07197272435239332,
            -0.051957538111708834,
            -0.07548729324966345,
            0.010813947999098864,
            -0.022210686430030768,
            -0.08329506822383097,
            0.28058828452895973,
            0.3545698197083812,
            0.021895987467436838,
            -0.11050412457880883,
            -0.08975589825038145,
            1.4283327616711023,
            0.0998777445612663,
            0.00673247708760689
        ],
        [
            0.09301420135035116,
            0.1397049105385648,
            -0.019701694404489562,
            0.12321363513195212,
            -0.012061640762393345,
            0.2875854623397206,
            0.21262028484370732,
            0.04783825182510908,
            0.06605397555454129,
            -0.028157987285829196,
            0.11130021626080233,
            0.24769452769651523,
            0.31458578113971664,
            -0.4868944652149854,
            -0.04371480099480066,
            0.2902552531265623,
            0.24800891273614023,
            0.0998777445612663,
            1.1941471824485743,
            -0.01521103192053113
        ],
        [
            -0.0044492631921572295,
            0.0015034479071278414,
            0.0009602746457093482,
            -0.0052850543576038024,
            -0.0072755016389119565,
            0.0034153543047796622,
            0.009474792326466015,
            -0.0005570575284935034,
            0.020840834925128216,
            -0.04412918143177039,
            -0.0008004132094422134,
            0.011090895399163973,
            0.025200573754317036,
            -0.05893547726142902,
            0.41089454909002254,
            0.018390804803133244,
            0.013802221610958355,
            0.00673247708760689,
            -0.01521103192053113,
            1.4664795188603235
        ]
    ]
}