{
    "HF": -2.1143620360260647,
    "coordinates": [
        [
            0.826463,
            -0.088774,
            -0.166444
        ],
        [
            1.603275,
            -0.098207,
            0.016096
        ],
        [
            2.292919,
            -0.060702,
            -0.071931
        ],
        [
            2.960009,
            -0.01037,
            -0.046702
        ]
    ],
    "elements": [
        "H",
        "H",
        "H",
        "H"
    ],
    "Enn": 3.2099186337937384,
    "S": [
        [
            0.9999999999999999,
            0.6848602514927513,
            0.0,
            0.0,
            0.0,
            0.5244165413557911,
            0.5481590587396747,
            -0.11914907051186882,
            -0.5070473746163354,
            0.006157188463561178,
            0.1355664629401487,
            0.32205976840631323,
            -0.011448339332530665,
            -0.17763149941516598,
            -0.00340035531347858,
            0.018271137712822936,
            0.13901585460199306,
            -0.0012690719425725876,
            -0.022612144166524475,
            -0.0008309558599777953
        ],
        [
            0.6848602514927513,
            1.0000000000000002,
            0.0,
            0.0,
            0.0,
            0.5481590587396747,
            0.8704652193051193,
            -0.03916773848462567,
            -0.16668110697775307,
            0.0020240455633037955,
            0.32205976840631323,
            0.6246460522894794,
            -0.011488043154892654,
            -0.1782475406848926,
            -0.003412148037245099,
            0.1390158546019931,
            0.3693350060064611,
            -0.005917821101168934,
            -0.10544289839082831,
            -0.0038748379483894454
        ],
        [
            0.0,
            0.0,
            1.0000000000000004,
            0.0,
            0.0,
            0.1191490705118688,
            0.03916773848462566,
            0.39965315957930714,
            -0.1610585773247543,
            0.0019557699416389083,
            0.011448339332530661,
            0.011488043154892639,
            0.059154720453886055,
            -0.021790760316370485,
            -0.00041713506821967547,
            0.0012690719425725878,
            0.005917821101168933,
            0.0025455209641362317,
            -0.0017536065859780788,
            -6.44419059945393e-05
        ],
        [
            0.0,
            0.0,
            0.0,
            1.0000000000000004,
            0.0,
            0.5070473746163351,
            0.166681106977753,
            -0.1610585773247543,
            -0.247896590516707,
            0.008322918592661358,
            0.17763149941516598,
            0.17824754068489246,
            -0.021790760316370485,
            -0.2775445262943142,
            -0.006472233699080044,
            0.022612144166524475,
            0.10544289839082838,
            -0.0017536065859780788,
            -0.028601574383753523,
            -0.0011482167557500735
        ],
        [
            0.0,
            0.0,
            0.0,
            0.0,
            1.0000000000000004,
            -0.006157188463561177,
            -0.0020240455633037946,
            0.001955769941638915,
            0.008322918592661382,
            0.4373986148680721,
            0.0034003553134785785,
            0.0034121480372451044,
            -0.0004171350682196757,
            -0.006472233699080048,
            0.06043523728178989,
            0.0008309558599777953,
            0.003874837948389445,
            -6.44419059945393e-05,
            -0.0011482167557500735,
            0.0026017445343336208
        ],
        [
            0.5244165413557911,
            0.5481590587396747,
            0.11914907051186882,
            0.5070473746163354,
            -0.006157188463561178,
            0.9999999999999999,
            0.6848602514927513,
            0.0,
            0.0,
            0.0,
            0.606185706304631,
            0.5780832236950504,
            0.06900672412708525,
            -0.5406304117361669,
            -0.029401174507666217,
            0.17667172709221252,
            0.35856882729001277,
            0.010521047906722734,
            -0.22730442706263831,
            -0.014716030526176068
        ],
        [
            0.5481590587396747,
            0.8704652193051193,
            0.039167738484625673,
            0.16668110697775307,
            -0.0020240455633037955,
            0.6848602514927513,
            1.0000000000000002,
            0.0,
            0.0,
            0.0,
            0.5780832236950504,
            0.8997857561431888,
            0.01999064261012975,
            -0.15661588753700936,
            -0.008517262329659268,
            0.35856882729001277,
            0.6679683839726989,
            0.008561987513509853,
            -0.18497945105185318,
            -0.011975847912738707
        ],
        [
            -0.1191490705118688,
            -0.039167738484625646,
            0.39965315957930714,
            -0.1610585773247543,
            0.001955769941638915,
            0.0,
            0.0,
            1.0000000000000004,
            0.0,
            0.0,
            -0.06900672412708528,
            -0.019990642610129748,
            0.5222620101115132,
            0.08400153767070662,
            0.00456826662791216,
            -0.010521047906722735,
            -0.008561987513509858,
            0.08938162869538714,
            0.019975158937734792,
            0.0012932218368625031
        ],
        [
            -0.5070473746163351,
            -0.166681106977753,
            -0.1610585773247543,
            -0.247896590516707,
            0.008322918592661382,
            0.0,
            0.0,
            0.0,
            1.0000000000000004,
            0.0,
            0.5406304117361669,
            0.15661588753700934,
            0.08400153767070662,
            -0.12512260820030507,
            -0.03578990162495431,
            0.2273044270626384,
            0.18497945105185318,
            0.019975158937734785,
            -0.3412517661924188,
            -0.027939712022895802
        ],
        [
            0.006157188463561177,
            0.0020240455633037946,
            0.0019557699416389083,
            0.008322918592661358,
            0.4373986148680721,
            0.0,
            0.0,
            0.0,
            0.0,
            1.0000000000000004,
            0.02940117450766621,
            0.008517262329659256,
            0.0045682666279121585,
            -0.035789901624954296,
            0.5310377017670563,
            0.014716030526176071,
            0.011975847912738707,
            0.001293221836862503,
            -0.027939712022895802,
            0.08849734301080694
        ],
        [
            0.1355664629401487,
            0.32205976840631323,
            0.011448339332530665,
            0.17763149941516598,
            0.0034003553134785785,
            0.606185706304631,
            0.5780832236950504,
            -0.06900672412708525,
            0.5406304117361669,
            0.02940117450766621,
            0.9999999999999999,
            0.6848602514927513,
            0.0,
            0.0,
            0.0,
            0.6280431120273435,
            0.5855232740421349,
            -0.020680234169331645,
            -0.5468142776970728,
            -0.04125718602444808
        ],
        [
            0.32205976840631323,
            0.6246460522894794,
            0.011488043154892666,
            0.1782475406848926,
            0.0034121480372451053,
            0.5780832236950504,
            0.8997857561431888,
            -0.019990642610129745,
            0.15661588753700936,
            0.008517262329659258,
            0.6848602514927513,
            1.0000000000000002,
            0.0,
            0.0,
            0.0,
            0.5855232740421349,
            0.9069853092789956,
            -0.005808158341417642,
            -0.15357581941322634,
            -0.011587309272671629
        ],
        [
            -0.01144833933253066,
            -0.011488043154892639,
            0.059154720453886055,
            -0.021790760316370485,
            -0.0004171350682196757,
            0.06900672412708526,
            0.019990642610129748,
            0.5222620101115132,
            0.08400153767070662,
            0.0045682666279121585,
            0.0,
            0.0,
            1.0000000000000004,
            0.0,
            0.0,
            0.020680234169331645,
            0.00580815834141764,
            0.5579829914678396,
            -0.024420571482038533,
            -0.0018425342964726843
        ],
        [
            -0.17763149941516598,
            -0.17824754068489254,
            -0.021790760316370485,
            -0.2775445262943142,
            -0.006472233699080048,
            -0.5406304117361669,
            -0.15661588753700934,
            0.08400153767070662,
            -0.12512260820030507,
            -0.035789901624954296,
            0.0,
            0.0,
            0.0,
            1.0000000000000004,
            0.0,
            0.5468142776970728,
            0.1535758194132263,
            -0.024420571482038533,
            -0.08680745587229642,
            -0.04871918046034182
        ],
        [
            -0.003400355313478576,
            -0.0034121480372451044,
            -0.00041713506821967547,
            -0.006472233699080044,
            0.06043523728178989,
            -0.029401174507666192,
            -0.008517262329659268,
            0.00456826662791216,
            -0.03578990162495431,
            0.5310377017670563,
            0.0,
            0.0,
            0.0,
            0.0,
            1.0000000000000004,
            0.04125718602444807,
            0.011587309272671624,
            -0.001842534296472685,
            -0.048719180460341835,
            0.5552306983844332
        ],
        [
            0.018271137712822936,
            0.13901585460199306,
            0.0012690719425725876,
            0.022612144166524475,
            0.0008309558599777953,
            0.17667172709221252,
            0.35856882729001277,
            -0.010521047906722734,
            0.22730442706263831,
            0.014716030526176068,
            0.6280431120273435,
            0.5855232740421349,
            0.020680234169331645,
            0.5468142776970728,
            0.04125718602444808,
            0.9999999999999999,
            0.6848602514927513,
            0.0,
            0.0,
            0.0
        ],
        [
            0.1390158546019931,
            0.3693350060064611,
            0.005917821101168934,
            0.10544289839082839,
            0.0038748379483894454,
            0.35856882729001277,
            0.6679683839726989,
            -0.008561987513509856,
            0.18497945105185318,
            0.011975847912738707,
            0.5855232740421349,
            0.9069853092789956,
            0.005808158341417642,
            0.15357581941322634,
            0.011587309272671629,
            0.6848602514927513,
            1.0000000000000002,
            0.0,
            0.0,
            0.0
        ],
        [
            -0.0012690719425725878,
            -0.005917821101168933,
            0.0025455209641362317,
            -0.0017536065859780788,
            -6.44419059945393e-05,
            0.010521047906722735,
            0.00856198751350986,
            0.08938162869538714,
            0.019975158937734792,
            0.0012932218368625031,
            -0.020680234169331645,
            -0.0058081583414176284,
            0.5579829914678396,
            -0.024420571482038533,
            -0.001842534296472685,
            0.0,
            0.0,
            1.0000000000000004,
            0.0,
            0.0
        ],
        [
            -0.022612144166524475,
            -0.1054428983908283,
            -0.0017536065859780788,
            -0.028601574383753523,
            -0.0011482167557500735,
            -0.2273044270626384,
            -0.18497945105185318,
            0.019975158937734785,
            -0.3412517661924188,
            -0.027939712022895802,
            -0.5468142776970728,
            -0.1535758194132263,
            -0.024420571482038533,
            -0.08680745587229642,
            -0.048719180460341835,
            0.0,
            0.0,
            0.0,
            1.0000000000000004,
            0.0
        ],
        [
            -0.0008309558599777953,
            -0.0038748379483894463,
            -6.44419059945393e-05,
            -0.0011482167557500735,
            0.0026017445343336208,
            -0.014716030526176073,
            -0.011975847912738707,
            0.001293221836862503,
            -0.027939712022895802,
            0.08849734301080694,
            -0.04125718602444807,
            -0.011587309272671624,
            -0.0018425342964726843,
            -0.04871918046034182,
            0.5552306983844332,
            0.0,
            0.0,
            0.0,
            0.0,
            1.0000000000000004
        ]
    ],
    "h": [
        [
            -0.24699754102228844,
            -0.45893526760628656,
            -0.06065634463327528,
            -0.26843988087992693,
            0.003016141135263609,
            -0.5611556670916937,
            -0.4481396303173928,
            0.015890660407239687,
            0.03058662721528127,
            -0.0012605370397882187,
            -0.2670400283962268,
            -0.31749202824574285,
            -0.009101190957787216,
            0.333502381768806,
            0.013186617839344354,
            -0.0275842593758965,
            -0.15767247710644328,
            0.0009582736886943315,
            0.09513407423805682,
            0.004871578997717502
        ],
        [
            -0.45893526760628656,
            -0.3104991203991134,
            -0.05127887172673495,
            -0.2352653364059788,
            0.002287625079110445,
            -0.5407765094616097,
            -0.36692686709604483,
            0.06095492991964083,
            0.08654022111523993,
            -0.008417523488063884,
            -0.3637846577185819,
            -0.3174578964704383,
            -0.02141069594909207,
            0.20343325186484806,
            0.008385275113138961,
            -0.164557696189955,
            -0.2147582754942834,
            0.001554119065231379,
            0.1489553649320008,
            0.009896565100094727
        ],
        [
            -0.06065634463327528,
            -0.05127887172673495,
            1.4826708322009243,
            -0.05651423789281457,
            0.0006638276645547528,
            -0.012070606260988909,
            -0.04598634816974324,
            0.3019094192375278,
            -0.22440081832642317,
            0.002344974960323409,
            -0.03787350071611662,
            -0.03900530069179494,
            -0.049684325344466526,
            0.04715337782809707,
            0.002073699570820602,
            -0.007354830365837354,
            -0.02142477733516398,
            -0.007813670917010053,
            0.012704698939782617,
            0.0006671876316618881
        ],
        [
            -0.26843988087992693,
            -0.2352653364059788,
            -0.05651423789281457,
            1.2378781860702304,
            0.002458106089059631,
            -0.09127558576758665,
            -0.22593995442023973,
            -0.20601182170890792,
            -0.6283413386204677,
            0.007498036704053641,
            -0.26072045669716715,
            -0.18943707184772185,
            -0.020472230411384372,
            0.15831200722730698,
            0.009839217708600748,
            -0.09050575901924485,
            -0.13059166018426435,
            0.00401660847707358,
            0.12724079332127003,
            0.00666205042674408
        ],
        [
            0.003016141135263609,
            0.002287625079110445,
            0.0006638276645547528,
            0.002458106089059631,
            1.4957172817664246,
            -0.00047390891162047213,
            0.0015536753416922756,
            0.0028456715549792376,
            0.010603402294718926,
            0.3520972147534748,
            -0.0012311743145148211,
            0.0013094911531642958,
            -6.400959492095816e-05,
            -0.0024746509227331556,
            -0.04665567676658698,
            -0.002192536340800222,
            -0.000362402450875713,
            0.0001520891613559321,
            0.0031836839083210994,
            -0.00783507461685123
        ],
        [
            -0.5611556670916937,
            -0.5407765094616097,
            -0.012070606260988909,
            -0.09127558576758665,
            -0.00047390891162047213,
            -0.47681670194817105,
            -0.6178422088426908,
            0.091261768071854,
            -0.03431445347063572,
            -0.018133626922163526,
            -0.5987208395714549,
            -0.5502061888517625,
            -0.0007781009108314696,
            0.02709849835797229,
            -0.002412246158206177,
            -0.3353790687990871,
            -0.3924157852310837,
            -0.0007076428171342297,
            0.306288234589416,
            0.021260278055381523
        ],
        [
            -0.4481396303173928,
            -0.36692686709604483,
            -0.04598634816974324,
            -0.22593995442023973,
            0.0015536753416922756,
            -0.6178422088426908,
            -0.4420445927982035,
            0.07354747335812539,
            -0.043758509675661014,
            -0.015639647086567076,
            -0.5664453083901604,
            -0.42399857488004034,
            -0.02945042450282322,
            0.12839950625196933,
            0.0024970541559215954,
            -0.36497655838615095,
            -0.3342724370719896,
            0.004211044096362922,
            0.23406670619137693,
            0.01710043383260109
        ],
        [
            0.015890660407239687,
            0.06095492991964083,
            0.3019094192375278,
            -0.20601182170890792,
            0.0028456715549792376,
            0.091261768071854,
            0.07354747335812539,
            1.3751039833949117,
            -0.019754844177890758,
            0.0026298155104462905,
            0.017880279129614263,
            0.055376566423451984,
            0.46124810173292485,
            0.1043086034278484,
            0.006259805622072191,
            0.026840948135780963,
            0.03572305229625469,
            -0.044922665150098184,
            -0.027322350463242787,
            -0.0019813266683062457
        ],
        [
            0.03058662721528127,
            0.08654022111523993,
            -0.22440081832642317,
            -0.6283413386204677,
            0.010603402294718926,
            -0.03431445347063572,
            -0.043758509675661014,
            -0.019754844177890758,
            0.777089670086391,
            -0.01718206283659854,
            -0.08380876514932023,
            -0.16431989123270763,
            0.11438607195051137,
            -0.6881369972736078,
            -0.06398748153927226,
            -0.3814110027185378,
            -0.22274304884509366,
            0.012635660686339738,
            0.10369826673840288,
            0.012603113880154532
        ],
        [
            -0.0012605370397882187,
            -0.008417523488063884,
            0.002344974960323409,
            0.007498036704053641,
            0.3520972147534748,
            -0.018133626922163526,
            -0.015639647086567076,
            0.0026298155104462905,
            -0.01718206283659854,
            1.3916408378956882,
            -0.008502945621840202,
            -0.016884986360641837,
            0.006188410764766042,
            -0.05705205929376683,
            0.4731880387062113,
            -0.02099278228037503,
            -0.015068434496952332,
            0.0007664335384953373,
            0.007738541682678318,
            -0.04361678669281774
        ],
        [
            -0.2670400283962268,
            -0.3637846577185819,
            -0.03787350071611662,
            -0.26072045669716715,
            -0.0012311743145148211,
            -0.5987208395714549,
            -0.5664453083901604,
            0.017880279129614263,
            -0.08380876514932023,
            -0.008502945621840202,
            -0.5645073685184172,
            -0.6482355970089195,
            -0.046361723975060776,
            -0.05173766875466035,
            -0.009489117813103085,
            -0.6535607483635929,
            -0.589062617256533,
            -0.00415288220537411,
            0.0979514584107426,
            0.006848277711095849
        ],
        [
            -0.31749202824574285,
            -0.3174578964704383,
            -0.03900530069179494,
            -0.18943707184772185,
            0.0013094911531642958,
            -0.5502061888517625,
            -0.42399857488004034,
            0.055376566423451984,
            -0.16431989123270763,
            -0.016884986360641837,
            -0.6482355970089195,
            -0.44223413569715,
            -0.034417272289037903,
            0.0024066469233176707,
            -0.005316059909342197,
            -0.4971467898408518,
            -0.3761954884005243,
            0.004557752914410242,
            0.27770611306987775,
            0.020518130537100353
        ],
        [
            -0.009101190957787216,
            -0.02141069594909207,
            -0.049684325344466526,
            -0.020472230411384372,
            -6.400959492095816e-05,
            -0.0007781009108314696,
            -0.02945042450282322,
            0.46124810173292485,
            0.11438607195051137,
            0.006188410764766042,
            -0.046361723975060776,
            -0.034417272289037903,
            1.36215229363632,
            0.02130723469720376,
            0.0009295391389939883,
            -0.011538690246416794,
            -0.02592372771180066,
            0.5264909476764721,
            -0.022208835137190304,
            -0.0017684634708829707
        ],
        [
            0.333502381768806,
            0.20343325186484806,
            0.04715337782809707,
            0.15831200722730698,
            -0.0024746509227331556,
            0.02709849835797229,
            0.12839950625196933,
            0.1043086034278484,
            -0.6881369972736078,
            -0.05705205929376683,
            -0.05173766875466035,
            0.0024066469233176707,
            0.02130723469720376,
            0.704017624265969,
            -0.04105202015626675,
            0.01284076110904886,
            -0.10119752130937215,
            -0.03538640854948584,
            -0.49252430775632966,
            -0.076033476532276
        ],
        [
            0.013186617839344354,
            0.008385275113138961,
            0.002073699570820602,
            0.009839217708600748,
            -0.04665567676658698,
            -0.002412246158206177,
            0.0024970541559215954,
            0.006259805622072191,
            -0.06398748153927226,
            0.4731880387062113,
            -0.009489117813103085,
            -0.005316059909342197,
            0.0009295391389939883,
            -0.04105202015626675,
            1.3645204967962843,
            0.0010973851758593195,
            -0.010123202328499642,
            -0.0027364666510299555,
            -0.07512928861373108,
            0.5225695872044239
        ],
        [
            -0.0275842593758965,
            -0.164557696189955,
            -0.007354830365837354,
            -0.09050575901924485,
            -0.002192536340800222,
            -0.3353790687990871,
            -0.36497655838615095,
            0.026840948135780963,
            -0.3814110027185378,
            -0.02099278228037503,
            -0.6535607483635929,
            -0.4971467898408518,
            -0.011538690246416794,
            0.01284076110904886,
            0.0010973851758593195,
            -0.34506963285941983,
            -0.4993188158814752,
            0.009594817373467597,
            0.3490877446144145,
            0.026517718206864483
        ],
        [
            -0.15767247710644328,
            -0.2147582754942834,
            -0.02142477733516398,
            -0.13059166018426435,
            -0.000362402450875713,
            -0.3924157852310837,
            -0.3342724370719896,
            0.03572305229625469,
            -0.22274304884509366,
            -0.015068434496952332,
            -0.589062617256533,
            -0.3761954884005243,
            -0.02592372771180066,
            -0.10119752130937215,
            -0.010123202328499642,
            -0.4993188158814752,
            -0.3236115177526564,
            0.006196849249816578,
            0.27909545887777804,
            0.02097338171790989
        ],
        [
            0.0009582736886943315,
            0.001554119065231379,
            -0.007813670917010053,
            0.00401660847707358,
            0.0001520891613559321,
            -0.0007076428171342297,
            0.004211044096362922,
            -0.044922665150098184,
            0.012635660686339738,
            0.0007664335384953373,
            -0.00415288220537411,
            0.004557752914410242,
            0.5264909476764721,
            -0.03538640854948584,
            -0.0027364666510299555,
            0.009594817373467597,
            0.006196849249816578,
            1.4555138289254734,
            -0.009074951795584815,
            -0.0007041252277853692
        ],
        [
            0.09513407423805682,
            0.1489553649320008,
            0.012704698939782617,
            0.12724079332127003,
            0.0031836839083210994,
            0.306288234589416,
            0.23406670619137693,
            -0.027322350463242787,
            0.10369826673840288,
            0.007738541682678318,
            0.0979514584107426,
            0.27770611306987775,
            -0.022208835137190304,
            -0.49252430775632966,
            -0.07512928861373108,
            0.3490877446144145,
            0.27909545887777804,
            -0.009074951795584815,
            1.1115465310916572,
            -0.025704719981156463
        ],
        [
            0.004871578997717502,
            0.009896565100094727,
            0.0006671876316618881,
            0.00666205042674408,
            -0.00783507461685123,
            0.021260278055381523,
            0.01710043383260109,
            -0.0019813266683062457,
            0.012603113880154532,
            -0.04361678669281774,
            0.006848277711095849,
            0.020518130537100353,
            -0.0017684634708829707,
            -0.076033476532276,
            0.5225695872044239,
            0.026517718206864483,
            0.02097338171790989,
            -0.0007041252277853692,
            -0.025704719981156463,
            1.4541292194024675
        ]
    ]
}