{
    "HF": -2.137958946371512,
    "coordinates": [
        [
            0.699389,
            0.066485,
            -0.060781
        ],
        [
            1.402065,
            -0.030672,
            0.040662
        ],
        [
            2.127022,
            -0.089861,
            0.029409
        ],
        [
            2.917836,
            -0.168285,
            0.130021
        ]
    ],
    "elements": [
        "H",
        "H",
        "H",
        "H"
    ],
    "Enn": 3.0777031067458314,
    "S": [
        [
            0.9999999999999999,
            0.6848602514927513,
            0.0,
            0.0,
            0.0,
            0.5896602377844001,
            0.5723093318341278,
            -0.07679843167874924,
            -0.5319678516831797,
            0.073553672768079,
            0.14637290931929114,
            0.3322720948896949,
            -0.011998289622101236,
            -0.18992298711685612,
            0.0207992525696534,
            0.012779129932714699,
            0.11927213949141958,
            -0.0013069110514368064,
            -0.015195400998557823,
            0.0016080728060807485
        ],
        [
            0.6848602514927513,
            1.0000000000000002,
            0.0,
            0.0,
            0.0,
            0.5723093318341278,
            0.894174167992799,
            -0.022791861899967597,
            -0.15787481001568965,
            0.021828898264199127,
            0.3322720948896949,
            0.6369437365351773,
            -0.0113347939450798,
            -0.17942040009087612,
            0.01964907078542462,
            0.11927213949141958,
            0.33554035686703276,
            -0.008000632051852866,
            -0.09302301953615187,
            0.009844280389165192
        ],
        [
            0.0,
            0.0,
            1.0000000000000004,
            0.0,
            0.0,
            0.07679843167874924,
            0.022791861899967594,
            0.4997618061493669,
            -0.09502392430093073,
            0.013138686127469169,
            0.01199828962210124,
            0.011334793945079797,
            0.06658332798169427,
            -0.022737472265900397,
            0.0024900747173009193,
            0.0013069110514368064,
            0.008000632051852868,
            0.0013514090091666024,
            -0.0016400964473141833,
            0.00017356531074934434
        ],
        [
            0.0,
            0.0,
            0.0,
            1.0000000000000004,
            0.0,
            0.5319678516831797,
            0.15787481001568981,
            -0.09502392430093073,
            -0.14473221228046662,
            0.0910091323531986,
            0.1899229871168562,
            0.17942040009087604,
            -0.02273747226590039,
            -0.2918955972163043,
            0.03941582036683072,
            0.01519540099855782,
            0.09302301953615184,
            -0.0016400964473141824,
            -0.017576865075828393,
            0.002018036723598026
        ],
        [
            0.0,
            0.0,
            0.0,
            0.0,
            1.0000000000000004,
            -0.07355367276807903,
            -0.021828898264199117,
            0.013138686127469174,
            0.09100913235319864,
            0.5008965221220479,
            -0.0207992525696534,
            -0.019649070785424612,
            0.0024900747173009176,
            0.03941582036683071,
            0.06370316674458992,
            -0.0016080728060807487,
            -0.009844280389165197,
            0.0001735653107493443,
            0.0020180367235980265,
            0.001278907480277849
        ],
        [
            0.5896602377844001,
            0.5723093318341278,
            0.07679843167874924,
            0.5319678516831797,
            -0.073553672768079,
            0.9999999999999999,
            0.6848602514927513,
            0.0,
            0.0,
            0.0,
            0.5808465987346199,
            0.5691756779517367,
            0.008358713459201556,
            -0.5384970970623291,
            0.043965510613763546,
            0.11783538546582148,
            0.30412824595957594,
            -0.009122815544368584,
            -0.15474769458591875,
            0.014049150231170829
        ],
        [
            0.5723093318341278,
            0.894174167992799,
            0.022791861899967597,
            0.15787481001568981,
            -0.021828898264199134,
            0.6848602514927513,
            1.0000000000000002,
            0.0,
            0.0,
            0.0,
            0.5691756779517367,
            0.8911195814429982,
            0.002513511546594671,
            -0.16192906694078324,
            0.013220673147728795,
            0.30412824595957594,
            0.6026890503200025,
            -0.01021592655819771,
            -0.1732898221225163,
            0.015732542905060074
        ],
        [
            -0.07679843167874924,
            -0.02279186189996759,
            0.4997618061493669,
            -0.09502392430093073,
            0.013138686127469169,
            0.0,
            0.0,
            1.0000000000000004,
            0.0,
            0.0,
            -0.008358713459201552,
            -0.002513511546594665,
            0.5029501323164474,
            0.010655662020211417,
            -0.0008699798461347268,
            0.009122815544368584,
            0.010215926558197712,
            0.04791534586576877,
            -0.0172058612318843,
            0.001562076449347094
        ],
        [
            -0.5319678516831797,
            -0.15787481001568998,
            -0.09502392430093073,
            -0.14473221228046662,
            0.0910091323531986,
            0.0,
            0.0,
            0.0,
            1.0000000000000004,
            0.0,
            0.5384970970623286,
            0.16192906694078324,
            0.010655662020211416,
            -0.18335889822545967,
            0.05604709671325811,
            0.15474769458591875,
            0.1732898221225159,
            -0.0172058612318843,
            -0.2429283921391963,
            0.02649705325376621
        ],
        [
            0.07355367276807903,
            0.021828898264199117,
            0.013138686127469174,
            0.09100913235319864,
            0.5008965221220479,
            0.0,
            0.0,
            0.0,
            0.0,
            1.0000000000000004,
            -0.043965510613763525,
            -0.013220673147728778,
            -0.0008699798461347272,
            0.05604709671325814,
            0.4985395763211986,
            -0.014049150231170825,
            -0.015732542905060057,
            0.0015620764493470935,
            0.0264970532537662,
            0.04652408001123627
        ],
        [
            0.14637290931929114,
            0.3322720948896949,
            0.011998289622101236,
            0.18992298711685612,
            -0.0207992525696534,
            0.5808465987346199,
            0.5691756779517367,
            -0.008358713459201552,
            0.5384970970623291,
            -0.04396551061376354,
            0.9999999999999999,
            0.6848602514927513,
            0.0,
            0.0,
            0.0,
            0.5220454261152455,
            0.5472378257173557,
            -0.06529664453082104,
            -0.5132340143123749,
            0.05089675238227161
        ],
        [
            0.3322720948896949,
            0.6369437365351773,
            0.011334793945079804,
            0.17942040009087612,
            -0.01964907078542462,
            0.5691756779517367,
            0.8911195814429982,
            -0.002513511546594665,
            0.16192906694078324,
            -0.013220673147728788,
            0.6848602514927513,
            1.0000000000000002,
            0.0,
            0.0,
            0.0,
            0.5472378257173557,
            0.8695530361634347,
            -0.021549659060598605,
            -0.16938110841995185,
            0.016797305114383782
        ],
        [
            -0.01199828962210124,
            -0.011334793945079798,
            0.06658332798169427,
            -0.022737472265900397,
            0.0024900747173009193,
            0.008358713459201556,
            0.002513511546594671,
            0.5029501323164474,
            0.010655662020211416,
            -0.0008699798461347274,
            0.0,
            0.0,
            1.0000000000000004,
            0.0,
            0.0,
            0.06529664453082103,
            0.021549659060598587,
            0.42334870905505473,
            -0.08980915225118134,
            0.00890625729456818
        ],
        [
            -0.1899229871168562,
            -0.17942040009087612,
            -0.02273747226590039,
            -0.2918955972163043,
            0.03941582036683072,
            -0.5384970970623291,
            -0.16192906694078324,
            0.010655662020211416,
            -0.18335889822545967,
            0.05604709671325815,
            0.0,
            0.0,
            0.0,
            1.0000000000000004,
            0.0,
            0.513234014312375,
            0.16938110841995185,
            -0.08980915225118123,
            -0.2711284648878873,
            0.07000350809194367
        ],
        [
            0.0207992525696534,
            0.019649070785424605,
            0.0024900747173009176,
            0.03941582036683071,
            0.06370316674458992,
            0.04396551061376352,
            0.01322067314772877,
            -0.0008699798461347266,
            0.056047096713258096,
            0.4985395763211986,
            0.0,
            0.0,
            0.0,
            0.0,
            1.0000000000000004,
            -0.050896752382271565,
            -0.016797305114383803,
            0.00890625729456818,
            0.07000350809194375,
            0.42783259946126057
        ],
        [
            0.012779129932714699,
            0.11927213949141958,
            0.0013069110514368064,
            0.015195400998557823,
            -0.0016080728060807485,
            0.11783538546582148,
            0.30412824595957594,
            0.009122815544368588,
            0.1547476945859188,
            -0.014049150231170829,
            0.5220454261152455,
            0.5472378257173557,
            0.06529664453082104,
            0.5132340143123749,
            -0.05089675238227158,
            0.9999999999999999,
            0.6848602514927513,
            0.0,
            0.0,
            0.0
        ],
        [
            0.11927213949141958,
            0.33554035686703276,
            0.008000632051852866,
            0.09302301953615187,
            -0.009844280389165195,
            0.30412824595957594,
            0.6026890503200025,
            0.01021592655819771,
            0.17328982212251612,
            -0.015732542905060067,
            0.5472378257173557,
            0.8695530361634347,
            0.021549659060598608,
            0.16938110841995185,
            -0.016797305114383803,
            0.6848602514927513,
            1.0000000000000002,
            0.0,
            0.0,
            0.0
        ],
        [
            -0.0013069110514368064,
            -0.008000632051852868,
            0.0013514090091666024,
            -0.0016400964473141833,
            0.00017356531074934434,
            -0.009122815544368584,
            -0.010215926558197707,
            0.04791534586576877,
            -0.0172058612318843,
            0.0015620764493470933,
            -0.06529664453082104,
            -0.02154965906059858,
            0.42334870905505473,
            -0.08980915225118123,
            0.00890625729456818,
            0.0,
            0.0,
            1.0000000000000004,
            0.0,
            0.0
        ],
        [
            -0.01519540099855782,
            -0.09302301953615184,
            -0.0016400964473141824,
            -0.017576865075828393,
            0.002018036723598026,
            -0.15474769458591875,
            -0.1732898221225159,
            -0.017205861231884303,
            -0.2429283921391962,
            0.0264970532537662,
            -0.513234014312375,
            -0.16938110841995185,
            -0.08980915225118134,
            -0.2711284648878873,
            0.07000350809194375,
            0.0,
            0.0,
            0.0,
            1.0000000000000004,
            0.0
        ],
        [
            0.0016080728060807487,
            0.009844280389165197,
            0.0001735653107493443,
            0.0020180367235980265,
            0.001278907480277849,
            0.014049150231170825,
            0.015732542905060046,
            0.0015620764493470942,
            0.02649705325376621,
            0.04652408001123627,
            0.050896752382271565,
            0.016797305114383824,
            0.00890625729456818,
            0.07000350809194367,
            0.42783259946126057,
            0.0,
            0.0,
            0.0,
            0.0,
            1.0000000000000004
        ]
    ],
    "h": [
        [
            -0.30608965315723435,
            -0.4835017580828721,
            -0.04366164993571879,
            -0.31425305229033024,
            0.04299657973862811,
            -0.617079089712716,
            -0.47953704811063635,
            0.00709597799026962,
            0.0024393411373923035,
            -0.002295845670155977,
            -0.29209530039215953,
            -0.33959744666739217,
            0.010079964868458191,
            0.35101231273360756,
            -0.03343164080837213,
            -0.013295207967962422,
            -0.1422282991551176,
            0.005448694727501731,
            0.06954192282825228,
            -0.006883898834428411
        ],
        [
            -0.4835017580828721,
            -0.3179186022544873,
            -0.03484420934660712,
            -0.2590414797482684,
            0.03503268542607988,
            -0.5659519449292545,
            -0.371143546353387,
            0.03358608701664559,
            0.10233560906482825,
            -0.02068736650217,
            -0.3630555822170476,
            -0.3219227398406461,
            -0.0032436566278307988,
            0.2103323806996074,
            -0.01815762266162601,
            -0.13890411612695383,
            -0.1988098610099227,
            0.012200085905043229,
            0.11913729382923652,
            -0.011644436600657155
        ],
        [
            -0.04366164993571879,
            -0.03484420934660712,
            1.4615422991388567,
            -0.041613143510444296,
            0.005706995890770338,
            -0.007301165909376323,
            -0.03258455105201395,
            0.44138618868851187,
            -0.14098038849155253,
            0.019153300415179163,
            -0.028154818045801666,
            -0.026832755300696006,
            -0.04754352068146511,
            0.03003865564511557,
            -0.0026371372996380673,
            -0.005559400490167029,
            -0.013970131890190677,
            -0.0041645568731646584,
            0.009050696777140032,
            -0.0009129460420397766
        ],
        [
            -0.31425305229033024,
            -0.2590414797482684,
            -0.041613143510444296,
            1.1619094250383883,
            0.041415098338466266,
            -0.08708785129729546,
            -0.2541018339125136,
            -0.1317198439890787,
            -0.5374901571854661,
            0.13371623519469597,
            -0.27554061905140914,
            -0.21009352635530748,
            -0.0030296555661583346,
            0.15533969116299817,
            -0.01675195082609543,
            -0.07230088173798352,
            -0.12863996723129506,
            0.008945412079521375,
            0.0955549893417566,
            -0.010200410844864092
        ],
        [
            0.04299657973862811,
            0.03503268542607988,
            0.005706995890770338,
            0.041415098338466266,
            1.4617643665135462,
            0.010291622346080498,
            0.03377194371465139,
            0.01831452539406782,
            0.13678991036965288,
            0.4423086801214283,
            0.03392694919988355,
            0.027831608113906826,
            0.00022879431671236298,
            -0.02843911240460001,
            -0.04521542224243412,
            0.007849298119317963,
            0.015932741077431124,
            -0.000991763086634193,
            -0.011251496480181995,
            -0.0037999994176109433
        ],
        [
            -0.617079089712716,
            -0.5659519449292545,
            -0.007301165909376323,
            -0.08708785129729546,
            0.010291622346080498,
            -0.5113499214110813,
            -0.6274711886006888,
            0.046073509380822275,
            0.041032172802692876,
            -0.019834817771646914,
            -0.5638586557941687,
            -0.5421804471611062,
            -0.00022634056312708858,
            0.06899701538276992,
            -0.007252402958501644,
            -0.2456688934100881,
            -0.3412353998867158,
            0.02245659667105148,
            0.2461580480100851,
            -0.023375097673143063
        ],
        [
            -0.47953704811063635,
            -0.371143546353387,
            -0.03258455105201395,
            -0.2541018339125136,
            0.03377194371465139,
            -0.6274711886006888,
            -0.43860109159588734,
            0.03366008168543487,
            -0.0025288968014619134,
            -0.01194619045691711,
            -0.5312813579329769,
            -0.41720317403321827,
            -0.013437012510855672,
            0.15098984426942258,
            -0.011935607993651225,
            -0.3064485564435436,
            -0.30853260219289125,
            0.021313482970155624,
            0.18356508156785217,
            -0.01793106314336411
        ],
        [
            0.00709597799026962,
            0.03358608701664559,
            0.44138618868851187,
            -0.1317198439890787,
            0.01831452539406782,
            0.046073509380822275,
            0.03366008168543487,
            1.3775669893263423,
            -0.04034179164876216,
            0.005655790028258337,
            0.004528353648313031,
            0.018448509226284094,
            0.4337898887774838,
            -0.003972601678709876,
            0.0006751751349444077,
            -0.00952808117758531,
            0.004209575610149067,
            -0.045908547716128734,
            0.0015422112157149198,
            -0.0001563785254781562
        ],
        [
            0.0024393411373923035,
            0.10233560906482825,
            -0.14098038849155253,
            -0.5374901571854661,
            0.13678991036965288,
            0.041032172802692876,
            -0.0025288968014619134,
            -0.04034179164876216,
            0.7719655303629507,
            0.06687528624906158,
            -0.033485605518865036,
            -0.12775778782847574,
            -0.0002605266594481962,
            -0.7260814491443084,
            0.09812607928800504,
            -0.3179939277643813,
            -0.19810179049914414,
            0.026593257431252966,
            0.19384637363508916,
            -0.023225597015033878
        ],
        [
            -0.002295845670155977,
            -0.02068736650217,
            0.019153300415179163,
            0.13371623519469597,
            0.4423086801214283,
            -0.019834817771646914,
            -0.01194619045691711,
            0.005655790028258337,
            0.06687528624906158,
            1.3759902085832487,
            0.00023834084889143292,
            0.003888566851592168,
            0.00038663202516469567,
            0.10167887870428165,
            0.42645712192634544,
            0.028555128561746478,
            0.014942407544182162,
            -0.0022629614987375213,
            -0.02013671144918862,
            -0.04423786290952131
        ],
        [
            -0.29209530039215953,
            -0.3630555822170476,
            -0.028154818045801666,
            -0.27554061905140914,
            0.03392694919988355,
            -0.5638586557941687,
            -0.5312813579329769,
            0.004528353648313031,
            -0.033485605518865036,
            0.00023834084889143292,
            -0.4555298540300661,
            -0.6077767511537815,
            -0.034862095968660495,
            0.009404612445668453,
            0.0033898143549839256,
            -0.5566626116326993,
            -0.5332037766317789,
            0.00724950993411809,
            0.08390704127768844,
            -0.0078041571065392695
        ],
        [
            -0.33959744666739217,
            -0.3219227398406461,
            -0.026832755300696006,
            -0.21009352635530748,
            0.027831608113906826,
            -0.5421804471611062,
            -0.41720317403321827,
            0.018448509226284094,
            -0.12775778782847574,
            0.003888566851592168,
            -0.6077767511537815,
            -0.43912945670893255,
            -0.02688213331350891,
            0.02728893693311958,
            0.0005989437589620228,
            -0.4466111251503053,
            -0.36352191147131085,
            0.02570752251763666,
            0.22289586850648857,
            -0.02169830564679422
        ],
        [
            0.010079964868458191,
            -0.0032436566278307988,
            -0.04754352068146511,
            -0.0030296555661583346,
            0.00022879431671236298,
            -0.00022634056312708858,
            -0.013437012510855672,
            0.4337898887774838,
            -0.0002605266594481962,
            0.00038663202516469567,
            -0.034862095968660495,
            -0.02688213331350891,
            1.3962946666772769,
            -0.03182598554968504,
            0.003250040275548491,
            -0.008221315417499694,
            -0.02740023744713522,
            0.33381510051707897,
            -0.11861532693831003,
            0.011800104828261562
        ],
        [
            0.35101231273360756,
            0.2103323806996074,
            0.03003865564511557,
            0.15533969116299817,
            -0.02843911240460001,
            0.06899701538276992,
            0.15098984426942258,
            -0.003972601678709876,
            -0.7260814491443084,
            0.10167887870428165,
            0.009404612445668453,
            0.02728893693311958,
            -0.03182598554968504,
            0.8101181172943759,
            0.05420954727001408,
            -0.031769758221716016,
            -0.09648963080858913,
            -0.12542022673893166,
            -0.6502036042178629,
            0.09900152358729089
        ],
        [
            -0.03343164080837213,
            -0.01815762266162601,
            -0.0026371372996380673,
            -0.01675195082609543,
            -0.04521542224243412,
            -0.007252402958501644,
            -0.011935607993651225,
            0.0006751751349444077,
            0.09812607928800504,
            0.42645712192634544,
            0.0033898143549839256,
            0.0005989437589620228,
            0.003250040275548491,
            0.05420954727001408,
            1.395584260845696,
            0.004119170881652409,
            0.011529266026745994,
            0.012342637008200395,
            0.09797523050430104,
            0.3394080878671175
        ],
        [
            -0.013295207967962422,
            -0.13890411612695383,
            -0.005559400490167029,
            -0.07230088173798352,
            0.007849298119317963,
            -0.2456688934100881,
            -0.3064485564435436,
            -0.00952808117758531,
            -0.3179939277643813,
            0.028555128561746478,
            -0.5566626116326993,
            -0.4466111251503053,
            -0.008221315417499694,
            -0.031769758221716016,
            0.004119170881652409,
            -0.2439858282055989,
            -0.45690442066006987,
            0.03297088612332397,
            0.26787041488282104,
            -0.026303937771329035
        ],
        [
            -0.1422282991551176,
            -0.1988098610099227,
            -0.013970131890190677,
            -0.12863996723129506,
            0.015932741077431124,
            -0.3412353998867158,
            -0.30853260219289125,
            0.004209575610149067,
            -0.19810179049914414,
            0.014942407544182162,
            -0.5332037766317789,
            -0.36352191147131085,
            -0.02740023744713522,
            -0.09648963080858913,
            0.011529266026745994,
            -0.45690442066006987,
            -0.3079706387058716,
            0.02816581729397507,
            0.23400666782440946,
            -0.022902096949609957
        ],
        [
            0.005448694727501731,
            0.012200085905043229,
            -0.0041645568731646584,
            0.008945412079521375,
            -0.000991763086634193,
            0.02245659667105148,
            0.021313482970155624,
            -0.045908547716128734,
            0.026593257431252966,
            -0.0022629614987375213,
            0.00724950993411809,
            0.02570752251763666,
            0.33381510051707897,
            -0.12542022673893166,
            0.012342637008200395,
            0.03297088612332397,
            0.02816581729397507,
            1.4896704977693933,
            -0.03149196877739445,
            0.003109934682115749
        ],
        [
            0.06954192282825228,
            0.11913729382923652,
            0.009050696777140032,
            0.0955549893417566,
            -0.011251496480181995,
            0.2461580480100851,
            0.18356508156785217,
            0.0015422112157149198,
            0.19384637363508916,
            -0.02013671144918862,
            0.08390704127768844,
            0.22289586850648857,
            -0.11861532693831003,
            -0.6502036042178629,
            0.09797523050430104,
            0.26787041488282104,
            0.23400666782440946,
            -0.03149196877739445,
            1.2346736921480865,
            0.025448247146446376
        ],
        [
            -0.006883898834428411,
            -0.011644436600657155,
            -0.0009129460420397766,
            -0.010200410844864092,
            -0.0037999994176109433,
            -0.023375097673143063,
            -0.01793106314336411,
            -0.0001563785254781562,
            -0.023225597015033878,
            -0.04423786290952131,
            -0.0078041571065392695,
            -0.02169830564679422,
            0.011800104828261562,
            0.09900152358729089,
            0.3394080878671175,
            -0.026303937771329035,
            -0.022902096949609957,
            0.003109934682115749,
            0.025448247146446376,
            1.4911006401401496
        ]
    ]
}