{
    "HF": -2.1329101792686957,
    "coordinates": [
        [
            0.656422,
            -0.1814,
            -0.131484
        ],
        [
            1.444536,
            -0.060736,
            -0.141281
        ],
        [
            2.127605,
            -0.156464,
            0.141064
        ],
        [
            2.77583,
            -0.152928,
            -0.08904
        ]
    ],
    "elements": [
        "H",
        "H",
        "H",
        "H"
    ],
    "Enn": 3.1424669071318174,
    "S": [
        [
            0.9999999999999999,
            0.6848602514927513,
            0.0,
            0.0,
            0.0,
            0.5249439763338946,
            0.5483635410941003,
            0.006402924701080235,
            -0.5150795751625126,
            -0.07886113158427517,
            0.1267095498494346,
            0.3132999026559759,
            -0.030400349471444352,
            -0.16409761706726123,
            -0.002781393055241414,
            0.019468695244672526,
            0.14283902841854645,
            -0.0004860410993960421,
            -0.024270082800602354,
            -0.0003260428371973449
        ],
        [
            0.6848602514927513,
            1.0000000000000002,
            0.0,
            0.0,
            0.0,
            0.5483635410941003,
            0.8706676137665317,
            0.002102986454228515,
            -0.16917352928323476,
            -0.02590127156405326,
            0.3132999026559759,
            0.6139791870866228,
            -0.03216522833011677,
            -0.17362423173307504,
            -0.0029428656003338553,
            0.14283902841854645,
            0.3756641588563788,
            -0.002159580633412392,
            -0.10783697274289182,
            -0.001448675426315089
        ],
        [
            0.0,
            0.0,
            1.0000000000000004,
            0.0,
            0.0,
            -0.006402924701080217,
            -0.002102986454228537,
            0.4379970399779443,
            0.008782005466429968,
            0.0013445667855174575,
            0.030400349471444345,
            0.03216522833011675,
            0.044112201627521344,
            -0.056891314269626625,
            -0.00096428643658023,
            0.0004860410993960417,
            0.0021595806334123962,
            0.0029119831940861646,
            -0.0006832628877161638,
            -9.17891266761974e-06
        ],
        [
            0.0,
            0.0,
            0.0,
            1.0000000000000004,
            0.0,
            0.5150795751625128,
            0.16917352928323492,
            0.008782005466429937,
            -0.26835714307063957,
            -0.10816289758102511,
            0.16409761706726128,
            0.17362423173307517,
            -0.056891314269626625,
            -0.25244106534240907,
            -0.00520510813738282,
            0.024270082800602368,
            0.10783697274289172,
            -0.0006832628877161635,
            -0.031192532357120016,
            -0.00045834183722209544
        ],
        [
            0.0,
            0.0,
            0.0,
            0.0,
            1.0000000000000004,
            0.07886113158427516,
            0.025901271564053228,
            0.001344566785517453,
            -0.10816289758102512,
            0.42154595477179113,
            0.002781393055241414,
            0.002942865600333854,
            -0.0009642864365802278,
            -0.005205108137382808,
            0.05456353184615793,
            0.0003260428371973449,
            0.0014486754263150884,
            -9.178912667619731e-06,
            -0.0004583418372220953,
            0.0029195091169933332
        ],
        [
            0.5249439763338946,
            0.5483635410941003,
            -0.006402924701080218,
            0.5150795751625128,
            0.07886113158427517,
            0.9999999999999999,
            0.6848602514927513,
            0.0,
            0.0,
            0.0,
            0.5664490837992733,
            0.5639730753245078,
            -0.20317800624392587,
            -0.49154260761491153,
            0.06888673141624088,
            0.18752639460554235,
            0.36728257053724267,
            -0.009418139878419468,
            -0.24000905632167385,
            0.01662060740933841
        ],
        [
            0.5483635410941003,
            0.8706676137665317,
            -0.002102986454228537,
            0.16917352928323492,
            0.02590127156405327,
            0.6848602514927513,
            1.0000000000000002,
            0.0,
            0.0,
            0.0,
            0.5639730753245078,
            0.8860340757573033,
            -0.0624504950503642,
            -0.15108465601854887,
            0.021173603181148123,
            0.36728257053724256,
            0.6780566980354483,
            -0.007307847604765888,
            -0.18623099996438094,
            0.012896481429884163
        ],
        [
            0.006402924701080235,
            0.002102986454228515,
            0.4379970399779443,
            0.008782005466429939,
            0.0013445667855174535,
            0.0,
            0.0,
            1.0000000000000004,
            0.0,
            0.0,
            0.2031780062439258,
            0.062450495050364145,
            0.38561131064793075,
            -0.24346304032670407,
            0.03411987650500129,
            0.009418139878419468,
            0.007307847604765886,
            0.09804452632517047,
            -0.01782908235809499,
            0.0012346624868417452
        ],
        [
            -0.5150795751625126,
            -0.16917352928323512,
            0.008782005466429967,
            -0.2683571430706397,
            -0.10816289758102517,
            0.0,
            0.0,
            0.0,
            1.0000000000000004,
            0.0,
            0.4915426076149112,
            0.15108465601854887,
            -0.24346304032670416,
            -0.10275681387771021,
            0.08254521923318892,
            0.24000905632167385,
            0.1862309999643807,
            -0.01782908235809499,
            -0.3556068425242449,
            0.03146376908477047
        ],
        [
            -0.07886113158427516,
            -0.025901271564053238,
            0.0013445667855174568,
            -0.10816289758102508,
            0.42154595477179113,
            0.0,
            0.0,
            0.0,
            0.0,
            1.0000000000000004,
            -0.06888673141624085,
            -0.021173603181148085,
            0.0341198765050013,
            0.08254521923318892,
            0.4746779838160712,
            -0.016620607409338406,
            -0.012896481429884138,
            0.0012346624868417443,
            0.03146376908477045,
            0.09656528980191272
        ],
        [
            0.1267095498494346,
            0.3132999026559759,
            0.030400349471444352,
            0.16409761706726125,
            0.002781393055241414,
            0.5664490837992733,
            0.5639730753245078,
            0.20317800624392587,
            0.49154260761491153,
            -0.0688867314162409,
            0.9999999999999999,
            0.6848602514927513,
            0.0,
            0.0,
            0.0,
            0.6130209400638562,
            0.5804335519748358,
            0.18295242684169347,
            -0.5153945037437713,
            -0.002811423449015334
        ],
        [
            0.3132999026559759,
            0.6139791870866228,
            0.03216522833011677,
            0.17362423173307515,
            0.0029428656003338553,
            0.5639730753245078,
            0.8860340757573033,
            0.0624504950503642,
            0.15108465601854887,
            -0.021173603181148113,
            0.6848602514927513,
            1.0000000000000002,
            0.0,
            0.0,
            0.0,
            0.5804335519748358,
            0.9020639019405704,
            0.05248265362756447,
            -0.14784866037847202,
            -0.0008064990753184047
        ],
        [
            -0.030400349471444345,
            -0.03216522833011675,
            0.044112201627521344,
            -0.05689131426962661,
            -0.0009642864365802278,
            -0.2031780062439258,
            -0.062450495050364145,
            0.38561131064793075,
            -0.24346304032670407,
            0.03411987650500129,
            0.0,
            0.0,
            1.0000000000000004,
            0.0,
            0.0,
            -0.1829524268416934,
            -0.05248265362756445,
            0.46669907989164183,
            0.209527219526209,
            0.0011429492047432223
        ],
        [
            -0.16409761706726123,
            -0.17362423173307517,
            -0.05689131426962663,
            -0.252441065342409,
            -0.005205108137382809,
            -0.4915426076149112,
            -0.15108465601854887,
            -0.24346304032670416,
            -0.10275681387771021,
            0.08254521923318894,
            0.0,
            0.0,
            0.0,
            1.0000000000000004,
            0.0,
            0.5153945037437713,
            0.14784866037847197,
            0.2095272195262093,
            -0.04918212770793919,
            -0.0032197973448730827
        ],
        [
            -0.002781393055241414,
            -0.002942865600333854,
            -0.00096428643658023,
            -0.005205108137382819,
            0.05456353184615793,
            0.06888673141624085,
            0.021173603181148075,
            0.03411987650500129,
            0.08254521923318892,
            0.4746779838160712,
            0.0,
            0.0,
            0.0,
            0.0,
            1.0000000000000004,
            0.002811423449015334,
            0.0008064990753184044,
            0.0011429492047432034,
            -0.003219797344873024,
            0.5410585478517597
        ],
        [
            0.019468695244672526,
            0.14283902841854645,
            0.0004860410993960417,
            0.024270082800602357,
            0.0003260428371973449,
            0.18752639460554235,
            0.36728257053724267,
            0.009418139878419468,
            0.24000905632167385,
            -0.016620607409338413,
            0.6130209400638562,
            0.5804335519748358,
            -0.18295242684169347,
            0.5153945037437713,
            0.002811423449015334,
            0.9999999999999999,
            0.6848602514927513,
            0.0,
            0.0,
            0.0
        ],
        [
            0.14283902841854645,
            0.3756641588563788,
            0.002159580633412397,
            0.10783697274289178,
            0.001448675426315089,
            0.36728257053724256,
            0.6780566980354483,
            0.007307847604765888,
            0.18623099996438072,
            -0.012896481429884156,
            0.5804335519748358,
            0.9020639019405704,
            -0.05248265362756447,
            0.14784866037847202,
            0.0008064990753184047,
            0.6848602514927513,
            1.0000000000000002,
            0.0,
            0.0,
            0.0
        ],
        [
            -0.0004860410993960417,
            -0.002159580633412391,
            0.0029119831940861646,
            -0.0006832628877161633,
            -9.178912667619733e-06,
            -0.009418139878419468,
            -0.0073078476047659,
            0.09804452632517047,
            -0.01782908235809499,
            0.001234662486841745,
            0.1829524268416934,
            0.05248265362756445,
            0.46669907989164183,
            0.2095272195262093,
            0.0011429492047432034,
            0.0,
            0.0,
            1.0000000000000004,
            0.0,
            0.0
        ],
        [
            -0.02427008280060236,
            -0.10783697274289177,
            -0.000683262887716164,
            -0.031192532357120016,
            -0.00045834183722209544,
            -0.24000905632167385,
            -0.18623099996438047,
            -0.01782908235809499,
            -0.3556068425242449,
            0.03146376908477047,
            -0.5153945037437713,
            -0.14784866037847197,
            0.209527219526209,
            -0.04918212770793902,
            -0.003219797344873024,
            0.0,
            0.0,
            0.0,
            1.0000000000000004,
            0.0
        ],
        [
            -0.0003260428371973449,
            -0.0014486754263150884,
            -9.178912667619738e-06,
            -0.0004583418372220953,
            0.0029195091169933332,
            0.01662060740933841,
            0.012896481429884131,
            0.0012346624868417445,
            0.03146376908477046,
            0.09656528980191272,
            -0.002811423449015334,
            -0.0008064990753184044,
            0.0011429492047432223,
            -0.0032197973448730827,
            0.5410585478517597,
            0.0,
            0.0,
            0.0,
            0.0,
            1.0000000000000004
        ]
    ],
    "h": [
        [
            -0.24626917960192785,
            -0.45952691432215564,
            -0.001253121121672373,
            -0.2720856841184122,
            -0.03985193718823595,
            -0.5575843919425822,
            -0.4481452893306882,
            -0.015722168148290513,
            0.035970868223581864,
            0.01086761253364571,
            -0.2493345182912988,
            -0.310554496033826,
            0.07625114926030403,
            0.3063981902370963,
            -0.01656562455677415,
            -0.03183209618474436,
            -0.1627156033053736,
            0.0007884908491688307,
            0.09853902404400433,
            -0.0022063040560009193
        ],
        [
            -0.45952691432215564,
            -0.3114750921988785,
            -0.0031494392990639546,
            -0.23756834034560365,
            -0.033318468213042046,
            -0.5354455913345786,
            -0.3680601697440713,
            -0.04417828719300809,
            0.10152318944000607,
            0.04482729412080573,
            -0.3484666821512131,
            -0.31470131762232967,
            0.08897821511241259,
            0.17932973732070015,
            -0.022203578359303835,
            -0.16848657348262613,
            -0.21993469150093548,
            -0.02277647995240356,
            0.14682113902897595,
            -0.003122661244129109
        ],
        [
            -0.001253121121672373,
            -0.0031494392990639546,
            1.498945408701426,
            -0.0017317822497385131,
            0.00037559822922747174,
            -0.010096091987701731,
            -0.006116049060169681,
            0.3517110016136844,
            0.008605300558605219,
            0.0036120176932969194,
            -0.021801261930028112,
            -0.003941406059685099,
            -0.0424100260142876,
            0.003931753823246648,
            -0.001174409897361131,
            -0.006592139251984018,
            -0.00599759490334426,
            -0.009459072306522865,
            0.005609444851443063,
            1.5331789523396923e-05
        ],
        [
            -0.2720856841184122,
            -0.23756834034560365,
            -0.0017317822497385131,
            1.237193772805912,
            -0.03729798835209641,
            -0.0828074104153993,
            -0.22601173679048903,
            -0.01266513776913284,
            -0.650055996623631,
            -0.13689469920301905,
            -0.2462962790964113,
            -0.18615951649482565,
            0.07456420700876422,
            0.154690801978066,
            -0.020618970443878067,
            -0.09264476445122743,
            -0.13199938836277547,
            -0.0039101840743317115,
            0.1302530476668746,
            -0.0009692687457614141
        ],
        [
            -0.03985193718823595,
            -0.033318468213042046,
            0.00037559822922747174,
            -0.03729798835209641,
            1.4942802801823265,
            -0.005939253937859573,
            -0.029225240318166402,
            0.00047151585064287,
            -0.14979221219074693,
            0.3327233757158794,
            -0.0197210220807121,
            -0.024266654724282567,
            0.008513614666645665,
            0.02738725720257407,
            -0.04785191937109888,
            -0.0032035453655456245,
            -0.013177109410905882,
            9.74515297926252e-06,
            0.006069779749630712,
            -0.008860280763695067
        ],
        [
            -0.5575843919425822,
            -0.5354455913345786,
            -0.010096091987701731,
            -0.0828074104153993,
            -0.005939253937859573,
            -0.44870800078038764,
            -0.6079181888064872,
            -0.09539290564423486,
            0.007090692259766454,
            0.06988782179620323,
            -0.5691664925287886,
            -0.5345927485976694,
            0.04674897085322155,
            0.030712167263573953,
            -0.003441724593695461,
            -0.3338181149749102,
            -0.390617634303017,
            -0.04288642749896257,
            0.28563147982657283,
            -0.008905040913983121
        ],
        [
            -0.4481452893306882,
            -0.3680601697440713,
            -0.006116049060169681,
            -0.22601173679048903,
            -0.029225240318166402,
            -0.6079181888064872,
            -0.443763371966325,
            -0.07928429225311295,
            -0.020176110856883298,
            0.05829081557673126,
            -0.5484342742170274,
            -0.4235672063053877,
            0.13103929972396855,
            0.10401473171783443,
            -0.02641899499717755,
            -0.36853219751573696,
            -0.33989066911494503,
            -0.05737495070206455,
            0.2255396450541336,
            -0.0031060496658482477
        ],
        [
            -0.015722168148290513,
            -0.04417828719300809,
            0.3517110016136844,
            -0.01266513776913284,
            0.00047151585064287,
            -0.09539290564423486,
            -0.07928429225311295,
            1.363983377925191,
            -0.0955970802690549,
            0.013504762877088898,
            -0.01783597278904503,
            -0.08028637799058957,
            0.2716555773480569,
            -0.3549280687162507,
            0.04748612438843397,
            -0.07692077932599424,
            -0.07488700105003293,
            -0.057735766157719554,
            0.07597412873935844,
            -0.0011519620574700477
        ],
        [
            0.035970868223581864,
            0.10152318944000607,
            0.008605300558605219,
            -0.650055996623631,
            -0.14979221219074693,
            0.007090692259766454,
            -0.020176110856883298,
            -0.0955970802690549,
            0.8326978103582559,
            -0.0028822734084887674,
            -0.09982394672073425,
            -0.1460014248472699,
            -0.309700687695934,
            -0.615224592840303,
            0.11508430240575043,
            -0.3553570345985566,
            -0.20243052837549969,
            -0.08124336427085002,
            0.026562084718903756,
            0.010230222262041011
        ],
        [
            0.01086761253364571,
            0.04482729412080573,
            0.0036120176932969194,
            -0.13689469920301905,
            0.3327233757158794,
            0.06988782179620323,
            0.05829081557673126,
            0.013504762877088898,
            -0.0028822734084887674,
            1.3917763444112832,
            0.01773239754488845,
            0.047077933127013256,
            0.0411770411254785,
            0.10977351635687049,
            0.38991514785501413,
            0.03196030920337094,
            0.03457455413780293,
            0.008023226518479728,
            -0.02016770406291772,
            -0.0388301391955696
        ],
        [
            -0.2493345182912988,
            -0.3484666821512131,
            -0.021801261930028112,
            -0.2462962790964113,
            -0.0197210220807121,
            -0.5691664925287886,
            -0.5484342742170274,
            -0.01783597278904503,
            -0.09982394672073425,
            0.01773239754488845,
            -0.5214920218241299,
            -0.6287878057348024,
            0.19658727393464392,
            -0.07321147187090536,
            -0.033284194043626134,
            -0.6473769742586575,
            -0.5806952612710296,
            -0.005086023589256916,
            0.10165509712283327,
            -0.006270962505445543
        ],
        [
            -0.310554496033826,
            -0.31470131762232967,
            -0.003941406059685099,
            -0.18615951649482565,
            -0.024266654724282567,
            -0.5345927485976694,
            -0.4235672063053877,
            -0.08028637799058957,
            -0.1460014248472699,
            0.047077933127013256,
            -0.6287878057348024,
            -0.437281231793464,
            0.15509351811791222,
            -0.013301125134837374,
            -0.026925230032162416,
            -0.49891452123904434,
            -0.38147950827713406,
            -0.06959739696503639,
            0.26758843123581444,
            -0.004020663486310123
        ],
        [
            0.07625114926030403,
            0.08897821511241259,
            -0.0424100260142876,
            0.07456420700876422,
            0.008513614666645665,
            0.04674897085322155,
            0.13103929972396855,
            0.2716555773480569,
            -0.309700687695934,
            0.0411770411254785,
            0.19658727393464392,
            0.15509351811791222,
            1.3048259296299765,
            -0.0016674236204537972,
            0.013455077946389647,
            0.033669574791513834,
            0.12482543377715652,
            0.39086428351030966,
            0.25763336212955384,
            0.004421147316609357
        ],
        [
            0.3063981902370963,
            0.17932973732070015,
            0.003931753823246648,
            0.154690801978066,
            0.02738725720257407,
            0.030712167263573953,
            0.10401473171783443,
            -0.3549280687162507,
            -0.615224592840303,
            0.10977351635687049,
            -0.07321147187090536,
            -0.013301125134837374,
            -0.0016674236204537972,
            0.8229780592130609,
            0.02953675163000635,
            0.006449074795528809,
            -0.09810921684316007,
            0.30761087084993577,
            -0.4251142293173418,
            -0.0023983541906061243
        ],
        [
            -0.01656562455677415,
            -0.022203578359303835,
            -0.001174409897361131,
            -0.020618970443878067,
            -0.04785191937109888,
            -0.003441724593695461,
            -0.02641899499717755,
            0.04748612438843397,
            0.11508430240575043,
            0.38991514785501413,
            -0.033284194043626134,
            -0.026925230032162416,
            0.013455077946389647,
            0.02953675163000635,
            1.3731280005991384,
            -0.009833939351048355,
            -0.01828285533743284,
            0.0007450642346582947,
            0.008566581344456432,
            0.4968281622330575
        ],
        [
            -0.03183209618474436,
            -0.16848657348262613,
            -0.006592139251984018,
            -0.09264476445122743,
            -0.0032035453655456245,
            -0.3338181149749102,
            -0.36853219751573696,
            -0.07692077932599424,
            -0.3553570345985566,
            0.03196030920337094,
            -0.6473769742586575,
            -0.49891452123904434,
            0.033669574791513834,
            0.006449074795528809,
            -0.009833939351048355,
            -0.3389761607709032,
            -0.5000141512370395,
            -0.10479457292935922,
            0.32810767300584687,
            -0.0017705729117877028
        ],
        [
            -0.1627156033053736,
            -0.21993469150093548,
            -0.00599759490334426,
            -0.13199938836277547,
            -0.013177109410905882,
            -0.390617634303017,
            -0.33989066911494503,
            -0.07488700105003293,
            -0.20243052837549969,
            0.03457455413780293,
            -0.5806952612710296,
            -0.38147950827713406,
            0.12482543377715652,
            -0.09810921684316007,
            -0.01828285533743284,
            -0.5000141512370395,
            -0.3300733172014756,
            -0.0782129580804452,
            0.2681761652395669,
            -0.002736651181591854
        ],
        [
            0.0007884908491688307,
            -0.02277647995240356,
            -0.009459072306522865,
            -0.0039101840743317115,
            9.74515297926252e-06,
            -0.04288642749896257,
            -0.05737495070206455,
            -0.057735766157719554,
            -0.08124336427085002,
            0.008023226518479728,
            -0.005086023589256916,
            -0.06959739696503639,
            0.39086428351030966,
            0.30761087084993577,
            0.0007450642346582947,
            -0.10479457292935922,
            -0.0782129580804452,
            1.4210988932079376,
            0.09266641720000558,
            0.0005662948459819169
        ],
        [
            0.09853902404400433,
            0.14682113902897595,
            0.005609444851443063,
            0.1302530476668746,
            0.006069779749630712,
            0.28563147982657283,
            0.2255396450541336,
            0.07597412873935844,
            0.026562084718903756,
            -0.02016770406291772,
            0.10165509712283327,
            0.26758843123581444,
            0.25763336212955384,
            -0.4251142293173418,
            0.008566581344456432,
            0.32810767300584687,
            0.2681761652395669,
            0.09266641720000558,
            1.1438609174187786,
            0.0020764955458104305
        ],
        [
            -0.0022063040560009193,
            -0.003122661244129109,
            1.5331789523396923e-05,
            -0.0009692687457614141,
            -0.008860280763695067,
            -0.008905040913983121,
            -0.0031060496658482477,
            -0.0011519620574700477,
            0.010230222262041011,
            -0.0388301391955696,
            -0.006270962505445543,
            -0.004020663486310123,
            0.004421147316609357,
            -0.0023983541906061243,
            0.4968281622330575,
            -0.0017705729117877028,
            -0.002736651181591854,
            0.0005662948459819169,
            0.0020764955458104305,
            1.4545161329913805
        ]
    ]
}