{
    "HF": -2.1292049455954367,
    "coordinates": [
        [
            0.830879,
            -0.138211,
            -0.143245
        ],
        [
            1.609342,
            0.062554,
            -0.19111
        ],
        [
            2.338025,
            0.059777,
            -0.144029
        ],
        [
            2.981785,
            -0.136245,
            -0.061816
        ]
    ],
    "elements": [
        "H",
        "H",
        "H",
        "H"
    ],
    "Enn": 3.136237406692261,
    "S": [
        [
            0.9999999999999999,
            0.6848602514927513,
            0.0,
            0.0,
            0.0,
            0.5186469743931015,
            0.5459117958489216,
            0.030808327906855306,
            -0.5010580459073294,
            -0.12922247889313299,
            0.11922728933521112,
            0.30559477616794034,
            8.119354375182737e-05,
            -0.15608485292269975,
            -0.02050426956675696,
            0.017393556915073653,
            0.1361200289121309,
            -0.0008127263734946537,
            -0.02146775759382887,
            -1.9622248219805265e-05
        ],
        [
            0.6848602514927513,
            1.0000000000000002,
            0.0,
            0.0,
            0.0,
            0.5459117958489217,
            0.8682390063031303,
            0.010225484065291307,
            -0.16630441871762003,
            -0.04288977976325524,
            0.3055947761679404,
            0.604502896583617,
            9.009291050197448e-05,
            -0.173192818483944,
            -0.022751677505695584,
            0.1361200289121309,
            0.36449730067410346,
            -0.003934484088513329,
            -0.10392741447012552,
            -9.499313166092265e-05
        ],
        [
            0.0,
            0.0,
            1.0000000000000004,
            0.0,
            0.0,
            -0.0308083279068553,
            -0.010225484065291305,
            0.42831142615521617,
            0.04168105706893044,
            0.010749512080142305,
            -8.11935437518274e-05,
            -9.009291050197448e-05,
            0.04981368919529587,
            0.00015281040705410803,
            2.0074118149023874e-05,
            0.0008127263734946537,
            0.003934484088513328,
            0.002402083266692766,
            -0.0011113783280104392,
            -1.015836950972525e-06
        ],
        [
            0.0,
            0.0,
            0.0,
            1.0000000000000004,
            0.0,
            0.5010580459073293,
            0.1663044187176198,
            0.041681057068930404,
            -0.24701482788973267,
            -0.17482706408531962,
            0.15608485292269977,
            0.1731928184839438,
            0.00015281040705409648,
            -0.24394591722006534,
            -0.03859008529570005,
            0.021467757593828872,
            0.10392741447012545,
            -0.0011113783280104392,
            -0.026912340643137182,
            -2.68328211431862e-05
        ],
        [
            0.0,
            0.0,
            0.0,
            0.0,
            1.0000000000000004,
            0.12922247889313299,
            0.042889779763255226,
            0.010749512080142297,
            -0.17482706408531962,
            0.3857864869808626,
            0.020504269566756966,
            0.022751677505695584,
            2.007411814902237e-05,
            -0.03859008529570007,
            0.04474433692009099,
            1.9622248219805265e-05,
            9.499313166092262e-05,
            -1.0158369509725553e-06,
            -2.6832821143187e-05,
            0.0024441333016757896
        ],
        [
            0.5186469743931015,
            0.5459117958489216,
            -0.030808327906855306,
            0.5010580459073295,
            0.12922247889313299,
            0.9999999999999999,
            0.6848602514927513,
            0.0,
            0.0,
            0.0,
            0.5786212947629046,
            0.5683783907428217,
            -0.03480254169575832,
            -0.5386465982135098,
            0.0020527741188403233,
            0.16381710469144764,
            0.34779372306741746,
            -0.019743459635604366,
            -0.20957486791860225,
            0.030357016041722848
        ],
        [
            0.5459117958489217,
            0.8682390063031303,
            -0.010225484065291307,
            0.16630441871762003,
            0.04288977976325524,
            0.6848602514927513,
            1.0000000000000002,
            0.0,
            0.0,
            0.0,
            0.5683783907428217,
            0.8903413905340181,
            -0.010500462847826502,
            -0.16251797475293117,
            0.000619353567859954,
            0.34779372306741746,
            0.6553640003834836,
            -0.017062325649610466,
            -0.18111489629471106,
            0.02623457605779785
        ],
        [
            0.030808327906855306,
            0.010225484065291305,
            0.42831142615521617,
            0.041681057068930404,
            0.010749512080142293,
            0.0,
            0.0,
            1.0000000000000004,
            0.0,
            0.0,
            0.03480254169575832,
            0.010500462847826502,
            0.4976228072241859,
            -0.04457826854898836,
            0.00016988711382115543,
            0.019743459635604366,
            0.017062325649610473,
            0.0771164643869294,
            -0.037138257931844956,
            0.005379493748441902
        ],
        [
            -0.5010580459073294,
            -0.16630441871762,
            0.04168105706893044,
            -0.24701482788973253,
            -0.17482706408531953,
            0.0,
            0.0,
            0.0,
            1.0000000000000004,
            0.0,
            0.5386465982135098,
            0.16251797475293153,
            -0.04457826854898836,
            -0.18944461688803976,
            0.0026293802544665778,
            0.20957486791860225,
            0.18111489629471078,
            -0.03713825793184498,
            -0.31360377306734194,
            0.057102793158173244
        ],
        [
            -0.12922247889313299,
            -0.042889779763255226,
            0.010749512080142309,
            -0.17482706408531964,
            0.3857864869808626,
            0.0,
            0.0,
            0.0,
            0.0,
            1.0000000000000004,
            -0.0020527741188403233,
            -0.000619353567859954,
            0.00016988711382115543,
            0.0026293802544665778,
            0.5004930370396039,
            -0.030357016041722834,
            -0.026234576057797818,
            0.0053794937484418996,
            0.05710279315817318,
            0.07234378948821835
        ],
        [
            0.11922728933521112,
            0.30559477616794034,
            -8.119354375182737e-05,
            0.15608485292269977,
            0.02050426956675696,
            0.5786212947629046,
            0.5683783907428217,
            0.03480254169575832,
            0.5386465982135098,
            -0.0020527741188403233,
            0.9999999999999999,
            0.6848602514927513,
            0.0,
            0.0,
            0.0,
            0.6211135763469708,
            0.5831882470383909,
            -0.06645533301909624,
            -0.5203712938875046,
            0.15845069866163852
        ],
        [
            0.3055947761679404,
            0.604502896583617,
            -9.009291050197448e-05,
            0.1731928184839439,
            0.022751677505695584,
            0.5683783907428217,
            0.8903413905340181,
            0.010500462847826502,
            0.16251797475293117,
            -0.000619353567859954,
            0.6848602514927513,
            1.0000000000000002,
            0.0,
            0.0,
            0.0,
            0.5831882470383909,
            0.9047295308463997,
            -0.01884632819327293,
            -0.147574133503234,
            0.044935654277325314
        ],
        [
            8.11935437518274e-05,
            9.009291050197448e-05,
            0.04981368919529587,
            0.00015281040705409656,
            2.0074118149022373e-05,
            -0.03480254169575832,
            -0.010500462847826502,
            0.4976228072241859,
            -0.04457826854898836,
            0.00016988711382115543,
            0.0,
            0.0,
            1.0000000000000004,
            0.0,
            0.0,
            0.06645533301909626,
            0.018846328193272924,
            0.5410111484076052,
            -0.0756643392781882,
            0.023039448107973492
        ],
        [
            -0.1560848529226998,
            -0.173192818483944,
            0.00015281040705410795,
            -0.24394591722006528,
            -0.03859008529570006,
            -0.5386465982135098,
            -0.16251797475293117,
            -0.04457826854898836,
            -0.18944461688803976,
            0.0026293802544665778,
            0.0,
            0.0,
            0.0,
            1.0000000000000004,
            0.0,
            0.5203712938875046,
            0.14757413350323395,
            -0.07566433927818828,
            -0.041807366523684,
            0.18040790524599548
        ],
        [
            -0.020504269566756966,
            -0.022751677505695584,
            2.0074118149023874e-05,
            -0.03859008529570007,
            0.04474433692009099,
            0.0020527741188403233,
            0.000619353567859954,
            0.00016988711382115543,
            0.0026293802544665778,
            0.5004930370396039,
            0.0,
            0.0,
            0.0,
            0.0,
            1.0000000000000004,
            -0.15845069866163852,
            -0.0449356542773253,
            0.02303944810797348,
            0.18040790524599523,
            0.4957406654992966
        ],
        [
            0.017393556915073653,
            0.1361200289121309,
            0.0008127263734946537,
            0.021467757593828872,
            1.9622248219805265e-05,
            0.16381710469144764,
            0.34779372306741746,
            0.019743459635604366,
            0.20957486791860225,
            -0.030357016041722848,
            0.6211135763469708,
            0.5831882470383909,
            0.06645533301909626,
            0.5203712938875046,
            -0.15845069866163852,
            0.9999999999999999,
            0.6848602514927513,
            0.0,
            0.0,
            0.0
        ],
        [
            0.1361200289121309,
            0.36449730067410346,
            0.003934484088513329,
            0.10392741447012556,
            9.499313166092265e-05,
            0.34779372306741746,
            0.6553640003834836,
            0.017062325649610476,
            0.18111489629471084,
            -0.02623457605779785,
            0.5831882470383909,
            0.9047295308463997,
            0.01884632819327293,
            0.147574133503234,
            -0.044935654277325314,
            0.6848602514927513,
            1.0000000000000002,
            0.0,
            0.0,
            0.0
        ],
        [
            -0.0008127263734946532,
            -0.003934484088513328,
            0.002402083266692766,
            -0.0011113783280104394,
            -1.0158369509725555e-06,
            -0.019743459635604362,
            -0.01706232564961046,
            0.0771164643869294,
            -0.03713825793184498,
            0.0053794937484419,
            -0.06645533301909624,
            -0.018846328193272924,
            0.5410111484076053,
            -0.07566433927818829,
            0.023039448107973485,
            0.0,
            0.0,
            1.0000000000000004,
            0.0,
            0.0
        ],
        [
            -0.02146775759382887,
            -0.10392741447012549,
            -0.001111378328010439,
            -0.026912340643137182,
            -2.6832821143187e-05,
            -0.20957486791860225,
            -0.1811148962947106,
            -0.037138257931844956,
            -0.31360377306734183,
            0.0571027931581732,
            -0.5203712938875046,
            -0.14757413350323395,
            -0.07566433927818819,
            -0.041807366523684,
            0.18040790524599523,
            0.0,
            0.0,
            0.0,
            1.0000000000000004,
            0.0
        ],
        [
            -1.9622248219805265e-05,
            -9.499313166092262e-05,
            -1.0158369509725248e-06,
            -2.68328211431862e-05,
            0.0024441333016757896,
            0.030357016041722834,
            0.026234576057797818,
            0.0053794937484419,
            0.05710279315817322,
            0.07234378948821835,
            0.15845069866163852,
            0.0449356542773253,
            0.02303944810797349,
            0.18040790524599548,
            0.4957406654992966,
            0.0,
            0.0,
            0.0,
            0.0,
            1.0000000000000004
        ]
    ],
    "h": [
        [
            -0.23955609587051563,
            -0.454884377087597,
            0.015719814548251526,
            -0.2602167386043086,
            -0.0670610501101763,
            -0.5530762688000062,
            -0.444751617331126,
            -0.003005299746534941,
            0.032778168922721895,
            0.008539595413978862,
            -0.24379996296392092,
            -0.3055692750745484,
            0.01220996357970547,
            0.3161726310076576,
            0.012365393374600346,
            -0.023802712610093743,
            -0.15260717404539134,
            0.005743582177498488,
            0.08709010736363447,
            -0.0064183944835668715
        ],
        [
            -0.454884377087597,
            -0.3076793325631826,
            0.013191711976496462,
            -0.22845878544153167,
            -0.05758048216801703,
            -0.5319002663584728,
            -0.36457735619956,
            -0.01856584126759881,
            0.08964941426594475,
            0.049992092547508915,
            -0.34529418674474466,
            -0.31087795296803755,
            0.007254260424739728,
            0.1944267409697044,
            0.016036678141453965,
            -0.1583606126150246,
            -0.21005704929982028,
            0.014092521440096518,
            0.1369622829749369,
            -0.027905336226569183
        ],
        [
            0.015719814548251526,
            0.013191711976496462,
            1.4977730720333768,
            0.014140018277495644,
            0.0036893447573671852,
            0.002504042766839444,
            0.011401963672300494,
            0.3412737075249723,
            0.05681609126712853,
            0.014660430197550544,
            0.006631747962263368,
            0.009282725510757147,
            -0.0463355000987378,
            -0.011478514427433119,
            -0.00034136917893432255,
            -0.0010809954098949873,
            0.003959779554968008,
            -0.007309539015572883,
            0.0014426573254572267,
            5.3992743620554945e-05
        ],
        [
            -0.2602167386043086,
            -0.22845878544153167,
            0.014140018277495644,
            1.2521362859645004,
            -0.061667953609677445,
            -0.08182934907309747,
            -0.2173543209009372,
            0.05187375498770182,
            -0.6166275538364512,
            -0.23312958920798266,
            -0.24258667950090665,
            -0.17924219853331413,
            0.009932428144661718,
            0.18307149801831657,
            0.0099288933073053,
            -0.08266484177029412,
            -0.12256928595257202,
            0.0077835914400089645,
            0.11579861968616664,
            -0.009217584195556369
        ],
        [
            -0.0670610501101763,
            -0.05758048216801703,
            0.0036893447573671852,
            -0.061667953609677445,
            1.4829068837717785,
            -0.0162306406471405,
            -0.05227779657568456,
            0.01396457107339769,
            -0.24264030769712902,
            0.28398608834832356,
            -0.04504629261581801,
            -0.04264370264404884,
            0.0023920521569136266,
            0.054069910418782396,
            -0.04386227439310092,
            -0.006342835674667138,
            -0.023418684018793618,
            0.0007576294439335173,
            0.009107765496131097,
            -0.008516241435973333
        ],
        [
            -0.5530762688000062,
            -0.5319002663584728,
            0.002504042766839444,
            -0.08182934907309747,
            -0.0162306406471405,
            -0.44972312210027776,
            -0.6058644089407335,
            -0.031577624435610366,
            -0.01874058001328817,
            0.06393231319506106,
            -0.566732210904054,
            -0.5309939131587609,
            -0.005771824444686935,
            0.030502958763990673,
            0.025891506607634323,
            -0.31503674374188584,
            -0.37762208565514144,
            0.030721465696893747,
            0.28281914443388756,
            -0.06124014024798011
        ],
        [
            -0.444751617331126,
            -0.36457735619956,
            0.011401963672300494,
            -0.2173543209009372,
            -0.05227779657568456,
            -0.6058644089407335,
            -0.4390115603786813,
            -0.027407114377857887,
            -0.03539160942020719,
            0.05451428091224726,
            -0.5474169230770323,
            -0.4177058994697924,
            -0.0024633797740809572,
            0.12540829811775872,
            0.04262875312407597,
            -0.35600954486011827,
            -0.3305874629114026,
            0.026065293721587068,
            0.21711074182602264,
            -0.058165878554041116
        ],
        [
            -0.003005299746534941,
            -0.01856584126759881,
            0.3412737075249723,
            0.05187375498770182,
            0.01396457107339769,
            -0.031577624435610366,
            -0.027407114377857887,
            1.400412402584278,
            -0.008560169293758274,
            0.003934473668210787,
            -0.013048811931189438,
            -0.025150488901400682,
            0.4252993788749252,
            -0.06534636771589429,
            0.0029493792821976275,
            -0.025758685166200935,
            -0.019774797698130852,
            -0.044259933209747304,
            0.00993036947209891,
            -0.003959839991971661
        ],
        [
            0.032778168922721895,
            0.08964941426594475,
            0.05681609126712853,
            -0.6166275538364512,
            -0.24264030769712902,
            -0.01874058001328817,
            -0.03539160942020719,
            -0.008560169293758274,
            0.8157632510464123,
            -0.0539622044937252,
            -0.08503932530051261,
            -0.15855004530014466,
            -0.07936187393002718,
            -0.7362348369135148,
            0.03283863420761699,
            -0.3653533698785766,
            -0.21255671892242883,
            0.023153760361509804,
            0.11445532436608508,
            -0.060221206321602716
        ],
        [
            0.008539595413978862,
            0.049992092547508915,
            0.014660430197550544,
            -0.23312958920798266,
            0.28398608834832356,
            0.06393231319506106,
            0.05451428091224726,
            0.003934473668210787,
            -0.0539622044937252,
            1.3873254289219044,
            0.02354148165543352,
            0.03630208225605678,
            0.00040393153243112713,
            -0.011535691783066244,
            0.42678318708521834,
            0.01862519320026338,
            0.01794217413797896,
            6.333126500293954e-05,
            0.003601668385490059,
            -0.04484695675616082
        ],
        [
            -0.24379996296392092,
            -0.34529418674474466,
            0.006631747962263368,
            -0.24258667950090665,
            -0.04504629261581801,
            -0.566732210904054,
            -0.5474169230770323,
            -0.013048811931189438,
            -0.08503932530051261,
            0.02354148165543352,
            -0.5364154046751042,
            -0.635477327633616,
            -0.022227953317532925,
            -0.05407466179603827,
            0.09018237066121026,
            -0.6453243335802746,
            -0.5806097321110368,
            0.00946165901309623,
            0.08768758165657675,
            -0.017165591580304618
        ],
        [
            -0.3055692750745484,
            -0.31087795296803755,
            0.009282725510757147,
            -0.17924219853331413,
            -0.04264370264404884,
            -0.5309939131587609,
            -0.4177058994697924,
            -0.025150488901400682,
            -0.15855004530014466,
            0.03630208225605678,
            -0.635477327633616,
            -0.4377125637884589,
            -0.014526512309974081,
            0.0016088577515411678,
            0.06720144310964685,
            -0.494651492590199,
            -0.37517984686812866,
            0.03189042064705837,
            0.26096214447468224,
            -0.07175430442163436
        ],
        [
            0.01220996357970547,
            0.007254260424739728,
            -0.0463355000987378,
            0.009932428144661718,
            0.0023920521569136266,
            -0.005771824444686935,
            -0.0024633797740809572,
            0.4252993788749252,
            -0.07936187393002718,
            0.00040393153243112713,
            -0.022227953317532925,
            -0.014526512309974081,
            1.371149739935311,
            -0.054816853460326644,
            0.01063692075009439,
            0.0007602594251003153,
            -0.019371477548991923,
            0.5024086518946257,
            -0.1139808625749214,
            0.0343173203526033
        ],
        [
            0.3161726310076576,
            0.1944267409697044,
            -0.011478514427433119,
            0.18307149801831657,
            0.054069910418782396,
            0.030502958763990673,
            0.12540829811775872,
            -0.06534636771589429,
            -0.7362348369135148,
            -0.011535691783066244,
            -0.05407466179603827,
            0.0016088577515411678,
            -0.054816853460326644,
            0.7682005452662519,
            0.08352458851583382,
            0.011571280920242955,
            -0.09469938530732716,
            -0.1167733102281659,
            -0.41631213595919203,
            0.27419327598223636
        ],
        [
            0.012365393374600346,
            0.016036678141453965,
            -0.00034136917893432255,
            0.0099288933073053,
            -0.04386227439310092,
            0.025891506607634323,
            0.04262875312407597,
            0.0029493792821976275,
            0.03283863420761699,
            0.42678318708521834,
            0.09018237066121026,
            0.06720144310964685,
            0.01063692075009439,
            0.08352458851583382,
            1.3514674994012257,
            0.004256300721134698,
            0.06449509239288131,
            0.03319601000826208,
            0.25881461796575045,
            0.437154353464971
        ],
        [
            -0.023802712610093743,
            -0.1583606126150246,
            -0.0010809954098949873,
            -0.08266484177029412,
            -0.006342835674667138,
            -0.31503674374188584,
            -0.35600954486011827,
            -0.025758685166200935,
            -0.3653533698785766,
            0.01862519320026338,
            -0.6453243335802746,
            -0.494651492590199,
            0.0007602594251003153,
            0.011571280920242955,
            0.004256300721134698,
            -0.33644177898859473,
            -0.49549666294161443,
            0.04185413616654843,
            0.3267952875473922,
            -0.09835934045762855
        ],
        [
            -0.15260717404539134,
            -0.21005704929982028,
            0.003959779554968008,
            -0.12256928595257202,
            -0.023418684018793618,
            -0.37762208565514144,
            -0.3305874629114026,
            -0.019774797698130852,
            -0.21255671892242883,
            0.01794217413797896,
            -0.5806097321110368,
            -0.37517984686812866,
            -0.019371477548991923,
            -0.09469938530732716,
            0.06449509239288131,
            -0.49549666294161443,
            -0.3223370674352011,
            0.03305009992713655,
            0.2630048416454891,
            -0.07626259531230564
        ],
        [
            0.005743582177498488,
            0.014092521440096518,
            -0.007309539015572883,
            0.0077835914400089645,
            0.0007576294439335173,
            0.030721465696893747,
            0.026065293721587068,
            -0.044259933209747304,
            0.023153760361509804,
            6.333126500293954e-05,
            0.00946165901309623,
            0.03189042064705837,
            0.5024086518946257,
            -0.1167733102281659,
            0.03319601000826208,
            0.04185413616654843,
            0.03305009992713655,
            1.453395658854755,
            -0.03847794650851322,
            0.011278764718481037
        ],
        [
            0.08709010736363447,
            0.1369622829749369,
            0.0014426573254572267,
            0.11579861968616664,
            0.009107765496131097,
            0.28281914443388756,
            0.21711074182602264,
            0.00993036947209891,
            0.11445532436608508,
            0.003601668385490059,
            0.08768758165657675,
            0.26096214447468224,
            -0.1139808625749214,
            -0.41631213595919203,
            0.25881461796575045,
            0.3267952875473922,
            0.2630048416454891,
            -0.03847794650851322,
            1.1498400724699136,
            0.08901842752049495
        ],
        [
            -0.0064183944835668715,
            -0.027905336226569183,
            5.3992743620554945e-05,
            -0.009217584195556369,
            -0.008516241435973333,
            -0.06124014024798011,
            -0.058165878554041116,
            -0.003959839991971661,
            -0.060221206321602716,
            -0.04484695675616082,
            -0.017165591580304618,
            -0.07175430442163436,
            0.0343173203526033,
            0.27419327598223636,
            0.437154353464971,
            -0.09835934045762855,
            -0.07626259531230564,
            0.011278764718481037,
            0.08901842752049495,
            1.4317279965261394
        ]
    ]
}