{
    "HF": -2.173298950426631,
    "coordinates": [
        [
            0.832312,
            -0.013726,
            -0.151634
        ],
        [
            1.55466,
            -0.18005,
            0.186521
        ],
        [
            2.343305,
            0.145492,
            -0.067457
        ],
        [
            3.071408,
            -0.185173,
            0.147688
        ]
    ],
    "elements": [
        "H",
        "H",
        "H",
        "H"
    ],
    "Enn": 2.8130876390422475,
    "S": [
        [
            0.9999999999999999,
            0.6848602514927513,
            0.0,
            0.0,
            0.0,
            0.5112957122034887,
            0.5430203825146303,
            -0.21375501785355108,
            -0.4566116415149175,
            0.10513696260435015,
            0.11873629863740326,
            0.3050786905045285,
            -0.008673907938853925,
            -0.15569828074477243,
            -0.016406408807731858,
            0.01160109310754855,
            0.1144186622300558,
            -0.0018215445107609006,
            -0.013626171908067865,
            0.0010433524489894634
        ],
        [
            0.6848602514927513,
            1.0000000000000002,
            0.0,
            0.0,
            0.0,
            0.5430203825146303,
            0.865369540468701,
            -0.07183224454706567,
            -0.1534440661356001,
            0.035331212733942026,
            0.30507869050452857,
            0.603864963968675,
            -0.009655675863851985,
            -0.1733211998592171,
            -0.0182633902335648,
            0.11441866223005574,
            0.32691786452369154,
            -0.012003755394047182,
            -0.0897948052190934,
            0.00687556494692407
        ],
        [
            0.0,
            0.0,
            1.0000000000000004,
            0.0,
            0.0,
            0.21375501785355103,
            0.07183224454706572,
            0.2970434865976549,
            -0.26790311658080007,
            0.061685943564853775,
            0.008673907938853918,
            0.009655675863851973,
            0.04859071318213408,
            -0.01634575228945744,
            -0.0017224024122036534,
            0.0018215445107608989,
            0.01200375539404718,
            0.0009807399305102262,
            -0.002223696297220029,
            0.00017026784875212245
        ],
        [
            0.0,
            0.0,
            0.0,
            1.0000000000000004,
            0.0,
            0.4566116415149174,
            0.1534440661356001,
            -0.2679031165807999,
            -0.14982201395738562,
            0.13177009939875195,
            0.15569828074477238,
            0.17332119985921687,
            -0.016345752289457446,
            -0.24390800089983247,
            -0.030917447616603536,
            0.013626171908067851,
            0.08979480521909332,
            -0.002223696297220029,
            -0.01535648893284267,
            0.001273698756087031
        ],
        [
            0.0,
            0.0,
            0.0,
            0.0,
            1.0000000000000004,
            -0.10513696260435013,
            -0.035331212733942005,
            0.06168594356485374,
            0.13177009939875195,
            0.39211711921653447,
            0.016406408807731847,
            0.018263390233564807,
            -0.001722402412203654,
            -0.030917447616603536,
            0.04624346353627158,
            -0.0010433524489894624,
            -0.006875564946924071,
            0.00017026784875212245,
            0.001273698756087031,
            0.0011804765172584678
        ],
        [
            0.5112957122034887,
            0.5430203825146303,
            0.21375501785355108,
            0.4566116415149175,
            -0.10513696260435015,
            0.9999999999999999,
            0.6848602514927513,
            0.0,
            0.0,
            0.0,
            0.45358152079710967,
            0.5191517298964686,
            0.13795677541295653,
            -0.4283793129544728,
            -0.17682919221934457,
            0.12010671718144694,
            0.3065158364276012,
            0.004057852630141466,
            -0.15849251567125414,
            0.0005353276600884504
        ],
        [
            0.5430203825146303,
            0.865369540468701,
            0.07183224454706567,
            0.1534440661356001,
            -0.035331212733942026,
            0.6848602514927513,
            1.0000000000000002,
            0.0,
            0.0,
            0.0,
            0.5191517298964686,
            0.8414557411471889,
            0.051422925888765215,
            -0.1596769538603549,
            -0.065912489033225,
            0.3065158364276012,
            0.6056404043798674,
            0.004476862541622816,
            -0.1748582985162446,
            0.0005906050730238256
        ],
        [
            -0.21375501785355103,
            -0.07183224454706572,
            0.2970434865976549,
            -0.26790311658080007,
            0.061685943564853775,
            0.0,
            0.0,
            1.0000000000000004,
            0.0,
            0.0,
            -0.1379567754129565,
            -0.05142292588876519,
            0.2976203330620256,
            0.18589596112315665,
            0.07673534096577632,
            -0.004057852630141463,
            -0.004476862541622815,
            0.050177735401330026,
            0.007703022820038295,
            -2.6017892166039815e-05
        ],
        [
            -0.4566116415149174,
            -0.1534440661356001,
            -0.2679031165807999,
            -0.14982201395738562,
            0.13177009939875195,
            0.0,
            0.0,
            0.0,
            1.0000000000000004,
            0.0,
            0.42837931295447285,
            0.1596769538603549,
            0.18589596112315668,
            -0.2197517395427816,
            -0.2382763191140755,
            0.15849251567125403,
            0.17485829851624476,
            0.007703022820038313,
            -0.25049143390853,
            0.0010162126517924606
        ],
        [
            0.10513696260435013,
            0.03533121273394202,
            0.06168594356485374,
            0.13177009939875195,
            0.39211711921653447,
            0.0,
            0.0,
            0.0,
            0.0,
            1.0000000000000004,
            0.17682919221934457,
            0.0659124890332249,
            0.0767353409657763,
            -0.23827631911407543,
            0.2591296749548959,
            -0.00053532766008845,
            -0.0005906050730238255,
            -2.6017892166039557e-05,
            0.0010162126517924482,
            0.05037152199459101
        ],
        [
            0.11873629863740326,
            0.3050786905045285,
            0.00867390793885392,
            0.15569828074477243,
            0.016406408807731858,
            0.45358152079710967,
            0.5191517298964686,
            -0.13795677541295653,
            0.4283793129544728,
            0.17682919221934457,
            0.9999999999999999,
            0.6848602514927513,
            0.0,
            0.0,
            0.0,
            0.5008809543193773,
            0.5388690160893534,
            -0.1324996676436389,
            -0.4484110972150709,
            0.20364406610139144
        ],
        [
            0.30507869050452857,
            0.603864963968675,
            0.009655675863851998,
            0.1733211998592169,
            0.0182633902335648,
            0.5191517298964686,
            0.8414557411471889,
            -0.051422925888765195,
            0.1596769538603549,
            0.065912489033225,
            0.6848602514927513,
            1.0000000000000002,
            0.0,
            0.0,
            0.0,
            0.5388690160893534,
            0.8612394993846227,
            -0.04532905508479176,
            -0.15340454574543722,
            0.06966804712920437
        ],
        [
            -0.008673907938853918,
            -0.009655675863851984,
            0.04859071318213408,
            -0.016345752289457446,
            -0.001722402412203654,
            0.1379567754129565,
            0.051422925888765174,
            0.2976203330620256,
            0.18589596112315665,
            0.07673534096577632,
            0.0,
            0.0,
            1.0000000000000004,
            0.0,
            0.0,
            0.1324996676436389,
            0.045329055084791764,
            0.3612446729872777,
            -0.1669777930990741,
            0.07583228190943504
        ],
        [
            -0.15569828074477238,
            -0.17332119985921668,
            -0.01634575228945744,
            -0.24390800089983247,
            -0.030917447616603536,
            -0.42837931295447285,
            -0.1596769538603549,
            0.18589596112315668,
            -0.2197517395427816,
            -0.2382763191140755,
            0.0,
            0.0,
            0.0,
            1.0000000000000004,
            0.0,
            0.4484110972150709,
            0.1534045457454372,
            -0.1669777930990743,
            -0.154509011562833,
            0.25663488324202466
        ],
        [
            -0.016406408807731847,
            -0.01826339023356481,
            -0.0017224024122036534,
            -0.030917447616603536,
            0.04624346353627158,
            -0.17682919221934457,
            -0.0659124890332249,
            0.0767353409657763,
            -0.23827631911407543,
            0.2591296749548959,
            0.0,
            0.0,
            0.0,
            0.0,
            1.0000000000000004,
            -0.2036440661013914,
            -0.06966804712920434,
            0.07583228190943501,
            0.2566348832420243,
            0.29403476398961703
        ],
        [
            0.01160109310754855,
            0.1144186622300558,
            0.0018215445107609006,
            0.013626171908067865,
            -0.0010433524489894634,
            0.12010671718144694,
            0.3065158364276012,
            -0.004057852630141467,
            0.15849251567125425,
            -0.0005353276600884504,
            0.5008809543193773,
            0.5388690160893534,
            0.1324996676436389,
            0.4484110972150709,
            -0.20364406610139144,
            0.9999999999999999,
            0.6848602514927513,
            0.0,
            0.0,
            0.0
        ],
        [
            0.11441866223005574,
            0.32691786452369154,
            0.012003755394047182,
            0.0897948052190934,
            -0.00687556494692407,
            0.3065158364276012,
            0.6056404043798674,
            -0.004476862541622816,
            0.1748582985162448,
            -0.0005906050730238256,
            0.5388690160893534,
            0.8612394993846227,
            0.04532905508479176,
            0.15340454574543722,
            -0.06966804712920437,
            0.6848602514927513,
            1.0000000000000002,
            0.0,
            0.0,
            0.0
        ],
        [
            -0.0018215445107608989,
            -0.01200375539404718,
            0.0009807399305102262,
            -0.002223696297220029,
            0.00017026784875212245,
            0.004057852630141463,
            0.004476862541622815,
            0.05017773540133002,
            0.007703022820038312,
            -2.6017892166039554e-05,
            -0.1324996676436389,
            -0.04532905508479177,
            0.3612446729872777,
            -0.16697779309907432,
            0.07583228190943504,
            0.0,
            0.0,
            1.0000000000000004,
            0.0,
            0.0
        ],
        [
            -0.013626171908067846,
            -0.08979480521909339,
            -0.002223696297220029,
            -0.01535648893284267,
            0.001273698756087031,
            -0.15849251567125403,
            -0.17485829851624457,
            0.007703022820038297,
            -0.25049143390853,
            0.0010162126517924482,
            -0.44841109721507083,
            -0.1534045457454372,
            -0.16697779309907407,
            -0.154509011562833,
            0.2566348832420243,
            0.0,
            0.0,
            0.0,
            1.0000000000000004,
            0.0
        ],
        [
            0.0010433524489894624,
            0.006875564946924069,
            0.00017026784875212245,
            0.001273698756087031,
            0.0011804765172584678,
            0.00053532766008845,
            0.0005906050730238255,
            -2.6017892166039818e-05,
            0.0010162126517924606,
            0.05037152199459101,
            0.2036440661013914,
            0.06966804712920435,
            0.07583228190943501,
            0.25663488324202466,
            0.29403476398961703,
            0.0,
            0.0,
            0.0,
            0.0,
            1.0000000000000004
        ]
    ],
    "h": [
        [
            -0.24629049867045172,
            -0.4617783675655043,
            -0.10528955539379627,
            -0.24102186832864744,
            0.047973795932537325,
            -0.5532912978094646,
            -0.45330530327930507,
            0.033610266185239046,
            0.03504241514547435,
            -0.02603818699025201,
            -0.22433775803890538,
            -0.3031263621382564,
            -0.0233197687868096,
            0.26672376108277007,
            0.05257680340682188,
            -0.013306700329056474,
            -0.1364924826507287,
            0.004880564799346984,
            0.06342548189552645,
            -0.004367991098408894
        ],
        [
            -0.4617783675655043,
            -0.3187881853297523,
            -0.08939038545789407,
            -0.21428319347394398,
            0.0392732647597859,
            -0.5183266667810543,
            -0.3719728950346486,
            0.11001990576402049,
            0.09680387592112599,
            -0.07603670822192218,
            -0.3121393830178332,
            -0.3098344386065359,
            -0.04808918756899015,
            0.15347899214251848,
            0.0711250562776524,
            -0.13579420953425886,
            -0.2007424254586524,
            0.018066597386382183,
            0.10842381372836425,
            -0.02693336734030949
        ],
        [
            -0.10528955539379627,
            -0.08939038545789407,
            1.4469147166962282,
            -0.08897562390400729,
            0.020058895858040278,
            -0.019525789517216285,
            -0.07957054099440497,
            0.16397219834019466,
            -0.36429656466733856,
            0.07872183433329104,
            -0.045435466550659206,
            -0.062160396539604326,
            -0.05222447860492417,
            0.058221472100738705,
            0.016241994720899343,
            -0.00777728193520082,
            -0.03120927086226406,
            -0.003020239436499094,
            0.014901127818506922,
            -0.0012565449969173048
        ],
        [
            -0.24102186832864744,
            -0.21428319347394398,
            -0.08897562390400729,
            1.2778434072514158,
            0.04020974162810212,
            -0.0792325549338786,
            -0.20509225493233807,
            -0.3355842606609071,
            -0.46943328295805553,
            0.15219181091214706,
            -0.20540818213976716,
            -0.1622768134196514,
            -0.03409543830638783,
            0.11490773357691664,
            0.05265175823874478,
            -0.06330360830195902,
            -0.10962930830729543,
            0.010958576018176725,
            0.08069619682010368,
            -0.010582363469649693
        ],
        [
            0.047973795932537325,
            0.0392732647597859,
            0.020058895858040278,
            0.04020974162810212,
            1.4779269840551748,
            0.002919024014004984,
            0.03296617928466031,
            0.08389267708656468,
            0.17718500314491206,
            0.28761109558597897,
            0.006639613624379051,
            0.025964027942869883,
            0.0029404597001151406,
            -0.022771299977998663,
            -0.0477314513976458,
            0.0007166239897265685,
            0.01102292565981972,
            -0.0002842258627226056,
            -0.005732571413157807,
            -0.004323698146792511
        ],
        [
            -0.5532912978094646,
            -0.5183266667810543,
            -0.019525789517216285,
            -0.0792325549338786,
            0.002919024014004984,
            -0.37044238753750514,
            -0.565442019821695,
            0.15191426435039027,
            0.062315004487177875,
            -0.11444496170819994,
            -0.46294171914078874,
            -0.47556331716702516,
            -0.02303274560561297,
            0.08060282050394796,
            0.042630148920220934,
            -0.2242989372681133,
            -0.31317248098073214,
            0.02129898505207476,
            0.2042829886302136,
            -0.03715906751062898
        ],
        [
            -0.45330530327930507,
            -0.3719728950346486,
            -0.07957054099440497,
            -0.20509225493233807,
            0.03296617928466031,
            -0.565442019821695,
            -0.4294741262206889,
            0.1303198495027055,
            0.015612727340450244,
            -0.10094421505659903,
            -0.4743397160629629,
            -0.40977210568602107,
            -0.07187069079289346,
            0.09633775907962067,
            0.10643900693779254,
            -0.3024498312730286,
            -0.3104096226948254,
            0.036305969095858925,
            0.15983122722914184,
            -0.0574907533203743
        ],
        [
            0.033610266185239046,
            0.11001990576402049,
            0.16397219834019466,
            -0.3355842606609071,
            0.08389267708656468,
            0.15191426435039027,
            0.1303198495027055,
            1.3662397794355154,
            -0.04361745178536567,
            0.040496195877451804,
            0.03361241283495803,
            0.09189934108678023,
            0.16059464898163223,
            0.20090133519816344,
            0.08665110546980376,
            0.03086991470131181,
            0.05603714672227004,
            -0.048247161219268794,
            -0.037998636433147714,
            0.009900029787677936
        ],
        [
            0.03504241514547435,
            0.09680387592112599,
            -0.36429656466733856,
            -0.46943328295805553,
            0.17718500314491206,
            0.062315004487177875,
            0.015612727340450244,
            -0.04361745178536567,
            1.027715234787216,
            -0.017415706322904928,
            -0.08089461399126996,
            -0.09620826896251372,
            0.21057068336345075,
            -0.6131623764051728,
            -0.27140321617634594,
            -0.2664703165585284,
            -0.15364197956199693,
            0.033321397404931334,
            0.10876960094022303,
            -0.05388234447525771
        ],
        [
            -0.02603818699025201,
            -0.07603670822192218,
            0.07872183433329104,
            0.15219181091214706,
            0.28761109558597897,
            -0.11444496170819994,
            -0.10094421505659903,
            0.040496195877451804,
            -0.017415706322904928,
            1.3880753301867783,
            -0.02888298823185248,
            -0.08178194363848504,
            0.09176844278917157,
            -0.28371775982430375,
            0.11625689349408591,
            -0.04138345647853628,
            -0.061046904930592574,
            0.007732658386643184,
            0.04582565518635144,
            -0.0547983203625281
        ],
        [
            -0.22433775803890538,
            -0.3121393830178332,
            -0.045435466550659206,
            -0.20540818213976716,
            0.006639613624379051,
            -0.46294171914078874,
            -0.4743397160629629,
            0.03361241283495803,
            -0.08089461399126996,
            -0.02888298823185248,
            -0.3631534813259021,
            -0.5616091792952322,
            -0.11223267820938418,
            -0.05557938446414998,
            0.15934365744902892,
            -0.5468163560818856,
            -0.5145911292686474,
            0.009736250415875697,
            0.0823013183470741,
            -0.018221866068463988
        ],
        [
            -0.3031263621382564,
            -0.3098344386065359,
            -0.062160396539604326,
            -0.1622768134196514,
            0.025964027942869883,
            -0.47556331716702516,
            -0.40977210568602107,
            0.09189934108678023,
            -0.09620826896251372,
            -0.08178194363848504,
            -0.5616091792952322,
            -0.4278661810736657,
            -0.09712594536394077,
            -0.012494888156185172,
            0.14014774495313476,
            -0.4501600286400653,
            -0.3720351765382973,
            0.045765016535586414,
            0.2011355243831649,
            -0.07329509200540194
        ],
        [
            -0.0233197687868096,
            -0.04808918756899015,
            -0.05222447860492417,
            -0.03409543830638783,
            0.0029404597001151406,
            -0.02303274560561297,
            -0.07187069079289346,
            0.16059464898163223,
            0.21057068336345075,
            0.09176844278917157,
            -0.11223267820938418,
            -0.09712594536394077,
            1.3930410841759673,
            -0.009327380988042127,
            0.04428683384732736,
            -0.02795351213665881,
            -0.07880866710303369,
            0.2472492713992066,
            -0.20000074303762588,
            0.0979604952350227
        ],
        [
            0.26672376108277007,
            0.15347899214251848,
            0.058221472100738705,
            0.11490773357691664,
            -0.022771299977998663,
            0.08060282050394796,
            0.09633775907962067,
            0.20090133519816344,
            -0.6131623764051728,
            -0.28371775982430375,
            -0.05557938446414998,
            -0.012494888156185172,
            -0.009327380988042127,
            1.0392530318927373,
            0.01991609020475103,
            -0.03772550189900237,
            -0.0928149806742384,
            -0.22387329389382654,
            -0.46780991509313596,
            0.3436339025776269
        ],
        [
            0.05257680340682188,
            0.0711250562776524,
            0.016241994720899343,
            0.05265175823874478,
            -0.0477314513976458,
            0.042630148920220934,
            0.10643900693779254,
            0.08665110546980376,
            -0.27140321617634594,
            0.11625689349408591,
            0.15934365744902892,
            0.14014774495313476,
            0.04428683384732736,
            0.01991609020475103,
            1.3616319251123399,
            0.03571364662773713,
            0.11282339950836583,
            0.09959073675917998,
            0.3121880666991145,
            0.15982119417082036
        ],
        [
            -0.013306700329056474,
            -0.13579420953425886,
            -0.00777728193520082,
            -0.06330360830195902,
            0.0007166239897265685,
            -0.2242989372681133,
            -0.3024498312730286,
            0.03086991470131181,
            -0.2664703165585284,
            -0.04138345647853628,
            -0.5468163560818856,
            -0.4501600286400653,
            -0.02795351213665881,
            -0.03772550189900237,
            0.03571364662773713,
            -0.23975067833867247,
            -0.45899037200857884,
            0.061890870065331366,
            0.2338615760338371,
            -0.09785356617326205
        ],
        [
            -0.1364924826507287,
            -0.2007424254586524,
            -0.03120927086226406,
            -0.10962930830729543,
            0.01102292565981972,
            -0.31317248098073214,
            -0.3104096226948254,
            0.05603714672227004,
            -0.15364197956199693,
            -0.061046904930592574,
            -0.5145911292686474,
            -0.3720351765382973,
            -0.07880866710303369,
            -0.0928149806742384,
            0.11282339950836583,
            -0.45899037200857884,
            -0.3187498227177554,
            0.052447711894734045,
            0.2102117947019668,
            -0.08341178103646818
        ],
        [
            0.004880564799346984,
            0.018066597386382183,
            -0.003020239436499094,
            0.010958576018176725,
            -0.0002842258627226056,
            0.02129898505207476,
            0.036305969095858925,
            -0.048247161219268794,
            0.033321397404931334,
            0.007732658386643184,
            0.009736250415875697,
            0.045765016535586414,
            0.2472492713992066,
            -0.22387329389382654,
            0.09959073675917998,
            0.061890870065331366,
            0.052447711894734045,
            1.4733860301062003,
            -0.05184538788716144,
            0.02405805825647099
        ],
        [
            0.06342548189552645,
            0.10842381372836425,
            0.014901127818506922,
            0.08069619682010368,
            -0.005732571413157807,
            0.2042829886302136,
            0.15983122722914184,
            -0.037998636433147714,
            0.10876960094022303,
            0.04582565518635144,
            0.0823013183470741,
            0.2011355243831649,
            -0.20000074303762588,
            -0.46780991509313596,
            0.3121880666991145,
            0.2338615760338371,
            0.2102117947019668,
            -0.05184538788716144,
            1.2864946057901863,
            0.08138992503961057
        ],
        [
            -0.004367991098408894,
            -0.02693336734030949,
            -0.0012565449969173048,
            -0.010582363469649693,
            -0.004323698146792511,
            -0.03715906751062898,
            -0.0574907533203743,
            0.009900029787677936,
            -0.05388234447525771,
            -0.0547983203625281,
            -0.018221866068463988,
            -0.07329509200540194,
            0.0979604952350227,
            0.3436339025776269,
            0.15982119417082036,
            -0.09785356617326205,
            -0.08341178103646818,
            0.02405805825647099,
            0.08138992503961057,
            1.4519308334227028
        ]
    ]
}