{
    "HF": -2.161433479031357,
    "coordinates": [
        [
            0.819224,
            -0.16243,
            -0.082647
        ],
        [
            1.56305,
            0.060457,
            0.02145
        ],
        [
            2.33881,
            -0.104894,
            0.023691
        ],
        [
            3.070928,
            0.072259,
            0.178926
        ]
    ],
    "elements": [
        "H",
        "H",
        "H",
        "H"
    ],
    "Enn": 2.959040166169221,
    "S": [
        [
            0.9999999999999999,
            0.6848602514927513,
            0.0,
            0.0,
            0.0,
            0.5359468947667816,
            0.5525933491435582,
            -0.06984359993349797,
            -0.49906803811958134,
            -0.1495454283829271,
            0.11790804709805419,
            0.3042050706910325,
            -0.01086438884056194,
            -0.15525374918349183,
            -0.005878364049827641,
            0.011041587290186079,
            0.11201308984757677,
            -0.001498409431270619,
            -0.012898787374957574,
            -0.0013444056191406234
        ],
        [
            0.6848602514927513,
            1.0000000000000002,
            0.0,
            0.0,
            0.0,
            0.5525933491435582,
            0.8748478140480087,
            -0.02252910826137934,
            -0.16098193494172477,
            -0.04823813705538159,
            0.3042050706910325,
            0.6027841514555965,
            -0.012160328420735425,
            -0.1737729205321867,
            -0.006579554402146296,
            0.11201308984757677,
            0.32259328616214145,
            -0.010253375568992532,
            -0.08826433455365336,
            -0.009199552166742321
        ],
        [
            0.0,
            0.0,
            1.0000000000000004,
            0.0,
            0.0,
            0.06984359993349794,
            0.022529108261379324,
            0.438108756248913,
            -0.09061844270652711,
            -0.02715376020672805,
            0.01086438884056194,
            0.012160328420735425,
            0.04753793545527797,
            -0.020545969026994338,
            -0.0007779308798167045,
            0.001498409431270619,
            0.010253375568992534,
            0.0009708137651544772,
            -0.0018051171065304953,
            -0.00018814245949491385
        ],
        [
            0.0,
            0.0,
            0.0,
            1.0000000000000004,
            0.0,
            0.49906803811958134,
            0.16098193494172489,
            -0.09061844270652705,
            -0.19672422326057756,
            -0.19402742480119206,
            0.15525374918349183,
            0.1737729205321867,
            -0.020545969026994338,
            -0.2446292781208433,
            -0.01111674917656103,
            0.012898787374957574,
            0.08826433455365335,
            -0.001805117106530495,
            -0.014358516843566824,
            -0.0016195904340835458
        ],
        [
            0.0,
            0.0,
            0.0,
            0.0,
            1.0000000000000004,
            0.14954542838292706,
            0.04823813705538154,
            -0.02715376020672805,
            -0.1940274248011922,
            0.3926504331985733,
            0.005878364049827637,
            0.006579554402146296,
            -0.0007779308798167038,
            -0.01111674917656102,
            0.048554793977118725,
            0.0013444056191406234,
            0.00919955216674232,
            -0.0001881424594949138,
            -0.0016195904340835458,
            0.001011702726368681
        ],
        [
            0.5359468947667816,
            0.5525933491435582,
            0.06984359993349797,
            0.49906803811958134,
            0.1495454283829271,
            0.9999999999999999,
            0.6848602514927513,
            0.0,
            0.0,
            0.0,
            0.5282341193232404,
            0.5496355217626595,
            -0.0014762574803643676,
            -0.5110314604941812,
            0.10892487757060601,
            0.12045756116984635,
            0.3068821108345854,
            -0.016514055326607203,
            -0.15812683023301208,
            -0.0012376418055107987
        ],
        [
            0.5525933491435582,
            0.8748478140480087,
            0.022529108261379334,
            0.16098193494172497,
            0.04823813705538159,
            0.6848602514927513,
            1.0000000000000002,
            0.0,
            0.0,
            0.0,
            0.5496355217626595,
            0.8719259624293226,
            -0.0004822357477412585,
            -0.1669340489369734,
            0.0355815096496049,
            0.3068821108345854,
            0.6060923926719982,
            -0.018177831030774853,
            -0.17405796120693118,
            -0.0013623330655160523
        ],
        [
            -0.06984359993349794,
            -0.022529108261379317,
            0.438108756248913,
            -0.09061844270652705,
            -0.02715376020672805,
            0.0,
            0.0,
            1.0000000000000004,
            0.0,
            0.0,
            0.0014762574803643676,
            0.0004822357477412585,
            0.44188713131584656,
            -0.00199442817454615,
            0.00042510659622741636,
            0.0165140553266072,
            0.01817783103077484,
            0.047341733366168336,
            -0.03119306611550206,
            -0.0002441447957295986
        ],
        [
            -0.49906803811958134,
            -0.16098193494172472,
            -0.09061844270652711,
            -0.19672422326057742,
            -0.1940274248011922,
            0.0,
            0.0,
            0.0,
            1.0000000000000004,
            0.0,
            0.5110314604941808,
            0.1669340489369734,
            -0.001994428174546158,
            -0.24851210529479367,
            0.14715782824158002,
            0.15812683023301202,
            0.17405796120693112,
            -0.031193066115502082,
            -0.24808318417323733,
            -0.002337756650506463
        ],
        [
            -0.14954542838292706,
            -0.04823813705538154,
            -0.02715376020672805,
            -0.19402742480119206,
            0.3926504331985733,
            0.0,
            0.0,
            0.0,
            0.0,
            1.0000000000000004,
            -0.10892487757060601,
            -0.0355815096496049,
            0.0004251065962274177,
            0.14715782824157994,
            0.41052662736612705,
            0.0012376418055107968,
            0.001362333065516046,
            -0.00024414479572959865,
            -0.0023377566505064624,
            0.05058109959846002
        ],
        [
            0.11790804709805419,
            0.3042050706910325,
            0.01086438884056194,
            0.15525374918349183,
            0.005878364049827637,
            0.5282341193232404,
            0.5496355217626595,
            0.0014762574803643676,
            0.5110314604941808,
            -0.10892487757060601,
            0.9999999999999999,
            0.6848602514927513,
            0.0,
            0.0,
            0.0,
            0.5473857860306934,
            0.5569194585778339,
            -0.10697539319490426,
            -0.5045164487072302,
            -0.12207950417532692
        ],
        [
            0.3042050706910325,
            0.6027841514555965,
            0.012160328420735425,
            0.1737729205321867,
            0.006579554402146296,
            0.5496355217626595,
            0.8719259624293226,
            0.0004822357477412585,
            0.16693404893697375,
            -0.0355815096496049,
            0.6848602514927513,
            1.0000000000000002,
            0.0,
            0.0,
            0.0,
            0.5569194585778339,
            0.8791106109999626,
            -0.03387745354311226,
            -0.15977256116904193,
            -0.03866069203158413
        ],
        [
            -0.01086438884056194,
            -0.012160328420735427,
            0.04753793545527797,
            -0.020545969026994338,
            -0.0007779308798167038,
            -0.0014762574803643676,
            -0.0004822357477412585,
            0.44188713131584656,
            -0.001994428174546158,
            0.0004251065962274177,
            0.0,
            0.0,
            1.0000000000000004,
            0.0,
            0.0,
            0.10697539319490426,
            0.03387745354311223,
            0.4350076862284845,
            -0.13691697844833944,
            -0.03313025152100985
        ],
        [
            -0.15525374918349183,
            -0.1737729205321867,
            -0.020545969026994338,
            -0.2446292781208433,
            -0.01111674917656102,
            -0.5110314604941809,
            -0.1669340489369734,
            -0.00199442817454615,
            -0.24851210529479367,
            0.14715782824157994,
            0.0,
            0.0,
            0.0,
            1.0000000000000004,
            0.0,
            0.5045164487072302,
            0.15977256116904193,
            -0.13691697844833944,
            -0.1816877559316808,
            -0.15624861328346493
        ],
        [
            -0.005878364049827641,
            -0.006579554402146307,
            -0.0007779308798167045,
            -0.01111674917656103,
            0.048554793977118725,
            0.10892487757060601,
            0.0355815096496049,
            0.00042510659622741636,
            0.14715782824158002,
            0.41052662736612705,
            0.0,
            0.0,
            0.0,
            0.0,
            1.0000000000000004,
            0.1220795041753269,
            0.03866069203158413,
            -0.03313025152100985,
            -0.15624861328346493,
            0.42623095428147906
        ],
        [
            0.011041587290186079,
            0.11201308984757677,
            0.001498409431270619,
            0.012898787374957574,
            0.0013444056191406234,
            0.12045756116984635,
            0.3068821108345854,
            0.016514055326607203,
            0.15812683023301202,
            0.0012376418055107968,
            0.5473857860306934,
            0.5569194585778339,
            0.10697539319490426,
            0.5045164487072302,
            0.12207950417532692,
            0.9999999999999999,
            0.6848602514927513,
            0.0,
            0.0,
            0.0
        ],
        [
            0.11201308984757677,
            0.32259328616214145,
            0.010253375568992536,
            0.08826433455365336,
            0.009199552166742321,
            0.3068821108345854,
            0.6060923926719982,
            0.01817783103077486,
            0.17405796120693134,
            0.0013623330655160464,
            0.5569194585778339,
            0.8791106109999626,
            0.03387745354311226,
            0.15977256116904193,
            0.03866069203158413,
            0.6848602514927513,
            1.0000000000000002,
            0.0,
            0.0,
            0.0
        ],
        [
            -0.001498409431270619,
            -0.01025337556899253,
            0.0009708137651544772,
            -0.0018051171065304953,
            -0.00018814245949491385,
            -0.016514055326607196,
            -0.018177831030774846,
            0.047341733366168336,
            -0.03119306611550207,
            -0.0002441447957295986,
            -0.10697539319490426,
            -0.03387745354311221,
            0.4350076862284845,
            -0.13691697844833944,
            -0.03313025152100985,
            0.0,
            0.0,
            1.0000000000000004,
            0.0,
            0.0
        ],
        [
            -0.012898787374957574,
            -0.08826433455365335,
            -0.001805117106530495,
            -0.014358516843566824,
            -0.0016195904340835458,
            -0.15812683023301208,
            -0.17405796120693112,
            -0.03119306611550207,
            -0.24808318417323738,
            -0.0023377566505064624,
            -0.5045164487072302,
            -0.15977256116904193,
            -0.13691697844833944,
            -0.1816877559316808,
            -0.15624861328346493,
            0.0,
            0.0,
            0.0,
            1.0000000000000004,
            0.0
        ],
        [
            -0.0013444056191406234,
            -0.00919955216674232,
            -0.0001881424594949138,
            -0.0016195904340835458,
            0.001011702726368681,
            -0.0012376418055107987,
            -0.0013623330655160402,
            -0.00024414479572959865,
            -0.002337756650506463,
            0.05058109959846002,
            -0.1220795041753269,
            -0.038660692031584114,
            -0.03313025152100985,
            -0.15624861328346493,
            0.42623095428147906,
            0.0,
            0.0,
            0.0,
            0.0,
            1.0000000000000004
        ]
    ],
    "h": [
        [
            -0.2589445919512794,
            -0.46467293102006635,
            -0.03609629479917406,
            -0.26865763677889976,
            -0.07609616062624297,
            -0.5697452924320163,
            -0.4573149001826935,
            0.008434880502586978,
            0.024704166426519403,
            0.0221990675679955,
            -0.24042815141255056,
            -0.3093614655377939,
            0.014871479579788696,
            0.3053361919362778,
            -0.01952421726940306,
            -0.009922962409362218,
            -0.13356411603380464,
            0.007303848557772485,
            0.06264312625715429,
            0.004385189220386528
        ],
        [
            -0.46467293102006635,
            -0.31311814232960145,
            -0.03045630701002065,
            -0.23204602528305016,
            -0.06302608195843129,
            -0.5339812455925159,
            -0.3671678182860836,
            0.027946605621482424,
            0.09949738749735346,
            0.08103627709631345,
            -0.32859144744258184,
            -0.3089841288937185,
            -0.0019763301929652533,
            0.18526558265426957,
            -0.04015773958785236,
            -0.13414838239125493,
            -0.1944614224930492,
            0.019017645636493666,
            0.11538074873437217,
            0.017343199650801118
        ],
        [
            -0.03609629479917406,
            -0.03045630701002065,
            1.4805803424149997,
            -0.03341518065935624,
            -0.009650708039618507,
            -0.007457870789829832,
            -0.028167069833516287,
            0.3534395978836854,
            -0.1283994271659277,
            -0.03588958655233718,
            -0.023673631306032727,
            -0.02276685176409909,
            -0.044490684403754394,
            0.026350889590981884,
            -0.003413509563654562,
            -0.006091845724689667,
            -0.01315668273007424,
            -0.0028408901788930063,
            0.009538391484209596,
            0.0009548093046752044
        ],
        [
            -0.26865763677889976,
            -0.23204602528305016,
            -0.03341518065935624,
            1.2343196381476285,
            -0.06933416105383816,
            -0.07908333190948547,
            -0.2226577550008067,
            -0.12188936799733818,
            -0.558053553572779,
            -0.2488315760595054,
            -0.2327591582604496,
            -0.17943747785066438,
            0.0046351198858916864,
            0.17230860963594513,
            -0.030466436500739446,
            -0.06237893547325689,
            -0.11388434243634461,
            0.011265482908116707,
            0.0820314532180503,
            0.009337185583757918
        ],
        [
            -0.07609616062624297,
            -0.06302608195843129,
            -0.009650708039618507,
            -0.06933416105383816,
            1.4644988364962213,
            -0.011167330112709928,
            -0.0563363770529077,
            -0.0370938265286284,
            -0.2714540023830901,
            0.2923167330422584,
            -0.035993249590653795,
            -0.04522814714174432,
            0.0015627860690521857,
            0.05073318590702263,
            -0.05106283037304224,
            -0.005476860033797248,
            -0.021839527243648574,
            0.001313071044810853,
            0.010838769491349435,
            -0.0031508159288888555
        ],
        [
            -0.5697452924320163,
            -0.5339812455925159,
            -0.007457870789829832,
            -0.07908333190948547,
            -0.011167330112709928,
            -0.4301777394179809,
            -0.5940989047391769,
            0.03429042549198762,
            0.034947087975727584,
            0.12010204430285036,
            -0.5159774362545615,
            -0.5071059057579259,
            -0.0038973352045323594,
            0.05965712393364786,
            -0.014894795691352741,
            -0.24542299674203444,
            -0.3306480913624287,
            0.03605164404709646,
            0.2364795722201398,
            0.026866233790675074
        ],
        [
            -0.4573149001826935,
            -0.3671678182860836,
            -0.028167069833516287,
            -0.2226577550008067,
            -0.0563363770529077,
            -0.5940989047391769,
            -0.4341638837373467,
            0.025440493951679577,
            -0.003051024025671492,
            0.09821276460041709,
            -0.5087770066663512,
            -0.4114397928972253,
            -0.019132434066372137,
            0.12247298779538263,
            -0.06410955943189182,
            -0.31332305764652824,
            -0.3103369193359463,
            0.03524747972174361,
            0.18331266354922965,
            0.036326854437611446
        ],
        [
            0.008434880502586978,
            0.027946605621482424,
            0.3534395978836854,
            -0.12188936799733818,
            -0.0370938265286284,
            0.03429042549198762,
            0.025440493951679577,
            1.4029925634223377,
            -0.039286763762956145,
            -0.009898095781099826,
            -0.0015741647094218228,
            0.009605025104783785,
            0.3453522612136579,
            -0.020241145772596992,
            -0.0006888429821333346,
            -0.018446599501148304,
            -0.0015759507736435828,
            -0.044115279239463276,
            0.0066538682888224385,
            0.0016677253788142613
        ],
        [
            0.024704166426519403,
            0.09949738749735346,
            -0.1283994271659277,
            -0.558053553572779,
            -0.2714540023830901,
            0.034947087975727584,
            -0.003051024025671492,
            -0.039286763762956145,
            0.8866829151572575,
            -0.023711344127676566,
            -0.0631226846109445,
            -0.12504980296198348,
            -0.02531877380389625,
            -0.7475416923528673,
            0.18015919410041276,
            -0.30910336871333977,
            -0.18650287679630434,
            0.04061512437030776,
            0.17094092568471625,
            0.040297576948414446
        ],
        [
            0.0221990675679955,
            0.08103627709631345,
            -0.03588958655233718,
            -0.2488315760595054,
            0.2923167330422584,
            0.12010204430285036,
            0.09821276460041709,
            -0.009898095781099826,
            -0.023711344127676566,
            1.376720133932124,
            0.018653717883231946,
            0.07073835415635306,
            -0.00015348896335752626,
            0.1771390222703061,
            0.3065455083372841,
            0.023262067296034757,
            0.04317658636590388,
            -0.005669418403228194,
            -0.033639242746885185,
            -0.050570865159252396
        ],
        [
            -0.24042815141255056,
            -0.32859144744258184,
            -0.023673631306032727,
            -0.2327591582604496,
            -0.035993249590653795,
            -0.5159774362545615,
            -0.5087770066663512,
            -0.0015741647094218228,
            -0.0631226846109445,
            0.018653717883231946,
            -0.43919007132716925,
            -0.5977626448087933,
            -0.0538046797838026,
            -0.04316793093704835,
            -0.10792283297663328,
            -0.5786985566740717,
            -0.5389439479463798,
            0.01136116840606688,
            0.07793432073417617,
            0.006960391498726348
        ],
        [
            -0.3093614655377939,
            -0.3089841288937185,
            -0.02276685176409909,
            -0.17943747785066438,
            -0.04522814714174432,
            -0.5071059057579259,
            -0.4114397928972253,
            0.009605025104783785,
            -0.12504980296198348,
            0.07073835415635306,
            -0.5977626448087933,
            -0.434668376803925,
            -0.04097673972233756,
            -0.0009574737848882103,
            -0.08746836806823124,
            -0.4621096957394808,
            -0.367965100051328,
            0.044005560025559595,
            0.22768040585719984,
            0.04525328896071114
        ],
        [
            0.014871479579788696,
            -0.0019763301929652533,
            -0.044490684403754394,
            0.0046351198858916864,
            0.0015627860690521857,
            -0.0038973352045323594,
            -0.019132434066372137,
            0.3453522612136579,
            -0.02531877380389625,
            -0.00015348896335752626,
            -0.0538046797838026,
            -0.04097673972233756,
            1.39456172160248,
            -0.05716236753425882,
            -0.012518878885163658,
            -0.010124149729007742,
            -0.042590006210577264,
            0.3499124274761162,
            -0.186400305171601,
            -0.04602483202780108
        ],
        [
            0.3053361919362778,
            0.18526558265426957,
            0.026350889590981884,
            0.17230860963594513,
            0.05073318590702263,
            0.05965712393364786,
            0.12247298779538263,
            -0.020241145772596992,
            -0.7475416923528673,
            0.1771390222703061,
            -0.04316793093704835,
            -0.0009574737848882103,
            -0.05716236753425882,
            0.8773307638149128,
            -0.012624905551880544,
            -0.020463563780373395,
            -0.10187412162677817,
            -0.19559304787363585,
            -0.547178769424411,
            -0.22065993571545406
        ],
        [
            -0.01952421726940306,
            -0.04015773958785236,
            -0.003413509563654562,
            -0.030466436500739446,
            -0.05106283037304224,
            -0.014894795691352741,
            -0.06410955943189182,
            -0.0006888429821333346,
            0.18015919410041276,
            0.3065455083372841,
            -0.10792283297663328,
            -0.08746836806823124,
            -0.012518878885163658,
            -0.012624905551880544,
            1.3812236125749473,
            -0.02007431536685292,
            -0.07114744537269745,
            -0.043749457958549426,
            -0.1994913669600848,
            0.33827756771832074
        ],
        [
            -0.009922962409362218,
            -0.13414838239125493,
            -0.006091845724689667,
            -0.06237893547325689,
            -0.005476860033797248,
            -0.24542299674203444,
            -0.31332305764652824,
            -0.018446599501148304,
            -0.30910336871333977,
            0.023262067296034757,
            -0.5786985566740717,
            -0.4621096957394808,
            -0.010124149729007742,
            -0.020463563780373395,
            -0.02007431536685292,
            -0.268303249232243,
            -0.46868009072038386,
            0.05699818318397381,
            0.2767320436750663,
            0.06248609983941124
        ],
        [
            -0.13356411603380464,
            -0.1944614224930492,
            -0.01315668273007424,
            -0.11388434243634461,
            -0.021839527243648574,
            -0.3306480913624287,
            -0.3103369193359463,
            -0.0015759507736435828,
            -0.18650287679630434,
            0.04317658636590388,
            -0.5389439479463798,
            -0.367965100051328,
            -0.042590006210577264,
            -0.10187412162677817,
            -0.07114744537269745,
            -0.46868009072038386,
            -0.3142390808264419,
            0.04754409662228479,
            0.2364992720381582,
            0.05086371964006456
        ],
        [
            0.007303848557772485,
            0.019017645636493666,
            -0.0028408901788930063,
            0.011265482908116707,
            0.001313071044810853,
            0.03605164404709646,
            0.03524747972174361,
            -0.044115279239463276,
            0.04061512437030776,
            -0.005669418403228194,
            0.01136116840606688,
            0.044005560025559595,
            0.3499124274761162,
            -0.19559304787363585,
            -0.043749457958549426,
            0.05699818318397381,
            0.04754409662228479,
            1.471083515785976,
            -0.05259588565827947,
            -0.012158904009043622
        ],
        [
            0.06264312625715429,
            0.11538074873437217,
            0.009538391484209596,
            0.0820314532180503,
            0.010838769491349435,
            0.2364795722201398,
            0.18331266354922965,
            0.0066538682888224385,
            0.17094092568471625,
            -0.033639242746885185,
            0.07793432073417617,
            0.22768040585719984,
            -0.186400305171601,
            -0.547178769424411,
            -0.1994913669600848,
            0.2767320436750663,
            0.2364992720381582,
            -0.05259588565827947,
            1.222590607372706,
            -0.0572028701623854
        ],
        [
            0.004385189220386528,
            0.017343199650801118,
            0.0009548093046752044,
            0.009337185583757918,
            -0.0031508159288888555,
            0.026866233790675074,
            0.036326854437611446,
            0.0016677253788142613,
            0.040297576948414446,
            -0.050570865159252396,
            0.006960391498726348,
            0.04525328896071114,
            -0.04602483202780108,
            -0.22065993571545406,
            0.33827756771832074,
            0.06248609983941124,
            0.05086371964006456,
            -0.012158904009043622,
            -0.0572028701623854,
            1.4681224945702671
        ]
    ]
}