{
    "HF": -2.1196608730153503,
    "coordinates": [
        [
            0.742654,
            0.159372,
            -0.045078
        ],
        [
            1.418323,
            -0.003236,
            0.088484
        ],
        [
            2.118091,
            -0.04132,
            0.034343
        ],
        [
            2.837588,
            -0.057325,
            0.028801
        ]
    ],
    "elements": [
        "H",
        "H",
        "H",
        "H"
    ],
    "Enn": 3.2393409766342973,
    "S": [
        [
            0.9999999999999999,
            0.6848602514927513,
            0.0,
            0.0,
            0.0,
            0.5968868603227641,
            0.5748503885688764,
            -0.10268098396281163,
            -0.5194468318321752,
            0.12501122654815647,
            0.16401866746139304,
            0.34796677270191056,
            -0.012146051013008552,
            -0.21034900048072222,
            0.03069232658746065,
            0.0203331849343616,
            0.14551390740924405,
            -0.0008920218863673422,
            -0.025294427083407758,
            0.0026164196417133956
        ],
        [
            0.6848602514927513,
            1.0000000000000002,
            0.0,
            0.0,
            0.0,
            0.5748503885688764,
            0.8966464382095644,
            -0.030150480024369975,
            -0.1525265022056127,
            0.036707366285341304,
            0.34796677270191056,
            0.6555675886106035,
            -0.010486395248724741,
            -0.18160657787890097,
            0.026498478176515853,
            0.14551390740924405,
            0.3800544327835311,
            -0.003834563998792433,
            -0.108733990663737,
            0.01124728968781824
        ],
        [
            0.0,
            0.0,
            1.0000000000000004,
            0.0,
            0.0,
            0.1026809839628116,
            0.030150480024369986,
            0.49782330250543055,
            -0.12229766669488909,
            0.029432427691550925,
            0.012146051013008547,
            0.010486395248724733,
            0.07944191782299988,
            -0.022904916827653183,
            0.0033420895089890496,
            0.000892021886367342,
            0.0038345639987924303,
            0.0030909801520903465,
            -0.0012598468276001779,
            0.00013031676797477904
        ],
        [
            0.0,
            0.0,
            0.0,
            1.0000000000000004,
            0.0,
            0.519446831832175,
            0.1525265022056127,
            -0.12229766669488905,
            -0.09668618585565597,
            0.14889398920293587,
            0.21034900048072228,
            0.18160657787890117,
            -0.02290491682765319,
            -0.3159098042401107,
            0.05787932118678151,
            0.025294427083407754,
            0.108733990663737,
            -0.0012598468276001783,
            -0.03258916670555638,
            0.003695299449105644
        ],
        [
            0.0,
            0.0,
            0.0,
            0.0,
            1.0000000000000004,
            -0.12501122654815644,
            -0.03670736628534131,
            0.029432427691550925,
            0.14889398920293592,
            0.4861651787240994,
            -0.030692326587460645,
            -0.026498478176515843,
            0.003342089508989051,
            0.05787932118678151,
            0.07231924675318824,
            -0.002616419641713395,
            -0.011247289687818232,
            0.00013031676797477902,
            0.0036952994491056415,
            0.0027531728126006195
        ],
        [
            0.5968868603227641,
            0.5748503885688764,
            0.10268098396281163,
            0.5194468318321752,
            -0.1250112265481565,
            0.9999999999999999,
            0.6848602514927513,
            0.0,
            0.0,
            0.0,
            0.6007792249994552,
            0.5762086146301633,
            0.04196573152521676,
            -0.5424036500607283,
            0.02951964166539877,
            0.15278548580599938,
            0.3381079699828772,
            0.008367557061849095,
            -0.19898096398279674,
            0.007583278218560658
        ],
        [
            0.5748503885688764,
            0.8966464382095644,
            0.030150480024369986,
            0.1525265022056127,
            -0.03670736628534131,
            0.6848602514927513,
            1.0000000000000002,
            0.0,
            0.0,
            0.0,
            0.5762086146301633,
            0.8979661909233174,
            0.012252692344899957,
            -0.15836504713259736,
            0.008618820030349821,
            0.3381079699828772,
            0.6439069476338644,
            0.007641750736005785,
            -0.1817212499093081,
            0.006925500654454649
        ],
        [
            -0.1026809839628116,
            -0.030150480024369975,
            0.49782330250543055,
            -0.12229766669488905,
            0.029432427691550925,
            0.0,
            0.0,
            1.0000000000000004,
            0.0,
            0.0,
            -0.04196573152521674,
            -0.012252692344899943,
            0.522586114862105,
            0.05179501745095402,
            -0.00281887917795917,
            -0.008367557061849098,
            -0.0076417507360057825,
            0.07190165333211519,
            0.015959528907837667,
            -0.000608226764625374
        ],
        [
            -0.5194468318321751,
            -0.1525265022056127,
            -0.12229766669488909,
            -0.09668618585565614,
            0.14889398920293592,
            0.0,
            0.0,
            0.0,
            1.0000000000000004,
            0.0,
            0.5424036500607279,
            0.15836504713259733,
            0.05179501745095402,
            -0.14285287564359242,
            0.036433782985207754,
            0.19898096398279685,
            0.1817212499093083,
            0.01595952890783767,
            -0.306945684959601,
            0.014463665685304557
        ],
        [
            0.12501122654815644,
            0.036707366285341304,
            0.029432427691550925,
            0.14889398920293587,
            0.4861651787240994,
            0.0,
            0.0,
            0.0,
            0.0,
            1.0000000000000004,
            -0.029519641665398767,
            -0.008618820030349821,
            -0.0028188791779591707,
            0.03643378298520777,
            0.5246106284846247,
            -0.007583278218560662,
            -0.006925500654454648,
            -0.0006082267646253743,
            0.014463665685304558,
            0.07202156564627359
        ],
        [
            0.16401866746139304,
            0.34796677270191056,
            0.012146051013008552,
            0.21034900048072228,
            -0.03069232658746065,
            0.6007792249994552,
            0.5762086146301633,
            -0.041965731525216765,
            0.5424036500607283,
            -0.02951964166539877,
            0.9999999999999999,
            0.6848602514927513,
            0.0,
            0.0,
            0.0,
            0.5871312402341153,
            0.5714140713339598,
            0.0041729200894835925,
            -0.5417545084126991,
            0.012051170341426358
        ],
        [
            0.34796677270191056,
            0.6555675886106035,
            0.010486395248724741,
            0.18160657787890108,
            -0.02649847817651586,
            0.5762086146301633,
            0.8979661909233174,
            -0.012252692344899944,
            0.15836504713259736,
            -0.008618820030349823,
            0.6848602514927513,
            1.0000000000000002,
            0.0,
            0.0,
            0.0,
            0.5714140713339598,
            0.8933021473940912,
            0.001243078460743874,
            -0.1613841976307889,
            0.0035899442014084627
        ],
        [
            -0.012146051013008547,
            -0.010486395248724733,
            0.07944191782299988,
            -0.022904916827653176,
            0.0033420895089890496,
            0.04196573152521674,
            0.012252692344899943,
            0.522586114862105,
            0.05179501745095402,
            -0.00281887917795917,
            0.0,
            0.0,
            1.0000000000000004,
            0.0,
            0.0,
            -0.0041729200894835925,
            -0.0012430784607438679,
            0.5104625668148205,
            0.005284771142703383,
            -0.00011755818598127251
        ],
        [
            -0.21034900048072222,
            -0.18160657787890117,
            -0.022904916827653193,
            -0.31590980424011084,
            0.05787932118678152,
            -0.5424036500607279,
            -0.15836504713259733,
            0.05179501745095402,
            -0.14285287564359242,
            0.036433782985207754,
            0.0,
            0.0,
            0.0,
            1.0000000000000004,
            0.0,
            0.5417545084126991,
            0.16138419763078962,
            0.005284771142703383,
            -0.175598672351805,
            0.01526213679880326
        ],
        [
            0.030692326587460645,
            0.026498478176515846,
            0.003342089508989051,
            0.057879321186781504,
            0.07231924675318824,
            0.029519641665398767,
            0.00861882003034982,
            -0.0028188791779591707,
            0.03643378298520777,
            0.5246106284846247,
            0.0,
            0.0,
            0.0,
            0.0,
            1.0000000000000004,
            -0.01205117034142636,
            -0.0035899442014084623,
            -0.00011755818598127255,
            0.015262136798803269,
            0.5101637715484164
        ],
        [
            0.0203331849343616,
            0.14551390740924405,
            0.0008920218863673422,
            0.025294427083407754,
            -0.0026164196417133956,
            0.15278548580599938,
            0.3381079699828772,
            -0.008367557061849096,
            0.19898096398279674,
            -0.007583278218560657,
            0.5871312402341153,
            0.5714140713339598,
            -0.0041729200894835925,
            0.5417545084126991,
            -0.012051170341426368,
            0.9999999999999999,
            0.6848602514927513,
            0.0,
            0.0,
            0.0
        ],
        [
            0.14551390740924405,
            0.3800544327835311,
            0.0038345639987924316,
            0.10873399066373694,
            -0.01124728968781824,
            0.3381079699828772,
            0.6439069476338644,
            -0.0076417507360057825,
            0.1817212499093083,
            -0.006925500654454646,
            0.5714140713339598,
            0.8933021473940912,
            -0.001243078460743868,
            0.16138419763078965,
            -0.0035899442014084627,
            0.6848602514927513,
            1.0000000000000002,
            0.0,
            0.0,
            0.0
        ],
        [
            -0.000892021886367342,
            -0.0038345639987924303,
            0.0030909801520903465,
            -0.0012598468276001779,
            0.00013031676797477904,
            0.008367557061849098,
            0.007641750736005779,
            0.07190165333211519,
            0.015959528907837663,
            -0.0006082267646253739,
            0.004172920089483591,
            0.0012430784607438737,
            0.5104625668148205,
            0.005284771142703383,
            -0.00011755818598127255,
            0.0,
            0.0,
            1.0000000000000004,
            0.0,
            0.0
        ],
        [
            -0.025294427083407758,
            -0.10873399066373696,
            -0.0012598468276001783,
            -0.03258916670555638,
            0.0036952994491056437,
            -0.19898096398279685,
            -0.1817212499093081,
            0.015959528907837674,
            -0.306945684959601,
            0.014463665685304557,
            -0.5417545084126991,
            -0.16138419763078962,
            0.005284771142703383,
            -0.17559867235180535,
            0.015262136798803269,
            0.0,
            0.0,
            0.0,
            1.0000000000000004,
            0.0
        ],
        [
            0.002616419641713395,
            0.011247289687818235,
            0.00013031676797477902,
            0.0036952994491056424,
            0.0027531728126006195,
            0.007583278218560662,
            0.006925500654454649,
            -0.0006082267646253744,
            0.014463665685304558,
            0.07202156564627359,
            0.01205117034142636,
            0.0035899442014084623,
            -0.00011755818598127251,
            0.01526213679880326,
            0.5101637715484164,
            0.0,
            0.0,
            0.0,
            0.0,
            1.0000000000000004
        ]
    ],
    "h": [
        [
            -0.31202403506487064,
            -0.48630404376276437,
            -0.059553886289156414,
            -0.31359057345457175,
            0.07422087933022287,
            -0.6240859824498234,
            -0.48223735134519496,
            0.009529898343599186,
            -0.001348129000452114,
            -0.005204487189858692,
            -0.31126355100420966,
            -0.3497679532959121,
            -0.004880471689465211,
            0.3645796273239343,
            -0.03388238442749909,
            -0.03296296734784841,
            -0.1687057621646646,
            5.434307849685148e-05,
            0.09880322276699643,
            -0.006890907705316817
        ],
        [
            -0.48630404376276437,
            -0.3193759472963933,
            -0.046778033089557414,
            -0.2581565744711101,
            0.059546303973746495,
            -0.5731301982353791,
            -0.3733552960580706,
            0.05155254954900083,
            0.09029168610274868,
            -0.04440012559030446,
            -0.3841790650859319,
            -0.3293831381012393,
            -0.01109147973540492,
            0.21193847528827825,
            -0.018259280778686902,
            -0.1681839373529757,
            -0.21934198524425907,
            -0.0019309413381582638,
            0.14423039315237643,
            -0.00531802522204957
        ],
        [
            -0.059553886289156414,
            -0.046778033089557414,
            1.4607306026994298,
            -0.05445495248327427,
            0.012974718950384474,
            -0.008458377190369987,
            -0.04300689953672009,
            0.4405701852006173,
            -0.18194076478274834,
            0.042597985194858,
            -0.035455215387009936,
            -0.03580332981654971,
            -0.047243401416387054,
            0.04085494028832358,
            -0.0029816633510449785,
            -0.0056912717376169045,
            -0.018574275899146005,
            -0.009133143308972339,
            0.009716829021684779,
            -0.0006398685275577038
        ],
        [
            -0.31359057345457175,
            -0.2581565744711101,
            -0.05445495248327427,
            1.17250138710229,
            0.06892007965300208,
            -0.09073553681527657,
            -0.2545207839512074,
            -0.16571068449784626,
            -0.48216439732009686,
            0.21451208751422035,
            -0.2845190986745304,
            -0.21341919834231043,
            -0.018413523644133557,
            0.11243867426309706,
            -0.004967051270747036,
            -0.09902014281034932,
            -0.14259604575111745,
            0.0017073930655371133,
            0.13518783594074119,
            -0.010868085948869486
        ],
        [
            0.07422087933022287,
            0.059546303973746495,
            0.012974718950384474,
            0.06892007965300208,
            1.455094369098321,
            0.015694736851508823,
            0.05650351497482741,
            0.040762204622254994,
            0.2250259941415837,
            0.4229774715942516,
            0.05418348267872283,
            0.04704632412351516,
            0.003292393042180471,
            -0.04485399168917001,
            -0.042713914645141154,
            0.013047789287656202,
            0.027315943809357732,
            -0.00011652863481990071,
            -0.01956407254431492,
            -0.00774404244744695
        ],
        [
            -0.6240859824498234,
            -0.5731301982353791,
            -0.008458377190369987,
            -0.09073553681527657,
            0.015694736851508823,
            -0.5279126864151871,
            -0.6351144747876784,
            0.07691262891996895,
            0.019692464720054953,
            -0.054327096127704054,
            -0.5927990392213132,
            -0.5571299285397104,
            0.003919034839589747,
            0.061390664534668904,
            -0.013466752597718443,
            -0.2967704878901476,
            -0.376434748130941,
            -0.006655390487228109,
            0.28549505386218255,
            -0.009184355502528298
        ],
        [
            -0.48223735134519496,
            -0.3733552960580706,
            -0.04300689953672009,
            -0.2545207839512074,
            0.05650351497482741,
            -0.6351144747876784,
            -0.44020664234493445,
            0.05884168381626661,
            -0.01961819923328363,
            -0.038684418063618595,
            -0.5554153550262904,
            -0.4224573710248991,
            -0.011960351767236203,
            0.14501958173032325,
            -0.01725651663362855,
            -0.3403858569230014,
            -0.32495389743534187,
            -0.003120252036508229,
            0.21453448292025223,
            -0.00542022691849885
        ],
        [
            0.009529898343599186,
            0.05155254954900083,
            0.4405701852006173,
            -0.16571068449784626,
            0.040762204622254994,
            0.07691262891996895,
            0.05884168381626661,
            1.3674509900695455,
            -0.031408468764560826,
            0.011577516723870508,
            0.016380676600554783,
            0.04284306768897289,
            0.46213564827410303,
            0.05554624452236687,
            -0.001640186294268012,
            0.016087433254412375,
            0.0244378070056371,
            -0.04665040685901978,
            -0.01691072545094939,
            0.0004854191240433847
        ],
        [
            -0.001348129000452114,
            0.09029168610274868,
            -0.18194076478274834,
            -0.48216439732009686,
            0.2250259941415837,
            0.019692464720054953,
            -0.01961819923328363,
            -0.031408468764560826,
            0.7479412946722261,
            0.08642315815789384,
            -0.052127014229898405,
            -0.1429593704532835,
            0.07397237649003631,
            -0.7117532499050465,
            0.06641586216795821,
            -0.3579583494602416,
            -0.21006466176834515,
            -0.0011818188356342574,
            0.14621280877404996,
            -0.0029880894160155963
        ],
        [
            -0.005204487189858692,
            -0.04440012559030446,
            0.042597985194858,
            0.21451208751422035,
            0.4229774715942516,
            -0.054327096127704054,
            -0.038684418063618595,
            0.011577516723870508,
            0.08642315815789384,
            1.362740350797936,
            -0.008960830683123464,
            -0.01593076077917021,
            -0.003828735433852151,
            0.08568875244267918,
            0.4623054887953413,
            0.02085125752533452,
            0.0035736783207259686,
            9.029948158144449e-05,
            -0.009463205398601356,
            -0.046806188485902345
        ],
        [
            -0.31126355100420966,
            -0.3841790650859319,
            -0.035455215387009936,
            -0.2845190986745304,
            0.05418348267872283,
            -0.5927990392213132,
            -0.5554153550262904,
            0.016380676600554783,
            -0.052127014229898405,
            -0.008960830683123464,
            -0.5193542705238186,
            -0.6335562423002198,
            -0.01758000275485412,
            -0.02214678231723685,
            -0.008882229263453414,
            -0.6117724648536452,
            -0.5672015750790076,
            -0.003645705617155804,
            0.08713568622552281,
            -0.002366963192416055
        ],
        [
            -0.3497679532959121,
            -0.3293831381012393,
            -0.03580332981654971,
            -0.21341919834231043,
            0.04704632412351516,
            -0.5571299285397104,
            -0.4224573710248991,
            0.04284306768897289,
            -0.1429593704532835,
            -0.01593076077917021,
            -0.6335562423002198,
            -0.44210629888927055,
            -0.012821572879588225,
            0.01594688940146949,
            -0.010366709399443022,
            -0.4751573517408809,
            -0.37106789662075723,
            -0.004229785860433445,
            0.2573985418990892,
            -0.0060747719435400305
        ],
        [
            -0.004880471689465211,
            -0.01109147973540492,
            -0.047243401416387054,
            -0.018413523644133557,
            0.003292393042180471,
            0.003919034839589747,
            -0.011960351767236203,
            0.46213564827410303,
            0.07397237649003631,
            -0.003828735433852151,
            -0.01758000275485412,
            -0.012821572879588225,
            1.381516512443232,
            0.021267452042156344,
            -0.000997679713536721,
            -0.005549451813862238,
            -0.007913422441385168,
            0.45927845909069687,
            0.013956607006948365,
            -0.00036551301684616783
        ],
        [
            0.3645796273239343,
            0.21193847528827825,
            0.04085494028832358,
            0.11243867426309706,
            -0.04485399168917001,
            0.061390664534668904,
            0.14501958173032325,
            0.05554624452236687,
            -0.7117532499050465,
            0.08568875244267918,
            -0.02214678231723685,
            0.01594688940146949,
            0.021267452042156344,
            0.7235352658312144,
            0.03173617665817756,
            -0.0053620926899049515,
            -0.10071666552804193,
            0.008563424446975361,
            -0.5852322671785234,
            0.02482390442896431
        ],
        [
            -0.03388238442749909,
            -0.018259280778686902,
            -0.0029816633510449785,
            -0.004967051270747036,
            -0.042713914645141154,
            -0.013466752597718443,
            -0.01725651663362855,
            -0.001640186294268012,
            0.06641586216795821,
            0.4623054887953413,
            -0.008882229263453414,
            -0.010366709399443022,
            -0.000997679713536721,
            0.03173617665817756,
            1.3811809092660479,
            0.0017396691904154986,
            -0.0013476210619760495,
            -0.000259458505235947,
            0.025582807818114728,
            0.45884014682414676
        ],
        [
            -0.03296296734784841,
            -0.1681839373529757,
            -0.0056912717376169045,
            -0.09902014281034932,
            0.013047789287656202,
            -0.2967704878901476,
            -0.3403858569230014,
            0.016087433254412375,
            -0.3579583494602416,
            0.02085125752533452,
            -0.6117724648536452,
            -0.4751573517408809,
            -0.005549451813862238,
            -0.0053620926899049515,
            0.0017396691904154986,
            -0.2998619666890632,
            -0.48094819449444914,
            -0.004105241606443899,
            0.3188744470773074,
            -0.00647850208698968
        ],
        [
            -0.1687057621646646,
            -0.21934198524425907,
            -0.018574275899146005,
            -0.14259604575111745,
            0.027315943809357732,
            -0.376434748130941,
            -0.32495389743534187,
            0.0244378070056371,
            -0.21006466176834515,
            0.0035736783207259686,
            -0.5672015750790076,
            -0.37106789662075723,
            -0.007913422441385168,
            -0.10071666552804193,
            -0.0013476210619760495,
            -0.48094819449444914,
            -0.3163489795935166,
            -0.0038349192923901264,
            0.26367080877740934,
            -0.0056533210597376395
        ],
        [
            5.434307849685148e-05,
            -0.0019309413381582638,
            -0.009133143308972339,
            0.0017073930655371133,
            -0.00011652863481990071,
            -0.006655390487228109,
            -0.003120252036508229,
            -0.04665040685901978,
            -0.0011818188356342574,
            9.029948158144449e-05,
            -0.003645705617155804,
            -0.004229785860433445,
            0.45927845909069687,
            0.008563424446975361,
            -0.000259458505235947,
            -0.004105241606443899,
            -0.0038349192923901264,
            1.4782772225470202,
            0.0038590448772484447,
            -9.020281355533576e-05
        ],
        [
            0.09880322276699643,
            0.14423039315237643,
            0.009716829021684779,
            0.13518783594074119,
            -0.01956407254431492,
            0.28549505386218255,
            0.21453448292025223,
            -0.01691072545094939,
            0.14621280877404996,
            -0.009463205398601356,
            0.08713568622552281,
            0.2573985418990892,
            0.013956607006948365,
            -0.5852322671785234,
            0.025582807818114728,
            0.3188744470773074,
            0.26367080877740934,
            0.0038590448772484447,
            1.1628901626871455,
            0.007180559819303083
        ],
        [
            -0.006890907705316817,
            -0.00531802522204957,
            -0.0006398685275577038,
            -0.010868085948869486,
            -0.00774404244744695,
            -0.009184355502528298,
            -0.00542022691849885,
            0.0004854191240433847,
            -0.0029880894160155963,
            -0.046806188485902345,
            -0.002366963192416055,
            -0.0060747719435400305,
            -0.00036551301684616783,
            0.02482390442896431,
            0.45884014682414676,
            -0.00647850208698968,
            -0.0056533210597376395,
            -9.020281355533576e-05,
            0.007180559819303083,
            1.4782030933604045
        ]
    ]
}