{
    "HF": -2.1631502612961686,
    "coordinates": [
        [
            0.789886,
            0.052988,
            0.043162
        ],
        [
            1.437364,
            -0.198797,
            -0.125995
        ],
        [
            2.199608,
            0.181033,
            -0.188741
        ],
        [
            2.998197,
            -0.151386,
            -0.151621
        ]
    ],
    "elements": [
        "H",
        "H",
        "H",
        "H"
    ],
    "Enn": 2.9164260262158876,
    "S": [
        [
            0.9999999999999999,
            0.6848602514927513,
            0.0,
            0.0,
            0.0,
            0.590933329291665,
            0.5727588208500721,
            0.12841112120323578,
            -0.4915160231880959,
            0.1911360106419286,
            0.14804402092553864,
            0.33380828657493417,
            0.031282277526573934,
            -0.1901627613239883,
            -0.017272476966189134,
            0.013379489836289287,
            0.12164580456298903,
            0.0014111849646665099,
            -0.015999010593879672,
            0.0014806708797418318
        ],
        [
            0.6848602514927513,
            1.0000000000000002,
            0.0,
            0.0,
            0.0,
            0.5727588208500721,
            0.8946117930141674,
            0.03803746995323715,
            -0.14559506831158087,
            0.05661760596472985,
            0.33380828657493417,
            0.6387811446832288,
            0.02928897039601654,
            -0.17804558770094928,
            -0.01617187450941961,
            0.12164580456298903,
            0.3397091256877102,
            0.008342115073075489,
            -0.09457696246150021,
            0.008752875897510205
        ],
        [
            0.0,
            0.0,
            1.0000000000000004,
            0.0,
            0.0,
            -0.12841112120323575,
            -0.03803746995323711,
            0.4767232376242549,
            0.14643235153816203,
            -0.05694320059065503,
            -0.03128227752657394,
            -0.029288970396016526,
            0.05953613764407119,
            0.058730255800544674,
            0.005334467082148638,
            -0.001411184964666511,
            -0.008342115073075489,
            0.0014481920094547552,
            0.0017939223063382483,
            -0.00016602329899890604
        ],
        [
            0.0,
            0.0,
            0.0,
            1.0000000000000004,
            0.0,
            0.4915160231880955,
            0.14559506831158084,
            0.1464323515381622,
            -0.04551598170071831,
            0.21796005859666556,
            0.1901627613239884,
            0.17804558770094925,
            0.058730255800544674,
            -0.28781966744842474,
            -0.03242784959220339,
            0.01599901059387969,
            0.09457696246150027,
            0.0017939223063382483,
            -0.01873179007080967,
            0.0018822539823063263
        ],
        [
            0.0,
            0.0,
            0.0,
            0.0,
            1.0000000000000004,
            -0.1911360106419286,
            -0.05661760596472986,
            -0.05694320059065506,
            0.21796005859666548,
            0.43022124672321954,
            0.01727247696618914,
            0.01617187450941962,
            0.005334467082148639,
            -0.0324278495922034,
            0.06625199971466385,
            -0.001480670879741833,
            -0.008752875897510202,
            -0.00016602329899890602,
            0.0018822539823063259,
            0.0014322258675551814
        ],
        [
            0.590933329291665,
            0.5727588208500721,
            -0.12841112120323578,
            0.49151602318809573,
            -0.1911360106419286,
            0.9999999999999999,
            0.6848602514927513,
            0.0,
            0.0,
            0.0,
            0.4809710047820922,
            0.5307469211159548,
            0.03670832099973514,
            -0.4459359549950934,
            -0.222212118148239,
            0.10690196310337959,
            0.29221319061670853,
            0.002323671694359447,
            -0.14153061194576372,
            -0.004299055595928974
        ],
        [
            0.5727588208500721,
            0.8946117930141674,
            -0.03803746995323715,
            0.14559506831158087,
            -0.05661760596472983,
            0.6848602514927513,
            1.0000000000000002,
            0.0,
            0.0,
            0.0,
            0.5307469211159548,
            0.853123947522494,
            0.013007371991503317,
            -0.15801471418562865,
            -0.07873952289441086,
            0.29221319061670853,
            0.5878272651745001,
            0.002807046092002434,
            -0.17097206637471446,
            -0.005193352933268073
        ],
        [
            0.12841112120323575,
            0.0380374699532371,
            0.4767232376242549,
            0.14643235153816214,
            -0.05694320059065503,
            0.0,
            0.0,
            1.0000000000000004,
            0.0,
            0.0,
            -0.03670832099973516,
            -0.013007371991503296,
            0.38409468048896284,
            0.04818505664155622,
            0.024010854876079433,
            -0.0023236716943594504,
            -0.002807046092002433,
            0.04209342682181622,
            0.004378493811014796,
            0.00013299870650737306
        ],
        [
            -0.4915160231880955,
            -0.14559506831158084,
            0.1464323515381621,
            -0.04551598170071847,
            0.21796005859666545,
            0.0,
            0.0,
            0.0,
            1.0000000000000004,
            0.0,
            0.4459359549950932,
            0.15801471418562865,
            0.04818505664155617,
            -0.1972952097975562,
            -0.29168600491126584,
            0.14153061194576363,
            0.17097206637471457,
            0.004378493811014799,
            -0.22452077201962445,
            -0.008100709048389235
        ],
        [
            0.1911360106419286,
            0.056617605964729846,
            -0.05694320059065506,
            0.21796005859666565,
            0.43022124672321954,
            0.0,
            0.0,
            0.0,
            0.0,
            1.0000000000000004,
            0.22221211814823896,
            0.07873952289441086,
            0.024010854876079422,
            -0.29168600491126606,
            0.24271255654779034,
            0.004299055595928967,
            0.0051933529332680705,
            0.00013299870650737306,
            -0.008100709048389226,
            0.04191925095912489
        ],
        [
            0.14804402092553864,
            0.33380828657493417,
            -0.031282277526573934,
            0.1901627613239883,
            0.017272476966189134,
            0.4809710047820922,
            0.5307469211159548,
            -0.03670832099973516,
            0.44593595499509314,
            0.222212118148239,
            0.9999999999999999,
            0.6848602514927513,
            0.0,
            0.0,
            0.0,
            0.47193474339593056,
            0.5269770333151963,
            -0.021201090288588634,
            -0.4561141565860375,
            0.18986113234489088
        ],
        [
            0.33380828657493417,
            0.6387811446832288,
            -0.02928897039601654,
            0.17804558770094928,
            0.016171874509419624,
            0.5307469211159548,
            0.853123947522494,
            -0.013007371991503296,
            0.15801471418562865,
            0.07873952289441086,
            0.6848602514927513,
            1.0000000000000002,
            0.0,
            0.0,
            0.0,
            0.5269770333151963,
            0.8493410569248385,
            -0.007636707101050939,
            -0.16429391937287616,
            0.06838864595431712
        ],
        [
            0.03128227752657394,
            0.029288970396016533,
            0.05953613764407119,
            0.058730255800544674,
            0.005334467082148639,
            0.03670832099973514,
            0.013007371991503317,
            0.38409468048896284,
            0.04818505664155616,
            0.02401085487607942,
            0.0,
            0.0,
            1.0000000000000004,
            0.0,
            0.0,
            0.02120109028858863,
            0.007636707101050937,
            0.3765674862035352,
            -0.029084567930367778,
            0.012106681893746257
        ],
        [
            -0.1901627613239884,
            -0.17804558770094925,
            0.058730255800544674,
            -0.28781966744842474,
            -0.0324278495922034,
            -0.4459359549950932,
            -0.15801471418562865,
            0.04818505664155623,
            -0.1972952097975562,
            -0.29168600491126606,
            0.0,
            0.0,
            0.0,
            1.0000000000000004,
            0.0,
            0.4561141565860373,
            0.1642939193728761,
            -0.02908456793036782,
            -0.24779763178851685,
            0.26045967098181405
        ],
        [
            -0.017272476966189144,
            -0.016171874509419606,
            0.005334467082148638,
            -0.03242784959220339,
            0.06625199971466385,
            -0.22221211814823896,
            -0.07873952289441086,
            0.02401085487607944,
            -0.29168600491126584,
            0.24271255654779034,
            0.0,
            0.0,
            0.0,
            0.0,
            1.0000000000000004,
            -0.18986113234489083,
            -0.06838864595431711,
            0.01210668189374628,
            0.26045967098181416,
            0.2695009924169586
        ],
        [
            0.013379489836289287,
            0.12164580456298903,
            -0.0014111849646665099,
            0.015999010593879672,
            -0.0014806708797418318,
            0.10690196310337959,
            0.29221319061670853,
            -0.0023236716943594504,
            0.14153061194576366,
            0.004299055595928967,
            0.47193474339593056,
            0.5269770333151963,
            0.021201090288588634,
            0.4561141565860375,
            -0.18986113234489088,
            0.9999999999999999,
            0.6848602514927513,
            0.0,
            0.0,
            0.0
        ],
        [
            0.12164580456298903,
            0.3397091256877102,
            -0.008342115073075489,
            0.09457696246150028,
            -0.008752875897510205,
            0.29221319061670853,
            0.5878272651745001,
            -0.0028070460920024453,
            0.17097206637471465,
            0.005193352933268073,
            0.5269770333151963,
            0.8493410569248385,
            0.007636707101050939,
            0.16429391937287616,
            -0.06838864595431712,
            0.6848602514927513,
            1.0000000000000002,
            0.0,
            0.0,
            0.0
        ],
        [
            0.001411184964666511,
            0.008342115073075489,
            0.0014481920094547552,
            0.0017939223063382483,
            -0.00016602329899890604,
            0.002323671694359447,
            0.002807046092002433,
            0.04209342682181622,
            0.004378493811014799,
            0.00013299870650737306,
            -0.02120109028858863,
            -0.007636707101050937,
            0.37656748620353525,
            -0.029084567930367823,
            0.012106681893746278,
            0.0,
            0.0,
            1.0000000000000004,
            0.0,
            0.0
        ],
        [
            -0.01599901059387969,
            -0.0945769624615002,
            0.0017939223063382483,
            -0.01873179007080967,
            0.0018822539823063263,
            -0.14153061194576372,
            -0.1709720663747144,
            0.004378493811014796,
            -0.2245207720196245,
            -0.008100709048389226,
            -0.4561141565860373,
            -0.1642939193728761,
            -0.02908456793036777,
            -0.24779763178851685,
            0.26045967098181405,
            0.0,
            0.0,
            0.0,
            1.0000000000000004,
            0.0
        ],
        [
            0.001480670879741833,
            0.008752875897510198,
            -0.00016602329899890602,
            0.0018822539823063259,
            0.0014322258675551814,
            -0.004299055595928967,
            -0.0051933529332680705,
            0.00013299870650737306,
            -0.008100709048389235,
            0.04191925095912489,
            0.18986113234489083,
            0.06838864595431711,
            0.01210668189374626,
            0.26045967098181416,
            0.2695009924169586,
            0.0,
            0.0,
            0.0,
            0.0,
            1.0000000000000004
        ]
    ],
    "h": [
        [
            -0.3145300627387073,
            -0.4907131784138459,
            0.07662713126533763,
            -0.2970403106618439,
            0.10270447279464451,
            -0.6190290408916771,
            -0.4882224878512096,
            -0.004551665407140165,
            0.0058994174411683975,
            -0.03600727143454063,
            -0.2728458494806246,
            -0.3387545743721458,
            -0.034608015360737605,
            0.30296911804250415,
            0.07418239819367227,
            -0.01770843558558389,
            -0.14732795313163471,
            -0.0032576374279689162,
            0.06821802870161438,
            -0.005535850025204624
        ],
        [
            -0.4907131784138459,
            -0.32713433404185643,
            0.06196845040369005,
            -0.24600368309724494,
            0.07807196925813237,
            -0.5560110253105148,
            -0.377809888359691,
            -0.04426011418628609,
            0.10758304422117515,
            -0.12737287430854427,
            -0.34083230452481356,
            -0.3241032923727504,
            -0.0215866960691546,
            0.16914806263041007,
            0.08945224395861401,
            -0.14095252193812116,
            -0.20536095183623165,
            0.0010276221987349458,
            0.10848753503934816,
            -0.02653140118969079
        ],
        [
            0.07662713126533763,
            0.06196845040369005,
            1.4475506640200797,
            0.06722991809227333,
            -0.023456686821888607,
            0.015800856346577685,
            0.05882209029553168,
            0.4073108453013764,
            0.21770522952328414,
            -0.07398420845426225,
            0.04844587581120041,
            0.04619742343389237,
            -0.04038807142679021,
            -0.03596028024394536,
            -0.016742095638977363,
            0.009233197629469315,
            0.024751095651928928,
            -0.004799549259304009,
            -0.012526971358929356,
            0.0016348416140412434
        ],
        [
            -0.2970403106618439,
            -0.24600368309724494,
            0.06722991809227333,
            1.1973496077165209,
            0.08833350771903142,
            -0.07759573839314304,
            -0.24104440696034457,
            0.21084042627459226,
            -0.3870497083353699,
            0.2723304199877933,
            -0.23731777598151227,
            -0.19315120056972007,
            -0.009283907192066398,
            0.07927219702801647,
            0.07288960148751845,
            -0.07218568023435654,
            -0.12391335089619165,
            -0.004857709684407939,
            0.09150976603136593,
            -0.01288863117118437
        ],
        [
            0.10270447279464451,
            0.07807196925813237,
            -0.023456686821888607,
            0.08833350771903142,
            1.4288346324847103,
            0.0020137910326072372,
            0.06863579437186745,
            -0.08265211997482563,
            0.3153948142319688,
            0.34105031171240996,
            0.02851600503157621,
            0.053456453237802376,
            0.007033269882565257,
            -0.061410483645587766,
            -0.06078409578576595,
            0.0017233978015891238,
            0.021853383308708327,
            0.0005869883544056568,
            -0.009270506931946518,
            -0.005060574282674179
        ],
        [
            -0.6190290408916771,
            -0.5560110253105148,
            0.015800856346577685,
            -0.07759573839314304,
            0.0020137910326072372,
            -0.4474794841212182,
            -0.5965467192640421,
            -0.05649285670247235,
            0.1039771493880774,
            -0.19106117875362144,
            -0.4871573844524293,
            -0.4995211593206186,
            -0.018339213378553265,
            0.0993285250989292,
            0.04238211773123851,
            -0.2070326466412071,
            -0.30959252810709825,
            0.0014158771725758705,
            0.20043647535234618,
            -0.030720526947296812
        ],
        [
            -0.4882224878512096,
            -0.377809888359691,
            0.05882209029553168,
            -0.24104440696034457,
            0.06863579437186745,
            -0.5965467192640421,
            -0.4316137145660137,
            -0.03976249872797684,
            0.03446078853629138,
            -0.15702493609298768,
            -0.48209081701286594,
            -0.4116370018050062,
            -0.025456777624741304,
            0.11722267580300727,
            0.11844774792994614,
            -0.28725641421987574,
            -0.30301592381237663,
            0.005607628718867439,
            0.15362914628920105,
            -0.05202329321511769
        ],
        [
            -0.004551665407140165,
            -0.04426011418628609,
            0.4073108453013764,
            0.21084042627459226,
            -0.08265211997482563,
            -0.05649285670247235,
            -0.03976249872797684,
            1.3852926143177,
            0.08006370679088634,
            -0.017631779562812852,
            -0.007324290619331417,
            -0.015355921805848341,
            0.26341903870784283,
            0.08779018302506705,
            0.03321040542226764,
            0.016190564925630303,
            0.004773958726659997,
            -0.041770071314189694,
            -0.009430046209724425,
            0.0031029002587574426
        ],
        [
            0.0058994174411683975,
            0.10758304422117515,
            0.21770522952328414,
            -0.3870497083353699,
            0.3153948142319688,
            0.1039771493880774,
            0.03446078853629138,
            0.08006370679088634,
            0.9464940838421088,
            0.0109021056662353,
            -0.05318590401765455,
            -0.08460793328697858,
            0.06830329802500798,
            -0.6253262555815682,
            -0.36018036470538317,
            -0.2619420214865734,
            -0.1532985086941114,
            0.005197102445596278,
            0.1424956332789047,
            -0.048085008252920766
        ],
        [
            -0.03600727143454063,
            -0.12737287430854427,
            -0.07398420845426225,
            0.2723304199877933,
            0.34105031171240996,
            -0.19106117875362144,
            -0.15702493609298768,
            -0.017631779562812852,
            0.0109021056662353,
            1.3251148048945238,
            -0.04233405421702119,
            -0.12326224782799758,
            0.02511532698864454,
            -0.343411687078635,
            0.09579438098912668,
            -0.05095669941240282,
            -0.08120076120702098,
            0.0012341107622105899,
            0.057465871072672835,
            -0.05531363494311087
        ],
        [
            -0.2728458494806246,
            -0.34083230452481356,
            0.04844587581120041,
            -0.23731777598151227,
            0.02851600503157621,
            -0.4871573844524293,
            -0.48209081701286594,
            -0.007324290619331417,
            -0.05318590401765455,
            -0.04233405421702119,
            -0.3559913442678371,
            -0.5613825752097386,
            -0.024115773993267243,
            -0.026478106678537006,
            0.16800576138879159,
            -0.520137444844195,
            -0.5023256950677288,
            0.002157572801624104,
            0.0832701581386549,
            -0.017488075175363493
        ],
        [
            -0.3387545743721458,
            -0.3241032923727504,
            0.04619742343389237,
            -0.19315120056972007,
            0.053456453237802376,
            -0.4995211593206186,
            -0.4116370018050062,
            -0.015355921805848341,
            -0.08460793328697858,
            -0.12326224782799758,
            -0.5613825752097386,
            -0.430080950600062,
            -0.024240243396903206,
            0.004452877240664246,
            0.14933239649236818,
            -0.43278869909303386,
            -0.3657016515325311,
            0.0073751616300044434,
            0.19215962060564956,
            -0.06443513421197003
        ],
        [
            -0.034608015360737605,
            -0.0215866960691546,
            -0.04038807142679021,
            -0.009283907192066398,
            0.007033269882565257,
            -0.018339213378553265,
            -0.025456777624741304,
            0.26341903870784283,
            0.06830329802500798,
            0.02511532698864454,
            -0.024115773993267243,
            -0.024240243396903206,
            1.4246272497294465,
            0.013015496062206531,
            0.01060297902652625,
            -0.0013935492653926254,
            -0.014005816916989502,
            0.2677552745764304,
            -0.03356993130230542,
            0.015726972849521282
        ],
        [
            0.30296911804250415,
            0.16914806263041007,
            -0.03596028024394536,
            0.07927219702801647,
            -0.061410483645587766,
            0.0993285250989292,
            0.11722267580300727,
            0.08779018302506705,
            -0.6253262555815682,
            -0.343411687078635,
            -0.026478106678537006,
            0.004452877240664246,
            0.013015496062206531,
            1.0091126926552758,
            -0.008462470932255835,
            -0.051839884689247384,
            -0.0925599947063534,
            -0.03675167585663054,
            -0.5623910362982675,
            0.33819771949540267
        ],
        [
            0.07418239819367227,
            0.08945224395861401,
            -0.016742095638977363,
            0.07288960148751845,
            -0.06078409578576595,
            0.04238211773123851,
            0.11844774792994614,
            0.03321040542226764,
            -0.36018036470538317,
            0.09579438098912668,
            0.16800576138879159,
            0.14933239649236818,
            0.01060297902652625,
            -0.008462470932255835,
            1.3542717061337355,
            0.03762695741796013,
            0.11245738558380189,
            0.015530742512000668,
            0.3067951207848464,
            0.1318449322926759
        ],
        [
            -0.01770843558558389,
            -0.14095252193812116,
            0.009233197629469315,
            -0.07218568023435654,
            0.0017233978015891238,
            -0.2070326466412071,
            -0.28725641421987574,
            0.016190564925630303,
            -0.2619420214865734,
            -0.05095669941240282,
            -0.520137444844195,
            -0.43278869909303386,
            -0.0013935492653926254,
            -0.051839884689247384,
            0.03762695741796013,
            -0.21231786143055476,
            -0.4451833813263524,
            0.010338645511354423,
            0.22389590459046346,
            -0.08603414165196438
        ],
        [
            -0.14732795313163471,
            -0.20536095183623165,
            0.024751095651928928,
            -0.12391335089619165,
            0.021853383308708327,
            -0.30959252810709825,
            -0.30301592381237663,
            0.004773958726659997,
            -0.1532985086941114,
            -0.08120076120702098,
            -0.5023256950677288,
            -0.3657016515325311,
            -0.014005816916989502,
            -0.0925599947063534,
            0.11245738558380189,
            -0.4451833813263524,
            -0.31019413936402396,
            0.008952166257405546,
            0.20524709471988134,
            -0.07528549088193318
        ],
        [
            -0.0032576374279689162,
            0.0010276221987349458,
            -0.004799549259304009,
            -0.004857709684407939,
            0.0005869883544056568,
            0.0014158771725758705,
            0.005607628718867439,
            -0.041770071314189694,
            0.005197102445596278,
            0.0012341107622105899,
            0.002157572801624104,
            0.0073751616300044434,
            0.2677552745764304,
            -0.03675167585663054,
            0.015530742512000668,
            0.010338645511354423,
            0.008952166257405546,
            1.5033571339749896,
            -0.00840767415222951,
            0.003577930944037807
        ],
        [
            0.06821802870161438,
            0.10848753503934816,
            -0.012526971358929356,
            0.09150976603136593,
            -0.009270506931946518,
            0.20043647535234618,
            0.15362914628920105,
            -0.009430046209724425,
            0.1424956332789047,
            0.057465871072672835,
            0.0832701581386549,
            0.19215962060564956,
            -0.03356993130230542,
            -0.5623910362982675,
            0.3067951207848464,
            0.22389590459046346,
            0.20524709471988134,
            -0.00840767415222951,
            1.3049399646125222,
            0.0742188662679967
        ],
        [
            -0.005535850025204624,
            -0.02653140118969079,
            0.0016348416140412434,
            -0.01288863117118437,
            -0.005060574282674179,
            -0.030720526947296812,
            -0.05202329321511769,
            0.0031029002587574426,
            -0.048085008252920766,
            -0.05531363494311087,
            -0.017488075175363493,
            -0.06443513421197003,
            0.015726972849521282,
            0.33819771949540267,
            0.1318449322926759,
            -0.08603414165196438,
            -0.07528549088193318,
            0.003577930944037807,
            0.0742188662679967,
            1.4723043736460555
        ]
    ]
}