{
    "HF": -2.138581782872444,
    "coordinates": [
        [
            0.640448,
            -0.010034,
            0.176936
        ],
        [
            1.349915,
            0.025256,
            0.046614
        ],
        [
            2.071102,
            -0.111278,
            0.056166
        ],
        [
            2.818274,
            0.000329,
            -0.045227
        ]
    ],
    "elements": [
        "H",
        "H",
        "H",
        "H"
    ],
    "Enn": 3.1168850656448286,
    "S": [
        [
            0.9999999999999999,
            0.6848602514927513,
            0.0,
            0.0,
            0.0,
            0.5851023488055508,
            0.5706935773420482,
            0.09769964161414076,
            -0.5318723748642562,
            -0.026456165133768868,
            0.14626085425081897,
            0.3321686902198996,
            0.016051410626020755,
            -0.1901466822700927,
            0.01345623099628091,
            0.015281828999337645,
            0.12878185010651966,
            0.001893350185132686,
            -0.018560188961648773,
            -8.831708236083426e-05
        ],
        [
            0.6848602514927513,
            1.0000000000000002,
            0.0,
            0.0,
            0.0,
            0.5706935773420482,
            0.8925999788616825,
            0.02919207004188626,
            -0.1589202924786829,
            -0.007904944305475397,
            0.33216869021989964,
            0.6368199407341438,
            0.015172939830135016,
            -0.17974022571617101,
            0.012719790677835466,
            0.12878185010651966,
            0.35206127911798907,
            0.010114889137258614,
            -0.09915453315916421,
            -0.00047181842219186376
        ],
        [
            0.0,
            0.0,
            1.0000000000000004,
            0.0,
            0.0,
            -0.09769964161414074,
            -0.029192070041886255,
            0.4857124417143292,
            0.12196790760726182,
            0.006066874793979523,
            -0.016051410626020755,
            -0.015172939830135014,
            0.0653683551549151,
            0.03047599214792828,
            -0.0021567138868132,
            -0.0018933501851326855,
            -0.01011488913725861,
            0.0017327618848276569,
            0.0024964211222517113,
            1.1879007822431399e-05
        ],
        [
            0.0,
            0.0,
            0.0,
            1.0000000000000004,
            0.0,
            0.5318723748642562,
            0.15892029247868286,
            0.12196790760726182,
            -0.15587097575687056,
            -0.03302778855036194,
            0.19014668227009263,
            0.17974022571617101,
            0.03047599214792829,
            -0.29308076288217855,
            0.025548657357165286,
            0.01856018896164877,
            0.09915453315916412,
            0.0024964211222517113,
            -0.022484565299227276,
            -0.00011644788776661499
        ],
        [
            0.0,
            0.0,
            0.0,
            0.0,
            1.0000000000000004,
            0.026456165133768875,
            0.007904944305475402,
            0.006066874793979525,
            -0.03302778855036196,
            0.5064738738841852,
            -0.013456230996280903,
            -0.012719790677835465,
            -0.002156713886813199,
            0.025548657357165275,
            0.0661329965750184,
            8.831708236083423e-05,
            0.00047181842219186343,
            1.1879007822431395e-05,
            -0.00011644788776661495,
            0.0019868711003122193
        ],
        [
            0.5851023488055508,
            0.5706935773420482,
            -0.09769964161414076,
            0.5318723748642562,
            0.026456165133768868,
            0.9999999999999999,
            0.6848602514927513,
            0.0,
            0.0,
            0.0,
            0.5755087244207916,
            0.567259048229229,
            -0.007012938732598023,
            -0.5294849503503114,
            0.10024126642761089,
            0.13499698226372905,
            0.3215075593218757,
            0.011067634917142811,
            -0.17694996068532462,
            0.0030039191165124384
        ],
        [
            0.5706935773420482,
            0.8925999788616825,
            -0.02919207004188626,
            0.1589202924786829,
            0.007904944305475397,
            0.6848602514927513,
            1.0000000000000002,
            0.0,
            0.0,
            0.0,
            0.567259048229229,
            0.8892481565968903,
            -0.002125902046659149,
            -0.1605080526930453,
            0.030387134635527627,
            0.3215075593218757,
            0.6239769024771219,
            0.011142789370540836,
            -0.17815153425308922,
            0.0030243171420114272
        ],
        [
            0.09769964161414076,
            0.02919207004188623,
            0.4857124417143292,
            0.12196790760726182,
            0.006066874793979523,
            0.0,
            0.0,
            1.0000000000000004,
            0.0,
            0.0,
            0.007012938732598023,
            0.002125902046659149,
            0.4967343323235888,
            -0.008885899808397423,
            0.0016822647169731756,
            -0.011067634917142808,
            -0.011142789370540827,
            0.05885589157500435,
            0.02106719981708561,
            -0.00035763875853281996
        ],
        [
            -0.5318723748642562,
            -0.15892029247868286,
            0.12196790760726182,
            -0.15587097575687056,
            -0.03302778855036194,
            0.0,
            0.0,
            0.0,
            1.0000000000000004,
            0.0,
            0.5294849503503114,
            0.1605080526930453,
            -0.008885899808397428,
            -0.1740436438931853,
            0.12701292341287013,
            0.17694996068532462,
            0.1781515342530892,
            0.02106719981708562,
            -0.2766499834576966,
            0.005717948300219871
        ],
        [
            -0.026456165133768875,
            -0.007904944305475402,
            0.006066874793979525,
            -0.03302778855036196,
            0.5064738738841852,
            0.0,
            0.0,
            0.0,
            0.0,
            1.0000000000000004,
            -0.10024126642761087,
            -0.03038713463552762,
            0.0016822647169731756,
            0.12701292341287004,
            0.4728061356557579,
            -0.0030039191165124376,
            -0.0030243171420114255,
            -0.00035763875853282,
            0.00571794830021987,
            0.060076506834025725
        ],
        [
            0.14626085425081897,
            0.3321686902198996,
            -0.016051410626020755,
            0.1901466822700927,
            -0.013456230996280905,
            0.5755087244207916,
            0.567259048229229,
            0.007012938732598023,
            0.5294849503503114,
            -0.10024126642761089,
            0.9999999999999999,
            0.6848602514927513,
            0.0,
            0.0,
            0.0,
            0.5528529614671593,
            0.55896203386162,
            0.07075582954030152,
            -0.5214045808811867,
            -0.07788354094961615
        ],
        [
            0.33216869021989964,
            0.6368199407341438,
            -0.015172939830135016,
            0.17974022571617101,
            -0.012719790677835473,
            0.567259048229229,
            0.8892481565968903,
            0.002125902046659149,
            0.16050805269304566,
            -0.03038713463552763,
            0.6848602514927513,
            1.0000000000000002,
            0.0,
            0.0,
            0.0,
            0.55896203386162,
            0.8811189121950805,
            0.022213974890149778,
            -0.16369631085600536,
            -0.024451738241939233
        ],
        [
            0.016051410626020755,
            0.015172939830135014,
            0.0653683551549151,
            0.03047599214792829,
            -0.0021567138868132,
            -0.007012938732598023,
            -0.002125902046659149,
            0.4967343323235888,
            -0.008885899808397428,
            0.0016822647169731756,
            0.0,
            0.0,
            1.0000000000000004,
            0.0,
            0.0,
            -0.07075582954030149,
            -0.022213974890149757,
            0.45783714000033554,
            0.09251678401179428,
            0.013819469564175747
        ],
        [
            -0.1901466822700927,
            -0.17974022571617101,
            0.03047599214792828,
            -0.29308076288217866,
            0.025548657357165282,
            -0.5294849503503114,
            -0.1605080526930453,
            -0.008885899808397423,
            -0.17404364389318547,
            0.12701292341287004,
            0.0,
            0.0,
            0.0,
            1.0000000000000004,
            0.0,
            0.5214045808811864,
            0.16369631085600572,
            0.09251678401179422,
            -0.21137066760331294,
            -0.10183662297401515
        ],
        [
            0.013456230996280903,
            0.012719790677835465,
            -0.002156713886813199,
            0.025548657357165282,
            0.0661329965750184,
            0.10024126642761087,
            0.030387134635527627,
            0.0016822647169731756,
            0.12701292341287013,
            0.4728061356557579,
            0.0,
            0.0,
            0.0,
            0.0,
            1.0000000000000004,
            0.07788354094961616,
            0.02445173824193922,
            0.01381946956417575,
            -0.10183662297401525,
            0.45518028763039514
        ],
        [
            0.015281828999337645,
            0.12878185010651966,
            -0.001893350185132686,
            0.018560188961648773,
            8.831708236083427e-05,
            0.13499698226372905,
            0.3215075593218757,
            -0.011067634917142811,
            0.17694996068532462,
            -0.0030039191165124384,
            0.5528529614671593,
            0.55896203386162,
            -0.07075582954030152,
            0.521404580881187,
            0.07788354094961616,
            0.9999999999999999,
            0.6848602514927513,
            0.0,
            0.0,
            0.0
        ],
        [
            0.12878185010651966,
            0.35206127911798907,
            -0.010114889137258613,
            0.09915453315916414,
            0.0004718184221918636,
            0.3215075593218757,
            0.6239769024771219,
            -0.011142789370540836,
            0.17815153425308922,
            -0.0030243171420114264,
            0.55896203386162,
            0.8811189121950805,
            -0.022213974890149778,
            0.16369631085600572,
            0.024451738241939244,
            0.6848602514927513,
            1.0000000000000002,
            0.0,
            0.0,
            0.0
        ],
        [
            0.0018933501851326855,
            0.010114889137258611,
            0.0017327618848276569,
            0.0024964211222517113,
            1.1879007822431399e-05,
            0.011067634917142808,
            0.011142789370540827,
            0.05885589157500435,
            0.02106719981708561,
            -0.00035763875853281996,
            0.07075582954030149,
            0.022213974890149757,
            0.45783714000033554,
            0.09251678401179422,
            0.013819469564175747,
            0.0,
            0.0,
            1.0000000000000004,
            0.0,
            0.0
        ],
        [
            -0.01856018896164877,
            -0.09915453315916418,
            0.0024964211222517113,
            -0.022484565299227276,
            -0.00011644788776661499,
            -0.17694996068532462,
            -0.1781515342530892,
            0.02106719981708562,
            -0.2766499834576966,
            0.005717948300219871,
            -0.5214045808811867,
            -0.16369631085600536,
            0.09251678401179428,
            -0.21137066760331294,
            -0.1018366229740152,
            0.0,
            0.0,
            0.0,
            1.0000000000000004,
            0.0
        ],
        [
            -8.831708236083423e-05,
            -0.00047181842219186354,
            1.1879007822431395e-05,
            -0.00011644788776661495,
            0.0019868711003122193,
            0.0030039191165124376,
            0.0030243171420114246,
            -0.00035763875853282,
            0.00571794830021987,
            0.060076506834025725,
            -0.07788354094961616,
            -0.02445173824193923,
            0.01381946956417575,
            -0.10183662297401516,
            0.45518028763039514,
            0.0,
            0.0,
            0.0,
            0.0,
            1.0000000000000004
        ]
    ],
    "h": [
        [
            -0.3007904059835824,
            -0.4817798718775589,
            0.05534922720624539,
            -0.31216271412708285,
            -0.01237894278733706,
            -0.6115530151238799,
            -0.4769229262067949,
            -0.008533403191079592,
            0.005889989764947368,
            0.01146073201900441,
            -0.2874184871496245,
            -0.33730702103368815,
            -0.014056883389879371,
            0.3458785963969009,
            -0.03937280547362067,
            -0.020667228921411034,
            -0.15234445353425358,
            -0.007153312404465357,
            0.08027143356631705,
            0.0007201633293001742
        ],
        [
            -0.4817798718775589,
            -0.3176766980877417,
            0.04442194380322363,
            -0.2584020778801384,
            -0.008579362044364634,
            -0.5629880329847142,
            -0.37135519826962393,
            -0.041631954520753175,
            0.10343063908760658,
            0.03311272749691116,
            -0.36313375400003556,
            -0.32220228860970446,
            0.0022645610364527453,
            0.20345487856428804,
            -0.04314299887378563,
            -0.15046987746231116,
            -0.2074476838110565,
            -0.014067947362232311,
            0.12885526149129592,
            0.010306713526331647
        ],
        [
            0.05534922720624539,
            0.04442194380322363,
            1.4636630609648968,
            0.0527709532470404,
            0.0022995418568962276,
            0.009347182199406223,
            0.04145681860464422,
            0.42263265884400014,
            0.18065561432820965,
            0.006970100873718917,
            0.035962682024943474,
            0.03413126316079441,
            -0.04671689046385849,
            -0.037113880069761795,
            0.006035974861349181,
            0.008156168189015113,
            0.018788478260164304,
            -0.005066491711007133,
            -0.013035113254627303,
            -0.00027760674998537807
        ],
        [
            -0.31216271412708285,
            -0.2584020778801384,
            0.0527709532470404,
            1.1696444455649184,
            -0.011211323022110054,
            -0.08493533048388646,
            -0.25242926953107003,
            0.16960840377456815,
            -0.549931972122402,
            -0.03158335911421657,
            -0.27247658261947805,
            -0.20824734594565497,
            0.0026109601748108002,
            0.14783537562800908,
            -0.03769099665786452,
            -0.08137854900917488,
            -0.13351349847131644,
            -0.011638851033945213,
            0.10969742403439584,
            0.0031722671347775245
        ],
        [
            -0.01237894278733706,
            -0.008579362044364634,
            0.0022995418568962276,
            -0.011211323022110054,
            1.4722620308332008,
            0.003917140356198223,
            -0.006174113070432287,
            0.009072398001656014,
            -0.04596380657552493,
            0.4512464947565594,
            0.003232179173686761,
            -0.005278307138732591,
            -0.0007667465177563244,
            0.010722198016652813,
            -0.04780979154914808,
            0.0019639164854000587,
            -0.0006774168299463299,
            9.785795884377223e-05,
            -0.0004285945528139758,
            -0.006482716883609675
        ],
        [
            -0.6115530151238799,
            -0.5629880329847142,
            0.009347182199406223,
            -0.08493533048388646,
            0.003917140356198223,
            -0.5010438079972941,
            -0.6242751251360175,
            -0.05600765520776131,
            0.04208285437689058,
            0.0607096998314894,
            -0.563698381490809,
            -0.5406061682783704,
            -0.0003766695595865087,
            0.06308034551698194,
            -0.0176658166302186,
            -0.2682021223382791,
            -0.3549320988916644,
            -0.025430903085567787,
            0.260165337577859,
            0.016022143743358634
        ],
        [
            -0.4769229262067949,
            -0.37135519826962393,
            0.04145681860464422,
            -0.25242926953107003,
            -0.006174113070432287,
            -0.6242751251360175,
            -0.43935808164106405,
            -0.04109522593816915,
            -0.0030002476475281814,
            0.048916029049558746,
            -0.5355718253899364,
            -0.4187769839327784,
            0.01372717895411328,
            0.13932857683612176,
            -0.05881226573575056,
            -0.3234113955636756,
            -0.317197446033346,
            -0.0239581851403306,
            0.19618626020527086,
            0.023353781700150376
        ],
        [
            -0.008533403191079592,
            -0.041631954520753175,
            0.42263265884400014,
            0.16960840377456815,
            0.009072398001656014,
            -0.05600765520776131,
            -0.04109522593816915,
            1.377791131994633,
            0.05332821615848743,
            0.0030747216350958863,
            -0.0052320137443052014,
            -0.021881326196045575,
            0.4232229633082377,
            0.011436902043685079,
            0.0013369584657481103,
            0.011589958647582145,
            -0.005150269905539165,
            -0.046573534282999415,
            0.0009909575363155482,
            -0.0006541337063563763
        ],
        [
            0.005889989764947368,
            0.10343063908760658,
            0.18065561432820965,
            -0.549931972122402,
            -0.04596380657552493,
            0.04208285437689058,
            -0.0030002476475281814,
            0.05332821615848743,
            0.7784008026266536,
            0.036851550949697,
            -0.048329409550887714,
            -0.12987373352629256,
            0.006494817474928805,
            -0.7165757770572697,
            0.1733078963550938,
            -0.3323012941839866,
            -0.19856207556483826,
            -0.027092045517505547,
            0.16200395584092264,
            0.029041808680127665
        ],
        [
            0.01146073201900441,
            0.03311272749691116,
            0.006970100873718917,
            -0.03158335911421657,
            0.4512464947565594,
            0.0607096998314894,
            0.048916029049558746,
            0.0030747216350958863,
            0.036851550949697,
            1.3776864827804332,
            0.008828869945124718,
            0.045215972553795135,
            0.0019254727526559208,
            0.17920781986238854,
            0.3927654111414247,
            0.031181616647918325,
            0.03647073709797666,
            0.0038905380906636873,
            -0.03458383654090668,
            -0.050124094510289846
        ],
        [
            -0.2874184871496245,
            -0.36313375400003556,
            0.035962682024943474,
            -0.27247658261947805,
            0.003232179173686761,
            -0.563698381490809,
            -0.5355718253899364,
            -0.0052320137443052014,
            -0.048329409550887714,
            0.008828869945124718,
            -0.47405852995754394,
            -0.6145286585127007,
            0.038904480952087726,
            -0.0176769707270045,
            -0.08599961811708115,
            -0.5839313324004181,
            -0.5482511112290498,
            -0.0071310642277139236,
            0.08493697892282481,
            0.003335423314016872
        ],
        [
            -0.33730702103368815,
            -0.32220228860970446,
            0.03413126316079441,
            -0.20824734594565497,
            -0.005278307138732591,
            -0.5406061682783704,
            -0.4187769839327784,
            -0.021881326196045575,
            -0.12987373352629256,
            0.045215972553795135,
            -0.6145286585127007,
            -0.4390502645457359,
            0.02877070750297126,
            0.014345206177472425,
            -0.06995779356110474,
            -0.46217692573486,
            -0.3686303326842908,
            -0.02884326294803713,
            0.23800034092337674,
            0.028209678314054798
        ],
        [
            -0.014056883389879371,
            0.0022645610364527453,
            -0.04671689046385849,
            0.0026109601748108002,
            -0.0007667465177563244,
            -0.0003766695595865087,
            0.01372717895411328,
            0.4232229633082377,
            0.006494817474928805,
            0.0019254727526559208,
            0.038904480952087726,
            0.02877070750297126,
            1.38994455263649,
            0.038145791903298816,
            0.005624034462574107,
            0.008384849992130045,
            0.03010377820711197,
            0.3821115481121754,
            0.12531653121180136,
            0.019238082910957112
        ],
        [
            0.3458785963969009,
            0.20345487856428804,
            -0.037113880069761795,
            0.14783537562800908,
            0.010722198016652813,
            0.06308034551698194,
            0.13932857683612176,
            0.011436902043685079,
            -0.7165757770572697,
            0.17920781986238854,
            -0.0176769707270045,
            0.014345206177472425,
            0.038145791903298816,
            0.800204227816403,
            0.013531769377279877,
            -0.019101277229472524,
            -0.0993124383601891,
            0.13348573013124082,
            -0.5999007207693714,
            -0.14368732230148626
        ],
        [
            -0.03937280547362067,
            -0.04314299887378563,
            0.006035974861349181,
            -0.03769099665786452,
            -0.04780979154914808,
            -0.0176658166302186,
            -0.05881226573575056,
            0.0013369584657481103,
            0.1733078963550938,
            0.3927654111414247,
            -0.08599961811708115,
            -0.06995779356110474,
            0.005624034462574107,
            0.013531769377279877,
            1.3801145715025198,
            -0.013295190673706853,
            -0.0520551279109348,
            0.018107512041293163,
            -0.1262952596103012,
            0.3783549448389757
        ],
        [
            -0.020667228921411034,
            -0.15046987746231116,
            0.008156168189015113,
            -0.08137854900917488,
            0.0019639164854000587,
            -0.2682021223382791,
            -0.3234113955636756,
            0.011589958647582145,
            -0.3323012941839866,
            0.031181616647918325,
            -0.5839313324004181,
            -0.46217692573486,
            0.008384849992130045,
            -0.019101277229472524,
            -0.013295190673706853,
            -0.2714225286509786,
            -0.46957749083510103,
            -0.03760083536594076,
            0.2890939178211499,
            0.04033435242786705
        ],
        [
            -0.15234445353425358,
            -0.2074476838110565,
            0.018788478260164304,
            -0.13351349847131644,
            -0.0006774168299463299,
            -0.3549320988916644,
            -0.317197446033346,
            -0.005150269905539165,
            -0.19856207556483826,
            0.03647073709797666,
            -0.5482511112290498,
            -0.3686303326842908,
            0.03010377820711197,
            -0.0993124383601891,
            -0.0520551279109348,
            -0.46957749083510103,
            -0.31383465589963877,
            -0.031168678688495835,
            0.24630102970618428,
            0.03236688609672088
        ],
        [
            -0.007153312404465357,
            -0.014067947362232311,
            -0.005066491711007133,
            -0.011638851033945213,
            9.785795884377223e-05,
            -0.025430903085567787,
            -0.0239581851403306,
            -0.046573534282999415,
            -0.027092045517505547,
            0.0038905380906636873,
            -0.0071310642277139236,
            -0.02884326294803713,
            0.3821115481121754,
            0.13348573013124082,
            0.018107512041293163,
            -0.03760083536594076,
            -0.031168678688495835,
            1.479707443076985,
            0.0359501389515056,
            0.005136870105650802
        ],
        [
            0.08027143356631705,
            0.12885526149129592,
            -0.013035113254627303,
            0.10969742403439584,
            -0.0004285945528139758,
            0.260165337577859,
            0.19618626020527086,
            0.0009909575363155482,
            0.16200395584092264,
            -0.03458383654090668,
            0.08493697892282481,
            0.23800034092337674,
            0.12531653121180136,
            -0.5999007207693714,
            -0.1262952596103012,
            0.2890939178211499,
            0.24630102970618428,
            0.0359501389515056,
            1.2045925504247674,
            -0.03752410600235766
        ],
        [
            0.0007201633293001742,
            0.010306713526331647,
            -0.00027760674998537807,
            0.0031722671347775245,
            -0.006482716883609675,
            0.016022143743358634,
            0.023353781700150376,
            -0.0006541337063563763,
            0.029041808680127665,
            -0.050124094510289846,
            0.003335423314016872,
            0.028209678314054798,
            0.019238082910957112,
            -0.14368732230148626,
            0.3783549448389757,
            0.04033435242786705,
            0.03236688609672088,
            0.005136870105650802,
            -0.03752410600235766,
            1.4787432429615328
        ]
    ]
}