{
    "HF": -2.1401377592620077,
    "coordinates": [
        [
            0.72841,
            0.150559,
            0.000371
        ],
        [
            1.45688,
            -0.148379,
            0.083647
        ],
        [
            2.18565,
            -0.065738,
            0.045683
        ],
        [
            2.955103,
            0.04126,
            0.008476
        ]
    ],
    "elements": [
        "H",
        "H",
        "H",
        "H"
    ],
    "Enn": 3.015613431401967,
    "S": [
        [
            0.9999999999999999,
            0.6848602514927513,
            0.0,
            0.0,
            0.0,
            0.5293222230031961,
            0.5500548337376321,
            -0.0550010971497115,
            -0.4811308088843163,
            0.19743885368822298,
            0.13416219636406215,
            0.32069543150536517,
            -0.005419282577175126,
            -0.17428485484557463,
            0.02586896547482452,
            0.013230457166224893,
            0.12106244525341542,
            -5.7921613490382054e-05,
            -0.015912850253885162,
            0.0007810949331135431
        ],
        [
            0.6848602514927513,
            1.0000000000000002,
            0.0,
            0.0,
            0.0,
            0.5500548337376321,
            0.8723405376655659,
            -0.01793456964289769,
            -0.15688548858928936,
            0.06438018612695796,
            0.32069543150536517,
            0.6229919993560933,
            -0.005482714444206701,
            -0.17632483220064832,
            0.02617175772728148,
            0.1210624452534154,
            0.33868745567003095,
            -0.00034533284410907605,
            -0.09487356281897232,
            0.0046569444205154745
        ],
        [
            0.0,
            0.0,
            1.0000000000000004,
            0.0,
            0.0,
            0.05500109714971149,
            0.01793456964289769,
            0.4351679412868169,
            -0.06979284463213781,
            0.028640484012577072,
            0.0054192825771751255,
            0.0054827144442067014,
            0.059292056939559745,
            -0.010218664159043597,
            0.00151674837474174,
            5.792161349038209e-05,
            0.00034533284410907615,
            0.0015775790285262657,
            -7.392829755391327e-05,
            3.628829387052983e-06
        ],
        [
            0.0,
            0.0,
            0.0,
            1.0000000000000004,
            0.0,
            0.48113080888431625,
            0.15688548858928955,
            -0.06979284463213783,
            -0.16737756131168202,
            0.2505371702368272,
            0.17428485484557474,
            0.17632483220064826,
            -0.010218664159043602,
            -0.2690238103571296,
            0.048778831250190995,
            0.015912850253885183,
            0.09487356281897237,
            -7.392829755391331e-05,
            -0.01873253098523424,
            0.0009969511405731241
        ],
        [
            0.0,
            0.0,
            0.0,
            0.0,
            1.0000000000000004,
            -0.19743885368822295,
            -0.06438018612695796,
            0.028640484012577072,
            0.2505371702368271,
            0.34033491910790664,
            -0.025868965474824503,
            -0.026171757727281447,
            0.0015167483747417396,
            0.048778831250190946,
            0.05236959615578495,
            -0.0007810949331135438,
            -0.004656944420515471,
            3.628829387052983e-06,
            0.0009969511405731237,
            0.0015289119810878323
        ],
        [
            0.5293222230031961,
            0.5500548337376321,
            0.0550010971497115,
            0.4811308088843165,
            -0.19743885368822298,
            0.9999999999999999,
            0.6848602514927513,
            0.0,
            0.0,
            0.0,
            0.5752155761881018,
            0.567153374991896,
            0.027854675775784037,
            -0.5347079355473117,
            -0.06063476611491331,
            0.12173143123062363,
            0.3082064164716998,
            0.00798470506186908,
            -0.1591420730322688,
            -0.020143559128224853
        ],
        [
            0.5500548337376321,
            0.8723405376655659,
            0.01793456964289769,
            0.15688548858928955,
            -0.06438018612695796,
            0.6848602514927513,
            1.0000000000000002,
            0.0,
            0.0,
            0.0,
            0.567153374991896,
            0.889144905784331,
            0.008447623237866018,
            -0.16216348085184948,
            -0.01838900094827958,
            0.3082064164716998,
            0.6077249038569124,
            0.008717233494429875,
            -0.1737419978146522,
            -0.021991558481996878
        ],
        [
            -0.05500109714971149,
            -0.01793456964289769,
            0.4351679412868169,
            -0.06979284463213783,
            0.028640484012577072,
            0.0,
            0.0,
            1.0000000000000004,
            0.0,
            0.0,
            -0.027854675775784037,
            -0.008447623237866016,
            0.49465053450661556,
            0.03566326929231773,
            0.004044140452524705,
            -0.007984705061869077,
            -0.008717233494429865,
            0.050662700232329744,
            0.015033690317708535,
            0.0019029036386171683
        ],
        [
            -0.48113080888431625,
            -0.15688548858928972,
            -0.06979284463213781,
            -0.16737756131168188,
            0.2505371702368271,
            0.0,
            0.0,
            0.0,
            1.0000000000000004,
            0.0,
            0.5347079355473112,
            0.16216348085184945,
            0.035663269292317744,
            -0.1880960318858933,
            -0.07763271092578312,
            0.15914207303226874,
            0.17374199781465194,
            0.01503369031770854,
            -0.24821744941798385,
            -0.03792651418977971
        ],
        [
            0.19743885368822295,
            0.06438018612695796,
            0.028640484012577072,
            0.2505371702368272,
            0.34033491910790664,
            0.0,
            0.0,
            0.0,
            0.0,
            1.0000000000000004,
            0.06063476611491331,
            0.01838900094827955,
            0.004044140452524706,
            -0.0776327109257831,
            0.4877049625041948,
            0.020143559128224853,
            0.021991558481996857,
            0.0019029036386171683,
            -0.03792651418977969,
            0.046616407597946774
        ],
        [
            0.13416219636406215,
            0.32069543150536517,
            0.005419282577175126,
            0.17428485484557465,
            -0.025868965474824517,
            0.5752155761881018,
            0.567153374991896,
            -0.027854675775784037,
            0.5347079355473117,
            0.06063476611491331,
            0.9999999999999999,
            0.6848602514927513,
            0.0,
            0.0,
            0.0,
            0.540476448402053,
            0.5543149726237123,
            0.02523123829824935,
            -0.5217903083372174,
            -0.07255871302271302
        ],
        [
            0.32069543150536517,
            0.6229919993560933,
            0.0054827144442067014,
            0.1763248322006482,
            -0.02617175772728148,
            0.567153374991896,
            0.889144905784331,
            -0.008447623237866018,
            0.16216348085184984,
            0.0183890009482796,
            0.6848602514927513,
            1.0000000000000002,
            0.0,
            0.0,
            0.0,
            0.5543149726237123,
            0.8765457575256657,
            0.00807927876754767,
            -0.1670821427560901,
            -0.02323397934716762
        ],
        [
            -0.0054192825771751255,
            -0.005482714444206699,
            0.059292056939559745,
            -0.010218664159043598,
            0.00151674837474174,
            0.027854675775784037,
            0.008447623237866016,
            0.49465053450661556,
            0.03566326929231774,
            0.004044140452524705,
            0.0,
            0.0,
            1.0000000000000004,
            0.0,
            0.0,
            -0.025231238298249345,
            -0.008079278767547668,
            0.45439043211888874,
            0.03389469674631446,
            0.004713302518103321
        ],
        [
            -0.1742848548455747,
            -0.17632483220064826,
            -0.0102186641590436,
            -0.26902381035712947,
            0.04877883125019098,
            -0.5347079355473117,
            -0.16216348085184945,
            0.03566326929231773,
            -0.1880960318858933,
            -0.0776327109257831,
            0.0,
            0.0,
            0.0,
            1.0000000000000004,
            0.0,
            0.5217903083372174,
            0.1670821427560901,
            0.033894696746314464,
            -0.24492406447096146,
            -0.09747264661117946
        ],
        [
            0.025868965474824503,
            0.026171757727281447,
            0.0015167483747417396,
            0.04877883125019095,
            0.05236959615578495,
            -0.06063476611491331,
            -0.018389000948279575,
            0.004044140452524706,
            -0.07763271092578312,
            0.48770496250419487,
            0.0,
            0.0,
            0.0,
            0.0,
            1.0000000000000004,
            0.07255871302271302,
            0.02323397934716761,
            0.004713302518103322,
            -0.09747264661117946,
            0.4424751387088131
        ],
        [
            0.013230457166224893,
            0.12106244525341542,
            5.792161349038205e-05,
            0.015912850253885166,
            -0.0007810949331135431,
            0.12173143123062363,
            0.3082064164716998,
            -0.00798470506186908,
            0.1591420730322688,
            0.020143559128224853,
            0.540476448402053,
            0.5543149726237123,
            -0.025231238298249345,
            0.5217903083372174,
            0.07255871302271302,
            0.9999999999999999,
            0.6848602514927513,
            0.0,
            0.0,
            0.0
        ],
        [
            0.1210624452534154,
            0.33868745567003095,
            0.00034533284410907594,
            0.09487356281897236,
            -0.004656944420515479,
            0.3082064164716998,
            0.6077249038569124,
            -0.008717233494429879,
            0.173741997814652,
            0.021991558481996878,
            0.5543149726237123,
            0.8765457575256657,
            -0.008079278767547668,
            0.1670821427560901,
            0.02323397934716762,
            0.6848602514927513,
            1.0000000000000002,
            0.0,
            0.0,
            0.0
        ],
        [
            -5.792161349038209e-05,
            -0.00034533284410907615,
            0.0015775790285262657,
            -7.392829755391329e-05,
            3.628829387052984e-06,
            0.007984705061869077,
            0.008717233494429865,
            0.050662700232329744,
            0.01503369031770854,
            0.0019029036386171683,
            0.02523123829824934,
            0.008079278767547665,
            0.45439043211888874,
            0.03389469674631446,
            0.004713302518103321,
            0.0,
            0.0,
            1.0000000000000004,
            0.0,
            0.0
        ],
        [
            -0.01591285025388518,
            -0.09487356281897234,
            -7.39282975539133e-05,
            -0.01873253098523424,
            0.0009969511405731241,
            -0.1591420730322688,
            -0.17374199781465174,
            0.015033690317708535,
            -0.2482174494179838,
            -0.03792651418977969,
            -0.5217903083372174,
            -0.1670821427560901,
            0.033894696746314464,
            -0.24492406447096146,
            -0.09747264661117946,
            0.0,
            0.0,
            0.0,
            1.0000000000000004,
            0.0
        ],
        [
            0.0007810949331135438,
            0.004656944420515473,
            3.6288293870529826e-06,
            0.0009969511405731237,
            0.0015289119810878323,
            -0.020143559128224853,
            -0.021991558481996853,
            0.0019029036386171683,
            -0.03792651418977971,
            0.046616407597946774,
            -0.07255871302271302,
            -0.02323397934716761,
            0.004713302518103322,
            -0.09747264661117946,
            0.4424751387088131,
            0.0,
            0.0,
            0.0,
            0.0,
            1.0000000000000004
        ]
    ],
    "h": [
        [
            -0.2561517650659362,
            -0.462468497517615,
            -0.028498561469265306,
            -0.2573223989414415,
            0.1028609614080744,
            -0.5705182494321608,
            -0.45539781346123986,
            0.006593712834489146,
            0.022634483888328116,
            -0.021431128231367336,
            -0.2670942927271381,
            -0.3199098083367483,
            -0.004461853225660381,
            0.32635107297758736,
            -0.0016257367110662085,
            -0.012209298374276721,
            -0.1373602344048167,
            -0.0015961556554890297,
            0.0700504936900424,
            0.0026877716941548562
        ],
        [
            -0.462468497517615,
            -0.3140046972218056,
            -0.024005638330043766,
            -0.22555799080562275,
            0.08708726855056619,
            -0.5409371146389985,
            -0.3696866058423771,
            0.027157955886281514,
            0.08021412673394396,
            -0.0893970400895264,
            -0.35382763405896733,
            -0.31833585199538317,
            -0.006377843051558658,
            0.20262053561220686,
            0.008724125541721625,
            -0.1386141688435553,
            -0.197997955623063,
            -0.005049362776434819,
            0.12149499842658057,
            0.013220897100025494
        ],
        [
            -0.028498561469265306,
            -0.024005638330043766,
            1.4787570116728808,
            -0.025122073276074314,
            0.010167124280636488,
            -0.006247307867907365,
            -0.02180062938299494,
            0.3460611560395954,
            -0.09708071689525233,
            0.03836747498630975,
            -0.016961907627701223,
            -0.017999489086702833,
            -0.046920141207464044,
            0.021293138072780854,
            0.0007674068919321514,
            -0.0014766317732881036,
            -0.00822477655342227,
            -0.005152301488984904,
            0.002773062363805385,
            0.0002016400671571536
        ],
        [
            -0.2573223989414415,
            -0.22555799080562275,
            -0.025122073276074314,
            1.2448980739837352,
            0.09109253947452106,
            -0.09144171074340735,
            -0.21985544617741037,
            -0.08941485891237344,
            -0.5206482700716462,
            0.325860231358521,
            -0.24868124454631557,
            -0.183284190048826,
            -0.007448018044719545,
            0.14652078370489813,
            0.013532943369665096,
            -0.0705347909339562,
            -0.11687003398680379,
            -0.0016692762738136566,
            0.09512721591622568,
            0.0020679341706349944
        ],
        [
            0.1028609614080744,
            0.08708726855056619,
            0.010167124280636488,
            0.09109253947452106,
            1.4449585043863424,
            0.02439980021036231,
            0.07982479311522027,
            0.03795493228632986,
            0.34978591458487596,
            0.21947831073342006,
            0.06589736771379279,
            0.06594028674902473,
            0.0022043063516312923,
            -0.07688760393036258,
            -0.04944299690433154,
            0.00775152425943934,
            0.03157011225096486,
            0.00036507149330554736,
            -0.01299283186438038,
            -0.0058142310441399595
        ],
        [
            -0.5705182494321608,
            -0.5409371146389985,
            -0.006247307867907365,
            -0.09144171074340735,
            0.02439980021036231,
            -0.4614923765240144,
            -0.607760839733497,
            0.039854667441736075,
            -0.010709149592733322,
            -0.12487398955873588,
            -0.5582548556050144,
            -0.5319261659885108,
            0.002882210163106115,
            0.05649802262200598,
            -0.013544490703629966,
            -0.2549095139308737,
            -0.3443311076974239,
            -0.012240861968700303,
            0.2534706301217501,
            0.03269456515748395
        ],
        [
            -0.45539781346123986,
            -0.3696866058423771,
            -0.02180062938299494,
            -0.21985544617741037,
            0.07982479311522027,
            -0.607760839733497,
            -0.43682083142944883,
            0.03275291460900013,
            -0.029845211846859926,
            -0.1018753290026044,
            -0.5328072422603592,
            -0.41809694039696677,
            -0.003855188354399677,
            0.14348514636398763,
            0.0007454070304596556,
            -0.3128066216418048,
            -0.3125880129772469,
            -0.009380698011109698,
            0.19125501301714753,
            0.02640900888505482
        ],
        [
            0.006593712834489146,
            0.027157955886281514,
            0.3460611560395954,
            -0.08941485891237344,
            0.03795493228632986,
            0.039854667441736075,
            0.03275291460900013,
            1.392085960226175,
            -0.00971157858730305,
            0.011604666537985878,
            0.009762159565410197,
            0.02486250899281118,
            0.4219476659179888,
            0.043078051299991565,
            0.006540156352825689,
            0.012963365651295255,
            0.014757057702141007,
            -0.04630821977170216,
            -0.012766522283704531,
            -0.0017039451110864101
        ],
        [
            0.022634483888328116,
            0.08021412673394396,
            -0.09708071689525233,
            -0.5206482700716462,
            0.34978591458487596,
            -0.010709149592733322,
            -0.029845211846859926,
            -0.00971157858730305,
            0.8531646817714553,
            0.057177254644785416,
            -0.049051352800375536,
            -0.14277716023101134,
            0.05478554639599317,
            -0.716131670932383,
            -0.11840716315946812,
            -0.32204762250982377,
            -0.2011442951481318,
            -0.012043881335301349,
            0.19129852120469143,
            0.033947923228290544
        ],
        [
            -0.021431128231367336,
            -0.0893970400895264,
            0.03836747498630975,
            0.325860231358521,
            0.21947831073342006,
            -0.12487398955873588,
            -0.1018753290026044,
            0.011604666537985878,
            0.057177254644785416,
            1.3562040758460483,
            -0.02951325258535792,
            -0.0718599742930745,
            0.005889933018999921,
            -0.07893551488710565,
            0.40998240283628695,
            -0.02737892242490051,
            -0.03721290148829892,
            -0.001405318795441709,
            0.02947573968116285,
            -0.04308506019603754
        ],
        [
            -0.2670942927271381,
            -0.35382763405896733,
            -0.016961907627701223,
            -0.24868124454631557,
            0.06589736771379279,
            -0.5582548556050144,
            -0.5328072422603592,
            0.009762159565410197,
            -0.049051352800375536,
            -0.02951325258535792,
            -0.4693691506409552,
            -0.6137499329582049,
            -0.00027862005920745083,
            -0.00801024929504901,
            -0.008432847739368133,
            -0.5720284031607554,
            -0.5421928229950113,
            -0.00456432693262443,
            0.08359042911993131,
            0.012401704708937616
        ],
        [
            -0.3199098083367483,
            -0.31833585199538317,
            -0.017999489086702833,
            -0.183284190048826,
            0.06594028674902473,
            -0.5319261659885108,
            -0.41809694039696677,
            0.02486250899281118,
            -0.14277716023101134,
            -0.0718599742930745,
            -0.6137499329582049,
            -0.44153686032679906,
            -4.675953503637713e-05,
            0.018647289020799568,
            -0.008443398902115318,
            -0.4548103203448114,
            -0.3667843182607058,
            -0.01164646399700828,
            0.232145108830753,
            0.032933068841280194
        ],
        [
            -0.004461853225660381,
            -0.006377843051558658,
            -0.046920141207464044,
            -0.007448018044719545,
            0.0022043063516312923,
            0.002882210163106115,
            -0.003855188354399677,
            0.4219476659179888,
            0.05478554639599317,
            0.005889933018999921,
            -0.00027862005920745083,
            -4.675953503637713e-05,
            1.3948393858472123,
            0.025829635094989756,
            0.00319710116740089,
            -0.0009532036291631518,
            0.003935421652785369,
            0.376174050833159,
            0.04945396376260293,
            0.006820158885893568
        ],
        [
            0.32635107297758736,
            0.20262053561220686,
            0.021293138072780854,
            0.14652078370489813,
            -0.07688760393036258,
            0.05649802262200598,
            0.14348514636398763,
            0.043078051299991565,
            -0.716131670932383,
            -0.07893551488710565,
            -0.00801024929504901,
            0.018647289020799568,
            0.025829635094989756,
            0.802870363776413,
            -0.06140976068691542,
            -0.02421692388759289,
            -0.0994919766202565,
            0.0484505470388837,
            -0.6329398613078656,
            -0.13855414585075132
        ],
        [
            -0.0016257367110662085,
            0.008724125541721625,
            0.0007674068919321514,
            0.013532943369665096,
            -0.04944299690433154,
            -0.013544490703629966,
            0.0007454070304596556,
            0.006540156352825689,
            -0.11840716315946812,
            0.40998240283628695,
            -0.008432847739368133,
            -0.008443398902115318,
            0.00319710116740089,
            -0.06140976068691542,
            1.3878883825068988,
            0.0025986227695813935,
            -0.015041197495223806,
            0.0067518988383501715,
            -0.1400666940922928,
            0.35917936280542795
        ],
        [
            -0.012209298374276721,
            -0.1386141688435553,
            -0.0014766317732881036,
            -0.0705347909339562,
            0.00775152425943934,
            -0.2549095139308737,
            -0.3128066216418048,
            0.012963365651295255,
            -0.32204762250982377,
            -0.02737892242490051,
            -0.5720284031607554,
            -0.4548103203448114,
            -0.0009532036291631518,
            -0.02421692388759289,
            0.0025986227695813935,
            -0.2596327422810536,
            -0.46327512800466186,
            -0.014133457768960214,
            0.27998457053939996,
            0.04065260734596962
        ],
        [
            -0.1373602344048167,
            -0.197997955623063,
            -0.00822477655342227,
            -0.11687003398680379,
            0.03157011225096486,
            -0.3443311076974239,
            -0.3125880129772469,
            0.014757057702141007,
            -0.2011442951481318,
            -0.03721290148829892,
            -0.5421928229950113,
            -0.3667843182607058,
            0.003935421652785369,
            -0.0994919766202565,
            -0.015041197495223806,
            -0.46327512800466186,
            -0.31094172287136335,
            -0.012173911538930873,
            0.24102127963807504,
            0.03481493911262126
        ],
        [
            -0.0015961556554890297,
            -0.005049362776434819,
            -0.005152301488984904,
            -0.0016692762738136566,
            0.00036507149330554736,
            -0.012240861968700303,
            -0.009380698011109698,
            -0.04630821977170216,
            -0.012043881335301349,
            -0.001405318795441709,
            -0.00456432693262443,
            -0.01164646399700828,
            0.376174050833159,
            0.0484505470388837,
            0.0067518988383501715,
            -0.014133457768960214,
            -0.012173911538930873,
            1.4852830562737152,
            0.013466542684471621,
            0.001911874645637356
        ],
        [
            0.0700504936900424,
            0.12149499842658057,
            0.002773062363805385,
            0.09512721591622568,
            -0.01299283186438038,
            0.2534706301217501,
            0.19125501301714753,
            -0.012766522283704531,
            0.19129852120469143,
            0.02947573968116285,
            0.08359042911993131,
            0.232145108830753,
            0.04945396376260293,
            -0.6329398613078656,
            -0.1400666940922928,
            0.27998457053939996,
            0.24102127963807504,
            0.013466542684471621,
            1.2128242722384235,
            -0.03843328555815344
        ],
        [
            0.0026877716941548562,
            0.013220897100025494,
            0.0002016400671571536,
            0.0020679341706349944,
            -0.0058142310441399595,
            0.03269456515748395,
            0.02640900888505482,
            -0.0017039451110864101,
            0.033947923228290544,
            -0.04308506019603754,
            0.012401704708937616,
            0.032933068841280194,
            0.006820158885893568,
            -0.13855414585075132,
            0.35917936280542795,
            0.04065260734596962,
            0.03481493911262126,
            0.001911874645637356,
            -0.03843328555815344,
            1.480489067954583
        ]
    ]
}