{
    "HF": -2.132338551459892,
    "coordinates": [
        [
            0.778384,
            -0.189185,
            -0.083071
        ],
        [
            1.508349,
            0.059547,
            -0.055905
        ],
        [
            2.2327,
            0.136497,
            -0.032977
        ],
        [
            3.067425,
            -0.187343,
            0.007509
        ]
    ],
    "elements": [
        "H",
        "H",
        "H",
        "H"
    ],
    "Enn": 2.9231427711325804,
    "S": [
        [
            0.9999999999999999,
            0.6848602514927513,
            0.0,
            0.0,
            0.0,
            0.5453267304030442,
            0.5561460099746279,
            -0.018631557218092617,
            -0.500639942012257,
            -0.17059060921632224,
            0.12841583607405638,
            0.3150167703910314,
            -0.005679480436399937,
            -0.16488520122855843,
            -0.036924672565329254,
            0.010567970919057288,
            0.10992096016173611,
            -0.000491778109567054,
            -0.01242769105433295,
            -1.0000610265207775e-05
        ],
        [
            0.6848602514927513,
            1.0000000000000002,
            0.0,
            0.0,
            0.0,
            0.5561460099746279,
            0.8783494093532738,
            -0.0059197383693353955,
            -0.15906654710932452,
            -0.05420114717225686,
            0.3150167703910314,
            0.6160786282254384,
            -0.005946593806392472,
            -0.17263996722436759,
            -0.03866128805951835,
            0.10992096016173611,
            0.3188037009812586,
            -0.003479503202950199,
            -0.0879302880457531,
            -7.075783726909142e-05
        ],
        [
            0.0,
            0.0,
            1.0000000000000004,
            0.0,
            0.0,
            0.018631557218092613,
            0.005919738369335393,
            0.4607652465478344,
            -0.02376689660051923,
            -0.008098453659066326,
            0.0056794804363999325,
            0.005946593806392463,
            0.0554114755727574,
            -0.010549089288781392,
            -0.0023623810078063513,
            0.000491778109567054,
            0.0034795032029501984,
            0.0010768042099324282,
            -0.0005922506732986614,
            -4.765863696701491e-07
        ],
        [
            0.0,
            0.0,
            0.0,
            1.0000000000000004,
            0.0,
            0.5006399420122568,
            0.15906654710932447,
            -0.023766896600519248,
            -0.1769795242735134,
            -0.21760979626151628,
            0.1648852012285584,
            0.17263996722436753,
            -0.010549089288781392,
            -0.25048358135809257,
            -0.06858403197486526,
            0.01242769105433295,
            0.08793028804575315,
            -0.0005922506732986612,
            -0.01386648610335026,
            -1.2043781631884823e-05
        ],
        [
            0.0,
            0.0,
            0.0,
            0.0,
            1.0000000000000004,
            0.17059060921632221,
            0.05420114717225685,
            -0.008098453659066326,
            -0.21760979626151614,
            0.3875002703768266,
            0.036924672565329233,
            0.03866128805951834,
            -0.0023623810078063513,
            -0.06858403197486526,
            0.04041601473563132,
            1.0000610265207775e-05,
            7.075783726909139e-05,
            -4.765863696701489e-07,
            -1.2043781631884823e-05,
            0.0011002305624274802
        ],
        [
            0.5453267304030442,
            0.5561460099746279,
            0.018631557218092613,
            0.500639942012257,
            0.17059060921632224,
            0.9999999999999999,
            0.6848602514927513,
            0.0,
            0.0,
            0.0,
            0.5797696280453113,
            0.5687901272174541,
            -0.016991009549831314,
            -0.5367871056537797,
            -0.05702451957691555,
            0.10189667981527475,
            0.28650440196506044,
            -0.005424282472309652,
            -0.13335964644713538,
            0.021118382369642825
        ],
        [
            0.5561460099746279,
            0.8783494093532738,
            0.0059197383693353955,
            0.15906654710932452,
            0.054201147172256874,
            0.6848602514927513,
            1.0000000000000002,
            0.0,
            0.0,
            0.0,
            0.5687901272174541,
            0.8907433171039303,
            -0.005117579794424475,
            -0.161676728963327,
            -0.0171754084604398,
            0.2865044019650605,
            0.5806254557112498,
            -0.006801194364869046,
            -0.16721195486174295,
            0.026479119385979733
        ],
        [
            -0.018631557218092613,
            -0.005919738369335393,
            0.4607652465478344,
            -0.023766896600519248,
            -0.008098453659066326,
            0.0,
            0.0,
            1.0000000000000004,
            0.0,
            0.0,
            0.016991009549831314,
            0.005117579794424474,
            0.5011660382933882,
            -0.02163825023851276,
            -0.0022986968415223507,
            0.005424282472309651,
            0.006801194364869049,
            0.03876992269990264,
            -0.010056281065582392,
            0.0015924786426586245
        ],
        [
            -0.5006399420122569,
            -0.15906654710932447,
            -0.02376689660051923,
            -0.1769795242735134,
            -0.21760979626151614,
            0.0,
            0.0,
            0.0,
            1.0000000000000004,
            0.0,
            0.5367871056537794,
            0.16167672896332697,
            -0.021638250238512746,
            -0.18175372681711624,
            -0.07262139549256609,
            0.13335964644713533,
            0.16721195486174295,
            -0.010056281065582394,
            -0.2080615060702977,
            0.03915216249221998
        ],
        [
            -0.17059060921632221,
            -0.05420114717225685,
            -0.008098453659066326,
            -0.21760979626151628,
            0.3875002703768266,
            0.0,
            0.0,
            0.0,
            0.0,
            1.0000000000000004,
            0.05702451957691552,
            0.017175408460439766,
            -0.0022986968415223507,
            -0.07262139549256615,
            0.4941361666128296,
            -0.02111838236964282,
            -0.026479119385979733,
            0.001592478642658624,
            0.039152162492219963,
            0.03297894882164953
        ],
        [
            0.12841583607405638,
            0.3150167703910314,
            0.005679480436399937,
            0.16488520122855843,
            0.036924672565329254,
            0.5797696280453113,
            0.5687901272174541,
            0.016991009549831314,
            0.5367871056537797,
            0.05702451957691554,
            0.9999999999999999,
            0.6848602514927513,
            0.0,
            0.0,
            0.0,
            0.44906519663306704,
            0.517190339043762,
            -0.021714657145396426,
            -0.4477045691273782,
            0.17369151237378794
        ],
        [
            0.3150167703910314,
            0.6160786282254384,
            0.005946593806392466,
            0.17263996722436759,
            0.03866128805951835,
            0.5687901272174541,
            0.8907433171039303,
            0.005117579794424475,
            0.161676728963327,
            0.01717540846043979,
            0.6848602514927513,
            1.0000000000000002,
            0.0,
            0.0,
            0.0,
            0.5171903390437621,
            0.8394722392069157,
            -0.008164136209889303,
            -0.16832506540038147,
            0.0653034103198773
        ],
        [
            -0.0056794804363999325,
            -0.005946593806392469,
            0.0554114755727574,
            -0.010549089288781392,
            -0.0023623810078063513,
            -0.016991009549831314,
            -0.005117579794424474,
            0.5011660382933882,
            -0.021638250238512746,
            -0.002298696841522351,
            0.0,
            0.0,
            1.0000000000000004,
            0.0,
            0.0,
            0.021714657145396426,
            0.008164136209889303,
            0.35099463725889685,
            -0.030926656028763023,
            0.011998308770379
        ],
        [
            -0.1648852012285584,
            -0.17263996722436753,
            -0.010549089288781392,
            -0.25048358135809257,
            -0.06858403197486526,
            -0.5367871056537797,
            -0.16167672896332697,
            -0.02163825023851276,
            -0.18175372681711624,
            -0.07262139549256615,
            0.0,
            0.0,
            0.0,
            1.0000000000000004,
            0.0,
            0.4477045691273782,
            0.16832506540038147,
            -0.03092665602876298,
            -0.28513942173517814,
            0.2473765817407154
        ],
        [
            -0.036924672565329233,
            -0.03866128805951833,
            -0.0023623810078063513,
            -0.06858403197486526,
            0.04041601473563132,
            -0.057024519576915525,
            -0.017175408460439776,
            -0.0022986968415223503,
            -0.07262139549256608,
            0.4941361666128296,
            0.0,
            0.0,
            0.0,
            0.0,
            1.0000000000000004,
            -0.17369151237378794,
            -0.06530341031987728,
            0.011998308770378996,
            0.24737658174071567,
            0.2565224031279761
        ],
        [
            0.010567970919057288,
            0.10992096016173611,
            0.000491778109567054,
            0.01242769105433295,
            1.0000610265207775e-05,
            0.10189667981527475,
            0.28650440196506044,
            0.005424282472309652,
            0.13335964644713538,
            -0.021118382369642825,
            0.44906519663306704,
            0.517190339043762,
            0.021714657145396426,
            0.4477045691273782,
            -0.17369151237378794,
            0.9999999999999999,
            0.6848602514927513,
            0.0,
            0.0,
            0.0
        ],
        [
            0.10992096016173611,
            0.3188037009812586,
            0.0034795032029501997,
            0.08793028804575317,
            7.075783726909142e-05,
            0.2865044019650605,
            0.5806254557112498,
            0.006801194364869049,
            0.16721195486174315,
            -0.026479119385979726,
            0.5171903390437621,
            0.8394722392069157,
            0.008164136209889303,
            0.16832506540038147,
            -0.0653034103198773,
            0.6848602514927513,
            1.0000000000000002,
            0.0,
            0.0,
            0.0
        ],
        [
            -0.000491778109567054,
            -0.0034795032029501967,
            0.0010768042099324282,
            -0.0005922506732986614,
            -4.765863696701491e-07,
            -0.005424282472309651,
            -0.006801194364869046,
            0.03876992269990264,
            -0.010056281065582396,
            0.0015924786426586245,
            -0.02171465714539643,
            -0.008164136209889303,
            0.35099463725889685,
            -0.03092665602876299,
            0.011998308770379,
            0.0,
            0.0,
            1.0000000000000004,
            0.0,
            0.0
        ],
        [
            -0.01242769105433295,
            -0.0879302880457532,
            -0.0005922506732986612,
            -0.01386648610335026,
            -1.2043781631884823e-05,
            -0.13335964644713538,
            -0.16721195486174295,
            -0.01005628106558239,
            -0.20806150607029775,
            0.039152162492219963,
            -0.4477045691273782,
            -0.16832506540038147,
            -0.030926656028763013,
            -0.28513942173517803,
            0.24737658174071567,
            0.0,
            0.0,
            0.0,
            1.0000000000000004,
            0.0
        ],
        [
            -1.0000610265207775e-05,
            -7.075783726909139e-05,
            -4.765863696701489e-07,
            -1.2043781631884823e-05,
            0.0011002305624274802,
            0.02111838236964282,
            0.026479119385979733,
            0.001592478642658624,
            0.03915216249221998,
            0.03297894882164953,
            0.17369151237378794,
            0.0653034103198773,
            0.011998308770378996,
            0.2473765817407154,
            0.2565224031279761,
            0.0,
            0.0,
            0.0,
            0.0,
            1.0000000000000004
        ]
    ],
    "h": [
        [
            -0.2688794379664785,
            -0.46667345191742715,
            -0.010003327519091484,
            -0.27123226302891,
            -0.09331129105973829,
            -0.5820973332144641,
            -0.46047966625245995,
            0.001015531560183143,
            0.01781530063159109,
            0.006050991069051936,
            -0.26999670400827264,
            -0.32078670768074524,
            0.011108557495468095,
            0.32650568953257464,
            0.041715717101528355,
            -0.002277873442779188,
            -0.12391031489287296,
            0.002282044523267093,
            0.056301960044274804,
            -0.0051119330162521515
        ],
        [
            -0.46667345191742715,
            -0.31438266207055143,
            -0.008592717526993268,
            -0.23384994917581,
            -0.07897722860200682,
            -0.5484476358759947,
            -0.36998288245156075,
            0.003979380624651687,
            0.08867961329374752,
            0.05374329554483637,
            -0.34999492440328006,
            -0.31705681999481095,
            0.006420055775504589,
            0.20969286377288174,
            0.03852952792481648,
            -0.11910070967181663,
            -0.1852366850519142,
            0.004436236487758045,
            0.09894068980735464,
            -0.02582282132831657
        ],
        [
            -0.010003327519091484,
            -0.008592717526993268,
            1.4723136522335476,
            -0.00946352536406767,
            -0.0031607870469843036,
            -0.00316608245359435,
            -0.00838145323150196,
            0.38084317384441246,
            -0.034436204529624447,
            -0.011237124635875811,
            -0.009146284291210467,
            -0.006995946368132855,
            -0.047487874209907646,
            0.00811344924834679,
            0.0011372629719602042,
            -0.002184966793440952,
            -0.004143524535847773,
            -0.003429060829748977,
            0.0030779868224028875,
            -0.00030815739093185187
        ],
        [
            -0.27123226302891,
            -0.23384994917581,
            -0.00946352536406767,
            1.2161019431858406,
            -0.08553194543305279,
            -0.09020524913958139,
            -0.2292586176247614,
            -0.03408998250594374,
            -0.54463229074341,
            -0.30158339889118957,
            -0.25549739406905203,
            -0.19103907136363474,
            0.007118727762999055,
            0.1739104053668168,
            0.03103107031062266,
            -0.0590552597585159,
            -0.11298999334337999,
            0.0033579781500375936,
            0.07736890046758073,
            -0.008484161618265833
        ],
        [
            -0.09331129105973829,
            -0.07897722860200682,
            -0.0031607870469843036,
            -0.08553194543305279,
            1.4438375172206315,
            -0.0262756963850177,
            -0.07470804136000483,
            -0.011417595311429109,
            -0.309657448387875,
            0.27952086322704117,
            -0.07009314593194466,
            -0.06103545910200364,
            0.002387175836612446,
            0.07323386410207514,
            -0.03800988860808609,
            -0.006621981570203441,
            -0.027838698424705294,
            0.00036567208956191555,
            0.008549699176669312,
            -0.0051440514776350515
        ],
        [
            -0.5820973332144641,
            -0.5484476358759947,
            -0.00316608245359435,
            -0.09020524913958139,
            -0.0262756963850177,
            -0.48433028654965504,
            -0.6181903021182458,
            0.0014939406998254125,
            0.0016630912668832848,
            0.05866108648127366,
            -0.5583760145132801,
            -0.5363014567279436,
            0.001763572106329138,
            0.06635633099839189,
            0.030981518638740685,
            -0.2190359912378551,
            -0.3265592478875745,
            0.009503768896874622,
            0.2156930735105637,
            -0.05515666159210823
        ],
        [
            -0.46047966625245995,
            -0.36998288245156075,
            -0.00838145323150196,
            -0.2292586176247614,
            -0.07470804136000483,
            -0.6181903021182458,
            -0.44078388999325324,
            0.0003123802698026404,
            -0.021481340289582165,
            0.04719700232909861,
            -0.521935619093495,
            -0.4170681777705767,
            0.0038696314011714902,
            0.16482080644345876,
            0.06629615768851821,
            -0.28218903728799366,
            -0.30158745876123827,
            0.007265980583703421,
            0.15369459477181036,
            -0.05434348671540205
        ],
        [
            0.001015531560183143,
            0.003979380624651687,
            0.38084317384441246,
            -0.03408998250594374,
            -0.011417595311429109,
            0.0014939406998254125,
            0.0003123802698026404,
            1.3875711076114228,
            -0.019446851863891744,
            -0.0038718947041682214,
            -0.0011693217973300432,
            -0.004061459003579362,
            0.43096512760987316,
            -0.03651555385461146,
            -0.002662293727263179,
            -0.01047511259804998,
            -0.0064524249341808455,
            -0.04260373276694486,
            0.008127893927956837,
            -0.0025116660922770238
        ],
        [
            0.01781530063159109,
            0.08867961329374752,
            -0.034436204529624447,
            -0.54463229074341,
            -0.309657448387875,
            0.0016630912668832848,
            -0.021481340289582165,
            -0.019446851863891744,
            0.8277450370300874,
            -0.10801992705851815,
            -0.030632061763384177,
            -0.13723496779485028,
            -0.03704450927215899,
            -0.69194975661409,
            -0.08640218569402452,
            -0.28819988570523225,
            -0.19490358778060926,
            0.010457666348779492,
            0.18560669697591597,
            -0.0710242020058475
        ],
        [
            0.006050991069051936,
            0.05374329554483637,
            -0.011237124635875811,
            -0.30158339889118957,
            0.27952086322704117,
            0.05866108648127366,
            0.04719700232909861,
            -0.0038718947041682214,
            -0.10801992705851815,
            1.3584488196411664,
            0.021458401137929378,
            0.020600749660330275,
            -0.004192883405203746,
            -0.13051139009578389,
            0.41698229707360057,
            0.0003198580969444448,
            -0.003252886546629856,
            -8.340143777258845e-05,
            -0.0026373741594719335,
            -0.04332941396213056
        ],
        [
            -0.26999670400827264,
            -0.34999492440328006,
            -0.009146284291210467,
            -0.25549739406905203,
            -0.07009314593194466,
            -0.5583760145132801,
            -0.521935619093495,
            -0.0011693217973300432,
            -0.030632061763384177,
            0.021458401137929378,
            -0.413258769329093,
            -0.5880529016283886,
            -0.001049939818809087,
            0.06713735277012865,
            0.1011493465717197,
            -0.5028363464394627,
            -0.5027603298935779,
            0.0042863457923716375,
            0.09446173071023001,
            -0.028799838791040255
        ],
        [
            -0.32078670768074524,
            -0.31705681999481095,
            -0.006995946368132855,
            -0.19103907136363474,
            -0.06103545910200364,
            -0.5363014567279436,
            -0.4170681777705767,
            -0.004061459003579362,
            -0.13723496779485028,
            0.020600749660330275,
            -0.5880529016283886,
            -0.4359655531368378,
            -0.0008152685790396878,
            0.059544519958032796,
            0.08936213334089083,
            -0.41673394140454123,
            -0.3589634085228449,
            0.008627460665420575,
            0.1826239690233078,
            -0.0648487064383415
        ],
        [
            0.011108557495468095,
            0.006420055775504589,
            -0.047487874209907646,
            0.007118727762999055,
            0.002387175836612446,
            0.001763572106329138,
            0.0038696314011714902,
            0.43096512760987316,
            -0.03704450927215899,
            -0.004192883405203746,
            -0.001049939818809087,
            -0.0008152685790396878,
            1.4071443313188023,
            -0.019344761559755678,
            0.002137913193821542,
            -0.00289630013672635,
            -0.004983669723356803,
            0.23274224379650893,
            -0.03927823509910542,
            0.015073375459012366
        ],
        [
            0.32650568953257464,
            0.20969286377288174,
            0.00811344924834679,
            0.1739104053668168,
            0.07323386410207514,
            0.06635633099839189,
            0.16482080644345876,
            -0.03651555385461146,
            -0.69194975661409,
            -0.13051139009578389,
            0.06713735277012865,
            0.059544519958032796,
            -0.019344761559755678,
            0.899836349057834,
            0.03290201034881418,
            -0.05460757714508224,
            -0.069061139671966,
            -0.03989056039603523,
            -0.5917966448730182,
            0.31399396269727414
        ],
        [
            0.041715717101528355,
            0.03852952792481648,
            0.0011372629719602042,
            0.03103107031062266,
            -0.03800988860808609,
            0.030981518638740685,
            0.06629615768851821,
            -0.002662293727263179,
            -0.08640218569402452,
            0.41698229707360057,
            0.1011493465717197,
            0.08936213334089083,
            0.002137913193821542,
            0.03290201034881418,
            1.3786679075888215,
            0.023946917712396654,
            0.07336322350536065,
            0.01452222476907655,
            0.29769607269675996,
            0.11685829023765537
        ],
        [
            -0.002277873442779188,
            -0.11910070967181663,
            -0.002184966793440952,
            -0.0590552597585159,
            -0.006621981570203441,
            -0.2190359912378551,
            -0.28218903728799366,
            -0.01047511259804998,
            -0.28819988570523225,
            0.0003198580969444448,
            -0.5028363464394627,
            -0.41673394140454123,
            -0.00289630013672635,
            -0.05460757714508224,
            0.023946917712396654,
            -0.19329505747174114,
            -0.43174845096713055,
            0.009939943156196257,
            0.20626707642462647,
            -0.07919453826438977
        ],
        [
            -0.12391031489287296,
            -0.1852366850519142,
            -0.004143524535847773,
            -0.11298999334337999,
            -0.027838698424705294,
            -0.3265592478875745,
            -0.30158745876123827,
            -0.0064524249341808455,
            -0.19490358778060926,
            -0.003252886546629856,
            -0.5027603298935779,
            -0.3589634085228449,
            -0.004983669723356803,
            -0.069061139671966,
            0.07336322350536065,
            -0.43174845096713055,
            -0.30093768354482786,
            0.009283978394933518,
            0.19378771392025243,
            -0.07278382701314143
        ],
        [
            0.002282044523267093,
            0.004436236487758045,
            -0.003429060829748977,
            0.0033579781500375936,
            0.00036567208956191555,
            0.009503768896874622,
            0.007265980583703421,
            -0.04260373276694486,
            0.010457666348779492,
            -8.340143777258845e-05,
            0.0042863457923716375,
            0.008627460665420575,
            0.23274224379650893,
            -0.03989056039603523,
            0.01452222476907655,
            0.009939943156196257,
            0.009283978394933518,
            1.501970389308425,
            -0.008888702415277712,
            0.0033322076712985153
        ],
        [
            0.056301960044274804,
            0.09894068980735464,
            0.0030779868224028875,
            0.07736890046758073,
            0.008549699176669312,
            0.2156930735105637,
            0.15369459477181036,
            0.008127893927956837,
            0.18560669697591597,
            -0.0026373741594719335,
            0.09446173071023001,
            0.1826239690233078,
            -0.03927823509910542,
            -0.5917966448730182,
            0.29769607269675996,
            0.20626707642462647,
            0.19378771392025243,
            -0.008888702415277712,
            1.3167308131907645,
            0.06902355514995444
        ],
        [
            -0.0051119330162521515,
            -0.02582282132831657,
            -0.00030815739093185187,
            -0.008484161618265833,
            -0.0051440514776350515,
            -0.05515666159210823,
            -0.05434348671540205,
            -0.0025116660922770238,
            -0.0710242020058475,
            -0.04332941396213056,
            -0.028799838791040255,
            -0.0648487064383415,
            0.015073375459012366,
            0.31399396269727414,
            0.11685829023765537,
            -0.07919453826438977,
            -0.07278382701314143,
            0.0033322076712985153,
            0.06902355514995444,
            1.475928219761347
        ]
    ]
}