{
    "HF": -2.1546246395005255,
    "coordinates": [
        [
            0.740784,
            -0.119686,
            0.055055
        ],
        [
            1.439078,
            -0.19563,
            -0.163489
        ],
        [
            2.165038,
            0.088508,
            -0.035436
        ],
        [
            2.906415,
            0.030278,
            0.063543
        ]
    ],
    "elements": [
        "H",
        "H",
        "H",
        "H"
    ],
    "Enn": 3.0575644200733922,
    "S": [
        [
            0.9999999999999999,
            0.6848602514927513,
            0.0,
            0.0,
            0.0,
            0.5742450921308766,
            0.5668032279777535,
            0.16000678098733978,
            -0.5112552855387175,
            0.05560232710713876,
            0.1452071042490752,
            0.33119382443866224,
            0.01192117026130347,
            -0.1876294264550344,
            -0.027427215097433056,
            0.01630561289033789,
            0.13240877751479638,
            -7.829652488857039e-05,
            -0.019976600081404287,
            -0.0013833247005642757
        ],
        [
            0.6848602514927513,
            1.0000000000000002,
            0.0,
            0.0,
            0.0,
            0.5668032279777535,
            0.8888027331092112,
            0.04859763948353642,
            -0.15527966938244278,
            0.01688767082572702,
            0.33119382443866224,
            0.6356521150044955,
            0.011333155357459834,
            -0.1783745549334583,
            -0.026074360394856853,
            0.13240877751479638,
            0.3582402836764576,
            -0.00039813968209443935,
            -0.10158148419814568,
            -0.007034238841377279
        ],
        [
            0.0,
            0.0,
            1.0000000000000004,
            0.0,
            0.0,
            -0.16000678098733978,
            -0.04859763948353641,
            0.43394651014011243,
            0.19626360492376632,
            -0.021344939541698058,
            -0.011921170261303472,
            -0.011333155357459825,
            0.06577328493477032,
            0.02248571662448503,
            0.0032869075929700987,
            7.829652488857039e-05,
            0.00039813968209443935,
            0.002204128049405213,
            -0.00010520588555085782,
            -7.285218682568196e-06
        ],
        [
            0.0,
            0.0,
            0.0,
            1.0000000000000004,
            0.0,
            0.5112552855387172,
            0.15527966938244278,
            0.19626360492376627,
            -0.13173262727880247,
            0.06820156678897843,
            0.18762942645503441,
            0.17837455493345838,
            0.022485716624485036,
            -0.28670477616751266,
            -0.05173322525906485,
            0.019976600081404283,
            0.10158148419814564,
            -0.00010520588555085787,
            -0.02463772246252903,
            -0.0018587529949044346
        ],
        [
            0.0,
            0.0,
            0.0,
            0.0,
            1.0000000000000004,
            -0.05560232710713876,
            -0.016887670825727043,
            -0.021344939541698058,
            0.06820156678897844,
            0.487953466359466,
            0.02742721509743306,
            0.026074360394856836,
            0.0032869075929701,
            -0.05173322525906485,
            0.059639693513212466,
            0.0013833247005642752,
            0.007034238841377276,
            -7.285218682568194e-06,
            -0.001858752994904433,
            0.002075826853785418
        ],
        [
            0.5742450921308766,
            0.5668032279777535,
            -0.16000678098733978,
            0.5112552855387175,
            -0.05560232710713876,
            0.9999999999999999,
            0.6848602514927513,
            0.0,
            0.0,
            0.0,
            0.5307309033885965,
            0.550596689606282,
            -0.08485985619082007,
            -0.4810887773053951,
            -0.18829632900710824,
            0.12495197631867402,
            0.3115161792164714,
            -0.024895650429458786,
            -0.1609037889557894,
            -0.024772395949549737
        ],
        [
            0.5668032279777535,
            0.8888027331092112,
            -0.04859763948353642,
            0.15527966938244278,
            -0.016887670825727043,
            0.6848602514927513,
            1.0000000000000002,
            0.0,
            0.0,
            0.0,
            0.550596689606282,
            0.8728760944245386,
            -0.027606881209786032,
            -0.1565093475596534,
            -0.06125716705728242,
            0.3115161792164714,
            0.6117933702788545,
            -0.02663042468300739,
            -0.17211585795434148,
            -0.02649858160650849
        ],
        [
            0.16000678098733978,
            0.04859763948353642,
            0.43394651014011243,
            0.19626360492376627,
            -0.021344939541698058,
            0.0,
            0.0,
            1.0000000000000004,
            0.0,
            0.0,
            0.08485985619082005,
            0.027606881209786018,
            0.4258358769395374,
            -0.10734211973209128,
            -0.0420132999289726,
            0.024895650429458786,
            0.026630424683007373,
            0.046343062746707055,
            -0.04627254575236353,
            -0.007124020089335264
        ],
        [
            -0.5112552855387175,
            -0.15527966938244278,
            0.19626360492376632,
            -0.1317326272788023,
            0.06820156678897844,
            0.0,
            0.0,
            0.0,
            1.0000000000000004,
            0.0,
            0.4810887773053951,
            0.15650934755965337,
            -0.10734211973209128,
            -0.16377547622320415,
            -0.23818243396435032,
            0.1609037889557893,
            0.17211585795434126,
            -0.0462725457523635,
            -0.24556288310457403,
            -0.04604345759991954
        ],
        [
            0.05560232710713876,
            0.01688767082572702,
            -0.021344939541698058,
            0.06820156678897843,
            0.487953466359466,
            0.0,
            0.0,
            0.0,
            0.0,
            1.0000000000000004,
            0.18829632900710824,
            0.061257167057282416,
            -0.0420132999289726,
            -0.23818243396435032,
            0.3515463844555037,
            0.024772395949549733,
            0.02649858160650845,
            -0.007124020089335262,
            -0.04604345759991956,
            0.04641377805462062
        ],
        [
            0.1452071042490752,
            0.33119382443866224,
            -0.01192117026130347,
            0.18762942645503436,
            0.027427215097433056,
            0.5307309033885965,
            0.550596689606282,
            0.08485985619082008,
            0.4810887773053951,
            0.18829632900710824,
            0.9999999999999999,
            0.6848602514927513,
            0.0,
            0.0,
            0.0,
            0.5624901129124025,
            0.5625239112127004,
            -0.07059740874328514,
            -0.5287919164860272,
            0.04153292224736049
        ],
        [
            0.33119382443866224,
            0.6356521150044955,
            -0.011333155357459834,
            0.1783745549334584,
            0.026074360394856853,
            0.550596689606282,
            0.8728760944245386,
            0.02760688120978602,
            0.1565093475596534,
            0.06125716705728242,
            0.6848602514927513,
            1.0000000000000002,
            0.0,
            0.0,
            0.0,
            0.5625239112127004,
            0.8846143533628233,
            -0.021832633061034546,
            -0.16353177947737027,
            0.01284428235427759
        ],
        [
            0.011921170261303472,
            0.011333155357459821,
            0.06577328493477032,
            0.022485716624485022,
            0.0032869075929700987,
            -0.08485985619082007,
            -0.02760688120978604,
            0.4258358769395374,
            -0.10734211973209128,
            -0.0420132999289726,
            0.0,
            0.0,
            1.0000000000000004,
            0.0,
            0.0,
            0.07059740874328511,
            0.021832633061034532,
            0.46937209491669907,
            -0.09175303098722995,
            0.007206561566364219
        ],
        [
            -0.18762942645503444,
            -0.17837455493345847,
            0.02248571662448504,
            -0.28670477616751266,
            -0.051733225259064854,
            -0.4810887773053951,
            -0.15650934755965337,
            -0.10734211973209128,
            -0.16377547622320415,
            -0.23818243396435032,
            0.0,
            0.0,
            0.0,
            1.0000000000000004,
            0.0,
            0.5287919164860272,
            0.16353177947736952,
            -0.0917530309872301,
            -0.205630954345093,
            0.05397891466256892
        ],
        [
            -0.02742721509743306,
            -0.026074360394856836,
            0.0032869075929701,
            -0.05173322525906483,
            0.059639693513212466,
            -0.18829632900710824,
            -0.061257167057282416,
            -0.0420132999289726,
            -0.23818243396435032,
            0.3515463844555037,
            0.0,
            0.0,
            0.0,
            0.0,
            1.0000000000000004,
            -0.04153292224736048,
            -0.012844282354277583,
            0.0072065615663642205,
            0.05397891466256883,
            0.47738209664764525
        ],
        [
            0.01630561289033789,
            0.13240877751479638,
            7.829652488857039e-05,
            0.019976600081404283,
            0.0013833247005642757,
            0.12495197631867402,
            0.3115161792164714,
            0.024895650429458786,
            0.16090378895578936,
            0.024772395949549737,
            0.5624901129124025,
            0.5625239112127004,
            0.07059740874328514,
            0.5287919164860272,
            -0.04153292224736048,
            0.9999999999999999,
            0.6848602514927513,
            0.0,
            0.0,
            0.0
        ],
        [
            0.13240877751479638,
            0.3582402836764576,
            0.00039813968209443935,
            0.10158148419814564,
            0.007034238841377281,
            0.3115161792164714,
            0.6117933702788545,
            0.02663042468300739,
            0.17211585795434128,
            0.02649858160650848,
            0.5625239112127004,
            0.8846143533628233,
            0.021832633061034546,
            0.16353177947736955,
            -0.012844282354277585,
            0.6848602514927513,
            1.0000000000000002,
            0.0,
            0.0,
            0.0
        ],
        [
            -7.829652488857039e-05,
            -0.00039813968209443935,
            0.002204128049405213,
            -0.00010520588555085782,
            -7.285218682568196e-06,
            -0.024895650429458786,
            -0.026630424683007373,
            0.046343062746707055,
            -0.0462725457523635,
            -0.007124020089335264,
            -0.07059740874328511,
            -0.021832633061034532,
            0.46937209491669907,
            -0.09175303098723006,
            0.00720656156636422,
            0.0,
            0.0,
            1.0000000000000004,
            0.0,
            0.0
        ],
        [
            -0.019976600081404287,
            -0.10158148419814568,
            -0.00010520588555085787,
            -0.02463772246252903,
            -0.0018587529949044346,
            -0.1609037889557893,
            -0.17211585795434106,
            -0.04627254575236353,
            -0.24556288310457397,
            -0.046043457599919575,
            -0.5287919164860272,
            -0.16353177947737024,
            -0.09175303098722999,
            -0.20563095434509285,
            0.05397891466256885,
            0.0,
            0.0,
            0.0,
            1.0000000000000004,
            0.0
        ],
        [
            -0.0013833247005642752,
            -0.007034238841377277,
            -7.285218682568194e-06,
            -0.001858752994904433,
            0.002075826853785418,
            -0.024772395949549733,
            -0.02649858160650846,
            -0.007124020089335262,
            -0.046043457599919534,
            0.04641377805462062,
            0.041532922247360465,
            0.012844282354277588,
            0.007206561566364219,
            0.05397891466256889,
            0.47738209664764525,
            0.0,
            0.0,
            0.0,
            0.0,
            1.0000000000000004
        ]
    ],
    "h": [
        [
            -0.2940832849974422,
            -0.4803428084948851,
            0.08932895376652514,
            -0.2969081247104487,
            0.0265979437577284,
            -0.6045829617104257,
            -0.4769380621494177,
            -0.015863392686002897,
            0.011177718382217816,
            -0.019118039081955,
            -0.27432266968500224,
            -0.33384428196710103,
            0.01923648582327307,
            0.31797608923438575,
            0.07802518155767575,
            -0.023712553209541187,
            -0.15477421569295008,
            0.005844153966291435,
            0.08023297082464168,
            0.006958211796346401
        ],
        [
            -0.4803428084948851,
            -0.3203898756220862,
            0.07136409359399765,
            -0.24882687195346312,
            0.018827187031303958,
            -0.553432635754921,
            -0.37357887105382037,
            -0.08212900358834968,
            0.10660214625713008,
            -0.06277030308903325,
            -0.3529010814839859,
            -0.3226318661312664,
            0.02053727491071913,
            0.17774827427684756,
            0.07360641348563951,
            -0.15467907392271169,
            -0.210477667773529,
            0.01564155163757589,
            0.12806026025498848,
            0.0008321467654076042
        ],
        [
            0.08932895376652514,
            0.07136409359399765,
            1.4492995874625754,
            0.08070005929411381,
            -0.008275446190829781,
            0.012426943856807815,
            0.06477971706310151,
            0.3492212621875117,
            0.28341726606346407,
            -0.026927860707663946,
            0.0439657053940995,
            0.05169974584486004,
            -0.05071157442652212,
            -0.055149029090783855,
            -0.016901138311924087,
            0.0035475049956271735,
            0.024112597557044695,
            -0.00760291671210713,
            -0.006920774414703557,
            -0.0006474764777029377
        ],
        [
            -0.2969081247104487,
            -0.24882687195346312,
            0.08070005929411381,
            1.1949089222674432,
            0.02278778758886743,
            -0.08144683921091,
            -0.2423836305533067,
            0.2610338186667512,
            -0.5013874746969567,
            0.06829118621735569,
            -0.25143501777936944,
            -0.1974092647527521,
            0.028053710206550807,
            0.11040549186706006,
            0.06382987667969794,
            -0.08193676923237853,
            -0.12888632108397163,
            0.006428542534142946,
            0.10985413435140656,
            0.006663473394739738
        ],
        [
            0.0265979437577284,
            0.018827187031303958,
            -0.008275446190829781,
            0.02278778758886743,
            1.4705552923158778,
            -0.005999449811903063,
            0.013903408794150151,
            -0.03249819730328016,
            0.0937081712403463,
            0.4216086612775737,
            -0.007162078499778797,
            0.0110338549252611,
            0.00010690729573553485,
            -0.022033993184539552,
            -0.04856495300791078,
            -0.007377412473546638,
            0.0001038320738191087,
            0.00027330616179123814,
            0.006758393367514326,
            -0.006796511224328158
        ],
        [
            -0.6045829617104257,
            -0.553432635754921,
            0.012426943856807815,
            -0.08144683921091,
            -0.005999449811903063,
            -0.45955337541927466,
            -0.6042481185644429,
            -0.12036072846405232,
            0.07338519894831567,
            -0.10827941401488947,
            -0.5247643159651145,
            -0.5167511922212591,
            -0.004364580659961953,
            0.07288876418145784,
            0.02833471104747104,
            -0.24935832384044868,
            -0.3379996608521214,
            0.034229197669791885,
            0.24296611480559083,
            0.01102204523715352
        ],
        [
            -0.4769380621494177,
            -0.37357887105382037,
            0.06477971706310151,
            -0.2423836305533067,
            0.013903408794150151,
            -0.6042481185644429,
            -0.4327424491754637,
            -0.09770473185076044,
            0.019261670769706363,
            -0.09267862075993945,
            -0.514076968875074,
            -0.4137318949770832,
            0.012598615220826795,
            0.1147947918248407,
            0.08499250271250813,
            -0.3170291323074624,
            -0.3134320287653023,
            0.026417984228638808,
            0.1918375477460355,
            -0.0071919505032270875
        ],
        [
            -0.015863392686002897,
            -0.08212900358834968,
            0.3492212621875117,
            0.2610338186667512,
            -0.03249819730328016,
            -0.12036072846405232,
            -0.09770473185076044,
            1.368676749046419,
            0.04037461467133434,
            -0.023142703539955647,
            -0.031077995245123752,
            -0.07370841575282916,
            0.324333205610724,
            -0.12527921466093728,
            -0.049654210254697045,
            -0.04058151438673103,
            -0.045493414905628235,
            -0.040664573954896865,
            0.036988632120387624,
            -0.00043467157192828877
        ],
        [
            0.011177718382217816,
            0.10660214625713008,
            0.28341726606346407,
            -0.5013874746969567,
            0.0937081712403463,
            0.07338519894831567,
            0.019261670769706363,
            0.04037461467133434,
            0.8827273683127947,
            -0.05910544517427947,
            -0.05325762688993707,
            -0.10354039997564951,
            -0.1594060979294173,
            -0.6501212228610714,
            -0.333930766572457,
            -0.3039275094432743,
            -0.17172584831973767,
            0.02935616264334888,
            0.15895410921667041,
            -0.007928798840180773
        ],
        [
            -0.019118039081955,
            -0.06277030308903325,
            -0.026927860707663946,
            0.06829118621735569,
            0.4216086612775737,
            -0.10827941401488947,
            -0.09267862075993945,
            -0.023142703539955647,
            -0.05910544517427947,
            1.3649431559957994,
            -0.02869362955574356,
            -0.0879953889221158,
            -0.05928503173977315,
            -0.32794672539295633,
            0.22817619903118125,
            -0.07452154609880993,
            -0.07277742981661564,
            0.009798656813814487,
            0.06946453360404664,
            -0.046620463170745405
        ],
        [
            -0.27432266968500224,
            -0.3529010814839859,
            0.0439657053940995,
            -0.25143501777936944,
            -0.007162078499778797,
            -0.5247643159651145,
            -0.514076968875074,
            -0.031077995245123752,
            -0.05325762688993707,
            -0.02869362955574356,
            -0.4488924901360578,
            -0.6032767215720888,
            -0.0012271688303133813,
            -0.06891601684823451,
            0.1008620880437984,
            -0.5871423390941637,
            -0.5448239150160719,
            0.01200252435773197,
            0.07233809996834917,
            0.006080723896533233
        ],
        [
            -0.33384428196710103,
            -0.3226318661312664,
            0.05169974584486004,
            -0.1974092647527521,
            0.0110338549252611,
            -0.5167511922212591,
            -0.4137318949770832,
            -0.07370841575282916,
            -0.10354039997564951,
            -0.0879953889221158,
            -0.6032767215720888,
            -0.4369906507984176,
            0.0008982813030526298,
            -0.016582757738280024,
            0.08754017442498666,
            -0.4659348653283244,
            -0.36885354635641043,
            0.033724623006523624,
            0.2386297125488368,
            -0.00902993330906975
        ],
        [
            0.01923648582327307,
            0.02053727491071913,
            -0.05071157442652212,
            0.028053710206550807,
            0.00010690729573553485,
            -0.004364580659961953,
            0.012598615220826795,
            0.324333205610724,
            -0.1594060979294173,
            -0.05928503173977315,
            -0.0012271688303133813,
            0.0008982813030526298,
            1.3946463683051495,
            -0.0719307503137418,
            -0.011182836726119787,
            0.003987852282908294,
            -0.010402278168390997,
            0.40000339716929145,
            -0.13812797794267512,
            0.009837200457926928
        ],
        [
            0.31797608923438575,
            0.17774827427684756,
            -0.055149029090783855,
            0.11040549186706006,
            -0.022033993184539552,
            0.07288876418145784,
            0.1147947918248407,
            -0.12527921466093728,
            -0.6501212228610714,
            -0.32794672539295633,
            -0.06891601684823451,
            -0.016582757738280024,
            -0.0719307503137418,
            0.8600579133665227,
            -0.06781216881698252,
            -0.019884521888771323,
            -0.11609063543023534,
            -0.13386293096984872,
            -0.5917551057041589,
            0.07338107225706265
        ],
        [
            0.07802518155767575,
            0.07360641348563951,
            -0.016901138311924087,
            0.06382987667969794,
            -0.04856495300791078,
            0.02833471104747104,
            0.08499250271250813,
            -0.049654210254697045,
            -0.333930766572457,
            0.22817619903118125,
            0.1008620880437984,
            0.08754017442498666,
            -0.011182836726119787,
            -0.06781216881698252,
            1.3716393294637785,
            0.015179108709690428,
            0.05478799802883464,
            0.0066168164755214375,
            0.0521259893681086,
            0.4100428582239304
        ],
        [
            -0.023712553209541187,
            -0.15467907392271169,
            0.0035475049956271735,
            -0.08193676923237853,
            -0.007377412473546638,
            -0.24935832384044868,
            -0.3170291323074624,
            -0.04058151438673103,
            -0.3039275094432743,
            -0.07452154609880993,
            -0.5871423390941637,
            -0.4659348653283244,
            0.003987852282908294,
            -0.019884521888771323,
            0.015179108709690428,
            -0.277274252173523,
            -0.4722863825139939,
            0.04163669033231686,
            0.2961198670418741,
            -0.019130764693117152
        ],
        [
            -0.15477421569295008,
            -0.210477667773529,
            0.024112597557044695,
            -0.12888632108397163,
            0.0001038320738191087,
            -0.3379996608521214,
            -0.3134320287653023,
            -0.045493414905628235,
            -0.17172584831973767,
            -0.07277742981661564,
            -0.5448239150160719,
            -0.36885354635641043,
            -0.010402278168390997,
            -0.11609063543023534,
            0.05478799802883464,
            -0.4722863825139939,
            -0.31431462951878353,
            0.03518418160225683,
            0.24894187173489016,
            -0.013407028413095991
        ],
        [
            0.005844153966291435,
            0.01564155163757589,
            -0.00760291671210713,
            0.006428542534142946,
            0.00027330616179123814,
            0.034229197669791885,
            0.026417984228638808,
            -0.040664573954896865,
            0.02935616264334888,
            0.009798656813814487,
            0.01200252435773197,
            0.033724623006523624,
            0.40000339716929145,
            -0.13386293096984872,
            0.0066168164755214375,
            0.04163669033231686,
            0.03518418160225683,
            1.480452592464508,
            -0.039357947581014074,
            0.002162896271517952
        ],
        [
            0.08023297082464168,
            0.12806026025498848,
            -0.006920774414703557,
            0.10985413435140656,
            0.006758393367514326,
            0.24296611480559083,
            0.1918375477460355,
            0.036988632120387624,
            0.15895410921667041,
            0.06946453360404664,
            0.07233809996834917,
            0.2386297125488368,
            -0.13812797794267512,
            -0.5917551057041589,
            0.0521259893681086,
            0.2961198670418741,
            0.24894187173489016,
            -0.039357947581014074,
            1.199645518289559,
            0.01710129605692099
        ],
        [
            0.006958211796346401,
            0.0008321467654076042,
            -0.0006474764777029377,
            0.006663473394739738,
            -0.006796511224328158,
            0.01102204523715352,
            -0.0071919505032270875,
            -0.00043467157192828877,
            -0.007928798840180773,
            -0.046620463170745405,
            0.006080723896533233,
            -0.00902993330906975,
            0.009837200457926928,
            0.07338107225706265,
            0.4100428582239304,
            -0.019130764693117152,
            -0.013407028413095991,
            0.002162896271517952,
            0.01710129605692099,
            1.4836661286486568
        ]
    ]
}