{
    "HF": -2.1399309564932802,
    "coordinates": [
        [
            0.714186,
            -0.152929,
            0.173909
        ],
        [
            1.487909,
            -0.078952,
            -0.125793
        ],
        [
            2.21035,
            0.029208,
            0.026124
        ],
        [
            2.920464,
            0.074277,
            0.018529
        ]
    ],
    "elements": [
        "H",
        "H",
        "H",
        "H"
    ],
    "Enn": 3.0410380598168376,
    "S": [
        [
            0.9999999999999999,
            0.6848602514927513,
            0.0,
            0.0,
            0.0,
            0.4970633583759644,
            0.5373308293350696,
            0.18279559549734284,
            -0.4719126216541448,
            -0.045120385476596504,
            0.12098334592603308,
            0.30742977104508984,
            0.015580284154976523,
            -0.15773360126160496,
            -0.01920185550045646,
            0.013520264922971736,
            0.12219337954159665,
            0.0011402050029543727,
            -0.016190045137779427,
            -0.0016672764699527049
        ],
        [
            0.6848602514927513,
            1.0000000000000002,
            0.0,
            0.0,
            0.0,
            0.5373308293350696,
            0.8597061430528522,
            0.06295201696080092,
            -0.16251951411389243,
            -0.015538773043587202,
            0.3074297710450898,
            0.6067678328007596,
            0.01709174704669999,
            -0.17303553559819196,
            -0.021064651567106213,
            0.12219337954159665,
            0.3406664476179179,
            0.006686722461731279,
            -0.0949463808689893,
            -0.009777728559918377
        ],
        [
            0.0,
            0.0,
            1.0000000000000004,
            0.0,
            0.0,
            -0.1827955954973428,
            -0.06295201696080092,
            0.3115143539793259,
            0.2445671066785606,
            0.023383485886757767,
            -0.015580284154976505,
            -0.017091747046699975,
            0.048048192870911,
            0.0292394712112076,
            0.003559495862750152,
            -0.0011402050029543727,
            -0.00668672246173128,
            0.0015311979048303456,
            0.0014538864762254134,
            0.0001497235301794567
        ],
        [
            0.0,
            0.0,
            0.0,
            1.0000000000000004,
            0.0,
            0.47191262165414494,
            0.16251951411389223,
            0.24456710667856055,
            -0.22513694562481287,
            -0.060367768152230786,
            0.15773360126160482,
            0.17303553559819213,
            0.02923947121120761,
            -0.24508181388970274,
            -0.03603606298335906,
            0.01619004513777943,
            0.0949463808689893,
            0.0014538864762254136,
            -0.019010494087176505,
            -0.002125960424232664
        ],
        [
            0.0,
            0.0,
            0.0,
            0.0,
            1.0000000000000004,
            0.045120385476596504,
            0.0155387730435872,
            0.023383485886757767,
            -0.06036776815223081,
            0.4004756807347415,
            0.01920185550045645,
            0.021064651567106216,
            0.003559495862750153,
            -0.03603606298335906,
            0.04654946335285566,
            0.0016672764699527042,
            0.009777728559918368,
            0.00014972353017945661,
            -0.0021259604242326625,
            0.0014146549834612788
        ],
        [
            0.4970633583759644,
            0.5373308293350696,
            -0.18279559549734284,
            0.47191262165414494,
            0.04512038547659651,
            0.9999999999999999,
            0.6848602514927513,
            0.0,
            0.0,
            0.0,
            0.5657839755340516,
            0.5637301819036469,
            -0.10915859903979223,
            -0.5191035068419373,
            -0.07771739879107625,
            0.14316785414820776,
            0.3292944406415186,
            -0.01868681784583132,
            -0.18548727386770475,
            -0.01984009653205255
        ],
        [
            0.5373308293350696,
            0.8597061430528522,
            -0.06295201696080092,
            0.16251951411389243,
            0.015538773043587202,
            0.6848602514927513,
            1.0000000000000002,
            0.0,
            0.0,
            0.0,
            0.5637301819036469,
            0.8857962139790223,
            -0.03358632311113651,
            -0.15971969466703914,
            -0.023912377862257195,
            0.3292944406415186,
            0.633373027550178,
            -0.01796414077752626,
            -0.17831390703807573,
            -0.019072818608386603
        ],
        [
            0.1827955954973428,
            0.06295201696080092,
            0.3115143539793259,
            0.24456710667856055,
            0.023383485886757767,
            0.0,
            0.0,
            1.0000000000000004,
            0.0,
            0.0,
            0.10915859903979222,
            0.03358632311113651,
            0.45638135836612126,
            -0.1383255080036011,
            -0.020709354737161227,
            0.018686817845831316,
            0.017964140777526248,
            0.06222182703608793,
            -0.035307102929180316,
            -0.0037765196273339386
        ],
        [
            -0.4719126216541448,
            -0.1625195141138924,
            0.2445671066785606,
            -0.22513694562481298,
            -0.06036776815223081,
            0.0,
            0.0,
            0.0,
            1.0000000000000004,
            0.0,
            0.5191035068419372,
            0.15971969466703914,
            -0.13832550800360108,
            -0.1723378365458467,
            -0.09848329644259361,
            0.18548727386770472,
            0.17831390703807531,
            -0.03530710292918032,
            -0.28468310866395385,
            -0.037486121829903775
        ],
        [
            -0.045120385476596504,
            -0.0155387730435872,
            0.023383485886757767,
            -0.060367768152230786,
            0.4004756807347415,
            0.0,
            0.0,
            0.0,
            0.0,
            1.0000000000000004,
            0.07771739879107623,
            0.023912377862257198,
            -0.02070935473716122,
            -0.09848329644259361,
            0.47072445746508185,
            0.019840096532052542,
            0.01907281860838659,
            -0.003776519627333938,
            -0.03748612182990376,
            0.061769230624132254
        ],
        [
            0.12098334592603308,
            0.30742977104508984,
            -0.015580284154976523,
            0.15773360126160493,
            0.01920185550045646,
            0.5657839755340516,
            0.5637301819036469,
            0.10915859903979222,
            0.5191035068419373,
            0.07771739879107625,
            0.9999999999999999,
            0.6848602514927513,
            0.0,
            0.0,
            0.0,
            0.5937142661967503,
            0.5737379412849002,
            0.005799814136316106,
            -0.5422684944826819,
            -0.03441630326657411
        ],
        [
            0.3074297710450898,
            0.6067678328007596,
            -0.017091747046699975,
            0.17303553559819204,
            0.021064651567106216,
            0.5637301819036469,
            0.8857962139790223,
            0.03358632311113651,
            0.15971969466703914,
            0.023912377862257198,
            0.6848602514927513,
            1.0000000000000002,
            0.0,
            0.0,
            0.0,
            0.5737379412849002,
            0.8955646178988976,
            0.0017109652011588468,
            -0.15997107871701283,
            -0.010152928327982619
        ],
        [
            0.01558028415497651,
            0.017091747046699975,
            0.048048192870911,
            0.029239471211207593,
            0.003559495862750152,
            -0.10915859903979222,
            -0.03358632311113652,
            0.45638135836612126,
            -0.1383255080036011,
            -0.020709354737161227,
            0.0,
            0.0,
            1.0000000000000004,
            0.0,
            0.0,
            -0.0057998141363160985,
            -0.0017109652011588464,
            0.5181789415242878,
            0.007256593595497819,
            0.00046055621598150654
        ],
        [
            -0.15773360126160485,
            -0.17303553559819213,
            0.029239471211207613,
            -0.24508181388970268,
            -0.03603606298335907,
            -0.5191035068419372,
            -0.15971969466703914,
            -0.13832550800360108,
            -0.1723378365458467,
            -0.09848329644259361,
            0.0,
            0.0,
            0.0,
            1.0000000000000004,
            0.0,
            0.5422684944826826,
            0.15997107871701277,
            0.0072565935954978355,
            -0.16021727130087637,
            -0.04306088436543671
        ],
        [
            -0.01920185550045645,
            -0.02106465156710622,
            0.003559495862750153,
            -0.036036062983359055,
            0.04654946335285566,
            -0.07771739879107623,
            -0.023912377862257195,
            -0.02070935473716122,
            -0.09848329644259361,
            0.47072445746508185,
            0.0,
            0.0,
            0.0,
            0.0,
            1.0000000000000004,
            0.034416303266574105,
            0.01015292832798261,
            0.00046055621598150665,
            -0.043060884365436626,
            0.5155235972146304
        ],
        [
            0.013520264922971736,
            0.12219337954159665,
            -0.0011402050029543727,
            0.016190045137779427,
            0.0016672764699527049,
            0.14316785414820776,
            0.3292944406415186,
            0.01868681784583132,
            0.18548727386770475,
            0.01984009653205255,
            0.5937142661967503,
            0.5737379412849002,
            -0.005799814136316099,
            0.5422684944826826,
            0.034416303266574105,
            0.9999999999999999,
            0.6848602514927513,
            0.0,
            0.0,
            0.0
        ],
        [
            0.12219337954159665,
            0.3406664476179179,
            -0.0066867224617312825,
            0.09494638086898934,
            0.009777728559918377,
            0.3292944406415186,
            0.633373027550178,
            0.017964140777526262,
            0.17831390703807554,
            0.019072818608386603,
            0.5737379412849002,
            0.8955646178988976,
            -0.001710965201158841,
            0.15997107871701283,
            0.010152928327982614,
            0.6848602514927513,
            1.0000000000000002,
            0.0,
            0.0,
            0.0
        ],
        [
            0.0011402050029543727,
            0.0066867224617312765,
            0.0015311979048303456,
            0.0014538864762254134,
            0.0001497235301794567,
            -0.018686817845831316,
            -0.017964140777526248,
            0.06222182703608793,
            -0.035307102929180316,
            -0.0037765196273339386,
            0.005799814136316099,
            0.0017109652011588464,
            0.5181789415242878,
            0.0072565935954978355,
            0.00046055621598150686,
            0.0,
            0.0,
            1.0000000000000004,
            0.0,
            0.0
        ],
        [
            -0.01619004513777943,
            -0.09494638086898927,
            0.0014538864762254136,
            -0.019010494087176505,
            -0.002125960424232664,
            -0.18548727386770472,
            -0.17831390703807531,
            -0.03530710292918032,
            -0.28468310866395385,
            -0.037486121829903775,
            -0.5422684944826818,
            -0.15997107871701277,
            0.007256593595497819,
            -0.1602172713008762,
            -0.04306088436543665,
            0.0,
            0.0,
            0.0,
            1.0000000000000004,
            0.0
        ],
        [
            -0.0016672764699527042,
            -0.009777728559918368,
            0.00014972353017945661,
            -0.0021259604242326625,
            0.0014146549834612788,
            -0.019840096532052542,
            -0.01907281860838659,
            -0.003776519627333938,
            -0.03748612182990376,
            0.061769230624132254,
            -0.034416303266574105,
            -0.010152928327982617,
            0.00046055621598150627,
            -0.04306088436543669,
            0.5155235972146304,
            0.0,
            0.0,
            0.0,
            0.0,
            1.0000000000000004
        ]
    ],
    "h": [
        [
            -0.22894269310555937,
            -0.4508884717530649,
            0.08900516476177155,
            -0.23894180065750922,
            -0.0234077503370553,
            -0.5414795811991856,
            -0.4400152826219843,
            -0.02680351380034096,
            0.0384300987693631,
            0.0017618853169727583,
            -0.24232362111213293,
            -0.30394552461401386,
            0.01465661687521454,
            0.30544997434181276,
            0.039736747178983615,
            -0.014782571004234198,
            -0.13922415517972336,
            0.0006194007168684765,
            0.07385619325347413,
            0.0075896259397804705
        ],
        [
            -0.4508884717530649,
            -0.3094121766996829,
            0.07728947936178743,
            -0.21473025260242687,
            -0.021273436540221388,
            -0.5235626919649037,
            -0.3656307041027188,
            -0.09149853399060785,
            0.08161109227540125,
            0.0021642224408397557,
            -0.34081421715427707,
            -0.31099214899475525,
            0.0314138783255455,
            0.18894776973470667,
            0.029557901484037214,
            -0.14488537207675709,
            -0.201205636058975,
            0.0021328373080553888,
            0.13101180594803305,
            0.010901670440133676
        ],
        [
            0.08900516476177155,
            0.07728947936178743,
            1.4655194017918542,
            0.07862365245452674,
            0.007577672601591066,
            0.0213817619853493,
            0.06899402151059911,
            0.18452097721586613,
            0.3294378288889338,
            0.032056923996469824,
            0.05256117344532008,
            0.05741084274262138,
            -0.05177724506158586,
            -0.06712666369270759,
            -0.009284361787985623,
            0.0077740616684533435,
            0.029132186125053142,
            -0.005418031283086878,
            -0.01382393865665986,
            -0.0013748132582354182
        ],
        [
            -0.23894180065750922,
            -0.21473025260242687,
            0.07862365245452674,
            1.277701068929073,
            -0.02144489471018876,
            -0.08885597658899291,
            -0.20504845687101214,
            0.30456284016210977,
            -0.564947551616902,
            -0.0865107880794745,
            -0.231578051285878,
            -0.16980837074999933,
            0.024783294716178655,
            0.15723067171827415,
            0.028908417726117325,
            -0.07065929608265618,
            -0.11331183775624387,
            -0.0024056405258831995,
            0.09689196299114892,
            0.00992635717563897
        ],
        [
            -0.0234077503370553,
            -0.021273436540221388,
            0.007577672601591066,
            -0.02144489471018876,
            1.4934324686600364,
            -0.009857668952519189,
            -0.020706858589625864,
            0.028666531979112668,
            -0.08392334654702722,
            0.2986850475652515,
            -0.02540184865702589,
            -0.01703711638710414,
            0.002631882746956858,
            0.02054215570005717,
            -0.04210046743299545,
            -0.00775991193157949,
            -0.011830234234094895,
            -0.0002608761641158259,
            0.010761926899355019,
            -0.004262295703410247
        ],
        [
            -0.5414795811991856,
            -0.5235626919649037,
            0.0213817619853493,
            -0.08885597658899291,
            -0.009857668952519189,
            -0.42851547945945123,
            -0.5949555063086005,
            -0.13384542957022005,
            -0.02141687830083132,
            -0.014791020152597631,
            -0.5534158357996204,
            -0.5232349564415639,
            0.00046065953522800296,
            0.03795410860417203,
            0.008498878448586128,
            -0.28675814196784966,
            -0.35802796143260845,
            0.012126441636333855,
            0.27325847959171123,
            0.023551480261300252
        ],
        [
            -0.4400152826219843,
            -0.3656307041027188,
            0.06899402151059911,
            -0.20504845687101214,
            -0.020706858589625864,
            -0.5949555063086005,
            -0.4361683653775714,
            -0.11208642926048497,
            -0.03481326949489165,
            -0.014009015687205284,
            -0.5375703224036029,
            -0.4180164540878275,
            0.03904392011618418,
            0.11909897971310457,
            0.027227833524457276,
            -0.33785158154586925,
            -0.32198676227761447,
            0.002720267066754309,
            0.21217181094475007,
            0.015326894554413141
        ],
        [
            -0.02680351380034096,
            -0.09149853399060785,
            0.18452097721586613,
            0.30456284016210977,
            0.028666531979112668,
            -0.13384542957022005,
            -0.11208642926048497,
            1.3645494105936045,
            0.02468653128600328,
            -0.0004597249972300878,
            -0.028479481442412774,
            -0.08414443098912666,
            0.3679620333151029,
            -0.1711578609851075,
            -0.025486686486378626,
            -0.041946904697201054,
            -0.05309386009699066,
            -0.04689791362466794,
            0.043330011579298125,
            0.0032491781198703933
        ],
        [
            0.0384300987693631,
            0.08161109227540125,
            0.3294378288889338,
            -0.564947551616902,
            -0.08392334654702722,
            -0.02141687830083132,
            -0.03481326949489165,
            0.02468653128600328,
            0.8858853430765836,
            -0.06400624237869709,
            -0.07357327959992599,
            -0.14791520968996485,
            -0.19104216970840066,
            -0.690295292408215,
            -0.15349628415936234,
            -0.34066937742397724,
            -0.2027814423501712,
            -0.0008859478271562304,
            0.15671074782214345,
            0.0128619712877487
        ],
        [
            0.0017618853169727583,
            0.0021642224408397557,
            0.032056923996469824,
            -0.0865107880794745,
            0.2986850475652515,
            -0.014791020152597631,
            -0.014009015687205284,
            -0.0004597249972300878,
            -0.06400624237869709,
            1.3972469626039241,
            -0.009533061979987961,
            -0.025265762910160507,
            -0.028703926492455255,
            -0.15706529180003168,
            0.3857044695197961,
            -0.043178711298292316,
            -0.029576592496630454,
            0.0001335337422023776,
            0.030040212135551442,
            -0.04559038214446551
        ],
        [
            -0.24232362111213293,
            -0.34081421715427707,
            0.05256117344532008,
            -0.231578051285878,
            -0.02540184865702589,
            -0.5534158357996204,
            -0.5375703224036029,
            -0.028479481442412774,
            -0.07357327959992599,
            -0.009533061979987961,
            -0.5054743248497191,
            -0.6259325203754823,
            0.053534678991724434,
            -0.062140372040026606,
            0.016459610278288822,
            -0.6184251396735667,
            -0.5659058813066751,
            0.007580970842153102,
            0.08381550963006723,
            0.008003902744324595
        ],
        [
            -0.30394552461401386,
            -0.31099214899475525,
            0.05741084274262138,
            -0.16980837074999933,
            -0.01703711638710414,
            -0.5232349564415639,
            -0.4180164540878275,
            -0.08414443098912666,
            -0.14791520968996485,
            -0.025265762910160507,
            -0.6259325203754823,
            -0.4407552111785136,
            0.04220776585509855,
            -0.009358649960766408,
            0.01726701256775221,
            -0.48081606930488574,
            -0.3724185883930182,
            0.0039132283257280786,
            0.2582828053170711,
            0.01852188133960364
        ],
        [
            0.01465661687521454,
            0.0314138783255455,
            -0.05177724506158586,
            0.024783294716178655,
            0.002631882746956858,
            0.00046065953522800296,
            0.03904392011618418,
            0.3679620333151029,
            -0.19104216970840066,
            -0.028703926492455255,
            0.053534678991724434,
            0.04220776585509855,
            1.3748495015298123,
            -0.04585704073017938,
            -0.0072642593064961535,
            0.014231151191133357,
            0.02770955263357891,
            0.46740866334435116,
            -0.006374499615726991,
            -0.0008927192576310602
        ],
        [
            0.30544997434181276,
            0.18894776973470667,
            -0.06712666369270759,
            0.15723067171827415,
            0.02054215570005717,
            0.03795410860417203,
            0.11909897971310457,
            -0.1711578609851075,
            -0.690295292408215,
            -0.15706529180003168,
            -0.062140372040026606,
            -0.009358649960766408,
            -0.04585704073017938,
            0.7827221303925096,
            -0.06271571316102792,
            -0.003800220231528484,
            -0.11104132314603718,
            0.008537892273243142,
            -0.5601117552019877,
            -0.06694649786533127
        ],
        [
            0.039736747178983615,
            0.029557901484037214,
            -0.009284361787985623,
            0.028908417726117325,
            -0.04210046743299545,
            0.008498878448586128,
            0.027227833524457276,
            -0.025486686486378626,
            -0.15349628415936234,
            0.3857044695197961,
            0.016459610278288822,
            0.01726701256775221,
            -0.0072642593064961535,
            -0.06271571316102792,
            1.3781697338896608,
            0.00294520799685756,
            0.0026722532046877566,
            9.2091014164234e-05,
            -0.07165743262241822,
            0.46374992714180263
        ],
        [
            -0.014782571004234198,
            -0.14488537207675709,
            0.0077740616684533435,
            -0.07065929608265618,
            -0.00775991193157949,
            -0.28675814196784966,
            -0.33785158154586925,
            -0.041946904697201054,
            -0.34066937742397724,
            -0.043178711298292316,
            -0.6184251396735667,
            -0.48081606930488574,
            0.014231151191133357,
            -0.003800220231528484,
            0.00294520799685756,
            -0.30926129351130593,
            -0.4849627573839008,
            0.0007431542604662122,
            0.3215997362220548,
            0.02122073567764156
        ],
        [
            -0.13922415517972336,
            -0.201205636058975,
            0.029132186125053142,
            -0.11331183775624387,
            -0.011830234234094895,
            -0.35802796143260845,
            -0.32198676227761447,
            -0.05309386009699066,
            -0.2027814423501712,
            -0.029576592496630454,
            -0.5659058813066751,
            -0.3724185883930182,
            0.02770955263357891,
            -0.11104132314603718,
            0.0026722532046877566,
            -0.4849627573839008,
            -0.31893329424732064,
            0.0021631964156716647,
            0.26381351379644347,
            0.018036843755854588
        ],
        [
            0.0006194007168684765,
            0.0021328373080553888,
            -0.005418031283086878,
            -0.0024056405258831995,
            -0.0002608761641158259,
            0.012126441636333855,
            0.002720267066754309,
            -0.04689791362466794,
            -0.0008859478271562304,
            0.0001335337422023776,
            0.007580970842153102,
            0.0039132283257280786,
            0.46740866334435116,
            0.008537892273243142,
            9.2091014164234e-05,
            0.0007431542604662122,
            0.0021631964156716647,
            1.467297313887402,
            -0.0006499825211914673,
            -0.00018919970210058473
        ],
        [
            0.07385619325347413,
            0.13101180594803305,
            -0.01382393865665986,
            0.09689196299114892,
            0.010761926899355019,
            0.27325847959171123,
            0.21217181094475007,
            0.043330011579298125,
            0.15671074782214345,
            0.030040212135551442,
            0.08381550963006723,
            0.2582828053170711,
            -0.006374499615726991,
            -0.5601117552019877,
            -0.07165743262241822,
            0.3215997362220548,
            0.26381351379644347,
            -0.0006499825211914673,
            1.1510081285803775,
            -0.02137548671942169
        ],
        [
            0.0075896259397804705,
            0.010901670440133676,
            -0.0013748132582354182,
            0.00992635717563897,
            -0.004262295703410247,
            0.023551480261300252,
            0.015326894554413141,
            0.0032491781198703933,
            0.0128619712877487,
            -0.04559038214446551,
            0.008003902744324595,
            0.01852188133960364,
            -0.0008927192576310602,
            -0.06694649786533127,
            0.46374992714180263,
            0.02122073567764156,
            0.018036843755854588,
            -0.00018919970210058473,
            -0.02137548671942169,
            1.4662400977608119
        ]
    ]
}