{
    "HF": -2.0968005410752784,
    "coordinates": [
        [
            0.71273,
            0.078349,
            0.152619
        ],
        [
            1.509583,
            -0.152581,
            0.038957
        ],
        [
            2.1569,
            -0.182121,
            0.053914
        ],
        [
            2.852046,
            -0.133527,
            -0.154541
        ]
    ],
    "elements": [
        "H",
        "H",
        "H",
        "H"
    ],
    "Enn": 3.169484457457696,
    "S": [
        [
            0.9999999999999999,
            0.6848602514927513,
            0.0,
            0.0,
            0.0,
            0.4936931392001851,
            0.5359654323075276,
            0.0687305885258222,
            -0.4818512401556105,
            0.13964169914543226,
            0.1352189060761413,
            0.32172292677261155,
            0.01191869078841185,
            -0.17438443519477975,
            0.031451916211515475,
            0.01626074229739388,
            0.13225264843925832,
            0.002823846979969799,
            -0.01966760328754092,
            0.0019478623607503613
        ],
        [
            0.6848602514927513,
            1.0000000000000002,
            0.0,
            0.0,
            0.0,
            0.5359654323075276,
            0.8583436342146293,
            0.023809791554373617,
            -0.16692389566853721,
            0.048374964048243894,
            0.32172292677261155,
            0.6242379298325448,
            0.011984158577733352,
            -0.17534230579205895,
            0.03162467742001123,
            0.13225264843925835,
            0.35797561846614373,
            0.014389478533475582,
            -0.10022021636385217,
            0.00992572325093981
        ],
        [
            0.0,
            0.0,
            1.0000000000000004,
            0.0,
            0.0,
            -0.06873058852582217,
            -0.02380979155437358,
            0.3889285663151072,
            0.09462624310217078,
            -0.027422922822131938,
            -0.011918690788411847,
            -0.011984158577733337,
            0.05879792954008918,
            0.02232429884293559,
            -0.0040264027916515595,
            -0.0028238469799697985,
            -0.014389478533475582,
            0.0016572433289973507,
            0.0037443559408046616,
            -0.000370837762777415
        ],
        [
            0.0,
            0.0,
            0.0,
            1.0000000000000004,
            0.0,
            0.4818512401556103,
            0.16692389566853716,
            0.09462624310217078,
            -0.2609726258102429,
            0.192254564582572,
            0.17438443519477975,
            0.1753423057920588,
            0.02232429884293559,
            -0.2663069608567835,
            0.05891099862843253,
            0.019667603287540917,
            0.10022021636385221,
            0.0037443559408046616,
            -0.023883935449106705,
            0.0025828205473171256
        ],
        [
            0.0,
            0.0,
            0.0,
            0.0,
            1.0000000000000004,
            -0.1396416991454322,
            -0.04837496404824386,
            -0.02742292282213193,
            0.19225456458257192,
            0.3467100660953999,
            -0.03145191621151546,
            -0.03162467742001118,
            -0.004026402791651559,
            0.058910998628432514,
            0.04969856596415569,
            -0.0019478623607503615,
            -0.00992572325093981,
            -0.0003708377627774151,
            0.002582820547317127,
            0.0019390524140012473
        ],
        [
            0.4936931392001851,
            0.5359654323075276,
            -0.06873058852582221,
            0.4818512401556105,
            -0.13964169914543226,
            0.9999999999999999,
            0.6848602514927513,
            0.0,
            0.0,
            0.0,
            0.6454531702793528,
            0.5912953453198712,
            -0.0126891444485256,
            -0.5491675414178145,
            0.025060996657715245,
            0.17857410545238814,
            0.36012035442345675,
            0.03284771653615002,
            -0.2278930225856059,
            -0.0032345574159929396
        ],
        [
            0.5359654323075276,
            0.8583436342146293,
            -0.02380979155437363,
            0.16692389566853721,
            -0.048374964048243894,
            0.6848602514927513,
            1.0000000000000002,
            0.0,
            0.0,
            0.0,
            0.5912953453198712,
            0.9125468363478426,
            -0.003479603133820748,
            -0.15059211484759322,
            0.0068721987412626575,
            0.36012035442345675,
            0.6697714076023306,
            0.02650392516790978,
            -0.1838806545426186,
            -0.002609876020162244
        ],
        [
            0.06873058852582219,
            0.02380979155437359,
            0.3889285663151072,
            0.09462624310217076,
            -0.02742292282213193,
            0.0,
            0.0,
            1.0000000000000004,
            0.0,
            0.0,
            0.012689144448525601,
            0.0034796031338207587,
            0.5793053792588676,
            -0.014569797672528353,
            0.0006648857101643984,
            -0.03284771653615001,
            -0.026503925167909764,
            0.08284824239392427,
            0.061887754856964225,
            0.0008783923885012819
        ],
        [
            -0.4818512401556105,
            -0.16692389566853716,
            0.0946262431021708,
            -0.2609726258102429,
            0.192254564582572,
            0.0,
            0.0,
            0.0,
            1.0000000000000004,
            0.0,
            0.5491675414178145,
            0.1505921148475932,
            -0.014569797672528337,
            -0.05091742065482766,
            0.028775277344821007,
            0.2278930225856058,
            0.18388065454261882,
            0.06188775485696416,
            -0.33760035724172,
            -0.006094167800414453
        ],
        [
            0.1396416991454322,
            0.04837496404824386,
            -0.027422922822131934,
            0.19225456458257192,
            0.3467100660953999,
            0.0,
            0.0,
            0.0,
            0.0,
            1.0000000000000004,
            -0.025060996657715245,
            -0.006872198741262609,
            0.0006648857101643976,
            0.028775277344821007,
            0.5783288851625007,
            0.0032345574159929396,
            0.002609876020162244,
            0.0008783923885012789,
            -0.006094167800414438,
            0.09168203410069292
        ],
        [
            0.1352189060761413,
            0.32172292677261155,
            -0.01191869078841185,
            0.17438443519477975,
            -0.031451916211515475,
            0.6454531702793528,
            0.5912953453198712,
            0.0126891444485256,
            0.5491675414178145,
            -0.025060996657715245,
            0.9999999999999999,
            0.6848602514927513,
            0.0,
            0.0,
            0.0,
            0.5809299070695582,
            0.5692054778667249,
            0.15486814947976799,
            -0.5164470731729283,
            -0.03610209808265497
        ],
        [
            0.32172292677261155,
            0.6242379298325448,
            -0.011984158577733365,
            0.17534230579205895,
            -0.03162467742001122,
            0.5912953453198712,
            0.9125468363478426,
            0.0034796031338207595,
            0.15059211484759322,
            -0.0068721987412626575,
            0.6848602514927513,
            1.0000000000000002,
            0.0,
            0.0,
            0.0,
            0.5692054778667249,
            0.8911486595563515,
            0.04656387900099746,
            -0.15527904934891118,
            -0.010854741484610436
        ],
        [
            0.011918690788411847,
            0.01198415857773335,
            0.05879792954008918,
            0.02232429884293559,
            -0.0040264027916515595,
            -0.0126891444485256,
            -0.0034796031338207587,
            0.5793053792588676,
            -0.01456979767252834,
            0.0006648857101643977,
            0.0,
            0.0,
            1.0000000000000004,
            0.0,
            0.0,
            -0.154868149479768,
            -0.046563879000997434,
            0.4464446705774138,
            0.18930961038345023,
            0.013233638986591849
        ],
        [
            -0.17438443519477975,
            -0.17534230579205892,
            0.02232429884293559,
            -0.2663069608567835,
            0.05891099862843253,
            -0.5491675414178145,
            -0.1505921148475932,
            -0.014569797672528351,
            -0.05091742065482766,
            0.028775277344821007,
            0.0,
            0.0,
            0.0,
            1.0000000000000004,
            0.0,
            0.5164470731729284,
            0.15527904934891187,
            0.18930961038345023,
            -0.12808747799394352,
            -0.044130921335412326
        ],
        [
            0.03145191621151546,
            0.03162467742001117,
            -0.004026402791651559,
            0.058910998628432514,
            0.04969856596415569,
            0.025060996657715245,
            0.006872198741262609,
            0.0006648857101643982,
            0.028775277344821007,
            0.5783288851625007,
            0.0,
            0.0,
            0.0,
            0.0,
            1.0000000000000004,
            0.03610209808265498,
            0.010854741484610434,
            0.013233638986591864,
            -0.044130921335412375,
            0.5001284101675274
        ],
        [
            0.01626074229739388,
            0.13225264843925832,
            -0.002823846979969799,
            0.01966760328754092,
            -0.0019478623607503613,
            0.17857410545238814,
            0.36012035442345675,
            -0.03284771653615002,
            0.2278930225856058,
            0.0032345574159929396,
            0.5809299070695582,
            0.5692054778667249,
            -0.15486814947976799,
            0.5164470731729283,
            0.036102098082655014,
            0.9999999999999999,
            0.6848602514927513,
            0.0,
            0.0,
            0.0
        ],
        [
            0.13225264843925835,
            0.35797561846614373,
            -0.014389478533475582,
            0.10022021636385224,
            -0.00992572325093981,
            0.36012035442345675,
            0.6697714076023306,
            -0.026503925167909774,
            0.18388065454261882,
            0.002609876020162244,
            0.5692054778667249,
            0.8911486595563515,
            -0.04656387900099746,
            0.15527904934891118,
            0.010854741484610436,
            0.6848602514927513,
            1.0000000000000002,
            0.0,
            0.0,
            0.0
        ],
        [
            0.0028238469799697985,
            0.014389478533475582,
            0.0016572433289973507,
            0.0037443559408046616,
            -0.000370837762777415,
            0.03284771653615001,
            0.026503925167909767,
            0.08284824239392427,
            0.06188775485696418,
            0.0008783923885012792,
            0.154868149479768,
            0.046563879000997434,
            0.4464446705774138,
            0.18930961038345023,
            0.013233638986591864,
            0.0,
            0.0,
            1.0000000000000004,
            0.0,
            0.0
        ],
        [
            -0.019667603287540917,
            -0.10022021636385217,
            0.0037443559408046616,
            -0.023883935449106705,
            0.0025828205473171256,
            -0.2278930225856059,
            -0.1838806545426186,
            0.061887754856964204,
            -0.33760035724172,
            -0.006094167800414438,
            -0.5164470731729284,
            -0.15527904934891187,
            0.18930961038345023,
            -0.12808747799394352,
            -0.044130921335412375,
            0.0,
            0.0,
            0.0,
            1.0000000000000004,
            0.0
        ],
        [
            0.0019478623607503615,
            0.00992572325093981,
            -0.0003708377627774151,
            0.002582820547317127,
            0.0019390524140012473,
            -0.0032345574159929396,
            -0.002609876020162244,
            0.0008783923885012816,
            -0.006094167800414453,
            0.09168203410069292,
            -0.03610209808265497,
            -0.010854741484610434,
            0.013233638986591849,
            -0.044130921335412326,
            0.5001284101675274,
            0.0,
            0.0,
            0.0,
            0.0,
            1.0000000000000004
        ]
    ],
    "h": [
        [
            -0.2245797025951195,
            -0.4477599844733633,
            0.032598832681249634,
            -0.24165669100962622,
            0.06938902787330646,
            -0.5387032409962617,
            -0.4328716167770055,
            -0.013409972997962427,
            0.040135806272611374,
            -0.014196557585843261,
            -0.2709601949698267,
            -0.3113608073136408,
            -0.014411589645665187,
            0.3311217746644662,
            -0.03295198113199582,
            -0.019333559378564978,
            -0.14589277458307393,
            -0.013349540984597546,
            0.08795438153894086,
            -0.0033773927259429445
        ],
        [
            -0.4477599844733633,
            -0.3072025366182618,
            0.028798698485898645,
            -0.21894244857059453,
            0.06169508854703085,
            -0.5346056516697082,
            -0.364765584770941,
            -0.029629915586563072,
            0.0694972070847944,
            -0.04796800563804357,
            -0.3707818410032,
            -0.31718281400775583,
            0.009198657002411646,
            0.21578837855959684,
            -0.020795931451178362,
            -0.1519349285463225,
            -0.2074342022384097,
            -0.03107486388439601,
            0.14078427336237284,
            0.003661629487576347
        ],
        [
            0.032598832681249634,
            0.028798698485898645,
            1.4950514730404545,
            0.03043749645385335,
            -0.008701529093913501,
            0.009697655005592665,
            0.026441676412863754,
            0.28374574780027456,
            0.12942064635507494,
            -0.036138244781569,
            0.02743404242978105,
            0.023363684050705838,
            -0.046926855228719866,
            -0.02744747408700598,
            0.0022791942452859634,
            0.009454065018317281,
            0.014781623463056691,
            -0.004209376746281495,
            -0.01574578885506528,
            0.00080574406781346
        ],
        [
            -0.24165669100962622,
            -0.21894244857059453,
            0.03043749645385335,
            1.2714731225644775,
            0.06375291162172728,
            -0.10211719037710865,
            -0.21083874151424753,
            0.11975787140207064,
            -0.6183999057747778,
            0.25032470332980516,
            -0.2604342463980171,
            -0.18125364601508298,
            0.002584268467072333,
            0.15458427638037975,
            -0.014617466387680925,
            -0.08308493895956973,
            -0.12332643387895911,
            -0.020680744521276807,
            0.11547844848891665,
            -0.005463048198590441
        ],
        [
            0.06938902787330646,
            0.06169508854703085,
            -0.008701529093913501,
            0.06375291162172728,
            1.4811598664668832,
            0.02384589988381941,
            0.05702258894657934,
            -0.03493671986382212,
            0.261817200814048,
            0.2282894607817565,
            0.06019364759034868,
            0.04920434865925064,
            9.807423609609761e-05,
            -0.05833395487828827,
            -0.04235301058447104,
            0.012696099783514107,
            0.02874532353465109,
            0.0032302078247134595,
            -0.01889362455593554,
            -0.006176205953381607
        ],
        [
            -0.5387032409962617,
            -0.5346056516697082,
            0.009697655005592665,
            -0.10211719037710865,
            0.02384589988381941,
            -0.49693796456043837,
            -0.6269141769461813,
            -0.035189360100140746,
            -0.09542640404315861,
            -0.04953766335627697,
            -0.6353440899926821,
            -0.5697023946144641,
            0.015439291009228511,
            0.018768703519187024,
            -0.01757168036493359,
            -0.34034452369742524,
            -0.402666551993473,
            -0.06799933011548404,
            0.3063824075684787,
            0.01225977758262322
        ],
        [
            -0.4328716167770055,
            -0.364765584770941,
            0.026441676412863754,
            -0.21083874151424753,
            0.05702258894657934,
            -0.6269141769461813,
            -0.44692706566873186,
            -0.02571097018292268,
            -0.0761112946990737,
            -0.04212485547748365,
            -0.5830399507234334,
            -0.4306042872936231,
            0.039598301729859085,
            0.14792137746938272,
            -0.027465872854510274,
            -0.3579387961931836,
            -0.3357670812117943,
            -0.058861623661902486,
            0.22383241066506593,
            0.012864514783494221
        ],
        [
            -0.013409972997962427,
            -0.029629915586563072,
            0.28374574780027456,
            0.11975787140207064,
            -0.03493671986382212,
            -0.035189360100140746,
            -0.02571097018292268,
            1.3775541551125807,
            0.035328699955179343,
            -0.008966211028866695,
            0.007963825914441298,
            -0.010358394553838541,
            0.5405165539896384,
            0.0027645214583645675,
            6.332064872554958e-05,
            0.023308248728791683,
            0.0010366680726161745,
            -0.04486322966728648,
            0.0168108478020971,
            -0.0004739257212183928
        ],
        [
            0.040135806272611374,
            0.0694972070847944,
            0.12942064635507494,
            -0.6183999057747778,
            0.261817200814048,
            -0.09542640404315861,
            -0.0761112946990737,
            0.035328699955179343,
            0.7694627918038788,
            0.0790705232589906,
            -0.07587329482177241,
            -0.1851231318273507,
            0.021905544866350733,
            -0.5963675227659592,
            0.045152555121986834,
            -0.37714566221411,
            -0.23732677823715911,
            -0.0571493546551025,
            0.09193653714821526,
            0.01677417121323413
        ],
        [
            -0.014196557585843261,
            -0.04796800563804357,
            -0.036138244781569,
            0.25032470332980516,
            0.2282894607817565,
            -0.04953766335627697,
            -0.04212485547748365,
            -0.008966211028866695,
            0.0790705232589906,
            1.3651469174023405,
            -0.013070393590395038,
            -0.020529816248010334,
            -0.0015372822448902156,
            0.07287606268664906,
            0.540600888506825,
            0.01302611078110711,
            -0.00010164599453921924,
            0.0025389323826922237,
            -0.009318965294140471,
            -0.04473397782467772
        ],
        [
            -0.2709601949698267,
            -0.3707818410032,
            0.02743404242978105,
            -0.2604342463980171,
            0.06019364759034868,
            -0.6353440899926821,
            -0.5830399507234334,
            0.007963825914441298,
            -0.07587329482177241,
            -0.013070393590395038,
            -0.5649717508424414,
            -0.6505503286433008,
            0.08962682179702597,
            0.022718660942037366,
            -0.0331100837248558,
            -0.6221872076881777,
            -0.5792448516137827,
            -0.0217775507196028,
            0.11586644652025457,
            0.004591792542522469
        ],
        [
            -0.3113608073136408,
            -0.31718281400775583,
            0.023363684050705838,
            -0.18125364601508298,
            0.04920434865925064,
            -0.5697023946144641,
            -0.4306042872936231,
            -0.010358394553838541,
            -0.1851231318273507,
            -0.020529816248010334,
            -0.6505503286433008,
            -0.44629530083277635,
            0.06571743817618692,
            0.03695444514599871,
            -0.028088707437587738,
            -0.47839572877055436,
            -0.3766066980307463,
            -0.0680636782853826,
            0.25882636763617295,
            0.01554884125993441
        ],
        [
            -0.014411589645665187,
            0.009198657002411646,
            -0.046926855228719866,
            0.002584268467072333,
            9.807423609609761e-05,
            0.015439291009228511,
            0.039598301729859085,
            0.5405165539896384,
            0.021905544866350733,
            -0.0015372822448902156,
            0.08962682179702597,
            0.06571743817618692,
            1.3369126281012031,
            0.07908226946769813,
            0.004874422522654123,
            0.016027379934261787,
            0.06656669868413206,
            0.3597845336340967,
            0.2573584255938809,
            0.0182073963648828
        ],
        [
            0.3311217746644662,
            0.21578837855959684,
            -0.02744747408700598,
            0.15458427638037975,
            -0.05833395487828827,
            0.018768703519187024,
            0.14792137746938272,
            0.0027645214583645675,
            -0.5963675227659592,
            0.07287606268664906,
            0.022718660942037366,
            0.03695444514599871,
            0.07908226946769813,
            0.7214241514416817,
            0.004305958008850719,
            -0.0009615748455941153,
            -0.07943435679667854,
            0.2801713015501869,
            -0.5237409508739035,
            -0.06279614330666558
        ],
        [
            -0.03295198113199582,
            -0.020795931451178362,
            0.0022791942452859634,
            -0.014617466387680925,
            -0.04235301058447104,
            -0.01757168036493359,
            -0.027465872854510274,
            6.332064872554958e-05,
            0.045152555121986834,
            0.540600888506825,
            -0.0331100837248558,
            -0.028088707437587738,
            0.004874422522654123,
            0.004305958008850719,
            1.3587413265529156,
            -0.0010366992264004699,
            -0.019775484691763448,
            0.017984271780812716,
            -0.05657776972194954,
            0.43402598526888736
        ],
        [
            -0.019333559378564978,
            -0.1519349285463225,
            0.009454065018317281,
            -0.08308493895956973,
            0.012696099783514107,
            -0.34034452369742524,
            -0.3579387961931836,
            0.023308248728791683,
            -0.37714566221411,
            0.01302611078110711,
            -0.6221872076881777,
            -0.47839572877055436,
            0.016027379934261787,
            -0.0009615748455941153,
            -0.0010366992264004699,
            -0.3059418716576523,
            -0.4836969610831079,
            -0.08807794424823723,
            0.3060672668800397,
            0.02172764299713538
        ],
        [
            -0.14589277458307393,
            -0.2074342022384097,
            0.014781623463056691,
            -0.12332643387895911,
            0.02874532353465109,
            -0.402666551993473,
            -0.3357670812117943,
            0.0010366680726161745,
            -0.23732677823715911,
            -0.00010164599453921924,
            -0.5792448516137827,
            -0.3766066980307463,
            0.06656669868413206,
            -0.07943435679667854,
            -0.019775484691763448,
            -0.4836969610831079,
            -0.32216820805308033,
            -0.07153792614070403,
            0.25782383587446916,
            0.01723442661168416
        ],
        [
            -0.013349540984597546,
            -0.03107486388439601,
            -0.004209376746281495,
            -0.020680744521276807,
            0.0032302078247134595,
            -0.06799933011548404,
            -0.058861623661902486,
            -0.04486322966728648,
            -0.0571493546551025,
            0.0025389323826922237,
            -0.0217775507196028,
            -0.0680636782853826,
            0.3597845336340967,
            0.2801713015501869,
            0.017984271780812716,
            -0.08807794424823723,
            -0.07153792614070403,
            1.4368422160481231,
            0.08303595976141431,
            0.005618115757257182
        ],
        [
            0.08795438153894086,
            0.14078427336237284,
            -0.01574578885506528,
            0.11547844848891665,
            -0.01889362455593554,
            0.3063824075684787,
            0.22383241066506593,
            0.0168108478020971,
            0.09193653714821526,
            -0.009318965294140471,
            0.11586644652025457,
            0.25882636763617295,
            0.2573584255938809,
            -0.5237409508739035,
            -0.05657776972194954,
            0.3060672668800397,
            0.25782383587446916,
            0.08303595976141431,
            1.162828113630537,
            -0.019096752130652976
        ],
        [
            -0.0033773927259429445,
            0.003661629487576347,
            0.00080574406781346,
            -0.005463048198590441,
            -0.006176205953381607,
            0.01225977758262322,
            0.012864514783494221,
            -0.0004739257212183928,
            0.01677417121323413,
            -0.04473397782467772,
            0.004591792542522469,
            0.01554884125993441,
            0.0182073963648828,
            -0.06279614330666558,
            0.43402598526888736,
            0.02172764299713538,
            0.01723442661168416,
            0.005618115757257182,
            -0.019096752130652976,
            1.4595184236001773
        ]
    ]
}