{
    "HF": -2.1321790123332276,
    "coordinates": [
        [
            0.702549,
            0.000318,
            -0.06477
        ],
        [
            1.491373,
            0.162256,
            0.065762
        ],
        [
            2.177721,
            -0.024858,
            0.060634
        ],
        [
            2.977422,
            -0.195068,
            0.169302
        ]
    ],
    "elements": [
        "H",
        "H",
        "H",
        "H"
    ],
    "Enn": 2.967463578524253,
    "S": [
        [
            0.9999999999999999,
            0.6848602514927513,
            0.0,
            0.0,
            0.0,
            0.5104775664466286,
            0.5426966178793602,
            -0.0823449339671945,
            -0.49762250016653553,
            -0.10215712558437431,
            0.13187556927654,
            0.31845443807229273,
            -0.014686726402788923,
            -0.17276520335120843,
            0.0029484946566027707,
            0.010397777309859881,
            0.10915591515283524,
            -0.001245821077200892,
            -0.012107747750073585,
            0.0010399193281980478
        ],
        [
            0.6848602514927513,
            1.0000000000000002,
            0.0,
            0.0,
            0.0,
            0.5426966178793602,
            0.8650478719044744,
            -0.027710482930218817,
            -0.16745850815851218,
            -0.034377625293060515,
            0.31845443807229273,
            0.6202693330618317,
            -0.015060387289010935,
            -0.17716070968952205,
            0.003023510497178233,
            0.10915591515283528,
            0.3174111714149877,
            -0.008924388762797593,
            -0.08673335998321718,
            0.007449419934071441
        ],
        [
            0.0,
            0.0,
            1.0000000000000004,
            0.0,
            0.0,
            0.08234493396719449,
            0.02771048293021879,
            0.40287683123653834,
            -0.11268093115666752,
            -0.023132314216667373,
            0.01468672640278892,
            0.01506038728901092,
            0.05570309066019842,
            -0.027891306575532453,
            0.0004760065499789888,
            0.0012458210772008918,
            0.008924388762797589,
            0.0009194387614580232,
            -0.0014818264193850585,
            0.00012727221993402227
        ],
        [
            0.0,
            0.0,
            0.0,
            1.0000000000000004,
            0.0,
            0.49762250016653553,
            0.16745850815851215,
            -0.1126809311566675,
            -0.2594244746901295,
            -0.13979196388355672,
            0.17276520335120843,
            0.17716070968952202,
            -0.027891306575532446,
            -0.27002126811906535,
            0.0055994349011642755,
            0.012107747750073589,
            0.08673335998321731,
            -0.001481826419385059,
            -0.013329499699581946,
            0.0012369191393159758
        ],
        [
            0.0,
            0.0,
            0.0,
            0.0,
            1.0000000000000004,
            0.10215712558437427,
            0.03437762529306048,
            -0.023132314216667376,
            -0.13979196388355675,
            0.39282495180382165,
            -0.0029484946566027716,
            -0.0030235104971782314,
            0.00047600654997898896,
            0.005599434901164279,
            0.05797856093534352,
            -0.0010399193281980478,
            -0.00744941993407144,
            0.0001272722199340223,
            0.0012369191393159758,
            0.000965673162536197
        ],
        [
            0.5104775664466286,
            0.5426966178793602,
            0.0823449339671945,
            0.4976225001665357,
            0.10215712558437429,
            0.9999999999999999,
            0.6848602514927513,
            0.0,
            0.0,
            0.0,
            0.5938508258023097,
            0.5737859249994325,
            0.00391706132612154,
            -0.5242720762599196,
            0.14292843466768843,
            0.11562496289618439,
            0.3017768741942808,
            -0.010329492185828251,
            -0.14825315369188602,
            0.03564782176751876
        ],
        [
            0.5426966178793602,
            0.8650478719044744,
            0.027710482930218817,
            0.16745850815851218,
            0.03437762529306052,
            0.6848602514927513,
            1.0000000000000002,
            0.0,
            0.0,
            0.0,
            0.5737859249994325,
            0.8956112970328148,
            0.0011553143863662998,
            -0.154630990338093,
            0.04215590797397518,
            0.3017768741942808,
            0.5997738761668946,
            -0.011739275618661168,
            -0.16848694991149146,
            0.040513085968345484
        ],
        [
            -0.08234493396719449,
            -0.02771048293021879,
            0.40287683123653834,
            -0.11268093115666745,
            -0.023132314216667373,
            0.0,
            0.0,
            1.0000000000000004,
            0.0,
            0.0,
            -0.003917061326121541,
            -0.0011553143863662994,
            0.5183821528644588,
            0.004737009166197939,
            -0.001291415918927368,
            0.010329492185828248,
            0.011739275618661177,
            0.046213126439555614,
            -0.018988802623809125,
            0.004565902543422171
        ],
        [
            -0.49762250016653553,
            -0.16745850815851215,
            -0.11268093115666757,
            -0.2594244746901295,
            -0.1397919638835568,
            0.0,
            0.0,
            0.0,
            1.0000000000000004,
            0.0,
            0.5242720762599196,
            0.15463099033809294,
            0.004737009166197939,
            -0.11559898517583497,
            0.17284725684944635,
            0.14825315369188602,
            0.1684869499114914,
            -0.018988802623809125,
            -0.22499900127286512,
            0.06553172598754077
        ],
        [
            -0.10215712558437426,
            -0.03437762529306047,
            -0.023132314216667376,
            -0.13979196388355666,
            0.39282495180382165,
            0.0,
            0.0,
            0.0,
            0.0,
            1.0000000000000004,
            -0.14292843466768843,
            -0.04215590797397517,
            -0.001291415918927368,
            0.17284725684944635,
            0.4712954705471459,
            -0.03564782176751875,
            -0.04051308596834543,
            0.004565902543422169,
            0.06553172598754076,
            0.031778906684283195
        ],
        [
            0.13187556927654,
            0.31845443807229273,
            0.014686726402788923,
            0.17276520335120843,
            -0.0029484946566027707,
            0.5938508258023097,
            0.5737859249994325,
            -0.00391706132612154,
            0.5242720762599196,
            -0.14292843466768843,
            0.9999999999999999,
            0.6848602514927513,
            0.0,
            0.0,
            0.0,
            0.5034469520142872,
            0.5398979050636185,
            -0.06735893990101728,
            -0.4957026134444676,
            0.10550636029513882
        ],
        [
            0.31845443807229273,
            0.6202693330618317,
            0.015060387289010935,
            0.17716070968952205,
            -0.003023510497178232,
            0.5737859249994325,
            0.8956112970328148,
            -0.0011553143863662998,
            0.154630990338093,
            -0.04215590797397518,
            0.6848602514927513,
            1.0000000000000002,
            0.0,
            0.0,
            0.0,
            0.5398979050636185,
            0.8622642279720724,
            -0.022942012984298175,
            -0.16883305780502242,
            0.03593477408305471
        ],
        [
            -0.01468672640278892,
            -0.015060387289010914,
            0.05570309066019842,
            -0.027891306575532446,
            0.0004760065499789888,
            0.003917061326121541,
            0.0011553143863662994,
            0.5183821528644588,
            0.004737009166197939,
            -0.001291415918927368,
            0.0,
            0.0,
            1.0000000000000004,
            0.0,
            0.0,
            0.06735893990101725,
            0.02294201298429815,
            0.40082721311453684,
            -0.09329134693965752,
            0.01985632150341079
        ],
        [
            -0.17276520335120837,
            -0.17716070968952202,
            -0.027891306575532453,
            -0.27002126811906535,
            0.005599434901164278,
            -0.5242720762599196,
            -0.15463099033809294,
            0.004737009166197939,
            -0.11559898517583497,
            0.17284725684944635,
            0.0,
            0.0,
            0.0,
            1.0000000000000004,
            0.0,
            0.4957026134444676,
            0.1688330578050224,
            -0.09329134693965752,
            -0.2730381627681105,
            0.14612507971619154
        ],
        [
            0.0029484946566027716,
            0.0030235104971782327,
            0.00047600654997898896,
            0.005599434901164276,
            0.05797856093534352,
            0.14292843466768843,
            0.04215590797397518,
            -0.001291415918927368,
            0.17284725684944635,
            0.4712954705471459,
            0.0,
            0.0,
            0.0,
            0.0,
            1.0000000000000004,
            -0.10550636029513881,
            -0.03593477408305471,
            0.01985632150341079,
            0.14612507971619154,
            0.38240261976120327
        ],
        [
            0.010397777309859881,
            0.10915591515283524,
            0.001245821077200892,
            0.012107747750073585,
            -0.0010399193281980478,
            0.11562496289618439,
            0.3017768741942808,
            0.010329492185828251,
            0.14825315369188602,
            -0.03564782176751876,
            0.5034469520142872,
            0.5398979050636185,
            0.06735893990101728,
            0.4957026134444676,
            -0.10550636029513882,
            0.9999999999999999,
            0.6848602514927513,
            0.0,
            0.0,
            0.0
        ],
        [
            0.10915591515283528,
            0.3174111714149877,
            0.008924388762797594,
            0.08673335998321725,
            -0.00744941993407144,
            0.3017768741942808,
            0.5997738761668946,
            0.011739275618661178,
            0.16848694991149146,
            -0.040513085968345484,
            0.5398979050636185,
            0.8622642279720724,
            0.022942012984298175,
            0.16883305780502242,
            -0.03593477408305471,
            0.6848602514927513,
            1.0000000000000002,
            0.0,
            0.0,
            0.0
        ],
        [
            -0.0012458210772008918,
            -0.008924388762797593,
            0.0009194387614580232,
            -0.0014818264193850585,
            0.00012727221993402227,
            -0.010329492185828248,
            -0.011739275618661187,
            0.046213126439555614,
            -0.018988802623809125,
            0.004565902543422171,
            -0.06735893990101725,
            -0.022942012984298172,
            0.40082721311453684,
            -0.09329134693965752,
            0.01985632150341079,
            0.0,
            0.0,
            1.0000000000000004,
            0.0,
            0.0
        ],
        [
            -0.012107747750073585,
            -0.08673335998321731,
            -0.001481826419385059,
            -0.013329499699581946,
            0.0012369191393159758,
            -0.14825315369188602,
            -0.1684869499114914,
            -0.018988802623809125,
            -0.22499900127286512,
            0.06553172598754077,
            -0.4957026134444676,
            -0.1688330578050224,
            -0.09329134693965752,
            -0.2730381627681105,
            0.14612507971619154,
            0.0,
            0.0,
            0.0,
            1.0000000000000004,
            0.0
        ],
        [
            0.0010399193281980478,
            0.007449419934071441,
            0.0001272722199340223,
            0.0012369191393159758,
            0.000965673162536197,
            0.03564782176751875,
            0.04051308596834543,
            0.004565902543422169,
            0.06553172598754076,
            0.031778906684283195,
            0.10550636029513881,
            0.035934774083054705,
            0.01985632150341079,
            0.14612507971619154,
            0.38240261976120327,
            0.0,
            0.0,
            0.0,
            0.0,
            1.0000000000000004
        ]
    ],
    "h": [
        [
            -0.24353569287967614,
            -0.456487718031207,
            -0.04110521209457962,
            -0.2570676842602973,
            -0.05014991084428345,
            -0.557256302954069,
            -0.4470207495100428,
            0.011254230502597717,
            0.03235533858936457,
            0.018576982408127274,
            -0.2676292361111345,
            -0.3158636525072459,
            0.014939513088311068,
            0.3215523896372709,
            -0.047538804290807465,
            -0.003765800327686815,
            -0.124386429696733,
            0.0053568949275090965,
            0.059476342545925535,
            -0.009712460981262508
        ],
        [
            -0.456487718031207,
            -0.3125622403645152,
            -0.03577029297971984,
            -0.22920267177924356,
            -0.04225126521649408,
            -0.5363520152243955,
            -0.36831026774272235,
            0.033321529568169375,
            0.08689971903480082,
            0.06865079216935914,
            -0.3542755182514576,
            -0.31665722235781013,
            2.3132717707763373e-05,
            0.2065135753884508,
            -0.04419903309775949,
            -0.12456148476104323,
            -0.18820552097017618,
            0.012392169735468339,
            0.11124095959902144,
            -0.02245420245290944
        ],
        [
            -0.04110521209457962,
            -0.03577029297971984,
            1.4750275787860412,
            -0.03884334124262117,
            -0.0075771260916264425,
            -0.012208538602242858,
            -0.033332190785734434,
            0.2998541897573513,
            -0.15482148915122557,
            -0.028694595007119475,
            -0.03152473774961741,
            -0.028222847314421144,
            -0.04609477977388696,
            0.03215027505878563,
            -0.006437807241900937,
            -0.005936549584112505,
            -0.014827614165611083,
            -0.0026548581549398877,
            0.009282847204962343,
            -0.0013773993642663077
        ],
        [
            -0.2570676842602973,
            -0.22920267177924356,
            -0.03884334124262117,
            1.2340042882513667,
            -0.04553639903957934,
            -0.10155705640814838,
            -0.22304825977422316,
            -0.14581957967450448,
            -0.6254866446341161,
            -0.16445627174520006,
            -0.25657648093118746,
            -0.18819183603125628,
            0.0020838552054729745,
            0.15751991974949509,
            -0.04481477859588118,
            -0.06146868512552498,
            -0.11457498661708854,
            0.00866565523952557,
            0.08084916290087271,
            -0.012152237747647343
        ],
        [
            -0.05014991084428345,
            -0.04225126521649408,
            -0.0075771260916264425,
            -0.04553639903957934,
            1.4717693641031089,
            -0.009162803474984105,
            -0.03679365034347697,
            -0.030625000881367645,
            -0.18740378187296775,
            0.2864989635352796,
            -0.022062712140147316,
            -0.030876337906154697,
            0.001300737758137627,
            0.038371367466823667,
            -0.053366293377995325,
            0.0025681957371869336,
            -0.010017130884301402,
            -0.0002207508365804542,
            -0.0014703962250148467,
            -0.0036684289514027765
        ],
        [
            -0.557256302954069,
            -0.5363520152243955,
            -0.012208538602242858,
            -0.10155705640814838,
            -0.009162803474984105,
            -0.4671941072599326,
            -0.6108684295827073,
            0.04104254266657456,
            -0.018434330360950046,
            0.11780027255802199,
            -0.5742106065143179,
            -0.5405142678003915,
            0.00036833057807790157,
            0.05419294192103352,
            0.0008927442300622479,
            -0.2471285563361256,
            -0.34137518975982584,
            0.024502020403884578,
            0.2424733508113728,
            -0.05465752714549563
        ],
        [
            -0.4470207495100428,
            -0.36831026774272235,
            -0.033332190785734434,
            -0.22304825977422316,
            -0.03679365034347697,
            -0.6108684295827073,
            -0.43935433427063586,
            0.0320834829265211,
            -0.027385850916882254,
            0.0981076474536414,
            -0.5387733127006167,
            -0.4211649355916216,
            -0.011328522418730894,
            0.1516085231991387,
            -0.035135717929988985,
            -0.3023924212746525,
            -0.30864628596378807,
            0.0221849717708856,
            0.1784018485522827,
            -0.039165218680968866
        ],
        [
            0.011254230502597717,
            0.033321529568169375,
            0.2998541897573513,
            -0.14581957967450448,
            -0.030625000881367645,
            0.04104254266657456,
            0.0320834829265211,
            1.3848144077359277,
            -0.040321971761248104,
            -0.007503168574421703,
            0.0037393111886858815,
            0.01660189101898414,
            0.4545994094654693,
            -0.013331667495482286,
            0.0008225189767303892,
            -0.012888230377202064,
            0.0016348050264965563,
            -0.04573085381382544,
            0.004163364186581191,
            -0.0009710639261408822
        ],
        [
            0.03235533858936457,
            0.08689971903480082,
            -0.15482148915122557,
            -0.6254866446341161,
            -0.18740378187296775,
            -0.018434330360950046,
            -0.027385850916882254,
            -0.040321971761248104,
            0.8450610104358001,
            0.03354550234464338,
            -0.03616019286831085,
            -0.13815676083611594,
            -0.010050091208330544,
            -0.6219392734278022,
            0.27451120242454513,
            -0.3074903533503395,
            -0.19937206728008539,
            0.02741601587447575,
            0.18550387347056368,
            -0.05208473413051254
        ],
        [
            0.018576982408127274,
            0.06865079216935914,
            -0.028694595007119475,
            -0.16445627174520006,
            0.2864989635352796,
            0.11780027255802199,
            0.0981076474536414,
            -0.007503168574421703,
            0.03354550234464338,
            1.3613040019815834,
            0.03024486011425853,
            0.08791120291475382,
            -0.0006098360110164405,
            0.2440276110566747,
            0.3876448069456112,
            0.06789613456153708,
            0.06342342775636567,
            -0.00706503923805275,
            -0.061465035257556214,
            -0.0325927142066487
        ],
        [
            -0.2676292361111345,
            -0.3542755182514576,
            -0.03152473774961741,
            -0.25657648093118746,
            -0.022062712140147316,
            -0.5742106065143179,
            -0.5387733127006167,
            0.0037393111886858815,
            -0.03616019286831085,
            0.03024486011425853,
            -0.4611577408410392,
            -0.6110121147354939,
            -0.0328180064075197,
            0.02947738278719042,
            -0.02070655431661027,
            -0.5442057001197025,
            -0.5291403211046926,
            0.008921593976232323,
            0.09070521394001285,
            -0.02180755857134531
        ],
        [
            -0.3158636525072459,
            -0.31665722235781013,
            -0.028222847314421144,
            -0.18819183603125628,
            -0.030876337906154697,
            -0.5405142678003915,
            -0.4211649355916216,
            0.01660189101898414,
            -0.13815676083611594,
            0.08791120291475382,
            -0.6110121147354939,
            -0.44306117901638165,
            -0.02532313730706662,
            0.036342098450097435,
            -0.015935835812179222,
            -0.43864644120435703,
            -0.36372814829911126,
            0.026338915336680473,
            0.21314673411517132,
            -0.04742546206532651
        ],
        [
            0.014939513088311068,
            2.3132717707763373e-05,
            -0.04609477977388696,
            0.0020838552054729745,
            0.001300737758137627,
            0.00036833057807790157,
            -0.011328522418730894,
            0.4545994094654693,
            -0.010050091208330544,
            -0.0006098360110164405,
            -0.0328180064075197,
            -0.02532313730706662,
            1.3910073433818335,
            -0.03434842855961174,
            0.006477262929961688,
            -0.00980812200589433,
            -0.02733637468241019,
            0.30002213732381205,
            -0.12081900092916428,
            0.02550849693867966
        ],
        [
            0.3215523896372709,
            0.2065135753884508,
            0.03215027505878563,
            0.15751991974949509,
            0.038371367466823667,
            0.05419294192103352,
            0.1516085231991387,
            -0.013331667495482286,
            -0.6219392734278022,
            0.2440276110566747,
            0.02947738278719042,
            0.036342098450097435,
            -0.03434842855961174,
            0.8402678432076076,
            0.12469257092190951,
            -0.038329316457392126,
            -0.08949947401829839,
            -0.1275134038065853,
            -0.6329762431441055,
            0.20155198859078377
        ],
        [
            -0.047538804290807465,
            -0.04419903309775949,
            -0.006437807241900937,
            -0.04481477859588118,
            -0.053366293377995325,
            0.0008927442300622479,
            -0.035135717929988985,
            0.0008225189767303892,
            0.27451120242454513,
            0.3876448069456112,
            -0.02070655431661027,
            -0.015935835812179222,
            0.006477262929961688,
            0.12469257092190951,
            1.365910346033176,
            0.0007418745417072936,
            0.011096525249441554,
            0.027618650697545058,
            0.20645277291906644,
            0.272697928390927
        ],
        [
            -0.003765800327686815,
            -0.12456148476104323,
            -0.005936549584112505,
            -0.06146868512552498,
            0.0025681957371869336,
            -0.2471285563361256,
            -0.3023924212746525,
            -0.012888230377202064,
            -0.3074903533503395,
            0.06789613456153708,
            -0.5442057001197025,
            -0.43864644120435703,
            -0.00980812200589433,
            -0.038329316457392126,
            0.0007418745417072936,
            -0.2323381092145329,
            -0.45088995699365686,
            0.0328169051779129,
            0.2493957102267819,
            -0.05491456877387745
        ],
        [
            -0.124386429696733,
            -0.18820552097017618,
            -0.014827614165611083,
            -0.11457498661708854,
            -0.010017130884301402,
            -0.34137518975982584,
            -0.30864628596378807,
            0.0016348050264965563,
            -0.19937206728008539,
            0.06342342775636567,
            -0.5291403211046926,
            -0.36372814829911126,
            -0.02733637468241019,
            -0.08949947401829839,
            0.011096525249441554,
            -0.45088995699365686,
            -0.30749585598189033,
            0.028657048800009962,
            0.222515914266745,
            -0.04926320297389257
        ],
        [
            0.0053568949275090965,
            0.012392169735468339,
            -0.0026548581549398877,
            0.00866565523952557,
            -0.0002207508365804542,
            0.024502020403884578,
            0.0221849717708856,
            -0.04573085381382544,
            0.02741601587447575,
            -0.00706503923805275,
            0.008921593976232323,
            0.026338915336680473,
            0.30002213732381205,
            -0.1275134038065853,
            0.027618650697545058,
            0.0328169051779129,
            0.028657048800009962,
            1.4870052348990213,
            -0.030901941588204994,
            0.0066614438165493225
        ],
        [
            0.059476342545925535,
            0.11124095959902144,
            0.009282847204962343,
            0.08084916290087271,
            -0.0014703962250148467,
            0.2424733508113728,
            0.1784018485522827,
            0.004163364186581191,
            0.18550387347056368,
            -0.061465035257556214,
            0.09070521394001285,
            0.21314673411517132,
            -0.12081900092916428,
            -0.6329762431441055,
            0.20645277291906644,
            0.2493957102267819,
            0.222515914266745,
            -0.030901941588204994,
            1.2535838990623087,
            0.051668472528856355
        ],
        [
            -0.009712460981262508,
            -0.02245420245290944,
            -0.0013773993642663077,
            -0.012152237747647343,
            -0.0036684289514027765,
            -0.05465752714549563,
            -0.039165218680968866,
            -0.0009710639261408822,
            -0.05208473413051254,
            -0.0325927142066487,
            -0.02180755857134531,
            -0.04742546206532651,
            0.02550849693867966,
            0.20155198859078377,
            0.272697928390927,
            -0.05491456877387745,
            -0.04926320297389257,
            0.0066614438165493225,
            0.051668472528856355,
            1.4798145025236722
        ]
    ]
}