{
    "HF": -2.1132639909374142,
    "coordinates": [
        [
            0.736454,
            -0.178117,
            -0.032077
        ],
        [
            1.483533,
            0.045616,
            0.156293
        ],
        [
            2.150656,
            0.145655,
            0.105568
        ],
        [
            2.988512,
            0.121321,
            -0.13295
        ]
    ],
    "elements": [
        "H",
        "H",
        "H",
        "H"
    ],
    "Enn": 2.9897353944324077,
    "S": [
        [
            0.9999999999999999,
            0.6848602514927513,
            0.0,
            0.0,
            0.0,
            0.5210604123155507,
            0.5468541740673121,
            -0.1219591598937902,
            -0.48369234599083144,
            -0.14485474714931976,
            0.13986641637220232,
            0.32618283036429857,
            -0.017321228303086973,
            -0.17796298963770718,
            -0.04074342497110011,
            0.011240333572218892,
            0.1128755168811894,
            0.0005905982235580179,
            -0.013185505082129236,
            -0.001753170331662246
        ],
        [
            0.6848602514927513,
            1.0000000000000002,
            0.0,
            0.0,
            0.0,
            0.5468541740673121,
            0.8691729810706872,
            -0.040315978707942866,
            -0.15989393776690142,
            -0.047884561577024955,
            0.32618283036429857,
            0.6296285810136968,
            -0.016959934638412826,
            -0.17425096069971802,
            -0.03989358100728825,
            0.1128755168811894,
            0.32414768181938636,
            0.003986796896153161,
            -0.08900793913492103,
            -0.011834668236201065
        ],
        [
            0.0,
            0.0,
            1.0000000000000004,
            0.0,
            0.0,
            0.12195915989379022,
            0.040315978707942866,
            0.39369620551356116,
            -0.1584321672542789,
            -0.047446794885549703,
            0.017321228303086963,
            0.016959934638412808,
            0.06037203565708063,
            -0.0320881648543882,
            -0.00734636870209134,
            -0.0005905982235580179,
            -0.0039867968961531585,
            0.0011827203297481712,
            0.0007164661772684554,
            9.526273266004325e-05
        ],
        [
            0.0,
            0.0,
            0.0,
            1.0000000000000004,
            0.0,
            0.4836923459908314,
            0.15989393776690158,
            -0.1584321672542789,
            -0.1947013758898445,
            -0.18817489024951733,
            0.17796298963770718,
            0.17425096069971793,
            -0.032088164854388215,
            -0.266187301130383,
            -0.07547858121424665,
            0.013185505082129236,
            0.089007939134921,
            0.0007164661772684554,
            -0.014780780434587503,
            -0.0021268049843755185
        ],
        [
            0.0,
            0.0,
            0.0,
            0.0,
            1.0000000000000004,
            0.1448547471493198,
            0.0478845615770249,
            -0.04744679488554969,
            -0.1881748902495173,
            0.37728955323916075,
            0.04074342497110011,
            0.039893581007288265,
            -0.007346368702091345,
            -0.07547858121424666,
            0.046214881484256086,
            0.0017531703316622457,
            0.011834668236201051,
            9.526273266004325e-05,
            -0.0021268049843755185,
            0.0009320277906520042
        ],
        [
            0.5210604123155507,
            0.5468541740673121,
            0.1219591598937902,
            0.48369234599083144,
            0.14485474714931976,
            0.9999999999999999,
            0.6848602514927513,
            0.0,
            0.0,
            0.0,
            0.6223051556625105,
            0.5835913203590972,
            0.041101680450585626,
            -0.5405594158153976,
            -0.08106004949425602,
            0.11487894390654363,
            0.3009769472308474,
            0.028629206611476023,
            -0.1489624804642898,
            -0.00749326374889554
        ],
        [
            0.5468541740673121,
            0.8691729810706872,
            0.040315978707942866,
            0.1598939377669016,
            0.04788456157702495,
            0.6848602514927513,
            1.0000000000000002,
            0.0,
            0.0,
            0.0,
            0.5835913203590972,
            0.905119169436171,
            0.011636665765193266,
            -0.1530426293794586,
            -0.022949638373270985,
            0.30097694723084745,
            0.5987801862372139,
            0.03270112609725453,
            -0.1701493486539693,
            -0.008559027361743087
        ],
        [
            -0.12195915989379022,
            -0.040315978707942866,
            0.39369620551356116,
            -0.1584321672542789,
            -0.047446794885549703,
            0.0,
            0.0,
            1.0000000000000004,
            0.0,
            0.0,
            -0.04110168045058562,
            -0.01163666576519329,
            0.5484008414409483,
            0.048503049622840556,
            0.0072733162868306835,
            -0.02862920661147604,
            -0.03270112609725452,
            0.03684548449895166,
            0.05319347377934658,
            0.0026757927734974585
        ],
        [
            -0.48369234599083155,
            -0.1598939377669014,
            -0.1584321672542789,
            -0.1947013758898445,
            -0.18817489024951733,
            0.0,
            0.0,
            0.0,
            1.0000000000000004,
            0.0,
            0.5405594158153976,
            0.1530426293794586,
            0.04850304962284059,
            -0.08581165022018727,
            -0.09565690648042088,
            0.1489624804642899,
            0.17014934865396927,
            0.05319347377934658,
            -0.22970563443981365,
            -0.013922590805880979
        ],
        [
            -0.1448547471493198,
            -0.04788456157702491,
            -0.04744679488554969,
            -0.1881748902495173,
            0.37728955323916075,
            0.0,
            0.0,
            0.0,
            0.0,
            1.0000000000000004,
            0.08106004949425602,
            0.022949638373270985,
            0.007273316286830689,
            -0.09565690648042088,
            0.5377444796077088,
            0.007493263748895543,
            0.00855902736174308,
            0.0026757927734974585,
            -0.013922590805880979,
            0.04636842814095618
        ],
        [
            0.13986641637220232,
            0.32618283036429857,
            0.017321228303086973,
            0.17796298963770718,
            0.04074342497110011,
            0.6223051556625105,
            0.5835913203590972,
            -0.041101680450585626,
            0.5405594158153976,
            0.08106004949425602,
            0.9999999999999999,
            0.6848602514927513,
            0.0,
            0.0,
            0.0,
            0.4676354823515642,
            0.5251644656978621,
            0.13466046930552011,
            -0.47302963369827783,
            0.013738283316481475
        ],
        [
            0.32618283036429857,
            0.6296285810136968,
            0.016959934638412826,
            0.17425096069971802,
            0.03989358100728825,
            0.5835913203590972,
            0.905119169436171,
            -0.01163666576519329,
            0.1530426293794586,
            0.02294963837327097,
            0.6848602514927513,
            1.0000000000000002,
            0.0,
            0.0,
            0.0,
            0.5251644656978622,
            0.8475185743254875,
            0.048890181513828235,
            -0.17173937364245095,
            0.004987857004324598
        ],
        [
            -0.017321228303086963,
            -0.016959934638412815,
            0.06037203565708063,
            -0.0320881648543882,
            -0.00734636870209134,
            0.041101680450585626,
            0.011636665765193266,
            0.5484008414409483,
            0.04850304962284059,
            0.007273316286830688,
            0.0,
            0.0,
            1.0000000000000004,
            0.0,
            0.0,
            -0.1346604693055201,
            -0.04889018151382827,
            0.31800473597457973,
            0.19358100585023993,
            -0.005622207391675593
        ],
        [
            -0.17796298963770718,
            -0.17425096069971782,
            -0.032088164854388215,
            -0.266187301130383,
            -0.07547858121424665,
            -0.5405594158153976,
            -0.1530426293794586,
            0.048503049622840556,
            -0.08581165022018727,
            -0.09565690648042088,
            0.0,
            0.0,
            0.0,
            1.0000000000000004,
            0.0,
            0.47302963369827783,
            0.17173937364245093,
            0.1935810058502401,
            -0.3068904975342754,
            0.01974945369473058
        ],
        [
            -0.04074342497110011,
            -0.039893581007288265,
            -0.007346368702091345,
            -0.07547858121424666,
            0.046214881484256086,
            -0.08106004949425602,
            -0.022949638373270985,
            0.007273316286830684,
            -0.0956569064804209,
            0.5377444796077088,
            0.0,
            0.0,
            0.0,
            0.0,
            1.0000000000000004,
            -0.013738283316481456,
            -0.004987857004324618,
            -0.005622207391675585,
            0.01974945369473053,
            0.37253913227559077
        ],
        [
            0.011240333572218892,
            0.1128755168811894,
            -0.0005905982235580179,
            0.013185505082129236,
            0.001753170331662246,
            0.11487894390654363,
            0.3009769472308474,
            -0.028629206611476023,
            0.1489624804642898,
            0.007493263748895542,
            0.4676354823515642,
            0.5251644656978621,
            -0.13466046930552011,
            0.47302963369827783,
            -0.013738283316481456,
            0.9999999999999999,
            0.6848602514927513,
            0.0,
            0.0,
            0.0
        ],
        [
            0.1128755168811894,
            0.32414768181938636,
            -0.003986796896153161,
            0.08900793913492103,
            0.01183466823620107,
            0.30097694723084745,
            0.5987801862372139,
            -0.03270112609725453,
            0.1701493486539693,
            0.008559027361743087,
            0.5251644656978622,
            0.8475185743254875,
            -0.048890181513828235,
            0.17173937364245095,
            -0.004987857004324619,
            0.6848602514927513,
            1.0000000000000002,
            0.0,
            0.0,
            0.0
        ],
        [
            0.0005905982235580179,
            0.00398679689615316,
            0.0011827203297481712,
            0.0007164661772684554,
            9.526273266004325e-05,
            0.02862920661147604,
            0.03270112609725452,
            0.03684548449895166,
            0.05319347377934658,
            0.002675792773497459,
            0.1346604693055201,
            0.04889018151382825,
            0.31800473597457973,
            0.19358100585024016,
            -0.005622207391675586,
            0.0,
            0.0,
            1.0000000000000004,
            0.0,
            0.0
        ],
        [
            -0.013185505082129236,
            -0.089007939134921,
            0.0007164661772684554,
            -0.014780780434587503,
            -0.0021268049843755185,
            -0.1489624804642899,
            -0.17014934865396927,
            0.05319347377934658,
            -0.22970563443981365,
            -0.013922590805880982,
            -0.47302963369827783,
            -0.17173937364245093,
            0.1935810058502399,
            -0.3068904975342755,
            0.01974945369473053,
            0.0,
            0.0,
            0.0,
            1.0000000000000004,
            0.0
        ],
        [
            -0.0017531703316622457,
            -0.011834668236201055,
            9.526273266004325e-05,
            -0.0021268049843755185,
            0.0009320277906520042,
            -0.007493263748895541,
            -0.008559027361743075,
            0.0026757927734974577,
            -0.013922590805880977,
            0.04636842814095618,
            0.013738283316481475,
            0.004987857004324618,
            -0.005622207391675592,
            0.01974945369473058,
            0.37253913227559077,
            0.0,
            0.0,
            0.0,
            0.0,
            1.0000000000000004
        ]
    ],
    "h": [
        [
            -0.2519536134044056,
            -0.4590465601272944,
            -0.06319577622811695,
            -0.25331404787200595,
            -0.07589715117232748,
            -0.5672751596746624,
            -0.4501135957306994,
            0.012305022459340176,
            0.024786575966931457,
            0.009045019307204971,
            -0.2856108089914167,
            -0.3232385049650037,
            -0.0038553155155204924,
            0.33350315630360455,
            0.0578400597828268,
            -0.0031950721880111,
            -0.1252025199285749,
            -0.007736137576997096,
            0.061327978591141696,
            0.005260542282769863
        ],
        [
            -0.4590465601272944,
            -0.31316715426275543,
            -0.0541327157140727,
            -0.224707420454892,
            -0.06643342047751324,
            -0.5462666696965486,
            -0.36952439223058264,
            0.05528950673374247,
            0.07438286714471176,
            0.038561674259364256,
            -0.36798258258403255,
            -0.3210292771459502,
            -0.0026158878286140566,
            0.21902743552411374,
            0.041089090950818814,
            -0.12247115382234755,
            -0.18795235585187847,
            -0.023935332730639976,
            0.10777136411844677,
            0.0019809436680625764
        ],
        [
            -0.06319577622811695,
            -0.0541327157140727,
            1.4617406047426622,
            -0.05653187932004792,
            -0.016841857213030133,
            -0.018021126248710106,
            -0.049877648792598664,
            0.28731176403976433,
            -0.21808285321049636,
            -0.06430521063127181,
            -0.04455881802754217,
            -0.042145374910443935,
            -0.04940856692277605,
            0.050218773609846584,
            0.008397723175628915,
            -0.0019337009242182252,
            -0.017483715111135945,
            -0.004723663422351124,
            0.003358153232832402,
            3.819339318926983e-05
        ],
        [
            -0.25331404787200595,
            -0.224707420454892,
            -0.05653187932004792,
            1.2377611222224822,
            -0.06980456277014208,
            -0.10384666659616626,
            -0.22160107798292106,
            -0.20276354604932534,
            -0.553128353687834,
            -0.25739380819858576,
            -0.2643616726668949,
            -0.18970914766490882,
            -0.009732990541142565,
            0.14788185873917614,
            0.03193494475393241,
            -0.06345535638127983,
            -0.11490985081786723,
            -0.010796504738740255,
            0.08378536247928772,
            0.007323184189014906
        ],
        [
            -0.07589715117232748,
            -0.06643342047751324,
            -0.016841857213030133,
            -0.06980456277014208,
            1.4551449966679062,
            -0.027628822525814445,
            -0.06384411010343784,
            -0.06135119462605358,
            -0.26391784806526364,
            0.2631303885652184,
            -0.06899020538697104,
            -0.054285619467147835,
            -0.002591536643242451,
            0.059251239480767104,
            -0.037959637332960164,
            -0.011634521341407345,
            -0.028622715522292952,
            -0.0022375359267054703,
            0.01608087010525585,
            -0.002714527562854395
        ],
        [
            -0.5672751596746624,
            -0.5462666696965486,
            -0.018021126248710106,
            -0.10384666659616626,
            -0.027628822525814445,
            -0.5016393182783565,
            -0.6256280001675081,
            0.08015514081767122,
            -0.04675612982376738,
            0.02788382673969115,
            -0.6004512504655193,
            -0.5576275605648822,
            0.016798115968703897,
            0.05542752570500298,
            0.021147067608923736,
            -0.24446055626129665,
            -0.3471402865245058,
            -0.0560447562882599,
            0.24061119957890195,
            0.003548438497130914
        ],
        [
            -0.4501135957306994,
            -0.36952439223058264,
            -0.049877648792598664,
            -0.22160107798292106,
            -0.06384411010343784,
            -0.6256280001675081,
            -0.44292521642813076,
            0.0662704203097575,
            -0.04594595740206035,
            0.02242555144522121,
            -0.549312248470389,
            -0.42418964522383096,
            0.015846637891787245,
            0.17082226352740545,
            0.046842014751224056,
            -0.29443741128064294,
            -0.3080167375453864,
            -0.04595777342060541,
            0.16944357751624467,
            -0.0028757260990719593
        ],
        [
            0.012305022459340176,
            0.05528950673374247,
            0.28731176403976433,
            -0.20276354604932534,
            -0.06135119462605358,
            0.08015514081767122,
            0.0662704203097575,
            1.3650112170739372,
            -0.026986971594223714,
            -0.012157839432929324,
            0.025265594974965513,
            0.051521893926740496,
            0.4980997043511607,
            0.0561854504065194,
            0.006021519717239174,
            0.03245078191813669,
            0.028729912389961088,
            -0.03879262681609674,
            -0.027530990585630494,
            6.854920305130775e-05
        ],
        [
            0.024786575966931457,
            0.07438286714471176,
            -0.21808285321049636,
            -0.553128353687834,
            -0.26391784806526364,
            -0.04675612982376738,
            -0.04594595740206035,
            -0.026986971594223714,
            0.8157081925088139,
            -0.11460521913422009,
            -0.026693242041146314,
            -0.15201877247024742,
            0.09325984622753729,
            -0.5968484561304959,
            -0.15359074834129766,
            -0.3067489025261726,
            -0.20793859359950723,
            -0.060851113620395164,
            0.18278401870061345,
            -0.0027161965406000653
        ],
        [
            0.009045019307204971,
            0.038561674259364256,
            -0.06430521063127181,
            -0.25739380819858576,
            0.2631303885652184,
            0.02788382673969115,
            0.02242555144522121,
            -0.012157839432929324,
            -0.11460521913422009,
            1.3540940612100494,
            0.009295596562867325,
            -0.0027056213043294627,
            0.012911174999002267,
            -0.1756454122078505,
            0.4806479841659841,
            -0.03509420725128927,
            -0.02296137242855726,
            -0.007024554488903479,
            0.025823756655208426,
            -0.04619917093326402
        ],
        [
            -0.2856108089914167,
            -0.36798258258403255,
            -0.04455881802754217,
            -0.2643616726668949,
            -0.06899020538697104,
            -0.6004512504655193,
            -0.549312248470389,
            0.025265594974965513,
            -0.026693242041146314,
            0.009295596562867325,
            -0.4622752049478138,
            -0.610719553154074,
            0.03803244551568242,
            0.0817067953813089,
            0.04962871933326652,
            -0.517481714937988,
            -0.5178128173557868,
            -0.025169281492119,
            0.10049188231262218,
            0.0003152575643753479
        ],
        [
            -0.3232385049650037,
            -0.3210292771459502,
            -0.042145374910443935,
            -0.18970914766490882,
            -0.054285619467147835,
            -0.5576275605648822,
            -0.42418964522383096,
            0.051521893926740496,
            -0.15201877247024742,
            -0.0027056213043294627,
            -0.610719553154074,
            -0.4427561389386536,
            0.03525481677521883,
            0.06466964664057426,
            0.04254740859730992,
            -0.42205875247661173,
            -0.36068403994956766,
            -0.05399785352138603,
            0.1980340534095547,
            -0.0034494325407628396
        ],
        [
            -0.0038553155155204924,
            -0.0026158878286140566,
            -0.04940856692277605,
            -0.009732990541142565,
            -0.002591536643242451,
            0.016798115968703897,
            0.015846637891787245,
            0.4980997043511607,
            0.09325984622753729,
            0.012911174999002267,
            0.03803244551568242,
            0.03525481677521883,
            1.376115090889213,
            0.07766284407541854,
            0.0018099412629389638,
            0.012858906062694686,
            0.04137277420754917,
            0.19079549404566598,
            0.24641454512636657,
            -0.007273292785731713
        ],
        [
            0.33350315630360455,
            0.21902743552411374,
            0.050218773609846584,
            0.14788185873917614,
            0.059251239480767104,
            0.05542752570500298,
            0.17082226352740545,
            0.0561854504065194,
            -0.5968484561304959,
            -0.1756454122078505,
            0.0817067953813089,
            0.06466964664057426,
            0.07766284407541854,
            0.8343862180881128,
            -0.05010408939898451,
            -0.04951856148245681,
            -0.07288677952849043,
            0.25360049581017646,
            -0.6430111373662946,
            0.023392757680968417
        ],
        [
            0.0578400597828268,
            0.041089090950818814,
            0.008397723175628915,
            0.03193494475393241,
            -0.037959637332960164,
            0.021147067608923736,
            0.046842014751224056,
            0.006021519717239174,
            -0.15359074834129766,
            0.4806479841659841,
            0.04962871933326652,
            0.04254740859730992,
            0.0018099412629389638,
            -0.05010408939898451,
            1.3847226064482792,
            0.0020764635972023507,
            0.020250094095222465,
            -0.005549950379275427,
            0.016642195610261687,
            0.25986394278190494
        ],
        [
            -0.0031950721880111,
            -0.12247115382234755,
            -0.0019337009242182252,
            -0.06345535638127983,
            -0.011634521341407345,
            -0.24446055626129665,
            -0.29443741128064294,
            0.03245078191813669,
            -0.3067489025261726,
            -0.03509420725128927,
            -0.517481714937988,
            -0.42205875247661173,
            0.012858906062694686,
            -0.04951856148245681,
            0.0020764635972023507,
            -0.20614754879558617,
            -0.43756518929564714,
            -0.06412912923234845,
            0.2241178374587905,
            -0.006406621335554296
        ],
        [
            -0.1252025199285749,
            -0.18795235585187847,
            -0.017483715111135945,
            -0.11490985081786723,
            -0.028622715522292952,
            -0.3471402865245058,
            -0.3080167375453864,
            0.028729912389961088,
            -0.20793859359950723,
            -0.02296137242855726,
            -0.5178128173557868,
            -0.36068403994956766,
            0.04137277420754917,
            -0.07288677952849043,
            0.020250094095222465,
            -0.43756518929564714,
            -0.30288531477467173,
            -0.05858838788388737,
            0.2075537521300969,
            -0.00525203358534651
        ],
        [
            -0.007736137576997096,
            -0.023935332730639976,
            -0.004723663422351124,
            -0.010796504738740255,
            -0.0022375359267054703,
            -0.0560447562882599,
            -0.04595777342060541,
            -0.03879262681609674,
            -0.060851113620395164,
            -0.007024554488903479,
            -0.025169281492119,
            -0.05399785352138603,
            0.19079549404566598,
            0.25360049581017646,
            -0.005549950379275427,
            -0.06412912923234845,
            -0.05858838788388737,
            1.4816472879573086,
            0.05884236937202197,
            -0.0015204355079923946
        ],
        [
            0.061327978591141696,
            0.10777136411844677,
            0.003358153232832402,
            0.08378536247928772,
            0.01608087010525585,
            0.24061119957890195,
            0.16944357751624467,
            -0.027530990585630494,
            0.18278401870061345,
            0.025823756655208426,
            0.10049188231262218,
            0.1980340534095547,
            0.24641454512636657,
            -0.6430111373662946,
            0.016642195610261687,
            0.2241178374587905,
            0.2075537521300969,
            0.05884236937202197,
            1.287291535605155,
            0.00494488198858028
        ],
        [
            0.005260542282769863,
            0.0019809436680625764,
            3.819339318926983e-05,
            0.007323184189014906,
            -0.002714527562854395,
            0.003548438497130914,
            -0.0028757260990719593,
            6.854920305130775e-05,
            -0.0027161965406000653,
            -0.04619917093326402,
            0.0003152575643753479,
            -0.0034494325407628396,
            -0.007273292785731713,
            0.023392757680968417,
            0.25986394278190494,
            -0.006406621335554296,
            -0.00525203358534651,
            -0.0015204355079923946,
            0.00494488198858028,
            1.4979998626682822
        ]
    ]
}