{
    "HF": -2.122078085419721,
    "coordinates": [
        [
            0.826563,
            0.184689,
            0.111244
        ],
        [
            1.557933,
            -0.043596,
            -0.16845
        ],
        [
            2.214488,
            -0.043259,
            0.124862
        ],
        [
            2.916808,
            0.164127,
            -0.039626
        ]
    ],
    "elements": [
        "H",
        "H",
        "H",
        "H"
    ],
    "Enn": 3.10173246794261,
    "S": [
        [
            0.9999999999999999,
            0.6848602514927513,
            0.0,
            0.0,
            0.0,
            0.5106025708549636,
            0.5427461115683578,
            0.17649714457495155,
            -0.46152122186311584,
            0.14405618514981663,
            0.1584515993698748,
            0.3431364453346148,
            -0.0019963217619723694,
            -0.2034619534061901,
            0.033415887281397924,
            0.021159197203746975,
            0.14800804666468248,
            0.0019121854275677378,
            -0.026492583211018265,
            0.0002606108355647105
        ],
        [
            0.6848602514927513,
            1.0000000000000002,
            0.0,
            0.0,
            0.0,
            0.5427461115683578,
            0.8650970498950454,
            0.05938168743405576,
            -0.15527678369448522,
            0.048467069425455755,
            0.3431364453346146,
            0.649870324109751,
            -0.0017713815648675276,
            -0.18053640464229367,
            0.029650674471172117,
            0.14800804666468248,
            0.384120732576548,
            0.007974683057336729,
            -0.1104861230674277,
            0.0010868657322526524
        ],
        [
            0.0,
            0.0,
            1.0000000000000004,
            0.0,
            0.0,
            -0.17649714457495155,
            -0.059381687434055745,
            0.336027676133015,
            0.22393435864200073,
            -0.06989739128291994,
            0.0019963217619723694,
            0.0017713815648675274,
            0.07663411131565662,
            -0.0037622074916806377,
            0.0006178919417934094,
            -0.0019121854275677358,
            -0.007974683057336722,
            0.0031432800930192677,
            0.0027350717862212577,
            -2.690524128429035e-05
        ],
        [
            0.0,
            0.0,
            0.0,
            1.0000000000000004,
            0.0,
            0.4615212218631158,
            0.1552767836944852,
            0.22393435864200079,
            -0.16389876025761232,
            0.18277422848752262,
            0.20346195340619005,
            0.18053640464229365,
            -0.003762207491680627,
            -0.3067672060021718,
            0.06297456846186045,
            0.026492583211018238,
            0.11048612306742757,
            0.0027350717862212577,
            -0.034552660233892675,
            0.00037276162304156874
        ],
        [
            0.0,
            0.0,
            0.0,
            0.0,
            1.0000000000000004,
            -0.14405618514981666,
            -0.04846706942545572,
            -0.06989739128291993,
            0.18277422848752253,
            0.36461578031522335,
            -0.03341588728139793,
            -0.029650674471172127,
            0.0006178919417934082,
            0.06297456846186052,
            0.06632829998570546,
            -0.00026061083556470926,
            -0.0010868657322526524,
            -2.690524128429035e-05,
            0.00037276162304156874,
            0.0033370255897884117
        ],
        [
            0.5106025708549636,
            0.5427461115683578,
            -0.17649714457495155,
            0.46152122186311567,
            -0.14405618514981663,
            0.9999999999999999,
            0.6848602514927513,
            0.0,
            0.0,
            0.0,
            0.5876193723576026,
            0.5715871133045485,
            -0.22108489827881242,
            -0.49488052104736857,
            -0.0002540148739906961,
            0.1686294189274244,
            0.35188877606843266,
            -0.020382903262458337,
            -0.21500510518826524,
            -0.03286652964034368
        ],
        [
            0.5427461115683578,
            0.8650970498950454,
            -0.05938168743405576,
            0.15527678369448522,
            -0.048467069425455776,
            0.6848602514927513,
            1.0000000000000002,
            0.0,
            0.0,
            0.0,
            0.5715871133045485,
            0.8934707379195915,
            -0.06581156347289051,
            -0.14731381960486992,
            -7.561401132706346e-05,
            0.35188877606843266,
            0.6601714758910756,
            -0.01721443350386716,
            -0.18158311593777185,
            -0.027757512348039165
        ],
        [
            0.17649714457495155,
            0.059381687434055745,
            0.336027676133015,
            0.22393435864200079,
            -0.06989739128291994,
            0.0,
            0.0,
            1.0000000000000004,
            0.0,
            0.0,
            0.22108489827881242,
            0.06581156347289051,
            0.3969269338237176,
            -0.2555171145284449,
            -0.00013115316705544363,
            0.020382903262458327,
            0.017214433503867164,
            0.08057587517783385,
            -0.03826838062239272,
            -0.005849855820458306
        ],
        [
            -0.4615212218631156,
            -0.1552767836944852,
            0.22393435864200073,
            -0.16389876025761232,
            0.18277422848752256,
            0.0,
            0.0,
            0.0,
            1.0000000000000004,
            0.0,
            0.49488052104736824,
            0.14731381960486986,
            -0.2555171145284449,
            -0.06087656112285863,
            -0.00029357567230828193,
            0.21500510518826507,
            0.18158311593777163,
            -0.038268380622392684,
            -0.31946280491472023,
            -0.061706070515007115
        ],
        [
            0.14405618514981666,
            0.04846706942545572,
            -0.06989739128291993,
            0.1827742284875226,
            0.36461578031522335,
            0.0,
            0.0,
            0.0,
            0.0,
            1.0000000000000004,
            0.0002540148739906961,
            7.561401132706342e-05,
            -0.00013115316705544363,
            -0.00029357567230828193,
            0.511077518255434,
            0.03286652964034365,
            0.02775751234803916,
            -0.005849855820458302,
            -0.06170607051500714,
            0.07477115861428701
        ],
        [
            0.1584515993698748,
            0.3431364453346148,
            0.0019963217619723694,
            0.20346195340619017,
            -0.033415887281397924,
            0.5876193723576026,
            0.5715871133045485,
            0.22108489827881242,
            0.49488052104736857,
            0.0002540148739906961,
            0.9999999999999999,
            0.6848602514927513,
            0.0,
            0.0,
            0.0,
            0.5622271001432613,
            0.5624273485362423,
            0.11725276729454977,
            -0.5006381226977542,
            -0.1478319536874878
        ],
        [
            0.3431364453346146,
            0.649870324109751,
            0.0017713815648675276,
            0.18053640464229379,
            -0.029650674471172103,
            0.5715871133045485,
            0.8934707379195915,
            0.06581156347289051,
            0.14731381960486992,
            7.561401132706346e-05,
            0.6848602514927513,
            1.0000000000000002,
            0.0,
            0.0,
            0.0,
            0.5624273485362423,
            0.8845197030528111,
            0.036275857632525874,
            -0.1548882613471837,
            -0.04573649756200461
        ],
        [
            -0.0019963217619723694,
            -0.0017713815648675274,
            0.07663411131565662,
            -0.003762207491680629,
            0.0006178919417934081,
            -0.22108489827881242,
            -0.06581156347289048,
            0.3969269338237176,
            -0.2555171145284449,
            -0.00013115316705544363,
            0.0,
            0.0,
            1.0000000000000004,
            0.0,
            0.0,
            -0.11725276729454977,
            -0.03627585763252589,
            0.4475059666520299,
            0.14435458684338578,
            0.04262603990645629
        ],
        [
            -0.2034619534061901,
            -0.18053640464229365,
            -0.0037622074916806355,
            -0.3067672060021719,
            0.06297456846186046,
            -0.49488052104736824,
            -0.14731381960486986,
            -0.2555171145284449,
            -0.06087656112285863,
            -0.00029357567230828193,
            0.0,
            0.0,
            0.0,
            1.0000000000000004,
            0.0,
            0.5006381226977543,
            0.1548882613471837,
            0.1443545868433856,
            -0.13504091418383277,
            -0.18200185026933488
        ],
        [
            0.03341588728139793,
            0.029650674471172124,
            0.0006178919417934095,
            0.0629745684618605,
            0.06632829998570546,
            -0.0002540148739906961,
            -7.561401132706342e-05,
            -0.00013115316705544363,
            -0.00029357567230828193,
            0.511077518255434,
            0.0,
            0.0,
            0.0,
            0.0,
            1.0000000000000004,
            0.14783195368748783,
            0.045736497562004604,
            0.0426260399064563,
            -0.1820018502693352,
            0.4275719786703955
        ],
        [
            0.021159197203746975,
            0.14800804666468248,
            -0.0019121854275677378,
            0.02649258321101827,
            -0.0002606108355647105,
            0.1686294189274244,
            0.35188877606843266,
            0.020382903262458334,
            0.21500510518826524,
            0.03286652964034367,
            0.5622271001432613,
            0.5624273485362423,
            -0.11725276729454977,
            0.5006381226977542,
            0.1478319536874878,
            0.9999999999999999,
            0.6848602514927513,
            0.0,
            0.0,
            0.0
        ],
        [
            0.14800804666468248,
            0.384120732576548,
            -0.007974683057336732,
            0.11048612306742765,
            -0.0010868657322526524,
            0.35188877606843266,
            0.6601714758910756,
            0.017214433503867168,
            0.18158311593777163,
            0.02775751234803918,
            0.5624273485362423,
            0.8845197030528111,
            -0.03627585763252586,
            0.1548882613471837,
            0.04573649756200459,
            0.6848602514927513,
            1.0000000000000002,
            0.0,
            0.0,
            0.0
        ],
        [
            0.0019121854275677358,
            0.007974683057336724,
            0.0031432800930192677,
            0.002735071786221258,
            -2.690524128429035e-05,
            -0.02038290326245833,
            -0.017214433503867158,
            0.08057587517783385,
            -0.038268380622392684,
            -0.005849855820458305,
            0.11725276729454977,
            0.03627585763252589,
            0.4475059666520299,
            0.1443545868433856,
            0.04262603990645629,
            0.0,
            0.0,
            1.0000000000000004,
            0.0,
            0.0
        ],
        [
            -0.02649258321101824,
            -0.11048612306742751,
            0.0027350717862212577,
            -0.034552660233892675,
            0.00037276162304156874,
            -0.21500510518826516,
            -0.1815831159377714,
            -0.03826838062239271,
            -0.3194628049147201,
            -0.06170607051500716,
            -0.5006381226977543,
            -0.1548882613471837,
            0.14435458684338578,
            -0.13504091418383263,
            -0.18200185026933516,
            0.0,
            0.0,
            0.0,
            1.0000000000000004,
            0.0
        ],
        [
            0.00026061083556470926,
            0.0010868657322526524,
            -2.690524128429035e-05,
            0.0003727616230415688,
            0.0033370255897884117,
            -0.03286652964034365,
            -0.02775751234803916,
            -0.005849855820458303,
            -0.0617060705150071,
            0.07477115861428701,
            -0.14783195368748783,
            -0.04573649756200461,
            0.0426260399064563,
            -0.18200185026933496,
            0.4275719786703955,
            0.0,
            0.0,
            0.0,
            0.0,
            1.0000000000000004
        ]
    ],
    "h": [
        [
            -0.24724921303516711,
            -0.4609383487850285,
            0.08479016408020637,
            -0.24592801362537273,
            0.07589673309568662,
            -0.5608457666335206,
            -0.4505224527320637,
            -0.04103667943349015,
            0.03207896368617169,
            -0.012791287120958339,
            -0.2881344850860597,
            -0.3296583112330917,
            0.060590221221342874,
            0.3221315858341211,
            -0.01853419422740414,
            -0.032275427816752175,
            -0.16288088755565572,
            -0.0023891053358929375,
            0.10041201112733801,
            0.008194790088769372
        ],
        [
            -0.4609383487850285,
            -0.31934141931975835,
            0.07128302580047399,
            -0.22167732049884312,
            0.06619365974529753,
            -0.5412853781217453,
            -0.3762436132657896,
            -0.11877083013868243,
            0.06972638064227271,
            -0.05549624455897284,
            -0.3775953823602199,
            -0.3308487642542296,
            0.08407508625408829,
            0.19665730544845592,
            -0.019755650520560705,
            -0.16689296071401502,
            -0.22251333906316995,
            -0.014215459091164085,
            0.14243960673095213,
            0.029448323409760193
        ],
        [
            0.08479016408020637,
            0.07128302580047399,
            1.4605309488363982,
            0.07234324066264114,
            -0.022867123097424686,
            0.014596004612513536,
            0.062344389761604835,
            0.21265350376355668,
            0.3037590373797953,
            -0.0939706183693626,
            0.0437959406039291,
            0.05467283462634348,
            -0.05998764034966306,
            -0.06660071222635666,
            0.00369506185493658,
            0.007284568644269164,
            0.027437462879579815,
            -0.009242206314342477,
            -0.01579828669889406,
            -0.0012356367834964036
        ],
        [
            -0.24592801362537273,
            -0.22167732049884312,
            0.07234324066264114,
            1.2651837201735938,
            0.06555701082026635,
            -0.10582107996068135,
            -0.2177887514416575,
            0.2578673362673843,
            -0.5075731764177995,
            0.23704267563928988,
            -0.2549287564880863,
            -0.18614658002295287,
            0.07020283504739519,
            0.06518311277209166,
            0.0045254199444030585,
            -0.09854310191276046,
            -0.13148661921244398,
            -0.009700277312921635,
            0.13398968081963178,
            0.010699052440668471
        ],
        [
            0.07589673309568662,
            0.06619365974529753,
            -0.022867123097424686,
            0.06555701082026635,
            1.4686404685484897,
            0.024868849547728167,
            0.06140498640468471,
            -0.08511417798774665,
            0.2516899330999862,
            0.24915380120295527,
            0.05784508330973609,
            0.05196751724155226,
            -0.018161141178071417,
            -0.045550816810337985,
            -0.042504549105698744,
            0.009763546137587474,
            0.029419667114993008,
            0.0005423894682694112,
            -0.01326796805210564,
            -0.011185233483007767
        ],
        [
            -0.5608457666335206,
            -0.5412853781217453,
            0.014596004612513536,
            -0.10582107996068135,
            0.024868849547728167,
            -0.46132255056120686,
            -0.6107013942526752,
            -0.18959300830268777,
            -0.03203096875113502,
            -0.06906810143825116,
            -0.592381091184009,
            -0.5501710740335791,
            0.02642322805220515,
            0.05412745513414319,
            -0.02919878621307595,
            -0.3107035551872846,
            -0.384808261114819,
            -0.018441354860528635,
            0.27667806865840117,
            0.05968190365285313
        ],
        [
            -0.4505224527320637,
            -0.3762436132657896,
            0.062344389761604835,
            -0.2177887514416575,
            0.06140498640468471,
            -0.6107013942526752,
            -0.4434430478715441,
            -0.15462296085769228,
            -0.044135934156236026,
            -0.05894459935460061,
            -0.5577301220190859,
            -0.4320043183445488,
            0.11451537267825418,
            0.13395668580650413,
            -0.0432874903290404,
            -0.3465590127932648,
            -0.3355513538121866,
            -0.03285039195497611,
            0.2092058150002052,
            0.05475914497926391
        ],
        [
            -0.04103667943349015,
            -0.11877083013868243,
            0.21265350376355668,
            0.2578673362673843,
            -0.08511417798774665,
            -0.18959300830268777,
            -0.15462296085769228,
            1.3161540229983177,
            -0.032190214261361136,
            -0.023681023608598632,
            -0.039097062537282457,
            -0.1309702034884262,
            0.2863232377077576,
            -0.3380291385920967,
            -0.008755164842677911,
            -0.07694894643522063,
            -0.09485371288547448,
            -0.054936735544099224,
            0.07618530831793938,
            0.019723994691515236
        ],
        [
            0.03207896368617169,
            0.06972638064227271,
            0.3037590373797953,
            -0.5075731764177995,
            0.2516899330999862,
            -0.03203096875113502,
            -0.044135934156236026,
            -0.032190214261361136,
            0.8762251048081979,
            0.05613825108213016,
            -0.0734223361337657,
            -0.1487898692140046,
            -0.3421357814425251,
            -0.5650886557420518,
            -0.02462956728667723,
            -0.3388711746112453,
            -0.20415823869183,
            -0.05272058289237719,
            0.06782004926705443,
            0.047327191704560234
        ],
        [
            -0.012791287120958339,
            -0.05549624455897284,
            -0.0939706183693626,
            0.23704267563928988,
            0.24915380120295527,
            -0.06906810143825116,
            -0.05894459935460061,
            -0.023681023608598632,
            0.05613825108213016,
            1.371905715775556,
            -0.027989847142400166,
            -0.04133512512133512,
            0.006042587270335993,
            0.021927302581235302,
            0.4343433496686483,
            -0.01767140594766227,
            -0.019255699149586553,
            -0.003935362238278174,
            -0.006878457525489101,
            -0.04296344705921368
        ],
        [
            -0.2881344850860597,
            -0.3775953823602199,
            0.0437959406039291,
            -0.2549287564880863,
            0.05784508330973609,
            -0.592381091184009,
            -0.5577301220190859,
            -0.039097062537282457,
            -0.0734223361337657,
            -0.027989847142400166,
            -0.5011604556863927,
            -0.6274038067946005,
            0.16727298090178155,
            -0.011459143824543383,
            -0.07711108772016305,
            -0.6018491583080974,
            -0.5635993443048648,
            0.0009360833163322702,
            0.10365536768975159,
            0.021877501940988586
        ],
        [
            -0.3296583112330917,
            -0.3308487642542296,
            0.05467283462634348,
            -0.18614658002295287,
            0.05196751724155226,
            -0.5501710740335791,
            -0.4320043183445488,
            -0.1309702034884262,
            -0.1487898692140046,
            -0.04133512512133512,
            -0.6274038067946005,
            -0.44697650075046136,
            0.13231629481786142,
            0.02112872159641465,
            -0.0623656346382023,
            -0.47207270685531877,
            -0.379730257093722,
            -0.03748584552165451,
            0.2459869209072698,
            0.0655817700654063
        ],
        [
            0.060590221221342874,
            0.08407508625408829,
            -0.05998764034966306,
            0.07020283504739519,
            -0.018161141178071417,
            0.02642322805220515,
            0.11451537267825418,
            0.2863232377077576,
            -0.3421357814425251,
            0.006042587270335993,
            0.16727298090178155,
            0.13231629481786142,
            1.3217501642097516,
            -0.047155036898727694,
            0.017060551831181422,
            0.03575551496244128,
            0.09990026044175014,
            0.36109333927255327,
            0.1598434461408924,
            0.05162790127942252
        ],
        [
            0.3221315858341211,
            0.19665730544845592,
            -0.06660071222635666,
            0.06518311277209166,
            -0.045550816810337985,
            0.05412745513414319,
            0.13395668580650413,
            -0.3380291385920967,
            -0.5650886557420518,
            0.021927302581235302,
            -0.011459143824543383,
            0.02112872159641465,
            -0.047155036898727694,
            0.8227710344338213,
            -0.06634910600593015,
            -0.014722238062884863,
            -0.08619762288778038,
            0.20318981150985,
            -0.511127293237091,
            -0.26298346193168437
        ],
        [
            -0.01853419422740414,
            -0.019755650520560705,
            0.00369506185493658,
            0.0045254199444030585,
            -0.042504549105698744,
            -0.02919878621307595,
            -0.0432874903290404,
            -0.008755164842677911,
            -0.02462956728667723,
            0.4343433496686483,
            -0.07711108772016305,
            -0.0623656346382023,
            0.017060551831181422,
            -0.06634910600593015,
            1.3600195084824303,
            -0.0083148244012764,
            -0.05877960857955318,
            0.061037540073753144,
            -0.2478716186864685,
            0.33504663962659076
        ],
        [
            -0.032275427816752175,
            -0.16689296071401502,
            0.007284568644269164,
            -0.09854310191276046,
            0.009763546137587474,
            -0.3107035551872846,
            -0.3465590127932648,
            -0.07694894643522063,
            -0.3388711746112453,
            -0.01767140594766227,
            -0.6018491583080974,
            -0.47207270685531877,
            0.03575551496244128,
            -0.014722238062884863,
            -0.0083148244012764,
            -0.2892768519342934,
            -0.47893420122615815,
            -0.05761350580950328,
            0.2888942795759948,
            0.08452968314260087
        ],
        [
            -0.16288088755565572,
            -0.22251333906316995,
            0.027437462879579815,
            -0.13148661921244398,
            0.029419667114993008,
            -0.384808261114819,
            -0.3355513538121866,
            -0.09485371288547448,
            -0.20415823869183,
            -0.019255699149586553,
            -0.5635993443048648,
            -0.379730257093722,
            0.09990026044175014,
            -0.08619762288778038,
            -0.05877960857955318,
            -0.47893420122615815,
            -0.3242674994840187,
            -0.04436757224111201,
            0.2479066509646826,
            0.06996209386086066
        ],
        [
            -0.0023891053358929375,
            -0.014215459091164085,
            -0.009242206314342477,
            -0.009700277312921635,
            0.0005423894682694112,
            -0.018441354860528635,
            -0.03285039195497611,
            -0.054936735544099224,
            -0.05272058289237719,
            -0.003935362238278174,
            0.0009360833163322702,
            -0.03748584552165451,
            0.36109333927255327,
            0.20318981150985,
            0.061037540073753144,
            -0.05761350580950328,
            -0.04436757224111201,
            1.4606103410073783,
            0.05125308358798966,
            0.0157579973019238
        ],
        [
            0.10041201112733801,
            0.14243960673095213,
            -0.01579828669889406,
            0.13398968081963178,
            -0.01326796805210564,
            0.27667806865840117,
            0.2092058150002052,
            0.07618530831793938,
            0.06782004926705443,
            -0.006878457525489101,
            0.10365536768975159,
            0.2459869209072698,
            0.1598434461408924,
            -0.511127293237091,
            -0.2478716186864685,
            0.2888942795759948,
            0.2479066509646826,
            0.05125308358798966,
            1.2000991160790586,
            -0.07628041430882194
        ],
        [
            0.008194790088769372,
            0.029448323409760193,
            -0.0012356367834964036,
            0.010699052440668471,
            -0.011185233483007767,
            0.05968190365285313,
            0.05475914497926391,
            0.019723994691515236,
            0.047327191704560234,
            -0.04296344705921368,
            0.021877501940988586,
            0.0655817700654063,
            0.05162790127942252,
            -0.26298346193168437,
            0.33504663962659076,
            0.08452968314260087,
            0.06996209386086066,
            0.0157579973019238,
            -0.07628041430882194,
            1.4519502318554716
        ]
    ]
}