{
    "HF": -2.1573336658968887,
    "coordinates": [
        [
            0.651252,
            0.036816,
            0.195625
        ],
        [
            1.475533,
            0.059216,
            0.082908
        ],
        [
            2.253792,
            0.168438,
            -0.019426
        ],
        [
            2.928473,
            0.126875,
            -0.146996
        ]
    ],
    "elements": [
        "H",
        "H",
        "H",
        "H"
    ],
    "Enn": 2.9879951517427785,
    "S": [
        [
            0.9999999999999999,
            0.6848602514927513,
            0.0,
            0.0,
            0.0,
            0.4976655473744138,
            0.5375740581345985,
            0.06885434221834891,
            -0.5035205519849079,
            -0.013683271074381106,
            0.09083320001623953,
            0.2732370324508033,
            0.01599634209336316,
            -0.11920324973284566,
            -0.009790563815153829,
            0.010041042326129627,
            0.10752847304006671,
            0.0017472657747993248,
            -0.011613153644856248,
            -0.00045927426635452103
        ],
        [
            0.6848602514927513,
            1.0000000000000002,
            0.0,
            0.0,
            0.0,
            0.5375740581345985,
            0.8599487190752837,
            0.023687502022247082,
            -0.17322283111154363,
            -0.004707364863315505,
            0.2732370324508033,
            0.5636749639089218,
            0.02192324723972172,
            -0.16336999424110393,
            -0.013418127087000995,
            0.10752847304006671,
            0.31443663877533967,
            0.01285405197940718,
            -0.08543410095294104,
            -0.0033787277114170774
        ],
        [
            0.0,
            0.0,
            1.0000000000000004,
            0.0,
            0.0,
            -0.06885434221834891,
            -0.023687502022247075,
            0.39350864068291,
            0.0981561985067833,
            0.0026674142028652176,
            -0.015996342093363158,
            -0.021923247239721725,
            0.02889528553405301,
            0.029380467630592,
            0.0024131166214096255,
            -0.001747265774799324,
            -0.012854051979407172,
            0.0007045723391009392,
            0.0020527831689711043,
            8.118298549607995e-05
        ],
        [
            0.0,
            0.0,
            0.0,
            1.0000000000000004,
            0.0,
            0.5035205519849076,
            0.17322283111154324,
            0.09815619850678334,
            -0.3108691455401362,
            -0.019506364138079837,
            0.11920324973284561,
            0.16336999424110385,
            0.029380467630592,
            -0.18610254188703215,
            -0.017982320056515805,
            0.011613153644856244,
            0.08543410095294093,
            0.0020527831689711048,
            -0.01263034117870014,
            -0.0005395804676723514
        ],
        [
            0.0,
            0.0,
            0.0,
            0.0,
            1.0000000000000004,
            0.013683271074381106,
            0.0047073648633155045,
            0.0026674142028652206,
            -0.019506364138079848,
            0.4064010034456039,
            0.009790563815153825,
            0.013418127087001,
            0.0024131166214096255,
            -0.017982320056515805,
            0.03136101494732676,
            0.00045927426635452103,
            0.003378727711417077,
            8.118298549607997e-05,
            -0.0005395804676723514,
            0.00099208617495523
        ],
        [
            0.4976655473744138,
            0.5375740581345985,
            -0.06885434221834891,
            0.5035205519849079,
            0.013683271074381106,
            0.9999999999999999,
            0.6848602514927513,
            0.0,
            0.0,
            0.0,
            0.5287627379786666,
            0.5498393141102871,
            0.06749787099296556,
            -0.5133271989867919,
            -0.07204108571534079,
            0.13461252306663526,
            0.3211339295621703,
            0.027609096290142306,
            -0.17448309017589672,
            -0.008125147217511392
        ],
        [
            0.5375740581345985,
            0.8599487190752837,
            -0.023687502022247082,
            0.17322283111154346,
            0.004707364863315517,
            0.6848602514927513,
            1.0000000000000002,
            0.0,
            0.0,
            0.0,
            0.5498393141102871,
            0.8721274676714711,
            0.022029739599208047,
            -0.1675380920392053,
            -0.023512539512817874,
            0.3211339295621703,
            0.6235239024777358,
            0.027858881585304255,
            -0.1760616753538516,
            -0.008198657131585801
        ],
        [
            0.06885434221834888,
            0.023687502022247054,
            0.39350864068291,
            0.09815619850678334,
            0.0026674142028652206,
            0.0,
            0.0,
            1.0000000000000004,
            0.0,
            0.0,
            -0.06749787099296556,
            -0.02202973959920805,
            0.4304712002119166,
            0.09149371939947731,
            0.012840361653703607,
            -0.027609096290142306,
            -0.027858881585304245,
            0.051692213599501685,
            0.0519580270534164,
            0.002419527408156636
        ],
        [
            -0.5035205519849077,
            -0.17322283111154324,
            0.0981561985067833,
            -0.3108691455401362,
            -0.019506364138079848,
            0.0,
            0.0,
            0.0,
            1.0000000000000004,
            0.0,
            0.5133271989867919,
            0.1675380920392053,
            0.0914937193994773,
            -0.253315925573381,
            -0.09765207086842802,
            0.17448309017589678,
            0.17606167535385178,
            0.05195802705341643,
            -0.26844896787446343,
            -0.01529085249672517
        ],
        [
            -0.013683271074381106,
            -0.0047073648633155045,
            0.0026674142028652176,
            -0.019506364138079837,
            0.4064010034456039,
            0.0,
            0.0,
            0.0,
            0.0,
            1.0000000000000004,
            0.07204108571534079,
            0.023512539512817843,
            0.012840361653703603,
            -0.09765207086842802,
            0.42879716084537506,
            0.008125147217511388,
            0.008198657131585794,
            0.002419527408156634,
            -0.015290852496725146,
            0.05920167335875721
        ],
        [
            0.09083320001623953,
            0.2732370324508033,
            -0.01599634209336316,
            0.11920324973284566,
            0.009790563815153829,
            0.5287627379786666,
            0.5498393141102871,
            -0.06749787099296556,
            0.5133271989867919,
            0.0720410857153408,
            0.9999999999999999,
            0.6848602514927513,
            0.0,
            0.0,
            0.0,
            0.6129972089816652,
            0.5804254296059278,
            0.10142414947114028,
            -0.5364031244754908,
            0.03304453966033555
        ],
        [
            0.2732370324508033,
            0.5636749639089218,
            -0.021923247239721725,
            0.16336999424110393,
            0.013418127087001006,
            0.5498393141102871,
            0.8721274676714711,
            -0.02202973959920805,
            0.1675380920392053,
            0.023512539512817864,
            0.6848602514927513,
            1.0000000000000002,
            0.0,
            0.0,
            0.0,
            0.5804254296059278,
            0.9020560350764057,
            0.029096026696362038,
            -0.1538805078586517,
            0.009479643784439114
        ],
        [
            0.015996342093363158,
            0.021923247239721718,
            0.02889528553405301,
            0.029380467630592,
            0.0024131166214096255,
            0.06749787099296556,
            0.02202973959920805,
            0.4304712002119166,
            0.09149371939947731,
            0.012840361653703608,
            0.0,
            0.0,
            1.0000000000000004,
            0.0,
            0.0,
            -0.10142414947114024,
            -0.02909602669636203,
            0.5181885817351772,
            0.12089684600731844,
            -0.007447720642203019
        ],
        [
            -0.11920324973284561,
            -0.16336999424110393,
            0.029380467630592,
            -0.18610254188703215,
            -0.017982320056515805,
            -0.5133271989867919,
            -0.1675380920392053,
            0.0914937193994773,
            -0.253315925573381,
            -0.09765207086842802,
            0.0,
            0.0,
            0.0,
            1.0000000000000004,
            0.0,
            0.5364031244754908,
            0.15388050785865168,
            0.12089684600731844,
            -0.0983406165826521,
            0.03938885012622228
        ],
        [
            -0.009790563815153825,
            -0.013418127087000995,
            0.0024131166214096255,
            -0.017982320056515805,
            0.03136101494732676,
            -0.07204108571534079,
            -0.02351253951281783,
            0.012840361653703601,
            -0.09765207086842799,
            0.42879716084537495,
            0.0,
            0.0,
            0.0,
            0.0,
            1.0000000000000004,
            -0.03304453966033555,
            -0.009479643784439114,
            -0.007447720642203029,
            0.03938885012622233,
            0.5386214853849871
        ],
        [
            0.010041042326129627,
            0.10752847304006671,
            -0.0017472657747993248,
            0.011613153644856248,
            0.00045927426635452103,
            0.13461252306663526,
            0.3211339295621703,
            -0.027609096290142306,
            0.17448309017589672,
            0.00812514721751139,
            0.6129972089816652,
            0.5804254296059278,
            -0.10142414947114028,
            0.5364031244754908,
            -0.03304453966033555,
            0.9999999999999999,
            0.6848602514927513,
            0.0,
            0.0,
            0.0
        ],
        [
            0.10752847304006671,
            0.31443663877533967,
            -0.01285405197940718,
            0.08543410095294098,
            0.0033787277114170774,
            0.3211339295621703,
            0.6235239024777358,
            -0.027858881585304255,
            0.1760616753538518,
            0.008198657131585808,
            0.5804254296059278,
            0.9020560350764057,
            -0.029096026696362045,
            0.1538805078586517,
            -0.009479643784439114,
            0.6848602514927513,
            1.0000000000000002,
            0.0,
            0.0,
            0.0
        ],
        [
            0.001747265774799324,
            0.012854051979407172,
            0.0007045723391009392,
            0.0020527831689711043,
            8.118298549607995e-05,
            0.027609096290142306,
            0.02785888158530424,
            0.051692213599501685,
            0.05195802705341643,
            0.0024195274081566355,
            0.10142414947114024,
            0.029096026696362035,
            0.5181885817351772,
            0.12089684600731844,
            -0.007447720642203029,
            0.0,
            0.0,
            1.0000000000000004,
            0.0,
            0.0
        ],
        [
            -0.011613153644856244,
            -0.0854341009529409,
            0.0020527831689711048,
            -0.01263034117870014,
            -0.0005395804676723514,
            -0.17448309017589678,
            -0.17606167535385198,
            0.0519580270534164,
            -0.26844896787446343,
            -0.015290852496725156,
            -0.5364031244754908,
            -0.15388050785865168,
            0.12089684600731844,
            -0.0983406165826521,
            0.03938885012622233,
            0.0,
            0.0,
            0.0,
            1.0000000000000004,
            0.0
        ],
        [
            -0.00045927426635452103,
            -0.003378727711417077,
            8.118298549607997e-05,
            -0.0005395804676723514,
            0.00099208617495523,
            -0.008125147217511387,
            -0.008198657131585787,
            0.0024195274081566342,
            -0.015290852496725158,
            0.05920167335875721,
            0.03304453966033555,
            0.009479643784439114,
            -0.007447720642203019,
            0.03938885012622228,
            0.5386214853849871,
            0.0,
            0.0,
            0.0,
            0.0,
            1.0000000000000004
        ]
    ],
    "h": [
        [
            -0.2226121242126462,
            -0.44737298647115564,
            0.03408393539883664,
            -0.2504690040807031,
            -0.007666942022569873,
            -0.5332951540485684,
            -0.43630180902774707,
            -0.00655543567543275,
            0.0433181193920914,
            -0.0017098357062284575,
            -0.20148699517809818,
            -0.28215597474232446,
            -0.03809155368691462,
            0.27820885771909587,
            0.027389856517030287,
            -0.007252137385131932,
            -0.12797305367430967,
            -0.009144175031091897,
            0.05941499187832327,
            0.0026586694977840547
        ],
        [
            -0.44737298647115564,
            -0.302583522915983,
            0.030186532686912335,
            -0.22197028995645274,
            -0.00714873435393491,
            -0.5114083291452297,
            -0.35751139982735225,
            -0.015161632176643205,
            0.10634740838135506,
            -0.0073350675113203374,
            -0.30500253325153676,
            -0.29281474834611887,
            -0.021443935825853876,
            0.17419820482019183,
            0.027637588239606523,
            -0.13185234583507066,
            -0.18882541807179598,
            -0.020506196211264656,
            0.11892066224386025,
            -0.0010612009952371965
        ],
        [
            0.03408393539883664,
            0.030186532686912335,
            1.497497198352421,
            0.03249171979749863,
            0.0009956233192717147,
            0.009852608766365872,
            0.02802297534638011,
            0.29408515289193926,
            0.1343352191090149,
            0.004336053816527543,
            0.028436498316265085,
            0.022370668231542427,
            -0.036528678682513006,
            -0.03435528088984666,
            -0.003910489199433946,
            0.007884600476671524,
            0.014605243990152717,
            -0.0017133831503469833,
            -0.01147057462356154,
            -0.000314495639709318
        ],
        [
            -0.2504690040807031,
            -0.22197028995645274,
            0.03249171979749863,
            1.2636121703907666,
            -0.007341063533475668,
            -0.07355298102532803,
            -0.20618742733714057,
            0.13390968002191297,
            -0.669429301385862,
            -0.03175323518470612,
            -0.20971219272353264,
            -0.16424768617793137,
            -0.03363357144576716,
            0.21281258685125404,
            0.028854332135094203,
            -0.055269578583598045,
            -0.10565915373343703,
            -0.012536902771712578,
            0.07584021098811991,
            0.0021300903123173814
        ],
        [
            -0.007666942022569873,
            -0.00714873435393491,
            0.0009956233192717147,
            -0.007341063533475668,
            1.5016460633911008,
            -0.004102806388784262,
            -0.0073133049764759,
            0.0037312519680737415,
            -0.02740624381910104,
            0.3113333053144355,
            -0.011968514832432258,
            -0.005758601131012238,
            -0.001699107573972962,
            0.012915783650512554,
            -0.039620443892911084,
            -0.003078049182985359,
            -0.004448498073674102,
            -0.0005698160886585273,
            0.0035411245620007017,
            -0.0034598517496818126
        ],
        [
            -0.5332951540485684,
            -0.5114083291452297,
            0.009852608766365872,
            -0.07355298102532803,
            -0.004102806388784262,
            -0.39796631515296466,
            -0.5813767200016251,
            -0.0035211119153457024,
            0.018061924229861637,
            -0.02351176433405373,
            -0.5111085930276783,
            -0.49494264623155737,
            -0.0013177241066050505,
            0.031092452356061506,
            0.01177600526208672,
            -0.27342145748030827,
            -0.3405925303890873,
            -0.04425331073235479,
            0.2569762138276735,
            -0.0007613054006643406
        ],
        [
            -0.43630180902774707,
            -0.35751139982735225,
            0.02802297534638011,
            -0.20618742733714057,
            -0.0073133049764759,
            -0.5813767200016251,
            -0.4319307868095674,
            0.0006087847430534185,
            -0.008340639403405098,
            -0.021143377880224884,
            -0.5139202870475637,
            -0.4052252292235359,
            -0.006167674109865087,
            0.09948588390909663,
            0.03669380054060671,
            -0.33647270339526647,
            -0.31578310547403143,
            -0.037570690304453286,
            0.20531677959805922,
            -0.008194225114790088
        ],
        [
            -0.00655543567543275,
            -0.015161632176643205,
            0.29408515289193926,
            0.13390968002191297,
            0.0037312519680737415,
            -0.0035211119153457024,
            0.0006087847430534185,
            1.410068627872985,
            0.07141609159611725,
            0.005641826048793547,
            0.012842442556595834,
            0.018669736375486808,
            0.3297566059417003,
            0.14707200185444338,
            0.017291442473323516,
            0.04775571388575075,
            0.026296687034721183,
            -0.04192379403180055,
            -0.02889385200218042,
            0.0015828120272486186
        ],
        [
            0.0433181193920914,
            0.10634740838135506,
            0.1343352191090149,
            -0.669429301385862,
            -0.02740624381910104,
            0.018061924229861637,
            -0.008340639403405098,
            0.07141609159611725,
            0.895360684893584,
            -0.042109876471488346,
            -0.08304112686985388,
            -0.13587435370307943,
            0.15129025657962297,
            -0.7553227034917959,
            -0.13217339326295677,
            -0.33181480870546454,
            -0.19148673475731517,
            -0.03971926980657407,
            0.16563098651258668,
            -0.010905098435666963
        ],
        [
            -0.0017098357062284575,
            -0.0073350675113203374,
            0.004336053816527543,
            -0.03175323518470612,
            0.3113333053144355,
            -0.02351176433405373,
            -0.021143377880224884,
            0.005641826048793547,
            -0.042109876471488346,
            1.4149281829961937,
            -0.007695491773527741,
            -0.025401227405401357,
            0.019079115427971024,
            -0.14175776429684098,
            0.3316730720339288,
            -0.030218339506094906,
            -0.025578081812600736,
            -0.0049140921770775,
            0.027081262191183137,
            -0.04826926979804175
        ],
        [
            -0.20148699517809818,
            -0.30500253325153676,
            0.028436498316265085,
            -0.20971219272353264,
            -0.011968514832432258,
            -0.5111085930276783,
            -0.5139202870475637,
            0.012842442556595834,
            -0.08304112686985388,
            -0.007695491773527741,
            -0.49412016883097465,
            -0.6161047017093032,
            0.030897739313341027,
            -0.10014027729056132,
            0.04856844314761156,
            -0.6321857966697764,
            -0.5659207563284216,
            -0.012135368303894445,
            0.07255896536739259,
            0.0014360643528451983
        ],
        [
            -0.28215597474232446,
            -0.29281474834611887,
            0.022370668231542427,
            -0.16424768617793137,
            -0.005758601131012238,
            -0.49494264623155737,
            -0.4052252292235359,
            0.018669736375486808,
            -0.13587435370307943,
            -0.025401227405401357,
            -0.6161047017093032,
            -0.43103144567460494,
            0.017109563349968895,
            -0.03174447397250338,
            0.04056769204030884,
            -0.49062407173229505,
            -0.3698222886985798,
            -0.047213320237969404,
            0.2565894785049466,
            -0.01097217199939472
        ],
        [
            -0.03809155368691462,
            -0.021443935825853876,
            -0.036528678682513006,
            -0.03363357144576716,
            -0.001699107573972962,
            -0.0013177241066050505,
            -0.006167674109865087,
            0.3297566059417003,
            0.15129025657962297,
            0.019079115427971024,
            0.030897739313341027,
            0.017109563349968895,
            1.376578114740556,
            0.09186594277097772,
            0.001241210834700186,
            0.0008992698693292278,
            0.028268391032921315,
            0.47029995391526247,
            0.18183976594020904,
            -0.010810752312935436
        ],
        [
            0.27820885771909587,
            0.17419820482019183,
            -0.03435528088984666,
            0.21281258685125404,
            0.012915783650512554,
            0.031092452356061506,
            0.09948588390909663,
            0.14707200185444338,
            -0.7553227034917959,
            -0.14175776429684098,
            -0.10014027729056132,
            -0.03174447397250338,
            0.09186594277097772,
            0.8256460131195251,
            -0.017018871926512753,
            0.004505710839251664,
            -0.11784151085825179,
            0.18448045213678385,
            -0.4774066977944113,
            0.05661770620514241
        ],
        [
            0.027389856517030287,
            0.027637588239606523,
            -0.003910489199433946,
            0.028854332135094203,
            -0.039620443892911084,
            0.01177600526208672,
            0.03669380054060671,
            0.017291442473323516,
            -0.13217339326295677,
            0.3316730720339288,
            0.04856844314761156,
            0.04056769204030884,
            0.001241210834700186,
            -0.017018871926512753,
            1.3861056132084812,
            0.006945712999832279,
            0.0286684521470637,
            -0.009108784176365554,
            0.04676492501081071,
            0.5007324861668196
        ],
        [
            -0.007252137385131932,
            -0.13185234583507066,
            0.007884600476671524,
            -0.055269578583598045,
            -0.003078049182985359,
            -0.27342145748030827,
            -0.33647270339526647,
            0.04775571388575075,
            -0.33181480870546454,
            -0.030218339506094906,
            -0.6321857966697764,
            -0.49062407173229505,
            0.0008992698693292278,
            0.004505710839251664,
            0.006945712999832279,
            -0.3261574779451015,
            -0.49157483155965975,
            -0.06162924769955302,
            0.3280921008914611,
            -0.018369572764413616
        ],
        [
            -0.12797305367430967,
            -0.18882541807179598,
            0.014605243990152717,
            -0.10565915373343703,
            -0.004448498073674102,
            -0.3405925303890873,
            -0.31578310547403143,
            0.026296687034721183,
            -0.19148673475731517,
            -0.025578081812600736,
            -0.5659207563284216,
            -0.3698222886985798,
            0.028268391032921315,
            -0.11784151085825179,
            0.0286684521470637,
            -0.49157483155965975,
            -0.3186755621841897,
            -0.048970497927455114,
            0.26294751350444495,
            -0.01324128234635625
        ],
        [
            -0.009144175031091897,
            -0.020506196211264656,
            -0.0017133831503469833,
            -0.012536902771712578,
            -0.0005698160886585273,
            -0.04425331073235479,
            -0.037570690304453286,
            -0.04192379403180055,
            -0.03971926980657407,
            -0.0049140921770775,
            -0.012135368303894445,
            -0.047213320237969404,
            0.47029995391526247,
            0.18448045213678385,
            -0.009108784176365554,
            -0.06162924769955302,
            -0.048970497927455114,
            1.4498669078581266,
            0.05872526319846637,
            -0.003166138090102062
        ],
        [
            0.05941499187832327,
            0.11892066224386025,
            -0.01147057462356154,
            0.07584021098811991,
            0.0035411245620007017,
            0.2569762138276735,
            0.20531677959805922,
            -0.02889385200218042,
            0.16563098651258668,
            0.027081262191183137,
            0.07255896536739259,
            0.2565894785049466,
            0.18183976594020904,
            -0.4774066977944113,
            0.04676492501081071,
            0.3280921008914611,
            0.26294751350444495,
            0.05872526319846637,
            1.146212100722703,
            0.01652707672911881
        ],
        [
            0.0026586694977840547,
            -0.0010612009952371965,
            -0.000314495639709318,
            0.0021300903123173814,
            -0.0034598517496818126,
            -0.0007613054006643406,
            -0.008194225114790088,
            0.0015828120272486186,
            -0.010905098435666963,
            -0.04826926979804175,
            0.0014360643528451983,
            -0.01097217199939472,
            -0.010810752312935436,
            0.05661770620514241,
            0.5007324861668196,
            -0.018369572764413616,
            -0.01324128234635625,
            -0.003166138090102062,
            0.01652707672911881,
            1.459688741461017
        ]
    ]
}