{
    "HF": -2.1741653226584106,
    "coordinates": [
        [
            0.813457,
            0.017376,
            0.051212
        ],
        [
            1.650474,
            0.170474,
            -0.194597
        ],
        [
            2.44366,
            -0.100828,
            0.063185
        ],
        [
            3.171097,
            0.024272,
            -0.003467
        ]
    ],
    "elements": [
        "H",
        "H",
        "H",
        "H"
    ],
    "Enn": 2.8067249630697697,
    "S": [
        [
            0.9999999999999999,
            0.6848602514927513,
            0.0,
            0.0,
            0.0,
            0.45694258268551036,
            0.5206020936986175,
            0.13477273470092366,
            -0.4589216427436058,
            -0.08394093030459425,
            0.08782357970503352,
            0.26945647737905565,
            -0.0008548793258943753,
            -0.11639746443756693,
            0.008439835950724027,
            0.008205277219214971,
            0.09857233784191048,
            0.00021774113466927522,
            -0.009388525919304853,
            -2.7461052043368035e-05
        ],
        [
            0.6848602514927513,
            1.0000000000000002,
            0.0,
            0.0,
            0.0,
            0.5206020936986175,
            0.842920622628372,
            0.049917424242669914,
            -0.16997641537668232,
            -0.031090227846434726,
            0.2694564773790556,
            0.5587882294875604,
            -0.0012025141505696102,
            -0.1637302410257268,
            0.01187187694428547,
            0.09857233784191047,
            0.29775332355858397,
            0.0018685216902017735,
            -0.08056660651598065,
            -0.0002356540093204229
        ],
        [
            0.0,
            0.0,
            1.0000000000000004,
            0.0,
            0.0,
            -0.13477273470092366,
            -0.049917424242669886,
            0.30454986828670755,
            0.19294157030635156,
            0.03529076294837717,
            0.0008548793258943753,
            0.00120251415056961,
            0.03116596333959397,
            -0.0015798615558582792,
            0.00011455380424933092,
            -0.0002177411346692752,
            -0.0018685216902017746,
            0.0007266391924404455,
            0.0002450942709565854,
            7.168906586741875e-07
        ],
        [
            0.0,
            0.0,
            0.0,
            1.0000000000000004,
            0.0,
            0.4589216427436058,
            0.16997641537668193,
            0.19294157030635165,
            -0.2957838373356075,
            -0.12017041089122785,
            0.11639746443756693,
            0.16373024102572678,
            -0.0015798615558582792,
            -0.18393101502976203,
            0.01559725677346296,
            0.009388525919304853,
            0.08056660651598073,
            0.00024509427095658536,
            -0.009835610403955305,
            -3.091077182312425e-05
        ],
        [
            0.0,
            0.0,
            0.0,
            0.0,
            1.0000000000000004,
            0.08394093030459424,
            0.031090227846434726,
            0.03529076294837717,
            -0.12017041089122776,
            0.3392312724742077,
            -0.008439835950724027,
            -0.011871876944285474,
            0.00011455380424933095,
            0.015597256773462962,
            0.030046628841226518,
            2.7461052043368035e-05,
            0.00023565400932042295,
            7.168906586741881e-07,
            -3.0910771823124287e-05,
            0.0007322330697750439
        ],
        [
            0.45694258268551036,
            0.5206020936986175,
            -0.13477273470092366,
            0.4589216427436058,
            0.08394093030459424,
            0.9999999999999999,
            0.6848602514927513,
            0.0,
            0.0,
            0.0,
            0.46344289487433177,
            0.523384904148613,
            -0.1438867578328039,
            -0.44273441085246623,
            0.15143324659423607,
            0.11334194474340555,
            0.2993185924468442,
            -0.01861017848649546,
            -0.14806187119065659,
            0.014235574295414685
        ],
        [
            0.5206020936986175,
            0.842920622628372,
            -0.049917424242669914,
            0.16997641537668215,
            0.031090227846434736,
            0.6848602514927513,
            1.0000000000000002,
            0.0,
            0.0,
            0.0,
            0.523384904148613,
            0.8457269492572016,
            -0.05264766355360579,
            -0.161994978948997,
            0.05540889750805075,
            0.29931859244684417,
            0.5967169426098407,
            -0.02148134299648368,
            -0.17090474667159514,
            0.016431828121027083
        ],
        [
            0.13477273470092366,
            0.0499174242426699,
            0.30454986828670755,
            0.19294157030635165,
            0.03529076294837717,
            0.0,
            0.0,
            1.0000000000000004,
            0.0,
            0.0,
            0.14388675783280389,
            0.05264766355360572,
            0.30487466593966683,
            -0.19557942372704196,
            0.06689614896883447,
            0.018610178486495453,
            0.021481342996483684,
            0.0417374166316517,
            -0.03479225634464755,
            0.003345140420801316
        ],
        [
            -0.4589216427436058,
            -0.16997641537668193,
            0.19294157030635156,
            -0.29578383733560737,
            -0.12017041089122776,
            0.0,
            0.0,
            0.0,
            1.0000000000000004,
            0.0,
            0.44273441085246595,
            0.16199497894899698,
            -0.19557942372704215,
            -0.23335376816942602,
            0.2058370592826263,
            0.14806187119065653,
            0.1709047466715953,
            -0.034792256344647554,
            -0.23069534469381567,
            0.026613809773976673
        ],
        [
            -0.08394093030459425,
            -0.031090227846434716,
            0.03529076294837717,
            -0.12017041089122785,
            0.3392312724742077,
            0.0,
            0.0,
            0.0,
            0.0,
            1.0000000000000004,
            -0.15143324659423607,
            -0.05540889750805077,
            0.06689614896883453,
            0.20583705928262627,
            0.2980324487922503,
            -0.014235574295414685,
            -0.016431828121027087,
            0.003345140420801316,
            0.026613809773976666,
            0.04355170704984053
        ],
        [
            0.08782357970503352,
            0.26945647737905565,
            0.0008548793258943753,
            0.11639746443756693,
            -0.008439835950724027,
            0.46344289487433177,
            0.523384904148613,
            0.1438867578328039,
            0.44273441085246595,
            -0.15143324659423607,
            0.9999999999999999,
            0.6848602514927513,
            0.0,
            0.0,
            0.0,
            0.5698133491499053,
            0.5651981987271814,
            0.048323738050673706,
            -0.5274031542394517,
            -0.09069944833072197
        ],
        [
            0.2694564773790556,
            0.5587882294875604,
            0.0012025141505696102,
            0.1637302410257268,
            -0.011871876944285474,
            0.523384904148613,
            0.8457269492572016,
            0.05264766355360581,
            0.161994978948997,
            -0.05540889750805075,
            0.6848602514927513,
            1.0000000000000002,
            0.0,
            0.0,
            0.0,
            0.5651981987271814,
            0.8872332264608785,
            0.0147766132441617,
            -0.1612713078151186,
            -0.027734416324260765
        ],
        [
            -0.0008548793258943753,
            -0.00120251415056961,
            0.03116596333959397,
            -0.0015798615558582792,
            0.00011455380424933092,
            -0.14388675783280389,
            -0.05264766355360574,
            0.30487466593966683,
            -0.19557942372704207,
            0.06689614896883447,
            0.0,
            0.0,
            1.0000000000000004,
            0.0,
            0.0,
            -0.0483237380506737,
            -0.01477661324416169,
            0.4845274313568065,
            0.061701695964832874,
            0.010611066202572308
        ],
        [
            -0.11639746443756693,
            -0.16373024102572678,
            -0.0015798615558582792,
            -0.18393101502976203,
            0.01559725677346296,
            -0.44273441085246623,
            -0.16199497894899698,
            -0.19557942372704204,
            -0.23335376816942602,
            0.2058370592826262,
            0.0,
            0.0,
            0.0,
            1.0000000000000004,
            0.0,
            0.5274031542394517,
            0.1612713078151178,
            0.061701695964832916,
            -0.18322870036630654,
            -0.1158087103942957
        ],
        [
            0.008439835950724027,
            0.011871876944285476,
            0.00011455380424933095,
            0.015597256773462962,
            0.030046628841226518,
            0.15143324659423607,
            0.05540889750805078,
            0.06689614896883453,
            0.20583705928262638,
            0.2980324487922503,
            0.0,
            0.0,
            0.0,
            0.0,
            1.0000000000000004,
            0.09069944833072197,
            0.02773441632426075,
            0.010611066202572312,
            -0.11580871039429567,
            0.47026485159955145
        ],
        [
            0.008205277219214971,
            0.09857233784191048,
            -0.00021774113466927522,
            0.009388525919304853,
            2.7461052043368035e-05,
            0.11334194474340555,
            0.2993185924468442,
            0.018610178486495457,
            0.14806187119065653,
            -0.014235574295414685,
            0.5698133491499053,
            0.5651981987271814,
            -0.04832373805067371,
            0.5274031542394517,
            0.09069944833072197,
            0.9999999999999999,
            0.6848602514927513,
            0.0,
            0.0,
            0.0
        ],
        [
            0.09857233784191047,
            0.29775332355858397,
            -0.0018685216902017741,
            0.0805666065159807,
            0.00023565400932042376,
            0.29931859244684417,
            0.5967169426098407,
            0.021481342996483684,
            0.1709047466715953,
            -0.016431828121027087,
            0.5651981987271814,
            0.8872332264608785,
            -0.014776613244161706,
            0.1612713078151186,
            0.02773441632426076,
            0.6848602514927513,
            1.0000000000000002,
            0.0,
            0.0,
            0.0
        ],
        [
            0.0002177411346692752,
            0.0018685216902017737,
            0.0007266391924404455,
            0.0002450942709565854,
            7.168906586741883e-07,
            -0.018610178486495453,
            -0.021481342996483674,
            0.0417374166316517,
            -0.034792256344647554,
            0.003345140420801316,
            0.0483237380506737,
            0.01477661324416169,
            0.4845274313568065,
            0.061701695964832874,
            0.010611066202572308,
            0.0,
            0.0,
            1.0000000000000004,
            0.0,
            0.0
        ],
        [
            -0.009388525919304853,
            -0.08056660651598067,
            0.00024509427095658536,
            -0.009835610403955305,
            -3.0910771823124287e-05,
            -0.14806187119065659,
            -0.17090474667159514,
            -0.03479225634464755,
            -0.2306953446938156,
            0.026613809773976666,
            -0.5274031542394517,
            -0.1612713078151178,
            0.061701695964832916,
            -0.18322870036630654,
            -0.1158087103942957,
            0.0,
            0.0,
            0.0,
            1.0000000000000004,
            0.0
        ],
        [
            -2.7461052043368035e-05,
            -0.00023565400932042295,
            7.168906586741874e-07,
            -3.091077182312425e-05,
            0.0007322330697750439,
            0.014235574295414685,
            0.016431828121027083,
            0.003345140420801316,
            0.026613809773976673,
            0.04355170704984053,
            -0.09069944833072197,
            -0.02773441632426075,
            0.010611066202572312,
            -0.11580871039429567,
            0.47026485159955145,
            0.0,
            0.0,
            0.0,
            0.0,
            1.0000000000000004
        ]
    ],
    "h": [
        [
            -0.2011211103995858,
            -0.43870957246337294,
            0.06027629645059169,
            -0.2168930292285991,
            -0.03631671445354952,
            -0.5081742538097227,
            -0.42656270195912893,
            -0.024550396660383667,
            0.05726988626980278,
            0.018657694897474764,
            -0.18423315502665832,
            -0.27197128239599044,
            0.03186525866819795,
            0.24502676338469373,
            -0.04006675731570071,
            -0.0031133008688002638,
            -0.11741189650309948,
            0.0024071147269048914,
            0.05036069817601699,
            -0.0021674456058166547
        ],
        [
            -0.43870957246337294,
            -0.30531542129095235,
            0.05382352770831072,
            -0.20040974985336854,
            -0.03195637237052036,
            -0.49079863516576894,
            -0.3598801008004674,
            -0.07428459867037318,
            0.1000571681720625,
            0.057040781321976236,
            -0.2862230299941516,
            -0.2902449713650681,
            0.04564551533659876,
            0.14670691244972528,
            -0.05226853927911014,
            -0.12195525380241555,
            -0.18328919206491756,
            -0.0016268621705040906,
            0.10965023344261801,
            0.006794996828618997
        ],
        [
            0.06027629645059169,
            0.05382352770831072,
            1.4863295946557276,
            0.05295185989722508,
            0.009793520171980338,
            0.015104524982967826,
            0.04627396726751473,
            0.17663390534232354,
            0.24509298032016008,
            0.04351371735785885,
            0.02097011485959118,
            0.036008081284209,
            -0.04435888657035472,
            -0.03164789936823326,
            0.0070163410920168374,
            0.001341086651494481,
            0.015955074337496766,
            -0.002918674760368568,
            -0.004667332791216846,
            0.00023586741713486336
        ],
        [
            -0.2168930292285991,
            -0.20040974985336854,
            0.05295185989722508,
            1.307390090117845,
            -0.031834917118532056,
            -0.08214781431974283,
            -0.1854537244203569,
            0.22771089462737232,
            -0.6019463118425671,
            -0.13654467913991275,
            -0.18511491622538306,
            -0.146027629531576,
            0.032802469736523183,
            0.17233122867986161,
            -0.041973242259857664,
            -0.04761290761791199,
            -0.09486513616960521,
            -6.448277447133259e-05,
            0.06350607389120246,
            0.0005751811736117757
        ],
        [
            -0.03631671445354952,
            -0.03195637237052036,
            0.009793520171980338,
            -0.031834917118532056,
            1.4958317353226782,
            -0.0069866687346305245,
            -0.026613275909076195,
            0.0448953237612756,
            -0.15201683129892454,
            0.2193532301237222,
            -0.005683160285142475,
            -0.020745081001382712,
            0.002959734499169942,
            0.01261094578165476,
            -0.04145245500331206,
            0.0008123109651401602,
            -0.008066350180480755,
            0.0002312786057060443,
            0.001562727243119633,
            -0.002854918417661242
        ],
        [
            -0.5081742538097227,
            -0.49079863516576894,
            0.015104524982967826,
            -0.08214781431974283,
            -0.0069866687346305245,
            -0.3361782218014997,
            -0.5494150540551457,
            -0.11064462115310479,
            0.03923660958290495,
            0.09146404938073519,
            -0.4584841553565572,
            -0.46229436326321693,
            0.01921244487756718,
            0.05264720935947875,
            -0.02608520835392647,
            -0.2316000477670218,
            -0.3086312237902956,
            0.006559838756397027,
            0.2231849952504939,
            0.004724461763382412
        ],
        [
            -0.42656270195912893,
            -0.3598801008004674,
            0.04627396726751473,
            -0.1854537244203569,
            -0.026613275909076195,
            -0.5494150540551457,
            -0.42332324676539934,
            -0.10067741386416866,
            0.009633957450722375,
            0.08379051653356988,
            -0.4782816707013766,
            -0.4004656863538727,
            0.060273066513816975,
            0.07506604631649416,
            -0.07374387430291493,
            -0.3119685552002973,
            -0.3061177937109365,
            -0.009226112562168178,
            0.18639103123146616,
            0.02253051309726816
        ],
        [
            -0.024550396660383667,
            -0.07428459867037318,
            0.17663390534232354,
            0.22771089462737232,
            0.0448953237612756,
            -0.11064462115310479,
            -0.10067741386416866,
            1.4006937103173602,
            -0.0008810020402347874,
            0.027759813309695208,
            -0.030651483450439665,
            -0.07877438396499432,
            0.1717270535290561,
            -0.23997803643819587,
            0.07911520428650262,
            -0.05189090101057349,
            -0.0570930152973725,
            -0.044636084762477796,
            0.053215653967537274,
            0.0038805528291421254
        ],
        [
            0.05726988626980278,
            0.1000571681720625,
            0.24509298032016008,
            -0.6019463118425671,
            -0.15201683129892454,
            0.03923660958290495,
            0.009633957450722375,
            -0.0008810020402347874,
            1.0397296627948052,
            0.02421366599910385,
            -0.08510497292110475,
            -0.10425226734102266,
            -0.24293327753876576,
            -0.6409018362803912,
            0.25173392257514615,
            -0.2792138903163779,
            -0.15855963501406944,
            -0.004834239636823903,
            0.16073223687453625,
            0.018616068833282692
        ],
        [
            0.018657694897474764,
            0.057040781321976236,
            0.04351371735785885,
            -0.13654467913991275,
            0.2193532301237222,
            0.09146404938073519,
            0.08379051653356988,
            0.027759813309695208,
            0.02421366599910385,
            1.4084736567970852,
            0.026876665142798017,
            0.07066158400197828,
            0.08150209927545266,
            0.2593248870654243,
            0.1636730270634157,
            0.05197224074930474,
            0.05584706688981807,
            0.0007049727891164604,
            -0.053100067174513994,
            -0.04806150475792095
        ],
        [
            -0.18423315502665832,
            -0.2862230299941516,
            0.02097011485959118,
            -0.18511491622538306,
            -0.005683160285142475,
            -0.4584841553565572,
            -0.4782816707013766,
            -0.030651483450439665,
            -0.08510497292110475,
            0.026876665142798017,
            -0.4203701981482415,
            -0.585109827496562,
            0.0794044162264901,
            -0.12315928092729368,
            -0.10418283824737219,
            -0.5954523541874729,
            -0.5401834864379416,
            0.004200536840846716,
            0.06909283768730212,
            -0.0003024703255088135
        ],
        [
            -0.27197128239599044,
            -0.2902449713650681,
            0.036008081284209,
            -0.146027629531576,
            -0.020745081001382712,
            -0.46229436326321693,
            -0.4004656863538727,
            -0.07877438396499432,
            -0.10425226734102266,
            0.07066158400197828,
            -0.585109827496562,
            -0.4282601830493167,
            0.06941401281065576,
            -0.05531086122840195,
            -0.08976511248273833,
            -0.47485303039906046,
            -0.36962690859140634,
            -0.012709161652118852,
            0.24006651090120634,
            0.03048543325112113
        ],
        [
            0.03186525866819795,
            0.04564551533659876,
            -0.04435888657035472,
            0.032802469736523183,
            0.002959734499169942,
            0.01921244487756718,
            0.060273066513816975,
            0.1717270535290561,
            -0.24293327753876576,
            0.08150209927545266,
            0.0794044162264901,
            0.06941401281065576,
            1.3938466515926937,
            -0.02828831056441704,
            0.022273441777113507,
            0.015914858749072544,
            0.048726343422620604,
            0.4187991536116219,
            0.06818692048278524,
            0.015406241319630195
        ],
        [
            0.24502676338469373,
            0.14670691244972528,
            -0.03164789936823326,
            0.17233122867986161,
            0.01261094578165476,
            0.05264720935947875,
            0.07506604631649416,
            -0.23997803643819587,
            -0.6409018362803912,
            0.2593248870654243,
            -0.12315928092729368,
            -0.05531086122840195,
            -0.02828831056441704,
            0.9410940996111852,
            0.01047151242409942,
            -0.017054046772387088,
            -0.13005213846138197,
            0.08633290793829909,
            -0.557403230154208,
            -0.1638910918332956
        ],
        [
            -0.04006675731570071,
            -0.05226853927911014,
            0.0070163410920168374,
            -0.041973242259857664,
            -0.04145245500331206,
            -0.02608520835392647,
            -0.07374387430291493,
            0.07911520428650262,
            0.25173392257514615,
            0.1636730270634157,
            -0.10418283824737219,
            -0.08976511248273833,
            0.022273441777113507,
            0.01047151242409942,
            1.38620160556474,
            -0.01803052298613636,
            -0.06671565848134009,
            0.016626085726415083,
            -0.14290800312610516,
            0.3992089556753553
        ],
        [
            -0.0031133008688002638,
            -0.12195525380241555,
            0.001341086651494481,
            -0.04761290761791199,
            0.0008123109651401602,
            -0.2316000477670218,
            -0.3119685552002973,
            -0.05189090101057349,
            -0.2792138903163779,
            0.05197224074930474,
            -0.5954523541874729,
            -0.47485303039906046,
            0.015914858749072544,
            -0.017054046772387088,
            -0.01803052298613636,
            -0.2892653452109777,
            -0.4784510875733279,
            -0.02259137582377678,
            0.2996502709564972,
            0.046507133158093183
        ],
        [
            -0.11741189650309948,
            -0.18328919206491756,
            0.015955074337496766,
            -0.09486513616960521,
            -0.008066350180480755,
            -0.3086312237902956,
            -0.3061177937109365,
            -0.0570930152973725,
            -0.15855963501406944,
            0.05584706688981807,
            -0.5401834864379416,
            -0.36962690859140634,
            0.048726343422620604,
            -0.13005213846138197,
            -0.06671565848134009,
            -0.4784510875733279,
            -0.31835010922651175,
            -0.016405936895983544,
            0.24973641686947887,
            0.03578085444551195
        ],
        [
            0.0024071147269048914,
            -0.0016268621705040906,
            -0.002918674760368568,
            -6.448277447133259e-05,
            0.0002312786057060443,
            0.006559838756397027,
            -0.009226112562168178,
            -0.044636084762477796,
            -0.004834239636823903,
            0.0007049727891164604,
            0.004200536840846716,
            -0.012709161652118852,
            0.4187991536116219,
            0.08633290793829909,
            0.016626085726415083,
            -0.02259137582377678,
            -0.016405936895983544,
            1.4699521815216545,
            0.02108642178980132,
            0.00448007358165863
        ],
        [
            0.05036069817601699,
            0.10965023344261801,
            -0.004667332791216846,
            0.06350607389120246,
            0.001562727243119633,
            0.2231849952504939,
            0.18639103123146616,
            0.053215653967537274,
            0.16073223687453625,
            -0.053100067174513994,
            0.06909283768730212,
            0.24006651090120634,
            0.06818692048278524,
            -0.557403230154208,
            -0.14290800312610516,
            0.2996502709564972,
            0.24973641686947887,
            0.02108642178980132,
            1.185401783087821,
            -0.04332517724268407
        ],
        [
            -0.0021674456058166547,
            0.006794996828618997,
            0.00023586741713486336,
            0.0005751811736117757,
            -0.002854918417661242,
            0.004724461763382412,
            0.02253051309726816,
            0.0038805528291421254,
            0.018616068833282692,
            -0.04806150475792095,
            -0.0003024703255088135,
            0.03048543325112113,
            0.015406241319630195,
            -0.1638910918332956,
            0.3992089556753553,
            0.046507133158093183,
            0.03578085444551195,
            0.00448007358165863,
            -0.04332517724268407,
            1.4645022589689383
        ]
    ]
}