{
    "HF": -2.1493768896875944,
    "coordinates": [
        [
            0.700895,
            -0.165465,
            -0.198371
        ],
        [
            1.367222,
            0.199966,
            0.143578
        ],
        [
            2.095735,
            0.006771,
            -0.089179
        ],
        [
            2.882741,
            0.134489,
            -0.000705
        ]
    ],
    "elements": [
        "H",
        "H",
        "H",
        "H"
    ],
    "Enn": 2.9275010111803765,
    "S": [
        [
            0.9999999999999999,
            0.6848602514927513,
            0.0,
            0.0,
            0.0,
            0.49682206753462443,
            0.537233307353525,
            -0.208434885465433,
            -0.4061593744316421,
            -0.22274832981093282,
            0.15727112791023412,
            0.3420983633430411,
            -0.015860947509796088,
            -0.20261085083672775,
            -0.025018555895095235,
            0.014124354602490358,
            0.12450622009264165,
            -0.0015300794980588847,
            -0.016889084782015052,
            -0.002321863475563601
        ],
        [
            0.6848602514927513,
            1.0000000000000002,
            0.0,
            0.0,
            0.0,
            0.5372333073535249,
            0.8596088710688782,
            -0.0718120271913649,
            -0.13993400373254644,
            -0.076743435157195,
            0.3420983633430411,
            0.6486419690235669,
            -0.01415736514761428,
            -0.18084895599034995,
            -0.022331379071401692,
            0.12450622009264165,
            0.34469228570540394,
            -0.008679369976753063,
            -0.09580326746278468,
            -0.013170761496701445
        ],
        [
            0.0,
            0.0,
            1.0000000000000004,
            0.0,
            0.0,
            0.208434885465433,
            0.07181202719136487,
            0.28273341978453304,
            -0.24014791105803898,
            -0.13170333978039347,
            0.01586094750979608,
            0.014157365147614263,
            0.07346482902970608,
            -0.02997659789202031,
            -0.0037015351685713124,
            0.0015300794980588847,
            0.008679369976753067,
            0.0015743296408370646,
            -0.0019617123165813458,
            -0.00026969064553952976
        ],
        [
            0.0,
            0.0,
            0.0,
            1.0000000000000004,
            0.0,
            0.406159374431642,
            0.13993400373254655,
            -0.2401479110580389,
            -0.06198213860104872,
            -0.256639122459344,
            0.20261085083672767,
            0.1808489559903499,
            -0.02997659789202032,
            -0.3071154527807434,
            -0.047284135417704695,
            0.01688908478201504,
            0.09580326746278452,
            -0.0019617123165813445,
            -0.01990141435098753,
            -0.002976857204617085
        ],
        [
            0.0,
            0.0,
            0.0,
            0.0,
            1.0000000000000004,
            0.2227483298109328,
            0.07674343515719492,
            -0.13170333978039345,
            -0.256639122459344,
            0.2652261701592662,
            0.02501855589509523,
            0.022331379071401678,
            -0.0037015351685713137,
            -0.047284135417704695,
            0.06997279720470943,
            0.0023218634755636006,
            0.013170761496701447,
            -0.0002696906455395297,
            -0.002976857204617086,
            0.0013428025765143095
        ],
        [
            0.49682206753462443,
            0.537233307353525,
            0.208434885465433,
            0.40615937443164213,
            0.22274832981093282,
            0.9999999999999999,
            0.6848602514927513,
            0.0,
            0.0,
            0.0,
            0.531692621838846,
            0.5509659772508982,
            0.15460035791888707,
            -0.4838882205414324,
            0.12832274066145977,
            0.11809455934953615,
            0.30440213352654805,
            0.01476958964973632,
            -0.15513673638875497,
            0.006702580494554352
        ],
        [
            0.5372333073535249,
            0.8596088710688782,
            0.0718120271913649,
            0.1399340037325466,
            0.076743435157195,
            0.6848602514927513,
            1.0000000000000002,
            0.0,
            0.0,
            0.0,
            0.5509659772508982,
            0.8732409741675629,
            0.05021589268339005,
            -0.1571722037423345,
            0.041680634253610134,
            0.3044021335265481,
            0.6030280534373396,
            0.01651098069118775,
            -0.17342795025143767,
            0.007492840339588865
        ],
        [
            -0.208434885465433,
            -0.07181202719136487,
            0.28273341978453304,
            -0.24014791105803898,
            -0.13170333978039347,
            0.0,
            0.0,
            1.0000000000000004,
            0.0,
            0.0,
            -0.15460035791888704,
            -0.05021589268339,
            0.38316655360479496,
            0.19628602095763306,
            -0.05205326166988089,
            -0.014769589649736318,
            -0.016510980691187744,
            0.04644059113233946,
            0.027869960512761274,
            -0.0012041032837556444
        ],
        [
            -0.406159374431642,
            -0.13993400373254672,
            -0.2401479110580389,
            -0.06198213860104872,
            -0.256639122459344,
            0.0,
            0.0,
            0.0,
            1.0000000000000004,
            0.0,
            0.4838882205414324,
            0.15717220374233443,
            0.19628602095763326,
            -0.1684822519006246,
            0.16292303913055228,
            0.15513673638875497,
            0.17342795025143748,
            0.027869960512761284,
            -0.2436464272625793,
            0.01264765360086823
        ],
        [
            -0.2227483298109328,
            -0.07674343515719492,
            -0.13170333978039345,
            -0.256639122459344,
            0.2652261701592662,
            0.0,
            0.0,
            0.0,
            0.0,
            1.0000000000000004,
            -0.12832274066145977,
            -0.04168063425361013,
            -0.05205326166988091,
            0.16292303913055217,
            0.40267345167690727,
            -0.006702580494554351,
            -0.007492840339588864,
            -0.0012041032837556448,
            0.01264765360086823,
            0.04854748065192892
        ],
        [
            0.15727112791023412,
            0.3420983633430411,
            0.01586094750979608,
            0.20261085083672775,
            0.025018555895095232,
            0.531692621838846,
            0.5509659772508982,
            -0.15460035791888707,
            0.4838882205414324,
            -0.12832274066145977,
            0.9999999999999999,
            0.6848602514927513,
            0.0,
            0.0,
            0.0,
            0.5211333560539205,
            0.5468826040173759,
            -0.057292175506546875,
            -0.5096331789758055,
            -0.08270499888492837
        ],
        [
            0.3420983633430411,
            0.6486419690235669,
            0.014157365147614294,
            0.18084895599034995,
            0.022331379071401685,
            0.5509659772508982,
            0.8732409741675629,
            -0.05021589268339005,
            0.1571722037423345,
            -0.04168063425361015,
            0.6848602514927513,
            1.0000000000000002,
            0.0,
            0.0,
            0.0,
            0.5468826040173759,
            0.8692011479826932,
            -0.01893674080185048,
            -0.16844868132446983,
            -0.027336422697410972
        ],
        [
            -0.01586094750979608,
            -0.014157365147614275,
            0.07346482902970608,
            -0.02997659789202032,
            -0.0037015351685713137,
            0.15460035791888704,
            0.050215892683390016,
            0.38316655360479496,
            0.19628602095763317,
            -0.05205326166988089,
            0.0,
            0.0,
            1.0000000000000004,
            0.0,
            0.0,
            0.057292175506546854,
            0.01893674080185046,
            0.42491321169567065,
            -0.07840480306922123,
            -0.012723797071934391
        ],
        [
            -0.20261085083672767,
            -0.1808489559903499,
            -0.02997659789202031,
            -0.3071154527807434,
            -0.047284135417704695,
            -0.4838882205414324,
            -0.15717220374233443,
            0.19628602095763314,
            -0.1684822519006246,
            0.16292303913055217,
            0.0,
            0.0,
            0.0,
            1.0000000000000004,
            0.0,
            0.5096331789758058,
            0.16844868132446944,
            -0.0784048030692213,
            -0.2637097465255934,
            -0.11318245629670644
        ],
        [
            -0.02501855589509523,
            -0.022331379071401678,
            -0.0037015351685713124,
            -0.047284135417704695,
            0.06997279720470943,
            0.12832274066145977,
            0.04168063425361014,
            -0.05205326166988091,
            0.16292303913055228,
            0.40267345167690727,
            0.0,
            0.0,
            0.0,
            0.0,
            1.0000000000000004,
            0.08270499888492835,
            0.027336422697410954,
            -0.012723797071934394,
            -0.11318245629670637,
            0.4153597261993003
        ],
        [
            0.014124354602490358,
            0.12450622009264165,
            0.0015300794980588847,
            0.016889084782015052,
            0.002321863475563601,
            0.11809455934953615,
            0.30440213352654805,
            -0.014769589649736323,
            0.15513673638875497,
            -0.006702580494554352,
            0.5211333560539205,
            0.5468826040173759,
            0.057292175506546875,
            0.5096331789758058,
            0.08270499888492837,
            0.9999999999999999,
            0.6848602514927513,
            0.0,
            0.0,
            0.0
        ],
        [
            0.12450622009264165,
            0.34469228570540394,
            0.008679369976753065,
            0.0958032674627846,
            0.013170761496701445,
            0.3044021335265481,
            0.6030280534373396,
            -0.016510980691187758,
            0.1734279502514375,
            -0.007492840339588865,
            0.5468826040173759,
            0.8692011479826932,
            0.01893674080185047,
            0.1684486813244695,
            0.02733642269741096,
            0.6848602514927513,
            1.0000000000000002,
            0.0,
            0.0,
            0.0
        ],
        [
            -0.0015300794980588847,
            -0.008679369976753063,
            0.0015743296408370646,
            -0.0019617123165813458,
            -0.00026969064553952976,
            0.014769589649736316,
            0.01651098069118774,
            0.04644059113233946,
            0.027869960512761274,
            -0.0012041032837556444,
            -0.057292175506546854,
            -0.018936740801850458,
            0.42491321169567065,
            -0.07840480306922128,
            -0.01272379707193439,
            0.0,
            0.0,
            1.0000000000000004,
            0.0,
            0.0
        ],
        [
            -0.01688908478201504,
            -0.09580326746278454,
            -0.0019617123165813445,
            -0.01990141435098753,
            -0.002976857204617085,
            -0.15513673638875497,
            -0.17342795025143765,
            0.027869960512761284,
            -0.2436464272625793,
            0.01264765360086823,
            -0.5096331789758055,
            -0.1684486813244698,
            -0.07840480306922126,
            -0.2637097465255934,
            -0.11318245629670637,
            0.0,
            0.0,
            0.0,
            1.0000000000000004,
            0.0
        ],
        [
            -0.0023218634755636006,
            -0.013170761496701447,
            -0.0002696906455395297,
            -0.002976857204617086,
            0.0013428025765143095,
            0.006702580494554351,
            0.007492840339588864,
            -0.0012041032837556448,
            0.01264765360086823,
            0.04854748065192892,
            -0.08270499888492835,
            -0.02733642269741094,
            -0.012723797071934396,
            -0.11318245629670645,
            0.4153597261993003,
            0.0,
            0.0,
            0.0,
            0.0,
            1.0000000000000004
        ]
    ],
    "h": [
        [
            -0.24601289709770735,
            -0.46185287441554124,
            -0.10140211510900879,
            -0.21765125730837648,
            -0.10928017491732167,
            -0.5564303779804616,
            -0.4535334797886218,
            0.04175278584403047,
            0.027525540128401138,
            0.042161766235523646,
            -0.27798598914877093,
            -0.3289754168030714,
            -0.029671470887840556,
            0.3076772037695981,
            -0.014411857118744119,
            -0.01708760712220609,
            -0.14204452955400762,
            0.0018137805400898245,
            0.07402504402989726,
            0.0054503676719315185
        ],
        [
            -0.46185287441554124,
            -0.3239525042263556,
            -0.08768269815451621,
            -0.19975767655806279,
            -0.09503875844842682,
            -0.5295673439824116,
            -0.37819860713047015,
            0.11451571585978171,
            0.05527072520899293,
            0.11451469298995796,
            -0.3600551707789278,
            -0.3295735806767569,
            -0.05036020283337704,
            0.18976797550271635,
            -0.04044937449048604,
            -0.14427120664539822,
            -0.20635144046576503,
            0.006334624558780973,
            0.12363141511880477,
            0.012522680223575833
        ],
        [
            -0.10140211510900879,
            -0.08768269815451621,
            1.439461531105252,
            -0.07787331398148538,
            -0.04171603258606446,
            -0.02734615324142642,
            -0.07917662499840984,
            0.14284602823804093,
            -0.3217843289146406,
            -0.16759309601234568,
            -0.05841217375442338,
            -0.06685116611577614,
            -0.05453522905777933,
            0.06754327303620399,
            -0.009809297318002713,
            -0.007906953693976102,
            -0.031469215217524826,
            -0.005236317316040731,
            0.015023917916993512,
            0.0011616717582275688
        ],
        [
            -0.21765125730837648,
            -0.19975767655806279,
            -0.07787331398148538,
            1.2985937735521358,
            -0.0845313222004877,
            -0.10277370916648254,
            -0.19764739766645187,
            -0.2819650917704294,
            -0.3594577746429628,
            -0.3064385240855576,
            -0.22654080882644234,
            -0.16682473809339737,
            -0.04707422307797547,
            0.03422251383356967,
            -0.042482169270726136,
            -0.07542607711957598,
            -0.11347630090629213,
            0.006668204893268112,
            0.0974279074233077,
            0.011652888932355318
        ],
        [
            -0.10928017491732167,
            -0.09503875844842682,
            -0.04171603258606446,
            -0.0845313222004877,
            1.433682274871489,
            -0.03152993525461856,
            -0.08663462078999971,
            -0.16573771268980717,
            -0.34537395941417426,
            0.12074012240594395,
            -0.06773045671573141,
            -0.0731554575184637,
            -0.015205430473238751,
            0.06952084339108394,
            -0.05282025110877123,
            -0.011346300471692548,
            -0.03611662325517641,
            0.000736717597313919,
            0.019651334509894543,
            -0.003961146512260507
        ],
        [
            -0.5564303779804616,
            -0.5295673439824116,
            -0.02734615324142642,
            -0.10277370916648254,
            -0.03152993525461856,
            -0.41245427964992,
            -0.584151120453632,
            0.16314963131639715,
            -0.0156577822271846,
            0.15869022418274292,
            -0.5343076414312213,
            -0.5172422804875808,
            -0.01059527979774133,
            0.08153555479587482,
            -0.006723377774408512,
            -0.23897668950309128,
            -0.3311174696988636,
            0.0005793795597370428,
            0.23641830463688512,
            0.012617133178547645
        ],
        [
            -0.4535334797886218,
            -0.37819860713047015,
            -0.07917662499840984,
            -0.19764739766645187,
            -0.08663462078999971,
            -0.584151120453632,
            -0.43237357765874074,
            0.13769548427064737,
            -0.035788144378194484,
            0.1328255553208842,
            -0.5196167330751227,
            -0.4233339402574847,
            -0.06463877205533747,
            0.13408777426139973,
            -0.057420830027469935,
            -0.3048752127948335,
            -0.31183048505872923,
            0.013586577421319742,
            0.18280696617058323,
            0.02277674228773045
        ],
        [
            0.04175278584403047,
            0.11451571585978171,
            0.14284602823804093,
            -0.2819650917704294,
            -0.16573771268980717,
            0.16314963131639715,
            0.13769548427064737,
            1.3424306991782433,
            -0.01056633786652272,
            -0.059673830742699344,
            0.03937524957224431,
            0.10829873605834674,
            0.2657952193193661,
            0.22835179086150625,
            -0.06896887535103774,
            0.04564897525783923,
            0.06578505248915392,
            -0.04704967703023616,
            -0.053857546120736774,
            -0.004808184152794355
        ],
        [
            0.027525540128401138,
            0.05527072520899293,
            -0.3217843289146406,
            -0.3594577746429628,
            -0.34537395941417426,
            -0.0156577822271846,
            -0.035788144378194484,
            -0.01056633786652272,
            0.9920726609830783,
            -0.02974468099417248,
            -0.05865661270964784,
            -0.128711409243507,
            0.25758628398513633,
            -0.6371733627928583,
            0.20494041940309077,
            -0.2941058580205881,
            -0.18283090171259705,
            0.011882499625223898,
            0.16541230329934054,
            0.022519051243292225
        ],
        [
            0.042161766235523646,
            0.11451469298995796,
            -0.16759309601234568,
            -0.3064385240855576,
            0.12074012240594395,
            0.15869022418274292,
            0.1328255553208842,
            -0.059673830742699344,
            -0.02974468099417248,
            1.3432809671793393,
            0.03554522708673752,
            0.0996578155563321,
            -0.06765130505086404,
            0.17670904534181664,
            0.2896097720898807,
            0.030372885009466197,
            0.05555320871243322,
            -0.0014638783811746648,
            -0.04254169684743994,
            -0.04858070909924794
        ],
        [
            -0.27798598914877093,
            -0.3600551707789278,
            -0.05841217375442338,
            -0.22654080882644234,
            -0.06773045671573141,
            -0.5343076414312213,
            -0.5196167330751227,
            0.03937524957224431,
            -0.05865661270964784,
            0.03554522708673752,
            -0.42922375147637815,
            -0.5995973089022613,
            -0.09313318726316386,
            -0.023261644554704294,
            -0.09341533331565727,
            -0.5550811617363707,
            -0.5307943199423801,
            -0.00191168271170708,
            0.08360362459308934,
            0.0023977068593171724
        ],
        [
            -0.3289754168030714,
            -0.3295735806767569,
            -0.06685116611577614,
            -0.16682473809339737,
            -0.0731554575184637,
            -0.5172422804875808,
            -0.4233339402574847,
            0.10829873605834674,
            -0.128711409243507,
            0.0996578155563321,
            -0.5995973089022613,
            -0.4460747468406747,
            -0.07687832598235363,
            0.011992870132461642,
            -0.07561817919728457,
            -0.44802745252054044,
            -0.36959675875841325,
            0.015775135231559684,
            0.22449386523949516,
            0.02708764091629709
        ],
        [
            -0.029671470887840556,
            -0.05036020283337704,
            -0.05453522905777933,
            -0.04707422307797547,
            -0.015205430473238751,
            -0.01059527979774133,
            -0.06463877205533747,
            0.2657952193193661,
            0.25758628398513633,
            -0.06765130505086404,
            -0.09313318726316386,
            -0.07687832598235363,
            1.3821986785206553,
            0.035882505623807334,
            -0.021945210130569902,
            -0.020162497026570914,
            -0.05438296418542128,
            0.33419510572407785,
            -0.08578217124883628,
            -0.016955941818256118
        ],
        [
            0.3076772037695981,
            0.18976797550271635,
            0.06754327303620399,
            0.03422251383356967,
            0.06952084339108394,
            0.08153555479587482,
            0.13408777426139973,
            0.22835179086150625,
            -0.6371733627928583,
            0.17670904534181664,
            -0.023261644554704294,
            0.011992870132461642,
            0.035882505623807334,
            0.8746267091226776,
            0.008685398987432962,
            -0.03606493522934828,
            -0.10270533109775368,
            -0.10684788107499904,
            -0.6377983672142788,
            -0.15595678781501113
        ],
        [
            -0.014411857118744119,
            -0.04044937449048604,
            -0.009809297318002713,
            -0.042482169270726136,
            -0.05282025110877123,
            -0.006723377774408512,
            -0.057420830027469935,
            -0.06896887535103774,
            0.20494041940309077,
            0.2896097720898807,
            -0.09341533331565727,
            -0.07561817919728457,
            -0.021945210130569902,
            0.008685398987432962,
            1.3849720721205994,
            -0.021665403635034164,
            -0.05904511649370149,
            -0.01803707967946871,
            -0.13515298146126895,
            0.3221629239698186
        ],
        [
            -0.01708760712220609,
            -0.14427120664539822,
            -0.007906953693976102,
            -0.07542607711957598,
            -0.011346300471692548,
            -0.23897668950309128,
            -0.3048752127948335,
            0.04564897525783923,
            -0.2941058580205881,
            0.030372885009466197,
            -0.5550811617363707,
            -0.44802745252054044,
            -0.020162497026570914,
            -0.03606493522934828,
            -0.021665403635034164,
            -0.24653075695048088,
            -0.4598216386692642,
            0.025100549941624868,
            0.2675903911046067,
            0.03853068721630188
        ],
        [
            -0.14204452955400762,
            -0.20635144046576503,
            -0.031469215217524826,
            -0.11347630090629213,
            -0.03611662325517641,
            -0.3311174696988636,
            -0.31183048505872923,
            0.06578505248915392,
            -0.18283090171259705,
            0.05555320871243322,
            -0.5307943199423801,
            -0.36959675875841325,
            -0.05438296418542128,
            -0.10270533109775368,
            -0.05904511649370149,
            -0.4598216386692642,
            -0.31353508391160423,
            0.01986905811790042,
            0.2349027931230985,
            0.03167978191420917
        ],
        [
            0.0018137805400898245,
            0.006334624558780973,
            -0.005236317316040731,
            0.006668204893268112,
            0.000736717597313919,
            0.0005793795597370428,
            0.013586577421319742,
            -0.04704967703023616,
            0.011882499625223898,
            -0.0014638783811746648,
            -0.00191168271170708,
            0.015775135231559684,
            0.33419510572407785,
            -0.10684788107499904,
            -0.01803707967946871,
            0.025100549941624868,
            0.01986905811790042,
            1.4911415774482362,
            -0.023644602506978335,
            -0.0044225265696800995
        ],
        [
            0.07402504402989726,
            0.12363141511880477,
            0.015023917916993512,
            0.0974279074233077,
            0.019651334509894543,
            0.23641830463688512,
            0.18280696617058323,
            -0.053857546120736774,
            0.16541230329934054,
            -0.04254169684743994,
            0.08360362459308934,
            0.22449386523949516,
            -0.08578217124883628,
            -0.6377983672142788,
            -0.13515298146126895,
            0.2675903911046067,
            0.2349027931230985,
            -0.023644602506978335,
            1.2372480037134552,
            -0.036533846328542424
        ],
        [
            0.0054503676719315185,
            0.012522680223575833,
            0.0011616717582275688,
            0.011652888932355318,
            -0.003961146512260507,
            0.012617133178547645,
            0.02277674228773045,
            -0.004808184152794355,
            0.022519051243292225,
            -0.04858070909924794,
            0.0023977068593171724,
            0.02708764091629709,
            -0.016955941818256118,
            -0.15595678781501113,
            0.3221629239698186,
            0.03853068721630188,
            0.03167978191420917,
            -0.0044225265696800995,
            -0.036533846328542424,
            1.4881508786760418
        ]
    ]
}