{
    "HF": -2.1296399484775894,
    "coordinates": [
        [
            0.723997,
            0.130654,
            0.062058
        ],
        [
            1.523811,
            -0.093224,
            -0.148529
        ],
        [
            2.174834,
            -0.099305,
            0.182237
        ],
        [
            2.890936,
            -0.116041,
            -0.10744
        ]
    ],
    "elements": [
        "H",
        "H",
        "H",
        "H"
    ],
    "Enn": 3.0149167314042287,
    "S": [
        [
            0.9999999999999999,
            0.6848602514927513,
            0.0,
            0.0,
            0.0,
            0.47876211235055033,
            0.5298303068088109,
            0.12248388444987893,
            -0.4651964535199015,
            0.13021433936031188,
            0.1341775562348643,
            0.32071040318564503,
            -0.01437533126864712,
            -0.1735433186481014,
            0.027506775752892128,
            0.015371101111397625,
            0.12910365161201934,
            0.0014548305489396449,
            -0.018599210933985796,
            0.0021174257057349688
        ],
        [
            0.6848602514927513,
            1.0000000000000002,
            0.0,
            0.0,
            0.0,
            0.5298303068088109,
            0.8522051147135908,
            0.04357461722865996,
            -0.16549734268555716,
            0.0463247881204345,
            0.320710403185645,
            0.6230101647170321,
            -0.01454228555486509,
            -0.1755588409586019,
            0.027826237894401057,
            0.12910365161201934,
            0.35261214206707425,
            0.007737788096262898,
            -0.09892337844415756,
            0.011261924237498824
        ],
        [
            0.0,
            0.0,
            1.0000000000000004,
            0.0,
            0.0,
            -0.1224838844498789,
            -0.04357461722865994,
            0.34118502600380657,
            0.1686025250848634,
            -0.04719396773618498,
            0.01437533126864712,
            0.014542285554865107,
            0.05738461838270269,
            -0.02698811044858095,
            0.004277640348740229,
            -0.0014548305489396444,
            -0.007737788096262896,
            0.001856404929820011,
            0.0019128476324926787,
            -0.00021776798825337557
        ],
        [
            0.0,
            0.0,
            0.0,
            1.0000000000000004,
            0.0,
            0.46519645351990124,
            0.16549734268555713,
            0.16860252508486345,
            -0.2547788302325131,
            0.1792437145262958,
            0.1735433186481014,
            0.1755588409586019,
            -0.02698811044858096,
            -0.26618842049263186,
            0.05164095965722154,
            0.0185992109339858,
            0.09892337844415759,
            0.0019128476324926796,
            -0.022448680332621925,
            0.0027840443350233136
        ],
        [
            0.0,
            0.0,
            0.0,
            0.0,
            1.0000000000000004,
            -0.13021433936031182,
            -0.04632478812043445,
            -0.04719396773618498,
            0.17924371452629578,
            0.3354046516034186,
            -0.02750677575289212,
            -0.027826237894401046,
            0.004277640348740229,
            0.05164095965722152,
            0.051435018726631754,
            -0.002117425705734968,
            -0.011261924237498824,
            -0.00021776798825337557,
            0.0027840443350233123,
            0.001689078591046131
        ],
        [
            0.47876211235055033,
            0.5298303068088109,
            -0.12248388444987893,
            0.4651964535199015,
            -0.13021433936031188,
            0.9999999999999999,
            0.6848602514927513,
            0.0,
            0.0,
            0.0,
            0.5785820874236413,
            0.5683643212480753,
            -0.2444831697544536,
            -0.48119869219645794,
            0.0044947248365213915,
            0.17381395771625638,
            0.35621785543302187,
            -0.0067474432278638394,
            -0.22450286750452314,
            0.003746900925555971
        ],
        [
            0.5298303068088109,
            0.8522051147135908,
            -0.043574617228659976,
            0.16549734268555716,
            -0.0463247881204345,
            0.6848602514927513,
            1.0000000000000002,
            0.0,
            0.0,
            0.0,
            0.5683643212480753,
            0.8903276542969851,
            -0.07376870341683285,
            -0.14519364930052311,
            0.0013562079702199117,
            0.3562178554330218,
            0.665230679603999,
            -0.005562879944498064,
            -0.18508973798636869,
            0.0030891049111346604
        ],
        [
            0.1224838844498789,
            0.043574617228659934,
            0.34118502600380657,
            0.1686025250848634,
            -0.04719396773618498,
            0.0,
            0.0,
            1.0000000000000004,
            0.0,
            0.0,
            0.2444831697544536,
            0.07376870341683288,
            0.3583090708482549,
            -0.2797796648231837,
            0.002613333387283979,
            0.006747443227863829,
            0.005562879944498048,
            0.0877366619410779,
            -0.012851528906420096,
            0.0002144890445700192
        ],
        [
            -0.46519645351990113,
            -0.16549734268555713,
            0.16860252508486345,
            -0.2547788302325131,
            0.1792437145262958,
            0.0,
            0.0,
            0.0,
            1.0000000000000004,
            0.0,
            0.4811986921964583,
            0.1451936493005231,
            -0.27977966482318384,
            -0.05021320742169475,
            0.005143636715350969,
            0.2245028675045231,
            0.18508973798636888,
            -0.012851528906420091,
            -0.339476842804611,
            0.007136541046454953
        ],
        [
            0.13021433936031182,
            0.04632478812043445,
            -0.04719396773618498,
            0.17924371452629578,
            0.3354046516034186,
            0.0,
            0.0,
            0.0,
            0.0,
            1.0000000000000004,
            -0.004494724836521392,
            -0.0013562079702199115,
            0.002613333387283991,
            0.005143636715350989,
            0.500408999975243,
            -0.0037469009255559687,
            -0.0030891049111346595,
            0.0002144890445700189,
            0.007136541046454946,
            0.08800380796955294
        ],
        [
            0.1341775562348643,
            0.32071040318564503,
            0.014375331268647122,
            0.1735433186481014,
            -0.027506775752892128,
            0.5785820874236413,
            0.5683643212480753,
            0.2444831697544536,
            0.4811986921964583,
            -0.0044947248365213915,
            0.9999999999999999,
            0.6848602514927513,
            0.0,
            0.0,
            0.0,
            0.5445315235451526,
            0.5558466891741617,
            0.19830588467715599,
            -0.4902261506059532,
            0.011457061782457294
        ],
        [
            0.320710403185645,
            0.6230101647170321,
            0.014542285554865095,
            0.1755588409586019,
            -0.027826237894401057,
            0.5683643212480753,
            0.8903276542969851,
            0.07376870341683285,
            0.14519364930052311,
            -0.0013562079702199117,
            0.6848602514927513,
            1.0000000000000002,
            0.0,
            0.0,
            0.0,
            0.5558466891741617,
            0.878054719962465,
            0.06308719962387319,
            -0.15595601247270205,
            0.0036448436462167876
        ],
        [
            -0.014375331268647118,
            -0.014542285554865114,
            0.05738461838270269,
            -0.02698811044858096,
            0.004277640348740229,
            -0.2444831697544536,
            -0.07376870341683288,
            0.3583090708482549,
            -0.27977966482318395,
            0.0026133333872839916,
            0.0,
            0.0,
            1.0000000000000004,
            0.0,
            0.0,
            -0.19830588467715596,
            -0.06308719962387317,
            0.36035744824683247,
            0.2481219728572211,
            -0.0057988517525973315
        ],
        [
            -0.1735433186481014,
            -0.1755588409586019,
            -0.02698811044858095,
            -0.2661884204926319,
            0.05164095965722152,
            -0.48119869219645794,
            -0.1451936493005231,
            -0.27977966482318367,
            -0.05021320742169475,
            0.005143636715350989,
            0.0,
            0.0,
            0.0,
            1.0000000000000004,
            0.0,
            0.4902261506059532,
            0.15595601247270202,
            0.2481219728572214,
            -0.1526474910463596,
            0.014335171027518433
        ],
        [
            0.02750677575289212,
            0.027826237894401046,
            0.004277640348740229,
            0.05164095965722154,
            0.051435018726631754,
            0.004494724836521392,
            0.0013562079702199115,
            0.0026133333872839786,
            0.005143636715350969,
            0.500408999975243,
            0.0,
            0.0,
            0.0,
            0.0,
            1.0000000000000004,
            -0.011457061782457291,
            -0.003644843646216787,
            -0.0057988517525973315,
            0.014335171027518414,
            0.4603925204977753
        ],
        [
            0.015371101111397625,
            0.12910365161201934,
            -0.0014548305489396449,
            0.018599210933985796,
            -0.0021174257057349688,
            0.17381395771625638,
            0.35621785543302187,
            0.0067474432278638455,
            0.22450286750452325,
            -0.0037469009255559713,
            0.5445315235451526,
            0.5558466891741617,
            -0.19830588467715599,
            0.4902261506059532,
            -0.011457061782457294,
            0.9999999999999999,
            0.6848602514927513,
            0.0,
            0.0,
            0.0
        ],
        [
            0.12910365161201934,
            0.35261214206707425,
            -0.007737788096262899,
            0.09892337844415763,
            -0.011261924237498824,
            0.3562178554330218,
            0.665230679603999,
            0.00556287994449805,
            0.1850897379863689,
            -0.0030891049111346743,
            0.5558466891741617,
            0.878054719962465,
            -0.06308719962387319,
            0.15595601247270205,
            -0.0036448436462167876,
            0.6848602514927513,
            1.0000000000000002,
            0.0,
            0.0,
            0.0
        ],
        [
            0.0014548305489396444,
            0.007737788096262893,
            0.001856404929820011,
            0.0019128476324926787,
            -0.00021776798825337557,
            -0.006747443227863835,
            -0.005562879944498062,
            0.0877366619410779,
            -0.012851528906420091,
            0.0002144890445700189,
            0.19830588467715596,
            0.06308719962387317,
            0.36035744824683247,
            0.2481219728572214,
            -0.0057988517525973315,
            0.0,
            0.0,
            1.0000000000000004,
            0.0,
            0.0
        ],
        [
            -0.018599210933985796,
            -0.09892337844415766,
            0.0019128476324926796,
            -0.022448680332621925,
            0.0027840443350233136,
            -0.22450286750452303,
            -0.1850897379863691,
            -0.012851528906420096,
            -0.339476842804611,
            0.007136541046454946,
            -0.4902261506059532,
            -0.15595601247270202,
            0.2481219728572211,
            -0.1526474910463596,
            0.014335171027518414,
            0.0,
            0.0,
            0.0,
            1.0000000000000004,
            0.0
        ],
        [
            0.002117425705734968,
            0.011261924237498824,
            -0.00021776798825337557,
            0.0027840443350233123,
            0.001689078591046131,
            0.0037469009255559687,
            0.0030891049111346595,
            0.0002144890445700192,
            0.007136541046454953,
            0.08800380796955294,
            0.011457061782457291,
            0.003644843646216787,
            -0.0057988517525973315,
            0.014335171027518433,
            0.4603925204977753,
            0.0,
            0.0,
            0.0,
            0.0,
            1.0000000000000004
        ]
    ],
    "h": [
        [
            -0.22011931701023957,
            -0.44838198527176965,
            0.0532450754426835,
            -0.2321123765289411,
            0.06343079578151528,
            -0.5293131517845908,
            -0.4327382081770881,
            -0.037210651711666126,
            0.04969314555105431,
            -0.017749016851849625,
            -0.25639575146297655,
            -0.3083697734592493,
            0.067210901604695,
            0.29983358427796103,
            -0.02531847093196199,
            -0.01976581450428029,
            -0.14550179346561876,
            -0.004725780199300266,
            0.08474760087803218,
            -0.005579136727552187
        ],
        [
            -0.44838198527176965,
            -0.3128731054431777,
            0.04547281431702134,
            -0.2135168841101884,
            0.057068910532078444,
            -0.5227255860836205,
            -0.36976343638261255,
            -0.09902481903161445,
            0.07813805417184688,
            -0.04862189979743409,
            -0.35378242888572575,
            -0.31862732031478336,
            0.09597346184136495,
            0.1873566868939649,
            -0.009493343767198889,
            -0.15026416910232643,
            -0.21062176039539598,
            -0.026829791301139848,
            0.13529871601247323,
            -0.004616480451528564
        ],
        [
            0.0532450754426835,
            0.04547281431702134,
            1.4865265315844343,
            0.046783494264413514,
            -0.013452973827317753,
            0.006879003214127183,
            0.03770536374678267,
            0.21940176412737866,
            0.2197654279781106,
            -0.061687455962516485,
            0.018688769860393813,
            0.03394694640484201,
            -0.055822855567857085,
            -0.040050490473912514,
            0.003142856803632776,
            0.0033812911005544678,
            0.01595973423528165,
            -0.006073492389903114,
            -0.010017375204375555,
            0.0007230543063251422
        ],
        [
            -0.2321123765289411,
            -0.2135168841101884,
            0.046783494264413514,
            1.286708664393136,
            0.056801144594873385,
            -0.10186303562278198,
            -0.20489031180651113,
            0.1820348479236904,
            -0.5884581688045136,
            0.22644522379482512,
            -0.2388756780665024,
            -0.17348156673651166,
            0.07289112958901264,
            0.11468058831161526,
            -0.00549800161080842,
            -0.08037727368994943,
            -0.12100476913567004,
            -0.012497577300324114,
            0.1097175253600233,
            -0.008958248227573204
        ],
        [
            0.06343079578151528,
            0.057068910532078444,
            -0.013452973827317753,
            0.056801144594873385,
            1.4843479259098542,
            0.022328304279813443,
            0.05241154094252992,
            -0.05414968713997724,
            0.2382214339662861,
            0.21273303868748172,
            0.05081200240038192,
            0.04465221065103855,
            -0.017520284841467303,
            -0.044934277048403165,
            -0.0425284156391466,
            0.012160303388649703,
            0.02670064137382025,
            0.0017963826591522085,
            -0.018127354339401092,
            -0.005129993513978493
        ],
        [
            -0.5293131517845908,
            -0.5227255860836205,
            0.006879003214127183,
            -0.10186303562278198,
            0.022328304279813443,
            -0.43597309982499133,
            -0.6021054174607448,
            -0.170150776525675,
            -0.03989873068860467,
            -0.05457632868604972,
            -0.5830922671708451,
            -0.5424180760116653,
            0.04345173186365736,
            0.03805987359988894,
            -0.00924911564629312,
            -0.3140151521438158,
            -0.3828768479541562,
            -0.04858090370812895,
            0.2731177026475945,
            -0.0059675318818459945
        ],
        [
            -0.4327382081770881,
            -0.36976343638261255,
            0.03770536374678267,
            -0.20489031180651113,
            0.05241154094252992,
            -0.6021054174607448,
            -0.4460430937842441,
            -0.1400955235051154,
            -0.04648307449311384,
            -0.04555310560602224,
            -0.5518302413762044,
            -0.4321288615055241,
            0.14616383026401117,
            0.11949836828435467,
            -0.006300181671337598,
            -0.3485079696146214,
            -0.33649726990880247,
            -0.06163743610524616,
            0.2079551792027412,
            -0.004328394918092027
        ],
        [
            -0.037210651711666126,
            -0.09902481903161445,
            0.21940176412737866,
            0.1820348479236904,
            -0.05414968713997724,
            -0.170150776525675,
            -0.1400955235051154,
            1.3292624156156698,
            -0.06136007141966043,
            -0.01309977873154049,
            -0.028669499800067944,
            -0.12198629314718279,
            0.23418642514059823,
            -0.38264373118959527,
            0.00140586809258802,
            -0.07482174386101068,
            -0.0937133574471602,
            -0.06360740169140683,
            0.08468197668253383,
            -0.0018030384452872956
        ],
        [
            0.04969314555105431,
            0.07813805417184688,
            0.2197654279781106,
            -0.5884581688045136,
            0.2382214339662861,
            -0.03989873068860467,
            -0.04648307449311384,
            -0.06136007141966043,
            0.8954629122305446,
            0.061875760851245055,
            -0.08490221541237786,
            -0.15231952744321983,
            -0.35502946860000606,
            -0.5343920525734002,
            0.019169733277805624,
            -0.3336457906364233,
            -0.2058600679232125,
            -0.07905233820486157,
            0.04078598152466817,
            -0.0014281322124546775
        ],
        [
            -0.017749016851849625,
            -0.04862189979743409,
            -0.061687455962516485,
            0.22644522379482512,
            0.21273303868748172,
            -0.05457632868604972,
            -0.04555310560602224,
            -0.01309977873154049,
            0.061875760851245055,
            1.3826456467582091,
            -0.008960520530305239,
            -0.024347686396979578,
            0.005921350060439473,
            0.034675246910265765,
            0.42027012150245846,
            0.010583169135339665,
            -0.004660195113216262,
            0.0016024880282377186,
            0.0013137656440769061,
            -0.04134141079824416
        ],
        [
            -0.25639575146297655,
            -0.35378242888572575,
            0.018688769860393813,
            -0.2388756780665024,
            0.05081200240038192,
            -0.5830922671708451,
            -0.5518302413762044,
            -0.028669499800067944,
            -0.08490221541237786,
            -0.008960520530305239,
            -0.48369766615638987,
            -0.6181288217003483,
            0.2166952800754952,
            -0.014887548284906793,
            0.0035794474745739335,
            -0.5942087455318261,
            -0.5573034593008066,
            -0.012905337811712547,
            0.11421065200828551,
            -0.0011560234810270575
        ],
        [
            -0.3083697734592493,
            -0.31862732031478336,
            0.03394694640484201,
            -0.17348156673651166,
            0.04465221065103855,
            -0.5424180760116653,
            -0.4321288615055241,
            -0.12198629314718279,
            -0.15231952744321983,
            -0.024347686396979578,
            -0.6181288217003483,
            -0.4439477173917463,
            0.1739843685535939,
            0.014132705673399144,
            -0.00015006636810049358,
            -0.47013962272932686,
            -0.38105906077186535,
            -0.071339387940793,
            0.2433961237786837,
            -0.004448152783366631
        ],
        [
            0.067210901604695,
            0.09597346184136495,
            -0.055822855567857085,
            0.07289112958901264,
            -0.017520284841467303,
            0.04345173186365736,
            0.14616383026401117,
            0.23418642514059823,
            -0.35502946860000606,
            0.005921350060439473,
            0.2166952800754952,
            0.1739843685535939,
            1.2888032030614116,
            -0.01915782468374408,
            -0.0009093216735540292,
            0.048730483375836464,
            0.1378837000076763,
            0.2406814410417641,
            0.2877279887391208,
            -0.007210970779674803
        ],
        [
            0.29983358427796103,
            0.1873566868939649,
            -0.040050490473912514,
            0.11468058831161526,
            -0.044934277048403165,
            0.03805987359988894,
            0.11949836828435467,
            -0.38264373118959527,
            -0.5343920525734002,
            0.034675246910265765,
            -0.014887548284906793,
            0.014132705673399144,
            -0.01915782468374408,
            0.869103426429821,
            0.015538145810494626,
            -0.02018510896682535,
            -0.08548152300570819,
            0.3453587482815679,
            -0.5196972498352685,
            0.021893746593657403
        ],
        [
            -0.02531847093196199,
            -0.009493343767198889,
            0.003142856803632776,
            -0.00549800161080842,
            -0.0425284156391466,
            -0.00924911564629312,
            -0.006300181671337598,
            0.00140586809258802,
            0.019169733277805624,
            0.42027012150245846,
            0.0035794474745739335,
            -0.00015006636810049358,
            -0.0009093216735540292,
            0.015538145810494626,
            1.3813123112531762,
            0.0050574847734477495,
            0.004605741174195597,
            -0.007444632437444252,
            0.0193694275119258,
            0.37445216073176557
        ],
        [
            -0.01976581450428029,
            -0.15026416910232643,
            0.0033812911005544678,
            -0.08037727368994943,
            0.012160303388649703,
            -0.3140151521438158,
            -0.3485079696146214,
            -0.07482174386101068,
            -0.3336457906364233,
            0.010583169135339665,
            -0.5942087455318261,
            -0.47013962272932686,
            0.048730483375836464,
            -0.02018510896682535,
            0.0050574847734477495,
            -0.28273211980510204,
            -0.47771136364105804,
            -0.09963974705330042,
            0.27967508463410484,
            -0.004845667451294059
        ],
        [
            -0.14550179346561876,
            -0.21062176039539598,
            0.01595973423528165,
            -0.12100476913567004,
            0.02670064137382025,
            -0.3828768479541562,
            -0.33649726990880247,
            -0.0937133574471602,
            -0.2058600679232125,
            -0.004660195113216262,
            -0.5573034593008066,
            -0.38105906077186535,
            0.1378837000076763,
            -0.08548152300570819,
            0.004605741174195597,
            -0.47771136364105804,
            -0.32732207999648,
            -0.08046724301590275,
            0.2444437176937319,
            -0.004246763578297432
        ],
        [
            -0.004725780199300266,
            -0.026829791301139848,
            -0.006073492389903114,
            -0.012497577300324114,
            0.0017963826591522085,
            -0.04858090370812895,
            -0.06163743610524616,
            -0.06360740169140683,
            -0.07905233820486157,
            0.0016024880282377186,
            -0.012905337811712547,
            -0.071339387940793,
            0.2406814410417641,
            0.3453587482815679,
            -0.007444632437444252,
            -0.09963974705330042,
            -0.08046724301590275,
            1.431708568881467,
            0.08872698805769492,
            -0.0019895181784585964
        ],
        [
            0.08474760087803218,
            0.13529871601247323,
            -0.010017375204375555,
            0.1097175253600233,
            -0.018127354339401092,
            0.2731177026475945,
            0.2079551792027412,
            0.08468197668253383,
            0.04078598152466817,
            0.0013137656440769061,
            0.11421065200828551,
            0.2433961237786837,
            0.2877279887391208,
            -0.5196972498352685,
            0.0193694275119258,
            0.27967508463410484,
            0.2444437176937319,
            0.08872698805769492,
            1.204033408201805,
            0.00542785206700181
        ],
        [
            -0.005579136727552187,
            -0.004616480451528564,
            0.0007230543063251422,
            -0.008958248227573204,
            -0.005129993513978493,
            -0.0059675318818459945,
            -0.004328394918092027,
            -0.0018030384452872956,
            -0.0014281322124546775,
            -0.04134141079824416,
            -0.0011560234810270575,
            -0.004448152783366631,
            -0.007210970779674803,
            0.021893746593657403,
            0.37445216073176557,
            -0.004845667451294059,
            -0.004246763578297432,
            -0.0019895181784585964,
            0.00542785206700181,
            1.4680525349577966
        ]
    ]
}