{
    "HF": -2.1322046351284336,
    "coordinates": [
        [
            0.81961,
            0.094032,
            -0.042799
        ],
        [
            1.604075,
            0.165875,
            -0.185744
        ],
        [
            2.293743,
            -0.086724,
            0.004473
        ],
        [
            2.934768,
            0.010051,
            0.078239
        ]
    ],
    "elements": [
        "H",
        "H",
        "H",
        "H"
    ],
    "Enn": 3.1627016162589583,
    "S": [
        [
            0.9999999999999999,
            0.6848602514927513,
            0.0,
            0.0,
            0.0,
            0.5223795977435046,
            0.5473678547085843,
            0.09284571904459565,
            -0.5095261603436196,
            -0.04666350689650486,
            0.1301423585343952,
            0.31673946684945586,
            -0.005447592707644034,
            -0.16987807118161752,
            0.020830196891667475,
            0.01945136070096933,
            0.142784686717678,
            -0.0013845442407562855,
            -0.024195127374787948,
            0.0009606521082879229
        ],
        [
            0.6848602514927513,
            1.0000000000000002,
            0.0,
            0.0,
            0.0,
            0.5473678547085842,
            0.8696818231883452,
            0.030624551737018686,
            -0.16806386357256559,
            -0.015391651827224708,
            0.31673946684945586,
            0.6181808437469815,
            -0.0056444309428404565,
            -0.17601628699996252,
            0.021582855802675355,
            0.142784686717678,
            0.375574648351808,
            -0.00615598588062684,
            -0.10757681705988943,
            0.004271268942323258
        ],
        [
            0.0,
            0.0,
            1.0000000000000004,
            0.0,
            0.0,
            -0.09284571904459563,
            -0.030624551737018686,
            0.41207426692491855,
            0.12668414786263313,
            0.011602008037191148,
            0.005447592707644032,
            0.005644430942840453,
            0.05658837214673042,
            -0.010297383483730226,
            0.0012626498755438896,
            0.001384544240756284,
            0.006155985880626839,
            0.002810397017147504,
            -0.0019418013316109285,
            7.709798399458451e-05
        ],
        [
            0.0,
            0.0,
            0.0,
            1.0000000000000004,
            0.0,
            0.5095261603436196,
            0.16806386357256542,
            0.1266841478626332,
            -0.2600687774592987,
            -0.06367042733145724,
            0.1698780711816175,
            0.17601628699996247,
            -0.010297383483730228,
            -0.26419566443028564,
            0.039374552567802104,
            0.024195127374787927,
            0.10757681705988952,
            -0.0019418013316109285,
            -0.0310117674441036,
            0.0013472993409509198
        ],
        [
            0.0,
            0.0,
            0.0,
            0.0,
            1.0000000000000004,
            0.046663506896504836,
            0.015391651827224686,
            0.011602008037191148,
            -0.06367042733145721,
            0.4293275427312965,
            -0.020830196891667475,
            -0.021582855802675348,
            0.0012626498755438902,
            0.03937455256780211,
            0.052090535986829826,
            -0.000960652108287922,
            -0.004271268942323258,
            7.709798399458451e-05,
            0.0013472993409509198,
            0.0028680211774339335
        ],
        [
            0.5223795977435046,
            0.5473678547085843,
            -0.09284571904459565,
            0.5095261603436196,
            0.04666350689650486,
            0.9999999999999999,
            0.6848602514927513,
            0.0,
            0.0,
            0.0,
            0.5556812305143862,
            0.560012434147531,
            -0.13360002473937557,
            -0.4843923616814254,
            0.17741438803651371,
            0.17479789368581075,
            0.3570300760687869,
            -0.04365163454267738,
            -0.220040398527553,
            0.025766705814306838
        ],
        [
            0.5473678547085842,
            0.8696818231883452,
            -0.030624551737018686,
            0.16806386357256542,
            0.015391651827224708,
            0.6848602514927513,
            1.0000000000000002,
            0.0,
            0.0,
            0.0,
            0.560012434147531,
            0.882150599417878,
            -0.041757836979036185,
            -0.15140099945671456,
            0.05545239312504959,
            0.3570300760687869,
            0.6661772823075217,
            -0.035826772895673854,
            -0.18059661381552225,
            0.02114784307965091
        ],
        [
            0.09284571904459563,
            0.030624551737018686,
            0.41207426692491855,
            0.1266841478626332,
            0.011602008037191148,
            0.0,
            0.0,
            1.0000000000000004,
            0.0,
            0.0,
            0.13360002473937552,
            0.041757836979036164,
            0.4291876955679898,
            -0.1613280204695795,
            0.059088281089734906,
            0.04365163454267737,
            0.03582677289567385,
            0.07279402161649351,
            -0.08105033488898247,
            0.009490985060972595
        ],
        [
            -0.5095261603436196,
            -0.16806386357256559,
            0.12668414786263313,
            -0.2600687774592984,
            -0.06367042733145721,
            0.0,
            0.0,
            0.0,
            1.0000000000000004,
            0.0,
            0.48439236168142535,
            0.1514009994567149,
            -0.16132802046957942,
            -0.11124199733407068,
            0.21423582877763447,
            0.22004039852755292,
            0.180596613815522,
            -0.0810503348889825,
            -0.319688034335223,
            0.047842426912872466
        ],
        [
            -0.046663506896504815,
            -0.015391651827224708,
            0.011602008037191148,
            -0.06367042733145724,
            0.4293275427312965,
            0.0,
            0.0,
            0.0,
            0.0,
            1.0000000000000004,
            -0.1774143880365137,
            -0.055452393125049564,
            0.059088281089734906,
            0.21423582877763453,
            0.39521711255741127,
            -0.025766705814306824,
            -0.021147843079650893,
            0.009490985060972592,
            0.04784242691287243,
            0.08327045173503086
        ],
        [
            0.1301423585343952,
            0.31673946684945586,
            0.005447592707644034,
            0.16987807118161752,
            -0.020830196891667475,
            0.5556812305143862,
            0.560012434147531,
            0.13360002473937557,
            0.48439236168142535,
            -0.17741438803651371,
            0.9999999999999999,
            0.6848602514927513,
            0.0,
            0.0,
            0.0,
            0.6419301959080426,
            0.5901381119804044,
            -0.06215232540116321,
            -0.5401024101927805,
            -0.08153880230319617
        ],
        [
            0.31673946684945586,
            0.6181808437469815,
            0.005644430942840455,
            0.17601628699996252,
            -0.021582855802675355,
            0.560012434147531,
            0.882150599417878,
            0.04175783697903617,
            0.1514009994567149,
            -0.05545239312504959,
            0.6848602514927513,
            1.0000000000000002,
            0.0,
            0.0,
            0.0,
            0.5901381119804044,
            0.9114334770846971,
            -0.017125113283306678,
            -0.1488168769139124,
            -0.02246675755757398
        ],
        [
            -0.005447592707644032,
            -0.005644430942840453,
            0.05658837214673042,
            -0.010297383483730226,
            0.0012626498755438896,
            -0.13360002473937552,
            -0.04175783697903615,
            0.4291876955679898,
            -0.1613280204695794,
            0.059088281089734906,
            0.0,
            0.0,
            1.0000000000000004,
            0.0,
            0.0,
            0.06215232540116319,
            0.017125113283306657,
            0.5673114152268061,
            -0.0706421355418286,
            -0.010664783225397552
        ],
        [
            -0.1698780711816175,
            -0.17601628699996247,
            -0.010297383483730228,
            -0.26419566443028564,
            0.039374552567802104,
            -0.4843923616814253,
            -0.15140099945671454,
            -0.16132802046957953,
            -0.11124199733407068,
            0.2142358287776346,
            0.0,
            0.0,
            0.0,
            1.0000000000000004,
            0.0,
            0.5401024101927805,
            0.14881687691391235,
            -0.07064213554182874,
            -0.03843811879712273,
            -0.09267674358187343
        ],
        [
            0.020830196891667475,
            0.021582855802675348,
            0.0012626498755438902,
            0.03937455256780211,
            0.052090535986829826,
            0.1774143880365137,
            0.055452393125049564,
            0.059088281089734906,
            0.21423582877763442,
            0.39521711255741127,
            0.0,
            0.0,
            0.0,
            0.0,
            1.0000000000000004,
            0.08153880230319616,
            0.022466757557573973,
            -0.010664783225397557,
            -0.09267674358187329,
            0.5614492349846045
        ],
        [
            0.01945136070096933,
            0.142784686717678,
            0.0013845442407562855,
            0.024195127374787948,
            -0.0009606521082879229,
            0.17479789368581075,
            0.3570300760687869,
            0.04365163454267738,
            0.22004039852755292,
            -0.025766705814306838,
            0.6419301959080426,
            0.5901381119804044,
            0.062152325401163194,
            0.5401024101927805,
            0.08153880230319617,
            0.9999999999999999,
            0.6848602514927513,
            0.0,
            0.0,
            0.0
        ],
        [
            0.142784686717678,
            0.375574648351808,
            0.00615598588062684,
            0.10757681705988952,
            -0.004271268942323258,
            0.3570300760687869,
            0.6661772823075217,
            0.035826772895673854,
            0.18059661381552203,
            -0.021147843079650896,
            0.5901381119804044,
            0.9114334770846971,
            0.017125113283306674,
            0.1488168769139124,
            0.02246675755757398,
            0.6848602514927513,
            1.0000000000000002,
            0.0,
            0.0,
            0.0
        ],
        [
            -0.001384544240756284,
            -0.00615598588062684,
            0.002810397017147504,
            -0.0019418013316109285,
            7.709798399458451e-05,
            -0.04365163454267737,
            -0.035826772895673833,
            0.07279402161649351,
            -0.0810503348889825,
            0.009490985060972595,
            -0.06215232540116319,
            -0.01712511328330665,
            0.5673114152268061,
            -0.07064213554182872,
            -0.010664783225397552,
            0.0,
            0.0,
            1.0000000000000004,
            0.0,
            0.0
        ],
        [
            -0.024195127374787927,
            -0.10757681705988943,
            -0.0019418013316109285,
            -0.0310117674441036,
            0.0013472993409509198,
            -0.22004039852755283,
            -0.18059661381552178,
            -0.08105033488898247,
            -0.3196880343352229,
            0.047842426912872445,
            -0.5401024101927805,
            -0.14881687691391235,
            -0.07064213554182865,
            -0.03843811879712254,
            -0.09267674358187329,
            0.0,
            0.0,
            0.0,
            1.0000000000000004,
            0.0
        ],
        [
            0.000960652108287922,
            0.004271268942323259,
            7.709798399458451e-05,
            0.0013472993409509198,
            0.0028680211774339335,
            0.025766705814306824,
            0.021147843079650883,
            0.009490985060972592,
            0.047842426912872445,
            0.08327045173503086,
            -0.08153880230319616,
            -0.022466757557573973,
            -0.010664783225397557,
            -0.09267674358187343,
            0.5614492349846045,
            0.0,
            0.0,
            0.0,
            0.0,
            1.0000000000000004
        ]
    ],
    "h": [
        [
            -0.24632610353042206,
            -0.4598425623151794,
            0.04631650913749208,
            -0.26963989411306355,
            -0.02051677118147517,
            -0.5586006676295298,
            -0.4501427217142264,
            -0.014505889758361978,
            0.0352787421713896,
            0.015854855368147597,
            -0.2499953737058924,
            -0.31280009290214833,
            0.044591903100086164,
            0.304628668614114,
            -0.06451726792393636,
            -0.032065614569530436,
            -0.16269858488873284,
            0.011410137760121937,
            0.09596545877367024,
            -0.005754570988655579
        ],
        [
            -0.4598425623151794,
            -0.31251260866761443,
            0.038222363093621904,
            -0.2361448206228823,
            -0.015698202613924364,
            -0.5330722835274293,
            -0.3684821641580007,
            -0.06298128706210401,
            0.10196128097694104,
            0.05423194596496387,
            -0.3489055606625283,
            -0.3155624392010694,
            0.04164189691974428,
            0.17403713934607176,
            -0.07072629684684592,
            -0.1704670901438909,
            -0.21941322111703493,
            0.019987748212683745,
            0.1473300482002528,
            0.004733640326727398
        ],
        [
            0.04631650913749208,
            0.038222363093621904,
            1.4895476741104565,
            0.042358597117317,
            0.004081490129951177,
            0.005081553099100605,
            0.03259116982942535,
            0.3184051515375618,
            0.17301471886492648,
            0.015401429452203335,
            0.01595420931746901,
            0.026947249824574422,
            -0.05033242949816771,
            -0.03133259417783245,
            0.007587066431247144,
            -0.001618733601289018,
            0.012221028712087238,
            -0.008938996718851408,
            0.0007526536364140177,
            0.0002928551650482438
        ],
        [
            -0.26963989411306355,
            -0.2361448206228823,
            0.042358597117317,
            1.2391043231441365,
            -0.01842160874207129,
            -0.08437127165766078,
            -0.22489047793820904,
            0.15326705020727027,
            -0.6351911495065089,
            -0.06351114764034815,
            -0.24355021823680895,
            -0.18469347682099313,
            0.04214120103325936,
            0.13995496395244617,
            -0.06067845757394649,
            -0.09179349200041653,
            -0.13011369286863866,
            0.013173508668801851,
            0.12780589629769734,
            -0.0038235223044612073
        ],
        [
            -0.02051677118147517,
            -0.015698202613924364,
            0.004081490129951177,
            -0.01842160874207129,
            1.49508100603782,
            0.003510903457737538,
            -0.011434692721202431,
            0.017551217220389836,
            -0.08503339182497215,
            0.3402331964849383,
            0.0053055882090580625,
            -0.0101119570335532,
            0.0013664604020772382,
            0.013472333988225144,
            -0.047052303483786334,
            0.0047355986850155015,
            -0.0020644785513529926,
            -0.00019180515282624433,
            -0.0038660099281245886,
            -0.008904187591046744
        ],
        [
            -0.5586006676295298,
            -0.5330722835274293,
            0.005081553099100605,
            -0.08437127165766078,
            0.003510903457737538,
            -0.4349511622308442,
            -0.5991069313165998,
            -0.10497223505242988,
            0.021223655568534283,
            0.10119771428765895,
            -0.555767350248789,
            -0.5251828984370273,
            0.003394631188583741,
            0.03563547573646009,
            -0.028495084435857465,
            -0.3225996632996525,
            -0.3793034220822574,
            0.04377530306091587,
            0.2842054718958099,
            0.004187611785368445
        ],
        [
            -0.4501427217142264,
            -0.3684821641580007,
            0.03259116982942535,
            -0.22489047793820904,
            -0.011434692721202431,
            -0.5991069313165998,
            -0.4375884263530314,
            -0.09021679812115439,
            -0.008726427001415724,
            0.08600219431454914,
            -0.5436163452068861,
            -0.419300494049067,
            0.03702981261509966,
            0.09755382991279588,
            -0.09263249668405964,
            -0.365343418799598,
            -0.33413364316654026,
            0.03062732246272596,
            0.22778383228244825,
            0.02015268061007991
        ],
        [
            -0.014505889758361978,
            -0.06298128706210401,
            0.3184051515375618,
            0.15326705020727027,
            0.017551217220389836,
            -0.10497223505242988,
            -0.09021679812115439,
            1.380557994446548,
            -0.026454555422932482,
            0.02653534583015492,
            -0.03560205108059178,
            -0.08112603516409281,
            0.32756218664829717,
            -0.22777688748374902,
            0.07475788815814705,
            -0.07477044378806132,
            -0.06522383081081037,
            -0.038664184890509296,
            0.04083697252344448,
            0.008556975351613112
        ],
        [
            0.0352787421713896,
            0.10196128097694104,
            0.17301471886492648,
            -0.6351911495065089,
            -0.08503339182497215,
            0.021223655568534283,
            -0.008726427001415724,
            -0.026454555422932482,
            0.8661840182332199,
            0.06460913742302575,
            -0.09197454601531752,
            -0.13216902268417924,
            -0.24359893678079342,
            -0.616930336001914,
            0.29056189406008026,
            -0.350392441111623,
            -0.19128106393758848,
            0.006842815061481683,
            0.07228796450547603,
            0.04287978416186714
        ],
        [
            0.015854855368147597,
            0.05423194596496387,
            0.015401429452203335,
            -0.06351114764034815,
            0.3402331964849383,
            0.10119771428765895,
            0.08600219431454914,
            0.02653534583015492,
            0.06460913742302575,
            1.3749103315099118,
            0.026788735782601825,
            0.08242511666376354,
            0.08296591479734726,
            0.30737659459876243,
            0.285538132069985,
            0.07907882187574175,
            0.07238664061634731,
            -0.008120731807723904,
            -0.06395141953436854,
            -0.050199170726323045
        ],
        [
            -0.2499953737058924,
            -0.3489055606625283,
            0.01595420931746901,
            -0.24355021823680895,
            0.0053055882090580625,
            -0.555767350248789,
            -0.5436163452068861,
            -0.03560205108059178,
            -0.09197454601531752,
            0.026788735782601825,
            -0.5368539648832433,
            -0.6344729861892311,
            0.022372040990512272,
            -0.11061628117190725,
            -0.12769770844121325,
            -0.6619450243128444,
            -0.5866257135385479,
            0.0173908541865182,
            0.08490248398355749,
            -0.007291027237775444
        ],
        [
            -0.31280009290214833,
            -0.3155624392010694,
            0.026947249824574422,
            -0.18469347682099313,
            -0.0101119570335532,
            -0.5251828984370273,
            -0.419300494049067,
            -0.08112603516409281,
            -0.13216902268417924,
            0.08242511666376354,
            -0.6344729861892311,
            -0.43764138759403504,
            0.024119359671814944,
            -0.031008176848018876,
            -0.10265658974833008,
            -0.5053169308316738,
            -0.37784232449768296,
            0.037712526672185914,
            0.2756070583316909,
            0.025278053926570863
        ],
        [
            0.044591903100086164,
            0.04164189691974428,
            -0.05033242949816771,
            0.04214120103325936,
            0.0013664604020772382,
            0.003394631188583741,
            0.03702981261509966,
            0.32756218664829717,
            -0.24359893678079342,
            0.08296591479734726,
            0.022372040990512272,
            0.024119359671814944,
            1.3576157602957035,
            -0.09854943067867923,
            0.0165779784065382,
            0.013527504004472696,
            0.005921764818471797,
            0.5405160253250103,
            -0.12631688154365345,
            -0.015148881002192829
        ],
        [
            0.304628668614114,
            0.17403713934607176,
            -0.03133259417783245,
            0.13995496395244617,
            0.013472333988225144,
            0.03563547573646009,
            0.09755382991279588,
            -0.22777688748374902,
            -0.616930336001914,
            0.30737659459876243,
            -0.11061628117190725,
            -0.031008176848018876,
            -0.09854943067867923,
            0.7937144746470004,
            0.03755622559929449,
            0.012460571139481957,
            -0.11526306664569752,
            -0.11415040939596027,
            -0.4185492189680008,
            -0.13543724001319551
        ],
        [
            -0.06451726792393636,
            -0.07072629684684592,
            0.007587066431247144,
            -0.06067845757394649,
            -0.047052303483786334,
            -0.028495084435857465,
            -0.09263249668405964,
            0.07475788815814705,
            0.29056189406008026,
            0.285538132069985,
            -0.12769770844121325,
            -0.10265658974833008,
            0.0165779784065382,
            0.03755622559929449,
            1.341911699074822,
            -0.022631296670922785,
            -0.07644898663639074,
            -0.00957471716630156,
            -0.10341748107591248,
            0.533122551839954
        ],
        [
            -0.032065614569530436,
            -0.1704670901438909,
            -0.001618733601289018,
            -0.09179349200041653,
            0.0047355986850155015,
            -0.3225996632996525,
            -0.365343418799598,
            -0.07477044378806132,
            -0.350392441111623,
            0.07907882187574175,
            -0.6619450243128444,
            -0.5053169308316738,
            0.013527504004472696,
            0.012460571139481957,
            -0.022631296670922785,
            -0.35930275070017603,
            -0.5059241782406424,
            0.04501118219396731,
            0.3536676845424407,
            0.04564919372894262
        ],
        [
            -0.16269858488873284,
            -0.21941322111703493,
            0.012221028712087238,
            -0.13011369286863866,
            -0.0020644785513529926,
            -0.3793034220822574,
            -0.33413364316654026,
            -0.06522383081081037,
            -0.19128106393758848,
            0.07238664061634731,
            -0.5866257135385479,
            -0.37784232449768296,
            0.005921764818471797,
            -0.11526306664569752,
            -0.07644898663639074,
            -0.5059241782406424,
            -0.32672361380694714,
            0.036846661187153205,
            0.2785720376164427,
            0.031030927523091525
        ],
        [
            0.011410137760121937,
            0.019987748212683745,
            -0.008938996718851408,
            0.013173508668801851,
            -0.00019180515282624433,
            0.04377530306091587,
            0.03062732246272596,
            -0.038664184890509296,
            0.006842815061481683,
            -0.008120731807723904,
            0.0173908541865182,
            0.037712526672185914,
            0.5405160253250103,
            -0.11415040939596027,
            -0.00957471716630156,
            0.04501118219396731,
            0.036846661187153205,
            1.448567755924057,
            -0.04300541039845186,
            -0.004301211696657306
        ],
        [
            0.09596545877367024,
            0.1473300482002528,
            0.0007526536364140177,
            0.12780589629769734,
            -0.0038660099281245886,
            0.2842054718958099,
            0.22778383228244825,
            0.04083697252344448,
            0.07228796450547603,
            -0.06395141953436854,
            0.08490248398355749,
            0.2756070583316909,
            -0.12631688154365345,
            -0.4185492189680008,
            -0.10341748107591248,
            0.3536676845424407,
            0.2785720376164427,
            -0.04300541039845186,
            1.1146313480073116,
            -0.04062819387460084
        ],
        [
            -0.005754570988655579,
            0.004733640326727398,
            0.0002928551650482438,
            -0.0038235223044612073,
            -0.008904187591046744,
            0.004187611785368445,
            0.02015268061007991,
            0.008556975351613112,
            0.04287978416186714,
            -0.050199170726323045,
            -0.007291027237775444,
            0.025278053926570863,
            -0.015148881002192829,
            -0.13543724001319551,
            0.533122551839954,
            0.04564919372894262,
            0.031030927523091525,
            -0.004301211696657306,
            -0.04062819387460084,
            1.4468990730004818
        ]
    ]
}