{
    "HF": -2.1044372890841974,
    "coordinates": [
        [
            0.693211,
            -0.044982,
            0.071088
        ],
        [
            1.517829,
            -0.18621,
            0.004996
        ],
        [
            2.169295,
            -0.155383,
            0.03796
        ],
        [
            2.932194,
            -0.004837,
            -0.01581
        ]
    ],
    "elements": [
        "H",
        "H",
        "H",
        "H"
    ],
    "Enn": 3.0844006794776684,
    "S": [
        [
            0.9999999999999999,
            0.6848602514927513,
            0.0,
            0.0,
            0.0,
            0.4922725942668655,
            0.5353878035105373,
            0.039819798123354164,
            -0.4968244611887076,
            0.08508851978098803,
            0.13191870120809976,
            0.31849693470495155,
            0.003881344549411687,
            -0.17294103440816835,
            0.012934808005300637,
            0.012684513904104373,
            0.11889218043567047,
            0.0005898307324112834,
            -0.015197369131008909,
            -0.00027248906479609395
        ],
        [
            0.6848602514927513,
            1.0000000000000002,
            0.0,
            0.0,
            0.0,
            0.5353878035105373,
            0.8577668298581103,
            0.013828950176561517,
            -0.1725413247699541,
            0.029550247768798475,
            0.31849693470495155,
            0.6203210312062134,
            0.0039790734671027,
            -0.17729554092051505,
            0.013260495346583087,
            0.11889218043567043,
            0.3348701622095465,
            0.0036313163614331923,
            -0.09356320744862691,
            -0.0016775897642032675
        ],
        [
            0.0,
            0.0,
            1.0000000000000004,
            0.0,
            0.0,
            -0.03981979812335416,
            -0.013828950176561512,
            0.39627167065095664,
            0.05671267149561719,
            -0.009712881807070693,
            -0.003881344549411687,
            -0.003979073467102693,
            0.05793742647071791,
            0.00737626978302962,
            -0.0005516945921209449,
            -0.0005898307324112832,
            -0.0036313163614331914,
            0.0014458804381629372,
            0.0007449441494390316,
            1.3356860181265298e-05
        ],
        [
            0.0,
            0.0,
            0.0,
            1.0000000000000004,
            0.0,
            0.49682446118870754,
            0.17254132476995404,
            0.05671267149561714,
            -0.3067766913770356,
            0.12118587983391359,
            0.17294103440816835,
            0.1772955409205149,
            0.007376269783029624,
            -0.270561413488482,
            0.02458185101171979,
            0.015197369131008909,
            0.09356320744862677,
            0.0007449441494390316,
            -0.017719173592630415,
            -0.00034414811479239934
        ],
        [
            0.0,
            0.0,
            0.0,
            0.0,
            1.0000000000000004,
            -0.08508851978098803,
            -0.02955024776879848,
            -0.00971288180707069,
            0.12118587983391367,
            0.380062243312849,
            -0.012934808005300636,
            -0.013260495346583096,
            -0.0005516945921209455,
            0.024581851011719804,
            0.05626441879082119,
            0.00027248906479609384,
            0.0016775897642032666,
            1.3356860181265298e-05,
            -0.00034414811479239934,
            0.0014686221609136736
        ],
        [
            0.4922725942668655,
            0.5353878035105373,
            -0.039819798123354164,
            0.4968244611887078,
            -0.08508851978098803,
            0.9999999999999999,
            0.6848602514927513,
            0.0,
            0.0,
            0.0,
            0.641476144026091,
            0.5899885705468398,
            -0.02774947972065203,
            -0.5484116780637754,
            -0.025950528192832778,
            0.1510932774557857,
            0.33658327471820876,
            0.002877501815487227,
            -0.1956088558714597,
            -0.02508416498992429
        ],
        [
            0.5353878035105373,
            0.8577668298581103,
            -0.013828950176561517,
            0.1725413247699541,
            -0.029550247768798485,
            0.6848602514927513,
            1.0000000000000002,
            0.0,
            0.0,
            0.0,
            0.5899885705468398,
            0.9112895445814213,
            -0.0076506733352844185,
            -0.15119990156062346,
            -0.007154693207948447,
            0.33658327471820876,
            0.6420921484475057,
            0.0026511334564696338,
            -0.18022062727865407,
            -0.023110834778442137
        ],
        [
            0.03981979812335416,
            0.013828950176561517,
            0.39627167065095664,
            0.05671267149561716,
            -0.009712881807070693,
            0.0,
            0.0,
            1.0000000000000004,
            0.0,
            0.0,
            0.02774947972065203,
            0.007650673335284413,
            0.573277439239338,
            -0.03205203123046878,
            -0.001516683858776454,
            -0.0028775018154872274,
            -0.0026511334564696338,
            0.07128220950258249,
            0.005451948566646456,
            0.0006991379646543629
        ],
        [
            -0.4968244611887076,
            -0.17254132476995404,
            0.056712671495617165,
            -0.3067766913770357,
            0.12118587983391367,
            0.0,
            0.0,
            0.0,
            1.0000000000000004,
            0.0,
            0.5484116780637753,
            0.15119990156062343,
            -0.03205203123046876,
            -0.05854354040814392,
            -0.029974152613204134,
            0.1956088558714598,
            0.1802206272786538,
            0.005451948566646458,
            -0.29925400966833715,
            -0.04752649559638412
        ],
        [
            0.08508851978098803,
            0.029550247768798506,
            -0.00971288180707069,
            0.12118587983391359,
            0.380062243312849,
            0.0,
            0.0,
            0.0,
            0.0,
            1.0000000000000004,
            0.025950528192832778,
            0.007154693207948446,
            -0.001516683858776451,
            -0.0299741526132041,
            0.5734809033569958,
            0.025084164989924294,
            0.02311083477844213,
            0.0006991379646543629,
            -0.0475264955963841,
            0.06526778617909433
        ],
        [
            0.13191870120809976,
            0.31849693470495155,
            -0.003881344549411687,
            0.17294103440816835,
            -0.012934808005300636,
            0.641476144026091,
            0.5899885705468398,
            0.02774947972065203,
            0.5484116780637754,
            0.025950528192832778,
            0.9999999999999999,
            0.6848602514927513,
            0.0,
            0.0,
            0.0,
            0.5391083616164446,
            0.5537961746385243,
            0.03634636983719411,
            -0.5156892170806312,
            -0.10176307594402499
        ],
        [
            0.31849693470495155,
            0.6203210312062134,
            -0.003979073467102694,
            0.17729554092051505,
            -0.013260495346583093,
            0.5899885705468398,
            0.9112895445814213,
            0.007650673335284417,
            0.15119990156062382,
            0.007154693207948447,
            0.6848602514927513,
            1.0000000000000002,
            0.0,
            0.0,
            0.0,
            0.5537961746385243,
            0.8760343068372854,
            0.011664170743514507,
            -0.16549347584259796,
            -0.03265750881073342
        ],
        [
            0.0038813445494116847,
            0.003979073467102699,
            0.05793742647071791,
            0.007376269783029623,
            -0.0005516945921209452,
            -0.02774947972065203,
            -0.007650673335284418,
            0.573277439239338,
            -0.03205203123046876,
            -0.001516683858776451,
            0.0,
            0.0,
            1.0000000000000004,
            0.0,
            0.0,
            -0.03634636983719411,
            -0.011664170743514508,
            0.4510349948305738,
            0.048397352383766724,
            0.009550448764471498
        ],
        [
            -0.17294103440816835,
            -0.177295540920515,
            0.007376269783029621,
            -0.270561413488482,
            0.024581851011719794,
            -0.5484116780637753,
            -0.15119990156062343,
            -0.03205203123046878,
            -0.05854354040814411,
            -0.0299741526132041,
            0.0,
            0.0,
            0.0,
            1.0000000000000004,
            0.0,
            0.5156892170806312,
            0.16549347584259794,
            0.04839735238376667,
            -0.23222475649350582,
            -0.13550358586510203
        ],
        [
            0.012934808005300637,
            0.013260495346583108,
            -0.0005516945921209452,
            0.0245818510117198,
            0.05626441879082119,
            -0.025950528192832778,
            -0.007154693207948446,
            -0.001516683858776454,
            -0.029974152613204134,
            0.5734809033569956,
            0.0,
            0.0,
            0.0,
            0.0,
            1.0000000000000004,
            0.10176307594402499,
            0.03265750881073341,
            0.009550448764471498,
            -0.1355035858651022,
            0.42770661558250495
        ],
        [
            0.012684513904104373,
            0.11889218043567047,
            -0.0005898307324112834,
            0.015197369131008909,
            0.00027248906479609395,
            0.1510932774557857,
            0.33658327471820876,
            -0.002877501815487227,
            0.1956088558714598,
            0.02508416498992429,
            0.5391083616164446,
            0.5537961746385243,
            -0.03634636983719411,
            0.5156892170806312,
            0.10176307594402499,
            0.9999999999999999,
            0.6848602514927513,
            0.0,
            0.0,
            0.0
        ],
        [
            0.11889218043567043,
            0.3348701622095465,
            -0.0036313163614331927,
            0.09356320744862684,
            0.0016775897642032672,
            0.33658327471820876,
            0.6420921484475057,
            -0.0026511334564696346,
            0.18022062727865407,
            0.023110834778442137,
            0.5537961746385243,
            0.8760343068372854,
            -0.011664170743514508,
            0.16549347584259724,
            0.03265750881073342,
            0.6848602514927513,
            1.0000000000000002,
            0.0,
            0.0,
            0.0
        ],
        [
            0.0005898307324112834,
            0.00363131636143319,
            0.0014458804381629372,
            0.0007449441494390316,
            1.3356860181265298e-05,
            0.0028775018154872274,
            0.002651133456469633,
            0.07128220950258249,
            0.005451948566646458,
            0.0006991379646543629,
            0.03634636983719411,
            0.011664170743514508,
            0.4510349948305738,
            0.04839735238376667,
            0.009550448764471498,
            0.0,
            0.0,
            1.0000000000000004,
            0.0,
            0.0
        ],
        [
            -0.015197369131008909,
            -0.09356320744862673,
            0.0007449441494390316,
            -0.017719173592630415,
            -0.00034414811479239934,
            -0.1956088558714597,
            -0.180220627278654,
            0.005451948566646456,
            -0.29925400966833715,
            -0.0475264955963841,
            -0.5156892170806312,
            -0.16549347584259794,
            0.048397352383766724,
            -0.23222475649350596,
            -0.1355035858651022,
            0.0,
            0.0,
            0.0,
            1.0000000000000004,
            0.0
        ],
        [
            -0.00027248906479609384,
            -0.0016775897642032664,
            1.3356860181265298e-05,
            -0.00034414811479239934,
            0.0014686221609136736,
            -0.025084164989924294,
            -0.023110834778442123,
            0.0006991379646543629,
            -0.04752649559638412,
            0.06526778617909433,
            -0.10176307594402499,
            -0.0326575088107334,
            0.009550448764471498,
            -0.13550358586510203,
            0.42770661558250495,
            0.0,
            0.0,
            0.0,
            0.0,
            1.0000000000000004
        ]
    ],
    "h": [
        [
            -0.22537906315712486,
            -0.44735131840983255,
            0.018874383428402572,
            -0.24742708132865535,
            0.042040621919758686,
            -0.5393600988940919,
            -0.43333662913058846,
            -0.007521443649305626,
            0.04102480804714648,
            -0.009045833990138391,
            -0.2698352884983221,
            -0.31025250019734624,
            0.0024650838857996045,
            0.33116532587485903,
            0.0005746195962034219,
            -0.008870253494990918,
            -0.132083878042127,
            -0.0020810546944537082,
            0.07316560521493792,
            0.005722871156716254
        ],
        [
            -0.44735131840983255,
            -0.307061130075575,
            0.01653504107474712,
            -0.22439672524905543,
            0.037111788837760555,
            -0.5332670785156188,
            -0.3640542306760126,
            -0.021279589946424104,
            0.07723290559613627,
            -0.03731463366707913,
            -0.36549969005299765,
            -0.3153037497347446,
            0.010048594963702036,
            0.2179855249350756,
            -0.0002724567857872971,
            -0.1349543158167028,
            -0.19558037524941174,
            -0.005953019178476967,
            0.12758458957145669,
            0.018853451708034367
        ],
        [
            0.018874383428402572,
            0.01653504107474712,
            1.49161890766324,
            0.017877731118907163,
            -0.0030453545395759942,
            0.005067117192962517,
            0.014844401272700515,
            0.2917739112157118,
            0.07617674365461427,
            -0.012618208183377586,
            0.013359913606412853,
            0.01301362509415634,
            -0.04761633839927945,
            -0.016201093234743336,
            -0.00016832622928436808,
            0.0024637601456731694,
            0.0067480881199668205,
            -0.0046073083395435244,
            -0.004527059046502885,
            -0.0003442927891549963
        ],
        [
            -0.24742708132865535,
            -0.22439672524905543,
            0.017877731118907163,
            1.2521433089084852,
            0.03934533441738076,
            -0.10606542770254856,
            -0.2166808466897444,
            0.06906727831586769,
            -0.6746726877472294,
            0.15233230086039468,
            -0.26506524947768106,
            -0.18630930563768522,
            0.007812354660441181,
            0.16935259629809252,
            0.00390806032399503,
            -0.07132785367264619,
            -0.1197930988818465,
            -0.004022940503473156,
            0.09891270177873715,
            0.007868443841196657
        ],
        [
            0.042040621919758686,
            0.037111788837760555,
            -0.0030453545395759942,
            0.03934533441738076,
            1.486390103912532,
            0.013323599376344308,
            0.033699694745310094,
            -0.012185995171692384,
            0.1623961366935853,
            0.27085014517990674,
            0.03175365397865945,
            0.02896799382462054,
            -0.000939022791804181,
            -0.03620192401514667,
            -0.0476999911950495,
            0.002683287744534577,
            0.013795985008205712,
            0.0001304516897260855,
            -0.004153395096180502,
            -0.005312338149119792
        ],
        [
            -0.5393600988940919,
            -0.5332670785156188,
            0.005067117192962517,
            -0.10606542770254856,
            0.013323599376344308,
            -0.49374950379478344,
            -0.6240576522663996,
            -0.032680295273395166,
            -0.07854398778812864,
            -0.05362442115893047,
            -0.623035581474787,
            -0.5644265313765535,
            0.003273313181968579,
            0.02791187519309557,
            -0.01555491239057763,
            -0.3027249516512337,
            -0.3806871048008018,
            -0.012197960254190265,
            0.287637450603139,
            0.0461968582784804
        ],
        [
            -0.43333662913058846,
            -0.3640542306760126,
            0.014844401272700515,
            -0.2166808466897444,
            0.033699694745310094,
            -0.6240576522663996,
            -0.44484192671097156,
            -0.02561454672405475,
            -0.06226854032849935,
            -0.04546029836386434,
            -0.5716017950607277,
            -0.4278940210804161,
            0.0186261639063542,
            0.15470798531906987,
            -0.01605405514313445,
            -0.3329523582281413,
            -0.3244434276401882,
            -0.012161940811550998,
            0.20673519283356956,
            0.03811449343561985
        ],
        [
            -0.007521443649305626,
            -0.021279589946424104,
            0.2917739112157118,
            0.06906727831586769,
            -0.012185995171692384,
            -0.032680295273395166,
            -0.02561454672405475,
            1.3819998399421116,
            0.004094261694895809,
            -0.003672866531191914,
            -0.0033184495444064654,
            -0.01897805810927227,
            0.5381029740266369,
            -0.039485121662527975,
            -0.0023944817551962735,
            -0.004135632368180436,
            -0.010879985687651385,
            -0.04813644110572213,
            0.010156012108837795,
            0.001622796405244872
        ],
        [
            0.04102480804714648,
            0.07723290559613627,
            0.07617674365461427,
            -0.6746726877472294,
            0.1623961366935853,
            -0.07854398778812864,
            -0.06226854032849935,
            0.004094261694895809,
            0.7751994899545334,
            0.018364622080288696,
            -0.05322216237636179,
            -0.17172258376223054,
            -0.03880255900227286,
            -0.59535273781682,
            -0.06404028094105665,
            -0.35339790529719917,
            -0.22756411531104154,
            -0.01499220323506932,
            0.1462760503330499,
            0.04130319502117914
        ],
        [
            -0.009045833990138391,
            -0.03731463366707913,
            -0.012618208183377586,
            0.15233230086039468,
            0.27085014517990674,
            -0.05362442115893047,
            -0.04546029836386434,
            -0.003672866531191914,
            0.018364622080288696,
            1.376867452165171,
            -0.019280362815973964,
            -0.03579316024822897,
            -0.001593976402472743,
            -0.03597942940582942,
            0.5366417723073905,
            -0.024312223416504415,
            -0.02102038368293979,
            -0.0010042663495297105,
            0.010200947803823843,
            -0.04533721319458066
        ],
        [
            -0.2698352884983221,
            -0.36549969005299765,
            0.013359913606412853,
            -0.26506524947768106,
            0.03175365397865945,
            -0.623035581474787,
            -0.5716017950607277,
            -0.0033184495444064654,
            -0.05322216237636179,
            -0.019280362815973964,
            -0.5291671067274208,
            -0.6375488696460714,
            0.03285587184728825,
            0.04240814384620038,
            -0.03673769669577862,
            -0.5818690581396813,
            -0.5569410445155475,
            -0.003653064298493436,
            0.10910769774430307,
            0.0177386809379661
        ],
        [
            -0.31025250019734624,
            -0.3153037497347446,
            0.01301362509415634,
            -0.18630930563768522,
            0.02896799382462054,
            -0.5644265313765535,
            -0.4278940210804161,
            -0.01897805810927227,
            -0.17172258376223054,
            -0.03579316024822897,
            -0.6375488696460714,
            -0.4456901787201204,
            0.024909368827251845,
            0.04298868423395165,
            -0.030370686174870373,
            -0.4566242080305485,
            -0.370299719699799,
            -0.013973199064060249,
            0.24049023485874438,
            0.044782997401563635
        ],
        [
            0.0024650838857996045,
            0.010048594963702036,
            -0.04761633839927945,
            0.007812354660441181,
            -0.000939022791804181,
            0.003273313181968579,
            0.0186261639063542,
            0.5381029740266369,
            -0.03880255900227286,
            -0.001593976402472743,
            0.03285587184728825,
            0.024909368827251845,
            1.3711144227340666,
            0.004018255264698144,
            0.002768112374672725,
            0.006966753479661372,
            0.020951282427390874,
            0.36528678800631864,
            0.0603047691968322,
            0.012160030321042205
        ],
        [
            0.33116532587485903,
            0.2179855249350756,
            -0.016201093234743336,
            0.16935259629809252,
            -0.03620192401514667,
            0.02791187519309557,
            0.15470798531906987,
            -0.039485121662527975,
            -0.59535273781682,
            -0.03597942940582942,
            0.04240814384620038,
            0.04298868423395165,
            0.004018255264698144,
            0.7465718045214913,
            -0.06300054274261478,
            -0.020574794365258886,
            -0.08335822866705028,
            0.06802702380217664,
            -0.6247413043688164,
            -0.19218062468229008
        ],
        [
            0.0005746195962034219,
            -0.0002724567857872971,
            -0.00016832622928436808,
            0.00390806032399503,
            -0.0476999911950495,
            -0.01555491239057763,
            -0.01605405514313445,
            -0.0023944817551962735,
            -0.06404028094105665,
            0.5366417723073905,
            -0.03673769669577862,
            -0.030370686174870373,
            0.002768112374672725,
            -0.06300054274261478,
            1.3629850333734708,
            -0.005233707839330054,
            -0.03363859934947117,
            0.013192937054983138,
            -0.18488237424047776,
            0.33327602214474505
        ],
        [
            -0.008870253494990918,
            -0.1349543158167028,
            0.0024637601456731694,
            -0.07132785367264619,
            0.002683287744534577,
            -0.3027249516512337,
            -0.3329523582281413,
            -0.004135632368180436,
            -0.35339790529719917,
            -0.024312223416504415,
            -0.5818690581396813,
            -0.4566242080305485,
            0.006966753479661372,
            -0.020574794365258886,
            -0.005233707839330054,
            -0.26591883307903097,
            -0.46570689443194524,
            -0.018465424758662287,
            0.279565930937834,
            0.05532622369884814
        ],
        [
            -0.132083878042127,
            -0.19558037524941174,
            0.0067480881199668205,
            -0.1197930988818465,
            0.013795985008205712,
            -0.3806871048008018,
            -0.3244434276401882,
            -0.010879985687651385,
            -0.22756411531104154,
            -0.02102038368293979,
            -0.5569410445155475,
            -0.370299719699799,
            0.020951282427390874,
            -0.08335822866705028,
            -0.03363859934947117,
            -0.46570689443194524,
            -0.3146647612757787,
            -0.015349526013161799,
            0.24355694487505175,
            0.04721465418984301
        ],
        [
            -0.0020810546944537082,
            -0.005953019178476967,
            -0.0046073083395435244,
            -0.004022940503473156,
            0.0001304516897260855,
            -0.012197960254190265,
            -0.012161940811550998,
            -0.04813644110572213,
            -0.01499220323506932,
            -0.0010042663495297105,
            -0.003653064298493436,
            -0.013973199064060249,
            0.36528678800631864,
            0.06802702380217664,
            0.013192937054983138,
            -0.018465424758662287,
            -0.015349526013161799,
            1.473362230975899,
            0.01763475649558982,
            0.003477722118384906
        ],
        [
            0.07316560521493792,
            0.12758458957145669,
            -0.004527059046502885,
            0.09891270177873715,
            -0.004153395096180502,
            0.287637450603139,
            0.20673519283356956,
            0.010156012108837795,
            0.1462760503330499,
            0.010200947803823843,
            0.10910769774430307,
            0.24049023485874438,
            0.0603047691968322,
            -0.6247413043688164,
            -0.18488237424047776,
            0.279565930937834,
            0.24355694487505175,
            0.01763475649558982,
            1.1987981257572766,
            -0.052793113852642744
        ],
        [
            0.005722871156716254,
            0.018853451708034367,
            -0.0003442927891549963,
            0.007868443841196657,
            -0.005312338149119792,
            0.0461968582784804,
            0.03811449343561985,
            0.001622796405244872,
            0.04130319502117914,
            -0.04533721319458066,
            0.0177386809379661,
            0.044782997401563635,
            0.012160030321042205,
            -0.19218062468229008,
            0.33327602214474505,
            0.05532622369884814,
            0.04721465418984301,
            0.003477722118384906,
            -0.052793113852642744,
            1.4643426538465236
        ]
    ]
}