{
    "HF": -2.1603613199794407,
    "coordinates": [
        [
            0.643621,
            -0.047548,
            0.053532
        ],
        [
            1.443946,
            0.138704,
            -0.120686
        ],
        [
            2.204444,
            -0.104313,
            -0.066604
        ],
        [
            2.940534,
            0.144087,
            -0.118661
        ]
    ],
    "elements": [
        "H",
        "H",
        "H",
        "H"
    ],
    "Enn": 2.8912779361208893,
    "S": [
        [
            0.9999999999999999,
            0.6848602514927513,
            0.0,
            0.0,
            0.0,
            0.491696902445808,
            0.535153353977151,
            0.10480927163180218,
            -0.48147424674099154,
            -0.11204890688658127,
            0.10557607518695358,
            0.290717421738524,
            0.010729303504846393,
            -0.1393965479485322,
            0.005069661995177178,
            0.00979323136579289,
            0.1063781578977891,
            0.0008516709276565971,
            -0.011360589718841633,
            -0.0009478315507684517
        ],
        [
            0.6848602514927513,
            1.0000000000000002,
            0.0,
            0.0,
            0.0,
            0.535153353977151,
            0.8575326474113107,
            0.03643596305142498,
            -0.16738001887940204,
            -0.03895275453887665,
            0.290717421738524,
            0.5859454983815923,
            0.013087511707479049,
            -0.1700347047163429,
            0.006183929896742424,
            0.1063781578977891,
            0.31232394344299375,
            0.0063859761796854,
            -0.08518367009582116,
            -0.007107005192975395
        ],
        [
            0.0,
            0.0,
            1.0000000000000004,
            0.0,
            0.0,
            -0.10480927163180213,
            -0.036435963051424984,
            0.36863301092346257,
            0.14485422261456024,
            0.03371054093075573,
            -0.01072930350484639,
            -0.013087511707479038,
            0.03981730465218963,
            0.020138000601264104,
            -0.0007323915678656434,
            -0.0008516709276565978,
            -0.006385976179685403,
            0.0008985803536572406,
            0.0009996241930792698,
            8.340019070846213e-05
        ],
        [
            0.0,
            0.0,
            0.0,
            1.0000000000000004,
            0.0,
            0.4814742467409915,
            0.16738001887940218,
            0.14485422261456024,
            -0.2652678160360959,
            -0.15485993795363898,
            0.13939654794853215,
            0.17003470471634285,
            0.020138000601264118,
            -0.22026828108000313,
            0.009515329327851416,
            0.011360589718841642,
            0.08518367009582119,
            0.0009996241930792702,
            -0.012360645274364462,
            -0.0011124899516283817
        ],
        [
            0.0,
            0.0,
            0.0,
            0.0,
            1.0000000000000004,
            0.11204890688658126,
            0.038952754538876616,
            0.03371054093075573,
            -0.15485993795363898,
            0.3641263914772655,
            -0.005069661995177178,
            -0.006183929896742421,
            -0.0007323915678656436,
            0.009515329327851412,
            0.041021259982767136,
            0.0009478315507684521,
            0.007107005192975393,
            8.340019070846213e-05,
            -0.0011124899516283813,
            0.0008807025658605734
        ],
        [
            0.491696902445808,
            0.535153353977151,
            -0.10480927163180218,
            0.48147424674099154,
            0.11204890688658127,
            0.9999999999999999,
            0.6848602514927513,
            0.0,
            0.0,
            0.0,
            0.5226947441622324,
            0.5474904219406791,
            -0.03515420272908486,
            -0.4943363941249135,
            0.15796510640534767,
            0.1266527850706943,
            0.3132425369199806,
            -0.00022574763704304122,
            -0.1668401010503548,
            -0.0006000985334334228
        ],
        [
            0.535153353977151,
            0.8575326474113107,
            -0.03643596305142499,
            0.16738001887940224,
            0.03895275453887665,
            0.6848602514927513,
            1.0000000000000002,
            0.0,
            0.0,
            0.0,
            0.5474904219406791,
            0.8698032090674401,
            -0.01158930307511947,
            -0.16296811896790422,
            0.05207643329400367,
            0.3132425369199806,
            0.6139089632620106,
            -0.0002389371024566621,
            -0.17658785199575502,
            -0.0006351597148267645
        ],
        [
            0.10480927163180215,
            0.03643596305142499,
            0.36863301092346257,
            0.14485422261456024,
            0.03371054093075573,
            0.0,
            0.0,
            1.0000000000000004,
            0.0,
            0.0,
            0.03515420272908486,
            0.01158930307511947,
            0.43221358478203,
            -0.046504153602612244,
            0.014860393973483188,
            0.00022574763704304133,
            0.0002389371024566621,
            0.05461393705406691,
            -0.0004297021631947741,
            -1.5455734941596874e-06
        ],
        [
            -0.4814742467409915,
            -0.16738001887940235,
            0.14485422261456024,
            -0.2652678160360959,
            -0.15485993795363898,
            0.0,
            0.0,
            0.0,
            1.0000000000000004,
            0.0,
            0.4943363941249135,
            0.16296811896790422,
            -0.046504153602612244,
            -0.21841807827093443,
            0.2089660126483122,
            0.1668401010503549,
            0.17658785199575502,
            -0.0004297021631947807,
            -0.2629593585681143,
            -0.001142265059001221
        ],
        [
            -0.11204890688658126,
            -0.038952754538876616,
            0.03371054093075573,
            -0.15485993795363898,
            0.3641263914772655,
            0.0,
            0.0,
            0.0,
            0.0,
            1.0000000000000004,
            -0.15796510640534764,
            -0.052076433294003646,
            0.014860393973483188,
            0.2089660126483122,
            0.36874562581222536,
            0.0006000985334334233,
            0.0006351597148267645,
            -1.54557349415971e-06,
            -0.00114226505900122,
            0.05461040992039209
        ],
        [
            0.10557607518695358,
            0.290717421738524,
            -0.010729303504846393,
            0.13939654794853215,
            -0.005069661995177178,
            0.5226947441622324,
            0.5474904219406791,
            0.03515420272908486,
            0.4943363941249135,
            -0.15796510640534767,
            0.9999999999999999,
            0.6848602514927513,
            0.0,
            0.0,
            0.0,
            0.5397865661130796,
            0.5540534881519892,
            0.03524447924258424,
            -0.4983596581761113,
            -0.1681758196564905
        ],
        [
            0.290717421738524,
            0.5859454983815923,
            -0.013087511707479049,
            0.1700347047163429,
            -0.006183929896742429,
            0.5474904219406791,
            0.8698032090674401,
            0.01158930307511947,
            0.16296811896790422,
            -0.05207643329400367,
            0.6848602514927513,
            1.0000000000000002,
            0.0,
            0.0,
            0.0,
            0.5540534881519892,
            0.8762879990151873,
            0.011298175794786649,
            -0.15975707821780938,
            -0.05391142146925489
        ],
        [
            0.01072930350484639,
            0.013087511707479038,
            0.03981730465218963,
            0.02013800060126411,
            -0.0007323915678656434,
            -0.03515420272908486,
            -0.01158930307511947,
            0.43221358478203,
            -0.046504153602612244,
            0.014860393973483188,
            0.0,
            0.0,
            1.0000000000000004,
            0.0,
            0.0,
            -0.03524447924258424,
            -0.011298175794786643,
            0.4520281449583253,
            0.04528703849058424,
            0.01528250670578478
        ],
        [
            -0.13939654794853215,
            -0.17003470471634285,
            0.02013800060126411,
            -0.22026828108000318,
            0.009515329327851412,
            -0.4943363941249135,
            -0.16296811896790422,
            -0.046504153602612244,
            -0.21841807827093443,
            0.2089660126483122,
            0.0,
            0.0,
            0.0,
            1.0000000000000004,
            0.0,
            0.4983596581761113,
            0.15975707821780932,
            0.045287038490584165,
            -0.18513133313763894,
            -0.21609582498148389
        ],
        [
            0.005069661995177178,
            0.006183929896742421,
            -0.0007323915678656436,
            0.009515329327851416,
            0.041021259982767136,
            0.15796510640534764,
            0.052076433294003646,
            0.014860393973483188,
            0.2089660126483122,
            0.36874562581222536,
            0.0,
            0.0,
            0.0,
            0.0,
            1.0000000000000004,
            0.16817581965649048,
            0.05391142146925487,
            0.015282506705784774,
            -0.21609582498148416,
            0.382307464657416
        ],
        [
            0.00979323136579289,
            0.1063781578977891,
            -0.0008516709276565971,
            0.011360589718841633,
            0.0009478315507684517,
            0.1266527850706943,
            0.3132425369199806,
            0.00022574763704304122,
            0.1668401010503548,
            0.0006000985334334228,
            0.5397865661130796,
            0.5540534881519892,
            -0.03524447924258424,
            0.4983596581761113,
            0.1681758196564905,
            0.9999999999999999,
            0.6848602514927513,
            0.0,
            0.0,
            0.0
        ],
        [
            0.1063781578977891,
            0.31232394344299375,
            -0.006385976179685402,
            0.08518367009582116,
            0.007107005192975395,
            0.3132425369199806,
            0.6139089632620106,
            0.0002389371024566621,
            0.17658785199575502,
            0.0006351597148267645,
            0.5540534881519892,
            0.8762879990151873,
            -0.011298175794786649,
            0.15975707821780938,
            0.05391142146925489,
            0.6848602514927513,
            1.0000000000000002,
            0.0,
            0.0,
            0.0
        ],
        [
            0.0008516709276565978,
            0.006385976179685402,
            0.0008985803536572406,
            0.0009996241930792698,
            8.340019070846213e-05,
            -0.00022574763704304133,
            -0.0002389371024566621,
            0.05461393705406691,
            -0.00042970216319478057,
            -1.5455734941597098e-06,
            0.03524447924258424,
            0.011298175794786643,
            0.4520281449583253,
            0.045287038490584165,
            0.015282506705784774,
            0.0,
            0.0,
            1.0000000000000004,
            0.0,
            0.0
        ],
        [
            -0.011360589718841643,
            -0.08518367009582113,
            0.0009996241930792702,
            -0.012360645274364462,
            -0.0011124899516283817,
            -0.1668401010503549,
            -0.17658785199575502,
            -0.00042970216319477417,
            -0.2629593585681143,
            -0.00114226505900122,
            -0.4983596581761113,
            -0.15975707821780932,
            0.04528703849058424,
            -0.18513133313763894,
            -0.21609582498148416,
            0.0,
            0.0,
            0.0,
            1.0000000000000004,
            0.0
        ],
        [
            -0.0009478315507684521,
            -0.007107005192975392,
            8.340019070846213e-05,
            -0.0011124899516283813,
            0.0008807025658605734,
            -0.0006000985334334233,
            -0.0006351597148267645,
            -1.5455734941596878e-06,
            -0.001142265059001221,
            0.05461040992039209,
            -0.16817581965649048,
            -0.05391142146925487,
            0.01528250670578478,
            -0.21609582498148389,
            0.382307464657416,
            0.0,
            0.0,
            0.0,
            0.0,
            1.0000000000000004
        ]
    ],
    "h": [
        [
            -0.22528720976864935,
            -0.4496984833252836,
            0.050640339701131305,
            -0.24052273189385753,
            -0.051425632434834806,
            -0.5347237199780468,
            -0.43818447719587583,
            -0.014619610091323204,
            0.04341771107699344,
            0.024570873156894296,
            -0.21958991623910737,
            -0.2923637435242382,
            -0.0032729108401370922,
            0.28355684880189447,
            -0.037564604262257426,
            -0.005934794036845666,
            -0.12546117582799007,
            -0.0023119879829830957,
            0.05888169931553948,
            0.003307414590055451
        ],
        [
            -0.4496984833252836,
            -0.30901274620497254,
            0.044357507645686724,
            -0.21629609263847902,
            -0.043969465358566974,
            -0.5144790715636829,
            -0.36415008097841983,
            -0.04678659453174054,
            0.09493149445957388,
            0.07355229375580023,
            -0.31617931654390286,
            -0.30269127987228406,
            0.009411689661560488,
            0.17718223267289793,
            -0.05949314737336317,
            -0.12743717935920268,
            -0.1900622787353084,
            -0.005500406449848314,
            0.11355315696292488,
            0.021442423096580378
        ],
        [
            0.050640339701131305,
            0.044357507645686724,
            1.4857448122846388,
            0.04594413398344949,
            0.01030019636008224,
            0.01275629911062992,
            0.039848249725501536,
            0.2584362447390399,
            0.1939413633010017,
            0.04200343816256066,
            0.02989852766773771,
            0.03218817188212575,
            -0.0435517463685898,
            -0.03739881661768956,
            0.007449048756159324,
            0.004946094676458693,
            0.01659489394689953,
            -0.0030016306480523816,
            -0.00821722238352819,
            -0.0007506259515322452
        ],
        [
            -0.24052273189385753,
            -0.21629609263847902,
            0.04594413398344949,
            1.273009879564846,
            -0.046487698285393175,
            -0.08433251813626641,
            -0.20459998975903027,
            0.18327225353449716,
            -0.6064022295353828,
            -0.18335186297776995,
            -0.21694095067052346,
            -0.16565465966416604,
            0.002314417459484429,
            0.17753626302840997,
            -0.045614704836616976,
            -0.05677232872584618,
            -0.106701367455026,
            -0.004488012443316603,
            0.0755860345644797,
            0.008593253543198266
        ],
        [
            -0.051425632434834806,
            -0.043969465358566974,
            0.01030019636008224,
            -0.046487698285393175,
            1.484440409923564,
            -0.007892284549168127,
            -0.03772489711885623,
            0.04440203224918797,
            -0.20565607322432566,
            0.2523667620511878,
            -0.01780308534776277,
            -0.03083306858169263,
            0.0004321683760898365,
            0.030140872885070762,
            -0.049022060928108,
            -0.0025414115122536353,
            -0.014237716502603321,
            -0.0003086106828255866,
            0.007073046414524411,
            -0.002987285691238386
        ],
        [
            -0.5347237199780468,
            -0.5144790715636829,
            0.01275629911062992,
            -0.08433251813626641,
            -0.007892284549168127,
            -0.3978934852050364,
            -0.5814536741722645,
            -0.06260109551790906,
            0.012092494568388248,
            0.11731446366628143,
            -0.513315673218431,
            -0.5010206514491753,
            0.0014457267434205279,
            0.049968405071933564,
            -0.028235287990849955,
            -0.2527871122665873,
            -0.33351278317813826,
            -0.007574734525655121,
            0.23858741825021454,
            0.036380531255886236
        ],
        [
            -0.43818447719587583,
            -0.36415008097841983,
            0.039848249725501536,
            -0.20459998975903027,
            -0.03772489711885623,
            -0.5814536741722645,
            -0.435058944528508,
            -0.05255117746420563,
            -0.013553201530251552,
            0.09966540899261683,
            -0.5086221721472544,
            -0.4133082619425752,
            0.017662399074708145,
            0.11237721509233278,
            -0.09559972032937279,
            -0.3173283969629731,
            -0.3141573316494166,
            -0.010276988911876814,
            0.18513323920974023,
            0.05010358769269312
        ],
        [
            -0.014619610091323204,
            -0.04678659453174054,
            0.2584362447390399,
            0.18327225353449716,
            0.04440203224918797,
            -0.06260109551790906,
            -0.05255117746420563,
            1.4041319433275092,
            0.032411203151448895,
            0.015420932878239632,
            -0.009920737347850955,
            -0.03364915083782795,
            0.3321520473937417,
            -0.046743130433507876,
            0.018117893733004847,
            -0.005505790432722296,
            -0.016674561980507974,
            -0.045935679138478305,
            0.01139734461668749,
            0.0020674352100789593
        ],
        [
            0.04341771107699344,
            0.09493149445957388,
            0.1939413633010017,
            -0.6064022295353828,
            -0.20565607322432566,
            0.012092494568388248,
            -0.013553201530251552,
            0.032411203151448895,
            0.9302371544596169,
            0.018701997166699288,
            -0.07425550805565284,
            -0.1303992399938046,
            -0.05360162691525462,
            -0.694582609164697,
            0.25623739024723646,
            -0.3067210306265731,
            -0.18626303759748444,
            -0.010946376436373865,
            0.14977390805393948,
            0.05490650006868849
        ],
        [
            0.024570873156894296,
            0.07355229375580023,
            0.04200343816256066,
            -0.18335186297776995,
            0.2523667620511878,
            0.11731446366628143,
            0.09966540899261683,
            0.015420932878239632,
            0.018701997166699288,
            1.3821561673602325,
            0.01954403124740789,
            0.07957764230455955,
            0.019923597113325822,
            0.26953719575282586,
            0.2516346879403247,
            0.038959976279802126,
            0.05699309872578044,
            0.0021348456092591716,
            -0.048730865655822284,
            -0.05581562189285298
        ],
        [
            -0.21958991623910737,
            -0.31617931654390286,
            0.02989852766773771,
            -0.21694095067052346,
            -0.01780308534776277,
            -0.513315673218431,
            -0.5086221721472544,
            -0.009920737347850955,
            -0.07425550805565284,
            0.01954403124740789,
            -0.4347308603933242,
            -0.5951946041364863,
            0.032948450948256956,
            -0.04651300662868328,
            -0.15087818767843614,
            -0.5773567549391677,
            -0.5383761122726737,
            -0.0017387711286762642,
            0.08584851622782697,
            0.011530989768210653
        ],
        [
            -0.2923637435242382,
            -0.30269127987228406,
            0.03218817188212575,
            -0.16565465966416604,
            -0.03083306858169263,
            -0.5010206514491753,
            -0.4133082619425752,
            -0.03364915083782795,
            -0.1303992399938046,
            0.07957764230455955,
            -0.5951946041364863,
            -0.43465637406260926,
            0.02593245048723203,
            -0.00562280913121721,
            -0.12458347421922938,
            -0.4625501056931607,
            -0.37108498429298975,
            -0.01248376300871628,
            0.22810487117186085,
            0.06229775059077146
        ],
        [
            -0.0032729108401370922,
            0.009411689661560488,
            -0.0435517463685898,
            0.002314417459484429,
            0.0004321683760898365,
            0.0014457267434205279,
            0.017662399074708145,
            0.3321520473937417,
            -0.05360162691525462,
            0.019923597113325822,
            0.032948450948256956,
            0.02593245048723203,
            1.4016203795442352,
            0.004517391396591175,
            0.010512495550545991,
            0.008302107789045152,
            0.02209468460656866,
            0.36960421487318984,
            0.05597952887281346,
            0.02032510972862459
        ],
        [
            0.28355684880189447,
            0.17718223267289793,
            -0.03739881661768956,
            0.17753626302840997,
            0.030140872885070762,
            0.049968405071933564,
            0.11237721509233278,
            -0.046743130433507876,
            -0.694582609164697,
            0.26953719575282586,
            -0.04651300662868328,
            -0.00562280913121721,
            0.004517391396591175,
            0.9047828598048984,
            -0.011434181480482503,
            -0.022957795953200355,
            -0.10032344636417106,
            0.06361646588001582,
            -0.5460914820877176,
            -0.30128042130956434
        ],
        [
            -0.037564604262257426,
            -0.05949314737336317,
            0.007449048756159324,
            -0.045614704836616976,
            -0.049022060928108,
            -0.028235287990849955,
            -0.09559972032937279,
            0.018117893733004847,
            0.25623739024723646,
            0.2516346879403247,
            -0.15087818767843614,
            -0.12458347421922938,
            0.010512495550545991,
            -0.011434181480482503,
            1.3555086864662558,
            -0.029086049809476044,
            -0.09974229769809197,
            0.020751606924565343,
            -0.2704491958741591,
            0.2756479719445565
        ],
        [
            -0.005934794036845666,
            -0.12743717935920268,
            0.004946094676458693,
            -0.05677232872584618,
            -0.0025414115122536353,
            -0.2527871122665873,
            -0.3173283969629731,
            -0.005505790432722296,
            -0.3067210306265731,
            0.038959976279802126,
            -0.5773567549391677,
            -0.4625501056931607,
            0.008302107789045152,
            -0.022957795953200355,
            -0.029086049809476044,
            -0.2672489784435299,
            -0.46900724371128155,
            -0.01712666785067199,
            0.2721208628848103,
            0.08533103746475229
        ],
        [
            -0.12546117582799007,
            -0.1900622787353084,
            0.01659489394689953,
            -0.106701367455026,
            -0.014237716502603321,
            -0.33351278317813826,
            -0.3141573316494166,
            -0.016674561980507974,
            -0.18626303759748444,
            0.05699309872578044,
            -0.5383761122726737,
            -0.37108498429298975,
            0.02209468460656866,
            -0.10032344636417106,
            -0.09974229769809197,
            -0.46900724371128155,
            -0.3176573142468435,
            -0.01398627970447096,
            0.23523936295291092,
            0.0699399936228098
        ],
        [
            -0.0023119879829830957,
            -0.005500406449848314,
            -0.0030016306480523816,
            -0.004488012443316603,
            -0.0003086106828255866,
            -0.007574734525655121,
            -0.010276988911876814,
            -0.045935679138478305,
            -0.010946376436373865,
            0.0021348456092591716,
            -0.0017387711286762642,
            -0.01248376300871628,
            0.36960421487318984,
            0.06361646588001582,
            0.020751606924565343,
            -0.01712666785067199,
            -0.01398627970447096,
            1.4759585182930182,
            0.01588639581792849,
            0.005445639910074749
        ],
        [
            0.05888169931553948,
            0.11355315696292488,
            -0.00821722238352819,
            0.0755860345644797,
            0.007073046414524411,
            0.23858741825021454,
            0.18513323920974023,
            0.01139734461668749,
            0.14977390805393948,
            -0.048730865655822284,
            0.08584851622782697,
            0.22810487117186085,
            0.05597952887281346,
            -0.5460914820877176,
            -0.2704491958741591,
            0.2721208628848103,
            0.23523936295291092,
            0.01588639581792849,
            1.2223173981877709,
            -0.07737874202812614
        ],
        [
            0.003307414590055451,
            0.021442423096580378,
            -0.0007506259515322452,
            0.008593253543198266,
            -0.002987285691238386,
            0.036380531255886236,
            0.05010358769269312,
            0.0020674352100789593,
            0.05490650006868849,
            -0.05581562189285298,
            0.011530989768210653,
            0.06229775059077146,
            0.02032510972862459,
            -0.30128042130956434,
            0.2756479719445565,
            0.08533103746475229,
            0.0699399936228098,
            0.005445639910074749,
            -0.07737874202812614,
            1.4509184099790575
        ]
    ]
}