{
    "HF": -2.1343557852453077,
    "coordinates": [
        [
            0.822983,
            0.110413,
            0.080446
        ],
        [
            1.486803,
            0.053524,
            -0.059174
        ],
        [
            2.208048,
            0.183236,
            -0.12011
        ],
        [
            3.008849,
            0.198319,
            -0.051771
        ]
    ],
    "elements": [
        "H",
        "H",
        "H",
        "H"
    ],
    "Enn": 3.12047195196898,
    "S": [
        [
            0.9999999999999999,
            0.6848602514927513,
            0.0,
            0.0,
            0.0,
            0.6188445173615134,
            0.5824189049908324,
            0.11234017632185139,
            -0.5341187211428975,
            0.04577367347639164,
            0.16045003274145922,
            0.3448826644229297,
            0.02985542517870344,
            -0.20618532716618243,
            -0.010840671073359662,
            0.015148127594988164,
            0.1282978356307069,
            0.0011147734060106783,
            -0.0184298939312111,
            -0.0007411699783596262
        ],
        [
            0.6848602514927513,
            1.0000000000000002,
            0.0,
            0.0,
            0.0,
            0.5824189049908324,
            0.903985546841563,
            0.03196112147448334,
            -0.15195839891986487,
            0.013022749173197843,
            0.34488266442292975,
            0.6519334391368561,
            0.026229616263664046,
            -0.18114503405648233,
            -0.009524119673152672,
            0.1282978356307069,
            0.3512317611724447,
            0.005995455239992237,
            -0.09911933990047336,
            -0.003986147683934422
        ],
        [
            0.0,
            0.0,
            1.0000000000000004,
            0.0,
            0.0,
            -0.11234017632185132,
            -0.03196112147448331,
            0.5202483489185681,
            0.13185472382315921,
            -0.011299875543936161,
            -0.029855425178703435,
            -0.02622961626366405,
            0.0699739268489695,
            0.056347172109989276,
            0.002962583066185162,
            -0.001114773406010679,
            -0.005995455239992237,
            0.001870744229413439,
            0.0014703775816513412,
            5.913217539073428e-05
        ],
        [
            0.0,
            0.0,
            0.0,
            1.0000000000000004,
            0.0,
            0.5341187211428977,
            0.15195839891986465,
            0.1318547238231592,
            -0.07891907481084579,
            0.05372499200383687,
            0.2061853271661823,
            0.1811450340564822,
            0.056347172109989276,
            -0.3110077287062544,
            -0.020459971851082743,
            0.018429893931211107,
            0.09911933990047325,
            0.0014703775816513412,
            -0.022349205583791536,
            -0.0009775975229557679
        ],
        [
            0.0,
            0.0,
            0.0,
            0.0,
            1.0000000000000004,
            -0.04577367347639164,
            -0.013022749173197828,
            -0.011299875543936164,
            0.05372499200383689,
            0.5433769010412568,
            0.010840671073359657,
            0.009524119673152672,
            0.0029625830661851606,
            -0.020459971851082732,
            0.07705720952493027,
            0.0007411699783596265,
            0.003986147683934422,
            5.913217539073426e-05,
            -0.0009775975229557676,
            0.001920368600193828
        ],
        [
            0.6188445173615134,
            0.5824189049908324,
            -0.11234017632185139,
            0.5341187211428977,
            -0.04577367347639164,
            0.9999999999999999,
            0.6848602514927513,
            0.0,
            0.0,
            0.0,
            0.5744705101761352,
            0.5668846004125281,
            0.044636365168481386,
            -0.5283207823936811,
            -0.09501562621002463,
            0.11652323445832063,
            0.3027357864148137,
            -0.0007455434997393082,
            -0.15328265589682788,
            -0.014582057415203744
        ],
        [
            0.5824189049908324,
            0.903985546841563,
            -0.03196112147448334,
            0.15195839891986487,
            -0.013022749173197855,
            0.6848602514927513,
            1.0000000000000002,
            0.0,
            0.0,
            0.0,
            0.5668846004125281,
            0.8888822595209783,
            0.013552417640456314,
            -0.16040786170885715,
            -0.02884848360540353,
            0.3027357864148137,
            0.6009637477574193,
            -0.0008421994919025152,
            -0.17315498687724612,
            -0.016472548349321155
        ],
        [
            0.11234017632185132,
            0.03196112147448331,
            0.5202483489185681,
            0.13185472382315916,
            -0.011299875543936161,
            0.0,
            0.0,
            1.0000000000000004,
            0.0,
            0.0,
            -0.044636365168481386,
            -0.01355241764045631,
            0.49085705897094933,
            0.056552379348724105,
            0.010170638590328808,
            0.0007455434997393082,
            0.0008421994919025151,
            0.04809406064750942,
            -0.0014070868859572085,
            -0.00013385873071653155
        ],
        [
            -0.5341187211428975,
            -0.15195839891986485,
            0.13185472382315924,
            -0.07891907481084597,
            0.05372499200383689,
            0.0,
            0.0,
            0.0,
            1.0000000000000004,
            0.0,
            0.5283207823936811,
            0.1604078617088571,
            0.056552379348724036,
            -0.1737249846225129,
            -0.12038076391758064,
            0.15328265589682782,
            0.1731549868772461,
            -0.0014070868859572057,
            -0.24119410649485126,
            -0.027521159753096557
        ],
        [
            0.04577367347639164,
            0.013022749173197828,
            -0.011299875543936164,
            0.05372499200383687,
            0.5433769010412568,
            0.0,
            0.0,
            0.0,
            0.0,
            1.0000000000000004,
            0.0950156262100246,
            0.028848483605403524,
            0.010170638590328804,
            -0.12038076391758075,
            0.473985186221352,
            0.014582057415203731,
            0.01647254834932113,
            -0.00013385873071653125,
            -0.027521159753096557,
            0.04548276659842492
        ],
        [
            0.16045003274145922,
            0.3448826644229297,
            -0.02985542517870344,
            0.20618532716618237,
            0.010840671073359657,
            0.5744705101761352,
            0.5668846004125281,
            -0.04463636516848141,
            0.5283207823936812,
            0.0950156262100246,
            0.9999999999999999,
            0.6848602514927513,
            0.0,
            0.0,
            0.0,
            0.5198298702810329,
            0.5463741044561917,
            -0.044113477080742,
            -0.5169246924850421,
            -0.00973622053013403
        ],
        [
            0.34488266442292975,
            0.6519334391368561,
            -0.026229616263664046,
            0.18114503405648244,
            0.009524119673152672,
            0.5668846004125281,
            0.8888822595209783,
            -0.013552417640456336,
            0.16040786170885715,
            0.02884848360540353,
            0.6848602514927513,
            1.0000000000000002,
            0.0,
            0.0,
            0.0,
            0.5463741044561917,
            0.8686972689625276,
            -0.01461257987666041,
            -0.17123119416159882,
            -0.0032251209745484746
        ],
        [
            0.029855425178703435,
            0.026229616263664043,
            0.0699739268489695,
            0.05634717210998929,
            0.0029625830661851606,
            0.044636365168481386,
            0.01355241764045631,
            0.49085705897094933,
            0.05655237934872404,
            0.010170638590328806,
            0.0,
            0.0,
            1.0000000000000004,
            0.0,
            0.0,
            0.044113477080741995,
            0.014612579876660394,
            0.4269905611569327,
            -0.06141033964410335,
            -0.0011566570881554952
        ],
        [
            -0.20618532716618235,
            -0.18114503405648208,
            0.05634717210998927,
            -0.3110077287062544,
            -0.02045997185108273,
            -0.5283207823936811,
            -0.1604078617088571,
            0.0565523793487241,
            -0.1737249846225129,
            -0.12038076391758075,
            0.0,
            0.0,
            0.0,
            1.0000000000000004,
            0.0,
            0.5169246924850421,
            0.1712311941615995,
            -0.06141033964410337,
            -0.2873792763209243,
            -0.013553785581468995
        ],
        [
            -0.010840671073359662,
            -0.009524119673152672,
            0.002962583066185162,
            -0.020459971851082746,
            0.07705720952493027,
            -0.09501562621002463,
            -0.028848483605403524,
            0.010170638590328806,
            -0.12038076391758064,
            0.473985186221352,
            0.0,
            0.0,
            0.0,
            0.0,
            1.0000000000000004,
            0.00973622053013403,
            0.0032251209745484738,
            -0.0011566570881554957,
            -0.013553785581468995,
            0.4319759313712719
        ],
        [
            0.015148127594988164,
            0.1282978356307069,
            -0.0011147734060106783,
            0.018429893931211097,
            0.0007411699783596259,
            0.11652323445832063,
            0.3027357864148137,
            0.0007455434997393082,
            0.15328265589682782,
            0.01458205741520374,
            0.5198298702810329,
            0.5463741044561917,
            0.044113477080741995,
            0.5169246924850421,
            0.00973622053013403,
            0.9999999999999999,
            0.6848602514927513,
            0.0,
            0.0,
            0.0
        ],
        [
            0.1282978356307069,
            0.3512317611724447,
            -0.005995455239992237,
            0.09911933990047334,
            0.003986147683934422,
            0.3027357864148137,
            0.6009637477574193,
            0.0008421994919025152,
            0.17315498687724612,
            0.016472548349321145,
            0.5463741044561917,
            0.8686972689625276,
            0.01461257987666042,
            0.17123119416159882,
            0.0032251209745484746,
            0.6848602514927513,
            1.0000000000000002,
            0.0,
            0.0,
            0.0
        ],
        [
            0.001114773406010679,
            0.005995455239992237,
            0.001870744229413439,
            0.0014703775816513412,
            5.913217539073426e-05,
            -0.0007455434997393082,
            -0.0008421994919025151,
            0.04809406064750942,
            -0.0014070868859572053,
            -0.00013385873071653127,
            -0.04411347708074198,
            -0.014612579876660394,
            0.4269905611569327,
            -0.06141033964410333,
            -0.0011566570881554948,
            0.0,
            0.0,
            1.0000000000000004,
            0.0,
            0.0
        ],
        [
            -0.018429893931211104,
            -0.09911933990047322,
            0.0014703775816513412,
            -0.022349205583791536,
            -0.0009775975229557676,
            -0.15328265589682788,
            -0.1731549868772461,
            -0.001407086885957209,
            -0.24119410649485132,
            -0.027521159753096564,
            -0.5169246924850421,
            -0.1712311941615995,
            -0.06141033964410339,
            -0.2873792763209243,
            -0.013553785581468995,
            0.0,
            0.0,
            0.0,
            1.0000000000000004,
            0.0
        ],
        [
            -0.0007411699783596261,
            -0.003986147683934422,
            5.913217539073428e-05,
            -0.0009775975229557679,
            0.001920368600193828,
            -0.014582057415203735,
            -0.01647254834932113,
            -0.00013385873071653152,
            -0.027521159753096543,
            0.04548276659842492,
            -0.00973622053013403,
            -0.0032251209745484738,
            -0.001156657088155496,
            -0.013553785581468995,
            0.4319759313712719,
            0.0,
            0.0,
            0.0,
            0.0,
            1.0000000000000004
        ]
    ],
    "h": [
        [
            -0.334597279198521,
            -0.4951723522257043,
            0.07004485903907953,
            -0.33369355935296136,
            0.025596823598023156,
            -0.6427467159285953,
            -0.49369975708659863,
            -0.0003714192335143862,
            -0.008573724418944884,
            -0.010801273460185473,
            -0.31019048141558736,
            -0.3537214807536518,
            -0.03642050681680603,
            0.3600821113748381,
            0.04089420204926493,
            -0.019826174454693368,
            -0.15275381912976477,
            -0.0015073967848108208,
            0.07714973256482312,
            0.004522075268992806
        ],
        [
            -0.4951723522257043,
            -0.3218992238759344,
            0.055159215286474425,
            -0.26818807528362665,
            0.018295215191691715,
            -0.5784202675208148,
            -0.37414641239060553,
            -0.03609938405219355,
            0.1045774992222242,
            -0.0405858248852981,
            -0.372660194140067,
            -0.3280424778572354,
            -0.026640655544344347,
            0.2079907695434996,
            0.03553283108804815,
            -0.1475653205136516,
            -0.2059206991908124,
            0.005537576132854849,
            0.12270711351450425,
            0.005160004958066941
        ],
        [
            0.07004485903907953,
            0.055159215286474425,
            1.4451081927923748,
            0.0658175922659673,
            -0.004933031536252027,
            0.014758076781966833,
            0.05287374096526283,
            0.47180238946155406,
            0.20167978159386385,
            -0.013859829990939536,
            0.049365476827282304,
            0.043060663764564244,
            -0.042765071271054694,
            -0.03993189040995093,
            -0.007070515515168225,
            0.008442022589873893,
            0.022501996086335532,
            -0.006138491038330472,
            -0.011678888080770555,
            -0.0005835623502651117
        ],
        [
            -0.33369355935296136,
            -0.26818807528362665,
            0.0658175922659673,
            1.13723053208178,
            0.02279036376339888,
            -0.08695109401401946,
            -0.2649593566872691,
            0.19582431123461475,
            -0.46540651311898873,
            0.06166364416167193,
            -0.28312198676666045,
            -0.2193094959246623,
            -0.013363649166175537,
            0.12291359470300334,
            0.035290325568043665,
            -0.08120804995022592,
            -0.13585044826314213,
            -0.0021341415774886107,
            0.10789071823044512,
            0.005211581300071338
        ],
        [
            0.025596823598023156,
            0.018295215191691715,
            -0.004933031536252027,
            0.02279036376339888,
            1.4564867148930407,
            -0.0020648974925201458,
            0.015195841081130658,
            -0.01670878039527733,
            0.07748199533425999,
            0.5056045821376899,
            0.003895148500213011,
            0.01210590839519634,
            0.0023351537922590374,
            -0.02156195220986742,
            -0.04831586586155953,
            -0.0034139842143466647,
            0.002608543680838642,
            -4.9608539447360916e-05,
            0.0028080068180583347,
            -0.006162222607135077
        ],
        [
            -0.6427467159285953,
            -0.5784202675208148,
            0.014758076781966833,
            -0.08695109401401946,
            -0.0020648974925201458,
            -0.5310127226552832,
            -0.6333175347943281,
            -0.044013583312606644,
            0.06802858935287434,
            -0.06991252904103838,
            -0.5620692081112645,
            -0.5445092102985538,
            -0.01900855937161415,
            0.0823417494046157,
            0.00912139207748175,
            -0.2405277573651532,
            -0.3403729481449964,
            0.00992764586939469,
            0.24358161809227255,
            0.014250502225137858
        ],
        [
            -0.49369975708659863,
            -0.37414641239060553,
            0.05287374096526283,
            -0.2649593566872691,
            0.015195841081130658,
            -0.6333175347943281,
            -0.43729931933795463,
            -0.029973902025325537,
            0.00923987403507523,
            -0.056324631449179915,
            -0.5284965023183869,
            -0.41696378087436425,
            -0.034335428337138915,
            0.1500370380423996,
            0.03673821423397954,
            -0.30424294440893085,
            -0.3083699018048084,
            0.013426095375856395,
            0.18267695711327986,
            0.005658224685349295
        ],
        [
            -0.0003714192335143862,
            -0.03609938405219355,
            0.47180238946155406,
            0.19582431123461475,
            -0.01670878039527733,
            -0.044013583312606644,
            -0.029973902025325537,
            1.3637485234386533,
            0.08597285024922331,
            -0.0011071139224903461,
            -0.010391073189989747,
            -0.00969842207985908,
            0.4145921621915295,
            0.10613050355550224,
            0.016537376993230785,
            0.016076141053509036,
            0.0077448884046721666,
            -0.04665745002580715,
            -0.01256264881847103,
            -0.00045144803160672756
        ],
        [
            -0.008573724418944884,
            0.1045774992222242,
            0.20167978159386385,
            -0.46540651311898873,
            0.07748199533425999,
            0.06802858935287434,
            0.00923987403507523,
            0.08597285024922331,
            0.769069373456567,
            -0.02556532619966858,
            -0.02896417485414715,
            -0.11714847656101612,
            0.08360622393170512,
            -0.7125610052158232,
            -0.1811762722915594,
            -0.31256211791928634,
            -0.19064193575417682,
            0.01635002701400939,
            0.1914561069749301,
            0.009130336375616527
        ],
        [
            -0.010801273460185473,
            -0.0405858248852981,
            -0.013859829990939536,
            0.06166364416167193,
            0.5056045821376899,
            -0.06991252904103838,
            -0.056324631449179915,
            -0.0011071139224903461,
            -0.02556532619966858,
            1.3677045448610397,
            -0.015612199269240845,
            -0.05139774129712716,
            0.012244297061740819,
            -0.16801369971927155,
            0.3936461302274692,
            -0.038114870266058545,
            -0.038833481242013475,
            0.0022624706987087045,
            0.036865768039788964,
            -0.04412864984363468
        ],
        [
            -0.31019048141558736,
            -0.372660194140067,
            0.049365476827282304,
            -0.28312198676666045,
            0.003895148500213011,
            -0.5620692081112645,
            -0.5284965023183869,
            -0.010391073189989747,
            -0.02896417485414715,
            -0.015612199269240845,
            -0.44728642775714533,
            -0.6048412403479946,
            -0.042654954297642336,
            0.0031298064665920278,
            0.039104376797300805,
            -0.5533593184444496,
            -0.5309804154237514,
            0.0038297639734241745,
            0.08153878428224814,
            0.005447499975401095
        ],
        [
            -0.3537214807536518,
            -0.3280424778572354,
            0.043060663764564244,
            -0.2193094959246623,
            0.01210590839519634,
            -0.5445092102985538,
            -0.41696378087436425,
            -0.00969842207985908,
            -0.11714847656101612,
            -0.05139774129712716,
            -0.6048412403479946,
            -0.43893492726995986,
            -0.03741659334080029,
            0.0237029180585709,
            0.032903986390264595,
            -0.4451778988377264,
            -0.36354766828360807,
            0.016594708334247192,
            0.2226370148354297,
            0.007254230135219267
        ],
        [
            -0.03642050681680603,
            -0.026640655544344347,
            -0.042765071271054694,
            -0.013363649166175537,
            0.0023351537922590374,
            -0.01900855937161415,
            -0.034335428337138915,
            0.4145921621915295,
            0.08360622393170512,
            0.012244297061740819,
            -0.042654954297642336,
            -0.03741659334080029,
            1.39936650534596,
            0.008723600984213951,
            0.00402298124375723,
            -0.003608821462294118,
            -0.025335034252135596,
            0.33964366899060117,
            -0.07755188738834351,
            -0.0010124245574496394
        ],
        [
            0.3600821113748381,
            0.2079907695434996,
            -0.03993189040995093,
            0.12291359470300334,
            -0.02156195220986742,
            0.0823417494046157,
            0.1500370380423996,
            0.10613050355550224,
            -0.7125610052158232,
            -0.16801369971927155,
            0.0031298064665920278,
            0.0237029180585709,
            0.008723600984213951,
            0.8152797746059339,
            -0.05616541523750966,
            -0.03460476011953184,
            -0.09980829435071861,
            -0.08381813658418967,
            -0.6696204861269097,
            -0.02072118650043774
        ],
        [
            0.04089420204926493,
            0.03553283108804815,
            -0.007070515515168225,
            0.035290325568043665,
            -0.04831586586155953,
            0.00912139207748175,
            0.03673821423397954,
            0.016537376993230785,
            -0.1811762722915594,
            0.3936461302274692,
            0.039104376797300805,
            0.032903986390264595,
            0.00402298124375723,
            -0.05616541523750966,
            1.3949794710839067,
            0.004662242874507238,
            0.0148562728275736,
            -0.0018178183657279472,
            -0.02856372261490684,
            0.3456663533734323
        ],
        [
            -0.019826174454693368,
            -0.1475653205136516,
            0.008442022589873893,
            -0.08120804995022592,
            -0.0034139842143466647,
            -0.2405277573651532,
            -0.30424294440893085,
            0.016076141053509036,
            -0.31256211791928634,
            -0.038114870266058545,
            -0.5533593184444496,
            -0.4451778988377264,
            -0.003608821462294118,
            -0.03460476011953184,
            0.004662242874507238,
            -0.24076985234880843,
            -0.4557331267950586,
            0.022702145026876175,
            0.26876994236428403,
            0.006543059435432338
        ],
        [
            -0.15275381912976477,
            -0.2059206991908124,
            0.022501996086335532,
            -0.13585044826314213,
            0.002608543680838642,
            -0.3403729481449964,
            -0.3083699018048084,
            0.0077448884046721666,
            -0.19064193575417682,
            -0.038833481242013475,
            -0.5309804154237514,
            -0.36354766828360807,
            -0.025335034252135596,
            -0.09980829435071861,
            0.0148562728275736,
            -0.4557331267950586,
            -0.30748822762385064,
            0.019085726851510297,
            0.23500179210259253,
            0.006416743894936116
        ],
        [
            -0.0015073967848108208,
            0.005537576132854849,
            -0.006138491038330472,
            -0.0021341415774886107,
            -4.9608539447360916e-05,
            0.00992764586939469,
            0.013426095375856395,
            -0.04665745002580715,
            0.01635002701400939,
            0.0022624706987087045,
            0.0038297639734241745,
            0.016594708334247192,
            0.33964366899060117,
            -0.08381813658418967,
            -0.0018178183657279472,
            0.022702145026876175,
            0.019085726851510297,
            1.4962094735797276,
            -0.021050843166466972,
            -0.0004184821861569641
        ],
        [
            0.07714973256482312,
            0.12270711351450425,
            -0.011678888080770555,
            0.10789071823044512,
            0.0028080068180583347,
            0.24358161809227255,
            0.18267695711327986,
            -0.01256264881847103,
            0.1914561069749301,
            0.036865768039788964,
            0.08153878428224814,
            0.2226370148354297,
            -0.07755188738834351,
            -0.6696204861269097,
            -0.02856372261490684,
            0.26876994236428403,
            0.23500179210259253,
            -0.021050843166466972,
            1.2369353949209314,
            -0.0066007739075744035
        ],
        [
            0.004522075268992806,
            0.005160004958066941,
            -0.0005835623502651117,
            0.005211581300071338,
            -0.006162222607135077,
            0.014250502225137858,
            0.005658224685349295,
            -0.00045144803160672756,
            0.009130336375616527,
            -0.04412864984363468,
            0.005447499975401095,
            0.007254230135219267,
            -0.0010124245574496394,
            -0.02072118650043774,
            0.3456663533734323,
            0.006543059435432338,
            0.006416743894936116,
            -0.0004184821861569641,
            -0.0066007739075744035,
            1.4977198211915135
        ]
    ]
}