{
    "HF": -2.127884255804394,
    "coordinates": [
        [
            0.717528,
            0.041115,
            -0.066959
        ],
        [
            1.478456,
            -0.094118,
            0.138486
        ],
        [
            2.118478,
            0.066688,
            -0.168592
        ],
        [
            2.822414,
            0.165414,
            0.086253
        ]
    ],
    "elements": [
        "H",
        "H",
        "H",
        "H"
    ],
    "Enn": 3.1028372116240193,
    "S": [
        [
            0.9999999999999999,
            0.6848602514927513,
            0.0,
            0.0,
            0.0,
            0.5231044641177656,
            0.5476496854678329,
            -0.13367521373783853,
            -0.4951067830276036,
            0.08799094735529764,
            0.15911308918122158,
            0.3437159955195445,
            0.01497507260615196,
            -0.20642240185361635,
            -0.003768043172563283,
            0.019869679621090163,
            0.14408822825477569,
            -0.0017986304808588417,
            -0.02471028456212988,
            -0.0014592066557467635
        ],
        [
            0.6848602514927513,
            1.0000000000000002,
            0.0,
            0.0,
            0.0,
            0.5476496854678329,
            0.869960922102178,
            -0.04403875186660241,
            -0.163110902579036,
            0.028988257349540008,
            0.3437159955195445,
            0.6505554888437999,
            0.013243942644235718,
            -0.18255981273249863,
            -0.003332454470900596,
            0.14408822825477569,
            0.3777182898711456,
            -0.00786867805803374,
            -0.10810295722830067,
            -0.006383761154058003
        ],
        [
            0.0,
            0.0,
            1.0000000000000004,
            0.0,
            0.0,
            0.13367521373783853,
            0.0440387518666024,
            0.3882164007493501,
            -0.1769494733579956,
            0.031447664076787576,
            -0.01497507260615196,
            -0.013243942644235718,
            0.07508498583726561,
            0.028519892175921734,
            0.0005206033067667272,
            0.0017986304808588428,
            0.007868678058033733,
            0.0028381125868720564,
            -0.0025304092962632097,
            -0.00014942725882362306
        ],
        [
            0.0,
            0.0,
            0.0,
            1.0000000000000004,
            0.0,
            0.4951067830276034,
            0.16311090257903596,
            -0.1769494733579956,
            -0.21939469060417263,
            0.11647598204201524,
            0.20642240185361635,
            0.18255981273249863,
            0.028519892175921734,
            -0.31597563925277367,
            -0.007176204604949638,
            0.0247102845621299,
            0.10810295722830063,
            -0.0025304092962632097,
            -0.03174144843369381,
            -0.002052889754824822
        ],
        [
            0.0,
            0.0,
            0.0,
            0.0,
            1.0000000000000004,
            -0.08799094735529758,
            -0.028988257349539987,
            0.03144766407678757,
            0.11647598204201519,
            0.41529122001549035,
            0.003768043172563283,
            0.003332454470900596,
            0.0005206033067667272,
            -0.007176204604949638,
            0.0770229887075701,
            0.0014592066557467644,
            0.006383761154058007,
            -0.0001494272588236231,
            -0.0020528897548248225,
            0.0029010694051815077
        ],
        [
            0.5231044641177656,
            0.5476496854678329,
            0.13367521373783853,
            0.4951067830276036,
            -0.08799094735529764,
            0.9999999999999999,
            0.6848602514927513,
            0.0,
            0.0,
            0.0,
            0.5805180455607524,
            0.5690581186979892,
            0.22793416877090414,
            -0.4750678412816664,
            -0.11936114584364235,
            0.17305395244248356,
            0.3555884679513159,
            0.008531425554416688,
            -0.21951405481712222,
            -0.04239040332718535
        ],
        [
            0.5476496854678329,
            0.869960922102178,
            0.04403875186660241,
            0.163110902579036,
            -0.028988257349540008,
            0.6848602514927513,
            1.0000000000000002,
            0.0,
            0.0,
            0.0,
            0.5690581186979892,
            0.891004864010312,
            0.068574952260633,
            -0.14292615588142057,
            -0.03591030218128079,
            0.3555884679513159,
            0.6644965968098445,
            0.0070582636560157196,
            -0.18160951709860776,
            -0.0350706504158879
        ],
        [
            -0.13367521373783853,
            -0.0440387518666024,
            0.3882164007493501,
            -0.1769494733579956,
            0.031447664076787576,
            0.0,
            0.0,
            1.0000000000000004,
            0.0,
            0.0,
            -0.22793416877090408,
            -0.06857495226063298,
            0.3796563307040933,
            0.25651354070707316,
            0.0644492164752799,
            -0.008531425554416688,
            -0.007058263656015719,
            0.08692493309966583,
            0.015954906563293497,
            0.003081055219124919
        ],
        [
            -0.4951067830276036,
            -0.16311090257903596,
            -0.1769494733579956,
            -0.21939469060417263,
            0.11647598204201524,
            0.0,
            0.0,
            0.0,
            1.0000000000000004,
            0.0,
            0.4750678412816664,
            0.14292615588142055,
            0.25651354070707316,
            -0.03190420027150118,
            -0.1343271625676265,
            0.21951405481712222,
            0.18160951709860773,
            0.015954906563293497,
            -0.3229756133498811,
            -0.07927572243954377
        ],
        [
            0.08799094735529758,
            0.02898825734953998,
            0.03144766407678757,
            0.11647598204201519,
            0.41529122001549035,
            0.0,
            0.0,
            0.0,
            0.0,
            1.0000000000000004,
            0.11936114584364235,
            0.0359103021812808,
            0.06444921647527993,
            -0.13432716256762653,
            0.46897990293973035,
            0.04239040332718534,
            0.03507065041588788,
            0.003081055219124919,
            -0.07927572243954377,
            0.07223607067862353
        ],
        [
            0.15911308918122158,
            0.3437159955195445,
            -0.01497507260615196,
            0.20642240185361635,
            0.003768043172563283,
            0.5805180455607524,
            0.5690581186979892,
            -0.22793416877090414,
            0.4750678412816664,
            0.11936114584364235,
            0.9999999999999999,
            0.6848602514927513,
            0.0,
            0.0,
            0.0,
            0.5585476157232525,
            0.5610726741471722,
            -0.18016034610030085,
            -0.4976411284995248,
            -0.06979344436460712
        ],
        [
            0.3437159955195445,
            0.6505554888437999,
            -0.013243942644235718,
            0.18255981273249863,
            0.003332454470900596,
            0.5690581186979892,
            0.891004864010312,
            -0.068574952260633,
            0.14292615588142057,
            0.03591030218128079,
            0.6848602514927513,
            1.0000000000000002,
            0.0,
            0.0,
            0.0,
            0.5610726741471722,
            0.8831912045312382,
            -0.05605852153848534,
            -0.1548455391226637,
            -0.021716861611601166
        ],
        [
            0.01497507260615196,
            0.013243942644235718,
            0.07508498583726561,
            0.028519892175921734,
            0.0005206033067667272,
            0.22793416877090408,
            0.06857495226063298,
            0.3796563307040933,
            0.25651354070707316,
            0.0644492164752799,
            0.0,
            0.0,
            1.0000000000000004,
            0.0,
            0.0,
            0.18016034610030082,
            0.056058521538485326,
            0.3965919248439883,
            -0.222167599215779,
            -0.03115868260776122
        ],
        [
            -0.20642240185361635,
            -0.18255981273249863,
            0.028519892175921734,
            -0.31597563925277367,
            -0.007176204604949638,
            -0.4750678412816664,
            -0.14292615588142055,
            0.25651354070707316,
            -0.03190420027150118,
            -0.1343271625676265,
            0.0,
            0.0,
            0.0,
            1.0000000000000004,
            0.0,
            0.4976411284995248,
            0.15484553912266363,
            -0.222167599215779,
            -0.13665111986478026,
            -0.08606689713424633
        ],
        [
            -0.003768043172563283,
            -0.003332454470900596,
            0.0005206033067667272,
            -0.007176204604949638,
            0.0770229887075701,
            -0.11936114584364235,
            -0.0359103021812808,
            0.06444921647527993,
            -0.13432716256762653,
            0.46897990293973035,
            0.0,
            0.0,
            0.0,
            0.0,
            1.0000000000000004,
            0.06979344436460712,
            0.021716861611601183,
            -0.03115868260776121,
            -0.0860668971342463,
            0.46495220381206165
        ],
        [
            0.019869679621090163,
            0.14408822825477569,
            0.0017986304808588417,
            0.02471028456212988,
            0.0014592066557467635,
            0.17305395244248356,
            0.3555884679513159,
            -0.008531425554416688,
            0.21951405481712222,
            0.04239040332718535,
            0.5585476157232525,
            0.5610726741471722,
            0.18016034610030085,
            0.4976411284995248,
            0.06979344436460713,
            0.9999999999999999,
            0.6848602514927513,
            0.0,
            0.0,
            0.0
        ],
        [
            0.14408822825477569,
            0.3777182898711456,
            0.00786867805803374,
            0.10810295722830067,
            0.0063837611540580085,
            0.3555884679513159,
            0.6644965968098445,
            -0.0070582636560157196,
            0.18160951709860776,
            0.0350706504158879,
            0.5610726741471722,
            0.8831912045312382,
            0.05605852153848534,
            0.1548455391226637,
            0.021716861611601187,
            0.6848602514927513,
            1.0000000000000002,
            0.0,
            0.0,
            0.0
        ],
        [
            -0.0017986304808588428,
            -0.007868678058033733,
            0.0028381125868720564,
            -0.0025304092962632097,
            -0.0001494272588236231,
            0.008531425554416688,
            0.007058263656015719,
            0.08692493309966583,
            0.015954906563293497,
            0.003081055219124919,
            -0.18016034610030082,
            -0.056058521538485326,
            0.3965919248439883,
            -0.222167599215779,
            -0.03115868260776121,
            0.0,
            0.0,
            1.0000000000000004,
            0.0,
            0.0
        ],
        [
            -0.0247102845621299,
            -0.10810295722830063,
            -0.0025304092962632097,
            -0.03174144843369381,
            -0.0020528897548248225,
            -0.21951405481712222,
            -0.18160951709860773,
            0.015954906563293497,
            -0.3229756133498811,
            -0.07927572243954377,
            -0.4976411284995248,
            -0.15484553912266363,
            -0.222167599215779,
            -0.13665111986478026,
            -0.0860668971342463,
            0.0,
            0.0,
            0.0,
            1.0000000000000004,
            0.0
        ],
        [
            -0.0014592066557467648,
            -0.0063837611540580015,
            -0.00014942725882362306,
            -0.002052889754824822,
            0.0029010694051815077,
            -0.04239040332718534,
            -0.03507065041588788,
            0.003081055219124919,
            -0.07927572243954377,
            0.07223607067862353,
            -0.06979344436460712,
            -0.02171686161160116,
            -0.03115868260776122,
            -0.08606689713424633,
            0.46495220381206165,
            0.0,
            0.0,
            0.0,
            0.0,
            1.0000000000000004
        ]
    ],
    "h": [
        [
            -0.2570234591245415,
            -0.4659838189504312,
            -0.06295673124487886,
            -0.268814367206869,
            0.044071162553367293,
            -0.5690795696494029,
            -0.4554229517880124,
            0.03746749790457132,
            0.03291702896306559,
            -0.01664611873544375,
            -0.2892865721896072,
            -0.33235906169938995,
            -0.07042938942436164,
            0.32051620895393096,
            0.041390178268161985,
            -0.031826212951841334,
            -0.1633065913833412,
            0.00572690395522546,
            0.09888913301936572,
            0.011748737708217678
        ],
        [
            -0.4659838189504312,
            -0.32061283564627474,
            -0.05129349679433889,
            -0.23836991532410748,
            0.03633140910380552,
            -0.5449526259953902,
            -0.3764326653425001,
            0.10445283425331746,
            0.08865144631490668,
            -0.06116542344144536,
            -0.3750868073848444,
            -0.3300956834334654,
            -0.09416026397639306,
            0.1912168343817181,
            0.0374211238794441,
            -0.166100283235384,
            -0.22256909204243558,
            0.02627178606456037,
            0.1423055458657963,
            0.02104333898244986
        ],
        [
            -0.06295673124487886,
            -0.05129349679433889,
            1.4707574703907087,
            -0.05699019562695563,
            0.010763333227603198,
            -0.004740738221115953,
            -0.04360040388940181,
            0.28053777378904077,
            -0.2417556494663577,
            0.042965270521456315,
            -0.024476329132358095,
            -0.038600851014264984,
            -0.05614499083141383,
            0.05293732035824171,
            0.006920608393781594,
            -0.004082896925511125,
            -0.018255311492113232,
            -0.00862786566642393,
            0.01154592211983499,
            0.001334551276958468
        ],
        [
            -0.268814367206869,
            -0.23836991532410748,
            -0.05699019562695563,
            1.2309865336585586,
            0.03913957459421364,
            -0.10556433071792637,
            -0.23294033608823966,
            -0.19817236922396764,
            -0.589283612848807,
            0.13535022817201636,
            -0.26381747657588595,
            -0.1976936722141826,
            -0.07521433314864531,
            0.07004165253614447,
            0.03809497107328369,
            -0.09813113627366002,
            -0.1380755688772516,
            0.014186852308040754,
            0.1329546592509922,
            0.014280730014014904
        ],
        [
            0.044071162553367293,
            0.03633140910380552,
            0.010763333227603198,
            0.03913957459421364,
            1.4800399941340907,
            0.0062910740753131245,
            0.03130318061108346,
            0.04132771947165116,
            0.15832611429128546,
            0.31720117218229055,
            0.019201401862713102,
            0.02679904122316823,
            0.009168395814255142,
            -0.03443340222681169,
            -0.0480517551678272,
            -0.0015949993491844562,
            0.011555613805381967,
            0.00044361605618977677,
            0.0009475715852681997,
            -0.009130495221134011
        ],
        [
            -0.5690795696494029,
            -0.5449526259953902,
            -0.004740738221115953,
            -0.10556433071792637,
            0.0062910740753131245,
            -0.46426455650324794,
            -0.6127544300075637,
            0.17221664280644827,
            -0.00014488650771415923,
            -0.10072142572981899,
            -0.5884577487002156,
            -0.5497081040929728,
            -0.03986448456510916,
            0.05565049870673844,
            0.0011220889138199297,
            -0.3120751304297449,
            -0.38475626189767115,
            0.042535197636507205,
            0.2729895596579058,
            0.044786370288697974
        ],
        [
            -0.4554229517880124,
            -0.3764326653425001,
            -0.04360040388940181,
            -0.23294033608823966,
            0.03130318061108346,
            -0.6127544300075637,
            -0.44487586748516983,
            0.13957551727152573,
            -0.022772936684631553,
            -0.08507327313520477,
            -0.5548443908930288,
            -0.43245815166089674,
            -0.1348949254588343,
            0.12494977831042864,
            0.031233953832148394,
            -0.34853579751965996,
            -0.33599345977703754,
            0.055654957406469946,
            0.20851472555619693,
            0.031938505811313675
        ],
        [
            0.03746749790457132,
            0.10445283425331746,
            0.28053777378904077,
            -0.19817236922396764,
            0.04132771947165116,
            0.17221664280644827,
            0.13957551727152573,
            1.3260769398477945,
            0.04179830399253924,
            0.036671775633890416,
            0.030994429111968758,
            0.12042539424812658,
            0.26338595252875435,
            0.34388251757748844,
            0.08996976257821171,
            0.0722030341610362,
            0.09069797500422663,
            -0.06061709966785622,
            -0.08024252331460172,
            -0.012513181583986257
        ],
        [
            0.03291702896306559,
            0.08865144631490668,
            -0.2417556494663577,
            -0.589283612848807,
            0.15832611429128546,
            -0.00014488650771415923,
            -0.022772936684631553,
            0.04179830399253924,
            0.8613428822552518,
            -0.024321069638214055,
            -0.07169040179969755,
            -0.1336469556422625,
            0.331377604632327,
            -0.5264145539389438,
            -0.21077658389344023,
            -0.3324554303920638,
            -0.19615520767643027,
            0.07228615093577208,
            0.04621431564702716,
            0.008537622533729416
        ],
        [
            -0.01664611873544375,
            -0.06116542344144536,
            0.042965270521456315,
            0.13535022817201636,
            0.31720117218229055,
            -0.10072142572981899,
            -0.08507327313520477,
            0.036671775633890416,
            -0.024321069638214055,
            1.369059816899227,
            -0.03367739239374895,
            -0.07759351254042325,
            0.07965193139355814,
            -0.1878204730760764,
            0.3783964514154202,
            -0.06434271776798486,
            -0.05960146917560264,
            0.015397296832188599,
            0.02938383544852241,
            -0.03792040315952602
        ],
        [
            -0.2892865721896072,
            -0.3750868073848444,
            -0.024476329132358095,
            -0.26381747657588595,
            0.019201401862713102,
            -0.5884577487002156,
            -0.5548443908930288,
            0.030994429111968758,
            -0.07169040179969755,
            -0.03367739239374895,
            -0.49152218920815893,
            -0.6228519466894612,
            -0.2011308499742961,
            -0.02173659247048748,
            0.02129320528613496,
            -0.6004901587794985,
            -0.5614729445993136,
            0.008068539219110493,
            0.1051542132415455,
            0.01989691109074121
        ],
        [
            -0.33235906169938995,
            -0.3300956834334654,
            -0.038600851014264984,
            -0.1976936722141826,
            0.02679904122316823,
            -0.5497081040929728,
            -0.43245815166089674,
            0.12042539424812658,
            -0.1336469556422625,
            -0.07759351254042325,
            -0.6228519466894612,
            -0.44546972979933397,
            -0.160586870376377,
            0.01346002710861445,
            0.019092657988015602,
            -0.47259546419815845,
            -0.38014216370116793,
            0.06455579463733582,
            0.24532410181873132,
            0.038540433357029946
        ],
        [
            -0.07042938942436164,
            -0.09416026397639306,
            -0.05614499083141383,
            -0.07521433314864531,
            0.009168395814255142,
            -0.03986448456510916,
            -0.1348949254588343,
            0.26338595252875435,
            0.331377604632327,
            0.07965193139355814,
            -0.2011308499742961,
            -0.160586870376377,
            1.3034082745570525,
            0.017399648154411834,
            0.013399165756703363,
            -0.04155552795502132,
            -0.12662358181871353,
            0.29214129006629863,
            -0.26271423088485635,
            -0.034671479055941104
        ],
        [
            0.32051620895393096,
            0.1912168343817181,
            0.05293732035824171,
            0.07004165253614447,
            -0.03443340222681169,
            0.05565049870673844,
            0.12494977831042864,
            0.34388251757748844,
            -0.5264145539389438,
            -0.1878204730760764,
            -0.02173659247048748,
            0.01346002710861445,
            0.017399648154411834,
            0.8493267775797808,
            -0.09174188978571732,
            -0.017887389647751384,
            -0.08984066838107937,
            -0.31410733329396406,
            -0.5079289417392894,
            -0.12794876676385472
        ],
        [
            0.041390178268161985,
            0.0374211238794441,
            0.006920608393781594,
            0.03809497107328369,
            -0.0480517551678272,
            0.0011220889138199297,
            0.031233953832148394,
            0.08996976257821171,
            -0.21077658389344023,
            0.3783964514154202,
            0.02129320528613496,
            0.019092657988015602,
            0.013399165756703363,
            -0.09174188978571732,
            1.3652018168925015,
            0.0073026257649147774,
            0.0005350101249600378,
            -0.04515011086089847,
            -0.13668544121852402,
            0.3826639409051138
        ],
        [
            -0.031826212951841334,
            -0.166100283235384,
            -0.004082896925511125,
            -0.09813113627366002,
            -0.0015949993491844562,
            -0.3120751304297449,
            -0.34853579751965996,
            0.0722030341610362,
            -0.3324554303920638,
            -0.06434271776798486,
            -0.6004901587794985,
            -0.47259546419815845,
            -0.04155552795502132,
            -0.017887389647751384,
            0.0073026257649147774,
            -0.2889892926402393,
            -0.4799943644826563,
            0.09252366381038009,
            0.28783685652868946,
            0.04379278376388613
        ],
        [
            -0.1633065913833412,
            -0.22256909204243558,
            -0.018255311492113232,
            -0.1380755688772516,
            0.011555613805381967,
            -0.38475626189767115,
            -0.33599345977703754,
            0.09069797500422663,
            -0.19615520767643027,
            -0.05960146917560264,
            -0.5614729445993136,
            -0.38014216370116793,
            -0.12662358181871353,
            -0.08984066838107937,
            0.0005350101249600378,
            -0.4799943644826563,
            -0.3257394181687274,
            0.07341101695023422,
            0.2476981930994844,
            0.03832822250720047
        ],
        [
            0.00572690395522546,
            0.02627178606456037,
            -0.00862786566642393,
            0.014186852308040754,
            0.00044361605618977677,
            0.042535197636507205,
            0.055654957406469946,
            -0.06061709966785622,
            0.07228615093577208,
            0.015397296832188599,
            0.008068539219110493,
            0.06455579463733582,
            0.29214129006629863,
            -0.31410733329396406,
            -0.04515011086089847,
            0.09252366381038009,
            0.07341101695023422,
            1.443191531198772,
            -0.08249941888829038,
            -0.011578565646376004
        ],
        [
            0.09888913301936572,
            0.1423055458657963,
            0.01154592211983499,
            0.1329546592509922,
            0.0009475715852681997,
            0.2729895596579058,
            0.20851472555619693,
            -0.08024252331460172,
            0.04621431564702716,
            0.02938383544852241,
            0.1051542132415455,
            0.24532410181873132,
            -0.26271423088485635,
            -0.5079289417392894,
            -0.13668544121852402,
            0.28783685652868946,
            0.2476981930994844,
            -0.08249941888829038,
            1.2024102360669262,
            -0.0406929604084501
        ],
        [
            0.011748737708217678,
            0.02104333898244986,
            0.001334551276958468,
            0.014280730014014904,
            -0.009130495221134011,
            0.044786370288697974,
            0.031938505811313675,
            -0.012513181583986257,
            0.008537622533729416,
            -0.03792040315952602,
            0.01989691109074121,
            0.038540433357029946,
            -0.034671479055941104,
            -0.12794876676385472,
            0.3826639409051138,
            0.04379278376388613,
            0.03832822250720047,
            -0.011578565646376004,
            -0.0406929604084501,
            1.4675322330141891
        ]
    ]
}