{
    "HF": -2.163549579945616,
    "coordinates": [
        [
            0.677252,
            0.053741,
            -0.0449
        ],
        [
            1.414731,
            -0.066756,
            0.01248
        ],
        [
            2.211395,
            -0.128871,
            -0.017412
        ],
        [
            3.019559,
            0.020656,
            0.154169
        ]
    ],
    "elements": [
        "H",
        "H",
        "H",
        "H"
    ],
    "Enn": 2.8936514141445513,
    "S": [
        [
            0.9999999999999999,
            0.6848602514927513,
            0.0,
            0.0,
            0.0,
            0.5631011589185839,
            0.5627481121469066,
            -0.04098287492859372,
            -0.5267342213221397,
            0.08606332311381593,
            0.11166943240306228,
            0.29749799267598553,
            -0.0026284683284146337,
            -0.14669842428547045,
            0.017461796361628822,
            0.008435838478371406,
            0.09975682190480249,
            -0.0008201167359788253,
            -0.009649745422443245,
            0.00013630229824763987
        ],
        [
            0.6848602514927513,
            1.0000000000000002,
            0.0,
            0.0,
            0.0,
            0.5627481121469066,
            0.8848340902888637,
            -0.012662175461402752,
            -0.16274117283199435,
            0.02659034779666516,
            0.2974979926759856,
            0.5944468492317776,
            -0.0030693101284601765,
            -0.17130241008462893,
            0.020390456241937187,
            0.09975682190480249,
            0.29999152388955713,
            -0.006890507782135338,
            -0.08107583105179658,
            0.0011451931238512653
        ],
        [
            0.0,
            0.0,
            1.0000000000000004,
            0.0,
            0.0,
            0.04098287492859372,
            0.012662175461402749,
            0.4782122121514371,
            -0.05298967050547142,
            0.008658004264389615,
            0.002628468328414633,
            0.003069310128460176,
            0.044986590056531266,
            -0.004934884238418941,
            0.0005874087881939035,
            0.0008201167359788249,
            0.006890507782135333,
            0.0006869631369662775,
            -0.0009269652644514273,
            1.3093350177570854e-05
        ],
        [
            0.0,
            0.0,
            0.0,
            1.0000000000000004,
            0.0,
            0.5267342213221394,
            0.16274117283199432,
            -0.052989670505471424,
            -0.19871698952241243,
            0.11127738457472619,
            0.14669842428547042,
            0.17130241008462882,
            -0.004934884238418939,
            -0.23034765034610463,
            0.03278409053209252,
            0.009649745422443241,
            0.08107583105179646,
            -0.0009269652644514272,
            -0.010141213566397628,
            0.0001540603799405003
        ],
        [
            0.0,
            0.0,
            0.0,
            0.0,
            1.0000000000000004,
            -0.08606332311381591,
            -0.026590347796665158,
            0.008658004264389618,
            0.11127738457472622,
            0.46415344747407433,
            -0.017461796361628815,
            -0.020390456241937187,
            0.0005874087881939035,
            0.03278409053209254,
            0.04117265729908894,
            -0.00013630229824763992,
            -0.0011451931238512648,
            1.3093350177570864e-05,
            0.00015406037994050045,
            0.0007635683644444644
        ],
        [
            0.5631011589185839,
            0.5627481121469066,
            0.04098287492859372,
            0.5267342213221395,
            -0.08606332311381593,
            0.9999999999999999,
            0.6848602514927513,
            0.0,
            0.0,
            0.0,
            0.5231447026467637,
            0.547665321510244,
            0.019451476609075726,
            -0.5184093122337986,
            0.04041979357596477,
            0.09304522448482805,
            0.2759666103127793,
            -0.010852072900266308,
            -0.12291504949846914,
            -0.006694954416772499
        ],
        [
            0.5627481121469066,
            0.8848340902888637,
            0.01266217546140275,
            0.16274117283199435,
            -0.02659034779666516,
            0.6848602514927513,
            1.0000000000000002,
            0.0,
            0.0,
            0.0,
            0.547665321510244,
            0.8699764049808121,
            0.006407780644633474,
            -0.170776400357162,
            0.013315244705653964,
            0.2759666103127793,
            0.5671873113511018,
            -0.014598886899948945,
            -0.1653530088141723,
            -0.009006471227112463
        ],
        [
            -0.04098287492859372,
            -0.01266217546140275,
            0.4782122121514371,
            -0.0529896705054714,
            0.008658004264389615,
            0.0,
            0.0,
            1.0000000000000004,
            0.0,
            0.0,
            -0.019451476609075723,
            -0.006407780644633469,
            0.435026205649479,
            0.026957918586374436,
            -0.0021018787255262543,
            0.010852072900266308,
            0.01459888689994894,
            0.03230022703874852,
            -0.020116340990725023,
            -0.0010956997252548279
        ],
        [
            -0.5267342213221395,
            -0.16274117283199432,
            -0.05298967050547144,
            -0.19871698952241226,
            0.11127738457472622,
            0.0,
            0.0,
            0.0,
            1.0000000000000004,
            0.0,
            0.5184093122337982,
            0.1707764003571616,
            0.026957918586374433,
            -0.28242888190558585,
            0.05601803536038565,
            0.1229150494984691,
            0.16535300881417225,
            -0.020116340990725012,
            -0.19376968449271803,
            -0.012410346594875075
        ],
        [
            0.08606332311381591,
            0.026590347796665158,
            0.008658004264389618,
            0.11127738457472619,
            0.46415344747407433,
            0.0,
            0.0,
            0.0,
            0.0,
            1.0000000000000004,
            -0.04041979357596477,
            -0.013315244705653961,
            -0.0021018787255262564,
            0.05601803536038571,
            0.4316700427451348,
            0.006694954416772497,
            0.00900647122711245,
            -0.0010956997252548277,
            -0.01241034659487508,
            0.033400314413896265
        ],
        [
            0.11166943240306228,
            0.29749799267598553,
            0.0026284683284146346,
            0.14669842428547042,
            -0.017461796361628822,
            0.5231447026467637,
            0.547665321510244,
            -0.019451476609075726,
            0.5184093122337986,
            -0.04041979357596477,
            0.9999999999999999,
            0.6848602514927513,
            0.0,
            0.0,
            0.0,
            0.49198817633025305,
            0.5352720006990082,
            -0.10330028972366387,
            -0.4865548944477253,
            -0.09002268562084545
        ],
        [
            0.2974979926759856,
            0.5944468492317776,
            0.0030693101284601765,
            0.17130241008462901,
            -0.020390456241937187,
            0.547665321510244,
            0.8699764049808121,
            -0.006407780644633474,
            0.17077640035716166,
            -0.013315244705653964,
            0.6848602514927513,
            1.0000000000000002,
            0.0,
            0.0,
            0.0,
            0.5352720006990082,
            0.8576511638468627,
            -0.0358929547156732,
            -0.16905947543630856,
            -0.03127948805386647
        ],
        [
            -0.002628468328414633,
            -0.003069310128460176,
            0.044986590056531266,
            -0.004934884238418941,
            0.0005874087881939035,
            0.019451476609075723,
            0.00640778064463347,
            0.435026205649479,
            0.026957918586374422,
            -0.0021018787255262556,
            0.0,
            0.0,
            1.0000000000000004,
            0.0,
            0.0,
            0.10330028972366384,
            0.03589295471567318,
            0.36988483135792893,
            -0.1441777012235396,
            -0.02667584689599165
        ],
        [
            -0.14669842428547036,
            -0.17130241008462874,
            -0.00493488423841894,
            -0.23034765034610458,
            0.032784090532092525,
            -0.5184093122337986,
            -0.1707764003571616,
            0.026957918586374446,
            -0.28242888190558585,
            0.05601803536038571,
            0.0,
            0.0,
            0.0,
            1.0000000000000004,
            0.0,
            0.4865548944477247,
            0.16905947543630856,
            -0.14417770122353965,
            -0.27859652363387444,
            -0.12564595806559123
        ],
        [
            0.017461796361628815,
            0.020390456241937187,
            0.0005874087881939035,
            0.03278409053209253,
            0.04117265729908894,
            0.04041979357596477,
            0.013315244705653961,
            -0.002101878725526255,
            0.05601803536038565,
            0.4316700427451348,
            0.0,
            0.0,
            0.0,
            0.0,
            1.0000000000000004,
            0.09002268562084545,
            0.03127948805386648,
            -0.02667584689599167,
            -0.12564595806559128,
            0.37724805340439777
        ],
        [
            0.008435838478371406,
            0.09975682190480249,
            0.0008201167359788253,
            0.009649745422443247,
            -0.00013630229824763992,
            0.09304522448482805,
            0.2759666103127793,
            0.010852072900266308,
            0.1229150494984691,
            0.006694954416772499,
            0.49198817633025305,
            0.5352720006990082,
            0.10330028972366387,
            0.4865548944477253,
            0.09002268562084545,
            0.9999999999999999,
            0.6848602514927513,
            0.0,
            0.0,
            0.0
        ],
        [
            0.09975682190480249,
            0.29999152388955713,
            0.006890507782135338,
            0.08107583105179655,
            -0.0011451931238512653,
            0.2759666103127793,
            0.5671873113511018,
            0.014598886899948938,
            0.1653530088141723,
            0.00900647122711246,
            0.5352720006990082,
            0.8576511638468627,
            0.035892954715673206,
            0.16905947543630856,
            0.03127948805386646,
            0.6848602514927513,
            1.0000000000000002,
            0.0,
            0.0,
            0.0
        ],
        [
            -0.0008201167359788249,
            -0.006890507782135332,
            0.0006869631369662775,
            -0.0009269652644514273,
            1.3093350177570853e-05,
            -0.010852072900266308,
            -0.01459888689994894,
            0.03230022703874852,
            -0.020116340990725016,
            -0.0010956997252548279,
            -0.10330028972366384,
            -0.03589295471567318,
            0.36988483135792893,
            -0.1441777012235396,
            -0.02667584689599165,
            0.0,
            0.0,
            1.0000000000000004,
            0.0,
            0.0
        ],
        [
            -0.00964974542244324,
            -0.08107583105179643,
            -0.0009269652644514272,
            -0.010141213566397628,
            0.00015406037994050028,
            -0.12291504949846904,
            -0.16535300881417225,
            -0.02011634099072502,
            -0.1937696844927181,
            -0.01241034659487508,
            -0.4865548944477247,
            -0.16905947543630856,
            -0.14417770122353965,
            -0.27859652363387444,
            -0.12564595806559123,
            0.0,
            0.0,
            0.0,
            1.0000000000000004,
            0.0
        ],
        [
            0.00013630229824763987,
            0.0011451931238512648,
            1.3093350177570868e-05,
            0.00015406037994050047,
            0.0007635683644444644,
            -0.006694954416772497,
            -0.009006471227112452,
            -0.0010956997252548277,
            -0.012410346594875075,
            0.033400314413896265,
            -0.09002268562084545,
            -0.031279488053866475,
            -0.02667584689599167,
            -0.12564595806559128,
            0.37724805340439777,
            0.0,
            0.0,
            0.0,
            0.0,
            1.0000000000000004
        ]
    ],
    "h": [
        [
            -0.2796796293325776,
            -0.4722087807020503,
            -0.021408805680816746,
            -0.29318866744102234,
            0.04845690909108267,
            -0.5895527764956618,
            -0.4677112425927057,
            0.00629072346756665,
            0.01490055388604139,
            -0.0013864979109067532,
            -0.24031338918309933,
            -0.3114012014333377,
            0.0012602868447834101,
            0.3084617862305347,
            -0.024690609295743807,
            -0.0011810410496712331,
            -0.12015074731718313,
            0.0044896027199520985,
            0.04898221681282612,
            0.001259728625131962
        ],
        [
            -0.4722087807020503,
            -0.31281395812666557,
            -0.017311946329358886,
            -0.24583503579264807,
            0.04018168832174662,
            -0.5430581542500363,
            -0.3659371660216977,
            0.02106253908590573,
            0.1136666666889394,
            -0.025689277430771776,
            -0.321475520087145,
            -0.3057765234763543,
            -0.010470662963705402,
            0.1883200429020635,
            -0.02252632793307107,
            -0.11747116629016499,
            -0.1805930123172786,
            0.015752351419681274,
            0.09974159306193163,
            0.011653525331389941
        ],
        [
            -0.021408805680816746,
            -0.017311946329358886,
            1.4735998649131803,
            -0.020569550075035876,
            0.003368735407049566,
            -0.0024647631029928174,
            -0.015782655216858753,
            0.41115012926752603,
            -0.07639207865537495,
            0.012403818951670285,
            -0.010844764701583423,
            -0.012527594381235109,
            -0.04588174885038114,
            0.014360675967632644,
            -0.0012722133532679447,
            -0.0025687577731134266,
            -0.006653711820866218,
            -0.0021980461146334394,
            0.00465587834264067,
            9.969816311736631e-05
        ],
        [
            -0.29318866744102234,
            -0.24583503579264807,
            -0.020569550075035876,
            1.1920466486843655,
            0.04584172036006842,
            -0.07318679714247622,
            -0.23675851470623288,
            -0.07051127682439202,
            -0.580381112864494,
            0.15897545221809925,
            -0.23775665712690994,
            -0.18859847467236107,
            -0.004904703641913567,
            0.20141774281171754,
            -0.023339272840657822,
            -0.05095770748217644,
            -0.10917795597107217,
            0.007600653722428055,
            0.06599596777908782,
            0.0027053205180142606
        ],
        [
            0.04845690909108267,
            0.04018168832174662,
            0.003368735407049566,
            0.04584172036006842,
            1.4677311772613422,
            0.010916267432337617,
            0.037825954477213014,
            0.0115753049167483,
            0.16084950428720218,
            0.3909714827077907,
            0.032662698328195336,
            0.02954934751438957,
            0.0006112028172244892,
            -0.03780756102572523,
            -0.04224277413999725,
            0.0034193515261230975,
            0.013581632030936774,
            -0.0005404272188788624,
            -0.004409120409579139,
            -0.002957719084914297
        ],
        [
            -0.5895527764956618,
            -0.5430581542500363,
            -0.0024647631029928174,
            -0.07318679714247622,
            0.010916267432337617,
            -0.450374956124163,
            -0.6010154617926615,
            0.030209541701482004,
            0.06628809468401256,
            -0.027852293534148993,
            -0.5023698584664558,
            -0.5027132784147157,
            -0.006783204603468082,
            0.06832961352654998,
            -0.016013795585045634,
            -0.2056058766694429,
            -0.3050749740578411,
            0.029637931891784566,
            0.2091703813506331,
            0.02295677374565871
        ],
        [
            -0.4677112425927057,
            -0.3659371660216977,
            -0.015782655216858753,
            -0.23675851470623288,
            0.037825954477213014,
            -0.6010154617926615,
            -0.432526137173157,
            0.02284149053857936,
            0.016922076018754395,
            -0.02066347177151947,
            -0.491915885485517,
            -0.4044542161102742,
            -0.026345575629972716,
            0.13275648933842776,
            -0.03686026114503743,
            -0.2838164096058171,
            -0.2947851286029085,
            0.031304997050407804,
            0.16162638477264707,
            0.026884927206869507
        ],
        [
            0.00629072346756665,
            0.02106253908590573,
            0.41115012926752603,
            -0.07051127682439202,
            0.0115753049167483,
            0.030209541701482004,
            0.02284149053857936,
            1.4017065153038961,
            -0.015196112239353604,
            0.002780111240095058,
            0.000228367718524497,
            0.01284539181568254,
            0.33902300603772595,
            0.026624564232771153,
            -0.0027577517509938783,
            -0.008404937303351186,
            0.00445196951383529,
            -0.040757947350077,
            0.005225128196015914,
            0.0004978870842516862
        ],
        [
            0.01490055388604139,
            0.1136666666889394,
            -0.07639207865537495,
            -0.580381112864494,
            0.16084950428720218,
            0.06628809468401256,
            0.016922076018754395,
            -0.015196112239353604,
            0.856142840399351,
            0.06228716055209155,
            -0.04378642780987585,
            -0.11262347833664549,
            0.02047157618115214,
            -0.7782815842282856,
            0.06906158571274894,
            -0.28056586451566257,
            -0.1790006028079211,
            0.03992239267218749,
            0.20642963457797436,
            0.03286583455516015
        ],
        [
            -0.0013864979109067532,
            -0.025689277430771776,
            0.012403818951670285,
            0.15897545221809925,
            0.3909714827077907,
            -0.027852293534148993,
            -0.02066347177151947,
            0.002780111240095058,
            0.06228716055209155,
            1.3954535727892943,
            -0.006685303645633522,
            -0.005063932527342149,
            -0.0024534871273694915,
            0.0895571604799899,
            0.3343777281862621,
            0.006169434500599397,
            0.00656596498083847,
            -0.0009765780669905356,
            -0.0037672637152308917,
            -0.042307255555599485
        ],
        [
            -0.24031338918309933,
            -0.321475520087145,
            -0.010844764701583423,
            -0.23775665712690994,
            0.032662698328195336,
            -0.5023698584664558,
            -0.491915885485517,
            0.000228367718524497,
            -0.04378642780987585,
            -0.006685303645633522,
            -0.3947900847082051,
            -0.578471258076402,
            -0.05560883339480635,
            -0.012027805893514515,
            -0.05787478445028729,
            -0.5326361498486007,
            -0.5107513391181304,
            0.012469100379852022,
            0.07845676217425657,
            0.010597907828660963
        ],
        [
            -0.3114012014333377,
            -0.3057765234763543,
            -0.012527594381235109,
            -0.18859847467236107,
            0.02954934751438957,
            -0.5027132784147157,
            -0.4044542161102742,
            0.01284539181568254,
            -0.11262347833664549,
            -0.005063932527342149,
            -0.578471258076402,
            -0.4301787251558724,
            -0.04623525817806033,
            0.01198170788783949,
            -0.05048121996210222,
            -0.4365723960254275,
            -0.3593338263081838,
            0.03939428138363278,
            0.20168773515402277,
            0.03414069554436317
        ],
        [
            0.0012602868447834101,
            -0.010470662963705402,
            -0.04588174885038114,
            -0.004904703641913567,
            0.0006112028172244892,
            -0.006783204603468082,
            -0.026345575629972716,
            0.33902300603772595,
            0.02047157618115214,
            -0.0024534871273694915,
            -0.05560883339480635,
            -0.04623525817806033,
            1.4086959247405852,
            -0.03907991108300775,
            -0.008819695838311478,
            -0.012770027142735674,
            -0.042870350527710585,
            0.26135178305851575,
            -0.18500179652378795,
            -0.034713128359273676
        ],
        [
            0.3084617862305347,
            0.1883200429020635,
            0.014360675967632644,
            0.20141774281171754,
            -0.03780756102572523,
            0.06832961352654998,
            0.13275648933842776,
            0.026624564232771153,
            -0.7782815842282856,
            0.0895571604799899,
            -0.012027805893514515,
            0.01198170788783949,
            -0.03907991108300775,
            0.918048058275901,
            -0.018290187536684627,
            -0.04194500953967817,
            -0.09746703917299313,
            -0.1933864242558978,
            -0.6219140587851919,
            -0.16760545951091957
        ],
        [
            -0.024690609295743807,
            -0.02252632793307107,
            -0.0012722133532679447,
            -0.023339272840657822,
            -0.04224277413999725,
            -0.016013795585045634,
            -0.03686026114503743,
            -0.0027577517509938783,
            0.06906158571274894,
            0.3343777281862621,
            -0.05787478445028729,
            -0.05048121996210222,
            -0.008819695838311478,
            -0.018290187536684627,
            1.4099849152112045,
            -0.00971032562922114,
            -0.04058521730222739,
            -0.03460902810839165,
            -0.1597530219836853,
            0.27091957746339446
        ],
        [
            -0.0011810410496712331,
            -0.11747116629016499,
            -0.0025687577731134266,
            -0.05095770748217644,
            0.0034193515261230975,
            -0.2056058766694429,
            -0.2838164096058171,
            -0.008404937303351186,
            -0.28056586451566257,
            0.006169434500599397,
            -0.5326361498486007,
            -0.4365723960254275,
            -0.012770027142735674,
            -0.04194500953967817,
            -0.00971032562922114,
            -0.22182255336310885,
            -0.4466947554135634,
            0.04987590262370658,
            0.24018678570230137,
            0.04383813836093137
        ],
        [
            -0.12015074731718313,
            -0.1805930123172786,
            -0.006653711820866218,
            -0.10917795597107217,
            0.013581632030936774,
            -0.3050749740578411,
            -0.2947851286029085,
            0.00445196951383529,
            -0.1790006028079211,
            0.00656596498083847,
            -0.5107513391181304,
            -0.3593338263081838,
            -0.042870350527710585,
            -0.09746703917299313,
            -0.04058521730222739,
            -0.4466947554135634,
            -0.30428786314480427,
            0.04377104944692024,
            0.21488840339158582,
            0.038335170572039196
        ],
        [
            0.0044896027199520985,
            0.015752351419681274,
            -0.0021980461146334394,
            0.007600653722428055,
            -0.0005404272188788624,
            0.029637931891784566,
            0.031304997050407804,
            -0.040757947350077,
            0.03992239267218749,
            -0.0009765780669905356,
            0.012469100379852022,
            0.03939428138363278,
            0.26135178305851575,
            -0.1933864242558978,
            -0.03460902810839165,
            0.04987590262370658,
            0.04377104944692024,
            1.4864368241179622,
            -0.045739921769509466,
            -0.008367830744567935
        ],
        [
            0.04898221681282612,
            0.09974159306193163,
            0.00465587834264067,
            0.06599596777908782,
            -0.004409120409579139,
            0.2091703813506331,
            0.16162638477264707,
            0.005225128196015914,
            0.20642963457797436,
            -0.0037672637152308917,
            0.07845676217425657,
            0.20168773515402277,
            -0.18500179652378795,
            -0.6219140587851919,
            -0.1597530219836853,
            0.24018678570230137,
            0.21488840339158582,
            -0.045739921769509466,
            1.2725014410852373,
            -0.03980002923524412
        ],
        [
            0.001259728625131962,
            0.011653525331389941,
            9.969816311736631e-05,
            0.0027053205180142606,
            -0.002957719084914297,
            0.02295677374565871,
            0.026884927206869507,
            0.0004978870842516862,
            0.03286583455516015,
            -0.042307255555599485,
            0.010597907828660963,
            0.03414069554436317,
            -0.034713128359273676,
            -0.16760545951091957,
            0.27091957746339446,
            0.04383813836093137,
            0.038335170572039196,
            -0.008367830744567935,
            -0.03980002923524412,
            1.4887136373405319
        ]
    ]
}