{
    "HF": -2.1366486061045906,
    "coordinates": [
        [
            0.744736,
            0.114467,
            -0.135835
        ],
        [
            1.511873,
            -0.158229,
            -0.076614
        ],
        [
            2.209902,
            0.064119,
            -0.101489
        ],
        [
            2.988421,
            0.185326,
            0.175155
        ]
    ],
    "elements": [
        "H",
        "H",
        "H",
        "H"
    ],
    "Enn": 2.9425924597092257,
    "S": [
        [
            0.9999999999999999,
            0.6848602514927513,
            0.0,
            0.0,
            0.0,
            0.5100641562773731,
            0.5425328679434733,
            -0.037320728813387605,
            -0.4834452633308407,
            0.17185142879207616,
            0.13670676255726827,
            0.3231611038668834,
            -0.004203105267992314,
            -0.1793002659140285,
            0.006161356316103095,
            0.011569987831279068,
            0.11428671598472624,
            -0.0018863456461394685,
            -0.013609329660305583,
            -0.00042980342178139706
        ],
        [
            0.6848602514927513,
            1.0000000000000002,
            0.0,
            0.0,
            0.0,
            0.5425328679434733,
            0.8648851542938836,
            -0.012567905890681711,
            -0.16280214149136152,
            0.057871661484361,
            0.3231611038668834,
            0.6259793194460248,
            -0.004190024107901381,
            -0.17874223671104195,
            0.006142180567886193,
            0.11428671598472626,
            0.3266815527551638,
            -0.01245624361184098,
            -0.08986747788749948,
            -0.0028381522431314182
        ],
        [
            0.0,
            0.0,
            1.0000000000000004,
            0.0,
            0.0,
            0.03732072881338759,
            0.012567905890681732,
            0.4172169355427684,
            -0.04966096299622799,
            0.01765309972693194,
            0.004203105267992309,
            0.00419002410790138,
            0.06114564433098924,
            -0.008012956068754984,
            0.0002753519479360536,
            0.0018863456461394687,
            0.012456243611840981,
            0.0009529973771957083,
            -0.002305159849491564,
            -7.280046966268557e-05
        ],
        [
            0.0,
            0.0,
            0.0,
            1.0000000000000004,
            0.0,
            0.4834452633308407,
            0.16280214149136113,
            -0.04966096299622797,
            -0.2222475570710304,
            0.22867472628323376,
            0.1793002659140284,
            0.1787422367110418,
            -0.00801295606875498,
            -0.2804912079281247,
            0.01174623863476608,
            0.01360932966030558,
            0.0898674778874994,
            -0.002305159849491562,
            -0.015358420685101619,
            -0.0005252301417252085
        ],
        [
            0.0,
            0.0,
            0.0,
            0.0,
            1.0000000000000004,
            -0.17185142879207616,
            -0.057871661484360994,
            0.017653099726931933,
            0.22867472628323376,
            0.33976308926898274,
            -0.00616135631610309,
            -0.006142180567886191,
            0.00027535194793605345,
            0.011746238634766079,
            0.06092984173002407,
            0.00042980342178139657,
            0.002838152243131418,
            -7.280046966268554e-05,
            -0.0005252301417252087,
            0.0012559206391424052
        ],
        [
            0.5100641562773731,
            0.5425328679434733,
            0.03732072881338759,
            0.4834452633308407,
            -0.17185142879207616,
            0.9999999999999999,
            0.6848602514927513,
            0.0,
            0.0,
            0.0,
            0.5763574944808749,
            0.5675647660719958,
            0.018296899405885823,
            -0.5134378450408471,
            -0.16354890408441808,
            0.11417234540572224,
            0.30021629063654015,
            -0.024733468115952367,
            -0.14505420794328627,
            -0.03375040866260745
        ],
        [
            0.5425328679434733,
            0.8648851542938836,
            0.012567905890681734,
            0.16280214149136132,
            -0.057871661484361,
            0.6848602514927513,
            1.0000000000000002,
            0.0,
            0.0,
            0.0,
            0.5675647660719958,
            0.8895468250298884,
            0.005539388082399414,
            -0.1554433577394646,
            -0.04951444668725006,
            0.30021629063654015,
            0.5978343506433824,
            -0.02838744517648059,
            -0.1664836632009583,
            -0.03873649546848818
        ],
        [
            -0.03732072881338759,
            -0.01256790589068171,
            0.4172169355427684,
            -0.04966096299622797,
            0.017653099726931933,
            0.0,
            0.0,
            1.0000000000000004,
            0.0,
            0.0,
            -0.018296899405885823,
            -0.005539388082399412,
            0.4970475184388983,
            0.02244216904034228,
            0.00714865915568268,
            0.024733468115952364,
            0.0283874451764806,
            0.03895422253920301,
            -0.045001157362630564,
            -0.010470619727715277
        ],
        [
            -0.4834452633308407,
            -0.16280214149136113,
            -0.04966096299622799,
            -0.2222475570710304,
            0.22867472628323376,
            0.0,
            0.0,
            0.0,
            1.0000000000000004,
            0.0,
            0.5134378450408473,
            0.15544335773946458,
            0.02244216904034227,
            -0.1319129246754679,
            -0.20060186539827243,
            0.14505420794328622,
            0.16648366320095845,
            -0.04500115736263053,
            -0.21729053666193937,
            -0.06140697471777118
        ],
        [
            0.17185142879207616,
            0.057871661484360994,
            0.01765309972693194,
            0.22867472628323376,
            0.33976308926898274,
            0.0,
            0.0,
            0.0,
            0.0,
            1.0000000000000004,
            0.1635489040844181,
            0.049514446687250066,
            0.007148659155682673,
            -0.20060186539827235,
            0.43394817068587294,
            0.03375040866260745,
            0.03873649546848815,
            -0.010470619727715274,
            -0.0614069747177712,
            0.03233962090679299
        ],
        [
            0.13670676255726827,
            0.3231611038668834,
            0.004203105267992314,
            0.1793002659140285,
            -0.006161356316103095,
            0.5763574944808749,
            0.5675647660719958,
            -0.018296899405885823,
            0.5134378450408474,
            0.16354890408441808,
            0.9999999999999999,
            0.6848602514927513,
            0.0,
            0.0,
            0.0,
            0.4954985651287846,
            0.5366977505835281,
            -0.16805963240236263,
            -0.47294579661317393,
            -0.0736325525389785
        ],
        [
            0.3231611038668834,
            0.6259793194460248,
            0.004190024107901381,
            0.17874223671104195,
            -0.00614218056788618,
            0.5675647660719958,
            0.8895468250298884,
            -0.005539388082399414,
            0.1554433577394646,
            0.04951444668725006,
            0.6848602514927513,
            1.0000000000000002,
            0.0,
            0.0,
            0.0,
            0.5366977505835281,
            0.8590745674108606,
            -0.0580356236436245,
            -0.16332122035327332,
            -0.025427350077980318
        ],
        [
            -0.004203105267992309,
            -0.00419002410790138,
            0.06114564433098924,
            -0.00801295606875498,
            0.00027535194793605345,
            0.01829689940588582,
            0.005539388082399412,
            0.49704751843889833,
            0.02244216904034227,
            0.0071486591556826715,
            0.0,
            0.0,
            1.0000000000000004,
            0.0,
            0.0,
            0.1680596324023626,
            0.05803562364362447,
            0.32410797997138213,
            -0.22615773305590256,
            -0.03521031644764837
        ],
        [
            -0.17930026591402848,
            -0.1787422367110417,
            -0.008012956068754984,
            -0.2804912079281247,
            0.011746238634766079,
            -0.5134378450408471,
            -0.15544335773946458,
            0.02244216904034228,
            -0.1319129246754679,
            -0.20060186539827232,
            0.0,
            0.0,
            0.0,
            1.0000000000000004,
            0.0,
            0.4729457966131739,
            0.1633212203532733,
            -0.22615773305590228,
            -0.23197049860654118,
            -0.09908727588708502
        ],
        [
            0.006161356316103094,
            0.006142180567886191,
            0.0002753519479360536,
            0.01174623863476608,
            0.06092984173002406,
            -0.16354890408441808,
            -0.04951444668725006,
            0.007148659155682682,
            -0.2006018653982725,
            0.43394817068587294,
            0.0,
            0.0,
            0.0,
            0.0,
            1.0000000000000004,
            0.07363255253897846,
            0.025427350077980335,
            -0.035210316447648375,
            -0.09908727588708514,
            0.389045519652586
        ],
        [
            0.011569987831279068,
            0.11428671598472624,
            0.0018863456461394685,
            0.013609329660305586,
            0.00042980342178139706,
            0.11417234540572224,
            0.30021629063654015,
            0.024733468115952367,
            0.14505420794328622,
            0.03375040866260745,
            0.4954985651287846,
            0.5366977505835281,
            0.16805963240236263,
            0.47294579661317393,
            0.07363255253897849,
            0.9999999999999999,
            0.6848602514927513,
            0.0,
            0.0,
            0.0
        ],
        [
            0.11428671598472626,
            0.3266815527551638,
            0.01245624361184098,
            0.08986747788749948,
            0.0028381522431314182,
            0.30021629063654015,
            0.5978343506433824,
            0.028387445176480605,
            0.1664836632009585,
            0.03873649546848818,
            0.5366977505835281,
            0.8590745674108606,
            0.0580356236436245,
            0.16332122035327332,
            0.02542735007798034,
            0.6848602514927513,
            1.0000000000000002,
            0.0,
            0.0,
            0.0
        ],
        [
            -0.0018863456461394687,
            -0.012456243611840981,
            0.0009529973771957083,
            -0.002305159849491564,
            -7.280046966268557e-05,
            -0.024733468115952364,
            -0.02838744517648061,
            0.03895422253920301,
            -0.04500115736263055,
            -0.010470619727715277,
            -0.1680596324023626,
            -0.058035623643624454,
            0.32410797997138213,
            -0.22615773305590228,
            -0.035210316447648375,
            0.0,
            0.0,
            1.0000000000000004,
            0.0,
            0.0
        ],
        [
            -0.013609329660305583,
            -0.08986747788749934,
            -0.002305159849491562,
            -0.015358420685101619,
            -0.0005252301417252085,
            -0.14505420794328616,
            -0.16648366320095825,
            -0.045001157362630544,
            -0.21729053666193937,
            -0.0614069747177712,
            -0.4729457966131739,
            -0.1633212203532733,
            -0.22615773305590256,
            -0.23197049860654118,
            -0.09908727588708514,
            0.0,
            0.0,
            0.0,
            1.0000000000000004,
            0.0
        ],
        [
            -0.00042980342178139657,
            -0.002838152243131418,
            -7.280046966268554e-05,
            -0.0005252301417252087,
            0.0012559206391424052,
            -0.03375040866260745,
            -0.03873649546848815,
            -0.010470619727715274,
            -0.06140697471777118,
            0.03233962090679299,
            -0.07363255253897849,
            -0.025427350077980315,
            -0.03521031644764837,
            -0.09908727588708502,
            0.389045519652586,
            0.0,
            0.0,
            0.0,
            0.0,
            1.0000000000000004
        ]
    ],
    "h": [
        [
            -0.24585998148312815,
            -0.45829793410937203,
            -0.01714739193593591,
            -0.2519273341593088,
            0.08487513169686528,
            -0.559173268859336,
            -0.4496431685294501,
            0.010173335213105414,
            0.030993839943003865,
            -0.02980253708032221,
            -0.26966537857706985,
            -0.3189238772351355,
            0.006329042263501167,
            0.3179460736370464,
            0.044090230614715016,
            -0.006898270966895735,
            -0.1289345531738888,
            0.010541870308952815,
            0.062328595872612996,
            0.007779128276108341
        ],
        [
            -0.45829793410937203,
            -0.31555725884449504,
            -0.014774517179014601,
            -0.2255027624081949,
            0.07217782875104597,
            -0.5360108012969526,
            -0.3714197160327519,
            0.019941950378767316,
            0.08232627072094634,
            -0.10079216337262309,
            -0.35502905657783057,
            -0.3202650357393446,
            -0.013143022823417063,
            0.2028339749048475,
            0.04943539012287296,
            -0.12869845164383206,
            -0.19265937262705674,
            0.029363938182776456,
            0.1092769224540797,
            0.017451912871996822
        ],
        [
            -0.01714739193593591,
            -0.014774517179014601,
            1.4784781967854175,
            -0.016334423796990922,
            0.005709158122273557,
            -0.0038510553164876754,
            -0.013709826287611145,
            0.3176496245773575,
            -0.0688046355909929,
            0.02272222220648641,
            -0.012542712599847513,
            -0.01203371060145427,
            -0.04622109748160863,
            0.012670532462234686,
            0.0027683564098678146,
            -0.005392506197559627,
            -0.007892116336595326,
            -0.0026501299423312475,
            0.009079853818039748,
            0.0007139588648579123
        ],
        [
            -0.2519273341593088,
            -0.2255027624081949,
            -0.016334423796990922,
            1.2428544252986256,
            0.0758227242419186,
            -0.10239675828822692,
            -0.22050401098179617,
            -0.06127061553464899,
            -0.5767083120086243,
            0.27567419751208405,
            -0.2518446624859296,
            -0.18578798463712315,
            -0.006148628928424514,
            0.13389012459123706,
            0.04880348728895626,
            -0.06527861905041787,
            -0.11543445177456158,
            0.016651865054797092,
            0.084613502749777,
            0.008418319808875556
        ],
        [
            0.08487513169686528,
            0.07217782875104597,
            0.005709158122273557,
            0.0758227242419186,
            1.4529127172435903,
            0.018890883373807454,
            0.06440002349336718,
            0.022522991641829797,
            0.30862849081732746,
            0.2170984234862039,
            0.04528120628138437,
            0.054008430423549136,
            0.00017458461182209636,
            -0.06345586074740811,
            -0.05806777807761379,
            0.001032061545853767,
            0.021606804086514858,
            -0.0008492557881278155,
            -0.004308242350914312,
            -0.005081934735049781
        ],
        [
            -0.559173268859336,
            -0.5360108012969526,
            -0.0038510553164876754,
            -0.10239675828822692,
            0.018890883373807454,
            -0.4547087844026043,
            -0.6051389751574034,
            0.026783841856941455,
            -0.010728125879100978,
            -0.15823870003985585,
            -0.5621675677550486,
            -0.53432437795689,
            -0.012241676624414437,
            0.06469545940913024,
            0.000800398516445977,
            -0.24053161369621967,
            -0.3372094066201825,
            0.05847418326463273,
            0.23046484231188308,
            0.0447717067865889
        ],
        [
            -0.4496431685294501,
            -0.3714197160327519,
            -0.013709826287611145,
            -0.22050401098179617,
            0.06440002349336718,
            -0.6051389751574034,
            -0.4384615475795124,
            0.01913219089575976,
            -0.02488167218111749,
            -0.13180506209516554,
            -0.5313660192404634,
            -0.4216728298875787,
            -0.04001905055907548,
            0.1524770460006154,
            0.0465233919642314,
            -0.2993107567009553,
            -0.3090579818631578,
            0.05487625090612775,
            0.16944197228920965,
            0.02903401622955916
        ],
        [
            0.010173335213105414,
            0.019941950378767316,
            0.3176496245773575,
            -0.06127061553464899,
            0.022522991641829797,
            0.026783841856941455,
            0.01913219089575976,
            1.3914416501804239,
            -0.015109880036479164,
            0.007979014735250756,
            -0.005267739848830982,
            0.008658609409439882,
            0.42053651157772554,
            0.01632920246923065,
            0.008509849737004894,
            -0.020962172626313225,
            -0.0002520912782507517,
            -0.04284490581551062,
            0.007904438064077729,
            0.0014524991530924444
        ],
        [
            0.030993839943003865,
            0.08232627072094634,
            -0.0688046355909929,
            -0.5767083120086243,
            0.30862849081732746,
            -0.010728125879100978,
            -0.02488167218111749,
            -0.015109880036479164,
            0.8783262643024385,
            -0.008699199042497854,
            -0.039143019349870856,
            -0.13252788817611522,
            0.00109248570231147,
            -0.6254258586001082,
            -0.30168343984631846,
            -0.2976665713701321,
            -0.1922298712057553,
            0.06625261820817449,
            0.17023444795682396,
            0.03952704026920037
        ],
        [
            -0.02980253708032221,
            -0.10079216337262309,
            0.02272222220648641,
            0.27567419751208405,
            0.2170984234862039,
            -0.15823870003985585,
            -0.13180506209516554,
            0.007979014735250756,
            -0.008699199042497854,
            1.3413100405852636,
            -0.03845473127674065,
            -0.10995146103133795,
            0.005345833090589565,
            -0.263483120975601,
            0.33547803549832445,
            -0.0672547752149862,
            -0.07245228575817397,
            0.018549341894870036,
            0.06358839755864873,
            -0.033826131345489036
        ],
        [
            -0.26966537857706985,
            -0.35502905657783057,
            -0.012542712599847513,
            -0.2518446624859296,
            0.04528120628138437,
            -0.5621675677550486,
            -0.5313660192404634,
            -0.005267739848830982,
            -0.039143019349870856,
            -0.03845473127674065,
            -0.4429910241661319,
            -0.6036320769248524,
            -0.08530215172714734,
            0.031071238500712833,
            0.04320752140540612,
            -0.5379824123186435,
            -0.5243721222762109,
            0.02325517299168911,
            0.08837877400369432,
            0.018773224391567728
        ],
        [
            -0.3189238772351355,
            -0.3202650357393446,
            -0.01203371060145427,
            -0.18578798463712315,
            0.054008430423549136,
            -0.53432437795689,
            -0.4216728298875787,
            0.008658609409439882,
            -0.13252788817611522,
            -0.10995146103133795,
            -0.6036320769248524,
            -0.44291924229061674,
            -0.06979335644187712,
            0.04055951295599828,
            0.03426001318335739,
            -0.4362795008214855,
            -0.3649482405266825,
            0.06582094708498493,
            0.20314209316788423,
            0.0357262857838503
        ],
        [
            0.006329042263501167,
            -0.013143022823417063,
            -0.04622109748160863,
            -0.006148628928424514,
            0.00017458461182209636,
            -0.012241676624414437,
            -0.04001905055907548,
            0.42053651157772554,
            0.00109248570231147,
            0.005345833090589565,
            -0.08530215172714734,
            -0.06979335644187712,
            1.3741250014194,
            -0.06875309680057022,
            -0.008502430174877952,
            -0.021387255814607875,
            -0.06819357021858741,
            0.19983753220853362,
            -0.2902859361808731,
            -0.04427135021067771
        ],
        [
            0.3179460736370464,
            0.2028339749048475,
            0.012670532462234686,
            0.13389012459123706,
            -0.06345586074740811,
            0.06469545940913024,
            0.1524770460006154,
            0.01632920246923065,
            -0.6254258586001082,
            -0.263483120975601,
            0.031071238500712833,
            0.04055951295599828,
            -0.06875309680057022,
            0.8803031282354272,
            -0.11260628528031776,
            -0.04025503139042841,
            -0.08234725766144071,
            -0.30571936559938084,
            -0.5707850873776563,
            -0.13653603923983573
        ],
        [
            0.044090230614715016,
            0.04943539012287296,
            0.0027683564098678146,
            0.04880348728895626,
            -0.05806777807761379,
            0.000800398516445977,
            0.0465233919642314,
            0.008509849737004894,
            -0.30168343984631846,
            0.33547803549832445,
            0.04320752140540612,
            0.03426001318335739,
            -0.008502430174877952,
            -0.11260628528031776,
            1.3708418547240888,
            0.005118660759197119,
            0.005683083458861475,
            -0.05009607542185479,
            -0.14598098080198488,
            0.2810047681013881
        ],
        [
            -0.006898270966895735,
            -0.12869845164383206,
            -0.005392506197559627,
            -0.06527861905041787,
            0.001032061545853767,
            -0.24053161369621967,
            -0.2993107567009553,
            -0.020962172626313225,
            -0.2976665713701321,
            -0.0672547752149862,
            -0.5379824123186435,
            -0.4362795008214855,
            -0.021387255814607875,
            -0.04025503139042841,
            0.005118660759197119,
            -0.22685914314699773,
            -0.44888061977449845,
            0.08198613408249752,
            0.2357299184891198,
            0.03959163269754172
        ],
        [
            -0.1289345531738888,
            -0.19265937262705674,
            -0.007892116336595326,
            -0.11543445177456158,
            0.021606804086514858,
            -0.3372094066201825,
            -0.3090579818631578,
            -0.0002520912782507517,
            -0.1922298712057553,
            -0.07245228575817397,
            -0.5243721222762109,
            -0.3649482405266825,
            -0.06819357021858741,
            -0.08234725766144071,
            0.005683083458861475,
            -0.44888061977449845,
            -0.3080978625897757,
            0.07210527412606144,
            0.2122416842097783,
            0.03634672493060809
        ],
        [
            0.010541870308952815,
            0.029363938182776456,
            -0.0026501299423312475,
            0.016651865054797092,
            -0.0008492557881278155,
            0.05847418326463273,
            0.05487625090612775,
            -0.04284490581551062,
            0.06625261820817449,
            0.018549341894870036,
            0.02325517299168911,
            0.06582094708498493,
            0.19983753220853362,
            -0.30571936559938084,
            -0.05009607542185479,
            0.08198613408249752,
            0.07210527412606144,
            1.468555202204889,
            -0.07341322367185825,
            -0.01186091200362933
        ],
        [
            0.062328595872612996,
            0.1092769224540797,
            0.009079853818039748,
            0.084613502749777,
            -0.004308242350914312,
            0.23046484231188308,
            0.16944197228920965,
            0.007904438064077729,
            0.17023444795682396,
            0.06358839755864873,
            0.08837877400369432,
            0.20314209316788423,
            -0.2902859361808731,
            -0.5707850873776563,
            -0.14598098080198488,
            0.2357299184891198,
            0.2122416842097783,
            -0.07341322367185825,
            1.2783096511003962,
            -0.03575097259308515
        ],
        [
            0.007779128276108341,
            0.017451912871996822,
            0.0007139588648579123,
            0.008418319808875556,
            -0.005081934735049781,
            0.0447717067865889,
            0.02903401622955916,
            0.0014524991530924444,
            0.03952704026920037,
            -0.033826131345489036,
            0.018773224391567728,
            0.0357262857838503,
            -0.04427135021067771,
            -0.13653603923983573,
            0.2810047681013881,
            0.03959163269754172,
            0.03634672493060809,
            -0.01186091200362933,
            -0.03575097259308515,
            1.488003790893288
        ]
    ]
}