{
    "HF": -2.16498347016693,
    "coordinates": [
        [
            0.786002,
            -0.063523,
            -0.058323
        ],
        [
            1.590474,
            -0.117598,
            0.034798
        ],
        [
            2.364375,
            0.075414,
            0.188625
        ],
        [
            3.069468,
            0.113279,
            -0.1336
        ]
    ],
    "elements": [
        "H",
        "H",
        "H",
        "H"
    ],
    "Enn": 2.8974400411027657,
    "S": [
        [
            0.9999999999999999,
            0.6848602514927513,
            0.0,
            0.0,
            0.0,
            0.5137148270647106,
            0.543975379931412,
            -0.05921663058263847,
            -0.5115722687479337,
            0.03438686546274391,
            0.09556490915992571,
            0.27902737197591065,
            -0.019538256087631743,
            -0.12487914814375327,
            -0.010992543717897256,
            0.010540463348971404,
            0.10979779559485821,
            0.000407393190429502,
            -0.012357938002009825,
            -0.0009568384879088809
        ],
        [
            0.6848602514927513,
            1.0000000000000002,
            0.0,
            0.0,
            0.0,
            0.543975379931412,
            0.866317930400288,
            -0.01981827897446485,
            -0.17121004416990443,
            0.011508396983969103,
            0.27902737197591065,
            0.5711102132669175,
            -0.02574634963444623,
            -0.16455830017481346,
            -0.014485319092120844,
            0.10979779559485825,
            0.3185797645502862,
            0.002888182261758357,
            -0.0876106379973739,
            -0.006783431861569954
        ],
        [
            0.0,
            0.0,
            1.0000000000000004,
            0.0,
            0.0,
            0.05921663058263847,
            0.01981827897446485,
            0.41565131197571614,
            -0.08270061457479602,
            0.005558970023981065,
            0.01953825608763174,
            0.02574634963444622,
            0.02988378980980473,
            -0.03592835695755939,
            -0.0031626099347951517,
            -0.00040739319042950244,
            -0.0028881822617583563,
            0.0010795243654914974,
            0.0004889427709621844,
            3.785738863274344e-05
        ],
        [
            0.0,
            0.0,
            0.0,
            1.0000000000000004,
            0.0,
            0.5115722687479336,
            0.1712100441699046,
            -0.08270061457479605,
            -0.28922607186697635,
            0.048023922994084006,
            0.12487914814375321,
            0.16455830017481324,
            -0.03592835695755937,
            -0.19413175624832318,
            -0.02021388361360459,
            0.012357938002009834,
            0.08761063799737377,
            0.0004889427709621842,
            -0.013736034674780524,
            -0.0011483728069882717
        ],
        [
            0.0,
            0.0,
            0.0,
            0.0,
            1.0000000000000004,
            -0.034386865462743894,
            -0.011508396983969113,
            0.005558970023981064,
            0.04802392299408398,
            0.4219961820195642,
            0.010992543717897253,
            0.014485319092120828,
            -0.0031626099347951504,
            -0.020213883613604593,
            0.03372570775083134,
            0.0009568384879088816,
            0.006783431861569947,
            3.7857388632743425e-05,
            -0.0011483728069882717,
            0.0010067278079550943
        ],
        [
            0.5137148270647106,
            0.543975379931412,
            0.05921663058263847,
            0.5115722687479336,
            -0.0343868654627439,
            0.9999999999999999,
            0.6848602514927513,
            0.0,
            0.0,
            0.0,
            0.5131997706047624,
            0.5437723399687401,
            -0.09769605789082418,
            -0.49150719248094754,
            -0.12258258644856727,
            0.1235292010890995,
            0.3100606673568703,
            0.018209927993702097,
            -0.15993286287911634,
            -0.024966172670708435
        ],
        [
            0.543975379931412,
            0.866317930400288,
            0.01981827897446485,
            0.1712100441699046,
            -0.011508396983969113,
            0.6848602514927513,
            1.0000000000000002,
            0.0,
            0.0,
            0.0,
            0.5437723399687401,
            0.8661163482988188,
            -0.03272485937973822,
            -0.16463820654916742,
            -0.041061000725503574,
            0.3100606673568703,
            0.6100062360647505,
            0.019654051907076763,
            -0.17261621186863899,
            -0.026946095215799236
        ],
        [
            -0.05921663058263847,
            -0.01981827897446485,
            0.41565131197571614,
            -0.08270061457479605,
            0.005558970023981064,
            0.0,
            0.0,
            1.0000000000000004,
            0.0,
            0.0,
            0.09769605789082414,
            0.032724859379738215,
            0.39854864673336177,
            -0.13123990006994773,
            -0.032731416023885164,
            -0.01820992799370209,
            -0.019654051907076746,
            0.04870704530394788,
            0.03399686813638196,
            0.005307049876283105
        ],
        [
            -0.5115722687479337,
            -0.17121004416990476,
            -0.08270061457479602,
            -0.28922607186697646,
            0.04802392299408398,
            0.0,
            0.0,
            0.0,
            1.0000000000000004,
            0.0,
            0.49150719248094754,
            0.16463820654916736,
            -0.1312399000699478,
            -0.2356307065411664,
            -0.16467119291347268,
            0.15993286287911634,
            0.17261621186863896,
            0.03399686813638196,
            -0.24600735725957,
            -0.04661038091143278
        ],
        [
            0.03438686546274391,
            0.011508396983969103,
            0.005558970023981065,
            0.048023922994084006,
            0.4219961820195642,
            0.0,
            0.0,
            0.0,
            0.0,
            1.0000000000000004,
            0.12258258644856726,
            0.04106100072550354,
            -0.03273141602388517,
            -0.16467119291347268,
            0.3835657533418874,
            0.024966172670708425,
            0.02694609521579923,
            0.005307049876283109,
            -0.046610380911432804,
            0.04530185210285415
        ],
        [
            0.09556490915992571,
            0.27902737197591065,
            0.019538256087631743,
            0.12487914814375324,
            0.010992543717897256,
            0.5131997706047624,
            0.5437723399687401,
            0.09769605789082418,
            0.49150719248094754,
            0.12258258644856727,
            0.9999999999999999,
            0.6848602514927513,
            0.0,
            0.0,
            0.0,
            0.5417422226024979,
            0.5547940565882354,
            0.2191586885570983,
            -0.4795632157367994,
            -0.02575356891058896
        ],
        [
            0.27902737197591065,
            0.5711102132669175,
            0.02574634963444623,
            0.16455830017481338,
            0.014485319092120844,
            0.5437723399687401,
            0.8661163482988188,
            0.03272485937973824,
            0.16463820654916742,
            0.041061000725503574,
            0.6848602514927513,
            1.0000000000000002,
            0.0,
            0.0,
            0.0,
            0.5547940565882354,
            0.8770178948841227,
            0.07003379902205073,
            -0.15324801444287312,
            -0.008229745674513001
        ],
        [
            -0.01953825608763174,
            -0.025746349634446223,
            0.02988378980980473,
            -0.03592835695755938,
            -0.0031626099347951517,
            -0.09769605789082414,
            -0.032724859379738215,
            0.39854864673336177,
            -0.13123990006994773,
            -0.032731416023885164,
            0.0,
            0.0,
            1.0000000000000004,
            0.0,
            0.0,
            -0.21915868855709825,
            -0.07003379902205063,
            0.33417409586837477,
            0.26985112246870524,
            0.014491581610195427
        ],
        [
            -0.12487914814375324,
            -0.1645583001748134,
            -0.03592835695755937,
            -0.19413175624832318,
            -0.020213883613604593,
            -0.49150719248094754,
            -0.16463820654916736,
            -0.1312399000699478,
            -0.2356307065411664,
            -0.16467119291347268,
            0.0,
            0.0,
            0.0,
            1.0000000000000004,
            0.0,
            0.4795632157367994,
            0.15324801444287312,
            0.2698511224687054,
            -0.13299333807757827,
            -0.03171049034766865
        ],
        [
            -0.010992543717897253,
            -0.014485319092120828,
            -0.0031626099347951504,
            -0.02021388361360459,
            0.03372570775083134,
            -0.12258258644856726,
            -0.041061000725503546,
            -0.03273141602388517,
            -0.16467119291347268,
            0.3835657533418874,
            0.0,
            0.0,
            0.0,
            0.0,
            1.0000000000000004,
            0.02575356891058896,
            0.008229745674513,
            0.014491581610195436,
            -0.03171049034766865,
            0.4557921806039544
        ],
        [
            0.010540463348971404,
            0.10979779559485821,
            -0.000407393190429502,
            0.012357938002009823,
            0.0009568384879088809,
            0.1235292010890995,
            0.3100606673568703,
            -0.018209927993702097,
            0.15993286287911634,
            0.024966172670708435,
            0.5417422226024979,
            0.5547940565882354,
            -0.2191586885570983,
            0.4795632157367994,
            0.02575356891058896,
            0.9999999999999999,
            0.6848602514927513,
            0.0,
            0.0,
            0.0
        ],
        [
            0.10979779559485825,
            0.3185797645502862,
            -0.002888182261758357,
            0.08761063799737387,
            0.006783431861569952,
            0.3100606673568703,
            0.6100062360647505,
            -0.019654051907076763,
            0.17261621186863899,
            0.026946095215799236,
            0.5547940565882354,
            0.8770178948841227,
            -0.07003379902205073,
            0.15324801444287312,
            0.008229745674513001,
            0.6848602514927513,
            1.0000000000000002,
            0.0,
            0.0,
            0.0
        ],
        [
            0.00040739319042950244,
            0.0028881822617583563,
            0.0010795243654914974,
            0.0004889427709621844,
            3.785738863274344e-05,
            0.01820992799370209,
            0.019654051907076746,
            0.04870704530394788,
            0.03399686813638194,
            0.005307049876283105,
            0.21915868855709825,
            0.07003379902205063,
            0.33417409586837477,
            0.26985112246870524,
            0.014491581610195427,
            0.0,
            0.0,
            1.0000000000000004,
            0.0,
            0.0
        ],
        [
            -0.012357938002009832,
            -0.08761063799737374,
            0.0004889427709621842,
            -0.013736034674780524,
            -0.0011483728069882717,
            -0.15993286287911634,
            -0.17261621186863896,
            0.03399686813638198,
            -0.24600735725956993,
            -0.046610380911432804,
            -0.4795632157367994,
            -0.15324801444287312,
            0.2698511224687054,
            -0.13299333807757827,
            -0.03171049034766865,
            0.0,
            0.0,
            0.0,
            1.0000000000000004,
            0.0
        ],
        [
            -0.0009568384879088816,
            -0.006783431861569947,
            3.7857388632743425e-05,
            -0.0011483728069882717,
            0.0010067278079550943,
            -0.024966172670708425,
            -0.02694609521579923,
            0.005307049876283109,
            -0.04661038091143278,
            0.04530185210285415,
            -0.02575356891058896,
            -0.008229745674513,
            0.014491581610195436,
            -0.03171049034766865,
            0.4557921806039544,
            0.0,
            0.0,
            0.0,
            0.0,
            1.0000000000000004
        ]
    ],
    "h": [
        [
            -0.23640725564380838,
            -0.45359649533196955,
            -0.03232790503877162,
            -0.26107258112184256,
            0.016022952358721143,
            -0.5467112069362582,
            -0.4441470956870681,
            -0.003429865632607096,
            0.037573162339669675,
            -0.007762299568526088,
            -0.20915287584138909,
            -0.28811031123629505,
            0.03666092115961381,
            0.27643832062205637,
            0.04377477427108491,
            -0.00705875201455354,
            -0.12825800133132792,
            -0.004539219747760946,
            0.05876207909123561,
            0.006713236033676682
        ],
        [
            -0.45359649533196955,
            -0.30659980569408085,
            -0.028662730696320984,
            -0.22864064759793645,
            0.012787689237558844,
            -0.5190673305860929,
            -0.3619062449884449,
            0.0038053113888554674,
            0.11162831705593432,
            -0.03515714394426538,
            -0.30712137131289097,
            -0.29776264710844536,
            0.04796813947105708,
            0.1706443753221918,
            0.04079113004538956,
            -0.12822954309879595,
            -0.1895475107447792,
            -0.02961738499087666,
            0.10827838697334839,
            0.009859363969069525
        ],
        [
            -0.03232790503877162,
            -0.028662730696320984,
            1.491631476009032,
            -0.030321883064598567,
            0.0016102590205394067,
            -0.011319422235703883,
            -0.02729587424862174,
            0.32298482161017256,
            -0.11445730168239818,
            0.005734233293808896,
            -0.02898451708981659,
            -0.021137345367499873,
            -0.03608223540917031,
            0.03330631162132261,
            0.005740473932568163,
            -0.003143944414980286,
            -0.011192833242305987,
            -0.004426957736412896,
            0.00247442045664132,
            0.00026996326105380126
        ],
        [
            -0.26107258112184256,
            -0.22864064759793645,
            -0.030321883064598567,
            1.2448046213075097,
            0.01454498480573297,
            -0.073067408206409,
            -0.21504452481709901,
            -0.12007618125403388,
            -0.6570975334243412,
            0.052712091199926786,
            -0.21486350582318742,
            -0.17086266398525793,
            0.04470647268160867,
            0.20178465966901526,
            0.04295892908765711,
            -0.056764979478069716,
            -0.10843155240704824,
            -0.009185475852570724,
            0.07662049336361573,
            0.007389549017360501
        ],
        [
            0.016022952358721143,
            0.012787689237558844,
            0.0016102590205394067,
            0.01454498480573297,
            1.4941895473851692,
            -0.0006812224420773838,
            0.009803827872938453,
            0.0074089987619541265,
            0.06361715736835537,
            0.33194312790043823,
            -0.0042238355356542,
            0.007405838745945421,
            0.0002670153482448095,
            -0.0013620185654391603,
            -0.04249617398602376,
            -0.004047102232463294,
            0.0005537325633928024,
            -0.000524933562147471,
            0.0040503957588622205,
            -0.0034302813119629445
        ],
        [
            -0.5467112069362582,
            -0.5190673305860929,
            -0.011319422235703883,
            -0.073067408206409,
            -0.0006812224420773838,
            -0.4041350116120621,
            -0.5841949175634712,
            -0.011369553348825227,
            0.042993823226092215,
            -0.06630321978483183,
            -0.4993122263382228,
            -0.49325883377922586,
            0.033717290585661724,
            0.048374857172104324,
            0.01176372352649696,
            -0.24732526059786267,
            -0.33019481139796864,
            -0.05924397452431011,
            0.22808253818754232,
            0.02523820463126617
        ],
        [
            -0.4441470956870681,
            -0.3619062449884449,
            -0.02729587424862174,
            -0.21504452481709901,
            0.009803827872938453,
            -0.5841949175634712,
            -0.4344051001641933,
            -0.009821277365240971,
            0.006326932604428584,
            -0.05958620301012717,
            -0.49929835428792035,
            -0.4070570287447828,
            0.08757057819963705,
            0.10813415524338432,
            0.04181603230462941,
            -0.3153916308054393,
            -0.31296297889034697,
            -0.0689032362964643,
            0.17669698767635522,
            0.013222327367425797
        ],
        [
            -0.003429865632607096,
            0.0038053113888554674,
            0.32298482161017256,
            -0.12007618125403388,
            0.0074089987619541265,
            -0.011369553348825227,
            -0.009821277365240971,
            1.4062661258403917,
            -0.06745266958654664,
            -0.008301480504154508,
            0.0035519291736489933,
            -0.018492788858436894,
            0.28850999871348193,
            -0.18427716772454317,
            -0.04503019030583774,
            -0.013744860630377408,
            -0.023547709615207434,
            -0.052281911276500545,
            0.022549984086696888,
            0.002178447918923094
        ],
        [
            0.037573162339669675,
            0.11162831705593432,
            -0.11445730168239818,
            -0.6570975334243412,
            0.06361715736835537,
            0.042993823226092215,
            0.006326932604428584,
            -0.06745266958654664,
            0.9083119524293051,
            -0.043274081843156176,
            -0.07367735070923787,
            -0.12187969172077423,
            -0.1458771058079319,
            -0.703339235554956,
            -0.23240860918663747,
            -0.3002349797842202,
            -0.1781705242495735,
            -0.07525625832788549,
            0.14501690915586962,
            0.014498357757361371
        ],
        [
            -0.007762299568526088,
            -0.03515714394426538,
            0.005734233293808896,
            0.052712091199926786,
            0.33194312790043823,
            -0.06630321978483183,
            -0.05958620301012717,
            -0.008301480504154508,
            -0.043274081843156176,
            1.402616277235789,
            -0.022184988372696557,
            -0.057658566853875506,
            -0.03666754545272556,
            -0.2275269831541697,
            0.26925069516564726,
            -0.05520858576404745,
            -0.04885732419829074,
            -0.0159033476704394,
            0.04383525610020125,
            -0.041435670731460345
        ],
        [
            -0.20915287584138909,
            -0.30712137131289097,
            -0.02898451708981659,
            -0.21486350582318742,
            -0.0042238355356542,
            -0.4993122263382228,
            -0.49929835428792035,
            0.0035519291736489933,
            -0.07367735070923787,
            -0.022184988372696557,
            -0.4281130335907557,
            -0.590185331860281,
            0.14973342039354715,
            -0.04908064347191804,
            0.03650519244731122,
            -0.578885211089493,
            -0.5369400485975538,
            -0.02166002994104943,
            0.08009308240466573,
            0.00971794220994944
        ],
        [
            -0.28811031123629505,
            -0.29776264710844536,
            -0.021137345367499873,
            -0.17086266398525793,
            0.007405838745945421,
            -0.49325883377922586,
            -0.4070570287447828,
            -0.018492788858436894,
            -0.12187969172077423,
            -0.057658566853875506,
            -0.590185331860281,
            -0.429441410462682,
            0.1235652364935704,
            -0.00766687440293376,
            0.03426168616381897,
            -0.46393418334632475,
            -0.3702136565356309,
            -0.08731221757787748,
            0.2189736393589113,
            0.016348247208555253
        ],
        [
            0.03666092115961381,
            0.04796813947105708,
            -0.03608223540917031,
            0.04470647268160867,
            0.0002670153482448095,
            0.033717290585661724,
            0.08757057819963705,
            0.28850999871348193,
            -0.1458771058079319,
            -0.03666754545272556,
            0.14973342039354715,
            0.1235652364935704,
            1.354127473843292,
            0.05634534557068901,
            -0.005231875453802145,
            0.02428279055644994,
            0.10544914210211769,
            0.2111277464929493,
            0.3528774541790708,
            0.01707899790587262
        ],
        [
            0.27643832062205637,
            0.1706443753221918,
            0.03330631162132261,
            0.20178465966901526,
            -0.0013620185654391603,
            0.048374857172104324,
            0.10813415524338432,
            -0.18427716772454317,
            -0.703339235554956,
            -0.2275269831541697,
            -0.04908064347191804,
            -0.00766687440293376,
            0.05634534557068901,
            0.9381727498391341,
            -0.06793964552980451,
            -0.019775931766264798,
            -0.09521560932302306,
            0.3785819015378609,
            -0.47408094094544495,
            -0.04808213522844318
        ],
        [
            0.04377477427108491,
            0.04079113004538956,
            0.005740473932568163,
            0.04295892908765711,
            -0.04249617398602376,
            0.01176372352649696,
            0.04181603230462941,
            -0.04503019030583774,
            -0.23240860918663747,
            0.26925069516564726,
            0.03650519244731122,
            0.03426168616381897,
            -0.005231875453802145,
            -0.06793964552980451,
            1.3933528762127705,
            0.006751367206359816,
            0.014660366050122357,
            0.022738559268861973,
            -0.057357681270803096,
            0.37378109266771264
        ],
        [
            -0.00705875201455354,
            -0.12822954309879595,
            -0.003143944414980286,
            -0.056764979478069716,
            -0.004047102232463294,
            -0.24732526059786267,
            -0.3153916308054393,
            -0.013744860630377408,
            -0.3002349797842202,
            -0.05520858576404745,
            -0.578885211089493,
            -0.46393418334632475,
            0.02428279055644994,
            -0.019775931766264798,
            0.006751367206359816,
            -0.2671780557613921,
            -0.4681916881969357,
            -0.11556847513781536,
            0.2616857255079801,
            0.016449399583236803
        ],
        [
            -0.12825800133132792,
            -0.1895475107447792,
            -0.011192833242305987,
            -0.10843155240704824,
            0.0005537325633928024,
            -0.33019481139796864,
            -0.31296297889034697,
            -0.023547709615207434,
            -0.1781705242495735,
            -0.04885732419829074,
            -0.5369400485975538,
            -0.3702136565356309,
            0.10544914210211769,
            -0.09521560932302306,
            0.014660366050122357,
            -0.4681916881969357,
            -0.3164449623631156,
            -0.09589807390985264,
            0.22579961369789117,
            0.015306931033832839
        ],
        [
            -0.004539219747760946,
            -0.02961738499087666,
            -0.004426957736412896,
            -0.009185475852570724,
            -0.000524933562147471,
            -0.05924397452431011,
            -0.0689032362964643,
            -0.052281911276500545,
            -0.07525625832788549,
            -0.0159033476704394,
            -0.02166002994104943,
            -0.08731221757787748,
            0.2111277464929493,
            0.3785819015378609,
            0.022738559268861973,
            -0.11556847513781536,
            -0.09589807390985264,
            1.4312358602265665,
            0.10055479932783976,
            0.005741739180859874
        ],
        [
            0.05876207909123561,
            0.10827838697334839,
            0.00247442045664132,
            0.07662049336361573,
            0.0040503957588622205,
            0.22808253818754232,
            0.17669698767635522,
            0.022549984086696888,
            0.14501690915586962,
            0.04383525610020125,
            0.08009308240466573,
            0.2189736393589113,
            0.3528774541790708,
            -0.47408094094544495,
            -0.057357681270803096,
            0.2616857255079801,
            0.22579961369789117,
            0.10055479932783976,
            1.240563798895346,
            -0.015287795912632494
        ],
        [
            0.006713236033676682,
            0.009859363969069525,
            0.00026996326105380126,
            0.007389549017360501,
            -0.0034302813119629445,
            0.02523820463126617,
            0.013222327367425797,
            0.002178447918923094,
            0.014498357757361371,
            -0.041435670731460345,
            0.00971794220994944,
            0.016348247208555253,
            0.01707899790587262,
            -0.04808213522844318,
            0.37378109266771264,
            0.016449399583236803,
            0.015306931033832839,
            0.005741739180859874,
            -0.015287795912632494,
            1.4752391060730372
        ]
    ]
}