{
    "HF": -2.1187735387922513,
    "coordinates": [
        [
            0.663951,
            -0.160467,
            -0.118728
        ],
        [
            1.375674,
            -0.122463,
            0.072232
        ],
        [
            2.064083,
            -0.194417,
            -0.080109
        ],
        [
            2.733513,
            -0.017032,
            0.000833
        ]
    ],
    "elements": [
        "H",
        "H",
        "H",
        "H"
    ],
    "Enn": 3.243147968208443,
    "S": [
        [
            0.9999999999999999,
            0.6848602514927513,
            0.0,
            0.0,
            0.0,
            0.5724289023814224,
            0.5661466723281939,
            -0.13925263267205912,
            -0.5190055586680768,
            -0.027713432405053078,
            0.16057689667093775,
            0.3449930487838304,
            -0.005754522991976637,
            -0.20863025417028486,
            0.005058806690427168,
            0.022482234414628436,
            0.15188644083496325,
            -0.0016315560206520397,
            -0.028241703742965318,
            -0.0019573459390790082
        ],
        [
            0.6848602514927513,
            1.0000000000000002,
            0.0,
            0.0,
            0.0,
            0.5661466723281939,
            0.8881609130960524,
            -0.04241128263874693,
            -0.15807019958890298,
            -0.008440502646642973,
            0.3449930487838304,
            0.6520637222912683,
            -0.0050524953622854,
            -0.18317823963819313,
            0.004441653526750817,
            0.1518864408349632,
            0.39039290565211165,
            -0.006497507935027751,
            -0.11246974780264377,
            -0.007794933554091256
        ],
        [
            0.0,
            0.0,
            1.0000000000000004,
            0.0,
            0.0,
            0.13925263267205912,
            0.04241128263874695,
            0.4465471989220259,
            -0.17403896349030515,
            -0.009293189581460139,
            0.005754522991976632,
            0.0050524953622853985,
            0.07792314081046332,
            -0.01098129218607565,
            0.0002662712299392259,
            0.001631556020652038,
            0.00649750793502774,
            0.0035426571266773056,
            -0.0023634877272318373,
            -0.0001638060914123368
        ],
        [
            0.0,
            0.0,
            0.0,
            1.0000000000000004,
            0.0,
            0.5190055586680768,
            0.15807019958890295,
            -0.17403896349030515,
            -0.15541395388709625,
            -0.034636451447871565,
            0.20863025417028486,
            0.18317823963819296,
            -0.010981292186075646,
            -0.31990076108316085,
            0.009653664510144445,
            0.028241703742965297,
            0.11246974780264368,
            -0.0023634877272318373,
            -0.03723200482633171,
            -0.0028354301331997775
        ],
        [
            0.0,
            0.0,
            0.0,
            0.0,
            1.0000000000000004,
            0.0277134324050531,
            0.008440502646642948,
            -0.009293189581460146,
            -0.0346364514478716,
            0.4913935180198824,
            -0.005058806690427167,
            -0.004441653526750815,
            0.0002662712299392259,
            0.009653664510144447,
            0.07799195190314219,
            0.0019573459390790065,
            0.007794933554091254,
            -0.00016380609141233686,
            -0.002835430133199779,
            0.003482683583966363
        ],
        [
            0.5724289023814224,
            0.5661466723281939,
            0.13925263267205912,
            0.5190055586680768,
            0.0277134324050531,
            0.9999999999999999,
            0.6848602514927513,
            0.0,
            0.0,
            0.0,
            0.5960357415988231,
            0.5745524260563274,
            0.11690738037046139,
            -0.5282891198918803,
            0.05521792325884812,
            0.17552083425889095,
            0.35762498553633193,
            0.011866384216788475,
            -0.22567037743581625,
            -0.017522440851555705
        ],
        [
            0.5661466723281939,
            0.8881609130960524,
            0.04241128263874693,
            0.15807019958890298,
            0.00844050264664295,
            0.6848602514927513,
            1.0000000000000002,
            0.0,
            0.0,
            0.0,
            0.5745524260563274,
            0.8963567571467781,
            0.03437065338482865,
            -0.15531647505265486,
            0.016234014439001715,
            0.35762498553633204,
            0.66687010156489,
            0.009707267047613188,
            -0.18460910910046438,
            -0.014334190564250287
        ],
        [
            -0.13925263267205912,
            -0.04241128263874696,
            0.4465471989220259,
            -0.17403896349030515,
            -0.009293189581460146,
            0.0,
            0.0,
            1.0000000000000004,
            0.0,
            0.0,
            -0.11690738037046133,
            -0.03437065338482861,
            0.48960366645889675,
            0.1418496835121114,
            -0.014826436213690512,
            -0.011866384216788473,
            -0.009707267047613188,
            0.0882414716877157,
            0.02250771757512134,
            0.001747638101175926
        ],
        [
            -0.5190055586680768,
            -0.15807019958890295,
            -0.17403896349030515,
            -0.15541395388709625,
            -0.0346364514478716,
            0.0,
            0.0,
            0.0,
            1.0000000000000004,
            0.0,
            0.5282891198918803,
            0.15531647505265483,
            0.14184968351211155,
            -0.12000592129418611,
            0.06699872081337577,
            0.22567037743581625,
            0.1846091091004641,
            0.02250771757512134,
            -0.33861821314144386,
            -0.03323591607253068
        ],
        [
            -0.027713432405053078,
            -0.008440502646642948,
            -0.009293189581460139,
            -0.034636451447871565,
            0.4913935180198824,
            0.0,
            0.0,
            0.0,
            0.0,
            1.0000000000000004,
            -0.055217923258848084,
            -0.01623401443900169,
            -0.01482643621369051,
            0.06699872081337568,
            0.5139913439565951,
            0.0175224408515557,
            0.01433419056425028,
            0.001747638101175926,
            -0.03323591607253068,
            0.08684434924514564
        ],
        [
            0.16057689667093775,
            0.3449930487838304,
            0.005754522991976637,
            0.20863025417028486,
            -0.005058806690427168,
            0.5960357415988231,
            0.5745524260563274,
            -0.11690738037046139,
            0.5282891198918803,
            -0.055217923258848084,
            0.9999999999999999,
            0.6848602514927513,
            0.0,
            0.0,
            0.0,
            0.6053737182660519,
            0.5778025622960505,
            -0.06334544647785344,
            -0.5238978804041093,
            -0.13882202099619517
        ],
        [
            0.3449930487838304,
            0.6520637222912683,
            0.0050524953622854,
            0.18317823963819313,
            -0.004441653526750817,
            0.5745524260563274,
            0.8963567571467781,
            -0.03437065338482865,
            0.15531647505265486,
            -0.016234014439001694,
            0.6848602514927513,
            1.0000000000000002,
            0.0,
            0.0,
            0.0,
            0.5778025622960505,
            0.8995134788777932,
            -0.01837213733513969,
            -0.15194657775027265,
            -0.04026267674623495
        ],
        [
            -0.005754522991976632,
            -0.0050524953622853985,
            0.07792314081046332,
            -0.010981292186075646,
            0.0002662712299392259,
            0.11690738037046133,
            0.03437065338482861,
            0.48960366645889675,
            0.14184968351211152,
            -0.014826436213690506,
            0.0,
            0.0,
            1.0000000000000004,
            0.0,
            0.0,
            0.06334544647785342,
            0.01837213733513968,
            0.5229744893319426,
            -0.07484145659232662,
            -0.019831426404000197
        ],
        [
            -0.20863025417028477,
            -0.18317823963819307,
            -0.01098129218607565,
            -0.3199007610831608,
            0.009653664510144447,
            -0.5282891198918803,
            -0.15531647505265483,
            0.14184968351211147,
            -0.12000592129418644,
            0.06699872081337568,
            0.0,
            0.0,
            0.0,
            1.0000000000000004,
            0.0,
            0.5238978804041097,
            0.15194657775027223,
            -0.07484145659232656,
            -0.08695181077366194,
            -0.1640156133729071
        ],
        [
            0.005058806690427167,
            0.004441653526750815,
            0.0002662712299392259,
            0.009653664510144445,
            0.07799195190314219,
            0.05521792325884812,
            0.01623401443900171,
            -0.014826436213690517,
            0.06699872081337577,
            0.5139913439565951,
            0.0,
            0.0,
            0.0,
            0.0,
            1.0000000000000004,
            0.1388220209961952,
            0.04026267674623496,
            -0.019831426404000204,
            -0.1640156133729073,
            0.4885629864135537
        ],
        [
            0.022482234414628436,
            0.15188644083496325,
            0.0016315560206520397,
            0.028241703742965318,
            0.0019573459390790082,
            0.17552083425889095,
            0.35762498553633193,
            -0.011866384216788477,
            0.22567037743581625,
            0.017522440851555705,
            0.6053737182660519,
            0.5778025622960505,
            0.06334544647785342,
            0.5238978804041097,
            0.13882202099619517,
            0.9999999999999999,
            0.6848602514927513,
            0.0,
            0.0,
            0.0
        ],
        [
            0.1518864408349632,
            0.39039290565211165,
            0.006497507935027749,
            0.11246974780264377,
            0.00779493355409126,
            0.35762498553633204,
            0.66687010156489,
            -0.009707267047613191,
            0.18460910910046416,
            0.014334190564250284,
            0.5778025622960505,
            0.8995134788777932,
            0.018372137335139684,
            0.15194657775027226,
            0.04026267674623497,
            0.6848602514927513,
            1.0000000000000002,
            0.0,
            0.0,
            0.0
        ],
        [
            -0.001631556020652038,
            -0.006497507935027741,
            0.0035426571266773056,
            -0.0023634877272318373,
            -0.0001638060914123368,
            0.011866384216788475,
            0.009707267047613188,
            0.0882414716877157,
            0.02250771757512134,
            0.001747638101175926,
            -0.06334544647785342,
            -0.018372137335139673,
            0.5229744893319426,
            -0.07484145659232656,
            -0.019831426404000197,
            0.0,
            0.0,
            1.0000000000000004,
            0.0,
            0.0
        ],
        [
            -0.028241703742965297,
            -0.11246974780264368,
            -0.0023634877272318373,
            -0.03723200482633171,
            -0.0028354301331997775,
            -0.22567037743581625,
            -0.18460910910046432,
            0.02250771757512134,
            -0.33861821314144386,
            -0.03323591607253068,
            -0.5238978804041092,
            -0.1519465777502726,
            -0.07484145659232662,
            -0.08695181077366178,
            -0.1640156133729072,
            0.0,
            0.0,
            0.0,
            1.0000000000000004,
            0.0
        ],
        [
            -0.0019573459390790065,
            -0.007794933554091253,
            -0.00016380609141233686,
            -0.002835430133199779,
            0.003482683583966363,
            -0.0175224408515557,
            -0.014334190564250284,
            0.001747638101175926,
            -0.03323591607253068,
            0.08684434924514564,
            -0.1388220209961952,
            -0.040262676746234974,
            -0.019831426404000204,
            -0.16401561337290718,
            0.4885629864135537,
            0.0,
            0.0,
            0.0,
            0.0,
            1.0000000000000004
        ]
    ],
    "h": [
        [
            -0.2906167922691145,
            -0.4786219673065626,
            -0.075636459215487,
            -0.3016304902971265,
            -0.01314914795378046,
            -0.6033305565481188,
            -0.47189863035784163,
            0.021001037354476337,
            0.01060123432508131,
            0.010117945235712758,
            -0.3002243710231236,
            -0.3419582604622968,
            -0.03017094856754935,
            0.3520771210151686,
            -0.015672271241485396,
            -0.038922650804544816,
            -0.1741818963179802,
            0.0022009554803802322,
            0.10788898113418219,
            0.009807297136025274
        ],
        [
            -0.4786219673065626,
            -0.31895128324141697,
            -0.060140108631940956,
            -0.2542913796551669,
            -0.010019967405743277,
            -0.5633274801000446,
            -0.3739430746879655,
            0.08283041464903501,
            0.09062594442983274,
            0.024009750173273538,
            -0.3815780848616872,
            -0.3288695163513806,
            -0.04382816900938087,
            0.2061867016813852,
            -0.030996857097393665,
            -0.17664371344565216,
            -0.22592896461472978,
            0.008065045886238683,
            0.1506762599607081,
            0.02658449249793609
        ],
        [
            -0.075636459215487,
            -0.060140108631940956,
            1.4625697548840604,
            -0.06979476542209422,
            -0.003618628485177415,
            -0.008366173057783699,
            -0.053874071729818805,
            0.36729728693590824,
            -0.25233419774102284,
            -0.012180136208427797,
            -0.04025317388329114,
            -0.045619443825469216,
            -0.05226636203009985,
            0.05559011715175134,
            -0.003951098031815778,
            -0.007520545202807839,
            -0.02418248882575731,
            -0.010122674590337583,
            0.01421968995444629,
            0.0012855889612192984
        ],
        [
            -0.3016304902971265,
            -0.2542913796551669,
            -0.06979476542209422,
            1.1905675873075847,
            -0.012461341612626813,
            -0.09328076873085633,
            -0.2491491502257071,
            -0.22276132854217606,
            -0.5477950221205827,
            -0.03918572090084618,
            -0.2796052053596778,
            -0.20917059853699893,
            -0.0449265020099642,
            0.1063619758051817,
            -0.021397126044629337,
            -0.10645265389008994,
            -0.14549171631719993,
            0.007058115270983079,
            0.1458386083105077,
            0.016304040824401966
        ],
        [
            -0.01314914795378046,
            -0.010019967405743277,
            -0.003618628485177415,
            -0.012461341612626813,
            1.4804085816004389,
            0.001205443354369444,
            -0.008508395871522273,
            -0.013582835993419556,
            -0.05014632981227002,
            0.4292555663675971,
            -0.004446561068198963,
            -0.00776440034864349,
            -0.0009604427228336514,
            0.011838233284669195,
            -0.04540811704672007,
            -0.0034747312073599413,
            -0.004393814505301168,
            0.00026344347387943453,
            0.007480015714608006,
            -0.009811758018090864
        ],
        [
            -0.6033305565481188,
            -0.5633274801000446,
            -0.008366173057783699,
            -0.09328076873085633,
            0.001205443354369444,
            -0.5052773094420466,
            -0.6285493688884016,
            0.12953843825148875,
            0.007617893793870484,
            0.04024147459867872,
            -0.5965457698363956,
            -0.5561783726691609,
            -0.010316238948100437,
            0.053541831066910905,
            -0.020426103730023987,
            -0.32364795562270243,
            -0.3914218293309911,
            0.010208737164785701,
            0.29145629045541555,
            0.0490658942735355
        ],
        [
            -0.47189863035784163,
            -0.3739430746879655,
            -0.053874071729818805,
            -0.2491491502257071,
            -0.008508395871522273,
            -0.6285493688884016,
            -0.4428531496012933,
            0.1016664457750805,
            -0.025182996331211696,
            0.029818100615208044,
            -0.5612754022828816,
            -0.42629713635060185,
            -0.0591958841456842,
            0.13727011795514538,
            -0.05619326695979887,
            -0.358058875622389,
            -0.3345852716815083,
            0.01796047970679743,
            0.22171021930696222,
            0.04918978158834282
        ],
        [
            0.021001037354476337,
            0.08283041464903501,
            0.36729728693590824,
            -0.22276132854217606,
            -0.013582835993419556,
            0.12953843825148875,
            0.1016664457750805,
            1.3532085609073545,
            -0.01073481178809799,
            -0.009786318599559182,
            0.024865717801738296,
            0.08055209273536815,
            0.4145744224568064,
            0.1809758054195098,
            -0.01782065467119845,
            0.04261269506612704,
            0.05525392516039788,
            -0.04630768818118877,
            -0.044366795355712536,
            -0.009684101476061004
        ],
        [
            0.01060123432508131,
            0.09062594442983274,
            -0.25233419774102284,
            -0.5477950221205827,
            -0.05014632981227002,
            0.007617893793870484,
            -0.025182996331211696,
            -0.01073481178809799,
            0.7622173588001944,
            0.008430063321759574,
            -0.07251991907279698,
            -0.14785870961288,
            0.1905030312070513,
            -0.6797037036098598,
            0.06594781858752524,
            -0.36692847744421664,
            -0.21216722600527282,
            0.03150792235257867,
            0.07989023467293943,
            0.0523026674741595
        ],
        [
            0.010117945235712758,
            0.024009750173273538,
            -0.012180136208427797,
            -0.03918572090084618,
            0.4292555663675971,
            0.04024147459867872,
            0.029818100615208044,
            -0.009786318599559182,
            0.008430063321759574,
            1.381198861711451,
            -0.0022101925373580744,
            0.022838161925048124,
            -0.021644540689910733,
            0.08685530879473932,
            0.4464921585484508,
            0.004850739315317654,
            0.016716072981305403,
            5.641335604816226e-05,
            -0.028380245759038615,
            -0.046454754317003466
        ],
        [
            -0.3002243710231236,
            -0.3815780848616872,
            -0.04025317388329114,
            -0.2796052053596778,
            -0.004446561068198963,
            -0.5965457698363956,
            -0.5612754022828816,
            0.024865717801738296,
            -0.07251991907279698,
            -0.0022101925373580744,
            -0.5335059352804596,
            -0.6378007779577386,
            -0.09163137205922767,
            -0.03207517539780655,
            -0.10414842552876646,
            -0.6335627836822131,
            -0.5786188089994613,
            -0.002734322797852573,
            0.09612028345251367,
            0.011330219335370595
        ],
        [
            -0.3419582604622968,
            -0.3288695163513806,
            -0.045619443825469216,
            -0.20917059853699893,
            -0.00776440034864349,
            -0.5561783726691609,
            -0.42629713635060185,
            0.08055209273536815,
            -0.14785870961288,
            0.022838161925048124,
            -0.6378007779577386,
            -0.44239299641019514,
            -0.07013825001468554,
            0.014481903910246854,
            -0.07853237802351164,
            -0.4880057943380809,
            -0.37690800984758654,
            0.020681172298064463,
            0.26313217653953735,
            0.058665100768024954
        ],
        [
            -0.03017094856754935,
            -0.04382816900938087,
            -0.05226636203009985,
            -0.0449265020099642,
            -0.0009604427228336514,
            -0.010316238948100437,
            -0.0591958841456842,
            0.4145744224568064,
            0.1905030312070513,
            -0.021644540689910733,
            -0.09163137205922767,
            -0.07013825001468554,
            1.3597496236547009,
            0.02338375079573485,
            -0.015076655307631312,
            -0.018672745430283924,
            -0.05424817431399821,
            0.4749831746872508,
            -0.08530207425405717,
            -0.025924031919344996
        ],
        [
            0.3520771210151686,
            0.2061867016813852,
            0.05559011715175134,
            0.1063619758051817,
            0.011838233284669195,
            0.053541831066910905,
            0.13727011795514538,
            0.1809758054195098,
            -0.6797037036098598,
            0.08685530879473932,
            -0.03207517539780655,
            0.014481903910246854,
            0.02338375079573485,
            0.7480316654990788,
            -0.04755772071601148,
            0.003678795905312282,
            -0.0920711303953563,
            -0.10936920400531455,
            -0.47769808254892643,
            -0.24601407540649545
        ],
        [
            -0.015672271241485396,
            -0.030996857097393665,
            -0.003951098031815778,
            -0.021397126044629337,
            -0.04540811704672007,
            -0.020426103730023987,
            -0.05619326695979887,
            -0.01782065467119845,
            0.06594781858752524,
            0.4464921585484508,
            -0.10414842552876646,
            -0.07853237802351164,
            -0.015076655307631312,
            -0.04755772071601148,
            1.3543264761726834,
            -0.014220673976472975,
            -0.0703531576083446,
            -0.029479115620760332,
            -0.2222969089313825,
            0.4269884509889249
        ],
        [
            -0.038922650804544816,
            -0.17664371344565216,
            -0.007520545202807839,
            -0.10645265389008994,
            -0.0034747312073599413,
            -0.32364795562270243,
            -0.358058875622389,
            0.04261269506612704,
            -0.36692847744421664,
            0.004850739315317654,
            -0.6335627836822131,
            -0.4880057943380809,
            -0.018672745430283924,
            0.003678795905312282,
            -0.014220673976472975,
            -0.3232134346425506,
            -0.4919323118529646,
            0.033266591103428306,
            0.32388566265833907,
            0.08151551835748322
        ],
        [
            -0.1741818963179802,
            -0.22592896461472978,
            -0.02418248882575731,
            -0.14549171631719993,
            -0.004393814505301168,
            -0.3914218293309911,
            -0.3345852716815083,
            0.05525392516039788,
            -0.21216722600527282,
            0.016716072981305403,
            -0.5786188089994613,
            -0.37690800984758654,
            -0.05424817431399821,
            -0.0920711303953563,
            -0.0703531576083446,
            -0.4919323118529646,
            -0.32336522208750074,
            0.02435765863108174,
            0.2654817354567346,
            0.06348888826569125
        ],
        [
            0.0022009554803802322,
            0.008065045886238683,
            -0.010122674590337583,
            0.007058115270983079,
            0.00026344347387943453,
            0.010208737164785701,
            0.01796047970679743,
            -0.04630768818118877,
            0.03150792235257867,
            5.641335604816226e-05,
            -0.002734322797852573,
            0.020681172298064463,
            0.4749831746872508,
            -0.10936920400531455,
            -0.029479115620760332,
            0.033266591103428306,
            0.02435765863108174,
            1.4635848586612041,
            -0.03025441138384922,
            -0.008483162645180134
        ],
        [
            0.10788898113418219,
            0.1506762599607081,
            0.01421968995444629,
            0.1458386083105077,
            0.007480015714608006,
            0.29145629045541555,
            0.22171021930696222,
            -0.044366795355712536,
            0.07989023467293943,
            -0.028380245759038615,
            0.09612028345251367,
            0.26313217653953735,
            -0.08530207425405717,
            -0.47769808254892643,
            -0.2222969089313825,
            0.32388566265833907,
            0.2654817354567346,
            -0.03025441138384922,
            1.1565973300177532,
            -0.0751320357993267
        ],
        [
            0.009807297136025274,
            0.02658449249793609,
            0.0012855889612192984,
            0.016304040824401966,
            -0.009811758018090864,
            0.0490658942735355,
            0.04918978158834282,
            -0.009684101476061004,
            0.0523026674741595,
            -0.046454754317003466,
            0.011330219335370595,
            0.058665100768024954,
            -0.025924031919344996,
            -0.24601407540649545,
            0.4269884509889249,
            0.08151551835748322,
            0.06348888826569125,
            -0.008483162645180134,
            -0.0751320357993267,
            1.448272769050067
        ]
    ]
}