{
    "HF": -2.128093075484204,
    "coordinates": [
        [
            0.72961,
            0.156225,
            0.059777
        ],
        [
            1.498555,
            -0.128803,
            -0.005728
        ],
        [
            2.185237,
            0.01754,
            -0.129828
        ],
        [
            2.941421,
            0.145015,
            0.085848
        ]
    ],
    "elements": [
        "H",
        "H",
        "H",
        "H"
    ],
    "Enn": 3.0074728957677928,
    "S": [
        [
            0.9999999999999999,
            0.6848602514927513,
            0.0,
            0.0,
            0.0,
            0.5050970035845401,
            0.5405574176379914,
            0.040772508472972445,
            -0.4786171517861203,
            0.17741098458185472,
            0.13397328518176088,
            0.3205112062959523,
            0.02263763833466667,
            -0.17379266146027708,
            0.016558112246213168,
            0.014085282002310802,
            0.1243583877623189,
            -0.00020112682096259688,
            -0.017063193394963837,
            8.648044428639896e-05
        ],
        [
            0.6848602514927513,
            1.0000000000000002,
            0.0,
            0.0,
            0.0,
            0.5405574176379914,
            0.8629206830338015,
            0.013847466697011677,
            -0.16255156521385627,
            0.06025365602191965,
            0.3205112062959523,
            0.6227684498729869,
            0.022927950919545907,
            -0.17602143621299993,
            0.016770458971426008,
            0.12435838776231894,
            0.3444358089485793,
            -0.0011433002221521483,
            -0.09699528240798441,
            0.0004915958532593927
        ],
        [
            0.0,
            0.0,
            1.0000000000000004,
            0.0,
            0.0,
            -0.040772508472972445,
            -0.01384746669701167,
            0.41075633685034024,
            0.05431894031547037,
            -0.020134624609351635,
            -0.02263763833466667,
            -0.022927950919545918,
            0.053930819988228185,
            0.042620730259154894,
            -0.004060694103634309,
            0.00020112682096259677,
            0.001143300222152146,
            0.0017412202656699443,
            -0.00026113109899910606,
            1.3234763819241245e-06
        ],
        [
            0.0,
            0.0,
            0.0,
            1.0000000000000004,
            0.0,
            0.4786171517861202,
            0.16255156521385608,
            0.0543189403154704,
            -0.22225128571543257,
            0.23635476559404475,
            0.17379266146027703,
            0.17602143621299995,
            0.04262073025915489,
            -0.26772350760590324,
            0.03117457860283693,
            0.01706319339496385,
            0.09699528240798443,
            -0.0002611310989991065,
            -0.02040953692560313,
            0.00011228106400905156
        ],
        [
            0.0,
            0.0,
            0.0,
            0.0,
            1.0000000000000004,
            -0.17741098458185467,
            -0.060253656021919594,
            -0.020134624609351635,
            0.23635476559404459,
            0.3277730754436408,
            -0.016558112246213164,
            -0.016770458971426,
            -0.004060694103634308,
            0.03117457860283693,
            0.05651228977908301,
            -8.648044428639904e-05,
            -0.0004915958532593926,
            1.3234763819241262e-06,
            0.00011228106400905151,
            0.0017437291953002177
        ],
        [
            0.5050970035845401,
            0.5405574176379914,
            -0.040772508472972445,
            0.4786171517861202,
            -0.17741098458185472,
            0.9999999999999999,
            0.6848602514927513,
            0.0,
            0.0,
            0.0,
            0.5925751216621309,
            0.5733373217906428,
            0.09453777385442685,
            -0.5231054603215595,
            -0.11148220337774689,
            0.13498653370305944,
            0.32149741394737474,
            -0.01103465703510543,
            -0.17386139881207346,
            -0.03299431859917991
        ],
        [
            0.5405574176379914,
            0.8629206830338015,
            -0.013847466697011673,
            0.1625515652138561,
            -0.06025365602191965,
            0.6848602514927513,
            1.0000000000000002,
            0.0,
            0.0,
            0.0,
            0.5733373217906428,
            0.8951748324312488,
            0.027935817786169864,
            -0.15457714124933666,
            -0.032942879792759505,
            0.32149741394737474,
            0.6239646045547547,
            -0.011110262704774951,
            -0.17505263723888165,
            -0.03322038430698076
        ],
        [
            0.040772508472972445,
            0.01384746669701167,
            0.41075633685034024,
            0.05431894031547038,
            -0.020134624609351635,
            0.0,
            0.0,
            1.0000000000000004,
            0.0,
            0.0,
            -0.09453777385442684,
            -0.027935817786169857,
            0.4962460704712473,
            0.11436095168294137,
            0.024372161716976256,
            0.01103465703510543,
            0.011110262704774951,
            0.05885657181384177,
            -0.020639283857372886,
            -0.0039167929851130516
        ],
        [
            -0.4786171517861203,
            -0.1625515652138559,
            0.05431894031547038,
            -0.22225128571543268,
            0.23635476559404467,
            0.0,
            0.0,
            0.0,
            1.0000000000000004,
            0.0,
            0.523105460321559,
            0.15457714124933664,
            0.1143609516829413,
            -0.11587911274202993,
            -0.1348583783411497,
            0.17386139881207338,
            0.1750526372388816,
            -0.020639283857372882,
            -0.265024818323668,
            -0.06171275691511017
        ],
        [
            0.17741098458185467,
            0.060253656021919594,
            -0.020134624609351635,
            0.23635476559404464,
            0.3277730754436408,
            0.0,
            0.0,
            0.0,
            0.0,
            1.0000000000000004,
            0.11148220337774692,
            0.03294287979275952,
            0.024372161716976266,
            -0.13485837834114986,
            0.4881733591467537,
            0.03299431859917991,
            0.03322038430698073,
            -0.00391679298511305,
            -0.061712756915110155,
            0.04845505108048271
        ],
        [
            0.13397328518176088,
            0.3205112062959523,
            -0.02263763833466667,
            0.17379266146027703,
            -0.016558112246213168,
            0.5925751216621309,
            0.5733373217906428,
            -0.09453777385442688,
            0.5231054603215596,
            0.11148220337774689,
            0.9999999999999999,
            0.6848602514927513,
            0.0,
            0.0,
            0.0,
            0.5255373451871814,
            0.5485933953991083,
            -0.1411588786374374,
            -0.49491869973280317,
            -0.08343175900103554
        ],
        [
            0.3205112062959523,
            0.6227684498729869,
            -0.022927950919545907,
            0.176021436213,
            -0.016770458971426008,
            0.5733373217906428,
            0.8951748324312488,
            -0.027935817786169877,
            0.15457714124933666,
            0.032942879792759505,
            0.6848602514927513,
            1.0000000000000002,
            0.0,
            0.0,
            0.0,
            0.5485933953991083,
            0.8708950868357092,
            -0.04631689983747603,
            -0.16239219285735093,
            -0.027375539266224606
        ],
        [
            0.02263763833466667,
            0.02292795091954592,
            0.053930819988228185,
            0.04262073025915489,
            -0.004060694103634309,
            0.09453777385442683,
            0.027935817786169857,
            0.4962460704712473,
            0.11436095168294128,
            0.024372161716976252,
            0.0,
            0.0,
            1.0000000000000004,
            0.0,
            0.0,
            0.1411588786374374,
            0.04631689983747602,
            0.3857990510697026,
            -0.18578767867604573,
            -0.03131947295794264
        ],
        [
            -0.17379266146027708,
            -0.17602143621300007,
            0.042620730259154894,
            -0.26772350760590324,
            0.031174578602836935,
            -0.5231054603215595,
            -0.15457714124933664,
            0.1143609516829414,
            -0.11587911274202976,
            -0.1348583783411498,
            0.0,
            0.0,
            0.0,
            1.0000000000000004,
            0.0,
            0.49491869973280317,
            0.1623921928573509,
            -0.1857876786760455,
            -0.21260350255654653,
            -0.10980954922767903
        ],
        [
            0.016558112246213164,
            0.016770458971425994,
            -0.004060694103634308,
            0.031174578602836924,
            0.05651228977908301,
            -0.1114822033777469,
            -0.03294287979275951,
            0.02437216171697627,
            -0.13485837834114978,
            0.4881733591467537,
            0.0,
            0.0,
            0.0,
            0.0,
            1.0000000000000004,
            0.08343175900103551,
            0.0273755392662246,
            -0.03131947295794264,
            -0.10980954922767917,
            0.4202773937724527
        ],
        [
            0.014085282002310802,
            0.1243583877623189,
            0.00020112682096259658,
            0.017063193394963837,
            -8.648044428639896e-05,
            0.13498653370305944,
            0.32149741394737474,
            0.01103465703510543,
            0.17386139881207346,
            0.03299431859917991,
            0.5255373451871814,
            0.5485933953991083,
            0.1411588786374374,
            0.49491869973280317,
            0.08343175900103554,
            0.9999999999999999,
            0.6848602514927513,
            0.0,
            0.0,
            0.0
        ],
        [
            0.12435838776231894,
            0.3444358089485793,
            0.0011433002221521483,
            0.09699528240798444,
            -0.0004915958532593927,
            0.32149741394737474,
            0.6239646045547547,
            0.011110262704774948,
            0.17505263723888165,
            0.03322038430698076,
            0.5485933953991083,
            0.8708950868357092,
            0.04631689983747603,
            0.16239219285735093,
            0.027375539266224606,
            0.6848602514927513,
            1.0000000000000002,
            0.0,
            0.0,
            0.0
        ],
        [
            -0.00020112682096259677,
            -0.0011433002221521481,
            0.0017412202656699443,
            -0.0002611310989991064,
            1.3234763819241262e-06,
            -0.01103465703510543,
            -0.01111026270477495,
            0.05885657181384177,
            -0.020639283857372893,
            -0.0039167929851130516,
            -0.1411588786374374,
            -0.04631689983747602,
            0.3857990510697026,
            -0.1857876786760455,
            -0.03131947295794264,
            0.0,
            0.0,
            1.0000000000000004,
            0.0,
            0.0
        ],
        [
            -0.01706319339496385,
            -0.0969952824079844,
            -0.00026113109899910617,
            -0.02040953692560313,
            0.00011228106400905156,
            -0.17386139881207346,
            -0.1750526372388816,
            -0.020639283857372875,
            -0.265024818323668,
            -0.061712756915110155,
            -0.49491869973280317,
            -0.1623921928573509,
            -0.18578767867604573,
            -0.21260350255654667,
            -0.10980954922767917,
            0.0,
            0.0,
            0.0,
            1.0000000000000004,
            0.0
        ],
        [
            8.648044428639904e-05,
            0.0004915958532593926,
            1.3234763819241245e-06,
            0.00011228106400905151,
            0.0017437291953002177,
            -0.03299431859917991,
            -0.03322038430698074,
            -0.00391679298511305,
            -0.06171275691511017,
            0.04845505108048271,
            -0.08343175900103551,
            -0.0273755392662246,
            -0.03131947295794264,
            -0.10980954922767903,
            0.4202773937724527,
            0.0,
            0.0,
            0.0,
            0.0,
            1.0000000000000004
        ]
    ],
    "h": [
        [
            -0.2380953564675765,
            -0.45424743973761883,
            0.023264336769552293,
            -0.24569789851507406,
            0.08800755103027415,
            -0.5519844079070768,
            -0.4439867347881006,
            0.005415476694259222,
            0.0338847442199256,
            -0.02557057973846566,
            -0.26636609401190137,
            -0.3147305760917047,
            -0.039313202657125124,
            0.3192318323872869,
            0.0205777086687212,
            -0.012697486676648648,
            -0.13754065666005688,
            0.0038374862393762816,
            0.07358460376547797,
            0.006550526220216366
        ],
        [
            -0.45424743973761883,
            -0.31248246872872265,
            0.0213288846263152,
            -0.22076358327204249,
            0.07591095073829418,
            -0.534567969346897,
            -0.36950235244530094,
            0.00528542846998974,
            0.07741140755939493,
            -0.09142520248066514,
            -0.3580626513316012,
            -0.3191810745535113,
            -0.04637769663992126,
            0.20294973960222068,
            0.027969799427810596,
            -0.13892051648050868,
            -0.20004653769412195,
            0.021249483668449552,
            0.12133872571626253,
            0.018283551446078964
        ],
        [
            0.023264336769552293,
            0.0213288846263152,
            1.4851714079084812,
            0.0212078766980699,
            -0.006942085794356196,
            0.012105655808484855,
            0.02124170467930955,
            0.30950372216293376,
            0.07588374575507902,
            -0.02389916132030523,
            0.026746934637581155,
            0.017316007200920268,
            -0.04296914739406257,
            -0.017754650576041184,
            -0.0031957649345149284,
            0.004031243914813646,
            0.010169045898506604,
            -0.006028754526794541,
            -0.0036029840380582124,
            -0.0005242684591075889
        ],
        [
            -0.24569789851507406,
            -0.22076358327204249,
            0.0212078766980699,
            1.2581624615108236,
            0.07845058266145476,
            -0.09925011877603329,
            -0.2147525010793142,
            0.08272831972343396,
            -0.5737512597689591,
            0.2926677860393898,
            -0.25054298327293756,
            -0.1817325974025854,
            -0.033993543498034434,
            0.14144854933299777,
            0.0298018530174078,
            -0.0733826290615244,
            -0.11805637357858961,
            0.007447986156460633,
            0.09958846816970973,
            0.0068381094676570366
        ],
        [
            0.08800755103027415,
            0.07591095073829418,
            -0.006942085794356196,
            0.07845058266145476,
            1.458607756000498,
            0.022394191779842365,
            0.06837846073688965,
            -0.028838268656430632,
            0.31999881935775853,
            0.20330371286151067,
            0.055084817775738586,
            0.0577747220453133,
            0.010365264765896541,
            -0.06764560032455641,
            -0.05394330588439927,
            0.005034051103072491,
            0.027084052830729063,
            -0.0008047256193150861,
            -0.00923193881720873,
            -0.006643484363857689
        ],
        [
            -0.5519844079070768,
            -0.534567969346897,
            0.012105655808484855,
            -0.09925011877603329,
            0.022394191779842365,
            -0.4616060067011567,
            -0.6097185123163245,
            0.026647023101408103,
            -0.03360322628027679,
            -0.13754076002390786,
            -0.5790098880579049,
            -0.5421525098927922,
            -0.026675251257847782,
            0.049319402597580386,
            -0.00897594401081614,
            -0.2718992055391273,
            -0.35911141317162903,
            0.042668585787968574,
            0.2573028065549289,
            0.045292482451490174
        ],
        [
            -0.4439867347881006,
            -0.36950235244530094,
            0.02124170467930955,
            -0.2147525010793142,
            0.06837846073688965,
            -0.6097185123163245,
            -0.4411917075242502,
            0.019924813050257457,
            -0.04059013138965405,
            -0.11429134241995699,
            -0.5450273682221738,
            -0.42422769215872536,
            -0.07394894526222395,
            0.14605339889686003,
            0.021193168871225236,
            -0.3193807109086767,
            -0.31997162768925924,
            0.04585946725918981,
            0.18923843337910473,
            0.0329723862218264
        ],
        [
            0.005415476694259222,
            0.00528542846998974,
            0.30950372216293376,
            0.08272831972343396,
            -0.028838268656430632,
            0.026647023101408103,
            0.019924813050257457,
            1.3832648595260648,
            0.06410618489982788,
            0.003574364410556959,
            -0.003652146403319595,
            0.025223287439806126,
            0.42278392938418596,
            0.17199700620178088,
            0.0356475072056993,
            0.019384556723090515,
            0.026476593826790358,
            -0.052378172345427576,
            -0.02743915561203123,
            -0.00494954859109497
        ],
        [
            0.0338847442199256,
            0.07741140755939493,
            0.07588374575507902,
            -0.5737512597689591,
            0.31999881935775853,
            -0.03360322628027679,
            -0.04059013138965405,
            0.06410618489982788,
            0.8545480041374569,
            0.01623994436978112,
            -0.05315883357872686,
            -0.14953216341467446,
            0.14542588080310537,
            -0.6267570333086564,
            -0.2085947198916785,
            -0.32404835657816494,
            -0.20457492714816042,
            0.05411651602824742,
            0.14986149478911892,
            0.03522368278452015
        ],
        [
            -0.02557057973846566,
            -0.09142520248066514,
            -0.02389916132030523,
            0.2926677860393898,
            0.20330371286151067,
            -0.13754076002390786,
            -0.11429134241995699,
            0.003574364410556959,
            0.01623994436978112,
            1.3523369401250875,
            -0.035016004449621135,
            -0.0908081065967413,
            0.0267488454127926,
            -0.1714387679860237,
            0.4100767904017679,
            -0.05219937810926131,
            -0.057290752563546925,
            0.010338819331701136,
            0.04327397392218871,
            -0.03950520590302531
        ],
        [
            -0.26636609401190137,
            -0.3580626513316012,
            0.026746934637581155,
            -0.25054298327293756,
            0.055084817775738586,
            -0.5790098880579049,
            -0.5450273682221738,
            -0.003652146403319595,
            -0.05315883357872686,
            -0.035016004449621135,
            -0.4768288038549713,
            -0.6168643616265518,
            -0.11473317869341619,
            0.01806775649885825,
            0.013573277479858275,
            -0.5665848926280446,
            -0.5428964674716412,
            0.015198952967543478,
            0.09571684756785814,
            0.018960415161885097
        ],
        [
            -0.3147305760917047,
            -0.3191810745535113,
            0.017316007200920268,
            -0.1817325974025854,
            0.0577747220453133,
            -0.5421525098927922,
            -0.42422769215872536,
            0.025223287439806126,
            -0.14953216341467446,
            -0.0908081065967413,
            -0.6168643616265518,
            -0.4434602851493348,
            -0.09376575965705118,
            0.0326287157028057,
            0.009331493520050917,
            -0.45150565971068146,
            -0.37039835853702474,
            0.054667151925194446,
            0.2246020788117089,
            0.040154824130486835
        ],
        [
            -0.039313202657125124,
            -0.04637769663992126,
            -0.04296914739406257,
            -0.033993543498034434,
            0.010365264765896541,
            -0.026675251257847782,
            -0.07394894526222395,
            0.42278392938418596,
            0.14542588080310537,
            0.0267488454127926,
            -0.11473317869341619,
            -0.09376575965705118,
            1.3625651657742022,
            -0.014042623861388926,
            -0.0007506863398104311,
            -0.01964004159320909,
            -0.07517325654543869,
            0.27999800778968426,
            -0.23419955422816696,
            -0.038943712423383854
        ],
        [
            0.3192318323872869,
            0.20294973960222068,
            -0.017754650576041184,
            0.14144854933299777,
            -0.06764560032455641,
            0.049319402597580386,
            0.14605339889686003,
            0.17199700620178088,
            -0.6267570333086564,
            -0.1714387679860237,
            0.01806775649885825,
            0.0326287157028057,
            -0.014042623861388926,
            0.831065805574351,
            -0.09296589748842535,
            -0.02753500729380476,
            -0.08474119585939471,
            -0.25677694663906603,
            -0.5790626133584686,
            -0.1553123369772651
        ],
        [
            0.0205777086687212,
            0.027969799427810596,
            -0.0031957649345149284,
            0.0298018530174078,
            -0.05394330588439927,
            -0.00897594401081614,
            0.021193168871225236,
            0.0356475072056993,
            -0.2085947198916785,
            0.4100767904017679,
            0.013573277479858275,
            0.009331493520050917,
            -0.0007506863398104311,
            -0.09296589748842535,
            1.3718860965671753,
            0.004372312124903993,
            -0.007439937879906815,
            -0.04431286206391271,
            -0.16052387553144024,
            0.323116708963348
        ],
        [
            -0.012697486676648648,
            -0.13892051648050868,
            0.004031243914813646,
            -0.0733826290615244,
            0.005034051103072491,
            -0.2718992055391273,
            -0.3193807109086767,
            0.019384556723090515,
            -0.32404835657816494,
            -0.05219937810926131,
            -0.5665848926280446,
            -0.45150565971068146,
            -0.01964004159320909,
            -0.02753500729380476,
            0.004372312124903993,
            -0.2528217376504116,
            -0.46067070154625567,
            0.07194687999678198,
            0.26158500427488857,
            0.04670876694313598
        ],
        [
            -0.13754065666005688,
            -0.20004653769412195,
            0.010169045898506604,
            -0.11805637357858961,
            0.027084052830729063,
            -0.35911141317162903,
            -0.31997162768925924,
            0.026476593826790358,
            -0.20457492714816042,
            -0.057290752563546925,
            -0.5428964674716412,
            -0.37039835853702474,
            -0.07517325654543869,
            -0.08474119585939471,
            -0.007439937879906815,
            -0.46067070154625567,
            -0.3137865865301126,
            0.060632068376596834,
            0.23026096967699788,
            0.04126630836299969
        ],
        [
            0.0038374862393762816,
            0.021249483668449552,
            -0.006028754526794541,
            0.007447986156460633,
            -0.0008047256193150861,
            0.042668585787968574,
            0.04585946725918981,
            -0.052378172345427576,
            0.05411651602824742,
            0.010338819331701136,
            0.015198952967543478,
            0.054667151925194446,
            0.27999800778968426,
            -0.25677694663906603,
            -0.04431286206391271,
            0.07194687999678198,
            0.060632068376596834,
            1.464832755516583,
            -0.06533943990290898,
            -0.011216152522306778
        ],
        [
            0.07358460376547797,
            0.12133872571626253,
            -0.0036029840380582124,
            0.09958846816970973,
            -0.00923193881720873,
            0.2573028065549289,
            0.18923843337910473,
            -0.02743915561203123,
            0.14986149478911892,
            0.04327397392218871,
            0.09571684756785814,
            0.2246020788117089,
            -0.23419955422816696,
            -0.5790626133584686,
            -0.16052387553144024,
            0.26158500427488857,
            0.23026096967699788,
            -0.06533943990290898,
            1.2353449730536348,
            -0.04310824533637353
        ],
        [
            0.006550526220216366,
            0.018283551446078964,
            -0.0005242684591075889,
            0.0068381094676570366,
            -0.006643484363857689,
            0.045292482451490174,
            0.0329723862218264,
            -0.00494954859109497,
            0.03522368278452015,
            -0.03950520590302531,
            0.018960415161885097,
            0.040154824130486835,
            -0.038943712423383854,
            -0.1553123369772651,
            0.323116708963348,
            0.04670876694313598,
            0.04126630836299969,
            -0.011216152522306778,
            -0.04310824533637353,
            1.4756412782597976
        ]
    ]
}