{
    "HF": -2.144710485211563,
    "coordinates": [
        [
            0.80148,
            -0.018784,
            0.150668
        ],
        [
            1.624318,
            0.043913,
            0.07808
        ],
        [
            2.35935,
            -0.156343,
            0.062908
        ],
        [
            3.003093,
            -0.159717,
            -0.188497
        ]
    ],
    "elements": [
        "H",
        "H",
        "H",
        "H"
    ],
    "Enn": 3.046808426243173,
    "S": [
        [
            0.9999999999999999,
            0.6848602514927513,
            0.0,
            0.0,
            0.0,
            0.5006459098450466,
            0.5387745697930743,
            0.044677641946431014,
            -0.5064537050740812,
            -0.0385897685170467,
            0.10559756849155141,
            0.29074176183801825,
            0.007839756004174156,
            -0.13916728220399716,
            0.012288388744054156,
            0.013104377787340197,
            0.12056594079072619,
            0.002395610374158701,
            -0.015550563715839367,
            0.0009954463369195175
        ],
        [
            0.6848602514927513,
            1.0000000000000002,
            0.0,
            0.0,
            0.0,
            0.5387745697930743,
            0.8611453977046002,
            0.015290756331430299,
            -0.17333189174851818,
            -0.013207204354875273,
            0.29074176183801825,
            0.5859761489884951,
            0.009561354830291914,
            -0.16972821159374285,
            0.014986900741797251,
            0.12056594079072619,
            0.337816438617752,
            0.014387344270155852,
            -0.09339219607167795,
            0.005978363304072874
        ],
        [
            0.0,
            0.0,
            1.0000000000000004,
            0.0,
            0.0,
            -0.044677641946431014,
            -0.015290756331430297,
            0.4047043622601137,
            0.06362547308300497,
            0.004848009311535395,
            -0.007839756004174154,
            -0.009561354830291907,
            0.040552810985763875,
            0.01468766391903782,
            -0.0012969120408242816,
            -0.002395610374158701,
            -0.01438734427015586,
            0.0010897813684905638,
            0.003012209619947668,
            -0.00019282214375009808
        ],
        [
            0.0,
            0.0,
            0.0,
            1.0000000000000004,
            0.0,
            0.5064537050740812,
            0.17333189174851815,
            0.0636254730830049,
            -0.3109240235195791,
            -0.0549557266474508,
            0.1391672822039972,
            0.16972821159374282,
            0.014687663919037818,
            -0.21934757562666823,
            0.02302210985687014,
            0.015550563715839372,
            0.09339219607167794,
            0.0030122096199476684,
            -0.0179992572888673,
            0.0012516613989299742
        ],
        [
            0.0,
            0.0,
            0.0,
            0.0,
            1.0000000000000004,
            0.03858976851704669,
            0.013207204354875256,
            0.0048480093115353924,
            -0.05495572664745082,
            0.40612977849822374,
            -0.012288388744054156,
            -0.014986900741797241,
            -0.0012969120408242816,
            0.02302210985687014,
            0.039347377269043964,
            -0.0009954463369195175,
            -0.00597836330407287,
            -0.0001928221437500981,
            0.0012516613989299742,
            0.0014736979241314293
        ],
        [
            0.5006459098450466,
            0.5387745697930743,
            -0.04467764194643103,
            0.5064537050740812,
            0.0385897685170467,
            0.9999999999999999,
            0.6848602514927513,
            0.0,
            0.0,
            0.0,
            0.5530619109220704,
            0.5590397816712667,
            0.010592651112311221,
            -0.5131780603997065,
            0.13981294101944347,
            0.15374122947068708,
            0.3389643706128871,
            0.037660542826734575,
            -0.194785802735911,
            0.028767734409975213
        ],
        [
            0.5387745697930743,
            0.8611453977046002,
            -0.015290756331430299,
            0.17333189174851818,
            0.013207204354875268,
            0.6848602514927513,
            1.0000000000000002,
            0.0,
            0.0,
            0.0,
            0.5590397816712666,
            0.8811953001833996,
            0.0033244944766657202,
            -0.16106049460668034,
            0.04388017175844787,
            0.3389643706128871,
            0.6449249348816977,
            0.034224715181541646,
            -0.1770152026410011,
            0.02614321097625574
        ],
        [
            0.044677641946431014,
            0.015290756331430297,
            0.4047043622601137,
            0.0636254730830049,
            0.004848009311535393,
            0.0,
            0.0,
            1.0000000000000004,
            0.0,
            0.0,
            -0.010592651112311209,
            -0.0033244944766657202,
            0.47035369203989524,
            0.01362590633705951,
            -0.00371231388488418,
            -0.037660542826734575,
            -0.034224715181541625,
            0.059743443016447156,
            0.06990532087111669,
            -0.010324251954804438
        ],
        [
            -0.5064537050740812,
            -0.17333189174851815,
            0.06362547308300497,
            -0.3109240235195791,
            -0.05495572664745083,
            0.0,
            0.0,
            0.0,
            1.0000000000000004,
            0.0,
            0.5131780603997061,
            0.1610604946066807,
            0.013625906337059525,
            -0.18949405175368939,
            0.17984903107264652,
            0.194785802735911,
            0.17701520264100085,
            0.06990532087111666,
            -0.28830130957004174,
            0.053398532090110876
        ],
        [
            -0.03858976851704669,
            -0.013207204354875251,
            0.004848009311535394,
            -0.054955726647450784,
            0.40612977849822374,
            0.0,
            0.0,
            0.0,
            0.0,
            1.0000000000000004,
            -0.13981294101944344,
            -0.04388017175844785,
            -0.003712313884884183,
            0.17984903107264646,
            0.4216359283023464,
            -0.028767734409975203,
            -0.02614321097625572,
            -0.010324251954804433,
            0.053398532090110876,
            0.06537279344153492
        ],
        [
            0.10559756849155141,
            0.29074176183801825,
            -0.007839756004174154,
            0.1391672822039972,
            -0.012288388744054156,
            0.5530619109220704,
            0.5590397816712667,
            -0.010592651112311209,
            0.5131780603997065,
            -0.13981294101944347,
            0.9999999999999999,
            0.6848602514927513,
            0.0,
            0.0,
            0.0,
            0.6103810669722065,
            0.5795284052600141,
            0.19880426227200357,
            -0.5090545224150926,
            0.0026680677826842695
        ],
        [
            0.29074176183801825,
            0.5859761489884951,
            -0.00956135483029191,
            0.16972821159374285,
            -0.014986900741797244,
            0.5590397816712666,
            0.8811953001833996,
            -0.0033244944766657202,
            0.1610604946066807,
            -0.043880171758447876,
            0.6848602514927513,
            1.0000000000000002,
            0.0,
            0.0,
            0.0,
            0.5795284052600141,
            0.9011869703021089,
            0.05724560171728166,
            -0.14658203053355373,
            0.0007682689691697007
        ],
        [
            0.007839756004174156,
            0.009561354830291925,
            0.040552810985763875,
            0.014687663919037827,
            -0.0012969120408242818,
            0.010592651112311221,
            0.0033244944766657202,
            0.47035369203989524,
            0.013625906337059525,
            -0.003712313884884184,
            0.0,
            0.0,
            1.0000000000000004,
            0.0,
            0.0,
            -0.19880426227200354,
            -0.05724560171728166,
            0.44967755830293854,
            0.2260267533800496,
            -0.0011846564015519801
        ],
        [
            -0.13916728220399716,
            -0.16972821159374282,
            0.014687663919037811,
            -0.21934757562666818,
            0.02302210985687013,
            -0.5131780603997061,
            -0.16106049460668106,
            0.01362590633705951,
            -0.18949405175368939,
            0.17984903107264652,
            0.0,
            0.0,
            0.0,
            1.0000000000000004,
            0.0,
            0.5090545224150926,
            0.14658203053355373,
            0.22602675338004927,
            -0.040810723416961014,
            0.0030334093033323743
        ],
        [
            0.01228838874405416,
            0.01498690074179725,
            -0.0012969120408242813,
            0.023022109856870147,
            0.039347377269043964,
            0.13981294101944344,
            0.04388017175844784,
            -0.0037123138848841786,
            0.17984903107264646,
            0.4216359283023464,
            0.0,
            0.0,
            0.0,
            0.0,
            1.0000000000000004,
            -0.0026680677826842695,
            -0.0007682689691697007,
            -0.0011846564015520007,
            0.0030334093033324316,
            0.5379333082070492
        ],
        [
            0.013104377787340197,
            0.12056594079072619,
            -0.002395610374158701,
            0.015550563715839367,
            -0.0009954463369195175,
            0.15374122947068708,
            0.3389643706128871,
            -0.037660542826734575,
            0.194785802735911,
            -0.028767734409975213,
            0.6103810669722065,
            0.5795284052600141,
            -0.19880426227200357,
            0.5090545224150926,
            -0.0026680677826842695,
            0.9999999999999999,
            0.6848602514927513,
            0.0,
            0.0,
            0.0
        ],
        [
            0.12056594079072619,
            0.337816438617752,
            -0.014387344270155852,
            0.09339219607167788,
            -0.0059783633040728715,
            0.3389643706128871,
            0.6449249348816977,
            -0.03422471518154164,
            0.1770152026410009,
            -0.026143210976255746,
            0.5795284052600141,
            0.9011869703021089,
            -0.057245601717281665,
            0.14658203053355373,
            -0.0007682689691697007,
            0.6848602514927513,
            1.0000000000000002,
            0.0,
            0.0,
            0.0
        ],
        [
            0.002395610374158701,
            0.01438734427015586,
            0.0010897813684905638,
            0.003012209619947668,
            -0.00019282214375009808,
            0.037660542826734575,
            0.03422471518154164,
            0.059743443016447156,
            0.06990532087111669,
            -0.010324251954804438,
            0.19880426227200354,
            0.05724560171728166,
            0.44967755830293854,
            0.22602675338004927,
            -0.0011846564015520007,
            0.0,
            0.0,
            1.0000000000000004,
            0.0,
            0.0
        ],
        [
            -0.015550563715839367,
            -0.09339219607167794,
            0.0030122096199476684,
            -0.0179992572888673,
            0.0012516613989299742,
            -0.194785802735911,
            -0.17701520264100062,
            0.06990532087111666,
            -0.28830130957004174,
            0.053398532090110876,
            -0.5090545224150926,
            -0.14658203053355373,
            0.2260267533800496,
            -0.040810723416961014,
            0.0030334093033324316,
            0.0,
            0.0,
            0.0,
            1.0000000000000004,
            0.0
        ],
        [
            0.0009954463369195175,
            0.005978363304072873,
            -0.0001928221437500981,
            0.0012516613989299742,
            0.0014736979241314293,
            0.028767734409975203,
            0.02614321097625572,
            -0.010324251954804433,
            0.053398532090110876,
            0.06537279344153492,
            0.0026680677826842695,
            0.0007682689691697007,
            -0.0011846564015519801,
            0.0030334093033323743,
            0.5379333082070492,
            0.0,
            0.0,
            0.0,
            0.0,
            1.0000000000000004
        ]
    ],
    "h": [
        [
            -0.22642928253294503,
            -0.44951784866753997,
            0.021165012995139364,
            -0.25483234124876253,
            -0.017389858394388922,
            -0.5376762337111769,
            -0.4376996497492198,
            -0.008656213950285471,
            0.04251258069098107,
            0.009773931584413878,
            -0.22210165717194924,
            -0.29307356531539275,
            -0.018697465781034216,
            0.29310589970264217,
            -0.0485529895746469,
            -0.014886578356524911,
            -0.13963369024542313,
            -0.012824667178964888,
            0.0721103698050252,
            -0.007335531307611229
        ],
        [
            -0.44951784866753997,
            -0.305652789636087,
            0.018535797570668755,
            -0.22634746545354462,
            -0.014111328773838137,
            -0.5191787843489076,
            -0.3616558010386307,
            -0.016100944565733247,
            0.10091113166671009,
            0.040717149182479324,
            -0.3251839671394676,
            -0.30255161199521907,
            0.005094720955444785,
            0.18209856802285418,
            -0.0488954322829356,
            -0.14476116629389224,
            -0.20033393872745564,
            -0.0359092097986583,
            0.12612603037994732,
            -0.008071158207973581
        ],
        [
            0.021165012995139364,
            0.018535797570668755,
            1.5000231193186306,
            0.02065095597613629,
            0.0014649332600936106,
            0.00506702542969939,
            0.01704885241456998,
            0.3085115817641663,
            0.08778668715447278,
            0.005510810782360338,
            0.01652881042189818,
            0.014237003809175999,
            -0.043296662101229316,
            -0.017993346456295852,
            0.00364779550509036,
            0.007493497168884611,
            0.010229774093151171,
            -0.002878601044056254,
            -0.01211252214743003,
            0.0009117057813603057
        ],
        [
            -0.25483234124876253,
            -0.22634746545354462,
            0.02065095597613629,
            1.2570591621923588,
            -0.015830472761851705,
            -0.08063551572412919,
            -0.21233752685440793,
            0.08366381133861824,
            -0.6776294159356543,
            -0.05841943622366942,
            -0.22729610252432017,
            -0.17266079019257252,
            -0.007634287467831451,
            0.19621935737175278,
            -0.04791582042378454,
            -0.06835018531080328,
            -0.11524777107216233,
            -0.01943541312447907,
            0.09341581233815643,
            -0.007446872182992339
        ],
        [
            -0.017389858394388922,
            -0.014111328773838137,
            0.0014649332600936106,
            -0.015830472761851705,
            1.5002996250873508,
            0.0006377972495810527,
            -0.010761397417736122,
            0.006380907396889332,
            -0.07212496483771633,
            0.3096174652850825,
            0.0030453654720513437,
            -0.00893930286313152,
            -0.0005298822127861929,
            0.0053719294879098975,
            -0.044865212788126066,
            0.003915629423427977,
            -0.0017247622529225452,
            0.0008149824672390028,
            -0.003788329203710299,
            -0.004982712072746109
        ],
        [
            -0.5376762337111769,
            -0.5191787843489076,
            0.00506702542969939,
            -0.08063551572412919,
            0.0006377972495810527,
            -0.4192998593792536,
            -0.5925460589820399,
            -0.01455898214890613,
            0.0018607317896922049,
            0.0800055335576782,
            -0.5415080205668769,
            -0.5146387356459885,
            0.017124971274016538,
            0.031636091076767014,
            -0.012827292594670636,
            -0.2982046056075702,
            -0.3619619346610711,
            -0.07517809179735702,
            0.26460312200667163,
            -0.021148767816564065
        ],
        [
            -0.4376996497492198,
            -0.3616558010386307,
            0.01704885241456998,
            -0.21233752685440793,
            -0.010761397417736122,
            -0.5925460589820399,
            -0.43716784184994717,
            -0.008426353991048064,
            -0.018988873984651433,
            0.06932737375992298,
            -0.5323798840014218,
            -0.41437076856645594,
            0.040444871603370555,
            0.11187685276946607,
            -0.05562696433211603,
            -0.34837801411974956,
            -0.3256398374551921,
            -0.07160167553211144,
            0.20619922673469832,
            -0.007706744871109762
        ],
        [
            -0.008656213950285471,
            -0.016100944565733247,
            0.3085115817641663,
            0.08366381133861824,
            0.006380907396889332,
            -0.01455898214890613,
            -0.008426353991048064,
            1.4076966826782298,
            0.037161776096444776,
            -0.0011913562707746572,
            0.014453686940184722,
            0.005648006378167805,
            0.3811300965986213,
            0.03755318125812861,
            -0.005638814645993684,
            0.03513596250140574,
            0.01123153732460059,
            -0.04304206440850422,
            -0.00010758488116432985,
            -0.002173755991745678
        ],
        [
            0.04251258069098107,
            0.10091113166671009,
            0.08778668715447278,
            -0.6776294159356543,
            -0.07212496483771633,
            0.0018607317896922049,
            -0.018988873984651433,
            0.037161776096444776,
            0.8650475464789535,
            0.05604803143154553,
            -0.08503184736388858,
            -0.1434139677077303,
            0.0638786010078085,
            -0.6988603933728473,
            0.25805200987703936,
            -0.3431983389404988,
            -0.19907103810169163,
            -0.07078027681300289,
            0.11739342879998838,
            0.0029334364171083593
        ],
        [
            0.009773931584413878,
            0.040717149182479324,
            0.005510810782360338,
            -0.05841943622366942,
            0.3096174652850825,
            0.0800055335576782,
            0.06932737375992298,
            -0.0011913562707746572,
            0.05604803143154553,
            1.3913680831416038,
            0.023976289649120852,
            0.06733167048386755,
            -0.01145760241028413,
            0.2592691582181468,
            0.3204490376630238,
            0.06686064524527689,
            0.05819916767783209,
            0.017843666426120036,
            -0.04842093230047714,
            -0.04515641463865161
        ],
        [
            -0.22210165717194924,
            -0.3251839671394676,
            0.01652881042189818,
            -0.22729610252432017,
            0.0030453654720513437,
            -0.5415080205668769,
            -0.5323798840014218,
            0.014453686940184722,
            -0.08503184736388858,
            0.023976289649120852,
            -0.5099693100921407,
            -0.6241870443663857,
            0.10878431068248601,
            -0.06813783006000942,
            -0.06018954444262482,
            -0.6357858914670346,
            -0.5721510039085396,
            -0.02045229067266413,
            0.08271748509520505,
            -0.010218654178394774
        ],
        [
            -0.29307356531539275,
            -0.30255161199521907,
            0.014237003809175999,
            -0.17266079019257252,
            -0.00893930286313152,
            -0.5146387356459885,
            -0.41437076856645594,
            0.005648006378167805,
            -0.1434139677077303,
            0.06733167048386755,
            -0.6241870443663857,
            -0.4354890750367133,
            0.07810604712942215,
            -0.00995753522526975,
            -0.051952903473144046,
            -0.49178032819309814,
            -0.3744131456438251,
            -0.08847871241309836,
            0.2512045919831624,
            -0.009180251335468062
        ],
        [
            -0.018697465781034216,
            0.005094720955444785,
            -0.043296662101229316,
            -0.007634287467831451,
            -0.0005298822127861929,
            0.017124971274016538,
            0.040444871603370555,
            0.3811300965986213,
            0.0638786010078085,
            -0.01145760241028413,
            0.10878431068248601,
            0.07810604712942215,
            1.3433373781637037,
            0.11360030098110771,
            -0.002353956358325657,
            0.011037109660493705,
            0.08007774751095305,
            0.3697988758155879,
            0.3224183806079383,
            -0.0005378953852309019
        ],
        [
            0.29310589970264217,
            0.18209856802285418,
            -0.017993346456295852,
            0.19621935737175278,
            0.0053719294879098975,
            0.031636091076767014,
            0.11187685276946607,
            0.03755318125812861,
            -0.6988603933728473,
            0.2592691582181468,
            -0.06813783006000942,
            -0.00995753522526975,
            0.11360030098110771,
            0.8322509488558598,
            0.07083625979325357,
            0.005573040376605443,
            -0.09961240894480097,
            0.34137121464198245,
            -0.3996638882893292,
            0.009835766547316433
        ],
        [
            -0.0485529895746469,
            -0.0488954322829356,
            0.00364779550509036,
            -0.04791582042378454,
            -0.044865212788126066,
            -0.012827292594670636,
            -0.05562696433211603,
            -0.005638814645993684,
            0.25805200987703936,
            0.3204490376630238,
            -0.06018954444262482,
            -0.051952903473144046,
            -0.002353956358325657,
            0.07083625979325357,
            1.366052541010542,
            -0.013494537240726835,
            -0.03049399942762137,
            -0.006780161703439393,
            0.025477965495347272,
            0.4944729723163782
        ],
        [
            -0.014886578356524911,
            -0.14476116629389224,
            0.007493497168884611,
            -0.06835018531080328,
            0.003915629423427977,
            -0.2982046056075702,
            -0.34837801411974956,
            0.03513596250140574,
            -0.3431983389404988,
            0.06686064524527689,
            -0.6357858914670346,
            -0.49178032819309814,
            0.011037109660493705,
            0.005573040376605443,
            -0.013494537240726835,
            -0.3279588504013773,
            -0.49320513721026793,
            -0.11923227877291251,
            0.3139170380070481,
            -0.005634406531834651
        ],
        [
            -0.13963369024542313,
            -0.20033393872745564,
            0.010229774093151171,
            -0.11524777107216233,
            -0.0017247622529225452,
            -0.3619619346610711,
            -0.3256398374551921,
            0.01123153732460059,
            -0.19907103810169163,
            0.05819916767783209,
            -0.5721510039085396,
            -0.3744131456438251,
            0.08007774751095305,
            -0.09961240894480097,
            -0.03049399942762137,
            -0.49320513721026793,
            -0.3225395716549131,
            -0.09361491300881157,
            0.25448105404038635,
            -0.0067162351251267415
        ],
        [
            -0.012824667178964888,
            -0.0359092097986583,
            -0.002878601044056254,
            -0.01943541312447907,
            0.0008149824672390028,
            -0.07517809179735702,
            -0.07160167553211144,
            -0.04304206440850422,
            -0.07078027681300289,
            0.017843666426120036,
            -0.02045229067266413,
            -0.08847871241309836,
            0.3697988758155879,
            0.34137121464198245,
            -0.006780161703439393,
            -0.11923227877291251,
            -0.09361491300881157,
            1.4182405940567622,
            0.10729200394058809,
            -0.0015368205171666306
        ],
        [
            0.0721103698050252,
            0.12612603037994732,
            -0.01211252214743003,
            0.09341581233815643,
            -0.003788329203710299,
            0.26460312200667163,
            0.20619922673469832,
            -0.00010758488116432985,
            0.11739342879998838,
            -0.04842093230047714,
            0.08271748509520505,
            0.2512045919831624,
            0.3224183806079383,
            -0.3996638882893292,
            0.025477965495347272,
            0.3139170380070481,
            0.25448105404038635,
            0.10729200394058809,
            1.1691017286615015,
            0.006356326602341493
        ],
        [
            -0.007335531307611229,
            -0.008071158207973581,
            0.0009117057813603057,
            -0.007446872182992339,
            -0.004982712072746109,
            -0.021148767816564065,
            -0.007706744871109762,
            -0.002173755991745678,
            0.0029334364171083593,
            -0.04515641463865161,
            -0.010218654178394774,
            -0.009180251335468062,
            -0.0005378953852309019,
            0.009835766547316433,
            0.4944729723163782,
            -0.005634406531834651,
            -0.0067162351251267415,
            -0.0015368205171666306,
            0.006356326602341493,
            1.4582634247915733
        ]
    ]
}