{
    "HF": -2.1592699987056037,
    "coordinates": [
        [
            0.798381,
            -0.038817,
            0.117373
        ],
        [
            1.567087,
            0.137553,
            -0.129766
        ],
        [
            2.369351,
            0.088047,
            -0.113532
        ],
        [
            3.040782,
            -0.067572,
            0.122686
        ]
    ],
    "elements": [
        "H",
        "H",
        "H",
        "H"
    ],
    "Enn": 2.9436106507248834,
    "S": [
        [
            0.9999999999999999,
            0.6848602514927513,
            0.0,
            0.0,
            0.0,
            0.5021330904666325,
            0.5393715856992914,
            0.15268551350860274,
            -0.474916020325177,
            -0.10896355499339344,
            0.09836691391784241,
            0.28237294995783174,
            0.018922182743866516,
            -0.12873771215492077,
            -0.010396239975825044,
            0.012612732321998135,
            0.11860281984616242,
            -3.581329865876278e-05,
            -0.015115335352100252,
            0.00019382860962407832
        ],
        [
            0.6848602514927513,
            1.0000000000000002,
            0.0,
            0.0,
            0.0,
            0.5393715856992914,
            0.8617401297265966,
            0.052121741350845754,
            -0.16212048809311055,
            -0.03719652309853426,
            0.28237294995783174,
            0.5753795683956904,
            0.02438276299261873,
            -0.16588895510497503,
            -0.013396396112234829,
            0.11860281984616242,
            0.3343592296637578,
            -0.00022144120274488507,
            -0.09346131648340554,
            0.0011984833022641028
        ],
        [
            0.0,
            0.0,
            1.0000000000000004,
            0.0,
            0.0,
            -0.15268551350860277,
            -0.052121741350845734,
            0.34667745486223467,
            0.20320768062578806,
            0.04662346675057857,
            -0.018922182743866513,
            -0.024382762992618722,
            0.03197865273155581,
            0.03495408382702441,
            0.0028227241071641243,
            3.581329865876278e-05,
            0.00022144120274488502,
            0.0014613273816082547,
            -4.520272216878213e-05,
            5.796484553669617e-07
        ],
        [
            0.0,
            0.0,
            0.0,
            1.0000000000000004,
            0.0,
            0.4749160203251771,
            0.16212048809311047,
            0.20320768062578798,
            -0.22005243156767065,
            -0.14501854677719916,
            0.12873771215492072,
            0.1658889551049749,
            0.03495408382702441,
            -0.2006950058137179,
            -0.019204499212367096,
            0.015115335352100252,
            0.09346131648340553,
            -4.520272216878213e-05,
            -0.017616794276500085,
            0.00024464601467406974
        ],
        [
            0.0,
            0.0,
            0.0,
            0.0,
            1.0000000000000004,
            0.10896355499339347,
            0.03719652309853427,
            0.04662346675057857,
            -0.14501854677719922,
            0.3787360336779094,
            0.01039623997582504,
            0.013396396112234822,
            0.0028227241071641243,
            -0.019204499212367096,
            0.03556542595956229,
            -0.00019382860962407832,
            -0.0011984833022641026,
            5.796484553669617e-07,
            0.00024464601467406974,
            0.001458297310675772
        ],
        [
            0.5021330904666325,
            0.5393715856992914,
            -0.15268551350860274,
            0.474916020325177,
            0.10896355499339344,
            0.9999999999999999,
            0.6848602514927513,
            0.0,
            0.0,
            0.0,
            0.519750686518827,
            0.5463431825901933,
            -0.010477181138337326,
            -0.5177692034475212,
            0.031950433006931615,
            0.12263738429308921,
            0.30914296234817584,
            -0.027059094776559427,
            -0.15795815710210953,
            0.021986345190538208
        ],
        [
            0.5393715856992914,
            0.8617401297265966,
            -0.052121741350845754,
            0.16212048809311055,
            0.03719652309853426,
            0.6848602514927513,
            1.0000000000000002,
            0.0,
            0.0,
            0.0,
            0.5463431825901933,
            0.8686666223179745,
            -0.0034710237103615167,
            -0.1715336556590781,
            0.01058497596434379,
            0.30914296234817584,
            0.6088778081253575,
            -0.029370871341828253,
            -0.17145321186639687,
            0.023864734618828622
        ],
        [
            0.15268551350860277,
            0.052121741350845734,
            0.34667745486223467,
            0.20320768062578806,
            0.04662346675057857,
            0.0,
            0.0,
            1.0000000000000004,
            0.0,
            0.0,
            0.010477181138337323,
            0.003471023710361516,
            0.4318446860719203,
            -0.014611668715488814,
            0.0009016549059025321,
            0.027059094776559427,
            0.029370871341828267,
            0.04339696976998754,
            -0.05022618310256305,
            0.006991029900293645
        ],
        [
            -0.4749160203251771,
            -0.16212048809311047,
            0.20320768062578798,
            -0.22005243156767065,
            -0.14501854677719916,
            0.0,
            0.0,
            0.0,
            1.0000000000000004,
            0.0,
            0.5177692034475212,
            0.17153365565907805,
            -0.014611668715488788,
            -0.2899500579726837,
            0.04455865907533502,
            0.1579581571021095,
            0.17145321186639687,
            -0.05022618310256303,
            -0.2411956379359388,
            0.04081031565966299
        ],
        [
            -0.10896355499339347,
            -0.037196523098534266,
            0.04662346675057857,
            -0.14501854677719922,
            0.3787360336779094,
            0.0,
            0.0,
            0.0,
            0.0,
            1.0000000000000004,
            -0.031950433006931615,
            -0.01058497596434381,
            0.0009016549059025305,
            0.04455865907533502,
            0.42939073681549556,
            -0.021986345190538208,
            -0.023864734618828622,
            0.006991029900293643,
            0.04081031565966299,
            0.04632056276373446
        ],
        [
            0.09836691391784241,
            0.28237294995783174,
            -0.018922182743866516,
            0.12873771215492077,
            0.010396239975825044,
            0.519750686518827,
            0.5463431825901933,
            0.010477181138337323,
            0.5177692034475212,
            -0.031950433006931615,
            0.9999999999999999,
            0.6848602514927513,
            0.0,
            0.0,
            0.0,
            0.5799336607581732,
            0.5688488875668171,
            -0.17511413073773877,
            -0.4977480798049713,
            0.11536413783571178
        ],
        [
            0.28237294995783174,
            0.5753795683956904,
            -0.02438276299261873,
            0.16588895510497503,
            0.013396396112234829,
            0.5463431825901933,
            0.8686666223179745,
            0.0034710237103615167,
            0.1715336556590781,
            -0.01058497596434379,
            0.6848602514927513,
            1.0000000000000002,
            0.0,
            0.0,
            0.0,
            0.5688488875668171,
            0.890800668416831,
            -0.05273018865113957,
            -0.1498813947126099,
            0.034738331658475174
        ],
        [
            0.018922182743866513,
            0.024382762992618722,
            0.03197865273155581,
            0.03495408382702441,
            0.0028227241071641243,
            -0.010477181138337323,
            -0.003471023710361516,
            0.4318446860719203,
            -0.014611668715488788,
            0.0009016549059025305,
            0.0,
            0.0,
            1.0000000000000004,
            0.0,
            0.0,
            0.1751141307377387,
            0.05273018865113955,
            0.42931589551367766,
            -0.2067225730965097,
            0.04791253323529256
        ],
        [
            -0.12873771215492072,
            -0.16588895510497498,
            0.03495408382702441,
            -0.2006950058137179,
            -0.019204499212367096,
            -0.5177692034475212,
            -0.17153365565907805,
            -0.014611668715488814,
            -0.2899500579726837,
            0.04455865907533502,
            0.0,
            0.0,
            0.0,
            1.0000000000000004,
            0.0,
            0.49774807980497127,
            0.1498813947126099,
            -0.20672257309650943,
            -0.0855490430529617,
            0.1361875898648947
        ],
        [
            -0.01039623997582504,
            -0.013396396112234824,
            0.0028227241071641243,
            -0.019204499212367096,
            0.03556542595956229,
            0.031950433006931615,
            0.01058497596434381,
            0.0009016549059025321,
            0.04455865907533502,
            0.42939073681549556,
            0.0,
            0.0,
            0.0,
            0.0,
            1.0000000000000004,
            -0.11536413783571177,
            -0.034738331658475154,
            0.04791253323529256,
            0.1361875898648949,
            0.4704790473856141
        ],
        [
            0.012612732321998135,
            0.11860281984616242,
            3.581329865876278e-05,
            0.015115335352100252,
            -0.00019382860962407832,
            0.12263738429308921,
            0.30914296234817584,
            0.027059094776559427,
            0.15795815710210953,
            -0.021986345190538208,
            0.5799336607581732,
            0.5688488875668171,
            0.17511413073773877,
            0.4977480798049713,
            -0.11536413783571178,
            0.9999999999999999,
            0.6848602514927513,
            0.0,
            0.0,
            0.0
        ],
        [
            0.11860281984616242,
            0.3343592296637578,
            0.00022144120274488507,
            0.09346131648340554,
            -0.0011984833022641028,
            0.30914296234817584,
            0.6088778081253575,
            0.029370871341828253,
            0.17145321186639687,
            -0.023864734618828622,
            0.5688488875668171,
            0.890800668416831,
            0.05273018865113957,
            0.1498813947126099,
            -0.034738331658475174,
            0.6848602514927513,
            1.0000000000000002,
            0.0,
            0.0,
            0.0
        ],
        [
            -3.581329865876278e-05,
            -0.00022144120274488502,
            0.0014613273816082547,
            -4.520272216878213e-05,
            5.796484553669617e-07,
            -0.027059094776559427,
            -0.029370871341828267,
            0.04339696976998754,
            -0.05022618310256305,
            0.006991029900293645,
            -0.1751141307377387,
            -0.05273018865113955,
            0.42931589551367766,
            -0.20672257309650943,
            0.04791253323529256,
            0.0,
            0.0,
            1.0000000000000004,
            0.0,
            0.0
        ],
        [
            -0.015115335352100252,
            -0.09346131648340553,
            -4.520272216878213e-05,
            -0.017616794276500085,
            0.00024464601467406974,
            -0.1579581571021095,
            -0.17145321186639687,
            -0.05022618310256303,
            -0.2411956379359388,
            0.04081031565966299,
            -0.49774807980497127,
            -0.1498813947126099,
            -0.2067225730965097,
            -0.0855490430529617,
            0.1361875898648949,
            0.0,
            0.0,
            0.0,
            1.0000000000000004,
            0.0
        ],
        [
            0.00019382860962407832,
            0.0011984833022641026,
            5.796484553669617e-07,
            0.00024464601467406974,
            0.001458297310675772,
            0.021986345190538208,
            0.023864734618828622,
            0.006991029900293643,
            0.04081031565966299,
            0.04632056276373446,
            0.11536413783571177,
            0.034738331658475154,
            0.04791253323529256,
            0.1361875898648947,
            0.4704790473856141,
            0.0,
            0.0,
            0.0,
            0.0,
            1.0000000000000004
        ]
    ],
    "h": [
        [
            -0.22778987976429188,
            -0.44918510279285195,
            0.07650219469496289,
            -0.2385574269898032,
            -0.0542687431156938,
            -0.5400589358647236,
            -0.44061135953415054,
            -0.012394500138780351,
            0.03655465334252772,
            0.010006737768568696,
            -0.21080860508380458,
            -0.2883343468662778,
            -0.010281484138009438,
            0.28333494202860343,
            -0.0017539425858727094,
            -0.01086394248297158,
            -0.13324711773688225,
            0.005295080741810478,
            0.0641854790937822,
            -0.004657264730116695
        ],
        [
            -0.44918510279285195,
            -0.3056914724321498,
            0.06658619801528787,
            -0.21202651914517398,
            -0.04704312154867657,
            -0.5155249143502618,
            -0.3620354302597344,
            -0.05918902573830706,
            0.09102192886372323,
            0.04666364292988187,
            -0.31301018070466,
            -0.30018658348411453,
            -0.012640429480884549,
            0.17673562663791373,
            -0.00027401105729434744,
            -0.13645407863755032,
            -0.19363574959695196,
            0.026925548504591168,
            0.11348509379861607,
            -0.01890633119207783
        ],
        [
            0.07650219469496289,
            0.06658619801528787,
            1.4755350911634564,
            0.06742604165753066,
            0.015274292696797934,
            0.018879619000149228,
            0.060108858390652525,
            0.2315189129153885,
            0.2758701184034084,
            0.06130345102609458,
            0.04553455576533496,
            0.04722124903202895,
            -0.03970773318568689,
            -0.06055216424875481,
            0.0004634825836940977,
            0.004752963033298517,
            0.023531286376217694,
            -0.00579786708366704,
            -0.007200819447637906,
            0.0008658904510343073
        ],
        [
            -0.2385574269898032,
            -0.21202651914517398,
            0.06742604165753066,
            1.2810377518270266,
            -0.04772156444062178,
            -0.07437921400108016,
            -0.20010976180811685,
            0.2662999943370892,
            -0.5568277072103819,
            -0.1877839986598065,
            -0.20986661553716018,
            -0.1604552905854731,
            -0.013427619040075722,
            0.19210347107263837,
            0.0007230214738895221,
            -0.06178229452506057,
            -0.10463678911497865,
            0.007762599192879071,
            0.08449146189517198,
            -0.006260000103851375
        ],
        [
            -0.0542687431156938,
            -0.04704312154867657,
            0.015274292696797934,
            -0.04772156444062178,
            1.4861615680673483,
            -0.012542694690155565,
            -0.04212197481532466,
            0.06188188066656916,
            -0.19639201397355127,
            0.2741082232928344,
            -0.029625101685269037,
            -0.033067487572531085,
            -0.0015507977593896471,
            0.04096007262930247,
            -0.0426108851607183,
            -0.0024120131107900284,
            -0.01592794978500168,
            0.0006903814172617031,
            0.004112708600406208,
            -0.0052081964776102135
        ],
        [
            -0.5400589358647236,
            -0.5155249143502618,
            0.018879619000149228,
            -0.07437921400108016,
            -0.012542694690155565,
            -0.39785916266903953,
            -0.5799103656742606,
            -0.07581274412084685,
            0.011668984142648858,
            0.064048145926791,
            -0.5024973917336655,
            -0.49262010565051373,
            -0.021569156870659897,
            0.04752257408323102,
            0.011555123249764071,
            -0.25302943432504754,
            -0.3329091912944959,
            0.05817228525553662,
            0.23673854157401594,
            -0.041777144741893604
        ],
        [
            -0.44061135953415054,
            -0.3620354302597344,
            0.060108858390652525,
            -0.20010976180811685,
            -0.04212197481532466,
            -0.5799103656742606,
            -0.4303849537669886,
            -0.06535770312421786,
            -0.015743238812007246,
            0.055541181155792096,
            -0.5047201647212212,
            -0.40525314378503574,
            -0.039203754317274915,
            0.11597788394147801,
            0.016116369126735242,
            -0.32110092746395014,
            -0.3135052065195014,
            0.05861423947709347,
            0.1851692612708023,
            -0.03959121541718652
        ],
        [
            -0.012394500138780351,
            -0.05918902573830706,
            0.2315189129153885,
            0.2662999943370892,
            0.06188188066656916,
            -0.07581274412084685,
            -0.06535770312421786,
            1.397765567822134,
            0.057901987516158694,
            0.015299972179855861,
            -0.022235610604366723,
            -0.04132193130682945,
            0.3316721934916137,
            -0.003331841812233942,
            0.0025941008987907565,
            -0.021658018404770787,
            -0.02004585038420225,
            -0.04214505970808198,
            0.014097629490003982,
            -0.002805213419571788
        ],
        [
            0.03655465334252772,
            0.09102192886372323,
            0.2758701184034084,
            -0.5568277072103819,
            -0.19639201397355127,
            0.011668984142648858,
            -0.015743238812007246,
            0.057901987516158694,
            0.9234866316354278,
            -0.0292930628728807,
            -0.07601002370610566,
            -0.13566888120570603,
            -0.04519118012285312,
            -0.783630252253028,
            0.07832934025739123,
            -0.31486080190579036,
            -0.18673656550413362,
            0.06862102676938936,
            0.16831337403456637,
            -0.04651336303079173
        ],
        [
            0.010006737768568696,
            0.04666364292988187,
            0.06130345102609458,
            -0.1877839986598065,
            0.2741082232928344,
            0.064048145926791,
            0.055541181155792096,
            0.015299972179855861,
            -0.0292930628728807,
            1.4071736472397545,
            0.018833514320394304,
            0.03898847375463418,
            0.004206652956798226,
            0.05038360505478302,
            0.3299754593699753,
            0.025131073701083632,
            0.023119500180929946,
            -0.005513104233576682,
            -0.018677603330503223,
            -0.04247110828068969
        ],
        [
            -0.21080860508380458,
            -0.31301018070466,
            0.04553455576533496,
            -0.20986661553716018,
            -0.029625101685269037,
            -0.5024973917336655,
            -0.5047201647212212,
            -0.022235610604366723,
            -0.07601002370610566,
            0.018833514320394304,
            -0.46052707635161005,
            -0.6040537950129199,
            -0.08941075315119582,
            -0.06184729286505798,
            0.04868209502285174,
            -0.6041186124573583,
            -0.5510843141309065,
            0.017749595758448145,
            0.07018134373037233,
            -0.013048892262956663
        ],
        [
            -0.2883343468662778,
            -0.30018658348411453,
            0.04722124903202895,
            -0.1604552905854731,
            -0.033067487572531085,
            -0.49262010565051373,
            -0.40525314378503574,
            -0.04132193130682945,
            -0.13566888120570603,
            0.03898847375463418,
            -0.6040537950129199,
            -0.43165564180281124,
            -0.06936965117048563,
            -0.008464686690630968,
            0.03656913343897858,
            -0.47572762344814357,
            -0.36947928125265905,
            0.07537448091819562,
            0.23119100573057622,
            -0.05077894119019903
        ],
        [
            -0.010281484138009438,
            -0.012640429480884549,
            -0.03970773318568689,
            -0.013427619040075722,
            -0.0015507977593896471,
            -0.021569156870659897,
            -0.039203754317274915,
            0.3316721934916137,
            -0.04519118012285312,
            0.004206652956798226,
            -0.08941075315119582,
            -0.06936965117048563,
            1.371947893611855,
            -0.08894308055910236,
            0.019745518821951455,
            -0.006403250832694163,
            -0.06737774019495707,
            0.3432024025350462,
            -0.2914641496843857,
            0.0678302821910477
        ],
        [
            0.28333494202860343,
            0.17673562663791373,
            -0.06055216424875481,
            0.19210347107263837,
            0.04096007262930247,
            0.04752257408323102,
            0.11597788394147801,
            -0.003331841812233942,
            -0.783630252253028,
            0.05038360505478302,
            -0.06184729286505798,
            -0.008464686690630968,
            -0.08894308055910236,
            0.8783334942821452,
            0.07069578488855233,
            -0.005806106857443649,
            -0.09945027415871005,
            -0.30294991933186866,
            -0.43661333497433374,
            0.2003587720250118
        ],
        [
            -0.0017539425858727094,
            -0.00027401105729434744,
            0.0004634825836940977,
            0.0007230214738895221,
            -0.0426108851607183,
            0.011555123249764071,
            0.016116369126735242,
            0.0025941008987907565,
            0.07832934025739123,
            0.3299754593699753,
            0.04868209502285174,
            0.03656913343897858,
            0.019745518821951455,
            0.07069578488855233,
            1.387912092204787,
            0.00237256736533753,
            0.03927721504870794,
            0.06863266385598218,
            0.1950511346435852,
            0.40124388268254807
        ],
        [
            -0.01086394248297158,
            -0.13645407863755032,
            0.004752963033298517,
            -0.06178229452506057,
            -0.0024120131107900284,
            -0.25302943432504754,
            -0.32110092746395014,
            -0.021658018404770787,
            -0.31486080190579036,
            0.025131073701083632,
            -0.6041186124573583,
            -0.47572762344814357,
            -0.006403250832694163,
            -0.005806106857443649,
            0.00237256736533753,
            -0.29392011429256226,
            -0.47787874652999274,
            0.10037461495715802,
            0.28636653975220094,
            -0.06661683603456568
        ],
        [
            -0.13324711773688225,
            -0.19363574959695196,
            0.023531286376217694,
            -0.10463678911497865,
            -0.01592794978500168,
            -0.3329091912944959,
            -0.3135052065195014,
            -0.02004585038420225,
            -0.18673656550413362,
            0.023119500180929946,
            -0.5510843141309065,
            -0.36947928125265905,
            -0.06737774019495707,
            -0.09945027415871005,
            0.03927721504870794,
            -0.47787874652999274,
            -0.3156901876295475,
            0.08104239424731505,
            0.23769397569836823,
            -0.0541117924625353
        ],
        [
            0.005295080741810478,
            0.026925548504591168,
            -0.00579786708366704,
            0.007762599192879071,
            0.0006903814172617031,
            0.05817228525553662,
            0.05861423947709347,
            -0.04214505970808198,
            0.06862102676938936,
            -0.005513104233576682,
            0.017749595758448145,
            0.07537448091819562,
            0.3432024025350462,
            -0.30294991933186866,
            0.06863266385598218,
            0.10037461495715802,
            0.08104239424731505,
            1.4413997724961929,
            -0.08863325696283797,
            0.020368991343429177
        ],
        [
            0.0641854790937822,
            0.11348509379861607,
            -0.007200819447637906,
            0.08449146189517198,
            0.004112708600406208,
            0.23673854157401594,
            0.1851692612708023,
            0.014097629490003982,
            0.16831337403456637,
            -0.018677603330503223,
            0.07018134373037233,
            0.23119100573057622,
            -0.2914641496843857,
            -0.43661333497433374,
            0.1950511346435852,
            0.28636653975220094,
            0.23769397569836823,
            -0.08863325696283797,
            1.2110297395551972,
            0.059019282405348636
        ],
        [
            -0.004657264730116695,
            -0.01890633119207783,
            0.0008658904510343073,
            -0.006260000103851375,
            -0.0052081964776102135,
            -0.041777144741893604,
            -0.03959121541718652,
            -0.002805213419571788,
            -0.04651336303079173,
            -0.04247110828068969,
            -0.013048892262956663,
            -0.05077894119019903,
            0.0678302821910477,
            0.2003587720250118,
            0.40124388268254807,
            -0.06661683603456568,
            -0.0541117924625353,
            0.020368991343429177,
            0.059019282405348636,
            1.4586244512878563
        ]
    ]
}