{
    "HF": -2.1041275905986923,
    "coordinates": [
        [
            0.829042,
            -0.04324,
            -0.051355
        ],
        [
            1.504894,
            0.192775,
            0.019929
        ],
        [
            2.165346,
            0.096544,
            -0.077874
        ],
        [
            2.894731,
            -0.118879,
            0.125364
        ]
    ],
    "elements": [
        "H",
        "H",
        "H",
        "H"
    ],
    "Enn": 3.211614938565313,
    "S": [
        [
            0.9999999999999999,
            0.6848602514927513,
            0.0,
            0.0,
            0.0,
            0.5873579167581289,
            0.5714944423056624,
            -0.05370036938255522,
            -0.5091395270739398,
            -0.17779715896728263,
            0.18392173880894652,
            0.3644256964761167,
            0.004668103849461015,
            -0.23522779314642905,
            -0.024605989233872257,
            0.0227393652914902,
            0.15262449256851163,
            -0.002445177397212734,
            -0.028581963753025845,
            0.001046581143780657
        ],
        [
            0.6848602514927513,
            1.0000000000000002,
            0.0,
            0.0,
            0.0,
            0.5714944423056624,
            0.893380453266631,
            -0.015991502745878728,
            -0.15161732105111433,
            -0.052946446896478455,
            0.36442569647611683,
            0.6747592636105487,
            0.0036788264305654844,
            -0.18537767164939808,
            -0.019391420256049126,
            0.15262449256851163,
            0.3915796186727762,
            -0.009653793698482072,
            -0.11284432036862889,
            0.0041320022270354894
        ],
        [
            0.0,
            0.0,
            1.0000000000000004,
            0.0,
            0.0,
            0.05370036938255522,
            0.015991502745878728,
            0.5040318330564241,
            -0.06388533688524338,
            -0.022309466843289244,
            -0.004668103849461015,
            -0.00367882643056549,
            0.09574179872585628,
            0.008824493474174242,
            0.0009230856121017168,
            0.0024451773972127334,
            0.009653793698482063,
            0.0034426051415905293,
            -0.003550491714682207,
            0.00013000778084544553
        ],
        [
            0.0,
            0.0,
            0.0,
            1.0000000000000004,
            0.0,
            0.5091395270739398,
            0.15161732105111433,
            -0.06388533688524342,
            -0.09493440542719424,
            -0.21151868280358463,
            0.23522779314642894,
            0.1853776716493979,
            0.008824493474174246,
            -0.3487531617555877,
            -0.04651468742388371,
            0.028581963753025845,
            0.1128443203686288,
            -0.0035504917146822095,
            -0.03775576319684605,
            0.0015196761118320477
        ],
        [
            0.0,
            0.0,
            0.0,
            0.0,
            1.0000000000000004,
            0.17779715896728257,
            0.05294644689647842,
            -0.022309466843289237,
            -0.21151868280358446,
            0.43690533262828257,
            0.02460598923387225,
            0.0193914202560491,
            0.0009230856121017168,
            -0.0465146874238837,
            0.09105125501393255,
            -0.0010465811437806573,
            -0.004132002227035492,
            0.00013000778084544558,
            0.0015196761118320475,
            0.0036907027806369007
        ],
        [
            0.5873579167581289,
            0.5714944423056624,
            0.05370036938255522,
            0.5091395270739398,
            0.17779715896728263,
            0.9999999999999999,
            0.6848602514927513,
            0.0,
            0.0,
            0.0,
            0.6238835220667256,
            0.5841242373934014,
            0.07950141508857467,
            -0.536863578807187,
            0.07822357877967578,
            0.1502989318230703,
            0.3358638237653795,
            -0.01448805201527577,
            -0.19098051642011504,
            0.04282505204883345
        ],
        [
            0.5714944423056624,
            0.893380453266631,
            0.015991502745878728,
            0.15161732105111433,
            0.05294644689647846,
            0.6848602514927513,
            1.0000000000000002,
            0.0,
            0.0,
            0.0,
            0.5841242373934014,
            0.9056341667252841,
            0.022458552186122686,
            -0.15165992565084002,
            0.022097573033779856,
            0.3358638237653795,
            0.641234725500093,
            -0.013403984908237292,
            -0.17669041753601544,
            0.03962067162319711
        ],
        [
            -0.05370036938255522,
            -0.015991502745878725,
            0.5040318330564241,
            -0.06388533688524342,
            -0.022309466843289244,
            0.0,
            0.0,
            1.0000000000000004,
            0.0,
            0.0,
            -0.07950141508857467,
            -0.022458552186122676,
            0.5402065328346681,
            0.09289805107152363,
            -0.013535688214531555,
            0.014488052015275778,
            0.013403984908237292,
            0.0687532161158036,
            -0.026933460302131805,
            0.006039500054323338
        ],
        [
            -0.5091395270739398,
            -0.15161732105111433,
            -0.06388533688524338,
            -0.09493440542719424,
            -0.21151868280358452,
            0.0,
            0.0,
            0.0,
            1.0000000000000004,
            0.0,
            0.536863578807187,
            0.15165992565083997,
            0.09289805107152363,
            -0.07336612871402856,
            0.09140488893657449,
            0.19098051642011513,
            0.17669041753601544,
            -0.026933460302131815,
            -0.2842386156228351,
            0.07961227900602824
        ],
        [
            -0.17779715896728257,
            -0.05294644689647844,
            -0.022309466843289237,
            -0.2115186828035846,
            0.43690533262828257,
            0.0,
            0.0,
            0.0,
            0.0,
            1.0000000000000004,
            -0.07822357877967573,
            -0.02209757303377985,
            -0.013535688214531546,
            0.09140488893657443,
            0.540645208501776,
            -0.04282505204883348,
            -0.03962067162319711,
            0.006039500054323342,
            0.07961227900602827,
            0.05294434369811039
        ],
        [
            0.18392173880894652,
            0.3644256964761167,
            -0.004668103849461015,
            0.23522779314642894,
            0.024605989233872257,
            0.6238835220667256,
            0.5841242373934014,
            -0.07950141508857467,
            0.536863578807187,
            -0.07822357877967573,
            0.9999999999999999,
            0.6848602514927513,
            0.0,
            0.0,
            0.0,
            0.5329568933205393,
            0.5514506512029523,
            -0.1353998508653299,
            -0.48592595982743697,
            0.1435176594581818
        ],
        [
            0.36442569647611683,
            0.6747592636105487,
            -0.0036788264305654917,
            0.18537767164939808,
            0.01939142025604912,
            0.5841242373934014,
            0.9056341667252841,
            -0.022458552186122686,
            0.15165992565084002,
            -0.022097573033779856,
            0.6848602514927513,
            1.0000000000000002,
            0.0,
            0.0,
            0.0,
            0.5514506512029523,
            0.873719721756609,
            -0.0438885270531485,
            -0.15750811021886066,
            0.04651983469316963
        ],
        [
            0.004668103849461015,
            0.003678826430565483,
            0.09574179872585628,
            0.008824493474174246,
            0.0009230856121017168,
            0.07950141508857467,
            0.02245855218612268,
            0.5402065328346681,
            0.09289805107152363,
            -0.013535688214531546,
            0.0,
            0.0,
            1.0000000000000004,
            0.0,
            0.0,
            0.13539985086532985,
            0.04388852705314847,
            0.39936694810937323,
            -0.17215890791752725,
            0.050846930524095606
        ],
        [
            -0.23522779314642894,
            -0.18537767164939778,
            0.008824493474174242,
            -0.3487531617555877,
            -0.0465146874238837,
            -0.536863578807187,
            -0.15165992565083997,
            0.09289805107152363,
            -0.07336612871402856,
            0.09140488893657443,
            0.0,
            0.0,
            0.0,
            1.0000000000000004,
            0.0,
            0.48592595982743697,
            0.1575081102188599,
            -0.17215890791752733,
            -0.17050985456380433,
            0.18248058148730792
        ],
        [
            -0.02460598923387225,
            -0.019391420256049105,
            0.0009230856121017168,
            -0.04651468742388371,
            0.09105125501393255,
            0.07822357877967578,
            0.02209757303377985,
            -0.013535688214531555,
            0.09140488893657449,
            0.540645208501776,
            0.0,
            0.0,
            0.0,
            0.0,
            1.0000000000000004,
            -0.1435176594581818,
            -0.046519834693169594,
            0.050846930524095627,
            0.18248058148730792,
            0.3934423922460118
        ],
        [
            0.0227393652914902,
            0.15262449256851163,
            0.002445177397212734,
            0.028581963753025845,
            -0.0010465811437806566,
            0.1502989318230703,
            0.3358638237653795,
            0.01448805201527577,
            0.19098051642011504,
            -0.04282505204883345,
            0.5329568933205393,
            0.5514506512029523,
            0.1353998508653299,
            0.48592595982743697,
            -0.1435176594581818,
            0.9999999999999999,
            0.6848602514927513,
            0.0,
            0.0,
            0.0
        ],
        [
            0.15262449256851163,
            0.3915796186727762,
            0.009653793698482072,
            0.11284432036862889,
            -0.0041320022270354894,
            0.3358638237653795,
            0.641234725500093,
            0.013403984908237292,
            0.17669041753601566,
            -0.03962067162319711,
            0.5514506512029523,
            0.873719721756609,
            0.0438885270531485,
            0.15750811021886066,
            -0.04651983469316963,
            0.6848602514927513,
            1.0000000000000002,
            0.0,
            0.0,
            0.0
        ],
        [
            -0.0024451773972127334,
            -0.00965379369848206,
            0.0034426051415905293,
            -0.0035504917146822077,
            0.0001300077808454455,
            -0.014488052015275778,
            -0.013403984908237292,
            0.0687532161158036,
            -0.026933460302131815,
            0.00603950005432334,
            -0.13539985086532985,
            -0.04388852705314847,
            0.39936694810937323,
            -0.17215890791752725,
            0.050846930524095606,
            0.0,
            0.0,
            1.0000000000000004,
            0.0,
            0.0
        ],
        [
            -0.028581963753025845,
            -0.11284432036862889,
            -0.0035504917146822086,
            -0.03775576319684605,
            0.0015196761118320473,
            -0.19098051642011513,
            -0.17669041753601544,
            -0.026933460302131805,
            -0.2842386156228351,
            0.07961227900602824,
            -0.48592595982743697,
            -0.1575081102188599,
            -0.17215890791752733,
            -0.17050985456380433,
            0.18248058148730792,
            0.0,
            0.0,
            0.0,
            1.0000000000000004,
            0.0
        ],
        [
            0.001046581143780657,
            0.0041320022270354894,
            0.0001300077808454456,
            0.0015196761118320481,
            0.0036907027806369007,
            0.04282505204883348,
            0.03962067162319711,
            0.00603950005432334,
            0.07961227900602827,
            0.05294434369811039,
            0.1435176594581818,
            0.046519834693169594,
            0.050846930524095627,
            0.18248058148730792,
            0.3934423922460118,
            0.0,
            0.0,
            0.0,
            0.0,
            1.0000000000000004
        ]
    ],
    "h": [
        [
            -0.31098578898815776,
            -0.4865628624777879,
            -0.0276106860829589,
            -0.30717028529892587,
            -0.10341388529348831,
            -0.6265793598437104,
            -0.4827040811004699,
            0.01621575090906975,
            -0.0010533280275506485,
            0.017116707611407767,
            -0.33885046431540067,
            -0.3609118338086251,
            -0.02432369167025758,
            0.3724919057910411,
            -0.0158294629148363,
            -0.034885002015310425,
            -0.1711992510402918,
            0.010660296456845733,
            0.1022409444434433,
            -0.013826571784043536
        ],
        [
            -0.4865628624777879,
            -0.3244562156126032,
            -0.0211081006933979,
            -0.2580670443329887,
            -0.08215439910839537,
            -0.5793482665876186,
            -0.3794049469457781,
            0.04189627742709276,
            0.07816558327689177,
            0.09102449726331263,
            -0.40468903952414154,
            -0.3398367623428642,
            -0.03975066127829639,
            0.22646055577262475,
            -0.010723951836913118,
            -0.16697367671616098,
            -0.22265923128051857,
            0.025845323183747396,
            0.13483008732848592,
            -0.03279928254522007
        ],
        [
            -0.0276106860829589,
            -0.0211081006933979,
            1.4614830809627604,
            -0.025245465347823345,
            -0.00911030762096618,
            -0.00035868015395161545,
            -0.018654097074253743,
            0.4420040886452278,
            -0.09316809262780275,
            -0.03222054418417889,
            -0.013342410142998097,
            -0.016655907253024217,
            -0.04343004640774076,
            0.02562551068923916,
            -0.0008008180526187731,
            -0.004654012918698254,
            -0.00845433176556467,
            -0.009346405363563647,
            0.010032558859940139,
            -0.0009312878346309952
        ],
        [
            -0.30717028529892587,
            -0.2580670443329887,
            -0.025245465347823345,
            1.1697039629351624,
            -0.09303942500247682,
            -0.11137997859965632,
            -0.25885109481251084,
            -0.07372403563824304,
            -0.4835144442621478,
            -0.2783774964703965,
            -0.29995590422418195,
            -0.22296871582804834,
            -0.031640109785972335,
            0.06147546050154695,
            -0.03889638907434308,
            -0.10682475767961847,
            -0.14862340980972805,
            0.018343721075267317,
            0.14196463353742567,
            -0.01834973016323724
        ],
        [
            -0.10341388529348831,
            -0.08215439910839537,
            -0.00911030762096618,
            -0.09303942500247682,
            1.4325972351222838,
            -0.020094785541717675,
            -0.07593901716326157,
            -0.02873895155105098,
            -0.3105518613504955,
            0.34913052885336515,
            -0.0660480370436885,
            -0.06434568957676604,
            -0.008195524207038073,
            0.06965893302591064,
            -0.04910731018055012,
            -0.0053614165849496555,
            -0.03129258932341532,
            0.0010742681368975896,
            0.008405634205926028,
            -0.012169809309082938
        ],
        [
            -0.6265793598437104,
            -0.5793482665876186,
            -0.00035868015395161545,
            -0.11137997859965632,
            -0.020094785541717675,
            -0.5476413365552819,
            -0.6436050302080437,
            0.06972986285823649,
            -0.004757225039993582,
            0.1372066522950553,
            -0.621278324927572,
            -0.5746692777854037,
            -0.01836452073137404,
            0.07951002615791913,
            0.021197522494438834,
            -0.2893185425081877,
            -0.38153992435911044,
            0.04615209300967066,
            0.268076388987724,
            -0.0675884733977345
        ],
        [
            -0.4827040811004699,
            -0.3794049469457781,
            -0.018654097074253743,
            -0.25885109481251084,
            -0.07593901716326157,
            -0.6436050302080437,
            -0.44461700832905127,
            0.05146629887645697,
            -0.031035887870512063,
            0.10750870409854715,
            -0.5664259775199154,
            -0.4304234336665278,
            -0.06301501602211725,
            0.17296508469643407,
            0.007719583502688077,
            -0.3279888898798238,
            -0.32645327039136485,
            0.04563933730561752,
            0.19193970661902748,
            -0.053912733552067826
        ],
        [
            0.01621575090906975,
            0.04189627742709276,
            0.4420040886452278,
            -0.07372403563824304,
            -0.02873895155105098,
            0.06972986285823649,
            0.05146629887645697,
            1.3586159492304175,
            0.010236971506622047,
            -0.015324161431684372,
            0.003969684181832078,
            0.041164682446528905,
            0.4850962305356856,
            0.11916298075166346,
            -0.01994560558935623,
            0.009581489798922645,
            0.026936275022746536,
            -0.050633322486071636,
            -0.027381666329193165,
            0.006888501239261273
        ],
        [
            -0.0010533280275506485,
            0.07816558327689177,
            -0.09316809262780275,
            -0.4835144442621478,
            -0.3105518613504955,
            -0.004757225039993582,
            -0.031035887870512063,
            0.010236971506622047,
            0.7476843745483801,
            -0.03971401343527231,
            -0.03550416262671696,
            -0.14413404980132943,
            0.1113600247161646,
            -0.621893417091639,
            0.1620532563160361,
            -0.3405327938792946,
            -0.20984129927827214,
            0.05294067787932924,
            0.12053524243271718,
            -0.053724916190860145
        ],
        [
            0.017116707611407767,
            0.09102449726331263,
            -0.03222054418417889,
            -0.2783774964703965,
            0.34913052885336515,
            0.1372066522950553,
            0.10750870409854715,
            -0.015324161431684372,
            -0.03971401343527231,
            1.3300711993907948,
            0.0424450257927565,
            0.08626348283313015,
            -0.013634249770795168,
            0.10410851353520806,
            0.48108414957772827,
            0.050456269048175975,
            0.05269371846417577,
            -0.008448893071249526,
            -0.02724917832139634,
            -0.03798936961028894
        ],
        [
            -0.33885046431540067,
            -0.40468903952414154,
            -0.013342410142998097,
            -0.29995590422418195,
            -0.0660480370436885,
            -0.621278324927572,
            -0.5664259775199154,
            0.003969684181832078,
            -0.03550416262671696,
            0.0424450257927565,
            -0.5037008526848223,
            -0.6300975193638848,
            -0.10655988590869407,
            0.05559890838145656,
            0.03122890934973488,
            -0.5715468611075467,
            -0.551405187299794,
            0.01410803507708519,
            0.0972940585604456,
            -0.025627411465340477
        ],
        [
            -0.3609118338086251,
            -0.3398367623428642,
            -0.016655907253024217,
            -0.22296871582804834,
            -0.06434568957676604,
            -0.5746692777854037,
            -0.4304234336665278,
            0.041164682446528905,
            -0.14413404980132943,
            0.08626348283313015,
            -0.6300975193638848,
            -0.44695382973920594,
            -0.08390412051105782,
            0.05938093560137312,
            0.02782430514616163,
            -0.4524311396959082,
            -0.37172198337617335,
            0.0528449760741323,
            0.22489365327092103,
            -0.06412667462084645
        ],
        [
            -0.02432369167025758,
            -0.03975066127829639,
            -0.04343004640774076,
            -0.031640109785972335,
            -0.008195524207038073,
            -0.01836452073137404,
            -0.06301501602211725,
            0.4850962305356856,
            0.1113600247161646,
            -0.013634249770795168,
            -0.10655988590869407,
            -0.08390412051105782,
            1.3592138441645998,
            -0.021388989985372822,
            0.01205433893873117,
            -0.02001212636993782,
            -0.07108525824512055,
            0.3003098243141029,
            -0.2190083480636214,
            0.06546283476358412
        ],
        [
            0.3724919057910411,
            0.22646055577262475,
            0.02562551068923916,
            0.06147546050154695,
            0.06965893302591064,
            0.07951002615791913,
            0.17296508469643407,
            0.11916298075166346,
            -0.621893417091639,
            0.10410851353520806,
            0.05559890838145656,
            0.05938093560137312,
            -0.021388989985372822,
            0.7749115433736289,
            0.10578752811274417,
            -0.024306131479071236,
            -0.0717480052585511,
            -0.24263999993477536,
            -0.5371318802725876,
            0.2606317484865488
        ],
        [
            -0.0158294629148363,
            -0.010723951836913118,
            -0.0008008180526187731,
            -0.03889638907434308,
            -0.04910731018055012,
            0.021197522494438834,
            0.007719583502688077,
            -0.01994560558935623,
            0.1620532563160361,
            0.48108414957772827,
            0.03122890934973488,
            0.02782430514616163,
            0.01205433893873117,
            0.10578752811274417,
            1.35774765618002,
            0.003314423854227644,
            0.0387021740289169,
            0.07093842985020783,
            0.25494089342146914,
            0.28926361728502636
        ],
        [
            -0.034885002015310425,
            -0.16697367671616098,
            -0.004654012918698254,
            -0.10682475767961847,
            -0.0053614165849496555,
            -0.2893185425081877,
            -0.3279888898798238,
            0.009581489798922645,
            -0.3405327938792946,
            0.050456269048175975,
            -0.5715468611075467,
            -0.4524311396959082,
            -0.02001212636993782,
            -0.024306131479071236,
            0.003314423854227644,
            -0.25589895290737164,
            -0.4626244804104631,
            0.0696574894440438,
            0.2620796629665822,
            -0.0786669043326437
        ],
        [
            -0.1711992510402918,
            -0.22265923128051857,
            -0.00845433176556467,
            -0.14862340980972805,
            -0.03129258932341532,
            -0.38153992435911044,
            -0.32645327039136485,
            0.026936275022746536,
            -0.20984129927827214,
            0.05269371846417577,
            -0.551405187299794,
            -0.37172198337617335,
            -0.07108525824512055,
            -0.0717480052585511,
            0.0387021740289169,
            -0.4626244804104631,
            -0.31407769297449994,
            0.05843642714933834,
            0.22998484525633447,
            -0.06785027855152813
        ],
        [
            0.010660296456845733,
            0.025845323183747396,
            -0.009346405363563647,
            0.018343721075267317,
            0.0010742681368975896,
            0.04615209300967066,
            0.04563933730561752,
            -0.050633322486071636,
            0.05294067787932924,
            -0.008448893071249526,
            0.01410803507708519,
            0.0528449760741323,
            0.3003098243141029,
            -0.24263999993477536,
            0.07093842985020783,
            0.0696574894440438,
            0.05843642714933834,
            1.4742607306270488,
            -0.062231098398370495,
            0.01841871761598737
        ],
        [
            0.1022409444434433,
            0.13483008732848592,
            0.010032558859940139,
            0.14196463353742567,
            0.008405634205926028,
            0.268076388987724,
            0.19193970661902748,
            -0.027381666329193165,
            0.12053524243271718,
            -0.02724917832139634,
            0.0972940585604456,
            0.22489365327092103,
            -0.2190083480636214,
            -0.5371318802725876,
            0.25494089342146914,
            0.2620796629665822,
            0.22998484525633447,
            -0.062231098398370495,
            1.247236008584017,
            0.07078055000995712
        ],
        [
            -0.013826571784043536,
            -0.03279928254522007,
            -0.0009312878346309952,
            -0.01834973016323724,
            -0.012169809309082938,
            -0.0675884733977345,
            -0.053912733552067826,
            0.006888501239261273,
            -0.053724916190860145,
            -0.03798936961028894,
            -0.025627411465340477,
            -0.06412667462084645,
            0.06546283476358412,
            0.2606317484865488,
            0.28926361728502636,
            -0.0786669043326437,
            -0.06785027855152813,
            0.01841871761598737,
            0.07078055000995712,
            1.4704983025772858
        ]
    ]
}