{
    "HF": -2.1548981929089956,
    "coordinates": [
        [
            0.697301,
            -0.12211,
            -0.105767
        ],
        [
            1.39267,
            0.022989,
            0.100867
        ],
        [
            2.136743,
            0.028823,
            -0.178835
        ],
        [
            2.92071,
            0.180965,
            0.109284
        ]
    ],
    "elements": [
        "H",
        "H",
        "H",
        "H"
    ],
    "Enn": 2.9486825932868994,
    "S": [
        [
            0.9999999999999999,
            0.6848602514927513,
            0.0,
            0.0,
            0.0,
            0.5708844474261452,
            0.5655870309096621,
            -0.15016887592168415,
            -0.5053513994830746,
            -0.10544902449432547,
            0.14272768610325265,
            0.32888222032917674,
            0.009425298581483901,
            -0.18567869163968292,
            -0.019469379082486308,
            0.01208867604491536,
            0.1164606833174172,
            -0.0013762922316707348,
            -0.014229464334166294,
            -0.0019396318459974976
        ],
        [
            0.6848602514927513,
            1.0000000000000002,
            0.0,
            0.0,
            0.0,
            0.5655870309096621,
            0.8876136085116626,
            -0.0458439797812188,
            -0.15427510659662189,
            -0.03219177687251404,
            0.32888222032917674,
            0.6328777433348298,
            0.009082790316083037,
            -0.17893126756121983,
            -0.01876187648187116,
            0.11646068331741725,
            0.33056208967962536,
            -0.008789518960376592,
            -0.0908747021040217,
            -0.012387217259701825
        ],
        [
            0.0,
            0.0,
            1.0000000000000004,
            0.0,
            0.0,
            0.15016887592168415,
            0.045843979781218805,
            0.4369590237908833,
            -0.1833221469227107,
            -0.03825287034126973,
            -0.0094252985814839,
            -0.009082790316083033,
            0.06456539534887072,
            0.017877842347002106,
            0.0018745849981868445,
            0.0013762922316707356,
            0.008789518960376585,
            0.0012013561943340118,
            -0.0016947825601371048,
            -0.00023101742612967427
        ],
        [
            0.0,
            0.0,
            0.0,
            1.0000000000000004,
            0.0,
            0.5053513994830745,
            0.15427510659662166,
            -0.18332214692271065,
            -0.12548492635059633,
            -0.1287293484922055,
            0.18567869163968287,
            0.17893126756121974,
            0.017877842347002095,
            -0.28672118293018234,
            -0.036929386037117026,
            0.014229464334166306,
            0.09087470210402157,
            -0.0016947825601371042,
            -0.01615705320919929,
            -0.0023884856355634375
        ],
        [
            0.0,
            0.0,
            0.0,
            0.0,
            1.0000000000000004,
            0.10544902449432549,
            0.03219177687251404,
            -0.03825287034126973,
            -0.12872934849220555,
            0.46457326712119695,
            0.019469379082486308,
            0.01876187648187115,
            0.0018745849981868453,
            -0.03692938603711707,
            0.061600659820708115,
            0.0019396318459974987,
            0.012387217259701804,
            -0.0002310174261296742,
            -0.0023884856355634375,
            0.0010397010064408514
        ],
        [
            0.5708844474261452,
            0.5655870309096621,
            0.15016887592168415,
            0.5053513994830745,
            0.10544902449432549,
            0.9999999999999999,
            0.6848602514927513,
            0.0,
            0.0,
            0.0,
            0.5268604282941738,
            0.5491051971564883,
            0.18364719747203107,
            -0.488544669557624,
            -0.0038304972794325036,
            0.11433534032233655,
            0.30039201581461505,
            -0.0008283134388962186,
            -0.15037377535594337,
            -0.015546351885834475
        ],
        [
            0.5655870309096621,
            0.8876136085116626,
            0.0458439797812188,
            0.15427510659662189,
            0.032191776872514045,
            0.6848602514927513,
            1.0000000000000002,
            0.0,
            0.0,
            0.0,
            0.5491051971564883,
            0.8714014562178292,
            0.06012645032046762,
            -0.15995047682641308,
            -0.0012541122736684364,
            0.30039201581461505,
            0.5980529360106595,
            -0.0009496274855660016,
            -0.1723973842276664,
            -0.017823256701885976
        ],
        [
            -0.15016887592168415,
            -0.045843979781218805,
            0.4369590237908833,
            -0.18332214692271065,
            -0.03825287034126973,
            0.0,
            0.0,
            1.0000000000000004,
            0.0,
            0.0,
            -0.18364719747203107,
            -0.060126450320467664,
            0.35088126421777877,
            0.2379046994603608,
            0.0018653223765030377,
            0.0008283134388962156,
            0.0009496274855660013,
            0.04672054390128268,
            -0.0015603138777770175,
            -0.0001613126260802742
        ],
        [
            -0.5053513994830746,
            -0.15427510659662186,
            -0.1833221469227107,
            -0.12548492635059633,
            -0.12872934849220555,
            0.0,
            0.0,
            0.0,
            1.0000000000000004,
            0.0,
            0.48854466955762393,
            0.15995047682641275,
            0.23790469946036097,
            -0.192571139269364,
            -0.004962195539008462,
            0.1503737753559434,
            0.17239738422766634,
            -0.0015603138777770126,
            -0.23653354610307148,
            -0.029285035660651278
        ],
        [
            -0.10544902449432547,
            -0.03219177687251404,
            -0.03825287034126973,
            -0.1287293484922055,
            0.46457326712119695,
            0.0,
            0.0,
            0.0,
            0.0,
            1.0000000000000004,
            0.0038304972794324984,
            0.0012541122736684364,
            0.00186532237650304,
            -0.004962195539008465,
            0.44027231966487507,
            0.01554635188583448,
            0.017823256701885958,
            -0.00016131262608027355,
            -0.029285035660651257,
            0.04370151322694314
        ],
        [
            0.14272768610325265,
            0.32888222032917674,
            -0.009425298581483901,
            0.18567869163968298,
            0.019469379082486308,
            0.5268604282941738,
            0.5491051971564883,
            -0.18364719747203107,
            0.488544669557624,
            0.0038304972794324984,
            0.9999999999999999,
            0.6848602514927513,
            0.0,
            0.0,
            0.0,
            0.48477517171167434,
            0.5323181420740151,
            -0.1702481672069162,
            -0.46324242726340314,
            -0.08989999498538676
        ],
        [
            0.32888222032917674,
            0.6328777433348298,
            -0.009082790316083037,
            0.1789312675612199,
            0.018761876481871158,
            0.5491051971564883,
            0.8714014562178292,
            -0.06012645032046764,
            0.15995047682641275,
            0.0012541122736684364,
            0.6848602514927513,
            1.0000000000000002,
            0.0,
            0.0,
            0.0,
            0.5323181420740151,
            0.854697568389992,
            -0.0599164496251094,
            -0.16303166144283465,
            -0.0316390396984003
        ],
        [
            0.0094252985814839,
            0.009082790316083033,
            0.06456539534887072,
            0.017877842347002102,
            0.0018745849981868445,
            0.18364719747203107,
            0.060126450320467664,
            0.35088126421777877,
            0.23790469946036097,
            0.00186532237650304,
            0.0,
            0.0,
            1.0000000000000004,
            0.0,
            0.0,
            0.17024816720691616,
            0.05991644962510939,
            0.3077899633546158,
            -0.23007594106049248,
            -0.04465011132461627
        ],
        [
            -0.1856786916396829,
            -0.17893126756121974,
            0.0178778423470021,
            -0.28672118293018234,
            -0.03692938603711703,
            -0.4885446695576239,
            -0.15995047682641275,
            0.2379046994603608,
            -0.192571139269364,
            -0.004962195539008465,
            0.0,
            0.0,
            0.0,
            1.0000000000000004,
            0.0,
            0.46324242726340314,
            0.16303166144283462,
            -0.23007594106049248,
            -0.2336866660541008,
            -0.12149220920808919
        ],
        [
            -0.019469379082486308,
            -0.018761876481871154,
            0.0018745849981868453,
            -0.03692938603711706,
            0.061600659820708115,
            -0.0038304972794325036,
            -0.0012541122736684364,
            0.0018653223765030377,
            -0.004962195539008462,
            0.44027231966487507,
            0.0,
            0.0,
            0.0,
            0.0,
            1.0000000000000004,
            0.08989999498538674,
            0.03163903969840029,
            -0.04465011132461625,
            -0.12149220920808915,
            0.3687685279741354
        ],
        [
            0.01208867604491536,
            0.1164606833174172,
            0.0013762922316707348,
            0.014229464334166296,
            0.0019396318459974976,
            0.11433534032233655,
            0.30039201581461505,
            0.0008283134388962151,
            0.15037377535594337,
            0.015546351885834473,
            0.48477517171167434,
            0.5323181420740151,
            0.1702481672069162,
            0.46324242726340314,
            0.08989999498538676,
            0.9999999999999999,
            0.6848602514927513,
            0.0,
            0.0,
            0.0
        ],
        [
            0.11646068331741725,
            0.33056208967962536,
            0.008789518960376592,
            0.09087470210402167,
            0.012387217259701825,
            0.30039201581461505,
            0.5980529360106595,
            0.0009496274855660016,
            0.1723973842276664,
            0.01782325670188598,
            0.5323181420740151,
            0.854697568389992,
            0.0599164496251094,
            0.16303166144283465,
            0.03163903969840031,
            0.6848602514927513,
            1.0000000000000002,
            0.0,
            0.0,
            0.0
        ],
        [
            -0.0013762922316707356,
            -0.008789518960376585,
            0.0012013561943340118,
            -0.0016947825601371048,
            -0.00023101742612967427,
            -0.0008283134388962156,
            -0.0009496274855660013,
            0.04672054390128268,
            -0.0015603138777770126,
            -0.00016131262608027363,
            -0.17024816720691616,
            -0.05991644962510939,
            0.3077899633546158,
            -0.23007594106049248,
            -0.04465011132461627,
            0.0,
            0.0,
            1.0000000000000004,
            0.0,
            0.0
        ],
        [
            -0.014229464334166308,
            -0.09087470210402153,
            -0.0016947825601371042,
            -0.01615705320919929,
            -0.0023884856355634375,
            -0.15037377535594346,
            -0.17239738422766634,
            -0.0015603138777770175,
            -0.23653354610307142,
            -0.02928503566065127,
            -0.46324242726340314,
            -0.16303166144283462,
            -0.23007594106049248,
            -0.2336866660541008,
            -0.12149220920808919,
            0.0,
            0.0,
            0.0,
            1.0000000000000004,
            0.0
        ],
        [
            -0.0019396318459974987,
            -0.012387217259701804,
            -0.0002310174261296742,
            -0.0023884856355634375,
            0.0010397010064408514,
            -0.015546351885834479,
            -0.017823256701885948,
            -0.00016131262608027415,
            -0.029285035660651267,
            0.04370151322694314,
            -0.08989999498538671,
            -0.0316390396984003,
            -0.04465011132461625,
            -0.12149220920808915,
            0.3687685279741354,
            0.0,
            0.0,
            0.0,
            0.0,
            1.0000000000000004
        ]
    ],
    "h": [
        [
            -0.29475627377672065,
            -0.48133879432151616,
            -0.07817006818215246,
            -0.29291770116458954,
            -0.05864334335481642,
            -0.603181222849725,
            -0.4764375207597651,
            0.030763120764450036,
            0.011653375573582148,
            0.010121704783419089,
            -0.2747770502479966,
            -0.33321250879868725,
            -0.05555723346741361,
            0.3192902656111177,
            0.02101209855664075,
            -0.012933446726290224,
            -0.14029481559957013,
            0.005714868045126873,
            0.065689948767476,
            0.008468750616673076
        ],
        [
            -0.48133879432151616,
            -0.3223635267416536,
            -0.061117296200544284,
            -0.24666649699122542,
            -0.04797324217552984,
            -0.5534653513963428,
            -0.3749614502550902,
            0.10163056154247851,
            0.10231772983459117,
            0.042460700116623964,
            -0.34740658495833876,
            -0.32192556288446195,
            -0.07333184422256026,
            0.18949122154759873,
            0.0017614620728434727,
            -0.1356248276981416,
            -0.20000404161485913,
            0.02440089520056779,
            0.10994504440082581,
            0.017490209822289944
        ],
        [
            -0.07817006818215246,
            -0.061117296200544284,
            1.4484908728813777,
            -0.07042103635613446,
            -0.014888534891145933,
            -0.004068955332107549,
            -0.053792969720758296,
            0.3504262833477262,
            -0.26192807233221754,
            -0.05417622485887122,
            -0.027359289262978648,
            -0.043569879478009374,
            -0.05677617797793734,
            0.05127437700714331,
            0.0027383942110918965,
            -0.0028545552234722736,
            -0.018594672373656265,
            -0.0040100166320304175,
            0.00898336786928057,
            0.0011227140887676394
        ],
        [
            -0.29291770116458954,
            -0.24666649699122542,
            -0.07042103635613446,
            1.1961692433971203,
            -0.053938008666820816,
            -0.0856430964250785,
            -0.24141209613819958,
            -0.22612978669527173,
            -0.49104249009889905,
            -0.17765834024562976,
            -0.25084301086240157,
            -0.19678685982972227,
            -0.06281362028379861,
            0.11921826857106443,
            0.0011641720659415072,
            -0.06888166653443363,
            -0.12355389528527341,
            0.012189910573671614,
            0.08772891728792603,
            0.013043952309617034
        ],
        [
            -0.05864334335481642,
            -0.04797324217552984,
            -0.014888534891145933,
            -0.053938008666820816,
            1.4591223082537765,
            -0.011620042815511405,
            -0.045122844376332155,
            -0.04981002023940005,
            -0.18812744140120388,
            0.3890338005436135,
            -0.03820236475366537,
            -0.036637793536222193,
            -0.01088846273987708,
            0.035188633462430036,
            -0.04455693851892667,
            -0.00868070938913245,
            -0.020129448837166518,
            0.0015643083529342913,
            0.013049088365858923,
            -0.0028145682385397703
        ],
        [
            -0.603181222849725,
            -0.5534653513963428,
            -0.004068955332107549,
            -0.0856430964250785,
            -0.011620042815511405,
            -0.4611663988451591,
            -0.6063218717613248,
            0.15781191999147687,
            0.06306230427237183,
            0.054573328648087865,
            -0.5235153415023576,
            -0.5187147773650758,
            -0.030350784707050493,
            0.08375236657415142,
            0.0021561084339977764,
            -0.22674994496881576,
            -0.3252228877632968,
            0.03523475427843989,
            0.21713703943365756,
            0.031020014274281457
        ],
        [
            -0.4764375207597651,
            -0.3749614502550902,
            -0.053792969720758296,
            -0.24141209613819958,
            -0.045122844376332155,
            -0.6063218717613248,
            -0.4372485441810212,
            0.12793642743009126,
            0.011013431830164302,
            0.039735184288502125,
            -0.5059338226026675,
            -0.41712100304252053,
            -0.1037822951042042,
            0.13551013768557668,
            -0.011378322144770577,
            -0.29661582215507154,
            -0.3074091858882607,
            0.04926001151347624,
            0.1625219068394917,
            0.02889385921947239
        ],
        [
            0.030763120764450036,
            0.10163056154247851,
            0.3504262833477262,
            -0.22612978669527173,
            -0.04981002023940005,
            0.15781191999147687,
            0.12793642743009126,
            1.3451027330720762,
            0.003434327164323358,
            -0.014996427247883873,
            0.027782109471798155,
            0.10147838637806865,
            0.2281263191555759,
            0.2954691274207475,
            0.001228869258686754,
            0.03962235183865297,
            0.06629197724319993,
            -0.054703309501731856,
            -0.048549851899811126,
            -0.007757473595729583
        ],
        [
            0.011653375573582148,
            0.10231772983459117,
            -0.26192807233221754,
            -0.49104249009889905,
            -0.18812744140120388,
            0.06306230427237183,
            0.011013431830164302,
            0.003434327164323358,
            0.8821329897610286,
            -0.06001285329517726,
            -0.04774656167796698,
            -0.10845759470150668,
            0.30284510031914447,
            -0.6703480024267756,
            -0.02825241660181288,
            -0.28594798629378754,
            -0.17597116854578113,
            0.05200845589216796,
            0.15137964000579024,
            0.032828228476582885
        ],
        [
            0.010121704783419089,
            0.042460700116623964,
            -0.05417622485887122,
            -0.17765834024562976,
            0.3890338005436135,
            0.054573328648087865,
            0.039735184288502125,
            -0.014996427247883873,
            -0.06001285329517726,
            1.3851973932552082,
            0.0036142629764050376,
            0.017991210313791098,
            0.0025988023757874124,
            -0.03249816105283268,
            0.33938832819712206,
            -0.01993378774866037,
            -0.0004915792849987527,
            0.0025536940174635363,
            0.007631058464494765,
            -0.042107726846848006
        ],
        [
            -0.2747770502479966,
            -0.34740658495833876,
            -0.027359289262978648,
            -0.25084301086240157,
            -0.03820236475366537,
            -0.5235153415023576,
            -0.5059338226026675,
            0.027782109471798155,
            -0.04774656167796698,
            0.0036142629764050376,
            -0.3950928525010169,
            -0.5804636731458793,
            -0.1539428154008861,
            0.0013202333220974638,
            -0.038363249530126126,
            -0.5311830955848992,
            -0.5138324889427701,
            0.015989439858387133,
            0.08729568620122707,
            0.012825035168817861
        ],
        [
            -0.33321250879868725,
            -0.32192556288446195,
            -0.043569879478009374,
            -0.19678685982972227,
            -0.036637793536222193,
            -0.5187147773650758,
            -0.41712100304252053,
            0.10147838637806865,
            -0.10845759470150668,
            0.017991210313791098,
            -0.5804636731458793,
            -0.4352994311429055,
            -0.13159513144019608,
            0.023507441007979926,
            -0.03023606418128489,
            -0.4365788473556884,
            -0.3660625959537047,
            0.05953054902461502,
            0.19914841306965253,
            0.03514991359044835
        ],
        [
            -0.05555723346741361,
            -0.07333184422256026,
            -0.05677617797793734,
            -0.06281362028379861,
            -0.01088846273987708,
            -0.030350784707050493,
            -0.1037822951042042,
            0.2281263191555759,
            0.30284510031914447,
            0.0025988023757874124,
            -0.1539428154008861,
            -0.13159513144019608,
            1.359341933464027,
            0.008435671963297395,
            -0.012984920133370617,
            -0.03359847763849433,
            -0.10073974510375447,
            0.1798314038652431,
            -0.2742133706658357,
            -0.05508666053241315
        ],
        [
            0.3192902656111177,
            0.18949122154759873,
            0.05127437700714331,
            0.11921826857106443,
            0.035188633462430036,
            0.08375236657415142,
            0.13551013768557668,
            0.2954691274207475,
            -0.6703480024267756,
            -0.03249816105283268,
            0.0013202333220974638,
            0.023507441007979926,
            0.008435671963297395,
            0.9435801646422608,
            -0.046708979849593935,
            -0.04480488985732267,
            -0.08576763044790403,
            -0.3039882236751577,
            -0.5608138248405463,
            -0.16282297723992567
        ],
        [
            0.02101209855664075,
            0.0017614620728434727,
            0.0027383942110918965,
            0.0011641720659415072,
            -0.04455693851892667,
            0.0021561084339977764,
            -0.011378322144770577,
            0.001228869258686754,
            -0.02825241660181288,
            0.33938832819712206,
            -0.038363249530126126,
            -0.03023606418128489,
            -0.012984920133370617,
            -0.046708979849593935,
            1.4065379881181952,
            -0.01337845660710485,
            -0.03409006075135616,
            -0.058062332390163826,
            -0.15521321462700655,
            0.25761994597353965
        ],
        [
            -0.012933446726290224,
            -0.1356248276981416,
            -0.0028545552234722736,
            -0.06888166653443363,
            -0.00868070938913245,
            -0.22674994496881576,
            -0.29661582215507154,
            0.03962235183865297,
            -0.28594798629378754,
            -0.01993378774866037,
            -0.5311830955848992,
            -0.4365788473556884,
            -0.03359847763849433,
            -0.04480488985732267,
            -0.01337845660710485,
            -0.22180149747483813,
            -0.44885786440143116,
            0.07897673738459131,
            0.2314089883514886,
            0.04327809344979487
        ],
        [
            -0.14029481559957013,
            -0.20000404161485913,
            -0.018594672373656265,
            -0.12355389528527341,
            -0.020129448837166518,
            -0.3252228877632968,
            -0.3074091858882607,
            0.06629197724319993,
            -0.17597116854578113,
            -0.0004915792849987527,
            -0.5138324889427701,
            -0.3660625959537047,
            -0.10073974510375447,
            -0.08576763044790403,
            -0.03409006075135616,
            -0.44885786440143116,
            -0.3105270367449515,
            0.0685293983690316,
            0.2101187024513818,
            0.038500529900129976
        ],
        [
            0.005714868045126873,
            0.02440089520056779,
            -0.0040100166320304175,
            0.012189910573671614,
            0.0015643083529342913,
            0.03523475427843989,
            0.04926001151347624,
            -0.054703309501731856,
            0.05200845589216796,
            0.0025536940174635363,
            0.015989439858387133,
            0.05953054902461502,
            0.1798314038652431,
            -0.3039882236751577,
            -0.058062332390163826,
            0.07897673738459131,
            0.0685293983690316,
            1.4729059688591535,
            -0.06891496167048057,
            -0.013408238291970027
        ],
        [
            0.065689948767476,
            0.10994504440082581,
            0.00898336786928057,
            0.08772891728792603,
            0.013049088365858923,
            0.21713703943365756,
            0.1625219068394917,
            -0.048549851899811126,
            0.15137964000579024,
            0.007631058464494765,
            0.08729568620122707,
            0.19914841306965253,
            -0.2742133706658357,
            -0.5608138248405463,
            -0.15521321462700655,
            0.2314089883514886,
            0.2101187024513818,
            -0.06891496167048057,
            1.2902894806254666,
            -0.038447316432645436
        ],
        [
            0.008468750616673076,
            0.017490209822289944,
            0.0011227140887676394,
            0.013043952309617034,
            -0.0028145682385397703,
            0.031020014274281457,
            0.02889385921947239,
            -0.007757473595729583,
            0.032828228476582885,
            -0.042107726846848006,
            0.012825035168817861,
            0.03514991359044835,
            -0.05508666053241315,
            -0.16282297723992567,
            0.25761994597353965,
            0.04327809344979487,
            0.038500529900129976,
            -0.013408238291970027,
            -0.038447316432645436,
            1.4911188631675616
        ]
    ]
}