{
    "HF": -2.1421375685258495,
    "coordinates": [
        [
            0.748082,
            -0.051101,
            0.091176
        ],
        [
            1.514106,
            0.051603,
            -0.06266
        ],
        [
            2.231653,
            -0.160881,
            -0.171951
        ],
        [
            2.905253,
            -0.006484,
            0.010705
        ]
    ],
    "elements": [
        "H",
        "H",
        "H",
        "H"
    ],
    "Enn": 3.0864331778284937,
    "S": [
        [
            0.9999999999999999,
            0.6848602514927513,
            0.0,
            0.0,
            0.0,
            0.5323076846159488,
            0.5512018810643783,
            0.10232959375278496,
            -0.5095486409220427,
            -0.06831728982023731,
            0.12214867328921858,
            0.30863828905007534,
            0.028066329617872483,
            -0.15824447015135923,
            0.011709637040098664,
            0.016990817058580885,
            0.13476244220731257,
            0.0007805341144561424,
            -0.020923631571814334,
            -0.00043276572410793593
        ],
        [
            0.6848602514927513,
            1.0000000000000002,
            0.0,
            0.0,
            0.0,
            0.5512018810643784,
            0.8734740134696155,
            0.03320434196311483,
            -0.16534051098542005,
            -0.02216788487076982,
            0.30863828905007534,
            0.6082567111787072,
            0.03055936613841624,
            -0.17230078776156124,
            0.01274976423808782,
            0.13476244220731257,
            0.3622160102940687,
            0.003846611983491815,
            -0.10311540578644511,
            -0.002132747037658962
        ],
        [
            0.0,
            0.0,
            1.0000000000000004,
            0.0,
            0.0,
            -0.10232959375278493,
            -0.0332043419631148,
            0.4191504775719107,
            0.13662816050987248,
            0.01831830151144866,
            -0.028066329617872476,
            -0.030559366138416234,
            0.04239531741389819,
            0.052381297050249166,
            -0.0038760657832866466,
            -0.0007805341144561423,
            -0.0038466119834918077,
            0.0023148223451835894,
            0.0010610529784496128,
            2.194587296949865e-05
        ],
        [
            0.0,
            0.0,
            0.0,
            1.0000000000000004,
            0.0,
            0.5095486409220426,
            0.16534051098541996,
            0.13662816050987256,
            -0.23374913686365045,
            -0.09121570111681242,
            0.15824447015135917,
            0.1723007877615612,
            0.05238129705024919,
            -0.24365219682393446,
            0.021854157080711426,
            0.020923631571814327,
            0.10311540578644494,
            0.0010610529784496128,
            -0.026089044318446806,
            -0.0005882988994729329
        ],
        [
            0.0,
            0.0,
            0.0,
            0.0,
            1.0000000000000004,
            0.0683172898202373,
            0.0221678848707698,
            0.01831830151144866,
            -0.09121570111681236,
            0.43435902499692053,
            -0.011709637040098664,
            -0.012749764238087819,
            -0.003876065783286648,
            0.021854157080711426,
            0.05006854922054607,
            0.0004327657241079358,
            0.0021327470376589584,
            2.194587296949865e-05,
            -0.0005882988994729329,
            0.002342235963404414
        ],
        [
            0.5323076846159488,
            0.5512018810643783,
            -0.10232959375278496,
            0.5095486409220427,
            0.06831728982023731,
            0.9999999999999999,
            0.6848602514927513,
            0.0,
            0.0,
            0.0,
            0.5576194214929008,
            0.5607298206045882,
            0.07709994013955042,
            -0.5061974979395742,
            0.14989801246774423,
            0.16322365315178194,
            0.3472834316451327,
            -0.011153242451536849,
            -0.21148776360291877,
            0.00883061942728032
        ],
        [
            0.5512018810643784,
            0.8734740134696155,
            -0.033204341963114836,
            0.16534051098542005,
            0.02216788487076982,
            0.6848602514927513,
            1.0000000000000002,
            0.0,
            0.0,
            0.0,
            0.5607298206045882,
            0.8828547823244998,
            0.024025174586713653,
            -0.15773661096680072,
            0.04670984067199735,
            0.3472834316451327,
            0.6547634325347823,
            -0.009666447101503717,
            -0.18329515281013573,
            0.007653443914469386
        ],
        [
            0.10232959375278493,
            0.0332043419631148,
            0.4191504775719107,
            0.13662816050987256,
            0.01831830151144866,
            0.0,
            0.0,
            1.0000000000000004,
            0.0,
            0.0,
            -0.07709994013955042,
            -0.024025174586713636,
            0.4611822857258229,
            0.09689920047658002,
            -0.028694329032196667,
            0.011153242451536842,
            0.009666447101503712,
            0.07905558263054537,
            -0.021244089133486344,
            0.0008870417040735603
        ],
        [
            -0.5095486409220423,
            -0.16534051098541996,
            0.13662816050987248,
            -0.23374913686365045,
            -0.09121570111681236,
            0.0,
            0.0,
            0.0,
            1.0000000000000004,
            0.0,
            0.5061974979395738,
            0.15773661096680067,
            0.09689920047657996,
            -0.16024779301090158,
            0.18839181372725677,
            0.21148776360291865,
            0.1832951528101355,
            -0.021244089133486344,
            -0.3226544471145018,
            0.016820083220838566
        ],
        [
            -0.0683172898202373,
            -0.0221678848707698,
            0.01831830151144866,
            -0.09121570111681242,
            0.43435902499692053,
            0.0,
            0.0,
            0.0,
            0.0,
            1.0000000000000004,
            -0.14989801246774423,
            -0.046709840671997356,
            -0.028694329032196677,
            0.18839181372725694,
            0.4201535647796876,
            -0.00883061942728032,
            -0.007653443914469385,
            0.0008870417040735606,
            0.01682008322083857,
            0.07947361496302308
        ],
        [
            0.12214867328921858,
            0.30863828905007534,
            -0.028066329617872483,
            0.15824447015135923,
            -0.011709637040098664,
            0.5576194214929008,
            0.5607298206045882,
            -0.07709994013955043,
            0.5061974979395742,
            -0.14989801246774423,
            0.9999999999999999,
            0.6848602514927513,
            0.0,
            0.0,
            0.0,
            0.5911030006910759,
            0.5728186668920792,
            -0.1387087922776647,
            -0.5115311978705052,
            -0.11724893461640788
        ],
        [
            0.30863828905007534,
            0.6082567111787072,
            -0.03055936613841625,
            0.17230078776156124,
            -0.012749764238087833,
            0.5607298206045882,
            0.8828547823244998,
            -0.024025174586713664,
            0.15773661096680106,
            -0.04670984067199735,
            0.6848602514927513,
            1.0000000000000002,
            0.0,
            0.0,
            0.0,
            0.5728186668920792,
            0.8946700495930842,
            -0.04107750179324532,
            -0.151485881700738,
            -0.03472233621874834
        ],
        [
            0.028066329617872476,
            0.030559366138416234,
            0.04239531741389819,
            0.052381297050249166,
            -0.0038760657832866466,
            0.0770999401395504,
            0.024025174586713646,
            0.4611822857258229,
            0.09689920047657995,
            -0.028694329032196663,
            0.0,
            0.0,
            1.0000000000000004,
            0.0,
            0.0,
            0.13870879227766467,
            0.041077501793245284,
            0.4705563529918714,
            -0.16456087522345836,
            -0.03771927768984011
        ],
        [
            -0.15824447015135917,
            -0.1723007877615612,
            0.05238129705024919,
            -0.24365219682393446,
            0.021854157080711426,
            -0.5061974979395742,
            -0.15773661096680067,
            0.09689920047658004,
            -0.16024779301090158,
            0.1883918137272569,
            0.0,
            0.0,
            0.0,
            1.0000000000000004,
            0.0,
            0.5115311978705052,
            0.15148588170073798,
            -0.16456087522345836,
            -0.09168935868982825,
            -0.13910140073075236
        ],
        [
            0.011709637040098664,
            0.012749764238087819,
            -0.003876065783286648,
            0.021854157080711426,
            0.05006854922054607,
            0.14989801246774423,
            0.046709840671997356,
            -0.02869432903219668,
            0.18839181372725683,
            0.4201535647796876,
            0.0,
            0.0,
            0.0,
            0.0,
            1.0000000000000004,
            0.11724893461640788,
            0.03472233621874835,
            -0.03771927768984011,
            -0.13910140073075236,
            0.4832956526596118
        ],
        [
            0.016990817058580885,
            0.13476244220731257,
            -0.0007805341144561424,
            0.020923631571814334,
            0.0004327657241079358,
            0.16322365315178194,
            0.3472834316451327,
            0.011153242451536849,
            0.21148776360291868,
            -0.00883061942728032,
            0.5911030006910759,
            0.5728186668920792,
            0.13870879227766472,
            0.5115311978705052,
            0.11724893461640788,
            0.9999999999999999,
            0.6848602514927513,
            0.0,
            0.0,
            0.0
        ],
        [
            0.13476244220731257,
            0.3622160102940687,
            -0.0038466119834918147,
            0.10311540578644503,
            0.002132747037658962,
            0.3472834316451327,
            0.6547634325347823,
            0.009666447101503719,
            0.1832951528101355,
            -0.007653443914469386,
            0.5728186668920792,
            0.8946700495930842,
            0.04107750179324529,
            0.151485881700738,
            0.03472233621874836,
            0.6848602514927513,
            1.0000000000000002,
            0.0,
            0.0,
            0.0
        ],
        [
            0.0007805341144561423,
            0.0038466119834918095,
            0.0023148223451835894,
            0.0010610529784496128,
            2.194587296949865e-05,
            -0.011153242451536842,
            -0.009666447101503712,
            0.07905558263054537,
            -0.021244089133486337,
            0.0008870417040735603,
            -0.13870879227766467,
            -0.0410775017932453,
            0.4705563529918714,
            -0.16456087522345836,
            -0.03771927768984011,
            0.0,
            0.0,
            1.0000000000000004,
            0.0,
            0.0
        ],
        [
            -0.020923631571814327,
            -0.1031154057864449,
            0.0010610529784496128,
            -0.026089044318446806,
            -0.0005882988994729329,
            -0.2114877636029186,
            -0.18329515281013528,
            -0.02124408913348635,
            -0.3226544471145017,
            0.01682008322083857,
            -0.5115311978705052,
            -0.15148588170073798,
            -0.16456087522345836,
            -0.09168935868982825,
            -0.13910140073075236,
            0.0,
            0.0,
            0.0,
            1.0000000000000004,
            0.0
        ],
        [
            -0.0004327657241079358,
            -0.0021327470376589592,
            2.194587296949865e-05,
            -0.0005882988994729329,
            0.002342235963404414,
            0.00883061942728032,
            0.007653443914469383,
            0.0008870417040735606,
            0.016820083220838566,
            0.07947361496302308,
            -0.11724893461640787,
            -0.03472233621874833,
            -0.03771927768984011,
            -0.13910140073075236,
            0.4832956526596118,
            0.0,
            0.0,
            0.0,
            0.0,
            1.0000000000000004
        ]
    ],
    "h": [
        [
            -0.25195984545893846,
            -0.4612908940445992,
            0.05580600920509321,
            -0.2714031533981749,
            -0.032678848292105794,
            -0.5636086855371654,
            -0.45165912686105814,
            -0.001354994225625017,
            0.030215098945272856,
            0.016710296443305753,
            -0.24599703049258784,
            -0.30964622384580276,
            -0.04156452863445626,
            0.3080854722035161,
            -0.04768666696354962,
            -0.024502786283983877,
            -0.15425330213022076,
            0.0014977547738091001,
            0.08702101769909998,
            0.0003841855132380354
        ],
        [
            -0.4612908940445992,
            -0.3111499665035451,
            0.04805864511432856,
            -0.23522027960165287,
            -0.026141503731666467,
            -0.5362359646527171,
            -0.36727386910673765,
            -0.024148509899244747,
            0.09971961975061994,
            0.05720612082870131,
            -0.3422220559078719,
            -0.3125612721491843,
            -0.042782166718664284,
            0.18313437867347693,
            -0.06050014537009296,
            -0.15732756103715317,
            -0.2119235491578274,
            0.020347983150482335,
            0.13550138318584773,
            0.01409448801940157
        ],
        [
            0.05580600920509321,
            0.04805864511432856,
            1.4844519996026067,
            0.0520335176649325,
            0.006064786376487746,
            0.015940622814396233,
            0.04511939827782696,
            0.3282112582618001,
            0.1936747915229779,
            0.02152362804729857,
            0.044573688451100726,
            0.03625787166510409,
            -0.03885793076907805,
            -0.043133020352675855,
            0.009932336215174978,
            0.008847089688337636,
            0.021845786512573444,
            -0.007910434119234953,
            -0.011509691834618297,
            -0.00049862214222781
        ],
        [
            -0.2714031533981749,
            -0.23522027960165287,
            0.0520335176649325,
            1.236430269591389,
            -0.029972427368115083,
            -0.07925819136745182,
            -0.2245204963466364,
            0.19371765325801582,
            -0.6085747653517064,
            -0.10563203287960946,
            -0.2418231309380141,
            -0.18359628842856385,
            -0.035715913053179615,
            0.1673452740454454,
            -0.05152937807682384,
            -0.08282547288332333,
            -0.12581323531328875,
            0.003442545507788653,
            0.11525423544969055,
            0.004569601937278498
        ],
        [
            -0.032678848292105794,
            -0.026141503731666467,
            0.006064786376487746,
            -0.029972427368115083,
            1.4905129207267884,
            3.3893969433596016e-05,
            -0.021534918193539487,
            0.025585128468521193,
            -0.12556964227159928,
            0.3495732536132241,
            -0.005718115782497653,
            -0.01805997193274722,
            -0.0026930040089088387,
            0.019564321806848625,
            -0.049132480029739245,
            3.569244925109285e-05,
            -0.0077738413957677945,
            -0.00012837492416511472,
            0.0032854179205243626,
            -0.0074200806924780306
        ],
        [
            -0.5636086855371654,
            -0.5362359646527171,
            0.015940622814396233,
            -0.07925819136745182,
            3.3893969433596016e-05,
            -0.44654351298847206,
            -0.6050935690315439,
            -0.016180480756402847,
            0.01424617229165634,
            0.10014869009553684,
            -0.5522094535373347,
            -0.5261924173522372,
            -0.030811115363713282,
            0.0391385233884205,
            -0.02636878415115418,
            -0.30350773774793,
            -0.3719798965647989,
            0.04125643063189362,
            0.2712290258649812,
            0.02330538400543661
        ],
        [
            -0.45165912686105814,
            -0.36727386910673765,
            0.04511939827782696,
            -0.2245204963466364,
            -0.021534918193539487,
            -0.6050935690315439,
            -0.44085852566503037,
            -0.012767642465709748,
            -0.016763240540694585,
            0.0829947625249522,
            -0.5359613563887795,
            -0.4191071798251531,
            -0.06923970666230428,
            0.11303449525170672,
            -0.08749162648035928,
            -0.34956009322794895,
            -0.33078194438729813,
            0.04657915224091384,
            0.21039334856246783,
            0.03508567047660853
        ],
        [
            -0.001354994225625017,
            -0.024148509899244747,
            0.3282112582618001,
            0.19371765325801582,
            0.025585128468521193,
            -0.016180480756402847,
            -0.012767642465709748,
            1.388729521437518,
            0.08558652609739018,
            -0.0039121703356919686,
            -0.007628301398296455,
            0.004290342535072357,
            0.37124223418156177,
            0.1547716450491001,
            -0.04139577111630708,
            0.021006774773795346,
            0.016730482112062323,
            -0.0490764838712425,
            -0.029569125473996646,
            -0.0031145168849615475
        ],
        [
            0.030215098945272856,
            0.09971961975061994,
            0.1936747915229779,
            -0.6085747653517064,
            -0.12556964227159928,
            0.01424617229165634,
            -0.016763240540694585,
            0.08558652609739018,
            0.8423706217368534,
            0.039560749311037285,
            -0.0854625832818825,
            -0.14241960937719667,
            0.11529431646753827,
            -0.6749140791278277,
            0.24377483405856715,
            -0.34413434332872994,
            -0.19900902119962466,
            0.05184372483740646,
            0.08602520667303093,
            0.04830227479019748
        ],
        [
            0.016710296443305753,
            0.05720612082870131,
            0.02152362804729857,
            -0.10563203287960946,
            0.3495732536132241,
            0.10014869009553684,
            0.0829947625249522,
            -0.0039121703356919686,
            0.039560749311037285,
            1.378997870310969,
            0.018442659725225963,
            0.07266117748658696,
            -0.034972976098862206,
            0.26063613727964247,
            0.3198391872973191,
            0.05260344010315421,
            0.05884527172439507,
            -0.011263463534256741,
            -0.05374078840397006,
            -0.05202570079190311
        ],
        [
            -0.24599703049258784,
            -0.3422220559078719,
            0.044573688451100726,
            -0.2418231309380141,
            -0.005718115782497653,
            -0.5522094535373347,
            -0.5359613563887795,
            -0.007628301398296455,
            -0.0854625832818825,
            0.018442659725225963,
            -0.4955323223464114,
            -0.6193035469823392,
            -0.1098987059244743,
            -0.058028687160861625,
            -0.13124639956572998,
            -0.6235550559070633,
            -0.5672247669310313,
            0.011436456594018984,
            0.0921447572443872,
            0.00240878531345029
        ],
        [
            -0.30964622384580276,
            -0.3125612721491843,
            0.03625787166510409,
            -0.18359628842856385,
            -0.01805997193274722,
            -0.5261924173522372,
            -0.4191071798251531,
            0.004290342535072357,
            -0.14241960937719667,
            0.07266117748658696,
            -0.6193035469823392,
            -0.4361315527596845,
            -0.08790168058866143,
            -0.006391861192264675,
            -0.10486389392215081,
            -0.4858688427529486,
            -0.3770426486382681,
            0.057465951093802606,
            0.2532052122621339,
            0.04275225182260976
        ],
        [
            -0.04156452863445626,
            -0.042782166718664284,
            -0.03885793076907805,
            -0.035715913053179615,
            -0.0026930040089088387,
            -0.030811115363713282,
            -0.06923970666230428,
            0.37124223418156177,
            0.11529431646753827,
            -0.034972976098862206,
            -0.1098987059244743,
            -0.08790168058866143,
            1.3621014979767236,
            -0.03002322501470394,
            -0.026834481702188925,
            -0.013658827694458475,
            -0.07342944876496976,
            0.39862847351674524,
            -0.21790947324110316,
            -0.05443466976447023
        ],
        [
            0.3080854722035161,
            0.18313437867347693,
            -0.043133020352675855,
            0.1673452740454454,
            0.019564321806848625,
            0.0391385233884205,
            0.11303449525170672,
            0.1547716450491001,
            -0.6749140791278277,
            0.26063613727964247,
            -0.058028687160861625,
            -0.006391861192264675,
            -0.03002322501470394,
            0.834337130090465,
            0.011333919857779661,
            -0.0013761946876605924,
            -0.09709624686952334,
            -0.2405761381428092,
            -0.46589964748957535,
            -0.20125787515771504
        ],
        [
            -0.04768666696354962,
            -0.06050014537009296,
            0.009932336215174978,
            -0.05152937807682384,
            -0.049132480029739245,
            -0.02636878415115418,
            -0.08749162648035928,
            -0.04139577111630708,
            0.24377483405856715,
            0.3198391872973191,
            -0.13124639956572998,
            -0.10486389392215081,
            -0.026834481702188925,
            0.011333919857779661,
            1.3526390259689207,
            -0.023266379038700297,
            -0.08234512973176011,
            -0.051100801707914464,
            -0.17002157301796977,
            0.41577175901770647
        ],
        [
            -0.024502786283983877,
            -0.15732756103715317,
            0.008847089688337636,
            -0.08282547288332333,
            3.569244925109285e-05,
            -0.30350773774793,
            -0.34956009322794895,
            0.021006774773795346,
            -0.34413434332872994,
            0.05260344010315421,
            -0.6235550559070633,
            -0.4858688427529486,
            -0.013658827694458475,
            -0.0013761946876605924,
            -0.023266379038700297,
            -0.31289498852929953,
            -0.4882040413006453,
            0.08017127800910268,
            0.30866375769510446,
            0.06376002879703713
        ],
        [
            -0.15425330213022076,
            -0.2119235491578274,
            0.021845786512573444,
            -0.12581323531328875,
            -0.0077738413957677945,
            -0.3719798965647989,
            -0.33078194438729813,
            0.016730482112062323,
            -0.19900902119962466,
            0.05884527172439507,
            -0.5672247669310313,
            -0.3770426486382681,
            -0.07342944876496976,
            -0.09709624686952334,
            -0.08234512973176011,
            -0.4882040413006453,
            -0.32418195294806607,
            0.06292184263749799,
            0.25620133586951155,
            0.0486100074477021
        ],
        [
            0.0014977547738091001,
            0.020347983150482335,
            -0.007910434119234953,
            0.003442545507788653,
            -0.00012837492416511472,
            0.04125643063189362,
            0.04657915224091384,
            -0.0490764838712425,
            0.05184372483740646,
            -0.011263463534256741,
            0.011436456594018984,
            0.057465951093802606,
            0.39862847351674524,
            -0.2405761381428092,
            -0.051100801707914464,
            0.08017127800910268,
            0.06292184263749799,
            1.4454632764156314,
            -0.07172187682249773,
            -0.015875127531091382
        ],
        [
            0.08702101769909998,
            0.13550138318584773,
            -0.011509691834618297,
            0.11525423544969055,
            0.0032854179205243626,
            0.2712290258649812,
            0.21039334856246783,
            -0.029569125473996646,
            0.08602520667303093,
            -0.05374078840397006,
            0.0921447572443872,
            0.2532052122621339,
            -0.21790947324110316,
            -0.46589964748957535,
            -0.17002157301796977,
            0.30866375769510446,
            0.25620133586951155,
            -0.07172187682249773,
            1.1732161111610322,
            -0.056861839068713255
        ],
        [
            0.0003841855132380354,
            0.01409448801940157,
            -0.00049862214222781,
            0.004569601937278498,
            -0.0074200806924780306,
            0.02330538400543661,
            0.03508567047660853,
            -0.0031145168849615475,
            0.04830227479019748,
            -0.05202570079190311,
            0.00240878531345029,
            0.04275225182260976,
            -0.05443466976447023,
            -0.20125787515771504,
            0.41577175901770647,
            0.06376002879703713,
            0.0486100074477021,
            -0.015875127531091382,
            -0.056861839068713255,
            1.4510922723685757
        ]
    ]
}