{
    "HF": -2.1331814591898297,
    "coordinates": [
        [
            0.743765,
            -0.083415,
            0.172078
        ],
        [
            1.398574,
            -0.017852,
            0.186491
        ],
        [
            2.107679,
            -0.11611,
            -0.077394
        ],
        [
            2.925972,
            0.191059,
            -0.007708
        ]
    ],
    "elements": [
        "H",
        "H",
        "H",
        "H"
    ],
    "Enn": 3.062939321591326,
    "S": [
        [
            0.9999999999999999,
            0.6848602514927513,
            0.0,
            0.0,
            0.0,
            0.6372138648510913,
            0.5885803880203468,
            -0.012031772891580039,
            -0.5466254891669078,
            -0.054731084860241655,
            0.16613268194694616,
            0.349773619774188,
            0.03875635693946852,
            -0.21188886054843145,
            0.005079283807946074,
            0.014353045041075325,
            0.1253667377499133,
            0.0014192499297006988,
            -0.017226575658518303,
            -0.0021667271378453803
        ],
        [
            0.6848602514927513,
            1.0000000000000002,
            0.0,
            0.0,
            0.0,
            0.5885803880203468,
            0.9099334976159137,
            -0.003336618403473531,
            -0.15158868800111633,
            -0.015177875000828024,
            0.349773619774188,
            0.6576910074250752,
            0.033122103641383314,
            -0.1810852555234002,
            0.004340876645695824,
            0.1253667377499133,
            0.3461829422025092,
            0.007952829803816605,
            -0.09652987923251646,
            -0.012141351426544654
        ],
        [
            0.0,
            0.0,
            1.0000000000000004,
            0.0,
            0.0,
            0.012031772891580039,
            0.0033366184034735306,
            0.5695129018403452,
            -0.013961723162723698,
            -0.0013979228381370045,
            -0.03875635693946852,
            -0.03312210364138331,
            0.06903247641555314,
            0.07273282939993024,
            -0.0017435115830108931,
            -0.0014192499297006982,
            -0.007952829803816603,
            0.0016468357370824501,
            0.0018310443472665213,
            0.00023030540465301014
        ],
        [
            0.0,
            0.0,
            0.0,
            1.0000000000000004,
            0.0,
            0.5466254891669077,
            0.1515886880011165,
            -0.013961723162723753,
            -0.06448645306508716,
            -0.0635101960534002,
            0.21188886054843145,
            0.18108525552340007,
            0.07273282939993024,
            -0.31530916588191077,
            0.009532131290207796,
            0.017226575658518307,
            0.09652987923251648,
            0.0018310443472665226,
            -0.020427164643308873,
            -0.0027954015672612526
        ],
        [
            0.0,
            0.0,
            0.0,
            0.0,
            1.0000000000000004,
            0.05473108486024164,
            0.015177875000828015,
            -0.0013979228381370105,
            -0.06351019605340022,
            0.5634612307913757,
            -0.005079283807946074,
            -0.004340876645695822,
            -0.0017435115830108931,
            0.009532131290207796,
            0.08210745869707974,
            0.00216672713784538,
            0.012141351426544654,
            0.0002303054046530102,
            -0.0027954015672612513,
            0.0014460899275626357
        ],
        [
            0.6372138648510913,
            0.5885803880203468,
            0.012031772891580039,
            0.5466254891669078,
            0.05473108486024165,
            0.9999999999999999,
            0.6848602514927513,
            0.0,
            0.0,
            0.0,
            0.552266886482971,
            0.558743837653553,
            0.18390193357455104,
            -0.49417655648249076,
            0.06847617783946885,
            0.10917526596730752,
            0.29475111024001655,
            0.018066063155328584,
            -0.14209171381584138,
            -0.019434700074886326
        ],
        [
            0.5885803880203468,
            0.9099334976159137,
            0.003336618403473531,
            0.15158868800111652,
            0.015177875000828017,
            0.6848602514927513,
            1.0000000000000002,
            0.0,
            0.0,
            0.0,
            0.558743837653553,
            0.8809045106726339,
            0.0577899081601973,
            -0.15529155816335405,
            0.02151816433675527,
            0.29475111024001655,
            0.5910117959907419,
            0.021470106684859804,
            -0.1688649169678601,
            -0.023096624893231915
        ],
        [
            -0.012031772891580039,
            -0.0033366184034735306,
            0.5695129018403452,
            -0.013961723162723753,
            -0.0013979228381370103,
            0.0,
            0.0,
            1.0000000000000004,
            0.0,
            0.0,
            -0.183901933574551,
            -0.057789908160197245,
            0.3847938292791984,
            0.2281851694600059,
            -0.03161875657455702,
            -0.018066063155328577,
            -0.021470106684859783,
            0.03928146505171116,
            0.03353274138676194,
            0.0045864656990842086
        ],
        [
            -0.5466254891669077,
            -0.1515886880011163,
            -0.013961723162723698,
            -0.06448645306508716,
            -0.06351019605340022,
            0.0,
            0.0,
            0.0,
            1.0000000000000004,
            0.0,
            0.4941765564824907,
            0.15529155816335402,
            0.2281851694600059,
            -0.14346310278209773,
            0.08496511124467576,
            0.14209171381584132,
            0.1688649169678602,
            0.03353274138676194,
            -0.2201940180172884,
            -0.03607309273399875
        ],
        [
            -0.054731084860241634,
            -0.015177875000828022,
            -0.0013979228381370047,
            -0.06351019605340022,
            0.5634612307913757,
            0.0,
            0.0,
            0.0,
            0.0,
            1.0000000000000004,
            -0.06847617783946885,
            -0.021518164336755265,
            -0.03161875657455702,
            0.08496511124467576,
            0.45793693437967614,
            0.019434700074886326,
            0.023096624893231908,
            0.004586465699084211,
            -0.03607309273399877,
            0.038611016988020726
        ],
        [
            0.16613268194694616,
            0.349773619774188,
            -0.03875635693946852,
            0.21188886054843145,
            -0.005079283807946074,
            0.552266886482971,
            0.558743837653553,
            -0.18390193357455104,
            0.49417655648249076,
            -0.06847617783946885,
            0.9999999999999999,
            0.6848602514927513,
            0.0,
            0.0,
            0.0,
            0.46360953418784456,
            0.5234558623394919,
            -0.03891449429160174,
            -0.4569563223223839,
            -0.17153124439711004
        ],
        [
            0.349773619774188,
            0.6576910074250752,
            -0.033122103641383314,
            0.1810852555234002,
            -0.004340876645695824,
            0.558743837653553,
            0.8809045106726339,
            -0.0577899081601973,
            0.15529155816335405,
            -0.021518164336755262,
            0.6848602514927513,
            1.0000000000000002,
            0.0,
            0.0,
            0.0,
            0.5234558623394919,
            0.845798432778031,
            -0.014234260634700718,
            -0.1671468564353121,
            -0.06274321391528258
        ],
        [
            0.03875635693946852,
            0.0331221036413833,
            0.06903247641555314,
            0.07273282939993024,
            -0.0017435115830108931,
            0.183901933574551,
            0.05778990816019726,
            0.3847938292791984,
            0.2281851694600059,
            -0.03161875657455702,
            0.0,
            0.0,
            1.0000000000000004,
            0.0,
            0.0,
            0.03891449429160173,
            0.014234260634700706,
            0.3639753898512625,
            -0.054571845360937954,
            -0.020485057513230542
        ],
        [
            -0.21188886054843145,
            -0.18108525552340018,
            0.07273282939993024,
            -0.31530916588191077,
            0.009532131290207796,
            -0.4941765564824907,
            -0.15529155816335402,
            0.2281851694600059,
            -0.14346310278209773,
            0.08496511124467576,
            0.0,
            0.0,
            0.0,
            1.0000000000000004,
            0.0,
            0.45695632232238353,
            0.16714685643531174,
            -0.05457184536093799,
            -0.2721911838407582,
            -0.24054730028519297
        ],
        [
            0.005079283807946074,
            0.004340876645695822,
            -0.0017435115830108931,
            0.009532131290207796,
            0.08210745869707974,
            0.06847617783946885,
            0.021518164336755265,
            -0.03161875657455702,
            0.08496511124467576,
            0.45793693437967614,
            0.0,
            0.0,
            0.0,
            0.0,
            1.0000000000000004,
            0.17153124439711004,
            0.06274321391528258,
            -0.02048505751323055,
            -0.24054730028519292,
            0.2783266307081681
        ],
        [
            0.014353045041075325,
            0.1253667377499133,
            -0.0014192499297006988,
            0.017226575658518303,
            0.0021667271378453803,
            0.10917526596730752,
            0.29475111024001655,
            -0.018066063155328584,
            0.14209171381584132,
            0.019434700074886326,
            0.46360953418784456,
            0.5234558623394919,
            0.03891449429160174,
            0.4569563223223836,
            0.17153124439711004,
            0.9999999999999999,
            0.6848602514927513,
            0.0,
            0.0,
            0.0
        ],
        [
            0.1253667377499133,
            0.3461829422025092,
            -0.007952829803816602,
            0.0965298792325164,
            0.012141351426544648,
            0.29475111024001655,
            0.5910117959907419,
            -0.02147010668485979,
            0.16886491696786027,
            0.023096624893231908,
            0.5234558623394919,
            0.845798432778031,
            0.014234260634700728,
            0.16714685643531177,
            0.06274321391528259,
            0.6848602514927513,
            1.0000000000000002,
            0.0,
            0.0,
            0.0
        ],
        [
            0.0014192499297006982,
            0.007952829803816598,
            0.0016468357370824501,
            0.0018310443472665213,
            0.00023030540465301014,
            0.018066063155328577,
            0.021470106684859786,
            0.03928146505171116,
            0.033532741386761926,
            0.0045864656990842086,
            -0.03891449429160172,
            -0.01423426063470071,
            0.3639753898512625,
            -0.05457184536093799,
            -0.020485057513230542,
            0.0,
            0.0,
            1.0000000000000004,
            0.0,
            0.0
        ],
        [
            -0.017226575658518303,
            -0.09652987923251648,
            0.0018310443472665226,
            -0.020427164643308873,
            -0.0027954015672612526,
            -0.14209171381584126,
            -0.16886491696786002,
            0.03353274138676195,
            -0.22019401801728836,
            -0.03607309273399876,
            -0.45695632232238387,
            -0.16714685643531207,
            -0.054571845360937954,
            -0.2721911838407582,
            -0.2405473002851928,
            0.0,
            0.0,
            0.0,
            1.0000000000000004,
            0.0
        ],
        [
            -0.00216672713784538,
            -0.012141351426544655,
            0.0002303054046530102,
            -0.0027954015672612513,
            0.0014460899275626357,
            -0.019434700074886326,
            -0.023096624893231905,
            0.004586465699084211,
            -0.03607309273399876,
            0.038611016988020726,
            -0.17153124439711004,
            -0.0627432139152826,
            -0.02048505751323055,
            -0.24054730028519306,
            0.2783266307081681,
            0.0,
            0.0,
            0.0,
            0.0,
            1.0000000000000004
        ]
    ],
    "h": [
        [
            -0.35609530912094445,
            -0.5046219433686792,
            -0.001359639323649034,
            -0.35389733965294434,
            -0.030182758941786614,
            -0.6590493988591392,
            -0.5039385737064319,
            0.020469529884538158,
            -0.011659510380378268,
            0.014621114473313213,
            -0.31662015519363185,
            -0.36134150009980187,
            -0.09072244119258718,
            0.35033109253249645,
            -0.019729882480789194,
            -0.018257067905399584,
            -0.15191986019890902,
            -0.005545602998259558,
            0.0717194157581629,
            0.011540071271440352
        ],
        [
            -0.5046219433686792,
            -0.32668957864977055,
            0.0025304929339354,
            -0.2795113879018716,
            -0.021710834556480423,
            -0.5848881281281397,
            -0.3776525788192424,
            0.04844350903818335,
            0.11779112439931336,
            0.04048445540793624,
            -0.3704237768098499,
            -0.3312577226822676,
            -0.0766720647032681,
            0.20055935905657885,
            -0.03568755598600694,
            -0.14198404600152242,
            -0.20530464394405,
            0.0006204246796514996,
            0.10923213903264514,
            0.030372309262332378
        ],
        [
            -0.001359639323649034,
            0.0025304929339354,
            1.4488261898087533,
            0.0005418007069041466,
            -0.0008788717368330471,
            0.013676943057397525,
            0.006481131960572638,
            0.540391684367169,
            -0.013959544748132878,
            -0.00393528360998159,
            0.023327932367079265,
            0.005804260208136874,
            -0.045724693630075086,
            0.01602660019245608,
            0.0014181290422550178,
            0.0097458473257098,
            0.008997893643547151,
            -0.005513817615077611,
            -0.009493242391016322,
            -0.001986039606732576
        ],
        [
            -0.35389733965294434,
            -0.2795113879018716,
            0.0005418007069041466,
            1.1058573987093836,
            -0.029107347355762987,
            -0.08693376606230951,
            -0.27679276445252743,
            0.011313954134410997,
            -0.45268278870105527,
            -0.07914341056702373,
            -0.28436027569101896,
            -0.22782382441913585,
            -0.0655606366915353,
            0.10088188529500719,
            -0.028224818710320912,
            -0.07838150399721988,
            -0.13833213884981976,
            -0.005903611892276613,
            0.09988997106751593,
            0.018896864540196828
        ],
        [
            -0.030182758941786614,
            -0.021710834556480423,
            -0.0008788717368330471,
            -0.029107347355762987,
            1.4472492192088782,
            0.001769215232481372,
            -0.019363725028839332,
            -0.0018082399212682254,
            -0.09614345836038553,
            0.5357285772033867,
            -0.011082464783409927,
            -0.016163386040535473,
            -0.00598100001165791,
            0.021361397310792046,
            -0.04676510132903619,
            -0.0044802166217655405,
            -0.008441430251136906,
            -0.0007539945279851555,
            0.009292799381495144,
            -0.004481929262187649
        ],
        [
            -0.6590493988591392,
            -0.5848881281281397,
            0.013676943057397525,
            -0.08693376606230951,
            0.001769215232481372,
            -0.5358902569116286,
            -0.6342504797924374,
            0.08900365526586519,
            0.11018244278387807,
            0.06435607963387617,
            -0.548108037454079,
            -0.5404852727506706,
            -0.0324743974558836,
            0.09988573462169814,
            -0.01801117357832327,
            -0.21883162021021316,
            -0.32784727891336574,
            -0.007162357488027113,
            0.21303531222588398,
            0.051230459219727374
        ],
        [
            -0.5039385737064319,
            -0.3776525788192424,
            0.006481131960572638,
            -0.27679276445252743,
            -0.019363725028839332,
            -0.6342504797924374,
            -0.4387072242356018,
            0.07579354183851361,
            0.03310900972084907,
            0.04732926163792381,
            -0.5141349417853711,
            -0.41785633168381153,
            -0.0861119549975509,
            0.15081918019010587,
            -0.0604648808761698,
            -0.28863565651069145,
            -0.30435217423035343,
            0.008145980891849161,
            0.15575522165031358,
            0.05285286442417101
        ],
        [
            0.020469529884538158,
            0.04844350903818335,
            0.540391684367169,
            0.011313954134410997,
            -0.0018082399212682254,
            0.08900365526586519,
            0.07579354183851361,
            1.3444754865095325,
            0.08175786926997262,
            -0.011389560969924226,
            0.019807851423747247,
            0.07794311009659746,
            0.2688122562930273,
            0.3215433350266405,
            -0.03819042009919417,
            0.062308084129833706,
            0.06530289573021072,
            -0.04381765785194171,
            -0.0564639888354273,
            -0.01673339186116494
        ],
        [
            -0.011659510380378268,
            0.11779112439931336,
            -0.013959544748132878,
            -0.45268278870105527,
            -0.09614345836038553,
            0.11018244278387807,
            0.03310900972084907,
            0.08175786926997262,
            0.7887729753566006,
            -0.006305992278600516,
            -0.023181676674707608,
            -0.09491937525588628,
            0.3322502228079254,
            -0.6398172844047094,
            0.09347903844610103,
            -0.28183145064812465,
            -0.17299020070193205,
            0.004063319664003667,
            0.15890759477240507,
            0.06153923768845216
        ],
        [
            0.014621114473313213,
            0.04048445540793624,
            -0.00393528360998159,
            -0.07914341056702373,
            0.5357285772033867,
            0.06435607963387617,
            0.04732926163792381,
            -0.011389560969924226,
            -0.006305992278600516,
            1.3682163065679487,
            0.003234534239278969,
            0.03425380780211615,
            -0.04085802693918206,
            0.09983839358774246,
            0.36636652198278186,
            -0.00418364959559573,
            0.01865750382895963,
            -2.255929806026756e-05,
            -0.006392202748276246,
            -0.04481824542530674
        ],
        [
            -0.31662015519363185,
            -0.3704237768098499,
            0.023327932367079265,
            -0.28436027569101896,
            -0.011082464783409927,
            -0.548108037454079,
            -0.5141349417853711,
            0.019807851423747247,
            -0.023181676674707608,
            0.003234534239278969,
            -0.3958298911055187,
            -0.5816374454929636,
            -0.09895384667805676,
            0.02988671568706891,
            -0.10386193900333364,
            -0.5127537764883163,
            -0.5058492606674463,
            -0.0011673344313714723,
            0.08796249916937837,
            0.023777940379972662
        ],
        [
            -0.36134150009980187,
            -0.3312577226822676,
            0.005804260208136874,
            -0.22782382441913585,
            -0.016163386040535473,
            -0.5404852727506706,
            -0.41785633168381153,
            0.07794311009659746,
            -0.09491937525588628,
            0.03425380780211615,
            -0.5816374454929636,
            -0.43535330811267925,
            -0.08638012368070348,
            0.03894808020460562,
            -0.08886938598278891,
            -0.42481734223555556,
            -0.36206231793873844,
            0.008972584703884956,
            0.18888038443014793,
            0.06335516684595385
        ],
        [
            -0.09072244119258718,
            -0.0766720647032681,
            -0.045724693630075086,
            -0.0655606366915353,
            -0.00598100001165791,
            -0.0324743974558836,
            -0.0861119549975509,
            0.2688122562930273,
            0.3322502228079254,
            -0.04085802693918206,
            -0.09895384667805676,
            -0.08638012368070348,
            1.380456407477759,
            0.07874783285166373,
            -0.016597774711734053,
            -0.012882297451823954,
            -0.04875340108482597,
            0.2501044924713075,
            -0.05079428477149153,
            -0.02256448540851689
        ],
        [
            0.35033109253249645,
            0.20055935905657885,
            0.01602660019245608,
            0.10088188529500719,
            0.021361397310792046,
            0.09988573462169814,
            0.15081918019010587,
            0.3215433350266405,
            -0.6398172844047094,
            0.09983839358774246,
            0.02988671568706891,
            0.03894808020460562,
            0.07874783285166373,
            0.9291426643790821,
            -0.04133926814640284,
            -0.05463020477638658,
            -0.0816209064326412,
            -0.06785506808705752,
            -0.5887490674524508,
            -0.31236676410616665
        ],
        [
            -0.019729882480789194,
            -0.03568755598600694,
            0.0014181290422550178,
            -0.028224818710320912,
            -0.04676510132903619,
            -0.01801117357832327,
            -0.0604648808761698,
            -0.03819042009919417,
            0.09347903844610103,
            0.36636652198278186,
            -0.10386193900333364,
            -0.08886938598278891,
            -0.016597774711734053,
            -0.04133926814640284,
            1.3840175276473978,
            -0.027213024517730777,
            -0.07708450045437226,
            -0.027433867424863846,
            -0.2941192313699056,
            0.14454545908010435
        ],
        [
            -0.018257067905399584,
            -0.14198404600152242,
            0.0097458473257098,
            -0.07838150399721988,
            -0.0044802166217655405,
            -0.21883162021021316,
            -0.28863565651069145,
            0.062308084129833706,
            -0.28183145064812465,
            -0.00418364959559573,
            -0.5127537764883163,
            -0.42481734223555556,
            -0.012882297451823954,
            -0.05463020477638658,
            -0.027213024517730777,
            -0.20309286664142734,
            -0.4394616769776891,
            0.01564607230004955,
            0.21925217871771313,
            0.07954170186353413
        ],
        [
            -0.15191986019890902,
            -0.20530464394405,
            0.008997893643547151,
            -0.13833213884981976,
            -0.008441430251136906,
            -0.32784727891336574,
            -0.30435217423035343,
            0.06530289573021072,
            -0.17299020070193205,
            0.01865750382895963,
            -0.5058492606674463,
            -0.36206231793873844,
            -0.04875340108482597,
            -0.0816209064326412,
            -0.07708450045437226,
            -0.4394616769776891,
            -0.30518060752248144,
            0.012860927364024421,
            0.20232620436941304,
            0.07162426880056097
        ],
        [
            -0.005545602998259558,
            0.0006204246796514996,
            -0.005513817615077611,
            -0.005903611892276613,
            -0.0007539945279851555,
            -0.007162357488027113,
            0.008145980891849161,
            -0.04381765785194171,
            0.004063319664003667,
            -2.255929806026756e-05,
            -0.0011673344313714723,
            0.008972584703884956,
            0.2501044924713075,
            -0.06785506808705752,
            -0.027433867424863846,
            0.01564607230004955,
            0.012860927364024421,
            1.5067828315948588,
            -0.012964374011975612,
            -0.0055010689834142125
        ],
        [
            0.0717194157581629,
            0.10923213903264514,
            -0.009493242391016322,
            0.09988997106751593,
            0.009292799381495144,
            0.21303531222588398,
            0.15575522165031358,
            -0.0564639888354273,
            0.15890759477240507,
            -0.006392202748276246,
            0.08796249916937837,
            0.18888038443014793,
            -0.05079428477149153,
            -0.5887490674524508,
            -0.2941192313699056,
            0.21925217871771313,
            0.20232620436941304,
            -0.012964374011975612,
            1.3119923470659556,
            -0.06977479214473524
        ],
        [
            0.011540071271440352,
            0.030372309262332378,
            -0.001986039606732576,
            0.018896864540196828,
            -0.004481929262187649,
            0.051230459219727374,
            0.05285286442417101,
            -0.01673339186116494,
            0.06153923768845216,
            -0.04481824542530674,
            0.023777940379972662,
            0.06335516684595385,
            -0.02256448540851689,
            -0.31236676410616665,
            0.14454545908010435,
            0.07954170186353413,
            0.07162426880056097,
            -0.0055010689834142125,
            -0.06977479214473524,
            1.4827041298927752
        ]
    ]
}