{
    "HF": -2.1572188880536443,
    "coordinates": [
        [
            0.697719,
            -0.041952,
            -0.15371
        ],
        [
            1.384416,
            -0.123662,
            0.100334
        ],
        [
            2.169912,
            -0.152613,
            0.05855
        ],
        [
            2.911721,
            -0.144882,
            -0.129382
        ]
    ],
    "elements": [
        "H",
        "H",
        "H",
        "H"
    ],
    "Enn": 3.0181606585321754,
    "S": [
        [
            0.9999999999999999,
            0.6848602514927513,
            0.0,
            0.0,
            0.0,
            0.5733547323833849,
            0.5664815704052488,
            -0.18563372639887354,
            -0.5017797035825574,
            0.059706711373037555,
            0.12830194771056322,
            0.314902623793223,
            -0.02403924899670196,
            -0.16673143361067397,
            0.012532777410835935,
            0.013857897761674967,
            0.12349329702227493,
            -0.00018398538142996794,
            -0.01674383436602725,
            0.0007784287779754424
        ],
        [
            0.6848602514927513,
            1.0000000000000002,
            0.0,
            0.0,
            0.0,
            0.5664815704052488,
            0.8884883301457411,
            -0.05645755705124901,
            -0.15260834758711705,
            0.018158850382837457,
            0.31490262379322304,
            0.6159391808538486,
            -0.02518734278914399,
            -0.17469438303391222,
            0.01313133204743928,
            0.12349329702227493,
            0.3429326406463555,
            -0.0010589024738742174,
            -0.09636682813887107,
            0.0044801394128523835
        ],
        [
            0.0,
            0.0,
            1.0000000000000004,
            0.0,
            0.0,
            0.18563372639887352,
            0.05645755705124901,
            0.41150189173179064,
            -0.22388296105137587,
            0.02663980874753774,
            0.02403924899670195,
            0.025187342789143974,
            0.04918455450636628,
            -0.04518741926088223,
            0.0033966232707454036,
            0.00018398538142996794,
            0.0010589024738742172,
            0.0016968128122650957,
            -0.00023763933117757505,
            1.1047964888065959e-05
        ],
        [
            0.0,
            0.0,
            0.0,
            1.0000000000000004,
            0.0,
            0.5017797035825574,
            0.15260834758711697,
            -0.22388296105137595,
            -0.11084226586311986,
            0.07200908798282157,
            0.1667314336106739,
            0.1746943830339123,
            -0.04518741926088223,
            -0.2577112696280002,
            0.02355830115343677,
            0.016743834366027256,
            0.0963668281388711,
            -0.00023763933117757573,
            -0.019927259379010482,
            0.0010054347401392558
        ],
        [
            0.0,
            0.0,
            0.0,
            0.0,
            1.0000000000000004,
            -0.059706711373037555,
            -0.01815885038283744,
            0.02663980874753773,
            0.07200908798282153,
            0.4857591848002901,
            -0.012532777410835935,
            -0.013131332047439279,
            0.0033966232707454027,
            0.023558301153436764,
            0.05392883494267754,
            -0.0007784287779754424,
            -0.004480139412852383,
            1.1047964888065983e-05,
            0.0010054347401392552,
            0.001652680915295876
        ],
        [
            0.5733547323833849,
            0.5664815704052488,
            0.18563372639887354,
            0.5017797035825576,
            -0.059706711373037555,
            0.9999999999999999,
            0.6848602514927513,
            0.0,
            0.0,
            0.0,
            0.5330209012952833,
            0.5514751656181639,
            0.027841286513619414,
            -0.5233874016681501,
            0.019290472091130474,
            0.11184193366562385,
            0.29768655129365096,
            0.022007316717312642,
            -0.14631930235131727,
            0.002032924396826408
        ],
        [
            0.5664815704052488,
            0.8884883301457411,
            0.05645755705124901,
            0.15260834758711705,
            -0.018158850382837457,
            0.6848602514927513,
            1.0000000000000002,
            0.0,
            0.0,
            0.0,
            0.5514751656181639,
            0.8737439321663699,
            0.009023535170539826,
            -0.16963313187627688,
            0.00625216271114059,
            0.29768655129365096,
            0.5946822054705566,
            0.02566748376884413,
            -0.17065453123672022,
            0.002371032081243237
        ],
        [
            -0.18563372639887352,
            -0.05645755705124902,
            0.41150189173179064,
            -0.22388296105137595,
            0.02663980874753773,
            0.0,
            0.0,
            1.0000000000000004,
            0.0,
            0.0,
            -0.027841286513619397,
            -0.009023535170539812,
            0.44538372670586446,
            0.03812356101026671,
            -0.0014051188227670562,
            -0.022007316717312632,
            -0.025667483768844097,
            0.03899168603153786,
            0.041153752495409035,
            -0.0005717801146153394
        ],
        [
            -0.5017797035825574,
            -0.15260834758711697,
            -0.22388296105137587,
            -0.11084226586312003,
            0.07200908798282153,
            0.0,
            0.0,
            0.0,
            1.0000000000000004,
            0.0,
            0.5233874016681501,
            0.16963313187627682,
            0.038123561010266684,
            -0.2692718442574652,
            0.0264147811317306,
            0.1463193023513172,
            0.17065453123672034,
            0.041153752495409056,
            -0.22843610060663352,
            0.003801575109929571
        ],
        [
            0.059706711373037534,
            0.01815885038283745,
            0.02663980874753774,
            0.07200908798282157,
            0.4857591848002901,
            0.0,
            0.0,
            0.0,
            0.0,
            1.0000000000000004,
            -0.019290472091130474,
            -0.006252162711140588,
            -0.0014051188227670562,
            0.026414781131730614,
            0.4464381185101617,
            -0.002032924396826408,
            -0.002371032081243236,
            -0.0005717801146153396,
            0.0038015751099295695,
            0.04512864360347188
        ],
        [
            0.12830194771056322,
            0.314902623793223,
            0.02403924899670196,
            0.1667314336106739,
            -0.012532777410835935,
            0.5330209012952833,
            0.5514751656181639,
            -0.027841286513619414,
            0.5233874016681501,
            -0.019290472091130474,
            0.9999999999999999,
            0.6848602514927513,
            0.0,
            0.0,
            0.0,
            0.5504150692254749,
            0.558053199433268,
            0.13041487585275505,
            -0.5147762416270587,
            -0.005364905419075236
        ],
        [
            0.31490262379322304,
            0.6159391808538486,
            0.02518734278914399,
            0.17469438303391233,
            -0.01313133204743928,
            0.5514751656181639,
            0.8737439321663699,
            -0.009023535170539837,
            0.16963313187627688,
            -0.00625216271114059,
            0.6848602514927513,
            1.0000000000000002,
            0.0,
            0.0,
            0.0,
            0.558053199433268,
            0.8802256733247033,
            0.04110216060365133,
            -0.16223928152328515,
            -0.0016908286168764736
        ],
        [
            -0.02403924899670195,
            -0.02518734278914397,
            0.04918455450636628,
            -0.045187419260882225,
            0.0033966232707454027,
            0.027841286513619397,
            0.009023535170539823,
            0.44538372670586446,
            0.038123561010266684,
            -0.0014051188227670562,
            0.0,
            0.0,
            1.0000000000000004,
            0.0,
            0.0,
            -0.13041487585275507,
            -0.04110216060365136,
            0.42468590256714833,
            0.16922319999953842,
            0.0017636137593321601
        ],
        [
            -0.16673143361067397,
            -0.17469438303391238,
            -0.04518741926088224,
            -0.2577112696280002,
            0.02355830115343677,
            -0.5233874016681501,
            -0.16963313187627682,
            0.03812356101026671,
            -0.2692718442574652,
            0.026414781131730614,
            0.0,
            0.0,
            0.0,
            1.0000000000000004,
            0.0,
            0.5147762416270587,
            0.1622392815232851,
            0.16922319999953858,
            -0.20040385646584155,
            -0.006961371981335966
        ],
        [
            0.01253277741083593,
            0.013131332047439279,
            0.0033966232707454036,
            0.023558301153436764,
            0.05392883494267754,
            0.019290472091130474,
            0.006252162711140588,
            -0.0014051188227670562,
            0.0264147811317306,
            0.4464381185101617,
            0.0,
            0.0,
            0.0,
            0.0,
            1.0000000000000004,
            0.005364905419075236,
            0.0016908286168764732,
            0.0017636137593321597,
            -0.006961371981335958,
            0.4674848387562827
        ],
        [
            0.013857897761674967,
            0.12349329702227493,
            0.00018398538142996794,
            0.016743834366027253,
            -0.0007784287779754427,
            0.11184193366562385,
            0.29768655129365096,
            -0.022007316717312642,
            0.1463193023513172,
            -0.002032924396826408,
            0.5504150692254749,
            0.558053199433268,
            -0.13041487585275505,
            0.5147762416270587,
            0.005364905419075236,
            0.9999999999999999,
            0.6848602514927513,
            0.0,
            0.0,
            0.0
        ],
        [
            0.12349329702227493,
            0.3429326406463555,
            0.0010589024738742174,
            0.09636682813887111,
            -0.0044801394128523835,
            0.29768655129365096,
            0.5946822054705566,
            -0.02566748376884413,
            0.1706545312367204,
            -0.002371032081243237,
            0.558053199433268,
            0.8802256733247033,
            -0.04110216060365133,
            0.16223928152328515,
            0.0016908286168764736,
            0.6848602514927513,
            1.0000000000000002,
            0.0,
            0.0,
            0.0
        ],
        [
            -0.00018398538142996794,
            -0.0010589024738742172,
            0.0016968128122650957,
            -0.00023763933117757562,
            1.1047964888065983e-05,
            0.022007316717312632,
            0.025667483768844084,
            0.03899168603153786,
            0.04115375249540905,
            -0.0005717801146153394,
            0.13041487585275507,
            0.04110216060365134,
            0.42468590256714833,
            0.16922319999953864,
            0.0017636137593321601,
            0.0,
            0.0,
            1.0000000000000004,
            0.0,
            0.0
        ],
        [
            -0.016743834366027256,
            -0.09636682813887106,
            -0.00023763933117757516,
            -0.019927259379010482,
            0.0010054347401392556,
            -0.14631930235131715,
            -0.17065453123672014,
            0.04115375249540904,
            -0.22843610060663358,
            0.0038015751099295695,
            -0.5147762416270587,
            -0.1622392815232851,
            0.16922319999953836,
            -0.2004038564658414,
            -0.006961371981335958,
            0.0,
            0.0,
            0.0,
            1.0000000000000004,
            0.0
        ],
        [
            0.0007784287779754424,
            0.004480139412852383,
            1.1047964888065959e-05,
            0.0010054347401392554,
            0.001652680915295876,
            0.002032924396826408,
            0.002371032081243236,
            -0.0005717801146153396,
            0.003801575109929571,
            0.04512864360347188,
            -0.005364905419075236,
            -0.0016908286168764732,
            0.0017636137593321597,
            -0.006961371981335966,
            0.4674848387562827,
            0.0,
            0.0,
            0.0,
            0.0,
            1.0000000000000004
        ]
    ],
    "h": [
        [
            -0.28839247807776025,
            -0.47608402728915866,
            -0.1046423253635131,
            -0.2869543844231227,
            0.0338832005637239,
            -0.5996715867371136,
            -0.4729932270537035,
            0.010859131481195161,
            0.008235065091444338,
            -0.002404342504932072,
            -0.2582948395951747,
            -0.3232739480272929,
            0.007837909426480903,
            0.32219691364287306,
            -0.016559448942743638,
            -0.015539198758435013,
            -0.14327079001769974,
            -0.0049770285297257326,
            0.06931863120308729,
            -0.0020486972428828886
        ],
        [
            -0.47608402728915866,
            -0.31531886758529204,
            -0.08462321298798,
            -0.2397857001105516,
            0.027765103108692988,
            -0.5500403241432386,
            -0.3691510855089146,
            0.07936748587681253,
            0.09832520680810139,
            -0.020018298059466855,
            -0.34042642731538164,
            -0.3150283878675063,
            0.005621800607071632,
            0.1887280500029816,
            -0.010267658142116855,
            -0.14275863467225292,
            -0.19972703050635787,
            -0.021924145539617496,
            0.11747769493185573,
            -0.000534052829441271
        ],
        [
            -0.1046423253635131,
            -0.08462321298798,
            1.4418651495383625,
            -0.09332896471547197,
            0.011003862798970535,
            -0.01749963315959363,
            -0.07791054014136896,
            0.3188778539464051,
            -0.3257476481128718,
            0.037942562178349404,
            -0.05845321057488941,
            -0.06134566651275294,
            -0.04631882911250576,
            0.07118955420992029,
            -0.003337510286933052,
            -0.0057350350386806475,
            -0.028912064913559042,
            -0.006503838486397731,
            0.009293392708409492,
            -0.00018425504772636824
        ],
        [
            -0.2869543844231227,
            -0.2397857001105516,
            -0.09332896471547197,
            1.2111123627389628,
            0.03061842668147792,
            -0.0738344857715244,
            -0.23277821735036563,
            -0.3089626053056056,
            -0.470408990141131,
            0.10271178297714229,
            -0.2428616937996178,
            -0.1877410408858955,
            -0.0015212592598802394,
            0.16114192387333753,
            -0.009527834347750827,
            -0.07066061002823185,
            -0.11858155225948097,
            -0.0065746103618465924,
            0.09451699209676084,
            -0.0030337920869353075
        ],
        [
            0.0338832005637239,
            0.027765103108692988,
            0.011003862798970535,
            0.03061842668147792,
            1.4722684260470056,
            0.006905942038101728,
            0.02612454187496654,
            0.037133351809121265,
            0.10592546895414509,
            0.4229027281234047,
            0.022788696249257383,
            0.02076754755537632,
            8.430123624862673e-05,
            -0.02362778056994061,
            -0.045165213106864735,
            0.004342532669608694,
            0.011156011003596963,
            0.0005178921495273936,
            -0.006338606245219288,
            -0.005239341074262452
        ],
        [
            -0.5996715867371136,
            -0.5500403241432386,
            -0.01749963315959363,
            -0.0738344857715244,
            0.006905942038101728,
            -0.46032769788351846,
            -0.6045259805771879,
            0.10995037950324033,
            0.0519846533540302,
            -0.02377589061649655,
            -0.5165662432063847,
            -0.51115654029758,
            0.017922255855007847,
            0.06837521695432203,
            -0.007021764254279271,
            -0.23496175364180988,
            -0.32759738114646164,
            -0.04497206289188545,
            0.23390349804810023,
            -0.0009066513799843227
        ],
        [
            -0.4729932270537035,
            -0.3691510855089146,
            -0.07791054014136896,
            -0.23277821735036563,
            0.02612454187496654,
            -0.6045259805771879,
            -0.4316590194608758,
            0.08733546666865943,
            0.003238848247711368,
            -0.017155862063927163,
            -0.506830104777233,
            -0.4080351165728511,
            0.023561972640143685,
            0.12988507957028478,
            -0.011601335379115276,
            -0.3067301406440029,
            -0.30688491630303016,
            -0.043059398323082844,
            0.18190367934662266,
            0.0011772645636301694
        ],
        [
            0.010859131481195161,
            0.07936748587681253,
            0.3188778539464051,
            -0.3089626053056056,
            0.037133351809121265,
            0.10995037950324033,
            0.08733546666865943,
            1.3678106789323377,
            -0.07592944698580392,
            0.010151345793252407,
            0.02687819528807779,
            0.05675381392405649,
            0.3510913326645366,
            0.025538392969924564,
            -8.207185796524786e-05,
            0.022007503921075762,
            0.026914222513014903,
            -0.0406664803075277,
            -0.022312673679717024,
            3.572186054230913e-05
        ],
        [
            0.008235065091444338,
            0.09832520680810139,
            -0.3257476481128718,
            -0.470408990141131,
            0.10592546895414509,
            0.0519846533540302,
            0.003238848247711368,
            -0.07592944698580392,
            0.8614475512901132,
            0.04007728346921591,
            -0.05206662981355059,
            -0.12116254331530008,
            0.06900210938881536,
            -0.7843443578801945,
            0.03970279858540865,
            -0.3070080595960344,
            -0.18398479114646893,
            -0.05490312415862106,
            0.19459366259556254,
            0.0010789177256869354
        ],
        [
            -0.002404342504932072,
            -0.020018298059466855,
            0.037942562178349404,
            0.10271178297714229,
            0.4229027281234047,
            -0.02377589061649655,
            -0.017155862063927163,
            0.010151345793252407,
            0.04007728346921591,
            1.39779835426664,
            -0.003009261435933566,
            -0.005459949207116355,
            -0.0021210567269867755,
            0.04868962651819248,
            0.3548604186705545,
            0.009635049799130414,
            0.0032783997509157285,
            0.0016392048793980548,
            -0.006637417720129824,
            -0.04522337539474153
        ],
        [
            -0.2582948395951747,
            -0.34042642731538164,
            -0.05845321057488941,
            -0.2428616937996178,
            0.022788696249257383,
            -0.5165662432063847,
            -0.506830104777233,
            0.02687819528807779,
            -0.05206662981355059,
            -0.003009261435933566,
            -0.44040712355009726,
            -0.5987613255334026,
            0.054837095234131765,
            -0.04270274000079685,
            -0.010837781209123227,
            -0.5763367570378439,
            -0.5375643728285225,
            -0.01471122420091836,
            0.07016033905451513,
            -3.63285934638748e-05
        ],
        [
            -0.3232739480272929,
            -0.3150283878675063,
            -0.06134566651275294,
            -0.1877410408858955,
            0.02076754755537632,
            -0.51115654029758,
            -0.4080351165728511,
            0.05675381392405649,
            -0.12116254331530008,
            -0.005459949207116355,
            -0.5987613255334026,
            -0.4339550870407556,
            0.0445634070116196,
            6.804702786353256e-05,
            -0.010381688612968433,
            -0.45953031257356236,
            -0.364928734824876,
            -0.055028633091837115,
            0.22732887215848724,
            0.0017299471442068558
        ],
        [
            0.007837909426480903,
            0.005621800607071632,
            -0.04631882911250576,
            -0.0015212592598802394,
            8.430123624862673e-05,
            0.017922255855007847,
            0.023561972640143685,
            0.3510913326645366,
            0.06900210938881536,
            -0.0021210567269867755,
            0.054837095234131765,
            0.0445634070116196,
            1.3920918777936344,
            0.07402192109892576,
            0.00026160888448461595,
            0.003918300134868297,
            0.04526404521824551,
            0.33827283633318084,
            0.23644252387779308,
            0.0024955565926543517
        ],
        [
            0.32219691364287306,
            0.1887280500029816,
            0.07118955420992029,
            0.16114192387333753,
            -0.02362778056994061,
            0.06837521695432203,
            0.12988507957028478,
            0.025538392969924564,
            -0.7843443578801945,
            0.04868962651819248,
            -0.04270274000079685,
            6.804702786353256e-05,
            0.07402192109892576,
            0.8518739034868004,
            0.00967799645678678,
            -0.020395358723225288,
            -0.10550403871530356,
            0.24201532868112136,
            -0.5747408811825252,
            -0.00912911787837729
        ],
        [
            -0.016559448942743638,
            -0.010267658142116855,
            -0.003337510286933052,
            -0.009527834347750827,
            -0.045165213106864735,
            -0.007021764254279271,
            -0.011601335379115276,
            -8.207185796524786e-05,
            0.03970279858540865,
            0.3548604186705545,
            -0.010837781209123227,
            -0.010381688612968433,
            0.00026160888448461595,
            0.00967799645678678,
            1.4081888043710378,
            -0.00010484944418022446,
            -0.0055205280113765545,
            0.00219825477127651,
            -0.007729575317565298,
            0.39814720322842645
        ],
        [
            -0.015539198758435013,
            -0.14275863467225292,
            -0.0057350350386806475,
            -0.07066061002823185,
            0.004342532669608694,
            -0.23496175364180988,
            -0.3067301406440029,
            0.022007503921075762,
            -0.3070080595960344,
            0.009635049799130414,
            -0.5763367570378439,
            -0.45953031257356236,
            0.003918300134868297,
            -0.020395358723225288,
            -0.00010484944418022446,
            -0.2648890551774705,
            -0.46571995685524303,
            -0.07162417124147707,
            0.2804660425566473,
            0.0030011813080466805
        ],
        [
            -0.14327079001769974,
            -0.19972703050635787,
            -0.028912064913559042,
            -0.11858155225948097,
            0.011156011003596963,
            -0.32759738114646164,
            -0.30688491630303016,
            0.026914222513014903,
            -0.18398479114646893,
            0.0032783997509157285,
            -0.5375643728285225,
            -0.364928734824876,
            0.04526404521824551,
            -0.10550403871530356,
            -0.0055205280113765545,
            -0.46571995685524303,
            -0.309970444011302,
            -0.05971185778226845,
            0.23806206746109057,
            0.0022931385764725686
        ],
        [
            -0.0049770285297257326,
            -0.021924145539617496,
            -0.006503838486397731,
            -0.0065746103618465924,
            0.0005178921495273936,
            -0.04497206289188545,
            -0.043059398323082844,
            -0.0406664803075277,
            -0.05490312415862106,
            0.0016392048793980548,
            -0.01471122420091836,
            -0.055028633091837115,
            0.33827283633318084,
            0.24201532868112136,
            0.00219825477127651,
            -0.07162417124147707,
            -0.05971185778226845,
            1.4711069002275128,
            0.066250788294637,
            0.0006601078907500052
        ],
        [
            0.06931863120308729,
            0.11747769493185573,
            0.009293392708409492,
            0.09451699209676084,
            -0.006338606245219288,
            0.23390349804810023,
            0.18190367934662266,
            -0.022312673679717024,
            0.19459366259556254,
            -0.006637417720129824,
            0.07016033905451513,
            0.22732887215848724,
            0.23644252387779308,
            -0.5747408811825252,
            -0.007729575317565298,
            0.2804660425566473,
            0.23806206746109057,
            0.066250788294637,
            1.2215005488539752,
            -0.0024665905827178265
        ],
        [
            -0.0020486972428828886,
            -0.000534052829441271,
            -0.00018425504772636824,
            -0.0030337920869353075,
            -0.005239341074262452,
            -0.0009066513799843227,
            0.0011772645636301694,
            3.572186054230913e-05,
            0.0010789177256869354,
            -0.04522337539474153,
            -3.63285934638748e-05,
            0.0017299471442068558,
            0.0024955565926543517,
            -0.00912911787837729,
            0.39814720322842645,
            0.0030011813080466805,
            0.0022931385764725686,
            0.0006601078907500052,
            -0.0024665905827178265,
            1.487756279858978
        ]
    ]
}