{
    "HF": -2.1524181799866695,
    "coordinates": [
        [
            0.78183,
            -0.074007,
            0.053452
        ],
        [
            1.594288,
            -0.063432,
            -0.10816
        ],
        [
            2.310991,
            0.188072,
            0.064004
        ],
        [
            3.02536,
            0.109993,
            0.039436
        ]
    ],
    "elements": [
        "H",
        "H",
        "H",
        "H"
    ],
    "Enn": 2.9955014903452164,
    "S": [
        [
            0.9999999999999999,
            0.6848602514927513,
            0.0,
            0.0,
            0.0,
            0.5006196936680989,
            0.5387640334372611,
            0.09946498471999338,
            -0.5000316966291883,
            -0.006508441287861849,
            0.1098418748823371,
            0.29548906092383814,
            -0.0009889389479661873,
            -0.1433137671162738,
            -0.02456218068082166,
            0.012228091342873355,
            0.11703573982914629,
            9.09668126849627e-05,
            -0.014560985535323527,
            -0.0011941990249738266
        ],
        [
            0.6848602514927513,
            1.0000000000000002,
            0.0,
            0.0,
            0.0,
            0.5387640334372611,
            0.8611348994048148,
            0.03404306659714219,
            -0.1711417580463146,
            -0.002227590954042889,
            0.2954890609238381,
            0.5919358106803673,
            -0.0011697254466556271,
            -0.1695127495956561,
            -0.029052357404668293,
            0.11703573982914628,
            0.3315839945852182,
            0.0005758952519700096,
            -0.09218309607964308,
            -0.007560268718784379
        ],
        [
            0.0,
            0.0,
            1.0000000000000004,
            0.0,
            0.0,
            -0.09946498471999338,
            -0.03404306659714221,
            0.3824667146404576,
            0.139860419950606,
            0.001820431260419194,
            0.0009889389479661866,
            0.001169725446655627,
            0.043939502513974736,
            -0.0018411994453247163,
            -0.0003155584725423002,
            -9.096681268496262e-05,
            -0.0005758952519700095,
            0.0013899129719007364,
            0.00011352650682640652,
            9.310718936701894e-06
        ],
        [
            0.0,
            0.0,
            0.0,
            1.0000000000000004,
            0.0,
            0.5000316966291883,
            0.17114175804631443,
            0.13986041995060589,
            -0.29282078685525337,
            -0.009151696290978742,
            0.14331376711627372,
            0.16951274959565607,
            -0.0018411994453247163,
            -0.22286833670743522,
            -0.045729691947617127,
            0.014560985535323508,
            0.09218309607964299,
            0.00011352650682640663,
            -0.016781475672361573,
            -0.0014903593932690364
        ],
        [
            0.0,
            0.0,
            0.0,
            0.0,
            1.0000000000000004,
            0.006508441287861849,
            0.002227590954042889,
            0.0018204312604191933,
            -0.009151696290978747,
            0.41016826105981746,
            0.02456218068082164,
            0.029052357404668275,
            -0.0003155584725423002,
            -0.045729691947617127,
            0.03611471258054556,
            0.0011941990249738248,
            0.007560268718784375,
            9.3107189367019e-06,
            -0.001490359393269036,
            0.0012683924480647174
        ],
        [
            0.5006196936680989,
            0.5387640334372611,
            -0.09946498471999338,
            0.5000316966291883,
            0.006508441287861849,
            0.9999999999999999,
            0.6848602514927513,
            0.0,
            0.0,
            0.0,
            0.5396247771544262,
            0.5539921277715405,
            -0.11651706996880092,
            -0.4850499151846469,
            -0.1702127574024378,
            0.14276257850469717,
            0.32891492660820426,
            -0.019044617994194084,
            -0.18465418820420143,
            -0.02237738743355585
        ],
        [
            0.5387640334372611,
            0.8611348994048148,
            -0.03404306659714219,
            0.17114175804631443,
            0.002227590954042889,
            0.6848602514927513,
            1.0000000000000002,
            0.0,
            0.0,
            0.0,
            0.5539921277715405,
            0.8762275062696958,
            -0.037361145995543396,
            -0.15553103679308072,
            -0.0545786439816869,
            0.32891492660820426,
            0.6329170486394983,
            -0.01834901886333286,
            -0.17790974770852497,
            -0.021560059868651615
        ],
        [
            0.09946498471999338,
            0.03404306659714221,
            0.3824667146404576,
            0.13986041995060594,
            0.001820431260419194,
            0.0,
            0.0,
            1.0000000000000004,
            0.0,
            0.0,
            0.1165170699688009,
            0.03736114599554337,
            0.4200273817520481,
            -0.14576953638536572,
            -0.05115315755489376,
            0.01904461799419409,
            0.018349018863332848,
            0.06179285471137306,
            -0.0359162104464757,
            -0.004352519507530054
        ],
        [
            -0.500031696629188,
            -0.17114175804631426,
            0.13986041995060597,
            -0.29282078685525337,
            -0.009151696290978747,
            0.0,
            0.0,
            0.0,
            1.0000000000000004,
            0.0,
            0.48504991518464685,
            0.15553103679308072,
            -0.1457695363853658,
            -0.15178160711033054,
            -0.21294592062838366,
            0.18465418820420146,
            0.1779097477085251,
            -0.03591621044647571,
            -0.28274186473759017,
            -0.04220147427220284
        ],
        [
            -0.006508441287861849,
            -0.002227590954042889,
            0.0018204312604191933,
            -0.009151696290978742,
            0.41016826105981746,
            0.0,
            0.0,
            0.0,
            0.0,
            1.0000000000000004,
            0.1702127574024378,
            0.05457864398168689,
            -0.05115315755489376,
            -0.2129459206283835,
            0.3803170912140277,
            0.022377387433555853,
            0.02156005986865158,
            -0.004352519507530052,
            -0.04220147427220281,
            0.06038293146600264
        ],
        [
            0.1098418748823371,
            0.29548906092383814,
            0.0009889389479661873,
            0.1433137671162738,
            0.02456218068082166,
            0.5396247771544262,
            0.5539921277715405,
            0.11651706996880092,
            0.48504991518464685,
            0.1702127574024378,
            0.9999999999999999,
            0.6848602514927513,
            0.0,
            0.0,
            0.0,
            0.5876608240637047,
            0.5716018024738582,
            0.018519861299727,
            -0.5385059751231147,
            0.058857548454142976
        ],
        [
            0.2954890609238381,
            0.5919358106803673,
            0.0011697254466556271,
            0.1695127495956561,
            0.029052357404668293,
            0.5539921277715405,
            0.8762275062696958,
            0.037361145995543396,
            0.1555310367930804,
            0.0545786439816869,
            0.6848602514927513,
            1.0000000000000002,
            0.0,
            0.0,
            0.0,
            0.5716018024738582,
            0.8934850483204946,
            0.005512569694816815,
            -0.16029017015290553,
            0.017519371914750993
        ],
        [
            -0.0009889389479661866,
            -0.001169725446655627,
            0.043939502513974736,
            -0.0018411994453247163,
            -0.0003155584725423002,
            -0.1165170699688009,
            -0.03736114599554337,
            0.4200273817520481,
            -0.1457695363853658,
            -0.05115315755489376,
            0.0,
            0.0,
            1.0000000000000004,
            0.0,
            0.0,
            -0.018519861299727,
            -0.005512569694816814,
            0.5103255096590433,
            0.023289110632454698,
            -0.0025454498572466473
        ],
        [
            -0.14331376711627372,
            -0.16951274959565607,
            -0.0018411994453247163,
            -0.22286833670743522,
            -0.045729691947617127,
            -0.4850499151846466,
            -0.15553103679308072,
            -0.14576953638536572,
            -0.15178160711033054,
            -0.2129459206283835,
            0.0,
            0.0,
            0.0,
            1.0000000000000004,
            0.0,
            0.5385059751231147,
            0.16029017015290623,
            0.023289110632454688,
            -0.16605600995447098,
            0.07401459089349681
        ],
        [
            -0.02456218068082164,
            -0.029052357404668265,
            -0.0003155584725423002,
            -0.045729691947617127,
            0.03611471258054556,
            -0.1702127574024378,
            -0.054578643981686895,
            -0.05115315755489376,
            -0.21294592062838366,
            0.3803170912140277,
            0.0,
            0.0,
            0.0,
            0.0,
            1.0000000000000004,
            -0.05885754845414295,
            -0.017519371914750965,
            -0.0025454498572466473,
            0.07401459089349684,
            0.5030368137996832
        ],
        [
            0.012228091342873355,
            0.11703573982914629,
            -9.096681268496283e-05,
            0.014560985535323527,
            0.0011941990249738266,
            0.14276257850469717,
            0.32891492660820426,
            0.019044617994194084,
            0.18465418820420135,
            0.02237738743355585,
            0.5876608240637047,
            0.5716018024738582,
            -0.01851986129972701,
            0.5385059751231147,
            -0.05885754845414295,
            0.9999999999999999,
            0.6848602514927513,
            0.0,
            0.0,
            0.0
        ],
        [
            0.11703573982914628,
            0.3315839945852182,
            -0.0005758952519700096,
            0.092183096079643,
            0.007560268718784379,
            0.32891492660820426,
            0.6329170486394983,
            0.01834901886333287,
            0.17790974770852516,
            0.021560059868651615,
            0.5716018024738582,
            0.8934850483204946,
            -0.005512569694816815,
            0.16029017015290553,
            -0.01751937191475097,
            0.6848602514927513,
            1.0000000000000002,
            0.0,
            0.0,
            0.0
        ],
        [
            9.096681268496262e-05,
            0.0005758952519700095,
            0.0013899129719007364,
            0.00011352650682640663,
            9.310718936701903e-06,
            -0.01904461799419409,
            -0.018349018863332844,
            0.06179285471137306,
            -0.03591621044647571,
            -0.004352519507530054,
            0.018519861299727,
            0.005512569694816814,
            0.5103255096590434,
            0.02328911063245468,
            -0.002545449857246647,
            0.0,
            0.0,
            1.0000000000000004,
            0.0,
            0.0
        ],
        [
            -0.014560985535323513,
            -0.09218309607964306,
            0.00011352650682640652,
            -0.016781475672361573,
            -0.0014903593932690364,
            -0.18465418820420154,
            -0.1779097477085249,
            -0.0359162104464757,
            -0.2827418647375902,
            -0.042201474272202825,
            -0.5385059751231147,
            -0.16029017015290623,
            0.0232891106324547,
            -0.16605600995447098,
            0.07401459089349684,
            0.0,
            0.0,
            0.0,
            1.0000000000000004,
            0.0
        ],
        [
            -0.0011941990249738248,
            -0.007560268718784378,
            9.310718936701891e-06,
            -0.001490359393269036,
            0.0012683924480647174,
            -0.022377387433555853,
            -0.02156005986865158,
            -0.004352519507530052,
            -0.042201474272202825,
            0.06038293146600264,
            0.058857548454142976,
            0.01751937191475099,
            -0.0025454498572466478,
            0.07401459089349681,
            0.5030368137996832,
            0.0,
            0.0,
            0.0,
            0.0,
            1.0000000000000004
        ]
    ],
    "h": [
        [
            -0.22956423996375697,
            -0.45149358106811066,
            0.04767072503156693,
            -0.25273309897914487,
            -0.006134570724257809,
            -0.5404180144053697,
            -0.44038169615050626,
            -0.016593410322155805,
            0.04307413332955223,
            -0.008696311625050353,
            -0.2258329207295751,
            -0.29641376405386666,
            0.030361147732755594,
            0.28694489124655476,
            0.06548111900893636,
            -0.012880265428027338,
            -0.13653434203019724,
            0.002912813199189447,
            0.06932287943294146,
            0.006375106392222989
        ],
        [
            -0.45149358106811066,
            -0.308369319953524,
            0.040654774084814806,
            -0.2249255362355596,
            -0.006824596122227312,
            -0.5194593356671735,
            -0.3639192607165971,
            -0.06023799685641045,
            0.10322639752848359,
            -0.030024716372800672,
            -0.32503394645335865,
            -0.3048660638339924,
            0.03876238196917397,
            0.17190966538453875,
            0.06556483261693763,
            -0.14076921223217911,
            -0.1985813682678812,
            0.0018134155323826092,
            0.12710546878943044,
            -0.0006933995164750788
        ],
        [
            0.04767072503156693,
            0.040654774084814806,
            1.488997240740138,
            0.04408873416510532,
            0.0005271132344663668,
            0.007933622150546077,
            0.03520398692906181,
            0.2778986270046468,
            0.18765075461941427,
            0.0032895979645089553,
            0.019308787745698396,
            0.028714702848649132,
            -0.048304856877311106,
            -0.030203383794734452,
            -0.008074903793551382,
            0.0013542612258007894,
            0.013192928840335223,
            -0.00492839400697078,
            -0.004083513331335199,
            -0.00041439391128554094
        ],
        [
            -0.25273309897914487,
            -0.2249255362355596,
            0.04408873416510532,
            1.257657706340782,
            -0.006315350738494364,
            -0.08277522864044695,
            -0.21212158487212596,
            0.1708786965646238,
            -0.6514257483789102,
            -0.02948767053477348,
            -0.22504340409656645,
            -0.17239125500455188,
            0.03316366073468896,
            0.17428821866918331,
            0.06236234466189752,
            -0.06593632726144892,
            -0.11381138215589928,
            0.0013318936416160645,
            0.09086305643691141,
            0.00572450731019333
        ],
        [
            -0.006134570724257809,
            -0.006824596122227312,
            0.0005271132344663668,
            -0.006315350738494364,
            1.4971780975581437,
            -0.008310455928174119,
            -0.008724378482958968,
            0.00022295681985323723,
            -0.015294139504605456,
            0.3120951369224017,
            -0.022164855758388294,
            -0.006710154116396833,
            0.0021802680725993635,
            0.013618249654660117,
            -0.039740566940009284,
            -0.007236660753539997,
            -0.007466368762857046,
            3.893176008802786e-06,
            0.008101691488753985,
            -0.004371114937990138
        ],
        [
            -0.5404180144053697,
            -0.5194593356671735,
            0.007933622150546077,
            -0.08277522864044695,
            -0.008310455928174119,
            -0.4116481649635404,
            -0.5881238481898975,
            -0.09634533621859911,
            0.019637222110338748,
            -0.0703784356286776,
            -0.5298354241676163,
            -0.5096023701067904,
            0.009881935778358802,
            0.03700941489140286,
            0.0265556312495564,
            -0.2797525691733896,
            -0.35063075345655426,
            0.009589015567136053,
            0.262599814342764,
            0.0032195887176561452
        ],
        [
            -0.44038169615050626,
            -0.3639192607165971,
            0.03520398692906181,
            -0.21212158487212596,
            -0.008724378482958968,
            -0.5881238481898975,
            -0.43576375835366776,
            -0.082456668127635,
            -0.006594472739608989,
            -0.061916281887274556,
            -0.5231769231545806,
            -0.4144285692971734,
            0.048050050720585755,
            0.09771347517770906,
            0.08347429477734691,
            -0.3365947343466544,
            -0.3212710153451106,
            -0.001190371413764997,
            0.20841506413686028,
            -0.01302457683136372
        ],
        [
            -0.016593410322155805,
            -0.06023799685641045,
            0.2778986270046468,
            0.1708786965646238,
            0.00022295681985323723,
            -0.09634533621859911,
            -0.082456668127635,
            1.391235516949433,
            -0.00917466538857447,
            -0.017469686526987195,
            -0.023012110940412306,
            -0.06797239172422127,
            0.31872522486229404,
            -0.1950385197632214,
            -0.06505104508533106,
            -0.04755545484151337,
            -0.050199738888123444,
            -0.046533756309231594,
            0.043565997218106375,
            -0.0024613629637460664
        ],
        [
            0.04307413332955223,
            0.10322639752848359,
            0.18765075461941427,
            -0.6514257483789102,
            -0.015294139504605456,
            0.019637222110338748,
            -0.006594472739608989,
            -0.00917466538857447,
            0.9061515122357506,
            -0.08499075874296629,
            -0.07835194504179477,
            -0.12820998495446573,
            -0.19963483800764475,
            -0.6356728208526876,
            -0.2931945234413466,
            -0.3239629215174866,
            -0.18633694493264266,
            -0.0064393976045653,
            0.13530054511638245,
            -0.021581717730094555
        ],
        [
            -0.008696311625050353,
            -0.030024716372800672,
            0.0032895979645089553,
            -0.02948767053477348,
            0.3120951369224017,
            -0.0703784356286776,
            -0.061916281887274556,
            -0.017469686526987195,
            -0.08499075874296629,
            1.3856465677886345,
            -0.02081894702028353,
            -0.06723096410145327,
            -0.06906916513799743,
            -0.30919902270157257,
            0.26479056706125503,
            -0.07144776522170948,
            -0.06322839962260778,
            -0.00021378786004280954,
            0.06209618565544919,
            -0.050158650549138636
        ],
        [
            -0.2258329207295751,
            -0.32503394645335865,
            0.019308787745698396,
            -0.22504340409656645,
            -0.022164855758388294,
            -0.5298354241676163,
            -0.5231769231545806,
            -0.023012110940412306,
            -0.07835194504179477,
            -0.02081894702028353,
            -0.481463486805807,
            -0.6139105780671765,
            0.060761925500006767,
            -0.08861716740755793,
            0.10516731137805721,
            -0.6153647320106652,
            -0.560398551388725,
            0.006212970818058782,
            0.08317237370893071,
            0.004594389339127994
        ],
        [
            -0.29641376405386666,
            -0.3048660638339924,
            0.028714702848649132,
            -0.17239125500455188,
            -0.006710154116396833,
            -0.5096023701067904,
            -0.4144285692971734,
            -0.06797239172422127,
            -0.12820998495446573,
            -0.06723096410145327,
            -0.6139105780671765,
            -0.4360458150272446,
            0.05068790182787574,
            -0.02947367709496851,
            0.08890299273665615,
            -0.4817172391151632,
            -0.37330617991782145,
            -0.00139422571308832,
            0.25597146900681417,
            -0.016741472303185213
        ],
        [
            0.030361147732755594,
            0.03876238196917397,
            -0.048304856877311106,
            0.03316366073468896,
            0.0021802680725993635,
            0.009881935778358802,
            0.048050050720585755,
            0.31872522486229404,
            -0.19963483800764475,
            -0.06906916513799743,
            0.060761925500006767,
            0.05068790182787574,
            1.380052761305061,
            -0.04151087810048471,
            -0.018918886098067092,
            0.013281628866396993,
            0.03358055123484319,
            0.45465060064000373,
            0.015496987807991719,
            -0.004651088124247929
        ],
        [
            0.28694489124655476,
            0.17190966538453875,
            -0.030203383794734452,
            0.17428821866918331,
            0.013618249654660117,
            0.03700941489140286,
            0.09771347517770906,
            -0.1950385197632214,
            -0.6356728208526876,
            -0.30919902270157257,
            -0.08861716740755793,
            -0.02947367709496851,
            -0.04151087810048471,
            0.8421771865124725,
            -0.04904565668402945,
            -0.008002278399237284,
            -0.11853762031137177,
            0.03138738134372735,
            -0.5585367833110046,
            0.10352840097971044
        ],
        [
            0.06548111900893636,
            0.06556483261693763,
            -0.008074903793551382,
            0.06236234466189752,
            -0.039740566940009284,
            0.0265556312495564,
            0.08347429477734691,
            -0.06505104508533106,
            -0.2931945234413466,
            0.26479056706125503,
            0.10516731137805721,
            0.08890299273665615,
            -0.018918886098067092,
            -0.04904565668402945,
            1.3623266815607802,
            0.017490968852562128,
            0.06072102422026859,
            -0.0055939977309508206,
            0.07955377831019933,
            0.44349430674070467
        ],
        [
            -0.012880265428027338,
            -0.14076921223217911,
            0.0013542612258007894,
            -0.06593632726144892,
            -0.007236660753539997,
            -0.2797525691733896,
            -0.3365947343466544,
            -0.04755545484151337,
            -0.3239629215174866,
            -0.07144776522170948,
            -0.6153647320106652,
            -0.4817172391151632,
            0.013281628866396993,
            -0.008002278399237284,
            0.017490968852562128,
            -0.3066543795225274,
            -0.4850824482244528,
            -0.006909412976316274,
            0.31784539904455966,
            -0.029943067205648904
        ],
        [
            -0.13653434203019724,
            -0.1985813682678812,
            0.013192928840335223,
            -0.11381138215589928,
            -0.007466368762857046,
            -0.35063075345655426,
            -0.3212710153451106,
            -0.050199738888123444,
            -0.18633694493264266,
            -0.06322839962260778,
            -0.560398551388725,
            -0.37330617991782145,
            0.03358055123484319,
            -0.11853762031137177,
            0.06072102422026859,
            -0.4850824482244528,
            -0.3208291276982118,
            -0.0038017113282944872,
            0.2621523946154397,
            -0.02147603948872817
        ],
        [
            0.002912813199189447,
            0.0018134155323826092,
            -0.00492839400697078,
            0.0013318936416160645,
            3.893176008802786e-06,
            0.009589015567136053,
            -0.001190371413764997,
            -0.046533756309231594,
            -0.0064393976045653,
            -0.00021378786004280954,
            0.006212970818058782,
            -0.00139422571308832,
            0.45465060064000373,
            0.03138738134372735,
            -0.0055939977309508206,
            -0.006909412976316274,
            -0.0038017113282944872,
            1.4661212617557087,
            0.0062095525938293105,
            -0.001452820272359261
        ],
        [
            0.06932287943294146,
            0.12710546878943044,
            -0.004083513331335199,
            0.09086305643691141,
            0.008101691488753985,
            0.262599814342764,
            0.20841506413686028,
            0.043565997218106375,
            0.13530054511638245,
            0.06209618565544919,
            0.08317237370893071,
            0.25597146900681417,
            0.015496987807991719,
            -0.5585367833110046,
            0.07955377831019933,
            0.31784539904455966,
            0.2621523946154397,
            0.0062095525938293105,
            1.1556728677955892,
            0.02721112138124287
        ],
        [
            0.006375106392222989,
            -0.0006933995164750788,
            -0.00041439391128554094,
            0.00572450731019333,
            -0.004371114937990138,
            0.0032195887176561452,
            -0.01302457683136372,
            -0.0024613629637460664,
            -0.021581717730094555,
            -0.050158650549138636,
            0.004594389339127994,
            -0.016741472303185213,
            -0.004651088124247929,
            0.10352840097971044,
            0.44349430674070467,
            -0.029943067205648904,
            -0.02147603948872817,
            -0.001452820272359261,
            0.02721112138124287,
            1.4629820930549164
        ]
    ]
}