{
    "HF": -2.143802135342172,
    "coordinates": [
        [
            0.78648,
            -0.060595,
            0.195991
        ],
        [
            1.436526,
            0.07018,
            -0.161553
        ],
        [
            2.182672,
            -0.026872,
            0.120907
        ],
        [
            2.834715,
            0.082031,
            0.026973
        ]
    ],
    "elements": [
        "H",
        "H",
        "H",
        "H"
    ],
    "Enn": 3.1636872173606694,
    "S": [
        [
            0.9999999999999999,
            0.6848602514927513,
            0.0,
            0.0,
            0.0,
            0.5599942169967536,
            0.5616061135293273,
            0.25359057578552335,
            -0.46104965941835496,
            -0.09275308087494634,
            0.1615326796465217,
            0.34582289568236807,
            0.01126976519268014,
            -0.2095620372369409,
            -0.005061668152905442,
            0.02387822186296943,
            0.15583566883543784,
            0.0024820000909540154,
            -0.03007797664328767,
            -0.002094438136603245
        ],
        [
            0.6848602514927513,
            1.0000000000000002,
            0.0,
            0.0,
            0.0,
            0.5616061135293273,
            0.8837144820048517,
            0.07872914977128496,
            -0.14313642206896107,
            -0.028795909206530645,
            0.34582289568236807,
            0.6530426586769592,
            0.009848454513514274,
            -0.1831326701312201,
            -0.004423304985872377,
            0.15583566883543784,
            0.3967178889026585,
            0.009441564845429067,
            -0.11441706546744966,
            -0.007967273471725886
        ],
        [
            0.0,
            0.0,
            1.0000000000000004,
            0.0,
            0.0,
            -0.2535905757855233,
            -0.07872914977128492,
            0.3198317988118573,
            0.2888536710343063,
            0.05811102418830578,
            -0.011269765192680137,
            -0.009848454513514272,
            0.07777325867181205,
            0.021481191334026407,
            0.0005188471323122983,
            -0.0024820000909540146,
            -0.009441564845429063,
            0.003748694421494277,
            0.0036390770944828223,
            0.0002534020801703452
        ],
        [
            0.0,
            0.0,
            0.0,
            1.0000000000000004,
            0.0,
            0.4610496594183548,
            0.14313642206896127,
            0.28885367103430654,
            -0.046451397381654005,
            -0.1056508816523601,
            0.20956203723694086,
            0.18313267013121995,
            0.021481191334026397,
            -0.3205157212360645,
            -0.009647997114663208,
            0.030077976643287683,
            0.1144170654674496,
            0.003639077094482823,
            -0.04005096147998365,
            -0.003070838666164001
        ],
        [
            0.0,
            0.0,
            0.0,
            0.0,
            1.0000000000000004,
            0.09275308087494634,
            0.028795909206530624,
            0.058111024188305806,
            -0.10565088165236006,
            0.45745498687578307,
            0.005061668152905444,
            0.00442330498587238,
            0.0005188471323122983,
            -0.009647997114663213,
            0.07869543439221888,
            0.002094438136603245,
            0.007967273471725886,
            0.00025340208017034525,
            -0.003070838666164001,
            0.003835153297919585
        ],
        [
            0.5599942169967536,
            0.5616061135293273,
            -0.25359057578552335,
            0.4610496594183548,
            0.09275308087494634,
            0.9999999999999999,
            0.6848602514927513,
            0.0,
            0.0,
            0.0,
            0.5199488817179774,
            0.5464205725004943,
            -0.18238347744075384,
            -0.4817839770534191,
            0.06266615185364316,
            0.1568050013420871,
            0.34168709650020246,
            -0.027285404090224008,
            -0.20236016177877975,
            -0.001715197499937645
        ],
        [
            0.5616061135293273,
            0.8837144820048517,
            -0.07872914977128496,
            0.14313642206896127,
            0.028795909206530645,
            0.6848602514927513,
            1.0000000000000002,
            0.0,
            0.0,
            0.0,
            0.5464205725004943,
            0.8687433221749603,
            -0.06040246507495492,
            -0.15955907989031134,
            0.0207540184112955,
            0.34168709650020246,
            0.6481549291279717,
            -0.024412046316383336,
            -0.18105011842959445,
            -0.0015345743340200305
        ],
        [
            0.2535905757855233,
            0.07872914977128492,
            0.3198317988118573,
            0.2888536710343064,
            0.05811102418830578,
            0.0,
            0.0,
            1.0000000000000004,
            0.0,
            0.0,
            0.18238347744075384,
            0.06040246507495488,
            0.3428108132532339,
            -0.2365735779066958,
            0.030771375686528702,
            0.027285404090224008,
            0.024412046316383336,
            0.06850879078900139,
            -0.05164881106283829,
            -0.00043777347690884203
        ],
        [
            -0.46104965941835496,
            -0.14313642206896107,
            0.2888536710343064,
            -0.046451397381654005,
            -0.10565088165236006,
            0.0,
            0.0,
            0.0,
            1.0000000000000004,
            0.0,
            0.4817839770534191,
            0.1595590798903113,
            -0.23657357790669598,
            -0.19256470157331435,
            0.08128562940947624,
            0.20236016177877966,
            0.18105011842959443,
            -0.05164881106283831,
            -0.3075766481015792,
            -0.003246714298853724
        ],
        [
            -0.09275308087494634,
            -0.028795909206530624,
            0.058111024188305806,
            -0.1056508816523601,
            0.45745498687578307,
            0.0,
            0.0,
            0.0,
            0.0,
            1.0000000000000004,
            -0.06266615185364315,
            -0.02075401841129549,
            0.030771375686528702,
            0.08128562940947619,
            0.4217948725527234,
            0.001715197499937645,
            0.0015345743340200169,
            -0.00043777347690884095,
            -0.0032467142988537143,
            0.07544538301171015
        ],
        [
            0.1615326796465217,
            0.34582289568236807,
            -0.011269765192680137,
            0.20956203723694083,
            0.005061668152905443,
            0.5199488817179774,
            0.5464205725004943,
            0.18238347744075384,
            0.4817839770534191,
            -0.06266615185364316,
            0.9999999999999999,
            0.6848602514927513,
            0.0,
            0.0,
            0.0,
            0.6294701364964639,
            0.5860014446099279,
            0.07721801616630844,
            -0.5360089734827462,
            -0.08952321432664945
        ],
        [
            0.34582289568236807,
            0.6530426586769592,
            -0.009848454513514274,
            0.18313267013121998,
            0.004423304985872374,
            0.5464205725004943,
            0.8687433221749603,
            0.06040246507495492,
            0.15955907989031134,
            -0.020754018411295493,
            0.6848602514927513,
            1.0000000000000002,
            0.0,
            0.0,
            0.0,
            0.5860014446099279,
            0.907446828445411,
            0.021644103401056793,
            -0.15024257578656589,
            -0.025093233469087754
        ],
        [
            0.011269765192680142,
            0.009848454513514272,
            0.07777325867181205,
            0.021481191334026394,
            0.0005188471323122979,
            -0.18238347744075384,
            -0.0604024650749549,
            0.3428108132532339,
            -0.23657357790669598,
            0.030771375686528702,
            0.0,
            0.0,
            1.0000000000000004,
            0.0,
            0.0,
            -0.07721801616630844,
            -0.021644103401056804,
            0.547761419501873,
            0.08914294150537765,
            0.014888487045731869
        ],
        [
            -0.2095620372369409,
            -0.18313267013121984,
            0.02148119133402641,
            -0.3205157212360645,
            -0.009647997114663208,
            -0.4817839770534191,
            -0.1595590798903113,
            -0.2365735779066958,
            -0.19256470157331435,
            0.08128562940947619,
            0.0,
            0.0,
            0.0,
            1.0000000000000004,
            0.0,
            0.5360089734827462,
            0.15024257578656586,
            0.08914294150537762,
            -0.058182415008792086,
            -0.10334845485937086
        ],
        [
            -0.005061668152905443,
            -0.00442330498587238,
            0.0005188471323122986,
            -0.009647997114663213,
            0.07869543439221888,
            0.06266615185364315,
            0.020754018411295486,
            0.030771375686528702,
            0.08128562940947624,
            0.4217948725527234,
            0.0,
            0.0,
            0.0,
            0.0,
            1.0000000000000004,
            0.08952321432664945,
            0.025093233469087758,
            0.01488848704573186,
            -0.1033484548593708,
            0.5433423800946805
        ],
        [
            0.02387822186296943,
            0.15583566883543784,
            -0.0024820000909540154,
            0.030077976643287676,
            0.002094438136603245,
            0.1568050013420871,
            0.34168709650020246,
            0.027285404090224008,
            0.20236016177877966,
            0.001715197499937645,
            0.6294701364964639,
            0.5860014446099279,
            -0.07721801616630844,
            0.5360089734827462,
            0.08952321432664945,
            0.9999999999999999,
            0.6848602514927513,
            0.0,
            0.0,
            0.0
        ],
        [
            0.15583566883543784,
            0.3967178889026585,
            -0.009441564845429063,
            0.1144170654674496,
            0.007967273471725886,
            0.34168709650020246,
            0.6481549291279717,
            0.024412046316383343,
            0.18105011842959445,
            0.0015345743340200173,
            0.5860014446099279,
            0.907446828445411,
            -0.021644103401056783,
            0.15024257578656589,
            0.02509323346908776,
            0.6848602514927513,
            1.0000000000000002,
            0.0,
            0.0,
            0.0
        ],
        [
            0.0024820000909540146,
            0.00944156484542906,
            0.003748694421494277,
            0.003639077094482822,
            0.0002534020801703452,
            -0.027285404090224008,
            -0.024412046316383343,
            0.06850879078900139,
            -0.05164881106283831,
            -0.00043777347690884095,
            0.07721801616630844,
            0.021644103401056814,
            0.5477614195018728,
            0.08914294150537766,
            0.014888487045731872,
            0.0,
            0.0,
            1.0000000000000004,
            0.0,
            0.0
        ],
        [
            -0.03007797664328768,
            -0.11441706546744966,
            0.0036390770944828236,
            -0.04005096147998365,
            -0.003070838666164001,
            -0.20236016177877975,
            -0.18105011842959443,
            -0.05164881106283829,
            -0.3075766481015792,
            -0.0032467142988537143,
            -0.5360089734827462,
            -0.15024257578656586,
            0.08914294150537759,
            -0.058182415008792086,
            -0.10334845485937086,
            0.0,
            0.0,
            0.0,
            1.0000000000000004,
            0.0
        ],
        [
            -0.002094438136603245,
            -0.007967273471725886,
            0.00025340208017034525,
            -0.0030708386661640005,
            0.003835153297919585,
            -0.001715197499937645,
            -0.0015345743340200169,
            -0.00043777347690884203,
            -0.003246714298853724,
            0.07544538301171015,
            -0.08952321432664945,
            -0.02509323346908775,
            0.014888487045731856,
            -0.1033484548593708,
            0.5433423800946805,
            0.0,
            0.0,
            0.0,
            0.0,
            1.0000000000000004
        ]
    ],
    "h": [
        [
            -0.28540228693803815,
            -0.47887588784803703,
            0.13632388604344842,
            -0.26822638791394426,
            -0.04941494969335009,
            -0.5961007006403034,
            -0.4746113784288746,
            -0.035695470829343934,
            0.012228153851092882,
            0.014137707307258413,
            -0.28125420618638286,
            -0.3390794313210883,
            0.04564034959603491,
            0.3191931295776575,
            -0.01257515374858436,
            -0.043971499222852116,
            -0.17850070922099764,
            -0.0010716719658464702,
            0.10698364269488675,
            0.0061434811407536805
        ],
        [
            -0.47887588784803703,
            -0.32399511775337664,
            0.10975004538733671,
            -0.23036062357363193,
            -0.03988777976256874,
            -0.5485409770911897,
            -0.3771602126169886,
            -0.1410627273362704,
            0.08070055611282442,
            0.05087051945589793,
            -0.365242652371753,
            -0.32941170043723034,
            0.06483505341716991,
            0.17594676872829762,
            -0.027079715875583686,
            -0.18378270847039746,
            -0.23083337228078538,
            -0.007346280444325448,
            0.14994375746908223,
            0.01576874271787952
        ],
        [
            0.13632388604344842,
            0.10975004538733671,
            1.4196666160548674,
            0.11222037814455532,
            0.022325973363741827,
            0.017484250390240152,
            0.09843246960645857,
            0.1916229738960169,
            0.4137347394797264,
            0.07966032153737372,
            0.06438570158292445,
            0.08032068768382417,
            -0.06086192993725642,
            -0.08596181380751755,
            0.006492035912293054,
            0.011878105720850605,
            0.04280916869613795,
            -0.011159839691019961,
            -0.02254099155929381,
            -0.001189892906223602
        ],
        [
            -0.26822638791394426,
            -0.23036062357363193,
            0.11222037814455532,
            1.2464863545554885,
            -0.04102489610857686,
            -0.08497371088905004,
            -0.22561358197314219,
            0.36772758993638943,
            -0.38007076841571785,
            -0.13503816966708174,
            -0.24108662087781496,
            -0.18554543694172743,
            0.06303503506293663,
            0.04198172803785172,
            -0.023056687299812192,
            -0.10569873882688932,
            -0.13451434242825877,
            -0.008293092319691768,
            0.14156105936558983,
            0.011564540663828065
        ],
        [
            -0.04941494969335009,
            -0.03988777976256874,
            0.022325973363741827,
            -0.04102489610857686,
            1.472698095426296,
            -0.006295453927186279,
            -0.03596956433830678,
            0.07975965852878283,
            -0.15199641519645282,
            0.38068351766424846,
            -0.024524558122324396,
            -0.029592395810221436,
            0.007488372857200061,
            0.0306174905622356,
            -0.043235303096931826,
            -0.006763695427279659,
            -0.016536507717118776,
            -0.0002576497690387194,
            0.01226760932888395,
            -0.01038273720591234
        ],
        [
            -0.5961007006403034,
            -0.5485409770911897,
            0.017484250390240152,
            -0.08497371088905004,
            -0.006295453927186279,
            -0.4370593548233326,
            -0.5948795397116339,
            -0.20540951947887282,
            0.04058176974501938,
            0.07335119054239055,
            -0.5291936008875673,
            -0.5157544869328875,
            0.017716230100458863,
            0.07492762771118877,
            -0.011496661621287735,
            -0.2890204525186485,
            -0.3607648569613846,
            -0.00030567404828696354,
            0.26483652717769,
            0.02205755197743496
        ],
        [
            -0.4746113784288746,
            -0.3771602126169886,
            0.09843246960645857,
            -0.22561358197314219,
            -0.03596956433830678,
            -0.5948795397116339,
            -0.43091021424374554,
            -0.1686433731807664,
            -0.007156007338780801,
            0.058976809406257984,
            -0.5255697216709724,
            -0.4175275108567975,
            0.0807762605161085,
            0.10947999598500491,
            -0.04192601934798046,
            -0.34813662714390453,
            -0.3274239169108061,
            -0.01813136815383925,
            0.21401243295094396,
            0.02840752201363958
        ],
        [
            -0.035695470829343934,
            -0.1410627273362704,
            0.1916229738960169,
            0.36772758993638943,
            0.07975965852878283,
            -0.20540951947887282,
            -0.1686433731807664,
            1.3154515822572261,
            0.03378703687827929,
            0.03237515312572877,
            -0.05099095816803556,
            -0.13067444056925537,
            0.21711339818401554,
            -0.2790581565403937,
            0.03770980001524841,
            -0.07197071916809228,
            -0.08956635148126446,
            -0.049602183136414124,
            0.0681657237617076,
            0.00882822315282034
        ],
        [
            0.012228153851092882,
            0.08070055611282442,
            0.4137347394797264,
            -0.38007076841571785,
            -0.15199641519645282,
            0.04058176974501938,
            -0.007156007338780801,
            0.03378703687827929,
            0.9265340711522039,
            -0.017193020590608815,
            -0.08353070151571662,
            -0.12049946781586518,
            -0.3058299155079788,
            -0.6918686183290923,
            0.09179163956205072,
            -0.3323570628933746,
            -0.1799628993227564,
            -0.032598500912028996,
            0.09638995460652788,
            0.03121467495810193
        ],
        [
            0.014137707307258413,
            0.05087051945589793,
            0.07966032153737372,
            -0.13503816966708174,
            0.38068351766424846,
            0.07335119054239055,
            0.058976809406257984,
            0.03237515312572877,
            -0.017193020590608815,
            1.3942463541974814,
            0.013247404932221651,
            0.043203059605766106,
            0.03978934719599083,
            0.09128320139944884,
            0.3172190151927059,
            0.016002298755787354,
            0.028291250577954122,
            0.0006405469819720026,
            -0.02532956446840568,
            -0.046517974746757035
        ],
        [
            -0.28125420618638286,
            -0.365242652371753,
            0.06438570158292445,
            -0.24108662087781496,
            -0.024524558122324396,
            -0.5291936008875673,
            -0.5255697216709724,
            -0.05099095816803556,
            -0.08353070151571662,
            0.013247404932221651,
            -0.49699241167423924,
            -0.6206899095038958,
            0.11938748785499365,
            -0.10922474328502677,
            -0.07769584661455041,
            -0.6418282644971137,
            -0.5737069862060078,
            0.009120933408275744,
            0.07077169230391767,
            0.001443006912872219
        ],
        [
            -0.3390794313210883,
            -0.32941170043723034,
            0.08032068768382417,
            -0.18554543694172743,
            -0.029592395810221436,
            -0.5157544869328875,
            -0.4175275108567975,
            -0.13067444056925537,
            -0.12049946781586518,
            0.043203059605766106,
            -0.6206899095038958,
            -0.43829556981965156,
            0.09592748773409872,
            -0.025375352185887226,
            -0.05915315829800499,
            -0.49600027771082755,
            -0.3758220527678935,
            -0.02214312230009921,
            0.26539462384909857,
            0.03556590819976545
        ],
        [
            0.04564034959603491,
            0.06483505341716991,
            -0.06086192993725642,
            0.06303503506293663,
            0.007488372857200061,
            0.017716230100458863,
            0.0807762605161085,
            0.21711339818401554,
            -0.3058299155079788,
            0.03978934719599083,
            0.11938748785499365,
            0.09592748773409872,
            1.3595866774835612,
            -0.031577909497362576,
            0.017081394295979723,
            0.023996166334249114,
            0.07305024217443332,
            0.5179378001254719,
            0.10059195170250895,
            0.02063172683434868
        ],
        [
            0.3191931295776575,
            0.17594676872829762,
            -0.08596181380751755,
            0.04198172803785172,
            0.0306174905622356,
            0.07492762771118877,
            0.10947999598500491,
            -0.2790581565403937,
            -0.6918686183290923,
            0.09128320139944884,
            -0.10922474328502677,
            -0.025375352185887226,
            -0.031577909497362576,
            0.8116263381077395,
            -0.026270709215556926,
            0.00634535113399437,
            -0.11508317622016456,
            0.13127506222819796,
            -0.4373381792361136,
            -0.1568498876288705
        ],
        [
            -0.01257515374858436,
            -0.027079715875583686,
            0.006492035912293054,
            -0.023056687299812192,
            -0.043235303096931826,
            -0.011496661621287735,
            -0.04192601934798046,
            0.03770980001524841,
            0.09179163956205072,
            0.3172190151927059,
            -0.07769584661455041,
            -0.05915315829800499,
            0.017081394295979723,
            -0.026270709215556926,
            1.3826451596261178,
            -0.010737744921389847,
            -0.05131513531899127,
            0.02341762071418317,
            -0.14039492045778723,
            0.5140785415143179
        ],
        [
            -0.043971499222852116,
            -0.18378270847039746,
            0.011878105720850605,
            -0.10569873882688932,
            -0.006763695427279659,
            -0.2890204525186485,
            -0.34813662714390453,
            -0.07197071916809228,
            -0.3323570628933746,
            0.016002298755787354,
            -0.6418282644971137,
            -0.49600027771082755,
            0.023996166334249114,
            0.00634535113399437,
            -0.010737744921389847,
            -0.3406574535274989,
            -0.4987254523682565,
            -0.04032960921898776,
            0.3413572556394757,
            0.05292050016699936
        ],
        [
            -0.17850070922099764,
            -0.23083337228078538,
            0.04280916869613795,
            -0.13451434242825877,
            -0.016536507717118776,
            -0.3607648569613846,
            -0.3274239169108061,
            -0.08956635148126446,
            -0.1799628993227564,
            0.028291250577954122,
            -0.5737069862060078,
            -0.3758220527678935,
            0.07305024217443332,
            -0.11508317622016456,
            -0.05131513531899127,
            -0.4987254523682565,
            -0.32358481151589924,
            -0.02758354782991384,
            0.2714624777508021,
            0.03943650217056979
        ],
        [
            -0.0010716719658464702,
            -0.007346280444325448,
            -0.011159839691019961,
            -0.008293092319691768,
            -0.0002576497690387194,
            -0.00030567404828696354,
            -0.01813136815383925,
            -0.049602183136414124,
            -0.032598500912028996,
            0.0006405469819720026,
            0.009120933408275744,
            -0.02214312230009921,
            0.5179378001254719,
            0.13127506222819796,
            0.02341762071418317,
            -0.04032960921898776,
            -0.02758354782991384,
            1.4628556216159263,
            0.036712636132241,
            0.006953434417684677
        ],
        [
            0.10698364269488675,
            0.14994375746908223,
            -0.02254099155929381,
            0.14156105936558983,
            0.01226760932888395,
            0.26483652717769,
            0.21401243295094396,
            0.0681657237617076,
            0.09638995460652788,
            -0.02532956446840568,
            0.07077169230391767,
            0.26539462384909857,
            0.10059195170250895,
            -0.4373381792361136,
            -0.14039492045778723,
            0.3413572556394757,
            0.2714624777508021,
            0.036712636132241,
            1.1442682079057493,
            -0.048848087878221695
        ],
        [
            0.0061434811407536805,
            0.01576874271787952,
            -0.001189892906223602,
            0.011564540663828065,
            -0.01038273720591234,
            0.02205755197743496,
            0.02840752201363958,
            0.00882822315282034,
            0.03121467495810193,
            -0.046517974746757035,
            0.001443006912872219,
            0.03556590819976545,
            0.02063172683434868,
            -0.1568498876288705,
            0.5140785415143179,
            0.05292050016699936,
            0.03943650217056979,
            0.006953434417684677,
            -0.048848087878221695,
            1.4614784418763287
        ]
    ]
}