{
    "HF": -2.1223840851902844,
    "coordinates": [
        [
            0.791128,
            0.177016,
            -0.020614
        ],
        [
            1.558938,
            0.064359,
            0.18233
        ],
        [
            2.218113,
            -0.010731,
            -0.019755
        ],
        [
            2.98211,
            0.00613,
            0.066946
        ]
    ],
    "elements": [
        "H",
        "H",
        "H",
        "H"
    ],
    "Enn": 3.089368376577899,
    "S": [
        [
            0.9999999999999999,
            0.6848602514927513,
            0.0,
            0.0,
            0.0,
            0.5211862786244679,
            0.5469032287587948,
            -0.1314352029722155,
            -0.4972665523203286,
            0.07296148524342123,
            0.14626973485355582,
            0.3321768870900755,
            -0.00011417724368212388,
            -0.18967312465161237,
            0.024955104737587486,
            0.01473537639152231,
            0.12678771662272476,
            -0.0007137624500557329,
            -0.017860217911694946,
            0.0013930106217476465
        ],
        [
            0.6848602514927513,
            1.0000000000000002,
            0.0,
            0.0,
            0.0,
            0.5469032287587948,
            0.8692215815522918,
            -0.0434393454819041,
            -0.16434663677891792,
            0.02411377692346097,
            0.3321768870900755,
            0.6368297545387882,
            -0.00010792331954674339,
            -0.1792840024952377,
            0.023588218247895688,
            0.12678771662272476,
            0.3486360678286694,
            -0.003920338118273521,
            -0.09809719336513423,
            0.007651106666049433
        ],
        [
            0.0,
            0.0,
            1.0000000000000004,
            0.0,
            0.0,
            0.13143520297221548,
            0.04343934548190402,
            0.38740475896632387,
            -0.1754849114387851,
            0.025748041400814273,
            0.00011417724368212385,
            0.00010792331954674336,
            0.06794712388449785,
            -0.00021623033791080145,
            2.8449210924949637e-05,
            0.0007137624500557321,
            0.0039203381182735175,
            0.0018376283013825955,
            -0.0009338257133848683,
            7.283388948767567e-05
        ],
        [
            0.0,
            0.0,
            0.0,
            1.0000000000000004,
            0.0,
            0.4972665523203286,
            0.16434663677891784,
            -0.17548491143878509,
            -0.2301342894990529,
            0.09741408303748426,
            0.18967312465161223,
            0.17928400249523765,
            -0.00021623033791080335,
            -0.291258157760322,
            0.047260299478160045,
            0.01786021791169493,
            0.09809719336513414,
            -0.0009338257133848686,
            -0.02149183328671771,
            0.001822495898326709
        ],
        [
            0.0,
            0.0,
            0.0,
            0.0,
            1.0000000000000004,
            -0.07296148524342122,
            -0.02411377692346097,
            0.025748041400814294,
            0.09741408303748435,
            0.41949503066671706,
            -0.02495510473758747,
            -0.02358821824789567,
            2.8449210924949868e-05,
            0.04726029947816002,
            0.061729263357396404,
            -0.0013930106217476452,
            -0.007651106666049434,
            7.283388948767569e-05,
            0.0018224958983267087,
            0.0017328016735885384
        ],
        [
            0.5211862786244679,
            0.5469032287587948,
            0.1314352029722155,
            0.4972665523203286,
            -0.07296148524342122,
            0.9999999999999999,
            0.6848602514927513,
            0.0,
            0.0,
            0.0,
            0.6083989219904227,
            0.5788466410064863,
            0.15914944267519637,
            -0.5191247934058566,
            0.05913616374535713,
            0.1500111129675754,
            0.3356025466555258,
            0.015818016055487147,
            -0.1951029392785807,
            0.007982625467092155
        ],
        [
            0.5469032287587948,
            0.8692215815522918,
            0.043439345481904076,
            0.1643466367789181,
            -0.02411377692346098,
            0.6848602514927513,
            1.0000000000000002,
            0.0,
            0.0,
            0.0,
            0.5788466410064863,
            0.9005261136010595,
            0.04595752895780656,
            -0.1499074852203877,
            0.01707672934379936,
            0.3356025466555258,
            0.6409231699258415,
            0.014656600635732781,
            -0.1807777823611339,
            0.007396512501023401
        ],
        [
            -0.13143520297221548,
            -0.043439345481904035,
            0.38740475896632387,
            -0.175484911438785,
            0.02574804140081427,
            0.0,
            0.0,
            1.0000000000000004,
            0.0,
            0.0,
            -0.15914944267519632,
            -0.045957528957806526,
            0.47881648257871634,
            0.18522931609325233,
            -0.021100419987776117,
            -0.01581801605548714,
            -0.014656600635732766,
            0.06815176898370125,
            0.03009461183314821,
            -0.0012313193011332343
        ],
        [
            -0.4972665523203286,
            -0.16434663677891784,
            -0.1754849114387852,
            -0.2301342894990529,
            0.09741408303748432,
            0.0,
            0.0,
            0.0,
            1.0000000000000004,
            0.0,
            0.5191247934058566,
            0.149907485220388,
            0.18522931609325238,
            -0.06859123284086482,
            0.06882682705516155,
            0.1951029392785807,
            0.1807777823611341,
            0.03009461183314821,
            -0.30060196031673025,
            0.015187366987037956
        ],
        [
            0.07296148524342126,
            0.02411377692346096,
            0.025748041400814298,
            0.0974140830374843,
            0.41949503066671706,
            0.0,
            0.0,
            0.0,
            0.0,
            1.0000000000000004,
            -0.05913616374535711,
            -0.017076729343799342,
            -0.021100419987776117,
            0.06882682705516152,
            0.5277623010626286,
            -0.007982625467092153,
            -0.007396512501023402,
            -0.0012313193011332343,
            0.015187366987037956,
            0.06997030637726137
        ],
        [
            0.14626973485355582,
            0.3321768870900755,
            0.00011417724368212388,
            0.18967312465161237,
            -0.024955104737587486,
            0.6083989219904227,
            0.5788466410064863,
            -0.15914944267519637,
            0.5191247934058566,
            -0.05913616374535713,
            0.9999999999999999,
            0.6848602514927513,
            0.0,
            0.0,
            0.0,
            0.5473780458297721,
            0.5569165553980849,
            -0.05974624048397885,
            -0.5264754557737327,
            -0.011619028163462556
        ],
        [
            0.3321768870900755,
            0.6368297545387882,
            0.00010792331954674339,
            0.1792840024952377,
            -0.023588218247895677,
            0.5788466410064863,
            0.9005261136010595,
            -0.04595752895780654,
            0.14990748522038808,
            -0.017076729343799363,
            0.6848602514927513,
            1.0000000000000002,
            0.0,
            0.0,
            0.0,
            0.5569165553980849,
            0.8791077545422616,
            -0.018920944084784938,
            -0.16672869422432762,
            -0.0036796119792569717
        ],
        [
            -0.00011417724368212385,
            -0.00010792331954674336,
            0.06794712388449785,
            -0.00021623033791080335,
            2.8449210924949878e-05,
            0.15914944267519632,
            0.045957528957806505,
            0.47881648257871634,
            0.18522931609325233,
            -0.021100419987776117,
            0.0,
            0.0,
            1.0000000000000004,
            0.0,
            0.0,
            0.05974624048397885,
            0.018920944084784924,
            0.45497416945310787,
            -0.07979835276919905,
            -0.001761106425864847
        ],
        [
            -0.18967312465161232,
            -0.17928400249523765,
            -0.00021623033791080145,
            -0.2912581577603221,
            0.047260299478160024,
            -0.5191247934058566,
            -0.14990748522038763,
            0.18522931609325238,
            -0.06859123284086482,
            0.06882682705516155,
            0.0,
            0.0,
            0.0,
            1.0000000000000004,
            0.0,
            0.5264754557737327,
            0.16672869422432762,
            -0.07979835276919911,
            -0.2391418846266881,
            -0.015518621769546673
        ],
        [
            0.02495510473758747,
            0.023588218247895663,
            2.8449210924949627e-05,
            0.04726029947816003,
            0.061729263357396404,
            0.05913616374535711,
            0.017076729343799342,
            -0.021100419987776117,
            0.06882682705516152,
            0.5277623010626286,
            0.0,
            0.0,
            0.0,
            0.0,
            1.0000000000000004,
            0.011619028163462556,
            0.003679611979256969,
            -0.0017611064258648461,
            -0.015518621769546655,
            0.4636874726490446
        ],
        [
            0.01473537639152231,
            0.12678771662272476,
            0.0007137624500557329,
            0.017860217911694946,
            -0.0013930106217476463,
            0.1500111129675754,
            0.3356025466555258,
            -0.01581801605548715,
            0.1951029392785807,
            -0.007982625467092155,
            0.5473780458297721,
            0.5569165553980849,
            0.059746240483978856,
            0.5264754557737327,
            0.011619028163462556,
            0.9999999999999999,
            0.6848602514927513,
            0.0,
            0.0,
            0.0
        ],
        [
            0.12678771662272476,
            0.3486360678286694,
            0.003920338118273521,
            0.09809719336513416,
            -0.007651106666049435,
            0.3356025466555258,
            0.6409231699258415,
            -0.014656600635732767,
            0.18077778236113412,
            -0.0073965125010234025,
            0.5569165553980849,
            0.8791077545422616,
            0.01892094408478493,
            0.16672869422432762,
            0.0036796119792569717,
            0.6848602514927513,
            1.0000000000000002,
            0.0,
            0.0,
            0.0
        ],
        [
            -0.0007137624500557321,
            -0.003920338118273518,
            0.0018376283013825955,
            -0.0009338257133848683,
            7.283388948767567e-05,
            0.01581801605548714,
            0.01465660063573278,
            0.06815176898370125,
            0.03009461183314821,
            -0.0012313193011332343,
            -0.05974624048397885,
            -0.018920944084784928,
            0.45497416945310787,
            -0.07979835276919915,
            -0.001761106425864847,
            0.0,
            0.0,
            1.0000000000000004,
            0.0,
            0.0
        ],
        [
            -0.01786021791169493,
            -0.09809719336513421,
            -0.0009338257133848686,
            -0.02149183328671771,
            0.001822495898326709,
            -0.1951029392785807,
            -0.18077778236113387,
            0.03009461183314821,
            -0.30060196031673025,
            0.015187366987037956,
            -0.5264754557737327,
            -0.16672869422432762,
            -0.07979835276919901,
            -0.23914188462668795,
            -0.015518621769546655,
            0.0,
            0.0,
            0.0,
            1.0000000000000004,
            0.0
        ],
        [
            0.0013930106217476452,
            0.007651106666049431,
            7.283388948767569e-05,
            0.0018224958983267087,
            0.0017328016735885384,
            0.007982625467092155,
            0.007396512501023402,
            -0.0012313193011332343,
            0.015187366987037956,
            0.06997030637726137,
            -0.011619028163462556,
            -0.0036796119792569695,
            -0.0017611064258648461,
            -0.015518621769546673,
            0.4636874726490446,
            0.0,
            0.0,
            0.0,
            0.0,
            1.0000000000000004
        ]
    ],
    "h": [
        [
            -0.2516767433090086,
            -0.4613575220904784,
            -0.06453456256316639,
            -0.2642068202025316,
            0.03919269686139744,
            -0.5656978292474024,
            -0.4508722747381073,
            0.027534035198036377,
            0.030129967544800573,
            -0.003121421024705681,
            -0.2835464956061735,
            -0.32533187566674315,
            -0.043324310827470305,
            0.33216785112526737,
            -0.03719349070102815,
            -0.01724594327474442,
            -0.14476410195505351,
            -0.0003223418323434653,
            0.0812364082099021,
            -0.004358216894398384
        ],
        [
            -0.4613575220904784,
            -0.3149853963747,
            -0.053864727258985716,
            -0.23373210600398586,
            0.03445570940106618,
            -0.5443419383138567,
            -0.3708308745697555,
            0.0867644760127639,
            0.08386548184484816,
            -0.01544547428776833,
            -0.37015556500166963,
            -0.3229682820204218,
            -0.05784812476139248,
            0.20640901450418606,
            -0.028494350150376407,
            -0.1465675879339799,
            -0.20575950760983375,
            0.005440712432347025,
            0.13377909110874014,
            -0.0015796517794789341
        ],
        [
            -0.06453456256316639,
            -0.053864727258985716,
            1.4694412873525533,
            -0.05902123261208696,
            0.008699681889210945,
            -0.010504871178864672,
            -0.04737287324913706,
            0.281170615665658,
            -0.24053216092872964,
            0.035364546567700536,
            -0.033856631804901824,
            -0.04106674047541854,
            -0.055278628466661595,
            0.05093802713945894,
            -0.005921228998010482,
            -0.0035900532876050385,
            -0.01889969501837594,
            -0.006087448016496562,
            0.00854811729282766,
            -0.0004471853589797097
        ],
        [
            -0.2642068202025316,
            -0.23373210600398586,
            -0.05902123261208696,
            1.2325373334882135,
            0.03688198349548582,
            -0.1030864079000211,
            -0.2280239879250316,
            -0.20876993246460168,
            -0.6013905677868431,
            0.13641346674169497,
            -0.26600373337139116,
            -0.1937841376585248,
            -0.052773308280285064,
            0.12524326017826548,
            -0.020205846017359058,
            -0.08019252651435896,
            -0.12732351454366303,
            0.0032744784538358044,
            0.1097389197372345,
            -0.005921545093440188
        ],
        [
            0.03919269686139744,
            0.03445570940106618,
            0.008699681889210945,
            0.03688198349548582,
            1.4797539105312598,
            0.014681014976081291,
            0.033160421552036495,
            0.03090612085584036,
            0.13729653925953375,
            0.32236138160577554,
            0.03665319298967763,
            0.0279753969507322,
            0.007479489866511054,
            -0.026067149662471936,
            -0.04306995180028157,
            0.008531535130440998,
            0.016873372799411562,
            -0.00029449761787574114,
            -0.011840619879174417,
            -0.005441694898641598
        ],
        [
            -0.5656978292474024,
            -0.5443419383138567,
            -0.010504871178864672,
            -0.1030864079000211,
            0.014681014976081291,
            -0.48398642106490297,
            -0.6198278565579544,
            0.1430247891441269,
            -0.028169391223327997,
            -0.005012237347303828,
            -0.5993023957109826,
            -0.5549043485205816,
            -0.01281077652624879,
            0.04557857985755065,
            -0.013786661583982174,
            -0.29361271674864514,
            -0.37315986118528366,
            0.004528467656747224,
            0.2803134206023956,
            -0.0030413191816771185
        ],
        [
            -0.4508722747381073,
            -0.3708308745697555,
            -0.04737287324913706,
            -0.2280239879250316,
            0.033160421552036495,
            -0.6198278565579544,
            -0.4436277415529657,
            0.11468147050937734,
            -0.037165255803407,
            -0.0037133903876653187,
            -0.5587570182543868,
            -0.428108080577948,
            -0.07670456824962096,
            0.1399673026808309,
            -0.032951196946760436,
            -0.33299453304741705,
            -0.32487515294018987,
            0.015278586525957209,
            0.20804046523633218,
            0.0020468456614228126
        ],
        [
            0.027534035198036377,
            0.0867644760127639,
            0.281170615665658,
            -0.20876993246460168,
            0.03090612085584036,
            0.1430247891441269,
            0.11468147050937734,
            1.3460249459191271,
            0.022233184562385117,
            -0.00039949595861836365,
            0.026213206902977015,
            0.09636653095237874,
            0.4011188818505882,
            0.25127194636630934,
            -0.026843004271939523,
            0.054766336559316224,
            0.06705342354947179,
            -0.050483530517192704,
            -0.057870728000048846,
            -0.0003484376326552026
        ],
        [
            0.030129967544800573,
            0.08386548184484816,
            -0.24053216092872964,
            -0.6013905677868431,
            0.13729653925953375,
            -0.028169391223327997,
            -0.037165255803407,
            0.022233184562385117,
            0.8168180301554862,
            0.06871318667297142,
            -0.05522535835803111,
            -0.1489090387697069,
            0.2604383693253422,
            -0.5923248307296665,
            0.10736990508205793,
            -0.34120832963286163,
            -0.21047044017472238,
            0.024936134033221556,
            0.13471093832420877,
            0.00623912539227988
        ],
        [
            -0.003121421024705681,
            -0.01544547428776833,
            0.035364546567700536,
            0.13641346674169497,
            0.32236138160577554,
            -0.005012237347303828,
            -0.0037133903876653187,
            -0.00039949595861836365,
            0.06871318667297142,
            1.377897730605382,
            -0.001222816607604399,
            0.009452330229799133,
            -0.030666661520083696,
            0.12076205721058197,
            0.46643364059841463,
            0.0279832998260967,
            0.018810664328731505,
            -0.0018190904529023556,
            -0.020483712479999923,
            -0.04713040005618227
        ],
        [
            -0.2835464956061735,
            -0.37015556500166963,
            -0.033856631804901824,
            -0.26600373337139116,
            0.03665319298967763,
            -0.5993023957109826,
            -0.5587570182543868,
            0.026213206902977015,
            -0.05522535835803111,
            -0.001222816607604399,
            -0.5042580966586989,
            -0.6286100303370024,
            -0.10996512905988548,
            0.0016981041338579722,
            -0.03617158445111855,
            -0.5857203382388292,
            -0.5554913753448241,
            -0.0024631267374326943,
            0.10173750221906697,
            -0.0015635522322380926
        ],
        [
            -0.32533187566674315,
            -0.3229682820204218,
            -0.04106674047541854,
            -0.1937841376585248,
            0.0279753969507322,
            -0.5549043485205816,
            -0.428108080577948,
            0.09636653095237874,
            -0.1489090387697069,
            0.009452330229799133,
            -0.6286100303370024,
            -0.4457678859200549,
            -0.086105708429968,
            0.022150327227471525,
            -0.03084594297828863,
            -0.46125768412058454,
            -0.37232194742095004,
            0.017105371550435712,
            0.24570394761806008,
            0.0025360275501322676
        ],
        [
            -0.043324310827470305,
            -0.05784812476139248,
            -0.055278628466661595,
            -0.052773308280285064,
            0.007479489866511054,
            -0.01281077652624879,
            -0.07670456824962096,
            0.4011188818505882,
            0.2604383693253422,
            -0.030666661520083696,
            -0.10996512905988548,
            -0.086105708429968,
            1.3538849530673807,
            0.050483902323675,
            -0.00987937940625654,
            -0.022084636978438127,
            -0.06043181256041614,
            0.3723085290412206,
            -0.08382825687150142,
            -0.003060775953437882
        ],
        [
            0.33216785112526737,
            0.20640901450418606,
            0.05093802713945894,
            0.12524326017826548,
            -0.026067149662471936,
            0.04557857985755065,
            0.1399673026808309,
            0.25127194636630934,
            -0.5923248307296665,
            0.12076205721058197,
            0.0016981041338579722,
            0.022150327227471525,
            0.050483902323675,
            0.7783190526009864,
            0.03179684419743529,
            -0.021801685946685634,
            -0.09622667143111918,
            -0.11026933522364096,
            -0.6380244936269983,
            -0.019760284604347873
        ],
        [
            -0.03719349070102815,
            -0.028494350150376407,
            -0.005921228998010482,
            -0.020205846017359058,
            -0.04306995180028157,
            -0.013786661583982174,
            -0.032951196946760436,
            -0.026843004271939523,
            0.10736990508205793,
            0.46643364059841463,
            -0.03617158445111855,
            -0.03084594297828863,
            -0.00987937940625654,
            0.03179684419743529,
            1.3773222507927603,
            -0.003537581891449551,
            -0.017399313812670056,
            -0.0028580180268461862,
            -0.012540452089976773,
            0.38489155114108775
        ],
        [
            -0.01724594327474442,
            -0.1465675879339799,
            -0.0035900532876050385,
            -0.08019252651435896,
            0.008531535130440998,
            -0.29361271674864514,
            -0.33299453304741705,
            0.054766336559316224,
            -0.34120832963286163,
            0.0279832998260967,
            -0.5857203382388292,
            -0.46125768412058454,
            -0.022084636978438127,
            -0.021801685946685634,
            -0.003537581891449551,
            -0.27220297953818595,
            -0.47010164244312,
            0.027722022717297255,
            0.29100261017159473,
            0.005730150621478018
        ],
        [
            -0.14476410195505351,
            -0.20575950760983375,
            -0.01889969501837594,
            -0.12732351454366303,
            0.016873372799411562,
            -0.37315986118528366,
            -0.32487515294018987,
            0.06705342354947179,
            -0.21047044017472238,
            0.018810664328731505,
            -0.5554913753448241,
            -0.37232194742095004,
            -0.06043181256041614,
            -0.09622667143111918,
            -0.017399313812670056,
            -0.47010164244312,
            -0.3170678472362969,
            0.021293778410163423,
            0.25082975867116863,
            0.004057061256311328
        ],
        [
            -0.0003223418323434653,
            0.005440712432347025,
            -0.006087448016496562,
            0.0032744784538358044,
            -0.00029449761787574114,
            0.004528467656747224,
            0.015278586525957209,
            -0.050483530517192704,
            0.024936134033221556,
            -0.0018190904529023556,
            -0.0024631267374326943,
            0.017105371550435712,
            0.3723085290412206,
            -0.11026933522364096,
            -0.0028580180268461862,
            0.027722022717297255,
            0.021293778410163423,
            1.4749496319436428,
            -0.02617083803124389,
            -0.0007654879455888891
        ],
        [
            0.0812364082099021,
            0.13377909110874014,
            0.00854811729282766,
            0.1097389197372345,
            -0.011840619879174417,
            0.2803134206023956,
            0.20804046523633218,
            -0.057870728000048846,
            0.13471093832420877,
            -0.020483712479999923,
            0.10173750221906697,
            0.24570394761806008,
            -0.08382825687150142,
            -0.6380244936269983,
            -0.012540452089976773,
            0.29100261017159473,
            0.25082975867116863,
            -0.02617083803124389,
            1.1899809404395558,
            -0.004608730116729852
        ],
        [
            -0.004358216894398384,
            -0.0015796517794789341,
            -0.0004471853589797097,
            -0.005921545093440188,
            -0.005441694898641598,
            -0.0030413191816771185,
            0.0020468456614228126,
            -0.0003484376326552026,
            0.00623912539227988,
            -0.04713040005618227,
            -0.0015635522322380926,
            0.0025360275501322676,
            -0.003060775953437882,
            -0.019760284604347873,
            0.38489155114108775,
            0.005730150621478018,
            0.004057061256311328,
            -0.0007654879455888891,
            -0.004608730116729852,
            1.478327847056646
        ]
    ]
}