{
    "HF": -2.155073860511088,
    "coordinates": [
        [
            0.839439,
            0.161453,
            0.069733
        ],
        [
            1.57066,
            0.172267,
            -0.153977
        ],
        [
            2.334742,
            0.051675,
            -0.166153
        ],
        [
            3.05503,
            -0.186671,
            -0.054936
        ]
    ],
    "elements": [
        "H",
        "H",
        "H",
        "H"
    ],
    "Enn": 2.9961014483780106,
    "S": [
        [
            0.9999999999999999,
            0.6848602514927513,
            0.0,
            0.0,
            0.0,
            0.5508390822180667,
            0.5582114976339007,
            0.1553942161012733,
            -0.5079232671395518,
            -0.007511658186577109,
            0.1199466686287936,
            0.3063485262236571,
            0.024608869231120267,
            -0.15599788028073658,
            0.011452618834750346,
            0.01244680392777495,
            0.11793025865288581,
            0.0008268588426926395,
            -0.014694759805085686,
            0.0023089092537321417
        ],
        [
            0.6848602514927513,
            1.0000000000000002,
            0.0,
            0.0,
            0.0,
            0.5582114976339007,
            0.8803812949265573,
            0.048941897121419664,
            -0.15997203055304487,
            -0.0023658203722275784,
            0.306348526223657,
            0.6054338729216024,
            0.02717823834725498,
            -0.17228534688521327,
            0.012648366792793795,
            0.11793025865288581,
            0.33316985224673,
            0.005164480397093976,
            -0.0917820491660142,
            0.014421223991192226
        ],
        [
            0.0,
            0.0,
            1.0000000000000004,
            0.0,
            0.0,
            -0.15539421610127324,
            -0.04894189712141967,
            0.4072373427418783,
            0.19877356568594365,
            0.002939654822998503,
            -0.024608869231120267,
            -0.02717823834725498,
            0.04301046947119026,
            0.046035779285984,
            -0.0033797269038159834,
            -0.0008268588426926394,
            -0.005164480397093974,
            0.0013729973298558455,
            0.0010259761656172645,
            -0.00016120616426016564
        ],
        [
            0.0,
            0.0,
            0.0,
            1.0000000000000004,
            0.0,
            0.5079232671395518,
            0.15997203055304454,
            0.19877356568594365,
            -0.1816632981582157,
            -0.009608588526788198,
            0.15599788028073652,
            0.1722853468852132,
            0.046035779285984,
            -0.24155235560982946,
            0.021424398982799957,
            0.014694759805085686,
            0.09178204916601426,
            0.0010259761656172645,
            -0.016802702653210284,
            0.0028649217261656435
        ],
        [
            0.0,
            0.0,
            0.0,
            0.0,
            1.0000000000000004,
            0.007511658186577108,
            0.0023658203722275784,
            0.002939654822998519,
            -0.00960858852678825,
            0.4679080935863887,
            -0.011452618834750348,
            -0.01264836679279379,
            -0.0033797269038159843,
            0.02142439898279996,
            0.048699796758783345,
            -0.0023089092537321417,
            -0.014421223991192217,
            -0.00016120616426016564,
            0.0028649217261656435,
            0.0009805780663688798
        ],
        [
            0.5508390822180667,
            0.5582114976339007,
            -0.1553942161012733,
            0.5079232671395518,
            0.007511658186577109,
            0.9999999999999999,
            0.6848602514927513,
            0.0,
            0.0,
            0.0,
            0.5437496942845002,
            0.5555520686273161,
            0.008320255893518499,
            -0.5221220239513322,
            0.08240442663528136,
            0.11609231466867015,
            0.3022763549349622,
            -0.009929330588623038,
            -0.14881514166692958,
            0.035985239070881504
        ],
        [
            0.5582114976339007,
            0.8803812949265573,
            -0.048941897121419664,
            0.1599720305530447,
            0.0023658203722275784,
            0.6848602514927513,
            1.0000000000000002,
            0.0,
            0.0,
            0.0,
            0.5555520686273161,
            0.877764599120445,
            0.0026502453543359853,
            -0.16631116711824367,
            0.026248225013968736,
            0.3022763549349622,
            0.600393838060297,
            -0.011249068652561556,
            -0.1685946227905898,
            0.04076814858506213
        ],
        [
            0.15539421610127324,
            0.048941897121419664,
            0.4072373427418783,
            0.19877356568594365,
            0.002939654822998519,
            0.0,
            0.0,
            1.0000000000000004,
            0.0,
            0.0,
            -0.0083202558935185,
            -0.0026502453543359845,
            0.45964416399235875,
            0.011106205195704327,
            -0.0017528478579005604,
            0.00992933058862304,
            0.011249068652561556,
            0.04661168453852836,
            -0.018255224184568403,
            0.004414326386521294
        ],
        [
            -0.5079232671395518,
            -0.15997203055304454,
            0.19877356568594365,
            -0.1816632981582157,
            -0.00960858852678825,
            0.0,
            0.0,
            0.0,
            1.0000000000000004,
            0.0,
            0.5221220239513322,
            0.16631116711824362,
            0.011106205195704327,
            -0.23712789080680044,
            0.10999667353485358,
            0.1488151416669296,
            0.1685946227905898,
            -0.018255224184568396,
            -0.22576916428825455,
            0.06615940528024364
        ],
        [
            -0.007511658186577108,
            -0.0023658203722275784,
            0.002939654822998503,
            -0.009608588526788198,
            0.4679080935863887,
            0.0,
            0.0,
            0.0,
            0.0,
            1.0000000000000004,
            -0.08240442663528137,
            -0.02624822501396872,
            -0.0017528478579005608,
            0.10999667353485361,
            0.4424608123357928,
            -0.03598523907088151,
            -0.04076814858506215,
            0.004414326386521294,
            0.06615940528024367,
            0.03183160345765481
        ],
        [
            0.1199466686287936,
            0.3063485262236571,
            -0.024608869231120267,
            0.15599788028073658,
            -0.011452618834750348,
            0.5437496942845002,
            0.5555520686273161,
            -0.008320255893518499,
            0.5221220239513321,
            -0.08240442663528134,
            0.9999999999999999,
            0.6848602514927513,
            0.0,
            0.0,
            0.0,
            0.5491976873384585,
            0.557598174515717,
            -0.07696284069562324,
            -0.49844367856504934,
            0.16493688220720765
        ],
        [
            0.306348526223657,
            0.6054338729216024,
            -0.02717823834725498,
            0.17228534688521327,
            -0.01264836679279379,
            0.5555520686273161,
            0.877764599120445,
            -0.0026502453543359853,
            0.16631116711824367,
            -0.026248225013968726,
            0.6848602514927513,
            1.0000000000000002,
            0.0,
            0.0,
            0.0,
            0.557598174515717,
            0.8797782486623771,
            -0.024302834583470795,
            -0.15739536326693784,
            0.052082715876457096
        ],
        [
            0.024608869231120267,
            0.02717823834725498,
            0.04301046947119026,
            0.046035779285984,
            -0.003379726903815984,
            0.0083202558935185,
            0.0026502453543359845,
            0.45964416399235875,
            0.011106205195704327,
            -0.0017528478579005601,
            0.0,
            0.0,
            1.0000000000000004,
            0.0,
            0.0,
            0.07696284069562323,
            0.024302834583470788,
            0.4511739092814747,
            -0.09694571300965121,
            0.03207969994363132
        ],
        [
            -0.15599788028073652,
            -0.17228534688521327,
            0.046035779285984,
            -0.24155235560982946,
            0.02142439898279996,
            -0.5221220239513322,
            -0.16631116711824362,
            0.011106205195704327,
            -0.23712789080680044,
            0.10999667353485357,
            0.0,
            0.0,
            0.0,
            1.0000000000000004,
            0.0,
            0.4984436785650487,
            0.15739536326693782,
            -0.09694571300965105,
            -0.16171821445963333,
            0.20776160940322333
        ],
        [
            0.011452618834750346,
            0.012648366792793795,
            -0.003379726903815984,
            0.02142439898279996,
            0.048699796758783345,
            0.08240442663528139,
            0.02624822501396873,
            -0.001752847857900561,
            0.10999667353485362,
            0.44246081233579293,
            0.0,
            0.0,
            0.0,
            0.0,
            1.0000000000000004,
            -0.16493688220720765,
            -0.052082715876457054,
            0.03207969994363131,
            0.2077616094032236,
            0.3973938418764556
        ],
        [
            0.01244680392777495,
            0.11793025865288581,
            -0.0008268588426926395,
            0.014694759805085686,
            -0.0023089092537321417,
            0.11609231466867015,
            0.3022763549349622,
            0.00992933058862304,
            0.14881514166692958,
            -0.035985239070881504,
            0.5491976873384585,
            0.557598174515717,
            0.07696284069562324,
            0.49844367856504934,
            -0.16493688220720765,
            0.9999999999999999,
            0.6848602514927513,
            0.0,
            0.0,
            0.0
        ],
        [
            0.11793025865288581,
            0.33316985224673,
            -0.005164480397093976,
            0.09178204916601426,
            -0.014421223991192226,
            0.3022763549349622,
            0.600393838060297,
            0.011249068652561556,
            0.1685946227905898,
            -0.04076814858506213,
            0.557598174515717,
            0.8797782486623771,
            0.024302834583470795,
            0.15739536326693784,
            -0.0520827158764571,
            0.6848602514927513,
            1.0000000000000002,
            0.0,
            0.0,
            0.0
        ],
        [
            0.0008268588426926394,
            0.005164480397093974,
            0.0013729973298558455,
            0.0010259761656172645,
            -0.00016120616426016564,
            -0.009929330588623036,
            -0.011249068652561556,
            0.04661168453852836,
            -0.018255224184568396,
            0.004414326386521293,
            -0.07696284069562324,
            -0.024302834583470764,
            0.4511739092814747,
            -0.09694571300965106,
            0.032079699943631315,
            0.0,
            0.0,
            1.0000000000000004,
            0.0,
            0.0
        ],
        [
            -0.014694759805085686,
            -0.0917820491660142,
            0.0010259761656172645,
            -0.016802702653210284,
            0.0028649217261656435,
            -0.1488151416669296,
            -0.1685946227905898,
            -0.018255224184568403,
            -0.22576916428825455,
            0.06615940528024364,
            -0.49844367856504934,
            -0.15739536326693782,
            -0.09694571300965119,
            -0.1617182144596335,
            0.2077616094032236,
            0.0,
            0.0,
            0.0,
            1.0000000000000004,
            0.0
        ],
        [
            0.0023089092537321417,
            0.014421223991192217,
            -0.00016120616426016564,
            0.0028649217261656435,
            0.0009805780663688798,
            0.03598523907088151,
            0.04076814858506215,
            0.0044143263865212955,
            0.06615940528024367,
            0.03183160345765481,
            0.16493688220720765,
            0.052082715876457034,
            0.032079699943631315,
            0.20776160940322333,
            0.3973938418764556,
            0.0,
            0.0,
            0.0,
            0.0,
            1.0000000000000004
        ]
    ],
    "h": [
        [
            -0.26861258125461185,
            -0.4674693701442072,
            0.08443690978386462,
            -0.2783500672507999,
            -0.003934785344633915,
            -0.5808932304607255,
            -0.4619999584189829,
            -0.009524433204878946,
            0.018058303852550806,
            0.0018793908998015543,
            -0.24815174254575595,
            -0.31372291011415143,
            -0.02207919736775766,
            0.31321378794458354,
            -0.04066286657012179,
            -0.011435730089372223,
            -0.13674241294908834,
            0.0004437995640813189,
            0.06447868722389247,
            -0.013012553749302583
        ],
        [
            -0.4674693701442072,
            -0.31215174169886795,
            0.07027367455536462,
            -0.23700641170558776,
            -0.0023779269895512403,
            -0.5413962145196825,
            -0.3668300960444133,
            -0.05932765793959763,
            0.10073702119199068,
            0.018236802677970888,
            -0.33547767512593835,
            -0.3108912060168403,
            -0.014383701498182785,
            0.18966417305558222,
            -0.021111016709598106,
            -0.13686887717496823,
            -0.19531716391129872,
            0.010952935193753377,
            0.11335784142085023,
            -0.031546413558547884
        ],
        [
            0.08443690978386462,
            0.07027367455536462,
            1.4585997408594868,
            0.07764814703264611,
            0.0009646872490976937,
            0.01747833439049895,
            0.06497401276557899,
            0.31221721130182023,
            0.2842094389577928,
            0.002628999340510932,
            0.053363945036194266,
            0.051759165381237184,
            -0.0424028817125026,
            -0.062348573836340376,
            0.008304026519460498,
            0.007256780041154667,
            0.02582614856244328,
            -0.004972081122480194,
            -0.010847787538016174,
            0.00239403650972453
        ],
        [
            -0.2783500672507999,
            -0.23700641170558776,
            0.07764814703264611,
            1.2196757128955988,
            -0.0024241694911512636,
            -0.07668460178807202,
            -0.22828941919590334,
            0.27330854998477017,
            -0.5504993497675252,
            -0.004403995838664972,
            -0.24020850331196192,
            -0.18477171329043546,
            -0.013556176510206797,
            0.17931468028228287,
            -0.029404949136053765,
            -0.06528361896319684,
            -0.11551219768826249,
            0.00043032673902548575,
            0.08631478159868472,
            -0.018562278665605593
        ],
        [
            -0.003934785344633915,
            -0.0023779269895512403,
            0.0009646872490976937,
            -0.0024241694911512636,
            1.4818334347691648,
            0.0022325127492355424,
            -0.0006301701460905895,
            0.004337853242353159,
            -0.010534068853814447,
            0.39555224371903064,
            0.008537495350162946,
            7.799698242471828e-05,
            9.108401282772842e-05,
            -0.0004211862216148346,
            -0.0461184296657761,
            0.007381739965389739,
            0.0043587642203048345,
            0.00014895704077060837,
            -0.010087211269176525,
            -0.0027484416801932397
        ],
        [
            -0.5808932304607255,
            -0.5413962145196825,
            0.01747833439049895,
            -0.07668460178807202,
            0.0022325127492355424,
            -0.4508968379704217,
            -0.6024276036444639,
            -0.07564828298524415,
            0.037016851767844416,
            0.03875271022989992,
            -0.5249700346728872,
            -0.5134610505164627,
            -0.01686475010861101,
            0.0584410070453143,
            0.003061598748673483,
            -0.2433019267682509,
            -0.3324167485451539,
            0.02416517799962535,
            0.23389190223782033,
            -0.06544559210200382
        ],
        [
            -0.4619999584189829,
            -0.3668300960444133,
            0.06497401276557899,
            -0.22828941919590334,
            -0.0006301701460905895,
            -0.6024276036444639,
            -0.43380555821998,
            -0.05987296476634878,
            -0.0015147370685291983,
            0.03637886952773829,
            -0.5129430209177422,
            -0.40980556551929714,
            -0.026038667724497228,
            0.13110544887539083,
            0.0010874525429900028,
            -0.3104816576623645,
            -0.30896542279797745,
            0.02511126999459215,
            0.17953796655877358,
            -0.05670987651071126
        ],
        [
            -0.009524433204878946,
            -0.05932765793959763,
            0.31221721130182023,
            0.27330854998477017,
            0.004337853242353159,
            -0.07564828298524415,
            -0.05987296476634878,
            1.3806304289962974,
            0.07996053559887192,
            0.00013671877408228002,
            -0.016269744298765675,
            -0.03273933014511913,
            0.3716872459216719,
            0.04058603784224399,
            -0.005456886675169434,
            -0.0009099592084662496,
            -0.009079414561931246,
            -0.045716523547869245,
            0.0033218412760262495,
            -0.0007609905647053758
        ],
        [
            0.018058303852550806,
            0.10073702119199068,
            0.2842094389577928,
            -0.5504993497675252,
            -0.010534068853814447,
            0.037016851767844416,
            -0.0015147370685291983,
            0.07996053559887192,
            0.8588774829450725,
            0.044819381974425046,
            -0.05287721914416932,
            -0.12560744811888008,
            0.009710245298232764,
            -0.7464561545007088,
            0.187953401518881,
            -0.3088257530838348,
            -0.18716005515543632,
            0.030901773550179056,
            0.18115257274800683,
            -0.07060763280705429
        ],
        [
            0.0018793908998015543,
            0.018236802677970888,
            0.002628999340510932,
            -0.004403995838664972,
            0.39555224371903064,
            0.03875271022989992,
            0.03637886952773829,
            0.00013671877408228002,
            0.044819381974425046,
            1.3956398120126543,
            0.020695096273679603,
            0.041911060609707076,
            2.2734609864022946e-05,
            0.16490076592094716,
            0.345398233012259,
            0.057108951429125206,
            0.03825282053443295,
            -0.0056131650170999515,
            -0.04249505749787626,
            -0.03280194606552179
        ],
        [
            -0.24815174254575595,
            -0.33547767512593835,
            0.053363945036194266,
            -0.24020850331196192,
            0.008537495350162946,
            -0.5249700346728872,
            -0.5129430209177422,
            -0.016269744298765675,
            -0.05287721914416932,
            0.020695096273679603,
            -0.4492670536340544,
            -0.6024099572372349,
            -0.042549112029461725,
            -0.0299733798994941,
            0.04851396932781499,
            -0.5779289081314517,
            -0.5398227652559702,
            0.008461692797368248,
            0.07330768671428833,
            -0.02102858309743416
        ],
        [
            -0.31372291011415143,
            -0.3108912060168403,
            0.051759165381237184,
            -0.18477171329043546,
            7.799698242471828e-05,
            -0.5134610505164627,
            -0.40980556551929714,
            -0.03273933014511913,
            -0.12560744811888008,
            0.041911060609707076,
            -0.6024099572372349,
            -0.43471836840335953,
            -0.03611118804445933,
            0.007277816280595428,
            0.03449311807889459,
            -0.4600818330638401,
            -0.36581424912671645,
            0.03199568402537166,
            0.22228966191412158,
            -0.07093614729551465
        ],
        [
            -0.02207919736775766,
            -0.014383701498182785,
            -0.0424028817125026,
            -0.013556176510206797,
            9.108401282772842e-05,
            -0.01686475010861101,
            -0.026038667724497228,
            0.3716872459216719,
            0.009710245298232764,
            2.2734609864022946e-05,
            -0.042549112029461725,
            -0.03611118804445933,
            1.3986285047615412,
            -0.027886912134781595,
            0.010650503323780737,
            -0.0028240731543546505,
            -0.031094704945581655,
            0.3737080289795469,
            -0.13242869806748597,
            0.04412928918954834
        ],
        [
            0.31321378794458354,
            0.18966417305558222,
            -0.062348573836340376,
            0.17931468028228287,
            -0.0004211862216148346,
            0.0584410070453143,
            0.13110544887539083,
            0.04058603784224399,
            -0.7464561545007088,
            0.16490076592094716,
            -0.0299733798994941,
            0.007277816280595428,
            -0.027886912134781595,
            0.8663248959054561,
            0.12435600195867638,
            -0.019000346210296448,
            -0.09783190554982019,
            -0.1375216632450651,
            -0.5201352701482853,
            0.2992283227311629
        ],
        [
            -0.04066286657012179,
            -0.021111016709598106,
            0.008304026519460498,
            -0.029404949136053765,
            -0.0461184296657761,
            0.003061598748673483,
            0.0010874525429900028,
            -0.005456886675169434,
            0.187953401518881,
            0.345398233012259,
            0.04851396932781499,
            0.03449311807889459,
            0.010650503323780737,
            0.12435600195867638,
            1.3716469510763645,
            0.007519228809102441,
            0.0489845457978384,
            0.04491840315941616,
            0.2934600703594001,
            0.2976510311763908
        ],
        [
            -0.011435730089372223,
            -0.13686887717496823,
            0.007256780041154667,
            -0.06528361896319684,
            0.007381739965389739,
            -0.2433019267682509,
            -0.3104816576623645,
            -0.0009099592084662496,
            -0.3088257530838348,
            0.057108951429125206,
            -0.5779289081314517,
            -0.4600818330638401,
            -0.0028240731543546505,
            -0.019000346210296448,
            0.007519228809102441,
            -0.26599565282934234,
            -0.46618584508780847,
            0.04222946014521413,
            0.27157598644216974,
            -0.089752653365375
        ],
        [
            -0.13674241294908834,
            -0.19531716391129872,
            0.02582614856244328,
            -0.11551219768826249,
            0.0043587642203048345,
            -0.3324167485451539,
            -0.30896542279797745,
            -0.009079414561931246,
            -0.18716005515543632,
            0.03825282053443295,
            -0.5398227652559702,
            -0.36581424912671645,
            -0.031094704945581655,
            -0.09783190554982019,
            0.0489845457978384,
            -0.46618584508780847,
            -0.3109845938588953,
            0.03504967181464887,
            0.23135363922425164,
            -0.07552925290123508
        ],
        [
            0.0004437995640813189,
            0.010952935193753377,
            -0.004972081122480194,
            0.00043032673902548575,
            0.00014895704077060837,
            0.02416517799962535,
            0.02511126999459215,
            -0.045716523547869245,
            0.030901773550179056,
            -0.0056131650170999515,
            0.008461692797368248,
            0.03199568402537166,
            0.3737080289795469,
            -0.1375216632450651,
            0.04491840315941616,
            0.04222946014521413,
            0.03504967181464887,
            1.4784154156976237,
            -0.03761962493518624,
            0.012386595068415678
        ],
        [
            0.06447868722389247,
            0.11335784142085023,
            -0.010847787538016174,
            0.08631478159868472,
            -0.010087211269176525,
            0.23389190223782033,
            0.17953796655877358,
            0.0033218412760262495,
            0.18115257274800683,
            -0.04249505749787626,
            0.07330768671428833,
            0.22228966191412158,
            -0.13242869806748597,
            -0.5201352701482853,
            0.2934600703594001,
            0.27157598644216974,
            0.23135363922425164,
            -0.03761962493518624,
            1.2330816252194676,
            0.08176114857411351
        ],
        [
            -0.013012553749302583,
            -0.031546413558547884,
            0.00239403650972453,
            -0.018562278665605593,
            -0.0027484416801932397,
            -0.06544559210200382,
            -0.05670987651071126,
            -0.0007609905647053758,
            -0.07060763280705429,
            -0.03280194606552179,
            -0.02102858309743416,
            -0.07093614729551465,
            0.04412928918954834,
            0.2992283227311629,
            0.2976510311763908,
            -0.089752653365375,
            -0.07552925290123508,
            0.012386595068415678,
            0.08176114857411351,
            1.457427797635324
        ]
    ]
}