{
    "HF": -2.1709118885181304,
    "coordinates": [
        [
            0.823711,
            0.012106,
            0.123866
        ],
        [
            1.573129,
            -0.039436,
            -0.001249
        ],
        [
            2.395348,
            0.110254,
            -0.002572
        ],
        [
            3.087372,
            0.024287,
            0.025385
        ]
    ],
    "elements": [
        "H",
        "H",
        "H",
        "H"
    ],
    "Enn": 3.003928954235583,
    "S": [
        [
            0.9999999999999999,
            0.6848602514927513,
            0.0,
            0.0,
            0.0,
            0.5534123306318999,
            0.5591701168561103,
            0.08742168202949191,
            -0.5236413068231449,
            0.036013973825393224,
            0.10189939950634455,
            0.2865075507258155,
            0.01081555637631105,
            -0.13443844869893837,
            -0.0083956186211596,
            0.011587314052412933,
            0.11436023786690372,
            0.0005984422550294923,
            -0.013755652292953113,
            -7.402062436931229e-05
        ],
        [
            0.6848602514927513,
            1.0000000000000002,
            0.0,
            0.0,
            0.0,
            0.5591701168561102,
            0.8813233467167925,
            0.027422069800449065,
            -0.16425362830766038,
            0.011296713596728979,
            0.28650755072581546,
            0.5806294428658536,
            0.013560720444725219,
            -0.1685611129374604,
            -0.010526563139316427,
            0.11436023786690372,
            0.3268132408994536,
            0.0039472340649031185,
            -0.09073018968727636,
            -0.00048822877656182266
        ],
        [
            0.0,
            0.0,
            1.0000000000000004,
            0.0,
            0.0,
            -0.08742168202949192,
            -0.02742206980044906,
            0.4518995712296388,
            0.11466367298725222,
            -0.007886113001167514,
            -0.010815556376311049,
            -0.01356072044472521,
            0.037554415890160044,
            0.02021308499594425,
            0.0012622977609854798,
            -0.0005984422550294928,
            -0.00394723406490312,
            0.0012434505767884344,
            0.0007382434426608317,
            3.97256628755436e-06
        ],
        [
            0.0,
            0.0,
            0.0,
            1.0000000000000004,
            0.0,
            0.523641306823145,
            0.16425362830766033,
            0.11466367298725222,
            -0.21577367270929676,
            0.04723650268240382,
            0.13443844869893834,
            0.16856111293746026,
            0.02021308499594424,
            -0.21207011434897352,
            -0.015690487560558814,
            0.013755652292953119,
            0.09073018968727634,
            0.000738243442660832,
            -0.01569352136660211,
            -9.13124701724352e-05
        ],
        [
            0.0,
            0.0,
            0.0,
            0.0,
            1.0000000000000004,
            -0.03601397382539322,
            -0.011296713596728973,
            -0.00788611300116751,
            0.047236502682403814,
            0.46779388071318956,
            0.008395618621159595,
            0.010526563139316426,
            0.0012622977609854794,
            -0.015690487560558818,
            0.03820069239524582,
            7.402062436931235e-05,
            0.0004882287765618232,
            3.972566287554362e-06,
            -9.13124701724352e-05,
            0.0012750766353181837
        ],
        [
            0.5534123306318999,
            0.5591701168561103,
            -0.08742168202949192,
            0.523641306823145,
            -0.036013973825393224,
            0.9999999999999999,
            0.6848602514927513,
            0.0,
            0.0,
            0.0,
            0.4949719710599272,
            0.5364843621400802,
            0.0008026334472152958,
            -0.4988212171851191,
            -0.09081345481002083,
            0.1205532431002092,
            0.3069818849453837,
            -0.0027957354578799247,
            -0.15894806814396903,
            -0.006688918321787281
        ],
        [
            0.5591701168561102,
            0.8813233467167925,
            -0.027422069800449072,
            0.16425362830766058,
            -0.011296713596728979,
            0.6848602514927513,
            1.0000000000000002,
            0.0,
            0.0,
            0.0,
            0.5364843621400802,
            0.8588616217556749,
            0.0002774270835370707,
            -0.17241558518425326,
            -0.031389312271099104,
            0.3069818849453837,
            0.6062154800461433,
            -0.0030754956396988314,
            -0.17485348591816768,
            -0.007358256688763557
        ],
        [
            0.08742168202949191,
            0.02742206980044906,
            0.4518995712296388,
            0.11466367298725226,
            -0.007886113001167514,
            0.0,
            0.0,
            1.0000000000000004,
            0.0,
            0.0,
            -0.0008026334472152955,
            -0.0002774270835370707,
            0.40387342047122093,
            0.001140582603850638,
            0.00020765004210605942,
            0.0027957354578799247,
            0.0030754956396988305,
            0.05056736334574027,
            -0.005304384243732757,
            -0.00022322129087826886
        ],
        [
            -0.5236413068231449,
            -0.16425362830766033,
            0.11466367298725219,
            -0.21577367270929707,
            0.047236502682403814,
            0.0,
            0.0,
            0.0,
            1.0000000000000004,
            0.0,
            0.4988212171851191,
            0.17241558518425293,
            0.0011405826038506375,
            -0.30497484853725343,
            -0.12905049884384123,
            0.15894806814396903,
            0.17485348591816766,
            -0.005304384243732754,
            -0.25091351792016164,
            -0.012690969331057383
        ],
        [
            0.03601397382539322,
            0.011296713596728973,
            -0.00788611300116751,
            0.04723650268240382,
            0.46779388071318956,
            0.0,
            0.0,
            0.0,
            0.0,
            1.0000000000000004,
            0.0908134548100208,
            0.03138931227109908,
            0.00020765004210605929,
            -0.12905049884384118,
            0.38038082277991275,
            0.00668891832178728,
            0.007358256688763556,
            -0.00022322129087826875,
            -0.012690969331057383,
            0.05012659547114194
        ],
        [
            0.10189939950634455,
            0.2865075507258155,
            -0.01081555637631105,
            0.1344384486989384,
            0.008395618621159598,
            0.4949719710599272,
            0.5364843621400802,
            -0.0008026334472152955,
            0.4988212171851191,
            0.09081345481002083,
            0.9999999999999999,
            0.6848602514927513,
            0.0,
            0.0,
            0.0,
            0.6048393334293871,
            0.5776176840368716,
            -0.021854878095933693,
            -0.5409772207125381,
            0.06720314430279115
        ],
        [
            0.28650755072581546,
            0.5806294428658536,
            -0.013560720444725219,
            0.16856111293746032,
            0.010526563139316433,
            0.5364843621400802,
            0.8588616217556749,
            -0.0002774270835370707,
            0.17241558518425293,
            0.0313893122710991,
            0.6848602514927513,
            1.0000000000000002,
            0.0,
            0.0,
            0.0,
            0.5776176840368716,
            0.8993340959405115,
            -0.006343485896222793,
            -0.15702129999097442,
            0.019506043282204257
        ],
        [
            0.010815556376311049,
            0.013560720444725215,
            0.037554415890160044,
            0.020213084995944246,
            0.0012622977609854798,
            0.0008026334472152953,
            0.0002774270835370707,
            0.40387342047122093,
            0.0011405826038506373,
            0.00020765004210605934,
            0.0,
            0.0,
            1.0000000000000004,
            0.0,
            0.0,
            0.021854878095933693,
            0.006343485896222788,
            0.5303135114645302,
            -0.026690622464834793,
            0.0033156548637539355
        ],
        [
            -0.13443844869893837,
            -0.1685611129374601,
            0.020213084995944243,
            -0.21207011434897363,
            -0.015690487560558814,
            -0.4988212171851191,
            -0.1724155851842526,
            0.001140582603850638,
            -0.30497484853725343,
            -0.12905049884384123,
            0.0,
            0.0,
            0.0,
            1.0000000000000004,
            0.0,
            0.5409772207125381,
            0.15702129999097436,
            -0.02669062246483483,
            -0.12928537558557154,
            0.08207292418480006
        ],
        [
            -0.008395618621159593,
            -0.010526563139316429,
            0.0012622977609854794,
            -0.015690487560558814,
            0.03820069239524582,
            -0.0908134548100208,
            -0.03138931227109908,
            0.00020765004210605937,
            -0.12905049884384118,
            0.38038082277991275,
            0.0,
            0.0,
            0.0,
            0.0,
            1.0000000000000004,
            -0.06720314430279115,
            -0.01950604328220425,
            0.0033156548637539368,
            0.08207292418479997,
            0.5211962361371638
        ],
        [
            0.011587314052412933,
            0.11436023786690372,
            -0.0005984422550294923,
            0.013755652292953112,
            7.402062436931229e-05,
            0.1205532431002092,
            0.3069818849453837,
            0.0027957354578799247,
            0.15894806814396903,
            0.006688918321787281,
            0.6048393334293871,
            0.5776176840368716,
            0.021854878095933693,
            0.5409772207125381,
            -0.06720314430279115,
            0.9999999999999999,
            0.6848602514927513,
            0.0,
            0.0,
            0.0
        ],
        [
            0.11436023786690372,
            0.3268132408994536,
            -0.00394723406490312,
            0.09073018968727639,
            0.0004882287765618232,
            0.3069818849453837,
            0.6062154800461433,
            0.00307549563969883,
            0.17485348591816768,
            0.007358256688763557,
            0.5776176840368716,
            0.8993340959405115,
            0.006343485896222794,
            0.15702129999097517,
            -0.019506043282204257,
            0.6848602514927513,
            1.0000000000000002,
            0.0,
            0.0,
            0.0
        ],
        [
            0.0005984422550294928,
            0.003947234064903121,
            0.0012434505767884344,
            0.000738243442660832,
            3.972566287554362e-06,
            -0.0027957354578799247,
            -0.003075495639698831,
            0.05056736334574027,
            -0.005304384243732757,
            -0.00022322129087826886,
            -0.021854878095933693,
            -0.006343485896222785,
            0.5303135114645302,
            -0.02669062246483483,
            0.0033156548637539368,
            0.0,
            0.0,
            1.0000000000000004,
            0.0,
            0.0
        ],
        [
            -0.013755652292953117,
            -0.09073018968727636,
            0.0007382434426608317,
            -0.01569352136660211,
            -9.13124701724352e-05,
            -0.15894806814396903,
            -0.17485348591816766,
            -0.005304384243732754,
            -0.25091351792016164,
            -0.012690969331057383,
            -0.5409772207125381,
            -0.15702129999097436,
            -0.026690622464834793,
            -0.1292853755855717,
            0.08207292418479997,
            0.0,
            0.0,
            0.0,
            1.0000000000000004,
            0.0
        ],
        [
            -7.402062436931235e-05,
            -0.00048822877656182266,
            3.97256628755436e-06,
            -9.13124701724352e-05,
            0.0012750766353181837,
            -0.00668891832178728,
            -0.007358256688763556,
            -0.00022322129087826875,
            -0.012690969331057383,
            0.05012659547114194,
            0.06720314430279115,
            0.01950604328220425,
            0.0033156548637539355,
            0.08207292418480006,
            0.5211962361371638,
            0.0,
            0.0,
            0.0,
            0.0,
            1.0000000000000004
        ]
    ],
    "h": [
        [
            -0.2665851093151701,
            -0.4671742776657932,
            0.047347576234400876,
            -0.28665389314155204,
            0.017750021124958416,
            -0.5762401638628257,
            -0.46167794524536077,
            -0.005271395652401478,
            0.021435199860221466,
            -0.007805053425607167,
            -0.21570410959088032,
            -0.29935732946534765,
            -0.010338571853222556,
            0.2890867784872785,
            0.03061477852718691,
            -0.01292382583402494,
            -0.1381167563622617,
            -0.000866840770579485,
            0.06360773459607952,
            0.0011839791096788436
        ],
        [
            -0.4671742776657932,
            -0.30905222416428946,
            0.039073618546272906,
            -0.24115702043691972,
            0.01376921719356796,
            -0.5311815640089228,
            -0.36210722476078216,
            -0.034286030437908205,
            0.12008191488861689,
            -0.030998679106122775,
            -0.3088306390037133,
            -0.2987455235493198,
            -0.004697893202409063,
            0.16592275613828592,
            0.03517013631395381,
            -0.13979210291704228,
            -0.19483989692093906,
            0.002435277503928245,
            0.11967503538843544,
            -0.006513348999741757
        ],
        [
            0.047347576234400876,
            0.039073618546272906,
            1.4812972078328124,
            0.04450382622917538,
            -0.0028643118510458007,
            0.007578842590344498,
            0.0356538229020301,
            0.37829231719496914,
            0.16412260794880576,
            -0.010034411973267116,
            0.02565110276843628,
            0.02725180890576354,
            -0.0419960662166831,
            -0.03329510118805058,
            -0.004418921254866558,
            0.004121358951753022,
            0.014267446159239566,
            -0.004288139139905124,
            -0.0064573137052067655,
            1.658634507632901e-06
        ],
        [
            -0.28665389314155204,
            -0.24115702043691972,
            0.04450382622917538,
            1.2148326792600812,
            0.016479921250728398,
            -0.062266853483712525,
            -0.22791410036078685,
            0.15894027990796467,
            -0.5922160819129119,
            0.05619689597796011,
            -0.21883161037494528,
            -0.17706385219201543,
            -0.008417008920179651,
            0.20001667598705608,
            0.03301988068506648,
            -0.06161949721871253,
            -0.11337013628460349,
            -0.0015131152721929147,
            0.0839085654915136,
            -0.0005847609171688165
        ],
        [
            0.017750021124958416,
            0.01376921719356796,
            -0.0028643118510458007,
            0.016479921250728398,
            1.4873263126615335,
            -0.0009985922429887883,
            0.011238576264785098,
            -0.011316752611388595,
            0.06594455971143606,
            0.4001204212224664,
            -0.0009240107077029026,
            0.008497380692028062,
            1.6810509544989017e-05,
            -0.004882862496874911,
            -0.043636119118282676,
            -0.00144561292287308,
            0.0026876749911551143,
            2.279221386671334e-06,
            0.0002289792777761432,
            -0.0044538962704511065
        ],
        [
            -0.5762401638628257,
            -0.5311815640089228,
            0.007578842590344498,
            -0.062266853483712525,
            -0.0009985922429887883,
            -0.41436342447711194,
            -0.5848549456385833,
            -0.04452091090726623,
            0.08083994651413225,
            -0.05313338009256971,
            -0.4805397320229141,
            -0.48356119859323665,
            -0.006259041144666441,
            0.05337243680448778,
            0.016068583661461744,
            -0.24578088371828818,
            -0.3234135111962707,
            0.006317373472390659,
            0.23948066821440037,
            -0.007685905142235542
        ],
        [
            -0.46167794524536077,
            -0.36210722476078216,
            0.0356538229020301,
            -0.22791410036078685,
            0.011238576264785098,
            -0.5848549456385833,
            -0.42730218388928254,
            -0.03514193631666428,
            0.02558430322450321,
            -0.04614278088026635,
            -0.4920348018952404,
            -0.39888502517698465,
            -0.007866422740965516,
            0.09359359751313107,
            0.04863754240297923,
            -0.3225906803852315,
            -0.30825368301611245,
            0.007185049030072226,
            0.19576476343814603,
            -0.01835483214497596
        ],
        [
            -0.005271395652401478,
            -0.034286030437908205,
            0.37829231719496914,
            0.15894027990796467,
            -0.011316752611388595,
            -0.04452091090726623,
            -0.03514193631666428,
            1.4117749062213434,
            0.04521812322737931,
            -0.0028752937465498156,
            -0.006750136971595586,
            -0.018114998717946425,
            0.2978700092131802,
            0.014393590317612974,
            0.0014045350313830027,
            0.0008211334523087312,
            -0.005776423092547122,
            -0.045676828714126066,
            0.0014130516512417032,
            7.109301414588113e-05
        ],
        [
            0.021435199860221466,
            0.12008191488861689,
            0.16412260794880576,
            -0.5922160819129119,
            0.06594455971143606,
            0.08083994651413225,
            0.02558430322450321,
            0.04521812322737931,
            0.8923810007899093,
            -0.02209234148547881,
            -0.07580144471270822,
            -0.10982573245881522,
            0.0012327942816512819,
            -0.7910629769873354,
            -0.1647123777811395,
            -0.31206017755573146,
            -0.17301642058338884,
            0.00845742592825512,
            0.1799317576687509,
            -0.019372294391958585
        ],
        [
            -0.007805053425607167,
            -0.030998679106122775,
            -0.010034411973267116,
            0.05619689597796011,
            0.4001204212224664,
            -0.05313338009256971,
            -0.04614278088026635,
            -0.0028752937465498156,
            -0.02209234148547881,
            1.4108265344574504,
            -0.012564566056769838,
            -0.04043555840000557,
            -0.00026604526533339015,
            -0.17129326915593662,
            0.2688848728564784,
            -0.031920351383066384,
            -0.03348358199317652,
            0.00110253326862658,
            0.03315974129749094,
            -0.04794385125256642
        ],
        [
            -0.21570410959088032,
            -0.3088306390037133,
            0.02565110276843628,
            -0.21883161037494528,
            -0.0009240107077029026,
            -0.4805397320229141,
            -0.4920348018952404,
            -0.006750136971595586,
            -0.07580144471270822,
            -0.012564566056769838,
            -0.45895436126621325,
            -0.6004901048812774,
            -0.012017094760593561,
            -0.11990116213882188,
            0.07262252520362561,
            -0.619330820890746,
            -0.5543790243939787,
            0.002057271727993887,
            0.06123108349291917,
            0.00030910400204470223
        ],
        [
            -0.29935732946534765,
            -0.2987455235493198,
            0.02725180890576354,
            -0.17706385219201543,
            0.008497380692028062,
            -0.48356119859323665,
            -0.39888502517698465,
            -0.018114998717946425,
            -0.10982573245881522,
            -0.04043555840000557,
            -0.6004901048812774,
            -0.4265191367806096,
            -0.010157458021799447,
            -0.04426248556188919,
            0.06011113050536244,
            -0.4851093496029497,
            -0.3664864782669366,
            0.00973073541954582,
            0.2512003805001355,
            -0.02450980466409959
        ],
        [
            -0.010338571853222556,
            -0.004697893202409063,
            -0.0419960662166831,
            -0.008417008920179651,
            1.6810509544989017e-05,
            -0.006259041144666441,
            -0.007866422740965516,
            0.2978700092131802,
            0.0012327942816512819,
            -0.00026604526533339015,
            -0.012017094760593561,
            -0.010157458021799447,
            1.406077600622879,
            -0.009398252561562497,
            0.00159080287790553,
            0.0007815119370407908,
            -0.008502741060270207,
            0.49272467697932243,
            -0.03869770332163733,
            0.004977307316870254
        ],
        [
            0.2890867784872785,
            0.16592275613828592,
            -0.03329510118805058,
            0.20001667598705608,
            -0.004882862496874911,
            0.05337243680448778,
            0.09359359751313107,
            0.014393590317612974,
            -0.7910629769873354,
            -0.17129326915593662,
            -0.11990116213882188,
            -0.04426248556188919,
            -0.009398252561562497,
            0.8556925977084353,
            -0.0032762637656523763,
            -0.0008084818912439395,
            -0.12693799095299124,
            -0.039381967928777545,
            -0.5116647832132128,
            0.12012468227268233
        ],
        [
            0.03061477852718691,
            0.03517013631395381,
            -0.004418921254866558,
            0.03301988068506648,
            -0.043636119118282676,
            0.016068583661461744,
            0.04863754240297923,
            0.0014045350313830027,
            -0.1647123777811395,
            0.2688848728564784,
            0.07262252520362561,
            0.06011113050536244,
            0.00159080287790553,
            -0.0032762637656523763,
            1.3950722816783163,
            0.009551984264100713,
            0.045639860057384934,
            0.004505227582382882,
            0.10666142292711953,
            0.47929084609743633
        ],
        [
            -0.01292382583402494,
            -0.13979210291704228,
            0.004121358951753022,
            -0.06161949721871253,
            -0.00144561292287308,
            -0.24578088371828818,
            -0.3225906803852315,
            0.0008211334523087312,
            -0.31206017755573146,
            -0.031920351383066384,
            -0.619330820890746,
            -0.4851093496029497,
            0.0007815119370407908,
            -0.0008084818912439395,
            0.009551984264100713,
            -0.3139425849728965,
            -0.4866352050074092,
            0.013531617474208594,
            0.32465625913773033,
            -0.037587265586307664
        ],
        [
            -0.1381167563622617,
            -0.19483989692093906,
            0.014267446159239566,
            -0.11337013628460349,
            0.0026876749911551143,
            -0.3234135111962707,
            -0.30825368301611245,
            -0.005776423092547122,
            -0.17301642058338884,
            -0.03348358199317652,
            -0.5543790243939787,
            -0.3664864782669366,
            -0.008502741060270207,
            -0.12693799095299124,
            0.045639860057384934,
            -0.4866352050074092,
            -0.3153488560483042,
            0.010600993789721222,
            0.26092418718038213,
            -0.02819629557303356
        ],
        [
            -0.000866840770579485,
            0.002435277503928245,
            -0.004288139139905124,
            -0.0015131152721929147,
            2.279221386671334e-06,
            0.006317373472390659,
            0.007185049030072226,
            -0.045676828714126066,
            0.00845742592825512,
            0.00110253326862658,
            0.002057271727993887,
            0.00973073541954582,
            0.49272467697932243,
            -0.039381967928777545,
            0.004505227582382882,
            0.013531617474208594,
            0.010600993789721222,
            1.4705429389122204,
            -0.012437660751341867,
            0.001451593980533661
        ],
        [
            0.06360773459607952,
            0.11967503538843544,
            -0.0064573137052067655,
            0.0839085654915136,
            0.0002289792777761432,
            0.23948066821440037,
            0.19576476343814603,
            0.0014130516512417032,
            0.1799317576687509,
            0.03315974129749094,
            0.06123108349291917,
            0.2512003805001355,
            -0.03869770332163733,
            -0.5116647832132128,
            0.10666142292711953,
            0.32465625913773033,
            0.26092418718038213,
            -0.012437660751341867,
            1.1583413583361744,
            0.03502428502730859
        ],
        [
            0.0011839791096788436,
            -0.006513348999741757,
            1.658634507632901e-06,
            -0.0005847609171688165,
            -0.0044538962704511065,
            -0.007685905142235542,
            -0.01835483214497596,
            7.109301414588113e-05,
            -0.019372294391958585,
            -0.04794385125256642,
            0.00030910400204470223,
            -0.02450980466409959,
            0.004977307316870254,
            0.12012468227268233,
            0.47929084609743633,
            -0.037587265586307664,
            -0.02819629557303356,
            0.001451593980533661,
            0.03502428502730859,
            1.4665012268363629
        ]
    ]
}