{
    "HF": -2.146422638400879,
    "coordinates": [
        [
            0.708698,
            0.025163,
            0.177897
        ],
        [
            1.360024,
            0.180135,
            0.180382
        ],
        [
            2.120174,
            0.044482,
            0.126976
        ],
        [
            2.903072,
            0.122874,
            0.1981
        ]
    ],
    "elements": [
        "H",
        "H",
        "H",
        "H"
    ],
    "Enn": 3.1021247166615806,
    "S": [
        [
            0.9999999999999999,
            0.6848602514927513,
            0.0,
            0.0,
            0.0,
            0.6280009026136498,
            0.5855091164943228,
            -0.0020367844627613785,
            -0.5338473549265631,
            -0.12701994437145048,
            0.1561833107521966,
            0.34113736265371647,
            0.0073340304310158385,
            -0.2032915287729722,
            -0.0027824695881226813,
            0.014879974349182838,
            0.12731952611481812,
            -0.0001666644877694072,
            -0.0181024708550465,
            -0.0008060661171329269
        ],
        [
            0.6848602514927513,
            1.0000000000000002,
            0.0,
            0.0,
            0.0,
            0.5855091164943228,
            0.9069716425549396,
            -0.000572075826041411,
            -0.1499428005924544,
            -0.03567635207778257,
            0.34113736265371647,
            0.6475035634031132,
            0.006582365922780795,
            -0.18245618749087716,
            -0.0024972943827144493,
            0.12731952611481812,
            0.34955149877399455,
            -0.0009086236592804204,
            -0.09869129009106632,
            -0.004394521921098312
        ],
        [
            0.0,
            0.0,
            1.0000000000000004,
            0.0,
            0.0,
            0.0020367844627613785,
            0.000572075826041411,
            0.5588474217759605,
            -0.0023483194069073544,
            -0.0005587428647516708,
            -0.007334030431015849,
            -0.006582365922780807,
            0.0745170271877672,
            0.013998822942167055,
            0.0001916031589766494,
            0.0001666644877694072,
            0.0009086236592804201,
            0.0019024582050946337,
            -0.0002191968091781947,
            -9.760386981257792e-06
        ],
        [
            0.0,
            0.0,
            0.0,
            1.0000000000000004,
            0.0,
            0.533847354926563,
            0.1499428005924542,
            -0.0023483194069073552,
            -0.05664522272927897,
            -0.14644819119808652,
            0.20329152877297232,
            0.18245618749087736,
            0.013998822942167059,
            -0.31301043909476256,
            -0.005311035926626056,
            0.018102470855046505,
            0.09869129009106632,
            -0.00021919680917819532,
            -0.021903858063450778,
            -0.0010601365847453638
        ],
        [
            0.0,
            0.0,
            0.0,
            0.0,
            1.0000000000000004,
            0.12701994437145048,
            0.03567635207778258,
            -0.0005587428647516705,
            -0.1464481911980864,
            0.5240115123962893,
            0.002782469588122683,
            0.002497294382714449,
            0.00019160315897664954,
            -0.005311035926626057,
            0.07494936196354206,
            0.0008060661171329269,
            0.00439452192109831,
            -9.760386981257819e-06,
            -0.0010601365847453638,
            0.0018572705694882023
        ],
        [
            0.6280009026136498,
            0.5855091164943228,
            0.0020367844627613785,
            0.533847354926563,
            0.12701994437145048,
            0.9999999999999999,
            0.6848602514927513,
            0.0,
            0.0,
            0.0,
            0.5434562893934718,
            0.5554414175359195,
            0.03646913790834027,
            -0.5190805374119928,
            0.09263281213122278,
            0.11196459715750097,
            0.2978205225954936,
            -0.0016996919185744007,
            -0.14802495854906822,
            0.005493061234309103
        ],
        [
            0.5855091164943228,
            0.9069716425549396,
            0.000572075826041411,
            0.1499428005924542,
            0.03567635207778259,
            0.6848602514927513,
            1.0000000000000002,
            0.0,
            0.0,
            0.0,
            0.5554414175359195,
            0.8776556228672507,
            0.011621953864786604,
            -0.16542014437174726,
            0.02952014581919438,
            0.2978205225954935,
            0.5948493922726542,
            -0.00198068686057865,
            -0.17249660790394883,
            0.00640118017403737
        ],
        [
            -0.0020367844627613785,
            -0.000572075826041411,
            0.5588474217759605,
            -0.0023483194069073552,
            -0.0005587428647516708,
            0.0,
            0.0,
            1.0000000000000004,
            0.0,
            0.0,
            -0.036469137908340284,
            -0.011621953864786582,
            0.45607870762730907,
            0.048427172715977705,
            -0.008642098612695543,
            0.0016996919185744014,
            0.0019806868605786497,
            0.04522032191411502,
            -0.0032122846723057165,
            0.00011920473803854295
        ],
        [
            -0.5338473549265628,
            -0.14994280059245402,
            -0.0023483194069073544,
            -0.05664522272927897,
            -0.14644819119808647,
            0.0,
            0.0,
            0.0,
            1.0000000000000004,
            0.0,
            0.5190805374119927,
            0.16542014437174726,
            0.04842717271597769,
            -0.2298031983056311,
            0.12300661462083887,
            0.14802495854906822,
            0.1724966079039488,
            -0.0032122846723057056,
            -0.23449837722550987,
            0.010381455729816975
        ],
        [
            -0.12701994437145045,
            -0.03567635207778256,
            -0.0005587428647516705,
            -0.14644819119808647,
            0.5240115123962893,
            0.0,
            0.0,
            0.0,
            0.0,
            1.0000000000000004,
            -0.09263281213122274,
            -0.02952014581919439,
            -0.008642098612695546,
            0.12300661462083894,
            0.43752984923476657,
            -0.005493061234309101,
            -0.006401180174037369,
            0.00011920473803854252,
            0.010381455729816974,
            0.04487196121715605
        ],
        [
            0.1561833107521966,
            0.34113736265371647,
            -0.007334030431015843,
            0.20329152877297216,
            0.0027824695881226813,
            0.5434562893934718,
            0.5554414175359195,
            -0.03646913790834029,
            0.5190805374119929,
            -0.09263281213122276,
            0.9999999999999999,
            0.6848602514927513,
            0.0,
            0.0,
            0.0,
            0.5307392599098086,
            0.5505999006453183,
            -0.04713433266377054,
            -0.5188315445391228,
            -0.051950883051829176
        ],
        [
            0.34113736265371647,
            0.6475035634031132,
            -0.006582365922780808,
            0.18245618749087728,
            0.0024972943827144493,
            0.5554414175359195,
            0.8776556228672507,
            -0.011621953864786582,
            0.16542014437174726,
            -0.02952014581919439,
            0.6848602514927513,
            1.0000000000000002,
            0.0,
            0.0,
            0.0,
            0.5505999006453183,
            0.8728792675371367,
            -0.015333682486594571,
            -0.16878563285796538,
            -0.016900596669044504
        ],
        [
            0.007334030431015844,
            0.006582365922780794,
            0.0745170271877672,
            0.013998822942167059,
            0.00019160315897664957,
            0.03646913790834026,
            0.011621953864786604,
            0.45607870762730907,
            0.048427172715977705,
            -0.008642098612695548,
            0.0,
            0.0,
            1.0000000000000004,
            0.0,
            0.0,
            0.04713433266377051,
            0.015333682486594594,
            0.4389384242443173,
            -0.06429815074814425,
            -0.006438208596073213
        ],
        [
            -0.20329152877297238,
            -0.18245618749087736,
            0.013998822942167055,
            -0.3130104390947625,
            -0.005311035926626058,
            -0.5190805374119923,
            -0.16542014437174726,
            0.04842717271597769,
            -0.22980319830563092,
            0.12300661462083894,
            0.0,
            0.0,
            0.0,
            1.0000000000000004,
            0.0,
            0.5188315445391228,
            0.16878563285796538,
            -0.06429815074814427,
            -0.2629826859406267,
            -0.07086863271818969
        ],
        [
            -0.0027824695881226835,
            -0.002497294382714449,
            0.00019160315897664938,
            -0.005311035926626055,
            0.07494936196354206,
            0.09263281213122276,
            0.02952014581919438,
            -0.008642098612695541,
            0.12300661462083887,
            0.43752984923476657,
            0.0,
            0.0,
            0.0,
            0.0,
            1.0000000000000004,
            0.05195088305182917,
            0.016900596669044518,
            -0.006438208596073216,
            -0.07086863271818969,
            0.43768360920808863
        ],
        [
            0.014879974349182838,
            0.12731952611481812,
            0.0001666644877694072,
            0.018102470855046505,
            0.0008060661171329269,
            0.11196459715750097,
            0.2978205225954936,
            0.0016996919185744007,
            0.14802495854906816,
            -0.0054930612343090995,
            0.5307392599098086,
            0.5505999006453183,
            0.04713433266377051,
            0.5188315445391228,
            0.05195088305182917,
            0.9999999999999999,
            0.6848602514927513,
            0.0,
            0.0,
            0.0
        ],
        [
            0.12731952611481812,
            0.34955149877399455,
            0.0009086236592804204,
            0.09869129009106636,
            0.004394521921098311,
            0.2978205225954935,
            0.5948493922726542,
            0.00198068686057865,
            0.17249660790394883,
            -0.00640118017403737,
            0.5505999006453183,
            0.8728792675371367,
            0.015333682486594594,
            0.16878563285796538,
            0.016900596669044518,
            0.6848602514927513,
            1.0000000000000002,
            0.0,
            0.0,
            0.0
        ],
        [
            -0.0001666644877694072,
            -0.0009086236592804201,
            0.0019024582050946337,
            -0.00021919680917819535,
            -9.76038698125782e-06,
            -0.0016996919185744014,
            -0.0019806868605786497,
            0.04522032191411502,
            -0.0032122846723057056,
            0.00011920473803854252,
            -0.047134332663770526,
            -0.015333682486594571,
            0.4389384242443173,
            -0.06429815074814427,
            -0.006438208596073217,
            0.0,
            0.0,
            1.0000000000000004,
            0.0,
            0.0
        ],
        [
            -0.0181024708550465,
            -0.0986912900910663,
            -0.00021919680917819467,
            -0.021903858063450778,
            -0.0010601365847453638,
            -0.14802495854906828,
            -0.1724966079039488,
            -0.0032122846723057165,
            -0.2344983772255098,
            0.010381455729816974,
            -0.5188315445391228,
            -0.16878563285796538,
            -0.06429815074814425,
            -0.2629826859406267,
            -0.0708686327181897,
            0.0,
            0.0,
            0.0,
            1.0000000000000004,
            0.0
        ],
        [
            -0.0008060661171329269,
            -0.004394521921098311,
            -9.76038698125779e-06,
            -0.0010601365847453638,
            0.0018572705694882023,
            0.005493061234309105,
            0.006401180174037369,
            0.00011920473803854295,
            0.010381455729816975,
            0.04487196121715605,
            -0.051950883051829155,
            -0.016900596669044504,
            -0.0064382085960732124,
            -0.07086863271818968,
            0.43768360920808863,
            0.0,
            0.0,
            0.0,
            0.0,
            1.0000000000000004
        ]
    ],
    "h": [
        [
            -0.34259442038416377,
            -0.49877323719429467,
            0.00020377519888707544,
            -0.33917797269754285,
            -0.07555430090288501,
            -0.647345667804534,
            -0.498186600006136,
            0.004544010972016818,
            -0.011199234466377828,
            0.01512634578637606,
            -0.29891553849012076,
            -0.3518909869761535,
            -0.016043087808416893,
            0.35233042717295554,
            -0.026736940754062948,
            -0.02089203606491845,
            -0.15385216279593597,
            0.0014714085285447013,
            0.07573028627022685,
            0.00159336984263285
        ],
        [
            -0.49877323719429467,
            -0.3225455621210529,
            0.0007933112335341721,
            -0.2697061510189556,
            -0.056414954135348014,
            -0.5762238698515991,
            -0.3736055242897576,
            0.009325322174468843,
            0.11024671628058172,
            0.07398326969774593,
            -0.3618936637940495,
            -0.3255353505529177,
            -0.01758383235398115,
            0.19816175530852181,
            -0.03447947470167515,
            -0.14925581404684263,
            -0.20647170973254758,
            0.007258284378710051,
            0.12199800245837916,
            0.0069642950037078055
        ],
        [
            0.00020377519888707544,
            0.0007933112335341721,
            1.4583466156167797,
            0.00033995501414991536,
            -0.00022486345982813787,
            0.0027699499445237603,
            0.001448712774742047,
            0.531419019838727,
            -0.002414140379913537,
            -0.0014664515810632228,
            0.004497017739803294,
            0.0011150393873684654,
            -0.04566221287773717,
            0.0018456669551219843,
            0.0004395219928353713,
            0.0009109461316948167,
            0.0012110331794268606,
            -0.006170648465362127,
            -0.00023293916237953076,
            -4.064129088630477e-05
        ],
        [
            -0.33917797269754285,
            -0.2697061510189556,
            0.00033995501414991536,
            1.1347210622868578,
            -0.06936201937281974,
            -0.0792375729237671,
            -0.2653395590650184,
            0.002564597169746278,
            -0.43527442571983266,
            -0.19650931290041118,
            -0.2727523985646163,
            -0.21591488978759266,
            -0.013521015644743815,
            0.12089692133251884,
            -0.036379087717948226,
            -0.08005980947571367,
            -0.13457629908648566,
            0.002931945438960506,
            0.1055504630913506,
            0.004646990274421394
        ],
        [
            -0.07555430090288501,
            -0.056414954135348014,
            -0.00022486345982813787,
            -0.06936201937281974,
            1.441967915470148,
            -0.004155286824762183,
            -0.05113820158212566,
            -0.0003586759082063564,
            -0.22030094869658295,
            0.4811632403723599,
            -0.0323905744366936,
            -0.04073389315896177,
            -0.0026950442215946425,
            0.04894823115849578,
            -0.05108097216331847,
            -0.002995525050464223,
            -0.017832912236584154,
            0.00012353721853464503,
            0.007278835124338351,
            -0.0060078696241349285
        ],
        [
            -0.647345667804534,
            -0.5762238698515991,
            0.0027699499445237603,
            -0.0792375729237671,
            -0.004155286824762183,
            -0.5145054956485224,
            -0.6244858830304933,
            0.017097014232247965,
            0.09514239380027154,
            0.11441363366574979,
            -0.5339120641730084,
            -0.5286718289489145,
            -0.008850334052919961,
            0.08891291816927915,
            -0.008251910011868813,
            -0.23076409779490248,
            -0.3295896598787973,
            0.011092174369450057,
            0.2343534028012612,
            0.006307613759347808
        ],
        [
            -0.498186600006136,
            -0.3736055242897576,
            0.001448712774742047,
            -0.2653395590650184,
            -0.05113820158212566,
            -0.6244858830304933,
            -0.4332058651427444,
            0.01411077733909234,
            0.0230177258485144,
            0.087916773839042,
            -0.5126875989746986,
            -0.4120835661281854,
            -0.02493282622264413,
            0.13952133584000137,
            -0.043474138586986344,
            -0.3025549996151301,
            -0.3055285361440536,
            0.014191639398681864,
            0.18031048121897475,
            0.0141395210269013
        ],
        [
            0.004544010972016818,
            0.009325322174468843,
            0.531419019838727,
            0.002564597169746278,
            -0.0003586759082063564,
            0.017097014232247965,
            0.01411077733909234,
            1.3845558558297244,
            0.01565953600835782,
            -0.0033025017052967015,
            0.0017912519767721569,
            0.013652911738090849,
            0.3676219889520522,
            0.06672788332737563,
            -0.011765827181276372,
            0.00818933915680714,
            0.011477953948145159,
            -0.04542582605662519,
            -0.009988250156857852,
            -0.0005455038315458376
        ],
        [
            -0.011199234466377828,
            0.11024671628058172,
            -0.002414140379913537,
            -0.43527442571983266,
            -0.22030094869658295,
            0.09514239380027154,
            0.0230177258485144,
            0.01565953600835782,
            0.7962283516932,
            -0.027396972267233703,
            -0.036264641358787486,
            -0.10660412521556517,
            0.06287522229208746,
            -0.7586761379993214,
            0.16534774310463712,
            -0.3049860560567061,
            -0.18141406050697428,
            0.016428610168930064,
            0.1933442052121107,
            0.014137826278497597
        ],
        [
            0.01512634578637606,
            0.07398326969774593,
            -0.0014664515810632228,
            -0.19650931290041118,
            0.4811632403723599,
            0.11441363366574979,
            0.087916773839042,
            -0.0033025017052967015,
            -0.027396972267233703,
            1.361402190807358,
            0.02109426161680028,
            0.06595740313491381,
            -0.010363636176763575,
            0.14668194422835892,
            0.343481661049974,
            0.025572348945762595,
            0.03967452375527957,
            -0.0019326679309113314,
            -0.03176866483371934,
            -0.0463398502624566
        ],
        [
            -0.29891553849012076,
            -0.3618936637940495,
            0.004497017739803294,
            -0.2727523985646163,
            -0.0323905744366936,
            -0.5339120641730084,
            -0.5126875989746986,
            0.0017912519767721569,
            -0.036264641358787486,
            0.02109426161680028,
            -0.4305299625754182,
            -0.5966110210951332,
            -0.03873294503337568,
            -0.025697953201984147,
            -0.06465910379980078,
            -0.5600899270075166,
            -0.5303086494864624,
            0.0033780214539424203,
            0.07397214721414325,
            0.0008893102564531269
        ],
        [
            -0.3518909869761535,
            -0.3255353505529177,
            0.0011150393873684654,
            -0.21591488978759266,
            -0.04073389315896177,
            -0.5286718289489145,
            -0.4120835661281854,
            0.013652911738090849,
            -0.10660412521556517,
            0.06595740313491381,
            -0.5966110210951332,
            -0.43586606578904163,
            -0.03240534386536409,
            0.00892438115736259,
            -0.053233149366005206,
            -0.4505741274222803,
            -0.3635795052330608,
            0.01767523758423806,
            0.22417890797160078,
            0.01718935383951671
        ],
        [
            -0.016043087808416893,
            -0.01758383235398115,
            -0.04566221287773717,
            -0.013521015644743815,
            -0.0026950442215946425,
            -0.008850334052919961,
            -0.02493282622264413,
            0.3676219889520522,
            0.06287522229208746,
            -0.010363636176763575,
            -0.03873294503337568,
            -0.03240534386536409,
            1.4074082727037596,
            -0.004682892046650655,
            -0.005251664255830363,
            -0.005624192133244221,
            -0.025325662151122343,
            0.35794737179512837,
            -0.08316958631831423,
            -0.00898216390496571
        ],
        [
            0.35233042717295554,
            0.19816175530852181,
            0.0018456669551219843,
            0.12089692133251884,
            0.04894823115849578,
            0.08891291816927915,
            0.13952133584000137,
            0.06672788332737563,
            -0.7586761379993214,
            0.14668194422835892,
            -0.025697953201984147,
            0.00892438115736259,
            -0.004682892046650655,
            0.8400862627601331,
            0.016946774413252038,
            -0.030880300057782195,
            -0.10625567858390816,
            -0.08961736940745074,
            -0.6442738093674044,
            -0.09827631539104575
        ],
        [
            -0.026736940754062948,
            -0.03447947470167515,
            0.0004395219928353713,
            -0.036379087717948226,
            -0.05108097216331847,
            -0.008251910011868813,
            -0.043474138586986344,
            -0.011765827181276372,
            0.16534774310463712,
            0.343481661049974,
            -0.06465910379980078,
            -0.053233149366005206,
            -0.005251664255830363,
            0.016946774413252038,
            1.4006002240860433,
            -0.011339832138038575,
            -0.03837313171783667,
            -0.008474867937246847,
            -0.0857017412970554,
            0.3560419014999574
        ],
        [
            -0.02089203606491845,
            -0.14925581404684263,
            0.0009109461316948167,
            -0.08005980947571367,
            -0.002995525050464223,
            -0.23076409779490248,
            -0.3025549996151301,
            0.00818933915680714,
            -0.3049860560567061,
            0.025572348945762595,
            -0.5600899270075166,
            -0.4505741274222803,
            -0.005624192133244221,
            -0.030880300057782195,
            -0.011339832138038575,
            -0.24880041410636355,
            -0.45979481940910283,
            0.024070896796255615,
            0.2748243007216517,
            0.025024230375585273
        ],
        [
            -0.15385216279593597,
            -0.20647170973254758,
            0.0012110331794268606,
            -0.13457629908648566,
            -0.017832912236584154,
            -0.3295896598787973,
            -0.3055285361440536,
            0.011477953948145159,
            -0.18141406050697428,
            0.03967452375527957,
            -0.5303086494864624,
            -0.3635795052330608,
            -0.025325662151122343,
            -0.10625567858390816,
            -0.03837313171783667,
            -0.45979481940910283,
            -0.308457209587528,
            0.02004211716824151,
            0.23723997453951867,
            0.020335039311427022
        ],
        [
            0.0014714085285447013,
            0.007258284378710051,
            -0.006170648465362127,
            0.002931945438960506,
            0.00012353721853464503,
            0.011092174369450057,
            0.014191639398681864,
            -0.04542582605662519,
            0.016428610168930064,
            -0.0019326679309113314,
            0.0033780214539424203,
            0.01767523758423806,
            0.35794737179512837,
            -0.08961736940745074,
            -0.008474867937246847,
            0.024070896796255615,
            0.02004211716824151,
            1.4948066514007359,
            -0.022635567782421116,
            -0.002240038424410399
        ],
        [
            0.07573028627022685,
            0.12199800245837916,
            -0.00023293916237953076,
            0.1055504630913506,
            0.007278835124338351,
            0.2343534028012612,
            0.18031048121897475,
            -0.009988250156857852,
            0.1933442052121107,
            -0.03176866483371934,
            0.07397214721414325,
            0.22417890797160078,
            -0.08316958631831423,
            -0.6442738093674044,
            -0.0857017412970554,
            0.2748243007216517,
            0.23723997453951867,
            -0.022635567782421116,
            1.2319541559567755,
            -0.02365384016335704
        ],
        [
            0.00159336984263285,
            0.0069642950037078055,
            -4.064129088630477e-05,
            0.004646990274421394,
            -0.0060078696241349285,
            0.006307613759347808,
            0.0141395210269013,
            -0.0005455038315458376,
            0.014137826278497597,
            -0.0463398502624566,
            0.0008893102564531269,
            0.01718935383951671,
            -0.00898216390496571,
            -0.09827631539104575,
            0.3560419014999574,
            0.025024230375585273,
            0.020335039311427022,
            -0.002240038424410399,
            -0.02365384016335704,
            1.4943300699686306
        ]
    ]
}