{
    "HF": -2.1411043097333633,
    "coordinates": [
        [
            0.780236,
            -0.090038,
            0.124257
        ],
        [
            1.509825,
            0.085201,
            0.080642
        ],
        [
            2.260115,
            0.075438,
            0.163023
        ],
        [
            2.931479,
            -0.079507,
            0.193662
        ]
    ],
    "elements": [
        "H",
        "H",
        "H",
        "H"
    ],
    "Enn": 3.1420598930049013,
    "S": [
        [
            0.9999999999999999,
            0.6848602514927513,
            0.0,
            0.0,
            0.0,
            0.5613754209151787,
            0.5621144152609697,
            0.031030751470862213,
            -0.5190804754069676,
            -0.12467724078877507,
            0.12893072148257645,
            0.31553203069689095,
            -0.004416664029863259,
            -0.16860466253546957,
            -0.018852909689048472,
            0.01739718800373975,
            0.13613218479268918,
            -0.0006928936835068902,
            -0.021476589386764812,
            -0.00010513454911045386
        ],
        [
            0.6848602514927513,
            1.0000000000000002,
            0.0,
            0.0,
            0.0,
            0.5621144152609697,
            0.884212924729906,
            0.009613053013567588,
            -0.16080655130381236,
            -0.03862390913778685,
            0.31553203069689095,
            0.6167078586706392,
            -0.004609913945501784,
            -0.17598191301024663,
            -0.01967781354913717,
            0.1361321847926892,
            0.36451768860884354,
            -0.0033538300515282165,
            -0.10395365494618126,
            -0.0005088853003766818
        ],
        [
            0.0,
            0.0,
            1.0000000000000004,
            0.0,
            0.0,
            -0.031030751470862202,
            -0.009613053013567609,
            0.47794874414074934,
            0.03968055562078984,
            0.00953081925088179,
            0.0044166640298632645,
            0.00460991394550177,
            0.05589622417833694,
            -0.008357753143163378,
            -0.0009345409720106192,
            0.0006928936835068897,
            0.003353830051528211,
            0.0024143961204807223,
            -0.0009477338060980216,
            -4.63945017462847e-06
        ],
        [
            0.0,
            0.0,
            0.0,
            1.0000000000000004,
            0.0,
            0.5190804754069672,
            0.16080655130381213,
            0.03968055562078983,
            -0.18345300281293261,
            -0.15943095005001928,
            0.16860466253546955,
            0.17598191301024654,
            -0.008357753143163373,
            -0.2629392539876337,
            -0.03567578700712228,
            0.02147658938676481,
            0.1039536549461812,
            -0.0009477338060980221,
            -0.02693051497800653,
            -0.00014380209944554823
        ],
        [
            0.0,
            0.0,
            0.0,
            0.0,
            1.0000000000000004,
            0.12467724078877501,
            0.03862390913778682,
            0.009530819250881783,
            -0.15943095005001923,
            0.4420273516548228,
            0.018852909689048472,
            0.019677813549137176,
            -0.000934540972010619,
            -0.035675787007122296,
            0.05212599034675834,
            0.00010513454911045386,
            0.0005088853003766816,
            -4.639450174628472e-06,
            -0.00014380209944554823,
            0.0024442686569180155
        ],
        [
            0.5613754209151787,
            0.5621144152609697,
            -0.031030751470862213,
            0.5190804754069674,
            0.12467724078877507,
            0.9999999999999999,
            0.6848602514927513,
            0.0,
            0.0,
            0.0,
            0.5587610326101521,
            0.5611514414059163,
            -0.05826663752988815,
            -0.530666967775334,
            0.006905198798318763,
            0.1475983087762095,
            0.3333996385062249,
            -0.015189562618102597,
            -0.19106620469187788,
            0.022136281009577447
        ],
        [
            0.5621144152609697,
            0.884212924729906,
            -0.00961305301356761,
            0.16080655130381236,
            0.03862390913778685,
            0.6848602514927513,
            1.0000000000000002,
            0.0,
            0.0,
            0.0,
            0.5611514414059163,
            0.88326848320069,
            -0.01812415045628645,
            -0.16506680965085616,
            0.002147899162485583,
            0.33339963850622484,
            0.6382926823877523,
            -0.014255553208301162,
            -0.17931750345774383,
            0.020775116420393445
        ],
        [
            0.031030751470862202,
            0.009613053013567609,
            0.47794874414074934,
            0.039680555620789836,
            0.009530819250881783,
            0.0,
            0.0,
            1.0000000000000004,
            0.0,
            0.0,
            0.05826663752988814,
            0.018124150456286448,
            0.4688625917664738,
            -0.0765868278610372,
            0.000996570926451515,
            0.0151895626181026,
            0.01425555320830116,
            0.06659840435127933,
            -0.028733699240360535,
            0.0033289887233330356
        ],
        [
            -0.5190804754069674,
            -0.16080655130381233,
            0.03968055562078984,
            -0.18345300281293261,
            -0.15943095005001923,
            0.0,
            0.0,
            0.0,
            1.0000000000000004,
            0.0,
            0.530666967775334,
            0.16506680965085574,
            -0.07658682786103724,
            -0.22024748306863365,
            0.00907633071226748,
            0.19106620469187785,
            0.1793175034577436,
            -0.028733699240360545,
            -0.2925522503700642,
            0.04187462515025044
        ],
        [
            -0.12467724078877501,
            -0.03862390913778682,
            0.009530819250881789,
            -0.15943095005001928,
            0.4420273516548228,
            0.0,
            0.0,
            0.0,
            0.0,
            1.0000000000000004,
            -0.006905198798318763,
            -0.0021478991624855823,
            0.0009965709264515119,
            0.009076330712267447,
            0.477153635561908,
            -0.022136281009577444,
            -0.020775116420393442,
            0.0033289887233330356,
            0.04187462515025042,
            0.06403125153413682
        ],
        [
            0.12893072148257645,
            0.31553203069689095,
            0.004416664029863264,
            0.16860466253546955,
            0.018852909689048472,
            0.5587610326101521,
            0.5611514414059163,
            0.05826663752988814,
            0.530666967775334,
            -0.006905198798318763,
            0.9999999999999999,
            0.6848602514927513,
            0.0,
            0.0,
            0.0,
            0.6115291326793268,
            0.5799224468277131,
            -0.024285944719322716,
            -0.5321553898803286,
            0.1228168577478201
        ],
        [
            0.31553203069689095,
            0.6167078586706392,
            0.004609913945501772,
            0.17598191301024652,
            0.01967781354913717,
            0.5611514414059163,
            0.88326848320069,
            0.01812415045628645,
            0.1650668096508558,
            -0.002147899162485583,
            0.6848602514927513,
            1.0000000000000002,
            0.0,
            0.0,
            0.0,
            0.5799224468277131,
            0.9015687929089377,
            -0.006981646609638054,
            -0.15298234911168934,
            0.03530700198865392
        ],
        [
            -0.004416664029863259,
            -0.004609913945501782,
            0.05589622417833694,
            -0.00835775314316337,
            -0.0009345409720106186,
            -0.05826663752988814,
            -0.018124150456286448,
            0.4688625917664738,
            -0.07658682786103724,
            0.0009965709264515119,
            0.0,
            0.0,
            1.0000000000000004,
            0.0,
            0.0,
            0.024285944719322723,
            0.006981646609638054,
            0.5379944573825715,
            -0.02880065156751703,
            0.006646941088781829
        ],
        [
            -0.16860466253546957,
            -0.17598191301024654,
            -0.00835775314316338,
            -0.2629392539876337,
            -0.03567578700712229,
            -0.530666967775334,
            -0.1650668096508561,
            -0.0765868278610372,
            -0.22024748306863381,
            0.009076330712267447,
            0.0,
            0.0,
            0.0,
            1.0000000000000004,
            0.0,
            0.5321553898803286,
            0.15298234911168934,
            -0.028800651567516978,
            -0.09177314417604751,
            0.145648257355949
        ],
        [
            -0.018852909689048472,
            -0.01967781354913717,
            -0.0009345409720106197,
            -0.03567578700712229,
            0.05212599034675834,
            0.006905198798318763,
            0.0021478991624855823,
            0.000996570926451515,
            0.00907633071226748,
            0.477153635561908,
            0.0,
            0.0,
            0.0,
            0.0,
            1.0000000000000004,
            -0.12281685774782011,
            -0.03530700198865394,
            0.0066469410887818195,
            0.14564825735594905,
            0.5056944739568288
        ],
        [
            0.01739718800373975,
            0.13613218479268918,
            0.0006928936835068897,
            0.02147658938676481,
            0.00010513454911045386,
            0.1475983087762095,
            0.3333996385062249,
            0.015189562618102602,
            0.19106620469187796,
            -0.022136281009577447,
            0.6115291326793268,
            0.5799224468277131,
            0.024285944719322716,
            0.5321553898803286,
            -0.1228168577478201,
            0.9999999999999999,
            0.6848602514927513,
            0.0,
            0.0,
            0.0
        ],
        [
            0.1361321847926892,
            0.36451768860884354,
            0.0033538300515282117,
            0.10395365494618122,
            0.0005088853003766818,
            0.33339963850622484,
            0.6382926823877523,
            0.014255553208301162,
            0.1793175034577436,
            -0.020775116420393445,
            0.5799224468277131,
            0.9015687929089377,
            0.006981646609638054,
            0.15298234911168934,
            -0.03530700198865392,
            0.6848602514927513,
            1.0000000000000002,
            0.0,
            0.0,
            0.0
        ],
        [
            -0.0006928936835068902,
            -0.0033538300515282156,
            0.0024143961204807223,
            -0.0009477338060980221,
            -4.639450174628472e-06,
            -0.015189562618102595,
            -0.01425555320830116,
            0.06659840435127933,
            -0.028733699240360545,
            0.0033289887233330356,
            -0.024285944719322723,
            -0.006981646609638054,
            0.5379944573825715,
            -0.028800651567516978,
            0.006646941088781817,
            0.0,
            0.0,
            1.0000000000000004,
            0.0,
            0.0
        ],
        [
            -0.021476589386764812,
            -0.10395365494618124,
            -0.0009477338060980216,
            -0.02693051497800653,
            -0.00014380209944554823,
            -0.19106620469187785,
            -0.1793175034577434,
            -0.028733699240360535,
            -0.2925522503700641,
            0.04187462515025042,
            -0.5321553898803286,
            -0.15298234911168934,
            -0.02880065156751703,
            -0.09177314417604751,
            0.145648257355949,
            0.0,
            0.0,
            0.0,
            1.0000000000000004,
            0.0
        ],
        [
            -0.00010513454911045386,
            -0.0005088853003766816,
            -4.63945017462847e-06,
            -0.00014380209944554823,
            0.0024442686569180155,
            0.022136281009577444,
            0.020775116420393442,
            0.0033289887233330356,
            0.04187462515025044,
            0.06403125153413682,
            0.12281685774782011,
            0.03530700198865394,
            0.006646941088781832,
            0.14564825735594905,
            0.5056944739568288,
            0.0,
            0.0,
            0.0,
            0.0,
            1.0000000000000004
        ]
    ],
    "h": [
        [
            -0.2751633112813523,
            -0.4705957205810465,
            0.0163071807330426,
            -0.29045547039877007,
            -0.06935684522832639,
            -0.5873553343057732,
            -0.46462729026546756,
            -0.004961711658240289,
            0.015775396327875724,
            0.00614685693256542,
            -0.2580807311655775,
            -0.3201607081717941,
            0.022133545162167097,
            0.32696824062574903,
            0.009996745471341335,
            -0.025450839804675086,
            -0.156859910347092,
            0.00457304427406613,
            0.08603596627888255,
            -0.005051803552413213
        ],
        [
            -0.4705957205810465,
            -0.3124625898161424,
            0.012746951892244288,
            -0.24492299952013002,
            -0.05692074247740421,
            -0.547316367495758,
            -0.36741994812861223,
            -0.024059380825742674,
            0.10114576304551356,
            0.05061170329084909,
            -0.3484278470655292,
            -0.3147823729436686,
            0.01922425999687214,
            0.19102149432563834,
            0.011547365236213886,
            -0.15960518494089676,
            -0.21109760943657996,
            0.007411933267803274,
            0.13518221431315303,
            -0.021781962247815766
        ],
        [
            0.0163071807330426,
            0.012746951892244288,
            1.4854343327334207,
            0.014689397934290378,
            0.003638885925813985,
            0.00028784262859296583,
            0.01070214591535163,
            0.41303305874391893,
            0.05566426166163414,
            0.013668247828886305,
            0.003278121343391416,
            0.00856783329864998,
            -0.047238883871918436,
            -0.010769320794207123,
            -0.00025821748330934874,
            -0.0018486831732632905,
            0.0029328996580925276,
            -0.007363773705620097,
            0.0018063068606416102,
            -4.282699158109336e-05
        ],
        [
            -0.29045547039877007,
            -0.24492299952013002,
            0.014689397934290378,
            1.208866284759659,
            -0.06426399696074914,
            -0.07571306758376117,
            -0.23564764349180817,
            0.04789407857254535,
            -0.5659798435379939,
            -0.22031391142860224,
            -0.251595070729963,
            -0.19170414438835504,
            0.02024959571082066,
            0.17084218100734638,
            0.004126287148799618,
            -0.08411863551466192,
            -0.12822736978681432,
            0.00547944750010876,
            0.11616972719581378,
            -0.007073248156445109
        ],
        [
            -0.06935684522832639,
            -0.05692074247740421,
            0.003638885925813985,
            -0.06426399696074914,
            1.4711414220025423,
            -0.012711914283982356,
            -0.05218346005579807,
            0.01238558778552665,
            -0.23031270965146877,
            0.36293179669688147,
            -0.04220111860068877,
            -0.04176931393493388,
            0.004251901147108581,
            0.04978795265329158,
            -0.04553204643661585,
            -0.005626254348742667,
            -0.022107267138485168,
            0.00048146751024869634,
            0.008309645686160279,
            -0.008215922389540034
        ],
        [
            -0.5873553343057732,
            -0.547316367495758,
            0.00028784262859296583,
            -0.07571306758376117,
            -0.012711914283982356,
            -0.46446505966043494,
            -0.6095071134499899,
            -0.041901428088210325,
            0.03181151075361206,
            0.06791737019733118,
            -0.5462284635891406,
            -0.524609378284127,
            0.002700704358236619,
            0.04769023832628716,
            0.01944503876671798,
            -0.2888011474180757,
            -0.36167957967391473,
            0.016897612691909116,
            0.2702695234479995,
            -0.04491784510858745
        ],
        [
            -0.46462729026546756,
            -0.36741994812861223,
            0.01070214591535163,
            -0.23564764349180817,
            -0.05218346005579807,
            -0.6095071134499899,
            -0.4358082555977687,
            -0.03539744266790489,
            -0.008272069051699651,
            0.05490500398247295,
            -0.5326183919381711,
            -0.4135400614039879,
            0.017507132665546567,
            0.12238034813012089,
            0.030783353397390047,
            -0.34245575049111504,
            -0.32291944846003995,
            0.01104393238709133,
            0.20980702349737246,
            -0.04350922163555601
        ],
        [
            -0.004961711658240289,
            -0.024059380825742674,
            0.41303305874391893,
            0.04789407857254535,
            0.01238558778552665,
            -0.041901428088210325,
            -0.03539744266790489,
            1.3968119060891058,
            -0.016812359178711517,
            0.004177978133307529,
            -0.012497453266059486,
            -0.032516176639273864,
            0.38653617995036105,
            -0.10895962746708873,
            0.0035432314503787755,
            -0.0302021682836238,
            -0.02635449394568078,
            -0.0457530097749598,
            0.02204039415952922,
            -0.004850704070292071
        ],
        [
            0.015775396327875724,
            0.10114576304551356,
            0.05566426166163414,
            -0.5659798435379939,
            -0.23031270965146877,
            0.03181151075361206,
            -0.008272069051699651,
            -0.016812359178711517,
            0.8115819090458349,
            -0.0561760751182453,
            -0.0713547169216373,
            -0.13710265236053187,
            -0.1159650451909065,
            -0.7639587715915921,
            0.0324822317008734,
            -0.3490364037469899,
            -0.19855760541416023,
            0.00863907520926313,
            0.14505973574740194,
            -0.04765141078952839
        ],
        [
            0.00614685693256542,
            0.05061170329084909,
            0.013668247828886305,
            -0.22031391142860224,
            0.36293179669688147,
            0.06791737019733118,
            0.05490500398247295,
            0.004177978133307529,
            -0.0561760751182453,
            1.3861587688820851,
            0.020370437728257498,
            0.03571258482439778,
            0.0002860051385515515,
            -0.004159031940443054,
            0.39591834960309313,
            0.015495987645502494,
            0.017161488304084357,
            -9.744545609266866e-06,
            -0.0040684366687905316,
            -0.04551570777932208
        ],
        [
            -0.2580807311655775,
            -0.3484278470655292,
            0.003278121343391416,
            -0.251595070729963,
            -0.04220111860068877,
            -0.5462284635891406,
            -0.5326183919381711,
            -0.012497453266059486,
            -0.0713547169216373,
            0.020370437728257498,
            -0.5081354777909763,
            -0.6245756792081989,
            0.01196258294773339,
            -0.06908511859905311,
            0.06645664442343463,
            -0.6305867841838263,
            -0.5700027416873805,
            0.005981591904878139,
            0.07637445465934678,
            -0.011946596642974289
        ],
        [
            -0.3201607081717941,
            -0.3147823729436686,
            0.00856783329864998,
            -0.19170414438835504,
            -0.04176931393493388,
            -0.524609378284127,
            -0.4135400614039879,
            -0.032516176639273864,
            -0.13710265236053187,
            0.03571258482439778,
            -0.6245756792081989,
            -0.43556278143647,
            0.011847184100231858,
            -0.008394670988202346,
            0.05031735426330786,
            -0.4876369144142275,
            -0.3713837117080936,
            0.013689292933172788,
            0.25712363447689146,
            -0.05465335937004938
        ],
        [
            0.022133545162167097,
            0.01922425999687214,
            -0.047238883871918436,
            0.02024959571082066,
            0.004251901147108581,
            0.002700704358236619,
            0.017507132665546567,
            0.38653617995036105,
            -0.1159650451909065,
            0.0002860051385515515,
            0.01196258294773339,
            0.011847184100231858,
            1.3849162940364799,
            -0.04377900229870562,
            0.0032472322790900693,
            0.004163639394462078,
            0.0028292416023289494,
            0.5013035449252855,
            -0.04984013503797733,
            0.010796784959853043
        ],
        [
            0.32696824062574903,
            0.19102149432563834,
            -0.010769320794207123,
            0.17084218100734638,
            0.04978795265329158,
            0.04769023832628716,
            0.12238034813012089,
            -0.10895962746708873,
            -0.7639587715915921,
            -0.004159031940443054,
            -0.06908511859905311,
            -0.008394670988202346,
            -0.04377900229870562,
            0.7806038952160748,
            0.06756500713774018,
            0.004774471118389134,
            -0.10599904524820405,
            -0.04563320227765923,
            -0.47567210044497815,
            0.21959420358040743
        ],
        [
            0.009996745471341335,
            0.011547365236213886,
            -0.00025821748330934874,
            0.004126287148799618,
            -0.04553204643661585,
            0.01944503876671798,
            0.030783353397390047,
            0.0035432314503787755,
            0.0324822317008734,
            0.39591834960309313,
            0.06645664442343463,
            0.05031735426330786,
            0.0032472322790900693,
            0.06756500713774018,
            1.3735565181871539,
            0.0021900775324434907,
            0.048472049699732025,
            0.00937706478039442,
            0.21012122132682753,
            0.45486895793854276
        ],
        [
            -0.025450839804675086,
            -0.15960518494089676,
            -0.0018486831732632905,
            -0.08411863551466192,
            -0.005626254348742667,
            -0.2888011474180757,
            -0.34245575049111504,
            -0.0302021682836238,
            -0.3490364037469899,
            0.015495987645502494,
            -0.6305867841838263,
            -0.4876369144142275,
            0.004163639394462078,
            0.004774471118389134,
            0.0021900775324434907,
            -0.3224826714683038,
            -0.4897650014493178,
            0.016064834690268395,
            0.32583929991173644,
            -0.07488221814363819
        ],
        [
            -0.156859910347092,
            -0.21109760943657996,
            0.0029328996580925276,
            -0.12822736978681432,
            -0.022107267138485168,
            -0.36167957967391473,
            -0.32291944846003995,
            -0.02635449394568078,
            -0.19855760541416023,
            0.017161488304084357,
            -0.5700027416873805,
            -0.3713837117080936,
            0.0028292416023289494,
            -0.10599904524820405,
            0.048472049699732025,
            -0.4897650014493178,
            -0.3183662897280666,
            0.0134341918868759,
            0.2627953756513579,
            -0.058559992052103
        ],
        [
            0.00457304427406613,
            0.007411933267803274,
            -0.007363773705620097,
            0.00547944750010876,
            0.00048146751024869634,
            0.016897612691909116,
            0.01104393238709133,
            -0.0457530097749598,
            0.00863907520926313,
            -9.744545609266866e-06,
            0.005981591904878139,
            0.013689292933172788,
            0.5013035449252855,
            -0.04563320227765923,
            0.00937706478039442,
            0.016064834690268395,
            0.0134341918868759,
            1.467471304938923,
            -0.015449503829626676,
            0.0033287583993745276
        ],
        [
            0.08603596627888255,
            0.13518221431315303,
            0.0018063068606416102,
            0.11616972719581378,
            0.008309645686160279,
            0.2702695234479995,
            0.20980702349737246,
            0.02204039415952922,
            0.14505973574740194,
            -0.0040684366687905316,
            0.07637445465934678,
            0.25712363447689146,
            -0.04984013503797733,
            -0.47567210044497815,
            0.21012122132682753,
            0.32583929991173644,
            0.2627953756513579,
            -0.015449503829626676,
            1.1562470607371922,
            0.06925614776325556
        ],
        [
            -0.005051803552413213,
            -0.021781962247815766,
            -4.282699158109336e-05,
            -0.007073248156445109,
            -0.008215922389540034,
            -0.04491784510858745,
            -0.04350922163555601,
            -0.004850704070292071,
            -0.04765141078952839,
            -0.04551570777932208,
            -0.011946596642974289,
            -0.05465335937004938,
            0.010796784959853043,
            0.21959420358040743,
            0.45486895793854276,
            -0.07488221814363819,
            -0.058559992052103,
            0.0033287583993745276,
            0.06925614776325556,
            1.4525479045927485
        ]
    ]
}