{
    "HF": -2.154638918434287,
    "coordinates": [
        [
            0.741096,
            -0.057143,
            -0.094915
        ],
        [
            1.535028,
            -0.163531,
            -0.124541
        ],
        [
            2.2974,
            -0.105857,
            -0.032654
        ],
        [
            3.015589,
            0.141327,
            -0.136276
        ]
    ],
    "elements": [
        "H",
        "H",
        "H",
        "H"
    ],
    "Enn": 2.959068070336998,
    "S": [
        [
            0.9999999999999999,
            0.6848602514927513,
            0.0,
            0.0,
            0.0,
            0.5216209734642704,
            0.5470725748653426,
            0.01920732511873539,
            -0.5147272681485122,
            0.06897417487112738,
            0.10788325321018234,
            0.2933127882896606,
            -0.005708731061857419,
            -0.14269801298554388,
            0.0044666022862999664,
            0.010857947042899772,
            0.11120817814493128,
            0.00023212162772457619,
            -0.01276465794850594,
            -0.001113831373866604
        ],
        [
            0.6848602514927513,
            1.0000000000000002,
            0.0,
            0.0,
            0.0,
            0.5470725748653426,
            0.869389346895194,
            0.006343422156017425,
            -0.16999412135189487,
            0.022779450358954345,
            0.29331278828966056,
            0.5892082991511006,
            -0.00684747062392364,
            -0.17116245999734742,
            0.005357570292379117,
            0.11120817814493128,
            0.3211384855939973,
            0.0016088042120548055,
            -0.08847015107683985,
            -0.007719817508438327
        ],
        [
            0.0,
            0.0,
            1.0000000000000004,
            0.0,
            0.0,
            -0.019207325118735387,
            -0.006343422156017424,
            0.4332976827568167,
            0.02651951469928602,
            -0.0035536521135659466,
            0.0057087310618574175,
            0.00684747062392364,
            0.04232875794726958,
            -0.010756500788665987,
            0.0003366901192948644,
            -0.00023212162772457619,
            -0.0016088042120548053,
            0.0011440328899227873,
            0.00028065929913630004,
            2.449005167287016e-05
        ],
        [
            0.0,
            0.0,
            0.0,
            1.0000000000000004,
            0.0,
            0.5147272681485122,
            0.16999412135189468,
            0.026519514699286012,
            -0.2763956187972683,
            0.09523250286328358,
            0.1426980129855439,
            0.1711624599973476,
            -0.010756500788665987,
            -0.22611525964867527,
            0.008416057876023108,
            0.012764657948505941,
            0.08847015107683986,
            0.00028065929913629977,
            -0.014284668466013766,
            -0.0013467385000261462
        ],
        [
            0.0,
            0.0,
            0.0,
            0.0,
            1.0000000000000004,
            -0.06897417487112736,
            -0.022779450358954373,
            -0.0035536521135659488,
            0.09523250286328365,
            0.4215259839562419,
            -0.004466602286299969,
            -0.005357570292379117,
            0.0003366901192948645,
            0.008416057876023111,
            0.04249564735462863,
            0.0011138313738666037,
            0.007719817508438321,
            2.449005167287013e-05,
            -0.0013467385000261458,
            0.0010316215345883841
        ],
        [
            0.5216209734642704,
            0.5470725748653426,
            -0.01920732511873539,
            0.5147272681485123,
            -0.06897417487112738,
            0.9999999999999999,
            0.6848602514927513,
            0.0,
            0.0,
            0.0,
            0.5466066404005805,
            0.5566270557995843,
            -0.06320707134719551,
            -0.5244191386932225,
            -0.03967269181579717,
            0.1218506523140648,
            0.3083299125751027,
            0.0012479866039336541,
            -0.1574537958505849,
            -0.03242085216037543
        ],
        [
            0.5470725748653426,
            0.869389346895194,
            -0.006343422156017425,
            0.1699941213518947,
            -0.022779450358954356,
            0.6848602514927513,
            1.0000000000000002,
            0.0,
            0.0,
            0.0,
            0.5566270557995843,
            0.8788228855159684,
            -0.02004156880987212,
            -0.16628174711025334,
            -0.012579335918471211,
            0.3083299125751027,
            0.6078770056017625,
            0.0013614370774558886,
            -0.1717674171994177,
            -0.03536812821125245
        ],
        [
            0.019207325118735387,
            0.006343422156017424,
            0.4332976827568167,
            0.026519514699286012,
            -0.003553652113565947,
            0.0,
            0.0,
            1.0000000000000004,
            0.0,
            0.0,
            0.06320707134719551,
            0.020041568809872113,
            0.4529827420353831,
            -0.0842287638424962,
            -0.006371967656015864,
            -0.0012479866039336546,
            -0.0013614370774558881,
            0.05147531447112655,
            0.002322714593605459,
            0.00047826339176661615
        ],
        [
            -0.514727268148512,
            -0.1699941213518945,
            0.02651951469928602,
            -0.2763956187972682,
            0.09523250286328361,
            0.0,
            0.0,
            0.0,
            1.0000000000000004,
            0.0,
            0.5244191386932224,
            0.16628174711025293,
            -0.0842287638424962,
            -0.23569817057131362,
            -0.05286721435950817,
            0.15745379585058492,
            0.17176741719941788,
            0.002322714593605464,
            -0.24155447680674158,
            -0.06034070094396022
        ],
        [
            0.06897417487112736,
            0.022779450358954383,
            -0.003553652113565948,
            0.09523250286328361,
            0.4215259839562419,
            0.0,
            0.0,
            0.0,
            0.0,
            1.0000000000000004,
            0.03967269181579716,
            0.012579335918471228,
            -0.006371967656015861,
            -0.05286721435950814,
            0.45913520395977847,
            0.03242085216037544,
            0.035368128211252445,
            0.0004782633917666174,
            -0.06034070094396026,
            0.039069146570838834
        ],
        [
            0.10788325321018234,
            0.2933127882896606,
            0.0057087310618574175,
            0.1426980129855439,
            -0.004466602286299969,
            0.5466066404005805,
            0.5566270557995843,
            0.06320707134719551,
            0.5244191386932225,
            0.03967269181579716,
            0.9999999999999999,
            0.6848602514927513,
            0.0,
            0.0,
            0.0,
            0.5493852258332246,
            0.5576683232421662,
            0.07173803269122178,
            -0.49720586323826854,
            -0.17112672861696326
        ],
        [
            0.29331278828966056,
            0.5892082991511006,
            0.00684747062392364,
            0.17116245999734753,
            -0.005357570292379117,
            0.5566270557995843,
            0.8788228855159684,
            0.02004156880987212,
            0.16628174711025334,
            0.012579335918471234,
            0.6848602514927513,
            1.0000000000000002,
            0.0,
            0.0,
            0.0,
            0.5576683232421662,
            0.8798472347551362,
            0.02264623681045728,
            -0.15695777121330917,
            -0.05402122522008912
        ],
        [
            -0.0057087310618574175,
            -0.00684747062392364,
            0.04232875794726958,
            -0.010756500788665985,
            0.0003366901192948645,
            -0.06320707134719551,
            -0.020041568809872113,
            0.4529827420353831,
            -0.0842287638424962,
            -0.006371967656015861,
            0.0,
            0.0,
            1.0000000000000004,
            0.0,
            0.0,
            -0.07173803269122178,
            -0.022646236810457274,
            0.45336034995600516,
            0.09010417101267257,
            0.03101176627266146
        ],
        [
            -0.14269801298554388,
            -0.1711624599973476,
            -0.010756500788665989,
            -0.22611525964867527,
            0.008416057876023113,
            -0.5244191386932224,
            -0.1662817471102533,
            -0.0842287638424962,
            -0.23569817057131362,
            -0.05286721435950814,
            0.0,
            0.0,
            0.0,
            1.0000000000000004,
            0.0,
            0.4972058632382685,
            0.15695777121330912,
            0.09010417101267261,
            -0.1581381028720551,
            -0.2149380383277341
        ],
        [
            0.0044666022862999664,
            0.005357570292379117,
            0.0003366901192948644,
            0.008416057876023108,
            0.04249564735462863,
            -0.03967269181579717,
            -0.012579335918471206,
            -0.006371967656015864,
            -0.05286721435950817,
            0.45913520395977847,
            0.0,
            0.0,
            0.0,
            0.0,
            1.0000000000000004,
            0.17112672861696326,
            0.054021225220089106,
            0.03101176627266148,
            -0.21493803832773412,
            0.39238410323358597
        ],
        [
            0.010857947042899772,
            0.11120817814493128,
            -0.00023212162772457619,
            0.012764657948505941,
            0.001113831373866604,
            0.1218506523140648,
            0.3083299125751027,
            -0.001247986603933654,
            0.1574537958505849,
            0.03242085216037543,
            0.5493852258332246,
            0.5576683232421662,
            -0.07173803269122178,
            0.49720586323826854,
            0.17112672861696326,
            0.9999999999999999,
            0.6848602514927513,
            0.0,
            0.0,
            0.0
        ],
        [
            0.11120817814493128,
            0.3211384855939973,
            -0.0016088042120548096,
            0.08847015107683988,
            0.007719817508438329,
            0.3083299125751027,
            0.6078770056017625,
            -0.0013614370774558886,
            0.1717674171994179,
            0.03536812821125245,
            0.5576683232421662,
            0.8798472347551362,
            -0.02264623681045728,
            0.15695777121330917,
            0.05402122522008912,
            0.6848602514927513,
            1.0000000000000002,
            0.0,
            0.0,
            0.0
        ],
        [
            0.00023212162772457619,
            0.0016088042120548053,
            0.0011440328899227873,
            0.00028065929913629977,
            2.449005167287014e-05,
            0.0012479866039336548,
            0.0013614370774558881,
            0.05147531447112655,
            0.0023227145936054634,
            0.00047826339176661734,
            0.07173803269122178,
            0.022646236810457274,
            0.45336034995600516,
            0.09010417101267258,
            0.031011766272661466,
            0.0,
            0.0,
            1.0000000000000004,
            0.0,
            0.0
        ],
        [
            -0.01276465794850594,
            -0.08847015107683982,
            0.00028065929913630004,
            -0.014284668466013766,
            -0.0013467385000261462,
            -0.15745379585058497,
            -0.17176741719941768,
            0.0023227145936054595,
            -0.24155447680674164,
            -0.06034070094396026,
            -0.4972058632382685,
            -0.15695777121330912,
            0.09010417101267258,
            -0.1581381028720551,
            -0.2149380383277341,
            0.0,
            0.0,
            0.0,
            1.0000000000000004,
            0.0
        ],
        [
            -0.0011138313738666037,
            -0.007719817508438322,
            2.449005167287015e-05,
            -0.0013467385000261458,
            0.0010316215345883841,
            -0.03242085216037544,
            -0.035368128211252445,
            0.0004782633917666162,
            -0.06034070094396022,
            0.039069146570838834,
            -0.17112672861696326,
            -0.054021225220089106,
            0.031011766272661473,
            -0.21493803832773412,
            0.39238410323358597,
            0.0,
            0.0,
            0.0,
            0.0,
            1.0000000000000004
        ]
    ],
    "h": [
        [
            -0.24416803432709244,
            -0.4567157084967419,
            0.00857067102646555,
            -0.2672605535562474,
            0.035869238329512956,
            -0.5560879464927825,
            -0.4480363259092901,
            -0.0064958896678542905,
            0.031737224547765175,
            -0.004496615680481708,
            -0.230796930440507,
            -0.2998376101875836,
            0.01966755968849475,
            0.3024078787813892,
            0.013190418549045275,
            -0.007120477675202491,
            -0.1292140199621647,
            -0.0009873865397030585,
            0.06060208090112286,
            0.009042630980106544
        ],
        [
            -0.4567157084967419,
            -0.3081505029476883,
            0.006777660714294703,
            -0.23323323494918202,
            0.03036624532537635,
            -0.5281794991387406,
            -0.3634943656778167,
            -0.01990693260007191,
            0.10348940509267712,
            -0.03312563998286702,
            -0.32509320019927057,
            -0.30440955427973515,
            0.0260029624525646,
            0.18919522516469756,
            0.002698291380038218,
            -0.1301251593105203,
            -0.19026411354979278,
            -0.009127040441133532,
            0.11225280582165918,
            0.029133725205357404
        ],
        [
            0.00857067102646555,
            0.006777660714294703,
            1.4899799221448684,
            0.008041219203092745,
            -0.0011660103396710915,
            -0.000729981552268031,
            0.0052887659515561385,
            0.346721572730723,
            0.03581034762891418,
            -0.005105316916436453,
            -0.0009871487665883763,
            0.004354019646317876,
            -0.04489616071816578,
            -0.002855385503740652,
            -0.0002592873156933085,
            -0.00040052126109383485,
            0.0014240656018995978,
            -0.0038843595797257713,
            -0.0008536546657776038,
            -4.402882428722446e-05
        ],
        [
            -0.2672605535562474,
            -0.23323323494918202,
            0.008041219203092745,
            1.2316665984181026,
            0.033326214092940426,
            -0.07993799735301277,
            -0.2218800933089271,
            0.02850726082154917,
            -0.6527295586289509,
            0.12380315642151904,
            -0.23402133925103996,
            -0.17977676411864746,
            0.022715920614348108,
            0.20314265034366186,
            0.007938085185866011,
            -0.05995449568153631,
            -0.11223781926273382,
            -0.0030852491697386953,
            0.08063878927061424,
            0.013174475322826756
        ],
        [
            0.035869238329512956,
            0.03036624532537635,
            -0.0011660103396710915,
            0.033326214092940426,
            1.4858959456234826,
            0.007326550774928581,
            0.027053000591844515,
            -0.004350007877488973,
            0.13045048500180625,
            0.3310210209020231,
            0.017667442319155166,
            0.021314368107879005,
            -0.002161379894315285,
            -0.026072058354910325,
            -0.045902662522523244,
            -0.0013677709760378017,
            0.008045742187138369,
            -4.070334273814531e-05,
            0.0018001858421012942,
            -0.0038377261827862792
        ],
        [
            -0.5560879464927825,
            -0.5281794991387406,
            -0.000729981552268031,
            -0.07993799735301277,
            0.007326550774928581,
            -0.43227219843098785,
            -0.5962333787796374,
            -0.03676614926609971,
            0.02070679272692992,
            -0.050600383858858365,
            -0.527350969883835,
            -0.5112392164676987,
            0.012186512064316049,
            0.04802861780394774,
            -0.01385108987441986,
            -0.25246254956583614,
            -0.33651409996589265,
            -0.016572661748233523,
            0.23977536447077627,
            0.06371752994440438
        ],
        [
            -0.4480363259092901,
            -0.3634943656778167,
            0.0052887659515561385,
            -0.2218800933089271,
            0.027053000591844515,
            -0.5962333787796374,
            -0.4355048548959233,
            -0.030492575207201653,
            -0.00803052800699354,
            -0.044716793794557536,
            -0.5159661365642494,
            -0.4108725311492827,
            0.04055869068230156,
            0.1279929682575781,
            -0.023049930991733178,
            -0.3156338325095574,
            -0.31177248160464854,
            -0.021770033942302494,
            0.18315733918196003,
            0.05855060290600534
        ],
        [
            -0.0064958896678542905,
            -0.01990693260007191,
            0.346721572730723,
            0.02850726082154917,
            -0.004350007877488973,
            -0.03676614926609971,
            -0.030492575207201653,
            1.4040534303630918,
            -0.0207113612512815,
            -0.0035228623930483325,
            -0.0047346194297908095,
            -0.02703379383836653,
            0.36486301574566227,
            -0.11570435721834513,
            -0.009725574186906907,
            -0.01616885323705955,
            -0.02159365053030728,
            -0.04817695281930144,
            0.019067187882106207,
            0.0056429297467158225
        ],
        [
            0.031737224547765175,
            0.10348940509267712,
            0.03581034762891418,
            -0.6527295586289509,
            0.13045048500180625,
            0.02070679272692992,
            -0.00803052800699354,
            -0.0207113612512815,
            0.8557176288498431,
            0.006763075326457162,
            -0.060752496958617286,
            -0.1332549141020289,
            -0.10763381595700283,
            -0.7468228869975944,
            -0.10451238997597109,
            -0.3156940232410862,
            -0.19260460962083079,
            -0.025321286392672414,
            0.17313359181678506,
            0.07011247525415569
        ],
        [
            -0.004496615680481708,
            -0.03312563998286702,
            -0.005105316916436453,
            0.12380315642151904,
            0.3310210209020231,
            -0.050600383858858365,
            -0.044716793794557536,
            -0.0035228623930483325,
            0.006763075326457162,
            1.4014886604558847,
            -0.021114297410127575,
            -0.037746428919379016,
            -0.006454094496636821,
            -0.07267793247460622,
            0.3694588944867734,
            -0.038234928565985905,
            -0.026276018388905226,
            -0.0028563164655885168,
            0.025229327965307496,
            -0.03841096944190278
        ],
        [
            -0.230796930440507,
            -0.32509320019927057,
            -0.0009871487665883763,
            -0.23402133925103996,
            0.017667442319155166,
            -0.527350969883835,
            -0.5159661365642494,
            -0.0047346194297908095,
            -0.060752496958617286,
            -0.021114297410127575,
            -0.4548062145832925,
            -0.6040486707311212,
            0.06406164537667958,
            -0.02863749284764168,
            -0.06983122902247169,
            -0.5817160311624998,
            -0.5424416612814305,
            -0.004878309446304047,
            0.07928080848043273,
            0.02176759926520261
        ],
        [
            -0.2998376101875836,
            -0.30440955427973515,
            0.004354019646317876,
            -0.17977676411864746,
            0.021314368107879005,
            -0.5112392164676987,
            -0.4108725311492827,
            -0.02703379383836653,
            -0.1332549141020289,
            -0.037746428919379016,
            -0.6040486707311212,
            -0.4345960807630831,
            0.05233833630870133,
            0.007188072879281485,
            -0.05394246331673741,
            -0.46254688482396955,
            -0.367704485481851,
            -0.02719253995784181,
            0.22517575074043278,
            0.07304454007405461
        ],
        [
            0.01966755968849475,
            0.0260029624525646,
            -0.04489616071816578,
            0.022715920614348108,
            -0.002161379894315285,
            0.012186512064316049,
            0.04055869068230156,
            0.36486301574566227,
            -0.10763381595700283,
            -0.006454094496636821,
            0.06406164537667958,
            0.05233833630870133,
            1.3922454326638913,
            0.003443336713067605,
            0.009303747574546993,
            0.010137228271320131,
            0.041237892111141095,
            0.37455358660947213,
            0.11531536726525027,
            0.04071840587823706
        ],
        [
            0.3024078787813892,
            0.18919522516469756,
            -0.002855385503740652,
            0.20314265034366186,
            -0.026072058354910325,
            0.04802861780394774,
            0.1279929682575781,
            -0.11570435721834513,
            -0.7468228869975944,
            -0.07267793247460622,
            -0.02863749284764168,
            0.007188072879281485,
            0.003443336713067605,
            0.865571235638652,
            -0.10249221117049258,
            -0.017643589278123373,
            -0.09546555562343162,
            0.12700415120178202,
            -0.517245817295934,
            -0.30764102444565117
        ],
        [
            0.013190418549045275,
            0.002698291380038218,
            -0.0002592873156933085,
            0.007938085185866011,
            -0.045902662522523244,
            -0.01385108987441986,
            -0.023049930991733178,
            -0.009725574186906907,
            -0.10451238997597109,
            0.3694588944867734,
            -0.06983122902247169,
            -0.05394246331673741,
            0.009303747574546993,
            -0.10249221117049258,
            1.3715844590052635,
            -0.009439075964498778,
            -0.059236440619595945,
            0.04334900722951092,
            -0.29780039180758766,
            0.2896733344614418
        ],
        [
            -0.007120477675202491,
            -0.1301251593105203,
            -0.00040052126109383485,
            -0.05995449568153631,
            -0.0013677709760378017,
            -0.25246254956583614,
            -0.3156338325095574,
            -0.01616885323705955,
            -0.3156940232410862,
            -0.038234928565985905,
            -0.5817160311624998,
            -0.46254688482396955,
            0.010137228271320131,
            -0.017643589278123373,
            -0.009439075964498778,
            -0.2695921915530304,
            -0.4680850708379245,
            -0.03741946145218622,
            0.2722595862758884,
            0.09323443339415717
        ],
        [
            -0.1292140199621647,
            -0.19026411354979278,
            0.0014240656018995978,
            -0.11223781926273382,
            0.008045742187138369,
            -0.33651409996589265,
            -0.31177248160464854,
            -0.02159365053030728,
            -0.19260460962083079,
            -0.026276018388905226,
            -0.5424416612814305,
            -0.367704485481851,
            0.041237892111141095,
            -0.09546555562343162,
            -0.059236440619595945,
            -0.4680850708379245,
            -0.31332961386818114,
            -0.030482113513121543,
            0.2325880472570132,
            0.07812114905941572
        ],
        [
            -0.0009873865397030585,
            -0.009127040441133532,
            -0.0038843595797257713,
            -0.0030852491697386953,
            -4.070334273814531e-05,
            -0.016572661748233523,
            -0.021770033942302494,
            -0.04817695281930144,
            -0.025321286392672414,
            -0.0028563164655885168,
            -0.004878309446304047,
            -0.02719253995784181,
            0.37455358660947213,
            0.12700415120178202,
            0.04334900722951092,
            -0.03741946145218622,
            -0.030482113513121543,
            1.4737978272026206,
            0.03349678316740356,
            0.0115733686731035
        ],
        [
            0.06060208090112286,
            0.11225280582165918,
            -0.0008536546657776038,
            0.08063878927061424,
            0.0018001858421012942,
            0.23977536447077627,
            0.18315733918196003,
            0.019067187882106207,
            0.17313359181678506,
            0.025229327965307496,
            0.07928080848043273,
            0.22517575074043278,
            0.11531536726525027,
            -0.517245817295934,
            -0.29780039180758766,
            0.2722595862758884,
            0.2325880472570132,
            0.03349678316740356,
            1.2261788074927193,
            -0.08446704647109529
        ],
        [
            0.009042630980106544,
            0.029133725205357404,
            -4.402882428722446e-05,
            0.013174475322826756,
            -0.0038377261827862792,
            0.06371752994440438,
            0.05855060290600534,
            0.0056429297467158225,
            0.07011247525415569,
            -0.03841096944190278,
            0.02176759926520261,
            0.07304454007405461,
            0.04071840587823706,
            -0.30764102444565117,
            0.2896733344614418,
            0.09323443339415717,
            0.07812114905941572,
            0.0115733686731035,
            -0.08446704647109529,
            1.4500165224231587
        ]
    ]
}