{
    "HF": -2.1208128259456376,
    "coordinates": [
        [
            0.664364,
            0.014629,
            0.125128
        ],
        [
            1.476822,
            0.180625,
            0.042608
        ],
        [
            2.145402,
            0.028837,
            0.141851
        ],
        [
            2.877381,
            0.041142,
            0.171996
        ]
    ],
    "elements": [
        "H",
        "H",
        "H",
        "H"
    ],
    "Enn": 3.0918321928337087,
    "S": [
        [
            0.9999999999999999,
            0.6848602514927513,
            0.0,
            0.0,
            0.0,
            0.49682595968904236,
            0.537234880721974,
            0.05030053420726016,
            -0.4952383836762263,
            -0.10118380363873439,
            0.13171081471958998,
            0.3182920296348536,
            -0.0019555326781229843,
            -0.17318771790599205,
            -0.001661436840923957,
            0.014000694008931627,
            0.12403752646805533,
            -0.0003589159995518307,
            -0.016947324583515284,
            -0.00020303703798151606
        ],
        [
            0.6848602514927513,
            1.0000000000000002,
            0.0,
            0.0,
            0.0,
            0.537234880721974,
            0.8596104404573087,
            0.017329914731280566,
            -0.17062321695039673,
            -0.03486059774277325,
            0.3182920296348536,
            0.6200717353198476,
            -0.0020072522828346756,
            -0.17776815801380683,
            -0.001705378247594028,
            0.12403752646805535,
            0.34387874606248453,
            -0.0020496283764438483,
            -0.096779517810716,
            -0.001159464819165651
        ],
        [
            0.0,
            0.0,
            1.0000000000000004,
            0.0,
            0.0,
            -0.05030053420726017,
            -0.017329914731280576,
            0.3988009646349117,
            0.07066346465894771,
            0.014437487820326323,
            0.0019555326781229843,
            0.002007252282834663,
            0.05792188149088972,
            -0.003727096408090037,
            -3.5755048665964866e-05,
            0.00035891599955183097,
            0.002049628376443848,
            0.001717702795647763,
            -0.0004651843593629835,
            -5.57313067174395e-06
        ],
        [
            0.0,
            0.0,
            0.0,
            1.0000000000000004,
            0.0,
            0.4952383836762263,
            0.1706232169503969,
            0.0706634646589477,
            -0.2897452921467837,
            -0.142145570522621,
            0.173187717905992,
            0.1777681580138067,
            -0.0037270964080900445,
            -0.27211863975023765,
            -0.0031665721321618894,
            0.016947324583515277,
            0.09677951781071588,
            -0.0004651843593629838,
            -0.020237557936156364,
            -0.00026315253306714143
        ],
        [
            0.0,
            0.0,
            0.0,
            0.0,
            1.0000000000000004,
            0.10118380363873436,
            0.03486059774277326,
            0.014437487820326318,
            -0.142145570522621,
            0.3769358995843901,
            0.001661436840923956,
            0.001705378247594031,
            -3.575504866596491e-05,
            -0.003166572132161888,
            0.05793358785924674,
            0.00020303703798151606,
            0.0011594648191656507,
            -5.573130671743954e-06,
            -0.00026315253306714143,
            0.0017244019296559585
        ],
        [
            0.49682595968904236,
            0.537234880721974,
            -0.05030053420726017,
            0.4952383836762263,
            0.10118380363873439,
            0.9999999999999999,
            0.6848602514927513,
            0.0,
            0.0,
            0.0,
            0.6090458472483898,
            0.5790693547186873,
            -0.07826233232732889,
            -0.5272374892678123,
            0.1196989500448454,
            0.15584341918242356,
            0.3408362229631627,
            -0.018585784173470347,
            -0.20118161882254504,
            0.02003586834844162
        ],
        [
            0.537234880721974,
            0.8596104404573087,
            -0.017329914731280555,
            0.1706232169503969,
            0.03486059774277326,
            0.6848602514927513,
            1.0000000000000002,
            0.0,
            0.0,
            0.0,
            0.5790693547186873,
            0.9007420299575141,
            -0.022578796319486227,
            -0.15210877989663832,
            0.03453332059432073,
            0.3408362229631627,
            0.6471465818993013,
            -0.016709710560021077,
            -0.180874080380194,
            0.01801342132225105
        ],
        [
            0.05030053420726016,
            0.017329914731280566,
            0.39880096463491166,
            0.07066346465894772,
            0.014437487820326325,
            0.0,
            0.0,
            1.0000000000000004,
            0.0,
            0.0,
            0.07826233232732885,
            0.022578796319486196,
            0.5226534500882586,
            -0.09239503115974916,
            0.020976482978366105,
            0.01858578417347033,
            0.016709710560021067,
            0.07152593044143923,
            -0.03517947191663019,
            0.0035035569949908064
        ],
        [
            -0.4952383836762263,
            -0.17062321695039673,
            0.07066346465894768,
            -0.2897452921467837,
            -0.142145570522621,
            0.0,
            0.0,
            0.0,
            1.0000000000000004,
            0.0,
            0.5272374892678123,
            0.15210877989663826,
            -0.0923950311597492,
            -0.08607819202598162,
            0.14131431929381427,
            0.2011816188225449,
            0.18087408038019398,
            -0.03517947191663021,
            -0.3060238919206447,
            0.03792421462073245
        ],
        [
            -0.10118380363873437,
            -0.03486059774277325,
            0.014437487820326316,
            -0.142145570522621,
            0.3769358995843901,
            0.0,
            0.0,
            0.0,
            0.0,
            1.0000000000000004,
            -0.11969895004484543,
            -0.03453332059432074,
            0.020976482978366122,
            0.1413143192938143,
            0.5042857785761248,
            -0.020035868348441607,
            -0.01801342132225104,
            0.00350355699499081,
            0.03792421462073247,
            0.07099901103597706
        ],
        [
            0.13171081471958998,
            0.3182920296348536,
            0.0019555326781229843,
            0.17318771790599205,
            0.001661436840923956,
            0.6090458472483898,
            0.5790693547186873,
            0.07826233232732888,
            0.5272374892678123,
            -0.1196989500448454,
            0.9999999999999999,
            0.6848602514927513,
            0.0,
            0.0,
            0.0,
            0.5766047036027458,
            0.5676537399022881,
            -0.022185284408275285,
            -0.5387016850517474,
            -0.009055894000458694
        ],
        [
            0.3182920296348536,
            0.6200717353198476,
            0.0020072522828346634,
            0.17776815801380683,
            0.0017053782475940312,
            0.5790693547186873,
            0.9007420299575141,
            0.022578796319486217,
            0.15210877989663832,
            -0.03453332059432075,
            0.6848602514927513,
            1.0000000000000002,
            0.0,
            0.0,
            0.0,
            0.5676537399022881,
            0.8896337357490184,
            -0.006714082230502367,
            -0.16303092376848233,
            -0.002740646271233428
        ],
        [
            -0.001955532678122984,
            -0.0020072522828346756,
            0.05792188149088972,
            -0.0037270964080900436,
            -3.575504866596491e-05,
            -0.07826233232732883,
            -0.022578796319486196,
            0.5226534500882586,
            -0.09239503115974916,
            0.020976482978366105,
            0.0,
            0.0,
            1.0000000000000004,
            0.0,
            0.0,
            0.022185284408275285,
            0.006714082230502365,
            0.4969619905877123,
            -0.02853612650164966,
            -0.0004797091673433242
        ],
        [
            -0.173187717905992,
            -0.1777681580138066,
            -0.0037270964080900375,
            -0.27211863975023765,
            -0.003166572132161888,
            -0.5272374892678123,
            -0.15210877989663826,
            -0.0923950311597492,
            -0.08607819202598162,
            0.14131431929381427,
            0.0,
            0.0,
            0.0,
            1.0000000000000004,
            0.0,
            0.5387016850517474,
            0.16303092376848227,
            -0.02853612650164966,
            -0.1947752442528589,
            -0.011648267925121884
        ],
        [
            -0.001661436840923957,
            -0.001705378247594031,
            -3.575504866596487e-05,
            -0.0031665721321618894,
            0.05793358785924674,
            0.1196989500448454,
            0.03453332059432072,
            0.020976482978366122,
            0.1413143192938143,
            0.5042857785761248,
            0.0,
            0.0,
            0.0,
            0.0,
            1.0000000000000004,
            0.009055894000458687,
            0.0027406462712334274,
            -0.0004797091673433239,
            -0.011648267925121879,
            0.49794137605720473
        ],
        [
            0.014000694008931627,
            0.12403752646805533,
            0.00035891599955183097,
            0.016947324583515284,
            0.00020303703798151606,
            0.15584341918242356,
            0.3408362229631627,
            0.018585784173470343,
            0.20118161882254504,
            -0.020035868348441625,
            0.5766047036027458,
            0.5676537399022881,
            0.022185284408275285,
            0.5387016850517474,
            0.009055894000458687,
            0.9999999999999999,
            0.6848602514927513,
            0.0,
            0.0,
            0.0
        ],
        [
            0.12403752646805535,
            0.34387874606248453,
            0.0020496283764438483,
            0.09677951781071593,
            0.001159464819165651,
            0.3408362229631627,
            0.6471465818993013,
            0.016709710560021084,
            0.180874080380194,
            -0.018013421322251044,
            0.5676537399022881,
            0.8896337357490184,
            0.006714082230502367,
            0.16303092376848233,
            0.002740646271233434,
            0.6848602514927513,
            1.0000000000000002,
            0.0,
            0.0,
            0.0
        ],
        [
            -0.0003589159995518307,
            -0.002049628376443848,
            0.001717702795647763,
            -0.00046518435936298376,
            -5.573130671743953e-06,
            -0.018585784173470333,
            -0.016709710560021074,
            0.07152593044143923,
            -0.0351794719166302,
            0.003503556994990807,
            -0.022185284408275285,
            -0.006714082230502365,
            0.4969619905877123,
            -0.02853612650164966,
            -0.0004797091673433239,
            0.0,
            0.0,
            1.0000000000000004,
            0.0,
            0.0
        ],
        [
            -0.016947324583515277,
            -0.09677951781071585,
            -0.00046518435936298354,
            -0.020237557936156364,
            -0.00026315253306714143,
            -0.2011816188225449,
            -0.18087408038019398,
            -0.035179471916630206,
            -0.3060238919206447,
            0.03792421462073245,
            -0.5387016850517474,
            -0.16303092376848227,
            -0.02853612650164966,
            -0.1947752442528589,
            -0.011648267925121879,
            0.0,
            0.0,
            0.0,
            1.0000000000000004,
            0.0
        ],
        [
            -0.00020303703798151606,
            -0.0011594648191656507,
            -5.573130671743951e-06,
            -0.00026315253306714143,
            0.0017244019296559585,
            0.02003586834844161,
            0.018013421322251044,
            0.0035035569949908095,
            0.03792421462073247,
            0.07099901103597706,
            -0.009055894000458694,
            -0.0027406462712334274,
            -0.0004797091673433242,
            -0.011648267925121884,
            0.49794137605720473,
            0.0,
            0.0,
            0.0,
            0.0,
            1.0000000000000004
        ]
    ],
    "h": [
        [
            -0.22957315654735377,
            -0.4508061564806215,
            0.02386641298921479,
            -0.2506541519608696,
            -0.04823575466302976,
            -0.5429014357084007,
            -0.4380670809777265,
            -0.010093352344828055,
            0.04091891894608868,
            0.01944681180150043,
            -0.262260137616853,
            -0.31092438069056005,
            0.024224140650388387,
            0.32220751099490497,
            -0.030969362089323584,
            -0.015056916797934652,
            -0.14021708056906873,
            0.004255858897945872,
            0.07878911066064626,
            -0.0029354991793499
        ],
        [
            -0.4508061564806215,
            -0.30956297412597755,
            0.020341915010790593,
            -0.22588170103840566,
            -0.041463988618093944,
            -0.5310070287337476,
            -0.3661581462665173,
            -0.03546006872553528,
            0.08352726341368127,
            0.06380331188506298,
            -0.35874796942136855,
            -0.3157875416466144,
            0.025815687122739385,
            0.20314528271116375,
            -0.04034794814289733,
            -0.1452892568293631,
            -0.20266355447419154,
            0.007514104986205476,
            0.1355222678144467,
            -0.0030850381139619206
        ],
        [
            0.02386641298921479,
            0.020341915010790593,
            1.492428799381862,
            0.02180747559221715,
            0.004550692923648364,
            0.004126390875574343,
            0.017413532394872935,
            0.2960145685663242,
            0.09392372575208979,
            0.01885754502029661,
            0.010686407171311411,
            0.015079598458164528,
            -0.04796401575058254,
            -0.01890234810379863,
            0.0023459052704476965,
            -0.00035148766089167184,
            0.006210304976296167,
            -0.00567545907195376,
            -0.00060132489978852,
            0.00014153637647840923
        ],
        [
            -0.2506541519608696,
            -0.22588170103840566,
            0.02180747559221715,
            1.253835073249013,
            -0.04453983437553041,
            -0.10057846825107342,
            -0.2170414492598149,
            0.0816246887903723,
            -0.6543610386743397,
            -0.16861967812842238,
            -0.2554530136752029,
            -0.18389585487011934,
            0.02439621182921768,
            0.155277544485396,
            -0.036441523537596936,
            -0.0761494224087694,
            -0.12177610574098804,
            0.004530256203985217,
            0.1058281175451001,
            -0.0013564299672704733
        ],
        [
            -0.04823575466302976,
            -0.041463988618093944,
            0.004550692923648364,
            -0.04453983437553041,
            1.485564252948163,
            -0.009877398078017463,
            -0.03620711219607226,
            0.01853753171433425,
            -0.1901629458537994,
            0.2679288523342253,
            -0.02595473435063818,
            -0.03131786545788426,
            0.00364251450266395,
            0.03828520804364867,
            -0.05135729168697881,
            -0.0023395025097817748,
            -0.014568397561285836,
            0.0003521022522670746,
            0.005569403845509784,
            -0.005853793389859568
        ],
        [
            -0.5429014357084007,
            -0.5310070287337476,
            0.004126390875574343,
            -0.10057846825107342,
            -0.009877398078017463,
            -0.465520089198584,
            -0.6122906465366407,
            -0.06272615923601199,
            -0.045081159744207594,
            0.10665395286653825,
            -0.5968653387708183,
            -0.5490497327943022,
            0.0015377109818122403,
            0.031033734493236542,
            -0.005182653385982922,
            -0.30715414273228364,
            -0.3772955607142515,
            0.019142936481510303,
            0.2904412635635396,
            -0.011696433867488226
        ],
        [
            -0.4380670809777265,
            -0.3661581462665173,
            0.017413532394872935,
            -0.2170414492598149,
            -0.03620711219607226,
            -0.6122906465366407,
            -0.44209451630561736,
            -0.05174627978808196,
            -0.04511555915997931,
            0.08718650321101172,
            -0.5611197991085672,
            -0.4258038370031758,
            0.026689492765877815,
            0.13281827364593968,
            -0.04950950778446178,
            -0.3431768341353363,
            -0.32711823332118706,
            0.011440746307980497,
            0.21799255244044657,
            -0.001839089266977987
        ],
        [
            -0.010093352344828055,
            -0.03546006872553528,
            0.2960145685663242,
            0.0816246887903723,
            0.01853753171433425,
            -0.06272615923601199,
            -0.05174627978808196,
            1.3842365715848468,
            -0.02244939969785788,
            0.013877035453037107,
            -0.015684484513421526,
            -0.04661726877912498,
            0.461701194579186,
            -0.13368390072357106,
            0.02928346619205826,
            -0.03747592226773404,
            -0.03560455768974956,
            -0.04588120796892914,
            0.029067114379457665,
            0.00020552357678559584
        ],
        [
            0.04091891894608868,
            0.08352726341368127,
            0.09392372575208979,
            -0.6543610386743397,
            -0.1901629458537994,
            -0.045081159744207594,
            -0.04511555915997931,
            -0.02244939969785788,
            0.8189910924928947,
            0.020231031577498372,
            -0.06639761326960547,
            -0.15792104759415715,
            -0.14185648876414605,
            -0.6173575176509907,
            0.2056707095120247,
            -0.3540305701216384,
            -0.21608653250092252,
            0.006337789085174336,
            0.13702185930786093,
            0.006493518204537696
        ],
        [
            0.01944681180150043,
            0.06380331188506298,
            0.01885754502029661,
            -0.16861967812842238,
            0.2679288523342253,
            0.10665395286653825,
            0.08718650321101172,
            0.013877035453037107,
            0.020231031577498372,
            1.36946453678789,
            0.022449448168571418,
            0.07411314723844364,
            0.029585840635223293,
            0.19664049692530194,
            0.436600113393662,
            0.04938247001033845,
            0.053336057108682916,
            -0.0022570692215093304,
            -0.04514544357236551,
            -0.04706812293776985
        ],
        [
            -0.262260137616853,
            -0.35874796942136855,
            0.010686407171311411,
            -0.2554530136752029,
            -0.02595473435063818,
            -0.5968653387708183,
            -0.5611197991085672,
            -0.015684484513421526,
            -0.06639761326960547,
            0.022449448168571418,
            -0.528012410652368,
            -0.6368411471301527,
            0.027659033712527564,
            -0.019876206916364103,
            -0.06510883173508777,
            -0.6102655429450715,
            -0.5679867169052395,
            0.008398715848310555,
            0.09982156954404775,
            -0.007563683318689049
        ],
        [
            -0.31092438069056005,
            -0.3157875416466144,
            0.015079598458164528,
            -0.18389585487011934,
            -0.03131786545788426,
            -0.5490497327943022,
            -0.4258038370031758,
            -0.04661726877912498,
            -0.15792104759415715,
            0.07411314723844364,
            -0.6368411471301527,
            -0.44508678980373606,
            0.02229760861861449,
            0.011646954453936674,
            -0.050802505913631585,
            -0.4741516991609376,
            -0.37360997512052063,
            0.013912425426702115,
            0.2581494092804105,
            -0.0027183588299014025
        ],
        [
            0.024224140650388387,
            0.025815687122739385,
            -0.04796401575058254,
            0.02439621182921768,
            0.00364251450266395,
            0.0015377109818122403,
            0.026689492765877815,
            0.461701194579186,
            -0.14185648876414605,
            0.029585840635223293,
            0.027659033712527564,
            0.02229760861861449,
            1.3688805487121998,
            -0.053803305943619775,
            0.008797648107033042,
            0.0067341924030735745,
            0.009380988712619963,
            0.43252077943979794,
            -0.051825096847042854,
            -4.238294469019097e-06
        ],
        [
            0.32220751099490497,
            0.20314528271116375,
            -0.01890234810379863,
            0.155277544485396,
            0.03828520804364867,
            0.031033734493236542,
            0.13281827364593968,
            -0.13368390072357106,
            -0.6173575176509907,
            0.19664049692530194,
            -0.019876206916364103,
            0.011646954453936674,
            -0.053803305943619775,
            0.7504700120346386,
            0.0571353496581385,
            -0.009491088937661263,
            -0.10106890320889958,
            -0.04402025035183558,
            -0.6021964109292783,
            -0.01386397593079947
        ],
        [
            -0.030969362089323584,
            -0.04034794814289733,
            0.0023459052704476965,
            -0.036441523537596936,
            -0.05135729168697881,
            -0.005182653385982922,
            -0.04950950778446178,
            0.02928346619205826,
            0.2056707095120247,
            0.436600113393662,
            -0.06510883173508777,
            -0.050802505913631585,
            0.008797648107033042,
            0.0571353496581385,
            1.3614732571230985,
            -0.014285426745760464,
            -0.03195550468914163,
            0.0008258388632861764,
            0.002965445286512096,
            0.43346962321253746
        ],
        [
            -0.015056916797934652,
            -0.1452892568293631,
            -0.00035148766089167184,
            -0.0761494224087694,
            -0.0023395025097817748,
            -0.30715414273228364,
            -0.3431768341353363,
            -0.03747592226773404,
            -0.3540305701216384,
            0.04938247001033845,
            -0.6102655429450715,
            -0.4741516991609376,
            0.0067341924030735745,
            -0.009491088937661263,
            -0.014285426745760464,
            -0.2974698751053013,
            -0.480274406600498,
            0.014843729475749879,
            0.3121871743452563,
            0.0014248203878729614
        ],
        [
            -0.14021708056906873,
            -0.20266355447419154,
            0.006210304976296167,
            -0.12177610574098804,
            -0.014568397561285836,
            -0.3772955607142515,
            -0.32711823332118706,
            -0.03560455768974956,
            -0.21608653250092252,
            0.053336057108682916,
            -0.5679867169052395,
            -0.37360997512052063,
            0.009380988712619963,
            -0.10106890320889958,
            -0.03195550468914163,
            -0.480274406600498,
            -0.31933247440586165,
            0.013177338261087712,
            0.2616377043176829,
            -0.000506697622366002
        ],
        [
            0.004255858897945872,
            0.007514104986205476,
            -0.00567545907195376,
            0.004530256203985217,
            0.0003521022522670746,
            0.019142936481510303,
            0.011440746307980497,
            -0.04588120796892914,
            0.006337789085174336,
            -0.0022570692215093304,
            0.008398715848310555,
            0.013912425426702115,
            0.43252077943979794,
            -0.04402025035183558,
            0.0008258388632861764,
            0.014843729475749879,
            0.013177338261087712,
            1.4672964820987398,
            -0.014854749099778596,
            0.00017222809265734704
        ],
        [
            0.07878911066064626,
            0.1355222678144467,
            -0.00060132489978852,
            0.1058281175451001,
            0.005569403845509784,
            0.2904412635635396,
            0.21799255244044657,
            0.029067114379457665,
            0.13702185930786093,
            -0.04514544357236551,
            0.09982156954404775,
            0.2581494092804105,
            -0.051825096847042854,
            -0.6021964109292783,
            0.002965445286512096,
            0.3121871743452563,
            0.2616377043176829,
            -0.014854749099778596,
            1.1567355277541769,
            -0.0008628984641528951
        ],
        [
            -0.0029354991793499,
            -0.0030850381139619206,
            0.00014153637647840923,
            -0.0013564299672704733,
            -0.005853793389859568,
            -0.011696433867488226,
            -0.001839089266977987,
            0.00020552357678559584,
            0.006493518204537696,
            -0.04706812293776985,
            -0.007563683318689049,
            -0.0027183588299014025,
            -4.238294469019097e-06,
            -0.01386397593079947,
            0.43346962321253746,
            0.0014248203878729614,
            -0.000506697622366002,
            0.00017222809265734704,
            -0.0008628984641528951,
            1.4676315926841839
        ]
    ]
}