{
    "HF": -2.156416430571843,
    "coordinates": [
        [
            0.72501,
            0.027916,
            0.156109
        ],
        [
            1.383969,
            -0.19183,
            -0.074818
        ],
        [
            2.098765,
            0.186469,
            -0.025795
        ],
        [
            2.854032,
            0.035291,
            -0.152739
        ]
    ],
    "elements": [
        "H",
        "H",
        "H",
        "H"
    ],
    "Enn": 3.0345521278062213,
    "S": [
        [
            0.9999999999999999,
            0.6848602514927513,
            0.0,
            0.0,
            0.0,
            0.5771623359655536,
            0.5678543262726158,
            0.17015895733273614,
            -0.48555507309679014,
            0.16192021824229927,
            0.16302893379428635,
            0.3471157405229601,
            0.02761333382900651,
            -0.20853832468921435,
            -0.024068612667068726,
            0.017462344740133248,
            0.1363500597584559,
            0.0030974276796511073,
            -0.02135190020134875,
            -7.396366218148386e-05
        ],
        [
            0.6848602514927513,
            1.0000000000000002,
            0.0,
            0.0,
            0.0,
            0.5678543262726158,
            0.8898296519367704,
            0.05145290006505104,
            -0.1468228122911826,
            0.04896165878262271,
            0.3471157405229601,
            0.6545660018877019,
            0.023954984936849232,
            -0.1809101522337129,
            -0.020879885690761386,
            0.13635005975845585,
            0.36488299391610396,
            0.014949962197936472,
            -0.10305651459156318,
            -0.0003569910480552939
        ],
        [
            0.0,
            0.0,
            1.0000000000000004,
            0.0,
            0.0,
            -0.17015895733273614,
            -0.05145290006505106,
            0.4297354153359805,
            0.19705346770997478,
            -0.06571229972638075,
            -0.027613333829006523,
            -0.02395498493684922,
            0.07315686058042227,
            0.05192150085495149,
            0.005992560336490221,
            -0.003097427679651107,
            -0.014949962197936465,
            0.0018505109080622115,
            0.004198782198487367,
            1.454471523255483e-05
        ],
        [
            0.0,
            0.0,
            0.0,
            1.0000000000000004,
            0.0,
            0.48555507309679036,
            0.14682281229118277,
            0.19705346770997478,
            -0.06350833035838442,
            0.18751255295134883,
            0.2085383246892145,
            0.18091015223371296,
            0.05192150085495152,
            -0.31208375982787384,
            -0.045256342494145965,
            0.02135190020134875,
            0.10305651459156312,
            0.004198782198487367,
            -0.026484400182159005,
            -0.00010026297309305662
        ],
        [
            0.0,
            0.0,
            0.0,
            0.0,
            1.0000000000000004,
            -0.16192021824229924,
            -0.04896165878262267,
            -0.06571229972638074,
            0.18751255295134875,
            0.4362606053356834,
            0.024068612667068737,
            0.020879885690761362,
            0.005992560336490221,
            -0.045256342494145944,
            0.0748086833727286,
            7.396366218148377e-05,
            0.0003569910480552937,
            1.4544715232554814e-05,
            -0.00010026297309305653,
            0.00245926274106904
        ],
        [
            0.5771623359655536,
            0.5678543262726158,
            -0.17015895733273614,
            0.48555507309679036,
            -0.16192021824229927,
            0.9999999999999999,
            0.6848602514927513,
            0.0,
            0.0,
            0.0,
            0.5148373745973659,
            0.5444173572939063,
            -0.03126051988162635,
            -0.45580430755578,
            -0.24123010445503879,
            0.12895121383544775,
            0.3155525111829096,
            0.008879369167434687,
            -0.16751879565696723,
            -0.025881228483681334
        ],
        [
            0.5678543262726158,
            0.8898296519367704,
            -0.05145290006505104,
            0.14682281229118277,
            -0.048961658782622715,
            0.6848602514927513,
            1.0000000000000002,
            0.0,
            0.0,
            0.0,
            0.5444173572939063,
            0.8667566353361279,
            -0.010442265815573495,
            -0.1522568964753011,
            -0.08058051762979915,
            0.3155525111829096,
            0.6167328611752129,
            0.00926672975225504,
            -0.1748267673642446,
            -0.027010291552494438
        ],
        [
            0.17015895733273614,
            0.05145290006505105,
            0.4297354153359805,
            0.19705346770997487,
            -0.06571229972638075,
            0.0,
            0.0,
            1.0000000000000004,
            0.0,
            0.0,
            0.03126051988162634,
            0.010442265815573512,
            0.42384795346345927,
            -0.03880095286514796,
            -0.020535036105312012,
            -0.008879369167434687,
            -0.009266729752255051,
            0.05524395529264395,
            0.016691974942646688,
            0.0025788677362459005
        ],
        [
            -0.48555507309679014,
            -0.1468228122911826,
            0.19705346770997473,
            -0.06350833035838442,
            0.18751255295134875,
            0.0,
            0.0,
            0.0,
            1.0000000000000004,
            0.0,
            0.45580430755577994,
            0.1522568964753011,
            -0.03880095286514798,
            -0.13924102740507535,
            -0.29941785831003037,
            0.16751879565696715,
            0.17482676736424457,
            0.016691974942646678,
            -0.25878324208468845,
            -0.04865309789336451
        ],
        [
            0.16192021824229924,
            0.04896165878262266,
            -0.06571229972638074,
            0.18751255295134883,
            0.4362606053356834,
            0.0,
            0.0,
            0.0,
            0.0,
            1.0000000000000004,
            0.24123010445503879,
            0.0805805176297991,
            -0.02053503610531201,
            -0.29941785831003015,
            0.268044986926828,
            0.025881228483681323,
            0.02701029155249442,
            0.002578867736245899,
            -0.04865309789336451,
            0.04861193689130138
        ],
        [
            0.16302893379428635,
            0.3471157405229601,
            -0.02761333382900651,
            0.2085383246892144,
            0.02406861266706873,
            0.5148373745973659,
            0.5444173572939063,
            0.03126051988162634,
            0.45580430755578,
            0.24123010445503879,
            0.9999999999999999,
            0.6848602514927513,
            0.0,
            0.0,
            0.0,
            0.5381774649260637,
            0.5534425758167069,
            0.0856216010418838,
            -0.5094149369336122,
            0.10196702799903819
        ],
        [
            0.3471157405229601,
            0.6545660018877019,
            -0.02395498493684923,
            0.180910152233713,
            0.020879885690761383,
            0.5444173572939063,
            0.8667566353361279,
            0.01044226581557349,
            0.1522568964753011,
            0.08058051762979915,
            0.6848602514927513,
            1.0000000000000002,
            0.0,
            0.0,
            0.0,
            0.5534425758167069,
            0.875685611252161,
            0.02751882591320853,
            -0.1637262185766267,
            0.0327722544106617
        ],
        [
            0.027613333829006523,
            0.023954984936849225,
            0.07315686058042227,
            0.051921500854951494,
            0.005992560336490221,
            -0.03126051988162634,
            -0.010442265815573507,
            0.42384795346345927,
            -0.038800952865147995,
            -0.02053503610531202,
            0.0,
            0.0,
            1.0000000000000004,
            0.0,
            0.0,
            -0.08562160104188378,
            -0.027518825913208558,
            0.43440181656803084,
            0.11284878652503894,
            -0.022588374507667253
        ],
        [
            -0.20853832468921446,
            -0.18091015223371285,
            0.051921500854951515,
            -0.31208375982787395,
            -0.045256342494145965,
            -0.45580430755577994,
            -0.1522568964753011,
            -0.038800952865147946,
            -0.13924102740507535,
            -0.29941785831003015,
            0.0,
            0.0,
            0.0,
            1.0000000000000004,
            0.0,
            0.5094149369336115,
            0.1637262185766267,
            0.1128487865250388,
            -0.21803675961220473,
            0.13439196692464636
        ],
        [
            -0.024068612667068733,
            -0.02087988569076135,
            0.005992560336490221,
            -0.04525634249414595,
            0.0748086833727286,
            -0.24123010445503879,
            -0.0805805176297991,
            -0.020535036105312002,
            -0.29941785831003037,
            0.268044986926828,
            0.0,
            0.0,
            0.0,
            0.0,
            1.0000000000000004,
            -0.10196702799903819,
            -0.03277225441066173,
            -0.022588374507667264,
            0.13439196692464658,
            0.4264686850806235
        ],
        [
            0.017462344740133248,
            0.1363500597584559,
            -0.0030974276796511073,
            0.021351900201348754,
            7.396366218148377e-05,
            0.12895121383544775,
            0.3155525111829096,
            -0.008879369167434687,
            0.16751879565696715,
            0.025881228483681334,
            0.5381774649260637,
            0.5534425758167069,
            -0.0856216010418838,
            0.5094149369336115,
            -0.10196702799903819,
            0.9999999999999999,
            0.6848602514927513,
            0.0,
            0.0,
            0.0
        ],
        [
            0.13635005975845585,
            0.36488299391610396,
            -0.014949962197936472,
            0.10305651459156313,
            0.0003569910480552939,
            0.3155525111829096,
            0.6167328611752129,
            -0.009266729752255053,
            0.1748267673642448,
            0.027010291552494452,
            0.5534425758167069,
            0.875685611252161,
            -0.027518825913208544,
            0.1637262185766267,
            -0.03277225441066173,
            0.6848602514927513,
            1.0000000000000002,
            0.0,
            0.0,
            0.0
        ],
        [
            0.003097427679651107,
            0.014949962197936465,
            0.0018505109080622115,
            0.004198782198487367,
            1.4544715232554814e-05,
            0.008879369167434686,
            0.009266729752255039,
            0.05524395529264395,
            0.016691974942646678,
            0.0025788677362459,
            0.08562160104188378,
            0.02751882591320857,
            0.43440181656803084,
            0.1128487865250388,
            -0.022588374507667253,
            0.0,
            0.0,
            1.0000000000000004,
            0.0,
            0.0
        ],
        [
            -0.02135190020134875,
            -0.10305651459156312,
            0.004198782198487367,
            -0.026484400182159005,
            -0.00010026297309305653,
            -0.1675187956569671,
            -0.17482676736424457,
            0.016691974942646688,
            -0.25878324208468845,
            -0.048653097893364514,
            -0.5094149369336115,
            -0.1637262185766267,
            0.11284878652503894,
            -0.21803675961220473,
            0.13439196692464653,
            0.0,
            0.0,
            0.0,
            1.0000000000000004,
            0.0
        ],
        [
            -7.396366218148377e-05,
            -0.0003569910480552937,
            1.454471523255483e-05,
            -0.00010026297309305662,
            0.00245926274106904,
            -0.025881228483681323,
            -0.027010291552494414,
            0.0025788677362459,
            -0.048653097893364486,
            0.04861193689130138,
            0.1019670279990382,
            0.03277225441066173,
            -0.022588374507667264,
            0.13439196692464642,
            0.4264686850806235,
            0.0,
            0.0,
            0.0,
            0.0,
            1.0000000000000004
        ]
    ],
    "h": [
        [
            -0.30409338920556217,
            -0.4869121485855148,
            0.09626812163794718,
            -0.28989926364705826,
            0.08439629173404062,
            -0.6120290749187409,
            -0.4833935087730019,
            -0.0175602191787832,
            0.00941515153661765,
            -0.03565095256480194,
            -0.2898505256059726,
            -0.34529241110945563,
            -0.013507892268986813,
            0.314897779767696,
            0.08946844750604085,
            -0.02852276209110203,
            -0.16165251786152587,
            -0.009832346067440621,
            0.08555946402132644,
            0.002852920281723531
        ],
        [
            -0.4869121485855148,
            -0.3272900411503481,
            0.07777240417457501,
            -0.24430777512225563,
            0.06431716584035098,
            -0.556489245270845,
            -0.3790462806040815,
            -0.07627448621254178,
            0.09789062966180229,
            -0.11976108277436073,
            -0.3611722776754206,
            -0.33041354478895957,
            0.009064062024865552,
            0.17504326319419233,
            0.0950811609987186,
            -0.15948135525256513,
            -0.21763182427788813,
            -0.017097208531728372,
            0.12937012340386173,
            -0.009357907588978585
        ],
        [
            0.09626812163794718,
            0.07777240417457501,
            1.4406687322090062,
            0.08419727611047761,
            -0.02596722355466689,
            0.01725744529719042,
            0.07244093067030069,
            0.34091773191212893,
            0.2885441464158547,
            -0.08532476646792533,
            0.05695887423040193,
            0.0588602788305433,
            -0.04360412203664982,
            -0.048075408004288334,
            -0.022871769149429802,
            0.013442955539850376,
            0.03234607527805868,
            -0.004939637383671551,
            -0.021196827884449737,
            -0.00019577090464105863
        ],
        [
            -0.28989926364705826,
            -0.24430777512225563,
            0.08419727611047761,
            1.2072551926770314,
            0.07127797321386929,
            -0.0875106256436079,
            -0.24018047062629633,
            0.2673506165046701,
            -0.41016153236268016,
            0.22137318188437244,
            -0.2479939608087165,
            -0.1972066606586435,
            0.019459810766349006,
            0.04647759651412742,
            0.07584241368592623,
            -0.08802068539123942,
            -0.1326283039676701,
            -0.016418080259607858,
            0.115253126639045,
            -0.001243953240841722
        ],
        [
            0.08439629173404062,
            0.06431716584035098,
            -0.02596722355466689,
            0.07127797321386929,
            1.4434451489823406,
            0.0006355633616164647,
            0.055243158476031035,
            -0.09408217177034531,
            0.2664337268380879,
            0.3469959978502014,
            0.02167500413597293,
            0.04459994287890967,
            0.0031302224480766264,
            -0.06381304739180434,
            -0.059128657129810774,
            -0.002502034024690344,
            0.016792452028731038,
            1.9950705633954815e-05,
            -0.0026823242000246186,
            -0.00846672838740881
        ],
        [
            -0.6120290749187409,
            -0.556489245270845,
            0.01725744529719042,
            -0.0875106256436079,
            0.0006355633616164647,
            -0.45393962879410377,
            -0.6012187528848887,
            -0.1040259436960951,
            0.07551051548563845,
            -0.18526847258326334,
            -0.5216044250904366,
            -0.5170145628387102,
            -0.002305427225231818,
            0.08841560873555565,
            0.03887488932221106,
            -0.24551742464466877,
            -0.3370052361286384,
            -0.0251508623425898,
            0.23499254300891873,
            -0.001863878454594764
        ],
        [
            -0.4833935087730019,
            -0.3790462806040815,
            0.07244093067030069,
            -0.24018047062629633,
            0.055243158476031035,
            -0.6012187528848887,
            -0.4334030266915063,
            -0.07937080607840029,
            0.017810973361745946,
            -0.15456458947864776,
            -0.5106873359008195,
            -0.4185645734588168,
            0.02153257415358096,
            0.11481302847331692,
            0.11485085451457888,
            -0.31420344763175606,
            -0.315393511638407,
            -0.027113768385057458,
            0.1848414429874377,
            -0.024886682343739662
        ],
        [
            -0.0175602191787832,
            -0.07627448621254178,
            0.34091773191212893,
            0.2673506165046701,
            -0.09408217177034531,
            -0.1040259436960951,
            -0.07937080607840029,
            1.3694418215758717,
            0.07469219268495052,
            -0.03297758077835302,
            -0.01640248659450145,
            -0.04850974682148536,
            0.31532733939947843,
            -0.01354530474110402,
            -0.020679962471807582,
            0.005713713541889888,
            -0.01884655322050089,
            -0.04520091300850511,
            0.00916896143705237,
            0.0006935831386258853
        ],
        [
            0.00941515153661765,
            0.09789062966180229,
            0.2885441464158547,
            -0.41016153236268016,
            0.2664337268380879,
            0.07551051548563845,
            0.017810973361745946,
            0.07469219268495052,
            0.9281703696223307,
            -0.023687148196770594,
            -0.05614022249831396,
            -0.09714394350353034,
            -0.030565654474773635,
            -0.6019726020735692,
            -0.3993075513605151,
            -0.2921270863932739,
            -0.16506659922305783,
            -0.026529768307193814,
            0.12861991520695104,
            -0.027990959689893416
        ],
        [
            -0.03565095256480194,
            -0.11976108277436073,
            -0.08532476646792533,
            0.22137318188437244,
            0.3469959978502014,
            -0.18526847258326334,
            -0.15456458947864776,
            -0.03297758077835302,
            -0.023687148196770594,
            1.3226490975969298,
            -0.04730634122670607,
            -0.13208816733030937,
            -0.0271194733042276,
            -0.37982170154923,
            0.12308523349028966,
            -0.08362316761777232,
            -0.09687428439634704,
            -0.01085935529543287,
            0.08132560830840999,
            -0.05202962330220022
        ],
        [
            -0.2898505256059726,
            -0.3611722776754206,
            0.05695887423040193,
            -0.2479939608087165,
            0.02167500413597293,
            -0.5216044250904366,
            -0.5106873359008195,
            -0.01640248659450145,
            -0.05614022249831396,
            -0.04730634122670607,
            -0.4222859099428713,
            -0.5932523145581169,
            0.05382606172476445,
            -0.057243162592030994,
            0.14945071428707618,
            -0.5700894063901851,
            -0.535470097562186,
            -0.0069450113900739185,
            0.07881240723109495,
            0.0025052319622571317
        ],
        [
            -0.34529241110945563,
            -0.33041354478895957,
            0.0588602788305433,
            -0.1972066606586435,
            0.04459994287890967,
            -0.5170145628387102,
            -0.4185645734588168,
            -0.04850974682148536,
            -0.09714394350353034,
            -0.13208816733030937,
            -0.5932523145581169,
            -0.4383818746517463,
            0.04100463012713569,
            -0.009977470006912958,
            0.1288068415023934,
            -0.45837851920521555,
            -0.37126460724642807,
            -0.033149158585077255,
            0.2292145084327436,
            -0.0302323937968057
        ],
        [
            -0.013507892268986813,
            0.009064062024865552,
            -0.04360412203664982,
            0.019459810766349006,
            0.0031302224480766264,
            -0.002305427225231818,
            0.02153257415358096,
            0.31532733939947843,
            -0.030565654474773635,
            -0.0271194733042276,
            0.05382606172476445,
            0.04100463012713569,
            1.4020177619182763,
            0.03831183732751243,
            -0.013663162534372468,
            0.013351650490008554,
            0.04047862491498948,
            0.3501510076759786,
            0.14869799457329694,
            -0.031759994754206995
        ],
        [
            0.314897779767696,
            0.17504326319419233,
            -0.048075408004288334,
            0.04647759651412742,
            -0.06381304739180434,
            0.08841560873555565,
            0.11481302847331692,
            -0.01354530474110402,
            -0.6019726020735692,
            -0.37982170154923,
            -0.057243162592030994,
            -0.009977470006912958,
            0.03831183732751243,
            0.9059161825357716,
            -0.05422987079937638,
            -0.030182727893085515,
            -0.10941638274477558,
            0.1599685345223661,
            -0.5890800218684463,
            0.18481647699905907
        ],
        [
            0.08946844750604085,
            0.0950811609987186,
            -0.022871769149429802,
            0.07584241368592623,
            -0.059128657129810774,
            0.03887488932221106,
            0.11485085451457888,
            -0.020679962471807582,
            -0.3993075513605151,
            0.12308523349028966,
            0.14945071428707618,
            0.1288068415023934,
            -0.013663162534372468,
            -0.05422987079937638,
            1.3502189848010628,
            0.02632342922210565,
            0.08940816463158135,
            -0.028544435180974125,
            0.15209538883809232,
            0.3362658405005067
        ],
        [
            -0.02852276209110203,
            -0.15948135525256513,
            0.013442955539850376,
            -0.08802068539123942,
            -0.002502034024690344,
            -0.24551742464466877,
            -0.31420344763175606,
            0.005713713541889888,
            -0.2921270863932739,
            -0.08362316761777232,
            -0.5700894063901851,
            -0.45837851920521555,
            0.013351650490008554,
            -0.030182727893085515,
            0.02632342922210565,
            -0.26096872949329897,
            -0.46716926968967865,
            -0.04372057468086281,
            0.27762102414364714,
            -0.04815859848509005
        ],
        [
            -0.16165251786152587,
            -0.21763182427788813,
            0.03234607527805868,
            -0.1326283039676701,
            0.016792452028731038,
            -0.3370052361286384,
            -0.315393511638407,
            -0.01884655322050089,
            -0.16506659922305783,
            -0.09687428439634704,
            -0.535470097562186,
            -0.37126460724642807,
            0.04047862491498948,
            -0.10941638274477558,
            0.08940816463158135,
            -0.46716926968967865,
            -0.31650726579225963,
            -0.036484090785906184,
            0.2397370533862971,
            -0.037586380664338184
        ],
        [
            -0.009832346067440621,
            -0.017097208531728372,
            -0.004939637383671551,
            -0.016418080259607858,
            1.9950705633954815e-05,
            -0.0251508623425898,
            -0.027113768385057458,
            -0.04520091300850511,
            -0.026529768307193814,
            -0.01085935529543287,
            -0.0069450113900739185,
            -0.033149158585077255,
            0.3501510076759786,
            0.1599685345223661,
            -0.028544435180974125,
            -0.04372057468086281,
            -0.036484090785906184,
            1.4852792752778934,
            0.041114072858877464,
            -0.007860001308445143
        ],
        [
            0.08555946402132644,
            0.12937012340386173,
            -0.021196827884449737,
            0.115253126639045,
            -0.0026823242000246186,
            0.23499254300891873,
            0.1848414429874377,
            0.00916896143705237,
            0.12861991520695104,
            0.08132560830840999,
            0.07881240723109495,
            0.2292145084327436,
            0.14869799457329694,
            -0.5890800218684463,
            0.15209538883809232,
            0.27762102414364714,
            0.2397370533862971,
            0.041114072858877464,
            1.2289507593786666,
            0.04368247597471506
        ],
        [
            0.002852920281723531,
            -0.009357907588978585,
            -0.00019577090464105863,
            -0.001243953240841722,
            -0.00846672838740881,
            -0.001863878454594764,
            -0.024886682343739662,
            0.0006935831386258853,
            -0.027990959689893416,
            -0.05202962330220022,
            0.0025052319622571317,
            -0.0302323937968057,
            -0.031759994754206995,
            0.18481647699905907,
            0.3362658405005067,
            -0.04815859848509005,
            -0.037586380664338184,
            -0.007860001308445143,
            0.04368247597471506,
            1.481725264858113
        ]
    ]
}