{
    "HF": -2.138635914218171,
    "coordinates": [
        [
            0.706761,
            0.121785,
            0.182997
        ],
        [
            1.444457,
            0.015506,
            -0.052329
        ],
        [
            2.137092,
            -0.171273,
            0.167627
        ],
        [
            2.975499,
            -0.120311,
            -0.169916
        ]
    ],
    "elements": [
        "H",
        "H",
        "H",
        "H"
    ],
    "Enn": 2.90178225894527,
    "S": [
        [
            0.9999999999999999,
            0.6848602514927513,
            0.0,
            0.0,
            0.0,
            0.53742948847713,
            0.5531581119782599,
            0.1584443189628309,
            -0.49668859506218843,
            0.0715573450237148,
            0.1388845744014057,
            0.3252485045438873,
            0.0019175806216868675,
            -0.17844990294066324,
            0.036562286391041574,
            0.009887406862990332,
            0.10681727395507994,
            0.001766092778253532,
            -0.011353511481723148,
            0.0012115280458471832
        ],
        [
            0.6848602514927513,
            1.0000000000000002,
            0.0,
            0.0,
            0.0,
            0.5531581119782599,
            0.8754050304424195,
            0.05098580516646271,
            -0.15982944735421867,
            0.02302644156313579,
            0.3252485045438874,
            0.6285015933003342,
            0.001888013560134736,
            -0.1756983945010458,
            0.03599853467182597,
            0.10681727395507998,
            0.31313144337461807,
            0.013146192032536063,
            -0.08451166553658214,
            0.009018201387619185
        ],
        [
            0.0,
            0.0,
            1.0000000000000004,
            0.0,
            0.0,
            -0.1584443189628309,
            -0.050985805166462686,
            0.38744720201097693,
            0.203939897153292,
            -0.029381382479442383,
            -0.0019175806216868688,
            -0.0018880135601347357,
            0.06278241119930307,
            0.0035854774343100203,
            -0.0007346221580487496,
            -0.0017660927782535314,
            -0.01314619203253605,
            0.0006689500473363233,
            0.002054996872419316,
            -0.00021928778150021142
        ],
        [
            0.0,
            0.0,
            0.0,
            1.0000000000000004,
            0.0,
            0.49668859506218827,
            0.15982944735421864,
            0.2039398971532921,
            -0.18680307190226322,
            0.09210426527266317,
            0.1784499029406633,
            0.17569839450104568,
            0.0035854774343100355,
            -0.2708433102084908,
            0.0683638806730012,
            0.011353511481723142,
            0.08451166553658203,
            0.002054996872419316,
            -0.01222214696268687,
            0.001409714356867632
        ],
        [
            0.0,
            0.0,
            0.0,
            0.0,
            1.0000000000000004,
            -0.07155734502371477,
            -0.023026441563135762,
            -0.029381382479442376,
            0.0921042652726631,
            0.4392349452393288,
            -0.03656228639104159,
            -0.03599853467182591,
            -0.0007346221580487522,
            0.06836388067300116,
            0.048813984762273444,
            -0.0012115280458471832,
            -0.009018201387619183,
            -0.0002192877815002115,
            0.0014097143568676327,
            0.0008381846192859674
        ],
        [
            0.53742948847713,
            0.5531581119782599,
            -0.1584443189628309,
            0.49668859506218843,
            -0.0715573450237148,
            0.9999999999999999,
            0.6848602514927513,
            0.0,
            0.0,
            0.0,
            0.5623921912238069,
            0.5624879643875346,
            -0.15685050141379642,
            -0.49391763373922465,
            0.13319200114371732,
            0.11274994998111315,
            0.29867611067424327,
            0.011376569755048367,
            -0.1481286716295913,
            0.01314032651927002
        ],
        [
            0.5531581119782599,
            0.8754050304424195,
            -0.05098580516646269,
            0.15982944735421867,
            -0.023026441563135786,
            0.6848602514927513,
            1.0000000000000002,
            0.0,
            0.0,
            0.0,
            0.5624879643875346,
            0.8845791191657066,
            -0.048514241086583185,
            -0.15276992387116323,
            0.04119660948512849,
            0.29867611067424327,
            0.5959164352192737,
            0.01318540344812789,
            -0.1716805979064748,
            0.015229591197278515
        ],
        [
            0.1584443189628309,
            0.050985805166462686,
            0.38744720201097693,
            0.2039398971532921,
            -0.029381382479442383,
            0.0,
            0.0,
            1.0000000000000004,
            0.0,
            0.0,
            0.15685050141379642,
            0.04851424108658318,
            0.4210281584981357,
            -0.19044756098738716,
            0.05135692679934336,
            -0.011376569755048364,
            -0.013185403448127905,
            0.04410111846547352,
            0.021379840176009333,
            -0.0018965813826041739
        ],
        [
            -0.49668859506218843,
            -0.15982944735421864,
            0.203939897153292,
            -0.18680307190226322,
            0.09210426527266312,
            0.0,
            0.0,
            0.0,
            1.0000000000000004,
            0.0,
            0.4939176337392246,
            0.15276992387116323,
            -0.19044756098738724,
            -0.11820632611145282,
            0.1617214578991398,
            0.14812867162959129,
            0.17168059790647477,
            0.021379840176009315,
            -0.23263316210521023,
            0.024694445416458096
        ],
        [
            0.07155734502371479,
            0.02302644156313577,
            -0.029381382479442376,
            0.09210426527266316,
            0.4392349452393288,
            0.0,
            0.0,
            0.0,
            0.0,
            1.0000000000000004,
            -0.13319200114371726,
            -0.041196609485128474,
            0.05135692679934336,
            0.16172145789913975,
            0.43789694442376514,
            -0.013140326519270015,
            -0.0152295911972785,
            -0.0018965813826041717,
            0.02469444541645809,
            0.04355251547068261
        ],
        [
            0.1388845744014057,
            0.3252485045438873,
            -0.0019175806216868675,
            0.17844990294066318,
            -0.036562286391041574,
            0.5623921912238069,
            0.5624879643875346,
            0.15685050141379642,
            0.49391763373922465,
            -0.13319200114371732,
            0.9999999999999999,
            0.6848602514927513,
            0.0,
            0.0,
            0.0,
            0.4424126451162146,
            0.5142746758147749,
            0.17765500473404036,
            -0.44126881480004826,
            -0.026822225172070394
        ],
        [
            0.3252485045438874,
            0.6285015933003342,
            -0.001888013560134736,
            0.1756983945010458,
            -0.03599853467182597,
            0.5624879643875346,
            0.8845791191657066,
            0.04851424108658319,
            0.15276992387116323,
            -0.041196609485128516,
            0.6848602514927513,
            1.0000000000000002,
            0.0,
            0.0,
            0.0,
            0.5142746758147749,
            0.8365184116002393,
            0.06765700437539729,
            -0.16805001456811036,
            -0.010214805986138048
        ],
        [
            0.0019175806216868688,
            0.0018880135601347357,
            0.06278241119930307,
            0.003585477434310035,
            -0.0007346221580487524,
            -0.15685050141379642,
            -0.04851424108658318,
            0.4210281584981357,
            -0.19044756098738716,
            0.05135692679934336,
            0.0,
            0.0,
            1.0000000000000004,
            0.0,
            0.0,
            -0.17765500473404033,
            -0.06765700437539722,
            0.24306899241358884,
            0.2535983390518159,
            0.0154148027804618
        ],
        [
            -0.17844990294066335,
            -0.17569839450104577,
            0.0035854774343100208,
            -0.2708433102084908,
            0.06836388067300118,
            -0.4939176337392246,
            -0.15276992387116323,
            -0.19044756098738724,
            -0.11820632611145282,
            0.1617214578991398,
            0.0,
            0.0,
            0.0,
            1.0000000000000004,
            0.0,
            0.44126881480004776,
            0.1680500145681103,
            0.2535983390518159,
            -0.28473306300989415,
            -0.03828809530862331
        ],
        [
            0.03656228639104159,
            0.03599853467182591,
            -0.0007346221580487494,
            0.06836388067300117,
            0.048813984762273444,
            0.13319200114371726,
            0.04119660948512849,
            0.05135692679934336,
            0.16172145789913975,
            0.43789694442376514,
            0.0,
            0.0,
            0.0,
            0.0,
            1.0000000000000004,
            0.026822225172070394,
            0.010214805986138045,
            0.0154148027804618,
            -0.03828809530862331,
            0.3428404712364625
        ],
        [
            0.009887406862990332,
            0.10681727395507994,
            -0.001766092778253532,
            0.011353511481723148,
            -0.0012115280458471832,
            0.11274994998111315,
            0.29867611067424327,
            -0.011376569755048365,
            0.14812867162959137,
            -0.013140326519270018,
            0.4424126451162146,
            0.5142746758147749,
            -0.17765500473404036,
            0.44126881480004826,
            0.026822225172070394,
            0.9999999999999999,
            0.6848602514927513,
            0.0,
            0.0,
            0.0
        ],
        [
            0.10681727395507998,
            0.31313144337461807,
            -0.013146192032536063,
            0.08451166553658214,
            -0.009018201387619185,
            0.29867611067424327,
            0.5959164352192737,
            -0.013185403448127896,
            0.1716805979064748,
            -0.015229591197278515,
            0.5142746758147749,
            0.8365184116002393,
            -0.06765700437539729,
            0.16805001456811036,
            0.010214805986138048,
            0.6848602514927513,
            1.0000000000000002,
            0.0,
            0.0,
            0.0
        ],
        [
            0.0017660927782535314,
            0.01314619203253605,
            0.0006689500473363233,
            0.002054996872419316,
            -0.00021928778150021142,
            0.011376569755048362,
            0.013185403448127912,
            0.04410111846547352,
            0.021379840176009326,
            -0.0018965813826041734,
            0.17765500473404033,
            0.06765700437539722,
            0.24306899241358884,
            0.2535983390518159,
            0.0154148027804618,
            0.0,
            0.0,
            1.0000000000000004,
            0.0,
            0.0
        ],
        [
            -0.011353511481723146,
            -0.084511665536582,
            0.002054996872419316,
            -0.01222214696268687,
            0.001409714356867632,
            -0.14812867162959129,
            -0.17168059790647477,
            0.021379840176009322,
            -0.23263316210521023,
            0.024694445416458096,
            -0.44126881480004776,
            -0.1680500145681103,
            0.2535983390518159,
            -0.28473306300989415,
            -0.03828809530862331,
            0.0,
            0.0,
            0.0,
            1.0000000000000004,
            0.0
        ],
        [
            0.0012115280458471832,
            0.009018201387619183,
            -0.0002192877815002115,
            0.0014097143568676327,
            0.0008381846192859674,
            0.013140326519270015,
            0.015229591197278501,
            -0.0018965813826041721,
            0.02469444541645809,
            0.04355251547068261,
            -0.026822225172070394,
            -0.010214805986138045,
            0.0154148027804618,
            -0.03828809530862331,
            0.3428404712364625,
            0.0,
            0.0,
            0.0,
            0.0,
            1.0000000000000004
        ]
    ],
    "h": [
        [
            -0.268741970876065,
            -0.46952739300292556,
            0.07884364104507144,
            -0.2708392881483562,
            0.041389046598683685,
            -0.5791572859469654,
            -0.4611969862137203,
            -0.033943392602880984,
            0.024123116333738315,
            0.004355444264395825,
            -0.27630714785569965,
            -0.3262947150375689,
            0.03459406960296733,
            0.316061019681888,
            -0.06804738302361057,
            -0.004081462255968081,
            -0.12639234284396772,
            -0.008373917714646167,
            0.057613632049885954,
            -0.004810026263113206
        ],
        [
            -0.46952739300292556,
            -0.319710376405566,
            0.06483839854549461,
            -0.2358417361281232,
            0.03677773681374236,
            -0.5461475866071845,
            -0.3738062611895874,
            -0.09887293820510687,
            0.09378105933355732,
            0.001029976263427889,
            -0.35226499296451036,
            -0.32117813483644264,
            0.059804266845094545,
            0.1993022527329802,
            -0.05666684202534111,
            -0.12104913309205373,
            -0.18992138128677716,
            -0.027233962528152297,
            0.10239777560412257,
            -0.0010423811911342805
        ],
        [
            0.07884364104507144,
            0.06483839854549461,
            1.4499244884008164,
            0.07224477114034583,
            -0.010461666169075113,
            0.011670346703267775,
            0.058143988962232274,
            0.28035088013765075,
            0.28401533084907316,
            -0.0419899749300306,
            0.039625745153551085,
            0.04882977710013692,
            -0.05662492634168599,
            -0.05471934650887579,
            0.013075627717327403,
            0.0058388753678013305,
            0.022338136927383755,
            -0.0014887931266829098,
            -0.01214143916951493,
            0.0010166542360896744
        ],
        [
            -0.2708392881483562,
            -0.2358417361281232,
            0.07224477114034583,
            1.2175535083360929,
            0.03892212227914878,
            -0.09711208989589903,
            -0.23134994716369012,
            0.24967329358791396,
            -0.5500180988064964,
            0.1410062742606086,
            -0.25415622131863924,
            -0.19299582066229337,
            0.050944660204225056,
            0.13126201786428282,
            -0.04733591702980472,
            -0.06037100278766389,
            -0.11715934305619387,
            -0.015158783749415313,
            0.0762824206002314,
            -0.005451534415119297
        ],
        [
            0.041389046598683685,
            0.03677773681374236,
            -0.010461666169075113,
            0.03892212227914878,
            1.4668762453245416,
            0.018463119961086405,
            0.03699136130817096,
            -0.03447556184461496,
            0.1330803993491091,
            0.34604249391345965,
            0.044544764714864654,
            0.030503124002913454,
            -0.008508379292022894,
            -0.026631451914411824,
            -0.039255570272183044,
            0.009303139486414803,
            0.01851240045958908,
            0.00220656026579697,
            -0.010823695268040702,
            -0.002758615821341679
        ],
        [
            -0.5791572859469654,
            -0.5461475866071845,
            0.011670346703267775,
            -0.09711208989589903,
            0.018463119961086405,
            -0.46712105073790866,
            -0.6117868982634057,
            -0.15193647535119015,
            0.019490168875494665,
            0.026241262145640536,
            -0.5544542264425512,
            -0.53485154223863,
            0.022299752520679228,
            0.07318544765775026,
            -0.025643437274232544,
            -0.2271314810411365,
            -0.32987585612519466,
            -0.04749831274297654,
            0.21659066890251752,
            -0.005215259297636363
        ],
        [
            -0.4611969862137203,
            -0.3738062611895874,
            0.058143988962232274,
            -0.23134994716369012,
            0.03699136130817096,
            -0.6117868982634057,
            -0.4429691407885923,
            -0.12117163181783433,
            -0.010002254600818862,
            0.024560359092657337,
            -0.5211869856944338,
            -0.4233682634259017,
            0.09439251292141777,
            0.14949522284777705,
            -0.06606776589852653,
            -0.2888393665832165,
            -0.30642380342067854,
            -0.05347445755350489,
            0.15515127042396104,
            0.005480951904473508
        ],
        [
            -0.033943392602880984,
            -0.09887293820510687,
            0.28035088013765075,
            0.24967329358791396,
            -0.03447556184461496,
            -0.15193647535119015,
            -0.12117163181783433,
            1.3437866408292398,
            0.008211251394780466,
            0.007825586662331777,
            -0.020776017174622408,
            -0.09251177466632875,
            0.3177824172595338,
            -0.23288274164997197,
            0.0643411603233659,
            -0.019250670931238414,
            -0.05291619683650848,
            -0.05246598738649823,
            0.033048041704961714,
            2.0524271555168606e-05
        ],
        [
            0.024123116333738315,
            0.09378105933355732,
            0.28401533084907316,
            -0.5500180988064964,
            0.1330803993491091,
            0.019490168875494665,
            -0.010002254600818862,
            0.008211251394780466,
            0.8763529645128545,
            0.10058694117591767,
            -0.03787148082426217,
            -0.12165728811790177,
            -0.23895091921938427,
            -0.591837648706016,
            0.2371053021311454,
            -0.2824496391396659,
            -0.18513551671897646,
            -0.05945984534013092,
            0.1498130984806615,
            0.003738383758811706
        ],
        [
            0.004355444264395825,
            0.001029976263427889,
            -0.0419899749300306,
            0.1410062742606086,
            0.34604249391345965,
            0.026241262145640536,
            0.024560359092657337,
            0.007825586662331777,
            0.10058694117591767,
            1.3687143872903937,
            0.006262304958089215,
            0.039376573859992575,
            0.06737746377188754,
            0.24616371156678357,
            0.33711014552359686,
            0.04777281314537102,
            0.0437560146489156,
            0.011741319108708233,
            -0.03883562640687842,
            -0.04406412147304492
        ],
        [
            -0.27630714785569965,
            -0.35226499296451036,
            0.039625745153551085,
            -0.25415622131863924,
            0.044544764714864654,
            -0.5544542264425512,
            -0.5211869856944338,
            -0.020776017174622408,
            -0.03787148082426217,
            0.006262304958089215,
            -0.39943593774268926,
            -0.5825815243479416,
            0.14562729040069838,
            0.049158624483837676,
            -0.07336377289368629,
            -0.5010718748680802,
            -0.5015117072458083,
            -0.026024603525384105,
            0.10138253764536465,
            -0.0001999396810644441
        ],
        [
            -0.3262947150375689,
            -0.32117813483644264,
            0.04882977710013692,
            -0.19299582066229337,
            0.030503124002913454,
            -0.53485154223863,
            -0.4233682634259017,
            -0.09251177466632875,
            -0.12165728811790177,
            0.039376573859992575,
            -0.5825815243479416,
            -0.4378078701797692,
            0.12342637552962776,
            0.04868435705930961,
            -0.06445017150632756,
            -0.4177967150905445,
            -0.36290765417782467,
            -0.06200709698412543,
            0.1843217608404677,
            0.00602161445945752
        ],
        [
            0.03459406960296733,
            0.059804266845094545,
            -0.05662492634168599,
            0.050944660204225056,
            -0.008508379292022894,
            0.022299752520679228,
            0.09439251292141777,
            0.3177824172595338,
            -0.23895091921938427,
            0.06737746377188754,
            0.14562729040069838,
            0.12342637552962776,
            1.3584679131381605,
            0.0005951262187759449,
            0.02262339146300116,
            0.040587965380017965,
            0.09736538612802395,
            0.10096557463038225,
            0.28881114107365635,
            0.020200617394137
        ],
        [
            0.316061019681888,
            0.1993022527329802,
            -0.05471934650887579,
            0.13126201786428282,
            -0.026631451914411824,
            0.07318544765775026,
            0.14949522284777705,
            -0.23288274164997197,
            -0.591837648706016,
            0.24616371156678357,
            0.049158624483837676,
            0.04868435705930961,
            0.0005951262187759449,
            0.9477719233812845,
            0.061018270739329805,
            -0.05935101926318043,
            -0.0721674887604431,
            0.3179687633368284,
            -0.5825239938475969,
            -0.045581724193247866
        ],
        [
            -0.06804738302361057,
            -0.05666684202534111,
            0.013075627717327403,
            -0.04733591702980472,
            -0.039255570272183044,
            -0.025643437274232544,
            -0.06606776589852653,
            0.0643411603233659,
            0.2371053021311454,
            0.33711014552359686,
            -0.07336377289368629,
            -0.06445017150632756,
            0.02262339146300116,
            0.061018270739329805,
            1.3897628413358953,
            -0.009069127427473941,
            -0.03499957843032234,
            0.01693744483829029,
            -0.032997191686368776,
            0.21953219941750796
        ],
        [
            -0.004081462255968081,
            -0.12104913309205373,
            0.0058388753678013305,
            -0.06037100278766389,
            0.009303139486414803,
            -0.2271314810411365,
            -0.2888393665832165,
            -0.019250670931238414,
            -0.2824496391396659,
            0.04777281314537102,
            -0.5010718748680802,
            -0.4177967150905445,
            0.040587965380017965,
            -0.05935101926318043,
            -0.009069127427473941,
            -0.1947377872770899,
            -0.4348850256372717,
            -0.0775210311490649,
            0.20591328258999694,
            0.01059621583709912
        ],
        [
            -0.12639234284396772,
            -0.18992138128677716,
            0.022338136927383755,
            -0.11715934305619387,
            0.01851240045958908,
            -0.32987585612519466,
            -0.30642380342067854,
            -0.05291619683650848,
            -0.18513551671897646,
            0.0437560146489156,
            -0.5015117072458083,
            -0.36290765417782467,
            0.09736538612802395,
            -0.0721674887604431,
            -0.03499957843032234,
            -0.4348850256372717,
            -0.3063666138971177,
            -0.07088584821436439,
            0.1950584710562407,
            0.008870381540963817
        ],
        [
            -0.008373917714646167,
            -0.027233962528152297,
            -0.0014887931266829098,
            -0.015158783749415313,
            0.00220656026579697,
            -0.04749831274297654,
            -0.05347445755350489,
            -0.05246598738649823,
            -0.05945984534013092,
            0.011741319108708233,
            -0.026024603525384105,
            -0.06200709698412543,
            0.10096557463038225,
            0.3179687633368284,
            0.01693744483829029,
            -0.0775210311490649,
            -0.07088584821436439,
            1.4750456755645232,
            0.06740035789492596,
            0.0039829551480695695
        ],
        [
            0.057613632049885954,
            0.10239777560412257,
            -0.01214143916951493,
            0.0762824206002314,
            -0.010823695268040702,
            0.21659066890251752,
            0.15515127042396104,
            0.033048041704961714,
            0.1498130984806615,
            -0.03883562640687842,
            0.10138253764536465,
            0.1843217608404677,
            0.28881114107365635,
            -0.5825239938475969,
            -0.032997191686368776,
            0.20591328258999694,
            0.1950584710562407,
            0.06740035789492596,
            1.3178622585478414,
            -0.008336614122508672
        ],
        [
            -0.004810026263113206,
            -0.0010423811911342805,
            0.0010166542360896744,
            -0.005451534415119297,
            -0.002758615821341679,
            -0.005215259297636363,
            0.005480951904473508,
            2.0524271555168606e-05,
            0.003738383758811706,
            -0.04406412147304492,
            -0.0001999396810644441,
            0.00602161445945752,
            0.020200617394137,
            -0.045581724193247866,
            0.21953219941750796,
            0.01059621583709912,
            0.008870381540963817,
            0.0039829551480695695,
            -0.008336614122508672,
            1.5010530960005664
        ]
    ]
}