{
    "HF": -2.150801906874145,
    "coordinates": [
        [
            0.766977,
            0.022536,
            0.029781
        ],
        [
            1.464318,
            0.167562,
            0.115818
        ],
        [
            2.185966,
            0.002929,
            -0.113714
        ],
        [
            2.955174,
            0.069151,
            -0.058345
        ]
    ],
    "elements": [
        "H",
        "H",
        "H",
        "H"
    ],
    "Enn": 3.068470343009583,
    "S": [
        [
            0.9999999999999999,
            0.6848602514927513,
            0.0,
            0.0,
            0.0,
            0.5889612781326029,
            0.5720622144928061,
            -0.06503770849623251,
            -0.5271390294927911,
            -0.10962909809006138,
            0.15099623119395494,
            0.33649550730725875,
            0.019829978928326837,
            -0.19609409365850766,
            0.0027095466521321596,
            0.01521062196731554,
            0.12852438126932245,
            0.0007467695763592647,
            -0.018542529408808,
            -0.0003950101423188063
        ],
        [
            0.6848602514927513,
            1.0000000000000002,
            0.0,
            0.0,
            0.0,
            0.5720622144928061,
            0.8939335174348286,
            -0.01932158630379077,
            -0.1566039531210035,
            -0.0325689223856429,
            0.3364955073072588,
            0.6419875867633609,
            0.018279261039154292,
            -0.18075940167036134,
            0.002497658254257626,
            0.1285243812693225,
            0.3516201680602153,
            0.004003694824443582,
            -0.09941303365366592,
            -0.002117788555493698
        ],
        [
            0.0,
            0.0,
            1.0000000000000004,
            0.0,
            0.0,
            0.0650377084962325,
            0.019321586303790758,
            0.5028050254015305,
            -0.07985270243152205,
            -0.01660696563493888,
            -0.01982997892832683,
            -0.018279261039154275,
            0.06748205874134335,
            0.03768738288580929,
            -0.0005207485866642116,
            -0.000746769576359264,
            -0.004003694824443577,
            0.0019328597309808304,
            0.0009875721134983044,
            2.103817621115625e-05
        ],
        [
            0.0,
            0.0,
            0.0,
            1.0000000000000004,
            0.0,
            0.527139029492791,
            0.15660395312100306,
            -0.07985270243152205,
            -0.1345593242291618,
            -0.13460160190190168,
            0.19609409365850766,
            0.18075940167036128,
            0.03768738288580931,
            -0.30138865946519044,
            0.005149562815722242,
            0.018542529408807983,
            0.09941303365366586,
            0.0009875721134983044,
            -0.022549101505369113,
            -0.0005223846999832452
        ],
        [
            0.0,
            0.0,
            0.0,
            0.0,
            1.0000000000000004,
            0.10962909809006141,
            0.03256892238564289,
            -0.016606965634938887,
            -0.1346016019019017,
            0.4846640513897854,
            -0.0027095466521321596,
            -0.0024976582542576265,
            -0.000520748586664212,
            0.005149562815722243,
            0.07122203384268053,
            0.0003950101423188059,
            0.0021177885554936942,
            2.1038176211156236e-05,
            -0.0005223846999832448,
            0.001961504234782103
        ],
        [
            0.5889612781326029,
            0.5720622144928061,
            0.0650377084962325,
            0.5271390294927911,
            0.10962909809006138,
            0.9999999999999999,
            0.6848602514927513,
            0.0,
            0.0,
            0.0,
            0.5426938231873333,
            0.555153650942559,
            0.15646138103276883,
            -0.491914167521459,
            0.11222272512576822,
            0.12420685385354745,
            0.3107552167108018,
            0.018959394646761246,
            -0.16229467375672157,
            0.010713027374255269
        ],
        [
            0.5720622144928061,
            0.8939335174348286,
            0.01932158630379077,
            0.1566039531210033,
            0.032568922385642886,
            0.6848602514927513,
            1.0000000000000002,
            0.0,
            0.0,
            0.0,
            0.555153650942559,
            0.8773721732831649,
            0.049922012749623206,
            -0.15695467584798667,
            0.03580681876604879,
            0.31075521671080186,
            0.610859426420731,
            0.020375610281739977,
            -0.17441764807791416,
            0.011513261619496184
        ],
        [
            -0.0650377084962325,
            -0.019321586303790758,
            0.5028050254015305,
            -0.07985270243152205,
            -0.01660696563493888,
            0.0,
            0.0,
            1.0000000000000004,
            0.0,
            0.0,
            -0.1564613810327688,
            -0.04992201274962316,
            0.3958710939597851,
            0.19721160422240613,
            -0.044990823833707554,
            -0.018959394646761243,
            -0.02037561028173997,
            0.0488425855279404,
            0.035739158118403294,
            -0.00235913212918631
        ],
        [
            -0.527139029492791,
            -0.15660395312100306,
            -0.07985270243152205,
            -0.1345593242291618,
            -0.13460160190190168,
            0.0,
            0.0,
            0.0,
            1.0000000000000004,
            0.0,
            0.491914167521459,
            0.15695467584798664,
            0.19721160422240613,
            -0.16143527725911508,
            0.14145103095841705,
            0.16229467375672146,
            0.17441764807791388,
            0.035739158118403294,
            -0.25291378254997293,
            0.0201944516894529
        ],
        [
            -0.10962909809006141,
            -0.03256892238564289,
            -0.016606965634938887,
            -0.1346016019019017,
            0.4846640513897854,
            0.0,
            0.0,
            0.0,
            0.0,
            1.0000000000000004,
            -0.1122227251257682,
            -0.03580681876604878,
            -0.044990823833707554,
            0.14145103095841705,
            0.42632758571282847,
            -0.010713027374255269,
            -0.011513261619496179,
            -0.00235913212918631,
            0.0201944516894529,
            0.051684632519846216
        ],
        [
            0.15099623119395494,
            0.33649550730725875,
            -0.019829978928326837,
            0.19609409365850766,
            -0.0027095466521321596,
            0.5426938231873333,
            0.555153650942559,
            -0.15646138103276883,
            0.491914167521459,
            -0.11222272512576821,
            0.9999999999999999,
            0.6848602514927513,
            0.0,
            0.0,
            0.0,
            0.543430525112827,
            0.5554316988729536,
            -0.0378073356746038,
            -0.5252344282828056,
            -0.045218035056504804
        ],
        [
            0.3364955073072588,
            0.6419875867633609,
            -0.018279261039154292,
            0.18075940167036134,
            -0.002497658254257627,
            0.555153650942559,
            0.8773721732831649,
            -0.049922012749623206,
            0.15695467584798667,
            -0.035806818766048784,
            0.6848602514927513,
            1.0000000000000002,
            0.0,
            0.0,
            0.0,
            0.5554316988729535,
            0.8776460509133698,
            -0.012048907319231755,
            -0.16738817571586315,
            -0.014410640258884317
        ],
        [
            0.01982997892832683,
            0.018279261039154275,
            0.06748205874134335,
            0.03768738288580929,
            -0.0005207485866642116,
            0.1564613810327688,
            0.04992201274962316,
            0.3958710939597851,
            0.19721160422240613,
            -0.044990823833707554,
            0.0,
            0.0,
            1.0000000000000004,
            0.0,
            0.0,
            0.0378073356746038,
            0.012048907319231751,
            0.45579437226704567,
            -0.050802140417739276,
            -0.004373614604558882
        ],
        [
            -0.19609409365850766,
            -0.18075940167036128,
            0.03768738288580931,
            -0.30138865946519044,
            0.005149562815722242,
            -0.491914167521459,
            -0.15695467584798664,
            0.19721160422240613,
            -0.16143527725911508,
            0.14145103095841705,
            0.0,
            0.0,
            0.0,
            1.0000000000000004,
            0.0,
            0.5252344282828056,
            0.1673881757158631,
            -0.05080214041773919,
            -0.2463121809847474,
            -0.06075998018283745
        ],
        [
            0.002709546652132159,
            0.0024976582542576256,
            -0.000520748586664212,
            0.005149562815722243,
            0.07122203384268053,
            0.1122227251257682,
            0.03580681876604878,
            -0.044990823833707554,
            0.14145103095841705,
            0.42632758571282847,
            0.0,
            0.0,
            0.0,
            0.0,
            1.0000000000000004,
            0.045218035056504784,
            0.014410640258884302,
            -0.004373614604558877,
            -0.0607599801828375,
            0.45422030687136844
        ],
        [
            0.01521062196731554,
            0.12852438126932245,
            -0.0007467695763592647,
            0.018542529408808,
            0.00039501014231880626,
            0.12420685385354745,
            0.3107552167108018,
            -0.018959394646761246,
            0.16229467375672152,
            -0.010713027374255269,
            0.543430525112827,
            0.5554316988729536,
            0.03780733567460381,
            0.5252344282828056,
            0.045218035056504804,
            0.9999999999999999,
            0.6848602514927513,
            0.0,
            0.0,
            0.0
        ],
        [
            0.1285243812693225,
            0.3516201680602153,
            -0.004003694824443582,
            0.09941303365366601,
            0.002117788555493697,
            0.31075521671080186,
            0.610859426420731,
            -0.020375610281739977,
            0.17441764807791416,
            -0.011513261619496184,
            0.5554316988729535,
            0.8776460509133698,
            0.012048907319231755,
            0.16738817571586315,
            0.014410640258884317,
            0.6848602514927513,
            1.0000000000000002,
            0.0,
            0.0,
            0.0
        ],
        [
            0.000746769576359264,
            0.004003694824443577,
            0.0019328597309808304,
            0.0009875721134983044,
            2.1038176211156246e-05,
            0.018959394646761243,
            0.02037561028173997,
            0.0488425855279404,
            0.035739158118403294,
            -0.00235913212918631,
            -0.0378073356746038,
            -0.012048907319231751,
            0.45579437226704567,
            -0.05080214041773918,
            -0.004373614604558879,
            0.0,
            0.0,
            1.0000000000000004,
            0.0,
            0.0
        ],
        [
            -0.018542529408807983,
            -0.09941303365366586,
            0.0009875721134983044,
            -0.022549101505369113,
            -0.0005223846999832452,
            -0.16229467375672146,
            -0.17441764807791407,
            0.035739158118403294,
            -0.25291378254997293,
            0.0201944516894529,
            -0.5252344282828056,
            -0.1673881757158631,
            -0.05080214041773928,
            -0.2463121809847474,
            -0.06075998018283753,
            0.0,
            0.0,
            0.0,
            1.0000000000000004,
            0.0
        ],
        [
            -0.00039501014231880583,
            -0.0021177885554936942,
            2.103817621115624e-05,
            -0.000522384699983245,
            0.001961504234782103,
            0.010713027374255267,
            0.011513261619496179,
            -0.00235913212918631,
            0.0201944516894529,
            0.051684632519846216,
            -0.045218035056504784,
            -0.014410640258884302,
            -0.00437361460455888,
            -0.060759980182837424,
            0.45422030687136844,
            0.0,
            0.0,
            0.0,
            0.0,
            1.0000000000000004
        ]
    ],
    "h": [
        [
            -0.3080131263972572,
            -0.48612672331973794,
            -0.03339091509875931,
            -0.31416804200002263,
            -0.06039134909808523,
            -0.6170378576485928,
            -0.4827977798002545,
            0.01797700458469699,
            0.0060201144452678435,
            0.017340250379495215,
            -0.2862222794996951,
            -0.34090518692416094,
            -0.06347290053596702,
            0.33125925168618187,
            -0.035709679144286535,
            -0.02167982979637232,
            -0.15328305097274003,
            -0.004492111808263701,
            0.07857187339011604,
            -0.0003686771026101649
        ],
        [
            -0.48612672331973794,
            -0.3216963544315026,
            -0.024315226726382144,
            -0.2595618946625306,
            -0.04664698690005898,
            -0.5615979707544371,
            -0.3741959793685208,
            0.06098088354546208,
            0.11049511131072687,
            0.06950645371842379,
            -0.3585943541947405,
            -0.3244682242945389,
            -0.06106119024592602,
            0.187273072110335,
            -0.04180344037611801,
            -0.1510430829372416,
            -0.20876090113539936,
            0.000531372210318814,
            0.12688865935477112,
            0.0044260642168469635
        ],
        [
            -0.03339091509875931,
            -0.024315226726382144,
            1.464676448844459,
            -0.029989500164862733,
            -0.007011764794721542,
            0.003788203712368571,
            -0.01964712864096412,
            0.4443770578469304,
            -0.11292756459952424,
            -0.02510299882143329,
            -0.0012897019307458457,
            -0.015781283844968456,
            -0.049479856826863455,
            0.026855720800635738,
            -0.002014292721070213,
            0.004548287576520459,
            -0.0034825113807288683,
            -0.006453932408041179,
            -0.003155775072419523,
            -0.00026184734420591036
        ],
        [
            -0.31416804200002263,
            -0.2595618946625306,
            -0.029989500164862733,
            1.1670569435026035,
            -0.055764391543115625,
            -0.08422275595848816,
            -0.25385274222289644,
            -0.08863077232784061,
            -0.5186978681891447,
            -0.17196626471254695,
            -0.263897745523089,
            -0.20763820660164983,
            -0.05521811149538702,
            0.11267711921016965,
            -0.04057767865102764,
            -0.08102617437705298,
            -0.13305309082179717,
            -0.003725590122114172,
            0.10823403810178224,
            0.0020385365694069106
        ],
        [
            -0.06039134909808523,
            -0.04664698690005898,
            -0.007011764794721542,
            -0.055764391543115625,
            1.4574196077192223,
            -0.003779837041531897,
            -0.04146790150588854,
            -0.02294537911280943,
            -0.19550800888774006,
            0.4203157877197703,
            -0.02383611900660395,
            -0.03349848114944101,
            -0.008974229120164611,
            0.04039959247250549,
            -0.05071360696992114,
            -0.0014377535284352822,
            -0.01441392996882023,
            -0.00038906370596931646,
            0.004964441540679916,
            -0.006434209754007071
        ],
        [
            -0.6170378576485928,
            -0.5615979707544371,
            0.003788203712368571,
            -0.08422275595848816,
            -0.003779837041531897,
            -0.48097484870669827,
            -0.613567713275551,
            0.10295606849803787,
            0.07810883215660076,
            0.10829266678962285,
            -0.5366992375883488,
            -0.5261298129001555,
            -0.021894700125505984,
            0.07672731619474837,
            -0.012157590866206602,
            -0.2475719569490267,
            -0.33905745635000434,
            -0.006876387713666519,
            0.24411852848555243,
            0.0014728141184022214
        ],
        [
            -0.4827977798002545,
            -0.3741959793685208,
            -0.01964712864096412,
            -0.25385274222289644,
            -0.04146790150588854,
            -0.613567713275551,
            -0.4352578611198672,
            0.08573123252514833,
            0.02012815299776914,
            0.08696350046675731,
            -0.5185941510132807,
            -0.4161392025828792,
            -0.07098819750419283,
            0.12436107963256288,
            -0.051543124230739285,
            -0.313457835235476,
            -0.31235856515130056,
            0.007436914716617789,
            0.18946850187611097,
            0.011279094768465829
        ],
        [
            0.01797700458469699,
            0.06098088354546208,
            0.4443770578469304,
            -0.08863077232784061,
            -0.02294537911280943,
            0.10295606849803787,
            0.08573123252514833,
            1.3668188676466693,
            0.03992323931129045,
            -0.022857600680611184,
            0.024278864873903405,
            0.07815588728920357,
            0.2868321654003926,
            0.2691325775309814,
            -0.05944961336851788,
            0.05867647950065154,
            0.06116299184574334,
            -0.04657089898235148,
            -0.05679339802195835,
            -0.002346132624070715
        ],
        [
            0.0060201144452678435,
            0.11049511131072687,
            -0.11292756459952424,
            -0.5186978681891447,
            -0.19550800888774006,
            0.07810883215660076,
            0.02012815299776914,
            0.03992323931129045,
            0.8411125107071915,
            -0.00652341502714174,
            -0.04647491543941784,
            -0.10528138638537565,
            0.27844359923683587,
            -0.664042582051568,
            0.19294460020310245,
            -0.30697120169057157,
            -0.17750811190696156,
            0.007990479974008008,
            0.1637035568787606,
            0.012085536989365986
        ],
        [
            0.017340250379495215,
            0.06950645371842379,
            -0.02510299882143329,
            -0.17196626471254695,
            0.4203157877197703,
            0.10829266678962285,
            0.08696350046675731,
            -0.022857600680611184,
            -0.00652341502714174,
            1.3701224197901938,
            0.022398870225386114,
            0.06972379691958278,
            -0.05753159166267796,
            0.17891270871196213,
            0.3275844663030979,
            0.03691824393989865,
            0.04689805349753996,
            -0.0004336888000177185,
            -0.04017589260460641,
            -0.047106199367066476
        ],
        [
            -0.2862222794996951,
            -0.3585943541947405,
            -0.0012897019307458457,
            -0.263897745523089,
            -0.02383611900660395,
            -0.5366992375883488,
            -0.5185941510132807,
            0.024278864873903405,
            -0.04647491543941784,
            0.022398870225386114,
            -0.44273793445019205,
            -0.601659488822067,
            -0.08663797598015821,
            -0.045820937826475144,
            -0.0708913451370558,
            -0.5733040499029709,
            -0.5387461445686932,
            -0.004110729108216082,
            0.07837122974549127,
            -0.0013425770807687643
        ],
        [
            -0.34090518692416094,
            -0.3244682242945389,
            -0.015781283844968456,
            -0.20763820660164983,
            -0.03349848114944101,
            -0.5261298129001555,
            -0.4161392025828792,
            0.07815588728920357,
            -0.10528138638537565,
            0.06972379691958278,
            -0.601659488822067,
            -0.43783596376525646,
            -0.07416762810394265,
            -0.004298396545714386,
            -0.05894731924226957,
            -0.4581536622851423,
            -0.3678091889221018,
            0.008866952187183549,
            0.2338163891370486,
            0.013524247063450442
        ],
        [
            -0.06347290053596702,
            -0.06106119024592602,
            -0.049479856826863455,
            -0.05521811149538702,
            -0.008974229120164611,
            -0.021894700125505984,
            -0.07098819750419283,
            0.2868321654003926,
            0.27844359923683587,
            -0.05753159166267796,
            -0.08663797598015821,
            -0.07416762810394265,
            1.3819461697747235,
            0.05673560279622235,
            -0.017291476509887212,
            -0.013485656118748843,
            -0.04658603314995734,
            0.3785908061433024,
            -0.05047669128556244,
            -0.006652651897636516
        ],
        [
            0.33125925168618187,
            0.187273072110335,
            0.026855720800635738,
            0.11267711921016965,
            0.04039959247250549,
            0.07672731619474837,
            0.12436107963256288,
            0.2691325775309814,
            -0.664042582051568,
            0.17891270871196213,
            -0.045820937826475144,
            -0.004298396545714386,
            0.05673560279622235,
            0.8522682159282182,
            0.02801301799808651,
            -0.027015225082761996,
            -0.11113645406902434,
            -0.06873320172586539,
            -0.6334593790365204,
            -0.08427039298621598
        ],
        [
            -0.035709679144286535,
            -0.04180344037611801,
            -0.002014292721070213,
            -0.04057767865102764,
            -0.05071360696992114,
            -0.012157590866206602,
            -0.051543124230739285,
            -0.05944961336851788,
            0.19294460020310245,
            0.3275844663030979,
            -0.0708913451370558,
            -0.05894731924226957,
            -0.017291476509887212,
            0.02801301799808651,
            1.3925521249649844,
            -0.012646138482910158,
            -0.040851235742046355,
            -0.0071263870333116205,
            -0.06912815034617034,
            0.37739924840976213
        ],
        [
            -0.02167982979637232,
            -0.1510430829372416,
            0.004548287576520459,
            -0.08102617437705298,
            -0.0014377535284352822,
            -0.2475719569490267,
            -0.313457835235476,
            0.05867647950065154,
            -0.30697120169057157,
            0.03691824393989865,
            -0.5733040499029709,
            -0.4581536622851423,
            -0.013485656118748843,
            -0.027015225082761996,
            -0.012646138482910158,
            -0.2625368136724633,
            -0.4663926124430464,
            0.01700501518194531,
            0.2858259972216888,
            0.02142146109715355
        ],
        [
            -0.15328305097274003,
            -0.20876090113539936,
            -0.0034825113807288683,
            -0.13305309082179717,
            -0.01441392996882023,
            -0.33905745635000434,
            -0.31235856515130056,
            0.06116299184574334,
            -0.17750811190696156,
            0.04689805349753996,
            -0.5387461445686932,
            -0.3678091889221018,
            -0.04658603314995734,
            -0.11113645406902434,
            -0.040851235742046355,
            -0.4663926124430464,
            -0.3130419672483711,
            0.012506458683728013,
            0.2447467879001601,
            0.01669423210747547
        ],
        [
            -0.004492111808263701,
            0.000531372210318814,
            -0.006453932408041179,
            -0.003725590122114172,
            -0.00038906370596931646,
            -0.006876387713666519,
            0.007436914716617789,
            -0.04657089898235148,
            0.007990479974008008,
            -0.0004336888000177185,
            -0.004110729108216082,
            0.008866952187183549,
            0.3785908061433024,
            -0.06873320172586539,
            -0.0071263870333116205,
            0.01700501518194531,
            0.012506458683728013,
            1.4883760378768571,
            -0.015520543714227519,
            -0.0018170021818871016
        ],
        [
            0.07857187339011604,
            0.12688865935477112,
            -0.003155775072419523,
            0.10823403810178224,
            0.004964441540679916,
            0.24411852848555243,
            0.18946850187611097,
            -0.05679339802195835,
            0.1637035568787606,
            -0.04017589260460641,
            0.07837122974549127,
            0.2338163891370486,
            -0.05047669128556244,
            -0.6334593790365204,
            -0.06912815034617034,
            0.2858259972216888,
            0.2447467879001601,
            -0.015520543714227519,
            1.212233318614148,
            -0.02018918066896552
        ],
        [
            -0.0003686771026101649,
            0.0044260642168469635,
            -0.00026184734420591036,
            0.0020385365694069106,
            -0.006434209754007071,
            0.0014728141184022214,
            0.011279094768465829,
            -0.002346132624070715,
            0.012085536989365986,
            -0.047106199367066476,
            -0.0013425770807687643,
            0.013524247063450442,
            -0.006652651897636516,
            -0.08427039298621598,
            0.37739924840976213,
            0.02142146109715355,
            0.01669423210747547,
            -0.0018170021818871016,
            -0.02018918066896552,
            1.4880493034203093
        ]
    ]
}