{
    "HF": -2.1668785566202096,
    "coordinates": [
        [
            0.80374,
            0.012451,
            -0.13531
        ],
        [
            1.508763,
            0.059403,
            0.189631
        ],
        [
            2.284878,
            0.030113,
            -0.075916
        ],
        [
            3.091536,
            -0.028912,
            -0.064033
        ]
    ],
    "elements": [
        "H",
        "H",
        "H",
        "H"
    ],
    "Enn": 2.8970576751972996,
    "S": [
        [
            0.9999999999999999,
            0.6848602514927513,
            0.0,
            0.0,
            0.0,
            0.5404980677336781,
            0.5543231627218005,
            -0.22036387797557838,
            -0.47812249713633004,
            -0.031841241329070055,
            0.13130012846196418,
            0.3178866341899877,
            -0.0069189138023744694,
            -0.17254042750818796,
            -0.002057478121991073,
            0.010628901286972994,
            0.11019311501699199,
            -0.0003897105463423462,
            -0.012508638538095522,
            0.0002261542619408571
        ],
        [
            0.6848602514927513,
            1.0000000000000002,
            0.0,
            0.0,
            0.0,
            0.5543231627218005,
            0.876553830173496,
            -0.07056011850678065,
            -0.1530939660738597,
            -0.010195508366535355,
            0.3178866341899877,
            0.6195783353875585,
            -0.007119316132265828,
            -0.17753796103161848,
            -0.0021170717838178738,
            0.11019311501699199,
            0.3192981953887668,
            -0.002745282906654365,
            -0.08811604378287852,
            0.001593124526396236
        ],
        [
            0.0,
            0.0,
            1.0000000000000004,
            0.0,
            0.0,
            0.22036387797557833,
            0.07056011850678066,
            0.3310406697798904,
            -0.2712418095913597,
            -0.018063730465436613,
            0.006918913802374462,
            0.0071193161322658256,
            0.057161318912650375,
            -0.013175534164637508,
            -0.00015711316866883954,
            0.0003897105463423463,
            0.0027452829066543618,
            0.0010958026028494794,
            -0.0004701077973006872,
            8.49947671022605e-06
        ],
        [
            0.0,
            0.0,
            0.0,
            1.0000000000000004,
            0.0,
            0.4781224971363299,
            0.1530939660738597,
            -0.27124180959135963,
            -0.13245767025705257,
            -0.03919279328842318,
            0.1725404275081878,
            0.17753796103161823,
            -0.013175534164637508,
            -0.2708752498695391,
            -0.00391800997433794,
            0.01250863853809552,
            0.08811604378287839,
            -0.0004701077973006868,
            -0.013978720594734532,
            0.0002728098660121541
        ],
        [
            0.0,
            0.0,
            0.0,
            0.0,
            1.0000000000000004,
            0.03184124132907005,
            0.010195508366535357,
            -0.018063730465436606,
            -0.03919279328842318,
            0.45344434287984303,
            0.0020574781219910724,
            0.002117071783817876,
            -0.00015711316866883954,
            -0.00391800997433794,
            0.05764294033078138,
            -0.00022615426194085703,
            -0.001593124526396234,
            8.499476710226047e-06,
            0.0002728098660121542,
            0.0011055165978824022
        ],
        [
            0.5404980677336781,
            0.5543231627218005,
            0.22036387797557838,
            0.4781224971363299,
            0.031841241329070055,
            0.9999999999999999,
            0.6848602514927513,
            0.0,
            0.0,
            0.0,
            0.5065571366071042,
            0.5411396516192354,
            0.16589059851735993,
            -0.48484894149924773,
            0.018297836656311208,
            0.09510045325022823,
            0.27846696686155914,
            0.019951120518702216,
            -0.12448788506350082,
            0.00694613034805564
        ],
        [
            0.5543231627218005,
            0.876553830173496,
            0.07056011850678065,
            0.1530939660738597,
            0.010195508366535357,
            0.6848602514927513,
            1.0000000000000002,
            0.0,
            0.0,
            0.0,
            0.5411396516192354,
            0.8634999645646231,
            0.05620001199073467,
            -0.16425594077955688,
            0.006198896433432187,
            0.27846696686155914,
            0.5703931790603995,
            0.02638970794932168,
            -0.16466237708177636,
            0.009187772240224643
        ],
        [
            -0.22036387797557833,
            -0.07056011850678065,
            0.3310406697798904,
            -0.27124180959135963,
            -0.018063730465436613,
            0.0,
            0.0,
            1.0000000000000004,
            0.0,
            0.0,
            -0.16589059851735988,
            -0.05620001199073457,
            0.3406994956797801,
            0.22314428358149307,
            -0.008421298475228458,
            -0.019951120518702223,
            -0.02638970794932167,
            0.029353308525471883,
            0.03673232437901604,
            -0.0020495770571855856
        ],
        [
            -0.47812249713633004,
            -0.1530939660738597,
            -0.2712418095913597,
            -0.1324576702570524,
            -0.03919279328842319,
            0.0,
            0.0,
            0.0,
            1.0000000000000004,
            0.0,
            0.48484894149924807,
            0.16425594077955685,
            0.2231442835814933,
            -0.23513635821570728,
            0.024612953888019592,
            0.12448788506350082,
            0.16466237708177636,
            0.03673232437901604,
            -0.19395638432961812,
            0.01278863073803457
        ],
        [
            -0.031841241329070055,
            -0.010195508366535355,
            -0.018063730465436606,
            -0.03919279328842317,
            0.45344434287984303,
            0.0,
            0.0,
            0.0,
            0.0,
            1.0000000000000004,
            -0.018297836656311205,
            -0.0061988964334321805,
            -0.008421298475228458,
            0.02461295388801957,
            0.4161192229790007,
            -0.0069461303480556425,
            -0.009187772240224639,
            -0.002049577057185586,
            0.012788630738034573,
            0.034526659604653294
        ],
        [
            0.13130012846196418,
            0.3178866341899877,
            0.0069189138023744694,
            0.17254042750818793,
            0.0020574781219910732,
            0.5065571366071042,
            0.5411396516192354,
            -0.16589059851735993,
            0.48484894149924807,
            -0.018297836656311205,
            0.9999999999999999,
            0.6848602514927513,
            0.0,
            0.0,
            0.0,
            0.5158659224124436,
            0.5448216746930512,
            -0.007596610219463478,
            -0.5156834474806006,
            0.037733730388271644
        ],
        [
            0.3178866341899877,
            0.6195783353875585,
            0.007119316132265828,
            0.1775379610316184,
            0.0021170717838178755,
            0.5411396516192354,
            0.8634999645646231,
            -0.05620001199073467,
            0.16425594077955688,
            -0.006198896433432193,
            0.6848602514927513,
            1.0000000000000002,
            0.0,
            0.0,
            0.0,
            0.5448216746930512,
            0.8671578404794424,
            -0.0025331747818543317,
            -0.17196042271994058,
            0.012582735125721792
        ],
        [
            -0.006918913802374462,
            -0.0071193161322658256,
            0.057161318912650375,
            -0.01317553416463751,
            -0.00015711316866883951,
            0.16589059851735988,
            0.05620001199073459,
            0.3406994956797801,
            0.2231442835814932,
            -0.008421298475228454,
            0.0,
            0.0,
            1.0000000000000004,
            0.0,
            0.0,
            0.007596610219463467,
            0.0025331747818543417,
            0.4275300575224673,
            -0.010643233228814912,
            0.0007787895754220505
        ],
        [
            -0.17254042750818774,
            -0.17753796103161823,
            -0.013175534164637506,
            -0.27087524986953904,
            -0.0039180099743379385,
            -0.4848489414992477,
            -0.16425594077955685,
            0.22314428358149316,
            -0.23513635821570741,
            0.02461295388801957,
            0.0,
            0.0,
            0.0,
            1.0000000000000004,
            0.0,
            0.5156834474805999,
            0.1719604227199405,
            -0.010643233228814912,
            -0.29481161791246907,
            0.05286685528324505
        ],
        [
            -0.002057478121991072,
            -0.002117071783817876,
            -0.0001571131686688396,
            -0.003918009974337941,
            0.05764294033078138,
            0.018297836656311198,
            0.006198896433432186,
            -0.00842129847522846,
            0.024612953888019592,
            0.4161192229790007,
            0.0,
            0.0,
            0.0,
            0.0,
            1.0000000000000004,
            -0.037733730388271644,
            -0.012582735125721781,
            0.0007787895754220495,
            0.05286685528324499,
            0.4238184565805123
        ],
        [
            0.010628901286972994,
            0.11019311501699199,
            0.0003897105463423463,
            0.012508638538095524,
            -0.0002261542619408571,
            0.09510045325022823,
            0.27846696686155914,
            -0.019951120518702216,
            0.12448788506350077,
            -0.00694613034805564,
            0.5158659224124436,
            0.5448216746930512,
            0.007596610219463467,
            0.5156834474806,
            -0.037733730388271644,
            0.9999999999999999,
            0.6848602514927513,
            0.0,
            0.0,
            0.0
        ],
        [
            0.11019311501699199,
            0.3192981953887668,
            0.002745282906654363,
            0.08811604378287849,
            -0.0015931245263962356,
            0.27846696686155914,
            0.5703931790603995,
            -0.02638970794932167,
            0.16466237708177636,
            -0.009187772240224644,
            0.5448216746930512,
            0.8671578404794424,
            0.0025331747818543426,
            0.17196042271994058,
            -0.012582735125721792,
            0.6848602514927513,
            1.0000000000000002,
            0.0,
            0.0,
            0.0
        ],
        [
            -0.0003897105463423462,
            -0.002745282906654364,
            0.0010958026028494794,
            -0.00047010779730068727,
            8.499476710226052e-06,
            0.019951120518702223,
            0.026389707949321668,
            0.029353308525471883,
            0.03673232437901603,
            -0.0020495770571855856,
            -0.007596610219463478,
            -0.002533174781854331,
            0.4275300575224673,
            -0.010643233228814912,
            0.0007787895754220495,
            0.0,
            0.0,
            1.0000000000000004,
            0.0,
            0.0
        ],
        [
            -0.012508638538095522,
            -0.08811604378287835,
            -0.0004701077973006867,
            -0.013978720594734532,
            0.0002728098660121541,
            -0.12448788506350086,
            -0.16466237708177636,
            0.03673232437901605,
            -0.19395638432961806,
            0.012788630738034573,
            -0.5156834474805999,
            -0.1719604227199405,
            -0.010643233228814912,
            -0.29481161791246907,
            0.05286685528324499,
            0.0,
            0.0,
            0.0,
            1.0000000000000004,
            0.0
        ],
        [
            0.00022615426194085703,
            0.0015931245263962335,
            8.499476710226045e-06,
            0.0002728098660121542,
            0.0011055165978824022,
            0.0069461303480556425,
            0.009187772240224639,
            -0.002049577057185586,
            0.01278863073803457,
            0.034526659604653294,
            0.037733730388271644,
            0.012582735125721781,
            0.0007787895754220505,
            0.05286685528324505,
            0.4238184565805123,
            0.0,
            0.0,
            0.0,
            0.0,
            1.0000000000000004
        ]
    ],
    "h": [
        [
            -0.2695830319929502,
            -0.47030936400350676,
            -0.11421851734803434,
            -0.26329144489314343,
            -0.016968800038406777,
            -0.5807394873984884,
            -0.46618782376230916,
            0.032218111892783896,
            0.019789635375188963,
            0.0033857127118899627,
            -0.25397396333473016,
            -0.32049121032921246,
            -0.04108101005299643,
            0.30357843672777085,
            -0.0049839109222980515,
            -0.008482504256486577,
            -0.13005581093143576,
            -0.0026440449466128653,
            0.0581981746738415,
            -0.002203874898625855
        ],
        [
            -0.47030936400350676,
            -0.31935106406759783,
            -0.09398802574425305,
            -0.22810888023695206,
            -0.014045720272968418,
            -0.5373406449249086,
            -0.3724007059477654,
            0.12084284368914258,
            0.09452484888122889,
            0.015955945919865003,
            -0.33413525323531246,
            -0.316313297917415,
            -0.052741180272875,
            0.1784544195604355,
            -0.003375688033018656,
            -0.130531401137982,
            -0.1918838363653822,
            -0.0029209111624849283,
            0.11065095837801799,
            -0.006684442876732521
        ],
        [
            -0.11421851734803434,
            -0.09398802574425305,
            1.4291161277391786,
            -0.09893340513512372,
            -0.006583248376787033,
            -0.018582277684125403,
            -0.08453183949639202,
            0.20604426218906313,
            -0.3781864983451405,
            -0.02456358162330853,
            -0.05077921082701961,
            -0.0669873406349575,
            -0.059230571072505775,
            0.07228858956312886,
            -0.001596979681115242,
            -0.002614362696612005,
            -0.027270198345324487,
            -0.004336515882318372,
            0.007899178601459573,
            -0.0003413398426766557
        ],
        [
            -0.26329144489314343,
            -0.22810888023695206,
            -0.09893340513512372,
            1.2365697183420172,
            -0.01458784066593844,
            -0.08478104151181731,
            -0.22196237680673048,
            -0.3433470222808208,
            -0.47434338010982047,
            -0.050520280300067444,
            -0.23146268362449338,
            -0.1796132067377158,
            -0.04836849405209245,
            0.12479546300505973,
            -0.004840707950440588,
            -0.06107019326873197,
            -0.11097976177026563,
            -0.00045172251467953846,
            0.07899587120070677,
            -0.002994100891096055
        ],
        [
            -0.016968800038406777,
            -0.014045720272968418,
            -0.006583248376787033,
            -0.01458784066593844,
            1.4734690762924094,
            -0.003270443496807003,
            -0.012709375304050015,
            -0.024098146454665452,
            -0.05457747097164939,
            0.3708215829520085,
            -0.008027746769107252,
            -0.009973271870949898,
            -0.0022285662619609048,
            0.010781715787126101,
            -0.04492141563570125,
            0.00014495812422897118,
            -0.0037468205530271866,
            -9.087559845721185e-05,
            0.00010841641661061912,
            -0.0038298849870594827
        ],
        [
            -0.5807394873984884,
            -0.5373406449249086,
            -0.018582277684125403,
            -0.08478104151181731,
            -0.003270443496807003,
            -0.4233410256835608,
            -0.58728362708022,
            0.17720106163897525,
            0.05385458683217767,
            0.02302372512547105,
            -0.4969445076282971,
            -0.49831337178864965,
            -0.011544833826692469,
            0.08120636418374416,
            0.001569062509586494,
            -0.20709629643271735,
            -0.304850969632652,
            -0.017017460310542243,
            0.21389627962354793,
            -0.013403206477832622
        ],
        [
            -0.46618782376230916,
            -0.3724007059477654,
            -0.08453183949639202,
            -0.22196237680673048,
            -0.012709375304050015,
            -0.58728362708022,
            -0.42826585337795664,
            0.1480671901238695,
            0.01097251548390421,
            0.019603238571572604,
            -0.4922317388589834,
            -0.4082943842089546,
            -0.0587039043302135,
            0.12218912273225407,
            0.0013165396834136974,
            -0.28752310950068927,
            -0.29710587175049463,
            -0.002330586040084119,
            0.1714080712431491,
            -0.01215051414824462
        ],
        [
            0.032218111892783896,
            0.12084284368914258,
            0.20604426218906313,
            -0.3433470222808208,
            -0.024098146454665452,
            0.17720106163897525,
            0.1480671901238695,
            1.3382070261367487,
            -0.028523404074102622,
            -0.009206552179629587,
            0.04087045699728242,
            0.11306261065595825,
            0.21530054383449915,
            0.26610567257842355,
            -0.011587105434051032,
            0.05413233819142421,
            0.06934245730429225,
            -0.038001552417224485,
            -0.06371323814859081,
            0.004176180885944221
        ],
        [
            0.019789635375188963,
            0.09452484888122889,
            -0.3781864983451405,
            -0.47434338010982047,
            -0.05457747097164939,
            0.05385458683217767,
            0.01097251548390421,
            -0.028523404074102622,
            0.9477712322314136,
            -0.005562818090549988,
            -0.04799866804509012,
            -0.10269358604745144,
            0.30130797425188915,
            -0.6991484136438902,
            0.038701917707916034,
            -0.2743338651581535,
            -0.16788047270107606,
            -0.014594549548568717,
            0.20097000366677154,
            -0.016315148293154016
        ],
        [
            0.0033857127118899627,
            0.015955945919865003,
            -0.02456358162330853,
            -0.050520280300067444,
            0.3708215829520085,
            0.02302372512547105,
            0.019603238571572604,
            -0.009206552179629587,
            -0.005562818090549988,
            1.4062671615150955,
            0.007064981556987003,
            0.015339476541738863,
            -0.010560014806129725,
            0.029593645240145662,
            0.31121972119540764,
            0.01071396857372008,
            0.00954615103697972,
            0.0007957801901483721,
            -0.011362237362337615,
            -0.04107401545360896
        ],
        [
            -0.25397396333473016,
            -0.33413525323531246,
            -0.05077921082701961,
            -0.23146268362449338,
            -0.008027746769107252,
            -0.4969445076282971,
            -0.4922317388589834,
            0.04087045699728242,
            -0.04799866804509012,
            0.007064981556987003,
            -0.40143730321162163,
            -0.5837952727984745,
            -0.07006164516629274,
            -0.04822443636187196,
            0.010672599767136892,
            -0.547152727810599,
            -0.5190135689396,
            -0.00660466785909071,
            0.07156110409977778,
            -0.004906228443499916
        ],
        [
            -0.32049121032921246,
            -0.316313297917415,
            -0.0669873406349575,
            -0.1796132067377158,
            -0.009973271870949898,
            -0.49831337178864965,
            -0.4082943842089546,
            0.11306261065595825,
            -0.10269358604745144,
            0.015339476541738863,
            -0.5837952727984745,
            -0.4358991984039189,
            -0.06086725452741905,
            -0.008177457354098222,
            0.008374161126046028,
            -0.44458697046063766,
            -0.3620487101144414,
            -0.0032528195505181195,
            0.21674089959152487,
            -0.015588603941032335
        ],
        [
            -0.04108101005299643,
            -0.052741180272875,
            -0.059230571072505775,
            -0.04836849405209245,
            -0.0022285662619609048,
            -0.011544833826692469,
            -0.0587039043302135,
            0.21530054383449915,
            0.30130797425188915,
            -0.010560014806129725,
            -0.07006164516629274,
            -0.06086725452741905,
            1.3952756747820454,
            0.06599551257638267,
            -0.002301500994837173,
            -0.012526054090677256,
            -0.034118839039581,
            0.33914540953211136,
            0.002130159494715584,
            3.390776227067292e-05
        ],
        [
            0.30357843672777085,
            0.1784544195604355,
            0.07228858956312886,
            0.12479546300505973,
            0.010781715787126101,
            0.08120636418374416,
            0.12218912273225407,
            0.26610567257842355,
            -0.6991484136438902,
            0.029593645240145662,
            -0.04822443636187196,
            -0.008177457354098222,
            0.06599551257638267,
            0.9064186706984694,
            0.0262054964633725,
            -0.038296660819932216,
            -0.11473469094666733,
            -0.012731218049979297,
            -0.6665563062906162,
            0.07306464892684011
        ],
        [
            -0.0049839109222980515,
            -0.003375688033018656,
            -0.001596979681115242,
            -0.004840707950440588,
            -0.04492141563570125,
            0.001569062509586494,
            0.0013165396834136974,
            -0.011587105434051032,
            0.038701917707916034,
            0.31121972119540764,
            0.010672599767136892,
            0.008374161126046028,
            -0.002301500994837173,
            0.0262054964633725,
            1.4171128653639573,
            0.001960331187160491,
            0.01107826821787123,
            0.0011249640670116612,
            0.07243677673292104,
            0.33574627309969285
        ],
        [
            -0.008482504256486577,
            -0.130531401137982,
            -0.002614362696612005,
            -0.06107019326873197,
            0.00014495812422897118,
            -0.20709629643271735,
            -0.28752310950068927,
            0.05413233819142421,
            -0.2743338651581535,
            0.01071396857372008,
            -0.547152727810599,
            -0.44458697046063766,
            -0.012526054090677256,
            -0.038296660819932216,
            0.001960331187160491,
            -0.23777411407291593,
            -0.4547068601145072,
            0.00043243873380010775,
            0.2644514161675335,
            -0.0195372245080791
        ],
        [
            -0.13005581093143576,
            -0.1918838363653822,
            -0.027270198345324487,
            -0.11097976177026563,
            -0.0037468205530271866,
            -0.304850969632652,
            -0.29710587175049463,
            0.06934245730429225,
            -0.16788047270107606,
            0.00954615103697972,
            -0.5190135689396,
            -0.3620487101144414,
            -0.034118839039581,
            -0.11473469094666733,
            0.01107826821787123,
            -0.4547068601145072,
            -0.30703102124498716,
            -0.0010622819552954929,
            0.23094773600356194,
            -0.01692971782278556
        ],
        [
            -0.0026440449466128653,
            -0.0029209111624849283,
            -0.004336515882318372,
            -0.00045172251467953846,
            -9.087559845721185e-05,
            -0.017017460310542243,
            -0.002330586040084119,
            -0.038001552417224485,
            -0.014594549548568717,
            0.0007957801901483721,
            -0.00660466785909071,
            -0.0032528195505181195,
            0.33914540953211136,
            -0.012731218049979297,
            0.0011249640670116612,
            0.00043243873380010775,
            -0.0010622819552954929,
            1.4962994728827228,
            -0.0004422102910721709,
            6.160486363237779e-05
        ],
        [
            0.0581981746738415,
            0.11065095837801799,
            0.007899178601459573,
            0.07899587120070677,
            0.00010841641661061912,
            0.21389627962354793,
            0.1714080712431491,
            -0.06371323814859081,
            0.20097000366677154,
            -0.011362237362337615,
            0.07156110409977778,
            0.21674089959152487,
            0.002130159494715584,
            -0.6665563062906162,
            0.07243677673292104,
            0.2644514161675335,
            0.23094773600356194,
            -0.0004422102910721709,
            1.2420017747573449,
            0.018546797610025596
        ],
        [
            -0.002203874898625855,
            -0.006684442876732521,
            -0.0003413398426766557,
            -0.002994100891096055,
            -0.0038298849870594827,
            -0.013403206477832622,
            -0.01215051414824462,
            0.004176180885944221,
            -0.016315148293154016,
            -0.04107401545360896,
            -0.004906228443499916,
            -0.015588603941032335,
            3.390776227067292e-05,
            0.07306464892684011,
            0.33574627309969285,
            -0.0195372245080791,
            -0.01692971782278556,
            6.160486363237779e-05,
            0.018546797610025596,
            1.495591431130089
        ]
    ]
}