{
    "HF": -2.10955855438869,
    "coordinates": [
        [
            0.779074,
            -0.04753,
            -0.137473
        ],
        [
            1.532743,
            0.101609,
            0.005777
        ],
        [
            2.194016,
            0.117476,
            -0.045827
        ],
        [
            2.963346,
            0.02049,
            0.092641
        ]
    ],
    "elements": [
        "H",
        "H",
        "H",
        "H"
    ],
    "Enn": 3.1266632725421153,
    "S": [
        [
            0.9999999999999999,
            0.6848602514927513,
            0.0,
            0.0,
            0.0,
            0.5374746925636379,
            0.5531753123857622,
            -0.09646007996105332,
            -0.5074971867655643,
            -0.10042554879798626,
            0.15058393903091238,
            0.3361222359823988,
            -0.012622507857194005,
            -0.19488157161767877,
            -0.022726464128103276,
            0.014839103862752072,
            0.12716951718011352,
            -0.0018919579928805953,
            -0.017958711199776125,
            -0.0005592488187408768
        ],
        [
            0.6848602514927513,
            1.0000000000000002,
            0.0,
            0.0,
            0.0,
            0.5531753123857622,
            0.8754219976178197,
            -0.031037620280037245,
            -0.16329558281909506,
            -0.03231357522474326,
            0.3361222359823988,
            0.6415427745199224,
            -0.011660572279256484,
            -0.18003004454046798,
            -0.02099452665158321,
            0.12716951718011352,
            0.34929342674483027,
            -0.010336223502995146,
            -0.09811277707281692,
            -0.00305531137902835
        ],
        [
            0.0,
            0.0,
            1.0000000000000004,
            0.0,
            0.0,
            0.0964600799610533,
            0.031037620280037218,
            0.42844672788203675,
            -0.1268470282349893,
            -0.025100991209586795,
            0.012622507857194,
            0.011660572279256473,
            0.06945118616247148,
            -0.02390223956751673,
            -0.002787402552244307,
            0.0018919579928805953,
            0.010336223502995139,
            0.0016354480372038449,
            -0.0024742642872344076,
            -7.705059480581375e-05
        ],
        [
            0.0,
            0.0,
            0.0,
            1.0000000000000004,
            0.0,
            0.5074971867655641,
            0.163295582819095,
            -0.1268470282349893,
            -0.2148128795355388,
            -0.13206170292452402,
            0.19488157161767883,
            0.1800300445404678,
            -0.02390223956751674,
            -0.29803240026124445,
            -0.04303529823535851,
            0.01795871119977612,
            0.09811277707281695,
            -0.0024742642872344076,
            -0.021589925388365492,
            -0.0007313742615298695
        ],
        [
            0.0,
            0.0,
            0.0,
            0.0,
            1.0000000000000004,
            0.10042554879798624,
            0.03231357522474324,
            -0.025100991209586806,
            -0.13206170292452407,
            0.4264236733079486,
            0.022726464128103276,
            0.020994526651583193,
            -0.0027874025522443093,
            -0.04303529823535852,
            0.06598069919323957,
            0.0005592488187408766,
            0.0030553113790283484,
            -7.705059480581375e-05,
            -0.0007313742615298695,
            0.0018733372629611666
        ],
        [
            0.5374746925636379,
            0.5531753123857622,
            0.09646007996105335,
            0.5074971867655644,
            0.10042554879798626,
            0.9999999999999999,
            0.6848602514927513,
            0.0,
            0.0,
            0.0,
            0.6329368145696489,
            0.587159271191257,
            0.04271497293522375,
            -0.5473656750987177,
            -0.01313383605075565,
            0.14763021499177975,
            0.33342891745837655,
            -0.011677358900959302,
            -0.1923197720089919,
            0.010905043247915336
        ],
        [
            0.5531753123857622,
            0.8754219976178197,
            0.031037620280037252,
            0.16329558281909506,
            0.03231357522474328,
            0.6848602514927513,
            1.0000000000000002,
            0.0,
            0.0,
            0.0,
            0.587159271191257,
            0.9085637424227766,
            0.01191557618440121,
            -0.1526906598362056,
            -0.003663755664636332,
            0.33342891745837655,
            0.6383276874411161,
            -0.010957447171412183,
            -0.18046321601312168,
            0.010232744947248398
        ],
        [
            -0.0964600799610533,
            -0.03103762028003721,
            0.42844672788203675,
            -0.1268470282349893,
            -0.0251009912095868,
            0.0,
            0.0,
            1.0000000000000004,
            0.0,
            0.0,
            -0.042714972935223736,
            -0.011915576184401205,
            0.5608235312088534,
            0.05003057081904428,
            0.0012004649625582382,
            0.011677358900959297,
            0.010957447171412173,
            0.06755543453676821,
            -0.022230191696818523,
            0.0012605110713833415
        ],
        [
            -0.5074971867655643,
            -0.163295582819095,
            -0.12684702823498933,
            -0.21481287953553863,
            -0.13206170292452407,
            0.0,
            0.0,
            0.0,
            1.0000000000000004,
            0.0,
            0.5473656750987174,
            0.15269065983620522,
            0.0500305708190443,
            -0.07638270372949744,
            -0.015383208030109573,
            0.19231977200899186,
            0.1804632160131214,
            -0.022230191696818547,
            -0.2972139911857197,
            0.020759934152862213
        ],
        [
            -0.10042554879798624,
            -0.03231357522474325,
            -0.0251009912095868,
            -0.13206170292452402,
            0.4264236733079486,
            0.0,
            0.0,
            0.0,
            0.0,
            1.0000000000000004,
            0.013133836050755653,
            0.0036637556646363315,
            0.001200464962558241,
            -0.015383208030109603,
            0.5643586705760016,
            -0.010905043247915332,
            -0.010232744947248391,
            0.0012605110713833421,
            0.0207599341528622,
            0.0677280738175515
        ],
        [
            0.15058393903091238,
            0.3361222359823988,
            0.012622507857194001,
            0.19488157161767874,
            0.022726464128103276,
            0.6329368145696489,
            0.587159271191257,
            -0.04271497293522375,
            0.5473656750987177,
            0.01313383605075565,
            0.9999999999999999,
            0.6848602514927513,
            0.0,
            0.0,
            0.0,
            0.5325881781064008,
            0.5513093922802055,
            -0.09216844691324497,
            -0.5120890838588463,
            0.06455678562792828
        ],
        [
            0.3361222359823988,
            0.6415427745199224,
            0.011660572279256477,
            0.18003004454046787,
            0.020994526651583204,
            0.587159271191257,
            0.9085637424227766,
            -0.011915576184401214,
            0.1526906598362056,
            0.0036637556646363554,
            0.6848602514927513,
            1.0000000000000002,
            0.0,
            0.0,
            0.0,
            0.5513093922802055,
            0.8735802066186465,
            -0.02989349803191188,
            -0.16608866193554314,
            0.020938056447143073
        ],
        [
            -0.012622507857193998,
            -0.011660572279256466,
            0.06945118616247148,
            -0.02390223956751673,
            -0.0027874025522443076,
            0.042714972935223736,
            0.011915576184401208,
            0.5608235312088534,
            0.05003057081904428,
            0.0012004649625582406,
            0.0,
            0.0,
            1.0000000000000004,
            0.0,
            0.0,
            0.09216844691324495,
            0.029893498031911856,
            0.42466625775670924,
            -0.12359945844743273,
            0.015581632169527656
        ],
        [
            -0.19488157161767877,
            -0.1800300445404677,
            -0.02390223956751674,
            -0.29803240026124456,
            -0.04303529823535852,
            -0.5473656750987174,
            -0.15269065983620522,
            0.0500305708190443,
            -0.07638270372949744,
            -0.015383208030109603,
            0.0,
            0.0,
            0.0,
            1.0000000000000004,
            0.0,
            0.5120890838588463,
            0.16608866193554309,
            -0.12359945844743277,
            -0.23980786194140954,
            0.08657174998543136
        ],
        [
            -0.022726464128103276,
            -0.02099452665158319,
            -0.0027874025522443085,
            -0.04303529823535852,
            0.06598069919323957,
            -0.013133836050755653,
            -0.0036637556646363315,
            0.0012004649625582387,
            -0.015383208030109573,
            0.5643586705760016,
            0.0,
            0.0,
            0.0,
            0.0,
            1.0000000000000004,
            -0.06455678562792828,
            -0.020938056447143034,
            0.015581632169527666,
            0.08657174998543138,
            0.4359986145713558
        ],
        [
            0.014839103862752072,
            0.12716951718011352,
            0.0018919579928805953,
            0.01795871119977612,
            0.0005592488187408768,
            0.14763021499177975,
            0.33342891745837655,
            0.011677358900959302,
            0.19231977200899197,
            -0.010905043247915337,
            0.5325881781064008,
            0.5513093922802055,
            0.09216844691324497,
            0.5120890838588463,
            -0.0645567856279283,
            0.9999999999999999,
            0.6848602514927513,
            0.0,
            0.0,
            0.0
        ],
        [
            0.12716951718011352,
            0.34929342674483027,
            0.010336223502995146,
            0.09811277707281696,
            0.003055311379028349,
            0.33342891745837655,
            0.6383276874411161,
            0.010957447171412187,
            0.18046321601312149,
            -0.010232744947248395,
            0.5513093922802055,
            0.8735802066186465,
            0.02989349803191189,
            0.16608866193554314,
            -0.020938056447143066,
            0.6848602514927513,
            1.0000000000000002,
            0.0,
            0.0,
            0.0
        ],
        [
            -0.0018919579928805953,
            -0.01033622350299514,
            0.0016354480372038449,
            -0.0024742642872344076,
            -7.705059480581375e-05,
            -0.011677358900959299,
            -0.010957447171412178,
            0.06755543453676821,
            -0.022230191696818537,
            0.0012605110713833415,
            -0.09216844691324495,
            -0.029893498031911866,
            0.42466625775670924,
            -0.12359945844743273,
            0.01558163216952766,
            0.0,
            0.0,
            1.0000000000000004,
            0.0,
            0.0
        ],
        [
            -0.017958711199776125,
            -0.0981127770728169,
            -0.0024742642872344076,
            -0.021589925388365492,
            -0.0007313742615298695,
            -0.19231977200899186,
            -0.1804632160131212,
            -0.022230191696818533,
            -0.29721399118571956,
            0.0207599341528622,
            -0.5120890838588463,
            -0.16608866193554309,
            -0.12359945844743277,
            -0.23980786194140954,
            0.08657174998543138,
            0.0,
            0.0,
            0.0,
            1.0000000000000004,
            0.0
        ],
        [
            -0.0005592488187408766,
            -0.003055311379028349,
            -7.705059480581375e-05,
            -0.0007313742615298695,
            0.0018733372629611666,
            0.010905043247915332,
            0.010232744947248391,
            0.0012605110713833421,
            0.020759934152862213,
            0.0677280738175515,
            0.06455678562792828,
            0.02093805644714304,
            0.01558163216952766,
            0.08657174998543136,
            0.4359986145713558,
            0.0,
            0.0,
            0.0,
            0.0,
            1.0000000000000004
        ]
    ],
    "h": [
        [
            -0.2631110091301938,
            -0.46520302080289944,
            -0.0496456659127026,
            -0.27544239085809674,
            -0.05416919729702802,
            -0.5786814269879097,
            -0.45566582179731707,
            0.015307362398217395,
            0.021456801467648945,
            0.0067769525185087665,
            -0.297072335393447,
            -0.33125112230063847,
            0.001855430985220504,
            0.3505720424327756,
            0.01952173296902085,
            -0.01605502494908296,
            -0.1444823468889944,
            0.007448093792613272,
            0.08087201549454463,
            -0.0015717066695049011
        ],
        [
            -0.46520302080289944,
            -0.31447292038530095,
            -0.04166481293042301,
            -0.24018793062809526,
            -0.04611211533350889,
            -0.5543860169030879,
            -0.37036015150522106,
            0.048250203501111893,
            0.08060087979061537,
            0.0362675087978343,
            -0.37931987790915456,
            -0.32437152365554156,
            -0.016216309544545456,
            0.2222773428045033,
            0.015083282495502996,
            -0.144177635851979,
            -0.20390018465901022,
            0.017062054597958787,
            0.13025782201014705,
            -0.010749777559953934
        ],
        [
            -0.0496456659127026,
            -0.04166481293042301,
            1.471677288304757,
            -0.04681080472604324,
            -0.009178048714490678,
            -0.011171085523304147,
            -0.038352544592543725,
            0.3367273818777924,
            -0.17945498053798248,
            -0.034433296725403045,
            -0.03547310149187613,
            -0.033218424621299786,
            -0.04864023941139864,
            0.03857039183464392,
            0.0017446982693514832,
            -0.007611885092899819,
            -0.01781592281148253,
            -0.0046491807756639785,
            0.01303662974694244,
            -0.00020932879042329818
        ],
        [
            -0.27544239085809674,
            -0.24018793062809526,
            -0.04681080472604324,
            1.2133709707374987,
            -0.05078272396053344,
            -0.10473791969998647,
            -0.23600332961729564,
            -0.1629504903085598,
            -0.5999783325905997,
            -0.17849591293115558,
            -0.280549711490957,
            -0.20187319967558182,
            -0.01571432753107036,
            0.13911592092463088,
            0.005131197836200668,
            -0.08089380845392377,
            -0.1301296241559161,
            0.012775782761965651,
            0.11023244350871299,
            -0.002049819611366191
        ],
        [
            -0.05416919729702802,
            -0.04611211533350889,
            -0.009178048714490678,
            -0.05078272396053344,
            1.4705098759406314,
            -0.01605229929278343,
            -0.04330938132956954,
            -0.03281772678060306,
            -0.18737274989681446,
            0.3333033913076231,
            -0.043387823061883185,
            -0.03682045385373307,
            -0.0020766143391915655,
            0.04009696814846388,
            -0.04558981360984889,
            -0.006546273681205576,
            -0.01930766204001949,
            0.0009950008356569172,
            0.009384299385007277,
            -0.006345699948265188
        ],
        [
            -0.5786814269879097,
            -0.5543860169030879,
            -0.011171085523304147,
            -0.10473791969998647,
            -0.01605229929278343,
            -0.5171350826115155,
            -0.6333968399674869,
            0.06957926323390576,
            -0.04411632904535834,
            0.042889930915962354,
            -0.6190861772233638,
            -0.5679028449384986,
            -0.0055442566757146206,
            0.04707889643515761,
            0.016450020082311403,
            -0.29261381426507127,
            -0.3771205921565145,
            0.03350655859035518,
            0.280256848012312,
            -0.024924180106500507
        ],
        [
            -0.45566582179731707,
            -0.37036015150522106,
            -0.038352544592543725,
            -0.23600332961729564,
            -0.04330938132956954,
            -0.6333968399674869,
            -0.4454642627214829,
            0.052973978459310615,
            -0.04705752469512338,
            0.034877884417720384,
            -0.5671389409947847,
            -0.42849672701094965,
            -0.03439948600051602,
            0.16070274350242209,
            0.026034442018084407,
            -0.3282634683538453,
            -0.32307580617704534,
            0.03148988524111186,
            0.2015574385896945,
            -0.02284431443557994
        ],
        [
            0.015307362398217395,
            0.048250203501111893,
            0.3367273818777924,
            -0.1629504903085598,
            -0.03281772678060306,
            0.06957926323390576,
            0.052973978459310615,
            1.3666878196169365,
            -0.02845491814501238,
            -0.008575600420670453,
            0.006639415073453378,
            0.03584278959028066,
            0.5172530236267276,
            0.04955001595028376,
            0.0006102954296978583,
            -0.0015702114141337813,
            0.01664115697943465,
            -0.04869320409259817,
            -0.015128824028860614,
            0.0010676847011924953
        ],
        [
            0.021456801467648945,
            0.08060087979061537,
            -0.17945498053798248,
            -0.5999783325905997,
            -0.18737274989681446,
            -0.04411632904535834,
            -0.04705752469512338,
            -0.02845491814501238,
            0.7556957695098716,
            -0.05500051400500312,
            -0.04452871887677001,
            -0.15999134476337845,
            0.05059032601945797,
            -0.6232605442476764,
            -0.016297096227051625,
            -0.3483810120470536,
            -0.22160842667999345,
            0.036972031918030515,
            0.1466471123843205,
            -0.026832982109175924
        ],
        [
            0.0067769525185087665,
            0.0362675087978343,
            -0.034433296725403045,
            -0.17849591293115558,
            0.3333033913076231,
            0.042889930915962354,
            0.034877884417720384,
            -0.008575600420670453,
            -0.05500051400500312,
            1.368119485562341,
            0.014531501757229434,
            0.020340199088328445,
            0.0014468528858224141,
            -0.04230077082722661,
            0.5221826577391392,
            0.0003016994922976912,
            0.004307868583001258,
            0.0001799026746442246,
            0.0032438935907985467,
            -0.047499482041376606
        ],
        [
            -0.297072335393447,
            -0.37931987790915456,
            -0.03547310149187613,
            -0.280549711490957,
            -0.043387823061883185,
            -0.6190861772233638,
            -0.5671389409947847,
            0.006639415073453378,
            -0.04452871887677001,
            0.014531501757229434,
            -0.5133188783166218,
            -0.632162551268932,
            -0.06691047347472961,
            0.045220541271883505,
            0.03921367687243432,
            -0.5737640824056751,
            -0.5517527957775239,
            0.010597928535488077,
            0.10458921249212039,
            -0.009391178424054542
        ],
        [
            -0.33125112230063847,
            -0.32437152365554156,
            -0.033218424621299786,
            -0.20187319967558182,
            -0.03682045385373307,
            -0.5679028449384986,
            -0.42849672701094965,
            0.03584278959028066,
            -0.15999134476337845,
            0.020340199088328445,
            -0.632162551268932,
            -0.44565330371930645,
            -0.05099770565237544,
            0.0468498832483389,
            0.03295817892249694,
            -0.4529296826158994,
            -0.36956129119766135,
            0.03631592190375983,
            0.23580437776891972,
            -0.026996488527212138
        ],
        [
            0.001855430985220504,
            -0.016216309544545456,
            -0.04864023941139864,
            -0.01571432753107036,
            -0.0020766143391915655,
            -0.0055442566757146206,
            -0.03439948600051602,
            0.5172530236267276,
            0.05059032601945797,
            0.0014468528858224141,
            -0.06691047347472961,
            -0.05099770565237544,
            1.3687960422144114,
            -0.026784438702605128,
            0.005804355675028828,
            -0.015065219133637925,
            -0.046350450888865066,
            0.3317611502754185,
            -0.1581611807654059,
            0.020389221763992306
        ],
        [
            0.3505720424327756,
            0.2222773428045033,
            0.03857039183464392,
            0.13911592092463088,
            0.04009696814846388,
            0.04707889643515761,
            0.16070274350242209,
            0.04955001595028376,
            -0.6232605442476764,
            -0.04230077082722661,
            0.045220541271883505,
            0.0468498832483389,
            -0.026784438702605128,
            0.7522449049220081,
            0.01866801908106886,
            -0.02423978121686632,
            -0.0826776274206884,
            -0.17400439843882934,
            -0.6290593064161327,
            0.12106839971374994
        ],
        [
            0.01952173296902085,
            0.015083282495502996,
            0.0017446982693514832,
            0.005131197836200668,
            -0.04558981360984889,
            0.016450020082311403,
            0.026034442018084407,
            0.0006102954296978583,
            -0.016297096227051625,
            0.5221826577391392,
            0.03921367687243432,
            0.03295817892249694,
            0.005804355675028828,
            0.01866801908106886,
            1.374711141976387,
            0.0044062916216270065,
            0.02769134501133244,
            0.021099237184037105,
            0.1137153633318441,
            0.34660472883513704
        ],
        [
            -0.01605502494908296,
            -0.144177635851979,
            -0.007611885092899819,
            -0.08089380845392377,
            -0.006546273681205576,
            -0.29261381426507127,
            -0.3282634683538453,
            -0.0015702114141337813,
            -0.3483810120470536,
            0.0003016994922976912,
            -0.5737640824056751,
            -0.4529296826158994,
            -0.015065219133637925,
            -0.02423978121686632,
            0.0044062916216270065,
            -0.25838690361189554,
            -0.46308281796763473,
            0.04694421029253449,
            0.2751767260184227,
            -0.03460354831266546
        ],
        [
            -0.1444823468889944,
            -0.20390018465901022,
            -0.01781592281148253,
            -0.1301296241559161,
            -0.01930766204001949,
            -0.3771205921565145,
            -0.32307580617704534,
            0.01664115697943465,
            -0.22160842667999345,
            0.004307868583001258,
            -0.5517527957775239,
            -0.36956129119766135,
            -0.046350450888865066,
            -0.0826776274206884,
            0.02769134501133244,
            -0.46308281796763473,
            -0.3134853590451012,
            0.03957238990822543,
            0.24080730367102102,
            -0.029339898657196793
        ],
        [
            0.007448093792613272,
            0.017062054597958787,
            -0.0046491807756639785,
            0.012775782761965651,
            0.0009950008356569172,
            0.03350655859035518,
            0.03148988524111186,
            -0.04869320409259817,
            0.036972031918030515,
            0.0001799026746442246,
            0.010597928535488077,
            0.03631592190375983,
            0.3317611502754185,
            -0.17400439843882934,
            0.021099237184037105,
            0.04694421029253449,
            0.03957238990822543,
            1.4748801895655073,
            -0.04478738006166193,
            0.005589718751529775
        ],
        [
            0.08087201549454463,
            0.13025782201014705,
            0.01303662974694244,
            0.11023244350871299,
            0.009384299385007277,
            0.280256848012312,
            0.2015574385896945,
            -0.015128824028860614,
            0.1466471123843205,
            0.0032438935907985467,
            0.10458921249212039,
            0.23580437776891972,
            -0.1581611807654059,
            -0.6290593064161327,
            0.1137153633318441,
            0.2751767260184227,
            0.24080730367102102,
            -0.04478738006166193,
            1.2134335994520562,
            0.032320273417140034
        ],
        [
            -0.0015717066695049011,
            -0.010749777559953934,
            -0.00020932879042329818,
            -0.002049819611366191,
            -0.006345699948265188,
            -0.024924180106500507,
            -0.02284431443557994,
            0.0010676847011924953,
            -0.026832982109175924,
            -0.047499482041376606,
            -0.009391178424054542,
            -0.026996488527212138,
            0.020389221763992306,
            0.12106839971374994,
            0.34660472883513704,
            -0.03460354831266546,
            -0.029339898657196793,
            0.005589718751529775,
            0.032320273417140034,
            1.478737689904245
        ]
    ]
}