{
    "HF": -2.172037761461241,
    "coordinates": [
        [
            0.757178,
            -0.138029,
            -0.163532
        ],
        [
            1.500924,
            0.157208,
            -0.153263
        ],
        [
            2.309228,
            0.058425,
            0.143372
        ],
        [
            2.971323,
            -0.026748,
            -0.053479
        ]
    ],
    "elements": [
        "H",
        "H",
        "H",
        "H"
    ],
    "Enn": 2.958813833891024,
    "S": [
        [
            0.9999999999999999,
            0.6848602514927513,
            0.0,
            0.0,
            0.0,
            0.5226508954127322,
            0.5474733716389888,
            -0.006674312511639496,
            -0.4833959716897277,
            -0.19188859703952713,
            0.098011125355731,
            0.2819514423426523,
            -0.025039584678007834,
            -0.12662815538247157,
            -0.016028225661227455,
            0.013702194721471153,
            0.12289614326234785,
            -0.0008208862384096002,
            -0.016515325891556104,
            -0.000830045900579346
        ],
        [
            0.6848602514927513,
            1.0000000000000002,
            0.0,
            0.0,
            0.0,
            0.5474733716389888,
            0.8697863237226954,
            -0.0022004843871167162,
            -0.15937301207328008,
            -0.06326462255323592,
            0.2819514423426523,
            0.5748427331294229,
            -0.032356225669988976,
            -0.16362927837729846,
            -0.02071172079142667,
            0.12289614326234788,
            0.3418927218635962,
            -0.004765325524040958,
            -0.09587309462193382,
            -0.004818498265751976
        ],
        [
            0.0,
            0.0,
            1.0000000000000004,
            0.0,
            0.0,
            0.006674312511639496,
            0.002200484387116715,
            0.43535107918226995,
            -0.00863462499908664,
            -0.0034275959546072768,
            0.02503958467800783,
            0.03235622566998895,
            0.02788459845262063,
            -0.04564458078929259,
            -0.005777559018317506,
            0.000820886238409601,
            0.004765325524040964,
            0.0016164668614118646,
            -0.0010558010713730198,
            -5.306364263562732e-05
        ],
        [
            0.0,
            0.0,
            0.0,
            1.0000000000000004,
            0.0,
            0.48339597168972753,
            0.15937301207328,
            -0.008634624999086645,
            -0.18990391549910574,
            -0.24824820146609627,
            0.12662815538247157,
            0.1636292783772983,
            -0.04564458078929259,
            -0.19391966350017764,
            -0.02921780255187188,
            0.016515325891556118,
            0.09587309462193366,
            -0.0010558010713730193,
            -0.019572608340470296,
            -0.001067581974352912
        ],
        [
            0.0,
            0.0,
            0.0,
            0.0,
            1.0000000000000004,
            0.1918885970395271,
            0.0632646225532359,
            -0.0034275959546072768,
            -0.24824820146609614,
            0.33692583011588134,
            0.01602822566122745,
            0.020711720791426667,
            -0.005777559018317508,
            -0.02921780255187189,
            0.03321210094289581,
            0.0008300459005793466,
            0.004818498265751976,
            -5.3063642635627286e-05,
            -0.0010675819743529117,
            0.0016152891994339219
        ],
        [
            0.5226508954127322,
            0.5474733716389888,
            0.006674312511639496,
            0.4833959716897277,
            0.19188859703952713,
            0.9999999999999999,
            0.6848602514927513,
            0.0,
            0.0,
            0.0,
            0.4712861876586871,
            0.5267043919071518,
            -0.1691284059325734,
            -0.4608598682856805,
            0.056321780380728485,
            0.13037666751473728,
            0.3169721467286375,
            -0.011524311152280397,
            -0.16982016750182335,
            0.02124555221607564
        ],
        [
            0.5474733716389888,
            0.8697863237226954,
            0.0022004843871167162,
            0.15937301207328008,
            0.06326462255323592,
            0.6848602514927513,
            1.0000000000000002,
            0.0,
            0.0,
            0.0,
            0.5267043919071518,
            0.8490670766630137,
            -0.060993084028120405,
            -0.16620073083845727,
            0.02031142589225754,
            0.3169721467286375,
            0.6184644517402494,
            -0.011923897814609065,
            -0.17570840438049534,
            0.02198220703102927
        ],
        [
            -0.006674312511639496,
            -0.002200484387116715,
            0.43535107918226995,
            -0.008634624999086645,
            -0.0034275959546072768,
            0.0,
            0.0,
            1.0000000000000004,
            0.0,
            0.0,
            0.1691284059325734,
            0.06099308402812038,
            0.2910264818117504,
            -0.23479750862885795,
            0.028694652376933024,
            0.011524311152280396,
            0.011923897814609058,
            0.05559902006890438,
            -0.021740492619901065,
            0.0027198699539285054
        ],
        [
            -0.4833959716897277,
            -0.15937301207328,
            -0.00863462499908664,
            -0.1899039154991056,
            -0.24824820146609614,
            0.0,
            0.0,
            0.0,
            1.0000000000000004,
            0.0,
            0.4608598682856805,
            0.16620073083845757,
            -0.2347975086288581,
            -0.26260881752671805,
            0.07819037637124576,
            0.16982016750182327,
            0.1757084043804955,
            -0.02174049261990106,
            -0.26328960208662383,
            0.040079512350542364
        ],
        [
            -0.1918885970395271,
            -0.0632646225532359,
            -0.0034275959546072768,
            -0.24824820146609627,
            0.33692583011588134,
            0.0,
            0.0,
            0.0,
            0.0,
            1.0000000000000004,
            -0.05632178038072848,
            -0.020311425892257547,
            0.028694652376933017,
            0.07819037637124569,
            0.367637854541615,
            -0.02124555221607564,
            -0.021982207031029277,
            0.002719869953928505,
            0.040079512350542364,
            0.05206017553869717
        ],
        [
            0.098011125355731,
            0.2819514423426523,
            0.025039584678007834,
            0.12662815538247157,
            0.016028225661227455,
            0.4712861876586871,
            0.5267043919071518,
            0.1691284059325734,
            0.4608598682856805,
            -0.0563217803807285,
            0.9999999999999999,
            0.6848602514927513,
            0.0,
            0.0,
            0.0,
            0.6064136827471016,
            0.5781619672818022,
            0.15438995532485975,
            -0.5192801533688571,
            0.06680106103034417
        ],
        [
            0.2819514423426523,
            0.5748427331294229,
            0.032356225669988976,
            0.16362927837729846,
            0.020711720791426677,
            0.5267043919071518,
            0.8490670766630137,
            0.060993084028120405,
            0.1662007308384576,
            -0.02031142589225755,
            0.6848602514927513,
            1.0000000000000002,
            0.0,
            0.0,
            0.0,
            0.5781619672818022,
            0.8998621384009153,
            0.04471071499742374,
            -0.15038146032389604,
            0.019345320717068102
        ],
        [
            -0.02503958467800783,
            -0.03235622566998895,
            0.02788459845262063,
            -0.04564458078929259,
            -0.005777559018317506,
            -0.1691284059325734,
            -0.06099308402812038,
            0.2910264818117504,
            -0.2347975086288581,
            0.028694652376933028,
            0.0,
            0.0,
            1.0000000000000004,
            0.0,
            0.0,
            -0.15438995532485972,
            -0.04471071499742371,
            0.4796072501375086,
            0.18043633115715527,
            -0.02321162919769578
        ],
        [
            -0.12662815538247157,
            -0.1636292783772982,
            -0.04564458078929259,
            -0.19391966350017764,
            -0.02921780255187188,
            -0.4608598682856805,
            -0.16620073083845724,
            -0.23479750862885795,
            -0.26260881752671805,
            0.07819037637124573,
            0.0,
            0.0,
            0.0,
            1.0000000000000004,
            0.0,
            0.5192801533688571,
            0.150381460323896,
            0.18043633115715527,
            -0.0736316343210469,
            0.07807074200104844
        ],
        [
            -0.01602822566122745,
            -0.020711720791426667,
            -0.005777559018317508,
            -0.02921780255187189,
            0.03321210094289581,
            0.056321780380728485,
            0.020311425892257536,
            0.02869465237693301,
            0.07819037637124573,
            0.367637854541615,
            0.0,
            0.0,
            0.0,
            0.0,
            1.0000000000000004,
            -0.06680106103034415,
            -0.01934532071706809,
            -0.023211629197695788,
            0.07807074200104847,
            0.5232105894108181
        ],
        [
            0.013702194721471153,
            0.12289614326234785,
            0.0008208862384096003,
            0.016515325891556108,
            0.000830045900579346,
            0.13037666751473728,
            0.3169721467286375,
            0.011524311152280396,
            0.16982016750182335,
            -0.02124555221607564,
            0.6064136827471016,
            0.5781619672818022,
            -0.15438995532485975,
            0.5192801533688571,
            -0.06680106103034417,
            0.9999999999999999,
            0.6848602514927513,
            0.0,
            0.0,
            0.0
        ],
        [
            0.12289614326234788,
            0.3418927218635962,
            0.004765325524040956,
            0.09587309462193375,
            0.004818498265751977,
            0.3169721467286375,
            0.6184644517402494,
            0.011923897814609058,
            0.17570840438049554,
            -0.021982207031029266,
            0.5781619672818022,
            0.8998621384009153,
            -0.044710714997423726,
            0.15038146032389604,
            -0.0193453207170681,
            0.6848602514927513,
            1.0000000000000002,
            0.0,
            0.0,
            0.0
        ],
        [
            -0.0008208862384096008,
            -0.0047653255240409625,
            0.0016164668614118646,
            -0.0010558010713730196,
            -5.30636426356273e-05,
            -0.011524311152280397,
            -0.011923897814609064,
            0.05559902006890439,
            -0.021740492619901068,
            0.0027198699539285045,
            0.15438995532485972,
            0.04471071499742371,
            0.4796072501375086,
            0.18043633115715527,
            -0.02321162919769578,
            0.0,
            0.0,
            1.0000000000000004,
            0.0,
            0.0
        ],
        [
            -0.016515325891556118,
            -0.09587309462193366,
            -0.0010558010713730196,
            -0.019572608340470296,
            -0.0010675819743529117,
            -0.16982016750182335,
            -0.17570840438049531,
            -0.02174049261990106,
            -0.26328960208662383,
            0.04007951235054235,
            -0.5192801533688571,
            -0.150381460323896,
            0.18043633115715527,
            -0.0736316343210469,
            0.07807074200104844,
            0.0,
            0.0,
            0.0,
            1.0000000000000004,
            0.0
        ],
        [
            -0.0008300459005793466,
            -0.004818498265751975,
            -5.306364263562731e-05,
            -0.001067581974352912,
            0.0016152891994339219,
            0.02124555221607564,
            0.021982207031029273,
            0.0027198699539285054,
            0.04007951235054238,
            0.05206017553869717,
            0.06680106103034415,
            0.01934532071706809,
            -0.023211629197695788,
            0.07807074200104847,
            0.5232105894108181,
            0.0,
            0.0,
            0.0,
            0.0,
            1.0000000000000004
        ]
    ],
    "h": [
        [
            -0.24316142014760023,
            -0.45764681918147765,
            -0.006721929092968513,
            -0.252304325432777,
            -0.09833528413201084,
            -0.5535293380275641,
            -0.45059979958301766,
            -0.00898295220298432,
            0.032762064089614795,
            0.017261017784595045,
            -0.20200102748657575,
            -0.28939579311357827,
            0.06313175521687422,
            0.26382142446099943,
            -0.0005452056235293531,
            -0.01775251975770542,
            -0.14331947288608254,
            0.0034218180189986296,
            0.06963688839449567,
            -0.002119329488947846
        ],
        [
            -0.45764681918147765,
            -0.3088640300931973,
            -0.007321513426572402,
            -0.21914887057095703,
            -0.08318757349259304,
            -0.5173346680916555,
            -0.3633120125384455,
            -0.02787391293941837,
            0.10823382375620699,
            0.08385805670092226,
            -0.3020500986058377,
            -0.29799595727291095,
            0.06941766887487258,
            0.14865898432478808,
            -0.008567020179404687,
            -0.14643535053381593,
            -0.2014386809494323,
            -0.01526738075447727,
            0.1208288581562007,
            -0.011973267598769877
        ],
        [
            -0.006721929092968513,
            -0.007321513426572402,
            1.4956657180238377,
            -0.006364258374749961,
            -0.0016542545885143535,
            -0.007991945723527832,
            -0.009075622123128003,
            0.35054425092210884,
            -0.01484770855247117,
            -0.00257863314868083,
            -0.0234925349503919,
            -0.007014993472530429,
            -0.03526225929534604,
            0.019174862628254644,
            0.00041645526542995887,
            -0.006618142539556105,
            -0.007186371084774354,
            -0.005757175055647308,
            0.006485760555999181,
            -0.00016694982091460862
        ],
        [
            -0.252304325432777,
            -0.21914887057095703,
            -0.006364258374749961,
            1.2692495176208825,
            -0.08662695644348249,
            -0.06406667727393511,
            -0.20589797491697065,
            -0.027487727210981167,
            -0.5287175872968584,
            -0.3292210212676013,
            -0.1990132870827953,
            -0.15978568424473893,
            0.06318224735221727,
            0.16989024969629596,
            -0.0018921776576920832,
            -0.06580213786250735,
            -0.10852800186587508,
            0.0005725574562697369,
            0.09017140605880777,
            -0.0010236521009397551
        ],
        [
            -0.09833528413201084,
            -0.08318757349259304,
            -0.0016542545885143535,
            -0.08662695644348249,
            1.4624255015949508,
            -0.017326268553122637,
            -0.07445314503243607,
            -0.007844715943144065,
            -0.34362850779413806,
            0.21983994554395608,
            -0.04681342244279016,
            -0.0565923219161227,
            0.017752376291907568,
            0.06182494716431668,
            -0.04262754442379848,
            -0.007069904721478114,
            -0.029978629622984514,
            0.00021635311271978212,
            0.011898148033945035,
            -0.0059673301141435296
        ],
        [
            -0.5535293380275641,
            -0.5173346680916555,
            -0.007991945723527832,
            -0.06406667727393511,
            -0.017326268553122637,
            -0.37887088203348096,
            -0.5695725678563566,
            -0.05828099684046505,
            0.0669154182706132,
            0.11368037912376164,
            -0.46614861288963394,
            -0.4718058833773813,
            0.03943229729579667,
            0.053432895741361786,
            0.006351769714290675,
            -0.25229794189822363,
            -0.32701603516701794,
            -0.020674538437610655,
            0.2335634067781272,
            -0.028459371303782385
        ],
        [
            -0.45059979958301766,
            -0.3633120125384455,
            -0.009075622123128003,
            -0.20589797491697065,
            -0.07445314503243607,
            -0.5695725678563566,
            -0.4262160838682052,
            -0.05501769245561142,
            0.01876638997811511,
            0.0964308579428343,
            -0.4852707858949986,
            -0.39955842410445364,
            0.0989261391731227,
            0.07814005667498297,
            -0.0005366808681658876,
            -0.32864754144242536,
            -0.3147702724668866,
            -0.042926988013546,
            0.19279175915025948,
            -0.024741220046051494
        ],
        [
            -0.00898295220298432,
            -0.02787391293941837,
            0.35054425092210884,
            -0.027487727210981167,
            -0.007844715943144065,
            -0.05828099684046505,
            -0.05501769245561142,
            1.4037829338754024,
            -0.07225852949644328,
            0.006724525647391567,
            -0.021562516127255682,
            -0.05877159989642272,
            0.1552431719533549,
            -0.3135948441625137,
            0.03844040521740804,
            -0.06125774423104415,
            -0.05738151411654929,
            -0.055393328070448264,
            0.05729956509159402,
            -0.0074682422182393605
        ],
        [
            0.032762064089614795,
            0.10823382375620699,
            -0.01484770855247117,
            -0.5287175872968584,
            -0.34362850779413806,
            0.0669154182706132,
            0.01876638997811511,
            -0.07225852949644328,
            0.978726172180634,
            -0.06321353203475265,
            -0.09131341109669622,
            -0.10735918385590915,
            -0.28558858031932266,
            -0.6983198926047092,
            0.10827778898599777,
            -0.29994529957694416,
            -0.1615188325747038,
            -0.04590131188787021,
            0.13201704162526984,
            -0.02418383503531875
        ],
        [
            0.017261017784595045,
            0.08385805670092226,
            -0.00257863314868083,
            -0.3292210212676013,
            0.21983994554395608,
            0.11368037912376164,
            0.0964308579428343,
            0.006724525647391567,
            -0.06321353203475265,
            1.3913315266157626,
            0.02588159209608662,
            0.062272454307890156,
            0.028508465854876833,
            0.08044484086554754,
            0.24764983691368797,
            0.028174656626366812,
            0.03628295523296621,
            0.004457933333798328,
            -0.024019843999365145,
            -0.04183942007523088
        ],
        [
            -0.20200102748657575,
            -0.3020500986058377,
            -0.0234925349503919,
            -0.1990132870827953,
            -0.04681342244279016,
            -0.46614861288963394,
            -0.4852707858949986,
            -0.021562516127255682,
            -0.09131341109669622,
            0.02588159209608662,
            -0.44915156808589973,
            -0.5944764719172495,
            0.14870209949965557,
            -0.13182185973778704,
            0.01590538283125944,
            -0.6240905043092084,
            -0.555182309536145,
            -0.001603949690988371,
            0.06360182272822079,
            -0.009810811122461127
        ],
        [
            -0.28939579311357827,
            -0.29799595727291095,
            -0.007014993472530429,
            -0.15978568424473893,
            -0.0565923219161227,
            -0.4718058833773813,
            -0.39955842410445364,
            -0.05877159989642272,
            -0.10735918385590915,
            0.062272454307890156,
            -0.5944764719172495,
            -0.4248101669774975,
            0.12389850959811478,
            -0.05261458031226843,
            0.009846594963211218,
            -0.48979182558345524,
            -0.37133940523441855,
            -0.05791377181080546,
            0.24692506416401805,
            -0.03290945177233531
        ],
        [
            0.06313175521687422,
            0.06941766887487258,
            -0.03526225929534604,
            0.06318224735221727,
            0.017752376291907568,
            0.03943229729579667,
            0.0989261391731227,
            0.1552431719533549,
            -0.28558858031932266,
            0.028508465854876833,
            0.14870209949965557,
            0.12389850959811478,
            1.3602797855746298,
            0.012048289525983604,
            -0.002535917570683381,
            0.019258952876146818,
            0.09759649461988634,
            0.4168900651883103,
            0.23641651975863082,
            -0.030249471953504255
        ],
        [
            0.26382142446099943,
            0.14865898432478808,
            0.019174862628254644,
            0.16989024969629596,
            0.06182494716431668,
            0.053432895741361786,
            0.07814005667498297,
            -0.3135948441625137,
            -0.6983198926047092,
            0.08044484086554754,
            -0.13182185973778704,
            -0.05261458031226843,
            0.012048289525983604,
            0.9185635988335861,
            0.05445236738162836,
            -0.0003787963489684243,
            -0.12253387023813161,
            0.26412887644731764,
            -0.4318656340146499,
            0.1174661531049769
        ],
        [
            -0.0005452056235293531,
            -0.008567020179404687,
            0.00041645526542995887,
            -0.0018921776576920832,
            -0.04262754442379848,
            0.006351769714290675,
            -0.0005366808681658876,
            0.03844040521740804,
            0.10827778898599777,
            0.24764983691368797,
            0.01590538283125944,
            0.009846594963211218,
            -0.002535917570683381,
            0.05445236738162836,
            1.4012825883283286,
            -0.005123540059994464,
            0.014648308223601456,
            -0.03465814190436319,
            0.12010509862134733,
            0.47991532195836595
        ],
        [
            -0.01775251975770542,
            -0.14643535053381593,
            -0.006618142539556105,
            -0.06580213786250735,
            -0.007069904721478114,
            -0.25229794189822363,
            -0.32864754144242536,
            -0.06125774423104415,
            -0.29994529957694416,
            0.028174656626366812,
            -0.6240905043092084,
            -0.48979182558345524,
            0.019258952876146818,
            -0.0003787963489684243,
            -0.005123540059994464,
            -0.31935088694469926,
            -0.4899727201422419,
            -0.08767043287425147,
            0.31537975366395865,
            -0.042765325715396825
        ],
        [
            -0.14331947288608254,
            -0.2014386809494323,
            -0.007186371084774354,
            -0.10852800186587508,
            -0.029978629622984514,
            -0.32701603516701794,
            -0.3147702724668866,
            -0.05738151411654929,
            -0.1615188325747038,
            0.03628295523296621,
            -0.555182309536145,
            -0.37133940523441855,
            0.09759649461988634,
            -0.12253387023813161,
            0.014648308223601456,
            -0.4899727201422419,
            -0.3205075204829593,
            -0.06586392249353058,
            0.25477614430873385,
            -0.034417588678347544
        ],
        [
            0.0034218180189986296,
            -0.01526738075447727,
            -0.005757175055647308,
            0.0005725574562697369,
            0.00021635311271978212,
            -0.020674538437610655,
            -0.042926988013546,
            -0.055393328070448264,
            -0.04590131188787021,
            0.004457933333798328,
            -0.001603949690988371,
            -0.05791377181080546,
            0.4168900651883103,
            0.26412887644731764,
            -0.03465814190436319,
            -0.08767043287425147,
            -0.06586392249353058,
            1.443448003851488,
            0.078054242465171,
            -0.010152172948973491
        ],
        [
            0.06963688839449567,
            0.1208288581562007,
            0.006485760555999181,
            0.09017140605880777,
            0.011898148033945035,
            0.2335634067781272,
            0.19279175915025948,
            0.05729956509159402,
            0.13201704162526984,
            -0.024019843999365145,
            0.06360182272822079,
            0.24692506416401805,
            0.23641651975863082,
            -0.4318656340146499,
            0.12010509862134733,
            0.31537975366395865,
            0.25477614430873385,
            0.078054242465171,
            1.1741278534442106,
            0.03847189848736014
        ],
        [
            -0.002119329488947846,
            -0.011973267598769877,
            -0.00016694982091460862,
            -0.0010236521009397551,
            -0.0059673301141435296,
            -0.028459371303782385,
            -0.024741220046051494,
            -0.0074682422182393605,
            -0.02418383503531875,
            -0.04183942007523088,
            -0.009810811122461127,
            -0.03290945177233531,
            -0.030249471953504255,
            0.1174661531049769,
            0.47991532195836595,
            -0.042765325715396825,
            -0.034417588678347544,
            -0.010152172948973491,
            0.03847189848736014,
            1.4623240489312626
        ]
    ]
}