{
    "HF": -2.1738807325426985,
    "coordinates": [
        [
            0.641639,
            0.118025,
            -0.117281
        ],
        [
            1.354032,
            -0.023777,
            -0.004998
        ],
        [
            2.184669,
            0.043704,
            -0.055577
        ],
        [
            2.930147,
            -0.127038,
            -0.172878
        ]
    ],
    "elements": [
        "H",
        "H",
        "H",
        "H"
    ],
    "Enn": 2.943004190374799,
    "S": [
        [
            0.9999999999999999,
            0.6848602514927513,
            0.0,
            0.0,
            0.0,
            0.5747525756687168,
            0.5669863855101935,
            -0.08229970292768804,
            -0.5221603650398055,
            0.10393614772095527,
            0.11142545600740254,
            0.29723099508384687,
            -0.005884591890625617,
            -0.14715580553922028,
            0.0070878509319199185,
            0.01012916288748431,
            0.1079335559381162,
            0.0002865776633850288,
            -0.011796234963720077,
            0.001263190134757726
        ],
        [
            0.6848602514927513,
            1.0000000000000002,
            0.0,
            0.0,
            0.0,
            0.5669863855101935,
            0.8889817293960698,
            -0.024976988206015283,
            -0.15846950615006597,
            0.031543393760314384,
            0.29723099508384687,
            0.5941134898909767,
            -0.006883252977622779,
            -0.17212929213764538,
            0.00829071445205988,
            0.10793355593811621,
            0.315178596860391,
            0.002094259069180459,
            -0.08620480662431472,
            0.009231170931355469
        ],
        [
            0.0,
            0.0,
            1.0000000000000004,
            0.0,
            0.0,
            0.08229970292768804,
            0.024976988206015283,
            0.4797321309847142,
            -0.1029952897846803,
            0.02050123749397767,
            0.005884591890625619,
            0.006883252977622772,
            0.044480529336133584,
            -0.011104626641268461,
            0.000534861251307955,
            -0.0002865776633850288,
            -0.002094259069180454,
            0.0010195113621175153,
            0.0003394901658408095,
            -3.635402564091815e-05
        ],
        [
            0.0,
            0.0,
            0.0,
            1.0000000000000004,
            0.0,
            0.5221603650398055,
            0.15846950615006591,
            -0.1029952897846803,
            -0.1575003906803087,
            0.13007256737036982,
            0.14715580553922022,
            0.17212929213764538,
            -0.011104626641268463,
            -0.2327684608239797,
            0.013375258599210968,
            0.011796234963720077,
            0.08620480662431475,
            0.00033949016584080964,
            -0.012946483568931256,
            0.0014964202836744132
        ],
        [
            0.0,
            0.0,
            0.0,
            0.0,
            1.0000000000000004,
            -0.10393614772095527,
            -0.03154339376031437,
            0.02050123749397767,
            0.13007256737036982,
            0.47007463845550645,
            -0.007087850931919917,
            -0.008290714452059873,
            0.0005348612513079547,
            0.013375258599210958,
            0.04428036296731436,
            -0.001263190134757726,
            -0.009231170931355474,
            -3.6354025640918165e-05,
            0.0014964202836744128,
            0.0008675159969154488
        ],
        [
            0.5747525756687168,
            0.5669863855101935,
            0.08229970292768805,
            0.5221603650398055,
            -0.10393614772095527,
            0.9999999999999999,
            0.6848602514927513,
            0.0,
            0.0,
            0.0,
            0.4956120714791095,
            0.536743723542934,
            0.030735363350304468,
            -0.5047535539889448,
            -0.0410062091825045,
            0.09957009832417137,
            0.28379141413470155,
            0.01396229551382876,
            -0.13108281745162145,
            0.00858804263196016
        ],
        [
            0.5669863855101935,
            0.8889817293960698,
            0.02497698820601529,
            0.15846950615006597,
            -0.03154339376031438,
            0.6848602514927513,
            1.0000000000000002,
            0.0,
            0.0,
            0.0,
            0.536743723542934,
            0.8591204407573549,
            0.010611660675144458,
            -0.17427070500049371,
            -0.014157762589600865,
            0.28379141413470144,
            0.5771839107596992,
            0.017822856257931573,
            -0.16732708536436622,
            0.010962627829701409
        ],
        [
            -0.08229970292768804,
            -0.024976988206015276,
            0.4797321309847142,
            -0.1029952897846803,
            0.02050123749397767,
            0.0,
            0.0,
            1.0000000000000004,
            0.0,
            0.0,
            -0.030735363350304454,
            -0.010611660675144447,
            0.40191386182646033,
            0.044130685326380106,
            0.003585179538726852,
            -0.013962295513828757,
            -0.01782285625793156,
            0.03504836973515569,
            0.025976851440301818,
            -0.0017019035137518564
        ],
        [
            -0.5221603650398055,
            -0.15846950615006591,
            -0.1029952897846803,
            -0.1575003906803087,
            0.13007256737036982,
            0.0,
            0.0,
            0.0,
            1.0000000000000004,
            0.0,
            0.5047535539889448,
            0.1742707050004933,
            0.044130685326380086,
            -0.32013806266912315,
            -0.058877850026877857,
            0.13108281745162145,
            0.1673270853643662,
            0.025976851440301835,
            -0.20606429195539286,
            0.015978053708464425
        ],
        [
            0.10393614772095527,
            0.03154339376031437,
            0.02050123749397767,
            0.13007256737036982,
            0.47007463845550645,
            0.0,
            0.0,
            0.0,
            0.0,
            1.0000000000000004,
            0.04100620918250451,
            0.014157762589600872,
            0.003585179538726852,
            -0.05887785002687789,
            0.3998178195546367,
            -0.00858804263196016,
            -0.0109626278297014,
            -0.0017019035137518575,
            0.015978053708464425,
            0.03676847519434372
        ],
        [
            0.11142545600740254,
            0.29723099508384687,
            0.005884591890625619,
            0.14715580553922022,
            -0.007087850931919917,
            0.4956120714791095,
            0.536743723542934,
            -0.030735363350304468,
            0.5047535539889448,
            0.0410062091825045,
            0.9999999999999999,
            0.6848602514927513,
            0.0,
            0.0,
            0.0,
            0.5436787340759981,
            0.5555253118725213,
            0.08014234407993617,
            -0.5093251922832941,
            0.11665428353463712
        ],
        [
            0.29723099508384687,
            0.5941134898909767,
            0.006883252977622784,
            0.17212929213764538,
            -0.008290714452059885,
            0.536743723542934,
            0.8591204407573549,
            -0.01061166067514446,
            0.17427070500049338,
            0.01415776258960087,
            0.6848602514927513,
            1.0000000000000002,
            0.0,
            0.0,
            0.0,
            0.5555253118725213,
            0.8777382481187247,
            0.02553058864040466,
            -0.16225345187570142,
            0.03716203413133712
        ],
        [
            -0.005884591890625617,
            -0.006883252977622778,
            0.044480529336133584,
            -0.011104626641268463,
            0.0005348612513079548,
            0.030735363350304468,
            0.010611660675144453,
            0.40191386182646033,
            0.044130685326380086,
            0.003585179538726852,
            0.0,
            0.0,
            1.0000000000000004,
            0.0,
            0.0,
            -0.08014234407993621,
            -0.025530588640404663,
            0.44331610829252127,
            0.10437102229835507,
            -0.023904819577862467
        ],
        [
            -0.14715580553922022,
            -0.17212929213764538,
            -0.011104626641268461,
            -0.2327684608239798,
            0.013375258599210963,
            -0.5047535539889448,
            -0.1742707050004933,
            0.044130685326380106,
            -0.3201380626691233,
            -0.05887785002687789,
            0.0,
            0.0,
            0.0,
            1.0000000000000004,
            0.0,
            0.509325192283294,
            0.16225345187570064,
            0.10437102229835521,
            -0.2035657750619889,
            0.15192127167940397
        ],
        [
            0.0070878509319199185,
            0.008290714452059873,
            0.0005348612513079549,
            0.013375258599210967,
            0.04428036296731436,
            -0.04100620918250451,
            -0.01415776258960087,
            0.003585179538726852,
            -0.058877850026877857,
            0.3998178195546367,
            0.0,
            0.0,
            0.0,
            0.0,
            1.0000000000000004,
            -0.11665428353463711,
            -0.037162034131337104,
            -0.023904819577862467,
            0.15192127167940378,
            0.4249433105943123
        ],
        [
            0.01012916288748431,
            0.1079335559381162,
            -0.0002865776633850288,
            0.011796234963720077,
            -0.001263190134757726,
            0.09957009832417137,
            0.28379141413470155,
            -0.013962295513828759,
            0.13108281745162145,
            -0.00858804263196016,
            0.5436787340759981,
            0.5555253118725213,
            -0.0801423440799362,
            0.5093251922832941,
            -0.11665428353463712,
            0.9999999999999999,
            0.6848602514927513,
            0.0,
            0.0,
            0.0
        ],
        [
            0.10793355593811621,
            0.315178596860391,
            -0.002094259069180459,
            0.08620480662431472,
            -0.009231170931355469,
            0.28379141413470144,
            0.5771839107596992,
            -0.01782285625793158,
            0.16732708536436622,
            -0.010962627829701407,
            0.5555253118725213,
            0.8777382481187247,
            -0.025530588640404674,
            0.1622534518757007,
            -0.037162034131337125,
            0.6848602514927513,
            1.0000000000000002,
            0.0,
            0.0,
            0.0
        ],
        [
            0.0002865776633850288,
            0.002094259069180458,
            0.0010195113621175153,
            0.0003394901658408095,
            -3.635402564091815e-05,
            0.013962295513828757,
            0.01782285625793155,
            0.03504836973515569,
            0.025976851440301825,
            -0.0017019035137518569,
            0.0801423440799362,
            0.02553058864040465,
            0.4433161082925212,
            0.10437102229835521,
            -0.023904819577862467,
            0.0,
            0.0,
            1.0000000000000004,
            0.0,
            0.0
        ],
        [
            -0.011796234963720077,
            -0.08620480662431469,
            0.00033949016584080964,
            -0.012946483568931256,
            0.0014964202836744132,
            -0.13108281745162145,
            -0.1673270853643662,
            0.02597685144030183,
            -0.2060642919553929,
            0.015978053708464425,
            -0.5093251922832941,
            -0.16225345187570064,
            0.10437102229835507,
            -0.2035657750619889,
            0.15192127167940378,
            0.0,
            0.0,
            0.0,
            1.0000000000000004,
            0.0
        ],
        [
            0.001263190134757726,
            0.009231170931355469,
            -3.6354025640918165e-05,
            0.0014964202836744128,
            0.0008675159969154488,
            0.00858804263196016,
            0.010962627829701397,
            -0.001701903513751857,
            0.015978053708464425,
            0.03676847519434372,
            0.11665428353463711,
            0.0371620341313371,
            -0.023904819577862467,
            0.15192127167940397,
            0.4249433105943123,
            0.0,
            0.0,
            0.0,
            0.0,
            1.0000000000000004
        ]
    ],
    "h": [
        [
            -0.28783566796372995,
            -0.47614749012512303,
            -0.04613032705505221,
            -0.297453304080614,
            0.05669011061942883,
            -0.5963693260949469,
            -0.47291568390290517,
            0.005012416407312564,
            0.010858200933578255,
            -0.010822340384089968,
            -0.23284317850775757,
            -0.31136849055458476,
            -0.006036680836664936,
            0.3020155927079671,
            0.00056738041670093,
            -0.008097443450505865,
            -0.13105448863496544,
            -0.0037067922056139365,
            0.05579221605806696,
            -0.005305891546281907
        ],
        [
            -0.47614749012512303,
            -0.3132500653602226,
            -0.036949105307911796,
            -0.2462141943736783,
            0.045327631060880724,
            -0.5425912558067261,
            -0.3654701012994366,
            0.03832195872726042,
            0.11734126658862346,
            -0.050428896141986874,
            -0.3158521030925734,
            -0.30440732233730383,
            -0.003808870198038836,
            0.17527338691132238,
            0.017623385912705593,
            -0.13017512310381818,
            -0.18897167530160386,
            -0.013196568288800338,
            0.1079064037843875,
            -0.017894763905561883
        ],
        [
            -0.04613032705505221,
            -0.036949105307911796,
            1.4705151125788358,
            -0.04241750589899341,
            0.008293595704154569,
            -0.005941518304210525,
            -0.033522695259030115,
            0.41669089928033953,
            -0.14892835763457032,
            0.028587214994428872,
            -0.020540822489285494,
            -0.025372142124908938,
            -0.045548309938999776,
            0.02909710695039295,
            0.0008485356555363256,
            -0.0005497672933772138,
            -0.010460083302762255,
            -0.003759476028145922,
            0.0015163971006202904,
            -0.00014256349803719545
        ],
        [
            -0.297453304080614,
            -0.2462141943736783,
            -0.04241750589899341,
            1.1954058138534593,
            0.05287905223725981,
            -0.06500456355057826,
            -0.23609415022254432,
            -0.14142122650138259,
            -0.5295921702287976,
            0.1771977710507363,
            -0.2287857814774958,
            -0.1845179980430593,
            -0.005754112551377255,
            0.18997787401838595,
            0.009271051585705445,
            -0.05711371561066549,
            -0.11201047584272307,
            -0.005064302283905342,
            0.07451283863549132,
            -0.009440003076417432
        ],
        [
            0.05669011061942883,
            0.045327631060880724,
            0.008293595704154569,
            0.05287905223725981,
            1.4667342612318803,
            0.0060997510334952765,
            0.041227416020293485,
            0.028997232873471793,
            0.18915514097526553,
            0.4032519047499301,
            0.02623474004026536,
            0.031723323561405906,
            0.0010047843297611354,
            -0.03558193446656318,
            -0.045849686093924966,
            0.0046688277851540585,
            0.01567654964703141,
            0.000527965637547648,
            -0.008520917317600268,
            -0.0026442601019763907
        ],
        [
            -0.5963693260949469,
            -0.5425912558067261,
            -0.005941518304210525,
            -0.06500456355057826,
            0.0060997510334952765,
            -0.4364468570631552,
            -0.5927158163477861,
            0.055261455182684285,
            0.09018507467399506,
            -0.07207878284703229,
            -0.4794679209569186,
            -0.48828922750341,
            0.005166658196117668,
            0.07095283583726486,
            0.007860811170652376,
            -0.213740784785395,
            -0.3061320377002879,
            -0.027230916091074163,
            0.21485288890745735,
            -0.029309981478623397
        ],
        [
            -0.47291568390290517,
            -0.3654701012994366,
            -0.033522695259030115,
            -0.23609415022254432,
            0.041227416020293485,
            -0.5927158163477861,
            -0.42742601707022554,
            0.045333280858206634,
            0.029252436852257382,
            -0.05619036284305598,
            -0.4831115232430623,
            -0.3993921055945229,
            0.00692566730071253,
            0.11396301821669014,
            0.03571618606245372,
            -0.2965875131387969,
            -0.2979632944367301,
            -0.02586567018504225,
            0.17231880398452504,
            -0.03490519490494521
        ],
        [
            0.005012416407312564,
            0.03832195872726042,
            0.41669089928033953,
            -0.14142122650138259,
            0.028997232873471793,
            0.055261455182684285,
            0.045333280858206634,
            1.403822410934863,
            -0.026696804402131683,
            0.009224729469133408,
            0.014348157499999709,
            0.03178776206476623,
            0.294873515015867,
            0.050102060347540334,
            0.003743219703554908,
            0.01944336258368218,
            0.01829420122694312,
            -0.04004376919980436,
            -0.0200064811939136,
            0.002996263079356792
        ],
        [
            0.010858200933578255,
            0.11734126658862346,
            -0.14892835763457032,
            -0.5295921702287976,
            0.18915514097526553,
            0.09018507467399506,
            0.029252436852257382,
            -0.026696804402131683,
            0.8845284166658751,
            0.03893733456159328,
            -0.056759833755071876,
            -0.10310283687569377,
            0.07033419681645608,
            -0.8025094735065212,
            -0.059403476499529234,
            -0.28702910424811623,
            -0.1703957643398402,
            -0.034108008064416426,
            0.2005241978941813,
            -0.0403379177793976
        ],
        [
            -0.010822340384089968,
            -0.050428896141986874,
            0.028587214994428872,
            0.1771977710507363,
            0.4032519047499301,
            -0.07207878284703229,
            -0.05619036284305598,
            0.009224729469133408,
            0.03893733456159328,
            1.3989828943406408,
            -0.007440886962355231,
            -0.03393148677034537,
            0.0043219313826849065,
            -0.05932297570577072,
            0.2920497901124396,
            0.001677873018011325,
            -0.015976489953134554,
            -0.0006709489802469212,
            0.005134525279395986,
            -0.04358705972234686
        ],
        [
            -0.23284317850775757,
            -0.3158521030925734,
            -0.020540822489285494,
            -0.2287857814774958,
            0.02623474004026536,
            -0.4794679209569186,
            -0.4831115232430623,
            0.014348157499999709,
            -0.056759833755071876,
            -0.007440886962355231,
            -0.4103306522233634,
            -0.5833393948345331,
            0.028450725197363174,
            -0.06630113165624738,
            0.0749966809734976,
            -0.5700137407520289,
            -0.5281020388953753,
            -0.009111435462015205,
            0.06506138246332482,
            -0.008663372004557413
        ],
        [
            -0.31136849055458476,
            -0.30440732233730383,
            -0.025372142124908938,
            -0.1845179980430593,
            0.031723323561405906,
            -0.48828922750341,
            -0.3993921055945229,
            0.03178776206476623,
            -0.10310283687569377,
            -0.03393148677034537,
            -0.5833393948345331,
            -0.42789932390488916,
            0.02192157222622197,
            -0.016829869866308564,
            0.06014842115412392,
            -0.4583255885838099,
            -0.36221147511993435,
            -0.0337825618641132,
            0.220876127179921,
            -0.04533246692629184
        ],
        [
            -0.006036680836664936,
            -0.003808870198038836,
            -0.045548309938999776,
            -0.005754112551377255,
            0.0010047843297611354,
            0.005166658196117668,
            0.00692566730071253,
            0.294873515015867,
            0.07033419681645608,
            0.0043219313826849065,
            0.028450725197363174,
            0.02192157222622197,
            1.4119080602560004,
            0.05225104004887072,
            -0.007771825845686895,
            0.002810962161434366,
            0.0254157826242581,
            0.3642655993768794,
            0.14630890914248446,
            -0.033586962620026625
        ],
        [
            0.3020155927079671,
            0.17527338691132238,
            0.02909710695039295,
            0.18997787401838595,
            -0.03558193446656318,
            0.07095283583726486,
            0.11396301821669014,
            0.050102060347540334,
            -0.8025094735065212,
            -0.05932297570577072,
            -0.06630113165624738,
            -0.016829869866308564,
            0.05225104004887072,
            0.9070719297971668,
            0.042258760922656284,
            -0.02345570640006378,
            -0.11270397191203055,
            0.14835532102076926,
            -0.5672579210949911,
            0.21506818508469538
        ],
        [
            0.00056738041670093,
            0.017623385912705593,
            0.0008485356555363256,
            0.009271051585705445,
            -0.045849686093924966,
            0.007860811170652376,
            0.03571618606245372,
            0.003743219703554908,
            -0.059403476499529234,
            0.2920497901124396,
            0.0749966809734976,
            0.06014842115412392,
            -0.007771825845686895,
            0.042258760922656284,
            1.4042193510386995,
            0.012393431695404217,
            0.05390039541360602,
            -0.032242619610724,
            0.2036617630307891,
            0.3395353780891983
        ],
        [
            -0.008097443450505865,
            -0.13017512310381818,
            -0.0005497672933772138,
            -0.05711371561066549,
            0.0046688277851540585,
            -0.213740784785395,
            -0.2965875131387969,
            0.01944336258368218,
            -0.28702910424811623,
            0.001677873018011325,
            -0.5700137407520289,
            -0.4583255885838099,
            0.002810962161434366,
            -0.02345570640006378,
            0.012393431695404217,
            -0.25990967572677515,
            -0.4642414743260508,
            -0.04347019692164205,
            0.2743252132736316,
            -0.06074472877376335
        ],
        [
            -0.13105448863496544,
            -0.18897167530160386,
            -0.010460083302762255,
            -0.11201047584272307,
            0.01567654964703141,
            -0.3061320377002879,
            -0.2979632944367301,
            0.01829420122694312,
            -0.1703957643398402,
            -0.015976489953134554,
            -0.5281020388953753,
            -0.36221147511993435,
            0.0254157826242581,
            -0.11270397191203055,
            0.05390039541360602,
            -0.4642414743260508,
            -0.3088917508532796,
            -0.03654495828072707,
            0.23328881111951968,
            -0.05025124145379948
        ],
        [
            -0.0037067922056139365,
            -0.013196568288800338,
            -0.003759476028145922,
            -0.005064302283905342,
            0.000527965637547648,
            -0.027230916091074163,
            -0.02586567018504225,
            -0.04004376919980436,
            -0.034108008064416426,
            -0.0006709489802469212,
            -0.009111435462015205,
            -0.0337825618641132,
            0.3642655993768794,
            0.14835532102076926,
            -0.032242619610724,
            -0.04347019692164205,
            -0.03654495828072707,
            1.4817869859327586,
            0.040028809104704514,
            -0.008847806722513396
        ],
        [
            0.05579221605806696,
            0.1079064037843875,
            0.0015163971006202904,
            0.07451283863549132,
            -0.008520917317600268,
            0.21485288890745735,
            0.17231880398452504,
            -0.0200064811939136,
            0.2005241978941813,
            0.005134525279395986,
            0.06506138246332482,
            0.220876127179921,
            0.14630890914248446,
            -0.5672579210949911,
            0.2036617630307891,
            0.2743252132736316,
            0.23328881111951968,
            0.040028809104704514,
            1.2308465701238616,
            0.05616906611900625
        ],
        [
            -0.005305891546281907,
            -0.017894763905561883,
            -0.00014256349803719545,
            -0.009440003076417432,
            -0.0026442601019763907,
            -0.029309981478623397,
            -0.03490519490494521,
            0.002996263079356792,
            -0.0403379177793976,
            -0.04358705972234686,
            -0.008663372004557413,
            -0.04533246692629184,
            -0.033586962620026625,
            0.21506818508469538,
            0.3395353780891983,
            -0.06074472877376335,
            -0.05025124145379948,
            -0.008847806722513396,
            0.05616906611900625,
            1.4753191051860919
        ]
    ]
}