{
    "HF": -2.170513934764926,
    "coordinates": [
        [
            0.776882,
            -0.108172,
            0.001811
        ],
        [
            1.540412,
            0.118363,
            0.078857
        ],
        [
            2.369728,
            0.129508,
            0.150681
        ],
        [
            3.129457,
            -0.160478,
            -0.00537
        ]
    ],
    "elements": [
        "H",
        "H",
        "H",
        "H"
    ],
    "Enn": 2.815709341640329,
    "S": [
        [
            0.9999999999999999,
            0.6848602514927513,
            0.0,
            0.0,
            0.0,
            0.5227474362060679,
            0.5475109094372823,
            -0.05008757754760138,
            -0.496370584909276,
            -0.14727032395900988,
            0.09205927265036876,
            0.27475498385245867,
            -0.011255418324740033,
            -0.12042821291656386,
            -0.017969959208868222,
            0.008366275781759663,
            0.09940144011570709,
            2.9285272022364484e-05,
            -0.009594178920486581,
            0.00021331227383397818
        ],
        [
            0.6848602514927513,
            1.0000000000000002,
            0.0,
            0.0,
            0.0,
            0.5475109094372823,
            0.8698234980885415,
            -0.016510948469239915,
            -0.1636243865316661,
            -0.04854642306517221,
            0.27475498385245867,
            0.5656298537701729,
            -0.015266716302051033,
            -0.16334740374055734,
            -0.024374240146916706,
            0.09940144011570709,
            0.29932104904825235,
            0.000247610090808991,
            -0.08111980356286891,
            0.0018035779710144932
        ],
        [
            0.0,
            0.0,
            1.0000000000000004,
            0.0,
            0.0,
            0.05008757754760136,
            0.016510948469239898,
            0.42886845305777777,
            -0.06652386791463341,
            -0.019737252521893667,
            0.011255418324740031,
            0.015266716302051021,
            0.031593694140464874,
            -0.02063712431776718,
            -0.003079413645667506,
            -2.928527202236448e-05,
            -0.0002476100908089908,
            0.0007555012565367909,
            3.314010542341494e-05,
            -7.368208683154173e-07
        ],
        [
            0.0,
            0.0,
            0.0,
            1.0000000000000004,
            0.0,
            0.496370584909276,
            0.16362438653166594,
            -0.06652386791463338,
            -0.2236738869670928,
            -0.19559723305611543,
            0.12042821291656386,
            0.16334740374055728,
            -0.02063712431776718,
            -0.18728602318489937,
            -0.03294842283768996,
            0.009594178920486581,
            0.08111980356286894,
            3.314010542341495e-05,
            -0.010101462551997889,
            0.0002413906634559453
        ],
        [
            0.0,
            0.0,
            0.0,
            0.0,
            1.0000000000000004,
            0.14727032395900988,
            0.048546423065172234,
            -0.019737252521893678,
            -0.1955972330561156,
            0.3775486342385876,
            0.017969959208868215,
            0.02437424014691668,
            -0.003079413645667506,
            -0.03294842283768996,
            0.028606002648081958,
            -0.00021331227383397818,
            -0.0018035779710144939,
            -7.368208683154174e-07,
            0.0002413906634559453,
            0.0007502354516439901
        ],
        [
            0.5227474362060679,
            0.5475109094372823,
            0.050087577547601375,
            0.496370584909276,
            0.14727032395900988,
            0.9999999999999999,
            0.6848602514927513,
            0.0,
            0.0,
            0.0,
            0.49747859871144817,
            0.5374985720385531,
            -0.04385356272947881,
            -0.5063552744007638,
            -0.006804800019771132,
            0.09251891212759035,
            0.27532082350530473,
            0.006406696373084726,
            -0.12087013473314287,
            0.021209940082958175
        ],
        [
            0.5475109094372823,
            0.8698234980885415,
            0.01651094846923991,
            0.1636243865316661,
            0.04854642306517221,
            0.6848602514927513,
            1.0000000000000002,
            0.0,
            0.0,
            0.0,
            0.5374985720385531,
            0.8598734400379879,
            -0.015091566404639468,
            -0.17425481015301325,
            -0.0023417730505082787,
            0.27532082350530473,
            0.5663575223222723,
            0.008656573299882108,
            -0.16331680481687766,
            0.02865835843034213
        ],
        [
            -0.05008757754760136,
            -0.01651094846923989,
            0.42886845305777777,
            -0.06652386791463337,
            -0.019737252521893667,
            0.0,
            0.0,
            1.0000000000000004,
            0.0,
            0.0,
            0.04385356272947881,
            0.015091566404639486,
            0.4012717611325377,
            -0.06289499601558822,
            -0.0008452323729359272,
            -0.006406696373084726,
            -0.008656573299882108,
            0.03315812795742001,
            0.01173769842135098,
            -0.0020596972178307895
        ],
        [
            -0.496370584909276,
            -0.1636243865316661,
            -0.06652386791463342,
            -0.2236738869670928,
            -0.19559723305611557,
            0.0,
            0.0,
            0.0,
            1.0000000000000004,
            0.0,
            0.5063552744007634,
            0.17425481015301283,
            -0.06289499601558826,
            -0.31949836785720387,
            -0.009759477759436004,
            0.12087013473314283,
            0.1633168048168778,
            0.011737698421350971,
            -0.1876657028881445,
            0.03885869810758932
        ],
        [
            -0.14727032395900988,
            -0.048546423065172234,
            -0.019737252521893678,
            -0.19559723305611548,
            0.3775486342385876,
            0.0,
            0.0,
            0.0,
            0.0,
            1.0000000000000004,
            0.006804800019771132,
            0.0023417730505082995,
            -0.0008452323729359293,
            -0.009759477759436022,
            0.4065877092321701,
            -0.021209940082958175,
            -0.028658358430342132,
            -0.0020596972178307895,
            0.03885869810758935,
            0.026961470773965053
        ],
        [
            0.09205927265036876,
            0.27475498385245867,
            0.011255418324740035,
            0.12042821291656386,
            0.017969959208868222,
            0.49747859871144817,
            0.5374985720385531,
            0.04385356272947881,
            0.5063552744007634,
            0.006804800019771132,
            0.9999999999999999,
            0.6848602514927513,
            0.0,
            0.0,
            0.0,
            0.5009413007540795,
            0.5388932592405423,
            0.09612057022321706,
            -0.46795973556795223,
            0.17861865464976084
        ],
        [
            0.27475498385245867,
            0.5656298537701729,
            0.015266716302051037,
            0.16334740374055734,
            0.024374240146916706,
            0.5374985720385531,
            0.8598734400379879,
            0.01509156640463949,
            0.1742548101530129,
            0.0023417730505083004,
            0.6848602514927513,
            1.0000000000000002,
            0.0,
            0.0,
            0.0,
            0.5388932592405423,
            0.8612636530651963,
            0.03288007682407556,
            -0.160075538673114,
            0.0611002938648671
        ],
        [
            -0.01125541832474003,
            -0.01526671630205102,
            0.031593694140464874,
            -0.02063712431776718,
            -0.003079413645667506,
            -0.04385356272947881,
            -0.015091566404639463,
            0.4012717611325377,
            -0.06289499601558826,
            -0.0008452323729359293,
            0.0,
            0.0,
            1.0000000000000004,
            0.0,
            0.0,
            -0.09612057022321707,
            -0.03288007682407554,
            0.3846909386768784,
            0.12639575211060694,
            -0.04824483279109588
        ],
        [
            -0.12042821291656386,
            -0.16334740374055728,
            -0.02063712431776718,
            -0.18728602318489937,
            -0.03294842283768996,
            -0.5063552744007634,
            -0.1742548101530132,
            -0.06289499601558822,
            -0.31949836785720387,
            -0.009759477759436022,
            0.0,
            0.0,
            0.0,
            1.0000000000000004,
            0.0,
            0.46795973556795223,
            0.16007553867311394,
            0.12639575211060708,
            -0.20470036233503555,
            0.2348783319014073
        ],
        [
            -0.017969959208868215,
            -0.02437424014691668,
            -0.003079413645667506,
            -0.03294842283768996,
            0.028606002648081958,
            -0.006804800019771132,
            -0.0023417730505082995,
            -0.0008452323729359272,
            -0.009759477759436004,
            0.4065877092321701,
            0.0,
            0.0,
            0.0,
            0.0,
            1.0000000000000004,
            -0.1786186546497608,
            -0.06110029386486704,
            -0.04824483279109588,
            0.234878331901407,
            0.32100080121714064
        ],
        [
            0.008366275781759663,
            0.09940144011570709,
            -2.9285272022364484e-05,
            0.009594178920486581,
            -0.00021331227383397818,
            0.09251891212759035,
            0.27532082350530473,
            -0.006406696373084725,
            0.12087013473314283,
            -0.021209940082958175,
            0.5009413007540795,
            0.5388932592405423,
            -0.09612057022321707,
            0.46795973556795223,
            -0.17861865464976084,
            0.9999999999999999,
            0.6848602514927513,
            0.0,
            0.0,
            0.0
        ],
        [
            0.09940144011570709,
            0.29932104904825235,
            -0.0002476100908089909,
            0.08111980356286891,
            -0.0018035779710144932,
            0.27532082350530473,
            0.5663575223222723,
            -0.008656573299882111,
            0.16331680481687785,
            -0.02865835843034213,
            0.5388932592405423,
            0.8612636530651963,
            -0.032880076824075566,
            0.160075538673114,
            -0.0611002938648671,
            0.6848602514927513,
            1.0000000000000002,
            0.0,
            0.0,
            0.0
        ],
        [
            2.928527202236448e-05,
            0.0002476100908089909,
            0.0007555012565367909,
            3.314010542341494e-05,
            -7.368208683154173e-07,
            0.006406696373084726,
            0.008656573299882108,
            0.03315812795742001,
            0.011737698421350976,
            -0.0020596972178307895,
            0.09612057022321706,
            0.03288007682407554,
            0.3846909386768784,
            0.12639575211060708,
            -0.04824483279109588,
            0.0,
            0.0,
            1.0000000000000004,
            0.0,
            0.0
        ],
        [
            -0.009594178920486581,
            -0.08111980356286894,
            3.314010542341495e-05,
            -0.010101462551997889,
            0.0002413906634559453,
            -0.12087013473314277,
            -0.16331680481687763,
            0.011737698421350974,
            -0.18766570288814455,
            0.03885869810758934,
            -0.46795973556795223,
            -0.16007553867311394,
            0.12639575211060694,
            -0.20470036233503555,
            0.234878331901407,
            0.0,
            0.0,
            0.0,
            1.0000000000000004,
            0.0
        ],
        [
            0.00021331227383397818,
            0.0018035779710144939,
            -7.368208683154174e-07,
            0.0002413906634559453,
            0.0007502354516439901,
            0.021209940082958175,
            0.028658358430342132,
            -0.0020596972178307895,
            0.038858698107589344,
            0.026961470773965053,
            0.1786186546497608,
            0.06110029386486704,
            -0.04824483279109588,
            0.2348783319014073,
            0.32100080121714064,
            0.0,
            0.0,
            0.0,
            0.0,
            1.0000000000000004
        ]
    ],
    "h": [
        [
            -0.24467516726375993,
            -0.45654729268530125,
            -0.026642275487076053,
            -0.2564435343790952,
            -0.07632441415945934,
            -0.5555209702243233,
            -0.45004380803644206,
            0.00045561886781644856,
            0.02969795278300058,
            0.008948307617803686,
            -0.20691470623926977,
            -0.28837347159123683,
            0.01957211872102924,
            0.27708154795207535,
            0.014134583577535137,
            0.00029420550765250214,
            -0.11547886935905849,
            -0.0012638937321787207,
            0.046489586302320335,
            -0.004495986501738278
        ],
        [
            -0.45654729268530125,
            -0.30730893757788746,
            -0.02311161370340886,
            -0.2229398956065723,
            -0.06519268532363338,
            -0.5210139588525876,
            -0.3619504532374205,
            0.01082752906234926,
            0.10575391593968139,
            0.05437068756132371,
            -0.30002066916575587,
            -0.295869219791703,
            0.021721284409582937,
            0.17460591586035443,
            0.016074158451916842,
            -0.11421709183051053,
            -0.1769953354249738,
            -0.011867529744302665,
            0.0946539201263754,
            -0.024419863986513968
        ],
        [
            -0.026642275487076053,
            -0.02311161370340886,
            1.4846672816889952,
            -0.02432120153235255,
            -0.007080107303191051,
            -0.007547601471478607,
            -0.021709833457224267,
            0.34106984385644623,
            -0.09268746398991665,
            -0.026506303855667525,
            -0.019800257688598145,
            -0.016748724609801834,
            -0.03921882902309195,
            0.024716212069049052,
            0.0018376341320694347,
            -0.00205106060221641,
            -0.007950580993225941,
            -0.0027542446527388824,
            0.0022423432383913188,
            -0.00046048703701220134
        ],
        [
            -0.2564435343790952,
            -0.2229398956065723,
            -0.02432120153235255,
            1.2484753198069958,
            -0.06935245807182099,
            -0.07035318765332488,
            -0.21147950370999008,
            -0.09354978588812063,
            -0.576130873767083,
            -0.2634694522052691,
            -0.20840314490697376,
            -0.16654867067513404,
            0.022635027812525944,
            0.2061970722539792,
            0.01959157118122898,
            -0.046682109328112356,
            -0.09881554250047046,
            -0.0030312469840926503,
            0.061399252889806646,
            -0.007348262363318207
        ],
        [
            -0.07632441415945934,
            -0.06519268532363338,
            -0.007080107303191051,
            -0.06935245807182099,
            1.4667266154596659,
            -0.01713512477791837,
            -0.059579865746416494,
            -0.027479578600462566,
            -0.2704489221456157,
            0.2718896260007565,
            -0.04350180759320477,
            -0.045619965221859564,
            0.005000968657530042,
            0.058854901264457984,
            -0.03763096880145323,
            -0.0028419864964963977,
            -0.019695952627468157,
            -0.0003660017051263935,
            0.004388581502182598,
            -0.0034425215667612534
        ],
        [
            -0.5555209702243233,
            -0.5210139588525876,
            -0.007547601471478607,
            -0.07035318765332488,
            -0.01713512477791837,
            -0.4029784143909463,
            -0.5807366545141646,
            0.006924303255698251,
            0.04832296530638193,
            0.06837102428008658,
            -0.47716327186506313,
            -0.4816291951836932,
            0.014543619797174834,
            0.06201406353520811,
            0.01958903929702314,
            -0.20412361022571435,
            -0.3002365385824156,
            -0.023100204910683684,
            0.20107120748948382,
            -0.05183771410359886
        ],
        [
            -0.45004380803644206,
            -0.3619504532374205,
            -0.021709833457224267,
            -0.21147950370999008,
            -0.059579865746416494,
            -0.5807366545141646,
            -0.4291505536420359,
            0.004844032598890405,
            0.008671662594464252,
            0.057253492621494526,
            -0.4791231685938009,
            -0.39898794570581364,
            0.03734964884349086,
            0.12077054656884356,
            0.04216184847769509,
            -0.2850892167515092,
            -0.2958862798348407,
            -0.028275190784017353,
            0.1567155874005927,
            -0.05466955116670132
        ],
        [
            0.00045561886781644856,
            0.01082752906234926,
            0.34106984385644623,
            -0.09354978588812063,
            -0.027479578600462566,
            0.006924303255698251,
            0.004844032598890405,
            1.414298644101233,
            -0.041793420328438906,
            -0.006906983247098753,
            0.0022196478166398026,
            -0.004037093687384433,
            0.29373857101905315,
            -0.09011372626423166,
            -0.001019861683675604,
            -0.00603574830156656,
            -0.00930158750152612,
            -0.04205614564239968,
            0.004776680443318013,
            -0.001973741512518858
        ],
        [
            0.02969795278300058,
            0.10575391593968139,
            -0.09268746398991665,
            -0.576130873767083,
            -0.2704489221456157,
            0.04832296530638193,
            0.008671662594464252,
            -0.041793420328438906,
            0.9285055961320403,
            -0.06829752340951892,
            -0.05954674217935696,
            -0.11636259393345177,
            -0.07357144311297878,
            -0.7841779198447013,
            0.008366725314230182,
            -0.2733921893500517,
            -0.1728631533872542,
            -0.033007449344196665,
            0.19314805481786224,
            -0.0694189467853529
        ],
        [
            0.008948307617803686,
            0.05437068756132371,
            -0.026506303855667525,
            -0.2634694522052691,
            0.2718896260007565,
            0.06837102428008658,
            0.057253492621494526,
            -0.006906983247098753,
            -0.06829752340951892,
            1.3984207706330665,
            0.017651551454603974,
            0.032218268241087894,
            -0.0032310263239890068,
            -0.02877043623607908,
            0.2984916411133085,
            0.0152210115084329,
            0.011467961066050018,
            0.0017514017918867754,
            -0.01825685192132756,
            -0.03673354311697544
        ],
        [
            -0.20691470623926977,
            -0.30002066916575587,
            -0.019800257688598145,
            -0.20840314490697376,
            -0.04350180759320477,
            -0.47716327186506313,
            -0.4791231685938009,
            0.0022196478166398026,
            -0.05954674217935696,
            0.017651551454603974,
            -0.38730754945806467,
            -0.5730885949634632,
            0.061985843107556914,
            -0.02725056004377227,
            0.08597869896171208,
            -0.5411082439800119,
            -0.5128121237121519,
            -0.010673773721712188,
            0.07448892750803238,
            -0.022792838969095397
        ],
        [
            -0.28837347159123683,
            -0.295869219791703,
            -0.016748724609801834,
            -0.16654867067513404,
            -0.045619965221859564,
            -0.4816291951836932,
            -0.39898794570581364,
            -0.004037093687384433,
            -0.11636259393345177,
            0.032218268241087894,
            -0.5730885949634632,
            -0.4265343909518977,
            0.05343785508018784,
            0.0037092514676857202,
            0.07301017925909647,
            -0.4426845947420983,
            -0.36164316605561464,
            -0.03661125831092833,
            0.1974042148239888,
            -0.0705515339329134
        ],
        [
            0.01957211872102924,
            0.021721284409582937,
            -0.03921882902309195,
            0.022635027812525944,
            0.005000968657530042,
            0.014543619797174834,
            0.03734964884349086,
            0.29373857101905315,
            -0.07357144311297878,
            -0.0032310263239890068,
            0.061985843107556914,
            0.05343785508018784,
            1.411183035281934,
            0.020646104847075693,
            -0.015604006598486257,
            0.010903425273131234,
            0.043972649260056736,
            0.2803458306826691,
            0.1615100794513572,
            -0.06270820459767656
        ],
        [
            0.27708154795207535,
            0.17460591586035443,
            0.024716212069049052,
            0.2061970722539792,
            0.058854901264457984,
            0.06201406353520811,
            0.12077054656884356,
            -0.09011372626423166,
            -0.7841779198447013,
            -0.02877043623607908,
            -0.02725056004377227,
            0.0037092514676857202,
            0.020646104847075693,
            0.9627891670645405,
            0.07198198954743355,
            -0.03523712008230362,
            -0.09317866923927592,
            0.17016045561615747,
            -0.5318787226227609,
            0.31749560748460093
        ],
        [
            0.014134583577535137,
            0.016074158451916842,
            0.0018376341320694347,
            0.01959157118122898,
            -0.03763096880145323,
            0.01958903929702314,
            0.04216184847769509,
            -0.001019861683675604,
            0.008366725314230182,
            0.2984916411133085,
            0.08597869896171208,
            0.07301017925909647,
            -0.015604006598486257,
            0.07198198954743355,
            1.3925856972514816,
            0.01595371963127673,
            0.0681488450634215,
            -0.0638560692926281,
            0.30694393287890187,
            0.19623621313088502
        ],
        [
            0.00029420550765250214,
            -0.11421709183051053,
            -0.00205106060221641,
            -0.046682109328112356,
            -0.0028419864964963977,
            -0.20412361022571435,
            -0.2850892167515092,
            -0.00603574830156656,
            -0.2733921893500517,
            0.0152210115084329,
            -0.5411082439800119,
            -0.4426845947420983,
            0.010903425273131234,
            -0.03523712008230362,
            0.01595371963127673,
            -0.22976469801995658,
            -0.45001001642602634,
            -0.04722824376966689,
            0.2342529455408142,
            -0.08895064949748915
        ],
        [
            -0.11547886935905849,
            -0.1769953354249738,
            -0.007950580993225941,
            -0.09881554250047046,
            -0.019695952627468157,
            -0.3002365385824156,
            -0.2958862798348407,
            -0.00930158750152612,
            -0.1728631533872542,
            0.011467961066050018,
            -0.5128121237121519,
            -0.36164316605561464,
            0.043972649260056736,
            -0.09317866923927592,
            0.0681488450634215,
            -0.45001001642602634,
            -0.3064982937116567,
            -0.04087486515735822,
            0.20837679222180236,
            -0.07758877848868898
        ],
        [
            -0.0012638937321787207,
            -0.011867529744302665,
            -0.0027542446527388824,
            -0.0030312469840926503,
            -0.0003660017051263935,
            -0.023100204910683684,
            -0.028275190784017353,
            -0.04205614564239968,
            -0.033007449344196665,
            0.0017514017918867754,
            -0.010673773721712188,
            -0.03661125831092833,
            0.2803458306826691,
            0.17016045561615747,
            -0.0638560692926281,
            -0.04722824376966689,
            -0.04087486515735822,
            1.4816653031646771,
            0.04108913262824347,
            -0.015636181334657828
        ],
        [
            0.046489586302320335,
            0.0946539201263754,
            0.0022423432383913188,
            0.061399252889806646,
            0.004388581502182598,
            0.20107120748948382,
            0.1567155874005927,
            0.004776680443318013,
            0.19314805481786224,
            -0.01825685192132756,
            0.07448892750803238,
            0.1974042148239888,
            0.1615100794513572,
            -0.5318787226227609,
            0.30694393287890187,
            0.2342529455408142,
            0.20837679222180236,
            0.04108913262824347,
            1.280542311572819,
            0.0776369603038395
        ],
        [
            -0.004495986501738278,
            -0.024419863986513968,
            -0.00046048703701220134,
            -0.007348262363318207,
            -0.0034425215667612534,
            -0.05183771410359886,
            -0.05466955116670132,
            -0.001973741512518858,
            -0.0694189467853529,
            -0.03673354311697544,
            -0.022792838969095397,
            -0.0705515339329134,
            -0.06270820459767656,
            0.31749560748460093,
            0.19623621313088502,
            -0.08895064949748915,
            -0.07758877848868898,
            -0.015636181334657828,
            0.0776369603038395,
            1.4607283349095377
        ]
    ]
}