{
    "HF": -2.1554359261417573,
    "coordinates": [
        [
            0.754184,
            -0.090537,
            0.015597
        ],
        [
            1.488428,
            0.187775,
            0.146106
        ],
        [
            2.19629,
            -0.13764,
            -0.018128
        ],
        [
            2.964979,
            0.045059,
            0.0095
        ]
    ],
    "elements": [
        "H",
        "H",
        "H",
        "H"
    ],
    "Enn": 2.9595622656972282,
    "S": [
        [
            0.9999999999999999,
            0.6848602514927513,
            0.0,
            0.0,
            0.0,
            0.5260207578279052,
            0.5487805072056532,
            -0.08551697241300457,
            -0.4811187266197283,
            -0.18236596423394652,
            0.14483472020682936,
            0.33084824660625217,
            0.004428959313841209,
            -0.18938558340241038,
            0.006185834560707562,
            0.013936220469132685,
            0.12379220502630732,
            4.642838456181315e-05,
            -0.01683510586310214,
            -0.0010325575255115001
        ],
        [
            0.6848602514927513,
            1.0000000000000002,
            0.0,
            0.0,
            0.0,
            0.5487805072056532,
            0.8710802334335163,
            -0.028037302610826553,
            -0.15773794311644207,
            -0.05978988241595872,
            0.33084824660625217,
            0.6352378225470933,
            0.00421902882912315,
            -0.18040880025652992,
            0.005892629056729071,
            0.12379220502630732,
            0.34345246551006625,
            0.0002660678047068236,
            -0.09647718095896705,
            -0.0059172921185872505
        ],
        [
            0.0,
            0.0,
            1.0000000000000004,
            0.0,
            0.0,
            0.08551697241300454,
            0.02803730261082656,
            0.4199173186978412,
            -0.10929960665711858,
            -0.041429541307734186,
            -0.004428959313841207,
            -0.004219028829123152,
            0.06674368514506362,
            0.008452316610614638,
            -0.00027607503838815006,
            -4.642838456181315e-05,
            -0.00026606780470682357,
            0.0017146669389795186,
            6.0009291988334804e-05,
            3.6805854710410717e-06
        ],
        [
            0.0,
            0.0,
            0.0,
            1.0000000000000004,
            0.0,
            0.4811187266197283,
            0.15773794311644204,
            -0.10929960665711853,
            -0.17557499716932642,
            -0.23308271558249605,
            0.18938558340241027,
            0.18040880025652986,
            0.008452316610614633,
            -0.29448597339789384,
            0.01180517329309952,
            0.01683510586310213,
            0.09647718095896703,
            6.000929198833483e-05,
            -0.020044761247867502,
            -0.0013345940555109475
        ],
        [
            0.0,
            0.0,
            0.0,
            0.0,
            1.0000000000000004,
            0.1823659642339465,
            0.05978988241595875,
            -0.041429541307734186,
            -0.2330827155824961,
            0.3509959051432438,
            -0.00618583456070756,
            -0.005892629056729069,
            -0.00027607503838814973,
            0.011805173293099512,
            0.06655576227397655,
            0.0010325575255115,
            0.005917292118587247,
            3.6805854710410734e-06,
            -0.0013345940555109475,
            0.0016329769863164228
        ],
        [
            0.5260207578279052,
            0.5487805072056532,
            0.08551697241300457,
            0.4811187266197283,
            0.18236596423394652,
            0.9999999999999999,
            0.6848602514927513,
            0.0,
            0.0,
            0.0,
            0.5258562727673239,
            0.5487168558613935,
            0.10757292707094651,
            -0.463648131947674,
            0.21314614551671432,
            0.12889715122238304,
            0.3154984754541388,
            0.015558765944535435,
            -0.1681720525758,
            0.01625466553841207
        ],
        [
            0.5487805072056532,
            0.8710802334335163,
            0.028037302610826553,
            0.15773794311644207,
            0.05978988241595875,
            0.6848602514927513,
            1.0000000000000002,
            0.0,
            0.0,
            0.0,
            0.5487168558613935,
            0.8710172533063827,
            0.03527808967640205,
            -0.15205145776463636,
            0.06990038330702762,
            0.3154984754541388,
            0.6166668932203577,
            0.01624284852210071,
            -0.1755661847075264,
            0.01696934519479471
        ],
        [
            -0.08551697241300456,
            -0.02803730261082655,
            0.4199173186978412,
            -0.10929960665711855,
            -0.04142954130773418,
            0.0,
            0.0,
            1.0000000000000004,
            0.0,
            0.0,
            -0.1075729270709465,
            -0.03527808967640204,
            0.40840340151717075,
            0.13254467364490444,
            -0.06093281596434982,
            -0.015558765944535435,
            -0.016242848522100707,
            0.05337538489948838,
            0.02937369989507699,
            -0.0028391142291907348
        ],
        [
            -0.4811187266197283,
            -0.15773794311644204,
            -0.10929960665711855,
            -0.17557499716932642,
            -0.23308271558249605,
            0.0,
            0.0,
            0.0,
            1.0000000000000004,
            0.0,
            0.463648131947674,
            0.1520514577646363,
            0.13254467364490444,
            -0.13212276500810308,
            0.26262543063042104,
            0.1681720525758,
            0.17556618470752616,
            0.02937369989507699,
            -0.26140237185275306,
            0.030687502410039154
        ],
        [
            -0.1823659642339465,
            -0.059789882415958756,
            -0.04142954130773419,
            -0.2330827155824961,
            0.3509959051432438,
            0.0,
            0.0,
            0.0,
            0.0,
            1.0000000000000004,
            -0.21314614551671432,
            -0.0699003833070276,
            -0.06093281596434984,
            0.26262543063042115,
            0.31842270955009067,
            -0.016254665538412066,
            -0.016969345194794684,
            -0.0028391142291907335,
            0.03068750241003914,
            0.053126850344241555
        ],
        [
            0.14483472020682936,
            0.33084824660625217,
            -0.004428959313841209,
            0.18938558340241038,
            -0.006185834560707562,
            0.5258562727673239,
            0.5487168558613935,
            -0.10757292707094651,
            0.463648131947674,
            -0.21314614551671432,
            0.9999999999999999,
            0.6848602514927513,
            0.0,
            0.0,
            0.0,
            0.5302929017385433,
            0.5504283300068377,
            -0.018289764816868437,
            -0.5088729197666785,
            -0.12094692856077338
        ],
        [
            0.33084824660625217,
            0.6352378225470933,
            -0.00421902882912315,
            0.18040880025652992,
            -0.005892629056729071,
            0.5487168558613935,
            0.8710172533063827,
            -0.035278089676402044,
            0.15205145776463636,
            -0.06990038330702762,
            0.6848602514927513,
            1.0000000000000002,
            0.0,
            0.0,
            0.0,
            0.5504283300068377,
            0.8727097135005997,
            -0.005954362219181846,
            -0.16566717604968442,
            -0.03937512751854296
        ],
        [
            0.004428959313841207,
            0.004219028829123151,
            0.06674368514506362,
            0.008452316610614638,
            -0.0002760750383881499,
            0.1075729270709465,
            0.03527808967640203,
            0.40840340151717075,
            0.13254467364490444,
            -0.06093281596434982,
            0.0,
            0.0,
            1.0000000000000004,
            0.0,
            0.0,
            0.018289764816868434,
            0.005954362219181845,
            0.4433847438736136,
            -0.02449483316941971,
            -0.005821836302093318
        ],
        [
            -0.18938558340241027,
            -0.18040880025652986,
            0.008452316610614633,
            -0.29448597339789384,
            0.011805173293099512,
            -0.463648131947674,
            -0.1520514577646363,
            0.13254467364490444,
            -0.13212276500810308,
            0.26262543063042104,
            0.0,
            0.0,
            0.0,
            1.0000000000000004,
            0.0,
            0.5088729197666785,
            0.1656671760496844,
            -0.02449483316941971,
            -0.23725031845323216,
            -0.16197993069421648
        ],
        [
            0.00618583456070756,
            0.005892629056729069,
            -0.0002760750383881499,
            0.01180517329309952,
            0.06655576227397655,
            0.21314614551671432,
            0.0699003833070276,
            -0.06093281596434984,
            0.26262543063042115,
            0.31842270955009067,
            0.0,
            0.0,
            0.0,
            0.0,
            1.0000000000000004,
            0.12094692856077337,
            0.03937512751854295,
            -0.005821836302093318,
            -0.16197993069421648,
            0.4057663727155797
        ],
        [
            0.013936220469132685,
            0.12379220502630732,
            -4.642838456181315e-05,
            0.016835105863102138,
            0.0010325575255115001,
            0.12889715122238304,
            0.3154984754541388,
            -0.015558765944535435,
            0.16817205257580006,
            -0.016254665538412066,
            0.5302929017385433,
            0.5504283300068377,
            0.018289764816868437,
            0.5088729197666785,
            0.12094692856077338,
            0.9999999999999999,
            0.6848602514927513,
            0.0,
            0.0,
            0.0
        ],
        [
            0.12379220502630732,
            0.34345246551006625,
            -0.0002660678047068236,
            0.09647718095896705,
            0.005917292118587248,
            0.3154984754541388,
            0.6166668932203577,
            -0.01624284852210071,
            0.17556618470752622,
            -0.016969345194794715,
            0.5504283300068377,
            0.8727097135005997,
            0.005954362219181846,
            0.16566717604968442,
            0.039375127518542975,
            0.6848602514927513,
            1.0000000000000002,
            0.0,
            0.0,
            0.0
        ],
        [
            4.642838456181315e-05,
            0.00026606780470682357,
            0.0017146669389795186,
            6.000929198833484e-05,
            3.6805854710410738e-06,
            0.015558765944535435,
            0.0162428485221007,
            0.05337538489948838,
            0.02937369989507699,
            -0.0028391142291907348,
            -0.018289764816868434,
            -0.005954362219181847,
            0.4433847438736136,
            -0.02449483316941971,
            -0.005821836302093318,
            0.0,
            0.0,
            1.0000000000000004,
            0.0,
            0.0
        ],
        [
            -0.01683510586310213,
            -0.09647718095896703,
            6.00092919883348e-05,
            -0.020044761247867502,
            -0.0013345940555109475,
            -0.1681720525758,
            -0.17556618470752597,
            0.02937369989507699,
            -0.26140237185275306,
            0.030687502410039154,
            -0.5088729197666785,
            -0.1656671760496844,
            -0.02449483316941971,
            -0.23725031845323216,
            -0.16197993069421648,
            0.0,
            0.0,
            0.0,
            1.0000000000000004,
            0.0
        ],
        [
            -0.0010325575255115,
            -0.005917292118587246,
            3.6805854710410712e-06,
            -0.0013345940555109475,
            0.0016329769863164228,
            0.016254665538412066,
            0.01696934519479469,
            -0.0028391142291907335,
            0.03068750241003914,
            0.053126850344241555,
            -0.12094692856077337,
            -0.03937512751854294,
            -0.005821836302093318,
            -0.16197993069421648,
            0.4057663727155797,
            0.0,
            0.0,
            0.0,
            0.0,
            1.0000000000000004
        ]
    ],
    "h": [
        [
            -0.26086339326301444,
            -0.46791130875703857,
            -0.04221527162112967,
            -0.2620990455135107,
            -0.08968863116609263,
            -0.5710697625114689,
            -0.46019502565803005,
            0.01736007745984458,
            0.029203777111174722,
            0.03795186284516072,
            -0.2671879402479932,
            -0.3253712898402062,
            -0.033538555959753635,
            0.3042665062666039,
            -0.06075916556375399,
            -0.018093997525468412,
            -0.1451739656167038,
            -0.002524268767464687,
            0.07495164070914069,
            0.001319797520093393
        ],
        [
            -0.46791130875703857,
            -0.3214597597103672,
            -0.03469733510380644,
            -0.23102145808849506,
            -0.07394922659000373,
            -0.5366377543491059,
            -0.375292653590112,
            0.05648961110237829,
            0.0936932508377642,
            0.11760562603052202,
            -0.34949576331067583,
            -0.32313879915335786,
            -0.03801071791806194,
            0.1778446781949752,
            -0.07949973003003574,
            -0.14577373850645,
            -0.20712296630090515,
            -0.000952846782938435,
            0.12475386578518166,
            0.014156414305301143
        ],
        [
            -0.04221527162112967,
            -0.03469733510380644,
            1.4740842741433298,
            -0.03682142759906752,
            -0.014297656709888567,
            -0.005512933265750641,
            -0.030225571580561675,
            0.3236445394247512,
            -0.14929968375782843,
            -0.05539353295454422,
            -0.015883856924794274,
            -0.024903906125810477,
            -0.047513706484380774,
            0.028942814884829582,
            -0.007248760806681876,
            -9.492366201089729e-05,
            -0.01025043328508846,
            -0.005804756753784253,
            0.0023980774754550228,
            -0.00017915935868921112
        ],
        [
            -0.2620990455135107,
            -0.23102145808849506,
            -0.03682142759906752,
            1.2396326468306855,
            -0.07878725821913606,
            -0.09460294119327872,
            -0.2248187558658169,
            -0.12962088692391624,
            -0.524750467883605,
            -0.2783385623602221,
            -0.24088560566038797,
            -0.18554272655474013,
            -0.03309516894823627,
            0.0874683677251884,
            -0.06645085310520077,
            -0.07596178946304002,
            -0.12299259898382314,
            -0.0012895977595188208,
            0.10059323344992072,
            0.006972297782848742
        ],
        [
            -0.08968863116609263,
            -0.07394922659000373,
            -0.014297656709888567,
            -0.07878725821913606,
            1.450378858311605,
            -0.012208672503149498,
            -0.0648585896377929,
            -0.05526499119507253,
            -0.3194735911241618,
            0.23193988665066634,
            -0.0364644653388685,
            -0.05369933899304119,
            -0.008352128443608556,
            0.060701569682187845,
            -0.05951852172992554,
            -0.003363954267769518,
            -0.023803668757442588,
            -0.0004248710943715458,
            0.009935054169283973,
            -0.0056694773332914405
        ],
        [
            -0.5710697625114689,
            -0.5366377543491059,
            -0.005512933265750641,
            -0.09460294119327872,
            -0.012208672503149498,
            -0.42535382827269386,
            -0.5915908984497125,
            0.08709944018287595,
            0.03924083942620829,
            0.17898235287854866,
            -0.527469973880885,
            -0.5154700899182296,
            -0.011953000737785463,
            0.07256786855197439,
            -0.029414373788438142,
            -0.25022673600059875,
            -0.3377377263716229,
            -0.007780852194449319,
            0.23942283286358654,
            0.01382735224984773
        ],
        [
            -0.46019502565803005,
            -0.375292653590112,
            -0.030225571580561675,
            -0.2248187558658169,
            -0.0648585896377929,
            -0.5915908984497125,
            -0.43534169310013504,
            0.07404111082380306,
            0.0018672068513767154,
            0.150319103958935,
            -0.515541368000201,
            -0.42061818676230067,
            -0.04463886513838132,
            0.11540725588199324,
            -0.10559779740737363,
            -0.3145281273380647,
            -0.31587183482693393,
            0.0020763051948207954,
            0.18668850760490135,
            0.03242307958508178
        ],
        [
            0.01736007745984458,
            0.05648961110237829,
            0.3236445394247512,
            -0.12962088692391624,
            -0.05526499119507253,
            0.08709944018287595,
            0.07404111082380306,
            1.3872760719783643,
            0.008641097605559797,
            -0.03473764068883109,
            0.02267908074697733,
            0.06258591445604894,
            0.2999818831695361,
            0.1697554952430102,
            -0.07693577942528419,
            0.039735761863662664,
            0.044599931556981096,
            -0.04490464191888893,
            -0.03744708260537384,
            -0.005313729780775455
        ],
        [
            0.029203777111174722,
            0.0936932508377642,
            -0.14929968375782843,
            -0.524750467883605,
            -0.3194735911241618,
            0.03924083942620829,
            0.0018672068513767154,
            0.008641097605559797,
            0.9380548055756668,
            0.007173810599829912,
            -0.060185792626812895,
            -0.10942401104270755,
            0.1808364810869615,
            -0.5965153284098157,
            0.34198371496306923,
            -0.29650909375203927,
            -0.17374780074469492,
            0.0033292751514975363,
            0.13469922926507205,
            0.035241556767386786
        ],
        [
            0.03795186284516072,
            0.11760562603052202,
            -0.05539353295454422,
            -0.2783385623602221,
            0.23193988665066634,
            0.17898235287854866,
            0.150319103958935,
            -0.03473764068883109,
            0.007173810599829912,
            1.333506346234204,
            0.04032076624768516,
            0.12298207978423205,
            -0.07826653925553004,
            0.32907963695671316,
            0.18600222882162976,
            0.06548580622595304,
            0.08485093239132402,
            0.000403046520124805,
            -0.07074893183095006,
            -0.05406233788086183
        ],
        [
            -0.2671879402479932,
            -0.34949576331067583,
            -0.015883856924794274,
            -0.24088560566038797,
            -0.0364644653388685,
            -0.527469973880885,
            -0.515541368000201,
            0.02267908074697733,
            -0.060185792626812895,
            0.04032076624768516,
            -0.4280847842179121,
            -0.5958287577889443,
            -0.05453961129211433,
            -0.04716610045619668,
            -0.14927762643790143,
            -0.5666495064342603,
            -0.5349548811275804,
            -0.0041365393424220576,
            0.08559904647166805,
            0.0022472934405554368
        ],
        [
            -0.3253712898402062,
            -0.32313879915335786,
            -0.024903906125810477,
            -0.18554272655474013,
            -0.05369933899304119,
            -0.5154700899182296,
            -0.42061818676230067,
            0.06258591445604894,
            -0.10942401104270755,
            0.12298207978423205,
            -0.5958287577889443,
            -0.44016214058119285,
            -0.04688840914394833,
            -0.005756650800239779,
            -0.1255026566740407,
            -0.4559898547651684,
            -0.37159032413261506,
            0.002135939189632898,
            0.22919179377571908,
            0.03916174683895646
        ],
        [
            -0.033538555959753635,
            -0.03801071791806194,
            -0.047513706484380774,
            -0.03309516894823627,
            -0.008352128443608556,
            -0.011953000737785463,
            -0.04463886513838132,
            0.2999818831695361,
            0.1808364810869615,
            -0.07826653925553004,
            -0.05453961129211433,
            -0.04688840914394833,
            1.3960268845827777,
            0.037523922038594476,
            -0.022150575498572758,
            -0.010714275830515547,
            -0.029715134828143357,
            0.3583638560730692,
            -0.019073397511233083,
            -0.007989183041439621
        ],
        [
            0.3042665062666039,
            0.1778446781949752,
            0.028942814884829582,
            0.0874683677251884,
            0.060701569682187845,
            0.07256786855197439,
            0.11540725588199324,
            0.1697554952430102,
            -0.5965153284098157,
            0.32907963695671316,
            -0.04716610045619668,
            -0.005756650800239779,
            0.037523922038594476,
            0.901640472640568,
            0.03096411585085876,
            -0.032573477488157754,
            -0.10717152274160899,
            -0.032203027892258075,
            -0.6086467962818218,
            -0.22267136967563766
        ],
        [
            -0.06075916556375399,
            -0.07949973003003574,
            -0.007248760806681876,
            -0.06645085310520077,
            -0.05951852172992554,
            -0.029414373788438142,
            -0.10559779740737363,
            -0.07693577942528419,
            0.34198371496306923,
            0.18600222882162976,
            -0.14927762643790143,
            -0.1255026566740407,
            -0.022150575498572758,
            0.03096411585085876,
            1.3531236640147946,
            -0.029579989353341468,
            -0.09216328138742161,
            -0.009943428183495464,
            -0.18971080242372595,
            0.3072295048552147
        ],
        [
            -0.018093997525468412,
            -0.14577373850645,
            -9.492366201089729e-05,
            -0.07596178946304002,
            -0.003363954267769518,
            -0.25022673600059875,
            -0.3145281273380647,
            0.039735761863662664,
            -0.29650909375203927,
            0.06548580622595304,
            -0.5666495064342603,
            -0.4559898547651684,
            -0.010714275830515547,
            -0.032573477488157754,
            -0.029579989353341468,
            -0.25738988196192025,
            -0.4654016817563532,
            0.006629757675788094,
            0.27373009278825133,
            0.057647491383702266
        ],
        [
            -0.1451739656167038,
            -0.20712296630090515,
            -0.01025043328508846,
            -0.12299259898382314,
            -0.023803668757442588,
            -0.3377377263716229,
            -0.31587183482693393,
            0.044599931556981096,
            -0.17374780074469492,
            0.08485093239132402,
            -0.5349548811275804,
            -0.37159032413261506,
            -0.029715134828143357,
            -0.10717152274160899,
            -0.09216328138742161,
            -0.4654016817563532,
            -0.31690418618447036,
            0.004339493137190078,
            0.23852617467182383,
            0.0464603103241977
        ],
        [
            -0.002524268767464687,
            -0.000952846782938435,
            -0.005804756753784253,
            -0.0012895977595188208,
            -0.0004248710943715458,
            -0.007780852194449319,
            0.0020763051948207954,
            -0.04490464191888893,
            0.0033292751514975363,
            0.000403046520124805,
            -0.0041365393424220576,
            0.002135939189632898,
            0.3583638560730692,
            -0.032203027892258075,
            -0.009943428183495464,
            0.006629757675788094,
            0.004339493137190078,
            1.4874529019346994,
            -0.00587161102907149,
            -0.002296404520591457
        ],
        [
            0.07495164070914069,
            0.12475386578518166,
            0.0023980774754550228,
            0.10059323344992072,
            0.009935054169283973,
            0.23942283286358654,
            0.18668850760490135,
            -0.03744708260537384,
            0.13469922926507205,
            -0.07074893183095006,
            0.08559904647166805,
            0.22919179377571908,
            -0.019073397511233083,
            -0.6086467962818218,
            -0.18971080242372595,
            0.27373009278825133,
            0.23852617467182383,
            -0.00587161102907149,
            1.2264680285644172,
            -0.053323422227719144
        ],
        [
            0.001319797520093393,
            0.014156414305301143,
            -0.00017915935868921112,
            0.006972297782848742,
            -0.0056694773332914405,
            0.01382735224984773,
            0.03242307958508178,
            -0.005313729780775455,
            0.035241556767386786,
            -0.05406233788086183,
            0.0022472934405554368,
            0.03916174683895646,
            -0.007989183041439621,
            -0.22267136967563766,
            0.3072295048552147,
            0.057647491383702266,
            0.0464603103241977,
            -0.002296404520591457,
            -0.053323422227719144,
            1.4743428127901634
        ]
    ]
}