{
    "HF": -2.1650338702682372,
    "coordinates": [
        [
            0.745879,
            0.090492,
            -0.058655
        ],
        [
            1.4285,
            0.174734,
            -0.102355
        ],
        [
            2.246772,
            0.084523,
            -0.067748
        ],
        [
            3.024921,
            -0.189574,
            -0.153705
        ]
    ],
    "elements": [
        "H",
        "H",
        "H",
        "H"
    ],
    "Enn": 2.953870290499502,
    "S": [
        [
            0.9999999999999999,
            0.6848602514927513,
            0.0,
            0.0,
            0.0,
            0.611942141950401,
            0.5800640506459938,
            0.03466820861349526,
            -0.5415388382597885,
            -0.06683110366174069,
            0.1252569226445094,
            0.3118267869251027,
            0.0010000798865588785,
            -0.16507345223545722,
            0.0006564914596799661,
            0.010285073649853725,
            0.10864529757756898,
            0.0004991883307711444,
            -0.011969186446473755,
            0.001470864587540782
        ],
        [
            0.6848602514927513,
            1.0000000000000002,
            0.0,
            0.0,
            0.0,
            0.5800640506459938,
            0.9017059815656502,
            0.009960425274301056,
            -0.15558799682308136,
            -0.019201055971571387,
            0.3118267869251027,
            0.6121743366007873,
            0.001067729435130412,
            -0.17623970472684372,
            0.0007008992629817909,
            0.108645297577569,
            0.3164797051798157,
            0.0036057471412926467,
            -0.08645606708454366,
            0.010624378525757667
        ],
        [
            0.0,
            0.0,
            1.0000000000000004,
            0.0,
            0.0,
            -0.03466820861349526,
            -0.009960425274301053,
            0.5371217932299458,
            0.04180464412325404,
            0.005159095354861874,
            -0.0010000798865588785,
            -0.0010677294351304116,
            0.053689839689501064,
            0.0019027179268732994,
            -7.5670439568354925e-06,
            -0.0004991883307711444,
            -0.0036057471412926445,
            0.0010285965384660759,
            0.0005923650343697349,
            -7.279431696115919e-05
        ],
        [
            0.0,
            0.0,
            0.0,
            1.0000000000000004,
            0.0,
            0.5415388382597884,
            0.1555879968230815,
            0.04180464412325403,
            -0.11321632913350671,
            -0.08058825698469492,
            0.16507345223545722,
            0.17623970472684355,
            0.0019027179268732994,
            -0.26036176029382924,
            0.0012490182893991732,
            0.011969186446473755,
            0.0864560670845436,
            0.0005923650343697349,
            -0.013150010077964253,
            0.0017454108965364982
        ],
        [
            0.0,
            0.0,
            0.0,
            0.0,
            1.0000000000000004,
            0.06683110366174067,
            0.019201055971571384,
            0.005159095354861868,
            -0.08058825698469485,
            0.5298526746462537,
            -0.0006564914596799661,
            -0.0007008992629817906,
            -7.56704395683553e-06,
            0.001249018289399179,
            0.05369639980000837,
            -0.0014708645875407818,
            -0.010624378525757658,
            -7.279431696115919e-05,
            0.0017454108965364982,
            0.0008388124310944049
        ],
        [
            0.611942141950401,
            0.5800640506459938,
            -0.03466820861349526,
            0.5415388382597884,
            0.06683110366174069,
            0.9999999999999999,
            0.6848602514927513,
            0.0,
            0.0,
            0.0,
            0.5041060930408375,
            0.5401615559586894,
            -0.021487061932809387,
            -0.5080550507667181,
            0.05601090369060216,
            0.08692272887493262,
            0.26830935675866624,
            0.003620790141792737,
            -0.1125668046533769,
            0.02568807818843678
        ],
        [
            0.5800640506459938,
            0.9017059815656502,
            -0.009960425274301056,
            0.15558799682308155,
            0.019201055971571387,
            0.6848602514927513,
            1.0000000000000002,
            0.0,
            0.0,
            0.0,
            0.5401615559586894,
            0.8625266931588935,
            -0.007310046903368892,
            -0.17284383794358013,
            0.01905529636200223,
            0.26830935675866624,
            0.5573003423779846,
            0.005133866489100559,
            -0.15960686026088353,
            0.03642275818717121
        ],
        [
            0.03466820861349526,
            0.009960425274301053,
            0.5371217932299458,
            0.04180464412325402,
            0.005159095354861867,
            0.0,
            0.0,
            1.0000000000000004,
            0.0,
            0.0,
            0.021487061932809394,
            0.007310046903368892,
            0.41296675519315595,
            -0.030455190978166208,
            0.003357554985788775,
            -0.0036207901417927408,
            -0.0051338664891005465,
            0.030476058288771864,
            0.006530734974615029,
            -0.0014903330619755388
        ],
        [
            -0.5415388382597885,
            -0.1555879968230813,
            0.041804644123254055,
            -0.11321632913350671,
            -0.08058825698469485,
            0.0,
            0.0,
            0.0,
            1.0000000000000004,
            0.0,
            0.5080550507667181,
            0.1728438379435798,
            -0.03045519097816623,
            -0.30584894719394323,
            0.07938836747858392,
            0.11256680465337693,
            0.15960686026088364,
            0.006530734974615029,
            -0.17234800377450082,
            0.046332989233340824
        ],
        [
            -0.06683110366174069,
            -0.019201055971571384,
            0.005159095354861875,
            -0.08058825698469492,
            0.5298526746462537,
            0.0,
            0.0,
            0.0,
            0.0,
            1.0000000000000004,
            -0.05601090369060214,
            -0.019055296362002205,
            0.003357554985788776,
            0.07938836747858388,
            0.40550256086116226,
            -0.02568807818843679,
            -0.036422758187171195,
            -0.0014903330619755394,
            0.04633298923334084,
            0.020112798596827543
        ],
        [
            0.1252569226445094,
            0.3118267869251027,
            -0.0010000798865588785,
            0.16507345223545722,
            -0.0006564914596799661,
            0.5041060930408375,
            0.5401615559586894,
            0.02148706193280939,
            0.5080550507667181,
            -0.05601090369060214,
            0.9999999999999999,
            0.6848602514927513,
            0.0,
            0.0,
            0.0,
            0.4998169069326012,
            0.5384411878311656,
            0.05279530552341783,
            -0.4779437881468883,
            0.1683520231982533
        ],
        [
            0.3118267869251027,
            0.6121743366007873,
            -0.001067729435130412,
            0.17623970472684372,
            -0.0007008992629817909,
            0.5401615559586894,
            0.8625266931588935,
            0.007310046903368892,
            0.17284383794358013,
            -0.01905529636200225,
            0.6848602514927513,
            1.0000000000000002,
            0.0,
            0.0,
            0.0,
            0.5384411878311656,
            0.8608131820034143,
            0.01809499200650697,
            -0.163809811124997,
            0.057700746000995055
        ],
        [
            0.0010000798865588785,
            0.0010677294351304116,
            0.053689839689501064,
            0.0019027179268732994,
            -7.56704395683553e-06,
            -0.02148706193280939,
            -0.007310046903368892,
            0.41296675519315595,
            -0.030455190978166236,
            0.003357554985788777,
            0.0,
            0.0,
            1.0000000000000004,
            0.0,
            0.0,
            -0.05279530552341782,
            -0.01809499200650694,
            0.4015221736588669,
            0.07108816098986383,
            -0.02504025792340376
        ],
        [
            -0.16507345223545722,
            -0.17623970472684367,
            0.0019027179268732994,
            -0.26036176029382924,
            0.001249018289399179,
            -0.5080550507667181,
            -0.17284383794358013,
            -0.030455190978166204,
            -0.30584894719394323,
            0.07938836747858388,
            0.0,
            0.0,
            0.0,
            1.0000000000000004,
            0.0,
            0.4779437881468882,
            0.16380981112499696,
            0.07108816098986387,
            -0.23416999671844993,
            0.22668371002755702
        ],
        [
            0.000656491459679966,
            0.0007008992629817906,
            -7.5670439568354925e-06,
            0.0012490182893991732,
            0.05369639980000837,
            0.05601090369060216,
            0.01905529636200223,
            0.0033575549857887744,
            0.07938836747858392,
            0.40550256086116226,
            0.0,
            0.0,
            0.0,
            0.0,
            1.0000000000000004,
            -0.16835202319825324,
            -0.057700746000995035,
            -0.025040257923403746,
            0.22668371002755677,
            0.3295272217753362
        ],
        [
            0.010285073649853725,
            0.10864529757756898,
            -0.0004991883307711444,
            0.011969186446473755,
            -0.001470864587540782,
            0.08692272887493262,
            0.26830935675866624,
            -0.003620790141792739,
            0.1125668046533769,
            -0.02568807818843678,
            0.4998169069326012,
            0.5384411878311656,
            -0.05279530552341783,
            0.4779437881468883,
            -0.1683520231982533,
            0.9999999999999999,
            0.6848602514927513,
            0.0,
            0.0,
            0.0
        ],
        [
            0.108645297577569,
            0.3164797051798157,
            -0.0036057471412926467,
            0.08645606708454366,
            -0.010624378525757667,
            0.26830935675866624,
            0.5573003423779846,
            -0.005133866489100548,
            0.1596068602608837,
            -0.03642275818717121,
            0.5384411878311656,
            0.8608131820034143,
            -0.01809499200650695,
            0.163809811124997,
            -0.057700746000995076,
            0.6848602514927513,
            1.0000000000000002,
            0.0,
            0.0,
            0.0
        ],
        [
            0.0004991883307711442,
            0.0036057471412926445,
            0.0010285965384660759,
            0.0005923650343697348,
            -7.279431696115918e-05,
            0.003620790141792738,
            0.005133866489100536,
            0.030476058288771864,
            0.006530734974615029,
            -0.0014903330619755388,
            0.05279530552341782,
            0.01809499200650692,
            0.40152217365886694,
            0.07108816098986388,
            -0.02504025792340375,
            0.0,
            0.0,
            1.0000000000000004,
            0.0,
            0.0
        ],
        [
            -0.011969186446473755,
            -0.0864560670845436,
            0.000592365034369735,
            -0.013150010077964253,
            0.0017454108965364982,
            -0.11256680465337693,
            -0.1596068602608838,
            0.006530734974615029,
            -0.17234800377450082,
            0.046332989233340824,
            -0.4779437881468882,
            -0.16380981112499696,
            0.07108816098986381,
            -0.2341699967184498,
            0.22668371002755677,
            0.0,
            0.0,
            0.0,
            1.0000000000000004,
            0.0
        ],
        [
            0.0014708645875407818,
            0.01062437852575766,
            -7.27943169611592e-05,
            0.0017454108965364982,
            0.0008388124310944049,
            0.02568807818843679,
            0.036422758187171195,
            -0.0014903330619755394,
            0.04633298923334084,
            0.020112798596827543,
            0.16835202319825324,
            0.057700746000995035,
            -0.025040257923403756,
            0.22668371002755702,
            0.3295272217753362,
            0.0,
            0.0,
            0.0,
            0.0,
            1.0000000000000004
        ]
    ],
    "h": [
        [
            -0.3228872276113921,
            -0.4899346124765531,
            0.019823214314192386,
            -0.3293166194814745,
            -0.040145138021063856,
            -0.6282789199669748,
            -0.48957916814207636,
            -0.004172982182634927,
            -0.003703999155887483,
            0.0033803126374224446,
            -0.25730560136706326,
            -0.3288815773677915,
            0.0037131548395309922,
            0.3207998437284968,
            -0.024054029847592848,
            -0.007667776798375353,
            -0.13164394924765016,
            -0.002302009749336218,
            0.05379540994650753,
            -0.009772298664941979
        ],
        [
            -0.4899346124765531,
            -0.3173257191979173,
            0.01510843264419708,
            -0.26357456478027996,
            -0.030465086140467633,
            -0.5605956461170822,
            -0.36848431878898813,
            -0.019060727564753962,
            0.12374366429956613,
            0.037499927236787994,
            -0.3285743759695039,
            -0.31173120617193706,
            0.009786274376046861,
            0.18400095811372064,
            -0.009027999243466273,
            -0.12813560715710992,
            -0.18817811288750863,
            -0.008078505800206089,
            0.10018915334597424,
            -0.028617742226685308
        ],
        [
            0.019823214314192386,
            0.01510843264419708,
            1.4623962582379069,
            0.018793545886328963,
            0.002334324307869343,
            0.0010635718099817684,
            0.013726735829030182,
            0.5007509114772929,
            0.062356644721070345,
            0.007504036069219308,
            0.00802125995314646,
            0.010566075133858557,
            -0.04680070593545527,
            -0.011717495916197102,
            0.0009507923440717854,
            0.0013456292643475314,
            0.004865761892345283,
            -0.0034816754837045058,
            -0.002818752632587032,
            0.00047166111008934634
        ],
        [
            -0.3293166194814745,
            -0.26357456478027996,
            0.018793545886328963,
            1.145728416859846,
            -0.036731856806648956,
            -0.06637383173626188,
            -0.2558204272246637,
            0.05698207138122534,
            -0.495600291627777,
            -0.1095883671097338,
            -0.24760129023807864,
            -0.20131132346416464,
            0.007402178848488978,
            0.17941301699384637,
            -0.018386321790866068,
            -0.05839811697873239,
            -0.11684032509708978,
            -0.004158969107808908,
            0.0740724181857164,
            -0.01451264800676764
        ],
        [
            -0.040145138021063856,
            -0.030465086140467633,
            0.002334324307869343,
            -0.036731856806648956,
            1.4590202914271502,
            -0.0031134078416451133,
            -0.027176878162008505,
            0.0073707197658087215,
            -0.1180895497299505,
            0.49007118752315815,
            -0.012488429920672584,
            -0.020027347200885875,
            0.0004300982789456313,
            0.02334562529379494,
            -0.04853404518120677,
            0.0039011875565050425,
            -0.004849951190401693,
            0.00023850890321961516,
            -0.004649901066113352,
            -0.002955556717128278
        ],
        [
            -0.6282789199669748,
            -0.5605956461170822,
            0.0010635718099817684,
            -0.06637383173626188,
            -0.0031134078416451133,
            -0.4761810136042075,
            -0.6073937206850283,
            -0.028736493509376217,
            0.11694873753212282,
            0.05848542923298517,
            -0.48715771513457395,
            -0.498778926234295,
            0.004182671892998577,
            0.08651464157702793,
            0.004632240470503521,
            -0.19321544583775627,
            -0.2969198348235748,
            -0.012806917654265542,
            0.19585581952945097,
            -0.05453973151235893
        ],
        [
            -0.48957916814207636,
            -0.36848431878898813,
            0.013726735829030182,
            -0.2558204272246637,
            -0.027176878162008505,
            -0.6073937206850283,
            -0.42781448576808834,
            -0.021964864017439495,
            0.04232733923653782,
            0.04925939211397852,
            -0.48058270394747304,
            -0.39982192751052503,
            0.01720287843665016,
            0.13193717402980565,
            0.012280197209504379,
            -0.2789918710478259,
            -0.29075760146702734,
            -0.01532805275429728,
            0.1542668867049116,
            -0.05182010858744908
        ],
        [
            -0.004172982182634927,
            -0.019060727564753962,
            0.5007509114772929,
            0.05698207138122534,
            0.0073707197658087215,
            -0.028736493509376217,
            -0.021964864017439495,
            1.3975821489188582,
            0.010886097400732722,
            0.003227127034206929,
            -0.0032109072558751187,
            -0.014446213586749575,
            0.3099492811561769,
            -0.0337243293673852,
            0.0039446050211171075,
            -2.5340090973625766e-05,
            -0.007302437999471399,
            -0.03992146137080617,
            0.0015357462601119781,
            -0.000555621154536647
        ],
        [
            -0.003703999155887483,
            0.12374366429956613,
            0.062356644721070345,
            -0.495600291627777,
            -0.1180895497299505,
            0.11694873753212282,
            0.04232733923653782,
            0.010886097400732722,
            0.8418198804959869,
            -0.006848053713981256,
            -0.03794092191538356,
            -0.09264555936589158,
            -0.03381262256256502,
            -0.7921450915108812,
            0.13358400902649847,
            -0.2689989742736614,
            -0.16636884729123605,
            -0.018176997494667273,
            0.20128818474771903,
            -0.07218308236526075
        ],
        [
            0.0033803126374224446,
            0.037499927236787994,
            0.007504036069219308,
            -0.1095883671097338,
            0.49007118752315815,
            0.05848542923298517,
            0.04925939211397852,
            0.003227127034206929,
            -0.006848053713981256,
            1.3915432652638249,
            0.020390334042350494,
            0.04166547302299379,
            0.0033564322426854268,
            0.10368352645009998,
            0.2974699459304132,
            0.03989712075340148,
            0.02939228672079197,
            0.002789659684618872,
            -0.04097237886262989,
            -0.02801141058415954
        ],
        [
            -0.25730560136706326,
            -0.3285743759695039,
            0.00802125995314646,
            -0.24760129023807864,
            -0.012488429920672584,
            -0.48715771513457395,
            -0.48058270394747304,
            -0.0032109072558751187,
            -0.03794092191538356,
            0.020390334042350494,
            -0.38271344533598883,
            -0.5729401495613644,
            0.03295820965504533,
            -0.02422847869593575,
            0.05658334713549683,
            -0.5349109457197322,
            -0.5090561696312143,
            -0.0051179267583906785,
            0.06775289887002511,
            -0.020993921884137734
        ],
        [
            -0.3288815773677915,
            -0.31173120617193706,
            0.010566075133858557,
            -0.20131132346416464,
            -0.020027347200885875,
            -0.498778926234295,
            -0.39982192751052503,
            -0.014446213586749575,
            -0.09264555936589158,
            0.04166547302299379,
            -0.5729401495613644,
            -0.4279995308010882,
            0.0276438624831947,
            0.00741174768720651,
            0.04561148521463508,
            -0.4383697417457033,
            -0.3576688700961349,
            -0.019705282127284677,
            0.19620548742649713,
            -0.06673267261440852
        ],
        [
            0.0037131548395309922,
            0.009786274376046861,
            -0.04680070593545527,
            0.007402178848488978,
            0.0004300982789456313,
            0.004182671892998577,
            0.01720287843665016,
            0.3099492811561769,
            -0.03381262256256502,
            0.0033564322426854268,
            0.03295820965504533,
            0.0276438624831947,
            1.422442362859669,
            0.014708674087054218,
            -0.00706605699027759,
            0.006442902369026518,
            0.02384093665821246,
            0.3057869095076689,
            0.09167196488986315,
            -0.03256205434231225
        ],
        [
            0.3207998437284968,
            0.18400095811372064,
            -0.011717495916197102,
            0.17941301699384637,
            0.02334562529379494,
            0.08651464157702793,
            0.13193717402980565,
            -0.0337243293673852,
            -0.7921450915108812,
            0.10368352645009998,
            -0.02422847869593575,
            0.00741174768720651,
            0.014708674087054218,
            0.9406245656475694,
            0.10192774305646575,
            -0.03978260446983062,
            -0.09961026111763321,
            0.09626248368998272,
            -0.5682973924282938,
            0.3084161962554796
        ],
        [
            -0.024054029847592848,
            -0.009027999243466273,
            0.0009507923440717854,
            -0.018386321790866068,
            -0.04853404518120677,
            0.004632240470503521,
            0.012280197209504379,
            0.0039446050211171075,
            0.13358400902649847,
            0.2974699459304132,
            0.05658334713549683,
            0.04561148521463508,
            -0.00706605699027759,
            0.10192774305646575,
            1.3968060921913286,
            0.013382284152609503,
            0.05425943358588842,
            -0.033577057766020664,
            0.302863457591537,
            0.20945747071564114
        ],
        [
            -0.007667776798375353,
            -0.12813560715710992,
            0.0013456292643475314,
            -0.05839811697873239,
            0.0039011875565050425,
            -0.19321544583775627,
            -0.2789918710478259,
            -2.5340090973625766e-05,
            -0.2689989742736614,
            0.03989712075340148,
            -0.5349109457197322,
            -0.4383697417457033,
            0.006442902369026518,
            -0.03978260446983062,
            0.013382284152609503,
            -0.22401684977265934,
            -0.4479310188210872,
            -0.02564276394955408,
            0.2384554611018143,
            -0.08392266184101244
        ],
        [
            -0.13164394924765016,
            -0.18817811288750863,
            0.004865761892345283,
            -0.11684032509708978,
            -0.004849951190401693,
            -0.2969198348235748,
            -0.29075760146702734,
            -0.007302437999471399,
            -0.16636884729123605,
            0.02939228672079197,
            -0.5090561696312143,
            -0.3576688700961349,
            0.02384093665821246,
            -0.09961026111763321,
            0.05425943358588842,
            -0.4479310188210872,
            -0.3027866692262495,
            -0.022202875666328944,
            0.21093003078326855,
            -0.07348778350204796
        ],
        [
            -0.002302009749336218,
            -0.008078505800206089,
            -0.0034816754837045058,
            -0.004158969107808908,
            0.00023850890321961516,
            -0.012806917654265542,
            -0.01532805275429728,
            -0.03992146137080617,
            -0.018176997494667273,
            0.002789659684618872,
            -0.0051179267583906785,
            -0.019705282127284677,
            0.3057869095076689,
            0.09626248368998272,
            -0.033577057766020664,
            -0.02564276394955408,
            -0.022202875666328944,
            1.4984175641352826,
            0.0228500997676417,
            -0.008047725290373516
        ],
        [
            0.05379540994650753,
            0.10018915334597424,
            -0.002818752632587032,
            0.0740724181857164,
            -0.004649901066113352,
            0.19585581952945097,
            0.1542668867049116,
            0.0015357462601119781,
            0.20128818474771903,
            -0.04097237886262989,
            0.06775289887002511,
            0.19620548742649713,
            0.09167196488986315,
            -0.5682973924282938,
            0.302863457591537,
            0.2384554611018143,
            0.21093003078326855,
            0.0228500997676417,
            1.285584946647893,
            0.07481073355704485
        ],
        [
            -0.009772298664941979,
            -0.028617742226685308,
            0.00047166111008934634,
            -0.01451264800676764,
            -0.002955556717128278,
            -0.05453973151235893,
            -0.05182010858744908,
            -0.000555621154536647,
            -0.07218308236526075,
            -0.02801141058415954,
            -0.020993921884137734,
            -0.06673267261440852,
            -0.03256205434231225,
            0.3084161962554796,
            0.20945747071564114,
            -0.08392266184101244,
            -0.07348778350204796,
            -0.008047725290373516,
            0.07481073355704485,
            1.474768112756465
        ]
    ]
}