{
    "HF": -2.1555188907290037,
    "coordinates": [
        [
            0.81902,
            -0.081493,
            -0.194798
        ],
        [
            1.469666,
            -0.108968,
            -0.176261
        ],
        [
            2.289121,
            -0.118613,
            -0.119242
        ],
        [
            2.957477,
            -0.050826,
            0.131787
        ]
    ],
    "elements": [
        "H",
        "H",
        "H",
        "H"
    ],
    "Enn": 3.146308239649431,
    "S": [
        [
            0.9999999999999999,
            0.6848602514927513,
            0.0,
            0.0,
            0.0,
            0.6427335065904995,
            0.5904024608105567,
            -0.015643112400034104,
            -0.5490709667493436,
            0.023185764319519707,
            0.13463378979197296,
            0.3211546148052468,
            -0.009075245895797548,
            -0.17657800924688807,
            0.004458588697813607,
            0.016733990994288593,
            0.13388686435942898,
            -0.0031094065054042097,
            -0.020360188334819944,
            -0.0002919796356269604
        ],
        [
            0.6848602514927513,
            1.0000000000000002,
            0.0,
            0.0,
            0.0,
            0.5904024608105567,
            0.9116878768786514,
            -0.004305506432129334,
            -0.15112264865076397,
            0.00638149588513529,
            0.3211546148052467,
            0.6235489871119374,
            -0.00915621600546223,
            -0.17815345314529657,
            0.004498368602397666,
            0.13388686435942904,
            0.36074009447692224,
            -0.015502380066721862,
            -0.10150856031459438,
            -0.0014557052207117857
        ],
        [
            0.0,
            0.0,
            1.0000000000000004,
            0.0,
            0.0,
            0.015643112400034104,
            0.004305506432129333,
            0.5758841458869366,
            -0.018048415745400784,
            0.0007621352050191453,
            0.00907524589579755,
            0.00915621600546223,
            0.05903990772017784,
            -0.01728139066252578,
            0.0004363545235279461,
            0.0031094065054042093,
            0.015502380066721853,
            0.0016615445303452146,
            -0.004166229201363918,
            -5.9746700970946476e-05
        ],
        [
            0.0,
            0.0,
            0.0,
            1.0000000000000004,
            0.0,
            0.5490709667493436,
            0.1511226486507641,
            -0.0180484157454008,
            -0.057098415928620194,
            0.02675083468764562,
            0.17657800924688807,
            0.17815345314529657,
            -0.017281390662525778,
            -0.27631774019819955,
            0.008490195634932463,
            0.020360188334819937,
            0.10150856031459438,
            -0.0041662292013639165,
            -0.024982382759685888,
            -0.0003912174500305502
        ],
        [
            0.0,
            0.0,
            0.0,
            0.0,
            1.0000000000000004,
            -0.023185764319519707,
            -0.006381495885135288,
            0.0007621352050191453,
            0.0267508346876456,
            0.5752687333578954,
            -0.004458588697813607,
            -0.004498368602397666,
            0.0004363545235279455,
            0.008490195634932453,
            0.059713709514019955,
            0.00029197963562696056,
            0.001455705220711788,
            -5.974670097094645e-05,
            -0.0003912174500305502,
            0.002292200418299636
        ],
        [
            0.6427335065904995,
            0.5904024608105567,
            0.015643112400034104,
            0.5490709667493436,
            -0.023185764319519707,
            0.9999999999999999,
            0.6848602514927513,
            0.0,
            0.0,
            0.0,
            0.5060242782325274,
            0.5409273208442245,
            -0.03557305817472066,
            -0.5112422242860403,
            0.006017330119700103,
            0.11910891381884889,
            0.30547047226707047,
            -0.03186383692708456,
            -0.15389603919623765,
            -0.00601408613792185
        ],
        [
            0.5904024608105567,
            0.9116878768786514,
            0.004305506432129334,
            0.15112264865076414,
            -0.00638149588513529,
            0.6848602514927513,
            1.0000000000000002,
            0.0,
            0.0,
            0.0,
            0.5409273208442245,
            0.8632887379805589,
            -0.012062369931008003,
            -0.17335571216286147,
            0.0020403998313644907,
            0.30547047226707047,
            0.6043492820781441,
            -0.03538375492549282,
            -0.17089654793880307,
            -0.006678447121481082
        ],
        [
            -0.015643112400034104,
            -0.004305506432129333,
            0.5758841458869366,
            -0.0180484157454008,
            0.0007621352050191453,
            0.0,
            0.0,
            1.0000000000000004,
            0.0,
            0.0,
            0.03557305817472066,
            0.012062369931007998,
            0.412925553276197,
            -0.050516104996814006,
            0.0005945754589260785,
            0.031863836927084555,
            0.03538375492549282,
            0.037484871230084024,
            -0.059182045703605406,
            -0.002312768558169704
        ],
        [
            -0.5490709667493436,
            -0.1511226486507639,
            -0.018048415745400784,
            -0.05709841592862038,
            0.0267508346876456,
            0.0,
            0.0,
            0.0,
            1.0000000000000004,
            0.0,
            0.5112422242860403,
            0.17335571216286105,
            -0.05051610499681405,
            -0.3095573645200376,
            0.008545008377808628,
            0.15389603919623765,
            0.17089654793880307,
            -0.059182045703605406,
            -0.2360992083778537,
            -0.011170215360265367
        ],
        [
            0.023185764319519707,
            0.006381495885135288,
            0.0007621352050191453,
            0.02675083468764562,
            0.5752687333578954,
            0.0,
            0.0,
            0.0,
            0.0,
            1.0000000000000004,
            -0.006017330119700103,
            -0.00204039983136449,
            0.0005945754589260808,
            0.008545008377808654,
            0.4163399704010048,
            0.0060140861379218485,
            0.006678447121481076,
            -0.0023127685581697034,
            -0.011170215360265363,
            0.04930186421738394
        ],
        [
            0.13463378979197296,
            0.3211546148052468,
            0.009075245895797548,
            0.17657800924688807,
            -0.004458588697813607,
            0.5060242782325274,
            0.5409273208442245,
            0.03557305817472066,
            0.5112422242860403,
            -0.006017330119700103,
            0.9999999999999999,
            0.6848602514927513,
            0.0,
            0.0,
            0.0,
            0.5891925238109934,
            0.5721439978869463,
            -0.1898537161878898,
            -0.5054789300697261,
            -0.051267438659391866
        ],
        [
            0.3211546148052467,
            0.6235489871119374,
            0.00915621600546223,
            0.17815345314529657,
            -0.004498368602397666,
            0.5409273208442245,
            0.8632887379805589,
            0.012062369931008003,
            0.17335571216286114,
            -0.0020403998313644907,
            0.6848602514927513,
            1.0000000000000002,
            0.0,
            0.0,
            0.0,
            0.5721439978869463,
            0.8940131650291397,
            -0.05638293539384306,
            -0.15011760859537043,
            -0.015225452204894395
        ],
        [
            -0.00907524589579755,
            -0.00915621600546223,
            0.05903990772017784,
            -0.017281390662525774,
            0.00043635452352794546,
            -0.03557305817472066,
            -0.012062369931007998,
            0.412925553276197,
            -0.05051610499681406,
            0.000594575458926081,
            0.0,
            0.0,
            1.0000000000000004,
            0.0,
            0.0,
            0.18985371618788976,
            0.05638293539384304,
            0.42901479416432275,
            -0.22341970753619517,
            -0.02266000711410695
        ],
        [
            -0.17657800924688807,
            -0.17815345314529657,
            -0.017281390662525785,
            -0.27631774019819955,
            0.008490195634932453,
            -0.5112422242860403,
            -0.17335571216286072,
            -0.050516104996814,
            -0.3095573645200376,
            0.008545008377808654,
            0.0,
            0.0,
            0.0,
            1.0000000000000004,
            0.0,
            0.5054789300697261,
            0.15011760859537113,
            -0.22341970753619517,
            -0.08191782383986329,
            -0.060331482477148285
        ],
        [
            0.004458588697813607,
            0.004498368602397666,
            0.00043635452352794616,
            0.008490195634932463,
            0.059713709514019955,
            0.006017330119700103,
            0.00204039983136449,
            0.0005945754589260784,
            0.008545008377808628,
            0.4163399704010048,
            0.0,
            0.0,
            0.0,
            0.0,
            1.0000000000000004,
            0.05126743865939187,
            0.015225452204894414,
            -0.02266000711410696,
            -0.06033148247714831,
            0.5068103635321822
        ],
        [
            0.016733990994288593,
            0.13388686435942898,
            0.0031094065054042097,
            0.020360188334819944,
            0.00029197963562696056,
            0.11910891381884889,
            0.30547047226707047,
            0.03186383692708456,
            0.15389603919623765,
            0.0060140861379218485,
            0.5891925238109934,
            0.5721439978869463,
            0.1898537161878898,
            0.5054789300697261,
            0.05126743865939187,
            0.9999999999999999,
            0.6848602514927513,
            0.0,
            0.0,
            0.0
        ],
        [
            0.13388686435942904,
            0.36074009447692224,
            0.015502380066721862,
            0.10150856031459445,
            0.001455705220711788,
            0.30547047226707047,
            0.6043492820781441,
            0.03538375492549282,
            0.17089654793880307,
            0.006678447121481076,
            0.5721439978869463,
            0.8940131650291397,
            0.05638293539384306,
            0.15011760859537043,
            0.015225452204894395,
            0.6848602514927513,
            1.0000000000000002,
            0.0,
            0.0,
            0.0
        ],
        [
            -0.0031094065054042093,
            -0.015502380066721853,
            0.0016615445303452146,
            -0.004166229201363918,
            -5.974670097094645e-05,
            -0.031863836927084555,
            -0.03538375492549282,
            0.037484871230084024,
            -0.059182045703605406,
            -0.0023127685581697034,
            -0.18985371618788976,
            -0.05638293539384304,
            0.42901479416432275,
            -0.22341970753619517,
            -0.022660007114106956,
            0.0,
            0.0,
            1.0000000000000004,
            0.0,
            0.0
        ],
        [
            -0.020360188334819933,
            -0.10150856031459438,
            -0.0041662292013639165,
            -0.024982382759685888,
            -0.00039121745003055006,
            -0.15389603919623765,
            -0.17089654793880307,
            -0.059182045703605406,
            -0.2360992083778537,
            -0.011170215360265363,
            -0.5054789300697261,
            -0.15011760859537113,
            -0.22341970753619517,
            -0.08191782383986329,
            -0.060331482477148306,
            0.0,
            0.0,
            0.0,
            1.0000000000000004,
            0.0
        ],
        [
            -0.0002919796356269604,
            -0.0014557052207117857,
            -5.9746700970946476e-05,
            -0.0003912174500305504,
            0.002292200418299636,
            -0.00601408613792185,
            -0.006678447121481082,
            -0.002312768558169704,
            -0.011170215360265367,
            0.049301864217383945,
            -0.051267438659391866,
            -0.015225452204894404,
            -0.022660007114106956,
            -0.060331482477148306,
            0.5068103635321822,
            0.0,
            0.0,
            0.0,
            0.0,
            1.0000000000000004
        ]
    ],
    "h": [
        [
            -0.34729795864340374,
            -0.49863233433272014,
            -0.00906594691031723,
            -0.3520365136741438,
            0.015119271680173027,
            -0.6471936720343857,
            -0.49858678102496723,
            0.0016678712461400992,
            -0.01381406197417634,
            0.0009436067634672612,
            -0.2655887503176896,
            -0.33747012267006604,
            0.025592834936129398,
            0.33210037461563136,
            -0.004005308420878104,
            -0.02644680862034289,
            -0.1613218897311181,
            0.014981243698925912,
            0.07846448302800835,
            0.0024004017488043665
        ],
        [
            -0.49863233433272014,
            -0.3165238365628027,
            -0.007404816869442104,
            -0.2730065589156112,
            0.011461864756786469,
            -0.5699457740442035,
            -0.3670572531641507,
            8.895346314229547e-05,
            0.12675819084790693,
            -0.008227315915297143,
            -0.33930747291885255,
            -0.3144157339847532,
            0.00025338855633967854,
            0.17825284691337173,
            -0.006901406256506808,
            -0.15880259513456263,
            -0.2096217981445272,
            0.03625531300199898,
            0.12153137491356886,
            0.008774195352122226
        ],
        [
            -0.00906594691031723,
            -0.007404816869442104,
            1.4657556675557044,
            -0.009683138604220064,
            0.00039062287469165995,
            -0.0017198753560020846,
            -0.007807925081301813,
            0.5662981066438937,
            -0.03049571172813989,
            0.001164371379456805,
            -0.011166284952633089,
            -0.006794335912123951,
            -0.046257436650338005,
            0.005430516934457522,
            -0.0001548802970955986,
            -0.008465137083470064,
            -0.006993483814428145,
            -0.004695163654942255,
            0.012913352677239587,
            0.00035701162540186036
        ],
        [
            -0.3520365136741438,
            -0.2730065589156112,
            -0.009683138604220064,
            1.1284920442975492,
            0.014024092652045846,
            -0.05636153628442209,
            -0.2642028625201267,
            -0.030596121217164367,
            -0.4343965524300075,
            0.04052445011265531,
            -0.2537094453690126,
            -0.20683113786959723,
            0.012529177079984584,
            0.1638700622974827,
            -0.003445480358008946,
            -0.08122331127322688,
            -0.13278816723198383,
            0.022770115753235565,
            0.10683273606022076,
            0.0038060349028525555
        ],
        [
            0.015119271680173027,
            0.011461864756786469,
            0.00039062287469165995,
            0.014024092652045846,
            1.4654654548530357,
            0.0019236454946986725,
            0.01069835130510382,
            0.0011875396125055188,
            0.04122422886349757,
            0.5656441332602034,
            0.008048662046253208,
            0.008061429744624031,
            -0.0006326900275210867,
            -0.008964008055140193,
            -0.04626899761881291,
            0.0004057667029171156,
            0.003880856707904321,
            -0.00012086028032993811,
            -0.00025656742115261113,
            -0.00713082770829521
        ],
        [
            -0.6471936720343857,
            -0.5699457740442035,
            -0.0017198753560020846,
            -0.05636153628442209,
            0.0019236454946986725,
            -0.4946282044561725,
            -0.6136962693851774,
            -0.0033770328725068605,
            0.135849567705694,
            -0.011388127669049728,
            -0.49462186089322957,
            -0.5033890465702042,
            -0.00711106149374411,
            0.07971404258772674,
            -0.006151870602008915,
            -0.2392079342988785,
            -0.3286085108780723,
            0.06356098683230141,
            0.22826940419438613,
            0.014916756782244783
        ],
        [
            -0.49858678102496723,
            -0.3670572531641507,
            -0.007807925081301813,
            -0.2642028625201267,
            0.01069835130510382,
            -0.6136962693851774,
            -0.4266389940064912,
            -0.008342948299639039,
            0.04472125023936627,
            -0.008348902781595904,
            -0.4949627272750887,
            -0.40042090109070916,
            -0.025738046557699033,
            0.11687258201385947,
            -0.014228513394489162,
            -0.3171021060371011,
            -0.30768499640577396,
            0.06265599260617202,
            0.18064399946519288,
            0.016402491905648846
        ],
        [
            0.0016678712461400992,
            8.895346314229547e-05,
            0.5662981066438937,
            -0.030596121217164367,
            0.0011875396125055188,
            -0.0033770328725068605,
            -0.008342948299639039,
            1.3971633655576114,
            -0.0329328520207568,
            0.0004644803311918287,
            -0.014771059664096503,
            -0.017488132101127755,
            0.30663820454117097,
            -0.0810955020088735,
            -0.00034050452961523594,
            -0.04006854446937043,
            -0.01920615119038921,
            -0.037098313425779544,
            0.023431345422372157,
            0.002109241112130602
        ],
        [
            -0.01381406197417634,
            0.12675819084790693,
            -0.03049571172813989,
            -0.4343965524300075,
            0.04122422886349757,
            0.135849567705694,
            0.04472125023936627,
            -0.0329328520207568,
            0.8066615002686115,
            0.015053252047223558,
            -0.05633676287025757,
            -0.09734414768327909,
            -0.1046950184212297,
            -0.8209616837029664,
            0.004261252829339136,
            -0.3093528864301605,
            -0.1696246747453881,
            0.07293321045650379,
            0.169748713506002,
            0.01895677223772383
        ],
        [
            0.0009436067634672612,
            -0.008227315915297143,
            0.001164371379456805,
            0.04052445011265531,
            0.5656441332602034,
            -0.011388127669049728,
            -0.008348902781595904,
            0.0004644803311918287,
            0.015053252047223558,
            1.399112584166391,
            -0.004063933774032989,
            -0.004707307388795351,
            0.0006809064174376996,
            0.014189745299160995,
            0.3155272547399022,
            -0.0029420708798186083,
            -0.0013438642997042095,
            0.00024641109795903,
            0.0006808186350941818,
            -0.04510176428116368
        ],
        [
            -0.2655887503176896,
            -0.33930747291885255,
            -0.011166284952633089,
            -0.2537094453690126,
            0.008048662046253208,
            -0.49462186089322957,
            -0.4949627272750887,
            -0.014771059664096503,
            -0.05633676287025757,
            -0.004063933774032989,
            -0.44547958567051404,
            -0.5969003944373119,
            -0.09004091344732007,
            -0.0800580012806239,
            -0.0302912922416321,
            -0.6040242083021298,
            -0.5475763798179369,
            0.014965717001058254,
            0.05719244458285999,
            0.00343515953778889
        ],
        [
            -0.33747012267006604,
            -0.3144157339847532,
            -0.006794335912123951,
            -0.20683113786959723,
            0.008061429744624031,
            -0.5033890465702042,
            -0.40042090109070916,
            -0.017488132101127755,
            -0.09734414768327909,
            -0.004707307388795351,
            -0.5969003944373119,
            -0.4268032671418265,
            -0.0651653709097057,
            -0.01635640020137652,
            -0.023608490638956463,
            -0.47618782411620764,
            -0.3648164842089767,
            0.08114770342855365,
            0.2308468123973757,
            0.021389910669097914
        ],
        [
            0.025592834936129398,
            0.00025338855633967854,
            -0.046257436650338005,
            0.012529177079984584,
            -0.0006326900275210867,
            -0.00711106149374411,
            -0.025738046557699033,
            0.30663820454117097,
            -0.1046950184212297,
            0.0006809064174376996,
            -0.09004091344732007,
            -0.0651653709097057,
            1.374930944567782,
            -0.1175269183431918,
            -0.009395985763361703,
            -0.007042296131180015,
            -0.06999903382564443,
            0.3476733428028863,
            -0.3222382624878009,
            -0.03278205988146259
        ],
        [
            0.33210037461563136,
            0.17825284691337173,
            0.005430516934457522,
            0.1638700622974827,
            -0.008964008055140193,
            0.07971404258772674,
            0.11687258201385947,
            -0.0810955020088735,
            -0.8209616837029664,
            0.014189745299160995,
            -0.0800580012806239,
            -0.01635640020137652,
            -0.1175269183431918,
            0.875750696629565,
            -0.023055074057876303,
            -0.005737309364036158,
            -0.1085118070053695,
            -0.3330910092914425,
            -0.43339704673646456,
            -0.08931672530371591
        ],
        [
            -0.004005308420878104,
            -0.006901406256506808,
            -0.0001548802970955986,
            -0.003445480358008946,
            -0.04626899761881291,
            -0.006151870602008915,
            -0.014228513394489162,
            -0.00034050452961523594,
            0.004261252829339136,
            0.3155272547399022,
            -0.0302912922416321,
            -0.023608490638956463,
            -0.009395985763361703,
            -0.023055074057876303,
            1.4097400017415427,
            -0.0022322945212820966,
            -0.02179065351782973,
            -0.0324047034564749,
            -0.08537918959863842,
            0.4602233387001561
        ],
        [
            -0.02644680862034289,
            -0.15880259513456263,
            -0.008465137083470064,
            -0.08122331127322688,
            0.0004057667029171156,
            -0.2392079342988785,
            -0.3171021060371011,
            -0.04006854446937043,
            -0.3093528864301605,
            -0.0029420708798186083,
            -0.6040242083021298,
            -0.47618782411620764,
            -0.007042296131180015,
            -0.005737309364036158,
            -0.0022322945212820966,
            -0.2961573061237297,
            -0.47925906059334134,
            0.10961969010657224,
            0.29542915726538543,
            0.029523729737444573
        ],
        [
            -0.1613218897311181,
            -0.2096217981445272,
            -0.006993483814428145,
            -0.13278816723198383,
            0.003880856707904321,
            -0.3286085108780723,
            -0.30768499640577396,
            -0.01920615119038921,
            -0.1696246747453881,
            -0.0013438642997042095,
            -0.5475763798179369,
            -0.3648164842089767,
            -0.06999903382564443,
            -0.1085118070053695,
            -0.02179065351782973,
            -0.47925906059334134,
            -0.3122519500959642,
            0.08764676187159672,
            0.24122978792696878,
            0.023416535489903564
        ],
        [
            0.014981243698925912,
            0.03625531300199898,
            -0.004695163654942255,
            0.022770115753235565,
            -0.00012086028032993811,
            0.06356098683230141,
            0.06265599260617202,
            -0.037098313425779544,
            0.07293321045650379,
            0.00024641109795903,
            0.014965717001058254,
            0.08114770342855365,
            0.3476733428028863,
            -0.3330910092914425,
            -0.0324047034564749,
            0.10961969010657224,
            0.08764676187159672,
            1.446656735643928,
            -0.09789537819055091,
            -0.009730559167248388
        ],
        [
            0.07846448302800835,
            0.12153137491356886,
            0.012913352677239587,
            0.10683273606022076,
            -0.00025656742115261113,
            0.22826940419438613,
            0.18064399946519288,
            0.023431345422372157,
            0.169748713506002,
            0.0006808186350941818,
            0.05719244458285999,
            0.2308468123973757,
            -0.3222382624878009,
            -0.43339704673646456,
            -0.08537918959863842,
            0.29542915726538543,
            0.24122978792696878,
            -0.09789537819055091,
            1.214365926180883,
            -0.02616253464401848
        ],
        [
            0.0024004017488043665,
            0.008774195352122226,
            0.00035701162540186036,
            0.0038060349028525555,
            -0.00713082770829521,
            0.014916756782244783,
            0.016402491905648846,
            0.002109241112130602,
            0.01895677223772383,
            -0.04510176428116368,
            0.00343515953778889,
            0.021389910669097914,
            -0.03278205988146259,
            -0.08931672530371591,
            0.4602233387001561,
            0.029523729737444573,
            0.023416535489903564,
            -0.009730559167248388,
            -0.02616253464401848,
            1.48025078416314
        ]
    ]
}