{
    "HF": -2.155149357014716,
    "coordinates": [
        [
            0.692571,
            0.119458,
            0.145105
        ],
        [
            1.438188,
            0.056331,
            0.148349
        ],
        [
            2.168025,
            -0.019589,
            -0.147988
        ],
        [
            2.940539,
            -0.032638,
            0.176737
        ]
    ],
    "elements": [
        "H",
        "H",
        "H",
        "H"
    ],
    "Enn": 2.943971132340593,
    "S": [
        [
            0.9999999999999999,
            0.6848602514927513,
            0.0,
            0.0,
            0.0,
            0.5640389349338881,
            0.5630918175257751,
            -0.00232186192409601,
            -0.533668225110576,
            0.0451825455247873,
            0.1221557829272729,
            0.3086456399680603,
            0.03126485871351791,
            -0.15738984161441882,
            0.014832441612520678,
            0.012129390292208034,
            0.11662901666307181,
            -0.00020327385833969526,
            -0.01444591327719298,
            0.000977400757398657
        ],
        [
            0.6848602514927513,
            1.0000000000000002,
            0.0,
            0.0,
            0.0,
            0.5630918175257751,
            0.8851708875603704,
            -0.0007163275924360191,
            -0.16464427573654775,
            0.01393946113677807,
            0.3086456399680603,
            0.6082657606483262,
            0.034040461507359066,
            -0.171362451825458,
            0.016149222435246663,
            0.11662901666307182,
            0.3308614228697904,
            -0.0012948620309238287,
            -0.0920210043605141,
            0.0062260791431269285
        ],
        [
            0.0,
            0.0,
            1.0000000000000004,
            0.0,
            0.0,
            0.00232186192409601,
            0.0007163275924360189,
            0.48341696324241096,
            -0.003035725810250326,
            0.00025701702512640184,
            -0.0312648587135179,
            -0.03404046150735903,
            0.04016233167982465,
            0.05803261244528278,
            -0.0054690018548048495,
            0.00020327385833969537,
            0.0012948620309238285,
            0.0013690957019570785,
            -0.00025340335122768195,
            1.7145099978436306e-05
        ],
        [
            0.0,
            0.0,
            0.0,
            1.0000000000000004,
            0.0,
            0.5336682251105759,
            0.16464427573654772,
            -0.003035725810250382,
            -0.21431605945919854,
            0.05907406387906128,
            0.1573898416144188,
            0.17136245182545787,
            0.058032612445282836,
            -0.24045061436585513,
            0.02753140014493434,
            0.01444591327719299,
            0.09202100436051412,
            -0.00025340335122768195,
            -0.016635767517899306,
            0.0012184381673092295
        ],
        [
            0.0,
            0.0,
            0.0,
            0.0,
            1.0000000000000004,
            -0.04518254552478728,
            -0.013939461136778054,
            0.0002570170251264065,
            0.05907406387906126,
            0.47842871788860997,
            -0.014832441612520684,
            -0.016149222435246673,
            -0.005469001854804853,
            0.027531400144934333,
            0.049095713461616945,
            -0.0009774007573986575,
            -0.006226079143126929,
            1.7145099978436313e-05,
            0.00121843816730923,
            0.0012902227301491921
        ],
        [
            0.5640389349338881,
            0.5630918175257751,
            0.00232186192409601,
            0.5336682251105759,
            -0.0451825455247873,
            0.9999999999999999,
            0.6848602514927513,
            0.0,
            0.0,
            0.0,
            0.5296847233878831,
            0.5501943783069759,
            0.19589065823067775,
            -0.48245156808330786,
            0.05018616903347558,
            0.12387782538657081,
            0.31041828193910587,
            -0.0030803393920156978,
            -0.16301785845900288,
            0.00965389303114853
        ],
        [
            0.5630918175257751,
            0.8851708875603704,
            0.0007163275924360191,
            0.16464427573654775,
            -0.013939461136778058,
            0.6848602514927513,
            1.0000000000000002,
            0.0,
            0.0,
            0.0,
            0.5501943783069759,
            0.8724784792049316,
            0.06383731106608503,
            -0.15722245820312103,
            0.01635478747553352,
            0.31041828193910587,
            0.6104456231997584,
            -0.0033173058393316077,
            -0.17555860733499015,
            0.010396554291232029
        ],
        [
            -0.00232186192409601,
            -0.0007163275924360189,
            0.48341696324241096,
            -0.003035725810250382,
            0.0002570170251264065,
            0.0,
            0.0,
            1.0000000000000004,
            0.0,
            0.0,
            -0.19589065823067775,
            -0.06383731106608502,
            0.34243871871971987,
            0.24905790272876266,
            -0.02590780677763344,
            0.0030803393920156978,
            0.0033173058393316064,
            0.05269352903842748,
            -0.005846624701226361,
            0.0003462362344374969
        ],
        [
            -0.5336682251105758,
            -0.16464427573654772,
            -0.003035725810250326,
            -0.2143160594591987,
            0.05907406387906126,
            0.0,
            0.0,
            0.0,
            1.0000000000000004,
            0.0,
            0.4824515680833078,
            0.157222458203121,
            0.24905790272876283,
            -0.16983099296061033,
            0.06380734088273712,
            0.16301785845900288,
            0.1755586073349899,
            -0.005846624701226371,
            -0.2566113275574796,
            0.01832352941536596
        ],
        [
            0.04518254552478728,
            0.013939461136778067,
            0.00025701702512640184,
            0.05907406387906128,
            0.47842871788860997,
            0.0,
            0.0,
            0.0,
            0.0,
            1.0000000000000004,
            -0.05018616903347557,
            -0.01635478747553351,
            -0.02590780677763344,
            0.06380734088273708,
            0.43692669124114025,
            -0.009653893031148532,
            -0.010396554291232025,
            0.0003462362344374977,
            0.018323529415365972,
            0.05171888855392201
        ],
        [
            0.1221557829272729,
            0.3086456399680603,
            -0.03126485871351791,
            0.1573898416144188,
            -0.014832441612520678,
            0.5296847233878831,
            0.5501943783069759,
            -0.19589065823067775,
            0.4824515680833078,
            -0.05018616903347558,
            0.9999999999999999,
            0.6848602514927513,
            0.0,
            0.0,
            0.0,
            0.49315305739017157,
            0.5357459699762521,
            -0.19608689672674887,
            -0.46648663619360287,
            0.007879707184193842
        ],
        [
            0.3086456399680603,
            0.6082657606483262,
            -0.034040461507359066,
            0.17136245182545792,
            -0.016149222435246663,
            0.5501943783069759,
            0.8724784792049316,
            -0.06383731106608503,
            0.1572224582031214,
            -0.01635478747553352,
            0.6848602514927513,
            1.0000000000000002,
            0.0,
            0.0,
            0.0,
            0.5357459699762521,
            0.858124512988401,
            -0.06799330119757427,
            -0.16175464494985822,
            0.0027322952877885786
        ],
        [
            0.0312648587135179,
            0.03404046150735903,
            0.04016233167982465,
            0.058032612445282794,
            -0.0054690018548048495,
            0.19589065823067775,
            0.06383731106608502,
            0.34243871871971987,
            0.24905790272876283,
            -0.02590780677763344,
            0.0,
            0.0,
            1.0000000000000004,
            0.0,
            0.0,
            0.19608689672674884,
            0.06799330119757416,
            0.29181510834759394,
            -0.26168535944938676,
            0.004420285270500014
        ],
        [
            -0.15738984161441882,
            -0.17136245182545795,
            0.05803261244528283,
            -0.24045061436585513,
            0.027531400144934336,
            -0.48245156808330786,
            -0.157222458203121,
            0.24905790272876266,
            -0.16983099296061033,
            0.06380734088273708,
            0.0,
            0.0,
            0.0,
            1.0000000000000004,
            0.0,
            0.4664866361936023,
            0.16175464494985814,
            -0.26168535944938665,
            -0.22072988796988974,
            0.010515766434537057
        ],
        [
            0.01483244161252068,
            0.01614922243524667,
            -0.005469001854804853,
            0.027531400144934336,
            0.049095713461616945,
            0.05018616903347557,
            0.01635478747553351,
            -0.02590780677763344,
            0.06380734088273712,
            0.43692669124114025,
            0.0,
            0.0,
            0.0,
            0.0,
            1.0000000000000004,
            -0.007879707184193844,
            -0.0027322952877885773,
            0.004420285270500017,
            0.010515766434537069,
            0.4016364942525714
        ],
        [
            0.012129390292208034,
            0.11662901666307181,
            0.00020327385833969526,
            0.014445913277192983,
            -0.000977400757398657,
            0.12387782538657081,
            0.31041828193910587,
            0.0030803393920156978,
            0.16301785845900293,
            -0.00965389303114853,
            0.49315305739017157,
            0.5357459699762521,
            0.19608689672674887,
            0.4664866361936023,
            -0.007879707184193842,
            0.9999999999999999,
            0.6848602514927513,
            0.0,
            0.0,
            0.0
        ],
        [
            0.11662901666307182,
            0.3308614228697904,
            0.0012948620309238287,
            0.09202100436051414,
            -0.00622607914312693,
            0.31041828193910587,
            0.6104456231997584,
            0.0033173058393316077,
            0.17555860733499015,
            -0.010396554291232029,
            0.5357459699762521,
            0.858124512988401,
            0.06799330119757427,
            0.1617546449498589,
            -0.0027322952877885786,
            0.6848602514927513,
            1.0000000000000002,
            0.0,
            0.0,
            0.0
        ],
        [
            -0.00020327385833969537,
            -0.0012948620309238285,
            0.0013690957019570785,
            -0.00025340335122768195,
            1.7145099978436306e-05,
            -0.0030803393920156978,
            -0.0033173058393316064,
            0.05269352903842748,
            -0.005846624701226369,
            0.00034623623443749756,
            -0.19608689672674884,
            -0.06799330119757416,
            0.29181510834759394,
            -0.2616853594493865,
            0.004420285270500014,
            0.0,
            0.0,
            1.0000000000000004,
            0.0,
            0.0
        ],
        [
            -0.014445913277192989,
            -0.09202100436051408,
            -0.00025340335122768195,
            -0.016635767517899306,
            0.0012184381673092295,
            -0.16301785845900288,
            -0.1755586073349901,
            -0.005846624701226362,
            -0.25661132755747956,
            0.018323529415365965,
            -0.4664866361936029,
            -0.16175464494985814,
            -0.2616853594493869,
            -0.22072988796988974,
            0.010515766434537069,
            0.0,
            0.0,
            0.0,
            1.0000000000000004,
            0.0
        ],
        [
            0.0009774007573986575,
            0.006226079143126928,
            1.7145099978436313e-05,
            0.00121843816730923,
            0.0012902227301491921,
            0.009653893031148532,
            0.010396554291232025,
            0.00034623623443749707,
            0.018323529415365965,
            0.05171888855392201,
            0.007879707184193844,
            0.0027322952877885773,
            0.004420285270500017,
            0.010515766434537057,
            0.4016364942525714,
            0.0,
            0.0,
            0.0,
            0.0,
            1.0000000000000004
        ]
    ],
    "h": [
        [
            -0.2810409807129468,
            -0.4737453568014609,
            0.003999652755253798,
            -0.2989099401461977,
            0.025751735726122292,
            -0.5898418075115831,
            -0.4672262488595784,
            0.018056825890524736,
            0.01927662402584318,
            -0.00017534479835570882,
            -0.2512336903129007,
            -0.3170942742181829,
            -0.07639763313949938,
            0.3037535626587294,
            -0.028399559829873366,
            -0.01174339523556877,
            -0.13850837260701415,
            0.0027609031879402956,
            0.06593616862597682,
            -0.00401258547908869
        ],
        [
            -0.4737453568014609,
            -0.3155230200901473,
            0.005706215439445765,
            -0.25106164304004386,
            0.021737506056326454,
            -0.5466434813647612,
            -0.3696415421678938,
            0.042300304132417546,
            0.11844979064969224,
            -0.007897225163197082,
            -0.33332246086580586,
            -0.31267265343229544,
            -0.08393016228449438,
            0.17923374087588162,
            -0.020373638588239866,
            -0.13392188893682472,
            -0.19768110859604165,
            0.025619321134232445,
            0.11061608211470658,
            -0.004203622687745337
        ],
        [
            0.003999652755253798,
            0.005706215439445765,
            1.4784040368130995,
            0.004119924191394473,
            -0.00041445129324487834,
            0.011416506655939605,
            0.008597601275640243,
            0.41554194485600937,
            -0.0007051440011067401,
            -8.716047093716662e-05,
            0.024688909877784257,
            0.0065769072130093115,
            -0.04163291905006815,
            -0.009561095376547799,
            0.0010788896176305834,
            0.004965732348541213,
            0.0064434831294785284,
            -0.005427010186873227,
            -0.002679099678396207,
            7.667013926115581e-05
        ],
        [
            -0.2989099401461977,
            -0.25106164304004386,
            0.004119924191394473,
            1.1875297465957297,
            0.025050295589938557,
            -0.07560622133543538,
            -0.2419436524556161,
            0.020560376344953002,
            -0.6042134646706956,
            0.08790681546282328,
            -0.24514068147344248,
            -0.19480451702535395,
            -0.07700019395171045,
            0.1698976441900999,
            -0.022109774796083108,
            -0.06641553629512267,
            -0.1223785757298656,
            0.0077938431701308625,
            0.0883397766759959,
            -0.00532079785105119
        ],
        [
            0.025751735726122292,
            0.021737506056326454,
            -0.00041445129324487834,
            0.025050295589938557,
            1.4773904070742925,
            0.007103726083161149,
            0.021058220795561456,
            -0.0018981106699270398,
            0.08663073477041541,
            0.41141365165320976,
            0.02188494439201761,
            0.016865297388860855,
            0.006750659328038519,
            -0.018929030903656573,
            -0.044299670965870744,
            0.005303352060557039,
            0.010382635379478476,
            -0.0006586247953205341,
            -0.007057465761927853,
            -0.004173097637226376
        ],
        [
            -0.5898418075115831,
            -0.5466434813647612,
            0.011416506655939605,
            -0.07560622133543538,
            0.007103726083161149,
            -0.4558982089811181,
            -0.6065238653194565,
            0.0848007890528584,
            0.07213645711429278,
            -0.0021129723287816064,
            -0.5208707233961485,
            -0.5150479906322335,
            -0.043056598124170675,
            0.06407144589243574,
            -0.009257763808978858,
            -0.24039204852552212,
            -0.33416608676543447,
            0.043194418961549776,
            0.22521116960560164,
            -0.009267296891875037
        ],
        [
            -0.4672262488595784,
            -0.3696415421678938,
            0.008597601275640243,
            -0.2419436524556161,
            0.021058220795561456,
            -0.6065238653194565,
            -0.43977547949644435,
            0.07245490791730151,
            0.019331649637426812,
            0.0013488970245656576,
            -0.5058781134243735,
            -0.4147032297094153,
            -0.1210672381941706,
            0.12051100532375558,
            -0.020649734523257603,
            -0.30580268203878247,
            -0.3127701129461824,
            0.05827093614881334,
            0.16900157656164738,
            -0.00418254832217425
        ],
        [
            0.018056825890524736,
            0.042300304132417546,
            0.41554194485600937,
            0.020560376344953002,
            -0.0018981106699270398,
            0.0848007890528584,
            0.07245490791730151,
            1.3678443270241614,
            0.084023219651003,
            -0.008654533177021242,
            0.013268054329564405,
            0.07220758124424209,
            0.2160770288342544,
            0.3435026113187026,
            -0.034918152731903684,
            0.04903524178919462,
            0.0627256976964716,
            -0.058995880209638446,
            -0.052973254127987326,
            0.001663764124553127
        ],
        [
            0.01927662402584318,
            0.11844979064969224,
            -0.0007051440011067401,
            -0.6042134646706956,
            0.08663073477041541,
            0.07213645711429278,
            0.019331649637426812,
            0.084023219651003,
            0.8573246396345318,
            0.049050365904827226,
            -0.056599747663038436,
            -0.11061000029849388,
            0.31966010377182036,
            -0.6422009496479151,
            0.09494668343677581,
            -0.2926489453963307,
            -0.1757230104292784,
            0.06317577322950127,
            0.1326174693479334,
            -0.004085688480178644
        ],
        [
            -0.00017534479835570882,
            -0.007897225163197082,
            -8.716047093716662e-05,
            0.08790681546282328,
            0.41141365165320976,
            -0.0021129723287816064,
            0.0013488970245656576,
            -0.008654533177021242,
            0.049050365904827226,
            1.396955632291385,
            0.0038423722348520373,
            0.01168472337477277,
            -0.03387176027328821,
            0.09908129770018193,
            0.338476157494346,
            0.02361112789433688,
            0.01667694824494817,
            -0.005494702097071448,
            -0.016318464508849745,
            -0.04365745290203027
        ],
        [
            -0.2512336903129007,
            -0.33332246086580586,
            0.024688909877784257,
            -0.24514068147344248,
            0.02188494439201761,
            -0.5208707233961485,
            -0.5058781134243735,
            0.013268054329564405,
            -0.056599747663038436,
            0.0038423722348520373,
            -0.4027755215774911,
            -0.5812190391163958,
            -0.1727278007686851,
            -0.013118253691300222,
            -0.017383584971889812,
            -0.542483501740918,
            -0.5198079775397174,
            0.020297021123247827,
            0.09175784763624972,
            -0.0034049111449716597
        ],
        [
            -0.3170942742181829,
            -0.31267265343229544,
            0.0065769072130093115,
            -0.19480451702535395,
            0.016865297388860855,
            -0.5150479906322335,
            -0.4147032297094153,
            0.07220758124424209,
            -0.11061000029849388,
            0.01168472337477277,
            -0.5812190391163958,
            -0.4313038830888376,
            -0.14858191376006735,
            0.010855263616875221,
            -0.016501833665656114,
            -0.4435158910565975,
            -0.3687486699056779,
            0.07091801674434954,
            0.2056711761852107,
            -0.005049530300189363
        ],
        [
            -0.07639763313949938,
            -0.08393016228449438,
            -0.04163291905006815,
            -0.07700019395171045,
            0.006750659328038519,
            -0.043056598124170675,
            -0.1210672381941706,
            0.2160770288342544,
            0.31966010377182036,
            -0.03387176027328821,
            -0.1727278007686851,
            -0.14858191376006735,
            1.3428908284323409,
            0.005768624537884397,
            -0.007626947215642749,
            -0.035296758063647626,
            -0.11359531683185861,
            0.15737210884103253,
            -0.3134806354640751,
            0.004284415991394107
        ],
        [
            0.3037535626587294,
            0.17923374087588162,
            -0.009561095376547799,
            0.1698976441900999,
            -0.018929030903656573,
            0.06407144589243574,
            0.12051100532375558,
            0.3435026113187026,
            -0.6422009496479151,
            0.09908129770018193,
            -0.013118253691300222,
            0.010855263616875221,
            0.005768624537884397,
            0.9540663717737861,
            0.029089980882604047,
            -0.039765319753381045,
            -0.087131374593383,
            -0.34735032652250875,
            -0.5524516880986177,
            0.015561139163263637
        ],
        [
            -0.028399559829873366,
            -0.020373638588239866,
            0.0010788896176305834,
            -0.022109774796083108,
            -0.044299670965870744,
            -0.009257763808978858,
            -0.020649734523257603,
            -0.034918152731903684,
            0.09494668343677581,
            0.338476157494346,
            -0.017383584971889812,
            -0.016501833665656114,
            -0.007626947215642749,
            0.029089980882604047,
            1.4089128580597274,
            -0.000999993312105968,
            -0.0065474804677855495,
            0.006299995110405991,
            0.01900579180906753,
            0.2983668658049838
        ],
        [
            -0.01174339523556877,
            -0.13392188893682472,
            0.004965732348541213,
            -0.06641553629512267,
            0.005303352060557039,
            -0.24039204852552212,
            -0.30580268203878247,
            0.04903524178919462,
            -0.2926489453963307,
            0.02361112789433688,
            -0.542483501740918,
            -0.4435158910565975,
            -0.035296758063647626,
            -0.039765319753381045,
            -0.000999993312105968,
            -0.23112446742303772,
            -0.45284340319675676,
            0.09359512835822292,
            0.2371683532636506,
            -0.0045553501735573635
        ],
        [
            -0.13850837260701415,
            -0.19768110859604165,
            0.0064434831294785284,
            -0.1223785757298656,
            0.010382635379478476,
            -0.33416608676543447,
            -0.3127701129461824,
            0.0627256976964716,
            -0.1757230104292784,
            0.01667694824494817,
            -0.5198079775397174,
            -0.3687486699056779,
            -0.11359531683185861,
            -0.087131374593383,
            -0.0065474804677855495,
            -0.45284340319675676,
            -0.31339838625438965,
            0.08067365065254667,
            0.21445130386565567,
            -0.004539206624997079
        ],
        [
            0.0027609031879402956,
            0.025619321134232445,
            -0.005427010186873227,
            0.0077938431701308625,
            -0.0006586247953205341,
            0.043194418961549776,
            0.05827093614881334,
            -0.058995880209638446,
            0.06317577322950127,
            -0.005494702097071448,
            0.020297021123247827,
            0.07091801674434954,
            0.15737210884103253,
            -0.34735032652250875,
            0.006299995110405991,
            0.09359512835822292,
            0.08067365065254667,
            1.4557679478925467,
            -0.08143052272174534,
            0.0013638347784841786
        ],
        [
            0.06593616862597682,
            0.11061608211470658,
            -0.002679099678396207,
            0.0883397766759959,
            -0.007057465761927853,
            0.22521116960560164,
            0.16900157656164738,
            -0.052973254127987326,
            0.1326174693479334,
            -0.016318464508849745,
            0.09175784763624972,
            0.2056711761852107,
            -0.3134806354640751,
            -0.5524516880986177,
            0.01900579180906753,
            0.2371683532636506,
            0.21445130386565567,
            -0.08143052272174534,
            1.274957376279633,
            0.004543645761974736
        ],
        [
            -0.00401258547908869,
            -0.004203622687745337,
            7.667013926115581e-05,
            -0.00532079785105119,
            -0.004173097637226376,
            -0.009267296891875037,
            -0.00418254832217425,
            0.001663764124553127,
            -0.004085688480178644,
            -0.04365745290203027,
            -0.0034049111449716597,
            -0.005049530300189363,
            0.004284415991394107,
            0.015561139163263637,
            0.2983668658049838,
            -0.0045553501735573635,
            -0.004539206624997079,
            0.0013638347784841786,
            0.004543645761974736,
            1.4899055995460602
        ]
    ]
}