{
    "HF": -2.105303959010291,
    "coordinates": [
        [
            0.763051,
            0.001401,
            0.039135
        ],
        [
            1.56458,
            0.159909,
            0.158756
        ],
        [
            2.216706,
            0.169409,
            0.09182
        ],
        [
            2.976035,
            0.058413,
            0.18058
        ]
    ],
    "elements": [
        "H",
        "H",
        "H",
        "H"
    ],
    "Enn": 3.1068347985913167,
    "S": [
        [
            0.9999999999999999,
            0.6848602514927513,
            0.0,
            0.0,
            0.0,
            0.5027023225801804,
            0.539599742849647,
            -0.07400942505268832,
            -0.49590540501296787,
            -0.09806878345985671,
            0.13744724565931862,
            0.3238731849670086,
            -0.006490033366338949,
            -0.17906936420509534,
            -0.02069616638154834,
            0.013773202733380584,
            0.12316896111262185,
            -0.001061723747764555,
            -0.016611245828576454,
            -0.0004279472184068212
        ],
        [
            0.6848602514927513,
            1.0000000000000002,
            0.0,
            0.0,
            0.0,
            0.539599742849647,
            0.8619673479112326,
            -0.025239523303334083,
            -0.16911921714245925,
            -0.033444515258732876,
            0.3238731849670086,
            0.6268404421025495,
            -0.006442431407836804,
            -0.1777559576380186,
            -0.020544367770102427,
            0.12316896111262188,
            0.34236805844738644,
            -0.00613919806601389,
            -0.09605109472176246,
            -0.0024745163147483784
        ],
        [
            0.0,
            0.0,
            1.0000000000000004,
            0.0,
            0.0,
            0.07400942505268832,
            0.025239523303334097,
            0.39732674346971697,
            -0.10271822849401577,
            -0.020313252498823438,
            0.006490033366338945,
            0.006442431407836803,
            0.06139236226934525,
            -0.012295204670159512,
            -0.001421033702098613,
            0.001061723747764555,
            0.006139198066013894,
            0.0015954129518770195,
            -0.001367526039606544,
            -3.5230889409976874e-05
        ],
        [
            0.0,
            0.0,
            0.0,
            1.0000000000000004,
            0.0,
            0.4959054050129677,
            0.16911921714245903,
            -0.10271822849401585,
            -0.2756142639793871,
            -0.1361103899994939,
            0.1790693642050952,
            0.17775595763801857,
            -0.012295204670159512,
            -0.27740441920693487,
            -0.03920836568708664,
            0.016611245828576454,
            0.0960510947217625,
            -0.0013675260396065435,
            -0.0197128694099301,
            -0.0005512064376262736
        ],
        [
            0.0,
            0.0,
            0.0,
            0.0,
            1.0000000000000004,
            0.09806878345985673,
            0.033444515258732856,
            -0.02031325249882345,
            -0.1361103899994939,
            0.38573972854279964,
            0.02069616638154833,
            0.02054436777010242,
            -0.0014210337020986133,
            -0.03920836568708665,
            0.05730642286535415,
            0.0004279472184068212,
            0.0024745163147483766,
            -3.5230889409976874e-05,
            -0.0005512064376262737,
            0.001668619237711078
        ],
        [
            0.5027023225801804,
            0.539599742849647,
            0.07400942505268832,
            0.49590540501296804,
            0.09806878345985673,
            0.9999999999999999,
            0.6848602514927513,
            0.0,
            0.0,
            0.0,
            0.639355656386005,
            0.5892889956808617,
            0.05611347635635838,
            -0.5466872367988314,
            -0.007963995837597188,
            0.15514492804434735,
            0.34021605542698696,
            -0.0031176825562669683,
            -0.20163437648716048,
            0.014499281008562685
        ],
        [
            0.539599742849647,
            0.8619673479112326,
            0.025239523303334108,
            0.16911921714245906,
            0.03344451525873287,
            0.6848602514927513,
            1.0000000000000002,
            0.0,
            0.0,
            0.0,
            0.5892889956808617,
            0.9106160244868491,
            0.015515636426886218,
            -0.1511615561210648,
            -0.0022020817804383115,
            0.34021605542698696,
            0.6464110367159892,
            -0.0028129591661682487,
            -0.18192656157826367,
            0.013082116180783249
        ],
        [
            -0.07400942505268832,
            -0.02523952330333412,
            0.39732674346971697,
            -0.10271822849401585,
            -0.020313252498823445,
            0.0,
            0.0,
            1.0000000000000004,
            0.0,
            0.0,
            -0.05611347635635836,
            -0.01551563642688619,
            0.5657141291465501,
            0.06486370235202565,
            0.0009449173508558853,
            0.0031176825562669683,
            0.0028129591661682474,
            0.07417904981254153,
            -0.005939530901068919,
            0.0004271043910963444
        ],
        [
            -0.49590540501296787,
            -0.16911921714245884,
            -0.10271822849401577,
            -0.2756142639793872,
            -0.13611038999949385,
            0.0,
            0.0,
            0.0,
            1.0000000000000004,
            0.0,
            0.5466872367988314,
            0.15116155612106477,
            0.06486370235202563,
            -0.05956466029094831,
            -0.009205885806505392,
            0.20163437648716057,
            0.1819265615782634,
            -0.005939530901068917,
            -0.3098649535366291,
            0.02762273773528642
        ],
        [
            -0.09806878345985673,
            -0.03344451525873287,
            -0.020313252498823445,
            -0.13611038999949393,
            0.38573972854279964,
            0.0,
            0.0,
            0.0,
            0.0,
            1.0000000000000004,
            0.007963995837597188,
            0.002202081780438311,
            0.0009449173508558857,
            -0.009205885806505401,
            0.572237808413246,
            -0.014499281008562685,
            -0.013082116180783244,
            0.00042710439109634453,
            0.02762273773528644,
            0.0722845699553759
        ],
        [
            0.13744724565931862,
            0.3238731849670086,
            0.006490033366338949,
            0.17906936420509528,
            0.020696166381548343,
            0.639355656386005,
            0.5892889956808617,
            -0.05611347635635841,
            0.5466872367988314,
            0.007963995837597188,
            0.9999999999999999,
            0.6848602514927513,
            0.0,
            0.0,
            0.0,
            0.5446429224338714,
            0.5558886410989963,
            -0.060778683050308334,
            -0.5199528686560116,
            0.07600485245439417
        ],
        [
            0.3238731849670086,
            0.6268404421025495,
            0.006442431407836804,
            0.1777559576380185,
            0.02054436777010242,
            0.5892889956808617,
            0.9106160244868491,
            -0.015515636426886194,
            0.1511615561210648,
            0.0022020817804383115,
            0.6848602514927513,
            1.0000000000000002,
            0.0,
            0.0,
            0.0,
            0.5558886410989963,
            0.8780960264005557,
            -0.019332121591530662,
            -0.16538351234762733,
            0.02417517088974241
        ],
        [
            -0.006490033366338945,
            -0.006442431407836803,
            0.06139236226934525,
            -0.01229520467015951,
            -0.001421033702098613,
            0.05611347635635838,
            0.01551563642688619,
            0.56571412914655,
            0.06486370235202564,
            0.0009449173508558858,
            0.0,
            0.0,
            1.0000000000000004,
            0.0,
            0.0,
            0.06077868305030833,
            0.019332121591530638,
            0.45143060525765855,
            -0.08063903988135884,
            0.011787526711967153
        ],
        [
            -0.17906936420509525,
            -0.17775595763801857,
            -0.012295204670159514,
            -0.27740441920693487,
            -0.039208365687086646,
            -0.5466872367988314,
            -0.15116155612106477,
            0.06486370235202564,
            -0.05956466029094831,
            -0.009205885806505401,
            0.0,
            0.0,
            0.0,
            1.0000000000000004,
            0.0,
            0.5199528686560118,
            0.1653835123476266,
            -0.08063903988135881,
            -0.2289986387517837,
            0.10084059115222291
        ],
        [
            -0.02069616638154833,
            -0.020544367770102424,
            -0.0014210337020986133,
            -0.03920836568708665,
            0.05730642286535415,
            -0.007963995837597188,
            -0.002202081780438311,
            0.0009449173508558852,
            -0.009205885806505392,
            0.572237808413246,
            0.0,
            0.0,
            0.0,
            0.0,
            1.0000000000000004,
            -0.07600485245439417,
            -0.024175170889742383,
            0.011787526711967153,
            0.10084059115222292,
            0.4461162012566751
        ],
        [
            0.013773202733380584,
            0.12316896111262185,
            0.001061723747764555,
            0.016611245828576454,
            0.0004279472184068212,
            0.15514492804434735,
            0.34021605542698696,
            0.0031176825562669683,
            0.20163437648716054,
            -0.014499281008562688,
            0.5446429224338714,
            0.5558886410989963,
            0.060778683050308355,
            0.5199528686560116,
            -0.07600485245439417,
            0.9999999999999999,
            0.6848602514927513,
            0.0,
            0.0,
            0.0
        ],
        [
            0.12316896111262188,
            0.34236805844738644,
            0.006139198066013894,
            0.0960510947217625,
            0.002474516314748378,
            0.34021605542698696,
            0.6464110367159892,
            0.0028129591661682487,
            0.18192656157826345,
            -0.013082116180783249,
            0.5558886410989963,
            0.8780960264005557,
            0.019332121591530638,
            0.16538351234762733,
            -0.024175170889742387,
            0.6848602514927513,
            1.0000000000000002,
            0.0,
            0.0,
            0.0
        ],
        [
            -0.0010617237477645552,
            -0.006139198066013894,
            0.0015954129518770195,
            -0.001367526039606544,
            -3.5230889409976874e-05,
            -0.0031176825562669683,
            -0.0028129591661682474,
            0.07417904981254153,
            -0.005939530901068917,
            0.00042710439109634453,
            -0.060778683050308334,
            -0.019332121591530613,
            0.45143060525765855,
            -0.08063903988135881,
            0.011787526711967153,
            0.0,
            0.0,
            1.0000000000000004,
            0.0,
            0.0
        ],
        [
            -0.016611245828576454,
            -0.09605109472176254,
            -0.0013675260396065435,
            -0.0197128694099301,
            -0.0005512064376262736,
            -0.20163437648716048,
            -0.1819265615782632,
            -0.005939530901068919,
            -0.3098649535366291,
            0.02762273773528644,
            -0.5199528686560118,
            -0.1653835123476266,
            -0.08063903988135884,
            -0.2289986387517837,
            0.10084059115222292,
            0.0,
            0.0,
            0.0,
            1.0000000000000004,
            0.0
        ],
        [
            -0.00042794721840682103,
            -0.0024745163147483766,
            -3.5230889409976874e-05,
            -0.0005512064376262737,
            0.001668619237711078,
            0.014499281008562685,
            0.013082116180783244,
            0.0004271043910963444,
            0.02762273773528642,
            0.0722845699553759,
            0.07600485245439415,
            0.024175170889742383,
            0.011787526711967153,
            0.10084059115222291,
            0.4461162012566751,
            0.0,
            0.0,
            0.0,
            0.0,
            1.0000000000000004
        ]
    ],
    "h": [
        [
            -0.23384439752378383,
            -0.45171002181414344,
            -0.03566671691127668,
            -0.25232640133082757,
            -0.04969941322400412,
            -0.548391689221722,
            -0.4385893701863278,
            0.013972249865775027,
            0.03650520814844538,
            0.008641354885679658,
            -0.27688203786092014,
            -0.31571012281868716,
            -0.00725203972549454,
            0.3356134402799654,
            0.016553391551820326,
            -0.01244725516740041,
            -0.13757054363175664,
            0.0034832198240972567,
            0.07797898907622988,
            -0.0022629945174527247
        ],
        [
            -0.45171002181414344,
            -0.3092000626352913,
            -0.03083481047295336,
            -0.22685913600019783,
            -0.04374202472752224,
            -0.538504001895169,
            -0.36603637378655574,
            0.04095913310120233,
            0.07651584312739612,
            0.0355830326622278,
            -0.3700240927106294,
            -0.31816837565282463,
            -0.0203845931450107,
            0.21798668249402756,
            0.013216773682700939,
            -0.14025807338603247,
            -0.19993850591044282,
            0.00983040872072703,
            0.13163677010609937,
            -0.01274024904422159
        ],
        [
            -0.03566671691127668,
            -0.03083481047295336,
            1.4861644087153631,
            -0.0334004499034536,
            -0.006588443598020547,
            -0.008715320078313132,
            -0.027675255273397897,
            0.2939357647203183,
            -0.1395358397545737,
            -0.02697708921208116,
            -0.024402127375814195,
            -0.024254276738368035,
            -0.04885647942451235,
            0.029862507720869316,
            0.0012999040173712426,
            -0.004504616126846053,
            -0.01254093195432226,
            -0.004934718971113418,
            0.008302534907518276,
            -0.00023369557947950688
        ],
        [
            -0.25232640133082757,
            -0.22685913600019783,
            -0.0334004499034536,
            1.2473193084071674,
            -0.04649891851346263,
            -0.10533124036040087,
            -0.22006696123197256,
            -0.12549255913260407,
            -0.645889436158649,
            -0.17741172187557952,
            -0.2678342745677432,
            -0.1889894941591842,
            -0.017148950831934406,
            0.15736673750157015,
            0.006929534829548584,
            -0.07587009571348619,
            -0.1230510772191131,
            0.00689921422153986,
            0.10520616659186166,
            -0.003058063540214896
        ],
        [
            -0.04969941322400412,
            -0.04374202472752224,
            -0.006588443598020547,
            -0.04649891851346263,
            1.4820402084556683,
            -0.016613990629798153,
            -0.04053858490315021,
            -0.025434366132675752,
            -0.18591629568489326,
            0.27829989518577547,
            -0.0411699518117686,
            -0.03474363867375314,
            -0.002680190004215274,
            0.04101853899427457,
            -0.045671520797038734,
            -0.006002514743951418,
            -0.018300634074015006,
            0.0004899679728161969,
            0.008731523602180307,
            -0.005833835440364063
        ],
        [
            -0.548391689221722,
            -0.538504001895169,
            -0.008715320078313132,
            -0.10533124036040087,
            -0.016613990629798153,
            -0.49864194233327397,
            -0.6264007717822491,
            0.06379055361801134,
            -0.0729197544932122,
            0.041634690794073545,
            -0.6238575500866665,
            -0.5660478618095314,
            -0.005850627340108883,
            0.030726672116783815,
            0.016902669520399864,
            -0.3067902883406952,
            -0.3836845706092023,
            0.019277954146906473,
            0.2911922287323664,
            -0.031163487578119868
        ],
        [
            -0.4385893701863278,
            -0.36603637378655574,
            -0.027675255273397897,
            -0.22006696123197256,
            -0.04053858490315021,
            -0.6264007717822491,
            -0.44552307538204605,
            0.049932999654018054,
            -0.06091739361450567,
            0.03548410410869169,
            -0.5724633251893196,
            -0.42888869988870937,
            -0.03513895862124518,
            0.1532826036819015,
            0.026300542242097255,
            -0.33625333741283603,
            -0.32632426812377213,
            0.020055828002787733,
            0.21028034772291243,
            -0.027704763864222427
        ],
        [
            0.013972249865775027,
            0.04095913310120233,
            0.2939357647203183,
            -0.12549255913260407,
            -0.025434366132675752,
            0.06379055361801134,
            0.049932999654018054,
            1.3744835007633187,
            -0.004918737534723234,
            -0.0061302580361463415,
            0.007474923970090683,
            0.03790463845906932,
            0.5261859165427454,
            0.08158994834453384,
            0.0002260742242863956,
            0.011130217110659962,
            0.022714032037063674,
            -0.04871658771425727,
            -0.021182727697138182,
            0.0023450071037671534
        ],
        [
            0.03650520814844538,
            0.07651584312739612,
            -0.1395358397545737,
            -0.645889436158649,
            -0.18591629568489326,
            -0.0729197544932122,
            -0.06091739361450567,
            -0.004918737534723234,
            0.7724766253009647,
            -0.04744605757273132,
            -0.05556251354765718,
            -0.17092381267768356,
            0.08142686282445971,
            -0.6001946356994687,
            -0.003360500342170749,
            -0.3565914076151095,
            -0.22762450112692575,
            0.025207111287024422,
            0.1379497986542496,
            -0.03109024388038338
        ],
        [
            0.008641354885679658,
            0.0355830326622278,
            -0.02697708921208116,
            -0.17741172187557952,
            0.27829989518577547,
            0.041634690794073545,
            0.03548410410869169,
            -0.0061302580361463415,
            -0.04744605757273132,
            1.3739849488006945,
            0.015178257730953947,
            0.022057026657081178,
            0.0018358356375971167,
            -0.030383500979266717,
            0.5341854797495296,
            0.004359426740565029,
            0.006726806680215271,
            -0.0002290139088071666,
            0.0027504604298927288,
            -0.04725954364583096
        ],
        [
            -0.27688203786092014,
            -0.3700240927106294,
            -0.024402127375814195,
            -0.2678342745677432,
            -0.0411699518117686,
            -0.6238575500866665,
            -0.5724633251893196,
            0.007474923970090683,
            -0.05556251354765718,
            0.015178257730953947,
            -0.5307177801932528,
            -0.6383734175181597,
            -0.06028598532139024,
            0.036366776680470045,
            0.04269346086734294,
            -0.5867363589366228,
            -0.5595885150647383,
            0.005203755185330797,
            0.10985651154600906,
            -0.011671450832388797
        ],
        [
            -0.31571012281868716,
            -0.31816837565282463,
            -0.024254276738368035,
            -0.1889894941591842,
            -0.03474363867375314,
            -0.5660478618095314,
            -0.42888869988870937,
            0.03790463845906932,
            -0.17092381267768356,
            0.022057026657081178,
            -0.6383734175181597,
            -0.4460810428724771,
            -0.04562436340057237,
            0.04046128811519451,
            0.035177535412857244,
            -0.45953220730279853,
            -0.37148452564561474,
            0.022946995006913724,
            0.24474437874554494,
            -0.032631649296650106
        ],
        [
            -0.00725203972549454,
            -0.0203845931450107,
            -0.04885647942451235,
            -0.017148950831934406,
            -0.002680190004215274,
            -0.005850627340108883,
            -0.03513895862124518,
            0.5261859165427454,
            0.08142686282445971,
            0.0018358356375971167,
            -0.06028598532139024,
            -0.04562436340057237,
            1.3659091194253234,
            -0.0019403087402254278,
            0.004731539553428102,
            -0.012722143588018833,
            -0.03753684754868093,
            0.3665288294045502,
            -0.09925874278903482,
            0.015087803456186915
        ],
        [
            0.3356134402799654,
            0.21798668249402756,
            0.029862507720869316,
            0.15736673750157015,
            0.04101853899427457,
            0.030726672116783815,
            0.1532826036819015,
            0.08158994834453384,
            -0.6001946356994687,
            -0.030383500979266717,
            0.036366776680470045,
            0.04046128811519451,
            -0.0019403087402254278,
            0.7405142047608924,
            0.02885491021079299,
            -0.018701842378451516,
            -0.08476823383169485,
            -0.11379209581006719,
            -0.6267720122761974,
            0.1427195042137501
        ],
        [
            0.016553391551820326,
            0.013216773682700939,
            0.0012999040173712426,
            0.006929534829548584,
            -0.045671520797038734,
            0.016902669520399864,
            0.026300542242097255,
            0.0002260742242863956,
            -0.003360500342170749,
            0.5341854797495296,
            0.04269346086734294,
            0.035177535412857244,
            0.004731539553428102,
            0.02885491021079299,
            1.3670891441894786,
            0.004889823505425467,
            0.03123412763485097,
            0.016267685421636327,
            0.13431851396572567,
            0.3591027101841727
        ],
        [
            -0.01244725516740041,
            -0.14025807338603247,
            -0.004504616126846053,
            -0.07587009571348619,
            -0.006002514743951418,
            -0.3067902883406952,
            -0.33625333741283603,
            0.011130217110659962,
            -0.3565914076151095,
            0.004359426740565029,
            -0.5867363589366228,
            -0.45953220730279853,
            -0.012722143588018833,
            -0.018701842378451516,
            0.004889823505425467,
            -0.2708181115471924,
            -0.4682788204083643,
            0.030887352955965886,
            0.28561765199432265,
            -0.0416294399884434
        ],
        [
            -0.13757054363175664,
            -0.19993850591044282,
            -0.01254093195432226,
            -0.1230510772191131,
            -0.018300634074015006,
            -0.3836845706092023,
            -0.32632426812377213,
            0.022714032037063674,
            -0.22762450112692575,
            0.006726806680215271,
            -0.5595885150647383,
            -0.37148452564561474,
            -0.03753684754868093,
            -0.08476823383169485,
            0.03123412763485097,
            -0.4682788204083643,
            -0.31594266988841135,
            0.02538722966724698,
            0.24764330010755617,
            -0.03499533605719132
        ],
        [
            0.0034832198240972567,
            0.00983040872072703,
            -0.004934718971113418,
            0.00689921422153986,
            0.0004899679728161969,
            0.019277954146906473,
            0.020055828002787733,
            -0.04871658771425727,
            0.025207111287024422,
            -0.0002290139088071666,
            0.005203755185330797,
            0.022946995006913724,
            0.3665288294045502,
            -0.11379209581006719,
            0.016267685421636327,
            0.030887352955965886,
            0.02538722966724698,
            1.4708663285539112,
            -0.02958744645091936,
            0.004333685032705828
        ],
        [
            0.07797898907622988,
            0.13163677010609937,
            0.008302534907518276,
            0.10520616659186166,
            0.008731523602180307,
            0.2911922287323664,
            0.21028034772291243,
            -0.021182727697138182,
            0.1379497986542496,
            0.0027504604298927288,
            0.10985651154600906,
            0.24474437874554494,
            -0.09925874278903482,
            -0.6267720122761974,
            0.13431851396572567,
            0.28561765199432265,
            0.24764330010755617,
            -0.02958744645091936,
            1.1912538271410247,
            0.03941764123560146
        ],
        [
            -0.0022629945174527247,
            -0.01274024904422159,
            -0.00023369557947950688,
            -0.003058063540214896,
            -0.005833835440364063,
            -0.031163487578119868,
            -0.027704763864222427,
            0.0023450071037671534,
            -0.03109024388038338,
            -0.04725954364583096,
            -0.011671450832388797,
            -0.032631649296650106,
            0.015087803456186915,
            0.1427195042137501,
            0.3591027101841727,
            -0.0416294399884434,
            -0.03499533605719132,
            0.004333685032705828,
            0.03941764123560146,
            1.4686377298577555
        ]
    ]
}