{
    "HF": -2.1303793663095814,
    "coordinates": [
        [
            0.733544,
            0.088868,
            -0.121631
        ],
        [
            1.40898,
            0.050634,
            -0.124796
        ],
        [
            2.09296,
            0.190832,
            0.198937
        ],
        [
            2.748226,
            0.055398,
            0.19041
        ]
    ],
    "elements": [
        "H",
        "H",
        "H",
        "H"
    ],
    "Enn": 3.2826145215446285,
    "S": [
        [
            0.9999999999999999,
            0.6848602514927513,
            0.0,
            0.0,
            0.0,
            0.6222739408756663,
            0.5835807696357144,
            0.0025643884129033165,
            -0.547260743146211,
            0.030978460214516612,
            0.16083186361751392,
            0.34521472775969975,
            -0.047860034847281276,
            -0.20295755387921355,
            -0.015222981062265072,
            0.025632739700770082,
            0.16061073653293176,
            -0.004995277976072236,
            -0.03225184069846324,
            0.0005358012372064497
        ],
        [
            0.6848602514927513,
            1.0000000000000002,
            0.0,
            0.0,
            0.0,
            0.5835807696357144,
            0.905108971682136,
            0.0007260588762230931,
            -0.15494669924821933,
            0.008770974746765683,
            0.34521472775969975,
            0.6523253152106057,
            -0.04196849469297011,
            -0.17797360679025553,
            -0.013349041678751467,
            0.16061073653293173,
            0.4042853605606051,
            -0.018004319024990705,
            -0.11624426745814284,
            0.0019311710889480522
        ],
        [
            0.0,
            0.0,
            1.0000000000000004,
            0.0,
            0.0,
            -0.0025643884129033165,
            -0.0007260588762230928,
            0.5520373704459266,
            0.0030638664897765467,
            -0.0001734344502959815,
            0.047860034847281276,
            0.04196849469297007,
            0.05749322015762454,
            -0.08871437789317616,
            -0.0066540873636177725,
            0.004995277976072236,
            0.01800431902499069,
            0.003386036291819051,
            -0.00739601441630934,
            0.0001228703103089587
        ],
        [
            0.0,
            0.0,
            0.0,
            1.0000000000000004,
            0.0,
            0.5472607431462109,
            0.15494669924821924,
            0.003063866489776519,
            -0.10180158277341742,
            0.03701228163352799,
            0.20295755387921352,
            0.17797360679025542,
            -0.08871437789317621,
            -0.29779320986040647,
            -0.02821764127267794,
            0.03225184069846323,
            0.11624426745814266,
            -0.007396014416309336,
            -0.043220556183447785,
            0.0007933079387448235
        ],
        [
            0.0,
            0.0,
            0.0,
            0.0,
            1.0000000000000004,
            -0.0309784602145166,
            -0.008770974746765667,
            -0.00017343445029597982,
            0.03701228163352796,
            0.5499565953043349,
            0.015222981062265066,
            0.013349041678751465,
            -0.006654087363617769,
            -0.028217641272677903,
            0.0762967410207984,
            -0.0005358012372064494,
            -0.0019311710889480486,
            0.00012287031030895875,
            0.0007933079387448242,
            0.004518377632918933
        ],
        [
            0.6222739408756663,
            0.5835807696357144,
            -0.0025643884129033165,
            0.5472607431462111,
            -0.030978460214516605,
            0.9999999999999999,
            0.6848602514927513,
            0.0,
            0.0,
            0.0,
            0.5469660029890575,
            0.5567619604570102,
            -0.2228741435963232,
            -0.4708863685105108,
            -0.09651938228082192,
            0.17058184825703893,
            0.3535289120125889,
            -0.05058241633849065,
            -0.21491436949695836,
            -0.0007644988719649033
        ],
        [
            0.5835807696357144,
            0.905108971682136,
            -0.0007260588762230931,
            0.15494669924821933,
            -0.008770974746765671,
            0.6848602514927513,
            1.0000000000000002,
            0.0,
            0.0,
            0.0,
            0.5567619604570102,
            0.8789556393744161,
            -0.07062800815448769,
            -0.14922218314940544,
            -0.030586642347993177,
            0.3535289120125889,
            0.6620909924878342,
            -0.042330158348186216,
            -0.17985220854671255,
            -0.0006397748595228506
        ],
        [
            0.0025643884129033165,
            0.0007260588762230928,
            0.5520373704459266,
            0.0030638664897765194,
            -0.00017343445029597985,
            0.0,
            0.0,
            1.0000000000000004,
            0.0,
            0.0,
            0.2228741435963232,
            0.0706280081544877,
            0.3374258030191243,
            -0.2664775932642349,
            -0.05462093280572416,
            0.05058241633849065,
            0.042330158348186236,
            0.0635746098739158,
            -0.09389284421234834,
            -0.0003339980181591941
        ],
        [
            -0.547260743146211,
            -0.15494669924821924,
            0.003063866489776546,
            -0.1018015827734176,
            0.03701228163352796,
            0.0,
            0.0,
            0.0,
            1.0000000000000004,
            0.0,
            0.4708863685105108,
            0.14922218314940577,
            -0.26647759326423504,
            -0.09945962226495458,
            -0.11540258676273112,
            0.21491436949695836,
            0.1798522085467125,
            -0.09389284421234834,
            -0.31325823920426876,
            -0.0014190894520650877
        ],
        [
            0.030978460214516605,
            0.008770974746765667,
            -0.00017343445029598147,
            0.03701228163352799,
            0.5499565953043349,
            0.0,
            0.0,
            0.0,
            0.0,
            1.0000000000000004,
            0.09651938228082188,
            0.03058664234799316,
            -0.054620932805724144,
            -0.11540258676273102,
            0.43989718937727695,
            0.0007644988719649033,
            0.0006397748595228504,
            -0.0003339980181591941,
            -0.0014190894520650877,
            0.08566825608278845
        ],
        [
            0.16083186361751392,
            0.34521472775969975,
            0.047860034847281276,
            0.20295755387921352,
            0.015222981062265072,
            0.5469660029890575,
            0.5567619604570102,
            0.2228741435963232,
            0.4708863685105108,
            0.09651938228082192,
            0.9999999999999999,
            0.6848602514927513,
            0.0,
            0.0,
            0.0,
            0.6282813183858361,
            0.5856031563272145,
            0.006992926142117112,
            -0.5373785318916959,
            0.11106836626380732
        ],
        [
            0.34521472775969975,
            0.6523253152106057,
            0.04196849469297011,
            0.17797360679025542,
            0.013349041678751467,
            0.5567619604570102,
            0.8789556393744161,
            0.07062800815448772,
            0.1492221831494058,
            0.03058664234799319,
            0.6848602514927513,
            1.0000000000000002,
            0.0,
            0.0,
            0.0,
            0.5856031563272145,
            0.9070624197919401,
            0.0019633508085789967,
            -0.15087569261572714,
            0.031183822377047487
        ],
        [
            -0.047860034847281276,
            -0.04196849469297007,
            0.05749322015762454,
            -0.08871437789317617,
            -0.006654087363617769,
            -0.2228741435963232,
            -0.07062800815448772,
            0.3374258030191243,
            -0.2664775932642351,
            -0.05462093280572416,
            0.0,
            0.0,
            1.0000000000000004,
            0.0,
            0.0,
            -0.0069929261421171115,
            -0.0019633508085789963,
            0.5590842252442686,
            0.008111576505634373,
            -0.0016765454830009277
        ],
        [
            -0.20295755387921355,
            -0.17797360679025553,
            -0.0887143778931762,
            -0.29779320986040636,
            -0.028217641272677917,
            -0.4708863685105108,
            -0.1492221831494054,
            -0.26647759326423487,
            -0.09945962226495474,
            -0.11540258676273102,
            0.0,
            0.0,
            0.0,
            1.0000000000000004,
            0.0,
            0.5373785318916956,
            0.1508756926157275,
            0.008111576505634367,
            -0.06415257697367326,
            0.12883584525203248
        ],
        [
            -0.015222981062265072,
            -0.013349041678751465,
            -0.0066540873636177725,
            -0.028217641272677924,
            0.0762967410207984,
            -0.09651938228082187,
            -0.03058664234799317,
            -0.054620932805724144,
            -0.11540258676273112,
            0.43989718937727695,
            0.0,
            0.0,
            0.0,
            0.0,
            1.0000000000000004,
            -0.11106836626380732,
            -0.03118382237704747,
            -0.0016765454830009277,
            0.12883584525203257,
            0.5325612766203506
        ],
        [
            0.025632739700770082,
            0.16061073653293176,
            0.004995277976072236,
            0.032251840698463236,
            -0.0005358012372064494,
            0.17058184825703893,
            0.3535289120125889,
            0.05058241633849065,
            0.21491436949695836,
            0.0007644988719649033,
            0.6282813183858361,
            0.5856031563272145,
            -0.006992926142117112,
            0.5373785318916956,
            -0.11106836626380732,
            0.9999999999999999,
            0.6848602514927513,
            0.0,
            0.0,
            0.0
        ],
        [
            0.16061073653293173,
            0.4042853605606051,
            0.018004319024990705,
            0.1162442674581428,
            -0.0019311710889480494,
            0.3535289120125889,
            0.6620909924878342,
            0.04233015834818623,
            0.17985220854671255,
            0.0006397748595228506,
            0.5856031563272145,
            0.9070624197919401,
            -0.0019633508085789967,
            0.15087569261572753,
            -0.031183822377047477,
            0.6848602514927513,
            1.0000000000000002,
            0.0,
            0.0,
            0.0
        ],
        [
            -0.004995277976072236,
            -0.018004319024990684,
            0.003386036291819051,
            -0.007396014416309339,
            0.00012287031030895875,
            -0.05058241633849065,
            -0.04233015834818622,
            0.0635746098739158,
            -0.09389284421234834,
            -0.0003339980181591941,
            0.0069929261421171115,
            0.0019633508085789963,
            0.5590842252442686,
            0.008111576505634367,
            -0.0016765454830009277,
            0.0,
            0.0,
            1.0000000000000004,
            0.0,
            0.0
        ],
        [
            -0.03225184069846322,
            -0.1162442674581426,
            -0.007396014416309337,
            -0.043220556183447785,
            0.0007933079387448239,
            -0.21491436949695836,
            -0.1798522085467125,
            -0.09389284421234834,
            -0.31325823920426876,
            -0.0014190894520650877,
            -0.5373785318916959,
            -0.1508756926157271,
            0.008111576505634373,
            -0.06415257697367344,
            0.12883584525203257,
            0.0,
            0.0,
            0.0,
            1.0000000000000004,
            0.0
        ],
        [
            0.0005358012372064497,
            0.0019311710889480516,
            0.0001228703103089587,
            0.0007933079387448237,
            0.004518377632918933,
            -0.0007644988719649033,
            -0.0006397748595228504,
            -0.0003339980181591941,
            -0.0014190894520650877,
            0.08566825608278845,
            0.11106836626380732,
            0.03118382237704748,
            -0.0016765454830009277,
            0.12883584525203248,
            0.5325612766203506,
            0.0,
            0.0,
            0.0,
            0.0,
            1.0000000000000004
        ]
    ],
    "h": [
        [
            -0.33245068054164073,
            -0.4951787294672175,
            -0.004243951239062609,
            -0.3433201515251584,
            0.015499028480013895,
            -0.6371037651724939,
            -0.49239220788771765,
            -0.01783441354246082,
            -0.0023002069600869257,
            -0.011520289452492144,
            -0.2955708277132849,
            -0.34964529235465536,
            0.11067483394780754,
            0.3310004865102094,
            0.03986728851715848,
            -0.048749224107105256,
            -0.18807964902181828,
            0.01902534463787954,
            0.11310871347698975,
            -0.003148467936062
        ],
        [
            -0.4951787294672175,
            -0.32115390918963316,
            -0.007241001064662505,
            -0.27398612138541123,
            0.010327494514371037,
            -0.5732489596897303,
            -0.3736572894203314,
            -0.050940856111119925,
            0.12173034506135277,
            -0.0344994262467503,
            -0.37141327068703267,
            -0.32749169292493163,
            0.09025417081682303,
            0.17145380067856075,
            0.04673937322985949,
            -0.18840311194020903,
            -0.23285222681738804,
            0.013274141680586233,
            0.1523884595221451,
            -0.0177154315329781
        ],
        [
            -0.004243951239062609,
            -0.007241001064662505,
            1.4712433338050483,
            -0.006356135431936015,
            -0.0007382395592862006,
            -0.015380927198732797,
            -0.011595193404517604,
            0.5198421865818829,
            -0.003988755381469013,
            -0.003152172032915775,
            -0.031956220240906,
            -0.009540381043506865,
            -0.04362029013268107,
            -0.015595978009892986,
            0.001443534851343204,
            -0.018619597900374787,
            -0.013217656421092225,
            -0.009321745679331448,
            0.023230721853141456,
            -0.0014009966451446689
        ],
        [
            -0.3433201515251584,
            -0.27398612138541123,
            -0.006356135431936015,
            1.139542563778838,
            0.014311631330582237,
            -0.07257262181847679,
            -0.26666375796539044,
            -0.030287338903437485,
            -0.4942685092245365,
            0.038446351070062654,
            -0.27169975264498863,
            -0.2172747998004081,
            0.0772829454621812,
            0.09205153346460015,
            0.036160975083888866,
            -0.11238461522866629,
            -0.15218744188393357,
            0.02352197167528796,
            0.15184545348994904,
            -0.007228628233870457
        ],
        [
            0.015499028480013895,
            0.010327494514371037,
            -0.0007382395592862006,
            0.014311631330582237,
            1.4719831804057817,
            -0.004982344031745897,
            0.007744497753968332,
            -0.00175346476830043,
            0.0536754410073271,
            0.5223884466328874,
            -0.0022932263117987385,
            0.006581265965530499,
            -0.003933905323384992,
            -0.015274706327658892,
            -0.045099284568293846,
            -0.0012953959488042155,
            0.001814014581558567,
            -0.0004428834816633111,
            -0.0010342432827102886,
            -0.012394172884067195
        ],
        [
            -0.6371037651724939,
            -0.5732489596897303,
            -0.015380927198732797,
            -0.07257262181847679,
            -0.004982344031745897,
            -0.5036419765970019,
            -0.6235790772656691,
            -0.0981721143462105,
            0.10732467569881632,
            -0.05909379135533332,
            -0.5518235428456848,
            -0.5345774464739416,
            0.03594956720552317,
            0.06299442916884057,
            0.02436927475761322,
            -0.3071491390030233,
            -0.3778202747865009,
            0.031117344890091075,
            0.27392437981319717,
            -0.02673556024191368
        ],
        [
            -0.49239220788771765,
            -0.3736572894203314,
            -0.011595193404517604,
            -0.26666375796539044,
            0.007744497753968332,
            -0.6235790772656691,
            -0.4360005992048559,
            -0.08774335070841502,
            0.031186828165003913,
            -0.047791054070713476,
            -0.5357067772931682,
            -0.4167981080582308,
            0.09646007165059861,
            0.0995817303976092,
            0.06609028008476842,
            -0.3571955784580771,
            -0.33116061366245986,
            0.008949572353897442,
            0.21944971356585774,
            -0.03530643586474333
        ],
        [
            -0.01783441354246082,
            -0.050940856111119925,
            0.5198421865818829,
            -0.030287338903437485,
            -0.00175346476830043,
            -0.0981721143462105,
            -0.08774335070841502,
            1.3444530716487881,
            -0.11025445857730978,
            -0.01943156934441511,
            -0.03708495390546934,
            -0.09621363552740804,
            0.20402400812594307,
            -0.3949029225554347,
            -0.06818289242491164,
            -0.11297190034653942,
            -0.09108791613849926,
            -0.04378442285271952,
            0.07141840293515975,
            -0.015641714968946875
        ],
        [
            -0.0023002069600869257,
            0.12173034506135277,
            -0.003988755381469013,
            -0.4942685092245365,
            0.0536754410073271,
            0.10732467569881632,
            0.031186828165003913,
            -0.11025445857730978,
            0.802417304705282,
            -0.024171233069909495,
            -0.07255800522719724,
            -0.10416345046280057,
            -0.3924026923615449,
            -0.6084304193540715,
            -0.14419064486815167,
            -0.33642608625499815,
            -0.17396484060160877,
            -0.02423240442698049,
            0.06571546179487298,
            -0.042236306555506115
        ],
        [
            -0.011520289452492144,
            -0.0344994262467503,
            -0.003152172032915775,
            0.038446351070062654,
            0.5223884466328874,
            -0.05909379135533332,
            -0.047791054070713476,
            -0.01943156934441511,
            -0.024171233069909495,
            1.3833013292918248,
            -0.009653400386727462,
            -0.042787043143260046,
            -0.0733229438953965,
            -0.1581644308384939,
            0.3454345017998125,
            -0.0325825871255766,
            -0.036365720358438096,
            0.0026989403951085023,
            0.03807866118783454,
            -0.04710345994507342
        ],
        [
            -0.2955708277132849,
            -0.37141327068703267,
            -0.031956220240906,
            -0.27169975264498863,
            -0.0022932263117987385,
            -0.5518235428456848,
            -0.5357067772931682,
            -0.03708495390546934,
            -0.07255800522719724,
            -0.009653400386727462,
            -0.5091964226492878,
            -0.6240314691379609,
            0.10012908696337168,
            -0.10893051938737058,
            0.10624815217939002,
            -0.6457014813645431,
            -0.576991386032242,
            0.01618130804051983,
            0.07703051627878343,
            -0.0019059659479934155
        ],
        [
            -0.34964529235465536,
            -0.32749169292493163,
            -0.009540381043506865,
            -0.2172747998004081,
            0.006581265965530499,
            -0.5345774464739416,
            -0.4167981080582308,
            -0.09621363552740804,
            -0.10416345046280057,
            -0.042787043143260046,
            -0.6240314691379609,
            -0.43408809092433653,
            0.08888363097913318,
            -0.03169193130039008,
            0.0830946705857408,
            -0.49757864300278687,
            -0.37537593143250003,
            0.01064080400867249,
            0.2676455768577555,
            -0.043708566523552275
        ],
        [
            0.11067483394780754,
            0.09025417081682303,
            -0.04362029013268107,
            0.0772829454621812,
            -0.003933905323384992,
            0.03594956720552317,
            0.09646007165059861,
            0.20402400812594307,
            -0.3924026923615449,
            -0.0733229438953965,
            0.10012908696337168,
            0.08888363097913318,
            1.3422220751386773,
            -0.1061224615610808,
            -0.020493806966148036,
            0.019764532255420734,
            0.053796535634912795,
            0.5284997065746777,
            -0.025056842542023942,
            -0.0009982366707440658
        ],
        [
            0.3310004865102094,
            0.17145380067856075,
            -0.015595978009892986,
            0.09205153346460015,
            -0.015274706327658892,
            0.06299442916884057,
            0.0995817303976092,
            -0.3949029225554347,
            -0.6084304193540715,
            -0.1581644308384939,
            -0.10893051938737058,
            -0.03169193130039008,
            -0.1061224615610808,
            0.8156837008314715,
            0.018611077430017667,
            0.006194068119305451,
            -0.11690533651557775,
            0.0029403219446379053,
            -0.44527780722314225,
            0.19364044894597704
        ],
        [
            0.03986728851715848,
            0.04673937322985949,
            0.001443534851343204,
            0.036160975083888866,
            -0.045099284568293846,
            0.02436927475761322,
            0.06609028008476842,
            -0.06818289242491164,
            -0.14419064486815167,
            0.3454345017998125,
            0.10624815217939002,
            0.0830946705857408,
            -0.020493806966148036,
            0.018611077430017667,
            1.3688632257520301,
            0.013636385068458878,
            0.06829148591326756,
            -0.006506801374316431,
            0.1708206665587756,
            0.4964871908760212
        ],
        [
            -0.048749224107105256,
            -0.18840311194020903,
            -0.018619597900374787,
            -0.11238461522866629,
            -0.0012953959488042155,
            -0.3071491390030233,
            -0.3571955784580771,
            -0.11297190034653942,
            -0.33642608625499815,
            -0.0325825871255766,
            -0.6457014813645431,
            -0.49757864300278687,
            0.019764532255420734,
            0.006194068119305451,
            0.013636385068458878,
            -0.3413360250990265,
            -0.4991707730762436,
            0.0022267018571111748,
            0.34320741673556676,
            -0.066053313223388
        ],
        [
            -0.18807964902181828,
            -0.23285222681738804,
            -0.013217656421092225,
            -0.15218744188393357,
            0.001814014581558567,
            -0.3778202747865009,
            -0.33116061366245986,
            -0.09108791613849926,
            -0.17396484060160877,
            -0.036365720358438096,
            -0.576991386032242,
            -0.37537593143250003,
            0.053796535634912795,
            -0.11690533651557775,
            0.06829148591326756,
            -0.4991707730762436,
            -0.3236824520741626,
            0.0060062239204159325,
            0.2733450425704158,
            -0.04894782194710719
        ],
        [
            0.01902534463787954,
            0.013274141680586233,
            -0.009321745679331448,
            0.02352197167528796,
            -0.0004428834816633111,
            0.031117344890091075,
            0.008949572353897442,
            -0.04378442285271952,
            -0.02423240442698049,
            0.0026989403951085023,
            0.01618130804051983,
            0.01064080400867249,
            0.5284997065746777,
            0.0029403219446379053,
            -0.006506801374316431,
            0.0022267018571111748,
            0.0060062239204159325,
            1.4656114175691008,
            -0.0047701282505777385,
            -0.0008576879139414203
        ],
        [
            0.11310871347698975,
            0.1523884595221451,
            0.023230721853141456,
            0.15184545348994904,
            -0.0010342432827102886,
            0.27392437981319717,
            0.21944971356585774,
            0.07141840293515975,
            0.06571546179487298,
            0.03807866118783454,
            0.07703051627878343,
            0.2676455768577555,
            -0.025056842542023942,
            -0.44527780722314225,
            0.1708206665587756,
            0.34320741673556676,
            0.2733450425704158,
            -0.0047701282505777385,
            1.1393015225220267,
            0.06048189887855844
        ],
        [
            -0.003148467936062,
            -0.0177154315329781,
            -0.0014009966451446689,
            -0.007228628233870457,
            -0.012394172884067195,
            -0.02673556024191368,
            -0.03530643586474333,
            -0.015641714968946875,
            -0.042236306555506115,
            -0.04710345994507342,
            -0.0019059659479934155,
            -0.043708566523552275,
            -0.0009982366707440658,
            0.19364044894597704,
            0.4964871908760212,
            -0.066053313223388,
            -0.04894782194710719,
            -0.0008576879139414203,
            0.06048189887855844,
            1.455166292665212
        ]
    ]
}