{
    "HF": -2.1474505003836883,
    "coordinates": [
        [
            0.722604,
            0.10437,
            0.141098
        ],
        [
            1.427809,
            0.028916,
            0.076206
        ],
        [
            2.191871,
            -0.059176,
            0.142747
        ],
        [
            2.878414,
            0.007543,
            0.012293
        ]
    ],
    "elements": [
        "H",
        "H",
        "H",
        "H"
    ],
    "Enn": 3.1494399627695904,
    "S": [
        [
            0.9999999999999999,
            0.6848602514927513,
            0.0,
            0.0,
            0.0,
            0.5932194195303127,
            0.5735639886141316,
            0.049501734617159385,
            -0.5379533803965646,
            0.05755877278868188,
            0.132666669346684,
            0.31923249895891215,
            -0.00019453833489982953,
            -0.17333460018390945,
            0.01929409734355815,
            0.016830995662843018,
            0.1342184921050164,
            0.0012350288414560311,
            -0.020670684575127718,
            0.000928412232690215
        ],
        [
            0.6848602514927513,
            1.0000000000000002,
            0.0,
            0.0,
            0.0,
            0.5735639886141316,
            0.8953953821917016,
            0.014613828048282604,
            -0.15881379228239412,
            0.01699241480544775,
            0.31923249895891215,
            0.6212154485076525,
            -0.00019855418397492133,
            -0.17691274119241396,
            0.019692384822537032,
            0.1342184921050164,
            0.36129952856991504,
            0.0061303802906327465,
            -0.10260420895422519,
            0.004608410639347055
        ],
        [
            0.0,
            0.0,
            1.0000000000000004,
            0.0,
            0.0,
            -0.049501734617159385,
            -0.014613828048282578,
            0.512013831535437,
            0.06150272994602618,
            -0.006580536135375471,
            0.00019453833489982953,
            0.00019855418397492127,
            0.058603573139042305,
            -0.0003686215213554148,
            4.103173577817556e-05,
            -0.001235028841456031,
            -0.006130380290632748,
            0.002219237107938041,
            0.0016718599995045693,
            -7.509065649200484e-05
        ],
        [
            0.0,
            0.0,
            0.0,
            1.0000000000000004,
            0.0,
            0.5379533803965648,
            0.1588137922823941,
            0.06150272994602618,
            -0.1506993391659844,
            0.07151308305103032,
            0.17333460018390945,
            0.17691274119241393,
            -0.0003686215213554149,
            -0.26983957701395056,
            0.03655947564074717,
            0.020670684575127725,
            0.1026042089542253,
            0.0016718599995045702,
            -0.02566280295353864,
            0.001256792734536928
        ],
        [
            0.0,
            0.0,
            0.0,
            0.0,
            1.0000000000000004,
            -0.05755877278868186,
            -0.016992414805447723,
            -0.006580536135375468,
            0.0715130830510303,
            0.5100216264080274,
            -0.019294097343558157,
            -0.01969238482253704,
            4.103173577817558e-05,
            0.03655947564074717,
            0.054534504585639194,
            -0.0009284122326902146,
            -0.004608410639347051,
            -7.509065649200484e-05,
            0.0012567927345369274,
            0.0022626789961977573
        ],
        [
            0.5932194195303127,
            0.5735639886141316,
            -0.049501734617159385,
            0.5379533803965648,
            -0.057558772788681885,
            0.9999999999999999,
            0.6848602514927513,
            0.0,
            0.0,
            0.0,
            0.5450560041736481,
            0.5560441454953717,
            -0.0456078836925972,
            -0.5236959292756825,
            0.060379160070456885,
            0.1416691574856541,
            0.3278875995546514,
            0.008169680763872608,
            -0.18542361905210866,
            0.002732004239610867
        ],
        [
            0.5735639886141316,
            0.8953953821917016,
            -0.014613828048282604,
            0.15881379228239428,
            -0.01699241480544775,
            0.6848602514927513,
            1.0000000000000002,
            0.0,
            0.0,
            0.0,
            0.5560441454953717,
            0.8782491278059209,
            -0.014497102782468886,
            -0.16646406495512167,
            0.01919235927192632,
            0.3278875995546514,
            0.6316817330172095,
            0.00791907324419551,
            -0.1797356913835406,
            0.002648199152726216
        ],
        [
            0.049501734617159385,
            0.014613828048282578,
            0.512013831535437,
            0.06150272994602618,
            -0.006580536135375473,
            0.0,
            0.0,
            1.0000000000000004,
            0.0,
            0.0,
            0.0456078836925972,
            0.014497102782468881,
            0.4560326749031522,
            -0.06089297338288467,
            0.007020613263380562,
            -0.008169680763872608,
            -0.007919073244195508,
            0.06405247562560724,
            0.015582485288906047,
            -0.0002295900386940545
        ],
        [
            -0.5379533803965646,
            -0.1588137922823941,
            0.06150272994602618,
            -0.1506993391659844,
            0.07151308305103034,
            0.0,
            0.0,
            0.0,
            1.0000000000000004,
            0.0,
            0.5236959292756823,
            0.16646406495512123,
            -0.060892973382884706,
            -0.23787236118484953,
            0.08061471590816308,
            0.18542361905210872,
            0.1797356913835403,
            0.015582485288906042,
            -0.2889297210930301,
            0.005210903229073723
        ],
        [
            0.05755877278868185,
            0.016992414805447737,
            -0.0065805361353754675,
            0.07151308305103028,
            0.5100216264080274,
            0.0,
            0.0,
            0.0,
            0.0,
            1.0000000000000004,
            -0.060379160070456864,
            -0.019192359271926304,
            0.007020613263380561,
            0.08061471590816299,
            0.4520413336089753,
            -0.002732004239610866,
            -0.0026481991527262144,
            -0.0002295900386940545,
            0.005210903229073725,
            0.06466225619823374
        ],
        [
            0.132666669346684,
            0.31923249895891215,
            0.00019453833489982953,
            0.17333460018390945,
            -0.01929409734355815,
            0.5450560041736481,
            0.5560441454953717,
            0.0456078836925972,
            0.5236959292756823,
            -0.060379160070456885,
            0.9999999999999999,
            0.6848602514927513,
            0.0,
            0.0,
            0.0,
            0.6015007736296738,
            0.5764596014515657,
            0.10127062160766753,
            -0.532959022876975,
            -0.05179354104160832
        ],
        [
            0.31923249895891215,
            0.6212154485076525,
            0.00019855418397492133,
            0.17691274119241396,
            -0.019692384822537032,
            0.5560441454953717,
            0.8782491278059209,
            0.014497102782468886,
            0.1664640649551213,
            -0.01919235927192632,
            0.6848602514927513,
            1.0000000000000002,
            0.0,
            0.0,
            0.0,
            0.5764596014515657,
            0.8982099385666014,
            0.02953687340080668,
            -0.15544432271306374,
            -0.015106249378542788
        ],
        [
            -0.00019453833489982953,
            -0.00019855418397492127,
            0.058603573139042305,
            -0.0003686215213554149,
            4.103173577817556e-05,
            -0.0456078836925972,
            -0.014497102782468881,
            0.4560326749031522,
            -0.060892973382884706,
            0.007020613263380562,
            0.0,
            0.0,
            1.0000000000000004,
            0.0,
            0.0,
            -0.1012706216076675,
            -0.029536873400806667,
            0.5041421541289968,
            0.12264085482415164,
            0.011918372473410375
        ],
        [
            -0.1733346001839094,
            -0.17691274119241393,
            -0.0003686215213554148,
            -0.26983957701395056,
            0.03655947564074716,
            -0.5236959292756822,
            -0.1664640649551216,
            -0.06089297338288467,
            -0.23787236118484953,
            0.08061471590816302,
            0.0,
            0.0,
            0.0,
            1.0000000000000004,
            0.0,
            0.532959022876975,
            0.1554443227130637,
            0.12264085482415178,
            -0.11797874595996163,
            -0.06272306861432062
        ],
        [
            0.019294097343558157,
            0.01969238482253704,
            4.103173577817558e-05,
            0.036559475640747185,
            0.054534504585639194,
            0.060379160070456864,
            0.0191923592719263,
            0.007020613263380561,
            0.08061471590816305,
            0.4520413336089753,
            0.0,
            0.0,
            0.0,
            0.0,
            1.0000000000000004,
            0.0517935410416083,
            0.01510624937854277,
            0.011918372473410372,
            -0.06272306861432053,
            0.5213503547229159
        ],
        [
            0.016830995662843018,
            0.1342184921050164,
            -0.0012350288414560311,
            0.020670684575127718,
            -0.000928412232690215,
            0.1416691574856541,
            0.3278875995546514,
            -0.008169680763872608,
            0.18542361905210872,
            -0.002732004239610867,
            0.6015007736296738,
            0.5764596014515657,
            -0.10127062160766753,
            0.532959022876975,
            0.05179354104160832,
            0.9999999999999999,
            0.6848602514927513,
            0.0,
            0.0,
            0.0
        ],
        [
            0.1342184921050164,
            0.36129952856991504,
            -0.0061303802906327465,
            0.10260420895422519,
            -0.004608410639347055,
            0.3278875995546514,
            0.6316817330172095,
            -0.007919073244195511,
            0.1797356913835406,
            -0.0026481991527262153,
            0.5764596014515657,
            0.8982099385666014,
            -0.02953687340080668,
            0.15544432271306374,
            0.015106249378542788,
            0.6848602514927513,
            1.0000000000000002,
            0.0,
            0.0,
            0.0
        ],
        [
            0.001235028841456031,
            0.006130380290632748,
            0.002219237107938041,
            0.0016718599995045693,
            -7.509065649200484e-05,
            0.008169680763872608,
            0.007919073244195503,
            0.06405247562560724,
            0.015582485288906042,
            -0.0002295900386940545,
            0.10127062160766752,
            0.029536873400806667,
            0.5041421541289968,
            0.12264085482415181,
            0.011918372473410375,
            0.0,
            0.0,
            1.0000000000000004,
            0.0,
            0.0
        ],
        [
            -0.020670684575127718,
            -0.10260420895422522,
            0.0016718599995045702,
            -0.02566280295353864,
            0.001256792734536928,
            -0.18542361905210866,
            -0.17973569138354054,
            0.015582485288906047,
            -0.28892972109303,
            0.005210903229073725,
            -0.532959022876975,
            -0.1554443227130637,
            0.12264085482415162,
            -0.11797874595996163,
            -0.06272306861432053,
            0.0,
            0.0,
            0.0,
            1.0000000000000004,
            0.0
        ],
        [
            0.0009284122326902148,
            0.004608410639347052,
            -7.509065649200484e-05,
            0.0012567927345369274,
            0.0022626789961977573,
            0.002732004239610866,
            0.0026481991527262136,
            -0.0002295900386940545,
            0.005210903229073723,
            0.06466225619823374,
            -0.0517935410416083,
            -0.015106249378542776,
            0.011918372473410372,
            -0.06272306861432062,
            0.5213503547229159,
            0.0,
            0.0,
            0.0,
            0.0,
            1.0000000000000004
        ]
    ],
    "h": [
        [
            -0.3024641028326165,
            -0.4819364053702069,
            0.02709385917730623,
            -0.3175057104301333,
            0.034882404254867674,
            -0.6108891718344714,
            -0.477756687243611,
            -0.007698160185271918,
            0.004867570762881801,
            0.0022003643201759376,
            -0.2643912903085171,
            -0.32823010540559244,
            0.010382000679387679,
            0.3322687308929262,
            -0.03344409580726092,
            -0.025892433052310676,
            -0.1591033055627757,
            -0.005264171235090805,
            0.08464438065687103,
            -0.001932712289469486
        ],
        [
            -0.4819364053702069,
            -0.3146068365685133,
            0.02093609907769234,
            -0.2591045439720437,
            0.028493253682709947,
            -0.557684740044837,
            -0.36791252320406365,
            -0.029949277348634663,
            0.11313775987523425,
            -0.01075921898134917,
            -0.34724882304113386,
            -0.31530383381363825,
            0.022331721472698664,
            0.18787071148233747,
            -0.029243954379263346,
            -0.15928397844595904,
            -0.21119778738025807,
            -0.016966022905698038,
            0.13353978718322268,
            0.00576375312118842
        ],
        [
            0.02709385917730623,
            0.02093609907769234,
            1.4764619993665835,
            0.02574176136972959,
            -0.0027612570420863665,
            0.0009441958037965659,
            0.01865246860093589,
            0.46550381029512977,
            0.09078887679290386,
            -0.00979199675698281,
            0.011176316205298305,
            0.015066385486586656,
            -0.04770748640296209,
            -0.017530260553946214,
            0.001923197815832345,
            0.0032184034497998422,
            0.00802782661189735,
            -0.006773932098621328,
            -0.0065231915405302935,
            0.00018714856718144885
        ],
        [
            -0.3175057104301333,
            -0.2591045439720437,
            0.02574176136972959,
            1.1714001597190642,
            0.03333245346053443,
            -0.06942964064998747,
            -0.2500160845527384,
            0.08122766031817663,
            -0.5426233467353311,
            0.1096988506116236,
            -0.25702613852827105,
            -0.20097067576425853,
            0.01694891686311363,
            0.17029105203095818,
            -0.02592039510634256,
            -0.08376125955404218,
            -0.13259310928609935,
            -0.0094675423372726,
            0.11456647850399815,
            -0.0018772970118152328
        ],
        [
            0.034882404254867674,
            0.028493253682709947,
            -0.0027612570420863665,
            0.03333245346053443,
            1.4752297905625433,
            0.008302952882184675,
            0.02740810282776114,
            -0.008616172320806624,
            0.10814056345777831,
            0.4618721832677144,
            0.027648546408976984,
            0.02170687932872471,
            -0.0018033009064338174,
            -0.02396057769250455,
            -0.04398877927635797,
            0.006386818494410739,
            0.013265038434920226,
            0.0007039641326481928,
            -0.008377971205947105,
            -0.007130436587836549
        ],
        [
            -0.6108891718344714,
            -0.557684740044837,
            0.0009441958037965659,
            -0.06942964064998747,
            0.008302952882184675,
            -0.47926627531571486,
            -0.6140613131380706,
            -0.04658492883614386,
            0.0701133626536212,
            -0.005724580548034243,
            -0.5338376283301418,
            -0.5212597830906335,
            0.011971993380655868,
            0.056913476519792505,
            -0.01653424258415831,
            -0.2760810532921172,
            -0.353734558356198,
            -0.029294972063042612,
            0.2619600667699469,
            0.009463125234409954
        ],
        [
            -0.477756687243611,
            -0.36791252320406365,
            0.01865246860093589,
            -0.2500160845527384,
            0.02740810282776114,
            -0.6140613131380706,
            -0.43472171954201766,
            -0.03587611442288147,
            0.011196483727760428,
            -0.0014843141510000992,
            -0.5229629201133643,
            -0.4110202300030388,
            0.03971732787261429,
            0.1185398330888413,
            -0.039094641156313836,
            -0.33613988290089675,
            -0.31922585248962065,
            -0.0330987341398975,
            0.2046966535348495,
            0.01547945464478685
        ],
        [
            -0.007698160185271918,
            -0.029949277348634663,
            0.46550381029512977,
            0.08122766031817663,
            -0.008616172320806624,
            -0.04658492883614386,
            -0.03587611442288147,
            1.394696845746797,
            0.007957270739186102,
            -0.0005264326671763004,
            -0.003359533305354462,
            -0.02539701637208418,
            0.3688505699347425,
            -0.0745422370255456,
            0.0088409323894886,
            -0.005813493307826406,
            -0.01668464395381079,
            -0.048240120412235354,
            0.01633284959160828,
            0.0005688979715085189
        ],
        [
            0.004867570762881801,
            0.11313775987523425,
            0.09078887679290386,
            -0.5426233467353311,
            0.10814056345777831,
            0.0701133626536212,
            0.011196483727760428,
            0.007957270739186102,
            0.7951581506550482,
            0.06210891978690003,
            -0.0665815905630176,
            -0.12412367118178813,
            -0.06589751257074915,
            -0.7775136645085919,
            0.10995436968494293,
            -0.33971313607802023,
            -0.19082296132098864,
            -0.037871021633056896,
            0.1498374678856249,
            0.019956606370363485
        ],
        [
            0.0022003643201759376,
            -0.01075921898134917,
            -0.00979199675698281,
            0.1096988506116236,
            0.4618721832677144,
            -0.005724580548034243,
            -0.0014843141510000992,
            -0.0005264326671763004,
            0.06210891978690003,
            1.3924288855401592,
            -2.136420638379488e-05,
            0.010190182302415876,
            0.008818302786618364,
            0.12644963152708288,
            0.3629421285062031,
            0.023529972697205578,
            0.01721042468795392,
            0.003299058636958998,
            -0.02132891491026715,
            -0.04797348128198525
        ],
        [
            -0.2643912903085171,
            -0.34724882304113386,
            0.011176316205298305,
            -0.25702613852827105,
            0.027648546408976984,
            -0.5338376283301418,
            -0.5229629201133643,
            -0.003359533305354462,
            -0.0665815905630176,
            -2.136420638379488e-05,
            -0.4869692434066102,
            -0.6156264746595099,
            0.07600647366315541,
            -0.0749768819732061,
            -0.0545094337810776,
            -0.620794195532051,
            -0.5626102785869072,
            -0.005607671446918927,
            0.07331005219267062,
            0.0011828540629790357
        ],
        [
            -0.32823010540559244,
            -0.31530383381363825,
            0.015066385486586656,
            -0.20097067576425853,
            0.02170687932872471,
            -0.5212597830906335,
            -0.4110202300030388,
            -0.02539701637208418,
            -0.12412367118178813,
            0.010190182302415876,
            -0.6156264746595099,
            -0.43307955657014063,
            0.058332673328742965,
            -0.01367780136276997,
            -0.045112780940817485,
            -0.48355963829885773,
            -0.36985315967900556,
            -0.04138813384319137,
            0.2533434148629483,
            0.019761518300462765
        ],
        [
            0.010382000679387679,
            0.022331721472698664,
            -0.04770748640296209,
            0.01694891686311363,
            -0.0018033009064338174,
            0.011971993380655868,
            0.03971732787261429,
            0.3688505699347425,
            -0.06589751257074915,
            0.008818302786618364,
            0.07600647366315541,
            0.058332673328742965,
            1.3837713310145674,
            0.03464516500824191,
            0.007556797817923473,
            0.009378120177762655,
            0.05130523059929834,
            0.45350507197257683,
            0.16837120741566697,
            0.01727058075569092
        ],
        [
            0.3322687308929262,
            0.18787071148233747,
            -0.017530260553946214,
            0.17029105203095818,
            -0.02396057769250455,
            0.056913476519792505,
            0.1185398330888413,
            -0.0745422370255456,
            -0.7775136645085919,
            0.12644963152708288,
            -0.0749768819732061,
            -0.01367780136276997,
            0.03464516500824191,
            0.8010493850609439,
            0.005118288227994891,
            2.828213225858356e-05,
            -0.10997421163155971,
            0.18263726536283376,
            -0.5038512635826766,
            -0.09149159931978539
        ],
        [
            -0.03344409580726092,
            -0.029243954379263346,
            0.001923197815832345,
            -0.02592039510634256,
            -0.04398877927635797,
            -0.01653424258415831,
            -0.039094641156313836,
            0.0088409323894886,
            0.10995436968494293,
            0.3629421285062031,
            -0.0545094337810776,
            -0.045112780940817485,
            0.007556797817923473,
            0.005118288227994891,
            1.3897177851130134,
            -0.005639280192177035,
            -0.0336663480325823,
            0.01673334901272057,
            -0.0813181896907931,
            0.47788068724840227
        ],
        [
            -0.025892433052310676,
            -0.15928397844595904,
            0.0032184034497998422,
            -0.08376125955404218,
            0.006386818494410739,
            -0.2760810532921172,
            -0.33613988290089675,
            -0.005813493307826406,
            -0.33971313607802023,
            0.023529972697205578,
            -0.620794195532051,
            -0.48355963829885773,
            0.009378120177762655,
            2.828213225858356e-05,
            -0.005639280192177035,
            -0.31255322896229987,
            -0.4863618296254377,
            -0.05836027088643146,
            0.3210061567574571,
            0.029747899096127847
        ],
        [
            -0.1591033055627757,
            -0.21119778738025807,
            0.00802782661189735,
            -0.13259310928609935,
            0.013265038434920226,
            -0.353734558356198,
            -0.31922585248962065,
            -0.01668464395381079,
            -0.19082296132098864,
            0.01721042468795392,
            -0.5626102785869072,
            -0.36985315967900556,
            0.05130523059929834,
            -0.10997421163155971,
            -0.0336663480325823,
            -0.4863618296254377,
            -0.3171738081374884,
            -0.04537119692136851,
            0.26073990888571763,
            0.02258053429106937
        ],
        [
            -0.005264171235090805,
            -0.016966022905698038,
            -0.006773932098621328,
            -0.0094675423372726,
            0.0007039641326481928,
            -0.029294972063042612,
            -0.0330987341398975,
            -0.048240120412235354,
            -0.037871021633056896,
            0.003299058636958998,
            -0.005607671446918927,
            -0.04138813384319137,
            0.45350507197257683,
            0.18263726536283376,
            0.01673334901272057,
            -0.05836027088643146,
            -0.04537119692136851,
            1.4629724370910873,
            0.05448407556508668,
            0.00520871453747791
        ],
        [
            0.08464438065687103,
            0.13353978718322268,
            -0.0065231915405302935,
            0.11456647850399815,
            -0.008377971205947105,
            0.2619600667699469,
            0.2046966535348495,
            0.01633284959160828,
            0.1498374678856249,
            -0.02132891491026715,
            0.07331005219267062,
            0.2533434148629483,
            0.16837120741566697,
            -0.5038512635826766,
            -0.0813181896907931,
            0.3210061567574571,
            0.26073990888571763,
            0.05448407556508668,
            1.165058189331014,
            -0.027047057199409086
        ],
        [
            -0.001932712289469486,
            0.00576375312118842,
            0.00018714856718144885,
            -0.0018772970118152328,
            -0.007130436587836549,
            0.009463125234409954,
            0.01547945464478685,
            0.0005688979715085189,
            0.019956606370363485,
            -0.04797348128198525,
            0.0011828540629790357,
            0.019761518300462765,
            0.01727058075569092,
            -0.09149159931978539,
            0.47788068724840227,
            0.029747899096127847,
            0.02258053429106937,
            0.00520871453747791,
            -0.027047057199409086,
            1.4704853348538376
        ]
    ]
}