{
    "HF": -2.0997623948059774,
    "coordinates": [
        [
            0.665662,
            0.089315,
            -0.005762
        ],
        [
            1.496928,
            0.1375,
            -0.033467
        ],
        [
            2.146915,
            0.040465,
            0.115704
        ],
        [
            2.792034,
            0.130523,
            0.0062
        ]
    ],
    "elements": [
        "H",
        "H",
        "H",
        "H"
    ],
    "Enn": 3.234645466332119,
    "S": [
        [
            0.9999999999999999,
            0.6848602514927513,
            0.0,
            0.0,
            0.0,
            0.4969930355973593,
            0.5373024108431526,
            0.016894931435492984,
            -0.5069186816335145,
            -0.029383947706884305,
            0.12977875691761573,
            0.3163778709974137,
            -0.013949946015648373,
            -0.17011673542816258,
            0.005610251945930736,
            0.01901757166731399,
            0.14141545547976697,
            -0.00013312135836772004,
            -0.023663729228815055,
            -0.00045859094930755795
        ],
        [
            0.6848602514927513,
            1.0000000000000002,
            0.0,
            0.0,
            0.0,
            0.5373024108431526,
            0.8596777981051983,
            0.005819070778898874,
            -0.17459648764093666,
            -0.010120625355756824,
            0.31637787099741366,
            0.6177399464034916,
            -0.01448572563082701,
            -0.17665045813511104,
            0.005825726516604637,
            0.141415455479767,
            0.37331502423628576,
            -0.000602131410570459,
            -0.10703522586168937,
            -0.0020742878420654995
        ],
        [
            0.0,
            0.0,
            1.0000000000000004,
            0.0,
            0.0,
            -0.016894931435492984,
            -0.005819070778898872,
            0.40535835562057115,
            0.02428486768487974,
            0.0014076918211450137,
            0.013949946015648371,
            0.014485725630827001,
            0.054506157160387335,
            -0.026474256465538422,
            0.0008730901664614701,
            0.00013312135836772004,
            0.000602131410570459,
            0.0028172756349206154,
            -0.000186108363571556,
            -3.6066847409844922e-06
        ],
        [
            0.0,
            0.0,
            0.0,
            1.0000000000000004,
            0.0,
            0.5069186816335143,
            0.1745964876409366,
            0.02428486768487975,
            -0.3224799723074234,
            -0.04223664859757919,
            0.17011673542816258,
            0.17665045813511093,
            -0.026474256465538432,
            -0.266171032679954,
            0.010647155815961276,
            0.023663729228815048,
            0.10703522586168937,
            -0.0001861083635715559,
            -0.030264407153797076,
            -0.0006411263539589263
        ],
        [
            0.0,
            0.0,
            0.0,
            0.0,
            1.0000000000000004,
            0.029383947706884305,
            0.0101206253557568,
            0.0014076918211450135,
            -0.04223664859757917,
            0.4037194570568565,
            -0.005610251945930737,
            -0.0058257265166046426,
            0.0008730901664614701,
            0.010647155815961271,
            0.056325973541676275,
            0.00045859094930755795,
            0.0020742878420654995,
            -3.6066847409844922e-06,
            -0.0006411263539589265,
            0.00280589789548984
        ],
        [
            0.4969930355973593,
            0.5373024108431526,
            -0.016894931435492984,
            0.5069186816335144,
            0.029383947706884305,
            0.9999999999999999,
            0.6848602514927513,
            0.0,
            0.0,
            0.0,
            0.6244115488473683,
            0.584302267186872,
            -0.12138629282292498,
            -0.5289199128054013,
            0.0789611849761182,
            0.20539274684784986,
            0.3809433427389403,
            -0.007999887954132852,
            -0.26119199558134426,
            0.0014070945182641785
        ],
        [
            0.5373024108431526,
            0.8596777981051983,
            -0.005819070778898873,
            0.17459648764093683,
            0.010120625355756824,
            0.6848602514927513,
            1.0000000000000002,
            0.0,
            0.0,
            0.0,
            0.584302267186872,
            0.9058061702690059,
            -0.0342653544696538,
            -0.1493053941829634,
            0.022289444134334802,
            0.3809433427389403,
            0.6936915761226873,
            -0.005769827504410434,
            -0.1883817334289708,
            0.0010148507953279015
        ],
        [
            0.01689493143549298,
            0.0058190707788988725,
            0.40535835562057115,
            0.02428486768487975,
            0.0014076918211450135,
            0.0,
            0.0,
            1.0000000000000004,
            0.0,
            0.0,
            0.12138629282292496,
            0.03426535446965378,
            0.5225519980354911,
            -0.13960266676311595,
            0.02084094723334307,
            0.007999887954132853,
            0.005769827504410436,
            0.1126497871197369,
            -0.015086028135766018,
            8.127150851222979e-05
        ],
        [
            -0.5069186816335143,
            -0.1745964876409366,
            0.02428486768487974,
            -0.3224799723074234,
            -0.04223664859757917,
            0.0,
            0.0,
            0.0,
            1.0000000000000004,
            0.0,
            0.5289199128054013,
            0.14930539418296335,
            -0.13960266676311595,
            -0.05370404033948784,
            0.09081084640686833,
            0.2611919955813443,
            0.18838173342897074,
            -0.015086028135766013,
            -0.3794387750676185,
            0.0026534706003287336
        ],
        [
            -0.029383947706884305,
            -0.0101206253557568,
            0.0014076918211450137,
            -0.04223664859757919,
            0.4037194570568565,
            0.0,
            0.0,
            0.0,
            0.0,
            1.0000000000000004,
            -0.0789611849761182,
            -0.022289444134334795,
            0.020840947233343073,
            0.09081084640686836,
            0.5410336583188972,
            -0.001407094518264179,
            -0.0010148507953279013,
            8.127150851222976e-05,
            0.0026534706003287336,
            0.11309755295024261
        ],
        [
            0.12977875691761573,
            0.3163778709974137,
            0.013949946015648373,
            0.17011673542816264,
            -0.005610251945930736,
            0.6244115488473683,
            0.584302267186872,
            0.12138629282292498,
            0.5289199128054013,
            -0.0789611849761182,
            0.9999999999999999,
            0.6848602514927513,
            0.0,
            0.0,
            0.0,
            0.6353548173502634,
            0.5879636858401054,
            0.09107718285972961,
            -0.5365614144623574,
            -0.07490346411073137
        ],
        [
            0.31637787099741366,
            0.6177399464034916,
            0.014485725630827007,
            0.17665045813511104,
            -0.005825726516604631,
            0.584302267186872,
            0.9058061702690059,
            0.0342653544696538,
            0.1493053941829634,
            -0.022289444134334802,
            0.6848602514927513,
            1.0000000000000002,
            0.0,
            0.0,
            0.0,
            0.5879636858401054,
            0.9093392389400938,
            0.025321896869912864,
            -0.14917844815551343,
            -0.020825169750060376
        ],
        [
            -0.01394994601564837,
            -0.014485725630827007,
            0.054506157160387335,
            -0.026474256465538432,
            0.0008730901664614701,
            -0.12138629282292496,
            -0.03426535446965379,
            0.5225519980354911,
            -0.13960266676311595,
            0.020840947233343073,
            0.0,
            0.0,
            1.0000000000000004,
            0.0,
            0.0,
            -0.09107718285972959,
            -0.02532189686991285,
            0.5499361158210007,
            0.10409961229012164,
            0.014532207055789349
        ],
        [
            -0.17011673542816258,
            -0.17665045813511082,
            -0.026474256465538422,
            -0.266171032679954,
            0.010647155815961271,
            -0.5289199128054013,
            -0.14930539418296335,
            -0.13960266676311595,
            -0.05370404033948784,
            0.09081084640686836,
            0.0,
            0.0,
            0.0,
            1.0000000000000004,
            0.0,
            0.5365614144623566,
            0.14917844815551337,
            0.10409961229012164,
            -0.04567399899602957,
            -0.08561333726278288
        ],
        [
            0.005610251945930737,
            0.0058257265166046365,
            0.0008730901664614701,
            0.010647155815961276,
            0.056325973541676275,
            0.07896118497611818,
            0.022289444134334795,
            0.02084094723334307,
            0.09081084640686833,
            0.5410336583188972,
            0.0,
            0.0,
            0.0,
            0.0,
            1.0000000000000004,
            0.07490346411073137,
            0.02082516975006037,
            0.014532207055789345,
            -0.08561333726278283,
            0.5556546855996084
        ],
        [
            0.01901757166731399,
            0.14141545547976697,
            0.00013312135836772004,
            0.023663729228815055,
            0.00045859094930755795,
            0.20539274684784986,
            0.3809433427389403,
            0.007999887954132852,
            0.2611919955813443,
            -0.0014070945182641785,
            0.6353548173502634,
            0.5879636858401054,
            -0.09107718285972961,
            0.5365614144623574,
            0.07490346411073137,
            0.9999999999999999,
            0.6848602514927513,
            0.0,
            0.0,
            0.0
        ],
        [
            0.141415455479767,
            0.37331502423628576,
            0.000602131410570459,
            0.10703522586168945,
            0.0020742878420654995,
            0.3809433427389403,
            0.6936915761226873,
            0.0057698275044104335,
            0.1883817334289708,
            -0.0010148507953279015,
            0.5879636858401054,
            0.9093392389400938,
            -0.025321896869912857,
            0.14917844815551343,
            0.020825169750060376,
            0.6848602514927513,
            1.0000000000000002,
            0.0,
            0.0,
            0.0
        ],
        [
            -0.00013312135836772004,
            -0.000602131410570459,
            0.0028172756349206154,
            -0.000186108363571556,
            -3.6066847409844922e-06,
            -0.007999887954132853,
            -0.005769827504410434,
            0.1126497871197369,
            -0.015086028135766018,
            8.127150851222979e-05,
            0.0910771828597296,
            0.025321896869912847,
            0.5499361158210007,
            0.10409961229012164,
            0.014532207055789345,
            0.0,
            0.0,
            1.0000000000000004,
            0.0,
            0.0
        ],
        [
            -0.02366372922881504,
            -0.10703522586168937,
            -0.0001861083635715559,
            -0.030264407153797076,
            -0.0006411263539589263,
            -0.2611919955813443,
            -0.18838173342897074,
            -0.015086028135766013,
            -0.3794387750676185,
            0.0026534706003287336,
            -0.5365614144623566,
            -0.14917844815551337,
            0.10409961229012164,
            -0.04567399899602957,
            -0.08561333726278283,
            0.0,
            0.0,
            0.0,
            1.0000000000000004,
            0.0
        ],
        [
            -0.00045859094930755795,
            -0.0020742878420654995,
            -3.6066847409844922e-06,
            -0.0006411263539589265,
            0.00280589789548984,
            0.001407094518264179,
            0.0010148507953279013,
            8.127150851222976e-05,
            0.0026534706003287336,
            0.11309755295024261,
            -0.07490346411073137,
            -0.02082516975006037,
            0.014532207055789349,
            -0.08561333726278288,
            0.5556546855996084,
            0.0,
            0.0,
            0.0,
            0.0,
            1.0000000000000004
        ]
    ],
    "h": [
        [
            -0.22431238094610895,
            -0.44899746486442615,
            0.006035575995923256,
            -0.2557403945831316,
            -0.01295273329583527,
            -0.5369664156098517,
            -0.4336516153865806,
            -0.010589520930992781,
            0.04580213027624391,
            0.009413489305876405,
            -0.25785896210421727,
            -0.3076603877707703,
            0.04163731215583799,
            0.3228180929758322,
            -0.023239265092194112,
            -0.029600678879724035,
            -0.15816772267652138,
            0.0008022852586786404,
            0.10148295409922115,
            0.0014620054007084995
        ],
        [
            -0.44899746486442615,
            -0.3070919347461025,
            0.004284857618315013,
            -0.22960169478138184,
            -0.010732311435787508,
            -0.5314212689927544,
            -0.3645665321616822,
            -0.031842695212643234,
            0.08579228295189081,
            0.027803508091438032,
            -0.3630796250628998,
            -0.3148125355340663,
            0.05127896626264787,
            0.20063582361384263,
            -0.0332081484069099,
            -0.16824833613567577,
            -0.217442848435707,
            -0.010624348874469352,
            0.15637096004124834,
            0.010457328106052793
        ],
        [
            0.006035575995923256,
            0.004284857618315013,
            1.5064623192095248,
            0.005376008728214476,
            0.0005404942185837943,
            -0.0036846542915648615,
            0.002065402064701959,
            0.30714672709347596,
            0.0309872613252498,
            0.002438668912571564,
            -0.006407142975018983,
            0.0026531519349165464,
            -0.04647268313833097,
            -0.004105327764200806,
            -6.0873254276324956e-05,
            -0.0024239371936825072,
            -0.0003983392947966997,
            -0.008639111831119584,
            0.0014268244435950844,
            0.00016467419619222673
        ],
        [
            -0.2557403945831316,
            -0.22960169478138184,
            0.005376008728214476,
            1.2578619582449233,
            -0.012165980275662526,
            -0.09567512449458393,
            -0.21769965834166793,
            0.016896223412248258,
            -0.6999179399940727,
            -0.04531570245307018,
            -0.2583905721977524,
            -0.18454397425993535,
            0.04273536247571898,
            0.1650675274393646,
            -0.026886754973640063,
            -0.09386162409167167,
            -0.1309288125065223,
            -0.0019522451186079319,
            0.1343969265111442,
            0.0043886780049015115
        ],
        [
            -0.01295273329583527,
            -0.010732311435787508,
            0.0005404942185837943,
            -0.012165980275662526,
            1.5061240273791014,
            -0.00018671736018507912,
            -0.008580852126378387,
            0.001985907018398214,
            -0.05630635024496351,
            0.3056256837383692,
            -0.0030853918039768103,
            -0.00795229354975995,
            0.0014041154729205283,
            0.010018493433214138,
            -0.04721256384123251,
            -0.0006931456174564851,
            -0.0037249729706795628,
            8.878670948343446e-05,
            0.002725457873041801,
            -0.008458824124678802
        ],
        [
            -0.5369664156098517,
            -0.5314212689927544,
            -0.0036846542915648615,
            -0.09567512449458393,
            -0.00018671736018507912,
            -0.47775636408743427,
            -0.6209899596878593,
            -0.07019192257468126,
            -0.06640482034217193,
            0.053562077863995215,
            -0.62474863682845,
            -0.5612770209673412,
            0.02301104535967763,
            0.008904331758688544,
            -0.015881948695904424,
            -0.3728493899942262,
            -0.4153259047949539,
            -0.023217960890206463,
            0.32232720179784374,
            0.02225413490582779
        ],
        [
            -0.4336516153865806,
            -0.3645665321616822,
            0.002065402064701959,
            -0.21769965834166793,
            -0.008580852126378387,
            -0.6209899596878593,
            -0.4471412276985922,
            -0.05502215912745037,
            -0.059974285263514115,
            0.04202254811063849,
            -0.5825620584750961,
            -0.42947046848760984,
            0.07633320856920392,
            0.12099164510859889,
            -0.05278317869846154,
            -0.3846895677216099,
            -0.34479042315100583,
            -0.02891826019946309,
            0.2477570720814889,
            0.02507465107797628
        ],
        [
            -0.010589520930992781,
            -0.031842695212643234,
            0.30714672709347596,
            0.016896223412248258,
            0.001985907018398214,
            -0.07019192257468126,
            -0.05502215912745037,
            1.3755643358047227,
            -0.06012636010428865,
            0.009798158144717845,
            -0.01041980569235848,
            -0.05366261797439521,
            0.4608167109085921,
            -0.21145327971788186,
            0.02850544840409755,
            -0.04982794398111925,
            -0.04797460812396457,
            -0.04254643280576209,
            0.04959804043042093,
            0.005367096005384751
        ],
        [
            0.04580213027624391,
            0.08579228295189081,
            0.0309872613252498,
            -0.6999179399940727,
            -0.05630635024496351,
            -0.06640482034217193,
            -0.059974285263514115,
            -0.06012636010428865,
            0.7653053308509714,
            0.02871229659487091,
            -0.10545766126190514,
            -0.17897135781767382,
            -0.1851908950501508,
            -0.60615227247102,
            0.11473562650997782,
            -0.3942842488278407,
            -0.23367569620527806,
            -0.04942349493338287,
            0.02996120496052479,
            0.03676738519377695
        ],
        [
            0.009413489305876405,
            0.027803508091438032,
            0.002438668912571564,
            -0.04531570245307018,
            0.3056256837383692,
            0.053562077863995215,
            0.04202254811063849,
            0.009798158144717845,
            0.02871229659487091,
            1.3835015333827387,
            0.006450339423124146,
            0.037633485007923004,
            0.028784696056696438,
            0.13259441536528593,
            0.4864462524252513,
            0.0290361814562178,
            0.03138368978711224,
            0.003681692304137828,
            -0.03491926625559502,
            -0.0395223397965595
        ],
        [
            -0.25785896210421727,
            -0.3630796250628998,
            -0.006407142975018983,
            -0.2583905721977524,
            -0.0030853918039768103,
            -0.62474863682845,
            -0.5825620584750961,
            -0.01041980569235848,
            -0.10545766126190514,
            0.006450339423124146,
            -0.5911378316174765,
            -0.6572233724431702,
            0.11659207650590064,
            -0.04653044781548074,
            -0.08518347959070438,
            -0.6720917836295833,
            -0.6007436696195882,
            -0.0007208187660075471,
            0.11917676724935133,
            0.0024371995090506637
        ],
        [
            -0.3076603877707703,
            -0.3148125355340663,
            0.0026531519349165464,
            -0.18454397425993535,
            -0.00795229354975995,
            -0.5612770209673412,
            -0.42947046848760984,
            -0.05366261797439521,
            -0.17897135781767382,
            0.037633485007923004,
            -0.6572233724431702,
            -0.4432954838243939,
            0.08788017920431862,
            0.004129723829433177,
            -0.06336651835309326,
            -0.5069570760227695,
            -0.3818732512581753,
            -0.0339721606559404,
            0.28730734887126114,
            0.029343355962972207
        ],
        [
            0.04163731215583799,
            0.05127896626264787,
            -0.04647268313833097,
            0.04273536247571898,
            0.0014041154729205283,
            0.02301104535967763,
            0.07633320856920392,
            0.4608167109085921,
            -0.1851908950501508,
            0.028784696056696438,
            0.11659207650590064,
            0.08788017920431862,
            1.3306653507444357,
            -0.015329670421175914,
            0.016631632682919846,
            0.021177767730678976,
            0.06966893085853193,
            0.5086696249345517,
            0.12234630401047264,
            0.020701967929104493
        ],
        [
            0.3228180929758322,
            0.20063582361384263,
            -0.004105327764200806,
            0.1650675274393646,
            0.010018493433214138,
            0.008904331758688544,
            0.12099164510859889,
            -0.21145327971788186,
            -0.60615227247102,
            0.13259441536528593,
            -0.04653044781548074,
            0.004129723829433177,
            -0.015329670421175914,
            0.7094995034136975,
            -0.00019705183498549324,
            0.01796743254851174,
            -0.09310058780552677,
            0.15434616832349274,
            -0.4471264646974854,
            -0.12825366632771715
        ],
        [
            -0.023239265092194112,
            -0.0332081484069099,
            -6.0873254276324956e-05,
            -0.026886754973640063,
            -0.04721256384123251,
            -0.015881948695904424,
            -0.05278317869846154,
            0.02850544840409755,
            0.11473562650997782,
            0.4864462524252513,
            -0.08518347959070438,
            -0.06336651835309326,
            0.016631632682919846,
            -0.00019705183498549324,
            1.341999710090032,
            -0.015300582590174555,
            -0.052035843673831746,
            0.02121274195992314,
            -0.10496390517806631,
            0.5173187444136563
        ],
        [
            -0.029600678879724035,
            -0.16824833613567577,
            -0.0024239371936825072,
            -0.09386162409167167,
            -0.0006931456174564851,
            -0.3728493899942262,
            -0.3846895677216099,
            -0.04982794398111925,
            -0.3942842488278407,
            0.0290361814562178,
            -0.6720917836295833,
            -0.5069570760227695,
            0.021177767730678976,
            0.01796743254851174,
            -0.015300582590174555,
            -0.3624719996069976,
            -0.5078686917513067,
            -0.05323370750211714,
            0.35509063158719834,
            0.04435657058552851
        ],
        [
            -0.15816772267652138,
            -0.217442848435707,
            -0.0003983392947966997,
            -0.1309288125065223,
            -0.0037249729706795628,
            -0.4153259047949539,
            -0.34479042315100583,
            -0.04797460812396457,
            -0.23367569620527806,
            0.03138368978711224,
            -0.6007436696195882,
            -0.3818732512581753,
            0.06966893085853193,
            -0.09310058780552677,
            -0.052035843673831746,
            -0.5078686917513067,
            -0.33043590959820923,
            -0.0384218257991993,
            0.2844554004419256,
            0.03248741348805961
        ],
        [
            0.0008022852586786404,
            -0.010624348874469352,
            -0.008639111831119584,
            -0.0019522451186079319,
            8.878670948343446e-05,
            -0.023217960890206463,
            -0.02891826019946309,
            -0.04254643280576209,
            -0.04942349493338287,
            0.003681692304137828,
            -0.0007208187660075471,
            -0.0339721606559404,
            0.5086696249345517,
            0.15434616832349274,
            0.02121274195992314,
            -0.05323370750211714,
            -0.0384218257991993,
            1.434744126373054,
            0.048409010264067964,
            0.00699396927150036
        ],
        [
            0.10148295409922115,
            0.15637096004124834,
            0.0014268244435950844,
            0.1343969265111442,
            0.002725457873041801,
            0.32232720179784374,
            0.2477570720814889,
            0.04959804043042093,
            0.02996120496052479,
            -0.03491926625559502,
            0.11917676724935133,
            0.28730734887126114,
            0.12234630401047264,
            -0.4471264646974854,
            -0.10496390517806631,
            0.35509063158719834,
            0.2844554004419256,
            0.048409010264067964,
            1.0948576403226378,
            -0.04083699100817499
        ],
        [
            0.0014620054007084995,
            0.010457328106052793,
            0.00016467419619222673,
            0.0043886780049015115,
            -0.008458824124678802,
            0.02225413490582779,
            0.02507465107797628,
            0.005367096005384751,
            0.03676738519377695,
            -0.0395223397965595,
            0.0024371995090506637,
            0.029343355962972207,
            0.020701967929104493,
            -0.12825366632771715,
            0.5173187444136563,
            0.04435657058552851,
            0.03248741348805961,
            0.00699396927150036,
            -0.04083699100817499,
            1.4375497632352685
        ]
    ]
}