{
    "HF": -2.125175175941449,
    "coordinates": [
        [
            0.766173,
            -0.031007,
            0.025774
        ],
        [
            1.599623,
            -0.029846,
            0.007196
        ],
        [
            2.286142,
            -0.097452,
            0.114854
        ],
        [
            3.005602,
            -0.103371,
            -0.021685
        ]
    ],
    "elements": [
        "H",
        "H",
        "H",
        "H"
    ],
    "Enn": 3.07442184324615,
    "S": [
        [
            0.9999999999999999,
            0.6848602514927513,
            0.0,
            0.0,
            0.0,
            0.496578427289462,
            0.5371347993585892,
            0.011317181503389603,
            -0.5077136895252484,
            -0.0007072476975689159,
            0.118018869134583,
            0.3043221851795707,
            -0.009111590278802777,
            -0.1554707539793621,
            0.006796358510047715,
            0.012681193109795057,
            0.11887881491925342,
            0.00032203063202443334,
            -0.015195531642972772,
            0.0004910222435326512
        ],
        [
            0.6848602514927513,
            1.0000000000000002,
            0.0,
            0.0,
            0.0,
            0.5371347993585892,
            0.8595106087792108,
            0.003900764945765038,
            -0.1749969073122978,
            -0.0002437715632486374,
            0.3043221851795707,
            0.6029291096724677,
            -0.010190978068117232,
            -0.17388831099256935,
            0.007601476624787263,
            0.11887881491925338,
            0.33484657264027573,
            0.0019829898542763394,
            -0.09357055535034896,
            0.0030236009569281513
        ],
        [
            0.0,
            0.0,
            1.0000000000000004,
            0.0,
            0.0,
            -0.011317181503389603,
            -0.0039007649457650367,
            0.40533373260509,
            0.01630845142704521,
            2.2717754042593427e-05,
            0.009111590278802774,
            0.010190978068117225,
            0.0480355272375742,
            -0.017240508819726535,
            0.0007536637974371383,
            -0.00032203063202443334,
            -0.001982989854276339,
            0.0014655535538763403,
            0.00040675856302407805,
            -1.3143831152795817e-05
        ],
        [
            0.0,
            0.0,
            0.0,
            1.0000000000000004,
            0.0,
            0.5077136895252483,
            0.17499690731229797,
            0.01630845142704521,
            -0.32593579629311087,
            -0.0010191684845946545,
            0.155470753979362,
            0.17388831099256924,
            -0.017240508819726524,
            -0.24512828122968935,
            0.01285973965566602,
            0.015195531642972765,
            0.09357055535034889,
            0.0004067585630240779,
            -0.017719381134018428,
            0.0006202127447833788
        ],
        [
            0.0,
            0.0,
            0.0,
            0.0,
            1.0000000000000004,
            0.0007072476975689159,
            0.0002437715632486374,
            2.271775404259342e-05,
            -0.001019168484594654,
            0.40569583609780213,
            -0.006796358510047711,
            -0.0076014766247872595,
            0.0007536637974371379,
            0.012859739655666022,
            0.04848377264536903,
            -0.0004910222435326513,
            -0.003023600956928149,
            -1.3143831152795817e-05,
            0.000620212744783379,
            0.00145413246375875
        ],
        [
            0.496578427289462,
            0.5371347993585892,
            -0.011317181503389603,
            0.5077136895252483,
            0.0007072476975689159,
            0.9999999999999999,
            0.6848602514927513,
            0.0,
            0.0,
            0.0,
            0.6046060322859899,
            0.5775369278147519,
            -0.08411875541539479,
            -0.536412750088441,
            0.0528240593231639,
            0.15783400578841184,
            0.34259396247642837,
            0.004213581507683703,
            -0.20512472264089276,
            0.010726899357793857
        ],
        [
            0.5371347993585892,
            0.8595106087792108,
            -0.0039007649457650367,
            0.17499690731229797,
            0.0002437715632486374,
            0.6848602514927513,
            1.0000000000000002,
            0.0,
            0.0,
            0.0,
            0.5775369278147519,
            0.8992557332585149,
            -0.024424119083180443,
            -0.1557489625375353,
            0.015337615362885214,
            0.34259396247642837,
            0.6492285840072585,
            0.0037503878698471396,
            -0.18257562365776175,
            0.009547705000883314
        ],
        [
            0.011317181503389603,
            0.003900764945765038,
            0.40533373260509,
            0.016308451427045213,
            2.2717754042593427e-05,
            0.0,
            0.0,
            1.0000000000000004,
            0.0,
            0.0,
            0.08411875541539478,
            0.024424119083180436,
            0.5151345531825865,
            -0.10191082984749869,
            0.010035823571772953,
            -0.0042135815076837025,
            -0.003750387869847139,
            0.07605590454654658,
            0.008035217230397641,
            -0.0004201978456754949
        ],
        [
            -0.5077136895252485,
            -0.1749969073122978,
            0.016308451427045203,
            -0.32593579629311104,
            -0.001019168484594654,
            0.0,
            0.0,
            0.0,
            1.0000000000000004,
            0.0,
            0.536412750088441,
            0.15574896253753492,
            -0.10191082984749865,
            -0.11875422754796855,
            0.06399694925291192,
            0.20512472264089276,
            0.18257562365776153,
            0.008035217230397643,
            -0.3149478594279796,
            0.02045598652626248
        ],
        [
            -0.0007072476975689159,
            -0.0002437715632486374,
            2.271775404259342e-05,
            -0.0010191684845946545,
            0.40569583609780213,
            0.0,
            0.0,
            0.0,
            0.0,
            1.0000000000000004,
            -0.05282405932316389,
            -0.015337615362885205,
            0.010035823571772955,
            0.06399694925291195,
            0.5248137293867843,
            -0.010726899357793855,
            -0.009547705000883309,
            -0.000420197845675495,
            0.02045598652626248,
            0.07515122439093094
        ],
        [
            0.118018869134583,
            0.3043221851795707,
            0.009111590278802777,
            0.15547075397936214,
            -0.006796358510047714,
            0.6046060322859899,
            0.5775369278147519,
            0.08411875541539479,
            0.536412750088441,
            -0.05282405932316389,
            0.9999999999999999,
            0.6848602514927513,
            0.0,
            0.0,
            0.0,
            0.5769095589551858,
            0.5677634190324609,
            0.10055333002547548,
            -0.5298420145169409,
            0.0043590121534564635
        ],
        [
            0.3043221851795707,
            0.6029291096724677,
            0.010190978068117232,
            0.17388831099256946,
            -0.0076014766247872664,
            0.5775369278147519,
            0.8992557332585149,
            0.02442411908318044,
            0.1557489625375353,
            -0.015337615362885207,
            0.6848602514927513,
            1.0000000000000002,
            0.0,
            0.0,
            0.0,
            0.5677634190324609,
            0.8897408645223209,
            0.030417088729373435,
            -0.16027566231798251,
            0.0013185884486422326
        ],
        [
            -0.00911159027880277,
            -0.01019097806811722,
            0.0480355272375742,
            -0.017240508819726535,
            0.0007536637974371383,
            -0.08411875541539479,
            -0.024424119083180443,
            0.5151345531825865,
            -0.10191082984749869,
            0.010035823571772953,
            0.0,
            0.0,
            1.0000000000000004,
            0.0,
            0.0,
            -0.10055333002547545,
            -0.030417088729373414,
            0.474367591614916,
            0.12713235869996428,
            -0.0010459183709241497
        ],
        [
            -0.15547075397936205,
            -0.17388831099256932,
            -0.017240508819726528,
            -0.24512828122968927,
            0.012859739655666022,
            -0.536412750088441,
            -0.15574896253753528,
            -0.10191082984749865,
            -0.11875422754796855,
            0.06399694925291192,
            0.0,
            0.0,
            0.0,
            1.0000000000000004,
            0.0,
            0.5298420145169409,
            0.16027566231798246,
            0.12713235869996434,
            -0.1713991765498471,
            0.005511219733153818
        ],
        [
            0.00679635851004771,
            0.007601476624787262,
            0.0007536637974371379,
            0.01285973965566602,
            0.04848377264536903,
            0.0528240593231639,
            0.01533761536288521,
            0.010035823571772955,
            0.06399694925291195,
            0.5248137293867843,
            0.0,
            0.0,
            0.0,
            0.0,
            1.0000000000000004,
            -0.0043590121534564635,
            -0.0013185884486422322,
            -0.0010459183709241556,
            0.005511219733153846,
            0.49844940883190364
        ],
        [
            0.012681193109795057,
            0.11887881491925342,
            -0.00032203063202443334,
            0.015195531642972774,
            -0.0004910222435326513,
            0.15783400578841184,
            0.34259396247642837,
            -0.004213581507683703,
            0.20512472264089276,
            -0.010726899357793855,
            0.5769095589551858,
            0.5677634190324609,
            -0.10055333002547548,
            0.5298420145169409,
            -0.0043590121534564635,
            0.9999999999999999,
            0.6848602514927513,
            0.0,
            0.0,
            0.0
        ],
        [
            0.11887881491925338,
            0.33484657264027573,
            -0.0019829898542763394,
            0.09357055535034899,
            -0.0030236009569281526,
            0.34259396247642837,
            0.6492285840072585,
            -0.0037503878698471405,
            0.18257562365776153,
            -0.00954770500088331,
            0.5677634190324609,
            0.8897408645223209,
            -0.030417088729373445,
            0.16027566231798251,
            -0.0013185884486422326,
            0.6848602514927513,
            1.0000000000000002,
            0.0,
            0.0,
            0.0
        ],
        [
            0.00032203063202443334,
            0.001982989854276339,
            0.0014655535538763403,
            0.00040675856302407805,
            -1.3143831152795817e-05,
            0.0042135815076837025,
            0.003750387869847139,
            0.07605590454654658,
            0.008035217230397641,
            -0.0004201978456754949,
            0.10055333002547545,
            0.030417088729373414,
            0.474367591614916,
            0.12713235869996428,
            -0.001045918370924155,
            0.0,
            0.0,
            1.0000000000000004,
            0.0,
            0.0
        ],
        [
            -0.015195531642972764,
            -0.09357055535034892,
            0.0004067585630240779,
            -0.017719381134018428,
            0.0006202127447833788,
            -0.20512472264089276,
            -0.18257562365776173,
            0.008035217230397643,
            -0.3149478594279796,
            0.02045598652626248,
            -0.5298420145169409,
            -0.16027566231798246,
            0.12713235869996434,
            -0.1713991765498471,
            0.005511219733153846,
            0.0,
            0.0,
            0.0,
            1.0000000000000004,
            0.0
        ],
        [
            0.0004910222435326512,
            0.0030236009569281504,
            -1.3143831152795817e-05,
            0.000620212744783379,
            0.00145413246375875,
            0.010726899357793857,
            0.009547705000883313,
            -0.000420197845675495,
            0.02045598652626248,
            0.07515122439093094,
            0.0043590121534564635,
            0.0013185884486422322,
            -0.0010459183709241504,
            0.005511219733153818,
            0.49844940883190364,
            0.0,
            0.0,
            0.0,
            0.0,
            1.0000000000000004
        ]
    ],
    "h": [
        [
            -0.2253113081790159,
            -0.4483268059807082,
            0.0038468482841002034,
            -0.2538695191095401,
            0.0003148262292012498,
            -0.5375169399188419,
            -0.4346431270696921,
            -0.008152160170523084,
            0.04322883429228719,
            0.002655825077318952,
            -0.24628829047671966,
            -0.30159316310254963,
            0.026615428691508344,
            0.3158913003804207,
            -0.020801758195619035,
            -0.011821252544801202,
            -0.13582676063014826,
            -0.0019872352039633765,
            0.07415822721124915,
            -0.0030414727067846745
        ],
        [
            -0.4483268059807082,
            -0.30599724177895604,
            0.0027133548307639675,
            -0.2275925809835962,
            0.0006927611293664512,
            -0.5266776390494888,
            -0.36248046875900974,
            -0.021636186498847687,
            0.09054042978109297,
            0.010753192771816168,
            -0.3462192503461272,
            -0.30881461363420304,
            0.03612892279822459,
            0.20203075482725752,
            -0.019577905311612055,
            -0.14012772613214788,
            -0.19824529323942863,
            -0.013899672010797332,
            0.13156671817188642,
            -0.003575800855748053
        ],
        [
            0.0038468482841002034,
            0.0027133548307639675,
            1.4987421343523228,
            0.0035824801378411286,
            7.670310390857212e-05,
            -0.0025084416214263133,
            0.0012818215462367093,
            0.30650263124705707,
            0.020952983393533835,
            0.00024200246077990228,
            -0.004769132610886018,
            0.0015550464256655627,
            -0.04601867533977963,
            -0.00039541157008238237,
            -3.129785774178971e-05,
            -0.0007826035182177051,
            -8.087489418926678e-05,
            -0.004949948700953586,
            -0.00061097614408237,
            4.036529421914191e-05
        ],
        [
            -0.2538695191095401,
            -0.2275925809835962,
            0.0035824801378411286,
            1.2512350049803171,
            0.0005956472759068396,
            -0.09301958292188961,
            -0.2160716704879206,
            0.011498617311032286,
            -0.6989542471289966,
            0.004480516375089479,
            -0.24914140014203393,
            -0.1812645381666318,
            0.030353880448633807,
            0.1913690035950864,
            -0.01929165434916075,
            -0.07032286350590317,
            -0.11885298948807149,
            -0.0050183681595631115,
            0.09840816950576955,
            -0.003432643575336825
        ],
        [
            0.0003148262292012498,
            0.0006927611293664512,
            7.670310390857212e-05,
            0.0005956472759068396,
            1.4989193951943125,
            0.002163727955191731,
            0.0014371545336741031,
            0.00032807969182902994,
            -0.0002602133551726606,
            0.3071293256859688,
            0.005542301996539415,
            0.0010554188889049278,
            -0.00041731233600602875,
            -0.0021266676632838016,
            -0.04594368790884558,
            0.0023513903680371035,
            0.0018815303576714178,
            0.00016855758203971965,
            -0.002817618383543042,
            -0.004785103303318439
        ],
        [
            -0.5375169399188419,
            -0.5266776390494888,
            -0.0025084416214263133,
            -0.09301958292188961,
            0.002163727955191731,
            -0.46072294803820113,
            -0.6114422013485598,
            -0.046344237741472324,
            -0.043260410347318035,
            0.02686662709662821,
            -0.589589579944023,
            -0.5440676719705299,
            0.018182094824816614,
            0.023544198390892612,
            -0.004312205902923957,
            -0.30909778835765245,
            -0.3768538905448128,
            -0.029714151099982843,
            0.28845646794647695,
            -0.008802799947928527
        ],
        [
            -0.4346431270696921,
            -0.36248046875900974,
            0.0012818215462367093,
            -0.2160716704879206,
            0.0014371545336741031,
            -0.6114422013485598,
            -0.44305644078228745,
            -0.03628021871078093,
            -0.0444991167548521,
            0.02215833408547762,
            -0.556864968021271,
            -0.42312751020918404,
            0.059411851118096035,
            0.1307546566398961,
            -0.02180845811386671,
            -0.34528173418197755,
            -0.3274182241251149,
            -0.033199183549433645,
            0.21635165393723044,
            -0.003870323396938234
        ],
        [
            -0.008152160170523084,
            -0.021636186498847687,
            0.30650263124705707,
            0.011498617311032286,
            0.00032807969182902994,
            -0.046344237741472324,
            -0.03628021871078093,
            1.3895131592006693,
            -0.03807978779919984,
            0.0042495349247047755,
            -0.00263646979149032,
            -0.034000475496931665,
            0.45223923883732176,
            -0.14859457102922646,
            0.014389248635324977,
            -0.02315199817796681,
            -0.028897586657926508,
            -0.0507563512433353,
            0.03225502074019089,
            -0.000821062811723584
        ],
        [
            0.04322883429228719,
            0.09054042978109297,
            0.020952983393533835,
            -0.6989542471289966,
            -0.0002602133551726606,
            -0.043260410347318035,
            -0.0444991167548521,
            -0.03807978779919984,
            0.8005552910180667,
            0.031012624959522728,
            -0.07281972291321148,
            -0.16325418341503245,
            -0.12984307117311886,
            -0.6574201441651468,
            0.09739543043326168,
            -0.3582583540223026,
            -0.21974778511152673,
            -0.04153871862319519,
            0.13096333031843843,
            0.0003569777294074525
        ],
        [
            0.002655825077318952,
            0.010753192771816168,
            0.00024200246077990228,
            0.004480516375089479,
            0.3071293256859688,
            0.02686662709662821,
            0.02215833408547762,
            0.0042495349247047755,
            0.031012624959522728,
            1.3934527011490379,
            0.0069946490973383235,
            0.02382543812361789,
            0.013016815368769849,
            0.09875919116752149,
            0.4653228556660093,
            0.02541913593606,
            0.021661687127015168,
            0.0033749150352451298,
            -0.018877266364907566,
            -0.04653659332855306
        ],
        [
            -0.24628829047671966,
            -0.3462192503461272,
            -0.004769132610886018,
            -0.24914140014203393,
            0.005542301996539415,
            -0.589589579944023,
            -0.556864968021271,
            -0.00263646979149032,
            -0.07281972291321148,
            0.0069946490973383235,
            -0.5244216239802537,
            -0.6335793332492382,
            0.09535140216493113,
            -0.018766862109629356,
            -0.023840298318304178,
            -0.6130294669101112,
            -0.5678694320828805,
            -0.007459791642526137,
            0.10171371483809288,
            -0.004124835785016564
        ],
        [
            -0.30159316310254963,
            -0.30881461363420304,
            0.0015550464256655627,
            -0.1812645381666318,
            0.0010554188889049278,
            -0.5440676719705299,
            -0.42312751020918404,
            -0.034000475496931665,
            -0.16325418341503245,
            0.02382543812361789,
            -0.6335793332492382,
            -0.4416907822902989,
            0.07430242039712123,
            0.012001619482437373,
            -0.019621774093551182,
            -0.4764636450078642,
            -0.3738460553919576,
            -0.03959667426835882,
            0.2563347349133424,
            -0.00462699283136607
        ],
        [
            0.026615428691508344,
            0.03612892279822459,
            -0.04601867533977963,
            0.030353880448633807,
            -0.00041731233600602875,
            0.018182094824816614,
            0.059411851118096035,
            0.45223923883732176,
            -0.12984307117311886,
            0.013016815368769849,
            0.09535140216493113,
            0.07430242039712123,
            1.3591188200109647,
            0.007537050016002929,
            0.003905078389180099,
            0.015598645149671186,
            0.06008519867777462,
            0.4010819359320771,
            0.16194541945590885,
            -0.0006664213475714208
        ],
        [
            0.3158913003804207,
            0.20203075482725752,
            -0.00039541157008238237,
            0.1913690035950864,
            -0.0021266676632838016,
            0.023544198390892612,
            0.1307546566398961,
            -0.14859457102922646,
            -0.6574201441651468,
            0.09875919116752149,
            -0.018766862109629356,
            0.012001619482437373,
            0.007537050016002929,
            0.7619100324481061,
            0.03214496048207244,
            -0.0064600178556428745,
            -0.09624003263659026,
            0.18331932911678145,
            -0.5705771269190484,
            0.00996427212569884
        ],
        [
            -0.020801758195619035,
            -0.019577905311612055,
            -3.129785774178971e-05,
            -0.01929165434916075,
            -0.04594368790884558,
            -0.004312205902923957,
            -0.02180845811386671,
            0.014389248635324977,
            0.09739543043326168,
            0.4653228556660093,
            -0.023840298318304178,
            -0.019621774093551182,
            0.003905078389180099,
            0.03214496048207244,
            1.3730228889698584,
            -0.004455507358857043,
            -0.010332706288514711,
            -0.001974752348345531,
            0.015891643534601874,
            0.4338908468653082
        ],
        [
            -0.011821252544801202,
            -0.14012772613214788,
            -0.0007826035182177051,
            -0.07032286350590317,
            0.0023513903680371035,
            -0.30909778835765245,
            -0.34528173418197755,
            -0.02315199817796681,
            -0.3582583540223026,
            0.02541913593606,
            -0.6130294669101112,
            -0.4764636450078642,
            0.015598645149671186,
            -0.0064600178556428745,
            -0.004455507358857043,
            -0.29959929193548995,
            -0.48130835906828795,
            -0.055112272306583304,
            0.3086731355887858,
            -0.0037136388502273087
        ],
        [
            -0.13582676063014826,
            -0.19824529323942863,
            -8.087489418926678e-05,
            -0.11885298948807149,
            0.0018815303576714178,
            -0.3768538905448128,
            -0.3274182241251149,
            -0.028897586657926508,
            -0.21974778511152673,
            0.021661687127015168,
            -0.5678694320828805,
            -0.3738460553919576,
            0.06008519867777462,
            -0.09624003263659026,
            -0.010332706288514711,
            -0.48130835906828795,
            -0.32014325062632554,
            -0.04369134134599431,
            0.25897200306123924,
            -0.003769336781032861
        ],
        [
            -0.0019872352039633765,
            -0.013899672010797332,
            -0.004949948700953586,
            -0.0050183681595631115,
            0.00016855758203971965,
            -0.029714151099982843,
            -0.033199183549433645,
            -0.0507563512433353,
            -0.04153871862319519,
            0.0033749150352451298,
            -0.007459791642526137,
            -0.03959667426835882,
            0.4010819359320771,
            0.18331932911678145,
            -0.001974752348345531,
            -0.055112272306583304,
            -0.04369134134599431,
            1.45469681938067,
            0.051951414840035584,
            -0.0004610506235385412
        ],
        [
            0.07415822721124915,
            0.13156671817188642,
            -0.00061097614408237,
            0.09840816950576955,
            -0.002817618383543042,
            0.28845646794647695,
            0.21635165393723044,
            0.03225502074019089,
            0.13096333031843843,
            -0.018877266364907566,
            0.10171371483809288,
            0.2563347349133424,
            0.16194541945590885,
            -0.5705771269190484,
            0.015891643534601874,
            0.3086731355887858,
            0.25897200306123924,
            0.051951414840035584,
            1.1604973930539353,
            0.004093320127224573
        ],
        [
            -0.0030414727067846745,
            -0.003575800855748053,
            4.036529421914191e-05,
            -0.003432643575336825,
            -0.004785103303318439,
            -0.008802799947928527,
            -0.003870323396938234,
            -0.000821062811723584,
            0.0003569777294074525,
            -0.04653659332855306,
            -0.004124835785016564,
            -0.00462699283136607,
            -0.0006664213475714208,
            0.00996427212569884,
            0.4338908468653082,
            -0.0037136388502273087,
            -0.003769336781032861,
            -0.0004610506235385412,
            0.004093320127224573,
            1.4643507956428623
        ]
    ]
}