{
    "HF": -2.1526943353122197,
    "coordinates": [
        [
            0.729871,
            0.002148,
            -0.134506
        ],
        [
            1.554809,
            -0.192024,
            -0.01764
        ],
        [
            2.304744,
            -0.022009,
            0.023757
        ],
        [
            3.129766,
            -0.169141,
            0.124882
        ]
    ],
    "elements": [
        "H",
        "H",
        "H",
        "H"
    ],
    "Enn": 2.8201857506184544,
    "S": [
        [
            0.9999999999999999,
            0.6848602514927513,
            0.0,
            0.0,
            0.0,
            0.4797821309863748,
            0.5302539724404296,
            -0.06815626941008371,
            -0.4811039701420058,
            0.11324114065592025,
            0.10102388474002465,
            0.28549120255283145,
            -0.013396542196057763,
            -0.13330881253313842,
            0.0020448258268209716,
            0.006472578834737744,
            0.08898292748249374,
            -0.0007721439741744184,
            -0.007143986857145727,
            0.0005098916264143366
        ],
        [
            0.6848602514927513,
            1.0000000000000002,
            0.0,
            0.0,
            0.0,
            0.5302539724404296,
            0.8526298808422698,
            -0.0242025335596445,
            -0.1708417300979415,
            0.0402123316135,
            0.28549120255283145,
            0.5793416172095335,
            -0.01690958813653908,
            -0.16826708578351054,
            0.002581051291927835,
            0.08898292748249374,
            0.27924459071682156,
            -0.007941344700062965,
            -0.07347446080372878,
            0.005244132312709477
        ],
        [
            0.0,
            0.0,
            1.0000000000000004,
            0.0,
            0.0,
            0.06815626941008371,
            0.024202533559644492,
            0.3730115918436305,
            -0.09679270082969736,
            0.02278284223239079,
            0.013396542196057761,
            0.01690958813653908,
            0.03615125820881338,
            -0.02501964999429505,
            0.0003837767775002719,
            0.0007721439741744184,
            0.007941344700062967,
            0.0004123242836434525,
            -0.0008073994015994328,
            5.76269528877577e-05
        ],
        [
            0.0,
            0.0,
            0.0,
            1.0000000000000004,
            0.0,
            0.4811039701420057,
            0.17084173009794132,
            -0.09679270082969738,
            -0.2965199951011902,
            0.16082036097328561,
            0.13330881253313837,
            0.16826708578351052,
            -0.025019649994295057,
            -0.21030465647290403,
            0.003818957589027035,
            0.007143986857145726,
            0.07347446080372881,
            -0.000807399401599433,
            -0.006970584647884559,
            0.0005331728379900585
        ],
        [
            0.0,
            0.0,
            0.0,
            0.0,
            1.0000000000000004,
            -0.11324114065592025,
            -0.04021233161349999,
            0.022782842232390806,
            0.16082036097328567,
            0.3488703407971986,
            -0.002044825826820971,
            -0.0025810512919278335,
            0.0003837767775002719,
            0.003818957589027034,
            0.03860696753176767,
            -0.0005098916264143366,
            -0.005244132312709477,
            5.7626952887757706e-05,
            0.0005331728379900584,
            0.0004615360507147597
        ],
        [
            0.4797821309863748,
            0.5302539724404296,
            0.06815626941008371,
            0.4811039701420058,
            -0.11324114065592025,
            0.9999999999999999,
            0.6848602514927513,
            0.0,
            0.0,
            0.0,
            0.5465855357119704,
            0.5566191309320963,
            -0.0284747060495675,
            -0.5158387970452545,
            -0.1169439125786221,
            0.10141200943972156,
            0.2859424323534949,
            -0.012120502052297795,
            -0.13393910800284012,
            -0.0019460395480187633
        ],
        [
            0.5302539724404296,
            0.8526298808422698,
            0.024202533559644496,
            0.17084173009794135,
            -0.04021233161349999,
            0.6848602514927513,
            1.0000000000000002,
            0.0,
            0.0,
            0.0,
            0.5566191309320963,
            0.8788150866147434,
            -0.009029005352324669,
            -0.1635666142207311,
            -0.03708158429295548,
            0.2859424323534949,
            0.5799135892344931,
            -0.015253499582949494,
            -0.16856068496557278,
            -0.0024490663262979324
        ],
        [
            -0.06815626941008371,
            -0.024202533559644485,
            0.3730115918436305,
            -0.09679270082969736,
            0.02278284223239079,
            0.0,
            0.0,
            1.0000000000000004,
            0.0,
            0.0,
            0.02847470604956748,
            0.009029005352324664,
            0.46104974399324994,
            -0.037325784374151384,
            -0.0084619910130496,
            0.012120502052297795,
            0.015253499582949494,
            0.0368425429227193,
            -0.0226652594473832,
            -0.00032931002683531655
        ],
        [
            -0.4811039701420058,
            -0.17084173009794115,
            -0.09679270082969738,
            -0.2965199951011902,
            0.16082036097328561,
            0.0,
            0.0,
            0.0,
            1.0000000000000004,
            0.0,
            0.5158387970452544,
            0.16356661422073074,
            -0.03732578437415142,
            -0.2130719847731334,
            -0.15329476122355132,
            0.13393910800284006,
            0.16856068496557294,
            -0.022665259447383193,
            -0.21157167280732755,
            -0.0036390812080553843
        ],
        [
            0.11324114065592025,
            0.04021233161349999,
            0.022782842232390806,
            0.16082036097328567,
            0.3488703407971986,
            0.0,
            0.0,
            0.0,
            0.0,
            1.0000000000000004,
            0.11694391257862202,
            0.037081584292955466,
            -0.008461991013049598,
            -0.15329476122355118,
            0.42835726620026077,
            0.0019460395480187633,
            0.002449066326297932,
            -0.00032931002683531655,
            -0.0036390812080553856,
            0.03884070859433829
        ],
        [
            0.10102388474002465,
            0.28549120255283145,
            0.013396542196057761,
            0.13330881253313837,
            -0.0020448258268209716,
            0.5465855357119704,
            0.5566191309320963,
            0.0284747060495675,
            0.5158387970452545,
            0.1169439125786221,
            0.9999999999999999,
            0.6848602514927513,
            0.0,
            0.0,
            0.0,
            0.48850798475701973,
            0.5338509041556205,
            -0.06033747447920961,
            -0.4922595191079009,
            0.08778811663856684
        ],
        [
            0.28549120255283145,
            0.5793416172095335,
            0.016909588136539085,
            0.16826708578351054,
            -0.002581051291927835,
            0.5566191309320963,
            0.8788150866147434,
            0.009029005352324669,
            0.16356661422073074,
            0.037081584292955466,
            0.6848602514927513,
            1.0000000000000002,
            0.0,
            0.0,
            0.0,
            0.5338509041556205,
            0.8562309699684207,
            -0.021094338294551786,
            -0.1720968422096191,
            0.030691245309804667
        ],
        [
            -0.013396542196057761,
            -0.016909588136539085,
            0.03615125820881338,
            -0.025019649994295057,
            0.0003837767775002719,
            -0.02847470604956748,
            -0.009029005352324664,
            0.46104974399324994,
            -0.03732578437415141,
            -0.0084619910130496,
            0.0,
            0.0,
            1.0000000000000004,
            0.0,
            0.0,
            0.06033747447920963,
            0.021094338294551793,
            0.3860311293172015,
            -0.08589432465539312,
            0.015318141546767599
        ],
        [
            -0.13330881253313837,
            -0.16826708578351052,
            -0.02501964999429505,
            -0.21030465647290397,
            0.003818957589027034,
            -0.5158387970452544,
            -0.1635666142207311,
            -0.0373257843741514,
            -0.2130719847731334,
            -0.15329476122355123,
            0.0,
            0.0,
            0.0,
            1.0000000000000004,
            0.0,
            0.4922595191079009,
            0.17209684220961904,
            -0.08589432465539297,
            -0.30420407546244393,
            0.12497210160887301
        ],
        [
            0.002044825826820971,
            0.0025810512919278343,
            0.0003837767775002719,
            0.003818957589027035,
            0.03860696753176767,
            -0.11694391257862202,
            -0.03708158429295548,
            -0.008461991013049598,
            -0.1532947612235513,
            0.42835726620026077,
            0.0,
            0.0,
            0.0,
            0.0,
            1.0000000000000004,
            -0.08778811663856682,
            -0.030691245309804632,
            0.015318141546767581,
            0.1249721016088731,
            0.3742722529804007
        ],
        [
            0.006472578834737744,
            0.08898292748249374,
            0.0007721439741744184,
            0.007143986857145726,
            -0.0005098916264143367,
            0.10141200943972156,
            0.2859424323534949,
            0.012120502052297795,
            0.13393910800284006,
            0.0019460395480187633,
            0.48850798475701973,
            0.5338509041556205,
            0.06033747447920962,
            0.4922595191079009,
            -0.08778811663856684,
            0.9999999999999999,
            0.6848602514927513,
            0.0,
            0.0,
            0.0
        ],
        [
            0.08898292748249374,
            0.27924459071682156,
            0.007941344700062965,
            0.07347446080372884,
            -0.005244132312709475,
            0.2859424323534949,
            0.5799135892344931,
            0.015253499582949491,
            0.16856068496557294,
            0.0024490663262979324,
            0.5338509041556205,
            0.8562309699684207,
            0.021094338294551797,
            0.1720968422096191,
            -0.03069124530980466,
            0.6848602514927513,
            1.0000000000000002,
            0.0,
            0.0,
            0.0
        ],
        [
            -0.0007721439741744184,
            -0.007941344700062967,
            0.0004123242836434525,
            -0.0008073994015994328,
            5.76269528877577e-05,
            -0.012120502052297795,
            -0.015253499582949493,
            0.0368425429227193,
            -0.022665259447383193,
            -0.00032931002683531655,
            -0.06033747447920963,
            -0.021094338294551804,
            0.3860311293172015,
            -0.08589432465539301,
            0.015318141546767595,
            0.0,
            0.0,
            1.0000000000000004,
            0.0,
            0.0
        ],
        [
            -0.007143986857145727,
            -0.07347446080372887,
            -0.000807399401599433,
            -0.006970584647884559,
            0.0005331728379900585,
            -0.13393910800284003,
            -0.16856068496557275,
            -0.0226652594473832,
            -0.2115716728073275,
            -0.0036390812080553856,
            -0.4922595191079009,
            -0.17209684220961904,
            -0.08589432465539308,
            -0.30420407546244405,
            0.12497210160887315,
            0.0,
            0.0,
            0.0,
            1.0000000000000004,
            0.0
        ],
        [
            0.0005098916264143366,
            0.005244132312709475,
            5.7626952887757706e-05,
            0.0005331728379900584,
            0.0004615360507147597,
            -0.0019460395480187633,
            -0.002449066326297932,
            -0.00032931002683531655,
            -0.0036390812080553843,
            0.03884070859433829,
            0.08778811663856682,
            0.030691245309804615,
            0.015318141546767585,
            0.12497210160887295,
            0.3742722529804007,
            0.0,
            0.0,
            0.0,
            0.0,
            1.0000000000000004
        ]
    ],
    "h": [
        [
            -0.21827366056835018,
            -0.4450235433750047,
            -0.03255528483140786,
            -0.23358477778786857,
            0.051973145161088634,
            -0.5274786352707557,
            -0.432947881413251,
            0.008555453902229934,
            0.045650513431548245,
            -0.02244004915332609,
            -0.22132631868545632,
            -0.28922480152743696,
            0.02358009822632463,
            0.28706101580296267,
            0.022739060155551997,
            0.006080219305576694,
            -0.10488136375868357,
            0.004285531111099891,
            0.04316311077435449,
            -0.0012626266616819956
        ],
        [
            -0.4450235433750047,
            -0.30678326725290783,
            -0.029310150490250902,
            -0.21263442972727656,
            0.045568893226029805,
            -0.5123794011202432,
            -0.36174990077504854,
            0.0210878597624459,
            0.0905870385508509,
            -0.06567543344562113,
            -0.3157176625907807,
            -0.29983600211840244,
            0.01131434300940782,
            0.19026514032023156,
            0.03957742988590984,
            -0.10534683627637179,
            -0.17164370425564546,
            0.01097263947967352,
            0.09915087990954748,
            -0.010237289631372845
        ],
        [
            -0.03255528483140786,
            -0.029310150490250902,
            1.4858355897948234,
            -0.030302791474904976,
            0.006749045256779459,
            -0.011210354875233058,
            -0.027240962368092772,
            0.2610387692602144,
            -0.1285094923977043,
            0.027697261304404946,
            -0.02617680760845599,
            -0.022367657076407362,
            -0.041003303308015715,
            0.0301864851927943,
            0.0036810053560050572,
            -0.00451507240715005,
            -0.012047059821571006,
            -0.00101037338781582,
            0.006524697481353841,
            -0.0004489018469187949
        ],
        [
            -0.23358477778786857,
            -0.21263442972727656,
            -0.030302791474904976,
            1.2710301592594444,
            0.04761375063399091,
            -0.09122545108885194,
            -0.20207346278887162,
            -0.12509060870235686,
            -0.6342819159069937,
            0.1920257029791393,
            -0.22043867799874783,
            -0.1660630343469985,
            0.017956343825610843,
            0.19610651189395079,
            0.028944133383294136,
            -0.0430126178794699,
            -0.09745085282206141,
            0.006158511953430498,
            0.055920401537428326,
            -0.0042108912299389165
        ],
        [
            0.051973145161088634,
            0.045568893226029805,
            0.006749045256779459,
            0.04761375063399091,
            1.478836216703512,
            0.012194482250701577,
            0.04004176005316218,
            0.029515591305708286,
            0.2105343149423597,
            0.2309161091300569,
            0.0249190133496853,
            0.032849162531410514,
            -0.002683354693251232,
            -0.036346888586317086,
            -0.04783160568779868,
            0.0019938642742702833,
            0.013808106284673662,
            -0.0005394939760026769,
            -0.005295702654578209,
            -0.0014664252011432062
        ],
        [
            -0.5274786352707557,
            -0.5123794011202432,
            -0.011210354875233058,
            -0.09122545108885194,
            0.012194482250701577,
            -0.41116667019033915,
            -0.5866915281383098,
            0.018320784445925678,
            -0.009440291850422555,
            -0.10291710197260079,
            -0.525882613397777,
            -0.5084872271005785,
            0.002730265397176815,
            0.0495587294145069,
            0.012883001770997299,
            -0.22338676069545121,
            -0.3162687374304457,
            0.023536320951419366,
            0.2242266617833953,
            -0.016213080859342546
        ],
        [
            -0.432947881413251,
            -0.36174990077504854,
            -0.027240962368092772,
            -0.20207346278887162,
            0.04004176005316218,
            -0.5866915281383098,
            -0.43508426877372375,
            0.014039879899673422,
            -0.02270176254354281,
            -0.08661110071395466,
            -0.5096029901897019,
            -0.4121389762386647,
            0.0024002468766226408,
            0.13304416759407223,
            0.06098496949642209,
            -0.2911153944491768,
            -0.3002316389896662,
            0.01992039791188662,
            0.1703549894961009,
            -0.024669598804668187
        ],
        [
            0.008555453902229934,
            0.0210878597624459,
            0.2610387692602144,
            -0.12509060870235686,
            0.029515591305708286,
            0.018320784445925678,
            0.014039879899673422,
            1.40390549911645,
            -0.04736760518640646,
            0.003948803989071681,
            -0.0017214359925155423,
            -0.0005166477089491028,
            0.3724094008198605,
            -0.06795641607899557,
            -0.010996473177390147,
            -0.022754138059340907,
            -0.010633474292170628,
            -0.04166329742873362,
            0.017221155439951175,
            -0.0018112749029665586
        ],
        [
            0.045650513431548245,
            0.0905870385508509,
            -0.1285094923977043,
            -0.6342819159069937,
            0.2105343149423597,
            -0.009440291850422555,
            -0.02270176254354281,
            -0.04736760518640646,
            0.9129668589669531,
            -0.004953670659410172,
            -0.05132068072240159,
            -0.13535280176871278,
            -0.06691975158810805,
            -0.6991039531123248,
            -0.20003154695066627,
            -0.2891897676904973,
            -0.19116737886653185,
            0.026970064148801695,
            0.2009432623034879,
            -0.025691889481921512
        ],
        [
            -0.02244004915332609,
            -0.06567543344562113,
            0.027697261304404946,
            0.1920257029791393,
            0.2309161091300569,
            -0.10291710197260079,
            -0.08661110071395466,
            0.003948803989071681,
            -0.004953670659410172,
            1.3855531921066897,
            -0.01630064982642407,
            -0.06699412705037147,
            -0.010650328596264986,
            -0.19716095576992598,
            0.3311371278636974,
            -0.026009615926819107,
            -0.04187581346615302,
            0.0036518684630127054,
            0.03301050742091998,
            -0.04707851157042375
        ],
        [
            -0.22132631868545632,
            -0.3157176625907807,
            -0.02617680760845599,
            -0.22043867799874783,
            0.0249190133496853,
            -0.525882613397777,
            -0.5096029901897019,
            -0.0017214359925155423,
            -0.05132068072240159,
            -0.01630064982642407,
            -0.41720710751799506,
            -0.5896925704249738,
            -0.015238235469829397,
            0.0012950580071961204,
            0.09222976585170461,
            -0.5335822605901626,
            -0.5159377167293592,
            0.009583767514917213,
            0.09002213583973329,
            -0.007491731688453573
        ],
        [
            -0.28922480152743696,
            -0.29983600211840244,
            -0.022367657076407362,
            -0.1660630343469985,
            0.032849162531410514,
            -0.5084872271005785,
            -0.4121389762386647,
            -0.0005166477089491028,
            -0.13535280176871278,
            -0.06699412705037147,
            -0.5896925704249738,
            -0.43610375708317095,
            -0.011099454544178539,
            0.017680607171167984,
            0.07694707251272737,
            -0.43617735274651626,
            -0.36219752062899047,
            0.024292854397447626,
            0.20782301885270948,
            -0.030111624887991142
        ],
        [
            0.02358009822632463,
            0.01131434300940782,
            -0.041003303308015715,
            0.017956343825610843,
            -0.002683354693251232,
            0.002730265397176815,
            0.0024002468766226408,
            0.3724094008198605,
            -0.06691975158810805,
            -0.010650328596264986,
            -0.015238235469829397,
            -0.011099454544178539,
            1.4035093106959218,
            -0.04499883649886883,
            0.0018730165689753446,
            -0.007372374051336644,
            -0.018332044889977143,
            0.27855316227193017,
            -0.1124443705146124,
            0.020076450235422476
        ],
        [
            0.28706101580296267,
            0.19026514032023156,
            0.0301864851927943,
            0.19610651189395079,
            -0.036346888586317086,
            0.0495587294145069,
            0.13304416759407223,
            -0.06795641607899557,
            -0.6991039531123248,
            -0.19716095576992598,
            0.0012950580071961204,
            0.017680607171167984,
            -0.04499883649886883,
            0.9000406674494696,
            -0.014269815670910123,
            -0.04328662559122698,
            -0.09530477815683153,
            -0.1153397497410355,
            -0.653407386485855,
            0.16501577545295
        ],
        [
            0.022739060155551997,
            0.03957742988590984,
            0.0036810053560050572,
            0.028944133383294136,
            -0.04783160568779868,
            0.012883001770997299,
            0.06098496949642209,
            -0.010996473177390147,
            -0.20003154695066627,
            0.3311371278636974,
            0.09222976585170461,
            0.07694707251272737,
            0.0018730165689753446,
            -0.014269815670910123,
            1.3888049401669114,
            0.019456807127010978,
            0.05667499667440779,
            0.018498066062673027,
            0.14791771550017258,
            0.26377205000230985
        ],
        [
            0.006080219305576694,
            -0.10534683627637179,
            -0.00451507240715005,
            -0.0430126178794699,
            0.0019938642742702833,
            -0.22338676069545121,
            -0.2911153944491768,
            -0.022754138059340907,
            -0.2891897676904973,
            -0.026009615926819107,
            -0.5335822605901626,
            -0.43617735274651626,
            -0.007372374051336644,
            -0.04328662559122698,
            0.019456807127010978,
            -0.22411869369983317,
            -0.4477334627505041,
            0.029138337911351533,
            0.24201808327217117,
            -0.04018154683153913
        ],
        [
            -0.10488136375868357,
            -0.17164370425564546,
            -0.012047059821571006,
            -0.09745085282206141,
            0.013808106284673662,
            -0.3162687374304457,
            -0.3002316389896662,
            -0.010633474292170628,
            -0.19116737886653185,
            -0.04187581346615302,
            -0.5159377167293592,
            -0.36219752062899047,
            -0.018332044889977143,
            -0.09530477815683153,
            0.05667499667440779,
            -0.4477334627505041,
            -0.307397202547524,
            0.02602712569693648,
            0.21838829886010744,
            -0.034664098814382246
        ],
        [
            0.004285531111099891,
            0.01097263947967352,
            -0.00101037338781582,
            0.006158511953430498,
            -0.0005394939760026769,
            0.023536320951419366,
            0.01992039791188662,
            -0.04166329742873362,
            0.026970064148801695,
            0.0036518684630127054,
            0.009583767514917213,
            0.024292854397447626,
            0.27855316227193017,
            -0.1153397497410355,
            0.018498066062673027,
            0.029138337911351533,
            0.02602712569693648,
            1.485273056649309,
            -0.02762038405501408,
            0.004608250891260112
        ],
        [
            0.04316311077435449,
            0.09915087990954748,
            0.006524697481353841,
            0.055920401537428326,
            -0.005295702654578209,
            0.2242266617833953,
            0.1703549894961009,
            0.017221155439951175,
            0.2009432623034879,
            0.03301050742091998,
            0.09002213583973329,
            0.20782301885270948,
            -0.1124443705146124,
            -0.653407386485855,
            0.14791771550017258,
            0.24201808327217117,
            0.21838829886010744,
            -0.02762038405501408,
            1.2582126954144932,
            0.037441907839835864
        ],
        [
            -0.0012626266616819956,
            -0.010237289631372845,
            -0.0004489018469187949,
            -0.0042108912299389165,
            -0.0014664252011432062,
            -0.016213080859342546,
            -0.024669598804668187,
            -0.0018112749029665586,
            -0.025691889481921512,
            -0.04707851157042375,
            -0.007491731688453573,
            -0.030111624887991142,
            0.020076450235422476,
            0.16501577545295,
            0.26377205000230985,
            -0.04018154683153913,
            -0.034664098814382246,
            0.004608250891260112,
            0.037441907839835864,
            1.4818098153817363
        ]
    ]
}