{
    "HF": -2.0977626603425463,
    "coordinates": [
        [
            0.683229,
            -0.11274,
            0.140831
        ],
        [
            1.423068,
            -0.003201,
            0.134437
        ],
        [
            2.077968,
            -0.068994,
            0.098493
        ],
        [
            2.764538,
            -0.177267,
            0.03604
        ]
    ],
    "elements": [
        "H",
        "H",
        "H",
        "H"
    ],
    "Enn": 3.2916189131885503,
    "S": [
        [
            0.9999999999999999,
            0.6848602514927513,
            0.0,
            0.0,
            0.0,
            0.5643285401179206,
            0.5631978688933106,
            0.004579415194345629,
            -0.5298764400953191,
            -0.07845238676468955,
            0.16252762436028884,
            0.34668342755721604,
            0.006402757900635382,
            -0.210925791288542,
            -0.006615689147366322,
            0.021955834488124708,
            0.15035984996524637,
            0.0013893260494507117,
            -0.02759413318563819,
            0.0008555032587999552
        ],
        [
            0.6848602514927513,
            1.0000000000000002,
            0.0,
            0.0,
            0.0,
            0.5631978688933106,
            0.8852747916141209,
            0.001412182313331447,
            -0.16340124343334556,
            -0.02419284304348006,
            0.34668342755721604,
            0.6540568526203434,
            0.005568076934686648,
            -0.1834289304125826,
            -0.0057532498839057596,
            0.15035984996524643,
            0.38793137913185793,
            0.005633479687323793,
            -0.11188949408388317,
            0.0034689195043843633
        ],
        [
            0.0,
            0.0,
            1.0000000000000004,
            0.0,
            0.0,
            -0.004579415194345629,
            -0.001412182313331447,
            0.4837170757628259,
            0.005941273087261028,
            0.0008796523469369495,
            -0.006402757900635382,
            -0.005568076934686649,
            0.07929101462171209,
            0.012212516717039506,
            0.0003830456854677543,
            -0.0013893260494507117,
            -0.005633479687323791,
            0.0034420930446436657,
            0.002006210324883997,
            -6.21987093861554e-05
        ],
        [
            0.0,
            0.0,
            0.0,
            1.0000000000000004,
            0.0,
            0.529876440095319,
            0.16340124343334556,
            0.005941273087261028,
            -0.20368630662700304,
            -0.10178309551227468,
            0.21092579128854191,
            0.18342893041258249,
            0.0122125167170395,
            -0.3226547063567761,
            -0.012618658328301051,
            0.02759413318563819,
            0.1118894940838831,
            0.002006210324883997,
            -0.036303292322830534,
            0.0012353611821033267
        ],
        [
            0.0,
            0.0,
            0.0,
            0.0,
            1.0000000000000004,
            0.07845238676468955,
            0.024192843043480062,
            0.0008796523469369495,
            -0.10178309551227468,
            0.46869863256207667,
            0.006615689147366322,
            0.00575324988390576,
            0.0003830456854677543,
            -0.012618658328301056,
            0.07926594735503077,
            -0.0008555032587999546,
            -0.003468919504384368,
            -6.219870938615537e-05,
            0.0012353611821033263,
            0.00350480292345423
        ],
        [
            0.5643285401179206,
            0.5631978688933106,
            -0.004579415194345629,
            0.529876440095319,
            0.07845238676468955,
            0.9999999999999999,
            0.6848602514927513,
            0.0,
            0.0,
            0.0,
            0.6364483619732622,
            0.5883266325331404,
            0.029960234547032227,
            -0.5458757401750335,
            0.054840132193214215,
            0.17864967795106368,
            0.3601817698703156,
            0.016712306272002323,
            -0.22784289657919402,
            0.02956435972176344
        ],
        [
            0.5631978688933106,
            0.8852747916141209,
            -0.001412182313331447,
            0.16340124343334556,
            0.024192843043480062,
            0.6848602514927513,
            1.0000000000000002,
            0.0,
            0.0,
            0.0,
            0.5883266325331404,
            0.9096890057110192,
            0.008317229528799534,
            -0.15153999606083948,
            0.015224112018370437,
            0.36018176987031564,
            0.6698427175669218,
            0.013480151044079593,
            -0.18377814588962532,
            0.023846621051848732
        ],
        [
            0.004579415194345629,
            0.001412182313331447,
            0.4837170757628259,
            0.005941273087261028,
            0.0008796523469369495,
            0.0,
            0.0,
            1.0000000000000004,
            0.0,
            0.0,
            -0.029960234547032227,
            -0.008317229528799508,
            0.5670002435935517,
            0.03476769763209955,
            -0.0034928555967456503,
            -0.016712306272002323,
            -0.013480151044079592,
            0.08951861254680972,
            0.031467646933139394,
            -0.004083168040331757
        ],
        [
            -0.5298764400953191,
            -0.16340124343334556,
            0.005941273087261028,
            -0.20368630662700304,
            -0.10178309551227468,
            0.0,
            0.0,
            0.0,
            1.0000000000000004,
            0.0,
            0.5458757401750335,
            0.15153999606083907,
            0.034767697632099526,
            -0.06455930160746927,
            0.06363986006868255,
            0.2278428965791942,
            0.18377814588962507,
            0.031467646933139394,
            -0.3371792410824913,
            0.05566681332829094
        ],
        [
            -0.07845238676468955,
            -0.02419284304348006,
            0.0008796523469369495,
            -0.10178309551227468,
            0.46869863256207667,
            0.0,
            0.0,
            0.0,
            0.0,
            1.0000000000000004,
            -0.054840132193214215,
            -0.015224112018370433,
            -0.0034928555967456477,
            0.06363986006868255,
            0.5625150287671496,
            -0.029564359721763443,
            -0.023846621051848708,
            -0.004083168040331755,
            0.055666813328290904,
            0.08460357346764867
        ],
        [
            0.16252762436028884,
            0.34668342755721604,
            -0.006402757900635382,
            0.210925791288542,
            0.006615689147366322,
            0.6364483619732622,
            0.5883266325331404,
            -0.029960234547032227,
            0.5458757401750335,
            -0.054840132193214215,
            0.9999999999999999,
            0.6848602514927513,
            0.0,
            0.0,
            0.0,
            0.604878624775313,
            0.5776312820440962,
            0.04882550041501857,
            -0.536757622851413,
            0.08464738933974841
        ],
        [
            0.34668342755721604,
            0.6540568526203434,
            -0.005568076934686648,
            0.1834289304125826,
            0.0057532498839057596,
            0.5883266325331404,
            0.9096890057110192,
            -0.00831722952879951,
            0.15153999606083948,
            -0.015224112018370435,
            0.6848602514927513,
            1.0000000000000002,
            0.0,
            0.0,
            0.0,
            0.5776312820440962,
            0.8993472905050752,
            0.014171036915911518,
            -0.1557876933911477,
            0.02456792596026594
        ],
        [
            0.006402757900635382,
            0.005568076934686649,
            0.07929101462171208,
            0.0122125167170395,
            0.0003830456854677543,
            0.029960234547032227,
            0.00831722952879953,
            0.5670002435935517,
            0.034767697632099526,
            -0.0034928555967456477,
            0.0,
            0.0,
            1.0000000000000004,
            0.0,
            0.0,
            -0.04882550041501857,
            -0.014171036915911506,
            0.5260568889743605,
            0.0591593067717242,
            -0.009329501175546406
        ],
        [
            -0.210925791288542,
            -0.1834289304125826,
            0.012212516717039506,
            -0.3226547063567761,
            -0.012618658328301056,
            -0.5458757401750335,
            -0.15153999606083907,
            0.03476769763209955,
            -0.06455930160746927,
            0.06363986006868255,
            0.0,
            0.0,
            0.0,
            1.0000000000000004,
            0.0,
            0.5367576228514134,
            0.15578769339114806,
            0.05915930677172424,
            -0.1189229126624943,
            0.10256281719204681
        ],
        [
            -0.006615689147366322,
            -0.00575324988390576,
            0.0003830456854677543,
            -0.012618658328301051,
            0.07926594735503077,
            0.054840132193214215,
            0.015224112018370433,
            -0.0034928555967456503,
            0.06363986006868255,
            0.5625150287671496,
            0.0,
            0.0,
            0.0,
            0.0,
            1.0000000000000004,
            -0.08464738933974837,
            -0.024567925960265916,
            -0.009329501175546406,
            0.10256281719204675,
            0.5152639505703814
        ],
        [
            0.021955834488124708,
            0.15035984996524637,
            -0.0013893260494507124,
            0.02759413318563819,
            -0.0008555032587999546,
            0.17864967795106368,
            0.3601817698703156,
            -0.016712306272002323,
            0.2278428965791941,
            -0.02956435972176344,
            0.604878624775313,
            0.5776312820440962,
            -0.04882550041501857,
            0.5367576228514134,
            -0.08464738933974839,
            0.9999999999999999,
            0.6848602514927513,
            0.0,
            0.0,
            0.0
        ],
        [
            0.15035984996524643,
            0.38793137913185793,
            -0.005633479687323793,
            0.11188949408388317,
            -0.003468919504384369,
            0.36018176987031564,
            0.6698427175669218,
            -0.013480151044079593,
            0.18377814588962532,
            -0.023846621051848746,
            0.5776312820440962,
            0.8993472905050752,
            -0.014171036915911529,
            0.15578769339114806,
            -0.024567925960265916,
            0.6848602514927513,
            1.0000000000000002,
            0.0,
            0.0,
            0.0
        ],
        [
            0.0013893260494507117,
            0.005633479687323791,
            0.0034420930446436657,
            0.0020062103248839965,
            -6.219870938615536e-05,
            0.01671230627200233,
            0.013480151044079585,
            0.08951861254680973,
            0.031467646933139394,
            -0.004083168040331756,
            0.04882550041501856,
            0.014171036915911506,
            0.5260568889743605,
            0.05915930677172424,
            -0.009329501175546406,
            0.0,
            0.0,
            1.0000000000000004,
            0.0,
            0.0
        ],
        [
            -0.02759413318563819,
            -0.11188949408388314,
            0.0020062103248839973,
            -0.036303292322830534,
            0.0012353611821033263,
            -0.2278428965791941,
            -0.1837781458896253,
            0.031467646933139394,
            -0.3371792410824912,
            0.055666813328290925,
            -0.536757622851413,
            -0.1557876933911477,
            0.0591593067717242,
            -0.11892291266249412,
            0.10256281719204675,
            0.0,
            0.0,
            0.0,
            1.0000000000000004,
            0.0
        ],
        [
            0.0008555032587999552,
            0.0034689195043843624,
            -6.219870938615541e-05,
            0.0012353611821033267,
            0.00350480292345423,
            0.029564359721763443,
            0.023846621051848697,
            -0.004083168040331756,
            0.055666813328290925,
            0.08460357346764867,
            0.08464738933974837,
            0.024567925960265892,
            -0.009329501175546406,
            0.10256281719204681,
            0.5152639505703814,
            0.0,
            0.0,
            0.0,
            0.0,
            1.0000000000000004
        ]
    ],
    "h": [
        [
            -0.28232725542142156,
            -0.47386085343063145,
            0.002735581193576444,
            -0.3020713288436714,
            -0.04341968175976908,
            -0.598154001080709,
            -0.4660160673598033,
            0.0006480564767563741,
            0.013113722999232635,
            0.008017440804605758,
            -0.3100170986598161,
            -0.34181870207366355,
            -0.01678490527589751,
            0.364055605386642,
            -0.016244140135026765,
            -0.035682986478607105,
            -0.1699511252238642,
            -0.0067800524207596614,
            0.10731065486444502,
            -0.008838151770044975
        ],
        [
            -0.47386085343063145,
            -0.31588280088062337,
            0.0026705073184402025,
            -0.25658744514530724,
            -0.035078617483363314,
            -0.5656507176949919,
            -0.3717404137299032,
            0.00494394409518374,
            0.08825969555807128,
            0.043850236745151254,
            -0.3922604662416613,
            -0.32882605410596577,
            -0.009066454005196217,
            0.21870421288492187,
            -0.011491019161126463,
            -0.17304178187199848,
            -0.22222603633560412,
            -0.012189699448302145,
            0.15260680900905327,
            -0.02023277096160457
        ],
        [
            0.002735581193576444,
            0.0026705073184402025,
            1.4823481680641688,
            0.003209649957168318,
            0.00035611072058113104,
            0.002254874688540919,
            0.0031909923779943313,
            0.4169176786770301,
            0.010212745904481723,
            0.0008918496064493344,
            0.005937220952263837,
            0.002786165527689583,
            -0.04564340461700703,
            0.00027731979975095106,
            0.00032876193537040055,
            0.00403318542541779,
            0.002992583116003294,
            -0.009661934378923535,
            -0.006026012932753434,
            0.0003890146756363953
        ],
        [
            -0.3020713288436714,
            -0.25658744514530724,
            0.003209649957168318,
            1.183272070176331,
            -0.04071853838914106,
            -0.1012051491378343,
            -0.2517459022225098,
            0.012820391438993889,
            -0.6124377971588946,
            -0.13125844493247263,
            -0.29510033631842625,
            -0.21472008004234577,
            -0.009759863142405595,
            0.12215063307670349,
            -0.020812385612291134,
            -0.10602586507528321,
            -0.14667070722924705,
            -0.009820212590804447,
            0.14733560038699717,
            -0.0117361644974125
        ],
        [
            -0.04341968175976908,
            -0.035078617483363314,
            0.00035611072058113104,
            -0.04071853838914106,
            1.4764220625995386,
            -0.007172395373047286,
            -0.031521253017893366,
            0.0014028190723932082,
            -0.1460265721406645,
            0.3963782176434929,
            -0.025856584289486242,
            -0.02678578357151483,
            -0.0016561448239683087,
            0.03356878915518301,
            -0.04791348088632208,
            -0.0013423611077096839,
            -0.013199136856989405,
            -0.00021028561341220316,
            0.0025146149445659485,
            -0.010439335791778637
        ],
        [
            -0.598154001080709,
            -0.5656507176949919,
            0.002254874688540919,
            -0.1012051491378343,
            -0.007172395373047286,
            -0.5335055800051363,
            -0.6403807739954154,
            0.014201339716053661,
            -0.024755583192191094,
            0.07058430295381862,
            -0.6309531035438221,
            -0.5739956931337129,
            0.0022176719514683946,
            0.041942786292487044,
            0.011203132131784435,
            -0.3372821879835963,
            -0.402991191067941,
            -0.025251969344198554,
            0.30955638754388853,
            -0.043704376559114286
        ],
        [
            -0.4660160673598033,
            -0.3717404137299032,
            0.0031909923779943313,
            -0.2517459022225098,
            -0.031521253017893366,
            -0.6403807739954154,
            -0.44489743168523344,
            0.012361495525198031,
            -0.0388100635483058,
            0.05664777838912183,
            -0.5803225638321914,
            -0.42852634518641297,
            -0.002014030735566618,
            0.14842195855248919,
            0.00020786340284049964,
            -0.36021315378703,
            -0.33491229156594826,
            -0.019949294641707423,
            0.22937517217240555,
            -0.03472250111528803
        ],
        [
            0.0006480564767563741,
            0.00494394409518374,
            0.4169176786770301,
            0.012820391438993889,
            0.0014028190723932082,
            0.014201339716053661,
            0.012361495525198031,
            1.3745738810962005,
            0.024630748846041252,
            -0.0017190532380039212,
            0.007958224596771132,
            0.015644663570784777,
            0.5265238971807098,
            0.05970528881381322,
            -0.006352258053420776,
            0.02297056491709788,
            0.015366469120794805,
            -0.04305421029266196,
            -0.0067776473257113445,
            0.001352897905140928
        ],
        [
            0.013113722999232635,
            0.08825969555807128,
            0.010212745904481723,
            -0.6124377971588946,
            -0.1460265721406645,
            -0.024755583192191094,
            -0.0388100635483058,
            0.024630748846041252,
            0.7073302870064269,
            -0.0026160050612837717,
            -0.06342002479138853,
            -0.15989013550135595,
            0.06725844770579795,
            -0.6387595687387726,
            0.11552058421645656,
            -0.381720574250792,
            -0.2252672608298849,
            -0.015176075201119438,
            0.09842214844159614,
            -0.026835949135185097
        ],
        [
            0.008017440804605758,
            0.043850236745151254,
            0.0008918496064493344,
            -0.13125844493247263,
            0.3963782176434929,
            0.07058430295381862,
            0.05664777838912183,
            -0.0017190532380039212,
            -0.0026160050612837717,
            1.3664234586372195,
            0.023328055134253567,
            0.04846499305158196,
            -0.005515738769395529,
            0.08816850220399822,
            0.5191686666094634,
            0.03745584483366604,
            0.03414326559194538,
            0.0014841900111359756,
            -0.014069458048719688,
            -0.04129076018043626
        ],
        [
            -0.3100170986598161,
            -0.3922604662416613,
            0.005937220952263837,
            -0.29510033631842625,
            -0.025856584289486242,
            -0.6309531035438221,
            -0.5803225638321914,
            0.007958224596771132,
            -0.06342002479138853,
            0.023328055134253567,
            -0.5681500292183328,
            -0.6522476825314729,
            0.011232196120055693,
            -0.005216963735929017,
            0.01856921728033439,
            -0.6347916910284936,
            -0.5844652902746623,
            -0.00820235926140142,
            0.10345171955621812,
            -0.015007020117496023
        ],
        [
            -0.34181870207366355,
            -0.32882605410596577,
            0.002786165527689583,
            -0.21472008004234577,
            -0.02678578357151483,
            -0.5739956931337129,
            -0.42852634518641297,
            0.015644663570784777,
            -0.15989013550135595,
            0.04846499305158196,
            -0.6522476825314729,
            -0.44512330738714767,
            0.007092596884126018,
            0.026292849224383588,
            0.013406992369706577,
            -0.48515327666880936,
            -0.37513033322040235,
            -0.023505432671461598,
            0.26834147894546323,
            -0.04131155674654295
        ],
        [
            -0.01678490527589751,
            -0.009066454005196217,
            -0.04564340461700703,
            -0.009759863142405595,
            -0.0016561448239683087,
            0.0022176719514683946,
            -0.002014030735566618,
            0.5265238971807098,
            0.06725844770579795,
            -0.005515738769395529,
            0.011232196120055693,
            0.007092596884126018,
            1.362163373311054,
            0.04675430516957514,
            -0.005832000649380643,
            0.00023224085507540793,
            0.012879050747564139,
            0.4785133135146975,
            0.08878330561854833,
            -0.013852412631340495
        ],
        [
            0.364055605386642,
            0.21870421288492187,
            0.00027731979975095106,
            0.12215063307670349,
            0.03356878915518301,
            0.041942786292487044,
            0.14842195855248919,
            0.05970528881381322,
            -0.6387595687387726,
            0.08816850220399822,
            -0.005216963735929017,
            0.026292849224383588,
            0.04675430516957514,
            0.6865558538997094,
            0.07726154672791971,
            0.004280131915574303,
            -0.09060862672522046,
            0.09087893568746237,
            -0.5272218961458599,
            0.15682072982467066
        ],
        [
            -0.016244140135026765,
            -0.011491019161126463,
            0.00032876193537040055,
            -0.020812385612291134,
            -0.04791348088632208,
            0.011203132131784435,
            0.00020786340284049964,
            -0.006352258053420776,
            0.11552058421645656,
            0.5191686666094634,
            0.01856921728033439,
            0.013406992369706577,
            -0.005832000649380643,
            0.07726154672791971,
            1.3555518594276776,
            -0.002355231584268036,
            0.021400262068189208,
            -0.013980414761551332,
            0.15455863200315934,
            0.4623606820751832
        ],
        [
            -0.035682986478607105,
            -0.17304178187199848,
            0.00403318542541779,
            -0.10602586507528321,
            -0.0013423611077096839,
            -0.3372821879835963,
            -0.36021315378703,
            0.02297056491709788,
            -0.381720574250792,
            0.03745584483366604,
            -0.6347916910284936,
            -0.48515327666880936,
            0.00023224085507540793,
            0.004280131915574303,
            -0.002355231584268036,
            -0.3213976870269337,
            -0.48972059809845203,
            -0.0299123205604477,
            0.3292924302246605,
            -0.05280089472935023
        ],
        [
            -0.1699511252238642,
            -0.22222603633560412,
            0.002992583116003294,
            -0.14667070722924705,
            -0.013199136856989405,
            -0.402991191067941,
            -0.33491229156594826,
            0.015366469120794805,
            -0.2252672608298849,
            0.03414326559194538,
            -0.5844652902746623,
            -0.37513033322040235,
            0.012879050747564139,
            -0.09060862672522046,
            0.021400262068189208,
            -0.48972059809845203,
            -0.3208126983572679,
            -0.024163672704001077,
            0.2698414140483949,
            -0.04262908591789528
        ],
        [
            -0.0067800524207596614,
            -0.012189699448302145,
            -0.009661934378923535,
            -0.009820212590804447,
            -0.00021028561341220316,
            -0.025251969344198554,
            -0.019949294641707423,
            -0.04305421029266196,
            -0.015176075201119438,
            0.0014841900111359756,
            -0.00820235926140142,
            -0.023505432671461598,
            0.4785133135146975,
            0.09087893568746237,
            -0.013980414761551332,
            -0.0299123205604477,
            -0.024163672704001077,
            1.4638282803084357,
            0.028935967306128824,
            -0.004529008519233585
        ],
        [
            0.10731065486444502,
            0.15260680900905327,
            -0.006026012932753434,
            0.14733560038699717,
            0.0025146149445659485,
            0.30955638754388853,
            0.22937517217240555,
            -0.0067776473257113445,
            0.09842214844159614,
            -0.014069458048719688,
            0.10345171955621812,
            0.26834147894546323,
            0.08878330561854833,
            -0.5272218961458599,
            0.15455863200315934,
            0.3292924302246605,
            0.2698414140483949,
            0.028935967306128824,
            1.141885099354376,
            0.0505507430851657
        ],
        [
            -0.008838151770044975,
            -0.02023277096160457,
            0.0003890146756363953,
            -0.0117361644974125,
            -0.010439335791778637,
            -0.043704376559114286,
            -0.03472250111528803,
            0.001352897905140928,
            -0.026835949135185097,
            -0.04129076018043626,
            -0.015007020117496023,
            -0.04131155674654295,
            -0.013852412631340495,
            0.15682072982467066,
            0.4623606820751832,
            -0.05280089472935023,
            -0.04262908591789528,
            -0.004529008519233585,
            0.0505507430851657,
            1.4584977973370714
        ]
    ]
}