{
    "HF": -2.1853555040634816,
    "coordinates": [
        [
            0.652957,
            0.18117,
            0.056546
        ],
        [
            1.429358,
            0.187286,
            0.074284
        ],
        [
            2.252465,
            -0.134706,
            0.06259
        ],
        [
            2.966117,
            -0.148145,
            -0.057992
        ]
    ],
    "elements": [
        "H",
        "H",
        "H",
        "H"
    ],
    "Enn": 2.8970851310826498,
    "S": [
        [
            0.9999999999999999,
            0.6848602514927513,
            0.0,
            0.0,
            0.0,
            0.541367200168091,
            0.5546522055959705,
            -0.012053787984384709,
            -0.5276002393090693,
            -0.004156103693341807,
            0.08882367312228445,
            0.27072150098341446,
            -0.0004375219962703422,
            -0.11578754685810397,
            0.022866098294819687,
            0.008817302761065016,
            0.1016762137539983,
            0.0004981503911674164,
            -0.010060430240032309,
            0.0014322617477806293
        ],
        [
            0.6848602514927513,
            1.0000000000000002,
            0.0,
            0.0,
            0.0,
            0.5546522055959705,
            0.8768781168714739,
            -0.0038542027106178304,
            -0.16870035171532327,
            -0.0013289155360321856,
            0.27072150098341446,
            0.5604262672212562,
            -0.0006100828075108473,
            -0.16145472059497973,
            0.03188459909088285,
            0.1016762137539983,
            0.303597307061669,
            0.004046539341520387,
            -0.08172216158158244,
            0.011634445365317946
        ],
        [
            0.0,
            0.0,
            1.0000000000000004,
            0.0,
            0.0,
            0.012053787984384716,
            0.0038542027106178403,
            0.45668742233093895,
            -0.016341684821234853,
            -0.0001287295410060936,
            0.0004375219962703422,
            0.0006100828075108472,
            0.031723151491414345,
            -0.0007962703264428031,
            0.0001572500329072733,
            -0.0004981503911674159,
            -0.004046539341520384,
            0.0007942466808730934,
            0.0005655776025917351,
            -8.051893868020253e-05
        ],
        [
            0.0,
            0.0,
            0.0,
            1.0000000000000004,
            0.0,
            0.5276002393090693,
            0.16870035171532288,
            -0.016341684821234867,
            -0.2582228249459436,
            -0.005634555438418766,
            0.11578754685810397,
            0.1614547205949797,
            -0.0007962703264428031,
            -0.17900195967682192,
            0.041615268966817734,
            0.010060430240032302,
            0.08172216158158248,
            0.0005655776025917351,
            -0.0105999093763162,
            0.0016261257241919475
        ],
        [
            0.0,
            0.0,
            0.0,
            0.0,
            1.0000000000000004,
            0.004156103693341807,
            0.0013289155360321854,
            -0.00012872954100609496,
            -0.00563455543841882,
            0.45701638618376467,
            -0.02286609829481969,
            -0.03188459909088284,
            0.00015725003290727334,
            0.041615268966817755,
            0.023507842757535237,
            -0.001432261747780628,
            -0.01163444536531793,
            -8.05189386802025e-05,
            0.001626125724191947,
            0.0005907469379168696
        ],
        [
            0.541367200168091,
            0.5546522055959705,
            0.012053787984384716,
            0.5276002393090693,
            0.004156103693341807,
            0.9999999999999999,
            0.6848602514927513,
            0.0,
            0.0,
            0.0,
            0.4582709796438512,
            0.5211731537686785,
            0.0064352114052725045,
            -0.4529560077099058,
            0.1771922858565509,
            0.10224712734135454,
            0.28690970830876883,
            0.011361922663125537,
            -0.13200079311335491,
            0.028812037563993937
        ],
        [
            0.5546522055959705,
            0.8768781168714739,
            0.0038542027106178416,
            0.1687003517153231,
            0.0013289155360321856,
            0.6848602514927513,
            1.0000000000000002,
            0.0,
            0.0,
            0.0,
            0.5211731537686785,
            0.8434969728289572,
            0.002377529211305123,
            -0.16734743770563787,
            0.06546480124906437,
            0.2869097083087688,
            0.5811385432391005,
            0.01420816722855617,
            -0.165067955350848,
            0.036029663292220994
        ],
        [
            -0.012053787984384709,
            -0.0038542027106178295,
            0.45668742233093895,
            -0.016341684821234867,
            -0.00012872954100609496,
            0.0,
            0.0,
            1.0000000000000004,
            0.0,
            0.0,
            -0.006435211405272512,
            -0.0023775292113051125,
            0.36255702198555656,
            0.009063210418126987,
            -0.0035454457913169785,
            -0.01136192266312554,
            -0.014208167228556152,
            0.03759662320761017,
            0.02078536784847166,
            -0.00453685758325196
        ],
        [
            -0.5276002393090693,
            -0.16870035171532288,
            -0.016341684821234853,
            -0.2582228249459436,
            -0.00563455543841882,
            0.0,
            0.0,
            0.0,
            1.0000000000000004,
            0.0,
            0.4529560077099057,
            0.16734743770563754,
            0.009063210418126971,
            -0.2752475094698986,
            0.24955372404254675,
            0.13200079311335494,
            0.16506795535084776,
            0.020785367848471667,
            -0.20209498370988008,
            0.052708403057098036
        ],
        [
            -0.004156103693341807,
            -0.0013289155360321854,
            -0.0001287295410060936,
            -0.005634555438418766,
            0.45701638618376467,
            0.0,
            0.0,
            0.0,
            0.0,
            1.0000000000000004,
            -0.17719228585655078,
            -0.06546480124906437,
            -0.0035454457913169746,
            0.2495537240425469,
            0.26506262875444786,
            -0.02881203756399394,
            -0.03602966329222096,
            -0.00453685758325196,
            0.05270840305709802,
            0.027880963804723304
        ],
        [
            0.08882367312228445,
            0.27072150098341446,
            0.0004375219962703422,
            0.11578754685810397,
            -0.022866098294819687,
            0.4582709796438512,
            0.5211731537686785,
            -0.006435211405272513,
            0.45295600770990574,
            -0.1771922858565509,
            0.9999999999999999,
            0.6848602514927513,
            0.0,
            0.0,
            0.0,
            0.5837316204803861,
            0.5702056591944995,
            0.09013040876951595,
            -0.533427430953066,
            0.010045135786879687
        ],
        [
            0.27072150098341446,
            0.5604262672212562,
            0.0006100828075108473,
            0.16145472059497973,
            -0.03188459909088285,
            0.5211731537686785,
            0.8434969728289572,
            -0.0023775292113051333,
            0.16734743770563754,
            -0.06546480124906437,
            0.6848602514927513,
            1.0000000000000002,
            0.0,
            0.0,
            0.0,
            0.5702056591944995,
            0.8921242790826797,
            0.026985666471812778,
            -0.15971185457980577,
            0.003007582986803122
        ],
        [
            -0.0004375219962703422,
            -0.0006100828075108472,
            0.031723151491414345,
            -0.0007962703264428031,
            0.0001572500329072733,
            0.006435211405272503,
            0.002377529211305123,
            0.36255702198555656,
            0.009063210418126971,
            -0.0035454457913169746,
            0.0,
            0.0,
            1.0000000000000004,
            0.0,
            0.0,
            -0.09013040876951592,
            -0.026985666471812744,
            0.48738549354948657,
            0.11315793552969144,
            -0.002130911838800318
        ],
        [
            -0.11578754685810397,
            -0.1614547205949797,
            -0.0007962703264428031,
            -0.17900195967682192,
            0.041615268966817734,
            -0.4529560077099057,
            -0.1673474377056372,
            0.009063210418126987,
            -0.2752475094698986,
            0.2495537240425469,
            0.0,
            0.0,
            0.0,
            1.0000000000000004,
            0.0,
            0.5334274309530658,
            0.15971185457980572,
            0.11315793552969164,
            -0.16320825736528363,
            0.012611579635298187
        ],
        [
            0.02286609829481969,
            0.03188459909088284,
            0.00015725003290727334,
            0.041615268966817755,
            0.023507842757535237,
            0.17719228585655078,
            0.0654648012490644,
            -0.0035454457913169785,
            0.24955372404254675,
            0.26506262875444786,
            0.0,
            0.0,
            0.0,
            0.0,
            1.0000000000000004,
            -0.010045135786879685,
            -0.0030075829868031205,
            -0.0021309118388003184,
            0.012611579635298171,
            0.5062676982701662
        ],
        [
            0.008817302761065016,
            0.1016762137539983,
            -0.0004981503911674164,
            0.010060430240032309,
            -0.0014322617477806293,
            0.10224712734135454,
            0.28690970830876883,
            -0.011361922663125537,
            0.13200079311335491,
            -0.028812037563993937,
            0.5837316204803861,
            0.5702056591944995,
            -0.09013040876951595,
            0.533427430953066,
            -0.010045135786879687,
            0.9999999999999999,
            0.6848602514927513,
            0.0,
            0.0,
            0.0
        ],
        [
            0.1016762137539983,
            0.303597307061669,
            -0.004046539341520387,
            0.08172216158158249,
            -0.011634445365317946,
            0.2869097083087688,
            0.5811385432391005,
            -0.01420816722855617,
            0.16506795535084784,
            -0.036029663292220994,
            0.5702056591944995,
            0.8921242790826797,
            -0.026985666471812778,
            0.15971185457980577,
            -0.003007582986803122,
            0.6848602514927513,
            1.0000000000000002,
            0.0,
            0.0,
            0.0
        ],
        [
            0.0004981503911674159,
            0.004046539341520384,
            0.0007942466808730934,
            0.0005655776025917351,
            -8.051893868020253e-05,
            0.01136192266312554,
            0.014208167228556152,
            0.03759662320761017,
            0.020785367848471667,
            -0.00453685758325196,
            0.09013040876951592,
            0.026985666471812757,
            0.48738549354948657,
            0.1131579355296916,
            -0.002130911838800318,
            0.0,
            0.0,
            1.0000000000000004,
            0.0,
            0.0
        ],
        [
            -0.010060430240032302,
            -0.08172216158158241,
            0.0005655776025917351,
            -0.0105999093763162,
            0.0016261257241919475,
            -0.13200079311335494,
            -0.1650679553508476,
            0.02078536784847166,
            -0.20209498370988013,
            0.05270840305709802,
            -0.5334274309530658,
            -0.15971185457980572,
            0.11315793552969149,
            -0.16320825736528363,
            0.012611579635298171,
            0.0,
            0.0,
            0.0,
            1.0000000000000004,
            0.0
        ],
        [
            0.001432261747780628,
            0.01163444536531793,
            -8.05189386802025e-05,
            0.001626125724191947,
            0.0005907469379168696,
            0.02881203756399394,
            0.03602966329222096,
            -0.00453685758325196,
            0.052708403057098036,
            0.027880963804723304,
            0.010045135786879685,
            0.0030075829868031205,
            -0.0021309118388003184,
            0.012611579635298187,
            0.5062676982701662,
            0.0,
            0.0,
            0.0,
            0.0,
            1.0000000000000004
        ]
    ],
    "h": [
        [
            -0.2571866987503548,
            -0.4633550815714289,
            -0.006776026668526371,
            -0.28196143790545625,
            0.00016591977886193203,
            -0.5663871482902361,
            -0.45809834885416967,
            -0.0004374926082771069,
            0.02787572662680271,
            0.00743301347690602,
            -0.1939712209274883,
            -0.2868541007010553,
            -0.004220429865451469,
            0.2579801503329938,
            -0.07000909197451413,
            -0.005903410457805375,
            -0.12524647111287152,
            -0.003397250703058312,
            0.05017751303027384,
            -0.008875300934128107
        ],
        [
            -0.4633550815714289,
            -0.30764527460627256,
            -0.005619181817282758,
            -0.23897534384695196,
            0.0016824765643984468,
            -0.5207146072412058,
            -0.3598352469213668,
            0.005205223505746219,
            0.13348862680374615,
            0.03159215136019402,
            -0.2875192528361129,
            -0.2899953596994602,
            0.002844088544984423,
            0.14549946543819955,
            -0.060525338388452955,
            -0.12624701720343146,
            -0.18384343909152462,
            -0.01344194208657782,
            0.10706716136096384,
            -0.010142316157714836
        ],
        [
            -0.006776026668526371,
            -0.005619181817282758,
            1.4892396216607542,
            -0.006190401437708766,
            -1.100518009135091e-05,
            -0.0012406455897203163,
            -0.004981414740472906,
            0.38395905213955117,
            -0.02255810628234433,
            -6.0716454849771826e-05,
            -0.0021714917186008184,
            -0.003501560289055386,
            -0.039882332704986145,
            0.003712031437993383,
            -0.0010986181593920172,
            0.0011456690706598263,
            -0.0006305819164167115,
            -0.002840758725720133,
            -0.0017324260945831978,
            0.00023262380235223324
        ],
        [
            -0.28196143790545625,
            -0.23897534384695196,
            -0.006190401437708766,
            1.2175689348765029,
            0.0007483424745415058,
            -0.05964942568300036,
            -0.22380468953844163,
            -0.022339772857164618,
            -0.6335091319280988,
            0.007566558505335774,
            -0.19958864135655083,
            -0.1696668441656285,
            -0.0010496682857616196,
            0.1963609572297066,
            -0.07031567726534677,
            -0.04911561832668007,
            -0.10411440589072776,
            -0.005223817632967592,
            0.06503892144341943,
            -0.009475169169051136
        ],
        [
            0.00016591977886193203,
            0.0016824765643984468,
            -1.100518009135091e-05,
            0.0007483424745415058,
            1.4887525751389403,
            0.0061547894275990845,
            0.004028486243067651,
            -0.00035490945288587993,
            -0.00490296967681916,
            0.3821744092149131,
            0.021794602881351793,
            0.0038807697931034085,
            -0.000160964565068812,
            -0.019760263811389983,
            -0.03429715845134848,
            0.007831480077129409,
            0.006984202154251412,
            0.0006931523461308167,
            -0.00851264459964695,
            -0.0019201359351622318
        ],
        [
            -0.5663871482902361,
            -0.5207146072412058,
            -0.0012406455897203163,
            -0.05964942568300036,
            0.0061547894275990845,
            -0.385190154267282,
            -0.5697561704542216,
            0.007851194865541207,
            0.11154656420077891,
            0.06373391784640217,
            -0.4447037913532891,
            -0.46019676367521,
            0.005529541376451633,
            0.057866394004921995,
            -0.026560400890491664,
            -0.216250479643182,
            -0.29887503832194406,
            -0.025725700057529957,
            0.21279318180849796,
            -0.027966711871721478
        ],
        [
            -0.45809834885416967,
            -0.3598352469213668,
            -0.004981414740472906,
            -0.22380468953844163,
            0.004028486243067651,
            -0.5697561704542216,
            -0.4218902430919329,
            0.007790914278366279,
            0.05262567293052918,
            0.0622991556436969,
            -0.4670570566383767,
            -0.3902165095321932,
            0.016370651701154107,
            0.07402573028594173,
            -0.06362498127363342,
            -0.3049984156743196,
            -0.2977492819350438,
            -0.0281341734155047,
            0.18086068033024136,
            -0.00953051816064035
        ],
        [
            -0.0004374926082771069,
            0.005205223505746219,
            0.38395905213955117,
            -0.022339772857164618,
            -0.00035490945288587993,
            0.007851194865541207,
            0.007790914278366279,
            1.4277970123673618,
            -0.0013000382262309213,
            -0.0013709094452941147,
            0.006174261779384559,
            0.007523020187666792,
            0.24382463413346023,
            0.01341843279581285,
            -0.004042302805180604,
            0.012618163124470987,
            0.005765302731419779,
            -0.04150402684847271,
            -0.009990792101833491,
            0.0011345560222174138
        ],
        [
            0.02787572662680271,
            0.13348862680374615,
            -0.02255810628234433,
            -0.6335091319280988,
            -0.00490296967681916,
            0.11154656420077891,
            0.05262567293052918,
            -0.0013000382262309213,
            0.956845281063261,
            0.07091677456394135,
            -0.072148336387171,
            -0.0840120687728591,
            0.024688639373162766,
            -0.6933602375140462,
            0.33082310595883946,
            -0.27388527792568484,
            -0.14930140849774157,
            -0.03144564178169561,
            0.18208678732570355,
            -0.02102985432999352
        ],
        [
            0.00743301347690602,
            0.03159215136019402,
            -6.0716454849771826e-05,
            0.007566558505335774,
            0.3821744092149131,
            0.06373391784640217,
            0.0622991556436969,
            -0.0013709094452941147,
            0.07091677456394135,
            1.40120845949712,
            0.030349741634911165,
            0.06737282869360567,
            -0.007631150143303721,
            0.33165720583877,
            0.12178855981084585,
            0.07728305442497732,
            0.06347544226563322,
            0.010044734758814174,
            -0.07263531206349846,
            -0.035908725521539966
        ],
        [
            -0.1939712209274883,
            -0.2875192528361129,
            -0.0021714917186008184,
            -0.19958864135655083,
            0.021794602881351793,
            -0.4447037913532891,
            -0.4670570566383767,
            0.006174261779384559,
            -0.072148336387171,
            0.030349741634911165,
            -0.4207674983806382,
            -0.5829163104014401,
            0.04681430008776054,
            -0.1375147874881528,
            -0.05632528512012742,
            -0.6006431686941394,
            -0.539584945342755,
            -0.006793041196091004,
            0.055640043704183295,
            -0.008852059787978202
        ],
        [
            -0.2868541007010553,
            -0.2899953596994602,
            -0.003501560289055386,
            -0.1696668441656285,
            0.0038807697931034085,
            -0.46019676367521,
            -0.3902165095321932,
            0.007523020187666792,
            -0.0840120687728591,
            0.06737282869360567,
            -0.5829163104014401,
            -0.42166511355124436,
            0.03522801059991672,
            -0.06369998784040318,
            -0.05620114148384828,
            -0.4769226140244276,
            -0.36347013855011734,
            -0.03793875709797685,
            0.2383335833526038,
            -0.011299437596493878
        ],
        [
            -0.004220429865451469,
            0.002844088544984423,
            -0.039882332704986145,
            -0.0010496682857616196,
            -0.000160964565068812,
            0.005529541376451633,
            0.016370651701154107,
            0.24382463413346023,
            0.024688639373162766,
            -0.007631150143303721,
            0.04681430008776054,
            0.03522801059991672,
            1.4104607801367204,
            0.05104870047499154,
            -0.0020830946572507666,
            0.003935013941607585,
            0.0351080378239883,
            0.4296912799603716,
            0.161171567848375,
            -0.0025786634164501514
        ],
        [
            0.2579801503329938,
            0.14549946543819955,
            0.003712031437993383,
            0.1963609572297066,
            -0.019760263811389983,
            0.057866394004921995,
            0.07402573028594173,
            0.01341843279581285,
            -0.6933602375140462,
            0.33165720583877,
            -0.1375147874881528,
            -0.06369998784040318,
            0.05104870047499154,
            0.9347255224325821,
            0.07701162838355191,
            -0.011173363107818024,
            -0.13662685974283095,
            0.16566961620787501,
            -0.5356826191925762,
            0.022451897230481736
        ],
        [
            -0.07000909197451413,
            -0.060525338388452955,
            -0.0010986181593920172,
            -0.07031567726534677,
            -0.03429715845134848,
            -0.026560400890491664,
            -0.06362498127363342,
            -0.004042302805180604,
            0.33082310595883946,
            0.12178855981084585,
            -0.05632528512012742,
            -0.05620114148384828,
            -0.0020830946572507666,
            0.07701162838355191,
            1.3917344659791384,
            -0.009457111923535471,
            -0.02832662614033879,
            -0.004960310119174174,
            0.035971654713374594,
            0.45373252404457154
        ],
        [
            -0.005903410457805375,
            -0.12624701720343146,
            0.0011456690706598263,
            -0.04911561832668007,
            0.007831480077129409,
            -0.216250479643182,
            -0.3049984156743196,
            0.012618163124470987,
            -0.27388527792568484,
            0.07728305442497732,
            -0.6006431686941394,
            -0.4769226140244276,
            0.003935013941607585,
            -0.011173363107818024,
            -0.009457111923535471,
            -0.2943412000818728,
            -0.47898044825301744,
            -0.051336733128687424,
            0.30697731164832776,
            -0.008796485237122058
        ],
        [
            -0.12524647111287152,
            -0.18384343909152462,
            -0.0006305819164167115,
            -0.10411440589072776,
            0.006984202154251412,
            -0.29887503832194406,
            -0.2977492819350438,
            0.005765302731419779,
            -0.14930140849774157,
            0.06347544226563322,
            -0.539584945342755,
            -0.36347013855011734,
            0.0351080378239883,
            -0.13662685974283095,
            -0.02832662614033879,
            -0.47898044825301744,
            -0.31273096444806203,
            -0.04110533377642284,
            0.2504903476978162,
            -0.009114359413939456
        ],
        [
            -0.003397250703058312,
            -0.01344194208657782,
            -0.002840758725720133,
            -0.005223817632967592,
            0.0006931523461308167,
            -0.025725700057529957,
            -0.0281341734155047,
            -0.04150402684847271,
            -0.03144564178169561,
            0.010044734758814174,
            -0.006793041196091004,
            -0.03793875709797685,
            0.4296912799603716,
            0.16566961620787501,
            -0.004960310119174174,
            -0.051336733128687424,
            -0.04110533377642284,
            1.4680620361210959,
            0.04830500396122453,
            -0.0012361368187267065
        ],
        [
            0.05017751303027384,
            0.10706716136096384,
            -0.0017324260945831978,
            0.06503892144341943,
            -0.00851264459964695,
            0.21279318180849796,
            0.18086068033024136,
            -0.009990792101833491,
            0.18208678732570355,
            -0.07263531206349846,
            0.055640043704183295,
            0.2383335833526038,
            0.161171567848375,
            -0.5356826191925762,
            0.035971654713374594,
            0.30697731164832776,
            0.2504903476978162,
            0.04830500396122453,
            1.183208583523163,
            0.009113979953322686
        ],
        [
            -0.008875300934128107,
            -0.010142316157714836,
            0.00023262380235223324,
            -0.009475169169051136,
            -0.0019201359351622318,
            -0.027966711871721478,
            -0.00953051816064035,
            0.0011345560222174138,
            -0.02102985432999352,
            -0.035908725521539966,
            -0.008852059787978202,
            -0.011299437596493878,
            -0.0025786634164501514,
            0.022451897230481736,
            0.45373252404457154,
            -0.008796485237122058,
            -0.009114359413939456,
            -0.0012361368187267065,
            0.009113979953322686,
            1.475119356091374
        ]
    ]
}