{
    "HF": -2.112634562453416,
    "coordinates": [
        [
            0.836672,
            0.020744,
            0.149757
        ],
        [
            1.557502,
            -0.108077,
            -0.136591
        ],
        [
            2.224213,
            -0.016893,
            -0.081726
        ],
        [
            3.026343,
            0.005524,
            0.059667
        ]
    ],
    "elements": [
        "H",
        "H",
        "H",
        "H"
    ],
    "Enn": 3.07983937363299,
    "S": [
        [
            0.9999999999999999,
            0.6848602514927513,
            0.0,
            0.0,
            0.0,
            0.5337270262647454,
            0.5517454523030698,
            0.19111780809721582,
            -0.4811049827856877,
            0.08597925306582008,
            0.15820763475599678,
            0.34292231233518655,
            0.03387009262157686,
            -0.20302200242020108,
            0.005506964554625128,
            0.015150733956121092,
            0.12830729471819824,
            0.0007597437266751856,
            -0.018465854209485842,
            0.00012835275302471217
        ],
        [
            0.6848602514927513,
            1.0000000000000002,
            0.0,
            0.0,
            0.0,
            0.5517454523030698,
            0.8740108398592229,
            0.06187112702066642,
            -0.15574952327345362,
            0.02783431507790963,
            0.34292231233518655,
            0.6496170575135235,
            0.030090400884883454,
            -0.18036600931477503,
            0.004892421551925451,
            0.12830729471819824,
            0.3512479837081385,
            0.004085505556109,
            -0.09929973400544718,
            0.000690214169874336
        ],
        [
            0.0,
            0.0,
            1.0000000000000004,
            0.0,
            0.0,
            -0.19111780809721582,
            -0.0618711270206664,
            0.3528114002137478,
            0.24019110364600643,
            -0.042925042191338025,
            -0.03387009262157686,
            -0.030090400884883437,
            0.06585188617752283,
            0.0637851478391032,
            -0.001730169853878427,
            -0.0007597437266751854,
            -0.004085505556108996,
            0.0019189188705821978,
            0.0010039059344683623,
            -6.977965330229279e-06
        ],
        [
            0.0,
            0.0,
            0.0,
            1.0000000000000004,
            0.0,
            0.4811049827856877,
            0.15574952327345376,
            0.24019110364600627,
            -0.15641150486740005,
            0.10805613506216971,
            0.203022002420201,
            0.18036600931477498,
            0.06378514783910319,
            -0.30584382462834653,
            0.010370876518881848,
            0.01846585420948584,
            0.09929973400544724,
            0.0010039059344683632,
            -0.022440084856950097,
            0.00016960204598300016
        ],
        [
            0.0,
            0.0,
            0.0,
            0.0,
            1.0000000000000004,
            -0.08597925306582005,
            -0.02783431507790963,
            -0.042925042191338025,
            0.1080561350621698,
            0.428915811478516,
            -0.005506964554625127,
            -0.004892421551925445,
            -0.0017301698538784265,
            0.010370876518881848,
            0.07621183135946553,
            -0.00012835275302471217,
            -0.0006902141698743366,
            -6.977965330229283e-06,
            0.00016960204598300008,
            0.0019590438676691546
        ],
        [
            0.5337270262647454,
            0.5517454523030698,
            -0.19111780809721582,
            0.48110498278568775,
            -0.08597925306582008,
            0.9999999999999999,
            0.6848602514927513,
            0.0,
            0.0,
            0.0,
            0.6233960835322473,
            0.5839597801595364,
            -0.044554409297597034,
            -0.5414182954016262,
            -0.07404810457289872,
            0.13003780891435104,
            0.31663555911941127,
            -0.02259446489222519,
            -0.16910228580114406,
            -0.013078467151513184
        ],
        [
            0.5517454523030698,
            0.8740108398592229,
            -0.06187112702066642,
            0.15574952327345382,
            -0.027834315077909635,
            0.6848602514927513,
            1.0000000000000002,
            0.0,
            0.0,
            0.0,
            0.5839597801595364,
            0.9054752585811819,
            -0.01259489188916139,
            -0.15305117955553973,
            -0.020932336134535556,
            0.31663555911941127,
            0.6180541675778615,
            -0.02342562181685829,
            -0.1753228595781875,
            -0.01355956987239715
        ],
        [
            0.19111780809721582,
            0.0618711270206664,
            0.3528114002137478,
            0.24019110364600627,
            -0.042925042191338025,
            0.0,
            0.0,
            1.0000000000000004,
            0.0,
            0.0,
            0.04455440929759702,
            0.012594891889161412,
            0.5490597222872781,
            -0.05255233656426732,
            -0.00718742042245613,
            0.02259446489222519,
            0.02342562181685828,
            0.05116437678291489,
            -0.042545930058954746,
            -0.0032905264767441266
        ],
        [
            -0.4811049827856877,
            -0.15574952327345395,
            0.24019110364600643,
            -0.1564115048674002,
            0.1080561350621698,
            0.0,
            0.0,
            0.0,
            1.0000000000000004,
            0.0,
            0.5414182954016262,
            0.1530511795555397,
            -0.05255233656426732,
            -0.08522351075977581,
            -0.08734042207739273,
            0.16910228580114406,
            0.17532285957818744,
            -0.042545930058954746,
            -0.2615746237000974,
            -0.02462707354924293
        ],
        [
            0.08597925306582005,
            0.02783431507790962,
            -0.042925042191338025,
            0.10805613506216971,
            0.428915811478516,
            0.0,
            0.0,
            0.0,
            0.0,
            1.0000000000000004,
            0.07404810457289869,
            0.020932336134535552,
            -0.00718742042245613,
            -0.08734042207739273,
            0.5414390814082368,
            0.013078467151513182,
            0.013559569872397141,
            -0.0032905264767441257,
            -0.024627073549242925,
            0.05494444484967146
        ],
        [
            0.15820763475599678,
            0.34292231233518655,
            -0.03387009262157686,
            0.203022002420201,
            -0.005506964554625128,
            0.6233960835322473,
            0.5839597801595364,
            0.044554409297597034,
            0.5414182954016262,
            0.07404810457289872,
            0.9999999999999999,
            0.6848602514927513,
            0.0,
            0.0,
            0.0,
            0.5112439299933684,
            0.5429999025265838,
            -0.08936608252598527,
            -0.5069785334250531,
            -0.014168448734979895
        ],
        [
            0.34292231233518655,
            0.6496170575135235,
            -0.030090400884883454,
            0.18036600931477503,
            -0.004892421551925451,
            0.5839597801595364,
            0.9054752585811819,
            0.01259489188916139,
            0.15305117955553973,
            0.020932336134535556,
            0.6848602514927513,
            1.0000000000000002,
            0.0,
            0.0,
            0.0,
            0.5429999025265838,
            0.8653491952315338,
            -0.030034060153997632,
            -0.17038481870620253,
            -0.0047617175282522115
        ],
        [
            0.03387009262157686,
            0.030090400884883437,
            0.06585188617752283,
            0.06378514783910319,
            -0.001730169853878427,
            -0.04455440929759702,
            -0.012594891889161412,
            0.5490597222872781,
            -0.05255233656426732,
            -0.00718742042245613,
            0.0,
            0.0,
            1.0000000000000004,
            0.0,
            0.0,
            0.08936608252598527,
            0.030034060153997632,
            0.40047508894707345,
            -0.1243733411976294,
            -0.0034758420575558328
        ],
        [
            -0.203022002420201,
            -0.18036600931477498,
            0.0637851478391032,
            -0.30584382462834653,
            0.010370876518881852,
            -0.5414182954016262,
            -0.1530511795555397,
            -0.05255233656426732,
            -0.08522351075977581,
            -0.08734042207739273,
            0.0,
            0.0,
            0.0,
            1.0000000000000004,
            0.0,
            0.5069785334250531,
            0.17038481870620248,
            -0.1243733411976294,
            -0.2831779541626732,
            -0.01971863663425529
        ],
        [
            0.005506964554625127,
            0.004892421551925445,
            -0.0017301698538784265,
            0.010370876518881843,
            0.07621183135946553,
            -0.0740481045728987,
            -0.02093233613453556,
            -0.00718742042245613,
            -0.08734042207739273,
            0.5414390814082368,
            0.0,
            0.0,
            0.0,
            0.0,
            1.0000000000000004,
            0.014168448734979893,
            0.00476171752825221,
            -0.0034758420575558328,
            -0.01971863663425529,
            0.42184754372937355
        ],
        [
            0.015150733956121092,
            0.12830729471819824,
            -0.0007597437266751854,
            0.01846585420948584,
            -0.00012835275302471217,
            0.13003780891435104,
            0.31663555911941127,
            0.02259446489222519,
            0.16910228580114406,
            0.013078467151513184,
            0.5112439299933684,
            0.5429999025265838,
            0.08936608252598527,
            0.5069785334250531,
            0.014168448734979895,
            0.9999999999999999,
            0.6848602514927513,
            0.0,
            0.0,
            0.0
        ],
        [
            0.12830729471819824,
            0.3512479837081385,
            -0.004085505556108997,
            0.09929973400544725,
            -0.0006902141698743367,
            0.31663555911941127,
            0.6180541675778615,
            0.023425621816858297,
            0.1753228595781877,
            0.013559569872397157,
            0.5429999025265838,
            0.8653491952315338,
            0.030034060153997632,
            0.17038481870620253,
            0.0047617175282522115,
            0.6848602514927513,
            1.0000000000000002,
            0.0,
            0.0,
            0.0
        ],
        [
            0.0007597437266751853,
            0.004085505556108999,
            0.0019189188705821978,
            0.0010039059344683625,
            -6.977965330229281e-06,
            -0.02259446489222519,
            -0.023425621816858283,
            0.05116437678291489,
            -0.042545930058954746,
            -0.0032905264767441266,
            -0.08936608252598527,
            -0.03003406015399762,
            0.40047508894707345,
            -0.1243733411976294,
            -0.0034758420575558328,
            0.0,
            0.0,
            1.0000000000000004,
            0.0,
            0.0
        ],
        [
            -0.018465854209485842,
            -0.09929973400544731,
            0.001003905934468363,
            -0.022440084856950097,
            0.00016960204598300016,
            -0.16910228580114406,
            -0.17532285957818744,
            -0.042545930058954746,
            -0.2615746237000974,
            -0.02462707354924293,
            -0.5069785334250531,
            -0.17038481870620248,
            -0.1243733411976294,
            -0.2831779541626732,
            -0.01971863663425529,
            0.0,
            0.0,
            0.0,
            1.0000000000000004,
            0.0
        ],
        [
            0.00012835275302471217,
            0.0006902141698743359,
            -6.977965330229281e-06,
            0.00016960204598300008,
            0.0019590438676691546,
            -0.013078467151513182,
            -0.013559569872397141,
            -0.0032905264767441257,
            -0.024627073549242925,
            0.05494444484967146,
            -0.014168448734979893,
            -0.004761717528252211,
            -0.0034758420575558328,
            -0.01971863663425529,
            0.42184754372937355,
            0.0,
            0.0,
            0.0,
            0.0,
            1.0000000000000004
        ]
    ],
    "h": [
        [
            -0.26456698210648155,
            -0.46599863262991326,
            0.10138712973671786,
            -0.2621087237523289,
            0.044214639423662584,
            -0.5814034923429816,
            -0.4585133007799128,
            -0.02106375561376367,
            0.0184821357049324,
            -0.014784909393675716,
            -0.3044827342093243,
            -0.33622891659914667,
            -0.008537741572887975,
            0.34840241196153215,
            0.019058314723445702,
            -0.015086258948639027,
            -0.14277690530832143,
            0.003930294990208211,
            0.0781642477127021,
            0.0024091131093468064
        ],
        [
            -0.46599863262991326,
            -0.3175289307359894,
            0.08599298536957535,
            -0.2308542992965934,
            0.036832692070363465,
            -0.5545627922561165,
            -0.37365675713740654,
            -0.08476897307277309,
            0.06948554348695479,
            -0.05066212406970881,
            -0.38340775044978714,
            -0.32910478477659455,
            0.0004560000469300621,
            0.2216022500671642,
            0.023528073928897775,
            -0.14169886269861195,
            -0.20276685271971673,
            0.016854527664548674,
            0.12450306344472994,
            0.004807664115313924
        ],
        [
            0.10138712973671786,
            0.08599298536957535,
            1.4393465110732968,
            0.09038972646721063,
            -0.015392407486917625,
            0.028777342817206952,
            0.08011272727371663,
            0.2329825246996522,
            0.3376581404708306,
            -0.055188350883881895,
            0.07511201682316472,
            0.06850929249610961,
            -0.04854450049537622,
            -0.07350178330614474,
            -0.007803975860992461,
            0.009258754231782025,
            0.033288653776473165,
            -0.007155118329295815,
            -0.01448152410378508,
            -0.0004924796584427544
        ],
        [
            -0.2621087237523289,
            -0.2308542992965934,
            0.09038972646721063,
            1.2292797877060488,
            0.03895847373063202,
            -0.10917750168556983,
            -0.22940482670021628,
            0.3110843672152598,
            -0.519253815782291,
            0.13176819675817728,
            -0.27425624848381946,
            -0.19735057029505004,
            0.018649628660574485,
            0.10525962544480538,
            0.025651443845330163,
            -0.08021225230107198,
            -0.12625257926915587,
            0.004073621655751265,
            0.1081414482823567,
            0.0018403727867810909
        ],
        [
            0.044214639423662584,
            0.036832692070363465,
            -0.015392407486917625,
            0.03895847373063202,
            1.4673639207583509,
            0.00934800941730285,
            0.03328944849485568,
            -0.05780737642695484,
            0.15023899360137472,
            0.33425071851716426,
            0.027081843706759028,
            0.028667043912138125,
            -0.00038505463269960984,
            -0.03520283645123565,
            -0.04858253172015681,
            0.001971720716090759,
            0.01259564155432908,
            -0.0003665514978144577,
            -0.00446450036876741,
            -0.006239368217398651
        ],
        [
            -0.5814034923429816,
            -0.5545627922561165,
            0.028777342817206952,
            -0.10917750168556983,
            0.00934800941730285,
            -0.5085570804461781,
            -0.6279181755567348,
            -0.11734808273700072,
            -0.04395392656623942,
            -0.08073243001560099,
            -0.609282305373815,
            -0.56294825221843,
            -0.020363784100187868,
            0.060990288893537636,
            -0.0006933490202988002,
            -0.26747450736971046,
            -0.3622973310648047,
            0.0397471675075427,
            0.26393101148438336,
            0.013775336317334842
        ],
        [
            -0.4585133007799128,
            -0.37365675713740654,
            0.08011272727371663,
            -0.22940482670021628,
            0.03328944849485568,
            -0.6279181755567348,
            -0.44242648552639063,
            -0.09416388227576854,
            -0.04741860458651399,
            -0.06419297788078393,
            -0.5591815054383882,
            -0.42758353705078544,
            -0.010688796617232446,
            0.16707795593225588,
            0.025160976299645192,
            -0.3121569896240609,
            -0.3165717964117807,
            0.032238978567785126,
            0.1896852477668312,
            0.007091156059873659
        ],
        [
            -0.02106375561376367,
            -0.08476897307277309,
            0.2329825246996522,
            0.3110843672152598,
            -0.05780737642695484,
            -0.11734808273700072,
            -0.09416388227576854,
            1.3419884604470214,
            0.06053962595519022,
            -0.01859599501844106,
            -0.03190381309189841,
            -0.06796122623026263,
            0.496503624996939,
            -0.04153165634756474,
            -0.009387962631581396,
            -0.023713679983826272,
            -0.03265066895375812,
            -0.043829904411810616,
            0.02258769298008348,
            0.0008511828556117236
        ],
        [
            0.0184821357049324,
            0.06948554348695479,
            0.3376581404708306,
            -0.519253815782291,
            0.15023899360137472,
            -0.04395392656623942,
            -0.04741860458651399,
            0.06053962595519022,
            0.8035747850103567,
            -0.0031124886266293197,
            -0.03415548739181218,
            -0.1531994843683559,
            -0.08700557109781763,
            -0.6174083419715857,
            -0.13250529844134007,
            -0.32854549229535435,
            -0.2123827859720248,
            0.03963472779359606,
            0.17456244008304334,
            0.008180288495602761
        ],
        [
            -0.014784909393675716,
            -0.05066212406970881,
            -0.055188350883881895,
            0.13176819675817728,
            0.33425071851716426,
            -0.08073243001560099,
            -0.06419297788078393,
            -0.01859599501844106,
            -0.0031124886266293197,
            1.3654510740742563,
            -0.017494501825192965,
            -0.0531353099325697,
            -0.013028418815480641,
            -0.1145952464518219,
            0.48945810650571575,
            -0.028458438828830125,
            -0.033996177150612386,
            0.004638757587042908,
            0.02827252279953299,
            -0.04625354514814911
        ],
        [
            -0.3044827342093243,
            -0.38340775044978714,
            0.07511201682316472,
            -0.27425624848381946,
            0.027081843706759028,
            -0.609282305373815,
            -0.5591815054383882,
            -0.03190381309189841,
            -0.03415548739181218,
            -0.017494501825192965,
            -0.4911667459724214,
            -0.62484834066466,
            -0.020687929562641184,
            0.053765715696037705,
            0.03125045243616209,
            -0.5514293929027073,
            -0.5388119236954958,
            0.016105751164993742,
            0.09779848857514062,
            0.00614574624320658
        ],
        [
            -0.33622891659914667,
            -0.32910478477659455,
            0.06850929249610961,
            -0.19735057029505004,
            0.028667043912138125,
            -0.56294825221843,
            -0.42758353705078544,
            -0.06796122623026263,
            -0.1531994843683559,
            -0.0531353099325697,
            -0.62484834066466,
            -0.4471726639886029,
            -0.02070659249184278,
            0.05176008185593215,
            0.023347341764857178,
            -0.44066276269826843,
            -0.3663687549336674,
            0.03863049007018372,
            0.2230803261644836,
            0.008844295751171375
        ],
        [
            -0.008537741572887975,
            0.0004560000469300621,
            -0.04854450049537622,
            0.018649628660574485,
            -0.00038505463269960984,
            -0.020363784100187868,
            -0.010688796617232446,
            0.496503624996939,
            -0.08700557109781763,
            -0.013028418815480641,
            -0.020687929562641184,
            -0.02070659249184278,
            1.376916256314643,
            -0.058685811830040034,
            -0.004175367239487808,
            -0.0012414097868753693,
            -0.024172673049210974,
            0.2991747578428833,
            -0.16921583850851815,
            -0.004644712866956343
        ],
        [
            0.34840241196153215,
            0.2216022500671642,
            -0.07350178330614474,
            0.10525962544480538,
            -0.03520283645123565,
            0.060990288893537636,
            0.16707795593225588,
            -0.04153165634756474,
            -0.6174083419715857,
            -0.1145952464518219,
            0.053765715696037705,
            0.05176008185593215,
            -0.058685811830040034,
            0.7738004515563432,
            -0.04626433983941845,
            -0.03529035668291036,
            -0.08394019864798447,
            -0.17148293090598105,
            -0.6626039037657736,
            -0.028520831571495285
        ],
        [
            0.019058314723445702,
            0.023528073928897775,
            -0.007803975860992461,
            0.025651443845330163,
            -0.04858253172015681,
            -0.0006933490202988002,
            0.025160976299645192,
            -0.009387962631581396,
            -0.13250529844134007,
            0.48945810650571575,
            0.03125045243616209,
            0.023347341764857178,
            -0.004175367239487808,
            -0.04626433983941845,
            1.3806973906452553,
            0.00547238134141393,
            0.010628945011833976,
            -0.0059295111286186255,
            -0.03527795958276756,
            0.32770848546272546
        ],
        [
            -0.015086258948639027,
            -0.14169886269861195,
            0.009258754231782025,
            -0.08021225230107198,
            0.001971720716090759,
            -0.26747450736971046,
            -0.3121569896240609,
            -0.023713679983826272,
            -0.32854549229535435,
            -0.028458438828830125,
            -0.5514293929027073,
            -0.44066276269826843,
            -0.0012414097868753693,
            -0.03529035668291036,
            0.00547238134141393,
            -0.23763031432328252,
            -0.4531941499226537,
            0.04707595299490521,
            0.2596352674098128,
            0.008785450849000644
        ],
        [
            -0.14277690530832143,
            -0.20276685271971673,
            0.033288653776473165,
            -0.12625257926915587,
            0.01259564155432908,
            -0.3622973310648047,
            -0.3165717964117807,
            -0.03265066895375812,
            -0.2123827859720248,
            -0.033996177150612386,
            -0.5388119236954958,
            -0.3663687549336674,
            -0.024172673049210974,
            -0.08394019864798447,
            0.010628945011833976,
            -0.4531941499226537,
            -0.30891161289161184,
            0.041341964166988904,
            0.23101239996110653,
            0.008337036544697207
        ],
        [
            0.003930294990208211,
            0.016854527664548674,
            -0.007155118329295815,
            0.004073621655751265,
            -0.0003665514978144577,
            0.0397471675075427,
            0.032238978567785126,
            -0.043829904411810616,
            0.03963472779359606,
            0.004638757587042908,
            0.016105751164993742,
            0.03863049007018372,
            0.2991747578428833,
            -0.17148293090598105,
            -0.0059295111286186255,
            0.04707595299490521,
            0.041341964166988904,
            1.4848582212297379,
            -0.044316511491639884,
            -0.0014867602097289865
        ],
        [
            0.0781642477127021,
            0.12450306344472994,
            -0.01448152410378508,
            0.1081414482823567,
            -0.00446450036876741,
            0.26393101148438336,
            0.1896852477668312,
            0.02258769298008348,
            0.17456244008304334,
            0.02827252279953299,
            0.09779848857514062,
            0.2230803261644836,
            -0.16921583850851815,
            -0.6626039037657736,
            -0.03527795958276756,
            0.2596352674098128,
            0.23101239996110653,
            -0.044316511491639884,
            1.239466565136787,
            -0.008549394833382224
        ],
        [
            0.0024091131093468064,
            0.004807664115313924,
            -0.0004924796584427544,
            0.0018403727867810909,
            -0.006239368217398651,
            0.013775336317334842,
            0.007091156059873659,
            0.0008511828556117236,
            0.008180288495602761,
            -0.04625354514814911,
            0.00614574624320658,
            0.008844295751171375,
            -0.004644712866956343,
            -0.028520831571495285,
            0.32770848546272546,
            0.008785450849000644,
            0.008337036544697207,
            -0.0014867602097289865,
            -0.008549394833382224,
            1.4923400954518933
        ]
    ]
}