{
    "HF": -2.1718255818314725,
    "coordinates": [
        [
            0.792579,
            0.175905,
            0.14098
        ],
        [
            1.487591,
            0.154759,
            0.137241
        ],
        [
            2.324268,
            0.101479,
            -0.011902
        ],
        [
            3.000956,
            -0.115482,
            0.039181
        ]
    ],
    "elements": [
        "H",
        "H",
        "H",
        "H"
    ],
    "Enn": 3.0494426877947283,
    "S": [
        [
            0.9999999999999999,
            0.6848602514927513,
            0.0,
            0.0,
            0.0,
            0.6069240466201136,
            0.5783381594933767,
            0.0029356044902330743,
            -0.5456754073190355,
            0.01660237832320638,
            0.11288216510034517,
            0.29881978379696045,
            0.014812494144471836,
            -0.1484029142976408,
            0.007211016922832387,
            0.013208775567285069,
            0.12097725897037738,
            0.0007260400899587834,
            -0.015750353498000063,
            0.0020781996256625315
        ],
        [
            0.6848602514927513,
            1.0000000000000002,
            0.0,
            0.0,
            0.0,
            0.5783381594933767,
            0.9000330326941189,
            0.0008495142979364226,
            -0.15790923542053864,
            0.004804447537888151,
            0.29881978379696045,
            0.5960955029355908,
            0.017151966989108827,
            -0.17184154554219008,
            0.008349918859848864,
            0.12097725897037738,
            0.3385381092059807,
            0.004334114033069746,
            -0.09402211952974457,
            0.012405863375417195
        ],
        [
            0.0,
            0.0,
            1.0000000000000004,
            0.0,
            0.0,
            -0.0029356044902330743,
            -0.0008495142979364225,
            0.5338381234163839,
            0.0036016811361884323,
            -0.00010958249541855482,
            -0.014812494144471831,
            -0.017151966989108817,
            0.04304443932668717,
            0.02785880820695853,
            -0.001353681889476973,
            -0.0007260400899587832,
            -0.004334114033069742,
            0.0015313673645720937,
            0.0009184862014178857,
            -0.0001211907834452874
        ],
        [
            0.0,
            0.0,
            0.0,
            1.0000000000000004,
            0.0,
            0.5456754073190353,
            0.1579092354205386,
            0.0036016811361884904,
            -0.13562942465629482,
            0.020369390025633004,
            0.14840291429764077,
            0.17184154554219,
            0.02785880820695853,
            -0.2332857815245462,
            0.013562222234213937,
            0.015750353498000056,
            0.0940221195297445,
            0.000918486201417885,
            -0.018351477368482878,
            0.0026290527291285117
        ],
        [
            0.0,
            0.0,
            0.0,
            0.0,
            1.0000000000000004,
            -0.01660237832320638,
            -0.00480444753788815,
            -0.00010958249541855656,
            0.020369390025632997,
            0.5332377532994452,
            -0.007211016922832383,
            -0.00834991885984886,
            -0.001353681889476974,
            0.013562222234213947,
            0.045166102643648134,
            -0.002078199625662531,
            -0.012405863375417187,
            -0.00012119078344528733,
            0.0026290527291285117,
            0.001226813019564683
        ],
        [
            0.6069240466201136,
            0.5783381594933767,
            -0.0029356044902330743,
            0.5456754073190353,
            -0.01660237832320638,
            0.9999999999999999,
            0.6848602514927513,
            0.0,
            0.0,
            0.0,
            0.4828163039337716,
            0.5315102393428904,
            0.08767725850833652,
            -0.49186046691416585,
            0.03132191476183373,
            0.11308029768177907,
            0.29903489036740816,
            0.009521189584659216,
            -0.14694100627970413,
            0.026239198394328887
        ],
        [
            0.5783381594933767,
            0.9000330326941189,
            -0.0008495142979364226,
            0.15790923542053864,
            -0.004804447537888151,
            0.6848602514927513,
            1.0000000000000002,
            0.0,
            0.0,
            0.0,
            0.5315102393428904,
            0.8538886526684965,
            0.03096512089084117,
            -0.1737111661397873,
            0.011062011901758824,
            0.29903489036740816,
            0.5963635411377655,
            0.01100991163116734,
            -0.1699165298358307,
            0.030341928708120476
        ],
        [
            0.0029356044902330743,
            0.0008495142979364225,
            0.5338381234163839,
            0.0036016811361884904,
            -0.00010958249541855656,
            0.0,
            0.0,
            1.0000000000000004,
            0.0,
            0.0,
            -0.08767725850833649,
            -0.030965120890841153,
            0.3676087904903326,
            0.1263897131226873,
            -0.008048558661438979,
            -0.009521189584659214,
            -0.011009911631167331,
            0.0448009765571935,
            0.01770249963561147,
            -0.0031611284812502467
        ],
        [
            -0.5456754073190355,
            -0.1579092354205386,
            0.0036016811361884323,
            -0.13562942465629482,
            0.020369390025632997,
            0.0,
            0.0,
            0.0,
            1.0000000000000004,
            0.0,
            0.49186046691416585,
            0.1737111661397873,
            0.1263897131226873,
            -0.3188948228908526,
            0.045151592197936054,
            0.14694100627970416,
            0.16991652983583064,
            0.017702499635611466,
            -0.22725555538239786,
            0.04878585767925023
        ],
        [
            0.01660237832320638,
            0.00480444753788815,
            -0.00010958249541855482,
            0.020369390025633004,
            0.5332377532994452,
            0.0,
            0.0,
            0.0,
            0.0,
            1.0000000000000004,
            -0.03132191476183373,
            -0.011062011901758822,
            -0.008048558661438979,
            0.045151592197936054,
            0.3872632857757904,
            -0.026239198394328887,
            -0.03034192870812046,
            -0.003161128481250246,
            0.04878585767925023,
            0.03723635609165464
        ],
        [
            0.11288216510034517,
            0.29881978379696045,
            -0.014812494144471835,
            0.14840291429764077,
            -0.007211016922832383,
            0.4828163039337716,
            0.5315102393428904,
            -0.08767725850833652,
            0.49186046691416585,
            -0.03132191476183373,
            0.9999999999999999,
            0.6848602514927513,
            0.0,
            0.0,
            0.0,
            0.5930086263885406,
            0.5734898528092206,
            -0.038950303289092325,
            -0.5159681857386857,
            0.16543070594727716
        ],
        [
            0.29881978379696045,
            0.5960955029355908,
            -0.017151966989108824,
            0.17184154554219017,
            -0.008349918859848864,
            0.5315102393428904,
            0.8538886526684965,
            -0.03096512089084116,
            0.1737111661397873,
            -0.011062011901758824,
            0.6848602514927513,
            1.0000000000000002,
            0.0,
            0.0,
            0.0,
            0.5734898528092206,
            0.8953232507429971,
            -0.011502422306854877,
            -0.15237067411821967,
            0.04885337678126853
        ],
        [
            0.014812494144471833,
            0.017151966989108817,
            0.04304443932668717,
            0.027858808206958532,
            -0.001353681889476974,
            0.08767725850833649,
            0.030965120890841153,
            0.3676087904903326,
            0.12638971312268726,
            -0.008048558661438977,
            0.0,
            0.0,
            1.0000000000000004,
            0.0,
            0.0,
            0.03895030328909232,
            0.011502422306854877,
            0.5139194143073665,
            -0.046434869587951955,
            0.014888036644172258
        ],
        [
            -0.14840291429764074,
            -0.17184154554219,
            0.027858808206958525,
            -0.23328578152454615,
            0.013562222234213946,
            -0.49186046691416585,
            -0.1737111661397873,
            0.12638971312268732,
            -0.3188948228908526,
            0.045151592197936054,
            0.0,
            0.0,
            0.0,
            1.0000000000000004,
            0.0,
            0.5159681857386859,
            0.15237067411821964,
            -0.04643486958795189,
            -0.09769021949382846,
            0.197219343826158
        ],
        [
            0.007211016922832387,
            0.00834991885984886,
            -0.001353681889476973,
            0.01356222223421394,
            0.04516610264364814,
            0.03132191476183373,
            0.011062011901758822,
            -0.00804855866143898,
            0.045151592197936054,
            0.3872632857757904,
            0.0,
            0.0,
            0.0,
            0.0,
            1.0000000000000004,
            -0.16543070594727716,
            -0.048853376781268554,
            0.014888036644172263,
            0.19721934382615833,
            0.4541919274704405
        ],
        [
            0.013208775567285069,
            0.12097725897037738,
            -0.0007260400899587832,
            0.01575035349800006,
            -0.0020781996256625315,
            0.11308029768177907,
            0.29903489036740816,
            -0.009521189584659214,
            0.14694100627970416,
            -0.026239198394328887,
            0.5930086263885406,
            0.5734898528092206,
            0.038950303289092325,
            0.5159681857386864,
            -0.16543070594727716,
            0.9999999999999999,
            0.6848602514927513,
            0.0,
            0.0,
            0.0
        ],
        [
            0.12097725897037738,
            0.3385381092059807,
            -0.004334114033069744,
            0.0940221195297446,
            -0.01240586337541719,
            0.29903489036740816,
            0.5963635411377655,
            -0.011009911631167334,
            0.1699165298358307,
            -0.030341928708120476,
            0.5734898528092206,
            0.8953232507429971,
            0.011502422306854875,
            0.15237067411821967,
            -0.04885337678126853,
            0.6848602514927513,
            1.0000000000000002,
            0.0,
            0.0,
            0.0
        ],
        [
            0.0007260400899587834,
            0.004334114033069745,
            0.0015313673645720937,
            0.0009184862014178858,
            -0.00012119078344528741,
            0.009521189584659216,
            0.011009911631167338,
            0.0448009765571935,
            0.017702499635611466,
            -0.0031611284812502463,
            -0.03895030328909232,
            -0.011502422306854875,
            0.5139194143073665,
            -0.04643486958795189,
            0.014888036644172258,
            0.0,
            0.0,
            1.0000000000000004,
            0.0,
            0.0
        ],
        [
            -0.015750353498000063,
            -0.09402211952974453,
            0.0009184862014178849,
            -0.018351477368482878,
            0.0026290527291285117,
            -0.14694100627970416,
            -0.16991652983583064,
            0.017702499635611466,
            -0.22725555538239786,
            0.04878585767925023,
            -0.5159681857386859,
            -0.15237067411821964,
            -0.046434869587951955,
            -0.09769021949382846,
            0.19721934382615827,
            0.0,
            0.0,
            0.0,
            1.0000000000000004,
            0.0
        ],
        [
            0.002078199625662531,
            0.012405863375417181,
            -0.0001211907834452873,
            0.0026290527291285117,
            0.001226813019564683,
            0.026239198394328887,
            0.030341928708120445,
            -0.0031611284812502463,
            0.04878585767925023,
            0.03723635609165464,
            0.16543070594727716,
            0.04885337678126853,
            0.014888036644172263,
            0.19721934382615802,
            0.4541919274704405,
            0.0,
            0.0,
            0.0,
            0.0,
            1.0000000000000004
        ]
    ],
    "h": [
        [
            -0.3119469026672086,
            -0.4852973732005388,
            0.003502324569664465,
            -0.32700489225542095,
            0.009208593723604651,
            -0.6163456081098941,
            -0.48346582894893864,
            0.005609486898402087,
            0.0013612948270650405,
            -0.0019278961253055941,
            -0.2324402290283681,
            -0.31585266907396836,
            -0.03836353682527792,
            0.3013832727205268,
            -0.02151455247808938,
            -0.01784232069499736,
            -0.1472953414471615,
            -0.0031786442086566232,
            0.06675892784065404,
            -0.010727225755783942
        ],
        [
            -0.4852973732005388,
            -0.3126498085319087,
            0.003853699792643813,
            -0.2612058453607615,
            0.007559798284409699,
            -0.550794720780996,
            -0.36381264585990114,
            0.015617696386972333,
            0.1328036217150168,
            -0.0017451756783264825,
            -0.31593252291550666,
            -0.30370187483783806,
            -0.034624309933424705,
            0.16398975880864747,
            -0.0012149645534034036,
            -0.14643761793236282,
            -0.19969639702795128,
            0.0020838187501833073,
            0.11619611363156157,
            -0.029317232473583102
        ],
        [
            0.003502324569664465,
            0.003853699792643813,
            1.4761208586950734,
            0.003752486357502857,
            -0.00012504305955139968,
            0.004657212813623366,
            0.005033320996925054,
            0.5006374038944557,
            0.007710744487511482,
            -0.0003936311095942896,
            0.013214013246382075,
            0.004133016994150869,
            -0.043340085573253334,
            -0.007940630354945653,
            0.00028155509825038326,
            0.004468865723106058,
            0.004509048647376694,
            -0.005132565916422116,
            -0.0047183747656766376,
            0.000888861693957785
        ],
        [
            -0.32700489225542095,
            -0.2612058453607615,
            0.003752486357502857,
            1.1608415369637033,
            0.00954046885434424,
            -0.05293883838909452,
            -0.249425250612878,
            0.015203038828477518,
            -0.5191400603830403,
            0.03215014038630518,
            -0.23081793343056217,
            -0.1914291359034379,
            -0.036512585624754915,
            0.18956973185575232,
            -0.012858448683789912,
            -0.06738444839390302,
            -0.1211596768864579,
            -0.0028887377738654753,
            0.08933080025137528,
            -0.016173233878082442
        ],
        [
            0.009208593723604651,
            0.007559798284409699,
            -0.00012504305955139968,
            0.00954046885434424,
            1.4760647096306634,
            0.0015457098724793589,
            0.007638395709801533,
            -0.0006130582869308715,
            0.032314176331787875,
            0.5003300774459574,
            0.00986145182835645,
            0.0063399276853138495,
            0.001310697049467608,
            -0.007710244551893602,
            -0.0444174823965956,
            0.00621097490054049,
            0.006117931127078598,
            0.00032136539030955545,
            -0.009360036847935013,
            -0.0037044818346017353
        ],
        [
            -0.6163456081098941,
            -0.550794720780996,
            0.004657212813623366,
            -0.05293883838909452,
            0.0015457098724793589,
            -0.44886223438013007,
            -0.5959083664869209,
            0.030614920871167003,
            0.1311795284584422,
            0.0012608165459387366,
            -0.4697123431774801,
            -0.48334945398985685,
            -0.016573711302372507,
            0.06925683756027012,
            0.005912593603883326,
            -0.23060974674148824,
            -0.31624834414474173,
            -0.000960403357622621,
            0.22240972066881767,
            -0.052964624588190706
        ],
        [
            -0.48346582894893864,
            -0.36381264585990114,
            0.005033320996925054,
            -0.249425250612878,
            0.007638395709801533,
            -0.5959083664869209,
            -0.4246801667413316,
            0.029151478317164484,
            0.05057488269832415,
            0.005751655464627994,
            -0.48165285127857427,
            -0.395223455443964,
            -0.04198503851316621,
            0.09805584641960774,
            0.022304230071871475,
            -0.31377413730822495,
            -0.3038779573511352,
            0.0092940567319114,
            0.18110755104937576,
            -0.053701319117950654
        ],
        [
            0.005609486898402087,
            0.015617696386972333,
            0.5006374038944557,
            0.015203038828477518,
            -0.0006130582869308715,
            0.030614920871167003,
            0.029151478317164484,
            1.4062057200152462,
            0.040665288142563635,
            -0.002768960718165047,
            0.011333318396390402,
            0.031892958982790987,
            0.2522840657876658,
            0.17184761695283063,
            -0.012986617377521856,
            0.03437252188881648,
            0.03048672667206709,
            -0.04531182476135365,
            -0.03164175996864299,
            0.00868178682169115
        ],
        [
            0.0013612948270650405,
            0.1328036217150168,
            0.007710744487511482,
            -0.5191400603830403,
            0.032314176331787875,
            0.1311795284584422,
            0.05057488269832415,
            0.040665288142563635,
            0.861613647735342,
            0.028681807603714752,
            -0.06595744305101126,
            -0.09215758512215472,
            0.1670659953649385,
            -0.7948794967013676,
            0.0892975765438253,
            -0.29775413467096,
            -0.16171572948421048,
            0.0077069766119313605,
            0.17565966004449585,
            -0.06204318747418418
        ],
        [
            -0.0019278961253055941,
            -0.0017451756783264825,
            -0.0003936311095942896,
            0.03215014038630518,
            0.5003300774459574,
            0.0012608165459387366,
            0.005751655464627994,
            -0.002768960718165047,
            0.028681807603714752,
            1.4108558124234114,
            0.012670384567873616,
            0.01422194059289528,
            -0.009900986894407124,
            0.07040454496684763,
            0.27396654170605317,
            0.0341445938766153,
            0.016029410824810797,
            -0.0007536436180416812,
            -0.022487872681017124,
            -0.038102994487762595
        ],
        [
            -0.2324402290283681,
            -0.31593252291550666,
            0.013214013246382075,
            -0.23081793343056217,
            0.00986145182835645,
            -0.4697123431774801,
            -0.48165285127857427,
            0.011333318396390402,
            -0.06595744305101126,
            0.012670384567873616,
            -0.43695978157744353,
            -0.5910023784034882,
            -0.05347973490053835,
            -0.10835738963796623,
            0.08003150977180663,
            -0.6071370231755909,
            -0.5458431873085621,
            -0.0015616306308046252,
            0.05507481693279992,
            -0.012506313151423698
        ],
        [
            -0.31585266907396836,
            -0.30370187483783806,
            0.004133016994150869,
            -0.1914291359034379,
            0.0063399276853138495,
            -0.48334945398985685,
            -0.395223455443964,
            0.031892958982790987,
            -0.09215758512215472,
            0.01422194059289528,
            -0.5910023784034882,
            -0.42355969784582626,
            -0.04682740712343526,
            -0.03717469432224886,
            0.057585742144631566,
            -0.4790538102531514,
            -0.3641668267933904,
            0.01281942277759403,
            0.23491436761115647,
            -0.0708166004295859
        ],
        [
            -0.03836353682527792,
            -0.034624309933424705,
            -0.043340085573253334,
            -0.036512585624754915,
            0.001310697049467608,
            -0.016573711302372507,
            -0.04198503851316621,
            0.2522840657876658,
            0.1670659953649385,
            -0.009900986894407124,
            -0.05347973490053835,
            -0.04682740712343526,
            1.4070111364708084,
            0.019354201077546956,
            0.0036895652018044487,
            -0.006555521951508755,
            -0.03225669378376657,
            0.46975338422162904,
            -0.05685933897469102,
            0.019432047077975516
        ],
        [
            0.3013832727205268,
            0.16398975880864747,
            -0.007940630354945653,
            0.18956973185575232,
            -0.007710244551893602,
            0.06925683756027012,
            0.09805584641960774,
            0.17184761695283063,
            -0.7948794967013676,
            0.07040454496684763,
            -0.10835738963796623,
            -0.03717469432224886,
            0.019354201077546956,
            0.9007535805137954,
            0.10279594995028349,
            -0.005154506917073198,
            -0.11977233100666063,
            -0.06640232885886407,
            -0.45451634934115825,
            0.2936962505866843
        ],
        [
            -0.02151455247808938,
            -0.0012149645534034036,
            0.00028155509825038326,
            -0.012858448683789912,
            -0.0444174823965956,
            0.005912593603883326,
            0.022304230071871475,
            -0.012986617377521856,
            0.0892975765438253,
            0.27396654170605317,
            0.08003150977180663,
            0.057585742144631566,
            0.0036895652018044487,
            0.10279594995028349,
            1.386665463462976,
            0.005821587429464259,
            0.06128476755448414,
            0.02185400914227427,
            0.28512492966194036,
            0.38363636490336805
        ],
        [
            -0.01784232069499736,
            -0.14643761793236282,
            0.004468865723106058,
            -0.06738444839390302,
            0.00621097490054049,
            -0.23060974674148824,
            -0.31377413730822495,
            0.03437252188881648,
            -0.29775413467096,
            0.0341445938766153,
            -0.6071370231755909,
            -0.4790538102531514,
            -0.006555521951508755,
            -0.005154506917073198,
            0.005821587429464259,
            -0.3005670640556386,
            -0.4811614590060761,
            0.020992281596413215,
            0.302926604674585,
            -0.09598759638823043
        ],
        [
            -0.1472953414471615,
            -0.19969639702795128,
            0.004509048647376694,
            -0.1211596768864579,
            0.006117931127078598,
            -0.31624834414474173,
            -0.3038779573511352,
            0.03048672667206709,
            -0.16171572948421048,
            0.016029410824810797,
            -0.5458431873085621,
            -0.3641668267933904,
            -0.03225669378376657,
            -0.11977233100666063,
            0.06128476755448414,
            -0.4811614590060761,
            -0.31269821408649245,
            0.015546191346508986,
            0.24583285539723776,
            -0.07638329116074383
        ],
        [
            -0.0031786442086566232,
            0.0020838187501833073,
            -0.005132565916422116,
            -0.0028887377738654753,
            0.00032136539030955545,
            -0.000960403357622621,
            0.0092940567319114,
            -0.04531182476135365,
            0.0077069766119313605,
            -0.0007536436180416812,
            -0.0015616306308046252,
            0.01281942277759403,
            0.46975338422162904,
            -0.06640232885886407,
            0.02185400914227427,
            0.020992281596413215,
            0.015546191346508986,
            1.4771037961790718,
            -0.018437702257332416,
            0.006114414497280078
        ],
        [
            0.06675892784065404,
            0.11619611363156157,
            -0.0047183747656766376,
            0.08933080025137528,
            -0.009360036847935013,
            0.22240972066881767,
            0.18110755104937576,
            -0.03164175996864299,
            0.17565966004449585,
            -0.022487872681017124,
            0.05507481693279992,
            0.23491436761115647,
            -0.05685933897469102,
            -0.45451634934115825,
            0.28512492966194036,
            0.302926604674585,
            0.24583285539723776,
            -0.018437702257332416,
            1.1991577055234952,
            0.08724159968113755
        ],
        [
            -0.010727225755783942,
            -0.029317232473583102,
            0.000888861693957785,
            -0.016173233878082442,
            -0.0037044818346017353,
            -0.052964624588190706,
            -0.053701319117950654,
            0.00868178682169115,
            -0.06204318747418418,
            -0.038102994487762595,
            -0.012506313151423698,
            -0.0708166004295859,
            0.019432047077975516,
            0.2936962505866843,
            0.38363636490336805,
            -0.09598759638823043,
            -0.07638329116074383,
            0.006114414497280078,
            0.08724159968113755,
            1.4511218541442248
        ]
    ]
}