{
    "HF": -2.1541315802043592,
    "coordinates": [
        [
            0.699699,
            -0.100124,
            0.035898
        ],
        [
            1.490506,
            -0.190309,
            -0.120869
        ],
        [
            2.216744,
            -0.006854,
            0.069129
        ],
        [
            2.967297,
            0.040864,
            0.110911
        ]
    ],
    "elements": [
        "H",
        "H",
        "H",
        "H"
    ],
    "Enn": 2.9703486146548435,
    "S": [
        [
            0.9999999999999999,
            0.6848602514927513,
            0.0,
            0.0,
            0.0,
            0.514045819631469,
            0.544105777733419,
            0.09977112901257229,
            -0.5032928308958217,
            0.05739638616544831,
            0.11917246516920663,
            0.30553721595329925,
            -0.0034395799663980596,
            -0.15702198519828903,
            -0.009653926257589209,
            0.011277643403897017,
            0.11303642874159224,
            -0.00044097552198836277,
            -0.013330425549035066,
            -0.0008288197631623226
        ],
        [
            0.6848602514927513,
            1.0000000000000002,
            0.0,
            0.0,
            0.0,
            0.544105777733419,
            0.8664473768280151,
            0.033372141883242626,
            -0.1683448902272889,
            0.019198342863869497,
            0.30553721595329925,
            0.6044317667318363,
            -0.003817951809940254,
            -0.17429522745360715,
            -0.010715908799408015,
            0.11303642874159223,
            0.3244372059707205,
            -0.002969270345726752,
            -0.08975926169369704,
            -0.005580785830500361
        ],
        [
            0.0,
            0.0,
            1.0000000000000004,
            0.0,
            0.0,
            -0.0997711290125723,
            -0.0333721418832426,
            0.39844824552954716,
            0.13698152416739495,
            -0.015621610275372514,
            0.003439579966398057,
            0.003817951809940253,
            0.04963613747379177,
            -0.006515066950348366,
            -0.00040055522048389614,
            0.00044097552198836266,
            0.0029692703457267528,
            0.0012034508627530483,
            -0.0005393296412886166,
            -3.353284288749569e-05
        ],
        [
            0.0,
            0.0,
            0.0,
            1.0000000000000004,
            0.0,
            0.5032928308958217,
            0.1683448902272891,
            0.136981524167395,
            -0.26539667256168376,
            0.07880280133597323,
            0.15702198519828894,
            0.1742952274536068,
            -0.006515066950348371,
            -0.24764372899949655,
            -0.01828594669010841,
            0.013330425549035064,
            0.08975926169369701,
            -0.0005393296412886168,
            -0.015082319494955617,
            -0.001013677728740345
        ],
        [
            0.0,
            0.0,
            0.0,
            0.0,
            1.0000000000000004,
            -0.05739638616544831,
            -0.019198342863869518,
            -0.015621610275372524,
            0.07880280133597325,
            0.41661620808003696,
            0.009653926257589204,
            0.010715908799408005,
            -0.0004005552204838963,
            -0.018285946690108405,
            0.04865460557595131,
            0.0008288197631623221,
            0.005580785830500361,
            -3.3532842887495725e-05,
            -0.0010136777287403451,
            0.0011582666364317775
        ],
        [
            0.514045819631469,
            0.544105777733419,
            -0.09977112901257229,
            0.5032928308958217,
            -0.05739638616544831,
            0.9999999999999999,
            0.6848602514927513,
            0.0,
            0.0,
            0.0,
            0.5444378259529591,
            0.5558113981914027,
            -0.13003972907312056,
            -0.4970567730323736,
            -0.1255615243166209,
            0.12154603347706845,
            0.308014220056897,
            -0.0245740961855385,
            -0.15657435533668818,
            -0.024509740001292142
        ],
        [
            0.544105777733419,
            0.8664473768280151,
            -0.03337214188324261,
            0.1683448902272891,
            -0.019198342863869518,
            0.6848602514927513,
            1.0000000000000002,
            0.0,
            0.0,
            0.0,
            0.5558113981914027,
            0.8780199710601455,
            -0.04137584058096398,
            -0.15815275798607403,
            -0.03995097229329126,
            0.308014220056897,
            0.6074881426771145,
            -0.026860524525566774,
            -0.17114238016496777,
            -0.02679018049939101
        ],
        [
            0.0997711290125723,
            0.033372141883242605,
            0.39844824552954716,
            0.136981524167395,
            -0.015621610275372524,
            0.0,
            0.0,
            1.0000000000000004,
            0.0,
            0.0,
            0.13003972907312059,
            0.04137584058096398,
            0.4174499084212802,
            -0.16500682321157187,
            -0.041682377887522985,
            0.024574096185538494,
            0.02686052452556675,
            0.04414319073995019,
            -0.045585358541847115,
            -0.007135812779326542
        ],
        [
            -0.5032928308958217,
            -0.16834489022728927,
            0.13698152416739495,
            -0.2653966725616839,
            0.07880280133597325,
            0.0,
            0.0,
            0.0,
            1.0000000000000004,
            0.0,
            0.4970567730323736,
            0.15815275798607403,
            -0.16500682321157178,
            -0.17009418199597764,
            -0.1593244494798835,
            0.15657435533668815,
            0.17114238016496772,
            -0.04558535854184709,
            -0.23915030192031483,
            -0.04546597674602821
        ],
        [
            0.05739638616544831,
            0.019198342863869542,
            -0.015621610275372514,
            0.07880280133597323,
            0.41661620808003696,
            0.0,
            0.0,
            0.0,
            0.0,
            1.0000000000000004,
            0.12556152431662088,
            0.039950972293291205,
            -0.04168237788752297,
            -0.1593244494798835,
            0.42037195259580734,
            0.024509740001292135,
            0.02679018049939097,
            -0.00713581277932654,
            -0.045465976746028224,
            0.04418061523706572
        ],
        [
            0.11917246516920663,
            0.30553721595329925,
            0.003439579966398057,
            0.15702198519828908,
            0.009653926257589209,
            0.5444378259529591,
            0.5558113981914027,
            0.13003972907312056,
            0.4970567730323736,
            0.1255615243166209,
            0.9999999999999999,
            0.6848602514927513,
            0.0,
            0.0,
            0.0,
            0.5600725831597391,
            0.5616349800240877,
            -0.02963941899576699,
            -0.5324291523988773,
            -0.0338503134277921
        ],
        [
            0.30553721595329925,
            0.6044317667318363,
            0.003817951809940254,
            0.17429522745360707,
            0.01071590879940801,
            0.5558113981914027,
            0.8780199710601455,
            0.04137584058096398,
            0.15815275798607403,
            0.03995097229329125,
            0.6848602514927513,
            1.0000000000000002,
            0.0,
            0.0,
            0.0,
            0.5616349800240875,
            0.8837427932028152,
            -0.009200662903758415,
            -0.1652765579532954,
            -0.010507807966146766
        ],
        [
            -0.003439579966398057,
            -0.003817951809940253,
            0.04963613747379177,
            -0.00651506695034837,
            -0.00040055522048389636,
            -0.13003972907312059,
            -0.04137584058096398,
            0.4174499084212802,
            -0.16500682321157187,
            -0.041682377887522985,
            0.0,
            0.0,
            1.0000000000000004,
            0.0,
            0.0,
            0.02963941899576699,
            0.009200662903758412,
            0.4766309938260645,
            -0.03898143342040229,
            -0.002478327366561396
        ],
        [
            -0.15702198519828897,
            -0.1742952274536069,
            -0.006515066950348366,
            -0.24764372899949663,
            -0.018285946690108405,
            -0.4970567730323736,
            -0.15815275798607403,
            -0.16500682321157178,
            -0.17009418199597764,
            -0.1593244494798835,
            0.0,
            0.0,
            0.0,
            1.0000000000000004,
            0.0,
            0.5324291523988773,
            0.16527655795329535,
            -0.038981433420402264,
            -0.2214438618499508,
            -0.0445195548311415
        ],
        [
            -0.009653926257589204,
            -0.010715908799408001,
            -0.0004005552204838961,
            -0.018285946690108405,
            0.04865460557595131,
            -0.12556152431662088,
            -0.039950972293291226,
            -0.04168237788752297,
            -0.1593244494798835,
            0.42037195259580734,
            0.0,
            0.0,
            0.0,
            0.0,
            1.0000000000000004,
            0.03385031342779209,
            0.010507807966146764,
            -0.0024783273665613973,
            -0.04451955483114156,
            0.4759705982693734
        ],
        [
            0.011277643403897017,
            0.11303642874159224,
            0.0004409755219883629,
            0.013330425549035067,
            0.0008288197631623226,
            0.12154603347706845,
            0.308014220056897,
            0.0245740961855385,
            0.15657435533668818,
            0.024509740001292142,
            0.5600725831597391,
            0.5616349800240877,
            0.02963941899576701,
            0.5324291523988773,
            0.0338503134277921,
            0.9999999999999999,
            0.6848602514927513,
            0.0,
            0.0,
            0.0
        ],
        [
            0.11303642874159223,
            0.3244372059707205,
            0.0029692703457267536,
            0.08975926169369701,
            0.005580785830500359,
            0.308014220056897,
            0.6074881426771145,
            0.026860524525566774,
            0.17114238016496797,
            0.026790180499391004,
            0.5616349800240875,
            0.8837427932028152,
            0.009200662903758438,
            0.1652765579532954,
            0.010507807966146768,
            0.6848602514927513,
            1.0000000000000002,
            0.0,
            0.0,
            0.0
        ],
        [
            -0.00044097552198836277,
            -0.0029692703457267528,
            0.0012034508627530483,
            -0.0005393296412886167,
            -3.35328428874957e-05,
            -0.024574096185538494,
            -0.02686052452556675,
            0.04414319073995019,
            -0.04558535854184709,
            -0.007135812779326542,
            -0.02963941899576699,
            -0.009200662903758412,
            0.47663099382606455,
            -0.038981433420402264,
            -0.0024783273665613973,
            0.0,
            0.0,
            1.0000000000000004,
            0.0,
            0.0
        ],
        [
            -0.013330425549035066,
            -0.08975926169369695,
            -0.0005393296412886167,
            -0.015082319494955617,
            -0.001013677728740345,
            -0.15657435533668818,
            -0.17114238016496772,
            -0.045585358541847115,
            -0.23915030192031483,
            -0.04546597674602823,
            -0.5324291523988773,
            -0.16527655795329535,
            -0.038981433420402285,
            -0.22144386184995096,
            -0.04451955483114156,
            0.0,
            0.0,
            0.0,
            1.0000000000000004,
            0.0
        ],
        [
            -0.0008288197631623221,
            -0.00558078583050036,
            -3.353284288749571e-05,
            -0.0010136777287403451,
            0.0011582666364317775,
            -0.024509740001292135,
            -0.026790180499390984,
            -0.00713581277932654,
            -0.0454659767460282,
            0.04418061523706572,
            -0.03385031342779209,
            -0.01050780796614676,
            -0.0024783273665613956,
            -0.0445195548311415,
            0.4759705982693734,
            0.0,
            0.0,
            0.0,
            0.0,
            1.0000000000000004
        ]
    ],
    "h": [
        [
            -0.24292652020005234,
            -0.4572965170074781,
            0.0488819909083857,
            -0.2612123027616027,
            0.027384019955741842,
            -0.5550982198454057,
            -0.44875825357120513,
            -0.017077950887959686,
            0.03474047450830864,
            -0.012386162836163256,
            -0.2414924690510982,
            -0.306658825813361,
            0.039566188139087174,
            0.3007582273589433,
            0.04423819065328463,
            -0.009321873290686046,
            -0.13175141171554772,
            0.005610151778091882,
            0.06344909818481706,
            0.006563970970204711
        ],
        [
            -0.4572965170074781,
            -0.3116066278790184,
            0.04096094673873156,
            -0.23046518173213348,
            0.02243386855149397,
            -0.5278813764420325,
            -0.3666431473838896,
            -0.0639363049171244,
            0.10121312605066074,
            -0.04662184205490423,
            -0.3334884018211016,
            -0.30993702995302175,
            0.04197502166894057,
            0.181581991914737,
            0.042155826131628424,
            -0.13453581583432372,
            -0.19391904877790278,
            0.009780308420097018,
            0.11970181386927384,
            0.010826055060693424
        ],
        [
            0.0488819909083857,
            0.04096094673873156,
            1.4791060664818696,
            0.04491960724309124,
            -0.00525819948949189,
            0.0073453568642339595,
            0.03555714826943831,
            0.29744230491756757,
            0.18533464179311576,
            -0.020640791204567042,
            0.01822831056256321,
            0.028896662004601885,
            -0.050306910175818495,
            -0.03196109092369891,
            -0.005543306336322332,
            -0.0008722134151376974,
            0.011153644472243117,
            -0.004400685432967339,
            -0.0010211960375810301,
            -0.0002514715831331722
        ],
        [
            -0.2612123027616027,
            -0.23046518173213348,
            0.04491960724309124,
            1.238594947687544,
            0.02479156696411275,
            -0.08733485055593282,
            -0.22047061503611504,
            0.16601928053113885,
            -0.630462895599126,
            0.08987293454648229,
            -0.23626654982913547,
            -0.18022152485896475,
            0.03977565985955347,
            0.16630731569333518,
            0.04108634507810274,
            -0.06328314421925385,
            -0.11391220086590423,
            0.005629767794564621,
            0.08518087945868558,
            0.007331411528513328
        ],
        [
            0.027384019955741842,
            0.02243386855149397,
            -0.00525819948949189,
            0.02479156696411275,
            1.4850841872626759,
            0.0019388970102979242,
            0.018583236763885017,
            -0.021521245265703547,
            0.10541226756807262,
            0.32108835630435517,
            0.004168212150833336,
            0.015088061593344693,
            -0.0024157523124903693,
            -0.016112199583288446,
            -0.04767806936863092,
            -0.0032195191836427023,
            0.00402044813694827,
            7.2099784342104884e-06,
            0.0026727610673221657,
            -0.004035140140414055
        ],
        [
            -0.5550982198454057,
            -0.5278813764420325,
            0.0073453568642339595,
            -0.08733485055593282,
            0.0019388970102979242,
            -0.4260547042258045,
            -0.5924117403388853,
            -0.1038966503564871,
            0.026066431847005758,
            -0.08171381622065313,
            -0.5296028346738324,
            -0.5125432817957074,
            0.0071571947614623155,
            0.051202118531810115,
            0.009040176842811554,
            -0.2527298242383152,
            -0.33568003434637506,
            0.026632523212085965,
            0.2474156620997565,
            0.027618932701316448
        ],
        [
            -0.44875825357120513,
            -0.3666431473838896,
            0.03555714826943831,
            -0.22047061503611504,
            0.018583236763885017,
            -0.5924117403388853,
            -0.4337841977748458,
            -0.08858281149862826,
            -0.0019501809150567762,
            -0.07053002920325355,
            -0.5187482842118987,
            -0.4134355442725557,
            0.0432725074951969,
            0.1154203160535473,
            0.0423950768511305,
            -0.31667643303602744,
            -0.3115131989088855,
            0.014497581212377472,
            0.19415570428882595,
            0.01569441356411607
        ],
        [
            -0.017077950887959686,
            -0.0639363049171244,
            0.29744230491756757,
            0.16601928053113885,
            -0.021521245265703547,
            -0.1038966503564871,
            -0.08858281149862826,
            1.3825884749838686,
            -0.017102140552744043,
            -0.0203659338109956,
            -0.026397833755357064,
            -0.07567223630552444,
            0.31549212408945493,
            -0.22296518764533058,
            -0.05582349285203453,
            -0.05585466466118965,
            -0.05541312930933578,
            -0.041984740078974736,
            0.053084647831498744,
            0.004875411515900645
        ],
        [
            0.03474047450830864,
            0.10121312605066074,
            0.18533464179311576,
            -0.630462895599126,
            0.10541226756807262,
            0.026066431847005758,
            -0.0019501809150567762,
            -0.017102140552744043,
            0.8953992964660549,
            -0.03565618435632814,
            -0.05765263599655934,
            -0.12105326187571325,
            -0.2389370471260981,
            -0.6604235904107918,
            -0.23365831949157306,
            -0.3096431081157106,
            -0.18386347212636617,
            0.018179077846120245,
            0.17828074083390322,
            0.01933565771194956
        ],
        [
            -0.012386162836163256,
            -0.04662184205490423,
            -0.020640791204567042,
            0.08987293454648229,
            0.32108835630435517,
            -0.08171381622065313,
            -0.07053002920325355,
            -0.0203659338109956,
            -0.03565618435632814,
            1.3894843267011734,
            -0.02275333090326853,
            -0.06512958610468167,
            -0.05682689848747796,
            -0.22264051407110297,
            0.31882791226426954,
            -0.05633047238153187,
            -0.05169421306819229,
            0.0044094196927125205,
            0.05138568230517626,
            -0.041904282702457746
        ],
        [
            -0.2414924690510982,
            -0.3334884018211016,
            0.01822831056256321,
            -0.23626654982913547,
            0.004168212150833336,
            -0.5296028346738324,
            -0.5187482842118987,
            -0.026397833755357064,
            -0.05765263599655934,
            -0.02275333090326853,
            -0.46147545923729005,
            -0.6083723488678319,
            0.041512189921800446,
            -0.059919896007182144,
            0.03730093099542736,
            -0.5874742362535388,
            -0.5460707709333036,
            0.010323808262331896,
            0.07717008888398358,
            0.010262712830756235
        ],
        [
            -0.306658825813361,
            -0.30993702995302175,
            0.028896662004601885,
            -0.18022152485896475,
            0.015088061593344693,
            -0.5125432817957074,
            -0.4134355442725557,
            -0.07567223630552444,
            -0.12105326187571325,
            -0.06512958610468167,
            -0.6083723488678319,
            -0.43818431318206197,
            0.03657417176359277,
            -0.013655154776829229,
            0.03384437417028105,
            -0.4652951581108149,
            -0.3679277194831294,
            0.01822266673446344,
            0.23993742203339025,
            0.019577755893072646
        ],
        [
            0.039566188139087174,
            0.04197502166894057,
            -0.050306910175818495,
            0.03977565985955347,
            -0.0024157523124903693,
            0.0071571947614623155,
            0.0432725074951969,
            0.31549212408945493,
            -0.2389370471260981,
            -0.05682689848747796,
            0.041512189921800446,
            0.03657417176359277,
            1.3836235352196116,
            -0.07635266594077811,
            -0.015773502225839127,
            0.008692809920755294,
            0.01529313077486007,
            0.40690516609653826,
            -0.06979562594277794,
            -0.005335789191557324
        ],
        [
            0.3007582273589433,
            0.181581991914737,
            -0.03196109092369891,
            0.16630731569333518,
            -0.016112199583288446,
            0.051202118531810115,
            0.1154203160535473,
            -0.22296518764533058,
            -0.6604235904107918,
            -0.22264051407110297,
            -0.059919896007182144,
            -0.013655154776829229,
            -0.07635266594077811,
            0.8451495022871605,
            -0.07821517680949827,
            -0.01943712560489741,
            -0.11558328114983274,
            -0.0586930939726238,
            -0.611135012193787,
            -0.06682174922078712
        ],
        [
            0.04423819065328463,
            0.042155826131628424,
            -0.005543306336322332,
            0.04108634507810274,
            -0.04767806936863092,
            0.009040176842811554,
            0.0423950768511305,
            -0.05582349285203453,
            -0.23365831949157306,
            0.31882791226426954,
            0.03730093099542736,
            0.03384437417028105,
            -0.015773502225839127,
            -0.07821517680949827,
            1.3841051112707319,
            0.0070312236477897555,
            0.012381105228580814,
            -0.005182035611830518,
            -0.07668499829842541,
            0.40603034133566396
        ],
        [
            -0.009321873290686046,
            -0.13453581583432372,
            -0.0008722134151376974,
            -0.06328314421925385,
            -0.0032195191836427023,
            -0.2527298242383152,
            -0.31667643303602744,
            -0.05585466466118965,
            -0.3096431081157106,
            -0.05633047238153187,
            -0.5874742362535388,
            -0.4652951581108149,
            0.008692809920755294,
            -0.01943712560489741,
            0.0070312236477897555,
            -0.2772837080713124,
            -0.4716925812186825,
            0.01922348992305838,
            0.29573103033744386,
            0.021113671554076837
        ],
        [
            -0.13175141171554772,
            -0.19391904877790278,
            0.011153644472243117,
            -0.11391220086590423,
            0.00402044813694827,
            -0.33568003434637506,
            -0.3115131989088855,
            -0.05541312930933578,
            -0.18386347212636617,
            -0.05169421306819229,
            -0.5460707709333036,
            -0.3679277194831294,
            0.01529313077486007,
            -0.11558328114983274,
            0.012381105228580814,
            -0.4716925812186825,
            -0.3138754913715289,
            0.017332883965213,
            0.24912373101937238,
            0.018832051588417865
        ],
        [
            0.005610151778091882,
            0.009780308420097018,
            -0.004400685432967339,
            0.005629767794564621,
            7.2099784342104884e-06,
            0.026632523212085965,
            0.014497581212377472,
            -0.041984740078974736,
            0.018179077846120245,
            0.0044094196927125205,
            0.010323808262331896,
            0.01822266673446344,
            0.40690516609653826,
            -0.0586930939726238,
            -0.005182035611830518,
            0.01922348992305838,
            0.017332883965213,
            1.4779246307703786,
            -0.018805149278150177,
            -0.0016021748730179635
        ],
        [
            0.06344909818481706,
            0.11970181386927384,
            -0.0010211960375810301,
            0.08518087945868558,
            0.0026727610673221657,
            0.2474156620997565,
            0.19415570428882595,
            0.053084647831498744,
            0.17828074083390322,
            0.05138568230517626,
            0.07717008888398358,
            0.23993742203339025,
            -0.06979562594277794,
            -0.611135012193787,
            -0.07668499829842541,
            0.29573103033744386,
            0.24912373101937238,
            -0.018805149278150177,
            1.1903501530243055,
            -0.020781531176648285
        ],
        [
            0.006563970970204711,
            0.010826055060693424,
            -0.0002514715831331722,
            0.007331411528513328,
            -0.004035140140414055,
            0.027618932701316448,
            0.01569441356411607,
            0.004875411515900645,
            0.01933565771194956,
            -0.041904282702457746,
            0.010262712830756235,
            0.019577755893072646,
            -0.005335789191557324,
            -0.06682174922078712,
            0.40603034133566396,
            0.021113671554076837,
            0.018832051588417865,
            -0.0016021748730179635,
            -0.020781531176648285,
            1.4777096009426467
        ]
    ]
}