{
    "HF": -2.1484583813072167,
    "coordinates": [
        [
            0.774333,
            0.171661,
            0.014618
        ],
        [
            1.46961,
            0.152774,
            0.130479
        ],
        [
            2.215084,
            0.007216,
            0.005407
        ],
        [
            2.961314,
            0.162456,
            0.190213
        ]
    ],
    "elements": [
        "H",
        "H",
        "H",
        "H"
    ],
    "Enn": 3.073200881999462,
    "S": [
        [
            0.9999999999999999,
            0.6848602514927513,
            0.0,
            0.0,
            0.0,
            0.5989689562451028,
            0.5755778297319452,
            -0.08946485289682776,
            -0.5368748286960039,
            0.014584050514516415,
            0.14238821971943738,
            0.3285637584410867,
            0.0011847055428433003,
            -0.1853073168556104,
            0.02115067886145549,
            0.015018581895897682,
            0.12782648301090063,
            -0.0014650643728182254,
            -0.0182469201693122,
            7.680126172038924e-05
        ],
        [
            0.6848602514927513,
            1.0000000000000002,
            0.0,
            0.0,
            0.0,
            0.5755778297319452,
            0.8973534211819064,
            -0.026189958225962373,
            -0.157164840502606,
            0.004269337749663403,
            0.3285637584410867,
            0.6324949490847127,
            0.0011437967146533789,
            -0.17890850726669963,
            0.020420329034977185,
            0.12782648301090063,
            0.35042281003222847,
            -0.00793107374040281,
            -0.09877905168062803,
            0.0004157608917133616
        ],
        [
            0.0,
            0.0,
            1.0000000000000004,
            0.0,
            0.0,
            0.08946485289682776,
            0.026189958225962366,
            0.5061783150834842,
            -0.10968219735242755,
            0.0029794853869685068,
            -0.0011847055428433001,
            -0.0011437967146533778,
            0.06522289910663197,
            0.0022476238214038944,
            -0.0002565401650325167,
            0.0014650643728182252,
            0.007931073740402809,
            0.0017782102315105305,
            -0.0019271155461175777,
            8.111226664526274e-06
        ],
        [
            0.0,
            0.0,
            0.0,
            1.0000000000000004,
            0.0,
            0.5368748286960039,
            0.15716484050260598,
            -0.10968219735242749,
            -0.13374250167233756,
            0.017879766801557912,
            0.18530731685561036,
            0.17890850726669955,
            0.0022476238214038952,
            -0.2863278457529021,
            0.04012707624696162,
            0.018246920169312193,
            0.09877905168062803,
            -0.0019271155461175777,
            -0.022068683170897347,
            0.00010102280020508748
        ],
        [
            0.0,
            0.0,
            0.0,
            0.0,
            1.0000000000000004,
            -0.014584050514516415,
            -0.004269337749663403,
            0.0029794853869685068,
            0.017879766801557926,
            0.5239700641444608,
            -0.021150678861455486,
            -0.02042032903497718,
            -0.0002565401650325168,
            0.04012707624696162,
            0.06065722870944837,
            -7.680126172038924e-05,
            -0.0004157608917133616,
            8.111226664526274e-06,
            0.00010102280020508748,
            0.0019325151566308805
        ],
        [
            0.5989689562451028,
            0.5755778297319452,
            0.08946485289682776,
            0.5368748286960039,
            -0.014584050514516415,
            0.9999999999999999,
            0.6848602514927513,
            0.0,
            0.0,
            0.0,
            0.546823735825403,
            0.5567085617350789,
            0.0860775458120674,
            -0.513053060530775,
            0.1001765016415577,
            0.12784378003812316,
            0.31444277275244004,
            -0.006735638094982073,
            -0.1682053485257499,
            -0.0010917475480566596
        ],
        [
            0.5755778297319452,
            0.8973534211819064,
            0.02618995822596237,
            0.157164840502606,
            -0.004269337749663403,
            0.6848602514927513,
            1.0000000000000002,
            0.0,
            0.0,
            0.0,
            0.5567085617350789,
            0.8789030934576808,
            0.027283847628344772,
            -0.16262152221834367,
            0.0317527687498929,
            0.31444277275244004,
            0.6153772089901663,
            -0.007077125133678515,
            -0.17673311464842137,
            -0.0011470975582461539
        ],
        [
            -0.08946485289682776,
            -0.02618995822596237,
            0.5061783150834842,
            -0.10968219735242749,
            0.0029794853869685068,
            0.0,
            0.0,
            1.0000000000000004,
            0.0,
            0.0,
            -0.0860775458120674,
            -0.027283847628344737,
            0.4445676193458865,
            0.11216779930084629,
            -0.021901394992491476,
            0.006735638094982075,
            0.007077125133678538,
            0.05488432825792123,
            -0.012815235425180878,
            -8.317810328765052e-05
        ],
        [
            -0.5368748286960039,
            -0.15716484050260598,
            -0.10968219735242755,
            -0.1337425016723374,
            0.017879766801557926,
            0.0,
            0.0,
            0.0,
            1.0000000000000004,
            0.0,
            0.513053060530775,
            0.16262152221834358,
            0.11216779930084636,
            -0.20517374650853762,
            0.13054017310535204,
            0.1682053485257499,
            0.1767331146484213,
            -0.012815235425180874,
            -0.2646302521539597,
            -0.002077160568296137
        ],
        [
            0.014584050514516415,
            0.004269337749663403,
            0.0029794853869685068,
            0.017879766801557912,
            0.5239700641444608,
            0.0,
            0.0,
            0.0,
            0.0,
            1.0000000000000004,
            -0.10017650164155768,
            -0.031752768749892885,
            -0.021901394992491476,
            0.13054017310535196,
            0.4378978823427001,
            0.00109174754805666,
            0.0011470975582461534,
            -8.317810328765052e-05,
            -0.002077160568296138,
            0.055384021363433796
        ],
        [
            0.14238821971943738,
            0.3285637584410867,
            -0.0011847055428433003,
            0.1853073168556104,
            -0.02115067886145549,
            0.546823735825403,
            0.5567085617350789,
            -0.0860775458120674,
            0.5130530605307754,
            -0.1001765016415577,
            0.9999999999999999,
            0.6848602514927513,
            0.0,
            0.0,
            0.0,
            0.5352789041499644,
            0.5523384933849106,
            -0.12379952331590033,
            -0.49989133623380383,
            -0.10399358245706505
        ],
        [
            0.3285637584410867,
            0.6324949490847127,
            -0.0011437967146533782,
            0.17890850726669963,
            -0.020420329034977185,
            0.5567085617350789,
            0.8789030934576808,
            -0.027283847628344772,
            0.16262152221834367,
            -0.0317527687498929,
            0.6848602514927513,
            1.0000000000000002,
            0.0,
            0.0,
            0.0,
            0.5523384933849106,
            0.8745962927539384,
            -0.03997679632404341,
            -0.16142270662689995,
            -0.03358114921238759
        ],
        [
            0.0011847055428433001,
            0.0011437967146533778,
            0.06522289910663197,
            0.0022476238214038952,
            -0.0002565401650325168,
            0.0860775458120674,
            0.02728384762834475,
            0.44456761934588657,
            0.11216779930084637,
            -0.02190139499249148,
            0.0,
            0.0,
            1.0000000000000004,
            0.0,
            0.0,
            0.12379952331590029,
            0.03997679632404342,
            0.4101168397643546,
            -0.16112081220276406,
            -0.033518345398010095
        ],
        [
            -0.18530731685561036,
            -0.17890850726669955,
            0.0022476238214038944,
            -0.2863278457529021,
            0.04012707624696162,
            -0.513053060530775,
            -0.16262152221834358,
            0.11216779930084626,
            -0.20517374650853745,
            0.13054017310535196,
            0.0,
            0.0,
            0.0,
            1.0000000000000004,
            0.0,
            0.4998913362338037,
            0.16142270662689995,
            -0.1611208122027639,
            -0.20057247169150422,
            -0.13534406288950068
        ],
        [
            0.021150678861455486,
            0.020420329034977182,
            -0.0002565401650325167,
            0.04012707624696162,
            0.06065722870944837,
            0.10017650164155768,
            0.03175276874989289,
            -0.021901394992491472,
            0.13054017310535204,
            0.4378978823427001,
            0.0,
            0.0,
            0.0,
            0.0,
            1.0000000000000004,
            0.10399358245706503,
            0.033581149212387584,
            -0.0335183453980101,
            -0.13534406288950085,
            0.4218629240774724
        ],
        [
            0.015018581895897682,
            0.12782648301090063,
            0.0014650643728182254,
            0.0182469201693122,
            -7.680126172038924e-05,
            0.12784378003812316,
            0.31444277275244004,
            0.006735638094982073,
            0.1682053485257498,
            0.0010917475480566596,
            0.5352789041499644,
            0.5523384933849106,
            0.12379952331590033,
            0.4998913362338037,
            0.10399358245706505,
            0.9999999999999999,
            0.6848602514927513,
            0.0,
            0.0,
            0.0
        ],
        [
            0.12782648301090063,
            0.35042281003222847,
            0.007931073740402809,
            0.09877905168062803,
            -0.0004157608917133616,
            0.31444277275244004,
            0.6153772089901663,
            0.007077125133678515,
            0.17673311464842137,
            0.0011470975582461539,
            0.5523384933849106,
            0.8745962927539384,
            0.03997679632404343,
            0.16142270662690067,
            0.03358114921238759,
            0.6848602514927513,
            1.0000000000000002,
            0.0,
            0.0,
            0.0
        ],
        [
            -0.0014650643728182252,
            -0.00793107374040281,
            0.0017782102315105305,
            -0.0019271155461175777,
            8.111226664526274e-06,
            -0.006735638094982075,
            -0.007077125133678538,
            0.05488432825792123,
            -0.012815235425180874,
            -8.317810328765052e-05,
            -0.12379952331590029,
            -0.039976796324043405,
            0.4101168397643546,
            -0.16112081220276386,
            -0.033518345398010095,
            0.0,
            0.0,
            1.0000000000000004,
            0.0,
            0.0
        ],
        [
            -0.0182469201693122,
            -0.09877905168062803,
            -0.0019271155461175777,
            -0.022068683170897347,
            0.00010102280020508748,
            -0.16820534852574995,
            -0.1767331146484213,
            -0.012815235425180878,
            -0.2646302521539597,
            -0.002077160568296138,
            -0.49989133623380316,
            -0.16142270662689995,
            -0.16112081220276409,
            -0.20057247169150408,
            -0.13534406288950085,
            0.0,
            0.0,
            0.0,
            1.0000000000000004,
            0.0
        ],
        [
            7.680126172038924e-05,
            0.0004157608917133616,
            8.111226664526274e-06,
            0.00010102280020508748,
            0.0019325151566308805,
            -0.00109174754805666,
            -0.0011470975582461534,
            -8.317810328765052e-05,
            -0.002077160568296137,
            0.055384021363433796,
            -0.10399358245706503,
            -0.033581149212387584,
            -0.0335183453980101,
            -0.13534406288950068,
            0.4218629240774724,
            0.0,
            0.0,
            0.0,
            0.0,
            1.0000000000000004
        ]
    ],
    "h": [
        [
            -0.31268461258352165,
            -0.4867963056276723,
            -0.04946299220527507,
            -0.3220750398404866,
            0.01176264189958464,
            -0.6204043027238412,
            -0.48315530852149413,
            0.01466339612008874,
            0.002234221308601514,
            0.009615177632718835,
            -0.2798028952099121,
            -0.3369525703775293,
            -0.022931537472025067,
            0.33649641377668094,
            -0.04484324594256859,
            -0.02053230669223413,
            -0.15260746962981758,
            0.0061500367175256285,
            0.07737169843444668,
            0.0014730054020049184
        ],
        [
            -0.4867963056276723,
            -0.31897262879464394,
            -0.0378801564914753,
            -0.2626154360708344,
            0.010793606911229233,
            -0.5640119143681621,
            -0.3718765692264323,
            0.05596091867385869,
            0.11206113295233724,
            0.016291400547618913,
            -0.35349547019268235,
            -0.3207915380959664,
            -0.03729608169242914,
            0.19359427383161415,
            -0.04635863420229497,
            -0.14884203072436353,
            -0.20715736704762538,
            0.019946936700755077,
            0.12242634868015481,
            0.014564970716672938
        ],
        [
            -0.04946299220527507,
            -0.0378801564914753,
            1.462557920202311,
            -0.04670101052490286,
            0.0012561886429134804,
            -0.0019773244792739564,
            -0.033827981214866285,
            0.45415366762200193,
            -0.16172572598058663,
            0.004992144865099612,
            -0.020226556298459836,
            -0.027386626659897308,
            -0.05001721335468419,
            0.032446406833160614,
            -0.005081951126226102,
            -0.0039298361912232715,
            -0.01327997727575384,
            -0.0055104244374453715,
            0.008586958820822544,
            9.776306408812464e-05
        ],
        [
            -0.3220750398404866,
            -0.2626154360708344,
            -0.04670101052490286,
            1.158120503614269,
            0.011499557956767803,
            -0.07758179991145964,
            -0.2560777096158474,
            -0.1429558528212203,
            -0.5247102316412631,
            0.04003759281199653,
            -0.2650468437602276,
            -0.20800249841888457,
            -0.032327202180896526,
            0.14803810061728573,
            -0.03876439312566868,
            -0.0792602541569758,
            -0.1328419031454669,
            0.011480577933250196,
            0.10566592522970916,
            0.004058227198781777
        ],
        [
            0.01176264189958464,
            0.010793606911229233,
            0.0012561886429134804,
            0.011499557956767803,
            1.4697321093976616,
            0.008294589535639916,
            0.011911591483859386,
            0.0026944528623703747,
            0.02942061713845244,
            0.4782716247878398,
            0.01882446515431018,
            0.009377884289203671,
            0.0019067338805641282,
            -0.005975042594346183,
            -0.04502324460413433,
            0.004102014822596257,
            0.0068013409306722835,
            -0.0005218235441971713,
            -0.003460026098261108,
            -0.006510275580012014
        ],
        [
            -0.6204043027238412,
            -0.5640119143681621,
            -0.0019773244792739564,
            -0.07758179991145964,
            0.008294589535639916,
            -0.4917907235840393,
            -0.6191172297817799,
            0.0873407308135655,
            0.07536330255369646,
            0.03574229570658793,
            -0.537844781895712,
            -0.5276493932770526,
            -0.015881661282399984,
            0.07252386498324337,
            -0.02383243765231069,
            -0.2513610157652599,
            -0.3428816284478656,
            0.032436258038633065,
            0.24150975865288987,
            0.02338049146679296
        ],
        [
            -0.48315530852149413,
            -0.3718765692264323,
            -0.033827981214866285,
            -0.2560777096158474,
            0.011911591483859386,
            -0.6191172297817799,
            -0.4375028874208289,
            0.06784115140496058,
            0.014647266600886916,
            0.03084999176810168,
            -0.5181714939787061,
            -0.4152006958277241,
            -0.058455464681134064,
            0.13262957101044798,
            -0.06486893439458111,
            -0.31504821547612194,
            -0.31403998647127573,
            0.03846780201965509,
            0.18319444364129245,
            0.031492174008873934
        ],
        [
            0.01466339612008874,
            0.05596091867385869,
            0.45415366762200193,
            -0.1429558528212203,
            0.0026944528623703747,
            0.0873407308135655,
            0.06784115140496058,
            1.377396467457307,
            -0.011356950422362289,
            -0.006315210853854003,
            0.010949001522123608,
            0.050537632373712824,
            0.35209174726220593,
            0.13787213157272854,
            -0.027740584103551014,
            0.01486720917076492,
            0.03208619380745807,
            -0.04948071387497434,
            -0.02551789723365847,
            -0.0030516520360664304
        ],
        [
            0.002234221308601514,
            0.11206113295233724,
            -0.16172572598058663,
            -0.5247102316412631,
            0.02942061713845244,
            0.07536330255369646,
            0.014647266600886916,
            -0.011356950422362289,
            0.8022567045129296,
            0.05529138728501773,
            -0.050439908258779864,
            -0.11615808048340909,
            0.13591494595322215,
            -0.7253276358062609,
            0.17200934314503702,
            -0.31456384156587547,
            -0.18579630755209958,
            0.04376667919699445,
            0.15379400678559152,
            0.036505339568710916
        ],
        [
            0.009615177632718835,
            0.016291400547618913,
            0.004992144865099612,
            0.04003759281199653,
            0.4782716247878398,
            0.03574229570658793,
            0.03084999176810168,
            -0.006315210853854003,
            0.05529138728501773,
            1.383007936680595,
            0.0044630430117141295,
            0.03387580409059801,
            -0.028937442481813222,
            0.18643055913025902,
            0.34290705797312926,
            0.0279783922216857,
            0.03194843404549469,
            -0.005461813164165053,
            -0.030561595307550794,
            -0.04980078076845637
        ],
        [
            -0.2798028952099121,
            -0.35349547019268235,
            -0.020226556298459836,
            -0.2650468437602276,
            0.01882446515431018,
            -0.537844781895712,
            -0.5181714939787061,
            0.010949001522123608,
            -0.050439908258779864,
            0.0044630430117141295,
            -0.4391125316580107,
            -0.5986807944261006,
            -0.09839660830709387,
            -0.02289576392137177,
            -0.09492192172210467,
            -0.5700624341956012,
            -0.5368459517111274,
            0.009798336587604817,
            0.08222003834925651,
            0.0073166847526570655
        ],
        [
            -0.3369525703775293,
            -0.3207915380959664,
            -0.027386626659897308,
            -0.20800249841888457,
            0.009377884289203671,
            -0.5276493932770526,
            -0.4152006958277241,
            0.050537632373712824,
            -0.11615808048340909,
            0.03387580409059801,
            -0.5986807944261006,
            -0.43505260429216763,
            -0.08001656357970213,
            0.010817690644147199,
            -0.07954306551750176,
            -0.4567594687720291,
            -0.3682950138937915,
            0.04699881383798082,
            0.22465175887809874,
            0.03873085255055993
        ],
        [
            -0.022931537472025067,
            -0.03729608169242914,
            -0.05001721335468419,
            -0.032327202180896526,
            0.0019067338805641282,
            -0.015881661282399984,
            -0.058455464681134064,
            0.35209174726220593,
            0.13591494595322215,
            -0.028937442481813222,
            -0.09839660830709387,
            -0.08001656357970213,
            1.3844697738984983,
            -0.02036975498008544,
            -0.019598369216516136,
            -0.01801978834788348,
            -0.06641255356857706,
            0.31626242645607205,
            -0.20652551929577329,
            -0.04540149012285047
        ],
        [
            0.33649641377668094,
            0.19359427383161415,
            0.032446406833160614,
            0.14803810061728573,
            -0.005975042594346183,
            0.07252386498324337,
            0.13262957101044798,
            0.13787213157272854,
            -0.7253276358062609,
            0.18643055913025902,
            -0.02289576392137177,
            0.010817690644147199,
            -0.02036975498008544,
            0.8649758244081251,
            0.0014948840323807033,
            -0.025529429852020114,
            -0.09590022302837825,
            -0.22587089598008964,
            -0.5665103789814108,
            -0.1884168078911323
        ],
        [
            -0.04484324594256859,
            -0.04635863420229497,
            -0.005081951126226102,
            -0.03876439312566868,
            -0.04502324460413433,
            -0.02383243765231069,
            -0.06486893439458111,
            -0.027740584103551014,
            0.17200934314503702,
            0.34290705797312926,
            -0.09492192172210467,
            -0.07954306551750176,
            -0.019598369216516136,
            0.0014948840323807033,
            1.3861614771022055,
            -0.014737401558179986,
            -0.06091122084701468,
            -0.04499862327500384,
            -0.17047564624258926,
            0.33187475603373406
        ],
        [
            -0.02053230669223413,
            -0.14884203072436353,
            -0.0039298361912232715,
            -0.0792602541569758,
            0.004102014822596257,
            -0.2513610157652599,
            -0.31504821547612194,
            0.01486720917076492,
            -0.31456384156587547,
            0.0279783922216857,
            -0.5700624341956012,
            -0.4567594687720291,
            -0.01801978834788348,
            -0.025529429852020114,
            -0.014737401558179986,
            -0.2579025305576157,
            -0.46440160636826167,
            0.0632944820028636,
            0.2700645824588726,
            0.053316044242550556
        ],
        [
            -0.15260746962981758,
            -0.20715736704762538,
            -0.01327997727575384,
            -0.1328419031454669,
            0.0068013409306722835,
            -0.3428816284478656,
            -0.31403998647127573,
            0.03208619380745807,
            -0.18579630755209958,
            0.03194843404549469,
            -0.5368459517111274,
            -0.3682950138937915,
            -0.06641255356857706,
            -0.09590022302837825,
            -0.06091122084701468,
            -0.46440160636826167,
            -0.31345903894897087,
            0.05254754316740137,
            0.23389462897887486,
            0.043952385185826705
        ],
        [
            0.0061500367175256285,
            0.019946936700755077,
            -0.0055104244374453715,
            0.011480577933250196,
            -0.0005218235441971713,
            0.032436258038633065,
            0.03846780201965509,
            -0.04948071387497434,
            0.04376667919699445,
            -0.005461813164165053,
            0.009798336587604817,
            0.04699881383798082,
            0.31626242645607205,
            -0.22587089598008964,
            -0.04499862327500384,
            0.0632944820028636,
            0.05254754316740137,
            1.474534458143377,
            -0.05773243595713198,
            -0.011919632390168978
        ],
        [
            0.07737169843444668,
            0.12242634868015481,
            0.008586958820822544,
            0.10566592522970916,
            -0.003460026098261108,
            0.24150975865288987,
            0.18319444364129245,
            -0.02551789723365847,
            0.15379400678559152,
            -0.030561595307550794,
            0.08222003834925651,
            0.22465175887809874,
            -0.20652551929577329,
            -0.5665103789814108,
            -0.17047564624258926,
            0.2700645824588726,
            0.23389462897887486,
            -0.05773243595713198,
            1.2354818107464614,
            -0.04808602970884643
        ],
        [
            0.0014730054020049184,
            0.014564970716672938,
            9.776306408812464e-05,
            0.004058227198781777,
            -0.006510275580012014,
            0.02338049146679296,
            0.031492174008873934,
            -0.0030516520360664304,
            0.036505339568710916,
            -0.04980078076845637,
            0.0073166847526570655,
            0.03873085255055993,
            -0.04540149012285047,
            -0.1884168078911323,
            0.33187475603373406,
            0.053316044242550556,
            0.043952385185826705,
            -0.011919632390168978,
            -0.04808602970884643,
            1.4786663676510488
        ]
    ]
}