{
    "HF": -2.1191446968036898,
    "coordinates": [
        [
            0.688745,
            0.100608,
            -0.150911
        ],
        [
            1.417903,
            0.090673,
            0.179226
        ],
        [
            2.130093,
            0.127358,
            0.164752
        ],
        [
            2.778143,
            0.08798,
            -0.061451
        ]
    ],
    "elements": [
        "H",
        "H",
        "H",
        "H"
    ],
    "Enn": 3.167351531754049,
    "S": [
        [
            0.9999999999999999,
            0.6848602514927513,
            0.0,
            0.0,
            0.0,
            0.5224875387269924,
            0.5474098417167995,
            -0.21448687051658433,
            -0.4737270210007709,
            0.0064546750548477244,
            0.1335375757011136,
            0.32008567974748425,
            -0.037538560946091176,
            -0.1714047251104076,
            -0.0031811029652127087,
            0.021481895628657363,
            0.14896687340345302,
            -0.0011549530479363055,
            -0.02697469917786743,
            0.0001630309310232468
        ],
        [
            0.6848602514927513,
            1.0000000000000002,
            0.0,
            0.0,
            0.0,
            0.5474098417167994,
            0.8697234066731133,
            -0.0707343772578839,
            -0.1562276783656608,
            0.0021286497364944768,
            0.32008567974748425,
            0.622251905224496,
            -0.038117285988232455,
            -0.17404724001408756,
            -0.0032301454405021116,
            0.14896687340345305,
            0.38567706361455073,
            -0.004761533836319383,
            -0.11120880029664706,
            0.0006721288764256767
        ],
        [
            0.0,
            0.0,
            1.0000000000000004,
            0.0,
            0.0,
            0.21448687051658424,
            0.07073437725788384,
            0.3121163274865364,
            -0.2720315768877652,
            0.0037065131513059546,
            0.03753856094609117,
            0.03811728598823245,
            0.04387744425723557,
            -0.06991431247438407,
            -0.0012975408150493663,
            0.001154953047936305,
            0.004761533836319383,
            0.0033510612613925185,
            -0.001660669179353148,
            1.00368289798648e-05
        ],
        [
            0.0,
            0.0,
            0.0,
            1.0000000000000004,
            0.0,
            0.4737270210007709,
            0.15622767836566054,
            -0.27203157688776514,
            -0.16554067458664434,
            0.008186400543955832,
            0.17140472511040772,
            0.1740472400140874,
            -0.06991431247438407,
            -0.2600465031646004,
            -0.005924697727290732,
            0.026974699177867434,
            0.11120880029664701,
            -0.001660669179353148,
            -0.035363872170953964,
            0.0002344168387756713
        ],
        [
            0.0,
            0.0,
            0.0,
            0.0,
            1.0000000000000004,
            -0.0064546750548477244,
            -0.002128649736494476,
            0.0037065131513059554,
            0.008186400543955835,
            0.4351710794190284,
            0.0031811029652127087,
            0.0032301454405021107,
            -0.0012975408150493663,
            -0.005924697727290732,
            0.05907909989792501,
            -0.0001630309310232468,
            -0.0006721288764256766,
            1.00368289798648e-05,
            0.0002344168387756713,
            0.003420747960118598
        ],
        [
            0.5224875387269924,
            0.5474098417167995,
            0.21448687051658433,
            0.4737270210007709,
            -0.0064546750548477244,
            0.9999999999999999,
            0.6848602514927513,
            0.0,
            0.0,
            0.0,
            0.5923356876849966,
            0.5732530365505188,
            0.011020482880690859,
            -0.5422604465109325,
            -0.027931906485984856,
            0.16835303063868112,
            0.3516556174877735,
            0.038004031196488645,
            -0.21478829881838188,
            0.0004252373762849957
        ],
        [
            0.5474098417167994,
            0.8697234066731133,
            0.0707343772578839,
            0.1562276783656606,
            -0.0021286497364944768,
            0.6848602514927513,
            1.0000000000000002,
            0.0,
            0.0,
            0.0,
            0.5732530365505188,
            0.895092813334338,
            0.0032576920331479765,
            -0.16029402301282739,
            -0.008256766079593329,
            0.3516556174877735,
            0.6598983259136573,
            0.032138288143442335,
            -0.18163673747070128,
            0.0003596039919489149
        ],
        [
            -0.21448687051658424,
            -0.07073437725788384,
            0.3121163274865364,
            -0.2720315768877651,
            0.0037065131513059546,
            0.0,
            0.0,
            1.0000000000000004,
            0.0,
            0.0,
            -0.011020482880690859,
            -0.003257692033147975,
            0.5163506994055799,
            0.013826034170612565,
            0.0007121808275164238,
            -0.03800403119648864,
            -0.032138288143442335,
            0.07136468928039898,
            0.0713909100831168,
            -0.00014133955835281535
        ],
        [
            -0.4737270210007709,
            -0.15622767836566037,
            -0.27203157688776525,
            -0.16554067458664434,
            0.008186400543955835,
            0.0,
            0.0,
            0.0,
            1.0000000000000004,
            0.0,
            0.5422604465109325,
            0.1602940230128273,
            0.01382603417061251,
            -0.16367529422296032,
            -0.03504270164079875,
            0.21478829881838196,
            0.18163673747070128,
            0.0713909100831168,
            -0.31948533264893153,
            0.000798812187512033
        ],
        [
            0.0064546750548477244,
            0.002128649736494476,
            0.0037065131513059554,
            0.008186400543955832,
            0.4351710794190284,
            0.0,
            0.0,
            0.0,
            0.0,
            1.0000000000000004,
            0.027931906485984856,
            0.008256766079593325,
            0.000712180827516421,
            -0.03504270164079875,
            0.5148266349128079,
            -0.0004252373762849957,
            -0.0003596039919489149,
            -0.00014133955835281535,
            0.000798812187512033,
            0.0839948125416274
        ],
        [
            0.1335375757011136,
            0.32008567974748425,
            0.037538560946091176,
            0.17140472511040764,
            0.0031811029652127087,
            0.5923356876849966,
            0.5732530365505188,
            -0.011020482880690859,
            0.5422604465109325,
            0.027931906485984856,
            0.9999999999999999,
            0.6848602514927513,
            0.0,
            0.0,
            0.0,
            0.613298894609354,
            0.5805286672269477,
            0.1799535694053645,
            -0.5155497966567484,
            0.03132678017552572
        ],
        [
            0.32008567974748425,
            0.622251905224496,
            0.038117285988232455,
            0.17404724001408745,
            0.0032301454405021116,
            0.5732530365505188,
            0.895092813334338,
            -0.0032576920331479765,
            0.16029402301282739,
            0.008256766079593329,
            0.6848602514927513,
            1.0000000000000002,
            0.0,
            0.0,
            0.0,
            0.5805286672269477,
            0.9021560220409798,
            0.051601928101288136,
            -0.14783459771108137,
            0.00898299635624871
        ],
        [
            -0.03753856094609117,
            -0.03811728598823245,
            0.04387744425723557,
            -0.06991431247438405,
            -0.0012975408150493663,
            0.011020482880690859,
            0.003257692033147975,
            0.5163506994055799,
            0.01382603417061251,
            0.000712180827516421,
            0.0,
            0.0,
            1.0000000000000004,
            0.0,
            0.0,
            -0.1799535694053645,
            -0.051601928101288094,
            0.46948516173662025,
            0.20604479790022553,
            -0.012520071061978368
        ],
        [
            -0.1714047251104077,
            -0.1740472400140875,
            -0.06991431247438408,
            -0.26004650316460043,
            -0.0059246977272907324,
            -0.5422604465109325,
            -0.1602940230128273,
            0.013826034170612565,
            -0.16367529422296032,
            -0.03504270164079875,
            0.0,
            0.0,
            0.0,
            1.0000000000000004,
            0.0,
            0.5155497966567484,
            0.14783459771108132,
            0.20604479790022553,
            -0.04889321214765599,
            0.035868808334615726
        ],
        [
            -0.0031811029652127087,
            -0.0032301454405021107,
            -0.0012975408150493663,
            -0.00592469772729073,
            0.05907909989792501,
            -0.027931906485984856,
            -0.008256766079593325,
            0.0007121808275164238,
            -0.03504270164079875,
            0.5148266349128079,
            0.0,
            0.0,
            0.0,
            0.0,
            1.0000000000000004,
            -0.03132678017552572,
            -0.008982996356248682,
            -0.012520071061978368,
            0.035868808334615726,
            0.5392259371163352
        ],
        [
            0.021481895628657363,
            0.14896687340345302,
            0.0011549530479363055,
            0.026974699177867434,
            -0.0001630309310232468,
            0.16835303063868112,
            0.3516556174877735,
            -0.038004031196488645,
            0.21478829881838196,
            -0.0004252373762849957,
            0.613298894609354,
            0.5805286672269477,
            -0.1799535694053645,
            0.5155497966567484,
            -0.03132678017552572,
            0.9999999999999999,
            0.6848602514927513,
            0.0,
            0.0,
            0.0
        ],
        [
            0.14896687340345305,
            0.38567706361455073,
            0.004761533836319383,
            0.11120880029664702,
            -0.0006721288764256767,
            0.3516556174877735,
            0.6598983259136573,
            -0.032138288143442335,
            0.1816367374707015,
            -0.0003596039919489149,
            0.5805286672269477,
            0.9021560220409798,
            -0.051601928101288136,
            0.14783459771108137,
            -0.00898299635624871,
            0.6848602514927513,
            1.0000000000000002,
            0.0,
            0.0,
            0.0
        ],
        [
            -0.001154953047936305,
            -0.004761533836319383,
            0.0033510612613925185,
            -0.0016606691793531478,
            1.00368289798648e-05,
            0.03800403119648864,
            0.03213828814344233,
            0.07136468928039898,
            0.0713909100831168,
            -0.00014133955835281535,
            0.1799535694053645,
            0.051601928101288094,
            0.46948516173662025,
            0.20604479790022553,
            -0.012520071061978368,
            0.0,
            0.0,
            1.0000000000000004,
            0.0,
            0.0
        ],
        [
            -0.02697469917786743,
            -0.11120880029664705,
            -0.0016606691793531483,
            -0.035363872170953964,
            0.00023441683877567136,
            -0.21478829881838188,
            -0.18163673747070128,
            0.0713909100831168,
            -0.31948533264893153,
            0.000798812187512033,
            -0.5155497966567484,
            -0.14783459771108132,
            0.20604479790022553,
            -0.04889321214765599,
            0.035868808334615726,
            0.0,
            0.0,
            0.0,
            1.0000000000000004,
            0.0
        ],
        [
            0.0001630309310232468,
            0.0006721288764256766,
            1.00368289798648e-05,
            0.0002344168387756713,
            0.003420747960118598,
            0.0004252373762849957,
            0.0003596039919489149,
            -0.00014133955835281535,
            0.000798812187512033,
            0.0839948125416274,
            0.03132678017552572,
            0.008982996356248682,
            -0.012520071061978368,
            0.035868808334615726,
            0.5392259371163352,
            0.0,
            0.0,
            0.0,
            0.0,
            1.0000000000000004
        ]
    ],
    "h": [
        [
            -0.24486603690695974,
            -0.4572969835889502,
            -0.1119853854857234,
            -0.24945588716399333,
            0.00271528823554186,
            -0.5602057731000014,
            -0.4482296912522912,
            0.016865551527593836,
            0.02716900038619907,
            -0.0029005195171325337,
            -0.2628125201380214,
            -0.3156066456924774,
            0.02219796187903683,
            0.3258496060413207,
            0.00956183665453884,
            -0.03133881477085323,
            -0.16189307614059817,
            -0.006813999682636513,
            0.09837072862206736,
            -0.0006709952528630405
        ],
        [
            -0.4572969835889502,
            -0.31092793951274666,
            -0.09594328793747303,
            -0.22010399060725042,
            0.0020610723290867584,
            -0.5390538166848496,
            -0.36870586050968,
            0.08534551502233916,
            0.07243471380720573,
            -0.008339723640334857,
            -0.3621673145642657,
            -0.3194195866572581,
            0.020570013976130855,
            0.19983345938549052,
            0.012708242127722825,
            -0.16797682068655828,
            -0.21809244468726807,
            -0.03350194207330151,
            0.14228531937453226,
            -0.004613723701111176
        ],
        [
            -0.1119853854857234,
            -0.09594328793747303,
            1.4518212876551868,
            -0.09779069259034334,
            0.001139882994015539,
            -0.028351931832599153,
            -0.08774627790793375,
            0.183583658028957,
            -0.38071962470342446,
            0.004016253261721469,
            -0.0787976445619986,
            -0.07286079227485923,
            -0.04286829279488927,
            0.08604421772807991,
            0.0035864451194256098,
            -0.013919762578379525,
            -0.04152927155040895,
            -0.01186394917908805,
            0.020663252407025844,
            -0.0002763555003613211
        ],
        [
            -0.24945588716399333,
            -0.22010399060725042,
            -0.09779069259034334,
            1.2690371665943356,
            0.0022649932327348417,
            -0.08678461777328539,
            -0.2127308645694005,
            -0.36069339879654805,
            -0.5158293165746686,
            0.007460450891955465,
            -0.24720932730979284,
            -0.1782742764279252,
            0.005932500445365196,
            0.14533494037397832,
            0.009477069526875763,
            -0.09377851820908704,
            -0.12483816192680441,
            -0.008478660795353758,
            0.130553586719769,
            -0.001845523676900601
        ],
        [
            0.00271528823554186,
            0.0020610723290867584,
            0.001139882994015539,
            0.0022649932327348417,
            1.4953219201551589,
            -0.0006670915689947661,
            0.0014605422157105922,
            0.0053043304663520615,
            0.010864527072804178,
            0.3489754321137838,
            -0.0007987104135165407,
            0.0013761529599327065,
            -0.00022537991430076265,
            -0.0020452679140974175,
            -0.046212396490638824,
            -0.00021972424943620967,
            0.00035863641731108116,
            -5.1918315343523036e-05,
            -0.0004266049526608249,
            -0.009461305576137695
        ],
        [
            -0.5602057731000014,
            -0.5390538166848496,
            -0.028351931832599153,
            -0.08678461777328539,
            -0.0006670915689947661,
            -0.465078454509134,
            -0.612191698450203,
            0.10997262147127204,
            -0.04091935552186812,
            -0.016265638067129225,
            -0.5834297589782188,
            -0.5420333032890772,
            0.03511366310819218,
            0.03548230212827641,
            0.006187283458864115,
            -0.3210644840204046,
            -0.3865854331226716,
            -0.07249254599435125,
            0.2878921370542955,
            -0.008604320317485016
        ],
        [
            -0.4482296912522912,
            -0.36870586050968,
            -0.08774627790793375,
            -0.2127308645694005,
            0.0014605422157105922,
            -0.612191698450203,
            -0.4403388178447889,
            0.09179200873010701,
            -0.05156466602545072,
            -0.012950697433874236,
            -0.5561494538647976,
            -0.42196050036729393,
            0.04897147079449454,
            0.1353246507441186,
            0.019334688539717957,
            -0.35675370265967443,
            -0.33429760346996384,
            -0.06707358435899785,
            0.21826144100664235,
            -0.010230438944376329
        ],
        [
            0.016865551527593836,
            0.08534551502233916,
            0.183583658028957,
            -0.36069339879654805,
            0.0053043304663520615,
            0.10997262147127204,
            0.09179200873010701,
            1.3539354897207445,
            -0.08418054967346135,
            0.001598623486076767,
            0.03565955434547514,
            0.061132882324220574,
            0.4451228816471815,
            -0.011775666569578742,
            -0.000624386353757497,
            0.0234688925909064,
            0.03030741616199191,
            -0.04351929983183314,
            0.0018913829153250628,
            0.000780702462036843
        ],
        [
            0.02716900038619907,
            0.07243471380720573,
            -0.38071962470342446,
            -0.5158293165746686,
            0.010864527072804178,
            -0.04091935552186812,
            -0.05156466602545072,
            -0.08418054967346135,
            0.8216100352579572,
            -0.011736334802727294,
            -0.08331434735401388,
            -0.16710772425763298,
            0.05033762631750954,
            -0.7130239647419713,
            -0.04468354272615438,
            -0.36802797574030954,
            -0.2173821843477089,
            -0.06778583264140092,
            0.10425872325528751,
            -0.01346696782997056
        ],
        [
            -0.0029005195171325337,
            -0.008339723640334857,
            0.004016253261721469,
            0.007460450891955465,
            0.3489754321137838,
            -0.016265638067129225,
            -0.012950697433874236,
            0.001598623486076767,
            -0.011736334802727294,
            1.3955391879171266,
            -0.0017335922932980724,
            -0.011969066316638428,
            0.0017747480625502077,
            -0.05039091639452346,
            0.44987463027394803,
            -0.009003037071601092,
            -0.010248258124581803,
            -0.003176373841256425,
            0.011056566118471398,
            -0.045476193634151535
        ],
        [
            -0.2628125201380214,
            -0.3621673145642657,
            -0.0787976445619986,
            -0.24720932730979284,
            -0.0007987104135165407,
            -0.5834297589782188,
            -0.5561494538647976,
            0.03565955434547514,
            -0.08331434735401388,
            -0.0017335922932980724,
            -0.5410837423618715,
            -0.639115933769251,
            0.09706628058011231,
            -0.03361861235610872,
            0.0312091345991988,
            -0.6402250435896542,
            -0.5810913839299061,
            -0.021901515001896577,
            0.09243320815258915,
            -0.001331273449984606
        ],
        [
            -0.3156066456924774,
            -0.3194195866572581,
            -0.07286079227485923,
            -0.1782742764279252,
            0.0013761529599327065,
            -0.5420333032890772,
            -0.42196050036729393,
            0.061132882324220574,
            -0.16710772425763298,
            -0.011969066316638428,
            -0.639115933769251,
            -0.44091152842128145,
            0.07409960574772745,
            0.0138831955380469,
            0.02401000864269765,
            -0.4909907712091368,
            -0.3769760079095723,
            -0.08213401007377724,
            0.2594499416229503,
            -0.012401249904348018
        ],
        [
            0.02219796187903683,
            0.020570013976130855,
            -0.04286829279488927,
            0.005932500445365196,
            -0.00022537991430076265,
            0.03511366310819218,
            0.04897147079449454,
            0.4451228816471815,
            0.05033762631750954,
            0.0017747480625502077,
            0.09706628058011231,
            0.07409960574772745,
            1.3417052687128626,
            0.09416083474322597,
            -0.005447576026509318,
            0.0029318817004448383,
            0.07082937739309711,
            0.39808931224984956,
            0.29499985590349853,
            -0.018409507745257767
        ],
        [
            0.3258496060413207,
            0.19983345938549052,
            0.08604421772807991,
            0.14533494037397832,
            -0.0020452679140974175,
            0.03548230212827641,
            0.1353246507441186,
            -0.011775666569578742,
            -0.7130239647419713,
            -0.05039091639452346,
            -0.03361861235610872,
            0.0138831955380469,
            0.09416083474322597,
            0.7561194518839263,
            0.0015243555458571523,
            0.009581652522611672,
            -0.08740376335933553,
            0.3118049283616121,
            -0.426577010685534,
            0.05327913843122434
        ],
        [
            0.00956183665453884,
            0.012708242127722825,
            0.0035864451194256098,
            0.009477069526875763,
            -0.046212396490638824,
            0.006187283458864115,
            0.019334688539717957,
            -0.000624386353757497,
            -0.04468354272615438,
            0.44987463027394803,
            0.0312091345991988,
            0.02401000864269765,
            -0.005447576026509318,
            0.0015243555458571523,
            1.372592337020481,
            0.004461512344143798,
            0.01950303335017564,
            -0.016967236007683732,
            0.046287289042533944,
            0.4990302140241034
        ],
        [
            -0.03133881477085323,
            -0.16797682068655828,
            -0.013919762578379525,
            -0.09377851820908704,
            -0.00021972424943620967,
            -0.3210644840204046,
            -0.35675370265967443,
            0.0234688925909064,
            -0.36802797574030954,
            -0.009003037071601092,
            -0.6402250435896542,
            -0.4909907712091368,
            0.0029318817004448383,
            0.009581652522611672,
            0.004461512344143798,
            -0.32900436472257355,
            -0.4924160554002517,
            -0.11134056504701088,
            0.31991254901051946,
            -0.01820534081216851
        ],
        [
            -0.16189307614059817,
            -0.21809244468726807,
            -0.04152927155040895,
            -0.12483816192680441,
            0.00035863641731108116,
            -0.3865854331226716,
            -0.33429760346996384,
            0.03030741616199191,
            -0.2173821843477089,
            -0.010248258124581803,
            -0.5810913839299061,
            -0.3769760079095723,
            0.07082937739309711,
            -0.08740376335933553,
            0.01950303335017564,
            -0.4924160554002517,
            -0.3227432167767226,
            -0.08722966464682111,
            0.2605257063210245,
            -0.01377571721126276
        ],
        [
            -0.006813999682636513,
            -0.03350194207330151,
            -0.01186394917908805,
            -0.008478660795353758,
            -5.1918315343523036e-05,
            -0.07249254599435125,
            -0.06707358435899785,
            -0.04351929983183314,
            -0.06778583264140092,
            -0.003176373841256425,
            -0.021901515001896577,
            -0.08213401007377724,
            0.39808931224984956,
            0.3118049283616121,
            -0.016967236007683732,
            -0.11134056504701088,
            -0.08722966464682111,
            1.427087702070324,
            0.10014774059544027,
            -0.0057065252946575575
        ],
        [
            0.09837072862206736,
            0.14228531937453226,
            0.020663252407025844,
            0.130553586719769,
            -0.0004266049526608249,
            0.2878921370542955,
            0.21826144100664235,
            0.0018913829153250628,
            0.10425872325528751,
            0.011056566118471398,
            0.09243320815258915,
            0.2594499416229503,
            0.29499985590349853,
            -0.426577010685534,
            0.046287289042533944,
            0.31991254901051946,
            0.2605257063210245,
            0.10014774059544027,
            1.159070905108916,
            0.01620968828305927
        ],
        [
            -0.0006709952528630405,
            -0.004613723701111176,
            -0.0002763555003613211,
            -0.001845523676900601,
            -0.009461305576137695,
            -0.008604320317485016,
            -0.010230438944376329,
            0.000780702462036843,
            -0.01346696782997056,
            -0.045476193634151535,
            -0.001331273449984606,
            -0.012401249904348018,
            -0.018409507745257767,
            0.05327913843122434,
            0.4990302140241034,
            -0.01820534081216851,
            -0.01377571721126276,
            -0.0057065252946575575,
            0.01620968828305927,
            1.4603722398653138
        ]
    ]
}