{
    "HF": -2.1366985790052015,
    "coordinates": [
        [
            0.720354,
            -0.192465,
            -0.125764
        ],
        [
            1.421692,
            -0.079211,
            -0.003951
        ],
        [
            2.107012,
            0.183582,
            -0.101406
        ],
        [
            2.940827,
            0.117868,
            0.143965
        ]
    ],
    "elements": [
        "H",
        "H",
        "H",
        "H"
    ],
    "Enn": 3.002404402536858,
    "S": [
        [
            0.9999999999999999,
            0.6848602514927513,
            0.0,
            0.0,
            0.0,
            0.5862438407981627,
            0.5710991899535582,
            -0.09154565532597086,
            -0.527073849383939,
            -0.08511334297888982,
            0.14711470874099916,
            0.3329553678735222,
            -0.003260528587508744,
            -0.18561614459716316,
            -0.05033713743931772,
            0.011914741036814934,
            0.11573781580370128,
            -0.0016958968090752796,
            -0.013961024121758554,
            -0.0019511908042915615
        ],
        [
            0.6848602514927513,
            1.0000000000000002,
            0.0,
            0.0,
            0.0,
            0.5710991899535582,
            0.892995316367638,
            -0.027306758152054023,
            -0.15721858216155304,
            -0.02538809148245857,
            0.3329553678735222,
            0.6377613824205665,
            -0.0030679695197414927,
            -0.17465409632587647,
            -0.04736434575869242,
            0.11573781580370128,
            0.32927481889249655,
            -0.010950885377744753,
            -0.0901502816062678,
            -0.012599390914331283
        ],
        [
            0.0,
            0.0,
            1.0000000000000004,
            0.0,
            0.0,
            0.09154565532597086,
            0.02730675815205402,
            0.48983339591796526,
            -0.11299588263439589,
            -0.018246887651711258,
            0.003260528587508744,
            0.003067969519741492,
            0.06843616206363075,
            -0.006010329113598666,
            -0.001629937758395681,
            0.0016958968090752787,
            0.010950885377744746,
            0.001081952214855447,
            -0.0020740947540122583,
            -0.0002898751965445588
        ],
        [
            0.0,
            0.0,
            0.0,
            1.0000000000000004,
            0.0,
            0.5270738493839388,
            0.15721858216155302,
            -0.11299588263439586,
            -0.14111420737513852,
            -0.10505640360122377,
            0.1856161445971632,
            0.17465409632587645,
            -0.006010329113598677,
            -0.27361570164957827,
            -0.092789483216251,
            0.013961024121758552,
            0.09015028160626783,
            -0.00207409475401226,
            -0.015740539049595194,
            -0.0023863212605870583
        ],
        [
            0.0,
            0.0,
            0.0,
            0.0,
            1.0000000000000004,
            0.08511334297888982,
            0.025388091482458543,
            -0.018246887651711258,
            -0.10505640360122379,
            0.4924944659268492,
            0.05033713743931772,
            0.047364345758692375,
            -0.001629937758395683,
            -0.09278948321625093,
            0.043378211798697025,
            0.0019511908042915613,
            0.01259939091433128,
            -0.00028987519654455904,
            -0.002386321260587058,
            0.001000388182391737
        ],
        [
            0.5862438407981627,
            0.5710991899535582,
            0.09154565532597086,
            0.527073849383939,
            0.08511334297888982,
            0.9999999999999999,
            0.6848602514927513,
            0.0,
            0.0,
            0.0,
            0.570376960412689,
            0.5654028750061278,
            0.07074473472153785,
            -0.4974889087205819,
            -0.19076723689576824,
            0.11350674302409905,
            0.2994970722273439,
            -0.01442797243333581,
            -0.148178952260172,
            -0.01922341314793118
        ],
        [
            0.5710991899535582,
            0.892995316367638,
            0.027306758152054023,
            0.15721858216155304,
            0.025388091482458547,
            0.6848602514927513,
            1.0000000000000002,
            0.0,
            0.0,
            0.0,
            0.5654028750061278,
            0.8874334671089844,
            0.02161392752547864,
            -0.15199278448269476,
            -0.05828319589762566,
            0.29949707222734395,
            0.5969392059514865,
            -0.01663507299610954,
            -0.17084643727483753,
            -0.022164090098436076
        ],
        [
            -0.09154565532597086,
            -0.02730675815205401,
            0.48983339591796526,
            -0.11299588263439586,
            -0.018246887651711258,
            0.0,
            0.0,
            1.0000000000000004,
            0.0,
            0.0,
            -0.07074473472153783,
            -0.021613927525478627,
            0.4787378517337887,
            0.08510793951250513,
            0.032635514428748263,
            0.014427972433335809,
            0.016635072996109525,
            0.043587981281081455,
            -0.026959229908339214,
            -0.0034974495822330367
        ],
        [
            -0.527073849383939,
            -0.15721858216155302,
            -0.11299588263439589,
            -0.14111420737513836,
            -0.10505640360122379,
            0.0,
            0.0,
            0.0,
            1.0000000000000004,
            0.0,
            0.4974889087205819,
            0.1519927844826947,
            0.08510793951250513,
            -0.10765287708266036,
            -0.2294984428537249,
            0.148178952260172,
            0.17084643727483745,
            -0.026959229908339228,
            -0.23066519583101552,
            -0.035919698146959
        ],
        [
            -0.08511334297888982,
            -0.025388091482458568,
            -0.018246887651711258,
            -0.10505640360122377,
            0.4924944659268492,
            0.0,
            0.0,
            0.0,
            0.0,
            1.0000000000000004,
            0.19076723689576822,
            0.05828319589762562,
            0.032635514428748263,
            -0.2294984428537249,
            0.40283697324247403,
            0.01922341314793118,
            0.022164090098436066,
            -0.003497449582233038,
            -0.035919698146958993,
            0.041553062238348176
        ],
        [
            0.14711470874099916,
            0.3329553678735222,
            0.003260528587508744,
            0.18561614459716314,
            0.05033713743931772,
            0.570376960412689,
            0.5654028750061278,
            -0.07074473472153785,
            0.4974889087205819,
            0.19076723689576824,
            0.9999999999999999,
            0.6848602514927513,
            0.0,
            0.0,
            0.0,
            0.4675109898887888,
            0.5251117953451622,
            -0.13848279714764924,
            -0.47058957050208544,
            0.03708775092313524
        ],
        [
            0.3329553678735222,
            0.6377613824205665,
            0.0030679695197414927,
            0.1746540963258764,
            0.04736434575869242,
            0.5654028750061278,
            0.8874334671089844,
            -0.02161392752547864,
            0.15199278448269476,
            0.05828319589762566,
            0.6848602514927513,
            1.0000000000000002,
            0.0,
            0.0,
            0.0,
            0.5251117953451622,
            0.8474655801180562,
            -0.05028948808399654,
            -0.17089276852911514,
            0.013468272208010511
        ],
        [
            -0.0032605285875087434,
            -0.003067969519741492,
            0.06843616206363075,
            -0.006010329113598674,
            -0.001629937758395683,
            0.07074473472153783,
            0.021613927525478638,
            0.4787378517337887,
            0.08510793951250513,
            0.032635514428748263,
            0.0,
            0.0,
            1.0000000000000004,
            0.0,
            0.0,
            0.1384827971476492,
            0.0502894880839965,
            0.31467528832924413,
            -0.19810859058464347,
            0.015613185085035963
        ],
        [
            -0.18561614459716316,
            -0.17465409632587645,
            -0.0060103291135986696,
            -0.2736157016495783,
            -0.09278948321625097,
            -0.4974889087205819,
            -0.1519927844826947,
            0.08510793951250513,
            -0.10765287708266036,
            -0.2294984428537249,
            0.0,
            0.0,
            0.0,
            1.0000000000000004,
            0.0,
            0.47058957050208544,
            0.17089276852911509,
            -0.19810859058464347,
            -0.3002350764079258,
            0.05305642444167919
        ],
        [
            -0.05033713743931772,
            -0.047364345758692375,
            -0.001629937758395681,
            -0.09278948321625094,
            0.043378211798697025,
            -0.19076723689576822,
            -0.058283195897625595,
            0.032635514428748263,
            -0.2294984428537249,
            0.40283697324247403,
            0.0,
            0.0,
            0.0,
            0.0,
            1.0000000000000004,
            -0.03708775092313526,
            -0.013468272208010506,
            0.015613185085035956,
            0.05305642444167917,
            0.36879227243793017
        ],
        [
            0.011914741036814934,
            0.11573781580370128,
            0.0016958968090752796,
            0.013961024121758552,
            0.0019511908042915615,
            0.11350674302409905,
            0.2994970722273439,
            0.01442797243333581,
            0.148178952260172,
            0.01922341314793118,
            0.4675109898887888,
            0.5251117953451622,
            0.13848279714764924,
            0.47058957050208544,
            -0.03708775092313526,
            0.9999999999999999,
            0.6848602514927513,
            0.0,
            0.0,
            0.0
        ],
        [
            0.11573781580370128,
            0.32927481889249655,
            0.010950885377744753,
            0.09015028160626783,
            0.01259939091433128,
            0.29949707222734395,
            0.5969392059514865,
            0.01663507299610954,
            0.17084643727483753,
            0.022164090098436076,
            0.5251117953451622,
            0.8474655801180562,
            0.05028948808399654,
            0.17089276852911514,
            -0.013468272208010511,
            0.6848602514927513,
            1.0000000000000002,
            0.0,
            0.0,
            0.0
        ],
        [
            -0.0016958968090752787,
            -0.010950885377744746,
            0.001081952214855447,
            -0.0020740947540122583,
            -0.0002898751965445588,
            -0.01442797243333581,
            -0.016635072996109522,
            0.043587981281081455,
            -0.026959229908339228,
            -0.0034974495822330367,
            -0.1384827971476492,
            -0.050289488083996504,
            0.31467528832924413,
            -0.19810859058464347,
            0.015613185085035956,
            0.0,
            0.0,
            1.0000000000000004,
            0.0,
            0.0
        ],
        [
            -0.013961024121758554,
            -0.0901502816062678,
            -0.00207409475401226,
            -0.015740539049595194,
            -0.0023863212605870583,
            -0.148178952260172,
            -0.17084643727483745,
            -0.026959229908339214,
            -0.23066519583101558,
            -0.03591969814695897,
            -0.47058957050208544,
            -0.17089276852911509,
            -0.19810859058464347,
            -0.3002350764079258,
            0.05305642444167917,
            0.0,
            0.0,
            0.0,
            1.0000000000000004,
            0.0
        ],
        [
            -0.0019511908042915613,
            -0.01259939091433128,
            -0.00028987519654455904,
            -0.002386321260587058,
            0.001000388182391737,
            -0.01922341314793118,
            -0.022164090098436066,
            -0.003497449582233038,
            -0.035919698146959014,
            0.041553062238348176,
            0.03708775092313524,
            0.013468272208010506,
            0.015613185085035963,
            0.05305642444167919,
            0.36879227243793017,
            0.0,
            0.0,
            0.0,
            0.0,
            1.0000000000000004
        ]
    ],
    "h": [
        [
            -0.30623661885932285,
            -0.484343576923972,
            -0.04953252030688412,
            -0.3097521088251687,
            -0.053796323523847216,
            -0.61603117531878,
            -0.47982145281529,
            0.016505329204823532,
            0.0073055059677044065,
            -0.01171147207334225,
            -0.29300835635276345,
            -0.34019189967582625,
            -0.012950726383205423,
            0.3318936956794285,
            0.09975273922826373,
            -0.010247136739289647,
            -0.1380854836790914,
            0.008375240708219118,
            0.06468691306787541,
            0.007339068884554779
        ],
        [
            -0.484343576923972,
            -0.32079166551499694,
            -0.038815922152377696,
            -0.2564968988321177,
            -0.04607668123039995,
            -0.5656576989633104,
            -0.37406184781940954,
            0.05440681583328055,
            0.10796064570863562,
            -0.008307200054170037,
            -0.36108173420661,
            -0.32397486422708666,
            -0.030553381796752935,
            0.1988041437317532,
            0.08166640158003904,
            -0.13141899542476435,
            -0.19646143230750324,
            0.023309013654813984,
            0.10907864132929211,
            0.0012571717679636073
        ],
        [
            -0.04953252030688412,
            -0.038815922152377696,
            1.4564821851240415,
            -0.04687977539692799,
            -0.007643355615601719,
            -0.004679144387293277,
            -0.035344836139233046,
            0.42532293893633777,
            -0.16515848822746892,
            -0.027779314737372267,
            -0.02544194078792357,
            -0.029345437514978395,
            -0.05014956956350425,
            0.03295766339257222,
            0.011181747958423454,
            -0.005174914329271938,
            -0.014424892103479595,
            -0.003139471281275965,
            0.00983726495908062,
            0.001122515880244333
        ],
        [
            -0.3097521088251687,
            -0.2564968988321177,
            -0.04687977539692799,
            1.1657107131606925,
            -0.05206475738933472,
            -0.08851574054724232,
            -0.25223110629130907,
            -0.1466629841881355,
            -0.5247765374596163,
            -0.17446044011488027,
            -0.2697240027876521,
            -0.20890756622188328,
            -0.026261698847016755,
            0.13517753475373184,
            0.07076172713972148,
            -0.06789493842822224,
            -0.12615954512483213,
            0.014013688094545413,
            0.08767818108292982,
            0.008578184579816552
        ],
        [
            -0.053796323523847216,
            -0.04607668123039995,
            -0.007643355615601719,
            -0.05206475738933472,
            1.455097120773886,
            -0.022403321604414023,
            -0.04714714973264498,
            -0.022341254506616393,
            -0.16043630331894618,
            0.4227534757024377,
            -0.058332643087183667,
            -0.038725111397896306,
            -0.005469327806229881,
            0.029175260132204145,
            -0.03511322031336876,
            -0.013625265832164928,
            -0.024486257267039877,
            0.002609841381403676,
            0.015951890452501505,
            -0.003197788654466233
        ],
        [
            -0.61603117531878,
            -0.5656576989633104,
            -0.004679144387293277,
            -0.08851574054724232,
            -0.022403321604414023,
            -0.50652753327852,
            -0.6265553890590282,
            0.0831550167054658,
            0.05737105337835431,
            -0.04251647213753598,
            -0.5589596850194718,
            -0.541277606773322,
            -0.012659408989322968,
            0.07500986504971008,
            0.035478742923636675,
            -0.23060805905034437,
            -0.3341015454843773,
            0.041936690840014,
            0.2251149262721209,
            0.008140681109511556
        ],
        [
            -0.47982145281529,
            -0.37406184781940954,
            -0.035344836139233046,
            -0.25223110629130907,
            -0.04714714973264498,
            -0.6265553890590282,
            -0.44190670052488534,
            0.06299007094354218,
            0.009633013932033377,
            -0.0403929405725927,
            -0.5235660738787281,
            -0.4201725909655383,
            -0.05373087440425139,
            0.1450128988670542,
            0.09361328070551135,
            -0.2934373809978599,
            -0.30675409845492596,
            0.04314789651826041,
            0.16440050847299492,
            -0.007511659847002715
        ],
        [
            0.016505329204823532,
            0.05440681583328055,
            0.42532293893633777,
            -0.1466629841881355,
            -0.022341254506616393,
            0.0831550167054658,
            0.06299007094354218,
            1.3693415862366647,
            -0.020384915261873162,
            0.0038598014969666045,
            0.007697886196546433,
            0.044489674170687235,
            0.3970638252351767,
            0.09772593796520848,
            0.040503414407524266,
            -1.847278322123294e-05,
            0.022805071719228198,
            -0.0464958265451732,
            -0.011597052782753421,
            -0.00022523446813175422
        ],
        [
            0.0073055059677044065,
            0.10796064570863562,
            -0.16515848822746892,
            -0.5247765374596163,
            -0.16043630331894618,
            0.05737105337835431,
            0.009633013932033377,
            -0.020384915261873162,
            0.8214082535047893,
            -0.1413508107230342,
            -0.03008862308382887,
            -0.1123332300220739,
            0.09724268194691657,
            -0.5959568386288265,
            -0.3415657715595065,
            -0.2892641833908166,
            -0.18254735856751153,
            0.049903065505015005,
            0.16216118251455403,
            -0.005092830853206165
        ],
        [
            -0.01171147207334225,
            -0.008307200054170037,
            -0.027779314737372267,
            -0.17446044011488027,
            0.4227534757024377,
            -0.04251647213753598,
            -0.0403929405725927,
            0.0038598014969666045,
            -0.1413508107230342,
            1.3405426640278444,
            -0.009115093530873974,
            -0.059751998228501566,
            0.04100625671510029,
            -0.35090994760882405,
            0.28898812219628955,
            -0.06994854924194763,
            -0.06368597660443796,
            0.014207935498390618,
            0.060066736446706744,
            -0.04525693151962368
        ],
        [
            -0.29300835635276345,
            -0.36108173420661,
            -0.02544194078792357,
            -0.2697240027876521,
            -0.058332643087183667,
            -0.5589596850194718,
            -0.5235660738787281,
            0.007697886196546433,
            -0.03008862308382887,
            -0.009115093530873974,
            -0.41505956840201863,
            -0.5897183752583486,
            -0.09254526754789796,
            0.030120497808666463,
            0.10536699094963604,
            -0.5181148188127438,
            -0.5111633456230528,
            0.019150264547474843,
            0.09464349739213285,
            0.001469783569613553
        ],
        [
            -0.34019189967582625,
            -0.32397486422708666,
            -0.029345437514978395,
            -0.20890756622188328,
            -0.038725111397896306,
            -0.541277606773322,
            -0.4201725909655383,
            0.044489674170687235,
            -0.1123332300220739,
            -0.059751998228501566,
            -0.5897183752583486,
            -0.4371897896307637,
            -0.077369105060745,
            0.035078824069034155,
            0.09136477149432065,
            -0.42670191821358994,
            -0.3628104111753745,
            0.05100564872377475,
            0.19703067694689713,
            -0.008404710791394676
        ],
        [
            -0.012950726383205423,
            -0.030553381796752935,
            -0.05014956956350425,
            -0.026261698847016755,
            -0.005469327806229881,
            -0.012659408989322968,
            -0.05373087440425139,
            0.3970638252351767,
            0.09724268194691657,
            0.04100625671510029,
            -0.09254526754789796,
            -0.077369105060745,
            1.3856527350784225,
            -0.0289686847655057,
            0.016017500842053344,
            -0.024434189810325413,
            -0.06619732331039888,
            0.18881492575314623,
            -0.24029002962906698,
            0.021051297497428033
        ],
        [
            0.3318936956794285,
            0.1988041437317532,
            0.03295766339257222,
            0.13517753475373184,
            0.029175260132204145,
            0.07500986504971008,
            0.1450128988670542,
            0.09772593796520848,
            -0.5959568386288265,
            -0.35090994760882405,
            0.030120497808666463,
            0.035078824069034155,
            -0.0289686847655057,
            0.9122672326353303,
            -0.08746980243590965,
            -0.05267369908246389,
            -0.08456420501790476,
            -0.2579017569765995,
            -0.6290095560436471,
            0.06544974314154418
        ],
        [
            0.09975273922826373,
            0.08166640158003904,
            0.011181747958423454,
            0.07076172713972148,
            -0.03511322031336876,
            0.035478742923636675,
            0.09361328070551135,
            0.040503414407524266,
            -0.3415657715595065,
            0.28898812219628955,
            0.10536699094963604,
            0.09136477149432065,
            0.016017500842053344,
            -0.08746980243590965,
            1.3693547061834053,
            0.012178174296857941,
            0.05001236137427255,
            0.017125703549487156,
            0.04735350193848209,
            0.2544457103300485
        ],
        [
            -0.010247136739289647,
            -0.13141899542476435,
            -0.005174914329271938,
            -0.06789493842822224,
            -0.013625265832164928,
            -0.23060805905034437,
            -0.2934373809978599,
            -1.847278322123294e-05,
            -0.2892641833908166,
            -0.06994854924194763,
            -0.5181148188127438,
            -0.42670191821358994,
            -0.024434189810325413,
            -0.05267369908246389,
            0.012178174296857941,
            -0.20793416885383986,
            -0.4410249649420881,
            0.0639068026247256,
            0.22662158370315758,
            -0.015283147364280807
        ],
        [
            -0.1380854836790914,
            -0.19646143230750324,
            -0.014424892103479595,
            -0.12615954512483213,
            -0.024486257267039877,
            -0.3341015454843773,
            -0.30675409845492596,
            0.022805071719228198,
            -0.18254735856751153,
            -0.06368597660443796,
            -0.5111633456230528,
            -0.3628104111753745,
            -0.06619732331039888,
            -0.08456420501790476,
            0.05001236137427255,
            -0.4410249649420881,
            -0.30616509427205774,
            0.05732268958304065,
            0.2089122780318417,
            -0.012403462198099022
        ],
        [
            0.008375240708219118,
            0.023309013654813984,
            -0.003139471281275965,
            0.014013688094545413,
            0.002609841381403676,
            0.041936690840014,
            0.04314789651826041,
            -0.0464958265451732,
            0.049903065505015005,
            0.014207935498390618,
            0.019150264547474843,
            0.05100564872377475,
            0.18881492575314623,
            -0.2579017569765995,
            0.017125703549487156,
            0.0639068026247256,
            0.05732268958304065,
            1.4849871451847174,
            -0.05792782636843214,
            0.004284583574776937
        ],
        [
            0.06468691306787541,
            0.10907864132929211,
            0.00983726495908062,
            0.08767818108292982,
            0.015951890452501505,
            0.2251149262721209,
            0.16440050847299492,
            -0.011597052782753421,
            0.16216118251455403,
            0.060066736446706744,
            0.09464349739213285,
            0.19703067694689713,
            -0.24029002962906698,
            -0.6290095560436471,
            0.04735350193848209,
            0.22662158370315758,
            0.2089122780318417,
            -0.05792782636843214,
            1.292128999235223,
            0.012690291342538493
        ],
        [
            0.007339068884554779,
            0.0012571717679636073,
            0.001122515880244333,
            0.008578184579816552,
            -0.003197788654466233,
            0.008140681109511556,
            -0.007511659847002715,
            -0.00022523446813175422,
            -0.005092830853206165,
            -0.04525693151962368,
            0.001469783569613553,
            -0.008404710791394676,
            0.021051297497428033,
            0.06544974314154418,
            0.2544457103300485,
            -0.015283147364280807,
            -0.012403462198099022,
            0.004284583574776937,
            0.012690291342538493,
            1.5001660615154606
        ]
    ]
}