{
    "HF": -2.1175767993087558,
    "coordinates": [
        [
            0.743191,
            0.143138,
            -0.059596
        ],
        [
            1.485621,
            -0.045966,
            -0.039492
        ],
        [
            2.165244,
            -0.05048,
            -0.02826
        ],
        [
            2.942641,
            0.023054,
            -0.194022
        ]
    ],
    "elements": [
        "H",
        "H",
        "H",
        "H"
    ],
    "Enn": 3.1010793339990252,
    "S": [
        [
            0.9999999999999999,
            0.6848602514927513,
            0.0,
            0.0,
            0.0,
            0.5495239092595223,
            0.5577201855918651,
            -0.013922545295123549,
            -0.5141521738688108,
            0.13095946107685252,
            0.14763604322171714,
            0.3334342653394943,
            -0.004212785405390563,
            -0.1911796056960642,
            0.026029840586574867,
            0.014348571407229904,
            0.12534998122388522,
            0.0010607692319546471,
            -0.01735608354948186,
            0.0009475950519247901
        ],
        [
            0.6848602514927513,
            1.0000000000000002,
            0.0,
            0.0,
            0.0,
            0.5577201855918651,
            0.8798982354234172,
            -0.00439409722037238,
            -0.16227166729611328,
            0.041332140905357036,
            0.3334342653394943,
            0.6383340810845124,
            -0.003952943159100354,
            -0.17938775460263387,
            0.024424334585738183,
            0.12534998122388522,
            0.34615395207878513,
            0.00594547840885624,
            -0.0972786699474719,
            0.005311151334184554
        ],
        [
            0.0,
            0.0,
            1.0000000000000004,
            0.0,
            0.0,
            0.013922545295123549,
            0.004394097220372379,
            0.46603238528562035,
            -0.018077658259585152,
            0.004604551927482173,
            0.004212785405390565,
            0.0039529431591003505,
            0.068733660339992,
            -0.007972040842180424,
            0.0010854241042923785,
            -0.0010607692319546467,
            -0.005945478408856236,
            0.0017124994779050056,
            0.001379201391317152,
            -7.53006523789715e-05
        ],
        [
            0.0,
            0.0,
            0.0,
            1.0000000000000004,
            0.0,
            0.5141521738688111,
            0.16227166729611325,
            -0.01807765825958516,
            -0.20107637621220678,
            0.1700436474095001,
            0.1911796056960641,
            0.17938775460263376,
            -0.007972040842180422,
            -0.2928683247430603,
            0.04925742289319916,
            0.017356083549481857,
            0.09727866994747184,
            0.0013792013913171523,
            -0.02076941019369464,
            0.001232053470868202
        ],
        [
            0.0,
            0.0,
            0.0,
            0.0,
            1.0000000000000004,
            -0.1309594610768525,
            -0.04133214090535702,
            0.004604551927482175,
            0.1700436474095001,
            0.4232101654695091,
            -0.02602984058657487,
            -0.024424334585738186,
            0.0010854241042923783,
            0.04925742289319916,
            0.06220274212955619,
            -0.0009475950519247901,
            -0.005311151334184552,
            -7.530065237897152e-05,
            0.001232053470868202,
            0.0017295267425545603
        ],
        [
            0.5495239092595223,
            0.5577201855918651,
            0.013922545295123549,
            0.5141521738688111,
            -0.13095946107685252,
            0.9999999999999999,
            0.6848602514927513,
            0.0,
            0.0,
            0.0,
            0.6196563773694959,
            0.5826944428610383,
            -0.009052357844038308,
            -0.5477377666523191,
            0.0036380291406685277,
            0.13657524272940647,
            0.32303437435960836,
            0.018888449136619627,
            -0.1780938857246978,
            -0.008436425026917022
        ],
        [
            0.5577201855918651,
            0.8798982354234172,
            0.004394097220372368,
            0.16227166729611328,
            -0.04133214090535703,
            0.6848602514927513,
            1.0000000000000002,
            0.0,
            0.0,
            0.0,
            0.5826944428610383,
            0.9042520457696214,
            -0.0025724722963076986,
            -0.15565449959344074,
            0.0010338443683701023,
            0.32303437435960836,
            0.6258259895744451,
            0.018843907141315584,
            -0.17767391175201983,
            -0.008416530582369783
        ],
        [
            -0.013922545295123549,
            -0.004394097220372379,
            0.46603238528562035,
            -0.01807765825958516,
            0.004604551927482176,
            0.0,
            0.0,
            1.0000000000000004,
            0.0,
            0.0,
            0.009052357844038315,
            0.0025724722963077038,
            0.5487646754163966,
            -0.010878918455835293,
            7.22568805199948e-05,
            -0.018888449136619627,
            -0.01884390714131559,
            0.057447180134618074,
            0.035799263918311744,
            0.0016958347830790766
        ],
        [
            -0.5141521738688108,
            -0.16227166729611325,
            -0.018077658259585155,
            -0.20107637621220678,
            0.17004364740950015,
            0.0,
            0.0,
            0.0,
            1.0000000000000004,
            0.0,
            0.5477377666523187,
            0.15565449959344108,
            -0.010878918455835294,
            -0.10931436247332509,
            0.004372100953493627,
            0.17809388572469773,
            0.17767391175202,
            0.03579926391831174,
            -0.276297199956442,
            -0.015989550220940115
        ],
        [
            0.1309594610768525,
            0.04133214090535701,
            0.004604551927482173,
            0.17004364740950006,
            0.4232101654695091,
            0.0,
            0.0,
            0.0,
            0.0,
            1.0000000000000004,
            -0.0036380291406685277,
            -0.0010338443683701021,
            7.225688051999487e-05,
            0.00437210095349363,
            0.5489154300971415,
            0.008436425026917018,
            0.00841653058236978,
            0.0016958347830790766,
            -0.015989550220940122,
            0.06048657664053249
        ],
        [
            0.14763604322171714,
            0.3334342653394943,
            0.004212785405390565,
            0.19117960569606418,
            -0.026029840586574867,
            0.6196563773694959,
            0.5826944428610383,
            0.009052357844038315,
            0.5477377666523191,
            -0.0036380291406685277,
            0.9999999999999999,
            0.6848602514927513,
            0.0,
            0.0,
            0.0,
            0.5242270819399149,
            0.5480855679616488,
            0.10814810850804217,
            -0.5071971568262119,
            -0.04797579065787317
        ],
        [
            0.3334342653394943,
            0.6383340810845124,
            0.0039529431591003505,
            0.17938775460263395,
            -0.024424334585738186,
            0.5826944428610383,
            0.9042520457696214,
            0.0025724722963077046,
            0.1556544995934411,
            -0.0010338443683701023,
            0.6848602514927513,
            1.0000000000000002,
            0.0,
            0.0,
            0.0,
            0.5480855679616488,
            0.8703924718966632,
            0.03556258045573349,
            -0.16678275695603237,
            -0.01577598479284701
        ],
        [
            -0.004212785405390563,
            -0.003952943159100354,
            0.068733660339992,
            -0.007972040842180424,
            0.0010854241042923783,
            -0.009052357844038308,
            -0.002572472296307698,
            0.5487646754163966,
            -0.010878918455835293,
            7.225688051999484e-05,
            0.0,
            0.0,
            1.0000000000000004,
            0.0,
            0.0,
            -0.10814810850804216,
            -0.03556258045573346,
            0.4060883865485103,
            0.14629228776121903,
            0.013837790843331626
        ],
        [
            -0.19117960569606407,
            -0.17938775460263387,
            -0.007972040842180424,
            -0.2928683247430604,
            0.049257422893199156,
            -0.5477377666523191,
            -0.1556544995934407,
            -0.010878918455835294,
            -0.10931436247332527,
            0.00437210095349363,
            0.0,
            0.0,
            0.0,
            1.0000000000000004,
            0.0,
            0.5071971568262114,
            0.1667827569560323,
            0.14629228776121903,
            -0.24880534854396322,
            -0.0648970034642046
        ],
        [
            0.02602984058657487,
            0.02442433458573819,
            0.0010854241042923785,
            0.04925742289319917,
            0.06220274212955619,
            0.0036380291406685277,
            0.0010338443683701021,
            7.225688051999482e-05,
            0.004372100953493627,
            0.5489154300971415,
            0.0,
            0.0,
            0.0,
            0.0,
            1.0000000000000004,
            0.04797579065787317,
            0.015775984792847,
            0.01383779084333162,
            -0.06489700346420457,
            0.4311432374819952
        ],
        [
            0.014348571407229904,
            0.12534998122388522,
            -0.001060769231954647,
            0.017356083549481864,
            -0.0009475950519247901,
            0.13657524272940647,
            0.32303437435960836,
            -0.01888844913661963,
            0.17809388572469773,
            0.008436425026917022,
            0.5242270819399149,
            0.5480855679616488,
            -0.10814810850804217,
            0.5071971568262119,
            0.04797579065787317,
            0.9999999999999999,
            0.6848602514927513,
            0.0,
            0.0,
            0.0
        ],
        [
            0.12534998122388522,
            0.34615395207878513,
            -0.005945478408856243,
            0.09727866994747195,
            -0.005311151334184553,
            0.32303437435960836,
            0.6258259895744451,
            -0.018843907141315584,
            0.17767391175202002,
            0.00841653058236978,
            0.5480855679616488,
            0.8703924718966632,
            -0.03556258045573349,
            0.16678275695603237,
            0.015775984792847007,
            0.6848602514927513,
            1.0000000000000002,
            0.0,
            0.0,
            0.0
        ],
        [
            0.0010607692319546465,
            0.0059454784088562385,
            0.0017124994779050056,
            0.001379201391317152,
            -7.53006523789715e-05,
            0.018888449136619627,
            0.018843907141315584,
            0.057447180134618074,
            0.03579926391831174,
            0.0016958347830790766,
            0.10814810850804216,
            0.035562580455733475,
            0.4060883865485103,
            0.14629228776121903,
            0.013837790843331626,
            0.0,
            0.0,
            1.0000000000000004,
            0.0,
            0.0
        ],
        [
            -0.01735608354948186,
            -0.09727866994747188,
            0.0013792013913171523,
            -0.02076941019369464,
            0.001232053470868202,
            -0.17809388572469764,
            -0.1776739117520198,
            0.035799263918311744,
            -0.276297199956442,
            -0.015989550220940122,
            -0.5071971568262114,
            -0.1667827569560323,
            0.14629228776121903,
            -0.24880534854396322,
            -0.0648970034642046,
            0.0,
            0.0,
            0.0,
            1.0000000000000004,
            0.0
        ],
        [
            0.0009475950519247897,
            0.005311151334184551,
            -7.530065237897152e-05,
            0.001232053470868202,
            0.0017295267425545603,
            -0.008436425026917018,
            -0.008416530582369781,
            0.0016958347830790766,
            -0.015989550220940115,
            0.06048657664053249,
            -0.04797579065787317,
            -0.015775984792847,
            0.01383779084333162,
            -0.06489700346420457,
            0.4311432374819952,
            0.0,
            0.0,
            0.0,
            0.0,
            1.0000000000000004
        ]
    ],
    "h": [
        [
            -0.2721817694612447,
            -0.4688324873557952,
            -0.008619174683918686,
            -0.2838004777893943,
            0.07133927530089829,
            -0.587350053142939,
            -0.46106859543888024,
            -0.002461118062152323,
            0.01676259790169521,
            -0.009784228104280535,
            -0.2942533452894883,
            -0.3321798244956349,
            0.0012684551703522826,
            0.35029827501677413,
            -0.020477923298021866,
            -0.014546371917191096,
            -0.14293861871232136,
            -0.007049542840192812,
            0.0768940442359629,
            4.532912523181037e-05
        ],
        [
            -0.4688324873557952,
            -0.3149331281131855,
            -0.0073004183257213825,
            -0.24427888669176492,
            0.059773697607565006,
            -0.5566994687003911,
            -0.37050985409771076,
            0.0028368331927356386,
            0.08587533193091734,
            -0.050881884753729054,
            -0.3741996656301615,
            -0.32349361001251364,
            0.010522346304897845,
            0.2197617260678551,
            -0.011763058775115215,
            -0.14142551974253212,
            -0.20163625395350626,
            -0.019861888679875678,
            0.12499696844352642,
            0.007455005094373112
        ],
        [
            -0.008619174683918686,
            -0.0073004183257213825,
            1.4767866170239452,
            -0.007684462865335827,
            0.0018854926739713123,
            -0.003101159896532601,
            -0.006837527313686081,
            0.3888442553824635,
            -0.025387927802373797,
            0.006147098601476032,
            -0.006415132876625127,
            -0.005437298213626592,
            -0.04745667422421382,
            0.006247629801721029,
            -0.00012640420321744558,
            0.0014519975084203896,
            -0.0016958588265674982,
            -0.005500934896318418,
            -0.0030224715730776766,
            0.00016701646528648493
        ],
        [
            -0.2838004777893943,
            -0.24427888669176492,
            -0.007684462865335827,
            1.2012878095654438,
            0.06715124390486915,
            -0.09973622686588302,
            -0.239956605899671,
            -0.02612127976803822,
            -0.5896738128032162,
            0.23064557619220627,
            -0.2789356604815385,
            -0.20354078118238494,
            0.004308075778924336,
            0.14895415330663875,
            -0.002775297229464152,
            -0.07793098132358514,
            -0.12887837381703932,
            -0.011066141192443812,
            0.10569109192015655,
            -0.0005527131351834814
        ],
        [
            0.07133927530089829,
            0.059773697607565006,
            0.0018854926739713123,
            0.06715124390486915,
            1.4602801161596395,
            0.018470130278464003,
            0.055960664475286574,
            0.006709320819564707,
            0.2436000631565487,
            0.33026851423889325,
            0.05351566536082803,
            0.04713428516759613,
            -0.0008009587077085398,
            -0.05311198943305717,
            -0.04586064737637616,
            0.007970362077222052,
            0.024129318362481438,
            0.0013037361603065382,
            -0.012015168904467936,
            -0.005833714598336452
        ],
        [
            -0.587350053142939,
            -0.5566994687003911,
            -0.003101159896532601,
            -0.09973622686588302,
            0.018470130278464003,
            -0.5137975647349848,
            -0.6312627049835443,
            0.0027687650587747397,
            -0.02293407790024027,
            -0.06447801314973454,
            -0.6030385494041651,
            -0.5603124046167123,
            0.012277461598907437,
            0.05315455614024933,
            -0.015646414572197665,
            -0.2760118622786276,
            -0.3657681303764219,
            -0.041872256247588,
            0.2677147916060084,
            0.018224407109571038
        ],
        [
            -0.46106859543888024,
            -0.37050985409771076,
            -0.006837527313686081,
            -0.239956605899671,
            0.055960664475286574,
            -0.6312627049835443,
            -0.4435982887485812,
            0.004061160972120987,
            -0.03566935973563006,
            -0.05086884636908415,
            -0.5563623433351602,
            -0.4250396555311229,
            0.02840527208842926,
            0.16074936883980073,
            -0.01918949553035665,
            -0.31953564907612897,
            -0.31841504515982133,
            -0.037481201595048974,
            0.19326882367383452,
            0.016772300710098338
        ],
        [
            -0.002461118062152323,
            0.0028368331927356386,
            0.3888442553824635,
            -0.02612127976803822,
            0.006709320819564707,
            0.0027687650587747397,
            0.004061160972120987,
            1.3793251212092816,
            -0.00670365577590359,
            0.0015607654715047658,
            0.0088367887761197,
            0.00469166227652739,
            0.500126692205187,
            -0.012965742880138499,
            0.0007047638203991811,
            0.013167815985488107,
            0.003483636774842036,
            -0.04671611093073255,
            -0.0008706335707970858,
            -0.0003233953863130386
        ],
        [
            0.01676259790169521,
            0.08587533193091734,
            -0.025387927802373797,
            -0.5896738128032162,
            0.2436000631565487,
            -0.02293407790024027,
            -0.03566935973563006,
            -0.00670365577590359,
            0.7602678347750698,
            0.06712425465121054,
            -0.03921114330922393,
            -0.15187340349293316,
            0.0051439989132458334,
            -0.655946399969732,
            0.0048872913773192125,
            -0.33799752755496537,
            -0.2147430065186165,
            -0.044788113936134674,
            0.16465401123187995,
            0.020632199526323426
        ],
        [
            -0.009784228104280535,
            -0.050881884753729054,
            0.006147098601476032,
            0.23064557619220627,
            0.33026851423889325,
            -0.06447801314973454,
            -0.05086884636908415,
            0.0015607654715047658,
            0.06712425465121054,
            1.3636505832079737,
            -0.01688545760248649,
            -0.030499816779756113,
            0.0002760598912249834,
            0.03265220107738215,
            0.49945431318144884,
            -0.0002997501237595526,
            -0.00865028992678813,
            -0.00021211920053578262,
            0.001475521161953701,
            -0.047378783824781764
        ],
        [
            -0.2942533452894883,
            -0.3741996656301615,
            -0.006415132876625127,
            -0.2789356604815385,
            0.05351566536082803,
            -0.6030385494041651,
            -0.5563623433351602,
            0.0088367887761197,
            -0.03921114330922393,
            -0.01688545760248649,
            -0.49382330305877997,
            -0.6240448938114486,
            0.05677776778536845,
            0.04163957210727423,
            -0.025897011849569645,
            -0.5642059448900223,
            -0.5440903390684171,
            -0.014990275332421199,
            0.09795642630321755,
            0.007328910472343186
        ],
        [
            -0.3321798244956349,
            -0.32349361001251364,
            -0.005437298213626592,
            -0.20354078118238494,
            0.04713428516759613,
            -0.5603124046167123,
            -0.4250396555311229,
            0.00469166227652739,
            -0.15187340349293316,
            -0.030499816779756113,
            -0.6240448938114486,
            -0.44355279076764376,
            0.04559144439490059,
            0.04509031331935284,
            -0.02312260935211684,
            -0.4484255220763784,
            -0.36732622111050106,
            -0.04426221077089815,
            0.22808913356318783,
            0.02020042702836898
        ],
        [
            0.0012684551703522826,
            0.010522346304897845,
            -0.04745667422421382,
            0.004308075778924336,
            -0.0008009587077085398,
            0.012277461598907437,
            0.02840527208842926,
            0.500126692205187,
            0.0051439989132458334,
            0.0002760598912249834,
            0.05677776778536845,
            0.04559144439490059,
            1.3751525774729003,
            0.04778583338352613,
            0.004601050222942532,
            0.010894468375004435,
            0.04402603701443271,
            0.30756833766448094,
            0.1928575663803238,
            0.01838440925971609
        ],
        [
            0.35029827501677413,
            0.2197617260678551,
            0.006247629801721029,
            0.14895415330663875,
            -0.05311198943305717,
            0.05315455614024933,
            0.16074936883980073,
            -0.012965742880138499,
            -0.655946399969732,
            0.03265220107738215,
            0.04163957210727423,
            0.04509031331935284,
            0.04778583338352613,
            0.7731227529800091,
            -0.01432251585305877,
            -0.02803610974547055,
            -0.0838822732935886,
            0.20438651866590007,
            -0.6298874371582345,
            -0.08981087911191013
        ],
        [
            -0.020477923298021866,
            -0.011763058775115215,
            -0.00012640420321744558,
            -0.002775297229464152,
            -0.04586064737637616,
            -0.015646414572197665,
            -0.01918949553035665,
            0.0007047638203991811,
            0.0048872913773192125,
            0.49945431318144884,
            -0.025897011849569645,
            -0.02312260935211684,
            0.004601050222942532,
            -0.01432251585305877,
            1.3835726181377508,
            -0.0014909017270709063,
            -0.01876881020658483,
            0.018687701669241847,
            -0.08600951332005896,
            0.3409603011004727
        ],
        [
            -0.014546371917191096,
            -0.14142551974253212,
            0.0014519975084203896,
            -0.07793098132358514,
            0.007970362077222052,
            -0.2760118622786276,
            -0.31953564907612897,
            0.013167815985488107,
            -0.33799752755496537,
            -0.0002997501237595526,
            -0.5642059448900223,
            -0.4484255220763784,
            0.010894468375004435,
            -0.02803610974547055,
            -0.0014909017270709063,
            -0.24936460404699412,
            -0.4587763741938611,
            -0.05594256468732304,
            0.2671709241976774,
            0.02575108092401138
        ],
        [
            -0.14293861871232136,
            -0.20163625395350626,
            -0.0016958588265674982,
            -0.12887837381703932,
            0.024129318362481438,
            -0.3657681303764219,
            -0.31841504515982133,
            0.003483636774842036,
            -0.2147430065186165,
            -0.00865028992678813,
            -0.5440903390684171,
            -0.36732622111050106,
            0.04402603701443271,
            -0.0838822732935886,
            -0.01876881020658483,
            -0.4587763741938611,
            -0.31090655042301374,
            -0.04793675058948494,
            0.23494318631852246,
            0.022048828927812316
        ],
        [
            -0.007049542840192812,
            -0.019861888679875678,
            -0.005500934896318418,
            -0.011066141192443812,
            0.0013037361603065382,
            -0.041872256247588,
            -0.037481201595048974,
            -0.04671611093073255,
            -0.044788113936134674,
            -0.00021211920053578262,
            -0.014990275332421199,
            -0.04426221077089815,
            0.30756833766448094,
            0.20438651866590007,
            0.018687701669241847,
            -0.05594256468732304,
            -0.04793675058948494,
            1.4762208404868917,
            0.0527187115724875,
            0.004949353321797247
        ],
        [
            0.0768940442359629,
            0.12499696844352642,
            -0.0030224715730776766,
            0.10569109192015655,
            -0.012015168904467936,
            0.2677147916060084,
            0.19326882367383452,
            -0.0008706335707970858,
            0.16465401123187995,
            0.001475521161953701,
            0.09795642630321755,
            0.22808913356318783,
            0.1928575663803238,
            -0.6298874371582345,
            -0.08600951332005896,
            0.2671709241976774,
            0.23494318631852246,
            0.0527187115724875,
            1.2282628912149587,
            -0.023740222182313163
        ],
        [
            4.532912523181037e-05,
            0.007455005094373112,
            0.00016701646528648493,
            -0.0005527131351834814,
            -0.005833714598336452,
            0.018224407109571038,
            0.016772300710098338,
            -0.0003233953863130386,
            0.020632199526323426,
            -0.047378783824781764,
            0.007328910472343186,
            0.02020042702836898,
            0.01838440925971609,
            -0.08981087911191013,
            0.3409603011004727,
            0.02575108092401138,
            0.022048828927812316,
            0.004949353321797247,
            -0.023740222182313163,
            1.4849926609425876
        ]
    ]
}