{
    "HF": -2.156261089279447,
    "coordinates": [
        [
            0.72863,
            0.141351,
            0.050978
        ],
        [
            1.557277,
            0.044704,
            -0.050036
        ],
        [
            2.316402,
            0.197667,
            0.061059
        ],
        [
            3.090853,
            -0.087658,
            0.152391
        ]
    ],
    "elements": [
        "H",
        "H",
        "H",
        "H"
    ],
    "Enn": 2.8400893650747245,
    "S": [
        [
            0.9999999999999999,
            0.6848602514927513,
            0.0,
            0.0,
            0.0,
            0.4914039494414748,
            0.53503396969629,
            0.06072401942187021,
            -0.49813665949150093,
            0.058098821005657525,
            0.09945997780857556,
            0.28366203383646715,
            -0.0008372923033998287,
            -0.13187474210433026,
            -0.004677408328366707,
            0.007684864524750325,
            0.09582624712232637,
            -0.0003726680158547416,
            -0.008680592807790273,
            0.0008415521643465681
        ],
        [
            0.6848602514927513,
            1.0000000000000002,
            0.0,
            0.0,
            0.0,
            0.53503396969629,
            0.8574133841369276,
            0.021121042420503604,
            -0.17326200762887364,
            0.020207945302773967,
            0.2836620338364672,
            0.5770194756635273,
            -0.0010697197969419066,
            -0.16848240664914682,
            -0.005975829787181876,
            0.09582624712232637,
            0.2925250397145707,
            -0.0033619804018742826,
            -0.07831094071624621,
            0.007591963257697014
        ],
        [
            0.0,
            0.0,
            1.0000000000000004,
            0.0,
            0.0,
            -0.060724019421870196,
            -0.021121042420503593,
            0.38924201284628035,
            0.08688862636149434,
            -0.010134019759872836,
            0.000837292303399829,
            0.001069719796941906,
            0.03774118286065843,
            -0.0015687509618862146,
            -5.5641351006053777e-05,
            0.0003726680158547414,
            0.0033619804018742805,
            0.0006413621781234639,
            -0.00040982978138614194,
            3.9731519168791e-05
        ],
        [
            0.0,
            0.0,
            0.0,
            1.0000000000000004,
            0.0,
            0.4981366594915009,
            0.17326200762887364,
            0.08688862636149439,
            -0.31293854386577824,
            0.08313228930603034,
            0.13187474210433026,
            0.16848240664914674,
            -0.0015687509618862114,
            -0.20932938981577123,
            -0.008763592815155636,
            0.008680592807790275,
            0.07831094071624614,
            -0.0004098297813861423,
            -0.00888724882278726,
            0.0009254701902661301
        ],
        [
            0.0,
            0.0,
            0.0,
            0.0,
            1.0000000000000004,
            -0.05809882100565753,
            -0.020207945302773977,
            -0.010134019759872838,
            0.08313228930603032,
            0.3901380292908219,
            0.004677408328366709,
            0.005975829787181874,
            -5.564135100605369e-05,
            -0.00876359281515564,
            0.03744031100088793,
            -0.0008415521643465679,
            -0.007591963257697013,
            3.973151916879102e-05,
            0.0009254701902661296,
            0.0005692356535815629
        ],
        [
            0.4914039494414748,
            0.53503396969629,
            -0.06072401942187021,
            0.49813665949150093,
            -0.05809882100565753,
            0.9999999999999999,
            0.6848602514927513,
            0.0,
            0.0,
            0.0,
            0.5368498821722417,
            0.5529374682702065,
            -0.07469786544185618,
            -0.510419164710825,
            -0.10284899942916109,
            0.10954190079267713,
            0.2951573294826444,
            -0.018908512152157338,
            -0.1432498650489156,
            0.012363807621927162
        ],
        [
            0.53503396969629,
            0.8574133841369276,
            -0.021121042420503604,
            0.17326200762887364,
            -0.020207945302773957,
            0.6848602514927513,
            1.0000000000000002,
            0.0,
            0.0,
            0.0,
            0.5529374682702065,
            0.8751873607848984,
            -0.02405962864989656,
            -0.16440222871283758,
            -0.033126900195095454,
            0.2951573294826444,
            0.5915205460310564,
            -0.022412774740316214,
            -0.16979796882409537,
            0.014655158107257106
        ],
        [
            0.060724019421870196,
            0.021121042420503593,
            0.38924201284628035,
            0.08688862636149439,
            -0.010134019759872836,
            0.0,
            0.0,
            1.0000000000000004,
            0.0,
            0.0,
            0.07469786544185619,
            0.024059628649896553,
            0.43735650746203575,
            -0.0989279667283151,
            -0.019933895701845228,
            0.018908512152157334,
            0.022412774740316197,
            0.0391125658825136,
            -0.0352752735647125,
            0.00304458713462683
        ],
        [
            -0.49813665949150093,
            -0.17326200762887364,
            0.08688862636149434,
            -0.31293854386577824,
            0.08313228930603031,
            0.0,
            0.0,
            0.0,
            1.0000000000000004,
            0.0,
            0.5104191647108249,
            0.1644022287128379,
            -0.0989279667283151,
            -0.2241520209224393,
            -0.13621061771153753,
            0.1432498650489156,
            0.16979796882409534,
            -0.035275273564712474,
            -0.2234747777649727,
            0.023065627409251103
        ],
        [
            0.058098821005657525,
            0.020207945302773977,
            -0.010134019759872836,
            0.08313228930603035,
            0.3901380292908219,
            0.0,
            0.0,
            0.0,
            0.0,
            1.0000000000000004,
            0.10284899942916106,
            0.033126900195095434,
            -0.019933895701845228,
            -0.13621061771153753,
            0.42438791565788264,
            -0.012363807621927158,
            -0.014655158107257095,
            0.003044587134626828,
            0.02306562740925111,
            0.041778006152014914
        ],
        [
            0.09945997780857556,
            0.28366203383646715,
            0.0008372923033998287,
            0.13187474210433026,
            0.004677408328366707,
            0.5368498821722417,
            0.5529374682702065,
            0.07469786544185618,
            0.510419164710825,
            0.10284899942916108,
            0.9999999999999999,
            0.6848602514927513,
            0.0,
            0.0,
            0.0,
            0.4991195613728702,
            0.5381604259540778,
            -0.05599757689446507,
            -0.4748322540127814,
            0.17493877969838886
        ],
        [
            0.2836620338364672,
            0.5770194756635273,
            0.001069719796941912,
            0.16848240664914682,
            0.005975829787181876,
            0.5529374682702065,
            0.8751873607848984,
            0.02405962864989656,
            0.16440222871283794,
            0.03312690019509544,
            0.6848602514927513,
            1.0000000000000002,
            0.0,
            0.0,
            0.0,
            0.5381604259540778,
            0.8605333416009803,
            -0.01921579169658137,
            -0.16294058046696833,
            0.0600309394935738
        ],
        [
            -0.000837292303399829,
            -0.001069719796941906,
            0.03774118286065843,
            -0.0015687509618862118,
            -5.5641351006053695e-05,
            -0.07469786544185619,
            -0.024059628649896553,
            0.43735650746203575,
            -0.0989279667283151,
            -0.019933895701845228,
            0.0,
            0.0,
            1.0000000000000004,
            0.0,
            0.0,
            0.05599757689446507,
            0.019215791696581365,
            0.3997341527867336,
            -0.07502892494947479,
            0.027642327288890968
        ],
        [
            -0.1318747421043303,
            -0.16848240664914674,
            -0.0015687509618862142,
            -0.20932938981577118,
            -0.00876359281515564,
            -0.5104191647108249,
            -0.16440222871283755,
            -0.0989279667283151,
            -0.2241520209224393,
            -0.13621061771153753,
            0.0,
            0.0,
            0.0,
            1.0000000000000004,
            0.0,
            0.4748322540127814,
            0.16294058046696833,
            -0.07502892494947479,
            -0.22762643182036427,
            0.23439350951702467
        ],
        [
            -0.004677408328366709,
            -0.005975829787181874,
            -5.564135100605377e-05,
            -0.008763592815155636,
            0.03744031100088793,
            -0.10284899942916108,
            -0.03312690019509545,
            -0.019933895701845228,
            -0.13621061771153753,
            0.42438791565788264,
            0.0,
            0.0,
            0.0,
            0.0,
            1.0000000000000004,
            -0.1749387796983888,
            -0.06003093949357371,
            0.027642327288890958,
            0.23439350951702456,
            0.32222661992867085
        ],
        [
            0.007684864524750325,
            0.09582624712232637,
            0.00037266801585474166,
            0.008680592807790273,
            -0.0008415521643465681,
            0.10954190079267713,
            0.2951573294826444,
            0.018908512152157338,
            0.1432498650489156,
            -0.012363807621927162,
            0.4991195613728702,
            0.5381604259540778,
            0.05599757689446507,
            0.4748322540127814,
            -0.17493877969838886,
            0.9999999999999999,
            0.6848602514927513,
            0.0,
            0.0,
            0.0
        ],
        [
            0.09582624712232637,
            0.2925250397145707,
            0.003361980401874284,
            0.07831094071624616,
            -0.007591963257697014,
            0.2951573294826444,
            0.5915205460310564,
            0.022412774740316208,
            0.16979796882409537,
            -0.014655158107257111,
            0.5381604259540778,
            0.8605333416009803,
            0.01921579169658137,
            0.16294058046696833,
            -0.0600309394935738,
            0.6848602514927513,
            1.0000000000000002,
            0.0,
            0.0,
            0.0
        ],
        [
            -0.00037266801585474145,
            -0.003361980401874282,
            0.0006413621781234639,
            -0.000409829781386142,
            3.9731519168791e-05,
            -0.018908512152157334,
            -0.022412774740316197,
            0.0391125658825136,
            -0.03527527356471248,
            0.00304458713462683,
            -0.05599757689446507,
            -0.019215791696581365,
            0.3997341527867336,
            -0.07502892494947479,
            0.027642327288890968,
            0.0,
            0.0,
            1.0000000000000004,
            0.0,
            0.0
        ],
        [
            -0.008680592807790273,
            -0.0783109407162462,
            -0.00040982978138614227,
            -0.00888724882278726,
            0.0009254701902661301,
            -0.1432498650489156,
            -0.16979796882409534,
            -0.035275273564712495,
            -0.2234747777649727,
            0.023065627409251117,
            -0.4748322540127814,
            -0.16294058046696833,
            -0.07502892494947479,
            -0.22762643182036427,
            0.23439350951702467,
            0.0,
            0.0,
            0.0,
            1.0000000000000004,
            0.0
        ],
        [
            0.0008415521643465679,
            0.007591963257697015,
            3.9731519168791016e-05,
            0.0009254701902661296,
            0.0005692356535815629,
            0.012363807621927158,
            0.0146551581072571,
            0.003044587134626828,
            0.023065627409251097,
            0.041778006152014914,
            0.1749387796983888,
            0.060030939493573715,
            0.027642327288890958,
            0.23439350951702456,
            0.32222661992867085,
            0.0,
            0.0,
            0.0,
            0.0,
            1.0000000000000004
        ]
    ],
    "h": [
        [
            -0.22435012868822235,
            -0.4479904448377695,
            0.028937269522581646,
            -0.24596583254191715,
            0.025808811073353238,
            -0.5340314892472189,
            -0.43661367338112744,
            -0.009271586605692855,
            0.04359021122943352,
            -0.015940988622637764,
            -0.21815420635021124,
            -0.289137937248766,
            0.021968151123225726,
            0.28563156191717604,
            0.022707075633349245,
            0.0021069060670207765,
            -0.11257222450893244,
            0.0042830986909891955,
            0.04812598075265145,
            -0.004699251987767519
        ],
        [
            -0.4479904448377695,
            -0.306886120788586,
            0.0249750054797754,
            -0.2209915809933765,
            0.021925243508251653,
            -0.5151039109748512,
            -0.36208027854967195,
            -0.036450927198986384,
            0.09937160876236897,
            -0.04288290515124873,
            -0.3134032526575214,
            -0.2995432215463525,
            0.02173243325606148,
            0.18602590279917108,
            0.04105138453924207,
            -0.11242218177984781,
            -0.17781120258259964,
            0.010983557416063307,
            0.10072370669243505,
            -0.023562729650998995
        ],
        [
            0.028937269522581646,
            0.0249750054797754,
            1.4887230821563462,
            0.026731164217644807,
            -0.0031173938649998937,
            0.0057749566372889,
            0.021674341497803968,
            0.28443329665947714,
            0.11469855518121427,
            -0.012816937036175462,
            0.011101617119154677,
            0.017331760017774082,
            -0.0447382640580673,
            -0.018238115081505975,
            -0.0021699938071783817,
            -0.0008664254375854495,
            0.005962094707554522,
            -0.002353462378603972,
            4.8894732395135705e-05,
            -3.6935481912399266e-05
        ],
        [
            -0.24596583254191715,
            -0.2209915809933765,
            0.026731164217644807,
            1.2564712247960215,
            0.02443128278049602,
            -0.08645591242894346,
            -0.20928232190044155,
            0.10514449755006128,
            -0.6677856305775387,
            0.0962873894732427,
            -0.2217791252078961,
            -0.17026679063598038,
            0.020600638797313366,
            0.2028753774632422,
            0.03173404569760452,
            -0.04770965371606083,
            -0.10243018770457761,
            0.005055060334359622,
            0.0625497260806195,
            -0.009366723272198441
        ],
        [
            0.025808811073353238,
            0.021925243508251653,
            -0.0031173938649998937,
            0.02443128278049602,
            1.4889988515967643,
            0.0030601402520508553,
            0.018605504141256324,
            -0.01344826146871014,
            0.11033385004654078,
            0.28556659315343835,
            0.0074452321162821805,
            0.015316330357067434,
            -0.001420113511472637,
            -0.013672631441766024,
            -0.044726287237448675,
            0.0016538798369545669,
            0.00723830082752098,
            -0.0003375516300187008,
            -0.004685114840661986,
            -0.0018204692174466504
        ],
        [
            -0.5340314892472189,
            -0.5151039109748512,
            0.0057749566372889,
            -0.08645591242894346,
            0.0030601402520508553,
            -0.4101800036862824,
            -0.5869366431231682,
            -0.06001789007715941,
            0.008477277145116369,
            -0.07141211760382193,
            -0.5188227426358583,
            -0.5049057210265339,
            0.0010325897277475016,
            0.050563753995387595,
            0.022254179280628755,
            -0.23179237089594656,
            -0.32203769417731154,
            0.027836557867983953,
            0.2230643923250519,
            -0.046734218942403864
        ],
        [
            -0.43661367338112744,
            -0.36208027854967195,
            0.021674341497803968,
            -0.20928232190044155,
            0.018605504141256324,
            -0.5869366431231682,
            -0.43595620426752424,
            -0.052453588449628254,
            -0.012607418181414184,
            -0.05890914447083502,
            -0.506747800329013,
            -0.41150248180947924,
            0.016662697783230908,
            0.12892744832767927,
            0.07532744797640314,
            -0.2987489619025342,
            -0.3052671241268621,
            0.020552140034901058,
            0.1684764286598598,
            -0.05352880410031657
        ],
        [
            -0.009271586605692855,
            -0.036450927198986384,
            0.28443329665947714,
            0.10514449755006128,
            -0.01344826146871014,
            -0.06001789007715941,
            -0.052453588449628254,
            1.4028198029820866,
            -0.011140514739357232,
            -0.009783542662984526,
            -0.016906229370841713,
            -0.044928189454518715,
            0.3408538353299304,
            -0.1337981010422401,
            -0.02326287385613208,
            -0.034992081205321726,
            -0.03233754462252465,
            -0.04042940927058669,
            0.03158245275086721,
            -0.008314292524123083
        ],
        [
            0.04359021122943352,
            0.09937160876236897,
            0.11469855518121427,
            -0.6677856305775387,
            0.11033385004654078,
            0.008477277145116369,
            -0.012607418181414184,
            -0.011140514739357232,
            0.901516189459409,
            -0.017284566802483872,
            -0.05812281609970049,
            -0.1313490046185266,
            -0.1477088662200215,
            -0.7069545171036498,
            -0.16078398254337156,
            -0.29324231032021664,
            -0.188124862275059,
            0.02770857651291718,
            0.17706082998969663,
            -0.06163942876500921
        ],
        [
            -0.015940988622637764,
            -0.04288290515124873,
            -0.012816937036175462,
            0.0962873894732427,
            0.28556659315343835,
            -0.07141211760382193,
            -0.05890914447083502,
            -0.009783542662984526,
            -0.017284566802483872,
            1.3988531235686428,
            -0.005946793035759401,
            -0.04627291794932132,
            -0.026701446667319585,
            -0.17683818539362628,
            0.3243506777195744,
            -0.011960359144845025,
            -0.031570161031425,
            0.0025113955086909926,
            0.020563541326011264,
            -0.049868743475104504
        ],
        [
            -0.21815420635021124,
            -0.3134032526575214,
            0.011101617119154677,
            -0.2217791252078961,
            0.0074452321162821805,
            -0.5188227426358583,
            -0.506747800329013,
            -0.016906229370841713,
            -0.05812281609970049,
            -0.005946793035759401,
            -0.41671760769406463,
            -0.588226170495511,
            0.006313505611381542,
            -0.004713449656336591,
            0.12625275286652432,
            -0.5442259975650956,
            -0.5210626298526989,
            0.011723367087663014,
            0.08798034237393515,
            -0.020304185814577214
        ],
        [
            -0.289137937248766,
            -0.2995432215463525,
            0.017331760017774082,
            -0.17026679063598038,
            0.015316330357067434,
            -0.5049057210265339,
            -0.41150248180947924,
            -0.044928189454518715,
            -0.1313490046185266,
            -0.04627291794932132,
            -0.588226170495511,
            -0.43393020464704946,
            0.006200432763983552,
            0.0166355210061567,
            0.10553291497439397,
            -0.4431093579678189,
            -0.36540291064052854,
            0.02545415299983826,
            0.20595958666854608,
            -0.06594441399262771
        ],
        [
            0.021968151123225726,
            0.02173243325606148,
            -0.0447382640580673,
            0.020600638797313366,
            -0.001420113511472637,
            0.0010325897277475016,
            0.016662697783230908,
            0.3408538353299304,
            -0.1477088662200215,
            -0.026701446667319585,
            0.006313505611381542,
            0.006200432763983552,
            1.4002126205435488,
            -0.06014075225661733,
            0.002048811890062468,
            -0.0006136394927312716,
            -0.006435900696130828,
            0.29581494578136325,
            -0.10513702645068587,
            0.037711573782636634
        ],
        [
            0.28563156191717604,
            0.18602590279917108,
            -0.018238115081505975,
            0.2028753774632422,
            -0.013672631441766024,
            0.050563753995387595,
            0.12892744832767927,
            -0.1337981010422401,
            -0.7069545171036498,
            -0.17683818539362628,
            -0.004713449656336591,
            0.0166355210061567,
            -0.06014075225661733,
            0.9232091730357734,
            0.03011810660105335,
            -0.0364896911260687,
            -0.08869172705134151,
            -0.10265182084746363,
            -0.5649699023991466,
            0.31479339796395744
        ],
        [
            0.022707075633349245,
            0.04105138453924207,
            -0.0021699938071783817,
            0.03173404569760452,
            -0.044726287237448675,
            0.022254179280628755,
            0.07532744797640314,
            -0.02326287385613208,
            -0.16078398254337156,
            0.3243506777195744,
            0.12625275286652432,
            0.10553291497439397,
            0.002048811890062468,
            0.03011810660105335,
            1.3709189928247858,
            0.027285330435253663,
            0.08753252696300651,
            0.034082584795050025,
            0.292090027245908,
            0.19669575437725684
        ],
        [
            0.0021069060670207765,
            -0.11242218177984781,
            -0.0008664254375854495,
            -0.04770965371606083,
            0.0016538798369545669,
            -0.23179237089594656,
            -0.2987489619025342,
            -0.034992081205321726,
            -0.29324231032021664,
            -0.011960359144845025,
            -0.5442259975650956,
            -0.4431093579678189,
            -0.0006136394927312716,
            -0.0364896911260687,
            0.027285330435253663,
            -0.2336087785005867,
            -0.45258051666960686,
            0.029326385183546154,
            0.23947987529416398,
            -0.08459594976359894
        ],
        [
            -0.11257222450893244,
            -0.17781120258259964,
            0.005962094707554522,
            -0.10243018770457761,
            0.00723830082752098,
            -0.32203769417731154,
            -0.3052671241268621,
            -0.03233754462252465,
            -0.188124862275059,
            -0.031570161031425,
            -0.5210626298526989,
            -0.36540291064052854,
            -0.006435900696130828,
            -0.08869172705134151,
            0.08753252696300651,
            -0.45258051666960686,
            -0.3105558379947393,
            0.026418570178569037,
            0.21462344447314904,
            -0.0732893413765981
        ],
        [
            0.0042830986909891955,
            0.010983557416063307,
            -0.002353462378603972,
            0.005055060334359622,
            -0.0003375516300187008,
            0.027836557867983953,
            0.020552140034901058,
            -0.04042940927058669,
            0.02770857651291718,
            0.0025113955086909926,
            0.011723367087663014,
            0.02545415299983826,
            0.29581494578136325,
            -0.10265182084746363,
            0.034082584795050025,
            0.029326385183546154,
            0.026418570178569037,
            1.482040608826475,
            -0.026505759285978682,
            0.008993479584942156
        ],
        [
            0.04812598075265145,
            0.10072370669243505,
            4.8894732395135705e-05,
            0.0625497260806195,
            -0.004685114840661986,
            0.2230643923250519,
            0.1684764286598598,
            0.03158245275086721,
            0.17706082998969663,
            0.020563541326011264,
            0.08798034237393515,
            0.20595958666854608,
            -0.10513702645068587,
            -0.5649699023991466,
            0.292090027245908,
            0.23947987529416398,
            0.21462344447314904,
            -0.026505759285978682,
            1.2658217756268177,
            0.07547583329409621
        ],
        [
            -0.004699251987767519,
            -0.023562729650998995,
            -3.6935481912399266e-05,
            -0.009366723272198441,
            -0.0018204692174466504,
            -0.046734218942403864,
            -0.05352880410031657,
            -0.008314292524123083,
            -0.06163942876500921,
            -0.049868743475104504,
            -0.020304185814577214,
            -0.06594441399262771,
            0.037711573782636634,
            0.31479339796395744,
            0.19669575437725684,
            -0.08459594976359894,
            -0.0732893413765981,
            0.008993479584942156,
            0.07547583329409621,
            1.4578202986819686
        ]
    ]
}