{
    "HF": -2.180047871067096,
    "coordinates": [
        [
            0.754008,
            -0.119271,
            0.059562
        ],
        [
            1.537678,
            0.192857,
            0.109238
        ],
        [
            2.356667,
            -0.175443,
            -0.022924
        ],
        [
            3.118185,
            0.171943,
            -0.0405
        ]
    ],
    "elements": [
        "H",
        "H",
        "H",
        "H"
    ],
    "Enn": 2.7261350349388564,
    "S": [
        [
            0.9999999999999999,
            0.6848602514927513,
            0.0,
            0.0,
            0.0,
            0.48782744777533493,
            0.5335721222724659,
            -0.02958752305958546,
            -0.46676169973639864,
            -0.18590656247568826,
            0.09500733430272948,
            0.27835440721468596,
            0.006479948804976487,
            -0.1259019502925928,
            0.004412769249001515,
            0.007433313232596969,
            0.09446038414549805,
            0.00035299667721580845,
            -0.008340295270432717,
            -0.0010273387935352525
        ],
        [
            0.6848602514927513,
            1.0000000000000002,
            0.0,
            0.0,
            0.0,
            0.5335721222724659,
            0.8559521965054642,
            -0.010356470953510903,
            -0.16337981303119997,
            -0.06507256151416077,
            0.27835440721468596,
            0.5702490939650039,
            0.008577645336452246,
            -0.16665907544641775,
            0.005841276020648301,
            0.09446038414549805,
            0.28990362213510723,
            0.0032664458780950457,
            -0.07717671260555577,
            -0.00950645369814286
        ],
        [
            0.0,
            0.0,
            1.0000000000000004,
            0.0,
            0.0,
            0.02958752305958546,
            0.010356470953510903,
            0.3932549876385412,
            -0.04000161375431859,
            -0.015932246606234705,
            -0.006479948804976486,
            -0.008577645336452234,
            0.03456566937974976,
            0.012076427858246483,
            -0.00042326976958505913,
            -0.00035299667721580845,
            -0.0032664458780950452,
            0.0006083063311723162,
            0.00038356762786748334,
            4.7246996811914384e-05
        ],
        [
            0.0,
            0.0,
            0.0,
            1.0000000000000004,
            0.0,
            0.4667616997363988,
            0.1633798130311998,
            -0.04000161375431859,
            -0.23525985326746213,
            -0.25134116470545037,
            0.1259019502925928,
            0.16665907544641761,
            0.012076427858246485,
            -0.199451332778774,
            0.008223905943474302,
            0.008340295270432712,
            0.0771767126055556,
            0.0003835676278674832,
            -0.008438058285854274,
            -0.001116310519296049
        ],
        [
            0.0,
            0.0,
            0.0,
            0.0,
            1.0000000000000004,
            0.18590656247568826,
            0.06507256151416073,
            -0.015932246606234705,
            -0.25134116470545037,
            0.2956839502218693,
            -0.004412769249001515,
            -0.005841276020648288,
            -0.00042326976958505935,
            0.008223905943474306,
            0.034898979824241366,
            0.0010273387935352525,
            0.009506453698142856,
            4.7246996811914384e-05,
            -0.0011163105192960494,
            0.0004870359239284408
        ],
        [
            0.48782744777533493,
            0.5335721222724659,
            0.02958752305958546,
            0.4667616997363987,
            0.18590656247568826,
            0.9999999999999999,
            0.6848602514927513,
            0.0,
            0.0,
            0.0,
            0.4406243447117167,
            0.5134854383602425,
            0.06920381685215063,
            -0.4288461491194591,
            0.19285245188970407,
            0.09974916517504717,
            0.28400160987507167,
            0.012480695556907413,
            -0.13173560948163493,
            0.0017431865450130346
        ],
        [
            0.5335721222724659,
            0.8559521965054642,
            0.010356470953510903,
            0.1633798130311998,
            0.06507256151416077,
            0.6848602514927513,
            1.0000000000000002,
            0.0,
            0.0,
            0.0,
            0.5134854383602425,
            0.8357177490468909,
            0.02644709812442398,
            -0.16388888217357422,
            0.07370095972537755,
            0.28400160987507167,
            0.5774509972431202,
            0.015909424390972565,
            -0.16792635547357954,
            0.002222079243163388
        ],
        [
            -0.02958752305958546,
            -0.010356470953510903,
            0.3932549876385412,
            -0.04000161375431859,
            -0.015932246606234705,
            0.0,
            0.0,
            1.0000000000000004,
            0.0,
            0.0,
            -0.06920381685215057,
            -0.026447098124423963,
            0.32764061084529555,
            0.09644258634200972,
            -0.043370307232163306,
            -0.01248069555690741,
            -0.01590942439097257,
            0.035712392427522416,
            0.023298361562464086,
            -0.00030829470145805963
        ],
        [
            -0.46676169973639875,
            -0.16337981303119997,
            -0.04000161375431859,
            -0.23525985326746213,
            -0.25134116470545037,
            0.0,
            0.0,
            0.0,
            1.0000000000000004,
            0.0,
            0.428846149119459,
            0.1638888821735738,
            0.09644258634200979,
            -0.2544371489473431,
            0.2687595870958536,
            0.13173560948163496,
            0.16792635547357965,
            0.023298361562464075,
            -0.20799800265172141,
            0.0032540967137091002
        ],
        [
            -0.18590656247568826,
            -0.06507256151416073,
            -0.015932246606234705,
            -0.25134116470545037,
            0.2956839502218693,
            0.0,
            0.0,
            0.0,
            0.0,
            1.0000000000000004,
            -0.19285245188970399,
            -0.07370095972537752,
            -0.04337030723216332,
            0.26875958709585346,
            0.22234235796122734,
            -0.0017431865450130346,
            -0.0022220792431633875,
            -0.0003082947014580596,
            0.003254096713709101,
            0.0378766307921546
        ],
        [
            0.09500733430272948,
            0.27835440721468596,
            -0.006479948804976487,
            0.12590195029259285,
            -0.004412769249001515,
            0.4406243447117167,
            0.5134854383602425,
            -0.06920381685215063,
            0.4288461491194591,
            -0.19285245188970407,
            0.9999999999999999,
            0.6848602514927513,
            0.0,
            0.0,
            0.0,
            0.49384384923079166,
            0.5360266409274068,
            0.010632188359959483,
            -0.4606624269173656,
            -0.2101430010020986
        ],
        [
            0.27835440721468596,
            0.5702490939650039,
            -0.008577645336452243,
            0.16665907544641775,
            -0.005841276020648301,
            0.5134854383602425,
            0.8357177490468909,
            -0.026447098124423977,
            0.1638888821735739,
            -0.07370095972537755,
            0.6848602514927513,
            1.0000000000000002,
            0.0,
            0.0,
            0.0,
            0.5360266409274068,
            0.8584047416115655,
            0.0036822501850339137,
            -0.15954140853474355,
            -0.07277891231100311
        ],
        [
            0.006479948804976486,
            0.008577645336452234,
            0.03456566937974976,
            0.01207642785824648,
            -0.00042326976958505913,
            0.06920381685215057,
            0.026447098124423963,
            0.32764061084529555,
            0.09644258634200978,
            -0.043370307232163306,
            0.0,
            0.0,
            1.0000000000000004,
            0.0,
            0.0,
            -0.01063218835995948,
            -0.003682250185033912,
            0.4022737942115751,
            0.013989511382850801,
            0.006381675024415716
        ],
        [
            -0.1259019502925928,
            -0.1666590754464177,
            0.012076427858246488,
            -0.19945133277877394,
            0.008223905943474306,
            -0.428846149119459,
            -0.1638888821735735,
            0.09644258634200974,
            -0.2544371489473431,
            0.26875958709585346,
            0.0,
            0.0,
            0.0,
            1.0000000000000004,
            0.0,
            0.4606624269173655,
            0.15954140853474347,
            0.013989511382850778,
            -0.20352899218708284,
            -0.27649979524596047
        ],
        [
            0.004412769249001515,
            0.0058412760206482985,
            -0.00042326976958505935,
            0.008223905943474302,
            0.034898979824241366,
            0.19285245188970399,
            0.07370095972537752,
            -0.04337030723216332,
            0.2687595870958536,
            0.22234235796122734,
            0.0,
            0.0,
            0.0,
            0.0,
            1.0000000000000004,
            0.2101430010020985,
            0.07277891231100307,
            0.006381675024415713,
            -0.2764997952459608,
            0.2764641899484477
        ],
        [
            0.007433313232596969,
            0.09446038414549805,
            -0.00035299667721580845,
            0.008340295270432717,
            0.0010273387935352525,
            0.09974916517504717,
            0.28400160987507167,
            -0.012480695556907413,
            0.13173560948163499,
            -0.0017431865450130346,
            0.49384384923079166,
            0.5360266409274068,
            -0.01063218835995948,
            0.4606624269173656,
            0.2101430010020986,
            0.9999999999999999,
            0.6848602514927513,
            0.0,
            0.0,
            0.0
        ],
        [
            0.09446038414549805,
            0.28990362213510723,
            -0.0032664458780950457,
            0.07717671260555571,
            0.00950645369814286,
            0.28400160987507167,
            0.5774509972431202,
            -0.015909424390972572,
            0.1679263554735797,
            -0.002222079243163388,
            0.5360266409274068,
            0.8584047416115655,
            -0.0036822501850339137,
            0.15954140853474355,
            0.07277891231100311,
            0.6848602514927513,
            1.0000000000000002,
            0.0,
            0.0,
            0.0
        ],
        [
            0.00035299667721580845,
            0.0032664458780950452,
            0.0006083063311723162,
            0.00038356762786748334,
            4.7246996811914384e-05,
            0.01248069555690741,
            0.01590942439097257,
            0.035712392427522416,
            0.02329836156246408,
            -0.00030829470145805963,
            0.010632188359959483,
            0.003682250185033912,
            0.4022737942115751,
            0.013989511382850778,
            0.006381675024415713,
            0.0,
            0.0,
            1.0000000000000004,
            0.0,
            0.0
        ],
        [
            -0.008340295270432712,
            -0.07717671260555566,
            0.0003835676278674832,
            -0.008438058285854274,
            -0.001116310519296049,
            -0.1317356094816349,
            -0.16792635547357948,
            0.023298361562464082,
            -0.20799800265172147,
            0.003254096713709101,
            -0.46066242691736553,
            -0.15954140853474347,
            0.013989511382850801,
            -0.20352899218708298,
            -0.2764997952459608,
            0.0,
            0.0,
            0.0,
            1.0000000000000004,
            0.0
        ],
        [
            -0.0010273387935352525,
            -0.009506453698142856,
            4.7246996811914384e-05,
            -0.0011163105192960494,
            0.0004870359239284408,
            0.0017431865450130346,
            0.0022220792431633875,
            -0.0003082947014580596,
            0.0032540967137091002,
            0.0378766307921546,
            -0.2101430010020985,
            -0.07277891231100307,
            0.006381675024415716,
            -0.27649979524596047,
            0.2764641899484477,
            0.0,
            0.0,
            0.0,
            0.0,
            1.0000000000000004
        ]
    ],
    "h": [
        [
            -0.22570083511765682,
            -0.4511748168380889,
            -0.013278045055485004,
            -0.23312479120589696,
            -0.08597842684450899,
            -0.5325794308104252,
            -0.4416020794415949,
            0.0063815836925059585,
            0.04496384958458011,
            0.035059638788211944,
            -0.19518710734340516,
            -0.2826815560273134,
            -0.023585983100836646,
            0.2483788599665667,
            -0.04246945877352347,
            -0.0013548818952746067,
            -0.11512305144087608,
            -0.0030515288696387572,
            0.045979512978659626,
            0.003171769338165398
        ],
        [
            -0.4511748168380889,
            -0.3117971604046379,
            -0.011072338459744674,
            -0.21005346226291777,
            -0.07409104408317657,
            -0.5034142325348583,
            -0.3649174574099674,
            0.023281534312462705,
            0.10569410749983368,
            0.10620674185264498,
            -0.2874529066757492,
            -0.2950944348744601,
            -0.022417329578986463,
            0.147475552826609,
            -0.06875395712729915,
            -0.11515385072172551,
            -0.1812007384418146,
            -0.00462002829393339,
            0.0967805945881932,
            0.024761372275955554
        ],
        [
            -0.013278045055485004,
            -0.011072338459744674,
            1.4915952321213808,
            -0.011320888015686764,
            -0.00492653450259317,
            -0.0011159674521499727,
            -0.00896120524968117,
            0.28930898476609496,
            -0.05184318076814519,
            -0.021369040793299418,
            0.0011680621520112292,
            -0.006600579640592496,
            -0.040132729012596575,
            0.0024177804447849255,
            -0.00077468578587025,
            0.001928796047351982,
            -0.001120422565341706,
            -0.0022280377196239715,
            -0.0014545309138880756,
            -0.00037011674943056457
        ],
        [
            -0.23312479120589696,
            -0.21005346226291777,
            -0.011320888015686764,
            1.283659212566851,
            -0.075440325142187,
            -0.0779150035865861,
            -0.19766128017944118,
            -0.045057183534108994,
            -0.5558277688399105,
            -0.3041423154046455,
            -0.19069034194592066,
            -0.15367235309427335,
            -0.021490727332213532,
            0.16087517015008562,
            -0.04968363166904924,
            -0.045681007461622125,
            -0.09687643609516082,
            -0.0030141544513171566,
            0.05753501494515996,
            0.009126427357880728
        ],
        [
            -0.08597842684450899,
            -0.07409104408317657,
            -0.00492653450259317,
            -0.075440325142187,
            1.461886254944065,
            -0.01561189485426151,
            -0.06435785002875276,
            -0.020418061882699637,
            -0.3314918355261858,
            0.16355450162353408,
            -0.026356724840744968,
            -0.04907255662951365,
            -0.004753718582011332,
            0.040341872038087714,
            -0.05063230865577353,
            -0.002826767761475679,
            -0.02185526886726666,
            -0.0005410207027256491,
            0.00847935001116602,
            -0.0016171632267112485
        ],
        [
            -0.5325794308104252,
            -0.5034142325348583,
            -0.0011159674521499727,
            -0.0779150035865861,
            -0.01561189485426151,
            -0.3472616835049409,
            -0.5537352016754302,
            0.03767311202970769,
            0.06655525406333135,
            0.15358351599434666,
            -0.441478919165855,
            -0.4581897612952357,
            -0.010486515149819783,
            0.07364919876854004,
            -0.03900057675383656,
            -0.2017626587849241,
            -0.29157561274716254,
            -0.012682969996817249,
            0.19283080736371505,
            0.033337322491188676
        ],
        [
            -0.4416020794415949,
            -0.3649174574099674,
            -0.00896120524968117,
            -0.19766128017944118,
            -0.06435785002875276,
            -0.5537352016754302,
            -0.4246436218600118,
            0.03558984052303947,
            0.024812608616227305,
            0.13628588773384417,
            -0.4593583589558492,
            -0.4000719786522824,
            -0.022949223884763573,
            0.08827226244030661,
            -0.10703603783627173,
            -0.2877346546683387,
            -0.29800778365326597,
            -0.005737975731426002,
            0.15450097133504678,
            0.0567412809173368
        ],
        [
            0.0063815836925059585,
            0.023281534312462705,
            0.28930898476609496,
            -0.045057183534108994,
            -0.020418061882699637,
            0.03767311202970769,
            0.03558984052303947,
            1.4262982101610595,
            0.014482183516360672,
            -0.01555668415357903,
            0.015297384403466674,
            0.032272631484989225,
            0.19662692877101579,
            0.11927977059293599,
            -0.04901039969652919,
            0.02798816498217248,
            0.026016726706261546,
            -0.039175735077790055,
            -0.02530000973460282,
            -0.006348546241919656
        ],
        [
            0.04496384958458011,
            0.10569410749983368,
            -0.05184318076814519,
            -0.5558277688399105,
            -0.3314918355261858,
            0.06655525406333135,
            0.024812608616227305,
            0.014482183516360672,
            1.043390356955527,
            -0.012683034381248907,
            -0.0774864703626087,
            -0.09039598498567758,
            0.12336700379763357,
            -0.6313398452222927,
            0.30468663986025685,
            -0.25230925349012645,
            -0.14861965414514497,
            -0.010462994432825029,
            0.15144940066456974,
            0.04932822373127282
        ],
        [
            0.035059638788211944,
            0.10620674185264498,
            -0.021369040793299418,
            -0.3041423154046455,
            0.16355450162353408,
            0.15358351599434666,
            0.13628588773384417,
            -0.01555668415357903,
            -0.012683034381248907,
            1.3701852249618727,
            0.035806485094995566,
            0.1007603127044442,
            -0.050657047137484035,
            0.3087976989071322,
            0.07558025505479371,
            0.0416153688540873,
            0.06741121205243929,
            0.0024940363069969173,
            -0.048074137321863955,
            -0.05337127031750351
        ],
        [
            -0.19518710734340516,
            -0.2874529066757492,
            0.0011680621520112292,
            -0.19069034194592066,
            -0.026356724840744968,
            -0.441478919165855,
            -0.4593583589558492,
            0.015297384403466674,
            -0.0774864703626087,
            0.035806485094995566,
            -0.3519438153801333,
            -0.5551738379276336,
            -0.01934979437024279,
            -0.06752843079758132,
            -0.1659216381854659,
            -0.5387124465656791,
            -0.5069209784228126,
            -0.004689322655809094,
            0.07810496009399337,
            0.018449872571215054
        ],
        [
            -0.2826815560273134,
            -0.2950944348744601,
            -0.006600579640592496,
            -0.15367235309427335,
            -0.04907255662951365,
            -0.4581897612952357,
            -0.4000719786522824,
            0.032272631484989225,
            -0.09039598498567758,
            0.1007603127044442,
            -0.5551738379276336,
            -0.4239176807180898,
            -0.019620786350664988,
            -0.024862293412598102,
            -0.14634916322314034,
            -0.44548870196134804,
            -0.3665468195914089,
            -0.007263829796643412,
            0.1982236288986673,
            0.0743693106767528
        ],
        [
            -0.023585983100836646,
            -0.022417329578986463,
            -0.040132729012596575,
            -0.021490727332213532,
            -0.004753718582011332,
            -0.010486515149819783,
            -0.022949223884763573,
            0.19662692877101579,
            0.12336700379763357,
            -0.050657047137484035,
            -0.01934979437024279,
            -0.019620786350664988,
            1.425256962671717,
            0.03064409483086633,
            -0.008674855493342834,
            -0.0028863554803731494,
            -0.008627027150995545,
            0.3004873166696135,
            0.02491869404045724,
            0.009235608117860986
        ],
        [
            0.2483788599665667,
            0.147475552826609,
            0.0024177804447849255,
            0.16087517015008562,
            0.040341872038087714,
            0.07364919876854004,
            0.08827226244030661,
            0.11927977059293599,
            -0.6313398452222927,
            0.3087976989071322,
            -0.06752843079758132,
            -0.024862293412598102,
            0.03064409483086633,
            1.0481450375801709,
            -0.022039591721732095,
            -0.04138804094312021,
            -0.10294427423189131,
            0.019947874257432573,
            -0.5204478811703501,
            -0.3670432535940017
        ],
        [
            -0.04246945877352347,
            -0.06875395712729915,
            -0.00077468578587025,
            -0.04968363166904924,
            -0.05063230865577353,
            -0.03900057675383656,
            -0.10703603783627173,
            -0.04901039969652919,
            0.30468663986025685,
            0.07558025505479371,
            -0.1659216381854659,
            -0.14634916322314034,
            -0.008674855493342834,
            -0.022039591721732095,
            1.359542976565197,
            -0.03773379467526117,
            -0.11637319585587538,
            0.00626518592089698,
            -0.33740984834500765,
            0.13795999882146526
        ],
        [
            -0.0013548818952746067,
            -0.11515385072172551,
            0.001928796047351982,
            -0.045681007461622125,
            -0.002826767761475679,
            -0.2017626587849241,
            -0.2877346546683387,
            0.02798816498217248,
            -0.25230925349012645,
            0.0416153688540873,
            -0.5387124465656791,
            -0.44548870196134804,
            -0.0028863554803731494,
            -0.04138804094312021,
            -0.03773379467526117,
            -0.2316565923664562,
            -0.454135810850405,
            -0.0068601419977829415,
            0.23323203175575075,
            0.09883710595438677
        ],
        [
            -0.11512305144087608,
            -0.1812007384418146,
            -0.001120422565341706,
            -0.09687643609516082,
            -0.02185526886726666,
            -0.29157561274716254,
            -0.29800778365326597,
            0.026016726706261546,
            -0.14861965414514497,
            0.06741121205243929,
            -0.5069209784228126,
            -0.3665468195914089,
            -0.008627027150995545,
            -0.10294427423189131,
            -0.11637319585587538,
            -0.454135810850405,
            -0.3137640471269638,
            -0.006753525285793683,
            0.20940364439655706,
            0.08485763128399547
        ],
        [
            -0.0030515288696387572,
            -0.00462002829393339,
            -0.0022280377196239715,
            -0.0030141544513171566,
            -0.0005410207027256491,
            -0.012682969996817249,
            -0.005737975731426002,
            -0.039175735077790055,
            -0.010462994432825029,
            0.0024940363069969173,
            -0.004689322655809094,
            -0.007263829796643412,
            0.3004873166696135,
            0.019947874257432573,
            0.00626518592089698,
            -0.0068601419977829415,
            -0.006753525285793683,
            1.4887602179381518,
            0.006222699390673201,
            0.0019361153609120307
        ],
        [
            0.045979512978659626,
            0.0967805945881932,
            -0.0014545309138880756,
            0.05753501494515996,
            0.00847935001116602,
            0.19283080736371505,
            0.15450097133504678,
            -0.02530000973460282,
            0.15144940066456974,
            -0.048074137321863955,
            0.07810496009399337,
            0.1982236288986673,
            0.02491869404045724,
            -0.5204478811703501,
            -0.33740984834500765,
            0.23323203175575075,
            0.20940364439655706,
            0.006222699390673201,
            1.2830262497488263,
            -0.08521279273449056
        ],
        [
            0.003171769338165398,
            0.024761372275955554,
            -0.00037011674943056457,
            0.009126427357880728,
            -0.0016171632267112485,
            0.033337322491188676,
            0.0567412809173368,
            -0.006348546241919656,
            0.04932822373127282,
            -0.05337127031750351,
            0.018449872571215054,
            0.0743693106767528,
            0.009235608117860986,
            -0.3670432535940017,
            0.13795999882146526,
            0.09883710595438677,
            0.08485763128399547,
            0.0019361153609120307,
            -0.08521279273449056,
            1.4498472301095406
        ]
    ]
}