{
    "HF": -2.179793250799924,
    "coordinates": [
        [
            0.67331,
            0.074462,
            0.133423
        ],
        [
            1.419125,
            -0.091079,
            -0.00474
        ],
        [
            2.254167,
            0.019209,
            0.138057
        ],
        [
            3.065315,
            0.01597,
            0.150891
        ]
    ],
    "elements": [
        "H",
        "H",
        "H",
        "H"
    ],
    "Enn": 2.8283776182534544,
    "S": [
        [
            0.9999999999999999,
            0.6848602514927513,
            0.0,
            0.0,
            0.0,
            0.5415812492163398,
            0.5547331783751329,
            0.09393509882440294,
            -0.5070692278665203,
            0.11254901959634986,
            0.10133842018388264,
            0.28585696072716577,
            -0.000393741602614806,
            -0.1343222202599992,
            0.004694735599757435,
            0.007190413510354681,
            0.09311599236229487,
            -5.916230458495172e-05,
            -0.008101472886348018,
            0.00019810633843502344
        ],
        [
            0.6848602514927513,
            1.0000000000000002,
            0.0,
            0.0,
            0.0,
            0.5547331783751329,
            0.8769579079980534,
            0.030025436721522282,
            -0.16207972531330514,
            0.0359751946636764,
            0.2858569607271658,
            0.5798052729544417,
            -0.0004957978974524058,
            -0.16913801829368327,
            0.005911592841592178,
            0.0931159923622949,
            0.2873094626626431,
            -0.0005615183616684596,
            -0.07689230184925373,
            0.0018802571565555049
        ],
        [
            0.0,
            0.0,
            1.0000000000000004,
            0.0,
            0.0,
            -0.09393509882440293,
            -0.030025436721522296,
            0.4346452623177635,
            0.12233886363166853,
            -0.027154318194793674,
            0.00039374160261480606,
            0.0004957978974524057,
            0.03884814644617819,
            -0.0007388823215185491,
            2.5824894288897986e-05,
            5.916230458495172e-05,
            0.0005615183616684594,
            0.0005914992268625127,
            -6.421489312528429e-05,
            1.5702548818602506e-06
        ],
        [
            0.0,
            0.0,
            0.0,
            1.0000000000000004,
            0.0,
            0.5070692278665205,
            0.16207972531330495,
            0.12233886363166853,
            -0.20308637427996193,
            0.14658119630038463,
            0.13432222025999924,
            0.16913801829368313,
            -0.0007388823215185491,
            -0.21321427335548698,
            0.00880998379604325,
            0.008101472886348021,
            0.0768923018492537,
            -6.421489312528451e-05,
            -0.008201387995146383,
            0.00021502504744012684
        ],
        [
            0.0,
            0.0,
            0.0,
            0.0,
            1.0000000000000004,
            -0.11254901959634984,
            -0.035975194663676394,
            -0.027154318194793668,
            0.14658119630038458,
            0.42477352012858827,
            -0.004694735599757434,
            -0.005911592841592168,
            2.582489428889798e-05,
            0.008809983796043249,
            0.03854239200159221,
            -0.00019810633843502344,
            -0.0018802571565555042,
            1.5702548818602557e-06,
            0.00021502504744012684,
            0.0005867101318055395
        ],
        [
            0.5415812492163398,
            0.5547331783751329,
            -0.09393509882440293,
            0.5070692278665205,
            -0.11254901959634986,
            0.9999999999999999,
            0.6848602514927513,
            0.0,
            0.0,
            0.0,
            0.4806909539521461,
            0.5306308845729935,
            -0.08347901197109793,
            -0.48816488521726337,
            -0.06447427657631777,
            0.08252424596308035,
            0.26260053178931186,
            -0.010303202253565139,
            -0.10898232690014457,
            -0.007086939607416868
        ],
        [
            0.5547331783751329,
            0.8769579079980534,
            -0.03002543672152228,
            0.16207972531330497,
            -0.0359751946636764,
            0.6848602514927513,
            1.0000000000000002,
            0.0,
            0.0,
            0.0,
            0.5306308845729935,
            0.8530076635234899,
            -0.029595195476833733,
            -0.17306547911627096,
            -0.02285758747557049,
            0.26260053178931186,
            0.5498595231317929,
            -0.015205573656280587,
            -0.16083725798351597,
            -0.01045897960130811
        ],
        [
            0.09393509882440293,
            0.030025436721522303,
            0.4346452623177635,
            0.12233886363166857,
            -0.027154318194793674,
            0.0,
            0.0,
            1.0000000000000004,
            0.0,
            0.0,
            0.08347901197109792,
            0.029595195476833744,
            0.3672194292186723,
            -0.12003473653607474,
            -0.015853563081965467,
            0.010303202253565139,
            0.015205573656280596,
            0.026543020324880432,
            -0.01883927296321112,
            -0.0012250866129904726
        ],
        [
            -0.5070692278665203,
            -0.1620797253133051,
            0.12233886363166849,
            -0.2030863742799618,
            0.14658119630038458,
            0.0,
            0.0,
            0.0,
            1.0000000000000004,
            0.0,
            0.488164885217263,
            0.17306547911627126,
            -0.12003473653607463,
            -0.314187777673168,
            -0.09270776713159659,
            0.10898232690014453,
            0.16083725798351575,
            -0.01883927296321111,
            -0.17094869727363418,
            -0.012958378031618287
        ],
        [
            0.11254901959634984,
            0.035975194663676394,
            -0.027154318194793668,
            0.14658119630038463,
            0.42477352012858827,
            0.0,
            0.0,
            0.0,
            0.0,
            1.0000000000000004,
            0.06447427657631775,
            0.022857587475570495,
            -0.015853563081965467,
            -0.09270776713159667,
            0.3755017025075995,
            0.007086939607416866,
            0.010458979601308096,
            -0.0012250866129904724,
            -0.012958378031618293,
            0.0274814256612212
        ],
        [
            0.10133842018388264,
            0.28585696072716577,
            0.000393741602614806,
            0.13432222025999924,
            -0.004694735599757434,
            0.4806909539521461,
            0.5306308845729935,
            0.08347901197109794,
            0.4881648852172633,
            0.06447427657631777,
            0.9999999999999999,
            0.6848602514927513,
            0.0,
            0.0,
            0.0,
            0.5140210344046301,
            0.5440960155816836,
            -0.008167436390357989,
            -0.5162069263804048,
            0.002061269009534795
        ],
        [
            0.2858569607271658,
            0.5798052729544417,
            0.0004957978974524058,
            0.1691380182936832,
            -0.005911592841592181,
            0.5306308845729935,
            0.8530076635234899,
            0.029595195476833737,
            0.1730654791162713,
            0.0228575874755705,
            0.6848602514927513,
            1.0000000000000002,
            0.0,
            0.0,
            0.0,
            0.5440960155816836,
            0.8664376863091062,
            -0.0027320154452264503,
            -0.17267172077018345,
            0.0006894964957993155
        ],
        [
            -0.00039374160261480606,
            -0.0004957978974524057,
            0.03884814644617819,
            -0.000738882321518549,
            2.582489428889799e-05,
            -0.0834790119710979,
            -0.029595195476833747,
            0.3672194292186723,
            -0.12003473653607467,
            -0.015853563081965467,
            0.0,
            0.0,
            1.0000000000000004,
            0.0,
            0.0,
            0.008167436390357989,
            0.0027320154452264494,
            0.42539266825401556,
            -0.011501911826805366,
            4.5928353897220466e-05
        ],
        [
            -0.1343222202599992,
            -0.16913801829368322,
            -0.0007388823215185493,
            -0.21321427335548693,
            0.008809983796043254,
            -0.48816488521726326,
            -0.1730654791162716,
            -0.1200347365360747,
            -0.3141877776731678,
            -0.09270776713159665,
            0.0,
            0.0,
            0.0,
            1.0000000000000004,
            0.0,
            0.5162069263804048,
            0.17267172077018342,
            -0.011501911826805312,
            -0.3013813070068912,
            0.002902812249261533
        ],
        [
            0.004694735599757435,
            0.005911592841592174,
            2.5824894288897976e-05,
            0.008809983796043246,
            0.03854239200159221,
            -0.06447427657631775,
            -0.02285758747557049,
            -0.015853563081965467,
            -0.09270776713159662,
            0.3755017025075995,
            0.0,
            0.0,
            0.0,
            0.0,
            1.0000000000000004,
            -0.002061269009534795,
            -0.0006894964957993154,
            4.5928353897220155e-05,
            0.0029028122492615266,
            0.4255630604974901
        ],
        [
            0.007190413510354681,
            0.09311599236229487,
            5.916230458495172e-05,
            0.00810147288634802,
            -0.00019810633843502344,
            0.08252424596308035,
            0.26260053178931186,
            0.01030320225356514,
            0.10898232690014457,
            0.007086939607416868,
            0.5140210344046301,
            0.5440960155816836,
            0.008167436390357989,
            0.5162069263804048,
            -0.002061269009534795,
            0.9999999999999999,
            0.6848602514927513,
            0.0,
            0.0,
            0.0
        ],
        [
            0.0931159923622949,
            0.2873094626626431,
            0.0005615183616684596,
            0.0768923018492537,
            -0.0018802571565555049,
            0.26260053178931186,
            0.5498595231317929,
            0.01520557365628059,
            0.16083725798351597,
            0.01045897960130811,
            0.5440960155816836,
            0.8664376863091062,
            0.0027320154452264503,
            0.17267172077018345,
            -0.0006894964957993155,
            0.6848602514927513,
            1.0000000000000002,
            0.0,
            0.0,
            0.0
        ],
        [
            -5.916230458495172e-05,
            -0.0005615183616684594,
            0.0005914992268625127,
            -6.421489312528451e-05,
            1.5702548818602557e-06,
            -0.010303202253565139,
            -0.015205573656280592,
            0.026543020324880432,
            -0.018839272963211112,
            -0.0012250866129904726,
            -0.008167436390357989,
            -0.0027320154452264494,
            0.42539266825401556,
            -0.011501911826805314,
            4.5928353897220155e-05,
            0.0,
            0.0,
            1.0000000000000004,
            0.0,
            0.0
        ],
        [
            -0.008101472886348018,
            -0.0768923018492537,
            -6.421489312528429e-05,
            -0.008201387995146383,
            0.00021502504744012684,
            -0.10898232690014457,
            -0.16083725798351592,
            -0.018839272963211112,
            -0.17094869727363424,
            -0.012958378031618293,
            -0.5162069263804048,
            -0.17267172077018342,
            -0.011501911826805364,
            -0.3013813070068912,
            0.0029028122492615266,
            0.0,
            0.0,
            0.0,
            1.0000000000000004,
            0.0
        ],
        [
            0.00019810633843502344,
            0.0018802571565555033,
            1.5702548818602506e-06,
            0.00021502504744012684,
            0.0005867101318055395,
            -0.007086939607416866,
            -0.0104589796013081,
            -0.0012250866129904724,
            -0.012958378031618287,
            0.0274814256612212,
            0.002061269009534795,
            0.0006894964957993154,
            4.592835389722046e-05,
            0.002902812249261533,
            0.4255630604974901,
            0.0,
            0.0,
            0.0,
            0.0,
            1.0000000000000004
        ]
    ],
    "h": [
        [
            -0.2630916515509141,
            -0.4660417736494811,
            0.04847011154617119,
            -0.27314547126202804,
            0.05857251582746613,
            -0.5730851809263953,
            -0.46175139740501114,
            -0.011938621455560156,
            0.022947614910074465,
            -0.012553761042396638,
            -0.21702795926764762,
            -0.2993031889254992,
            0.022808688318751776,
            0.28299225283204443,
            0.01230089385343999,
            0.0006543986647933146,
            -0.11360610839242226,
            0.002078183674917365,
            0.043211468038473956,
            0.0007687018461624463
        ],
        [
            -0.4660417736494811,
            -0.3119896387247998,
            0.03972037567739879,
            -0.2333815407870528,
            0.04836421165690917,
            -0.5281920891708759,
            -0.3644138151220708,
            -0.052170122741449027,
            0.1146493035862148,
            -0.056101084612408376,
            -0.30233319418872706,
            -0.2988701106572689,
            0.025962947514091266,
            0.16855939925911775,
            0.01898771971705939,
            -0.11389728944410364,
            -0.17549899844858918,
            0.003309404281054869,
            0.09901417633748644,
            0.0009050475758815369
        ],
        [
            0.04847011154617119,
            0.03972037567739879,
            1.4711811753556765,
            0.044279407420592186,
            -0.009875456097027854,
            0.0061655234031615935,
            0.0352644201842797,
            0.34938442664113856,
            0.17047725386450385,
            -0.03721929500801678,
            0.016419103156932326,
            0.0265329058093844,
            -0.0456512194290397,
            -0.026753627740336905,
            -0.001872871553945902,
            -0.0003486502506135732,
            0.00948291006462589,
            -0.0022347478998710427,
            -0.001523190482446138,
            -8.267231353612227e-05
        ],
        [
            -0.27314547126202804,
            -0.2333815407870528,
            0.044279407420592186,
            1.2229647637397267,
            0.05374074475637858,
            -0.07086901101429544,
            -0.22278348388701252,
            0.1578575537605502,
            -0.5633289497415508,
            0.19265856069594406,
            -0.21461678163573034,
            -0.1737472312178781,
            0.02358176403491752,
            0.19183678398967197,
            0.014522229151434892,
            -0.04483480641547193,
            -0.10032476989189648,
            0.001606940399933574,
            0.05762282678586918,
            -0.00011556305078474789
        ],
        [
            0.05857251582746613,
            0.04836421165690917,
            -0.009875456097027854,
            0.05374074475637858,
            1.4675776998965642,
            0.008864839235305122,
            0.043525736286822964,
            -0.036722091987828165,
            0.2051018790379428,
            0.33605377987563345,
            0.02442475978175656,
            0.03296125208406761,
            -0.003761025617126395,
            -0.0355074890315675,
            -0.04517861281932502,
            0.0012152795978458014,
            0.01310861363696674,
            -0.00018492809050257945,
            -0.0035589809353495294,
            -0.0021867959292033905
        ],
        [
            -0.5730851809263953,
            -0.5281920891708759,
            0.0061655234031615935,
            -0.07086901101429544,
            0.008864839235305122,
            -0.40602181284352823,
            -0.5791179863114959,
            -0.07856710101001518,
            0.08064139925984751,
            -0.08104550948047637,
            -0.4633982207970757,
            -0.47580528055558435,
            0.007295644968137338,
            0.07214434677792692,
            0.004000504372931049,
            -0.18938550373742935,
            -0.28552825233034007,
            0.011882454136840165,
            0.19929162479705806,
            0.006820196224774689
        ],
        [
            -0.46175139740501114,
            -0.3644138151220708,
            0.0352644201842797,
            -0.22278348388701252,
            0.043525736286822964,
            -0.5791179863114959,
            -0.4244790606782467,
            -0.06698956482084831,
            0.030259195070709358,
            -0.06776227490653602,
            -0.4699722314959749,
            -0.3957038690266075,
            0.027378472950963365,
            0.10863717433650855,
            0.021336594418613686,
            -0.27837432860882216,
            -0.2873532440960619,
            0.004700414505803895,
            0.16519022203011907,
            0.0011985651699189387
        ],
        [
            -0.011938621455560156,
            -0.052170122741449027,
            0.34938442664113856,
            0.1578575537605502,
            -0.036722091987828165,
            -0.07856710101001518,
            -0.06698956482084831,
            1.4031684611870854,
            0.009468517182364293,
            -0.014385933708743439,
            -0.018294758561634206,
            -0.050885212698413715,
            0.25049490936986146,
            -0.14713900402861088,
            -0.02001387715708328,
            -0.028601053744221505,
            -0.032958770129760714,
            -0.0369412592887254,
            0.03374386922045196,
            0.0009783334770308311
        ],
        [
            0.022947614910074465,
            0.1146493035862148,
            0.17047725386450385,
            -0.5633289497415508,
            0.2051018790379428,
            0.08064139925984751,
            0.030259195070709358,
            0.009468517182364293,
            0.9397521932162742,
            0.027271302325033945,
            -0.05334811411296447,
            -0.09600211402840203,
            -0.16055501460978738,
            -0.765177548913144,
            -0.12141548681456976,
            -0.26252527171377904,
            -0.1627420020032208,
            0.013868048390015993,
            0.216030135782049,
            0.00767337083833489
        ],
        [
            -0.012553761042396638,
            -0.056101084612408376,
            -0.03721929500801678,
            0.19265856069594406,
            0.33605377987563345,
            -0.08104550948047637,
            -0.06776227490653602,
            -0.014385933708743439,
            0.027271302325033945,
            1.4019547274839392,
            -0.01656082139995327,
            -0.047189785581648595,
            -0.01941334936104581,
            -0.10712517902854801,
            0.2608561710829016,
            -0.019599722789783246,
            -0.02691163892530154,
            0.001345492721882187,
            0.025059020265137927,
            -0.038011907854309926
        ],
        [
            -0.21702795926764762,
            -0.30233319418872706,
            0.016419103156932326,
            -0.21461678163573034,
            0.02442475978175656,
            -0.4633982207970757,
            -0.4699722314959749,
            -0.018294758561634206,
            -0.05334811411296447,
            -0.01656082139995327,
            -0.38257424544626595,
            -0.5717185416549158,
            0.02760137061654787,
            -0.06756907129306856,
            0.02549262422542769,
            -0.5457760428921407,
            -0.5124669913829407,
            0.00407696193087256,
            0.06764324677551137,
            0.0024650507407041823
        ],
        [
            -0.2993031889254992,
            -0.2988701106572689,
            0.0265329058093844,
            -0.1737472312178781,
            0.03296125208406761,
            -0.47580528055558435,
            -0.3957038690266075,
            -0.050885212698413715,
            -0.09600211402840203,
            -0.047189785581648595,
            -0.5717185416549158,
            -0.42729332531557374,
            0.025431349575110417,
            -0.023800563451168266,
            0.02250554306455408,
            -0.44538116960136365,
            -0.3581457127439158,
            0.005942500075730659,
            0.2136671287570852,
            0.0014787514880470558
        ],
        [
            0.022808688318751776,
            0.025962947514091266,
            -0.0456512194290397,
            0.02358176403491752,
            -0.003761025617126395,
            0.007295644968137338,
            0.027378472950963365,
            0.25049490936986146,
            -0.16055501460978738,
            -0.01941334936104581,
            0.02760137061654787,
            0.025431349575110417,
            1.4199809712725344,
            -0.03901389984695411,
            -0.004430585967896764,
            0.004191443228403417,
            0.011561560325271412,
            0.33736659318983364,
            -0.02268452986586606,
            -0.0002247143612577724
        ],
        [
            0.28299225283204443,
            0.16855939925911775,
            -0.026753627740336905,
            0.19183678398967197,
            -0.0355074890315675,
            0.07214434677792692,
            0.10863717433650855,
            -0.14713900402861088,
            -0.765177548913144,
            -0.10712517902854801,
            -0.06756907129306856,
            -0.023800563451168266,
            -0.03901389984695411,
            0.9355763362867582,
            -0.024824943123561406,
            -0.03723838067046692,
            -0.12067735906133917,
            -0.016742176557219567,
            -0.6690560125163039,
            0.0033977356162732085
        ],
        [
            0.01230089385343999,
            0.01898771971705939,
            -0.001872871553945902,
            0.014522229151434892,
            -0.04517861281932502,
            0.004000504372931049,
            0.021336594418613686,
            -0.02001387715708328,
            -0.12141548681456976,
            0.2608561710829016,
            0.02549262422542769,
            0.02250554306455408,
            -0.004430585967896764,
            -0.024824943123561406,
            1.4224100017503178,
            0.004740707338609776,
            0.012456381811243575,
            -0.0003328907502819601,
            -0.002010072088673714,
            0.3378293608834455
        ],
        [
            0.0006543986647933146,
            -0.11389728944410364,
            -0.0003486502506135732,
            -0.04483480641547193,
            0.0012152795978458014,
            -0.18938550373742935,
            -0.27837432860882216,
            -0.028601053744221505,
            -0.26252527171377904,
            -0.019599722789783246,
            -0.5457760428921407,
            -0.44538116960136365,
            0.004191443228403417,
            -0.03723838067046692,
            0.004740707338609776,
            -0.2362572696913947,
            -0.45362648940648853,
            0.005542656617139704,
            0.2627238973267686,
            0.0002762509835156045
        ],
        [
            -0.11360610839242226,
            -0.17549899844858918,
            0.00948291006462589,
            -0.10032476989189648,
            0.01310861363696674,
            -0.28552825233034007,
            -0.2873532440960619,
            -0.032958770129760714,
            -0.1627420020032208,
            -0.02691163892530154,
            -0.5124669913829407,
            -0.3581457127439158,
            0.011561560325271412,
            -0.12067735906133917,
            0.012456381811243575,
            -0.45362648940648853,
            -0.3047314591695294,
            0.005386476336762371,
            0.22888053010316278,
            0.0007351871748599967
        ],
        [
            0.002078183674917365,
            0.003309404281054869,
            -0.0022347478998710427,
            0.001606940399933574,
            -0.00018492809050257945,
            0.011882454136840165,
            0.004700414505803895,
            -0.0369412592887254,
            0.013868048390015993,
            0.001345492721882187,
            0.00407696193087256,
            0.005942500075730659,
            0.33736659318983364,
            -0.016742176557219567,
            -0.0003328907502819601,
            0.005542656617139704,
            0.005386476336762371,
            1.4933155512446725,
            -0.005291716782764075,
            -0.00010978262489854076
        ],
        [
            0.043211468038473956,
            0.09901417633748644,
            -0.001523190482446138,
            0.05762282678586918,
            -0.0035589809353495294,
            0.19929162479705806,
            0.16519022203011907,
            0.03374386922045196,
            0.216030135782049,
            0.025059020265137927,
            0.06764324677551137,
            0.2136671287570852,
            -0.02268452986586606,
            -0.6690560125163039,
            -0.002010072088673714,
            0.2627238973267686,
            0.22888053010316278,
            -0.005291716782764075,
            1.2404605823449708,
            -0.00016808780174014056
        ],
        [
            0.0007687018461624463,
            0.0009050475758815369,
            -8.267231353612227e-05,
            -0.00011556305078474789,
            -0.0021867959292033905,
            0.006820196224774689,
            0.0011985651699189387,
            0.0009783334770308311,
            0.00767337083833489,
            -0.038011907854309926,
            0.0024650507407041823,
            0.0014787514880470558,
            -0.0002247143612577724,
            0.0033977356162732085,
            0.3378293608834455,
            0.0002762509835156045,
            0.0007351871748599967,
            -0.00010978262489854076,
            -0.00016808780174014056,
            1.493447001079794
        ]
    ]
}