{
    "HF": -2.157417018990412,
    "coordinates": [
        [
            0.730623,
            0.113998,
            0.075991
        ],
        [
            1.472727,
            0.167906,
            0.197645
        ],
        [
            2.157791,
            -0.188081,
            -0.093115
        ],
        [
            2.925754,
            0.097127,
            0.107548
        ]
    ],
    "elements": [
        "H",
        "H",
        "H",
        "H"
    ],
    "Enn": 2.935178579915863,
    "S": [
        [
            0.9999999999999999,
            0.6848602514927513,
            0.0,
            0.0,
            0.0,
            0.5595018758178243,
            0.5614246841005303,
            -0.08618803208769987,
            -0.5257573393756918,
            -0.03819212219724566,
            0.1359796921964767,
            0.3224595500412753,
            0.020560057516708807,
            -0.17351635167295235,
            0.03672703283496671,
            0.014944725203793235,
            0.12755669340663028,
            -0.00026171329510523154,
            -0.01820499309812854,
            0.00013991713412936466
        ],
        [
            0.6848602514927513,
            1.0000000000000002,
            0.0,
            0.0,
            0.0,
            0.5614246841005303,
            0.8835365300036583,
            -0.026778279640124834,
            -0.16335071953289823,
            -0.011866140848963857,
            0.3224595500412753,
            0.6251302239408522,
            0.020582106104463857,
            -0.17370243045720107,
            0.036766418872957396,
            0.1275566934066303,
            0.34995928259922005,
            -0.0014221030303115494,
            -0.0989226620727832,
            0.0007602845715494553
        ],
        [
            0.0,
            0.0,
            1.0000000000000004,
            0.0,
            0.0,
            0.08618803208769985,
            0.026778279640124827,
            0.4597643519121755,
            -0.11206610695905503,
            -0.008140718408671473,
            -0.0205600575167088,
            -0.02058210610446383,
            0.05632254593762726,
            0.03811984330850702,
            -0.00806856946539615,
            0.00026171329510523176,
            0.0014221030303115485,
            0.0019127959519387244,
            -0.00034489048246757857,
            2.650706190068165e-06
        ],
        [
            0.0,
            0.0,
            0.0,
            1.0000000000000004,
            0.0,
            0.5257573393756918,
            0.16335071953289818,
            -0.11206610695905493,
            -0.2054812183639293,
            -0.04965935928081881,
            0.17351635167295226,
            0.173702430457201,
            0.038119843308507026,
            -0.26087255791073255,
            0.06809459242599608,
            0.01820499309812855,
            0.09892266207278315,
            -0.00034489048246757857,
            -0.022073112926515006,
            0.00018438531323353047
        ],
        [
            0.0,
            0.0,
            0.0,
            0.0,
            1.0000000000000004,
            0.03819212219724567,
            0.011866140848963853,
            -0.008140718408671475,
            -0.04965935928081887,
            0.47452812280666806,
            -0.03672703283496669,
            -0.03676641887295737,
            -0.008068569465396148,
            0.06809459242599607,
            0.04642626731946593,
            -0.00013991713412936477,
            -0.0007602845715494548,
            2.6507061900681604e-06,
            0.00018438531323353017,
            0.0019163369453170998
        ],
        [
            0.5595018758178243,
            0.5614246841005303,
            0.08618803208769985,
            0.5257573393756918,
            0.03819212219724567,
            0.9999999999999999,
            0.6848602514927513,
            0.0,
            0.0,
            0.0,
            0.5033154716017335,
            0.5398452825245327,
            0.18017087753212827,
            -0.42450330872771347,
            0.220589111913708,
            0.139785818700645,
            0.3261062895472232,
            0.011329810918207778,
            -0.18271997035473653,
            0.00890054815343272
        ],
        [
            0.5614246841005303,
            0.8835365300036583,
            0.026778279640124834,
            0.16335071953289823,
            0.011866140848963879,
            0.6848602514927513,
            1.0000000000000002,
            0.0,
            0.0,
            0.0,
            0.5398452825245327,
            0.8622118362534924,
            0.06137893007487312,
            -0.1446158183822152,
            0.07514823627928142,
            0.32610628954722326,
            0.6295363032100463,
            0.011098519503058667,
            -0.1789898498059962,
            0.008718848706471789
        ],
        [
            -0.08618803208769987,
            -0.026778279640124827,
            0.4597643519121756,
            -0.11206610695905493,
            -0.008140718408671475,
            0.0,
            0.0,
            1.0000000000000004,
            0.0,
            0.0,
            -0.1801708775321283,
            -0.06137893007487314,
            0.3226300817982741,
            0.2137571277105398,
            -0.11107686088057746,
            -0.011329810918207773,
            -0.011098519503058664,
            0.06210281235872831,
            0.021561436394400786,
            -0.0010502880583494268
        ],
        [
            -0.5257573393756918,
            -0.16335071953289818,
            -0.11206610695905503,
            -0.20548121836392944,
            -0.04965935928081887,
            0.0,
            0.0,
            0.0,
            1.0000000000000004,
            0.0,
            0.4245033087277136,
            0.1446158183822152,
            0.21375712771053995,
            -0.09028189201585514,
            0.2617098590669004,
            0.1827199703547365,
            0.17898984980599594,
            0.021561436394400762,
            -0.2842893459363967,
            0.01693837648933141
        ],
        [
            -0.03819212219724566,
            -0.011866140848963853,
            -0.008140718408671473,
            -0.04965935928081881,
            0.474528122806668,
            0.0,
            0.0,
            0.0,
            0.0,
            1.0000000000000004,
            -0.22058911191370806,
            -0.07514823627928142,
            -0.1110768608805775,
            0.26170985906690036,
            0.2773594426367767,
            -0.008900548153432724,
            -0.008718848706471775,
            -0.001050288058349426,
            0.016938376489331414,
            0.0626146675309226
        ],
        [
            0.1359796921964767,
            0.3224595500412753,
            -0.020560057516708807,
            0.17351635167295235,
            -0.03672703283496671,
            0.5033154716017335,
            0.5398452825245327,
            -0.18017087753212827,
            0.42450330872771347,
            -0.220589111913708,
            0.9999999999999999,
            0.6848602514927513,
            0.0,
            0.0,
            0.0,
            0.4890363462511076,
            0.5340671455008893,
            -0.11989203797886097,
            -0.45884218397193277,
            -0.17040594612796067
        ],
        [
            0.3224595500412753,
            0.6251302239408522,
            -0.020582106104463857,
            0.17370243045720107,
            -0.0367664188729574,
            0.5398452825245327,
            0.8622118362534924,
            -0.06137893007487314,
            0.1446158183822152,
            -0.07514823627928142,
            0.6848602514927513,
            1.0000000000000002,
            0.0,
            0.0,
            0.0,
            0.5340671455008893,
            0.8564471666460601,
            -0.04187573575573711,
            -0.16026380378138075,
            -0.059519168174612475
        ],
        [
            0.0205600575167088,
            0.020582106104463822,
            0.05632254593762726,
            0.03811984330850702,
            -0.00806856946539615,
            0.1801708775321283,
            0.06137893007487314,
            0.3226300817982741,
            0.21375712771053995,
            -0.11107686088057746,
            0.0,
            0.0,
            1.0000000000000004,
            0.0,
            0.0,
            0.11989203797886093,
            0.04187573575573708,
            0.35563923231559413,
            -0.15889176049723527,
            -0.0590096153433114
        ],
        [
            -0.17351635167295226,
            -0.173702430457201,
            0.038119843308507026,
            -0.26087255791073255,
            0.06809459242599608,
            -0.4245033087277136,
            -0.1446158183822152,
            0.2137571277105398,
            -0.09028189201585514,
            0.26170985906690025,
            0.0,
            0.0,
            0.0,
            1.0000000000000004,
            0.0,
            0.45884218397193277,
            0.16026380378138003,
            -0.1588917604972351,
            -0.21094265335982518,
            -0.22583735530663562
        ],
        [
            0.03672703283496669,
            0.03676641887295738,
            -0.008068569465396148,
            0.06809459242599607,
            0.04642626731946593,
            0.22058911191370806,
            0.07514823627928142,
            -0.1110768608805775,
            0.26170985906690053,
            0.2773594426367767,
            0.0,
            0.0,
            0.0,
            0.0,
            1.0000000000000004,
            0.17040594612796067,
            0.05951916817461251,
            -0.05900961534331144,
            -0.225837355306636,
            0.3132844273371795
        ],
        [
            0.014944725203793235,
            0.12755669340663028,
            0.00026171329510523154,
            0.01820499309812854,
            -0.00013991713412936466,
            0.139785818700645,
            0.3261062895472232,
            -0.01132981091820777,
            0.18271997035473644,
            -0.00890054815343272,
            0.4890363462511076,
            0.5340671455008893,
            0.11989203797886097,
            0.45884218397193277,
            0.17040594612796067,
            0.9999999999999999,
            0.6848602514927513,
            0.0,
            0.0,
            0.0
        ],
        [
            0.1275566934066303,
            0.34995928259922005,
            0.0014221030303115494,
            0.0989226620727832,
            -0.0007602845715494553,
            0.32610628954722326,
            0.6295363032100463,
            -0.011098519503058667,
            0.178989849805996,
            -0.008718848706471776,
            0.5340671455008893,
            0.8564471666460601,
            0.04187573575573711,
            0.16026380378138005,
            0.059519168174612475,
            0.6848602514927513,
            1.0000000000000002,
            0.0,
            0.0,
            0.0
        ],
        [
            -0.00026171329510523176,
            -0.0014221030303115485,
            0.0019127959519387244,
            -0.00034489048246757857,
            2.6507061900681604e-06,
            0.011329810918207773,
            0.011098519503058651,
            0.06210281235872831,
            0.021561436394400765,
            -0.0010502880583494261,
            -0.11989203797886093,
            -0.04187573575573708,
            0.35563923231559413,
            -0.15889176049723508,
            -0.0590096153433114,
            0.0,
            0.0,
            1.0000000000000004,
            0.0,
            0.0
        ],
        [
            -0.01820499309812855,
            -0.09892266207278315,
            -0.00034489048246757857,
            -0.022073112926515006,
            0.00018438531323353017,
            -0.18271997035473658,
            -0.17898984980599575,
            0.021561436394400783,
            -0.28428934593639676,
            0.016938376489331414,
            -0.45884218397193277,
            -0.16026380378138003,
            -0.1588917604972353,
            -0.21094265335982518,
            -0.2258373553066359,
            0.0,
            0.0,
            0.0,
            1.0000000000000004,
            0.0
        ],
        [
            0.00013991713412936477,
            0.0007602845715494548,
            2.650706190068165e-06,
            0.00018438531323353047,
            0.0019163369453170998,
            0.008900548153432724,
            0.008718848706471787,
            -0.0010502880583494266,
            0.01693837648933141,
            0.0626146675309226,
            -0.17040594612796067,
            -0.05951916817461249,
            -0.05900961534331144,
            -0.2258373553066357,
            0.3132844273371795,
            0.0,
            0.0,
            0.0,
            0.0,
            1.0000000000000004
        ]
    ],
    "h": [
        [
            -0.28272917711998713,
            -0.47686960322828476,
            -0.04201612232935234,
            -0.2970483603198794,
            -0.01392522968921302,
            -0.5896135389095686,
            -0.46974209197279304,
            0.022582035226485886,
            0.024996299665161925,
            0.023093382314948188,
            -0.25862020884386505,
            -0.32406788202274195,
            -0.0644200558872069,
            0.2883896903109339,
            -0.08747860077542038,
            -0.021070113229174993,
            -0.15160716818304573,
            0.00023575991539274673,
            0.07766533642791573,
            0.00041842366251932544
        ],
        [
            -0.47686960322828476,
            -0.3216189211416105,
            -0.03203973667583607,
            -0.25184253699432585,
            -0.008248801346360442,
            -0.5453288965840564,
            -0.37519559046473305,
            0.07303251565359573,
            0.12280291654890657,
            0.06263335110248378,
            -0.33830634450078334,
            -0.3198161792481129,
            -0.07205965979898424,
            0.1604557714639615,
            -0.09284858492657914,
            -0.14672978007816337,
            -0.2109443090951858,
            0.013934684499943036,
            0.11847372818284835,
            0.020880601843962305
        ],
        [
            -0.04201612232935234,
            -0.03203973667583607,
            1.4726783194184163,
            -0.039133295184286286,
            -0.0038517717042248186,
            0.002542349874183697,
            -0.02626542221434216,
            0.38239778405273983,
            -0.15693711599578003,
            -0.012636852109029269,
            -0.003271648761593797,
            -0.021122266324522913,
            -0.05000899064339166,
            0.024954408195520153,
            -0.007329766619598922,
            0.0017608128669791057,
            -0.007585398027606457,
            -0.006555828013066871,
            0.001956740898381891,
            -0.0005181303314822669
        ],
        [
            -0.2970483603198794,
            -0.25184253699432585,
            -0.039133295184286286,
            1.1930195444148481,
            -0.01255843861674023,
            -0.08028157762131616,
            -0.24327047251022194,
            -0.12952119136575274,
            -0.5866920474584814,
            -0.03802816554801955,
            -0.24171592747975862,
            -0.19616774941867798,
            -0.06198715080094991,
            0.110615054741938,
            -0.07758124599814725,
            -0.0780526783560723,
            -0.1304556165940307,
            0.004275332054361023,
            0.10399066453041075,
            0.005017327467116522
        ],
        [
            -0.01392522968921302,
            -0.008248801346360442,
            -0.0038517717042248186,
            -0.01255843861674023,
            1.477349550491761,
            0.010621556457858297,
            -0.003456571598689404,
            -0.015392502858280093,
            -0.0667538833453212,
            0.40034333262497457,
            0.018571668115536927,
            -0.0030993025136617364,
            0.0003898354675865613,
            0.010114498064692778,
            -0.04492189267697416,
            0.0060939464085188666,
            0.003080554395879031,
            -0.000672594714037983,
            -0.003302066724075242,
            -0.007057062272599508
        ],
        [
            -0.5896135389095686,
            -0.5453288965840564,
            0.002542349874183697,
            -0.08028157762131616,
            0.010621556457858297,
            -0.43647168961531957,
            -0.5981571880826222,
            0.11770651926614502,
            0.09500885355259522,
            0.10938160120726607,
            -0.5107154428799388,
            -0.5103440447478409,
            -0.03562069676519869,
            0.07208698509468059,
            -0.050299570250938286,
            -0.25022989820376706,
            -0.3409622198277008,
            0.017238157481985452,
            0.22367966697053054,
            0.02917455992816724
        ],
        [
            -0.46974209197279304,
            -0.37519559046473305,
            -0.02626542221434216,
            -0.24327047251022194,
            -0.003456571598689404,
            -0.5981571880826222,
            -0.44023416709742036,
            0.10037341841711361,
            0.03471148659344944,
            0.09551855107043412,
            -0.5010022026504463,
            -0.4195191279134285,
            -0.09567398629326895,
            0.09974181768195298,
            -0.12528721512055924,
            -0.31431012551270804,
            -0.3207669204256891,
            0.03293994054105504,
            0.17169266828506602,
            0.04837543959580033
        ],
        [
            0.022582035226485886,
            0.07303251565359573,
            0.38239778405273983,
            -0.12952119136575274,
            -0.015392502858280093,
            0.11770651926614502,
            0.10037341841711361,
            1.3703431671704307,
            0.02573445506445981,
            -0.03743068068480104,
            0.02852765028826404,
            0.08697240930226356,
            0.19076694099216462,
            0.2747453342698932,
            -0.1365529264945555,
            0.053966193374904284,
            0.06692430384290306,
            -0.05048865604993828,
            -0.050739538324635514,
            -0.012342869139439251
        ],
        [
            0.024996299665161925,
            0.12280291654890657,
            -0.15693711599578003,
            -0.5866920474584814,
            -0.0667538833453212,
            0.09500885355259522,
            0.03471148659344944,
            0.02573445506445981,
            0.9141220359284918,
            0.06603555452839541,
            -0.06576229735424666,
            -0.09080437380439066,
            0.27149883807753317,
            -0.5185647359330972,
            0.3314410250574301,
            -0.2799576217663512,
            -0.1579681569114611,
            0.03672697154676397,
            0.06974257683286333,
            0.051881395179190326
        ],
        [
            0.023093382314948188,
            0.06263335110248378,
            -0.012636852109029269,
            -0.03802816554801955,
            0.40034333262497457,
            0.10938160120726607,
            0.09551855107043412,
            -0.03743068068480104,
            0.06603555452839541,
            1.3621491896470415,
            0.027413090520562178,
            0.09061799179162992,
            -0.14008275070351264,
            0.34716498096421206,
            0.13309781660130532,
            0.0649457863587162,
            0.07646106053446095,
            -0.00985393544896088,
            -0.061510762771348766,
            -0.05705325424534785
        ],
        [
            -0.25862020884386505,
            -0.33830634450078334,
            -0.003271648761593797,
            -0.24171592747975862,
            0.018571668115536927,
            -0.5107154428799388,
            -0.5010022026504463,
            0.02852765028826404,
            -0.06576229735424666,
            0.027413090520562178,
            -0.38418637990886584,
            -0.5726151232177434,
            -0.12712097757279328,
            -0.037899779479088264,
            -0.1664478289552579,
            -0.5430330085271486,
            -0.5187873655055502,
            0.00872854639434198,
            0.0970127536550408,
            0.014978511641407066
        ],
        [
            -0.32406788202274195,
            -0.3198161792481129,
            -0.021122266324522913,
            -0.19616774941867798,
            -0.0030993025136617364,
            -0.5103440447478409,
            -0.4195191279134285,
            0.08697240930226356,
            -0.09080437380439066,
            0.09061799179162992,
            -0.5726151232177434,
            -0.43108884199918984,
            -0.11148187390019466,
            -0.005819636234336095,
            -0.1466268910588223,
            -0.44662818116888503,
            -0.3743726807425032,
            0.03942881270182288,
            0.2082063737915789,
            0.05834082718479183
        ],
        [
            -0.0644200558872069,
            -0.07205965979898424,
            -0.05000899064339166,
            -0.06198715080094991,
            0.0003898354675865613,
            -0.03562069676519869,
            -0.09567398629326895,
            0.19076694099216462,
            0.27149883807753317,
            -0.14008275070351264,
            -0.12712097757279328,
            -0.11148187390019466,
            1.3738268456723444,
            0.020191700771807614,
            -0.05281765932148908,
            -0.029219916431907328,
            -0.08313442884698408,
            0.2369841733057435,
            -0.1788009907424723,
            -0.07567226623695204
        ],
        [
            0.2883896903109339,
            0.1604557714639615,
            0.024954408195520153,
            0.110615054741938,
            0.010114498064692778,
            0.07208698509468059,
            0.09974181768195298,
            0.2747453342698932,
            -0.5185647359330972,
            0.34716498096421206,
            -0.037899779479088264,
            -0.005819636234336095,
            0.020191700771807614,
            1.0095208465796857,
            0.017253268934645988,
            -0.04462451159255709,
            -0.09170229236995497,
            -0.20823143487214146,
            -0.5349066402776915,
            -0.29626285686076786
        ],
        [
            -0.08747860077542038,
            -0.09284858492657914,
            -0.007329766619598922,
            -0.07758124599814725,
            -0.04492189267697416,
            -0.050299570250938286,
            -0.12528721512055924,
            -0.1365529264945555,
            0.3314410250574301,
            0.13309781660130532,
            -0.1664478289552579,
            -0.1466268910588223,
            -0.05281765932148908,
            0.017253268934645988,
            1.3462334619387994,
            -0.037203187840897434,
            -0.11038431533796662,
            -0.07687996451023177,
            -0.25892493446327075,
            0.18281086221649923
        ],
        [
            -0.021070113229174993,
            -0.14672978007816337,
            0.0017608128669791057,
            -0.0780526783560723,
            0.0060939464085188666,
            -0.25022989820376706,
            -0.31431012551270804,
            0.053966193374904284,
            -0.2799576217663512,
            0.0649457863587162,
            -0.5430330085271486,
            -0.44662818116888503,
            -0.029219916431907328,
            -0.04462451159255709,
            -0.037203187840897434,
            -0.2342022373403101,
            -0.4565983021684614,
            0.05465354786388795,
            0.2371832461876781,
            0.07934943093545124
        ],
        [
            -0.15160716818304573,
            -0.2109443090951858,
            -0.007585398027606457,
            -0.1304556165940307,
            0.003080554395879031,
            -0.3409622198277008,
            -0.3207669204256891,
            0.06692430384290306,
            -0.1579681569114611,
            0.07646106053446095,
            -0.5187873655055502,
            -0.3743726807425032,
            -0.08313442884698408,
            -0.09170229236995497,
            -0.11038431533796662,
            -0.4565983021684614,
            -0.3198294876020149,
            0.046331455314272595,
            0.21637068774366414,
            0.0677513128576882
        ],
        [
            0.00023575991539274673,
            0.013934684499943036,
            -0.006555828013066871,
            0.004275332054361023,
            -0.000672594714037983,
            0.017238157481985452,
            0.03293994054105504,
            -0.05048865604993828,
            0.03672697154676397,
            -0.00985393544896088,
            0.00872854639434198,
            0.03942881270182288,
            0.2369841733057435,
            -0.20823143487214146,
            -0.07687996451023177,
            0.05465354786388795,
            0.046331455314272595,
            1.4769613249288804,
            -0.046540361610546276,
            -0.018197947220673368
        ],
        [
            0.07766533642791573,
            0.11847372818284835,
            0.001956740898381891,
            0.10399066453041075,
            -0.003302066724075242,
            0.22367966697053054,
            0.17169266828506602,
            -0.050739538324635514,
            0.06974257683286333,
            -0.061510762771348766,
            0.0970127536550408,
            0.2082063737915789,
            -0.1788009907424723,
            -0.5349066402776915,
            -0.25892493446327075,
            0.2371832461876781,
            0.21637068774366414,
            -0.046540361610546276,
            1.276462318517164,
            -0.06754570129166143
        ],
        [
            0.00041842366251932544,
            0.020880601843962305,
            -0.0005181303314822669,
            0.005017327467116522,
            -0.007057062272599508,
            0.02917455992816724,
            0.04837543959580033,
            -0.012342869139439251,
            0.051881395179190326,
            -0.05705325424534785,
            0.014978511641407066,
            0.05834082718479183,
            -0.07567226623695204,
            -0.29626285686076786,
            0.18281086221649923,
            0.07934943093545124,
            0.0677513128576882,
            -0.018197947220673368,
            -0.06754570129166143,
            1.4639701126414473
        ]
    ]
}