{
    "HF": -2.178362496727085,
    "coordinates": [
        [
            0.735485,
            0.075076,
            -0.070552
        ],
        [
            1.512391,
            -0.073099,
            -0.199675
        ],
        [
            2.31822,
            0.186294,
            0.012784
        ],
        [
            3.064569,
            -0.116703,
            0.170521
        ]
    ],
    "elements": [
        "H",
        "H",
        "H",
        "H"
    ],
    "Enn": 2.801136411248083,
    "S": [
        [
            0.9999999999999999,
            0.6848602514927513,
            0.0,
            0.0,
            0.0,
            0.5217744605118694,
            0.5471323434947508,
            0.08374506745384157,
            -0.5038765005095471,
            0.0961015881754062,
            0.09945397286690784,
            0.2836549760918735,
            -0.006921086074842102,
            -0.13144673572843926,
            -0.009236696638569032,
            0.008487667471647167,
            0.1000205077757277,
            -0.0010006471175581053,
            -0.00966757451539866,
            0.0007960373146647521
        ],
        [
            0.6848602514927513,
            1.0000000000000002,
            0.0,
            0.0,
            0.0,
            0.5471323434947508,
            0.8694485528957475,
            0.027650618726635295,
            -0.16636797156537084,
            0.031730446394671666,
            0.2836549760918735,
            0.5770105048496463,
            -0.008842753243530819,
            -0.16794344646851025,
            -0.01180130232119387,
            0.1000205077757277,
            0.3004884219713788,
            -0.00836810486262055,
            -0.08084695982483192,
            0.006657015851831207
        ],
        [
            0.0,
            0.0,
            1.0000000000000004,
            0.0,
            0.0,
            -0.08374506745384153,
            -0.027650618726635313,
            0.4156577035669944,
            0.11315078377255793,
            -0.021580625436666428,
            0.006921086074842105,
            0.008842753243530822,
            0.03706705307160559,
            -0.012925961970718172,
            -0.0009083009085281704,
            0.0010006471175581049,
            0.008368104862620542,
            0.0006566537888666793,
            -0.0011272826675125182,
            9.282153099367959e-05
        ],
        [
            0.0,
            0.0,
            0.0,
            1.0000000000000004,
            0.0,
            0.5038765005095469,
            0.16636797156537048,
            0.11315078377255794,
            -0.24634098413143682,
            0.12984609547097553,
            0.13144673572843923,
            0.16794344646851006,
            -0.012925961970718167,
            -0.207744967451073,
            -0.017250643640915487,
            0.009667574515398658,
            0.08084695982483191,
            -0.0011272826675125182,
            -0.010117707660884804,
            0.0008967787462423549
        ],
        [
            0.0,
            0.0,
            0.0,
            0.0,
            1.0000000000000004,
            -0.09610158817540615,
            -0.031730446394671666,
            -0.021580625436666438,
            0.12984609547097556,
            0.4096987116897945,
            0.009236696638569032,
            0.011801302321193847,
            -0.0009083009085281699,
            -0.017250643640915487,
            0.03653545168687374,
            -0.0007960373146647519,
            -0.0066570158518312085,
            9.282153099367959e-05,
            0.0008967787462423549,
            0.0006994921250235688
        ],
        [
            0.5217744605118694,
            0.5471323434947508,
            -0.08374506745384154,
            0.503876500509547,
            -0.0961015881754062,
            0.9999999999999999,
            0.6848602514927513,
            0.0,
            0.0,
            0.0,
            0.4666397881609487,
            0.5247429148075423,
            -0.11962510773456347,
            -0.4537222755479202,
            -0.14605131140875005,
            0.09746907152913051,
            0.2813074362276411,
            -0.030000468030487167,
            -0.1257876002620923,
            0.0035336427406059546
        ],
        [
            0.5471323434947508,
            0.8694485528957475,
            -0.027650618726635316,
            0.16636797156537067,
            -0.031730446394671666,
            0.6848602514927513,
            1.0000000000000002,
            0.0,
            0.0,
            0.0,
            0.5247429148075423,
            0.8470943747587444,
            -0.04351142002142921,
            -0.16503308442781123,
            -0.05312346275572503,
            0.2813074362276411,
            0.5740219349459467,
            -0.038933572908783264,
            -0.1632428101071035,
            0.004585839698739547
        ],
        [
            0.08374506745384153,
            0.027650618726635334,
            0.4156577035669944,
            0.11315078377255791,
            -0.021580625436666435,
            0.0,
            0.0,
            1.0000000000000004,
            0.0,
            0.0,
            0.11962510773456343,
            0.043511420021429194,
            0.32840724261008,
            -0.16534633462182716,
            -0.053224296688949645,
            0.030000468030487167,
            0.038933572908783236,
            0.023576392302352984,
            -0.05459543116038896,
            0.0015337024363942795
        ],
        [
            -0.5038765005095469,
            -0.16636797156537048,
            0.11315078377255795,
            -0.24634098413143696,
            0.12984609547097556,
            0.0,
            0.0,
            0.0,
            1.0000000000000004,
            0.0,
            0.4537222755479199,
            0.16503308442781087,
            -0.1653463346218271,
            -0.2551356144281062,
            -0.20187274616071618,
            0.12578760026209224,
            0.16324281010710368,
            -0.054595431160388945,
            -0.19231324741095965,
            0.006430591309245912
        ],
        [
            0.09610158817540615,
            0.031730446394671666,
            -0.021580625436666435,
            0.12984609547097553,
            0.4096987116897945,
            0.0,
            0.0,
            0.0,
            0.0,
            1.0000000000000004,
            0.14605131140875,
            0.05312346275572501,
            -0.05322429668894966,
            -0.2018727461607163,
            0.30701925541000663,
            -0.003533642740605955,
            -0.004585839698739546,
            0.0015337024363942795,
            0.006430591309245915,
            0.03641680798303071
        ],
        [
            0.09945397286690784,
            0.2836549760918735,
            0.006921086074842102,
            0.1314467357284393,
            0.009236696638569035,
            0.4666397881609487,
            0.5247429148075423,
            0.11962510773456347,
            0.4537222755479202,
            0.14605131140875005,
            0.9999999999999999,
            0.6848602514927513,
            0.0,
            0.0,
            0.0,
            0.5065583868749974,
            0.5411401496191595,
            -0.09854062413298936,
            -0.46625519872339694,
            0.18928668283550074
        ],
        [
            0.2836549760918735,
            0.5770105048496463,
            0.008842753243530819,
            0.16794344646851017,
            0.01180130232119386,
            0.5247429148075423,
            0.8470943747587444,
            0.043511420021429194,
            0.1650330844278109,
            0.05312346275572503,
            0.6848602514927513,
            1.0000000000000002,
            0.0,
            0.0,
            0.0,
            0.5411401496191595,
            0.8635004599377125,
            -0.03338328055280522,
            -0.1579564595326752,
            0.06412594291547523
        ],
        [
            -0.006921086074842103,
            -0.008842753243530822,
            0.03706705307160559,
            -0.012925961970718174,
            -0.0009083009085281704,
            -0.11962510773456343,
            -0.04351142002142917,
            0.32840724261008,
            -0.16534633462182707,
            -0.053224296688949645,
            0.0,
            0.0,
            1.0000000000000004,
            0.0,
            0.0,
            0.09854062413298936,
            0.03338328055280519,
            0.39011018467291425,
            -0.1274662783622837,
            0.051747774760784654
        ],
        [
            -0.13144673572843926,
            -0.16794344646851006,
            -0.012925961970718165,
            -0.207744967451073,
            -0.017250643640915487,
            -0.4537222755479202,
            -0.16503308442781053,
            -0.1653463346218272,
            -0.2551356144281062,
            -0.2018727461607163,
            0.0,
            0.0,
            0.0,
            1.0000000000000004,
            0.0,
            0.46625519872339694,
            0.15795645953267518,
            -0.1274662783622836,
            -0.18607041310984876,
            0.24484997143940135
        ],
        [
            -0.009236696638569032,
            -0.011801302321193847,
            -0.0009083009085281699,
            -0.01725064364091549,
            0.03653545168687374,
            -0.14605131140875,
            -0.05312346275572502,
            -0.05322429668894966,
            -0.20187274616071618,
            0.30701925541000663,
            0.0,
            0.0,
            0.0,
            0.0,
            1.0000000000000004,
            -0.1892866828355007,
            -0.06412594291547521,
            0.051747774760784626,
            0.24484997143940135,
            0.3176472237173924
        ],
        [
            0.008487667471647167,
            0.1000205077757277,
            0.0010006471175581053,
            0.009667574515398661,
            -0.0007960373146647521,
            0.09746907152913051,
            0.2813074362276411,
            0.030000468030487167,
            0.12578760026209224,
            -0.0035336427406059546,
            0.5065583868749974,
            0.5411401496191595,
            0.09854062413298936,
            0.46625519872339694,
            -0.18928668283550074,
            0.9999999999999999,
            0.6848602514927513,
            0.0,
            0.0,
            0.0
        ],
        [
            0.1000205077757277,
            0.3004884219713788,
            0.008368104862620547,
            0.0808469598248319,
            -0.006657015851831207,
            0.2813074362276411,
            0.5740219349459467,
            0.038933572908783264,
            0.1632428101071037,
            -0.004585839698739547,
            0.5411401496191595,
            0.8635004599377125,
            0.03338328055280521,
            0.1579564595326752,
            -0.06412594291547523,
            0.6848602514927513,
            1.0000000000000002,
            0.0,
            0.0,
            0.0
        ],
        [
            -0.0010006471175581049,
            -0.008368104862620539,
            0.0006566537888666793,
            -0.0011272826675125182,
            9.282153099367959e-05,
            -0.030000468030487167,
            -0.038933572908783236,
            0.023576392302352984,
            -0.054595431160388945,
            0.0015337024363942795,
            -0.09854062413298936,
            -0.03338328055280521,
            0.39011018467291425,
            -0.1274662783622837,
            0.051747774760784654,
            0.0,
            0.0,
            1.0000000000000004,
            0.0,
            0.0
        ],
        [
            -0.00966757451539866,
            -0.08084695982483193,
            -0.0011272826675125182,
            -0.010117707660884804,
            0.0008967787462423549,
            -0.1257876002620923,
            -0.1632428101071035,
            -0.05459543116038896,
            -0.1923132474109597,
            0.006430591309245915,
            -0.46625519872339694,
            -0.15795645953267518,
            -0.1274662783622836,
            -0.18607041310984876,
            0.24484997143940135,
            0.0,
            0.0,
            0.0,
            1.0000000000000004,
            0.0
        ],
        [
            0.0007960373146647519,
            0.0066570158518312085,
            9.282153099367959e-05,
            0.0008967787462423549,
            0.0006994921250235688,
            0.003533642740605955,
            0.004585839698739546,
            0.0015337024363942795,
            0.006430591309245912,
            0.03641680798303071,
            0.1892866828355007,
            0.06412594291547521,
            0.051747774760784626,
            0.24484997143940135,
            0.3176472237173924,
            0.0,
            0.0,
            0.0,
            0.0,
            1.0000000000000004
        ]
    ],
    "h": [
        [
            -0.2479572296127881,
            -0.4601169541595431,
            0.04173221028190998,
            -0.26342094195540755,
            0.04564564440662394,
            -0.5570954977827867,
            -0.45343760779577835,
            -0.011669609591013735,
            0.03327455850601668,
            -0.02023845559743856,
            -0.2086723308195022,
            -0.2926948926113333,
            0.04129098556550966,
            0.26573735344019783,
            0.039154549783031456,
            -0.003170409657457747,
            -0.12029860678255097,
            0.00815010048545911,
            0.04857431572874288,
            -0.0033746438691211553
        ],
        [
            -0.4601169541595431,
            -0.31201649004601917,
            0.0344417999658607,
            -0.22947342324707548,
            0.03745693886105263,
            -0.5192583754525449,
            -0.3653366905746197,
            -0.05337482439209593,
            0.11712383844316121,
            -0.0653899274394194,
            -0.29854885493882344,
            -0.2987511166912541,
            0.03442964917195936,
            0.15721075711497018,
            0.056952056320977426,
            -0.11959344026340653,
            -0.1831448284268904,
            0.019497637750589256,
            0.09768863786286515,
            -0.023598166993814163
        ],
        [
            0.04173221028190998,
            0.0344417999658607,
            1.480117708895317,
            0.03777211190994557,
            -0.007427014909958802,
            0.004812609313337213,
            0.02955257286770929,
            0.3221310513910892,
            0.1533660091810179,
            -0.029045179875697637,
            0.007887456819379848,
            0.02192659685860721,
            -0.04518690398156759,
            -0.017830738888011212,
            -0.003472014097542748,
            -0.0035389803473909794,
            0.006038229400324028,
            -0.002474965636813653,
            0.0029229869720026488,
            -0.0005088670740422817
        ],
        [
            -0.26342094195540755,
            -0.22947342324707548,
            0.03777211190994557,
            1.238366981692001,
            0.04229900523472191,
            -0.0733987372278071,
            -0.21751022001540526,
            0.13981453887821466,
            -0.6036121509207845,
            0.15793888346536739,
            -0.2077189340426438,
            -0.16950475190881154,
            0.036829473440331766,
            0.17769023788711547,
            0.046607662949947615,
            -0.04951311934597423,
            -0.10350026672259421,
            0.009928345249383512,
            0.06318191259798309,
            -0.00841664968037131
        ],
        [
            0.04564564440662394,
            0.03745693886105263,
            -0.007427014909958802,
            0.04229900523472191,
            1.478096166291678,
            0.003400893874312194,
            0.032084609237162845,
            -0.02973848121914733,
            0.1773629153222327,
            0.31417904641328814,
            0.008650989673716901,
            0.02445805401266406,
            -0.0037210163934241793,
            -0.01832815800175519,
            -0.04551639949314991,
            0.0007926632825636074,
            0.010257109941164088,
            -0.0007003899962780714,
            -0.004619988155748343,
            -0.002533129892569437
        ],
        [
            -0.5570954977827867,
            -0.5192583754525449,
            0.004812609313337213,
            -0.0733987372278071,
            0.003400893874312194,
            -0.38358685873835374,
            -0.5706593673932829,
            -0.08392711272684825,
            0.08273091864732313,
            -0.10132533041297236,
            -0.45860105852561883,
            -0.47133678759554054,
            0.009046489095766802,
            0.07126383433151173,
            0.030797077563812836,
            -0.20402068361475062,
            -0.2967453674554438,
            0.044017991949741014,
            0.19566217576675798,
            -0.0357162898770844
        ],
        [
            -0.45343760779577835,
            -0.3653366905746197,
            0.02955257286770929,
            -0.21751022001540526,
            0.032084609237162845,
            -0.5706593673932829,
            -0.4268428896175267,
            -0.07613409035555163,
            0.033982950244268936,
            -0.08758482974339905,
            -0.46933384150916835,
            -0.3999241787207437,
            0.023627439376433718,
            0.09990081015186941,
            0.08959741700503042,
            -0.2885142243598823,
            -0.2974362767302807,
            0.034000560325534904,
            0.1560641731499219,
            -0.05305798395119831
        ],
        [
            -0.011669609591013735,
            -0.05337482439209593,
            0.3221310513910892,
            0.13981453887821466,
            -0.02973848121914733,
            -0.08392711272684825,
            -0.07613409035555163,
            1.4039304839283906,
            -0.01218589344251238,
            -0.021660268304646683,
            -0.029846885636825415,
            -0.06581221202056993,
            0.19749913052111612,
            -0.20977223435790643,
            -0.06018538996586924,
            -0.05693107510216375,
            -0.0498029352959088,
            -0.029239025331473614,
            0.0524617367175087,
            -0.012242094762205426
        ],
        [
            0.03327455850601668,
            0.11712383844316121,
            0.1533660091810179,
            -0.6036121509207845,
            0.1773629153222327,
            0.08273091864732313,
            0.033982950244268936,
            -0.01218589344251238,
            0.9752867099944269,
            -0.008520762438261865,
            -0.06510785487463444,
            -0.09066303323096842,
            -0.23105049491540014,
            -0.6677855752813305,
            -0.23658764802065424,
            -0.2597308502334841,
            -0.15370376937760155,
            0.04648950088735271,
            0.16416802498575656,
            -0.05099450943088835
        ],
        [
            -0.02023845559743856,
            -0.0653899274394194,
            -0.029045179875697637,
            0.15793888346536739,
            0.31417904641328814,
            -0.10132533041297236,
            -0.08758482974339905,
            -0.021660268304646683,
            -0.008520762438261865,
            1.3968697015458191,
            -0.019906010604466062,
            -0.06828542053797768,
            -0.06641693411893404,
            -0.24568478497322555,
            0.17524496509758714,
            -0.029133040084997043,
            -0.0484853503736951,
            0.007386794384455429,
            0.03344049017371187,
            -0.050063156522903045
        ],
        [
            -0.2086723308195022,
            -0.29854885493882344,
            0.007887456819379848,
            -0.2077189340426438,
            0.008650989673716901,
            -0.45860105852561883,
            -0.46933384150916835,
            -0.029846885636825415,
            -0.06510785487463444,
            -0.019906010604466062,
            -0.3724009383360116,
            -0.5656506339336922,
            -0.0026969431217146005,
            -0.05860023257642803,
            0.1436144369778187,
            -0.546003811891862,
            -0.5129710833345283,
            0.017359899043423388,
            0.07259101584159144,
            -0.016427059613202954
        ],
        [
            -0.2926948926113333,
            -0.2987511166912541,
            0.02192659685860721,
            -0.16950475190881154,
            0.02445805401266406,
            -0.47133678759554054,
            -0.3999241787207437,
            -0.06581221202056993,
            -0.09066303323096842,
            -0.06828542053797768,
            -0.5656506339336922,
            -0.42575549805996515,
            0.0029350660319165407,
            -0.01711820329623516,
            0.1242850990096608,
            -0.44747548871416853,
            -0.36446239895970234,
            0.04391881299828387,
            0.19938435688939626,
            -0.06928328539955936
        ],
        [
            0.04129098556550966,
            0.03442964917195936,
            -0.04518690398156759,
            0.036829473440331766,
            -0.0037210163934241793,
            0.009046489095766802,
            0.023627439376433718,
            0.19749913052111612,
            -0.23105049491540014,
            -0.06641693411893404,
            -0.0026969431217146005,
            0.0029350660319165407,
            1.4043877786587506,
            -0.09129950674060133,
            0.002567593932520299,
            -0.0026310059977656397,
            -0.01577375300401894,
            0.2852774137060019,
            -0.17891768543629363,
            0.07069768538343141
        ],
        [
            0.26573735344019783,
            0.15721075711497018,
            -0.017830738888011212,
            0.17769023788711547,
            -0.01832815800175519,
            0.07126383433151173,
            0.09990081015186941,
            -0.20977223435790643,
            -0.6677855752813305,
            -0.24568478497322555,
            -0.05860023257642803,
            -0.01711820329623516,
            -0.09129950674060133,
            1.0137346137347039,
            0.026186398015972452,
            -0.03623470953368313,
            -0.10211250831898211,
            -0.17540553207977977,
            -0.5088337861184977,
            0.33069189789513115
        ],
        [
            0.039154549783031456,
            0.056952056320977426,
            -0.003472014097542748,
            0.046607662949947615,
            -0.04551639949314991,
            0.030797077563812836,
            0.08959741700503042,
            -0.06018538996586924,
            -0.23658764802065424,
            0.17524496509758714,
            0.1436144369778187,
            0.1242850990096608,
            0.002567593932520299,
            0.026186398015972452,
            1.3753527867957818,
            0.028264387213406517,
            0.09955453969346192,
            0.06438434161539083,
            0.30780878673712,
            0.1922803883275087
        ],
        [
            -0.003170409657457747,
            -0.11959344026340653,
            -0.0035389803473909794,
            -0.04951311934597423,
            0.0007926632825636074,
            -0.20402068361475062,
            -0.2885142243598823,
            -0.05693107510216375,
            -0.2597308502334841,
            -0.029133040084997043,
            -0.546003811891862,
            -0.44747548871416853,
            -0.0026310059977656397,
            -0.03623470953368313,
            0.028264387213406517,
            -0.23668432523295113,
            -0.4551043393575471,
            0.05195913561540907,
            0.23812636822166844,
            -0.09200816934473287
        ],
        [
            -0.12029860678255097,
            -0.1831448284268904,
            0.006038229400324028,
            -0.10350026672259421,
            0.010257109941164088,
            -0.2967453674554438,
            -0.2974362767302807,
            -0.0498029352959088,
            -0.15370376937760155,
            -0.0484853503736951,
            -0.5129710833345283,
            -0.36446239895970234,
            -0.01577375300401894,
            -0.10211250831898211,
            0.09955453969346192,
            -0.4551043393575471,
            -0.3107557449668299,
            0.04620899952963382,
            0.21070945322041168,
            -0.07838223098593874
        ],
        [
            0.00815010048545911,
            0.019497637750589256,
            -0.002474965636813653,
            0.009928345249383512,
            -0.0007003899962780714,
            0.044017991949741014,
            0.034000560325534904,
            -0.029239025331473614,
            0.04648950088735271,
            0.007386794384455429,
            0.017359899043423388,
            0.04391881299828387,
            0.2852774137060019,
            -0.17540553207977977,
            0.06438434161539083,
            0.05195913561540907,
            0.04620899952963382,
            1.4799744908163803,
            -0.04544044534571558,
            0.016883174969536886
        ],
        [
            0.04857431572874288,
            0.09768863786286515,
            0.0029229869720026488,
            0.06318191259798309,
            -0.004619988155748343,
            0.19566217576675798,
            0.1560641731499219,
            0.0524617367175087,
            0.16416802498575656,
            0.03344049017371187,
            0.07259101584159144,
            0.19938435688939626,
            -0.17891768543629363,
            -0.5088337861184977,
            0.30780878673712,
            0.23812636822166844,
            0.21070945322041168,
            -0.04544044534571558,
            1.279310994662066,
            0.0794465790858678
        ],
        [
            -0.0033746438691211553,
            -0.023598166993814163,
            -0.0005088670740422817,
            -0.00841664968037131,
            -0.002533129892569437,
            -0.0357162898770844,
            -0.05305798395119831,
            -0.012242094762205426,
            -0.05099450943088835,
            -0.050063156522903045,
            -0.016427059613202954,
            -0.06928328539955936,
            0.07069768538343141,
            0.33069189789513115,
            0.1922803883275087,
            -0.09200816934473287,
            -0.07838223098593874,
            0.016883174969536886,
            0.0794465790858678,
            1.4575801467226033
        ]
    ]
}