{
    "HF": -2.1448208287243595,
    "coordinates": [
        [
            0.746492,
            -0.196387,
            -0.07362
        ],
        [
            1.578965,
            -0.005161,
            0.15045
        ],
        [
            2.326574,
            0.083641,
            0.080644
        ],
        [
            3.122725,
            0.004016,
            -0.149315
        ]
    ],
    "elements": [
        "H",
        "H",
        "H",
        "H"
    ],
    "Enn": 2.8213218813389283,
    "S": [
        [
            0.9999999999999999,
            0.6848602514927513,
            0.0,
            0.0,
            0.0,
            0.45892226746923287,
            0.5214526872291316,
            -0.12352760007437633,
            -0.45893422509356996,
            -0.10542102401848832,
            0.09338494262627532,
            0.2763822465410923,
            -0.01186764722979896,
            -0.121556913927781,
            -0.02154276771292164,
            0.007384253658487567,
            0.09419091332516873,
            0.0002648750930029369,
            -0.008315013367747513,
            -0.0007012585146055562
        ],
        [
            0.6848602514927513,
            1.0000000000000002,
            0.0,
            0.0,
            0.0,
            0.5214526872291316,
            0.8437790082359927,
            -0.045582184668541456,
            -0.16934858757341315,
            -0.03890078477898205,
            0.27638224654109217,
            0.5677209848715146,
            -0.01592016975366593,
            -0.16306574226463735,
            -0.028899116422364042,
            0.09419091332516873,
            0.2893847648010861,
            0.0024634350292360853,
            -0.07733265882590336,
            -0.006521960105211695
        ],
        [
            0.0,
            0.0,
            1.0000000000000004,
            0.0,
            0.0,
            0.12352760007437627,
            0.0455821846685414,
            0.3160399123503532,
            -0.17598746239739244,
            -0.04042578976663961,
            0.011867647229798967,
            0.01592016975366594,
            0.03215066236260781,
            -0.021685152489842832,
            -0.0038431232565308057,
            -0.0002648750930029369,
            -0.0024634350292360853,
            0.0006087175801205583,
            0.00028854463882212503,
            2.4334823754181645e-05
        ],
        [
            0.0,
            0.0,
            0.0,
            1.0000000000000004,
            0.0,
            0.45893422509357007,
            0.1693485875734131,
            -0.17598746239739252,
            -0.29042598135221437,
            -0.15019136200474753,
            0.12155691392778098,
            0.16306574226463708,
            -0.021685152489842808,
            -0.18784701847487634,
            -0.039364011573832534,
            0.008315013367747509,
            0.07733265882590329,
            0.00028854463882212476,
            -0.008440143434193548,
            -0.0007639237896012985
        ],
        [
            0.0,
            0.0,
            0.0,
            0.0,
            1.0000000000000004,
            0.10542102401848832,
            0.038900784778982025,
            -0.04042578976663962,
            -0.15019136200474748,
            0.32890881897995433,
            0.021542767712921646,
            0.028899116422364014,
            -0.0038431232565308035,
            -0.03936401157383256,
            0.02729155563947314,
            0.000701258514605556,
            0.006521960105211694,
            2.4334823754181635e-05,
            -0.0007639237896012989,
            0.0005534825788509739
        ],
        [
            0.45892226746923287,
            0.5214526872291316,
            0.12352760007437633,
            0.45893422509357007,
            0.10542102401848832,
            0.9999999999999999,
            0.6848602514927513,
            0.0,
            0.0,
            0.0,
            0.5577730855350007,
            0.5607866118553612,
            0.04926219108876374,
            -0.5275887089602549,
            -0.06266769465467723,
            0.10386198981678593,
            0.28876629294714373,
            0.026244011460325,
            -0.13515405444928974,
            -0.000803433666943781
        ],
        [
            0.5214526872291316,
            0.8437790082359927,
            0.045582184668541456,
            0.16934858757341315,
            0.03890078477898204,
            0.6848602514927513,
            1.0000000000000002,
            0.0,
            0.0,
            0.0,
            0.5607866118553612,
            0.8829105136786151,
            0.015346942137891988,
            -0.16436283506814994,
            -0.01952323805588466,
            0.28876629294714373,
            0.5834853415420083,
            0.032421674987276,
            -0.16696840851452702,
            -0.000992556540484152
        ],
        [
            -0.12352760007437627,
            -0.0455821846685414,
            0.3160399123503532,
            -0.1759874623973925,
            -0.04042578976663961,
            0.0,
            0.0,
            1.0000000000000004,
            0.0,
            0.0,
            -0.04926219108876374,
            -0.015346942137891987,
            0.4700969599115774,
            0.06450837151315587,
            0.007662390911708217,
            -0.026244011460325022,
            -0.03242167498727602,
            0.030931459502599724,
            0.048468713193481616,
            0.00028812599171929633
        ],
        [
            -0.45893422509356996,
            -0.1693485875734131,
            -0.17598746239739246,
            -0.2904259813522145,
            -0.15019136200474748,
            0.0,
            0.0,
            0.0,
            1.0000000000000004,
            0.0,
            0.5275887089602549,
            0.16436283506814992,
            0.06450837151315587,
            -0.21475214785737642,
            -0.08206275115478993,
            0.13515405444928985,
            0.16696840851452702,
            0.04846871319348163,
            -0.20926602120665694,
            -0.0014838202624608639
        ],
        [
            -0.10542102401848832,
            -0.03890078477898202,
            -0.04042578976663962,
            -0.15019136200474753,
            0.32890881897995433,
            0.0,
            0.0,
            0.0,
            0.0,
            1.0000000000000004,
            0.06266769465467723,
            0.019523238055884653,
            0.007662390911708219,
            -0.08206275115478995,
            0.46637273368342835,
            0.0008034336669437816,
            0.0009925565404841526,
            0.00028812599171929633,
            -0.0014838202624608637,
            0.040334220807398014
        ],
        [
            0.09338494262627532,
            0.2763822465410923,
            0.01186764722979896,
            0.12155691392778098,
            0.02154276771292164,
            0.5577730855350007,
            0.5607866118553612,
            -0.04926219108876374,
            0.5275887089602549,
            0.06266769465467723,
            0.9999999999999999,
            0.6848602514927513,
            0.0,
            0.0,
            0.0,
            0.4974647526229297,
            0.5374929804112955,
            0.14040106406658037,
            -0.48608859647881575,
            0.04861490407551547
        ],
        [
            0.27638224654109217,
            0.5677209848715146,
            0.01592016975366593,
            0.16306574226463727,
            0.028899116422364042,
            0.5607866118553612,
            0.8829105136786151,
            -0.015346942137891988,
            0.16436283506814994,
            0.019523238055884653,
            0.6848602514927513,
            1.0000000000000002,
            0.0,
            0.0,
            0.0,
            0.5374929804112955,
            0.8598678635885977,
            0.04831815234786291,
            -0.16728436508205116,
            0.01673051666035502
        ],
        [
            -0.011867647229798967,
            -0.01592016975366594,
            0.03215066236260781,
            -0.02168515248984283,
            -0.0038431232565308057,
            0.04926219108876374,
            0.015346942137891987,
            0.4700969599115774,
            0.06450837151315587,
            0.007662390911708217,
            0.0,
            0.0,
            1.0000000000000004,
            0.0,
            0.0,
            -0.14040106406658034,
            -0.04831815234786289,
            0.35086763546301813,
            0.1933105401669689,
            -0.019333457799833066
        ],
        [
            -0.12155691392778095,
            -0.163065742264637,
            -0.02168515248984281,
            -0.18784701847487628,
            -0.03936401157383254,
            -0.5275887089602549,
            -0.16436283506814992,
            0.06450837151315587,
            -0.21475214785737642,
            -0.08206275115478993,
            0.0,
            0.0,
            0.0,
            1.0000000000000004,
            0.0,
            0.48608859647881575,
            0.16728436508205116,
            0.1933105401669689,
            -0.2625656349049999,
            0.06693520045223234
        ],
        [
            -0.021542767712921646,
            -0.028899116422364025,
            -0.0038431232565308035,
            -0.03936401157383256,
            0.02729155563947314,
            -0.06266769465467723,
            -0.019523238055884656,
            0.007662390911708219,
            -0.08206275115478995,
            0.46637273368342835,
            0.0,
            0.0,
            0.0,
            0.0,
            1.0000000000000004,
            -0.048614904075515476,
            -0.016730516660355025,
            -0.019333457799833073,
            0.06693520045223236,
            0.4000087948288256
        ],
        [
            0.007384253658487567,
            0.09419091332516873,
            -0.0002648750930029369,
            0.008315013367747513,
            0.0007012585146055562,
            0.10386198981678593,
            0.28876629294714373,
            -0.026244011460325,
            0.13515405444928974,
            0.000803433666943781,
            0.4974647526229297,
            0.5374929804112955,
            -0.14040106406658037,
            0.48608859647881575,
            -0.04861490407551546,
            0.9999999999999999,
            0.6848602514927513,
            0.0,
            0.0,
            0.0
        ],
        [
            0.09419091332516873,
            0.2893847648010861,
            -0.0024634350292360853,
            0.07733265882590334,
            0.006521960105211694,
            0.28876629294714373,
            0.5834853415420083,
            -0.032421674987276,
            0.1669684085145272,
            0.000992556540484152,
            0.5374929804112955,
            0.8598678635885977,
            -0.04831815234786291,
            0.16728436508205116,
            -0.016730516660355025,
            0.6848602514927513,
            1.0000000000000002,
            0.0,
            0.0,
            0.0
        ],
        [
            0.0002648750930029369,
            0.0024634350292360853,
            0.0006087175801205584,
            0.00028854463882212487,
            2.4334823754181635e-05,
            0.026244011460325022,
            0.03242167498727602,
            0.030931459502599724,
            0.04846871319348165,
            0.00028812599171929633,
            0.14040106406658034,
            0.04831815234786289,
            0.35086763546301813,
            0.1933105401669689,
            -0.019333457799833066,
            0.0,
            0.0,
            1.0000000000000004,
            0.0,
            0.0
        ],
        [
            -0.008315013367747513,
            -0.07733265882590326,
            0.0002885446388221249,
            -0.008440143434193548,
            -0.0007639237896012985,
            -0.13515405444928974,
            -0.16696840851452702,
            0.048468713193481595,
            -0.20926602120665694,
            -0.001483820262460863,
            -0.48608859647881575,
            -0.16728436508205116,
            0.1933105401669689,
            -0.2625656349049999,
            0.06693520045223234,
            0.0,
            0.0,
            0.0,
            1.0000000000000004,
            0.0
        ],
        [
            -0.000701258514605556,
            -0.006521960105211693,
            2.4334823754181645e-05,
            -0.0007639237896012989,
            0.0005534825788509739,
            -0.0008034336669437816,
            -0.0009925565404841526,
            0.00028812599171929633,
            -0.0014838202624608645,
            0.040334220807398014,
            0.04861490407551547,
            0.016730516660355035,
            -0.019333457799833073,
            0.06693520045223236,
            0.4000087948288256,
            0.0,
            0.0,
            0.0,
            0.0,
            1.0000000000000004
        ]
    ],
    "h": [
        [
            -0.20073737897201882,
            -0.4351392858919363,
            -0.05700088348914133,
            -0.21332635955855658,
            -0.04929105244891791,
            -0.5097285917715242,
            -0.4217100410244846,
            0.015887104500273863,
            0.051341571170829714,
            0.010707981395534832,
            -0.21057377296180418,
            -0.2789862437962841,
            -0.0051346221125343275,
            0.27879285668920173,
            0.036099890001378004,
            0.006084088968775284,
            -0.10498639194468226,
            -0.005153319914938683,
            0.04482248267968139,
            0.0020401065598667375
        ],
        [
            -0.4351392858919363,
            -0.30145795656080243,
            -0.05179229223811889,
            -0.1980387418408496,
            -0.04542172705929397,
            -0.5030428299558458,
            -0.35816779512427444,
            0.05339033963943951,
            0.07939513668430312,
            0.02734497005128253,
            -0.3126063939092679,
            -0.2962770301540374,
            -0.006166743652211114,
            0.19045208999903918,
            0.02909814642579049,
            -0.10648357349703452,
            -0.17139824224933287,
            -0.021097980655306277,
            0.09847199880470946,
            -0.003420922110850143
        ],
        [
            -0.05700088348914133,
            -0.05179229223811889,
            1.482740993825003,
            -0.05038307080390289,
            -0.011576663738115809,
            -0.019041705965858136,
            -0.046237018162748625,
            0.18978115074391344,
            -0.22522747396251092,
            -0.051364795757522855,
            -0.03575134598927299,
            -0.037791760739822725,
            -0.04264615538319247,
            0.04850131988116703,
            0.006691808624176121,
            -0.0015971798810744354,
            -0.0154470519313026,
            -0.0027181205964402996,
            0.0033876685063807515,
            -4.7683545604471824e-05
        ],
        [
            -0.21332635955855658,
            -0.1980387418408496,
            -0.05038307080390289,
            1.3017927714445108,
            -0.04422884657639051,
            -0.09024520385555501,
            -0.18676632308953828,
            -0.2144067294558566,
            -0.6046834881420725,
            -0.19171033659351183,
            -0.20958507361532402,
            -0.1548871092100987,
            -0.0004050150922924531,
            0.19894753411138977,
            0.03546060619480103,
            -0.04367071162478467,
            -0.09272575796706835,
            -0.0070866954824797025,
            0.058433343795412644,
            0.0019461472025284387
        ],
        [
            -0.04929105244891791,
            -0.04542172705929397,
            -0.011576663738115809,
            -0.04422884657639051,
            1.4860857974659354,
            -0.019469662335886012,
            -0.04199010386954478,
            -0.04956632258952012,
            -0.19431909573304473,
            0.20476480233629724,
            -0.04169790730589583,
            -0.03451449060144549,
            -0.00036079624923878156,
            0.050585452436010925,
            -0.03443533496691735,
            -0.005813132437050274,
            -0.01752442796405286,
            -0.0011308567275515055,
            0.008076290280234006,
            -0.0018609468814651932
        ],
        [
            -0.5097285917715242,
            -0.5030428299558458,
            -0.019041705965858136,
            -0.09024520385555501,
            -0.019469662335886012,
            -0.4050452986324573,
            -0.5839228725126815,
            0.07562801943698522,
            -0.03835293947549667,
            0.01741314181892839,
            -0.5324100083217735,
            -0.508972188595096,
            0.01292305984025896,
            0.04020888312994497,
            0.01593695541516596,
            -0.2307497245984045,
            -0.3227222649565701,
            -0.053358005518740995,
            0.227538920379705,
            -0.009175961735506898
        ],
        [
            -0.4217100410244846,
            -0.35816779512427444,
            -0.046237018162748625,
            -0.18676632308953828,
            -0.04199010386954478,
            -0.5839228725126815,
            -0.4341136047685361,
            0.06681065635398281,
            -0.04065435974927488,
            0.015521278335380912,
            -0.5147402190505219,
            -0.4109695183902129,
            0.0128587078172426,
            0.1367259764569312,
            0.039734029427213324,
            -0.29474967757369364,
            -0.30316710701981875,
            -0.04702286860286311,
            0.17120054081263664,
            -0.014163616290218034
        ],
        [
            0.015887104500273863,
            0.05339033963943951,
            0.18978115074391344,
            -0.2144067294558566,
            -0.04956632258952012,
            0.07562801943698522,
            0.06681065635398281,
            1.3958824188839007,
            -0.02128799744613673,
            -0.00807470643190414,
            0.022190123623195057,
            0.04987719267560961,
            0.385681145193456,
            0.08010240147776146,
            0.0073966520812408995,
            0.03384401215366072,
            0.029155016853065666,
            -0.03619331357761362,
            -0.03332934885859945,
            0.0017493980048798226
        ],
        [
            0.051341571170829714,
            0.07939513668430312,
            -0.22522747396251092,
            -0.6046834881420725,
            -0.19431909573304473,
            -0.03835293947549667,
            -0.04065435974927488,
            -0.02128799744613673,
            0.921542822766388,
            -0.07585903734275694,
            -0.05440027758235666,
            -0.14912617744811651,
            0.11144300551673342,
            -0.7056678192472252,
            -0.11517435221882255,
            -0.29485370360501995,
            -0.19661341450986727,
            -0.06333836679473187,
            0.19938551529846227,
            -0.015855051450517764
        ],
        [
            0.010707981395534832,
            0.02734497005128253,
            -0.051364795757522855,
            -0.19171033659351183,
            0.20476480233629724,
            0.01741314181892839,
            0.015521278335380912,
            -0.00807470643190414,
            -0.07585903734275694,
            1.3980771089412707,
            0.0033433122492038114,
            -0.0036203149191984495,
            0.01226691316193602,
            -0.13440372390115335,
            0.3812768959850893,
            -0.0217927467335554,
            -0.016473774668258494,
            -0.004745758190941963,
            0.017438813958933257,
            -0.045772254271552015
        ],
        [
            -0.21057377296180418,
            -0.3126063939092679,
            -0.03575134598927299,
            -0.20958507361532402,
            -0.04169790730589583,
            -0.5324100083217735,
            -0.5147402190505219,
            0.022190123623195057,
            -0.05440027758235666,
            0.0033433122492038114,
            -0.43270181877923264,
            -0.5960269325358469,
            0.04266642513017922,
            0.009230201207661631,
            0.05042327141518371,
            -0.5411930152441407,
            -0.5216867666876568,
            -0.022851232112149178,
            0.08865601352733588,
            -0.005040574092046571
        ],
        [
            -0.2789862437962841,
            -0.2962770301540374,
            -0.037791760739822725,
            -0.1548871092100987,
            -0.03451449060144549,
            -0.508972188595096,
            -0.4109695183902129,
            0.04987719267560961,
            -0.14912617744811651,
            -0.0036203149191984495,
            -0.5960269325358469,
            -0.4360861352725873,
            0.0361237981878238,
            0.023149894918745695,
            0.04404083588637332,
            -0.43939735181772965,
            -0.36313536346432085,
            -0.05789279948733059,
            0.20756729267699298,
            -0.01779134061560495
        ],
        [
            -0.0051346221125343275,
            -0.006166743652211114,
            -0.04264615538319247,
            -0.0004050150922924531,
            -0.00036079624923878156,
            0.01292305984025896,
            0.0128587078172426,
            0.385681145193456,
            0.11144300551673342,
            0.01226691316193602,
            0.04266642513017922,
            0.0361237981878238,
            1.3841876728047704,
            0.08568816155116535,
            -0.0030789153286269293,
            0.010110398020071881,
            0.04292478160610794,
            0.23219420906861277,
            0.255499383198022,
            -0.02559126225471451
        ],
        [
            0.27879285668920173,
            0.19045208999903918,
            0.04850131988116703,
            0.19894753411138977,
            0.050585452436010925,
            0.04020888312994497,
            0.1367259764569312,
            0.08010240147776146,
            -0.7056678192472252,
            -0.13440372390115335,
            0.009230201207661631,
            0.023149894918745695,
            0.08568816155116535,
            0.8888724269044357,
            -0.01417122460815992,
            -0.03710455345571073,
            -0.08929740323364149,
            0.2609400586334465,
            -0.6096794632312916,
            0.0883475004115691
        ],
        [
            0.036099890001378004,
            0.02909814642579049,
            0.006691808624176121,
            0.03546060619480103,
            -0.03443533496691735,
            0.01593695541516596,
            0.039734029427213324,
            0.0073966520812408995,
            -0.11517435221882255,
            0.3812768959850893,
            0.05042327141518371,
            0.04404083588637332,
            -0.0030789153286269293,
            -0.01417122460815992,
            1.3976393953907278,
            0.006293289206959804,
            0.029472129099209335,
            -0.023942543287040652,
            0.08080980270036348,
            0.2971293188970436
        ],
        [
            0.006084088968775284,
            -0.10648357349703452,
            -0.0015971798810744354,
            -0.04367071162478467,
            -0.005813132437050274,
            -0.2307497245984045,
            -0.29474967757369364,
            0.03384401215366072,
            -0.29485370360501995,
            -0.0217927467335554,
            -0.5411930152441407,
            -0.43939735181772965,
            0.010110398020071881,
            -0.03710455345571073,
            0.006293289206959804,
            -0.22992792677371932,
            -0.44906482450027274,
            -0.0701414650015609,
            0.24107902403332845,
            -0.023776087935607017
        ],
        [
            -0.10498639194468226,
            -0.17139824224933287,
            -0.0154470519313026,
            -0.09272575796706835,
            -0.01752442796405286,
            -0.3227222649565701,
            -0.30316710701981875,
            0.029155016853065666,
            -0.19661341450986727,
            -0.016473774668258494,
            -0.5216867666876568,
            -0.36313536346432085,
            0.04292478160610794,
            -0.08929740323364149,
            0.029472129099209335,
            -0.44906482450027274,
            -0.3072440350182719,
            -0.06212000428144917,
            0.2162594505741143,
            -0.02042431796449097
        ],
        [
            -0.005153319914938683,
            -0.021097980655306277,
            -0.0027181205964402996,
            -0.0070866954824797025,
            -0.0011308567275515055,
            -0.053358005518740995,
            -0.04702286860286311,
            -0.03619331357761362,
            -0.06333836679473187,
            -0.004745758190941963,
            -0.022851232112149178,
            -0.05789279948733059,
            0.23219420906861277,
            0.2609400586334465,
            -0.023942543287040652,
            -0.0701414650015609,
            -0.06212000428144917,
            1.466147733314825,
            0.06442642617846292,
            -0.006163299171584325
        ],
        [
            0.04482248267968139,
            0.09847199880470946,
            0.0033876685063807515,
            0.058433343795412644,
            0.008076290280234006,
            0.227538920379705,
            0.17120054081263664,
            -0.03332934885859945,
            0.19938551529846227,
            0.017438813958933257,
            0.08865601352733588,
            0.20756729267699298,
            0.255499383198022,
            -0.6096794632312916,
            0.08080980270036348,
            0.24107902403332845,
            0.2162594505741143,
            0.06442642617846292,
            1.257989754915332,
            0.0211555083320955
        ],
        [
            0.0020401065598667375,
            -0.003420922110850143,
            -4.7683545604471824e-05,
            0.0019461472025284387,
            -0.0018609468814651932,
            -0.009175961735506898,
            -0.014163616290218034,
            0.0017493980048798226,
            -0.015855051450517764,
            -0.045772254271552015,
            -0.005040574092046571,
            -0.01779134061560495,
            -0.02559126225471451,
            0.0883475004115691,
            0.2971293188970436,
            -0.023776087935607017,
            -0.02042431796449097,
            -0.006163299171584325,
            0.0211555083320955,
            1.4824511622143144
        ]
    ]
}