{
    "HF": -2.176975005081337,
    "coordinates": [
        [
            0.78581,
            -0.041606,
            -0.167936
        ],
        [
            1.518268,
            0.034237,
            0.001908
        ],
        [
            2.354803,
            0.047051,
            0.06068
        ],
        [
            3.155638,
            0.052254,
            -0.016364
        ]
    ],
    "elements": [
        "H",
        "H",
        "H",
        "H"
    ],
    "Enn": 2.867968411713443,
    "S": [
        [
            0.9999999999999999,
            0.6848602514927513,
            0.0,
            0.0,
            0.0,
            0.5580829294805388,
            0.5609010863905125,
            -0.11994335422765115,
            -0.5172597757405435,
            -0.05356011289587943,
            0.09966454450283511,
            0.2839023079917426,
            -0.01903553900416372,
            -0.1306410200894069,
            -0.007381958312157253,
            0.007653722174509144,
            0.09565856288076867,
            -0.0005542232729641644,
            -0.008665280068364346,
            -0.00034319924788494226
        ],
        [
            0.6848602514927513,
            1.0000000000000002,
            0.0,
            0.0,
            0.0,
            0.5609010863905125,
            0.8830228452446222,
            -0.037348566329354356,
            -0.16106695671596416,
            -0.016677817974831175,
            0.2839023079917426,
            0.5773248280376939,
            -0.024280998003608067,
            -0.16664063714121083,
            -0.00941614077757411,
            0.09565856288076871,
            0.292203973421059,
            -0.005015378767862838,
            -0.07841543975593682,
            -0.0031057415033885296
        ],
        [
            0.0,
            0.0,
            1.0000000000000004,
            0.0,
            0.0,
            0.11994335422765111,
            0.03734856632935435,
            0.4407969400928816,
            -0.15389020692339456,
            -0.015934695182100573,
            0.019035539004163715,
            0.024280998003608067,
            0.03273174744115722,
            -0.03526623045548128,
            -0.001992741964745288,
            0.0005542232729641649,
            0.0050153787678628384,
            0.0006156117507433438,
            -0.0006104959199484005,
            -2.4179453971493654e-05
        ],
        [
            0.0,
            0.0,
            0.0,
            1.0000000000000004,
            0.0,
            0.5172597757405435,
            0.16106695671596435,
            -0.15389020692339467,
            -0.18717538162639774,
            -0.06871891243547622,
            0.13064102008940687,
            0.1666406371412108,
            -0.03526623045548128,
            -0.20416200874494655,
            -0.013676200237479461,
            0.008665280068364346,
            0.07841543975593679,
            -0.0006104959199484003,
            -0.00889044431896007,
            -0.00037804572774890387
        ],
        [
            0.0,
            0.0,
            0.0,
            0.0,
            1.0000000000000004,
            0.05356011289587942,
            0.016677817974831158,
            -0.015934695182100566,
            -0.06871891243547615,
            0.46936578612753926,
            0.007381958312157253,
            0.009416140777574102,
            -0.0019927419647452877,
            -0.013676200237479456,
            0.037097562749036916,
            0.0003431992478849425,
            0.003105741503388527,
            -2.4179453971493654e-05,
            -0.00037804572774890403,
            0.0006396855297568024
        ],
        [
            0.5580829294805388,
            0.5609010863905125,
            0.11994335422765112,
            0.5172597757405435,
            0.05356011289587943,
            0.9999999999999999,
            0.6848602514927513,
            0.0,
            0.0,
            0.0,
            0.4926860417204033,
            0.5355560514342326,
            -0.03544722959298892,
            -0.5045403969164057,
            -0.007728523786914862,
            0.08708967641684266,
            0.268522495079733,
            0.0012914011187410465,
            -0.1157235907286026,
            -0.0012733786096955693
        ],
        [
            0.5609010863905125,
            0.8830228452446222,
            0.03734856632935435,
            0.16106695671596435,
            0.016677817974831175,
            0.6848602514927513,
            1.0000000000000002,
            0.0,
            0.0,
            0.0,
            0.5355560514342326,
            0.8579348620694232,
            -0.012301454794442345,
            -0.17509353921031853,
            -0.002682073806165941,
            0.26852249507973297,
            0.5575769779323417,
            0.0018283499137126161,
            -0.16384004477975186,
            -0.001802833865770591
        ],
        [
            -0.11994335422765111,
            -0.03734856632935436,
            0.4407969400928816,
            -0.15389020692339467,
            -0.015934695182100573,
            0.0,
            0.0,
            1.0000000000000004,
            0.0,
            0.0,
            0.035447229592988905,
            0.012301454794442347,
            0.39768669169960635,
            -0.05122003929516898,
            -0.0007845859211249925,
            -0.0012914011187410452,
            -0.0018283499137126142,
            0.03075032766384076,
            0.0023905146264965303,
            2.6304318526410035e-05
        ],
        [
            -0.5172597757405435,
            -0.16106695671596416,
            -0.15389020692339456,
            -0.1871753816263979,
            -0.06871891243547618,
            0.0,
            0.0,
            0.0,
            1.0000000000000004,
            0.0,
            0.5045403969164057,
            0.17509353921031853,
            -0.05122003929516898,
            -0.3277584558995218,
            -0.011167453609342815,
            0.11572359072860255,
            0.16384004477975184,
            0.0023905146264965307,
            -0.1834391151416866,
            -0.0023571531318732496
        ],
        [
            -0.05356011289587942,
            -0.016677817974831158,
            -0.015934695182100566,
            -0.06871891243547619,
            0.46936578612753926,
            0.0,
            0.0,
            0.0,
            0.0,
            1.0000000000000004,
            0.007728523786914854,
            0.00268207380616593,
            -0.0007845859211249917,
            -0.011167453609342803,
            0.40111416861199556,
            0.0012733786096955676,
            0.0018028338657705859,
            2.6304318526410022e-05,
            -0.002357153131873248,
            0.030751067054008152
        ],
        [
            0.09966454450283511,
            0.2839023079917426,
            0.01903553900416372,
            0.1306410200894069,
            0.007381958312157253,
            0.4926860417204033,
            0.5355560514342326,
            0.03544722959298892,
            0.5045403969164057,
            0.007728523786914854,
            0.9999999999999999,
            0.6848602514927513,
            0.0,
            0.0,
            0.0,
            0.5192827580899111,
            0.5461603787360393,
            0.04966637880694334,
            -0.5162579106985418,
            -0.00335411153279329
        ],
        [
            0.2839023079917426,
            0.5773248280376939,
            0.02428099800360807,
            0.16664063714121083,
            0.00941614077757411,
            0.5355560514342326,
            0.8579348620694232,
            0.012301454794442349,
            0.17509353921031853,
            0.0026820738061659305,
            0.6848602514927513,
            1.0000000000000002,
            0.0,
            0.0,
            0.0,
            0.5461603787360393,
            0.8684854320323897,
            0.016467046255701053,
            -0.17116695639095003,
            -0.0011120663733504561
        ],
        [
            -0.019035539004163715,
            -0.02428099800360807,
            0.03273174744115722,
            -0.03526623045548129,
            -0.001992741964745288,
            -0.035447229592988905,
            -0.012301454794442343,
            0.39768669169960635,
            -0.05122003929516898,
            -0.0007845859211249917,
            0.0,
            0.0,
            1.0000000000000004,
            0.0,
            0.0,
            -0.04966637880694332,
            -0.016467046255701043,
            0.42495238265348323,
            0.06913516010643472,
            0.0004491689774220406
        ],
        [
            -0.13064102008940684,
            -0.1666406371412108,
            -0.035266230455481266,
            -0.2041620087449465,
            -0.013676200237479456,
            -0.5045403969164057,
            -0.17509353921031853,
            -0.05122003929516898,
            -0.3277584558995218,
            -0.011167453609342803,
            0.0,
            0.0,
            0.0,
            1.0000000000000004,
            0.0,
            0.5162579106985418,
            0.17116695639095,
            0.06913516010643475,
            -0.2870229443544174,
            -0.004668893593709828
        ],
        [
            -0.007381958312157253,
            -0.009416140777574102,
            -0.0019927419647452877,
            -0.013676200237479461,
            0.037097562749036916,
            -0.007728523786914862,
            -0.00268207380616593,
            -0.0007845859211249925,
            -0.011167453609342815,
            0.40111416861199556,
            0.0,
            0.0,
            0.0,
            0.0,
            1.0000000000000004,
            0.00335411153279329,
            0.001112066373350456,
            0.0004491689774220407,
            -0.004668893593709828,
            0.43157316848561106
        ],
        [
            0.007653722174509144,
            0.09565856288076867,
            0.0005542232729641644,
            0.008665280068364345,
            0.00034319924788494226,
            0.08708967641684266,
            0.268522495079733,
            -0.0012914011187410465,
            0.1157235907286026,
            0.001273378609695568,
            0.5192827580899111,
            0.5461603787360393,
            -0.04966637880694334,
            0.5162579106985418,
            0.00335411153279329,
            0.9999999999999999,
            0.6848602514927513,
            0.0,
            0.0,
            0.0
        ],
        [
            0.09565856288076871,
            0.292203973421059,
            0.00501537876786284,
            0.07841543975593687,
            0.0031057415033885296,
            0.26852249507973297,
            0.5575769779323417,
            -0.0018283499137126161,
            0.16384004477975186,
            0.001802833865770586,
            0.5461603787360393,
            0.8684854320323897,
            -0.016467046255701057,
            0.17116695639095003,
            0.0011120663733504561,
            0.6848602514927513,
            1.0000000000000002,
            0.0,
            0.0,
            0.0
        ],
        [
            -0.0005542232729641647,
            -0.005015378767862836,
            0.0006156117507433438,
            -0.0006104959199484005,
            -2.4179453971493654e-05,
            0.0012914011187410454,
            0.0018283499137126146,
            0.03075032766384076,
            0.0023905146264965303,
            2.6304318526410015e-05,
            0.04966637880694333,
            0.016467046255701043,
            0.42495238265348323,
            0.06913516010643472,
            0.0004491689774220406,
            0.0,
            0.0,
            1.0000000000000004,
            0.0,
            0.0
        ],
        [
            -0.008665280068364345,
            -0.07841543975593679,
            -0.0006104959199484003,
            -0.00889044431896007,
            -0.00037804572774890387,
            -0.11572359072860255,
            -0.16384004477975184,
            0.0023905146264965307,
            -0.1834391151416866,
            -0.002357153131873248,
            -0.5162579106985418,
            -0.17116695639095,
            0.06913516010643475,
            -0.2870229443544174,
            -0.004668893593709828,
            0.0,
            0.0,
            0.0,
            1.0000000000000004,
            0.0
        ],
        [
            -0.0003431992478849425,
            -0.003105741503388527,
            -2.4179453971493654e-05,
            -0.00037804572774890403,
            0.0006396855297568024,
            -0.0012733786096955676,
            -0.0018028338657705859,
            2.6304318526410042e-05,
            -0.0023571531318732496,
            0.030751067054008152,
            -0.00335411153279329,
            -0.001112066373350456,
            0.0004491689774220407,
            -0.004668893593709828,
            0.43157316848561106,
            0.0,
            0.0,
            0.0,
            0.0,
            1.0000000000000004
        ]
    ],
    "h": [
        [
            -0.2732930286674231,
            -0.4695314927209244,
            -0.06591189980995202,
            -0.2846293322059893,
            -0.029160694900774144,
            -0.5828005762491866,
            -0.4655665299884433,
            0.005091235921817039,
            0.017192144675341692,
            0.003180847650355645,
            -0.21887198351542467,
            -0.3007852746489542,
            0.027292598972811305,
            0.28966950485353765,
            0.009781465168107493,
            -0.00022551624607477366,
            -0.11673499414821358,
            0.0011299611880656495,
            0.045127274227194245,
            0.0011373300998524611
        ],
        [
            -0.4695314927209244,
            -0.3103138770297027,
            -0.05454613942578144,
            -0.23878820885726965,
            -0.024047935600981195,
            -0.5343741373457704,
            -0.362751557195679,
            0.040734428462372685,
            0.11746128342448356,
            0.019871376456979808,
            -0.3039855347513347,
            -0.2978866810047247,
            0.01918902763135072,
            0.17340273347643487,
            0.004450680514163075,
            -0.1158466301397407,
            -0.17680024290972202,
            -0.004680497438847036,
            0.10019668940300233,
            0.001343509021143466
        ],
        [
            -0.06591189980995202,
            -0.05454613942578144,
            1.4649812983523216,
            -0.06138194493491701,
            -0.006256870219742912,
            -0.012586816241921872,
            -0.05070156879553796,
            0.36002751601191574,
            -0.22115149811043988,
            -0.022248669600639263,
            -0.039615790106919055,
            -0.038706804409468304,
            -0.038258282549463875,
            0.04998633125300863,
            0.0015791322540519162,
            -0.0047580982523791554,
            -0.018129195156112624,
            -0.002271249307451334,
            0.006943802162265524,
            0.00015947028900503476
        ],
        [
            -0.2846293322059893,
            -0.23878820885726965,
            -0.06138194493491701,
            1.2098582269717153,
            -0.02719247791424524,
            -0.06500636703659857,
            -0.2277655413993076,
            -0.216672993958129,
            -0.554941534036034,
            -0.09580981112126194,
            -0.21816151141428877,
            -0.17726370637265687,
            0.025646961223751735,
            0.2053934389839635,
            0.00813811169596777,
            -0.046069088202223336,
            -0.10243082554521832,
            0.0010611510080963536,
            0.06006115164031599,
            0.001690243946746432
        ],
        [
            -0.029160694900774144,
            -0.024047935600981195,
            -0.006256870219742912,
            -0.02719247791424524,
            1.4762959391426564,
            -0.005141801554170974,
            -0.022242691324550465,
            -0.022453404328306836,
            -0.09867931816785394,
            0.40028473535701403,
            -0.016686629750667842,
            -0.016990427214452996,
            0.0020974067563143345,
            0.021399504152845458,
            -0.04252543356743439,
            -0.002170673287665842,
            -0.008048269508868255,
            3.7919639386322303e-05,
            0.003381829671181937,
            -0.002221062153906257
        ],
        [
            -0.5828005762491866,
            -0.5343741373457704,
            -0.012586816241921872,
            -0.06500636703659857,
            -0.005141801554170974,
            -0.4238000596925511,
            -0.5875851785383144,
            0.048664093938114716,
            0.0818437685682876,
            0.024998078137378386,
            -0.47158693900916215,
            -0.4816584701699732,
            0.013993641053893169,
            0.066364693296452,
            0.003579094294721013,
            -0.19730115625063893,
            -0.29276675913866335,
            -0.009596078114694581,
            0.20618667087793385,
            0.0019553233796761075
        ],
        [
            -0.4655665299884433,
            -0.362751557195679,
            -0.05070156879553796,
            -0.2277655413993076,
            -0.022242691324550465,
            -0.5875851785383144,
            -0.42646346517546374,
            0.03642595614074168,
            0.027695219386499097,
            0.018963374826806965,
            -0.47533348171297196,
            -0.3957533086685119,
            0.027123084863234902,
            0.11204088163472592,
            0.0040685910706157015,
            -0.283575999330561,
            -0.29027047550344376,
            -0.014209086254218177,
            0.1680514372818972,
            0.0011461044883768166
        ],
        [
            0.005091235921817039,
            0.040734428462372685,
            0.36002751601191574,
            -0.216672993958129,
            -0.022453404328306836,
            0.048664093938114716,
            0.03642595614074168,
            1.3994460811177454,
            -0.07652250166657386,
            -0.00640319505091453,
            0.00599656723098619,
            0.012262952280283582,
            0.28910384516989285,
            -0.0867497650736926,
            -0.0016490915127714478,
            -0.011777026362531166,
            -0.005006602493565453,
            -0.040825643141504164,
            0.007713195278581466,
            3.932105988243266e-05
        ],
        [
            0.017192144675341692,
            0.11746128342448356,
            -0.22115149811043988,
            -0.554941534036034,
            -0.09867931816785394,
            0.0818437685682876,
            0.027695219386499097,
            -0.07652250166657386,
            0.9031019801850888,
            -0.031062954377885463,
            -0.05311517682798994,
            -0.1036180281493958,
            -0.06749248488670878,
            -0.8006392752627464,
            -0.017722685426315894,
            -0.2735848015455322,
            -0.16947686016609181,
            -0.015575396954147506,
            0.21942932188171899,
            0.0020575452372380305
        ],
        [
            0.003180847650355645,
            0.019871376456979808,
            -0.022248669600639263,
            -0.09580981112126194,
            0.40028473535701403,
            0.024998078137378386,
            0.018963374826806965,
            -0.00640319505091453,
            -0.031062954377885463,
            1.4114386657764872,
            0.0025796386090902127,
            0.007833136656653,
            -0.0016261047783985964,
            -0.02364313243577907,
            0.2946340790257934,
            -0.005277023431914597,
            -0.00031311328873753427,
            -0.0002659563788226563,
            0.0033370714458164563,
            -0.04008085412610986
        ],
        [
            -0.21887198351542467,
            -0.3039855347513347,
            -0.039615790106919055,
            -0.21816151141428877,
            -0.016686629750667842,
            -0.47158693900916215,
            -0.47533348171297196,
            0.00599656723098619,
            -0.05311517682798994,
            0.0025796386090902127,
            -0.3923566935930638,
            -0.5755230744001588,
            0.03703304957291939,
            -0.06122490546764486,
            0.001076050467687762,
            -0.5509036675091294,
            -0.5163023342214164,
            -0.004513127900930405,
            0.06869140300006304,
            0.000371387885103925
        ],
        [
            -0.3007852746489542,
            -0.2978866810047247,
            -0.038706804409468304,
            -0.17726370637265687,
            -0.016990427214452996,
            -0.4816584701699732,
            -0.3957533086685119,
            0.012262952280283582,
            -0.1036180281493958,
            0.007833136656653,
            -0.5755230744001588,
            -0.4263117099468936,
            0.03325032211589127,
            -0.019237326197158594,
            0.0019272708978988022,
            -0.44786382889056786,
            -0.35861920640018474,
            -0.019026891543547853,
            0.21596134693935398,
            0.0013389166185593148
        ],
        [
            0.027292598972811305,
            0.01918902763135072,
            -0.038258282549463875,
            0.025646961223751735,
            0.0020974067563143345,
            0.013993641053893169,
            0.027123084863234902,
            0.28910384516989285,
            -0.06749248488670878,
            -0.0016261047783985964,
            0.03703304957291939,
            0.03325032211589127,
            1.4195392180309192,
            0.004670772455766614,
            -0.00021023039875331978,
            0.0035204554088604095,
            0.024313155962510623,
            0.33739397568176244,
            0.0901983730086825,
            0.0005768437820273097
        ],
        [
            0.28966950485353765,
            0.17340273347643487,
            0.04998633125300863,
            0.2053934389839635,
            0.021399504152845458,
            0.066364693296452,
            0.11204088163472592,
            -0.0867497650736926,
            -0.8006392752627464,
            -0.02364313243577907,
            -0.06122490546764486,
            -0.019237326197158594,
            0.004670772455766614,
            0.9172578459986891,
            -0.00673901675515176,
            -0.03359870834131984,
            -0.11712397625854759,
            0.09435379839702318,
            -0.6566041870079633,
            -0.006791240540867672
        ],
        [
            0.009781465168107493,
            0.004450680514163075,
            0.0015791322540519162,
            0.00813811169596777,
            -0.04252543356743439,
            0.003579094294721013,
            0.0040685910706157015,
            -0.0016490915127714478,
            -0.017722685426315894,
            0.2946340790257934,
            0.001076050467687762,
            0.0019272708978988022,
            -0.00021023039875331978,
            -0.00673901675515176,
            1.4229601404562462,
            -0.0009314980023344974,
            -0.0003612113397987479,
            0.0005862953783524063,
            -0.006637092088511602,
            0.3463301238952725
        ],
        [
            -0.00022551624607477366,
            -0.1158466301397407,
            -0.0047580982523791554,
            -0.046069088202223336,
            -0.002170673287665842,
            -0.19730115625063893,
            -0.283575999330561,
            -0.011777026362531166,
            -0.2735848015455322,
            -0.005277023431914597,
            -0.5509036675091294,
            -0.44786382889056786,
            0.0035204554088604095,
            -0.03359870834131984,
            -0.0009314980023344974,
            -0.24037120723909244,
            -0.4551467390194033,
            -0.025458347444783577,
            0.26542308723361796,
            0.001518207962862153
        ],
        [
            -0.11673499414821358,
            -0.17680024290972202,
            -0.018129195156112624,
            -0.10243082554521832,
            -0.008048269508868255,
            -0.29276675913866335,
            -0.29027047550344376,
            -0.005006602493565453,
            -0.16947686016609181,
            -0.00031311328873753427,
            -0.5163023342214164,
            -0.35861920640018474,
            0.024313155962510623,
            -0.11712397625854759,
            -0.0003612113397987479,
            -0.4551467390194033,
            -0.30506348325533295,
            -0.021530900094003186,
            0.23036140006225095,
            0.0013412710417638669
        ],
        [
            0.0011299611880656495,
            -0.004680497438847036,
            -0.002271249307451334,
            0.0010611510080963536,
            3.7919639386322303e-05,
            -0.009596078114694581,
            -0.014209086254218177,
            -0.040825643141504164,
            -0.015575396954147506,
            -0.0002659563788226563,
            -0.004513127900930405,
            -0.019026891543547853,
            0.33739397568176244,
            0.09435379839702318,
            0.0005862953783524063,
            -0.025458347444783577,
            -0.021530900094003186,
            1.4892806117487936,
            0.02377340899705494,
            0.00014729078729956672
        ],
        [
            0.045127274227194245,
            0.10019668940300233,
            0.006943802162265524,
            0.06006115164031599,
            0.003381829671181937,
            0.20618667087793385,
            0.1680514372818972,
            0.007713195278581466,
            0.21942932188171899,
            0.0033370714458164563,
            0.06869140300006304,
            0.21596134693935398,
            0.0901983730086825,
            -0.6566041870079633,
            -0.006637092088511602,
            0.26542308723361796,
            0.23036140006225095,
            0.02377340899705494,
            1.2361099481881692,
            -0.0016067428147505702
        ],
        [
            0.0011373300998524611,
            0.001343509021143466,
            0.00015947028900503476,
            0.001690243946746432,
            -0.002221062153906257,
            0.0019553233796761075,
            0.0011461044883768166,
            3.932105988243266e-05,
            0.0020575452372380305,
            -0.04008085412610986,
            0.000371387885103925,
            0.0013389166185593148,
            0.0005768437820273097,
            -0.006791240540867672,
            0.3463301238952725,
            0.001518207962862153,
            0.0013412710417638669,
            0.00014729078729956672,
            -0.0016067428147505702,
            1.4915633909111032
        ]
    ]
}