{
    "HF": -2.1644945799537725,
    "coordinates": [
        [
            0.797411,
            -0.121218,
            0.134682
        ],
        [
            1.577326,
            -0.08548,
            -0.168236
        ],
        [
            2.354215,
            -0.176536,
            0.170683
        ],
        [
            3.18464,
            -0.017277,
            -0.152209
        ]
    ],
    "elements": [
        "H",
        "H",
        "H",
        "H"
    ],
    "Enn": 2.7257139808172166,
    "S": [
        [
            0.9999999999999999,
            0.6848602514927513,
            0.0,
            0.0,
            0.0,
            0.4936555590769448,
            0.535950167500968,
            0.18315466640017422,
            -0.47156349786243096,
            -0.021608426926790183,
            0.10791408094109885,
            0.2933472316023666,
            -0.0033020912850382465,
            -0.14279350353914266,
            0.00507388921712579,
            0.006815364807406867,
            0.0909878043760356,
            0.0009098563551801514,
            -0.007570943239489414,
            -0.00032964219656169113
        ],
        [
            0.6848602514927513,
            1.0000000000000002,
            0.0,
            0.0,
            0.0,
            0.535950167500968,
            0.8583283942384413,
            0.06345300213279953,
            -0.16337077413162115,
            -0.007486129547342808,
            0.2933472316023666,
            0.5892515263495388,
            -0.003959890849800021,
            -0.17123896321024587,
            0.006084643260721559,
            0.0909878043760356,
            0.2831739063440174,
            0.008996093467181988,
            -0.07485677561013554,
            -0.0032592969144112677
        ],
        [
            0.0,
            0.0,
            1.0000000000000004,
            0.0,
            0.0,
            -0.18315466640017425,
            -0.06345300213279956,
            0.3065266831551827,
            0.2467996253451617,
            0.011309084977959637,
            0.0033020912850382465,
            0.00395989084980002,
            0.04263383667136625,
            -0.006224419434828681,
            0.00022117262949982984,
            -0.0009098563551801513,
            -0.008996093467181974,
            0.00042694798911910667,
            0.0009654268585193036,
            4.203510978685117e-05
        ],
        [
            0.0,
            0.0,
            0.0,
            1.0000000000000004,
            0.0,
            0.4715634978624312,
            0.16337077413162093,
            0.24679962534516156,
            -0.23304515251974642,
            -0.029117203370500885,
            0.1427935035391427,
            0.17123896321024573,
            -0.006224419434828691,
            -0.2263869992502533,
            0.009564246390262857,
            0.007570943239489413,
            0.07485677561013543,
            0.0009654268585193036,
            -0.00749037664972577,
            -0.00034977546559967007
        ],
        [
            0.0,
            0.0,
            0.0,
            0.0,
            1.0000000000000004,
            0.021608426926790186,
            0.007486129547342807,
            0.011309084977959632,
            -0.029117203370500895,
            0.40104910969685803,
            -0.005073889217125787,
            -0.006084643260721568,
            0.0002211726294998301,
            0.009564246390262853,
            0.04243792912119083,
            0.0003296421965616911,
            0.0032592969144112642,
            4.203510978685117e-05,
            -0.00034977546559967007,
            0.0005277411116882303
        ],
        [
            0.4936555590769448,
            0.535950167500968,
            -0.18315466640017422,
            0.4715634978624311,
            0.021608426926790183,
            0.9999999999999999,
            0.6848602514927513,
            0.0,
            0.0,
            0.0,
            0.48209616848002246,
            0.531212612285953,
            -0.19886540263895497,
            -0.45585034710587197,
            0.05342836519254655,
            0.09421693892139602,
            0.2773962371807065,
            -0.0012463323477014576,
            -0.12499204037645376,
            -0.005303775198744786
        ],
        [
            0.535950167500968,
            0.8583283942384413,
            -0.06345300213279953,
            0.16337077413162115,
            0.007486129547342808,
            0.6848602514927513,
            1.0000000000000002,
            0.0,
            0.0,
            0.0,
            0.531212612285953,
            0.8535905345558051,
            -0.07032441083457248,
            -0.1612015295951547,
            0.01889377566012184,
            0.2773962371807065,
            0.5690216674808019,
            -0.0016604944354760437,
            -0.16652748194064743,
            -0.0070662445861841405
        ],
        [
            0.18315466640017425,
            0.06345300213279956,
            0.3065266831551827,
            0.24679962534516164,
            0.011309084977959637,
            0.0,
            0.0,
            1.0000000000000004,
            0.0,
            0.0,
            0.19886540263895494,
            0.07032441083457247,
            0.2732257359746968,
            -0.2661351368445441,
            0.031192616989707423,
            0.0012463323477014576,
            0.0016604944354760435,
            0.03471513169497848,
            -0.0023232376544156993,
            -9.858171940524005e-05
        ],
        [
            -0.47156349786243107,
            -0.16337077413162113,
            0.24679962534516164,
            -0.23304515251974656,
            -0.029117203370500895,
            0.0,
            0.0,
            0.0,
            1.0000000000000004,
            0.0,
            0.4558503471058719,
            0.16120152959515463,
            -0.2661351368445441,
            -0.22072218536396765,
            0.07150145321010865,
            0.12499204037645376,
            0.1665274819406474,
            -0.0023232376544157093,
            -0.19825430306108094,
            -0.00988655255157638
        ],
        [
            -0.021608426926790186,
            -0.007486129547342807,
            0.011309084977959632,
            -0.029117203370500885,
            0.40104910969685803,
            0.0,
            0.0,
            0.0,
            0.0,
            1.0000000000000004,
            -0.05342836519254654,
            -0.018893775660121834,
            0.031192616989707433,
            0.07150145321010866,
            0.38094719698227486,
            0.005303775198744785,
            0.0070662445861841335,
            -9.85817194052404e-05,
            -0.009886552551576373,
            0.03431878224876707
        ],
        [
            0.10791408094109885,
            0.2933472316023666,
            0.0033020912850382465,
            0.1427935035391427,
            -0.005073889217125787,
            0.48209616848002246,
            0.531212612285953,
            0.19886540263895497,
            0.45585034710587197,
            -0.05342836519254656,
            0.9999999999999999,
            0.6848602514927513,
            0.0,
            0.0,
            0.0,
            0.44250657333970916,
            0.5143160650446033,
            0.16998955654060505,
            -0.4371851191427226,
            -0.08384341137315329
        ],
        [
            0.2933472316023666,
            0.5892515263495388,
            0.003959890849800021,
            0.1712389632102458,
            -0.00608464326072157,
            0.531212612285953,
            0.8535905345558051,
            0.07032441083457248,
            0.1612015295951547,
            -0.01889377566012184,
            0.6848602514927513,
            1.0000000000000002,
            0.0,
            0.0,
            0.0,
            0.5143160650446033,
            0.8365603870852223,
            0.06472592483878144,
            -0.1664644095680445,
            -0.03192456320967838
        ],
        [
            -0.0033020912850382465,
            -0.00395989084980002,
            0.04263383667136625,
            -0.0062244194348286905,
            0.0002211726294998301,
            -0.19886540263895494,
            -0.07032441083457247,
            0.2732257359746968,
            -0.2661351368445441,
            0.031192616989707433,
            0.0,
            0.0,
            1.0000000000000004,
            0.0,
            0.0,
            -0.169989556540605,
            -0.06472592483878135,
            0.25181508772076205,
            0.24035322912843074,
            0.0460949693443294
        ],
        [
            -0.14279350353914266,
            -0.17123896321024584,
            -0.006224419434828682,
            -0.2263869992502533,
            0.009564246390262853,
            -0.4558503471058719,
            -0.16120152959515463,
            -0.2661351368445441,
            -0.22072218536396765,
            0.07150145321010866,
            0.0,
            0.0,
            0.0,
            1.0000000000000004,
            0.0,
            0.4371851191427225,
            0.1664644095680445,
            0.24035322912843082,
            -0.27287787589773516,
            -0.1185486630754703
        ],
        [
            0.00507388921712579,
            0.006084643260721557,
            0.00022117262949982984,
            0.009564246390262857,
            0.04243792912119083,
            0.05342836519254654,
            0.018893775660121834,
            0.031192616989707423,
            0.07150145321010865,
            0.38094719698227486,
            0.0,
            0.0,
            0.0,
            0.0,
            1.0000000000000004,
            0.0838434113731533,
            0.0319245632096784,
            0.046094969344329426,
            -0.11854866307547035,
            0.32253573477136976
        ],
        [
            0.006815364807406867,
            0.0909878043760356,
            -0.0009098563551801514,
            0.0075709432394894145,
            0.0003296421965616912,
            0.09421693892139602,
            0.2773962371807065,
            0.0012463323477014576,
            0.12499204037645376,
            0.005303775198744786,
            0.44250657333970916,
            0.5143160650446033,
            -0.16998955654060505,
            0.4371851191427226,
            0.08384341137315329,
            0.9999999999999999,
            0.6848602514927513,
            0.0,
            0.0,
            0.0
        ],
        [
            0.0909878043760356,
            0.2831739063440174,
            -0.008996093467181988,
            0.07485677561013551,
            0.0032592969144112677,
            0.2773962371807065,
            0.5690216674808019,
            0.0016604944354760437,
            0.16652748194064743,
            0.007066244586184146,
            0.5143160650446033,
            0.8365603870852223,
            -0.06472592483878144,
            0.1664644095680445,
            0.0319245632096784,
            0.6848602514927513,
            1.0000000000000002,
            0.0,
            0.0,
            0.0
        ],
        [
            0.0009098563551801513,
            0.008996093467181974,
            0.00042694798911910667,
            0.0009654268585193036,
            4.203510978685117e-05,
            -0.0012463323477014576,
            -0.0016604944354760435,
            0.03471513169497848,
            -0.0023232376544157093,
            -9.85817194052404e-05,
            0.169989556540605,
            0.06472592483878135,
            0.25181508772076205,
            0.24035322912843074,
            0.0460949693443294,
            0.0,
            0.0,
            1.0000000000000004,
            0.0,
            0.0
        ],
        [
            -0.007570943239489414,
            -0.07485677561013546,
            0.0009654268585193036,
            -0.00749037664972577,
            -0.00034977546559967007,
            -0.12499204037645376,
            -0.1665274819406474,
            -0.0023232376544156993,
            -0.19825430306108094,
            -0.009886552551576373,
            -0.4371851191427225,
            -0.1664644095680445,
            0.24035322912843082,
            -0.27287787589773516,
            -0.1185486630754703,
            0.0,
            0.0,
            0.0,
            1.0000000000000004,
            0.0
        ],
        [
            -0.0003296421965616911,
            -0.0032592969144112634,
            4.203510978685117e-05,
            -0.00034977546559967007,
            0.0005277411116882303,
            -0.005303775198744785,
            -0.007066244586184136,
            -9.858171940524005e-05,
            -0.00988655255157638,
            0.03431878224876707,
            -0.08384341137315329,
            -0.03192456320967841,
            0.046094969344329426,
            -0.11854866307547035,
            0.32253573477136976,
            0.0,
            0.0,
            0.0,
            0.0,
            1.0000000000000004
        ]
    ],
    "h": [
        [
            -0.23391931733998805,
            -0.4547222019632341,
            0.0851710805718909,
            -0.23864326727643992,
            -0.008911933692503163,
            -0.5409008016687449,
            -0.4448058658026337,
            -0.038123931853910664,
            0.04151560282163935,
            0.007915563787056185,
            -0.2211001730349643,
            -0.29602994433257557,
            0.04537206866757519,
            0.27065056790790143,
            -0.014463118127684887,
            0.002715081285307931,
            -0.10977588791687132,
            -0.0032195319823219563,
            0.04346859855412788,
            0.002218064621819763
        ],
        [
            -0.4547222019632341,
            -0.31505172476398013,
            0.073020389850787,
            -0.21512671049576204,
            -0.007287721285324981,
            -0.5141423182567182,
            -0.36854448376216087,
            -0.10991438939295753,
            0.09852469454097987,
            0.0194083883097092,
            -0.3077162378657108,
            -0.3044445816079634,
            0.0695787159735122,
            0.16878514051095106,
            -0.0213857325608878,
            -0.10763443884397603,
            -0.1770411450646665,
            -0.020624263334980297,
            0.091922895580627,
            0.011163978901379913
        ],
        [
            0.0851710805718909,
            0.073020389850787,
            1.4548810418470004,
            0.07552776398927566,
            0.0035022829150857843,
            0.0161638574093802,
            0.06400247635025574,
            0.17542412577846023,
            0.3268764342490233,
            0.014047968947527922,
            0.0316295832393689,
            0.050793015657106866,
            -0.05503386132601616,
            -0.047827992808817575,
            0.0036553396504961358,
            0.0025184768991688145,
            0.021064146442093486,
            -0.0012568938106663793,
            -0.007905281057960395,
            -0.00041803002365414186
        ],
        [
            -0.23864326727643992,
            -0.21512671049576204,
            0.07552776398927566,
            1.2672230284086015,
            -0.00799360315346585,
            -0.0878136105075582,
            -0.2058811168057449,
            0.29469163913538277,
            -0.5626875458272279,
            -0.031204546950460002,
            -0.21097781889038297,
            -0.16520038718419777,
            0.053614753934681264,
            0.15576456104586833,
            -0.0169339250556724,
            -0.044986803074272164,
            -0.09937888147219057,
            -0.008453962908854092,
            0.055585139496136464,
            0.004239421517312148
        ],
        [
            -0.008911933692503163,
            -0.007287721285324981,
            0.0035022829150857843,
            -0.00799360315346585,
            1.4841184300577994,
            -4.494840912842857e-05,
            -0.005882154369345775,
            0.01536933390341419,
            -0.038326359593408604,
            0.2969796590193356,
            0.0001349117676296488,
            -0.0047832530571422505,
            0.0007715688389825414,
            0.002980252286715935,
            -0.04297624122262869,
            -0.00019543710431994495,
            -0.0020256542282603785,
            -8.747788943440319e-05,
            0.0014675378783096664,
            -0.0018773489464953622
        ],
        [
            -0.5409008016687449,
            -0.5141423182567182,
            0.0161638574093802,
            -0.0878136105075582,
            -4.494840912842857e-05,
            -0.3807712902107263,
            -0.5711094845902017,
            -0.16311724963953955,
            0.04414550496717021,
            0.031312305158488,
            -0.47867474603274074,
            -0.48424546239599975,
            0.03209524221802035,
            0.076455866519748,
            -0.012617545758147691,
            -0.19637487550658317,
            -0.2949927002914371,
            -0.028847098118159074,
            0.190954241054268,
            0.01949718277152139
        ],
        [
            -0.4448058658026337,
            -0.36854448376216087,
            0.06400247635025574,
            -0.2058811168057449,
            -0.005882154369345775,
            -0.5711094845902017,
            -0.4316560998174235,
            -0.14108393278772724,
            0.009186323229754781,
            0.02691303525525559,
            -0.4770453304915967,
            -0.4093870050534736,
            0.10317098323472597,
            0.11738035306288847,
            -0.03606297422506372,
            -0.27569873523915855,
            -0.2953517965062773,
            -0.04597819127115528,
            0.1449858111115661,
            0.024057035497862287
        ],
        [
            -0.038123931853910664,
            -0.10991438939295753,
            0.17542412577846023,
            0.29469163913538277,
            0.01536933390341419,
            -0.16311724963953955,
            -0.14108393278772724,
            1.3538094449035067,
            0.0033000551304190376,
            0.012578941662757092,
            -0.03392793296490365,
            -0.10800884951694208,
            0.13134549541230567,
            -0.3173098017127091,
            0.03715260336704029,
            -0.03837853208110683,
            -0.0674262626365852,
            -0.050223311216325735,
            0.04488975117498783,
            0.00595983250209156
        ],
        [
            0.04151560282163935,
            0.09852469454097987,
            0.3268764342490233,
            -0.5626875458272279,
            -0.038326359593408604,
            0.04414550496717021,
            0.009186323229754781,
            0.0033000551304190376,
            0.997032557666599,
            0.010029434995544255,
            -0.059380172518748164,
            -0.10181758278320507,
            -0.3241201760006174,
            -0.6347695799312529,
            0.08241504881017808,
            -0.2529003748252884,
            -0.16168700344946424,
            -0.04190992780444884,
            0.16324908977980074,
            0.025346952015171002
        ],
        [
            0.007915563787056185,
            0.0194083883097092,
            0.014047968947527922,
            -0.031204546950460002,
            0.2969796590193356,
            0.031312305158488,
            0.02691303525525559,
            0.012578941662757092,
            0.010029434995544255,
            1.414671007039086,
            0.004978308414805399,
            0.021978047931817856,
            0.039125974268375545,
            0.08803119699786416,
            0.26277096104367925,
            0.005702769002267263,
            0.015274118735780292,
            0.0021909565768166005,
            -0.007312068029104828,
            -0.04098246160434324
        ],
        [
            -0.2211001730349643,
            -0.3077162378657108,
            0.0316295832393689,
            -0.21097781889038297,
            0.0001349117676296488,
            -0.47867474603274074,
            -0.4770453304915967,
            -0.03392793296490365,
            -0.059380172518748164,
            0.004978308414805399,
            -0.34572612737642383,
            -0.5554042805993267,
            0.14910448369443002,
            -0.007673468797727553,
            -0.056051692119748496,
            -0.49988855010320776,
            -0.49017601751685147,
            -0.02101445233809729,
            0.09115640575342754,
            0.012439805373369944
        ],
        [
            -0.29602994433257557,
            -0.3044445816079634,
            0.050793015657106866,
            -0.16520038718419777,
            -0.0047832530571422505,
            -0.48424546239599975,
            -0.4093870050534736,
            -0.10800884951694208,
            -0.10181758278320507,
            0.021978047931817856,
            -0.5554042805993267,
            -0.42903085245991535,
            0.13295437611126656,
            0.013057917209814834,
            -0.05013259261813144,
            -0.42127722974595794,
            -0.36201430609509533,
            -0.05678639593953136,
            0.17945002420716133,
            0.029904682887929114
        ],
        [
            0.04537206866757519,
            0.0695787159735122,
            -0.05503386132601616,
            0.053614753934681264,
            0.0007715688389825414,
            0.03209524221802035,
            0.10317098323472597,
            0.13134549541230567,
            -0.3241201760006174,
            0.039125974268375545,
            0.14910448369443002,
            0.13295437611126656,
            1.3681739071758094,
            -0.010753546532569443,
            0.021221324013200198,
            0.03935511211241299,
            0.09949439203433562,
            0.11094984830551191,
            0.2721094785213289,
            0.05481757460788808
        ],
        [
            0.27065056790790143,
            0.16878514051095106,
            -0.047827992808817575,
            0.15576456104586833,
            0.002980252286715935,
            0.076455866519748,
            0.11738035306288847,
            -0.3173098017127091,
            -0.6347695799312529,
            0.08803119699786416,
            -0.007673468797727553,
            0.013057917209814834,
            -0.010753546532569443,
            1.0360370322260382,
            -0.011422042820413121,
            -0.059597371676462396,
            -0.08521635173113348,
            0.29919191108707355,
            -0.5606788454942813,
            -0.14795435149123867
        ],
        [
            -0.014463118127684887,
            -0.0213857325608878,
            0.0036553396504961358,
            -0.0169339250556724,
            -0.04297624122262869,
            -0.012617545758147691,
            -0.03606297422506372,
            0.03715260336704029,
            0.08241504881017808,
            0.26277096104367925,
            -0.056051692119748496,
            -0.05013259261813144,
            0.021221324013200198,
            -0.011422042820413121,
            1.417853212241946,
            -0.01587012984075989,
            -0.040507612580027164,
            0.05635153700245611,
            -0.13847256585732984,
            0.19654057813073772
        ],
        [
            0.002715081285307931,
            -0.10763443884397603,
            0.0025184768991688145,
            -0.044986803074272164,
            -0.00019543710431994495,
            -0.19637487550658317,
            -0.27569873523915855,
            -0.03837853208110683,
            -0.2529003748252884,
            0.005702769002267263,
            -0.49988855010320776,
            -0.42127722974595794,
            0.03935511211241299,
            -0.059597371676462396,
            -0.01587012984075989,
            -0.1957318306379079,
            -0.436075341827286,
            -0.0730445576131783,
            0.2034779597290144,
            0.03718970522452056
        ],
        [
            -0.10977588791687132,
            -0.1770411450646665,
            0.021064146442093486,
            -0.09937888147219057,
            -0.0020256542282603785,
            -0.2949927002914371,
            -0.2953517965062773,
            -0.0674262626365852,
            -0.16168700344946424,
            0.015274118735780292,
            -0.49017601751685147,
            -0.36201430609509533,
            0.09949439203433562,
            -0.08521635173113348,
            -0.040507612580027164,
            -0.436075341827286,
            -0.3071689145716807,
            -0.06612834027334277,
            0.19179065779424823,
            0.03404379754732678
        ],
        [
            -0.0032195319823219563,
            -0.020624263334980297,
            -0.0012568938106663793,
            -0.008453962908854092,
            -8.747788943440319e-05,
            -0.028847098118159074,
            -0.04597819127115528,
            -0.050223311216325735,
            -0.04190992780444884,
            0.0021909565768166005,
            -0.02101445233809729,
            -0.05678639593953136,
            0.11094984830551191,
            0.29919191108707355,
            0.05635153700245611,
            -0.0730445576131783,
            -0.06612834027334277,
            1.4744896173107804,
            0.06242511467442279,
            0.012096220683428837
        ],
        [
            0.04346859855412788,
            0.091922895580627,
            -0.007905281057960395,
            0.055585139496136464,
            0.0014675378783096664,
            0.190954241054268,
            0.1449858111115661,
            0.04488975117498783,
            0.16324908977980074,
            -0.007312068029104828,
            0.09115640575342754,
            0.17945002420716133,
            0.2721094785213289,
            -0.5606788454942813,
            -0.13847256585732984,
            0.2034779597290144,
            0.19179065779424823,
            0.06242511467442279,
            1.3208166715400984,
            -0.03178385634823252
        ],
        [
            0.002218064621819763,
            0.011163978901379913,
            -0.00041803002365414186,
            0.004239421517312148,
            -0.0018773489464953622,
            0.01949718277152139,
            0.024057035497862287,
            0.00595983250209156,
            0.025346952015171002,
            -0.04098246160434324,
            0.012439805373369944,
            0.029904682887929114,
            0.05481757460788808,
            -0.14795435149123867,
            0.19654057813073772,
            0.03718970522452056,
            0.03404379754732678,
            0.012096220683428837,
            -0.03178385634823252,
            1.4930235447336127
        ]
    ]
}