{
    "HF": -2.175583280663071,
    "coordinates": [
        [
            0.717207,
            0.199752,
            0.131993
        ],
        [
            1.43442,
            -0.027284,
            0.144384
        ],
        [
            2.257527,
            0.178333,
            0.083204
        ],
        [
            2.968281,
            0.048593,
            -0.079029
        ]
    ],
    "elements": [
        "H",
        "H",
        "H",
        "H"
    ],
    "Enn": 2.9579400905340076,
    "S": [
        [
            0.9999999999999999,
            0.6848602514927513,
            0.0,
            0.0,
            0.0,
            0.5607440782068482,
            0.5618821962764263,
            -0.008803286525412199,
            -0.5095497973327788,
            0.16129956900843234,
            0.11283982361664784,
            0.29877378436264806,
            0.004724929554412921,
            -0.14917099123272284,
            0.0020743049893617548,
            0.011580704359803325,
            0.11433219790455997,
            0.001281428606798736,
            -0.013669620322150577,
            0.0009179112451549609
        ],
        [
            0.6848602514927513,
            1.0000000000000002,
            0.0,
            0.0,
            0.0,
            0.5618821962764263,
            0.8839852311494547,
            -0.0027298593004264657,
            -0.15800908550050594,
            0.05001826617154575,
            0.29877378436264806,
            0.596038174859884,
            0.005472779608132762,
            -0.17278140330810332,
            0.0024026208044148397,
            0.11433219790455997,
            0.3267630210996382,
            0.008455783681432332,
            -0.09020194479673495,
            0.00605703578537607
        ],
        [
            0.0,
            0.0,
            1.0000000000000004,
            0.0,
            0.0,
            0.008803286525412199,
            0.002729859300426465,
            0.479393106710517,
            -0.011065004298861607,
            0.0035026614353007323,
            -0.004724929554412922,
            -0.005472779608132762,
            0.04551581735793191,
            0.00893551425608291,
            -0.00012425325896634485,
            -0.0012814286067987346,
            -0.008455783681432323,
            0.001127069623367291,
            0.001571648981265625,
            -0.00010553579685036145
        ],
        [
            0.0,
            0.0,
            0.0,
            1.0000000000000004,
            0.0,
            0.5095497973327788,
            0.1580090855005057,
            -0.011065004298861555,
            -0.16087775076621647,
            0.2027402401740243,
            0.14917099123272287,
            0.17278140330810332,
            0.008935514256082909,
            -0.23630472888171752,
            0.003922805957306777,
            0.01366962032215056,
            0.09020194479673489,
            0.0015716489812656249,
            -0.015491141372803816,
            0.0011258015200269669
        ],
        [
            0.0,
            0.0,
            0.0,
            0.0,
            1.0000000000000004,
            -0.16129956900843234,
            -0.050018266171545755,
            0.0035026614353007167,
            0.20274024017402437,
            0.4154062203882075,
            -0.002074304989361755,
            -0.0024026208044148397,
            -0.00012425325896634452,
            0.003922805957306767,
            0.04574429729991831,
            -0.0009179112451549602,
            -0.0060570357853760685,
            -0.00010553579685036153,
            0.0011258015200269677,
            0.0011988031511673003
        ],
        [
            0.5607440782068482,
            0.5618821962764263,
            0.008803286525412199,
            0.5095497973327788,
            -0.16129956900843234,
            0.9999999999999999,
            0.6848602514927513,
            0.0,
            0.0,
            0.0,
            0.4835292360506244,
            0.531804561074765,
            0.036033373292341304,
            -0.48478786842986565,
            -0.12110287865726282,
            0.10972350697160174,
            0.29535822929804767,
            0.02091091849719248,
            -0.14356569383617854,
            -0.007101904378041894
        ],
        [
            0.5618821962764263,
            0.8839852311494547,
            0.0027298593004264657,
            0.15800908550050594,
            -0.05001826617154577,
            0.6848602514927513,
            1.0000000000000002,
            0.0,
            0.0,
            0.0,
            0.531804561074765,
            0.8541833975603367,
            0.01270972252221555,
            -0.17099479529410416,
            -0.04271551186417779,
            0.29535822929804767,
            0.591772055473646,
            0.024754365946064717,
            -0.16995320999403224,
            -0.008407241408913317
        ],
        [
            -0.008803286525412199,
            -0.002729859300426465,
            0.479393106710517,
            -0.011065004298861555,
            0.003502661435300716,
            0.0,
            0.0,
            1.0000000000000004,
            0.0,
            0.0,
            -0.036033373292341284,
            -0.01270972252221555,
            0.38714279021703574,
            0.05111047888186768,
            0.012767700112200462,
            -0.02091091849719248,
            -0.0247543659460647,
            0.03819371187570911,
            0.03903833095875263,
            0.001931147240954214
        ],
        [
            -0.5095497973327788,
            -0.1580090855005059,
            -0.011065004298861607,
            -0.16087775076621647,
            0.2027402401740243,
            0.0,
            0.0,
            0.0,
            1.0000000000000004,
            0.0,
            0.4847878684298656,
            0.17099479529410383,
            0.051110478881867705,
            -0.29669136180674893,
            -0.17177481752620125,
            0.1435656938361786,
            0.16995320999403235,
            0.03903833095875261,
            -0.22414118847387302,
            -0.01325845603504394
        ],
        [
            0.16129956900843234,
            0.05001826617154575,
            0.003502661435300733,
            0.20274024017402437,
            0.4154062203882075,
            0.0,
            0.0,
            0.0,
            0.0,
            1.0000000000000004,
            0.1211028786572628,
            0.042715511864177734,
            0.012767700112200459,
            -0.1717748175262011,
            0.34803137024698055,
            0.0071019043780418956,
            0.008407241408913321,
            0.0019311472409542143,
            -0.013258456035043949,
            0.043223932192880454
        ],
        [
            0.11283982361664784,
            0.29877378436264806,
            -0.004724929554412921,
            0.1491709912327229,
            -0.0020743049893617548,
            0.4835292360506244,
            0.531804561074765,
            -0.036033373292341304,
            0.48478786842986565,
            0.12110287865726282,
            0.9999999999999999,
            0.6848602514927513,
            0.0,
            0.0,
            0.0,
            0.5703213715227929,
            0.5653826950298318,
            0.11775400789998784,
            -0.5158884575329801,
            0.09416952768514683
        ],
        [
            0.29877378436264806,
            0.596038174859884,
            -0.005472779608132762,
            0.17278140330810332,
            -0.0024026208044148397,
            0.531804561074765,
            0.8541833975603367,
            -0.01270972252221555,
            0.17099479529410383,
            0.04271551186417777,
            0.6848602514927513,
            1.0000000000000002,
            0.0,
            0.0,
            0.0,
            0.5653826950298318,
            0.8874137256879916,
            0.03597925930772061,
            -0.15762762489752175,
            0.028773117075956617
        ],
        [
            0.004724929554412922,
            0.005472779608132762,
            0.04551581735793191,
            0.008935514256082909,
            -0.00012425325896634452,
            0.036033373292341284,
            0.01270972252221555,
            0.38714279021703574,
            0.051110478881867705,
            0.012767700112200462,
            0.0,
            0.0,
            1.0000000000000004,
            0.0,
            0.0,
            -0.11775400789998786,
            -0.03597925930772061,
            0.45724082917605435,
            0.14691748476020625,
            -0.026818103693808465
        ],
        [
            -0.14917099123272287,
            -0.17278140330810332,
            0.00893551425608291,
            -0.23630472888171758,
            0.003922805957306767,
            -0.4847878684298653,
            -0.17099479529410416,
            0.05111047888186768,
            -0.2966913618067488,
            -0.17177481752620116,
            0.0,
            0.0,
            0.0,
            1.0000000000000004,
            0.0,
            0.5158884575329801,
            0.15762762489752175,
            0.14691748476020597,
            -0.1528802200844535,
            0.11749196817410222
        ],
        [
            0.002074304989361755,
            0.0024026208044148397,
            -0.00012425325896634485,
            0.003922805957306777,
            0.0457442972999183,
            -0.1211028786572628,
            -0.04271551186417775,
            0.012767700112200459,
            -0.1717748175262012,
            0.34803137024698055,
            0.0,
            0.0,
            0.0,
            0.0,
            1.0000000000000004,
            -0.0941695276851468,
            -0.028773117075956627,
            -0.026818103693808458,
            0.1174919681741024,
            0.4693286350191372
        ],
        [
            0.011580704359803325,
            0.11433219790455997,
            -0.001281428606798736,
            0.013669620322150577,
            -0.000917911245154961,
            0.10972350697160174,
            0.29535822929804767,
            -0.02091091849719248,
            0.1435656938361786,
            0.007101904378041894,
            0.5703213715227929,
            0.5653826950298318,
            -0.11775400789998784,
            0.5158884575329801,
            -0.09416952768514682,
            0.9999999999999999,
            0.6848602514927513,
            0.0,
            0.0,
            0.0
        ],
        [
            0.11433219790455997,
            0.3267630210996382,
            -0.008455783681432332,
            0.090201944796735,
            -0.006057035785376072,
            0.29535822929804767,
            0.591772055473646,
            -0.024754365946064717,
            0.1699532099940324,
            0.008407241408913317,
            0.5653826950298318,
            0.8874137256879916,
            -0.03597925930772061,
            0.15762762489752175,
            -0.028773117075956627,
            0.6848602514927513,
            1.0000000000000002,
            0.0,
            0.0,
            0.0
        ],
        [
            0.0012814286067987346,
            0.008455783681432323,
            0.001127069623367291,
            0.001571648981265625,
            -0.00010553579685036145,
            0.02091091849719248,
            0.024754365946064706,
            0.03819371187570911,
            0.03903833095875262,
            0.001931147240954214,
            0.11775400789998786,
            0.03597925930772061,
            0.45724082917605435,
            0.14691748476020605,
            -0.02681810369380847,
            0.0,
            0.0,
            1.0000000000000004,
            0.0,
            0.0
        ],
        [
            -0.01366962032215056,
            -0.09020194479673489,
            0.0015716489812656249,
            -0.015491141372803816,
            0.0011258015200269669,
            -0.14356569383617854,
            -0.16995320999403254,
            0.03903833095875262,
            -0.2241411884738729,
            -0.013258456035043944,
            -0.5158884575329801,
            -0.15762762489752175,
            0.14691748476020616,
            -0.15288022008445337,
            0.11749196817410237,
            0.0,
            0.0,
            0.0,
            1.0000000000000004,
            0.0
        ],
        [
            0.0009179112451549601,
            0.006057035785376071,
            -0.00010553579685036153,
            0.0011258015200269677,
            0.0011988031511673003,
            -0.0071019043780418956,
            -0.008407241408913321,
            0.0019311472409542143,
            -0.013258456035043944,
            0.043223932192880454,
            0.09416952768514682,
            0.028773117075956617,
            -0.026818103693808455,
            0.11749196817410222,
            0.4693286350191372,
            0.0,
            0.0,
            0.0,
            0.0,
            1.0000000000000004
        ]
    ],
    "h": [
        [
            -0.2770175939648605,
            -0.4724937826026281,
            -0.004997449275849749,
            -0.2851180703395362,
            0.08567506226485908,
            -0.5860860845759323,
            -0.46843659159317086,
            0.00029033354487081886,
            0.016719005595175473,
            -0.01948023821206074,
            -0.22825888534287378,
            -0.3087282702826183,
            -0.018655713668052812,
            0.29227037734586714,
            0.028324850228272497,
            -0.012968451126979308,
            -0.13786697919643714,
            -0.007620286668221806,
            0.06204988000120484,
            -0.0015391535228723202
        ],
        [
            -0.4724937826026281,
            -0.31394038488171994,
            -0.0036873732712553666,
            -0.23953734010277422,
            0.06883587236487573,
            -0.5360346689767499,
            -0.36638596820684577,
            0.009532157520788153,
            0.11462153362831073,
            -0.08773914315685294,
            -0.315037217337344,
            -0.3050752714560756,
            -0.005892585967441415,
            0.16572526188562148,
            0.0435703205374674,
            -0.1386487838767519,
            -0.19577640389134177,
            -0.0210321677102023,
            0.11426598969877558,
            -0.011418017636291463
        ],
        [
            -0.004997449275849749,
            -0.0036873732712553666,
            1.481796602644571,
            -0.003922705777858983,
            0.0013980524118108238,
            0.000251434751565853,
            -0.002689770801392047,
            0.41480782456637544,
            -0.014377446865980598,
            0.005232624766657729,
            0.002718994936221712,
            -0.0016391897228352926,
            -0.04407364689780498,
            0.0011456300718612027,
            -6.0395422858607024e-05,
            0.003858825012246458,
            0.0016293500832344071,
            -0.00371905764110154,
            -0.005422815209060808,
            0.00040253399028868325
        ],
        [
            -0.2851180703395362,
            -0.23953734010277422,
            -0.003922705777858983,
            1.216132150635424,
            0.07792351642629823,
            -0.06640312832382178,
            -0.2289365914618241,
            -0.011949767901534365,
            -0.5231289945808756,
            0.2672527698383428,
            -0.22196837461076427,
            -0.1786523173232853,
            -0.012315850009157345,
            0.17086622497848408,
            0.03542318667746408,
            -0.06243050789333658,
            -0.11351675912649112,
            -0.010984015709109628,
            0.08213896868290228,
            -0.005530846674274151
        ],
        [
            0.08567506226485908,
            0.06883587236487573,
            0.0013980524118108238,
            0.07792351642629823,
            1.4571941251227176,
            0.008220482250967998,
            0.06135305165339908,
            0.004871662191786476,
            0.2894532750566231,
            0.32600492919351287,
            0.031904601518332534,
            0.04690547841132166,
            0.0031373384897017756,
            -0.04882346986340586,
            -0.051049025038485185,
            0.0035381581168382496,
            0.021581098239361374,
            0.0010399919210012257,
            -0.008429690351509245,
            -0.004140906046138882
        ],
        [
            -0.5860860845759323,
            -0.5360346689767499,
            0.000251434751565853,
            -0.06640312832382178,
            0.008220482250967998,
            -0.41636857520200055,
            -0.5840451840280865,
            0.017374930020186623,
            0.0882956706224925,
            -0.12965950402156984,
            -0.4734217231450053,
            -0.48264157202892743,
            0.002921523613440065,
            0.06995481206630272,
            0.016504705481954512,
            -0.22604331100693353,
            -0.31252203873133777,
            -0.039786320689597116,
            0.221183579023752,
            -0.011640700090718908
        ],
        [
            -0.46843659159317086,
            -0.36638596820684577,
            -0.002689770801392047,
            -0.2289365914618241,
            0.06135305165339908,
            -0.5840451840280865,
            -0.42615244276881925,
            0.017497612930991918,
            0.029603776920247613,
            -0.10729465293476777,
            -0.48349719142744696,
            -0.4002644571203884,
            0.010563643762376642,
            0.10140249281542563,
            0.06073688882963166,
            -0.3078179549351623,
            -0.30347027024354656,
            -0.0385260719920842,
            0.17969729364119202,
            -0.025440983538273884
        ],
        [
            0.00029033354487081886,
            0.009532157520788153,
            0.41480782456637544,
            -0.011949767901534365,
            0.004871662191786476,
            0.017374930020186623,
            0.017497612930991918,
            1.4151276972366162,
            0.01533421363994767,
            0.0049038853230222446,
            0.012604661587961655,
            0.019837685574413556,
            0.27331401684200096,
            0.07263306142452705,
            0.014779915598522458,
            0.029716761912701048,
            0.017829149007494154,
            -0.03941732890599177,
            -0.022640515734840536,
            0.002211180075770564
        ],
        [
            0.016719005595175473,
            0.11462153362831073,
            -0.014377446865980598,
            -0.5231289945808756,
            0.2894532750566231,
            0.0882956706224925,
            0.029603776920247613,
            0.01533421363994767,
            0.9224707232064491,
            0.03045481835001335,
            -0.06727354742881142,
            -0.09948272760004806,
            0.0881267430044814,
            -0.7595969538698127,
            -0.21270807138191328,
            -0.2908685041536331,
            -0.16472462493904597,
            -0.04547780188594176,
            0.17890061002104735,
            -0.02362839942711071
        ],
        [
            -0.01948023821206074,
            -0.08773914315685294,
            0.005232624766657729,
            0.2672527698383428,
            0.32600492919351287,
            -0.12965950402156984,
            -0.10729465293476777,
            0.0049038853230222446,
            0.03045481835001335,
            1.379637098750638,
            -0.025281752341784286,
            -0.07725989252840737,
            0.01656435537985169,
            -0.20369893255928778,
            0.22729610098853753,
            -0.03464630089269734,
            -0.04992182839717838,
            -0.007991055881853924,
            0.04101345949556821,
            -0.04768802915940096
        ],
        [
            -0.22825888534287378,
            -0.315037217337344,
            0.002718994936221712,
            -0.22196837461076427,
            0.031904601518332534,
            -0.4734217231450053,
            -0.48349719142744696,
            0.012604661587961655,
            -0.06727354742881142,
            -0.025281752341784286,
            -0.4236668383004165,
            -0.5878104099054442,
            0.04888359735140804,
            -0.09446341852467413,
            0.09576371492478888,
            -0.5910673563825957,
            -0.5388385684787909,
            -0.011325936058598274,
            0.061860975646175875,
            -0.0010116363003805362
        ],
        [
            -0.3087282702826183,
            -0.3050752714560756,
            -0.0016391897228352926,
            -0.1786523173232853,
            0.04690547841132166,
            -0.48264157202892743,
            -0.4002644571203884,
            0.019837685574413556,
            -0.09948272760004806,
            -0.07725989252840737,
            -0.5878104099054442,
            -0.4279046316321118,
            0.03521361344882416,
            -0.03140515263086931,
            0.07965225572856707,
            -0.4704934953557509,
            -0.36550631665125666,
            -0.05036804602923492,
            0.23143913270493277,
            -0.03343275272614114
        ],
        [
            -0.018655713668052812,
            -0.005892585967441415,
            -0.04407364689780498,
            -0.012315850009157345,
            0.0031373384897017756,
            0.002921523613440065,
            0.010563643762376642,
            0.27331401684200096,
            0.0881267430044814,
            0.01656435537985169,
            0.04888359735140804,
            0.03521361344882416,
            1.4011642350656155,
            0.07751447534968267,
            -0.007203148157969989,
            0.004817719775513096,
            0.040304057961010865,
            0.38529357940615006,
            0.2096737313102307,
            -0.03856437868361757
        ],
        [
            0.29227037734586714,
            0.16572526188562148,
            0.0011456300718612027,
            0.17086622497848408,
            -0.04882346986340586,
            0.06995481206630272,
            0.10140249281542563,
            0.07263306142452705,
            -0.7595969538698127,
            -0.20369893255928778,
            -0.09446341852467413,
            -0.03140515263086931,
            0.07751447534968267,
            0.9096801000740307,
            -0.000721490228952312,
            -0.01438640177586814,
            -0.11849648136046834,
            0.214464159126305,
            -0.5179321274461957,
            0.16849120615485644
        ],
        [
            0.028324850228272497,
            0.0435703205374674,
            -6.0395422858607024e-05,
            0.03542318667746408,
            -0.051049025038485185,
            0.016504705481954512,
            0.06073688882963166,
            0.014779915598522458,
            -0.21270807138191328,
            0.22729610098853753,
            0.09576371492478888,
            0.07965225572856707,
            -0.007203148157969989,
            -0.000721490228952312,
            1.3951370929923033,
            0.015518376223552732,
            0.06153467333734969,
            -0.03537603969089653,
            0.15079863653449257,
            0.4026211831902041
        ],
        [
            -0.012968451126979308,
            -0.1386487838767519,
            0.003858825012246458,
            -0.06243050789333658,
            0.0035381581168382496,
            -0.22604331100693353,
            -0.3078179549351623,
            0.029716761912701048,
            -0.2908685041536331,
            -0.03464630089269734,
            -0.5910673563825957,
            -0.4704934953557509,
            0.004817719775513096,
            -0.01438640177586814,
            0.015518376223552732,
            -0.28316773769005743,
            -0.4746686214944016,
            -0.06620926622991463,
            0.2919064614986484,
            -0.04916558507312934
        ],
        [
            -0.13786697919643714,
            -0.19577640389134177,
            0.0016293500832344071,
            -0.11351675912649112,
            0.021581098239361374,
            -0.31252203873133777,
            -0.30347027024354656,
            0.017829149007494154,
            -0.16472462493904597,
            -0.04992182839717838,
            -0.5388385684787909,
            -0.36550631665125666,
            0.040304057961010865,
            -0.11849648136046834,
            0.06153467333734969,
            -0.4746686214944016,
            -0.3131143755089154,
            -0.054154697931663026,
            0.24249650599650746,
            -0.03845672442359917
        ],
        [
            -0.007620286668221806,
            -0.0210321677102023,
            -0.00371905764110154,
            -0.010984015709109628,
            0.0010399919210012257,
            -0.039786320689597116,
            -0.0385260719920842,
            -0.03941732890599177,
            -0.04547780188594176,
            -0.007991055881853924,
            -0.011325936058598274,
            -0.05036804602923492,
            0.38529357940615006,
            0.214464159126305,
            -0.03537603969089653,
            -0.06620926622991463,
            -0.054154697931663026,
            1.4680963459065204,
            0.06105438803968535,
            -0.010408735317297716
        ],
        [
            0.06204988000120484,
            0.11426598969877558,
            -0.005422815209060808,
            0.08213896868290228,
            -0.008429690351509245,
            0.221183579023752,
            0.17969729364119202,
            -0.022640515734840536,
            0.17890061002104735,
            0.04101345949556821,
            0.061860975646175875,
            0.23143913270493277,
            0.2096737313102307,
            -0.5179321274461957,
            0.15079863653449257,
            0.2919064614986484,
            0.24249650599650746,
            0.06105438803968535,
            1.208733871786848,
            0.04504009692892601
        ],
        [
            -0.0015391535228723202,
            -0.011418017636291463,
            0.00040253399028868325,
            -0.005530846674274151,
            -0.004140906046138882,
            -0.011640700090718908,
            -0.025440983538273884,
            0.002211180075770564,
            -0.02362839942711071,
            -0.04768802915940096,
            -0.0010116363003805362,
            -0.03343275272614114,
            -0.03856437868361757,
            0.16849120615485644,
            0.4026211831902041,
            -0.04916558507312934,
            -0.03845672442359917,
            -0.010408735317297716,
            0.04504009692892601,
            1.4733089331516647
        ]
    ]
}