{
    "HF": -2.15365856335986,
    "coordinates": [
        [
            0.764206,
            -0.009978,
            0.075367
        ],
        [
            1.576567,
            -0.193389,
            -0.181543
        ],
        [
            2.346066,
            -0.159611,
            0.019565
        ],
        [
            3.029441,
            0.072322,
            -0.061713
        ]
    ],
    "elements": [
        "H",
        "H",
        "H",
        "H"
    ],
    "Enn": 2.923569450035462,
    "S": [
        [
            0.9999999999999999,
            0.6848602514927513,
            0.0,
            0.0,
            0.0,
            0.4675977125175582,
            0.525148487113044,
            0.1450292397634254,
            -0.4585889932017283,
            0.10353804014732637,
            0.09916661449208972,
            0.2833169277514617,
            0.004618099810240072,
            -0.13091264409566605,
            0.01238342942736197,
            0.011375194131268107,
            0.113455697554913,
            0.0008143819892523042,
            -0.013457591081295179,
            -0.0004889381216476848
        ],
        [
            0.6848602514927513,
            1.0000000000000002,
            0.0,
            0.0,
            0.0,
            0.525148487113044,
            0.847502497706614,
            0.052658367475313314,
            -0.1665081314881201,
            0.037593413401637486,
            0.2833169277514618,
            0.5765807262480579,
            0.005913579275612744,
            -0.16763654551666204,
            0.015857256151173123,
            0.113455697554913,
            0.32519085691668426,
            0.005447698294912183,
            -0.0900227374312474,
            -0.0032706855097116502
        ],
        [
            0.0,
            0.0,
            1.0000000000000004,
            0.0,
            0.0,
            -0.1450292397634254,
            -0.05265836747531329,
            0.3091434276821384,
            0.20214042846573932,
            -0.04563830381484305,
            -0.0046180998102400735,
            -0.005913579275612747,
            0.03727660842798669,
            0.008612148182191274,
            -0.0008146495700920608,
            -0.0008143819892523042,
            -0.005447698294912184,
            0.001177886070961301,
            0.0009982602852390528,
            3.626856439847259e-05
        ],
        [
            0.0,
            0.0,
            0.0,
            1.0000000000000004,
            0.0,
            0.4585889932017282,
            0.16650813148812024,
            0.20214042846573926,
            -0.2661066004696599,
            0.1443103737703075,
            0.13091264409566614,
            0.16763654551666196,
            0.008612148182191281,
            -0.20655443460536105,
            0.023093465627501305,
            0.013457591081295177,
            0.09002273743124742,
            0.0009982602852390528,
            -0.015257868340354466,
            -0.0005993348517301871
        ],
        [
            0.0,
            0.0,
            0.0,
            0.0,
            1.0000000000000004,
            -0.10353804014732637,
            -0.03759341340163748,
            -0.04563830381484305,
            0.14431037377030756,
            0.3404888363287219,
            -0.012383429427361972,
            -0.0158572561511731,
            -0.0008146495700920611,
            0.023093465627501295,
            0.035395930334238025,
            0.0004889381216476847,
            0.0032706855097116476,
            3.626856439847259e-05,
            -0.0005993348517301871,
            0.0012165205886176039
        ],
        [
            0.4675977125175582,
            0.525148487113044,
            -0.1450292397634254,
            0.4585889932017282,
            -0.10353804014732637,
            0.9999999999999999,
            0.6848602514927513,
            0.0,
            0.0,
            0.0,
            0.5259664026605587,
            0.5487594749079627,
            -0.13176024372312728,
            -0.5041538665030866,
            -0.02213038522823455,
            0.13150281030622046,
            0.3180868044958894,
            -0.013985518844325749,
            -0.16956685892874004,
            -0.03101148458353199
        ],
        [
            0.525148487113044,
            0.847502497706614,
            -0.052658367475313314,
            0.16650813148812027,
            -0.037593413401637486,
            0.6848602514927513,
            1.0000000000000002,
            0.0,
            0.0,
            0.0,
            0.5487594749079627,
            0.8710594232334214,
            -0.043202347418561854,
            -0.1653050258380372,
            -0.007256244859002038,
            0.3180868044958894,
            0.6198219890590921,
            -0.01437320764976153,
            -0.17426737620745733,
            -0.0318711456048217
        ],
        [
            0.1450292397634254,
            0.05265836747531331,
            0.3091434276821384,
            0.20214042846573926,
            -0.04563830381484305,
            0.0,
            0.0,
            1.0000000000000004,
            0.0,
            0.0,
            0.13176024372312725,
            0.04320234741856183,
            0.3931575435493008,
            -0.17648723940481156,
            -0.007747100350508218,
            0.01398551884432574,
            0.01437320764976152,
            0.05566933177673601,
            -0.026136123932808043,
            -0.004779943495657819
        ],
        [
            -0.4585889932017283,
            -0.16650813148812008,
            0.20214042846573932,
            -0.2661066004696597,
            0.14431037377030756,
            0.0,
            0.0,
            0.0,
            1.0000000000000004,
            0.0,
            0.5041538665030862,
            0.1653050258380368,
            -0.17648723940481165,
            -0.2360102956007219,
            -0.029642709253812502,
            0.16956685892873996,
            0.17426737620745728,
            -0.026136123932808036,
            -0.25906139560528163,
            -0.057954232047987615
        ],
        [
            0.10353804014732637,
            0.03759341340163748,
            -0.04563830381484305,
            0.1443103737703075,
            0.3404888363287219,
            0.0,
            0.0,
            0.0,
            0.0,
            1.0000000000000004,
            0.02213038522823455,
            0.007256244859002037,
            -0.007747100350508221,
            -0.029642709253812502,
            0.43798115515769476,
            0.031011484583531965,
            0.03187114560482168,
            -0.004779943495657819,
            -0.05795423204798763,
            0.04722593942417519
        ],
        [
            0.09916661449208972,
            0.2833169277514617,
            -0.004618099810240071,
            0.13091264409566603,
            -0.01238342942736197,
            0.5259664026605587,
            0.5487594749079627,
            0.13176024372312728,
            0.5041538665030866,
            0.02213038522823455,
            0.9999999999999999,
            0.6848602514927513,
            0.0,
            0.0,
            0.0,
            0.5818442544849294,
            0.5695323186124186,
            0.060504198707044106,
            -0.508711542993507,
            -0.17265336645489385
        ],
        [
            0.2833169277514618,
            0.5765807262480579,
            -0.005913579275612747,
            0.16763654551666196,
            -0.01585725615117311,
            0.5487594749079627,
            0.8710594232334214,
            0.04320234741856184,
            0.16530502583803683,
            0.007256244859002038,
            0.6848602514927513,
            1.0000000000000002,
            0.0,
            0.0,
            0.0,
            0.5695323186124186,
            0.891467545678362,
            0.018166695894627466,
            -0.15274324918170973,
            -0.051840058551251664
        ],
        [
            0.004618099810240073,
            0.005913579275612741,
            0.03727660842798669,
            0.008612148182191274,
            -0.0008146495700920607,
            -0.13176024372312725,
            -0.043202347418561826,
            0.3931575435493008,
            -0.17648723940481156,
            -0.007747100350508218,
            0.0,
            0.0,
            1.0000000000000004,
            0.0,
            0.0,
            -0.06050419870704409,
            -0.018166695894627456,
            0.4956385464265951,
            0.0727180656475655,
            0.02468003529517004
        ],
        [
            -0.1309126440956661,
            -0.16763654551666204,
            0.008612148182191281,
            -0.2065544346053611,
            0.0230934656275013,
            -0.5041538665030862,
            -0.16530502583803716,
            -0.17648723940481165,
            -0.2360102956007219,
            -0.029642709253812502,
            0.0,
            0.0,
            0.0,
            1.0000000000000004,
            0.0,
            0.508711542993507,
            0.15274324918171042,
            0.0727180656475656,
            -0.1071168156924893,
            -0.207506571517961
        ],
        [
            0.012383429427361972,
            0.0158572561511731,
            -0.0008146495700920612,
            0.023093465627501298,
            0.035395930334238025,
            -0.02213038522823455,
            -0.007256244859002037,
            -0.007747100350508221,
            -0.029642709253812502,
            0.43798115515769476,
            0.0,
            0.0,
            0.0,
            0.0,
            1.0000000000000004,
            0.17265336645489382,
            0.05184005855125163,
            0.024680035295170034,
            -0.20750657151796065,
            0.4338609825529206
        ],
        [
            0.011375194131268107,
            0.113455697554913,
            -0.0008143819892523042,
            0.013457591081295177,
            0.0004889381216476848,
            0.13150281030622046,
            0.3180868044958894,
            0.013985518844325747,
            0.16956685892874002,
            0.03101148458353199,
            0.5818442544849294,
            0.5695323186124186,
            -0.06050419870704411,
            0.508711542993507,
            0.17265336645489385,
            0.9999999999999999,
            0.6848602514927513,
            0.0,
            0.0,
            0.0
        ],
        [
            0.113455697554913,
            0.32519085691668426,
            -0.005447698294912183,
            0.09002273743124743,
            0.00327068550971165,
            0.3180868044958894,
            0.6198219890590921,
            0.014373207649761523,
            0.17426737620745733,
            0.031871145604821696,
            0.5695323186124186,
            0.891467545678362,
            -0.018166695894627462,
            0.15274324918171045,
            0.051840058551251664,
            0.6848602514927513,
            1.0000000000000002,
            0.0,
            0.0,
            0.0
        ],
        [
            0.0008143819892523042,
            0.005447698294912182,
            0.001177886070961301,
            0.0009982602852390528,
            3.626856439847259e-05,
            -0.013985518844325738,
            -0.014373207649761514,
            0.05566933177673601,
            -0.026136123932808033,
            -0.0047799434956578195,
            0.06050419870704409,
            0.018166695894627452,
            0.4956385464265951,
            0.0727180656475656,
            0.02468003529517004,
            0.0,
            0.0,
            1.0000000000000004,
            0.0,
            0.0
        ],
        [
            -0.013457591081295179,
            -0.09002273743124739,
            0.0009982602852390528,
            -0.015257868340354466,
            -0.0005993348517301871,
            -0.16956685892873996,
            -0.17426737620745728,
            -0.02613612393280805,
            -0.25906139560528163,
            -0.05795423204798766,
            -0.508711542993507,
            -0.15274324918171042,
            0.0727180656475655,
            -0.1071168156924893,
            -0.20750657151796073,
            0.0,
            0.0,
            0.0,
            1.0000000000000004,
            0.0
        ],
        [
            -0.0004889381216476847,
            -0.0032706855097116476,
            3.626856439847259e-05,
            -0.0005993348517301871,
            0.0012165205886176039,
            -0.031011484583531965,
            -0.031871145604821675,
            -0.004779943495657818,
            -0.05795423204798759,
            0.04722593942417519,
            -0.17265336645489382,
            -0.051840058551251615,
            0.024680035295170034,
            -0.20750657151796092,
            0.4338609825529206,
            0.0,
            0.0,
            0.0,
            0.0,
            1.0000000000000004
        ]
    ],
    "h": [
        [
            -0.2060540875010053,
            -0.43985909740815043,
            0.06627971481318777,
            -0.21958119339669344,
            0.049438723366543265,
            -0.5159375490700304,
            -0.42742947263069,
            -0.025446607011898492,
            0.05039869490538118,
            -0.010712809974800341,
            -0.20769768214855294,
            -0.2828706512317386,
            0.024692800574599768,
            0.2761751744390588,
            -0.00030857186787001945,
            -0.00859860790852994,
            -0.12834383792193493,
            0.0002928980167439181,
            0.06282695439132258,
            0.006912641490788572
        ],
        [
            -0.43985909740815043,
            -0.3047148689501906,
            0.058884872297923115,
            -0.2018555114364078,
            0.04449089531057225,
            -0.5034828998846522,
            -0.36136848084702,
            -0.07822115973683508,
            0.08411351956881719,
            -0.04154741012102178,
            -0.3129254278750902,
            -0.29966040716024334,
            0.042910207349122605,
            0.1749612577469826,
            -0.0059227854774490316,
            -0.13374751564816717,
            -0.19253200914755686,
            -0.005128871103841571,
            0.11726403958812635,
            0.027951995036558763
        ],
        [
            0.06627971481318777,
            0.058884872297923115,
            1.4841793428444183,
            0.057937196518210596,
            -0.01315736179777394,
            0.016611043670792303,
            0.05126469991141493,
            0.18279589827073428,
            0.26191815225808474,
            -0.05848594787320263,
            0.03170284561579442,
            0.041777910542846575,
            -0.04806858992858051,
            -0.04584145045567371,
            -1.0101718493107665e-05,
            0.004223267929564373,
            0.020447951137846674,
            -0.004098700644518154,
            -0.008911392201874861,
            -0.001113636482154184
        ],
        [
            -0.21958119339669344,
            -0.2018555114364078,
            0.057937196518210596,
            1.305285405519686,
            0.04300042588600858,
            -0.08476840910087524,
            -0.18916405297065686,
            0.24197184084930973,
            -0.5834827663029036,
            0.18002068918802255,
            -0.2060386417253344,
            -0.15390901171890392,
            0.028657979399236585,
            0.17974288344289313,
            -0.004900360353965162,
            -0.059499955330312534,
            -0.10217352466203428,
            -0.003249105367937965,
            0.08105014412025575,
            0.009745929063897249
        ],
        [
            0.049438723366543265,
            0.04449089531057225,
            -0.01315736179777394,
            0.04300042588600858,
            1.492871191220432,
            0.015447793050556685,
            0.039672749872711015,
            -0.0562346441515377,
            0.18729869107826275,
            0.22185462010719142,
            0.030312424470841134,
            0.03181591091134702,
            -0.005219945825452496,
            -0.03965832323618011,
            -0.041421366137921786,
            0.0022142980508524043,
            0.015321543478983353,
            -0.00011449180415547761,
            -0.0032036042909496416,
            -0.0048478837896524865
        ],
        [
            -0.5159375490700304,
            -0.5034828998846522,
            0.016611043670792303,
            -0.08476840910087524,
            0.015447793050556685,
            -0.3819016936728017,
            -0.5735399143435904,
            -0.11855343048567446,
            -0.01124275794772682,
            -0.05498123202281112,
            -0.5139568301403088,
            -0.4965889925995268,
            0.013243573459037733,
            0.04167931478118847,
            -0.01866063131369369,
            -0.26596572426051973,
            -0.3397038160883964,
            -0.0025667422651802357,
            0.2468477147262731,
            0.061715907270954794
        ],
        [
            -0.42742947263069,
            -0.36136848084702,
            0.05126469991141493,
            -0.18916405297065686,
            0.039672749872711015,
            -0.5735399143435904,
            -0.4316891154413687,
            -0.10288328520713957,
            -0.027520454244228207,
            -0.04994731310194197,
            -0.5136480502877999,
            -0.4108009813996032,
            0.06100181145964839,
            0.11003202819514729,
            -0.03308483385584505,
            -0.3283329712833368,
            -0.3175982857061683,
            -0.014858974087408626,
            0.19400985808481525,
            0.05982245542483168
        ],
        [
            -0.025446607011898492,
            -0.07822115973683508,
            0.18279589827073428,
            0.24197184084930973,
            -0.0562346441515377,
            -0.11855343048567446,
            -0.10288328520713957,
            1.3858650717123682,
            -0.0010700073917071897,
            -0.015787333760513715,
            -0.025005377469834222,
            -0.07959337992402793,
            0.2834139139707965,
            -0.22567882397927236,
            -0.013947863572109358,
            -0.04547242859522521,
            -0.055478502852348836,
            -0.04917934702593571,
            0.04734892745204792,
            0.013574504435266478
        ],
        [
            0.05039869490538118,
            0.08411351956881719,
            0.26191815225808474,
            -0.5834827663029036,
            0.18729869107826275,
            -0.01124275794772682,
            -0.027520454244228207,
            -0.0010700073917071897,
            0.9491198006326236,
            0.026587573867431033,
            -0.0821476586707468,
            -0.1402337064775166,
            -0.2289982307423658,
            -0.7191237755831698,
            -0.06876125211447275,
            -0.3187063909401433,
            -0.19005019609830864,
            -0.017637607736805935,
            0.15282080547672328,
            0.06516689475919285
        ],
        [
            -0.010712809974800341,
            -0.04154741012102178,
            -0.05848594787320263,
            0.18002068918802255,
            0.22185462010719142,
            -0.05498123202281112,
            -0.04994731310194197,
            -0.015787333760513715,
            0.026587573867431033,
            1.4093223221073088,
            -0.021529079232586408,
            -0.03666149273950978,
            -0.007869769396536004,
            -0.0330593535116875,
            0.33802430104749026,
            -0.029195357527767092,
            -0.021580800308406728,
            -0.001694521202694193,
            0.014900578508249884,
            -0.041683995818864145
        ],
        [
            -0.20769768214855294,
            -0.3129254278750902,
            0.03170284561579442,
            -0.2060386417253344,
            0.030312424470841134,
            -0.5139568301403088,
            -0.5136480502877999,
            -0.025005377469834222,
            -0.0821476586707468,
            -0.021529079232586408,
            -0.4701040013922124,
            -0.6090806924576817,
            0.08892477691344197,
            -0.06806254249133023,
            -0.08340927887573178,
            -0.6088425715854467,
            -0.5555132380688208,
            0.00267071865340035,
            0.0775676195768733,
            0.01957272975591995
        ],
        [
            -0.2828706512317386,
            -0.29966040716024334,
            0.041777910542846575,
            -0.15390901171890392,
            0.03181591091134702,
            -0.4965889925995268,
            -0.4108009813996032,
            -0.07959337992402793,
            -0.1402337064775166,
            -0.03666149273950978,
            -0.6090806924576817,
            -0.43542729913912637,
            0.0725873757690293,
            -0.013370599479300471,
            -0.06330585413506998,
            -0.47847654788682625,
            -0.3724112772250572,
            -0.018717941609532503,
            0.24004553215111013,
            0.07575919193130298
        ],
        [
            0.024692800574599768,
            0.042910207349122605,
            -0.04806858992858051,
            0.028657979399236585,
            -0.005219945825452496,
            0.013243573459037733,
            0.06100181145964839,
            0.2834139139707965,
            -0.2289982307423658,
            -0.007869769396536004,
            0.08892477691344197,
            0.0725873757690293,
            1.3771971377544965,
            -0.027081256939709933,
            0.007896041187417924,
            0.017729220409038612,
            0.05355153625857341,
            0.43419196746062816,
            0.08356502837635033,
            0.030552580769808386
        ],
        [
            0.2761751744390588,
            0.1749612577469826,
            -0.04584145045567371,
            0.17974288344289313,
            -0.03965832323618011,
            0.04167931478118847,
            0.11003202819514729,
            -0.22567882397927236,
            -0.7191237755831698,
            -0.0330593535116875,
            -0.06806254249133023,
            -0.013370599479300471,
            -0.027081256939709933,
            0.8693929531164564,
            -0.09661799142909602,
            -0.006709097011942666,
            -0.10403312308323953,
            0.10346258977024017,
            -0.4702586575305498,
            -0.30453101169480384
        ],
        [
            -0.00030857186787001945,
            -0.0059227854774490316,
            -1.0101718493107665e-05,
            -0.004900360353965162,
            -0.041421366137921786,
            -0.01866063131369369,
            -0.03308483385584505,
            -0.013947863572109358,
            -0.06876125211447275,
            0.33802430104749026,
            -0.08340927887573178,
            -0.06330585413506998,
            0.007896041187417924,
            -0.09661799142909602,
            1.3667234216111053,
            -0.006850853693467107,
            -0.0643418290895258,
            0.036025923119330804,
            -0.2932502004283227,
            0.34727537111957985
        ],
        [
            -0.00859860790852994,
            -0.13374751564816717,
            0.004223267929564373,
            -0.059499955330312534,
            0.0022142980508524043,
            -0.26596572426051973,
            -0.3283329712833368,
            -0.04547242859522521,
            -0.3187063909401433,
            -0.029195357527767092,
            -0.6088425715854467,
            -0.47847654788682625,
            0.017729220409038612,
            -0.006709097011942666,
            -0.006850853693467107,
            -0.2998354268707022,
            -0.48147932499717094,
            -0.0302448787677091,
            0.2956956016325061,
            0.099710844178923
        ],
        [
            -0.12834383792193493,
            -0.19253200914755686,
            0.020447951137846674,
            -0.10217352466203428,
            0.015321543478983353,
            -0.3397038160883964,
            -0.3175982857061683,
            -0.055478502852348836,
            -0.19005019609830864,
            -0.021580800308406728,
            -0.5555132380688208,
            -0.3724112772250572,
            0.05355153625857341,
            -0.10403312308323953,
            -0.0643418290895258,
            -0.48147932499717094,
            -0.31922187979450545,
            -0.022509741096415514,
            0.2455358325105149,
            0.08069707405417112
        ],
        [
            0.0002928980167439181,
            -0.005128871103841571,
            -0.004098700644518154,
            -0.003249105367937965,
            -0.00011449180415547761,
            -0.0025667422651802357,
            -0.014858974087408626,
            -0.04917934702593571,
            -0.017637607736805935,
            -0.001694521202694193,
            0.00267071865340035,
            -0.018717941609532503,
            0.43419196746062816,
            0.10346258977024017,
            0.036025923119330804,
            -0.0302448787677091,
            -0.022509741096415514,
            1.4640165913168148,
            0.027081416941481164,
            0.009584351406915527
        ],
        [
            0.06282695439132258,
            0.11726403958812635,
            -0.008911392201874861,
            0.08105014412025575,
            -0.0032036042909496416,
            0.2468477147262731,
            0.19400985808481525,
            0.04734892745204792,
            0.15282080547672328,
            0.014900578508249884,
            0.0775676195768733,
            0.24004553215111013,
            0.08356502837635033,
            -0.4702586575305498,
            -0.2932502004283227,
            0.2956956016325061,
            0.2455358325105149,
            0.027081416941481164,
            1.1920702007031814,
            -0.09027201581738298
        ],
        [
            0.006912641490788572,
            0.027951995036558763,
            -0.001113636482154184,
            0.009745929063897249,
            -0.0048478837896524865,
            0.061715907270954794,
            0.05982245542483168,
            0.013574504435266478,
            0.06516689475919285,
            -0.041683995818864145,
            0.01957272975591995,
            0.07575919193130298,
            0.030552580769808386,
            -0.30453101169480384,
            0.34727537111957985,
            0.099710844178923,
            0.08069707405417112,
            0.009584351406915527,
            -0.09027201581738298,
            1.4376641400135532
        ]
    ]
}