{
    "HF": -2.165340036286733,
    "coordinates": [
        [
            0.721118,
            -0.050821,
            0.11567
        ],
        [
            1.414217,
            -0.039463,
            -0.029082
        ],
        [
            2.221907,
            0.157605,
            0.021314
        ],
        [
            3.011412,
            -0.128797,
            -0.159234
        ]
    ],
    "elements": [
        "H",
        "H",
        "H",
        "H"
    ],
    "Enn": 2.9061788012250824,
    "S": [
        [
            0.9999999999999999,
            0.6848602514927513,
            0.0,
            0.0,
            0.0,
            0.5965082132255068,
            0.574717873538266,
            0.11119466113366476,
            -0.5324203357264972,
            -0.008724915449570051,
            0.11983562500596509,
            0.3062323622130655,
            0.00983260859869108,
            -0.15639356083578132,
            -0.021719565049289787,
            0.00991323598251658,
            0.10693728528178753,
            0.0013801118286880434,
            -0.011498056923774314,
            0.00039146611163816777
        ],
        [
            0.6848602514927513,
            1.0000000000000002,
            0.0,
            0.0,
            0.0,
            0.574717873538266,
            0.8965176133067245,
            0.032668487021097606,
            -0.15642267938153367,
            -0.0025633405796508975,
            0.30623236221306555,
            0.6052904523341865,
            0.010867069535803386,
            -0.17284728497995705,
            -0.024004619049868125,
            0.10693728528178753,
            0.3133519173779897,
            0.010252667596069336,
            -0.08541753877452499,
            0.00290814978491074
        ],
        [
            0.0,
            0.0,
            1.0000000000000004,
            0.0,
            0.0,
            -0.11119466113366475,
            -0.032668487021097606,
            0.4931803274961192,
            0.1358467517030834,
            0.00222615731063473,
            -0.009832608598691077,
            -0.010867069535803376,
            0.04904139648880399,
            0.0184561093485126,
            0.002563140486153009,
            -0.001380111828688043,
            -0.010252667596069328,
            0.0007979904780559286,
            0.001622755126308619,
            -5.524878191578935e-05
        ],
        [
            0.0,
            0.0,
            0.0,
            1.0000000000000004,
            0.0,
            0.5324203357264972,
            0.15642267938153345,
            0.13584675170308344,
            -0.1289074622651365,
            -0.010659247580991085,
            0.15639356083578138,
            0.17284728497995688,
            0.018456109348512616,
            -0.24335378397999524,
            -0.04076829292332328,
            0.011498056923774312,
            0.08541753877452496,
            0.0016227551263086198,
            -0.012526809157419926,
            0.0004602914243846612
        ],
        [
            0.0,
            0.0,
            0.0,
            0.0,
            1.0000000000000004,
            0.008724915449570051,
            0.002563340579650897,
            0.00222615731063473,
            -0.01065924758099108,
            0.5213769073043427,
            0.021719565049289784,
            0.0240046190498681,
            0.002563140486153009,
            -0.040768292923323235,
            0.044539945873728636,
            -0.00039146611163816777,
            -0.00290814978491074,
            -5.52487819157894e-05,
            0.00046029142438466135,
            0.0009770985712242843
        ],
        [
            0.5965082132255068,
            0.574717873538266,
            -0.11119466113366476,
            0.5324203357264973,
            0.008724915449570051,
            0.9999999999999999,
            0.6848602514927513,
            0.0,
            0.0,
            0.0,
            0.49715744912313586,
            0.5373688480498295,
            -0.030745123388097366,
            -0.49274800994785994,
            -0.12022541423616102,
            0.09521003908968295,
            0.2785993438730835,
            0.010251023541364996,
            -0.12579817094743426,
            0.007036118822947789
        ],
        [
            0.574717873538266,
            0.8965176133067245,
            -0.03266848702109761,
            0.15642267938153348,
            0.0025633405796508975,
            0.6848602514927513,
            1.0000000000000002,
            0.0,
            0.0,
            0.0,
            0.5373688480498295,
            0.8597440624870832,
            -0.010586414167296448,
            -0.16966705410714494,
            -0.04139700506232194,
            0.2785993438730835,
            0.570562603712424,
            0.013547135822131883,
            -0.16624729239220232,
            0.009298511214075314
        ],
        [
            0.11119466113366475,
            0.0326684870210976,
            0.4931803274961192,
            0.13584675170308344,
            0.00222615731063473,
            0.0,
            0.0,
            1.0000000000000004,
            0.0,
            0.0,
            0.030745123388097356,
            0.010586414167296441,
            0.40367498811615893,
            -0.042941559919908605,
            -0.010477296153594261,
            -0.010251023541364994,
            -0.01354713582213188,
            0.03375012234087403,
            0.019052339982700447,
            -0.0010656317732115129
        ],
        [
            -0.532420335726497,
            -0.15642267938153329,
            0.1358467517030834,
            -0.1289074622651365,
            -0.01065924758099108,
            0.0,
            0.0,
            0.0,
            1.0000000000000004,
            0.0,
            0.49274800994785994,
            0.16966705410714458,
            -0.0429415599199086,
            -0.2818643422514453,
            -0.16791823419113713,
            0.12579817094743426,
            0.1662472923922024,
            0.019052339982700457,
            -0.19850321762845302,
            0.013077184676490277
        ],
        [
            -0.008724915449570051,
            -0.002563340579650897,
            0.00222615731063473,
            -0.010659247580991085,
            0.5213769073043427,
            0.0,
            0.0,
            0.0,
            0.0,
            1.0000000000000004,
            0.12022541423616101,
            0.04139700506232191,
            -0.010477296153594266,
            -0.16791823419113722,
            0.36538402534349207,
            -0.007036118822947789,
            -0.009298511214075305,
            -0.001065631773211513,
            0.013077184676490276,
            0.03457122617449412
        ],
        [
            0.11983562500596509,
            0.3062323622130655,
            -0.00983260859869108,
            0.15639356083578138,
            0.021719565049289787,
            0.49715744912313586,
            0.5373688480498295,
            0.030745123388097366,
            0.49274800994785994,
            0.12022541423616102,
            0.9999999999999999,
            0.6848602514927513,
            0.0,
            0.0,
            0.0,
            0.4770858784349581,
            0.5291326112239537,
            0.10454700369951854,
            -0.4571658625727695,
            0.16584216359942794
        ],
        [
            0.30623236221306555,
            0.6052904523341865,
            -0.010867069535803379,
            0.17284728497995694,
            0.024004619049868125,
            0.5373688480498295,
            0.8597440624870832,
            0.010586414167296448,
            0.16966705410714458,
            0.04139700506232194,
            0.6848602514927513,
            1.0000000000000002,
            0.0,
            0.0,
            0.0,
            0.5291326112239537,
            0.8515053251313692,
            0.037306430965645496,
            -0.16313453363943087,
            0.05917892439363943
        ],
        [
            0.009832608598691079,
            0.010867069535803376,
            0.04904139648880399,
            0.018456109348512603,
            0.0025631404861530087,
            -0.030745123388097356,
            -0.010586414167296441,
            0.40367498811615893,
            -0.04294155991990858,
            -0.010477296153594261,
            0.0,
            0.0,
            1.0000000000000004,
            0.0,
            0.0,
            -0.10454700369951853,
            -0.03730643096564547,
            0.35122279103268306,
            0.14199239835754515,
            -0.05150937216914102
        ],
        [
            -0.1563935608357814,
            -0.17284728497995697,
            0.018456109348512616,
            -0.24335378397999513,
            -0.04076829292332327,
            -0.49274800994785994,
            -0.16966705410714458,
            -0.042941559919908626,
            -0.2818643422514453,
            -0.16791823419113722,
            0.0,
            0.0,
            0.0,
            1.0000000000000004,
            0.0,
            0.4571658625727695,
            0.16313453363943078,
            0.14199239835754532,
            -0.23721372879082592,
            0.22524152510356088
        ],
        [
            -0.021719565049289784,
            -0.024004619049868104,
            0.0025631404861530096,
            -0.04076829292332324,
            0.044539945873728636,
            -0.12022541423616101,
            -0.04139700506232191,
            -0.010477296153594266,
            -0.16791823419113713,
            0.36538402534349207,
            0.0,
            0.0,
            0.0,
            0.0,
            1.0000000000000004,
            -0.16584216359942788,
            -0.059178924393639316,
            -0.05150937216914099,
            0.2252415251035605,
            0.30198538312006457
        ],
        [
            0.00991323598251658,
            0.10693728528178753,
            -0.0013801118286880434,
            0.011498056923774312,
            -0.00039146611163816777,
            0.09521003908968295,
            0.2785993438730835,
            -0.010251023541364996,
            0.1257981709474343,
            -0.007036118822947789,
            0.4770858784349581,
            0.5291326112239537,
            -0.10454700369951854,
            0.4571658625727695,
            -0.16584216359942794,
            0.9999999999999999,
            0.6848602514927513,
            0.0,
            0.0,
            0.0
        ],
        [
            0.10693728528178753,
            0.3133519173779897,
            -0.010252667596069336,
            0.08541753877452496,
            -0.00290814978491074,
            0.2785993438730835,
            0.570562603712424,
            -0.013547135822131885,
            0.16624729239220248,
            -0.009298511214075314,
            0.5291326112239537,
            0.8515053251313692,
            -0.0373064309656455,
            0.16313453363943087,
            -0.05917892439363943,
            0.6848602514927513,
            1.0000000000000002,
            0.0,
            0.0,
            0.0
        ],
        [
            0.001380111828688043,
            0.010252667596069324,
            0.0007979904780559286,
            0.001622755126308619,
            -5.524878191578937e-05,
            0.010251023541364994,
            0.013547135822131877,
            0.03375012234087403,
            0.019052339982700454,
            -0.0010656317732115129,
            0.10454700369951853,
            0.037306430965645475,
            0.35122279103268306,
            0.14199239835754532,
            -0.05150937216914102,
            0.0,
            0.0,
            1.0000000000000004,
            0.0,
            0.0
        ],
        [
            -0.011498056923774314,
            -0.08541753877452499,
            0.0016227551263086198,
            -0.012526809157419926,
            0.00046029142438466135,
            -0.12579817094743426,
            -0.16624729239220223,
            0.019052339982700454,
            -0.19850321762845297,
            0.013077184676490276,
            -0.4571658625727695,
            -0.16313453363943078,
            0.14199239835754515,
            -0.23721372879082592,
            0.2252415251035606,
            0.0,
            0.0,
            0.0,
            1.0000000000000004,
            0.0
        ],
        [
            0.00039146611163816777,
            0.00290814978491074,
            -5.5248781915789376e-05,
            0.0004602914243846612,
            0.0009770985712242843,
            0.007036118822947789,
            0.00929851121407531,
            -0.001065631773211513,
            0.013077184676490277,
            0.03457122617449412,
            0.16584216359942788,
            0.059178924393639316,
            -0.05150937216914099,
            0.22524152510356077,
            0.30198538312006457,
            0.0,
            0.0,
            0.0,
            0.0,
            1.0000000000000004
        ]
    ],
    "h": [
        [
            -0.30926195911976806,
            -0.4851488865561191,
            0.06305735057786085,
            -0.31515289172508815,
            -0.008949709948184083,
            -0.6148742191896713,
            -0.4826358928550696,
            -0.01035288445153279,
            0.004087343431491752,
            -0.011897210787132401,
            -0.24815845810241688,
            -0.3217980882966728,
            -0.004216476895195224,
            0.30743983854637563,
            0.04869446194187037,
            -0.006821434857653456,
            -0.1305187626905812,
            -0.006025775646048133,
            0.054042856675927495,
            -0.0035458643031355064
        ],
        [
            -0.4851488865561191,
            -0.3172376172551121,
            0.04944646733930863,
            -0.2560748947359931,
            -0.008779799299713436,
            -0.5540523372080439,
            -0.3690015952343424,
            -0.05248855224483308,
            0.12217937928861605,
            -0.022078201798287053,
            -0.32264000096549816,
            -0.30986770304770617,
            0.01280566326946252,
            0.17871794787398868,
            0.053749515947839055,
            -0.1251691808251472,
            -0.1886220452153024,
            -0.016906057255516416,
            0.09872832833652329,
            -0.022348515506763103
        ],
        [
            0.06305735057786085,
            0.04944646733930863,
            1.4565000416221978,
            0.059397968364397535,
            0.0012158698997746613,
            0.006478618504626388,
            0.04552027635590902,
            0.43627498594553493,
            0.20119262776376406,
            0.004940698181220462,
            0.030722342890702435,
            0.03518329003504503,
            -0.046658444661701104,
            -0.038358766953949006,
            -0.007761479870399076,
            0.005399098691222276,
            0.017307173761524536,
            -0.002293940989556368,
            -0.00925626382976762,
            0.0007510451839972615
        ],
        [
            -0.31515289172508815,
            -0.2560748947359931,
            0.059397968364397535,
            1.167412861774339,
            -0.008469136470122696,
            -0.06633886894682561,
            -0.2477859680214176,
            0.18875263626994548,
            -0.5057534035072786,
            -0.030870866928295538,
            -0.23894667101690584,
            -0.19470959511915437,
            0.006538220745311421,
            0.17722492150171365,
            0.04920211350851149,
            -0.05708787574898308,
            -0.11566763391892594,
            -0.010100327329096659,
            0.07255912173945889,
            -0.007588894659959196
        ],
        [
            -0.008949709948184083,
            -0.008779799299713436,
            0.0012158698997746613,
            -0.008469136470122696,
            1.4680356268962615,
            -0.008487373602592316,
            -0.010223334782211001,
            0.0021000809217860267,
            -0.018346861534831848,
            0.47489575487827196,
            -0.019452513145506292,
            -0.00798297030155199,
            0.0005704190020657061,
            0.01151973070418516,
            -0.043062387710113656,
            -0.0027503933999078398,
            -0.005202073552632873,
            -0.0002404496797716418,
            0.0009107399018029416,
            -0.003890526484402062
        ],
        [
            -0.6148742191896713,
            -0.5540523372080439,
            0.006478618504626388,
            -0.06633886894682561,
            -0.008487373602592316,
            -0.4602431753284346,
            -0.603086764187227,
            -0.07464302177541848,
            0.10743673500154857,
            -0.04340809604263066,
            -0.48533494892908635,
            -0.4967723461684088,
            0.0046391813562536785,
            0.08250888593336869,
            0.029638998370977887,
            -0.19967104433914482,
            -0.3019520530139782,
            -0.02808835501667519,
            0.19718962702549478,
            -0.035708815548735354
        ],
        [
            -0.4826358928550696,
            -0.3690015952343424,
            0.04552027635590902,
            -0.2477859680214176,
            -0.010223334782211001,
            -0.603086764187227,
            -0.43171042549781524,
            -0.056242929692519955,
            0.037095387175382216,
            -0.0385022871789009,
            -0.4796264283637912,
            -0.4034704717694255,
            0.028225866598247946,
            0.12576852388303422,
            0.07979727829527708,
            -0.281748001715987,
            -0.2957478313109846,
            -0.030910141305567598,
            0.15081985938011466,
            -0.04749072733389552
        ],
        [
            -0.01035288445153279,
            -0.05248855224483308,
            0.43627498594553493,
            0.18875263626994548,
            0.0021000809217860267,
            -0.07464302177541848,
            -0.056242929692519955,
            1.3894582851059383,
            0.05045970619184901,
            -0.002227755032565848,
            -0.007494117651488483,
            -0.032127171183724546,
            0.2945901265539428,
            -0.035276730751233915,
            -0.012153182792049601,
            0.007378115654844572,
            -0.011846960726280449,
            -0.04061122156374722,
            -0.000850678073193098,
            2.54751244022724e-05
        ],
        [
            0.004087343431491752,
            0.12217937928861605,
            0.20119262776376406,
            -0.5057534035072786,
            -0.018346861534831848,
            0.10743673500154857,
            0.037095387175382216,
            0.05045970619184901,
            0.8679927944708425,
            -0.05460845926560339,
            -0.0481234620735177,
            -0.09627484399916503,
            -0.03894065085849463,
            -0.748033859418235,
            -0.20760764327578324,
            -0.2688803495240884,
            -0.1656402866097738,
            -0.03649124922473905,
            0.1794844706371828,
            -0.05163934683276295
        ],
        [
            -0.011897210787132401,
            -0.022078201798287053,
            0.004940698181220462,
            -0.030870866928295538,
            0.47489575487827196,
            -0.04340809604263066,
            -0.0385022871789009,
            -0.002227755032565848,
            -0.05460845926560339,
            1.3907739209087384,
            -0.006685113909405238,
            -0.039368353010348744,
            -0.012948401898580462,
            -0.22338785592970345,
            0.24711285169228647,
            -0.02204475279133226,
            -0.03451417879396493,
            -0.004262909023994645,
            0.022676214764760748,
            -0.046972890632937414
        ],
        [
            -0.24815845810241688,
            -0.32264000096549816,
            0.030722342890702435,
            -0.23894667101690584,
            -0.019452513145506292,
            -0.48533494892908635,
            -0.4796264283637912,
            -0.007494117651488483,
            -0.0481234620735177,
            -0.006685113909405238,
            -0.3668236486641765,
            -0.5646238605662304,
            0.05895287672232812,
            -0.014882785797137477,
            0.12090204382643044,
            -0.5230710630481776,
            -0.5028228225092042,
            -0.012897595027072467,
            0.07883994346957868,
            -0.018725670797674843
        ],
        [
            -0.3217980882966728,
            -0.30986770304770617,
            0.03518329003504503,
            -0.19470959511915437,
            -0.00798297030155199,
            -0.4967723461684088,
            -0.4034704717694255,
            -0.032127171183724546,
            -0.09627484399916503,
            -0.039368353010348744,
            -0.5646238605662304,
            -0.4263408758247471,
            0.049421823677370275,
            0.011215449919370582,
            0.10651306591989318,
            -0.43322359366073226,
            -0.36088031657670094,
            -0.038860811699221474,
            0.1893451856753996,
            -0.060167365646202675
        ],
        [
            -0.004216476895195224,
            0.01280566326946252,
            -0.046658444661701104,
            0.006538220745311421,
            0.0005704190020657061,
            0.0046391813562536785,
            0.028225866598247946,
            0.2945901265539428,
            -0.03894065085849463,
            -0.012948401898580462,
            0.05895287672232812,
            0.049421823677370275,
            1.414901215120201,
            0.03409980190698636,
            -0.0182096083709968,
            0.01602788640151212,
            0.045396664686984604,
            0.23643546910731605,
            0.177602028945964,
            -0.06589403447910919
        ],
        [
            0.30743983854637563,
            0.17871794787398868,
            -0.038358766953949006,
            0.17722492150171365,
            0.01151973070418516,
            0.08250888593336869,
            0.12576852388303422,
            -0.035276730751233915,
            -0.748033859418235,
            -0.22338785592970345,
            -0.014882785797137477,
            0.011215449919370582,
            0.03409980190698636,
            0.9810830815748699,
            0.014588079244082166,
            -0.046161137019149034,
            -0.08984127300495767,
            0.18729767422504884,
            -0.5526693095342665,
            0.29505346081844264
        ],
        [
            0.04869446194187037,
            0.053749515947839055,
            -0.007761479870399076,
            0.04920211350851149,
            -0.043062387710113656,
            0.029638998370977887,
            0.07979727829527708,
            -0.012153182792049601,
            -0.20760764327578324,
            0.24711285169228647,
            0.12090204382643044,
            0.10651306591989318,
            -0.0182096083709968,
            0.014588079244082166,
            1.3892361096318515,
            0.02471016000194215,
            0.08315035448580373,
            -0.06515197227276859,
            0.2763540464289797,
            0.1736514104823898
        ],
        [
            -0.006821434857653456,
            -0.1251691808251472,
            0.005399098691222276,
            -0.05708787574898308,
            -0.0027503933999078398,
            -0.19967104433914482,
            -0.281748001715987,
            0.007378115654844572,
            -0.2688803495240884,
            -0.02204475279133226,
            -0.5230710630481776,
            -0.43322359366073226,
            0.01602788640151212,
            -0.046161137019149034,
            0.02471016000194215,
            -0.2131753130634333,
            -0.44380131949255974,
            -0.04902166593850621,
            0.22274617672322816,
            -0.07779146396358551
        ],
        [
            -0.1305187626905812,
            -0.1886220452153024,
            0.017307173761524536,
            -0.11566763391892594,
            -0.005202073552632873,
            -0.3019520530139782,
            -0.2957478313109846,
            -0.011846960726280449,
            -0.1656402866097738,
            -0.03451417879396493,
            -0.5028228225092042,
            -0.36088031657670094,
            0.045396664686984604,
            -0.08984127300495767,
            0.08315035448580373,
            -0.44380131949255974,
            -0.3057418145458155,
            -0.043522923255565296,
            0.20240848714790133,
            -0.06856740366579121
        ],
        [
            -0.006025775646048133,
            -0.016906057255516416,
            -0.002293940989556368,
            -0.010100327329096659,
            -0.0002404496797716418,
            -0.02808835501667519,
            -0.030910141305567598,
            -0.04061122156374722,
            -0.03649124922473905,
            -0.004262909023994645,
            -0.012897595027072467,
            -0.038860811699221474,
            0.23643546910731605,
            0.18729767422504884,
            -0.06515197227276859,
            -0.04902166593850621,
            -0.043522923255565296,
            1.490076192010745,
            0.042776760047280656,
            -0.015258879725220078
        ],
        [
            0.054042856675927495,
            0.09872832833652329,
            -0.00925626382976762,
            0.07255912173945889,
            0.0009107399018029416,
            0.19718962702549478,
            0.15081985938011466,
            -0.000850678073193098,
            0.1794844706371828,
            0.022676214764760748,
            0.07883994346957868,
            0.1893451856753996,
            0.177602028945964,
            -0.5526693095342665,
            0.2763540464289797,
            0.22274617672322816,
            0.20240848714790133,
            0.042776760047280656,
            1.3025330696460535,
            0.06712027713322641
        ],
        [
            -0.0035458643031355064,
            -0.022348515506763103,
            0.0007510451839972615,
            -0.007588894659959196,
            -0.003890526484402062,
            -0.035708815548735354,
            -0.04749072733389552,
            2.54751244022724e-05,
            -0.05163934683276295,
            -0.046972890632937414,
            -0.018725670797674843,
            -0.060167365646202675,
            -0.06589403447910919,
            0.29505346081844264,
            0.1736514104823898,
            -0.07779146396358551,
            -0.06856740366579121,
            -0.015258879725220078,
            0.06712027713322641,
            1.4754715788977322
        ]
    ]
}